0.8178078,0.76391166,0.78135985,0.8222415,0.8026538,0.80123186,0.79581785,0.7760992,0.7614177,0.7780463,0.77832645,0.84754664,0.8280976,0.7959116,0.805341,0.79918694,0.7561312,0.7913563,0.8004793,0.835933,0.77661276,0.7675833,0.7678489,0.7903869,0.7748853,0.8053163,0.78495646,0.8026745,0.7779044,0.8058755,0.7688609,0.7976701,0.7948644,0.8004566,0.76407975,0.78204674,0.78125113,0.785319,0.81653696,0.7957703,0.79197323,0.8170837,0.81621325,0.7684213,0.823354,0.77517515,0.8120268,0.8041164,0.82298255,0.7710749,0.7867878,0.78808606,0.754386,0.7650385,0.8156713,0.7891736,0.76196754,0.7516636,0.8322784,0.7949841,0.7839905,0.7816908,0.74316764,0.8503919,0.8171685,0.8377579,0.79501355,0.78616184,0.7544818,0.8070249,0.8344028,0.76558286,0.7833071,0.77916133,0.83040535,0.7516884,0.7924508,0.78090984,0.7762412,0.81038874,0.8263651,0.78436774,0.7743395,0.7840357,0.81757474,0.7739328,0.7814031,0.8147794,0.7414528,0.76805305,0.7616131,0.7906253,0.78278154,0.8053962,0.8255584,0.7722095,0.77491134,0.7699339,0.76397514,0.7690435,0.81241125,0.78030753,0.7555325,0.80047476,0.8260058,0.8086547,0.78363323,0.7368183,0.7692045,0.81197476,0.79938805,0.75919896,0.7082258,0.8121546,0.8166237,0.7816671,0.82815105,0.7691493,0.84266233,0.81199026,0.8273366,0.78368413,0.76445216,0.7840953,0.8020437,0.7577633,0.80949485,0.7737152,0.7920774,0.8044134,0.817535,0.8314575,0.8002549,0.824507,0.8110345,0.77918607,0.7695639,0.80295163,0.7651875,0.76460207,0.7714894,0.77048177,0.78821635,0.8167613,0.7912504,0.795002,0.77462137,0.7552913,0.78536963,0.72559154,0.7902556,0.8015928,0.8114064,0.7551773,0.8003272,0.8091533,0.7967837,0.8064188,0.808696,0.75096714,0.7589109,0.8011384,0.7871757,0.8283699,0.783486,0.77628887,0.80391854,0.7691633,0.788643,0.7933706,0.81127673,0.74212986,0.7916292,0.82224154,0.77735716,0.7415858,0.7726955,0.7670635,0.7532853,0.78139114,0.7932431,0.79021674,0.7867869,0.82494056,0.7727206,0.8128348,0.7996469,0.7707695,0.74020565,0.7569984,0.7885301,0.77752906,0.78986245,0.7652807,0.8065627,0.80763614,0.7577066,0.79085076,0.7880836,0.8563672,0.76589066,0.77816486,0.7667277,0.79139686,0.80685365,0.79848033,0.8041965,0.7803822,0.80386263,0.8467579,0.7805998,0.79502845,0.77333117,0.7735693,0.76264083,0.8242625,0.75942737,0.7739116,0.7833756,0.778981,0.79679275,0.7941713,0.77105504,0.7776406,0.80222577,0.75951034,0.81969213,0.78882575,0.8309377,0.7755793,0.8013431,0.7873611,0.8132777,0.7995145,0.7960853,0.7987809,0.78836566,0.81340075,0.7934344,0.7546607,0.8519533,0.7512667,0.7707227,0.8662223,0.77686566,0.7685676,0.7853231,0.81896394,0.79649085,0.7879712,0.8196272,0.74955285,0.7307634,0.8166298,0.8009819,0.8394574,0.78593934,0.78711414,0.84786296,0.76828694,0.80532515,0.8304701,0.8018248,0.7728532,0.8039742,0.79706013,0.79576135,0.7632704,0.8163717,0.78814805,0.8067033,0.7806316,0.77198005,0.7749864,0.8206638,0.760384,0.7941178,0.7969771,0.79908454,0.8009559,0.8004814,0.8341365,0.7881187,0.77065206,0.81279737,0.75020665,0.8242103,0.7639872,0.80477494,0.7751164,0.7981072,0.79933167,0.7680333,0.7912651,0.7875953,0.7879595,0.81276965,0.7998785,0.7454009,0.7894798,0.7796265,0.7966677,0.7555282,0.74720234,0.8105668,0.7857111,0.795568,0.7685002,0.80426407,0.74308056,0.79732907,0.7861672,0.78757906,0.8012624,0.77113146,0.81940854,0.78046787,0.8021007,0.8040151,0.78752965,0.7893937,0.81838065,0.79767203,0.7763111,0.77741367,0.7894413,0.80821526,0.80229354,0.7475706,0.80633533,0.7967303,0.78526866,0.7683346,0.8349855,0.76813626,0.7593126,0.8068321,0.7906548,0.7912215,0.79329336,0.83617485,0.82839626,0.80068,0.75210667,0.77671784,0.785433,0.7835725,0.8077483,0.774937,0.80986625,0.77634907,0.8226471,0.82964414,0.76645815,0.7856045,0.8233112,0.83143866,0.77522194,0.798959,0.8537127,0.81260145,0.80170316,0.7846684,0.79493064,0.7455917,0.7892282,0.7551597,0.79725456,0.7639202,0.81147885,0.8229142,0.7659591,0.8544502,0.83616775,0.7651561,0.8112697,0.83718264,0.7820418,0.78171736,0.81165475,0.75575054,0.7918728,0.7708746,0.7778772,0.7603038,0.7935871,0.8002058,0.8014557,0.7274174,0.7704622,0.7774297,0.8089692,0.75439864,0.7972069,0.8067193,0.7638976,0.7746109,0.80072165,0.78414536,0.7922516,0.77822447,0.8020262,0.79126126,0.7653697,0.7501384,0.83741194,0.82281125,0.7560668,0.7684709,0.80029607,0.76913965,0.7227434,0.7824758,0.8043439,0.81455183,0.8482039,0.80307806,0.82001007,0.78745866,0.7820014,0.74311143,0.7722346,0.80035883,0.80059445,0.7789444,0.7959937,0.78966206,0.76755667,0.7327161,0.775937,0.7888485,0.770002,0.8124049,0.7352611,0.8093993,0.79863685,0.81938416,0.75064486,0.78058153,0.7273272,0.8247285,0.8031856,0.8514905,0.7742537,0.78378695,0.78726923,0.78353816,0.77488136,0.785773,0.7918448,0.8222145,0.80330324,0.7944825,0.77861273,0.7679021,0.7760155,0.7550672,0.80389285,0.83481586,0.7613891,0.80862397,0.8253499,0.78052455,0.74101055,0.80516076,0.7817892,0.7943935,0.7989684,0.799022,0.80117273,0.81462973,0.7933217,0.7658897,0.81913245,0.7758068,0.78913236,0.81762934,0.7976043,0.82305837,0.7893603,0.8054999,0.80641747,0.768433,0.79337233,0.83426505,0.76997834,0.8230912,0.7959587,0.7734989,0.7954579,0.782855,0.7976159,0.8039332,0.80895305,0.7653306,0.7965748,0.77603155,0.79308504,0.7923464,0.7908783,0.8277059,0.7612858,0.8049795,0.8677165,0.8096058,0.77774835,0.79374886,0.7689664,0.8439083,0.76514536,0.7858095,0.8104146,0.7972223,0.79887104,0.7909681,0.83012015,0.74682146,0.8100884,0.83811724,0.8069604,0.7869896,0.81794184,0.7644235,0.80279034,0.7749329,0.75878453,0.78234726,0.82523656,0.82598716,0.7859759,0.75138026,0.80198866,0.76954603,0.7750751,0.79837143,0.74707234,0.8226059,0.8050823,0.7624069,0.79070497,0.8176495,0.7784081,0.7770552,0.82466626,0.8069844,0.77946,0.8157613,0.79108554,0.8132436,0.7847306,0.8300678,0.8000374,0.78357303,0.7687528,0.7745006,0.76014274,0.81825167,0.76565206,0.7606948,0.75489885,0.8245518,0.78585553,0.77611476,0.77286553,0.7827775,0.8337884,0.82389635,0.78050303,0.8122461,0.8054388,0.8252183,0.79791296,0.80682415,0.793695,0.7605162,0.83661,0.7991441,0.8107976,0.768917,0.78895867,0.7925724,0.77740073,0.80308115,0.77928305,0.80185705,0.8091901,0.796039,0.77939576,0.7748491,0.8396076,0.80099,0.8116609,0.78801644,0.801638,0.7818472,0.78921324,0.78687066,0.76953346,0.76537085,0.7941819,0.7571337,0.7782026,0.80155087,0.7478119,0.79584396,0.7542886,0.79692125,0.8126264,0.7725618,0.791219,0.7627532,0.77641773,0.78156054,0.7500204,0.83148444,0.8221346,0.78943425,0.7351864,0.7968697,0.7701565,0.83884037,0.79562867,0.7747953,0.8223637,0.7501629,0.78073066,0.780389,0.7887781,0.75128686,0.79753613,0.78954506,0.78883487,0.76084816,0.7454445,0.8262323,0.77435833,0.80543685,0.7502729,0.79128593,0.79257506,0.8162789,0.82775897,0.80268776,0.7919855,0.7542516,0.7431945,0.786618,0.8107212,0.8006814,0.7707268,0.7756022,0.78522044,0.8016063,0.8247404,0.79084617,0.8067583,0.7691481,0.78941655,0.78367597,0.8105648,0.78376293,0.7775814,0.7670235,0.7713794,0.763279,0.82539326,0.81143796,0.79292965,0.7805468,0.80592763,0.7829529,0.790657,0.8604031,0.7866182,0.79515374,0.7654032,0.766551,0.77601117,0.7499168,0.76263964,0.8294467,0.7757022,0.8459235,0.8040527,0.7835033,0.7512313,0.7709013,0.8135121,0.8037318,0.82371694,0.7183648,0.79525125,0.8142497,0.7652241,0.81393063,0.7718878,0.7767338,0.77552724,0.8424126,0.79174346,0.8148261,0.7674048,0.77821136,0.7918177,0.82559085,0.7866027,0.78478223,0.7943195,0.81730443,0.8098814,0.7744049,0.82001156,0.76519185,0.78485715,0.8056583,0.76415205,0.7864958,0.74533296,0.7701667,0.7504382,0.7689387,0.79351467,0.738724,0.8043386,0.8273204,0.7997378,0.8060515,0.73759675,0.79432714,0.77980673,0.79736334,0.80278003,0.8475107,0.8291585,0.7957067,0.7849408,0.79000723,0.8003184,0.8287021,0.8545612,0.7699593,0.7923163,0.76571333,0.8320769,0.7812851,0.7708999,0.7824959,0.8060972,0.7399051,0.7708955,0.82447934,0.81987596,0.7948797,0.7964296,0.77715415,0.77181983,0.7646555,0.81022453,0.755929,0.75031537,0.795272,0.76805305,0.78256416,0.8156885,0.77636975,0.792879,0.7800171,0.7573435,0.79275477,0.77691233,0.75810766,0.8113674,0.7768793,0.79227865,0.7982154,0.7576858,0.7964553,0.8131561,0.8031508,0.7859792,0.7826309,0.7782948,0.8365656,0.778185,0.7708633,0.83179766,0.7495941,0.7443174,0.80534023,0.79024273,0.78932905,0.7971975,0.7829946,0.7952318,0.75330913,0.775544,0.7906327,0.79991436,0.79603493,0.78304034,0.81417084,0.8428384,0.74482614,0.79780495,0.7992389,0.83544886,0.7740789,0.79339945,0.75496054,0.7991334,0.81093264,0.84398496,0.79082024,0.78253835,0.7653454,0.76019955,0.78265035,0.82316613,0.8420488,0.7984939,0.73097223,0.79439026,0.7913667,0.8278158,0.7480586,0.7810416,0.79278225,0.83453274,0.81135285,0.75502527,0.76551056,0.8089431,0.79927886,0.7698662,0.81956536,0.77576244,0.80727506,0.7875567,0.80149686,0.78965753,0.8458684,0.7643795,0.7951866,0.7957028,0.805082,0.8154993,0.7513134,0.8367275,0.7975443,0.78520685,0.7935979,0.79828125,0.7502141,0.76273084,0.79712296,0.7682271,0.79948956,0.8269044,0.7772424,0.76038,0.8154747,0.7886491,0.81081015,0.7493615,0.7766274,0.8117548,0.8064079,0.8044158,0.79749835,0.799349,0.76851493,0.7739966,0.80646944,0.79943144,0.76929605,0.7624586,0.82770205,0.7856724,0.8180981,0.7883028,0.8065976,0.77654016,0.77026063,0.743276,0.8096906,0.79279864,0.74875414,0.771139,0.74636906,0.81940675,0.796208,0.8040061,0.8387932,0.82090855,0.7798993,0.82487625,0.75725406,0.7706015,0.767611,0.78674275,0.80068165,0.82441336,0.79540277,0.7595842,0.8108984,0.78954256,0.76761895,0.80337375,0.7566447,0.8219983,0.84616125,0.8097416,0.77057415,0.7749873,0.7627789,0.8114968,0.83685476,0.8129595,0.77239275,0.80999297,0.79370594,0.8105914,0.8059019,0.81642914,0.8172612,0.7869903,0.82619673,0.7783135,0.77796185,0.79718655,0.745996,0.7290929,0.7689031,0.745404,0.80045116,0.83789545,0.7906284,0.79957265,0.82041764,0.76518786,0.79021406,0.7763521,0.8342624,0.8370719,0.76375926,0.79300094,0.8260046,0.78712416,0.7664494,0.77569914,0.7956539,0.77210903,0.7960878,0.78204125,0.76757157,0.7991392,0.79443175,0.8058461,0.7918243,0.7945387,0.82544357,0.75884295,0.8154468,0.77177024,0.7343983,0.8137537,0.79000837,0.7624882,0.79323804,0.74279726,0.7810467,0.8089599,0.749518,0.8161742,0.77400005,0.7799034,0.7829847,0.82513416,0.80714786,0.80899763,0.8117413,0.8273996,0.7811145,0.7746094,0.77916026,0.8013239,0.7814847,0.7847382,0.77383256,0.7881413,0.8081183,0.79249597,0.7787037,0.7863724,0.85058767,0.791949,0.7850551,0.7867452,0.7559836,0.7903076
0.97640485,0.97140783,0.94642705,0.9401306,1.002783,0.9755854,1.0077051,0.9506694,0.9832231,0.9783778,0.95677626,0.9945102,0.9871244,0.9958548,1.0260531,0.9437485,0.9750576,0.96994436,0.9828081,0.99344647,0.9869411,0.9614204,0.99374944,1.019803,0.96361476,0.9762645,0.9792879,0.9344344,0.94419944,0.9499396,0.94075364,0.92708635,0.94927096,0.9735122,0.9536586,0.977484,0.96501213,0.97061807,1.0087116,0.96902263,0.97110325,0.9920965,0.9533081,0.99945784,0.9682776,0.9509167,0.9769212,0.9766769,0.9627652,0.9462289,0.9570188,0.9410212,0.9330323,0.987642,0.9825559,0.9833177,0.9548448,1.0009332,0.95904446,1.0017108,0.9645032,0.9686419,0.9570486,0.9735454,1.0064361,0.99258095,0.99505824,0.9352061,0.96235895,0.9676356,0.94864774,0.9686905,0.9845946,0.94642144,0.98405606,0.9619769,0.96317023,0.9460588,0.9902584,0.96905124,0.95913774,0.99626565,0.93038684,0.98041296,1.0020187,0.96318823,0.9359821,0.9164734,0.8929459,0.9969533,0.9728001,0.9552271,0.9707384,0.9269868,0.9848815,0.93549377,0.93141305,0.9327615,0.97721815,0.92922014,1.0013222,0.966925,0.9241447,1.0272939,0.97602457,1.0042149,0.974188,0.969656,0.98802793,1.0005485,1.007196,0.9797871,0.95439166,1.0074097,0.9771563,0.95258516,0.9954797,0.9386586,0.9875022,0.9710251,0.966703,0.9449508,0.9555001,0.99663603,0.978524,0.9651258,0.9846458,0.94355845,0.9691906,0.9995828,1.036541,0.9733482,0.9404916,0.97490835,0.9861518,0.95340306,0.96815836,0.95819986,0.9829159,0.9925497,0.94795746,1.0011516,0.9631149,0.9497932,0.9556537,0.9513525,0.9542386,0.9918084,0.96175283,0.97550666,0.9783935,0.9690846,1.0233632,0.94481313,1.0122138,0.9405887,1.0067222,0.95684135,1.0002047,0.9518911,0.9538828,1.0210565,0.9739466,1.0280702,0.97760564,0.95732725,0.9628607,0.99237233,1.0047613,0.95144695,1.0180249,0.99299693,0.99375856,0.99394673,0.98448753,0.9425012,0.96190876,0.9561691,0.99173206,0.97880024,0.9615099,0.9857427,0.9613325,0.96608794,0.94664013,0.9828145,0.9474264,0.97728777,0.97782266,0.959759,1.0264938,0.95255905,0.9456143,0.95685965,0.9837517,0.9530778,0.9534366,0.9772502,0.9784826,1.0198972,0.95620733,0.95528847,0.9465632,0.9588545,0.9564713,0.93264645,1.0032126,0.9592564,0.95683897,0.9692978,0.9606219,0.95364285,1.0289556,0.96158016,0.9662467,1.0321678,0.9920901,0.9304464,1.0025609,0.9910027,1.0088549,0.9854159,0.9855294,0.9849435,0.96372056,0.93935466,0.9586687,0.966463,1.0078231,0.9879685,0.9301411,1.0225253,0.97063535,0.9464078,0.96797657,0.9679736,0.9645346,0.9877531,0.9978002,1.0005684,0.957394,0.95274436,0.936498,1.00606,0.95277727,0.95253086,0.95402884,1.0027239,0.9815731,1.0161783,1.0242879,0.9648665,0.9787612,1.0030233,0.98420423,0.99698573,0.9309526,0.9729166,0.9770488,0.95803046,0.9537289,0.9755666,0.989851,0.92550814,0.9861151,0.9900423,1.0118878,0.93785167,1.0014219,0.9103655,1.0142319,0.92696416,0.9597612,0.97093654,0.9801537,0.9603221,0.99861723,0.95099497,0.9909352,0.98789585,0.9969506,0.97229534,0.9449661,0.9818202,0.97367597,0.9947637,0.99461263,0.95452553,0.99844015,0.98801386,0.9598891,0.99182785,0.9718835,1.0194834,0.95161927,0.992149,0.96407926,0.9422657,0.9289835,0.96540093,0.9864303,0.9738429,0.9396027,0.9642206,1.0103481,0.963937,0.96017903,0.9744695,0.9700693,0.9380546,0.9471386,0.9738152,0.9626254,0.9462613,0.9635895,0.9883248,0.99223584,0.9724619,0.9685974,1.027493,0.9479147,0.9759416,0.9714107,0.9762684,0.95680076,0.9709074,0.99005735,0.9520422,0.9281912,0.9682638,1.032999,0.96806145,0.92202866,0.95733076,0.9396329,0.93215936,0.995143,0.99642736,0.9657596,0.9580012,0.97570044,0.96639466,0.9888722,0.9944247,0.9699607,0.93119544,0.95735574,0.98133945,0.9720989,0.98255825,0.99803555,0.96752656,0.9886225,0.9556267,0.9609324,0.9198333,0.9959313,0.9718855,0.9909979,0.98684406,0.9779691,0.97335035,0.97562665,1.0277939,0.9689362,0.9971258,0.9279877,0.94569135,0.960981,0.9706407,0.9303405,0.9540016,0.98027724,1.000672,0.9722164,0.974339,0.9957508,0.98525035,0.9410361,0.9983431,0.9489932,0.9440951,0.9929155,0.9246905,0.95856506,0.99036044,0.95465404,0.9638939,0.9680973,0.9485376,0.9765358,0.941457,0.94689214,0.9533356,0.9851571,0.96513903,0.95219225,1.0393202,0.9665768,1.0005113,0.93487424,0.9719554,0.99807173,0.97416514,0.95306635,0.9749516,0.9560879,0.96177715,0.9757528,0.9983423,0.9781803,0.9809609,0.96363235,0.9979451,1.0218409,0.9764999,0.97129226,0.9629194,0.9660371,0.96262854,0.93511504,0.9621447,0.9520438,0.96717703,0.9377947,0.9849646,0.9573325,0.9776916,0.92996264,0.9658822,0.9728843,1.0084784,0.98367107,0.9939804,0.9808854,1.0123343,0.95257926,0.97990346,0.9666474,0.9473895,0.9568823,0.94729155,1.0063919,0.96517926,0.9768387,0.9664665,0.97053546,0.9237577,0.9579186,0.9703456,0.9565511,0.98210293,0.9608654,0.9671602,0.9683778,0.9717725,0.9751631,0.95293754,0.95628643,0.9432114,0.96815443,0.96438694,0.9562136,0.9795,0.9373544,1.0286158,0.96327806,0.9324197,0.95650715,0.96432406,0.9766338,0.9361226,0.94515836,0.9663079,0.96857333,0.9755309,0.97576356,0.97810584,0.9957387,0.9531357,0.93319434,1.0048043,0.9369568,0.9439382,0.96730554,1.0043396,0.943016,0.97307295,0.9551889,0.9940156,0.96992403,0.9910675,0.98961943,0.9880339,0.949453,1.0060138,0.9129786,0.9665683,0.990725,0.94900835,0.9773763,0.95657086,0.975783,1.0110874,1.005415,0.9359812,0.9817113,0.93141305,0.98033005,0.98988247,0.92939854,0.9410045,0.9644065,0.9473666,0.92229015,0.95358187,0.9572683,0.96333325,0.9848988,0.96764797,0.96234244,0.9685687,0.981588,0.9509376,1.0204918,0.97780037,0.96435505,1.0160933,0.9435497,0.9728518,0.95499045,0.9532125,0.9778058,1.0169542,0.95016307,0.9460567,0.9596924,0.997605,0.9452043,0.9936317,0.95293814,0.93353933,0.9622815,0.9844084,0.94307834,0.9837137,1.000169,0.97100043,0.99567926,0.93970746,0.9910331,0.9706479,0.9639715,0.98843294,0.95781547,0.947206,0.9426826,0.987505,0.97491485,0.94815505,0.98326385,0.9643085,0.97463244,0.99277645,0.95333374,0.957015,1.0091716,0.95506847,0.95197046,0.9613297,1.0042689,0.99721026,0.96523196,0.99243355,0.9710734,0.97997266,0.9944859,0.9687127,0.9792152,0.9736311,0.9824053,0.98859006,0.94694626,0.9951721,0.9597448,1.0001204,0.95339197,0.96175474,0.95028466,0.9585329,0.9782952,0.9984378,0.97146344,0.9537796,0.9823605,0.9560303,1.0145855,0.97251177,0.9624434,0.9484272,0.96968496,0.96254843,0.98256594,0.9626648,0.96075654,0.9727943,0.9865652,0.95397526,0.97813004,0.9907335,0.9371945,0.96927524,0.95644253,0.94691646,0.95035774,1.015501,0.9791481,0.94132566,0.9504548,0.96747106,1.0012461,0.9577099,0.9399792,1.0015714,0.93641794,0.9392209,0.93800354,0.9728688,0.97549313,0.9728155,1.0083653,0.9624676,0.9081299,0.9340627,1.0078456,1.0016036,0.97707856,0.95950824,0.9944059,0.9797565,0.968179,0.95091754,0.9928811,0.9455757,0.9919793,0.9975905,0.98132575,0.95856094,0.9769327,0.9645401,0.9602444,0.9319267,1.0132004,0.9617119,0.9559772,0.9673943,0.9968028,0.9613643,0.9822025,1.0213966,0.97277325,0.9901798,0.9840984,0.9437138,0.9929842,0.97608274,0.95681983,0.9836065,0.9394561,0.98264426,0.9505898,0.9843459,0.98275566,0.98702586,0.9571637,0.9687643,0.9560481,0.944688,0.9620909,0.9525248,0.9894679,0.9474747,0.9606318,0.9804988,0.9847187,0.9425748,0.9839037,0.9440198,0.97131383,0.94179404,0.93972117,1.0232261,0.97237223,0.9018208,0.99950725,1.0312189,0.9460625,0.9722743,0.9947422,0.987218,0.9741282,0.9368871,0.97815704,0.9741678,0.9979869,0.9768306,0.92430705,0.9856247,0.98339653,0.95426124,0.98578036,0.99997306,0.9687523,0.936115,0.99938226,0.94525874,0.9405415,0.91871864,0.998214,0.9487295,0.9675658,0.9479349,0.96597844,0.9456279,1.0222847,0.99129677,0.99868953,0.92998993,0.9836726,0.9691347,0.97941756,0.9719776,0.99258536,0.97933185,0.9898373,0.9540181,1.0021808,0.9483797,0.9948707,0.9723427,0.9257072,0.9577792,0.9387432,0.98245925,0.9588872,0.9559902,0.94180834,0.94587934,0.95251334,1.0020342,0.9907183,0.98306304,0.960955,0.9719478,0.96230245,0.95375526,1.0098263,0.99139154,0.921194,0.95871985,0.9957366,0.963139,0.97010845,0.9601127,0.9719528,1.0007124,0.9708877,0.94977456,0.9978139,1.0118753,0.9659822,0.9755441,0.9800296,0.97605115,1.0028801,0.9437732,0.93861735,0.98566854,0.98490345,0.9265318,0.95438355,0.94627863,0.9909582,1.0030065,0.98001534,1.0249784,0.9679326,0.95139223,0.9671508,0.9549645,0.96616745,0.9632289,0.9068683,0.97505784,0.9923975,0.93766314,0.9404717,0.9731002,0.9266826,0.91784537,0.9388662,1.019311,0.97494775,0.9903961,0.99179536,0.99326915,0.9167219,0.97862333,0.9079736,0.98416436,1.0075284,0.97840875,0.9824815,1.0104731,0.9613261,0.97884405,0.93915445,0.9570664,0.98801976,0.9739983,0.9365576,0.9379011,0.9725719,0.95081866,0.9981495,0.97691894,0.95062506,0.9789912,0.95085365,0.9328775,0.94995695,0.98597497,0.9722336,0.9585636,0.9772947,0.9646108,1.0004336,0.93462145,0.98048186,0.979478,0.9916899,0.9603112,0.9730104,0.9589055,0.99288106,0.9785779,0.956819,0.97161,0.9845543,0.9832973,0.9603128,0.92429054,0.9546018,0.9914142,0.9740695,0.95549893,0.9993294,0.959192,0.947598,0.9599246,0.9815205,0.96769994,1.0005007,0.9551687,1.0074348,0.9587699,1.0219897,0.98916334,0.93014866,0.9444471,0.9663834,0.95915544,0.9458232,0.98836285,0.9605466,0.98874974,0.96581906,0.97309387,0.9804274,0.98046213,0.94949144,0.98188573,0.9954535,0.9639909,0.99928355,0.9878781,0.94516975,0.93007267,0.99756444,0.9500202,0.9381254,0.9907956,0.9940108,0.9573549,1.0119812,0.99693805,0.9550658,0.97424877,0.95855296,0.96077627,0.9553449,0.92979974,0.93173254,0.96499527,0.9730681,0.9839336,0.94830114,0.9611119,0.97336286,0.999669,0.99530697,0.97530574,0.95625967,1.0166909,0.9586027,1.0245415,0.9806668,0.9613078,0.98316634,1.0018636,0.9281147,1.0233567,0.97290087,0.9814267,0.9961766,0.96076167,1.0104401,0.93002105,0.9347863,0.9159611,0.937974,0.93916416,0.90854514,0.9944369,0.94611096,1.0022231,0.9479645,0.93271,1.0074601,0.9206096,0.96152425,0.9632335,0.9926427,1.0134218,0.98535264,0.96489775,0.979961,0.94263345,0.93864805,0.9734863,0.98063964,0.996254,1.0237626,0.9915136,0.9713508,0.9784515,1.0198741,0.9449829,0.94453096,0.96191686,0.9995779,0.958494,0.9811386,0.94730365,0.9363644,0.9851987,0.95345867,0.930959,0.9495895,0.9667476,0.95379853,0.9805476,0.94960284,0.9320764,0.99832296,1.0055778,0.97239286,1.0179628,0.99293566,0.9331208,0.9525076,0.98583615,0.9744467,0.9587606,0.9827084,0.979876,0.94531065,0.94915867,0.99204624,0.9771153,0.9701236,0.98572206,0.95575017,0.94383925,1.0146465,1.0077661,0.9605377,0.98668784,0.9817704,0.9836136
1.0025979,0.9671858,0.9960596,1.0113556,1.0365322,1.0399585,1.020835,0.99803495,1.0225215,1.0340921,0.9810068,1.0264099,1.0175632,1.0486727,1.0424458,1.0430369,1.0404608,1.0268077,1.0280868,1.0772326,0.98511934,1.0041347,0.9920449,1.0547166,0.99766093,1.0470392,1.0035554,1.05128,1.0307647,1.0239016,1.0045214,0.99646354,1.0561441,1.033664,1.0359749,1.0398071,1.0281134,1.0132184,1.0581168,0.98309547,1.0193989,1.0302385,1.0070426,0.9979294,1.0544305,1.0081124,1.0206234,1.0322967,0.9963348,1.0410923,1.0278428,1.0339655,1.0293617,1.0496594,1.03113,1.0326325,0.9915462,1.0132766,1.0544288,1.0349334,0.9833574,1.0310835,1.0008918,1.03985,1.032178,1.0392947,1.0579804,0.9831452,1.0135927,1.0268561,1.0296305,1.0267364,1.0434272,1.0330609,1.0294623,1.0579141,1.0375917,1.0701048,0.9855614,1.0823181,1.0549636,0.9913975,1.0061255,1.0201232,1.0521649,1.0218084,1.0146884,1.0069904,0.9945932,1.0025865,1.0199598,1.0117583,1.0425526,1.0071722,1.0274862,1.0305912,0.9688784,1.0469385,0.9636697,1.0073246,1.0535324,1.0162807,1.0059764,1.0194644,1.0541986,1.0085756,1.0288697,1.0376772,0.9975696,1.015486,1.0307658,1.006223,0.9908883,1.0320362,1.0501617,1.0032405,1.0219003,1.0137596,1.0709952,1.0323032,1.0380644,0.9799089,1.0308012,1.0548677,1.0711108,1.0017487,1.0577588,1.0319897,1.0327096,1.0655912,1.0864292,1.037616,1.017056,1.0491163,1.0609394,0.983469,0.9770334,0.9944079,1.0436361,1.0087223,1.0103381,1.0242606,1.0281887,0.98882437,0.9975217,0.9999188,1.0054265,1.0084785,1.0325499,1.0278906,1.028339,1.0244292,1.0648508,1.0039101,1.0512985,1.0448861,1.0376499,1.0001801,1.0734434,1.0063193,0.99802136,1.029195,1.0269563,1.0436814,1.0176697,1.0137264,1.0421695,1.0383465,1.0191357,0.99900025,1.0623878,1.0048132,1.0097564,1.0301582,1.0278089,1.0250595,1.0347643,1.0033871,1.0387279,1.0368086,1.0596637,0.9938663,1.0049069,1.0698885,0.99498147,0.9959986,1.0289341,1.0015719,1.0073612,1.0128149,1.0254925,1.013636,1.0250963,1.0084298,1.0219114,1.0211482,1.0379893,1.0237428,1.0268488,1.088408,1.0124948,1.0209477,0.9793829,1.0057468,1.0272657,1.0131702,1.016588,1.0104077,1.0198475,1.000572,1.0716219,0.99851227,1.032459,1.0281357,1.0175726,1.0467143,1.0300524,1.0395454,0.9937569,1.0180197,1.041922,1.0214268,1.0329553,1.0534133,1.0381776,0.99156606,1.0324744,1.0294702,1.0551288,1.046765,1.0289309,1.0308656,1.0203581,0.99750507,1.0516572,1.0286069,1.0471411,1.0504218,1.0378268,1.0324417,1.0259827,0.9943232,1.0133514,1.0354725,1.017068,1.0101974,1.0442376,1.0463324,1.0322684,1.0335735,1.0347533,0.98140764,1.0154239,1.0837295,1.0345637,1.0336877,1.0309634,1.0152293,1.0712054,1.025183,0.99023396,1.0676558,1.0352521,0.9797076,1.0394666,1.0465212,1.019686,1.0384659,1.0483674,1.0034419,1.0115483,1.0289694,1.011255,1.0143805,1.0409769,1.07295,1.0163516,0.97928154,1.0262438,0.9631349,1.0305554,1.0399743,1.004976,1.0295,0.9994342,1.0440271,1.0442758,1.0173584,1.0919423,1.0411505,1.0354804,1.0453405,1.0098903,1.0414438,0.9991665,1.0196741,1.047642,1.0165861,0.97023094,1.0444393,1.0160449,1.0386288,1.0591254,1.0115975,1.0470995,1.0069041,1.0024211,1.0349828,1.0372751,1.0073508,1.0003233,1.0038158,0.9886498,1.01937,0.9802903,1.0502825,1.0092963,1.0370556,1.0328163,1.0679758,1.0394022,1.004697,1.0385169,1.0039189,0.9990046,1.0085363,1.0437388,1.0272062,1.0205482,1.0606368,1.0626051,1.0323305,0.971632,1.0366105,1.006949,0.9878926,1.0753996,1.0676123,1.0411683,1.0313703,1.0406392,1.0613462,1.0315721,1.0255797,1.0311002,1.0217243,1.0098972,1.0588071,1.0420768,1.0266813,1.0401628,1.048336,1.0191398,1.009173,0.999439,0.98630595,1.045698,1.0407038,1.0178739,1.0834751,1.0259329,1.0365535,0.9923179,1.0200518,0.9975262,0.98983073,1.0231845,1.0286405,1.0502188,1.0438924,1.0265179,1.0465215,1.0552032,1.0389549,1.0143291,1.0401195,1.0349836,1.027391,1.064747,1.047739,0.98655903,1.022568,1.032282,1.0054879,1.0036463,1.0141909,1.0196633,0.9942894,1.0240973,1.048945,1.017153,1.0378058,1.0248041,0.99443877,1.025596,1.0157945,0.98877484,1.0577916,1.0068696,1.0317391,1.0171591,0.99559104,1.0640719,0.9960998,1.0180238,1.0062542,1.0355271,1.0660843,1.0330043,1.0427611,1.0241091,1.0264566,1.0254198,1.029588,1.0300052,1.0103816,1.0342798,0.990749,1.0497422,1.0303568,0.99802816,1.0142854,1.0343254,1.0449004,1.0263585,1.0196631,1.0174683,1.0356994,1.0387025,1.025011,1.0297272,1.009808,1.0736501,1.0121427,1.0019695,1.0434154,0.98108166,0.99483037,0.9810351,1.0191985,1.0044609,1.0389334,1.0523167,1.0121397,1.0126894,0.9981112,1.0313392,0.9983063,0.99603426,1.0146171,1.0250707,1.0035151,1.0159572,1.0213425,1.0274718,1.0236742,1.0056237,1.0213958,1.0044031,0.9899853,1.0194911,1.0513306,1.022149,1.0377314,0.99390936,1.0630393,1.0399292,1.0218542,1.0006202,1.0490133,1.04524,1.0075592,0.98248255,1.0350425,1.014085,1.0434605,1.0283666,1.0517917,1.032543,1.0307295,1.0212157,1.0292196,0.9948044,1.0538762,1.0127108,1.0549679,1.0452607,1.0412678,0.98907,1.0598838,1.042212,1.015712,1.0795579,1.022121,1.0140885,1.0513026,1.004642,1.0505927,1.0501564,0.98543894,1.0437977,1.0017197,1.0314054,1.0783839,1.0193666,1.0100662,1.0122303,0.9963209,1.0362183,1.025988,1.0038987,1.0648445,1.0485067,1.0358102,1.0342643,1.0337851,0.99530303,1.0224036,1.020801,1.0602654,1.0371038,1.0384281,0.9824787,1.0192181,1.0329792,1.0035031,1.0310805,1.0400828,1.0143905,1.0216339,0.9972914,1.019271,1.0064908,1.0134363,1.0039085,1.0357555,1.0009791,1.031344,1.000546,1.017586,1.000515,1.0066688,1.0161607,1.0198593,1.0225372,1.0158013,1.0635378,1.0121951,1.0368403,1.0016463,1.0396979,1.0439894,1.0290871,1.0397913,1.0193951,1.0296415,1.0085319,1.0150273,1.006108,1.0343957,1.0547494,1.0474902,1.03645,1.0317684,0.9995915,1.0454756,1.0508665,1.0131453,1.0109694,1.0115016,1.0350387,1.0312412,1.0625926,1.0429127,1.0226412,1.0747131,1.0227463,1.0261049,1.0340657,1.0089808,1.0372101,1.0239791,1.0372995,0.99394643,0.9973944,1.0244248,1.0253165,0.99592,1.0171193,0.9996193,1.0082428,1.0382811,1.0336895,1.0434891,1.045314,1.0147623,1.0250968,1.0604305,1.0060451,1.0336832,1.0332371,1.0017389,1.0487862,0.9934736,1.0467443,1.031787,1.0323437,1.0212007,0.98475206,1.0315225,1.0248721,1.0009706,0.99875754,1.0127023,1.0138123,1.0071503,1.0416116,1.0276878,1.023526,1.0324813,1.0549254,1.043594,1.0103416,1.0891385,1.0279926,1.0475191,1.0303233,1.0005354,1.001303,1.0189737,1.0367465,1.0255319,1.0063889,1.004351,1.0202456,1.0718192,0.9797804,1.0733774,1.0282145,1.0252501,1.0432173,1.0344625,1.0591482,1.0240644,1.0370035,1.0509504,1.0402386,1.0287969,1.041152,1.0198191,1.0314571,0.9903809,1.0669633,1.0339702,1.0135494,1.0427593,1.033778,1.0387063,1.0125561,1.0195658,1.0631758,1.0165194,1.052259,1.0218059,1.0310155,1.0406547,1.0489721,1.0381197,1.0342935,1.0621281,1.0257246,1.0320431,1.0228742,1.0406104,1.0364974,1.0116087,0.9748001,1.0040094,0.95961124,1.0730758,1.0297723,1.0182915,1.039163,0.9929549,1.0226533,1.0054349,1.0163289,1.0192846,0.9984094,1.0307758,0.9902711,1.0352854,1.0125163,1.0163504,1.0666176,1.0171373,1.0211499,1.0145698,1.0671943,1.0258573,1.042639,1.0058062,1.0367063,1.0116934,1.0333587,0.99984044,0.9692786,1.0290848,1.0484117,1.0354362,1.0126929,1.0296111,1.0145538,0.991001,1.0405036,1.0060016,1.0320259,0.968708,1.0496063,1.0137609,1.0097805,1.0216367,1.049651,1.024211,1.0500546,1.0322641,1.0256454,1.0242115,1.0166076,1.0390428,1.0167137,1.0457926,1.0667766,1.0547605,1.0314791,0.9635385,1.0263741,1.0224278,1.035978,1.0707333,1.0095255,1.0175664,1.0549064,1.045314,1.0338783,0.98972285,1.0518379,1.0561854,1.0092919,1.0222025,1.0060833,1.0364072,1.0492797,1.0377392,0.9863051,1.0360392,1.0212662,1.0608237,1.0326973,0.9776393,1.0275351,1.0342453,1.0246136,1.0367236,1.0145113,1.0284202,1.0079007,1.0358706,1.0238835,1.0245003,0.99798685,1.0122844,1.0178214,1.0409201,1.0249352,1.0285748,1.0081123,1.0449964,1.0526899,1.0161362,1.0093418,1.0234051,1.0187354,0.9949641,0.99890125,1.065591,1.0023488,1.0198231,1.002449,1.0123004,1.0272945,1.008859,0.996259,0.9994807,1.0095243,1.0041631,1.0030171,1.0382571,1.0120678,1.0035633,1.0268776,1.1058259,1.005969,1.0593216,1.0248569,1.0680398,0.9996436,1.0227113,1.0058529,1.0475585,1.0446074,1.0105237,0.99590856,0.98238564,0.99399656,1.024654,1.0455446,1.0319662,1.0346154,1.0522317,1.017045,1.011953,1.0551844,1.0203236,1.0411611,1.0166861,1.0233264,1.0406104,0.9658001,1.0043144,1.0290972,1.044101,0.99545074,1.0321646,1.0736033,1.0146241,1.0169781,1.0391408,1.0454434,1.0287895,1.0774267,0.98092604,0.9806374,1.0198914,0.98420227,1.036349,1.0173504,1.0561503,1.0520799,1.0177963,1.0291905,1.0044842,0.9933681,1.0336276,1.0301386,1.0303285,1.0476389,1.0389882,0.9979907,0.9852881,1.0189338,1.0326627,1.0802658,0.99604845,1.064372,1.0252873,1.0453535,1.0456966,0.9948984,1.0280635,1.0353622,1.0045782,1.0452814,1.0341038,0.989127,1.0084375,1.019113,1.0500727,1.021064,0.98196626,1.0507178,1.0183232,1.0418673,0.965824,1.0202299,1.004293,1.0159105,0.9864662,1.0305636,1.0318033,1.0121292,1.0457671,1.0532266,1.0427089,1.0224414,1.0662389,1.0178021,1.0227578,1.021508,1.0271094,1.0060463,1.0300182,1.0632476,1.0058024,1.039434,1.0398813,1.0126482,1.0000083,1.0046715,1.0374311,1.0255159,1.017767,1.0036418,1.0141435,1.0027038,1.028975,1.0228006,1.0028102,1.0255527,1.0535585,1.0217068,1.0491371,1.0053319,1.0151682,1.0394142,1.0326127,1.0486468,0.9769556,1.018467,1.0172205,0.985162,1.0135574,0.9878435,1.0252041,1.0207835,1.0101779,1.025796,1.0001252,1.033167,0.9958959,1.0289726,1.0205408,1.0367732,1.066846,1.0157429,1.0214733,1.0455588,1.0189981,1.0033705,0.9970751,1.0137309,1.0347146,1.0398742,1.0113343,1.0059487,1.0243378,1.0738876,1.0262995,1.0305822,1.0451239,1.0523429,1.0250992,1.0498677,1.0040163,0.9765903,1.0342227,1.0229336,0.98827374,0.9985149,1.0124952,1.0477564,1.0202609,1.0415398,1.0566741,1.0017829,1.0651082,1.0320752,1.0531433,1.0485526,1.0177776,1.0325698,1.0126245,1.0668098,1.0148308,1.0101476,1.0411674,1.0481935,1.0316337,0.9992237,0.9998258,1.019232,1.0444641,1.0613717,1.0259652,1.0290768,1.0579609,1.0115346,1.0366439,1.0398195,1.0393288
1.5002371,1.4691216,1.5037392,1.5035769,1.5263484,1.5276691,1.5145411,1.5045168,1.5036565,1.5160234,1.5266824,1.5122987,1.473138,1.5178989,1.5222647,1.5320208,1.5281398,1.501618,1.5472437,1.4963064,1.4709792,1.485057,1.5001216,1.5210363,1.4645463,1.5121415,1.510226,1.5391738,1.495118,1.5723767,1.5249144,1.510497,1.5378776,1.5251993,1.4799469,1.5347011,1.5595673,1.491563,1.5249653,1.4895154,1.5177735,1.5420616,1.544661,1.4994035,1.509966,1.4896038,1.5470928,1.5275377,1.549855,1.5245692,1.5168176,1.5358664,1.5008537,1.5875924,1.5072174,1.5168662,1.5077423,1.4848305,1.5128924,1.4812114,1.5111381,1.5358039,1.4966866,1.5610135,1.5306896,1.5153291,1.5247599,1.4693084,1.5248679,1.5465295,1.5062492,1.5353087,1.5419012,1.511802,1.5412121,1.5268732,1.5587987,1.4943597,1.5007758,1.5619324,1.4880933,1.5132309,1.5268357,1.5051028,1.5412687,1.532623,1.5193576,1.4973338,1.494374,1.559334,1.5297391,1.4993294,1.5329,1.5075737,1.550275,1.4993001,1.4791545,1.5456786,1.5029322,1.496572,1.5403264,1.4950904,1.4772217,1.5218077,1.5273473,1.5147264,1.5094781,1.4910153,1.4636893,1.5109785,1.5162053,1.5193619,1.509134,1.5317745,1.5456972,1.4885972,1.5649649,1.4934491,1.5311693,1.472753,1.529793,1.4893999,1.5160888,1.5464443,1.5177965,1.5060993,1.5229293,1.5375656,1.499052,1.5020671,1.545738,1.5112282,1.4850969,1.5386932,1.5517093,1.477828,1.4816947,1.5138074,1.503253,1.494773,1.5404512,1.4514999,1.5003768,1.4993889,1.5359293,1.5093801,1.513341,1.5212523,1.5422597,1.5092487,1.5463941,1.539461,1.556363,1.5115807,1.5328987,1.5631235,1.5432974,1.541363,1.5370156,1.4999193,1.4921311,1.4986755,1.5211232,1.5501316,1.5166907,1.5274744,1.5468727,1.5534022,1.5481445,1.5243919,1.564968,1.5042799,1.5043432,1.5188909,1.4985051,1.4763824,1.4899637,1.477123,1.5328805,1.5092711,1.5209923,1.5132495,1.4952956,1.5353472,1.5058,1.5140303,1.5275831,1.4846698,1.5071505,1.4669598,1.5637919,1.5139352,1.5235254,1.4800897,1.5102358,1.5205126,1.5098785,1.5521309,1.4751427,1.5351887,1.5068363,1.5219169,1.4453224,1.4914688,1.5164007,1.5146459,1.5043551,1.4614526,1.508663,1.5076927,1.518262,1.5092112,1.4889691,1.5073824,1.5277221,1.5373662,1.4916537,1.5303671,1.4767776,1.5238237,1.558233,1.5002896,1.5126015,1.4997936,1.574357,1.5371546,1.5375309,1.5262244,1.5044132,1.496587,1.475919,1.5462178,1.5388938,1.4874917,1.5225918,1.4750996,1.502064,1.5238326,1.5268441,1.5052567,1.5061487,1.4925406,1.5045842,1.5640779,1.5174778,1.4840211,1.5233328,1.5160062,1.5361283,1.5294622,1.528816,1.5133617,1.4834505,1.5389676,1.5081567,1.5599542,1.5201117,1.4943334,1.5551058,1.4981728,1.5429714,1.5652755,1.546923,1.4789188,1.5055354,1.5566388,1.5221131,1.5382624,1.520777,1.5168495,1.5750445,1.4763569,1.5084556,1.533567,1.5789814,1.5288732,1.5275201,1.5225664,1.5040791,1.5282038,1.5217973,1.4852031,1.5489247,1.522662,1.5550714,1.5043905,1.4987411,1.4979138,1.5316142,1.500957,1.5388536,1.4867839,1.526674,1.5348904,1.472129,1.5400324,1.5268068,1.5105118,1.4786413,1.5375247,1.5391659,1.5202969,1.5170565,1.4939227,1.5412872,1.5192344,1.5155346,1.5241382,1.4985182,1.5031865,1.5304606,1.5329348,1.5163803,1.4961088,1.4869694,1.5301119,1.5021659,1.5127714,1.5011404,1.5091449,1.5130544,1.524999,1.5219053,1.5073099,1.4963202,1.5101438,1.5171407,1.5096784,1.4912679,1.5153177,1.5058398,1.4911413,1.5181127,1.5079006,1.5149106,1.4909855,1.563973,1.4788542,1.5092888,1.5188403,1.5374696,1.5529581,1.5112474,1.551456,1.5231935,1.5270804,1.4975358,1.5832608,1.5099008,1.502482,1.5541708,1.4662254,1.5124304,1.4799297,1.5008358,1.5079323,1.5361396,1.5370113,1.4925544,1.5260892,1.4948869,1.5124431,1.4731987,1.515226,1.5224153,1.5079949,1.4708079,1.5131944,1.4870028,1.5327682,1.5180573,1.5367053,1.5045255,1.5473555,1.5268046,1.5157946,1.5309544,1.5074012,1.5344228,1.4917414,1.5147086,1.5090625,1.4823732,1.4917221,1.5159291,1.4737344,1.5181402,1.5171851,1.497192,1.5089886,1.5266066,1.5308609,1.4954215,1.5193125,1.5439914,1.499636,1.4824787,1.5151471,1.5331664,1.4963851,1.5154138,1.5196787,1.5294554,1.5527576,1.5177686,1.4822928,1.5364258,1.5138818,1.5275499,1.5067806,1.519954,1.5099877,1.553592,1.5155952,1.5703784,1.5400264,1.5058391,1.5065266,1.5293176,1.4874318,1.5144644,1.5184339,1.5208061,1.5148029,1.5034256,1.5133531,1.5368353,1.5410528,1.5095894,1.5475999,1.5364972,1.5305954,1.5368439,1.478072,1.5383757,1.5331105,1.5192059,1.4895033,1.526165,1.5042052,1.5143912,1.527202,1.5363564,1.5187957,1.4925175,1.4993154,1.510019,1.4602525,1.5033892,1.4889935,1.5531228,1.4829352,1.5232079,1.5269718,1.4733552,1.4656626,1.5071622,1.4956479,1.5125974,1.53483,1.5218042,1.5476251,1.5016693,1.5120213,1.5105222,1.541324,1.5217875,1.5391519,1.4981569,1.5221405,1.5131878,1.5180073,1.5228393,1.5385152,1.4780451,1.4903147,1.537753,1.4994777,1.5114454,1.5096613,1.5229561,1.4953485,1.5122098,1.5240692,1.4854295,1.4988196,1.558597,1.5283434,1.5192727,1.5308721,1.4947445,1.5770442,1.4976672,1.5087713,1.4778231,1.5167587,1.4629781,1.5342803,1.5166613,1.5111587,1.517642,1.4635675,1.5167801,1.5835546,1.525552,1.479054,1.5204676,1.5334337,1.534003,1.5114671,1.4939252,1.4952408,1.4967856,1.56668,1.5423061,1.4958276,1.5255591,1.5187267,1.5607839,1.486202,1.5167513,1.5546381,1.5016451,1.4966291,1.5260673,1.4767647,1.5408752,1.5718886,1.4796203,1.5208147,1.5355654,1.5115972,1.5003983,1.5194534,1.538885,1.4474305,1.4837729,1.5194912,1.4923737,1.4773151,1.4939189,1.5141251,1.5307239,1.5147918,1.5352348,1.5234865,1.5370451,1.5177193,1.5390253,1.5505645,1.5367265,1.5268966,1.5285153,1.5235951,1.4886965,1.4892362,1.517886,1.5106194,1.5546902,1.51985,1.5346147,1.5360099,1.5257056,1.49563,1.5098809,1.5359335,1.5380347,1.5372059,1.5139706,1.4861251,1.4968002,1.5270718,1.5454516,1.5087397,1.4818958,1.5231254,1.4811227,1.5007577,1.499033,1.5032854,1.5434544,1.5059813,1.5233893,1.4915979,1.4892609,1.5493903,1.534658,1.5246361,1.5324004,1.5074773,1.5063652,1.5677631,1.5015594,1.5428789,1.5172113,1.4967848,1.5064391,1.5539486,1.5274523,1.5137285,1.4764394,1.5103287,1.537235,1.497366,1.56063,1.5184929,1.5158824,1.5047653,1.5028464,1.5104406,1.5124707,1.496469,1.4903736,1.5013764,1.49664,1.5051327,1.4834356,1.4872017,1.4984944,1.5050284,1.5802941,1.5142404,1.4936463,1.5389711,1.5126364,1.5237427,1.535554,1.5036446,1.4822444,1.5240343,1.5318198,1.5209548,1.5087115,1.4832193,1.5272064,1.476503,1.5229836,1.5403346,1.5175903,1.5201794,1.4996856,1.5224837,1.5278138,1.5119956,1.5352205,1.5161344,1.5114282,1.4655439,1.5123155,1.5014439,1.547673,1.4861851,1.5043803,1.5026524,1.4942238,1.5320845,1.5160776,1.4967539,1.5256305,1.5219043,1.5336299,1.5208406,1.5065746,1.5212185,1.5367681,1.536889,1.4978827,1.5441477,1.5094119,1.5169822,1.516022,1.497967,1.507579,1.5219473,1.4786106,1.4632527,1.5012662,1.5465184,1.485508,1.52315,1.5480196,1.4900504,1.4999467,1.5059788,1.4742064,1.489213,1.5147845,1.5105903,1.4906186,1.4889932,1.4471453,1.5348527,1.5282819,1.4825813,1.5167198,1.5331842,1.5243288,1.494951,1.530894,1.4750468,1.5226184,1.4915472,1.5032736,1.5217736,1.5003335,1.5022768,1.460264,1.5049759,1.5353116,1.5354645,1.4829574,1.4810112,1.5091996,1.5443124,1.5244149,1.4816432,1.4902885,1.458726,1.503439,1.5018644,1.5463527,1.5311794,1.4860095,1.5026118,1.5583794,1.5023252,1.5066866,1.4759326,1.5481762,1.5051377,1.5296062,1.4906119,1.5681816,1.5348424,1.5358684,1.5300143,1.5059104,1.5178628,1.5604357,1.5671974,1.5100602,1.5237544,1.5331129,1.4956574,1.49407,1.5017546,1.5130872,1.4917679,1.4941114,1.5488333,1.4879807,1.51342,1.5265775,1.5069958,1.5150816,1.5322257,1.5509387,1.5378363,1.4997048,1.5106227,1.5399354,1.5156153,1.5053712,1.5107117,1.5095329,1.5137174,1.5238835,1.5120314,1.5042174,1.5324103,1.501877,1.5002,1.5107071,1.5411189,1.5300002,1.5009366,1.4862064,1.5503433,1.5442121,1.501913,1.5489825,1.5224893,1.5292579,1.4869226,1.5266098,1.5326751,1.5147045,1.5113733,1.4904721,1.5069336,1.5324044,1.5251969,1.5133915,1.492149,1.4891199,1.5327632,1.4901687,1.50313,1.5200826,1.496041,1.4924761,1.5442632,1.5015795,1.530285,1.5443145,1.5005049,1.5108218,1.4780256,1.4868518,1.5279226,1.5322621,1.507536,1.4772222,1.4837075,1.568029,1.5197308,1.5037642,1.5506173,1.5125568,1.4988048,1.55017,1.4868659,1.506325,1.5515817,1.525868,1.4876499,1.5127094,1.5487027,1.4922864,1.5291233,1.5164323,1.5199617,1.4824708,1.5170848,1.515155,1.4791504,1.5006825,1.5220133,1.5281196,1.5441949,1.5914145,1.5127811,1.4826133,1.4954382,1.5776657,1.5644357,1.5087373,1.4977446,1.5152875,1.5102205,1.553108,1.4967846,1.4983313,1.509886,1.490045,1.5512936,1.533567,1.5224377,1.5410467,1.5053915,1.5201335,1.5246987,1.5216345,1.5288157,1.5294665,1.5312515,1.5375552,1.5522777,1.4978031,1.4903364,1.5608149,1.513595,1.4794711,1.5090553,1.494402,1.5337512,1.4775106,1.5663935,1.5282676,1.4928244,1.5235835,1.5246961,1.4980321,1.4901712,1.5382147,1.4898106,1.4879858,1.4719176,1.4933181,1.5064573,1.4944386,1.5517908,1.5293709,1.509544,1.5284344,1.5204105,1.4756788,1.5545104,1.5350611,1.4904484,1.4878217,1.5288656,1.5135214,1.4737365,1.521869,1.5051279,1.525359,1.5142279,1.4568251,1.4699622,1.5138592,1.5007498,1.5336058,1.5047871,1.5317991,1.5256625,1.5245126,1.539921,1.4857528,1.542479,1.4817547,1.5086057,1.5100775,1.5330553,1.5461799,1.4834719,1.5051365,1.4974056,1.5131356,1.5315014,1.4598707,1.5247648,1.4878292,1.5302261,1.5311062,1.4949856,1.4995003,1.4932536,1.5447177,1.5266372,1.5829997,1.5239536,1.560553,1.5356227,1.5040963,1.5119854,1.5154845,1.4917915,1.5344315,1.4850359,1.5386443,1.4775475,1.5363969,1.4990516,1.5364876,1.5039302,1.5299729,1.519904,1.4895486,1.5105997,1.5399584,1.516246,1.5676938,1.5455736,1.5037092,1.5283061,1.5019487,1.5428326,1.4507483,1.5412694,1.5079411,1.5823946,1.5527474,1.542203,1.5203195,1.5163894,1.494177,1.5456033,1.56515,1.52467,1.4961679,1.5346297,1.5324441,1.4788802,1.4656196,1.5042948,1.509831,1.5380656,1.4862226,1.4815598,1.5048242,1.5393976,1.5149001,1.5103811,1.5420502,1.4797955,1.5046586,1.51547,1.5711894,1.4814644
1.5519466,1.5335673,1.5440319,1.5787411,1.573421,1.6075884,1.605691,1.5886488,1.541984,1.5633221,1.5880355,1.5690255,1.5679667,1.5997366,1.5370604,1.5625615,1.574707,1.6092691,1.566389,1.558569,1.5206717,1.5399929,1.5795329,1.5863191,1.5422398,1.5968764,1.5769148,1.6288053,1.5763152,1.5782962,1.542372,1.6024915,1.5972542,1.568855,1.5157115,1.6018746,1.5970597,1.5673689,1.5866375,1.561691,1.5825975,1.5929025,1.5817589,1.5939603,1.6008648,1.540977,1.6022357,1.5934135,1.5438983,1.62762,1.5760455,1.5905473,1.5732733,1.5917801,1.5765284,1.5510969,1.5504563,1.5664372,1.5858178,1.5928799,1.5516963,1.621141,1.5586147,1.5845667,1.5838548,1.5677884,1.5921988,1.5177077,1.5827951,1.5717608,1.5762398,1.5869957,1.6030935,1.6180758,1.5705714,1.5842813,1.5865934,1.5653777,1.5853425,1.6352959,1.5633979,1.5818468,1.5868456,1.5533354,1.6182415,1.6032872,1.5661082,1.5860258,1.5360802,1.5894046,1.5939987,1.5385151,1.5957227,1.6003065,1.5888729,1.5937492,1.5534357,1.5525649,1.5602872,1.533437,1.5765923,1.5872544,1.5698478,1.5780907,1.5420809,1.565477,1.5895275,1.5782497,1.5378375,1.5841807,1.5836674,1.5507644,1.5658582,1.5976251,1.5484958,1.5797898,1.583006,1.5770719,1.6117841,1.5774646,1.5947407,1.5623338,1.6007496,1.5771,1.5857558,1.5814898,1.5943238,1.6170658,1.5788857,1.5755589,1.5882598,1.5824596,1.5443677,1.5980617,1.5854897,1.5451033,1.5813235,1.5794517,1.543003,1.605607,1.5655739,1.5277663,1.5732237,1.5275735,1.567559,1.5846503,1.5457984,1.5781991,1.5554146,1.5567356,1.5696265,1.6034919,1.6301216,1.5411426,1.5910513,1.6024866,1.6043607,1.5466813,1.6220332,1.5368758,1.5833787,1.5750594,1.5776595,1.5912564,1.5743806,1.5723187,1.5896243,1.5984874,1.6091516,1.565164,1.6120654,1.5616685,1.5474172,1.5495236,1.5949225,1.545511,1.5732839,1.5525578,1.6226325,1.5880738,1.5625058,1.5671871,1.5324279,1.5709767,1.5405116,1.5642214,1.5810338,1.5896513,1.5323938,1.5717311,1.6140251,1.6042985,1.5359151,1.526086,1.5865381,1.5901604,1.5565244,1.6320816,1.543296,1.6006651,1.5629234,1.5923527,1.5302125,1.5735337,1.588102,1.6005104,1.556695,1.589594,1.5324962,1.6257336,1.5982251,1.5908164,1.5582143,1.5961839,1.5708389,1.6096386,1.5442665,1.5940838,1.5846242,1.6001298,1.6261683,1.578897,1.6077243,1.5681964,1.5934219,1.5929323,1.5750443,1.5903475,1.5563773,1.5747898,1.5260898,1.5728892,1.6344651,1.5483714,1.6274269,1.5415021,1.5688772,1.5750386,1.5861177,1.6094884,1.5812049,1.5152225,1.5793729,1.572195,1.6213213,1.5372306,1.632222,1.6238718,1.6012669,1.5941491,1.5586884,1.5967586,1.5612626,1.6115844,1.5863422,1.6549613,1.57081,1.5619028,1.576327,1.5521829,1.5662477,1.6309243,1.5671158,1.5442904,1.6105258,1.5890638,1.5743449,1.5836086,1.5942789,1.5820471,1.6071701,1.5468972,1.6423215,1.5771185,1.6162349,1.5756568,1.593875,1.5623951,1.5784634,1.5793892,1.5486368,1.560622,1.5738161,1.5691277,1.6341903,1.5285451,1.5647792,1.573759,1.619452,1.5791945,1.5675437,1.5663104,1.6104977,1.5580343,1.5213888,1.5911617,1.5360075,1.5867074,1.5252504,1.595142,1.5944974,1.5513496,1.6026967,1.5717096,1.5697074,1.5739365,1.5994394,1.5806098,1.5546414,1.5670681,1.5566769,1.574261,1.5662255,1.5749398,1.5301253,1.5917335,1.5585096,1.585837,1.6234168,1.5851586,1.5735992,1.5753554,1.6163062,1.584984,1.5807991,1.5770093,1.5615776,1.5887709,1.5784911,1.5832998,1.5709931,1.5471368,1.5597285,1.5707527,1.5886215,1.5431752,1.5953181,1.5561156,1.5401752,1.593528,1.555461,1.6110502,1.585136,1.5764204,1.592183,1.5956182,1.5418444,1.576984,1.5889679,1.57105,1.5776839,1.5796688,1.5638366,1.549554,1.580525,1.5773782,1.5905797,1.6070632,1.5733932,1.5876359,1.5807009,1.6024091,1.5598189,1.5954466,1.5631641,1.5608824,1.5826207,1.5633699,1.5439045,1.5746169,1.6130234,1.5696803,1.5488553,1.6109471,1.5462084,1.5597045,1.5634454,1.6202728,1.5993714,1.565979,1.5606272,1.569071,1.562439,1.5887842,1.5754433,1.5185435,1.5871209,1.5828036,1.5631883,1.6040028,1.5659319,1.5819182,1.5914278,1.5603609,1.6165487,1.5735842,1.5490259,1.594802,1.5820723,1.5711234,1.5861593,1.5835016,1.5881186,1.5835503,1.5917318,1.5381742,1.5986148,1.57595,1.6059014,1.5489256,1.5891625,1.5722573,1.591543,1.5913411,1.6091596,1.5993857,1.5628028,1.5854322,1.5775497,1.6034906,1.5561413,1.5718516,1.6064489,1.5458637,1.5796252,1.5945483,1.5974972,1.5742593,1.5712196,1.5684055,1.5714643,1.590859,1.6121528,1.5339892,1.6029501,1.5657312,1.5860925,1.5357531,1.5850971,1.5822409,1.557876,1.5904403,1.5899701,1.5394208,1.571159,1.5711551,1.5861521,1.5397162,1.5588964,1.5205339,1.5496794,1.5513806,1.6060027,1.575,1.5412838,1.560581,1.5693618,1.5764074,1.535734,1.5802107,1.5866853,1.6318935,1.5272245,1.5279715,1.6062021,1.5781093,1.592646,1.5981119,1.5807528,1.6026626,1.5660421,1.5347588,1.5437493,1.6322982,1.519864,1.5703,1.5914093,1.6291264,1.5723718,1.5533599,1.6111561,1.5353571,1.5912168,1.5498816,1.5402592,1.5509248,1.5998359,1.5666993,1.5678661,1.582527,1.5528908,1.6191365,1.5786022,1.5941249,1.5729889,1.5793605,1.5500966,1.5773598,1.5628245,1.582072,1.5536748,1.5122265,1.6027564,1.6355586,1.5399858,1.5380301,1.5730712,1.5858669,1.5487622,1.5888457,1.5717739,1.5589155,1.5338008,1.6207057,1.6024524,1.5852845,1.6021696,1.5626197,1.5800908,1.5985783,1.5826632,1.5758984,1.573514,1.5460978,1.609551,1.5788295,1.6259576,1.5963172,1.5446659,1.5704069,1.5863538,1.5822809,1.6036991,1.574611,1.6037425,1.5565103,1.6027217,1.5875126,1.5644019,1.570941,1.5338372,1.5540031,1.6032516,1.5805684,1.5993222,1.5980471,1.5924578,1.5656785,1.5508126,1.5844032,1.5805113,1.6094068,1.5826528,1.5504011,1.584312,1.5741668,1.5743525,1.6004326,1.609612,1.565858,1.5636446,1.5888276,1.585034,1.5814197,1.5866903,1.6053174,1.5993707,1.5943264,1.5655146,1.5432707,1.5637183,1.5914003,1.5764359,1.5825553,1.5643073,1.6098338,1.5432166,1.5798037,1.5906743,1.5438449,1.5593756,1.550225,1.6029011,1.5695591,1.5572681,1.5864705,1.584511,1.6166003,1.5806078,1.5618718,1.5679235,1.6239939,1.5738914,1.5707229,1.5716604,1.5542116,1.5357616,1.6129372,1.630219,1.5723951,1.5672479,1.5847623,1.5846732,1.568095,1.6165154,1.5856363,1.5714735,1.57665,1.5704275,1.5600084,1.5601104,1.5983657,1.5850528,1.5667692,1.5834512,1.56014,1.5390215,1.5877116,1.5963057,1.6013287,1.6085323,1.5829129,1.5467548,1.581097,1.5983605,1.560795,1.5774374,1.5931661,1.5753375,1.5746683,1.6111643,1.5764363,1.5531505,1.5403758,1.6091734,1.5510315,1.5524764,1.6016556,1.6004133,1.5669479,1.5643654,1.5648013,1.6011288,1.5842559,1.6372229,1.6362602,1.5978774,1.5538589,1.574343,1.6133322,1.6095785,1.5645717,1.5904611,1.5746118,1.583534,1.5845057,1.5649831,1.6012353,1.6036166,1.5643944,1.6254505,1.5829344,1.5646974,1.5684143,1.572878,1.5860033,1.5952005,1.5759616,1.571527,1.5565487,1.6079521,1.5852996,1.5597467,1.5479125,1.5617812,1.5969595,1.579133,1.6073953,1.5805606,1.6066442,1.6228377,1.5446906,1.595632,1.5513399,1.5261337,1.5526009,1.5834846,1.5309591,1.5725768,1.5754464,1.4990414,1.612419,1.5928755,1.545817,1.58101,1.6125894,1.5614945,1.5809917,1.5992243,1.5591428,1.5946066,1.5926414,1.5600817,1.5189377,1.5771985,1.5750258,1.4983557,1.5495474,1.589176,1.5734324,1.5430062,1.5773249,1.6008685,1.5598466,1.6009574,1.5771362,1.6046362,1.5438131,1.5669602,1.5313013,1.6121416,1.6241442,1.5928106,1.5434716,1.6086812,1.5429485,1.6097703,1.5825815,1.5569997,1.540032,1.5633407,1.5437412,1.6156552,1.6071184,1.624348,1.5642425,1.5977876,1.5825787,1.595067,1.6253654,1.591845,1.5684333,1.5881934,1.5392506,1.5770756,1.550955,1.5690801,1.5916059,1.5447296,1.5894685,1.5551852,1.6101838,1.5855756,1.5917084,1.568531,1.5587599,1.5532948,1.6279649,1.6177974,1.5263131,1.5996947,1.5651221,1.5735866,1.546242,1.5907121,1.575248,1.5793196,1.5918947,1.5807679,1.5753278,1.5581113,1.5733845,1.5838399,1.5978208,1.6343384,1.5515733,1.5593914,1.6311309,1.6040108,1.5463301,1.5980629,1.5829526,1.6049744,1.5449,1.6043906,1.5779876,1.5630479,1.5829161,1.5569385,1.5419443,1.6138414,1.5998216,1.5889539,1.5555692,1.5762775,1.620052,1.5526398,1.5945609,1.592025,1.5734853,1.542769,1.5825175,1.5584362,1.560128,1.5567442,1.570296,1.6046234,1.6022198,1.5216824,1.6307178,1.6151341,1.5636731,1.573229,1.5654542,1.5901228,1.5812387,1.56338,1.5670801,1.6142141,1.5829409,1.6441551,1.5655823,1.6259431,1.5734773,1.590407,1.581024,1.5969228,1.5582342,1.5279894,1.600877,1.5667266,1.5778682,1.5748956,1.5693033,1.6035125,1.560156,1.5781269,1.5785227,1.5639197,1.5942951,1.6116941,1.5786357,1.5566359,1.5481076,1.585458,1.5908757,1.5869707,1.592853,1.574103,1.5684977,1.6064472,1.566933,1.5379527,1.5954612,1.5523037,1.5969659,1.5932556,1.583287,1.5708523,1.575932,1.5762571,1.5332345,1.5833664,1.6050857,1.6060926,1.5608485,1.5958294,1.5875698,1.5424856,1.531811,1.6160197,1.577985,1.5556347,1.5723867,1.5702837,1.6075196,1.5871263,1.6113118,1.5645624,1.5997055,1.5779927,1.5560104,1.5711153,1.5724169,1.6024842,1.5698383,1.5628436,1.5141422,1.5652317,1.5484513,1.5642139,1.5826193,1.5984678,1.599679,1.5944926,1.5922735,1.5669898,1.6211648,1.6207197,1.595242,1.5717651,1.5887026,1.5988454,1.5485833,1.568158,1.561733,1.5974714,1.5513281,1.574766,1.5317754,1.5506158,1.5689071,1.5929458,1.5999935,1.5769639,1.5693618,1.6055235,1.5548797,1.5385585,1.5941323,1.5634252,1.5775833,1.5743314,1.5870373,1.6109302,1.5087944,1.5809338,1.5632839,1.5479223,1.6019449,1.564653,1.6027942,1.5441674,1.5543389,1.6069024,1.5919201,1.5930588,1.566989,1.5665934,1.5908815,1.6318626,1.6014448,1.5940813,1.6146979,1.6086031,1.5883217,1.5559108,1.5597805,1.569706,1.5064642,1.5826179,1.5662776,1.616822,1.5622852,1.6003985,1.594155,1.5891445,1.5842113,1.6129181,1.580003,1.6154562,1.5886908,1.6009077,1.5628613,1.588094,1.5651822,1.5811031,1.5610937,1.5551555,1.5879426,1.5851312,1.6071181,1.6143479,1.6243746,1.6145859,1.5640639,1.59496,1.6194131,1.5638144,1.5924007,1.5765537,1.5677433,1.6029953,1.5450864,1.5805261,1.5776109,1.6124066,1.5727727,1.5629927,1.5135616,1.5569209,1.6097932,1.5733471,1.5903741,1.6077642,1.585302,1.558435,1.5932385,1.6212168,1.5421209
0.35223654,0.38983643,0.37427393,0.38643375,0.3915561,0.39040798,0.40851274,0.45205438,0.37498158,0.390014,0.3696888,0.37297362,0.37445837,0.3838555,0.3913199,0.37860325,0.39824823,0.37665498,0.3972617,0.41159642,0.37919414,0.36920786,0.37961683,0.41950333,0.39857608,0.38910735,0.33999228,0.41082907,0.35820413,0.38660473,0.3553685,0.36984456,0.39413503,0.38024145,0.38846722,0.36831766,0.3934812,0.3955406,0.4130688,0.36526138,0.37783664,0.37459555,0.39041418,0.3733439,0.39708376,0.36711323,0.39303592,0.37753496,0.400752,0.37128717,0.37167224,0.40583897,0.3891014,0.40645492,0.37020916,0.4292125,0.37123594,0.40056098,0.41993234,0.37721625,0.38434783,0.36418435,0.43802375,0.3967232,0.39580792,0.38676453,0.4145562,0.39291912,0.41192847,0.37793267,0.37617296,0.39206535,0.4254542,0.40072605,0.38631415,0.40328264,0.39186612,0.4228477,0.3808905,0.39579195,0.35372686,0.3786382,0.34262383,0.4041738,0.3821769,0.35818416,0.36807916,0.39226818,0.3988538,0.42010295,0.40712613,0.3717306,0.4165144,0.40939263,0.40244806,0.39819512,0.4060086,0.3674326,0.37899187,0.4196427,0.4317211,0.39876962,0.35914776,0.38724232,0.41880694,0.39142036,0.39521903,0.40742642,0.40896696,0.39577058,0.39231828,0.41598094,0.3938742,0.40395087,0.40726292,0.37854388,0.37469876,0.3739015,0.37126553,0.3746689,0.41595978,0.36393562,0.40804797,0.41197813,0.4072942,0.39718005,0.3975568,0.37571603,0.3985097,0.38493052,0.40907654,0.38168737,0.3808837,0.40059948,0.43886563,0.35030425,0.37137434,0.37932062,0.3698396,0.38415423,0.37085935,0.39125332,0.37897593,0.3578676,0.38213205,0.38600692,0.4090595,0.3750782,0.39399865,0.4324827,0.38423595,0.41497323,0.42868996,0.39421985,0.37560225,0.38656563,0.42298946,0.3813355,0.3874192,0.3833301,0.38526255,0.41429922,0.39266166,0.41445628,0.43140855,0.35890734,0.37854803,0.41989732,0.38816822,0.38906392,0.42323953,0.38631845,0.36985675,0.39119312,0.38594657,0.39603543,0.38236699,0.3713097,0.4538281,0.42134237,0.38897294,0.3262844,0.38570416,0.38216287,0.36182597,0.4019446,0.3936953,0.39705467,0.39417836,0.38495123,0.3578064,0.39923817,0.40037054,0.41657448,0.3340627,0.3621434,0.39348084,0.3918346,0.3799856,0.39649814,0.3780236,0.39154652,0.4066346,0.38476458,0.3941716,0.3806711,0.40867946,0.38512206,0.3790446,0.37457058,0.41439924,0.41192305,0.39147562,0.40901136,0.40086764,0.41178662,0.4180851,0.38807487,0.3820501,0.3646187,0.40744084,0.3718509,0.39726847,0.40965214,0.4348455,0.42074057,0.40486935,0.39722544,0.3914018,0.39193577,0.36254635,0.38129586,0.38304675,0.36059982,0.38668278,0.37173784,0.36240312,0.39372888,0.44357342,0.38547713,0.33720154,0.3533916,0.36699253,0.3765449,0.39935827,0.34681374,0.38361847,0.40107033,0.36193958,0.3959285,0.37162805,0.38309896,0.3584288,0.40293032,0.381422,0.36533934,0.4014197,0.3771746,0.39517426,0.415761,0.35895258,0.39875996,0.41663796,0.37015465,0.4272548,0.4006726,0.3599314,0.40085202,0.37606275,0.36177385,0.37150508,0.39339668,0.39799863,0.36388507,0.39424884,0.38584027,0.41054648,0.38030532,0.39079648,0.36327243,0.41598722,0.3708851,0.37780565,0.3906558,0.3897482,0.37199664,0.40079677,0.38034073,0.40378854,0.42713234,0.35794598,0.39284936,0.39056888,0.36823627,0.36611962,0.38441405,0.3932593,0.39164722,0.3826025,0.41144347,0.38079208,0.40664667,0.37940603,0.3852787,0.42237133,0.36040962,0.38423583,0.4114087,0.40221617,0.3801196,0.4098514,0.34781146,0.37387663,0.37433997,0.32468674,0.38420367,0.39069685,0.4267193,0.4310875,0.43284672,0.39617538,0.39507616,0.3702884,0.41071922,0.3857025,0.38007846,0.38473952,0.38580543,0.3845085,0.4120748,0.42646062,0.39071414,0.34628657,0.3842417,0.38114557,0.3681627,0.37089354,0.39422,0.41753265,0.423011,0.41609132,0.36632273,0.40559247,0.38627243,0.38333306,0.35697204,0.3576188,0.39215577,0.40154245,0.37110552,0.4068156,0.36863533,0.37619007,0.4136841,0.40992647,0.3865341,0.40793887,0.4291687,0.4075969,0.39883292,0.40626314,0.4237525,0.37144035,0.3858793,0.3723709,0.3643007,0.36494508,0.40077746,0.3960264,0.3967502,0.40120026,0.41035253,0.40553877,0.4000828,0.39617604,0.41308826,0.4250523,0.36350775,0.39609674,0.3862256,0.40388978,0.37700358,0.4217643,0.37324926,0.37194413,0.38961393,0.35255283,0.4073235,0.42338386,0.4046648,0.38278425,0.39769194,0.37520772,0.35708418,0.382184,0.35421306,0.38867617,0.40450865,0.3760521,0.45317215,0.39574364,0.3789081,0.4058293,0.33931196,0.3886143,0.37013367,0.3623055,0.4144491,0.3958152,0.3952688,0.39666712,0.40637738,0.41058406,0.3772513,0.38801575,0.39423302,0.38831615,0.3747059,0.39978904,0.3984927,0.39882088,0.3789547,0.40295768,0.39249876,0.3871712,0.38599724,0.33850163,0.37416258,0.37695333,0.4193747,0.3625446,0.36277422,0.40592,0.41166073,0.43054006,0.41435918,0.33138487,0.40225986,0.39846444,0.3789844,0.3820324,0.39147955,0.40338624,0.40092647,0.43060568,0.36643398,0.387154,0.40729418,0.36982447,0.36997324,0.3468337,0.37907928,0.38249725,0.41170466,0.3882706,0.4096751,0.4128204,0.35322538,0.3639061,0.37427166,0.38383994,0.35165226,0.35928512,0.3728236,0.36587226,0.38107452,0.3805078,0.36370122,0.38928896,0.39245147,0.39124787,0.34846103,0.3654647,0.4061275,0.38888118,0.39554265,0.3679339,0.43610257,0.3852619,0.37947136,0.40727317,0.38583422,0.39169455,0.34519082,0.36272672,0.3785366,0.3498911,0.3749265,0.3534106,0.41097385,0.391336,0.41696897,0.3933213,0.39963198,0.40747714,0.40455836,0.3636526,0.4200526,0.4004053,0.37070113,0.38412988,0.37594622,0.3824319,0.40005952,0.3867123,0.37177983,0.38643712,0.36770666,0.3985098,0.39520198,0.3941338,0.38602206,0.37735337,0.39629126,0.3878583,0.32271045,0.36088395,0.3854931,0.3988246,0.38887477,0.4252752,0.3799011,0.39903405,0.35259137,0.405836,0.38846788,0.42270985,0.3965043,0.36925027,0.35948944,0.36281675,0.35268292,0.39501074,0.36265618,0.37411565,0.42126513,0.37241152,0.39887294,0.42243844,0.39852464,0.36329228,0.39790142,0.38893077,0.4027052,0.40155977,0.37948063,0.38235927,0.36806276,0.38219446,0.41786402,0.35801327,0.40366247,0.35176885,0.41509667,0.34585738,0.39421675,0.35481262,0.4012413,0.40825903,0.41731894,0.40215206,0.41024297,0.36275148,0.4051355,0.38876474,0.38022894,0.393491,0.3929518,0.36613196,0.3928297,0.42611137,0.3954289,0.35655558,0.41031668,0.4094391,0.40798932,0.39000383,0.41238493,0.39903727,0.40360814,0.38218412,0.35528946,0.41017556,0.4073872,0.3782133,0.38084498,0.41623905,0.39770162,0.37540457,0.3730382,0.39280993,0.3911827,0.4221024,0.3730163,0.42656118,0.36842656,0.401141,0.36296865,0.39073116,0.36101267,0.39383185,0.38942367,0.3912619,0.37990254,0.36591393,0.38917625,0.41020265,0.36069342,0.38065702,0.38736406,0.38781878,0.38894415,0.40093297,0.4160539,0.37104622,0.37274748,0.38819826,0.37760442,0.39436874,0.39796704,0.39871138,0.37007657,0.39182305,0.36554968,0.39170453,0.36408764,0.3472013,0.41493422,0.36761045,0.35799682,0.42719,0.37981802,0.39889118,0.40199584,0.3918374,0.39014047,0.35846817,0.41280955,0.41141647,0.38258612,0.4347457,0.3702345,0.40900195,0.36689976,0.41565672,0.43226844,0.37226945,0.39445627,0.4058234,0.40078792,0.3742685,0.34430897,0.41015375,0.39395007,0.38150623,0.37872893,0.4324621,0.40129048,0.39475265,0.42204607,0.4042207,0.39310962,0.42186517,0.36620018,0.3783974,0.42499942,0.39565125,0.37572378,0.38798538,0.4039725,0.3957848,0.36815512,0.355201,0.3921954,0.4096949,0.37765473,0.43265757,0.38215727,0.3808534,0.4098447,0.36031806,0.3833162,0.40409547,0.38271558,0.36644307,0.4317584,0.41510475,0.35925016,0.35526413,0.37511623,0.39417526,0.40807793,0.42578623,0.3481833,0.4113472,0.4115618,0.39469653,0.3775776,0.39589697,0.35443142,0.37199026,0.38626346,0.40488976,0.36851698,0.38170022,0.3831123,0.33981365,0.36982796,0.35258865,0.41392577,0.3958681,0.38397634,0.3739745,0.3701137,0.39003035,0.39694458,0.36208797,0.37784505,0.4295731,0.37072796,0.3735748,0.37366313,0.40180612,0.3546943,0.40439194,0.3612324,0.41549033,0.38977662,0.37353784,0.41569537,0.40345514,0.3709072,0.40534496,0.40644723,0.41272986,0.35890234,0.42687094,0.3925749,0.39096096,0.407677,0.3857572,0.3828247,0.37511885,0.39149755,0.38784888,0.35618162,0.38829005,0.3937338,0.36787105,0.37519675,0.41200945,0.37234104,0.3896842,0.4029261,0.40545303,0.3853729,0.40549102,0.38350508,0.38322836,0.368271,0.37953854,0.41292423,0.3728058,0.4362321,0.44798094,0.39956507,0.37561852,0.392885,0.40904668,0.3749817,0.37024692,0.40203598,0.40127867,0.41487938,0.43356335,0.3621578,0.36033967,0.39398688,0.4357165,0.38865003,0.37076253,0.39527175,0.38507473,0.4154283,0.35217956,0.42017114,0.384011,0.42988968,0.41938198,0.3793292,0.38619453,0.3617075,0.37844574,0.3756019,0.36813706,0.36057645,0.39238515,0.41014248,0.37553957,0.35027093,0.36383164,0.4392494,0.378574,0.43472362,0.40215456,0.41001222,0.35423008,0.3905855,0.3649572,0.41631332,0.41474518,0.34816992,0.39243734,0.3676973,0.37933934,0.3679151,0.3642855,0.38152933,0.41873613,0.38175005,0.4022542,0.39376795,0.39918315,0.38048255,0.37640253,0.40443096,0.38505352,0.3708636,0.36987793,0.40123862,0.3877157,0.38578334,0.3650647,0.37797308,0.37881052,0.37067723,0.37655145,0.38376325,0.39600265,0.39064243,0.39829272,0.3932286,0.39270553,0.34186494,0.3733843,0.4190306,0.37661964,0.40609515,0.42329437,0.42327493,0.3712354,0.3659081,0.380165,0.4568246,0.40250862,0.38616806,0.39967102,0.36172712,0.38714343,0.34626,0.400289,0.36173588,0.42062965,0.37869465,0.39298233,0.3594979,0.3927946,0.39545667,0.3578987,0.37797838,0.38437617,0.4124343,0.3410213,0.3888479,0.36687353,0.34863114,0.40530893,0.39018247,0.41350904,0.38320524,0.4184804,0.38742524,0.4208204,0.3785457,0.37176695,0.41317672,0.38584703,0.3561975,0.42447668,0.40777746,0.36994165,0.38651,0.37797534,0.41456813,0.40501145,0.39158714,0.38820386,0.3990071,0.41423193,0.41729847,0.38238835,0.38125002,0.41495335,0.35421515,0.38420835,0.37969333,0.3739525,0.37133053,0.39966,0.39991343,0.3792389,0.39513668,0.42272803,0.41941047,0.3857597,0.42128152,0.42688844,0.3519088,0.3940357,0.42194235,0.37990183,0.37704486,0.36145684,0.3677838,0.396564,0.37265077,0.39347893,0.36902922,0.38541985,0.37696755,0.41353998,0.38588014,0.38087684,0.38663703,0.37825805,0.38003254,0.38010824,0.38583183,0.39168653,0.3620661,0.4363152,0.40116957,0.37675083,0.4228856,0.40449953,0.36098033,0.40673247,0.38956532,0.34843117,0.3792708,0.3890855,0.40737632,0.38340354,0.37116748,0.3930787,0.38520598,0.39656687,0.38881046,0.40191248,0.39292574,0.42198503,0.38097364,0.37492844,0.42440075,0.3439235,0.41468877,0.42017746,0.3963608,0.40559477,0.40579396,0.40201035,0.38760263,0.38359773,0.3710397,0.38321173,0.41434705,0.41536528,0.43250126,0.41440225,0.3851613,0.39457938,0.3567248,0.42658362,0.3888169,0.35726824,0.38589722,0.3979061,0.3883008,0.401455,0.3723539,0.36951417,0.38777533,0.39087123,0.40083006,0.35615054,0.39326268,0.38357148,0.41870832,0.4058233,0.4241308
1.8378997,1.7850206,1.8196518,1.8346845,1.8630215,1.839877,1.8248272,1.871195,1.8127598,1.8361905,1.8501323,1.8539085,1.8555126,1.8484864,1.8231795,1.8544897,1.8473381,1.8363131,1.8370886,1.8449476,1.8273971,1.8185662,1.8197435,1.8364377,1.7976093,1.8408165,1.8071913,1.8582405,1.8283538,1.8663206,1.8019228,1.8298606,1.829703,1.8295436,1.8132695,1.846246,1.8484597,1.8680137,1.8686277,1.8426317,1.8244791,1.8853025,1.8812929,1.7988396,1.8335906,1.821196,1.8693812,1.8738567,1.8322371,1.8244618,1.8388482,1.843201,1.8395251,1.8603241,1.8387574,1.8319309,1.8179853,1.7986909,1.8589919,1.8276767,1.8687043,1.8522621,1.8342016,1.8575467,1.8693842,1.8413814,1.8698025,1.7907242,1.8432792,1.8375509,1.8665305,1.8331034,1.8554302,1.8885578,1.8485739,1.8574672,1.862316,1.8486499,1.8317491,1.8970715,1.8152578,1.8308336,1.8334651,1.8337935,1.8787273,1.8554333,1.8430477,1.8390127,1.8124228,1.8670336,1.854814,1.853908,1.8614895,1.8468523,1.8798591,1.8391279,1.8362598,1.8384849,1.8488258,1.823618,1.8846035,1.8219881,1.8147659,1.8481083,1.8322277,1.8324852,1.8332433,1.8418689,1.8278328,1.8247545,1.852385,1.8309971,1.8361645,1.844986,1.8271749,1.8625159,1.8680325,1.8253484,1.8752391,1.8551953,1.8462038,1.8386117,1.8441731,1.8320334,1.8657584,1.8649805,1.8457602,1.845101,1.8497207,1.8546079,1.8758576,1.8374393,1.827059,1.8834974,1.8401101,1.8107224,1.8199311,1.8516837,1.8364652,1.8245828,1.8136598,1.7995387,1.8252703,1.8497093,1.8304657,1.8034006,1.8270082,1.8257837,1.830983,1.8610659,1.844863,1.8738402,1.9124389,1.8204252,1.8458812,1.8903368,1.846924,1.8243628,1.8522438,1.7920429,1.8606192,1.8920163,1.8452123,1.866562,1.8277714,1.8319631,1.8526343,1.852759,1.8445731,1.8082895,1.8735068,1.8362267,1.8198915,1.8196987,1.8304931,1.8092105,1.8278944,1.8284582,1.8877692,1.8643394,1.8363513,1.8582561,1.8248384,1.8691416,1.8389683,1.8540196,1.8344101,1.8323084,1.8409317,1.8506552,1.8530643,1.879071,1.7993379,1.8258866,1.8317078,1.8478459,1.7935563,1.874969,1.8077302,1.8297913,1.8396286,1.8753582,1.8155621,1.8281279,1.8507775,1.8288245,1.8426551,1.8346344,1.8297058,1.8769089,1.8717711,1.861543,1.8410672,1.8475884,1.8371539,1.8664659,1.7859935,1.8460757,1.8292011,1.8506149,1.8614132,1.8313875,1.8418028,1.8098747,1.842751,1.8625913,1.8467436,1.8641819,1.7709603,1.8273927,1.8129858,1.8410876,1.8484551,1.8237798,1.885008,1.8241997,1.8252013,1.8404247,1.8467213,1.8566594,1.8411274,1.7837346,1.8330567,1.851796,1.8679631,1.8037828,1.8529255,1.8621875,1.9044968,1.8362834,1.8313131,1.8398805,1.80598,1.8606852,1.8235236,1.888546,1.8163556,1.8360858,1.8622056,1.8381999,1.8242195,1.8954151,1.8294698,1.8323349,1.8741801,1.8723203,1.8210483,1.8308709,1.8449695,1.8331448,1.8673923,1.8079885,1.8688952,1.8216959,1.8634456,1.8385571,1.8607231,1.852256,1.8406234,1.831836,1.8408213,1.8180851,1.8323925,1.8401613,1.8538098,1.7850815,1.8269058,1.8273411,1.8673576,1.8295876,1.8601031,1.8259618,1.8458388,1.8481466,1.8302671,1.8513467,1.845093,1.8866962,1.8177508,1.8890208,1.8267407,1.8245121,1.840054,1.821888,1.8622417,1.8461409,1.8659186,1.8594719,1.8229079,1.8290486,1.8501385,1.8363616,1.837699,1.834051,1.8030862,1.8496916,1.8503897,1.8387932,1.8702465,1.8614068,1.8448471,1.8350493,1.8536047,1.8488569,1.842204,1.829228,1.8468999,1.8263252,1.821452,1.8152877,1.8265545,1.8230911,1.821804,1.8586009,1.8457562,1.814518,1.9059775,1.8250463,1.8532776,1.8779244,1.8501036,1.8454585,1.8690242,1.8488903,1.8554162,1.829828,1.8192347,1.8805382,1.8494085,1.8577113,1.8077064,1.7992291,1.8444782,1.8216528,1.821098,1.8203722,1.8337723,1.8680431,1.8401577,1.8491386,1.829071,1.8993146,1.7851702,1.8596574,1.8241107,1.8512663,1.8448209,1.8595135,1.8164197,1.8903672,1.8403001,1.8314519,1.7990049,1.8461174,1.8317428,1.8646339,1.8388478,1.8898602,1.8521563,1.8330556,1.8249589,1.8579684,1.8349168,1.8325804,1.8164006,1.7992489,1.8301848,1.8391176,1.8077989,1.8547206,1.8038058,1.8545624,1.8525039,1.8230402,1.8915257,1.8596447,1.8146757,1.8739444,1.8179476,1.8531319,1.8011156,1.8689067,1.8745004,1.83509,1.8710253,1.8084155,1.8594943,1.866361,1.8971474,1.8027349,1.855621,1.8240958,1.8362641,1.8517103,1.8605509,1.8413403,1.824711,1.8503125,1.8357658,1.8286735,1.8068522,1.8442037,1.848887,1.8513712,1.8181382,1.8543528,1.8507855,1.8530749,1.8190036,1.8459114,1.8250593,1.8298792,1.8438287,1.8206146,1.8630922,1.8583438,1.8607391,1.8169866,1.8342218,1.8333976,1.8054333,1.8404148,1.8698633,1.8233254,1.8424165,1.8362321,1.7963736,1.7944812,1.8514913,1.8087399,1.8663715,1.8478162,1.8829573,1.8621039,1.8275335,1.8123531,1.8531715,1.8145893,1.8212724,1.8329012,1.8270823,1.8666338,1.8113177,1.8562142,1.7964706,1.8310721,1.8532331,1.8303239,1.855248,1.837381,1.8307706,1.8360587,1.8292966,1.821707,1.7904543,1.8513845,1.8526608,1.8948092,1.8240011,1.8334949,1.8277824,1.8057296,1.8386893,1.8396811,1.8090852,1.8263947,1.8786488,1.8457869,1.8195419,1.8314042,1.8361931,1.8583542,1.8640116,1.8421504,1.8257324,1.8464452,1.7852547,1.8449739,1.8265896,1.8455098,1.8070351,1.8164409,1.8642457,1.8971987,1.8351681,1.8076457,1.8125079,1.8272128,1.8166468,1.8620381,1.8504833,1.8324374,1.8378842,1.8583181,1.869979,1.8200876,1.8477621,1.8186283,1.8611155,1.8557818,1.866348,1.8720808,1.8553674,1.8350633,1.8916242,1.8349154,1.8513076,1.8838245,1.8386003,1.841836,1.8527808,1.8342333,1.8619736,1.8232609,1.8788145,1.8536922,1.8377962,1.8457035,1.8585203,1.8199625,1.8445334,1.8475957,1.8516648,1.8444295,1.8581607,1.8340572,1.8585925,1.8246884,1.8393975,1.8295615,1.8412772,1.8656878,1.8541424,1.8512973,1.8309693,1.8551717,1.8493007,1.8595943,1.8674757,1.8348979,1.8341419,1.8306355,1.8225886,1.8190032,1.830944,1.8773675,1.8589331,1.8256954,1.8516386,1.8275172,1.8147483,1.8529187,1.8495046,1.8387793,1.8312075,1.8601142,1.8319045,1.8716725,1.8314636,1.823546,1.8242084,1.8166745,1.8606986,1.8331804,1.8243704,1.8400583,1.8278487,1.8701359,1.8421106,1.8250287,1.8470376,1.8614147,1.8302362,1.8402175,1.8686756,1.8155764,1.80701,1.8916239,1.8390821,1.8301469,1.8613179,1.8674662,1.8597615,1.842722,1.8680634,1.8537104,1.8410618,1.8292491,1.8146976,1.8077496,1.8406211,1.8122195,1.8632342,1.8186805,1.8182324,1.8429097,1.8357875,1.8131775,1.8610361,1.8307511,1.860171,1.8659182,1.824412,1.8520324,1.8483877,1.8395828,1.8427974,1.8494802,1.8372928,1.8254373,1.8233569,1.8292314,1.7766073,1.7946337,1.864074,1.8340424,1.8415055,1.8673582,1.8483721,1.8431084,1.8257922,1.8488901,1.8847129,1.8255147,1.8754507,1.8729109,1.868077,1.8222818,1.8376362,1.8372989,1.8665442,1.8155131,1.8303065,1.82331,1.831864,1.8429668,1.8613641,1.8421414,1.8621645,1.8288503,1.8617537,1.8237908,1.852083,1.8210943,1.8560374,1.866297,1.8218529,1.845701,1.8159089,1.8074915,1.8321829,1.8329209,1.8241456,1.8440497,1.8327426,1.8224665,1.8451226,1.8728428,1.831654,1.8286064,1.8816414,1.8206248,1.834145,1.8268176,1.8263718,1.8396475,1.8516396,1.8258593,1.8113824,1.8419518,1.7746079,1.8649695,1.8561397,1.7894739,1.8677537,1.835928,1.8570119,1.868592,1.8214548,1.8063465,1.8477738,1.8305922,1.8338803,1.8106742,1.8236936,1.8334941,1.7890747,1.8231977,1.8379574,1.8577689,1.8279986,1.8385129,1.8535659,1.8282785,1.8681512,1.8130467,1.8383446,1.79854,1.8201624,1.8133509,1.8620579,1.8771014,1.8186088,1.8185489,1.8830136,1.8220559,1.8520653,1.8405061,1.828353,1.8432974,1.8462192,1.7948629,1.8564471,1.8685595,1.8378263,1.8429047,1.8653595,1.8379676,1.8795071,1.8689873,1.839553,1.792773,1.8319807,1.8474714,1.8487961,1.8264108,1.8432202,1.8476956,1.8077488,1.8465511,1.8327702,1.8643911,1.8451407,1.824273,1.8226562,1.8621368,1.821361,1.8787757,1.8333831,1.7873172,1.8493314,1.829259,1.8424416,1.8259693,1.8751905,1.8512602,1.8487021,1.8459132,1.8393697,1.8294442,1.8263465,1.8394215,1.854984,1.8557993,1.8860735,1.8327565,1.8290293,1.8992455,1.8717061,1.8451043,1.8627622,1.8383708,1.8723712,1.801548,1.8210984,1.8417045,1.831492,1.8536586,1.8548015,1.8162254,1.8368514,1.8265175,1.8313699,1.8049966,1.8502642,1.8447845,1.8609291,1.8360412,1.8271384,1.8266966,1.8124603,1.8543632,1.8357048,1.8095473,1.8642029,1.8687735,1.8463528,1.8080416,1.7987746,1.8652474,1.8608508,1.8211131,1.8442572,1.8058901,1.8616837,1.8434392,1.8450291,1.8520466,1.8600596,1.8632203,1.8863136,1.8491867,1.8481216,1.8413872,1.8497686,1.8151689,1.8467574,1.8288175,1.7896619,1.8270893,1.8422507,1.8283746,1.8298209,1.8589572,1.8693571,1.8347074,1.8347558,1.8393037,1.833322,1.8533969,1.8650547,1.851259,1.7973601,1.8055639,1.8599303,1.8409935,1.832654,1.8546493,1.8349885,1.8177916,1.8844987,1.8352928,1.8009598,1.8362993,1.8242279,1.8447981,1.8402449,1.8312598,1.8121978,1.8364813,1.8230958,1.8373456,1.8490343,1.8130132,1.8684549,1.8445969,1.8353273,1.8530345,1.8108327,1.8215684,1.8731458,1.8596536,1.8275294,1.8374869,1.820308,1.8825924,1.8523232,1.8590735,1.839798,1.820629,1.8715502,1.8267593,1.8154877,1.8349817,1.8474791,1.8469226,1.8315153,1.8242993,1.8214065,1.858588,1.80782,1.8702397,1.8293016,1.8689729,1.8781521,1.8726968,1.8297064,1.861963,1.8594304,1.846278,1.8046166,1.8457285,1.8378985,1.8079829,1.8616023,1.8297384,1.8481197,1.8002709,1.8405414,1.8260506,1.8167738,1.8291966,1.8346319,1.856479,1.8470362,1.8389893,1.8781518,1.8503088,1.8583392,1.8793069,1.8263726,1.8376948,1.828766,1.8459826,1.8492056,1.8093592,1.8175446,1.8294299,1.8110987,1.843087,1.789371,1.8389505,1.8240157,1.8260049,1.8952059,1.844225,1.875151,1.8354843,1.826162,1.8394713,1.8834212,1.8535721,1.8715786,1.8905452,1.8414354,1.8249214,1.851431,1.8041922,1.836673,1.7781157,1.8554507,1.85737,1.868749,1.8585067,1.8663585,1.8488258,1.8771888,1.8425807,1.8577975,1.8433496,1.8747618,1.8353921,1.8460265,1.8398696,1.8206741,1.8349106,1.844819,1.8333514,1.82087,1.8559391,1.8557036,1.894248,1.856429,1.8395535,1.8511678,1.8359007,1.823118,1.8835042,1.849889,1.8666728,1.8392934,1.8210579,1.8815114,1.8309993,1.8329257,1.8704454,1.8517554,1.8160332,1.8432446,1.8041118,1.8413432,1.8768193,1.8140801,1.8421884,1.8228823,1.8271993,1.8360038,1.850458,1.8569733,1.8245082
1.4416674,1.3866105,1.3882746,1.3701439,1.4249654,1.3823845,1.3735505,1.3736647,1.3775184,1.3751625,1.3881966,1.4047086,1.4364219,1.4428909,1.3873973,1.3677974,1.4004575,1.3733861,1.4273409,1.3715461,1.4252466,1.4397002,1.4136261,1.4092227,1.3747303,1.3925631,1.3947192,1.372163,1.3828572,1.4024733,1.4314452,1.3669001,1.3980602,1.4322015,1.4133896,1.3864408,1.423827,1.4057947,1.3991599,1.4102308,1.3774635,1.3851206,1.4166822,1.3515761,1.3724055,1.4131017,1.4271989,1.39376,1.4305682,1.3339705,1.3771576,1.3982471,1.3844876,1.4128431,1.4139788,1.3529534,1.4172779,1.3657573,1.3811,1.4165593,1.4287115,1.4033167,1.4153014,1.3950944,1.4103435,1.3877894,1.3780732,1.3968648,1.412191,1.4090067,1.3753622,1.4008307,1.3957361,1.4200138,1.381259,1.4257407,1.4163606,1.3577023,1.4263586,1.4141625,1.3831078,1.4102198,1.4135615,1.4198627,1.4321576,1.4354529,1.348775,1.4117072,1.4044087,1.4442166,1.3826122,1.3962585,1.403918,1.3523823,1.3707926,1.4068848,1.391029,1.390986,1.4196255,1.3928533,1.3994274,1.4136928,1.377797,1.3994887,1.4000918,1.3945332,1.3730316,1.368944,1.3836313,1.3953311,1.3709321,1.3703163,1.3979436,1.41601,1.3692054,1.3809376,1.4025154,1.380863,1.4038467,1.3928502,1.3821557,1.4240918,1.3849542,1.3945158,1.4266387,1.4524378,1.3797911,1.410744,1.3495674,1.4179499,1.4199421,1.3845396,1.3829731,1.4208242,1.4184649,1.3903941,1.413368,1.4154097,1.3987143,1.3726369,1.3632615,1.3632406,1.3776866,1.3876016,1.3728552,1.3835117,1.426748,1.3624625,1.4184026,1.4192874,1.3949348,1.3697673,1.4026026,1.3895282,1.4198961,1.4248329,1.371679,1.3638577,1.4070632,1.4194598,1.419893,1.4099836,1.3886464,1.4164902,1.37514,1.3955947,1.3513951,1.392868,1.414287,1.3987937,1.396676,1.4410943,1.3765486,1.4210063,1.3965805,1.3614969,1.3943222,1.3968765,1.40189,1.4231474,1.3665215,1.3551991,1.3794191,1.4141243,1.399734,1.393987,1.4151288,1.4065708,1.4667915,1.3839066,1.4238044,1.422044,1.3848045,1.4023979,1.3981186,1.414013,1.3686898,1.4025749,1.3837953,1.3943387,1.3834445,1.3846412,1.3697863,1.3893402,1.4426396,1.3915448,1.3839453,1.3831664,1.4065485,1.3570255,1.3881649,1.347796,1.4109296,1.4148698,1.4187303,1.4251192,1.3835146,1.3990237,1.3804736,1.4010291,1.3839144,1.3720078,1.4117372,1.3793377,1.4082831,1.3849825,1.3890282,1.421584,1.3631691,1.3837384,1.3554175,1.3870246,1.3788689,1.3900896,1.4172453,1.3946428,1.4001341,1.3720845,1.3875631,1.4123032,1.3701947,1.3609313,1.390785,1.4550087,1.3746645,1.3868772,1.4002203,1.3566821,1.4088886,1.3895526,1.3962129,1.4444302,1.3707881,1.3870977,1.3717564,1.399384,1.3835576,1.4508303,1.4032543,1.3791308,1.4303982,1.4102862,1.4007158,1.3958257,1.3975121,1.4031888,1.3939241,1.4066757,1.4077152,1.4021866,1.4483892,1.3926286,1.3799642,1.406455,1.4061649,1.3791082,1.4074005,1.4279321,1.3659313,1.3814185,1.4385666,1.3909336,1.3845785,1.3927588,1.3948505,1.3724751,1.3799263,1.4197073,1.39243,1.3798536,1.4018857,1.411492,1.4089203,1.4386752,1.4230697,1.4187865,1.4035001,1.4278111,1.4084148,1.3895985,1.387013,1.4048893,1.3814815,1.4060954,1.4079754,1.4154941,1.3782499,1.3948076,1.3908714,1.3778504,1.453105,1.424065,1.4111401,1.389681,1.3948063,1.3901772,1.4132568,1.420128,1.3564022,1.4089615,1.4002582,1.3726851,1.3945006,1.3837624,1.3959981,1.3649654,1.4273052,1.375483,1.3505964,1.3873906,1.393649,1.3856288,1.4030756,1.4093118,1.3920954,1.4199432,1.4259739,1.3902678,1.3597457,1.4173194,1.4579396,1.3999429,1.3987504,1.4126995,1.390544,1.4001595,1.3825477,1.4160266,1.4206268,1.4256529,1.394864,1.35613,1.4165419,1.4126554,1.4116508,1.3920543,1.3777456,1.400837,1.4027781,1.4133543,1.3673375,1.3973203,1.3673134,1.4009908,1.4610244,1.3921099,1.3980662,1.4043667,1.4154726,1.3904098,1.371127,1.3970196,1.366901,1.374391,1.3824092,1.3699723,1.4212825,1.3965737,1.3578545,1.4235004,1.382591,1.4228725,1.3599751,1.3783705,1.386171,1.4201883,1.3966192,1.3737289,1.4230179,1.404355,1.3765717,1.3773594,1.410809,1.4148315,1.4055879,1.3706933,1.3968503,1.378646,1.3824339,1.3741195,1.4035605,1.4303336,1.4174066,1.3650204,1.4592737,1.3893657,1.4062649,1.4006432,1.3994541,1.3821689,1.4213357,1.3767444,1.390901,1.4039255,1.3797225,1.427089,1.3972948,1.4170398,1.3906288,1.3511581,1.4315379,1.4106728,1.4029821,1.4212657,1.3602558,1.3929232,1.4150163,1.4311836,1.4024501,1.4095086,1.4582165,1.4378438,1.4011408,1.4078817,1.4491686,1.3909518,1.4150995,1.4191384,1.4265555,1.3649325,1.3967055,1.4114267,1.4102831,1.4114379,1.3721226,1.3884234,1.3690822,1.3755157,1.3883158,1.3795367,1.4000967,1.3786478,1.3881218,1.4215444,1.4181807,1.381388,1.4006829,1.3873494,1.3871067,1.4418032,1.4185053,1.4033917,1.434722,1.4155332,1.3533876,1.4293982,1.4339534,1.3816867,1.3983046,1.3664558,1.3888316,1.3752387,1.4030676,1.4035543,1.3817366,1.4023857,1.406105,1.3817223,1.373003,1.4300654,1.3906486,1.4048226,1.3938063,1.3992372,1.4035255,1.4070486,1.4049274,1.4171575,1.4179385,1.3891873,1.3751477,1.4030464,1.3796968,1.4010789,1.374726,1.4164524,1.379925,1.3988448,1.4082566,1.378766,1.3676189,1.3835223,1.4074774,1.4701803,1.4086233,1.3530599,1.4143987,1.3798385,1.3915563,1.3896601,1.3691901,1.428483,1.4202396,1.4196109,1.4214902,1.3797247,1.3926936,1.3972605,1.4118683,1.4021332,1.4001683,1.4256636,1.4196726,1.4091836,1.4167352,1.3524706,1.3758576,1.3976724,1.3990296,1.3919612,1.4236456,1.3866475,1.4168352,1.389965,1.4110501,1.399184,1.4134448,1.385925,1.366443,1.3906212,1.4290372,1.3721116,1.4115387,1.4012839,1.4237564,1.3799616,1.4300145,1.3927742,1.4102886,1.3547689,1.3938354,1.4126121,1.3887442,1.3700417,1.3811891,1.3950163,1.4038361,1.4197289,1.3853475,1.3765142,1.3879963,1.3768752,1.4129499,1.3841487,1.3864112,1.3738819,1.4051995,1.4163759,1.4064393,1.4558637,1.3773217,1.3647434,1.3886786,1.3932954,1.3852208,1.4130967,1.4026104,1.3736097,1.4154793,1.3971404,1.3722157,1.3963089,1.3867145,1.4143445,1.3925295,1.4053812,1.4513971,1.4034668,1.4141273,1.4130831,1.3998345,1.4213305,1.3702114,1.3996544,1.3840519,1.3905443,1.3848112,1.4117352,1.3887166,1.3853937,1.4252638,1.4069589,1.408652,1.408826,1.433397,1.4414026,1.4106258,1.3469013,1.3865198,1.3650026,1.3674042,1.3348199,1.4043509,1.3624988,1.4083867,1.4150721,1.4026319,1.3455328,1.380661,1.3753442,1.3999577,1.4352183,1.3965664,1.4208893,1.4039978,1.3860726,1.4381837,1.3840537,1.3499634,1.4121724,1.4213406,1.3950187,1.365988,1.3919768,1.3890891,1.3812615,1.3613272,1.4092267,1.3987131,1.3972083,1.4122497,1.3903855,1.395601,1.3946736,1.401678,1.3839462,1.4093988,1.3792385,1.4108996,1.4233156,1.3586764,1.4094971,1.4017888,1.4013275,1.4126348,1.3749968,1.4122213,1.3970324,1.3732773,1.422297,1.3778874,1.4005384,1.4249964,1.4156648,1.3978158,1.3942957,1.3736405,1.4043459,1.3683388,1.3635705,1.394098,1.4062043,1.4132097,1.4264973,1.3755194,1.4022316,1.4000399,1.3738039,1.3880723,1.3698337,1.4015235,1.3843209,1.3946555,1.4057257,1.3812172,1.402438,1.4069201,1.4224999,1.3803718,1.3776133,1.3658057,1.3937877,1.3793763,1.4238604,1.4048175,1.4233321,1.4243082,1.3972533,1.4069676,1.3742484,1.4249567,1.3836094,1.359816,1.4297507,1.3669047,1.3613287,1.3736671,1.4050239,1.3987916,1.4034998,1.4269683,1.3546877,1.4316145,1.3793619,1.3974004,1.3784813,1.4005828,1.3880582,1.3148602,1.3983213,1.4318893,1.4070096,1.4074192,1.3800595,1.4235613,1.4154093,1.3885787,1.3901995,1.4063574,1.3731827,1.3564107,1.3523219,1.390598,1.3715255,1.3833994,1.4218571,1.3847742,1.4126015,1.4120802,1.3914093,1.3884048,1.4121786,1.3888693,1.4167138,1.4001902,1.3779564,1.4340478,1.3805797,1.4107698,1.400851,1.3869687,1.4246417,1.384439,1.380874,1.4058517,1.370552,1.3947663,1.4190254,1.3911792,1.3753595,1.4205208,1.3933672,1.3830764,1.4049048,1.3766972,1.4081051,1.3671435,1.4199576,1.3979486,1.3935155,1.4091976,1.3846618,1.4071841,1.4089346,1.411469,1.3587145,1.404792,1.3904517,1.4004343,1.3966862,1.4064335,1.3593909,1.3856531,1.3790272,1.4289658,1.4059606,1.3989167,1.3770642,1.3614178,1.3642788,1.3989804,1.4455409,1.407993,1.4083891,1.4307482,1.3964806,1.3920451,1.3781075,1.390363,1.4196453,1.4011283,1.4207671,1.3867602,1.4129522,1.4109945,1.3816233,1.4414321,1.4088426,1.392875,1.4390402,1.4256744,1.3965521,1.4083039,1.401154,1.4252498,1.4032542,1.3706793,1.368661,1.3582507,1.3846288,1.367886,1.3977896,1.3853532,1.3959507,1.418031,1.4247572,1.4011958,1.4095266,1.4067109,1.3898686,1.3927932,1.3694376,1.4041122,1.4217149,1.3552576,1.3866429,1.4119022,1.4312662,1.3608811,1.4354802,1.4038283,1.4374878,1.3873578,1.3890791,1.4133346,1.38977,1.3680573,1.4142714,1.4176928,1.4057367,1.4493293,1.3848017,1.4110147,1.4147036,1.3724777,1.4084339,1.3855541,1.4089569,1.4062829,1.4304577,1.3932852,1.4116638,1.3727679,1.369179,1.3805158,1.3899285,1.3998091,1.3816907,1.4052534,1.402464,1.3510925,1.4085966,1.4134369,1.3667523,1.3962299,1.418638,1.3928671,1.3785617,1.3556346,1.3959461,1.374707,1.3815761,1.3668491,1.4019116,1.4186816,1.3934005,1.376703,1.3744988,1.3850597,1.3946092,1.3932123,1.417034,1.3702615,1.3975936,1.3487957,1.4128834,1.4143246,1.395363,1.4047041,1.3957641,1.3715608,1.3601652,1.3732752,1.3779645,1.4011078,1.4200648,1.4032862,1.4046417,1.3731834,1.4172534,1.395615,1.4181792,1.415555,1.3916286,1.439824,1.407014,1.4302979,1.4446782,1.4123964,1.3929472,1.4021062,1.4346567,1.4017549,1.3632263,1.4120692,1.4118664,1.3729794,1.3957276,1.3958741,1.4005204,1.345185,1.3865398,1.3944525,1.3843353,1.372675,1.41969,1.3884895,1.3954957,1.418925,1.3736825,1.4115534,1.4002347,1.4091002,1.400533,1.3608549,1.3852446,1.3890805,1.3883553,1.3787625,1.4017823,1.4259192,1.4044735,1.4059907,1.4569315,1.3839507,1.4043784,1.3920819,1.4260587,1.4305631,1.3916636,1.3549784,1.3706018,1.3714697,1.4193587,1.3873975,1.3822165,1.4319166,1.3922645,1.323292,1.4041902,1.3973225,1.3977113,1.4260949,1.374126,1.4384296,1.3509014,1.3735731,1.3913487,1.4095107,1.3803892,1.3786159,1.3922511,1.4235412,1.391777,1.3812208,1.3796216,1.3980736,1.349703,1.3993524,1.4138011,1.4168156,1.3724536,1.3874723,1.3997083,1.4063383,1.3817129,1.3632687,1.3891125,1.3826956,1.3762065
1.7987905,1.7619442,1.7171166,1.7603523,1.7087666,1.7356628,1.7915795,1.7385191,1.7531902,1.7365001,1.7482325,1.7885715,1.7604625,1.7432551,1.7623618,1.7329524,1.753541,1.747485,1.7355144,1.7567511,1.760618,1.7393494,1.7896993,1.7560693,1.694731,1.7913926,1.7525696,1.7664992,1.7446777,1.7016565,1.7905916,1.754994,1.7251784,1.7533283,1.7504618,1.7562528,1.7729682,1.7555895,1.7498012,1.7413554,1.7518611,1.7860978,1.7559043,1.7647899,1.7383258,1.7639009,1.7967156,1.7722389,1.7609916,1.7552222,1.7548753,1.7732317,1.7792071,1.761769,1.7872759,1.6932629,1.7552722,1.7505642,1.7148421,1.7320336,1.7280041,1.7696658,1.7173706,1.7526743,1.7755705,1.7176722,1.732988,1.7592801,1.7613065,1.7519993,1.7504239,1.7515372,1.7760813,1.7569755,1.7703979,1.7303154,1.8060743,1.7330242,1.7432034,1.7948915,1.715068,1.7792008,1.7163839,1.7707658,1.7645004,1.7439342,1.6991217,1.7509958,1.7053807,1.7924571,1.7518206,1.7581992,1.7797755,1.7732652,1.7664602,1.7330062,1.7613765,1.7121019,1.7611847,1.7205702,1.7443005,1.7599175,1.7371258,1.7958965,1.7171638,1.7716589,1.739291,1.7178174,1.77553,1.7771373,1.7337102,1.7188506,1.7042415,1.768907,1.7646574,1.7376102,1.7653941,1.7270241,1.7849532,1.7612867,1.7440872,1.7212696,1.7148002,1.730025,1.7253515,1.7644837,1.7430953,1.776811,1.7440631,1.7825134,1.7896178,1.7100552,1.7429006,1.7426512,1.7660189,1.7626392,1.7519814,1.7669672,1.8030097,1.765909,1.7452316,1.6710583,1.7439595,1.7149905,1.7680893,1.7670248,1.7284316,1.7560215,1.7725761,1.7335341,1.7382828,1.7754925,1.7671499,1.7212716,1.7835523,1.7073456,1.7181753,1.7381365,1.7448957,1.7452655,1.7578979,1.7921857,1.7556932,1.7607119,1.7380065,1.6920485,1.7001932,1.7635336,1.7711469,1.7677294,1.7940755,1.7118136,1.763443,1.7807558,1.7522793,1.7247435,1.7599459,1.7630192,1.7851013,1.7640662,1.7158717,1.6983494,1.763739,1.7615944,1.7287536,1.742396,1.745028,1.7596123,1.7388725,1.7401997,1.7914534,1.7245617,1.7362854,1.7428296,1.7266414,1.7643151,1.740093,1.722776,1.7287453,1.7537603,1.6809102,1.7447191,1.7091746,1.8156024,1.7836595,1.7331052,1.7423903,1.7569872,1.7482858,1.7458723,1.7761656,1.7799296,1.7488961,1.7813146,1.7544379,1.7533181,1.7540324,1.6840751,1.7723744,1.733472,1.7861307,1.7785697,1.7239665,1.7212805,1.7851311,1.744705,1.7585765,1.7779157,1.7500241,1.769931,1.742543,1.7874448,1.7822447,1.7148004,1.7625179,1.7104397,1.7549074,1.7357647,1.747168,1.719427,1.7358942,1.747915,1.7299169,1.7649537,1.7792555,1.7766104,1.7552826,1.7826794,1.7334177,1.7654386,1.7824208,1.734704,1.7369169,1.7401097,1.7486356,1.7452855,1.7385,1.8000251,1.7839603,1.7240299,1.7518371,1.798204,1.7799091,1.7120218,1.7559657,1.7295554,1.7421386,1.7555039,1.8156738,1.7027912,1.773709,1.6899484,1.7434369,1.7720907,1.7919017,1.7698783,1.7247864,1.8001271,1.7892462,1.7310377,1.7718704,1.7495539,1.7022643,1.7332807,1.7957542,1.7424484,1.7811997,1.7373986,1.7491186,1.7030243,1.7487159,1.7794325,1.7087061,1.7835343,1.7263807,1.7711084,1.7331524,1.7209933,1.7159114,1.7761685,1.7687101,1.7705863,1.7825551,1.7122197,1.7802719,1.7476441,1.7409682,1.7542355,1.759158,1.725769,1.7425778,1.7322557,1.7059408,1.760695,1.7369505,1.7503463,1.7312075,1.7824671,1.7125998,1.763548,1.7682184,1.7188948,1.7655228,1.7399677,1.7415525,1.7372472,1.7267863,1.7638401,1.728084,1.7877129,1.7696283,1.7661793,1.7215436,1.7309873,1.7525948,1.7371788,1.7341259,1.7385066,1.7346113,1.774846,1.7435484,1.7659591,1.7637206,1.7789665,1.7204887,1.7404284,1.7512385,1.7245067,1.7392797,1.7611178,1.7329893,1.7460741,1.7638236,1.7132424,1.7560058,1.7488303,1.7246026,1.780449,1.7542464,1.797621,1.7679292,1.7839084,1.6816378,1.7803812,1.6867365,1.7398609,1.721433,1.772692,1.7199488,1.7653232,1.7827117,1.7636731,1.764,1.761457,1.774895,1.7548208,1.7494173,1.7647578,1.7242339,1.7218319,1.7205268,1.7012237,1.7251623,1.7169431,1.7122893,1.7859598,1.7498367,1.7328364,1.7466247,1.7221146,1.7564712,1.6891266,1.7647208,1.7661576,1.760543,1.7362474,1.7323955,1.7539428,1.730746,1.7445835,1.7114141,1.8076977,1.749179,1.7532557,1.7697788,1.7785885,1.7784595,1.7421479,1.7529896,1.745091,1.8057668,1.7312,1.7601187,1.785723,1.7869645,1.7624726,1.7659242,1.7378696,1.7269859,1.7244564,1.7394994,1.753408,1.7745391,1.7690974,1.7520533,1.7823006,1.756098,1.7315782,1.7407486,1.7446612,1.7429584,1.7943695,1.7446338,1.7571285,1.7926091,1.7935389,1.7419006,1.7380689,1.7349722,1.7262468,1.7730646,1.7616011,1.7735467,1.712976,1.7572563,1.7437762,1.7654969,1.7514746,1.7351499,1.7581356,1.7243482,1.7454103,1.7423947,1.7931052,1.7500122,1.741246,1.7044678,1.7480143,1.7339233,1.7537093,1.7799459,1.7598135,1.7316283,1.7126293,1.6988307,1.7742692,1.7617915,1.7613516,1.7480407,1.7459495,1.7475505,1.7314044,1.7612149,1.7886648,1.7421038,1.7286795,1.7437099,1.7419076,1.7554406,1.7377533,1.764775,1.7699566,1.7612246,1.734922,1.7581099,1.7572911,1.7315886,1.7338101,1.7631488,1.7697601,1.7551373,1.7705946,1.7216567,1.7926774,1.7577268,1.7338955,1.7242719,1.7948612,1.7263383,1.7818456,1.7232454,1.7331754,1.7867407,1.7834699,1.7716234,1.7320576,1.7477456,1.7153664,1.7678312,1.7292293,1.7510847,1.7105913,1.7216576,1.7444048,1.7553686,1.758054,1.7657504,1.7481153,1.754325,1.726971,1.7362466,1.7662762,1.7327884,1.767034,1.7276016,1.7477193,1.7167792,1.7912058,1.724205,1.7549068,1.7563094,1.7582722,1.7674413,1.7712377,1.7554657,1.7256203,1.7576168,1.7708752,1.7763674,1.7346883,1.7925938,1.7364483,1.7876581,1.7452378,1.7352593,1.7617254,1.7793102,1.7416656,1.7207317,1.7247705,1.755856,1.7471764,1.7575965,1.7102058,1.7479162,1.766232,1.7711135,1.7262944,1.7431997,1.7110643,1.7768605,1.7769731,1.7272261,1.7404037,1.722437,1.73403,1.7715578,1.7403942,1.7653656,1.7452091,1.7658727,1.7973552,1.7703038,1.7164345,1.7364557,1.7696519,1.7662233,1.7119527,1.7244169,1.7332122,1.7347922,1.7619808,1.7712506,1.7762166,1.7347674,1.7561256,1.7649254,1.7539974,1.774852,1.7634857,1.738491,1.7765727,1.7251027,1.7608211,1.7542318,1.7795985,1.7538384,1.7391804,1.7659192,1.7400571,1.74211,1.7721317,1.7232491,1.7117183,1.7643458,1.7537003,1.7520679,1.7377039,1.7569724,1.7235001,1.6759645,1.7340493,1.699236,1.7481678,1.7532132,1.7390841,1.7243569,1.7456796,1.7581769,1.7315187,1.7882168,1.7451491,1.7422638,1.7812339,1.7036121,1.753325,1.7497638,1.7042114,1.7175937,1.7549467,1.7936429,1.7326504,1.7464248,1.7381581,1.768852,1.7407992,1.7466389,1.7336177,1.816296,1.7269776,1.7776258,1.7693925,1.7496065,1.7657796,1.7536628,1.7513981,1.708058,1.7264756,1.7345417,1.765082,1.7576585,1.7536606,1.7253143,1.6728547,1.8206661,1.7408093,1.7459638,1.7445889,1.7424321,1.7780961,1.703788,1.7581042,1.7391381,1.7679614,1.7475905,1.7557936,1.7332649,1.7190048,1.7279028,1.7758274,1.7456911,1.7593497,1.7565517,1.7658397,1.7065911,1.7312909,1.714582,1.7490394,1.7583956,1.7524923,1.7778089,1.7215805,1.7602917,1.7707137,1.7875919,1.7625836,1.7118614,1.7419618,1.6992786,1.6981786,1.7184072,1.7816833,1.7717917,1.701571,1.8082106,1.7921284,1.7173104,1.7421855,1.75884,1.7269663,1.748463,1.7458467,1.7476308,1.7639084,1.7433914,1.7489743,1.7469995,1.7632563,1.753484,1.7674097,1.7418625,1.7786523,1.7674655,1.746047,1.7424468,1.7657294,1.7579337,1.702858,1.7743936,1.716748,1.7310411,1.724589,1.7190219,1.7187698,1.792913,1.7577077,1.7183352,1.7380714,1.7498041,1.7538315,1.7367548,1.7312242,1.7723804,1.7600958,1.7720671,1.7472866,1.7631603,1.7417207,1.8053089,1.7408397,1.7652774,1.7420124,1.7548938,1.7543739,1.7214658,1.6928303,1.7470604,1.7266581,1.7405685,1.7991145,1.7410914,1.792732,1.7790748,1.7320958,1.7611623,1.7474846,1.7078619,1.7996012,1.7180699,1.7053112,1.7518219,1.7560633,1.7468137,1.7804906,1.7438109,1.786085,1.7564298,1.720655,1.7654247,1.7487389,1.743159,1.7444458,1.7618154,1.7481573,1.7664421,1.6951768,1.7533292,1.7447323,1.7162728,1.7389134,1.742524,1.7175144,1.7661885,1.7544543,1.7288098,1.7785561,1.7062423,1.7241055,1.6987885,1.7464359,1.7488177,1.762851,1.7605175,1.7671565,1.7248242,1.6929778,1.7474834,1.7653503,1.7863353,1.7375115,1.7585506,1.7811313,1.7108057,1.7634029,1.7519019,1.7566136,1.7252425,1.7140231,1.7360797,1.7442856,1.7945391,1.7312827,1.7348868,1.7824407,1.7456148,1.7319608,1.7408433,1.7616954,1.7321001,1.7373657,1.7168843,1.7550464,1.7416619,1.7843335,1.7423048,1.7638572,1.7454033,1.7191083,1.7911118,1.7331197,1.7632998,1.7446082,1.7516841,1.7743449,1.743195,1.7437824,1.7517701,1.800682,1.757836,1.7486124,1.7223336,1.7213078,1.7665976,1.7828068,1.7708222,1.7104684,1.7211254,1.7832533,1.7149401,1.7295222,1.8272083,1.7266979,1.7446735,1.7444973,1.7465687,1.7244813,1.7769336,1.7799244,1.7887297,1.7807444,1.7149746,1.7745161,1.7804918,1.7334572,1.7578263,1.7591451,1.7674043,1.7843084,1.7875806,1.7543107,1.7689847,1.738897,1.7366112,1.7472663,1.6832826,1.7209963,1.7326669,1.770026,1.7397472,1.7417487,1.7383046,1.7441705,1.7205336,1.7283118,1.7749119,1.7456713,1.7344134,1.6668204,1.7739118,1.7546993,1.7298075,1.7386763,1.7401029,1.7467707,1.7472095,1.7698739,1.7229111,1.7410153,1.7769375,1.7400709,1.7132607,1.7627659,1.7426113,1.7266648,1.7447569,1.787992,1.7394387,1.7607286,1.7177569,1.7870945,1.7533919,1.7417102,1.7377094,1.7616144,1.7519951,1.7475302,1.7810102,1.785788,1.709129,1.7779566,1.7032505,1.7570188,1.7550718,1.7839077,1.7789878,1.7554325,1.7789541,1.7370034,1.6823702,1.7534878,1.7336507,1.7912939,1.7129673,1.7109338,1.7590929,1.7636545,1.7944524,1.7297802,1.7591594,1.7349734,1.7789426,1.7443787,1.7444956,1.6985674,1.7482125,1.71255,1.7446356,1.7902595,1.7229284,1.7922992,1.8054407,1.7361898,1.7280109,1.7588463,1.7633357,1.7356027,1.7380381,1.7328646,1.7236902,1.7503997,1.7500561,1.7596296,1.7799999,1.7046356,1.71217,1.7703252,1.7239418,1.7274014,1.7188389,1.7957535,1.7572147,1.7656378,1.7724007,1.7403961,1.7789792,1.738128,1.7437991,1.812484,1.7600532,1.7411003,1.7530438,1.7367923,1.7509489,1.7589824,1.758133,1.7479837,1.7477224,1.7480879,1.7645274,1.7360942,1.7517421,1.7273822,1.7576324,1.7308757,1.7394603,1.8021811,1.7556309,1.7583227,1.7484471,1.7450587
0.635919,0.6312144,0.61152244,0.61105406,0.6563924,0.64677656,0.63513076,0.6494362,0.63036484,0.63293386,0.64614713,0.64569926,0.64407486,0.69050604,0.6095958,0.67179966,0.6683455,0.67687243,0.67432266,0.61555314,0.6157916,0.6364109,0.62578523,0.6294179,0.627602,0.6503638,0.65642184,0.6725311,0.5922614,0.7096671,0.639202,0.6384846,0.66629386,0.67306834,0.62977207,0.6602439,0.6576556,0.62499654,0.6282883,0.6379695,0.64578754,0.6369585,0.63346255,0.65077454,0.6331495,0.625868,0.6453756,0.6584872,0.61912084,0.66835994,0.7003264,0.6451869,0.6146359,0.6743755,0.61439687,0.67449117,0.6254374,0.63744754,0.64555156,0.66717756,0.6517352,0.669745,0.6520021,0.6624821,0.6121374,0.6635179,0.6699113,0.60688925,0.67004514,0.62865454,0.6320587,0.66844314,0.65862846,0.6947108,0.6431378,0.69932526,0.6306366,0.6336943,0.6575477,0.6445841,0.6547191,0.6658362,0.6708007,0.63685757,0.64872426,0.67611027,0.6038492,0.6178582,0.6288162,0.65121037,0.62102264,0.6179731,0.65004206,0.6651638,0.650188,0.6615272,0.6377812,0.65841657,0.64077187,0.6407976,0.70172566,0.64583147,0.6308349,0.640524,0.65836596,0.64201725,0.6260809,0.61268246,0.6025304,0.65969545,0.6656708,0.63088214,0.642432,0.64476335,0.6816298,0.626784,0.63312525,0.67037255,0.638169,0.6257569,0.68936205,0.6692657,0.6846769,0.70160794,0.6758773,0.6426296,0.6503816,0.65652883,0.6272863,0.6326541,0.65107656,0.68234754,0.62081456,0.69640094,0.69819885,0.616324,0.6449755,0.6318851,0.61736244,0.63388276,0.6104883,0.64610404,0.6611465,0.6314845,0.64771134,0.68071276,0.63652146,0.65156424,0.6521049,0.6199212,0.6519786,0.66010547,0.6789241,0.66803885,0.6417339,0.6803264,0.66329104,0.6290466,0.69491297,0.6435223,0.6544562,0.6300584,0.6575954,0.6279386,0.6581417,0.65492934,0.6445777,0.6884324,0.6387075,0.6414225,0.7040057,0.6408395,0.6174615,0.6570397,0.6398701,0.6219764,0.6048484,0.61431324,0.65516436,0.6381744,0.658908,0.6280526,0.6245575,0.67471504,0.6693892,0.63714874,0.6300299,0.6360821,0.6535618,0.64849794,0.6425987,0.6625501,0.6171031,0.6599422,0.6640969,0.6764877,0.6747692,0.6751309,0.6262271,0.6805912,0.6405035,0.65053815,0.6461564,0.61576474,0.64507806,0.6673745,0.64565843,0.58347,0.6360031,0.64281416,0.6381624,0.6262744,0.6271337,0.6118724,0.6522855,0.6640192,0.6627072,0.68118584,0.58297175,0.6478049,0.6516316,0.6131132,0.6849013,0.63856167,0.66388386,0.66180575,0.63166165,0.64643544,0.6601026,0.6467708,0.61007893,0.66603935,0.66300815,0.61206794,0.67043793,0.6302353,0.6295515,0.6693338,0.68598884,0.6518893,0.6497922,0.61641675,0.6295571,0.6322172,0.6219191,0.6196727,0.6421338,0.6459459,0.65839946,0.6640173,0.65409404,0.614199,0.6289733,0.6410761,0.63266945,0.69402516,0.6297787,0.57246304,0.6300895,0.6110567,0.67031276,0.6705425,0.6661207,0.60146904,0.67442405,0.66343635,0.63973194,0.6517969,0.63939816,0.657202,0.67181134,0.6086383,0.6244622,0.6838218,0.6577332,0.6537251,0.6742513,0.62174314,0.60820806,0.67250323,0.65807754,0.64126706,0.6943159,0.63202256,0.6433214,0.65309846,0.62688917,0.6563012,0.6923287,0.65612453,0.6397399,0.64112765,0.6699792,0.6525794,0.6064524,0.644039,0.6382997,0.6401892,0.6223911,0.6387882,0.6731707,0.6411853,0.63354796,0.66713357,0.6662473,0.6450666,0.6393434,0.60567033,0.65289503,0.6892261,0.71673095,0.6712824,0.64149886,0.63918734,0.5778145,0.6522074,0.6312059,0.6536812,0.67797256,0.6673584,0.6572183,0.6612095,0.6911334,0.67386293,0.6195681,0.6301247,0.63755894,0.6607229,0.6170831,0.64183736,0.677989,0.6146419,0.6249202,0.6642389,0.5937059,0.60869026,0.67309815,0.6669025,0.6330035,0.6485126,0.69862545,0.6756259,0.65422225,0.66481745,0.6616922,0.641434,0.6256828,0.6773065,0.6530807,0.6639377,0.6792526,0.6272204,0.67932963,0.6205895,0.6704028,0.6215763,0.6894372,0.6311602,0.6409544,0.64654195,0.6489186,0.6542081,0.63632363,0.63009536,0.6989835,0.6681573,0.634413,0.6686937,0.62618774,0.6634141,0.62786496,0.64717525,0.6389325,0.6592049,0.62509876,0.61646545,0.6343366,0.64229566,0.65963745,0.6644913,0.65665805,0.6572795,0.7070392,0.6275889,0.6583223,0.58834845,0.63197106,0.63221925,0.65226835,0.6609943,0.6448953,0.65768695,0.67915756,0.64978844,0.65345776,0.59376156,0.6611374,0.67831993,0.6567983,0.6658291,0.6367199,0.60141015,0.6207529,0.62333775,0.63941455,0.61456084,0.67261964,0.67940646,0.65634465,0.6302537,0.63455963,0.6321121,0.6519333,0.6838082,0.6575642,0.6440481,0.6465192,0.6610031,0.6657339,0.67863214,0.65105736,0.6617456,0.67119306,0.65571237,0.66691816,0.6255961,0.6529143,0.62548155,0.66250306,0.6672847,0.63253164,0.64451134,0.7236275,0.6260889,0.6402005,0.6451797,0.63539094,0.6517061,0.68992144,0.6237193,0.6601692,0.64833707,0.66054875,0.65844834,0.62970775,0.60323507,0.6293506,0.64903545,0.6158962,0.6028922,0.64606714,0.6156927,0.6537731,0.63952625,0.64556146,0.6240411,0.6498462,0.63333917,0.63724136,0.6364565,0.63130563,0.65146184,0.6928999,0.66147494,0.67295307,0.6242806,0.6704994,0.67153245,0.6340638,0.6737848,0.64749354,0.6529863,0.6452673,0.6885203,0.64304453,0.63076293,0.6522576,0.6542431,0.6235331,0.6680088,0.64195776,0.6393578,0.615469,0.6474838,0.63212293,0.6538088,0.6672114,0.6274356,0.62121487,0.6802844,0.58454335,0.6900279,0.6450022,0.61302483,0.6299108,0.6743324,0.64225906,0.6576411,0.6467373,0.6262314,0.66262317,0.5858333,0.6210909,0.7114636,0.62964875,0.63749963,0.6509391,0.6793298,0.67071897,0.5999785,0.5877304,0.6440793,0.69439256,0.6686128,0.6706351,0.6235155,0.64687127,0.6357397,0.66231465,0.64406216,0.65897006,0.64144033,0.6534102,0.5712293,0.6633052,0.63609457,0.68270147,0.64627475,0.6353632,0.643583,0.6434317,0.64293766,0.6483301,0.6758207,0.62656736,0.64279103,0.6298294,0.67045283,0.61592263,0.66667455,0.6067244,0.60131824,0.646061,0.634721,0.6439467,0.6632474,0.62843144,0.6236119,0.66521055,0.6922245,0.6503905,0.6696098,0.6465543,0.6551419,0.65547216,0.644144,0.634015,0.678079,0.6613011,0.62596786,0.64524484,0.65154725,0.6456664,0.6504142,0.62793154,0.65746367,0.6444306,0.6483772,0.61326253,0.6041705,0.6724763,0.6414238,0.62284714,0.65083873,0.6250666,0.68927014,0.6706537,0.6534273,0.6646635,0.6220968,0.6809208,0.60953814,0.636363,0.64324427,0.63183373,0.65666455,0.648987,0.6845972,0.6596593,0.65335125,0.643202,0.6628821,0.66451895,0.6234435,0.6329247,0.6244469,0.6541402,0.6257135,0.6487437,0.6466369,0.63554806,0.6175885,0.67286885,0.6519878,0.6747266,0.6654595,0.6767214,0.62001085,0.6057552,0.6837888,0.6524026,0.6051411,0.6799995,0.6188488,0.63579535,0.6476681,0.61136115,0.6516523,0.6465309,0.6578026,0.6959803,0.6591411,0.6369274,0.6514022,0.6416839,0.64049715,0.6560821,0.69599205,0.6566684,0.63617736,0.65605855,0.6823604,0.6558157,0.6661303,0.6484348,0.61716837,0.6456081,0.67440146,0.61446387,0.6755997,0.6731509,0.62924045,0.6649965,0.66302586,0.6640454,0.6903624,0.66417277,0.62884283,0.6174164,0.6384917,0.6418042,0.6405042,0.68603104,0.664564,0.64254445,0.65637326,0.6503588,0.66448396,0.6736982,0.6088958,0.7245657,0.6431123,0.6946298,0.62139076,0.66238874,0.6860311,0.6377216,0.6585554,0.62952256,0.6540653,0.65213186,0.6419244,0.603116,0.6487691,0.66830754,0.65465564,0.64078593,0.64793086,0.63565344,0.6892714,0.6426258,0.60879385,0.65773296,0.6489242,0.5890215,0.63304657,0.61652374,0.6616027,0.6281178,0.65276515,0.620555,0.67462134,0.6341868,0.61815983,0.62365556,0.671622,0.67111874,0.6180108,0.7152629,0.66761404,0.6548879,0.63032836,0.67389715,0.5894109,0.63076943,0.6611886,0.56412834,0.63524663,0.6527742,0.64450866,0.6125685,0.60213536,0.6606246,0.64812034,0.67586815,0.6118016,0.63135684,0.58948225,0.65794635,0.63241535,0.6794323,0.6902071,0.6959194,0.65482867,0.6669372,0.64536166,0.66317827,0.63986176,0.6515677,0.66772944,0.6473477,0.6626687,0.6759357,0.63426435,0.6801487,0.6659375,0.6610316,0.6430079,0.6567009,0.6734796,0.6224964,0.5913937,0.6888451,0.656865,0.6486885,0.6290203,0.6599106,0.65963906,0.659173,0.6555634,0.6089049,0.62569827,0.664617,0.6520753,0.61472636,0.67211866,0.6936616,0.66134775,0.64779717,0.63455427,0.6832802,0.6041268,0.6336422,0.6334881,0.675764,0.6336696,0.5992948,0.6610899,0.6648629,0.6506016,0.63659656,0.62130094,0.63986766,0.6914223,0.66927624,0.63866025,0.63456386,0.6402564,0.69688845,0.6070608,0.65105844,0.65158206,0.67582166,0.6413641,0.6484213,0.66732347,0.67992306,0.63906646,0.6634058,0.62960166,0.6617036,0.6429297,0.64842707,0.61463875,0.60855687,0.6671696,0.6235864,0.6287039,0.6320312,0.6075135,0.65486443,0.68415254,0.66186136,0.6696862,0.62855184,0.6185422,0.6375498,0.6631117,0.62006986,0.66355085,0.68037367,0.631384,0.6290407,0.6245223,0.6521224,0.6381596,0.65312415,0.6387316,0.66400653,0.6540704,0.67028105,0.63306284,0.67485213,0.62592584,0.61669487,0.68196195,0.6645932,0.6728004,0.62858117,0.6367794,0.61886644,0.65941167,0.6604165,0.6539783,0.6356875,0.61637545,0.64779,0.62689054,0.68481463,0.66786796,0.6858761,0.6345666,0.6038383,0.61875296,0.6409209,0.7070379,0.63545823,0.6817287,0.6485935,0.63646144,0.6252871,0.65497285,0.61472887,0.64957404,0.61900914,0.6348513,0.6818608,0.59008676,0.6082977,0.58267075,0.6544897,0.6336504,0.65618914,0.6783077,0.64218795,0.6416658,0.62822545,0.64839077,0.6070603,0.61201453,0.6265767,0.6384452,0.617301,0.6505528,0.64551187,0.64972216,0.66503876,0.6915183,0.67972636,0.66324484,0.69143885,0.62912685,0.62815493,0.64603657,0.68106973,0.63474274,0.6352916,0.63281673,0.6276411,0.65799034,0.63248336,0.6440107,0.7094204,0.64505994,0.69288254,0.63399756,0.59882164,0.66438603,0.6557713,0.65673596,0.6623958,0.6393639,0.6804386,0.6443614,0.66942465,0.61956555,0.6211868,0.67454284,0.6320312,0.63386935,0.6687934,0.64560646,0.7043622,0.6429384,0.6730404,0.70935535,0.6518569,0.62620217,0.646655,0.6473588,0.63582915,0.68036795,0.6435802,0.62885785,0.66750133,0.6298453,0.6407082,0.59460807,0.6652124,0.682732,0.61501426,0.65168303,0.66571057,0.6576163,0.62397677,0.638514,0.63343674,0.6327803,0.6500128,0.64742213,0.71831644,0.6494294,0.6459606,0.71206015,0.606581,0.6613086,0.686157,0.6166978,0.6797434,0.6061826,0.6758129,0.6480788,0.637722,0.6447711,0.6457066,0.6455922,0.66240704,0.6256287,0.7132431,0.623868,0.6325551,0.60767806,0.62768847,0.678277,0.67270786,0.673806,0.6462703,0.6406949,0.5974712,0.64775956,0.6586982,0.6171072,0.6439618,0.6629487,0.63072294,0.6286314,0.67385596,0.6496286,0.6635617,0.6760386,0.6522066,0.67478716,0.66363764,0.6487834,0.6277933,0.6282328,0.6495497,0.65884346,0.63712686,0.5907465,0.6518702,0.65423214,0.63875353,0.64813405,0.655644,0.6105366,0.5864428,0.6503373,0.6586098,0.6273747
