0.79177046,0.7885413,0.7848495,0.7923944,0.79597646,0.78886086,0.79256266,0.7939473,0.7967861,0.78888756,0.7896625,0.7915722,0.7943964,0.79355246,0.7895453,0.79241055,0.7823577,0.7905906,0.79669744,0.794791,0.7986756,0.79550344,0.79011047,0.7873179,0.7939511,0.7908126,0.7837647,0.79407066,0.78788924,0.7910774,0.7998284,0.79102784,0.7940942,0.7875781,0.79769766,0.78992903,0.78580654,0.79163396,0.80199957,0.7920641,0.7955775,0.79884285,0.79436994,0.79503316,0.7844806,0.8005022,0.79781544,0.79591715,0.79484737,0.7920581,0.79629433,0.7979978,0.79576266,0.7957994,0.80534786,0.7949715,0.7895181,0.7993611,0.78489876,0.78945184,0.79304,0.79861116,0.7975302,0.7931651,0.7896427,0.7889368,0.7882369,0.79126894,0.79393244,0.7863946,0.79172856,0.80166465,0.7883334,0.79862154,0.79858655,0.7932506,0.7917103,0.79123443,0.7945901,0.80232894,0.7930487,0.79664713,0.79755735,0.79465824,0.7825229,0.7948018,0.79388046,0.7958817,0.7944028,0.79859805,0.7918508,0.7931283,0.78998196,0.7897797,0.7928799,0.78565824,0.79654914,0.7989439,0.7925618,0.80337125,0.8045126,0.78522915,0.790807,0.78880703,0.7898387,0.7976958,0.79384017,0.78958845,0.79404193,0.80209184,0.7914686,0.7912345,0.79704595,0.7919602,0.7926712,0.78904724,0.7904404,0.78913075,0.7920497,0.7951631,0.79304415,0.7955711,0.78565097,0.7847511,0.79249936,0.793629,0.78952855,0.79633474,0.7923286,0.7929186,0.796983,0.79177713,0.79453385,0.7978983,0.78722596,0.78691,0.7950154,0.79267997,0.7938938,0.79936075,0.79536355,0.78631824,0.79260856,0.7816076,0.7862277,0.7847001,0.79504865,0.803176,0.79163265,0.7877454,0.79252136,0.7966839,0.7921257,0.7929806,0.78850716,0.7905851,0.7941657,0.8067872,0.80349535,0.78743386,0.79169524,0.7993106,0.78540695,0.796003,0.7940007,0.78802705,0.79521644,0.7902015,0.79020685,0.7933409,0.7986514,0.7977332,0.79683954,0.7983105,0.7952594,0.80436736,0.790933,0.7980725,0.79393095,0.7893258,0.7871057,0.7871072,0.7923434,0.79528135,0.7942988,0.80434734,0.79499793,0.7883879,0.7889943,0.80007285,0.7898748,0.792781,0.79611844,0.79039687,0.7885715,0.7893622,0.78597814,0.79388386,0.7826722,0.7943446,0.7954811,0.79379314,0.79020655,0.79463243,0.7972132,0.78771377,0.79196715,0.7996358,0.78804594,0.80182296,0.7895977,0.804236,0.7968738,0.79379827,0.8000786,0.79964036,0.7929451,0.8007995,0.7992773,0.7908453,0.79629713,0.7871078,0.7904434,0.79385203,0.78910965,0.78677803,0.79451346,0.79382026,0.79632986,0.7996355,0.79032713,0.8041869,0.78944045,0.7962096,0.779901,0.8003671,0.7946265,0.79141134,0.795811,0.7900056,0.7870125,0.80017257,0.80136377,0.79207945,0.78427637,0.7913429,0.7857922,0.7893301,0.7982669,0.7924798,0.7923803,0.7941251,0.80067223,0.7871852,0.79275024,0.79928136,0.7963116,0.79736304,0.79843277,0.7960718,0.8062552,0.79485613,0.7963673,0.7888928,0.79071796,0.7951482,0.79923254,0.7903818,0.79248583,0.789555,0.78942853,0.7941906,0.7937876,0.78455997,0.79153395,0.79054576,0.7988447,0.80271864,0.79037523,0.794072,0.78930765,0.78788793,0.7947232,0.8029939,0.7917763,0.7922473,0.7866637,0.7917299,0.7955716,0.8015117,0.79031956,0.78684247,0.78535974,0.7973485,0.7950297,0.79380774,0.7916446,0.7937279,0.79562324,0.7925671,0.7885715,0.7842977,0.8012819,0.7956688,0.7895616,0.7797848,0.7988008,0.7912,0.7861455,0.7874811,0.7933387,0.7885935,0.79423076,0.79226077,0.785188,0.7938554,0.7943079,0.791437,0.79311556,0.79244685,0.7988527,0.7923662,0.803491,0.7965501,0.7912567,0.7897299,0.78699404,0.78425986,0.7911711,0.79212844,0.80321115,0.791901,0.79336977,0.78919977,0.7949245,0.7919966,0.790926,0.7864562,0.7986123,0.78424376,0.7927523,0.7831311,0.7928884,0.78906673,0.7972558,0.79455036,0.7860895,0.8031902,0.79327226,0.79316175,0.78838366,0.79238355,0.7951612,0.7925029,0.7902493,0.79627436,0.7938714,0.7969366,0.7993722,0.7941177,0.790005,0.7938232,0.79049355,0.7993648,0.79378927,0.7998255,0.79081035,0.7981606,0.79906535,0.794259,0.7980154,0.7972749,0.78260255,0.80206156,0.7853812,0.7953575,0.79403657,0.7849257,0.7994794,0.7911264,0.7967157,0.79380506,0.8006306,0.79652894,0.79533,0.7926257,0.8046296,0.7960762,0.7898239,0.79262364,0.79799,0.7937102,0.7973682,0.7950103,0.79575723,0.7918898,0.79181665,0.7864141,0.78842664,0.7863207,0.7825965,0.7934967,0.7904625,0.7937403,0.79404134,0.78870267,0.79304063,0.79093325,0.7890928,0.7922623,0.7908728,0.7897781,0.79589033,0.7931793,0.78812444,0.7983896,0.794401,0.79638875,0.78745234,0.7975258,0.7946804,0.7934971,0.78895044,0.7915279,0.80017626,0.79481393,0.78868383,0.795003,0.7931017,0.7942856,0.7934287,0.7968477,0.7885589,0.7988077,0.7950328,0.7958244,0.7860699,0.7890798,0.7940215,0.7902654,0.7924356,0.7879487,0.7964134,0.799268,0.7920058,0.7937472,0.7917735,0.7855195,0.7968488,0.79644006,0.7903463,0.79080683,0.7910148,0.78386915,0.7905164,0.79352784,0.78548,0.7993725,0.7841179,0.7949833,0.7915567,0.80147547,0.79161954,0.78562516,0.7907599,0.7978153,0.7952942,0.79559124,0.7934339,0.79913527,0.80259913,0.7824248,0.7902803,0.7968541,0.7857566,0.80390996,0.7860917,0.79625404,0.7910675,0.7899507,0.7885725,0.79041845,0.7918391,0.7947813,0.78857356,0.8014472,0.80030805,0.8027274,0.790676,0.7805765,0.7894522,0.78150636,0.794696,0.78893864,0.7936106,0.79339844,0.79261035,0.79481125,0.7972413,0.78745747,0.79107344,0.79083294,0.7872049,0.7972713,0.7950194,0.7865248,0.80073905,0.7872952,0.7924949,0.79381907,0.78517956,0.79079,0.7889388,0.79788953,0.7922684,0.7898368,0.8054513,0.789388,0.7926785,0.79379004,0.7923633,0.79378134,0.7960849,0.79611474,0.7941012,0.79320127,0.7977929,0.7880018,0.78977007,0.7984055,0.7860504,0.80199367,0.78778034,0.79019904,0.7879158,0.79827785,0.7903539,0.7893782,0.78995764,0.799343,0.7899617,0.7870029,0.7877913,0.78842294,0.7949788,0.7877422,0.78386533,0.7952057,0.7991255,0.79635674,0.7957002,0.79253757,0.791155,0.79460627,0.7988772,0.78958696,0.7965431,0.79754937,0.7932582,0.7952763,0.7860935,0.7926327,0.78867894,0.79863733,0.7907457,0.78969866,0.79401696,0.797168,0.79888546,0.8060584,0.79290897,0.7941396,0.792065,0.7935971,0.79009193,0.7934501,0.78748536,0.7950632,0.7884814,0.78992623,0.79557514,0.7899802,0.7922649,0.7881248,0.7900686,0.78808016,0.7941053,0.7955003,0.7898214,0.7902741,0.79311097,0.78649575,0.7888484,0.7969227,0.795514,0.7923214,0.7944559,0.7926155,0.80279875,0.7931939,0.79695785,0.7968616,0.7965316,0.78597397,0.78937685,0.79269105,0.79373103,0.79292893,0.7946908,0.7892877,0.79272246,0.7937019,0.7985491,0.7952062,0.788645,0.79338384,0.8003143,0.7898109,0.78988963,0.79696846,0.79756904,0.7936271,0.78592724,0.7879128,0.7993954,0.79239655,0.7838266,0.7884324,0.7969127,0.78554374,0.7961997,0.7905196,0.79454625,0.79573244,0.7988935,0.7921091,0.7893498,0.78687763,0.79393846,0.7875845,0.79740626,0.7930895,0.7894242,0.8041448,0.79511964,0.79878825,0.78746927,0.79555553,0.78957516,0.7873891,0.79853,0.79378194,0.78848124,0.7971753,0.7903916,0.78884214,0.79485404,0.79035145,0.80136526,0.79437715,0.7947141,0.7842085,0.79937345,0.8021724,0.7911802,0.79258966,0.794828,0.7906335,0.80564046,0.7917422,0.78898793,0.79811114,0.791183,0.80111367,0.79764503,0.7948223,0.78887,0.79309726,0.7941975,0.79381895,0.7941388,0.7932322,0.7957396,0.8023557,0.7829361,0.7938818,0.7903446,0.7920703,0.7934885,0.79610693,0.79219127,0.78887683,0.7949137,0.78525406,0.78849506,0.8015287,0.7941402,0.7952383,0.79779106,0.7955757,0.78159016,0.7913378,0.7897446,0.7897955,0.7867824,0.7860445,0.7837886,0.79290503,0.79209036,0.78708243,0.798639,0.7960447,0.7887587,0.7964427,0.8021571,0.7880161,0.78849894,0.80288327,0.78366625,0.7943786,0.79578644,0.79822534,0.79670054,0.79233384,0.7894523,0.7958035,0.7837561,0.79761827,0.7917651,0.79111886,0.7925533,0.7986481,0.7880565,0.7992838,0.7944201,0.7901948,0.79385215,0.79232734,0.7975798,0.7935547,0.79205334,0.78691405,0.79268867,0.7850803,0.78727835,0.7972827,0.7977483,0.7911476,0.7939848,0.78711224,0.79607606,0.7955766,0.7905197,0.78944254,0.7950151,0.7998064,0.7858972,0.79294705,0.7925484,0.7974644,0.79511607,0.7893697,0.7928242,0.7979961,0.79321915,0.7945772,0.79426974,0.7888472,0.78801566,0.7978136,0.7925621,0.8013765,0.79009783,0.79280144,0.7978832,0.80124354,0.7978329,0.7944981,0.77721363,0.8027949,0.7964283,0.7889868,0.7823171,0.7913569,0.7923955,0.79863155,0.787233,0.79607254,0.7948286,0.7992255,0.79721737,0.7964696,0.79940087,0.79279417,0.792665,0.790319,0.79499775,0.7936495,0.79517084,0.78137684,0.79861385,0.79027766,0.79220116,0.7903643,0.7885882,0.7896828,0.7929326,0.7933063,0.79819274,0.7890379,0.79079616,0.79173285,0.79614353,0.7944356,0.7940645,0.79665244,0.78906536,0.7829827,0.7981316,0.7959257,0.79233223,0.79555714,0.791741,0.7920178,0.7895786,0.7910025,0.7911793,0.80024725,0.78863865,0.7901309,0.796198,0.7945556,0.7886454,0.7893916,0.7885147,0.79862434,0.7866812,0.7976871,0.78521377,0.78571236,0.7846302,0.7830328,0.7965895,0.7973489,0.78872067,0.79731923,0.7908781,0.79203045,0.78536826,0.7912689,0.7859224,0.7949878,0.8048748,0.78440595,0.7863635,0.7852604,0.7969755,0.7976966,0.78553,0.7941253,0.7896024,0.790221,0.78766286,0.7928146,0.799115,0.7941684,0.7916379,0.7914054,0.7904081,0.79338145,0.79426533,0.7859866,0.7836269,0.7843452,0.79355127,0.7931194,0.79634243,0.79360443,0.798607,0.7946008,0.8006621,0.79712176,0.7870058,0.7817758,0.78619564,0.7905541,0.7965769,0.7945358,0.7897723,0.7969774,0.79541904,0.79243094,0.7917827,0.7947622,0.79235446,0.7879892,0.7927514,0.78564125,0.7932762,0.7982216,0.7929749,0.7903951,0.789375,0.796469,0.7907486,0.7906411,0.79506624,0.7988033,0.7931154,0.7910319,0.79353887,0.7973869,0.7872093,0.7931873,0.7892314,0.78917974,0.79657704,0.791405,0.8018359,0.78383553,0.79591686,0.79210436,0.79114515,0.7928894,0.7914369,0.79882175,0.7900049,0.79816,0.7981645,0.7956664,0.79383534,0.80023766,0.7914028,0.78849494,0.789499,0.7940739,0.7884881,0.788357,0.7904351,0.7925387,0.7951957,0.7952472,0.7828421,0.78706783,0.7945035,0.8027283,0.7972661,0.80041105,0.7913321,0.7911038,0.7869098,0.7924897,0.79241776,0.7929215,0.7946804,0.7922057,0.8007185,0.79840785,0.7941728,0.7813303,0.7848658,0.78935933,0.7913824,0.79975986,0.78978586,0.790591,0.7966714,0.78765583,0.7936573,0.79491156,0.7940038,0.7938321,0.78422046,0.78437877,0.79520077,0.79411966,0.7924808,0.7983962,0.79585755,0.790908,0.796355,0.7982207,0.788961,0.78897846,0.7920802,0.7956967,0.7864489,0.789265,0.79440236,0.79446745,0.78754765,0.7891883,0.7959593,0.7940737,0.80249405,0.7940645,0.8017654,0.798939,0.7913998,0.798142
0.7441787,0.74720246,0.7427897,0.7447353,0.75233483,0.75086516,0.7458035,0.7519483,0.7408128,0.7458085,0.74019086,0.74309564,0.74242496,0.7436837,0.7449385,0.7428163,0.74671614,0.7426678,0.7450663,0.74358314,0.75199574,0.75082463,0.73679596,0.7541078,0.747966,0.7461303,0.7511234,0.74956894,0.7378372,0.74109995,0.7402399,0.7439801,0.7441782,0.74744964,0.753486,0.74280095,0.74386436,0.74431235,0.7475552,0.7484518,0.7464913,0.7505249,0.7408132,0.7515958,0.74376976,0.7483748,0.74839973,0.7532204,0.74258524,0.74955696,0.7526358,0.7535815,0.7404762,0.75143135,0.7416888,0.7431534,0.7498892,0.74971277,0.7457705,0.749145,0.75226605,0.747897,0.7423745,0.750956,0.7483201,0.7490484,0.74440485,0.74681777,0.7458239,0.74765027,0.7418632,0.74900335,0.74141806,0.755405,0.75151247,0.7398634,0.7493391,0.7423429,0.7432105,0.7577289,0.7529273,0.7417485,0.75008,0.74472624,0.74488693,0.7496405,0.7463598,0.74705917,0.7460085,0.74678916,0.745956,0.7472669,0.7362243,0.75317174,0.7466512,0.74497575,0.74993324,0.7454967,0.75033456,0.75093627,0.7446733,0.7457747,0.757398,0.7432913,0.7452675,0.7401748,0.75185156,0.74469924,0.7521447,0.7472223,0.7438621,0.75108826,0.7458208,0.74449825,0.74517715,0.74148643,0.74425954,0.7466874,0.7395358,0.7505057,0.7469733,0.7510103,0.7462594,0.743495,0.7603946,0.7460429,0.7413828,0.7459994,0.74839854,0.7530364,0.74012923,0.7525732,0.74710995,0.75000405,0.74794424,0.73972934,0.74537146,0.7529244,0.7470287,0.74660295,0.74656606,0.7414745,0.74177945,0.7465978,0.752793,0.73385906,0.75124544,0.75445014,0.75035846,0.7477215,0.7458272,0.7522368,0.7542015,0.7568576,0.7537611,0.7424404,0.74155366,0.74870557,0.7484136,0.7508729,0.743045,0.75163656,0.7391957,0.7502014,0.75111353,0.746313,0.7454289,0.7522253,0.7435641,0.7531319,0.74814355,0.7517848,0.75135374,0.7531353,0.75181556,0.7516384,0.75614125,0.75349915,0.7387095,0.7493861,0.74811536,0.74325764,0.74365497,0.7469231,0.7496262,0.7517389,0.7469899,0.74445033,0.74504954,0.75164944,0.7469096,0.7460403,0.75736076,0.74498343,0.7416393,0.74317163,0.7472482,0.7497426,0.74774414,0.74992996,0.7518291,0.751289,0.7454657,0.752219,0.7536961,0.74495316,0.73946387,0.75045997,0.7461725,0.74559844,0.7459967,0.75504494,0.75391334,0.74560326,0.7443387,0.74705034,0.750639,0.75115734,0.75033295,0.7438799,0.7430118,0.7486455,0.7489068,0.75571096,0.748378,0.74002725,0.74593145,0.75018525,0.7492906,0.7573755,0.74427235,0.7517124,0.75256646,0.746111,0.7464707,0.74755204,0.7499747,0.74548596,0.7480543,0.75008315,0.7459604,0.75098705,0.74817944,0.7423539,0.7472821,0.7525969,0.7370597,0.7454958,0.752918,0.7457849,0.74945575,0.7546145,0.75274956,0.74680674,0.75433314,0.7530019,0.7403232,0.7542083,0.75076234,0.7465125,0.7407478,0.7466927,0.7499226,0.75087947,0.7484643,0.74664384,0.7490101,0.75540686,0.74807143,0.74651617,0.75240713,0.74835896,0.7491282,0.75545436,0.74382335,0.7430528,0.74833524,0.75598437,0.75306314,0.7494149,0.74939036,0.7471925,0.75134325,0.74840677,0.7478891,0.74772406,0.74955606,0.7466576,0.7480038,0.7516729,0.7500154,0.7493969,0.7431518,0.7519332,0.75616765,0.75381726,0.7425451,0.75107586,0.74701357,0.7462557,0.7451922,0.74336004,0.7477942,0.7523711,0.7476329,0.7414777,0.74847096,0.7378166,0.7445776,0.7475169,0.74814993,0.75195706,0.7472566,0.7451333,0.7454285,0.7468949,0.7404712,0.74719363,0.74863017,0.7520047,0.75072134,0.7470359,0.7517384,0.75154096,0.74651563,0.745013,0.74370676,0.7466137,0.74799675,0.74937063,0.74491245,0.7490265,0.7470813,0.7530236,0.7463559,0.7387404,0.74860394,0.7495457,0.74996114,0.7447014,0.7479117,0.74876386,0.754414,0.74480176,0.7428646,0.7441848,0.74785864,0.7469507,0.7501305,0.752344,0.74106604,0.7473929,0.7446618,0.74685335,0.74662226,0.75849307,0.7530458,0.74721825,0.75392973,0.7558581,0.74735457,0.7471247,0.7396071,0.7504509,0.7436932,0.7495181,0.7478497,0.750673,0.74684554,0.75033104,0.7524865,0.7478672,0.74522465,0.748358,0.7554188,0.7514794,0.7506032,0.74360627,0.74516886,0.7527485,0.74695355,0.75530624,0.74197835,0.7418898,0.75150937,0.74827147,0.7500171,0.7463475,0.7514049,0.74628586,0.7500382,0.7530132,0.74633175,0.75147235,0.7539518,0.7500505,0.75076854,0.74610984,0.74388427,0.7419686,0.7459679,0.74128467,0.74517405,0.7489877,0.7487345,0.74931425,0.7503037,0.7547488,0.7540448,0.7465889,0.7483308,0.7437234,0.7533725,0.7458133,0.74825764,0.75264543,0.7477981,0.74959034,0.73913825,0.7547595,0.74655634,0.7429973,0.74047345,0.75166446,0.7518574,0.74620384,0.7470858,0.75681627,0.74797463,0.74598235,0.7458497,0.7419962,0.74696916,0.7531419,0.74999595,0.7426675,0.7452937,0.7427634,0.7361167,0.7463629,0.74113876,0.75034696,0.7536806,0.74588084,0.745593,0.7475719,0.74986297,0.7424838,0.74873734,0.7505337,0.74597335,0.74912256,0.7439823,0.7487839,0.7430575,0.7459239,0.73583925,0.748307,0.74355257,0.73664945,0.7510095,0.747871,0.75231403,0.74616456,0.7410673,0.74992836,0.7482496,0.75209963,0.74841166,0.744575,0.7456228,0.74498343,0.7476142,0.75025374,0.7476343,0.752223,0.7467339,0.7512601,0.7522447,0.7508217,0.7459929,0.74450773,0.7425055,0.7401531,0.748539,0.74576926,0.7521029,0.7527917,0.7502587,0.74363613,0.7497698,0.74648345,0.7524537,0.7399004,0.7406143,0.74444836,0.7455534,0.75001717,0.7494973,0.7490085,0.7474741,0.75068724,0.750902,0.751479,0.7489622,0.744365,0.7439443,0.7410805,0.74030983,0.7497474,0.75246847,0.7462978,0.7509595,0.7526196,0.7479356,0.7424486,0.75694287,0.7580984,0.74672,0.7455551,0.74569494,0.7586942,0.74933296,0.75562,0.7515797,0.74428356,0.7494424,0.7355357,0.7440883,0.750989,0.7424098,0.7430175,0.7425319,0.7466629,0.74467045,0.7408316,0.749551,0.76151305,0.7514857,0.7531158,0.7549198,0.7398757,0.7409917,0.74535435,0.74364936,0.7449595,0.73956645,0.74951994,0.7497061,0.7520375,0.74200237,0.7513057,0.7485588,0.7487978,0.7408651,0.751938,0.74472016,0.7473715,0.7490625,0.7510024,0.7469368,0.7510213,0.74944836,0.7500954,0.7448674,0.7454771,0.7513147,0.7455378,0.7468821,0.7528054,0.7356315,0.7471805,0.7520794,0.74087375,0.7528429,0.7516061,0.74506325,0.749144,0.7363897,0.74592906,0.7474799,0.746688,0.7542726,0.74529636,0.74787664,0.74171513,0.7412832,0.74734294,0.7470002,0.7447994,0.7458619,0.7470172,0.74056304,0.74900556,0.7484735,0.7482383,0.74810255,0.75201297,0.7539461,0.755978,0.7418271,0.7533404,0.74477166,0.74330324,0.74755293,0.74468094,0.74368376,0.75371563,0.74962354,0.74760735,0.74583894,0.74740106,0.7524611,0.74791116,0.74162465,0.74670184,0.7522959,0.74990946,0.74366015,0.7505071,0.74663335,0.74677604,0.74014,0.7426177,0.752284,0.7473453,0.744401,0.7547418,0.74933904,0.7472349,0.74765563,0.7539727,0.75425065,0.7483059,0.7478396,0.749379,0.74178153,0.74025303,0.75330883,0.7444296,0.7551169,0.7546207,0.7466522,0.75157166,0.7509808,0.7458693,0.74706703,0.7536729,0.73902553,0.7426103,0.7461101,0.74014604,0.73952574,0.74340045,0.7494562,0.744265,0.7508741,0.74957305,0.75083363,0.7433751,0.7508904,0.74372053,0.7520265,0.74512017,0.74989647,0.7463056,0.74724877,0.7447311,0.7445909,0.7473888,0.7457266,0.74867195,0.7557448,0.7567614,0.7416524,0.7492938,0.7384447,0.75052065,0.75097793,0.7455888,0.74239105,0.7476311,0.74804926,0.74856114,0.749196,0.74331725,0.74830854,0.74433297,0.7499316,0.748242,0.7534133,0.7466513,0.743147,0.74909693,0.7480189,0.74755067,0.7517598,0.74250716,0.7457872,0.7531969,0.7487055,0.7560107,0.748211,0.75125283,0.7546924,0.74259347,0.746714,0.74511653,0.7463992,0.7466599,0.74470365,0.7479224,0.7454754,0.75297415,0.753757,0.7397072,0.74659234,0.74823934,0.74857813,0.75233287,0.744327,0.7507,0.7535447,0.75756836,0.75001293,0.7476318,0.74634475,0.7478857,0.73953944,0.7440981,0.7405808,0.74543345,0.7513459,0.7559387,0.7493649,0.74827975,0.74109536,0.7499696,0.75010544,0.75062,0.74748343,0.7418498,0.74649626,0.7422686,0.7525998,0.75610346,0.7512041,0.752225,0.7396098,0.73985314,0.75002384,0.7477017,0.7457307,0.74482566,0.7545028,0.7451815,0.74778533,0.7532002,0.75015336,0.7489108,0.75497997,0.7423933,0.758727,0.74770355,0.7536236,0.74243927,0.75359327,0.74702895,0.74516594,0.7453183,0.7503473,0.75106335,0.7501138,0.74476486,0.7492349,0.7394421,0.748248,0.7443212,0.74872756,0.7581064,0.7577489,0.7494739,0.7388532,0.7478313,0.75019884,0.7501352,0.7518658,0.74265903,0.7505043,0.75012356,0.7501422,0.74814874,0.750712,0.75299215,0.7521135,0.7520872,0.748711,0.74960905,0.7493101,0.7432976,0.75489956,0.7533084,0.7437991,0.7390985,0.7447583,0.7507497,0.7502872,0.75711495,0.7514571,0.736787,0.74367654,0.7433346,0.7572264,0.7453226,0.75302243,0.743432,0.76268804,0.7513737,0.74652565,0.7499369,0.74250954,0.7422944,0.7494677,0.75108564,0.745368,0.74783164,0.75306827,0.75167227,0.7418758,0.75169885,0.7430435,0.744699,0.74464524,0.746068,0.7442196,0.7451525,0.74191934,0.750428,0.7500906,0.74790174,0.74789673,0.73392123,0.7478025,0.75406617,0.75518346,0.7525027,0.7517346,0.7453504,0.7421029,0.75524956,0.75039065,0.7491259,0.75356907,0.74684733,0.74452716,0.7466027,0.74835956,0.7498016,0.74584395,0.749992,0.7416693,0.74706554,0.7368239,0.7424771,0.748049,0.75592697,0.7394911,0.744819,0.7436178,0.74761647,0.75190276,0.74814767,0.7481405,0.74497443,0.74141043,0.7516989,0.7534925,0.7376152,0.75052136,0.7541848,0.7413804,0.7446901,0.73964924,0.7473115,0.73941743,0.7462388,0.75130767,0.7456314,0.74899656,0.74605435,0.741509,0.7530465,0.74882925,0.74727494,0.75176746,0.7425272,0.74203056,0.74390286,0.75094867,0.757209,0.7412284,0.74706686,0.7450369,0.75461644,0.7419369,0.74169433,0.75067776,0.7492771,0.7500895,0.7484323,0.74432814,0.7523557,0.7485639,0.7496888,0.7479965,0.745586,0.7442632,0.7479883,0.7503987,0.742081,0.7421366,0.7407409,0.75060344,0.752414,0.7480944,0.7486132,0.7462148,0.7431749,0.7438109,0.7477947,0.74699205,0.7432592,0.74491876,0.7451515,0.7535168,0.7497346,0.75036347,0.7451963,0.74384964,0.74691546,0.75068444,0.7427094,0.75046384,0.7418125,0.7521045,0.7593349,0.7441914,0.7457535,0.7454406,0.74701774,0.74958754,0.7511284,0.7477382,0.74262387,0.7417142,0.7513536,0.7464313,0.74536085,0.74466103,0.75442934,0.75190926,0.74837244,0.74767536,0.7505803,0.7443261,0.7440846,0.749592,0.7514328,0.7490685,0.7480789,0.74642813,0.7550919,0.75505066,0.7486295,0.74953336,0.7488003,0.74899983,0.7525701,0.74721557,0.75617415,0.74523956,0.75331503,0.7571139,0.7496038,0.749453,0.74444354,0.74438787,0.7445795,0.74158806,0.74734414,0.74304074,0.74293077,0.75853986,0.7467707,0.76051575,0.75047874,0.7458561,0.75478274,0.7523916,0.7479143
0.9018458,0.90773714,0.90202487,0.9081373,0.90687186,0.9061961,0.90629196,0.9091118,0.9055193,0.91096336,0.9027146,0.9033984,0.90728515,0.9096858,0.9067432,0.906459,0.9119454,0.9084193,0.9071263,0.9138703,0.91296107,0.9022894,0.91153604,0.9052522,0.9207149,0.91089636,0.90418315,0.9067181,0.9054387,0.9081287,0.90701324,0.9101907,0.9121303,0.9043206,0.91184133,0.9017599,0.89991796,0.91112417,0.9079262,0.9066755,0.90619653,0.90822905,0.90733016,0.9037428,0.90495783,0.91203797,0.90457994,0.9136733,0.90696275,0.9055977,0.9084294,0.9060057,0.904845,0.90731704,0.9111518,0.9057571,0.9058483,0.9132996,0.9033223,0.90639776,0.9119522,0.9109175,0.9057336,0.91267115,0.9094469,0.9067534,0.9001273,0.9092979,0.9021059,0.91532975,0.9132416,0.9088616,0.90810686,0.91566235,0.9069504,0.904237,0.9166011,0.906006,0.90479445,0.9137528,0.9087144,0.9083317,0.9104275,0.9064354,0.906313,0.9071468,0.90346545,0.905865,0.90699404,0.9054312,0.91693324,0.905473,0.90135413,0.9122886,0.90818423,0.9004748,0.90681183,0.89965457,0.9099173,0.9145643,0.91496736,0.9071318,0.9040807,0.9072124,0.90599453,0.91225994,0.9105934,0.90328526,0.90463036,0.91225815,0.9051234,0.90802026,0.90702707,0.9105979,0.90523905,0.9096123,0.9106745,0.90904456,0.8973205,0.908815,0.9055044,0.90690964,0.90653735,0.9055399,0.9086873,0.9109915,0.9075357,0.9078053,0.9041665,0.91246665,0.90788,0.91134584,0.9060171,0.9096071,0.90209943,0.9101067,0.91204256,0.91575986,0.90693843,0.9076736,0.9097055,0.90812445,0.9060826,0.9056418,0.9105502,0.9074162,0.9170974,0.9150367,0.91094136,0.9039762,0.9043579,0.91017914,0.9137489,0.9129551,0.9078628,0.9058001,0.9051899,0.9132163,0.91581994,0.908033,0.9067268,0.90700746,0.9092319,0.9064378,0.9110361,0.90606743,0.9094382,0.9129297,0.90484786,0.9129832,0.90788233,0.9103786,0.9138561,0.91685957,0.90219116,0.91401625,0.9124641,0.9131035,0.89637625,0.91169095,0.9095434,0.90514207,0.8978417,0.91058844,0.90619254,0.9127223,0.91078776,0.9053878,0.90744704,0.9079484,0.90442735,0.89938486,0.9200753,0.9098803,0.9062629,0.90983593,0.9031459,0.91771036,0.903767,0.91512597,0.9115112,0.9167125,0.90311116,0.9093545,0.9148649,0.89950013,0.9070886,0.913063,0.90654105,0.9043485,0.90418696,0.9002094,0.9050733,0.9109805,0.9073904,0.9160733,0.913694,0.91663235,0.9070363,0.9102397,0.9050972,0.9034226,0.9082258,0.9113403,0.91090554,0.90531486,0.90362287,0.913643,0.91137594,0.91461104,0.90606844,0.9051496,0.9095504,0.91166615,0.90649265,0.91274595,0.9066875,0.90811783,0.91149485,0.9063524,0.90342766,0.90635866,0.91000164,0.90672976,0.90821916,0.90411013,0.9008952,0.90596217,0.9147792,0.9040139,0.91380864,0.9060198,0.90196973,0.9040232,0.9173187,0.9149256,0.910291,0.9041478,0.90923756,0.90321785,0.91623294,0.91134554,0.9157949,0.90282273,0.90628326,0.90486306,0.91138244,0.9149861,0.90430963,0.90736526,0.914599,0.9097964,0.90747356,0.90324557,0.90219223,0.9102719,0.90843725,0.90877014,0.90893227,0.91021574,0.9027477,0.9146779,0.90639263,0.91088265,0.9156806,0.9119731,0.90772074,0.9060995,0.90524495,0.9088861,0.9169966,0.90961444,0.90503466,0.91042376,0.90700734,0.9100113,0.9073583,0.9116538,0.9090013,0.9115746,0.905465,0.91013914,0.91994137,0.9105556,0.91106856,0.8998724,0.91437316,0.90329415,0.90145403,0.9068527,0.9050648,0.9045618,0.9104538,0.90442425,0.91108674,0.903673,0.9089132,0.9071782,0.90856636,0.91748106,0.91367143,0.91069794,0.91123426,0.9131152,0.90883064,0.9062022,0.906394,0.9059301,0.91190004,0.9150479,0.91340864,0.9028289,0.9158354,0.9086921,0.90571773,0.90228975,0.90382797,0.8974931,0.91732234,0.90355176,0.90785944,0.9056154,0.91216207,0.9135192,0.9070529,0.90768164,0.9072075,0.909917,0.9095376,0.9017813,0.90955096,0.9073578,0.9004454,0.905135,0.9002619,0.9059757,0.90779316,0.905503,0.911366,0.9122677,0.9031329,0.9047493,0.90786064,0.91105515,0.9071203,0.9095312,0.9184952,0.9138765,0.9086899,0.9034619,0.91060334,0.9040995,0.9057477,0.91597754,0.90964186,0.9083832,0.9116857,0.9000385,0.90744007,0.9113204,0.9208835,0.912492,0.9063762,0.91485953,0.91104126,0.9082789,0.91524655,0.90822077,0.91219395,0.9088489,0.91308105,0.9113024,0.91158473,0.9090356,0.91185117,0.913773,0.9136338,0.9020162,0.9039202,0.9096844,0.91121256,0.90933007,0.9116855,0.90840954,0.9055391,0.9120792,0.9041924,0.9064691,0.9053142,0.9152013,0.911097,0.9085264,0.914181,0.9073808,0.9064712,0.91615456,0.91171855,0.90979415,0.9085763,0.9163382,0.9090794,0.9073363,0.907033,0.90651995,0.9122819,0.9073409,0.9057338,0.9026803,0.91253597,0.90882283,0.9126198,0.910988,0.9067649,0.9098076,0.91087145,0.9116505,0.90678895,0.9065375,0.9005069,0.9065042,0.90530497,0.9090795,0.9061076,0.9143369,0.9027456,0.9132911,0.9021785,0.9038058,0.90953237,0.9117055,0.90250134,0.90780586,0.9039474,0.90316963,0.8979369,0.91250306,0.9040015,0.8988174,0.9042563,0.9031435,0.91031086,0.91000164,0.91243887,0.90383655,0.90617687,0.9180326,0.9079036,0.9063174,0.906248,0.9072121,0.90651965,0.9014225,0.9092634,0.91167724,0.90753615,0.91167104,0.9022796,0.9105192,0.90755,0.9073066,0.9086615,0.9114227,0.9097364,0.90482056,0.9064473,0.9081883,0.9116814,0.91503304,0.90586245,0.90674096,0.90405,0.90373963,0.9173826,0.9066292,0.912811,0.90948784,0.9104216,0.9125569,0.9100957,0.9109636,0.9015202,0.90768456,0.9013557,0.9112476,0.9034199,0.90976214,0.9105093,0.8972901,0.9027072,0.9099561,0.900628,0.90886545,0.90818757,0.91170305,0.9064264,0.9063185,0.9195352,0.90936613,0.90768635,0.90671754,0.9041735,0.91205335,0.9074685,0.9161789,0.9067045,0.9076319,0.9058206,0.90137273,0.9079963,0.91305304,0.91213065,0.9073357,0.905298,0.90458184,0.8948429,0.90954286,0.9094873,0.9128328,0.9132228,0.90858954,0.91304225,0.9049728,0.9133833,0.9075705,0.908728,0.90590435,0.9023821,0.91254485,0.91432405,0.9122916,0.9041414,0.91278946,0.91203475,0.90749276,0.9132003,0.9074359,0.9087175,0.9096061,0.8988272,0.9098556,0.9076699,0.9075816,0.91152537,0.9133733,0.9086343,0.91349673,0.9146856,0.90969336,0.9084105,0.9128268,0.90723825,0.9068692,0.90127,0.9116546,0.9077546,0.918045,0.9076409,0.9104632,0.9005572,0.90717244,0.91100734,0.90789175,0.91207856,0.91373605,0.9158958,0.90023106,0.9017159,0.913294,0.9057006,0.9111562,0.90591097,0.9037783,0.9059433,0.90539515,0.90557176,0.9135401,0.9026551,0.9121148,0.90646535,0.90505236,0.9071719,0.91146874,0.9110531,0.91210455,0.9115514,0.9045621,0.90641147,0.9096988,0.90937376,0.91432,0.9080027,0.90537524,0.91935045,0.9111973,0.906714,0.91191083,0.9149613,0.9113053,0.90737265,0.9042155,0.9061162,0.90637404,0.9074797,0.90309745,0.91163135,0.9079321,0.9020697,0.9081275,0.9036082,0.90481913,0.90669256,0.9172987,0.91039085,0.90925527,0.90857697,0.90833294,0.91635126,0.90447557,0.90827596,0.9087195,0.91316265,0.9106279,0.9098772,0.9141715,0.9043155,0.9042748,0.91135216,0.915063,0.9068941,0.9027548,0.9052346,0.9029888,0.906721,0.91262424,0.9078606,0.9040238,0.9138899,0.90696687,0.9095458,0.90841335,0.9054634,0.9062109,0.909289,0.90912145,0.91160476,0.90791947,0.91082424,0.9060319,0.9103501,0.91219705,0.9114005,0.9039025,0.9077836,0.9105913,0.9055785,0.9069555,0.9005332,0.9166569,0.90552115,0.9125145,0.90645266,0.9068982,0.90577745,0.91310227,0.89829785,0.9070069,0.90320104,0.9084421,0.9127267,0.9097504,0.90631473,0.90838325,0.9058804,0.9083342,0.9051408,0.90500355,0.90595543,0.9085069,0.9111146,0.9145437,0.906641,0.9058844,0.9096155,0.9053419,0.9124829,0.90788585,0.90854573,0.9062773,0.9098199,0.90161175,0.90518355,0.90857977,0.9095334,0.9133383,0.9075948,0.9057672,0.9038081,0.91277796,0.91133785,0.9131888,0.9089824,0.9049048,0.90284896,0.90701413,0.915228,0.90937066,0.90777427,0.90917337,0.9059983,0.90500575,0.9078005,0.91054296,0.9064959,0.90781975,0.91021794,0.902494,0.90627116,0.9101312,0.8965315,0.91040915,0.9118912,0.91387874,0.90561914,0.9074484,0.9140678,0.90492404,0.9141402,0.9135837,0.8987859,0.9039552,0.9055928,0.9092721,0.9044762,0.90522385,0.90762377,0.91770643,0.9089814,0.91014653,0.9095359,0.90827465,0.90438074,0.9033998,0.9067024,0.9141217,0.90847784,0.9057397,0.90778565,0.9032297,0.9144096,0.9091406,0.90747243,0.9133054,0.9035928,0.904633,0.91275537,0.9052364,0.90996265,0.90664846,0.9105205,0.9134129,0.91622704,0.9075025,0.9016427,0.9104449,0.9082803,0.9051008,0.90928966,0.9062968,0.9067072,0.90844774,0.90352345,0.9081093,0.90919125,0.9073978,0.9076396,0.90515125,0.90400296,0.91059536,0.90258825,0.90544397,0.911623,0.9037208,0.90778077,0.9064322,0.9049626,0.9096335,0.9043304,0.9160478,0.9030102,0.90280586,0.9027087,0.90185183,0.91295356,0.90834737,0.91530275,0.9023135,0.9132253,0.9030454,0.91122156,0.9076465,0.90864515,0.9060153,0.90521026,0.90254414,0.91080874,0.9157262,0.909735,0.9222598,0.91095114,0.90752655,0.90737534,0.9059728,0.900437,0.90727645,0.9011036,0.91262144,0.91027707,0.90982103,0.9027122,0.9102958,0.906417,0.900375,0.9111597,0.9135855,0.9124202,0.91176355,0.9073257,0.9067535,0.9038238,0.9092337,0.9064004,0.9057502,0.9109742,0.9020403,0.90778744,0.9055394,0.9104835,0.9093741,0.9077265,0.9032001,0.90452963,0.9024978,0.9072876,0.9033576,0.91476387,0.9127173,0.9132007,0.9056638,0.90926284,0.90294206,0.9078399,0.9036616,0.8996131,0.90026814,0.9092276,0.91148275,0.9163454,0.9066256,0.91255754,0.90389967,0.9055282,0.9174661,0.90043247,0.90174055,0.90357006,0.9079486,0.90909064,0.90710294,0.9056869,0.9097794,0.9021514,0.9072944,0.90935993,0.91039544,0.9048426,0.90702975,0.9057555,0.9055553,0.90934193,0.91448385,0.9079265,0.9101393,0.91540664,0.90801793,0.9017258,0.90364647,0.90542513,0.9071295,0.9081671,0.9069316,0.90571487,0.9185653,0.9058751,0.90767086,0.90365285,0.90959626,0.9099442,0.9068328,0.9078117,0.90687275,0.90534765,0.90497404,0.9122026,0.91025954,0.914489,0.90922683,0.9088932,0.9092003,0.91318744,0.91500235,0.9146701,0.92113394,0.9118035,0.9075574,0.90206265,0.9135779,0.9085648,0.9092524,0.91049176,0.9113405,0.9033629,0.9147011,0.9081537,0.8996178,0.90322846,0.9167481,0.91193426,0.91513026,0.9056437,0.90851617,0.9055643,0.9059584,0.91062456,0.9083826,0.91367066,0.9142839,0.9118054,0.90888584,0.907172,0.90264237,0.9073519,0.9175585,0.9041824,0.9079282,0.9027272,0.902428,0.9094878,0.9107345,0.9090812,0.90863085,0.9083506,0.9090911,0.91369855,0.9075445,0.9089039,0.9078219,0.9021094,0.91006035,0.912298,0.90842015,0.9107853,0.9031888,0.9114285,0.9022869,0.90997434,0.90612805,0.908285,0.8929476,0.9104507,0.9075061,0.91110575,0.9149764,0.9117575,0.9109267,0.9172894,0.9047457,0.91263545,0.9066226,0.9072922,0.91119754
1.0497253,1.0444764,1.0455331,1.0531402,1.0463438,1.0505967,1.0573323,1.0490458,1.0467649,1.0478512,1.037052,1.0532483,1.0620462,1.052146,1.0466491,1.0503865,1.046991,1.0515368,1.0497129,1.0531671,1.0439179,1.0458196,1.054297,1.0503528,1.0500076,1.0567995,1.0464717,1.044474,1.0367454,1.0433881,1.0539272,1.0494035,1.0528975,1.0423446,1.0501357,1.0481484,1.045662,1.0499996,1.0503011,1.0514308,1.0511117,1.0457782,1.0483756,1.0508143,1.0485479,1.0485251,1.0550036,1.0588675,1.0565996,1.0449677,1.0481356,1.0494764,1.0493193,1.0419056,1.0509994,1.0571916,1.0472015,1.0539538,1.0449102,1.0468313,1.0527002,1.0531677,1.0505129,1.0484732,1.0500741,1.0455326,1.0453094,1.0413386,1.0475018,1.0518374,1.0491855,1.055581,1.0496429,1.0534679,1.0500484,1.0441785,1.0510862,1.0521756,1.0518606,1.0450078,1.0555588,1.0531901,1.0578071,1.0551064,1.0459086,1.0473207,1.0551707,1.0512583,1.0453211,1.0440003,1.0566989,1.0544285,1.0425924,1.0588942,1.051974,1.0453086,1.0511812,1.0545247,1.053028,1.0606999,1.0527782,1.050845,1.04959,1.0455532,1.0462718,1.0603957,1.051179,1.0510674,1.0515223,1.0499068,1.0457717,1.0511606,1.0421329,1.050149,1.0429866,1.0496844,1.0512271,1.0515171,1.0520267,1.0473642,1.0458462,1.0597496,1.0455207,1.0477785,1.0502397,1.0499123,1.0483671,1.0534463,1.0548908,1.0534935,1.0543799,1.046122,1.0478661,1.0572044,1.0445311,1.046493,1.0460579,1.0506098,1.0453012,1.0583862,1.0597978,1.053564,1.0486636,1.0442508,1.054538,1.0543199,1.0548482,1.0483996,1.0511945,1.0514082,1.0487924,1.0466552,1.0518713,1.0489185,1.0430275,1.0573654,1.0508331,1.0572014,1.0553697,1.0460883,1.0498039,1.0499262,1.0497833,1.0484773,1.0570447,1.049046,1.0560864,1.0547082,1.0552757,1.0451307,1.0564535,1.052603,1.054725,1.0590959,1.0489732,1.0500687,1.0459676,1.0466608,1.047442,1.0537376,1.049352,1.0522401,1.0525264,1.0451696,1.052339,1.0540409,1.054872,1.048973,1.0538806,1.0488496,1.0495838,1.054098,1.0591043,1.0541079,1.05102,1.0515171,1.0502205,1.0515145,1.0502294,1.0546438,1.0502218,1.0583574,1.0455481,1.0566206,1.0535287,1.0455205,1.0494913,1.0535496,1.0478354,1.0461868,1.0556669,1.0466259,1.055321,1.0494884,1.0509524,1.0519714,1.0590314,1.0534118,1.0399318,1.0484846,1.0517777,1.0482627,1.0477192,1.0528952,1.045515,1.050199,1.0449499,1.0499891,1.0509273,1.0500841,1.0589743,1.0505211,1.0533818,1.0514635,1.0487423,1.0469604,1.0454357,1.046286,1.057664,1.0411593,1.0474393,1.0499874,1.0565454,1.0446225,1.047929,1.0497699,1.0431216,1.0462812,1.0443993,1.0520127,1.0461966,1.0491297,1.0515234,1.0502691,1.050978,1.0528071,1.0482986,1.0455872,1.0536817,1.0551192,1.0498699,1.0540844,1.0579467,1.0503654,1.0501453,1.0540088,1.0575473,1.0501975,1.0443898,1.0516989,1.049423,1.0524784,1.0559827,1.051218,1.0502115,1.0467725,1.0523427,1.0491618,1.0458812,1.0470299,1.0478857,1.0519973,1.0514282,1.0519295,1.0436776,1.051589,1.0492394,1.0624793,1.0538127,1.04592,1.0477247,1.0414356,1.0457352,1.0524075,1.0490843,1.0515851,1.0512886,1.0471687,1.0542438,1.0562261,1.0463778,1.048729,1.0554987,1.0511954,1.053009,1.0486468,1.0568061,1.0512087,1.0541573,1.0458091,1.0523492,1.0505214,1.0496296,1.0497438,1.0502208,1.0516083,1.0481602,1.0518831,1.0498796,1.0522999,1.0547844,1.0541174,1.050493,1.0549368,1.0548942,1.0534558,1.0461712,1.0482453,1.0501819,1.0588027,1.0573671,1.048808,1.0521053,1.0503361,1.0544819,1.0506624,1.0515624,1.0525122,1.055689,1.0504395,1.0523734,1.0485121,1.0502264,1.053753,1.0572855,1.0589466,1.0538609,1.053861,1.0596627,1.0482788,1.0550226,1.0488598,1.0520669,1.050398,1.0475619,1.0538629,1.047571,1.0490134,1.0548475,1.0569927,1.0457274,1.0610802,1.0579743,1.0532039,1.0519137,1.055466,1.0568484,1.0518975,1.0502588,1.0474149,1.0526384,1.0557443,1.0561446,1.0569308,1.0513684,1.0493289,1.0580996,1.0475672,1.0522207,1.0505271,1.05811,1.0540563,1.0534743,1.0541476,1.051427,1.0438709,1.051777,1.0497781,1.045511,1.0505362,1.0534421,1.0499922,1.0555428,1.0530883,1.0524625,1.0504934,1.0542471,1.052721,1.0522896,1.0466344,1.0494227,1.0490706,1.0473328,1.0462712,1.0533601,1.0477979,1.046521,1.0587618,1.0519428,1.0494372,1.0481128,1.050536,1.0498335,1.0479313,1.0447338,1.0521418,1.0505091,1.0490861,1.0522015,1.0567579,1.0544068,1.0584679,1.059684,1.0510848,1.0558122,1.0530592,1.0433017,1.048306,1.0485525,1.0522962,1.0515398,1.0466067,1.0513183,1.0546907,1.0549343,1.0500795,1.0489712,1.0487033,1.0545111,1.0422853,1.0476866,1.046057,1.0462945,1.0494603,1.0487067,1.0532871,1.054865,1.0430701,1.0520487,1.0510451,1.0512266,1.0514736,1.048493,1.0515712,1.041332,1.0498711,1.0499804,1.0483316,1.0516355,1.0495061,1.0544225,1.0584639,1.063253,1.0536593,1.0589869,1.044768,1.0529842,1.0493182,1.0477939,1.0481822,1.0460932,1.0492699,1.0520506,1.0473593,1.0474519,1.0457963,1.0458465,1.056178,1.0415199,1.0546024,1.0429956,1.0445707,1.0502609,1.0486825,1.0497347,1.0544375,1.053118,1.0538085,1.0481871,1.0473331,1.0540854,1.0426166,1.0525664,1.0585296,1.0524932,1.0512346,1.0504069,1.0486349,1.0503746,1.0569092,1.0469111,1.052845,1.0466025,1.0513263,1.0548748,1.0408876,1.0560268,1.044788,1.0445749,1.0601869,1.0464631,1.054193,1.0525131,1.0466048,1.0530671,1.0564874,1.0485747,1.0524315,1.0503364,1.0535035,1.0507326,1.0543312,1.0607644,1.0520761,1.0521108,1.0525609,1.0502021,1.0443085,1.0486559,1.0517113,1.0487133,1.0476724,1.0479584,1.0516163,1.0437937,1.0535759,1.0509453,1.0536764,1.0555689,1.0561662,1.0501444,1.0562738,1.0521566,1.0462018,1.0408013,1.0466546,1.0496367,1.0538361,1.0487736,1.0523062,1.0535531,1.0501003,1.0592554,1.0461531,1.0563856,1.0579944,1.0577918,1.0519383,1.054459,1.0444144,1.0537419,1.0479853,1.0479753,1.0563781,1.0493022,1.0507609,1.0543675,1.0484641,1.0568297,1.0589848,1.0522609,1.0539414,1.0512196,1.0474477,1.0497391,1.0522692,1.0573213,1.048251,1.0459461,1.0424111,1.054028,1.0487107,1.0507382,1.0491474,1.0471843,1.0471213,1.0492036,1.0496563,1.0553341,1.0514373,1.0512933,1.0458797,1.0536674,1.0511539,1.0514874,1.0542942,1.0524474,1.0506088,1.0432634,1.0430409,1.0473149,1.0567412,1.0550169,1.0581983,1.0517037,1.0514088,1.0456307,1.0447148,1.0516821,1.0504769,1.0471771,1.0511783,1.0482237,1.0432065,1.0519251,1.0487229,1.0514007,1.0509506,1.0579504,1.0557925,1.0558671,1.0455289,1.0535134,1.0532372,1.0528865,1.0442433,1.0415357,1.0519611,1.046453,1.0410929,1.0510931,1.0533061,1.0512882,1.0530885,1.0538225,1.0452777,1.0521402,1.0540015,1.048804,1.0418463,1.0453799,1.0419205,1.0512178,1.0539314,1.0510359,1.051866,1.0444082,1.0483143,1.0543021,1.0521268,1.0595071,1.0483867,1.0496554,1.0562186,1.0484974,1.0475105,1.0480037,1.0504937,1.051571,1.0460533,1.0534075,1.0539925,1.0531855,1.0535377,1.0487404,1.0518293,1.053097,1.053969,1.0507871,1.0562425,1.0471102,1.0469314,1.0411481,1.0526208,1.0533718,1.055025,1.0466514,1.0515668,1.0492386,1.0574212,1.0504029,1.0477107,1.0547118,1.05978,1.0469342,1.0524703,1.052163,1.0400927,1.0533793,1.0536221,1.0449781,1.0431364,1.0575446,1.0421247,1.0381534,1.047268,1.0473994,1.0530971,1.0583761,1.0488237,1.052068,1.057286,1.0502533,1.0518833,1.0533189,1.0471907,1.047898,1.0519303,1.0497147,1.0563418,1.0523145,1.0569055,1.0577952,1.053038,1.0518821,1.0491756,1.0535917,1.0524044,1.0503762,1.0538477,1.0520161,1.0488511,1.0485737,1.0513512,1.0525224,1.0486737,1.0455983,1.0438437,1.0430756,1.0502269,1.0475118,1.0488049,1.0509909,1.0516176,1.0474273,1.044895,1.054691,1.0475144,1.0455548,1.055351,1.0526931,1.041762,1.0451392,1.0489775,1.0432717,1.0569156,1.0591036,1.0573531,1.0457382,1.0463076,1.0538878,1.0547715,1.0494878,1.0517497,1.0478607,1.0461389,1.0495466,1.0487461,1.0472893,1.0515393,1.0387702,1.0540216,1.0425906,1.0503474,1.0535302,1.0532796,1.0561126,1.0432541,1.046621,1.0533347,1.0514861,1.050766,1.0503861,1.0435536,1.0508798,1.0528023,1.0522137,1.0508763,1.0452025,1.0585028,1.044273,1.0522397,1.0559642,1.0456641,1.0551322,1.0518757,1.0504011,1.046796,1.0632015,1.0518345,1.0496836,1.04283,1.0537084,1.0509461,1.0523121,1.0507265,1.0441012,1.0553066,1.048448,1.0478489,1.0517752,1.0573748,1.050881,1.0531412,1.0515585,1.0473938,1.0454991,1.0562452,1.0446277,1.0463604,1.0520153,1.0528023,1.0437179,1.051655,1.0534942,1.0495276,1.0373026,1.0447861,1.0452312,1.0508215,1.043944,1.0528018,1.0532905,1.0491611,1.0487572,1.0422868,1.0476853,1.063001,1.0447186,1.0490259,1.044212,1.047983,1.0493726,1.051332,1.047915,1.0542161,1.057756,1.0584193,1.0515022,1.0503302,1.0447508,1.0480297,1.0504873,1.0501528,1.0371928,1.0514529,1.0500599,1.0477766,1.0418949,1.0459876,1.034816,1.0525646,1.0519706,1.0548569,1.0473981,1.0469393,1.0527359,1.0499208,1.0524942,1.0475756,1.0588143,1.0576056,1.0538476,1.051674,1.0543815,1.0545663,1.0475448,1.0449485,1.0512735,1.0476195,1.0539713,1.0557417,1.0434465,1.0433166,1.060407,1.0582079,1.0520113,1.0486385,1.0588306,1.0471512,1.0516584,1.0591236,1.0520573,1.0506876,1.046891,1.0527997,1.0526437,1.0509806,1.0501217,1.0479777,1.0527335,1.0471164,1.0538247,1.0522277,1.0490763,1.0525885,1.0532377,1.0510902,1.0463716,1.0610567,1.0621983,1.0562055,1.0490203,1.0527194,1.0458997,1.053836,1.0491403,1.0458561,1.0502435,1.04946,1.0504644,1.0490526,1.043965,1.0489403,1.051219,1.0485736,1.0535034,1.0525624,1.056346,1.0454699,1.0507617,1.0564083,1.0532655,1.0490215,1.0591542,1.0519314,1.0529228,1.0487057,1.059981,1.0442098,1.0529951,1.0638648,1.0606459,1.0461175,1.0532292,1.0496063,1.0449594,1.0477821,1.0526614,1.0482433,1.0502331,1.0560249,1.0407763,1.0520885,1.0517044,1.0526699,1.0516795,1.0606236,1.0505222,1.0494729,1.0389836,1.049733,1.0464419,1.0461087,1.0589746,1.0481294,1.0542649,1.0443993,1.0518328,1.0484011,1.0530587,1.0537622,1.0523496,1.0486509,1.0431031,1.0470414,1.0545247,1.0531992,1.0518473,1.0454793,1.0526125,1.0533987,1.0531306,1.0480869,1.0553353,1.0545977,1.0507797,1.0495689,1.0489775,1.0527313,1.0534284,1.049062,1.0559334,1.0474232,1.0489492,1.0549353,1.0489178,1.0530766,1.0507826,1.0409079,1.0536307,1.0562255,1.0542152,1.0536417,1.0496349,1.0500976,1.0556029,1.0482293,1.050577,1.0504365
0.8643966,0.85936296,0.85741836,0.85823494,0.85743695,0.86215234,0.8718772,0.8601263,0.8594714,0.8588964,0.8533789,0.8669128,0.8710268,0.8611473,0.85772884,0.8566263,0.8618479,0.86360395,0.85880464,0.8638009,0.8570924,0.8556226,0.86475253,0.8589226,0.86592597,0.864825,0.86070675,0.858107,0.85627955,0.86547995,0.86289054,0.8621662,0.86460376,0.8545921,0.86423296,0.86298114,0.8543921,0.85877216,0.8639746,0.8615066,0.86471766,0.86503464,0.8626966,0.8535433,0.8569961,0.8621091,0.8626738,0.8692676,0.86288524,0.86461526,0.86351126,0.85902494,0.8608818,0.8639847,0.8561455,0.8685356,0.855026,0.8634074,0.8623959,0.86185795,0.8612308,0.86048627,0.85889804,0.86220276,0.8568563,0.8597016,0.85495096,0.85811543,0.8623903,0.8618465,0.85861194,0.8653316,0.86108696,0.8619766,0.8597512,0.8605406,0.86619854,0.8614494,0.8589973,0.8614884,0.8642852,0.87016416,0.86789113,0.86521256,0.853192,0.8614034,0.867548,0.86373943,0.8576823,0.8595584,0.8671573,0.86321294,0.86191976,0.8679689,0.87054193,0.86189896,0.85651106,0.86851734,0.8591262,0.86878055,0.8644756,0.8572694,0.86026376,0.8598565,0.86585367,0.8707066,0.8603604,0.85354257,0.8566646,0.86369395,0.8656606,0.8653616,0.8591447,0.8620787,0.858616,0.85968757,0.863063,0.86267674,0.8670531,0.85785943,0.8584806,0.8688976,0.86216605,0.8641207,0.8594619,0.85764545,0.8571278,0.8583618,0.8663062,0.8689654,0.86575776,0.85729873,0.8621658,0.8673316,0.8560652,0.8622893,0.8625969,0.8584463,0.85566777,0.87254435,0.8634279,0.8706225,0.8626525,0.8584285,0.86603165,0.8658592,0.86565363,0.8628119,0.8639121,0.8541969,0.8540002,0.86045676,0.8681384,0.8605666,0.8537714,0.86480093,0.8605531,0.86670125,0.85645944,0.8644189,0.8671945,0.86302984,0.8631922,0.8651006,0.86920714,0.8570955,0.8636138,0.866662,0.8591604,0.8632281,0.86715704,0.85636246,0.861588,0.8655421,0.8626839,0.86232585,0.86611,0.8634823,0.8581866,0.8665483,0.86936176,0.86103296,0.864636,0.8639014,0.8664454,0.86395645,0.86500883,0.85721225,0.8591245,0.8579381,0.8600515,0.8657371,0.8687316,0.86369765,0.86378473,0.8574374,0.85950667,0.8660551,0.8580586,0.86669654,0.8628866,0.86840856,0.85747707,0.86412907,0.86457455,0.8584725,0.86147976,0.8661836,0.8635111,0.86038166,0.8611106,0.8610175,0.86555654,0.86538285,0.85815156,0.8628895,0.86539036,0.8613433,0.86108845,0.86270195,0.8624169,0.8573219,0.8626175,0.86791945,0.8589745,0.8521733,0.8567052,0.8592276,0.86296517,0.86285686,0.85622764,0.8627525,0.87247527,0.8620945,0.8563572,0.8558508,0.8518276,0.86366403,0.875328,0.8517685,0.8583055,0.8646742,0.8651284,0.8577514,0.8575752,0.8651978,0.85574883,0.86206627,0.8552862,0.8560151,0.8604365,0.8603821,0.8643578,0.85501903,0.86879915,0.86014116,0.8565732,0.85984224,0.86258656,0.86234194,0.8546223,0.8659595,0.8691373,0.8646744,0.86032194,0.860517,0.8703072,0.866726,0.8516087,0.8681683,0.8615173,0.8657377,0.86603326,0.86136717,0.8587112,0.8613143,0.8623519,0.8671214,0.86171585,0.8596645,0.8627073,0.86250114,0.86779565,0.86705816,0.8536318,0.85802037,0.86002696,0.86696863,0.86048824,0.85698885,0.8580186,0.8605391,0.8590395,0.86295366,0.8592648,0.86784405,0.8587556,0.8640554,0.8564118,0.8652159,0.8574779,0.86171037,0.867789,0.85829866,0.8626229,0.8540017,0.86471814,0.8619772,0.8704964,0.8595503,0.86599547,0.8528158,0.866009,0.8619594,0.8638518,0.8581369,0.8532459,0.864953,0.8661438,0.85957134,0.86368203,0.8628513,0.85946894,0.8673554,0.86560494,0.87040764,0.8575591,0.8600281,0.8610049,0.86500746,0.8651789,0.86163265,0.86919373,0.8614899,0.86575377,0.86108947,0.85901654,0.8668462,0.868862,0.86643463,0.8578362,0.86496276,0.8599088,0.85804254,0.8637424,0.86424035,0.86813325,0.86313504,0.8696765,0.85064125,0.8645974,0.86128443,0.8642769,0.8589937,0.86023325,0.86888075,0.8616369,0.86433434,0.8600115,0.8661769,0.86089504,0.8697906,0.8677846,0.8667195,0.86408687,0.8617357,0.8587863,0.8684168,0.86605,0.8550184,0.8669482,0.86060596,0.87115145,0.8737548,0.8599699,0.8581922,0.86316633,0.85524964,0.86312205,0.86122507,0.8702416,0.8620107,0.8643745,0.85831195,0.8616112,0.85916364,0.8614868,0.86388373,0.86497456,0.8643603,0.86101127,0.8593847,0.86160356,0.8625855,0.8662979,0.86663544,0.8598432,0.8665804,0.8651427,0.86037344,0.85465854,0.8681606,0.8548845,0.8535169,0.86151814,0.8562507,0.8541012,0.8656203,0.86253095,0.8593667,0.8585695,0.8596247,0.86364925,0.85952187,0.8599716,0.86487377,0.8631474,0.86216336,0.86085904,0.86691165,0.8593242,0.8604074,0.8611896,0.8641027,0.85695916,0.86277497,0.86206996,0.86598617,0.8614612,0.86360997,0.86197495,0.8600172,0.8669183,0.86520445,0.86513126,0.8663359,0.8558575,0.8608245,0.861742,0.8618576,0.86056405,0.8572109,0.85571665,0.8565142,0.86599183,0.86797506,0.86837447,0.848818,0.8569248,0.86900127,0.8620983,0.8618746,0.8558784,0.86507493,0.85691017,0.86562204,0.8568273,0.8601834,0.8577939,0.86392075,0.866824,0.8712744,0.87238723,0.8611448,0.86837393,0.86069965,0.85606843,0.86383283,0.85839415,0.8593528,0.8623324,0.87142706,0.8623174,0.8638525,0.8602842,0.85902286,0.8603442,0.8609189,0.85520625,0.8648859,0.8649482,0.8601301,0.865348,0.8577326,0.8619522,0.861857,0.86209375,0.8684394,0.85740125,0.8563549,0.8579396,0.8617558,0.86085963,0.86555636,0.86355054,0.8616736,0.8616673,0.8612937,0.87044996,0.86521566,0.8599305,0.8614304,0.8577176,0.8664113,0.8651057,0.85643625,0.86830264,0.8527331,0.85793453,0.86652786,0.859707,0.8608149,0.8686113,0.8614167,0.86561084,0.8693695,0.8667272,0.85911155,0.8570083,0.8650894,0.863961,0.86469054,0.869223,0.8649939,0.86020535,0.86289346,0.8629723,0.85883856,0.8598382,0.8606709,0.8552749,0.85998243,0.85516167,0.8691131,0.8548921,0.861031,0.85999006,0.8620215,0.86643714,0.8611107,0.85290724,0.8615162,0.8630467,0.8605373,0.8460318,0.8590899,0.8576928,0.86690426,0.865315,0.85924286,0.8685084,0.86352533,0.86982155,0.860896,0.8674131,0.8637966,0.86474717,0.8649925,0.86254174,0.8621952,0.8570147,0.860059,0.86298996,0.86947566,0.8665367,0.8639368,0.8662037,0.8632362,0.86439043,0.8592414,0.8584934,0.8609679,0.860547,0.8570328,0.86684746,0.8693497,0.8705426,0.8535167,0.86282295,0.85928875,0.8648631,0.86493933,0.85989934,0.8629318,0.86494917,0.86050844,0.8611248,0.8563182,0.85789955,0.8652285,0.856145,0.8600156,0.8634628,0.86367184,0.8673139,0.86402625,0.86133385,0.86050344,0.8542573,0.86081254,0.8644705,0.8720646,0.8610515,0.8705482,0.8634845,0.8561492,0.859628,0.860796,0.8618709,0.86217326,0.8621671,0.8648877,0.8625245,0.85547024,0.8626116,0.8626242,0.87109524,0.85784775,0.86124235,0.86092085,0.8676358,0.86256534,0.87034154,0.86201394,0.8614944,0.85587156,0.8520231,0.8649997,0.8591352,0.8544119,0.8624723,0.864361,0.86607975,0.86344576,0.86698157,0.86209553,0.8680173,0.8598355,0.8597905,0.8585071,0.85541433,0.8585674,0.85999864,0.8620794,0.86283654,0.8585162,0.8613698,0.86485577,0.8601671,0.8648351,0.86654955,0.85761416,0.8540734,0.86276203,0.8576036,0.8614457,0.8623605,0.8681125,0.8669681,0.8632921,0.8530487,0.8636922,0.85829264,0.86233836,0.8572574,0.8592478,0.85941887,0.8709021,0.8659375,0.8646212,0.8585588,0.85868865,0.8611102,0.8647836,0.8611234,0.8649655,0.86084545,0.8689562,0.8532407,0.8609801,0.8611979,0.8597204,0.8620088,0.8674938,0.8601517,0.864415,0.8647413,0.8559578,0.8637706,0.85831904,0.8624903,0.8576896,0.8667587,0.8627383,0.85418797,0.8642681,0.85908,0.8691664,0.8681392,0.8697478,0.8748297,0.8609988,0.86433834,0.85664773,0.86123043,0.8594562,0.8628761,0.86336887,0.86823916,0.8654988,0.86158365,0.86795783,0.86735076,0.8606138,0.85975057,0.8601402,0.8647145,0.8614238,0.8613355,0.87037635,0.85564464,0.8579933,0.8616096,0.8591325,0.859165,0.8614245,0.85646415,0.86431605,0.8640282,0.8616988,0.8649935,0.8579458,0.8595741,0.8642489,0.8666495,0.86116505,0.86347723,0.86464036,0.8601936,0.8693826,0.86275744,0.8589417,0.86440676,0.8591902,0.85191834,0.860312,0.8778459,0.8668366,0.86036855,0.8559255,0.8697734,0.8625204,0.862531,0.85709643,0.8687601,0.8555898,0.8628289,0.8616457,0.858092,0.86179596,0.8559093,0.8611995,0.8516269,0.8594641,0.8644126,0.8665328,0.8665043,0.86132646,0.8631733,0.86018044,0.86301184,0.8637245,0.8578823,0.8548272,0.86694616,0.85825485,0.85845125,0.862484,0.8581452,0.8669547,0.86292917,0.86070937,0.8585714,0.8600189,0.86440927,0.8569981,0.86085576,0.86336994,0.86636174,0.8605974,0.85848886,0.86435676,0.8596604,0.8625727,0.85694575,0.8635643,0.85828805,0.86816907,0.85808825,0.86189973,0.8608305,0.86597943,0.86327344,0.8646962,0.8626031,0.85842264,0.85340136,0.8721463,0.8581015,0.8596345,0.8678255,0.8597573,0.8574007,0.8683993,0.8632489,0.85781336,0.85430664,0.8643488,0.8620601,0.8621892,0.8573721,0.8617157,0.8642746,0.8634702,0.8642968,0.86026496,0.85834944,0.87938595,0.8614551,0.8623144,0.8584179,0.8666271,0.85703087,0.8585362,0.86396414,0.8682559,0.86767066,0.86815345,0.85942805,0.85710055,0.85583925,0.85205466,0.8672904,0.864003,0.8597109,0.8665069,0.86151415,0.85895395,0.85741556,0.8639922,0.85075104,0.8564169,0.861969,0.86168486,0.86134857,0.85567516,0.8627601,0.8648804,0.868862,0.86095244,0.8674243,0.8631423,0.86537135,0.8589625,0.8576035,0.86962205,0.854955,0.85309446,0.8669822,0.8598914,0.8676664,0.865206,0.8598452,0.86159545,0.8674305,0.86332446,0.8633488,0.86139596,0.86499196,0.8620308,0.8656405,0.8716226,0.86228627,0.8553802,0.86411387,0.85621846,0.8645057,0.86500144,0.8593111,0.86905533,0.864229,0.8660545,0.86301917,0.86414003,0.86024946,0.85971016,0.86032015,0.85498935,0.8557069,0.87376195,0.8682108,0.8688415,0.86639035,0.8647549,0.85927224,0.8625376,0.8644408,0.86105144,0.8650027,0.86739045,0.86117625,0.8668286,0.85469085,0.8587503,0.85868996,0.86143064,0.86436766,0.8693511,0.86560273,0.8656661,0.8601103,0.86455375,0.8682439,0.8594756,0.8779229,0.8605645,0.8605833,0.85849303,0.87076944,0.8562714,0.8668775,0.870696,0.8702082,0.86385214,0.86809415,0.8632851,0.8618937,0.86647546,0.85944164,0.85933506,0.858021,0.869349,0.8490114,0.86571187,0.8646926,0.8637405,0.861891,0.86444104,0.8561698,0.8665228,0.85147506,0.86536604,0.85317326,0.860276,0.8724955,0.86527926,0.8646277,0.85327435,0.86479926,0.8703879,0.8674254,0.8756839,0.85567045,0.85947764,0.8503958,0.86465764,0.86088043,0.8617646,0.87509084,0.856263,0.8655236,0.8608108,0.8624946,0.86029327,0.8670558,0.8618345,0.8614903,0.8643605,0.8589608,0.86120564,0.86446553,0.863074,0.8708934,0.8605828,0.86193293,0.8663831,0.8599955,0.86339086,0.8569981,0.8574641,0.8604101,0.86173606,0.8675086,0.8689549,0.86577934,0.85665774,0.86229914,0.8579368,0.8639021,0.85694504
0.033071917,0.035531074,0.034393504,0.03745053,0.034217305,0.030074004,0.039439276,0.038964838,0.033682246,0.034524936,0.030511059,0.031736244,0.03659154,0.03646871,0.036429405,0.03244042,0.037369628,0.03870941,0.036715783,0.029690247,0.034874663,0.03435015,0.041388705,0.03711968,0.04101532,0.039046988,0.026255962,0.03798055,0.03916353,0.043816987,0.032980684,0.034836,0.03779399,0.036468983,0.029874835,0.029984552,0.031587806,0.042847477,0.03403824,0.03570191,0.035421662,0.03589701,0.038585998,0.031678915,0.03388627,0.030635212,0.034691095,0.039395466,0.0334895,0.04018347,0.036387,0.034417264,0.028024402,0.033985116,0.041043162,0.03346683,0.032327063,0.040581495,0.03768879,0.03485649,0.04021431,0.03360492,0.035227615,0.042251635,0.032352693,0.036481,0.033468597,0.036356267,0.032463863,0.04263234,0.03928111,0.034453884,0.035033,0.042139456,0.03681729,0.036060214,0.036035903,0.035842907,0.03713628,0.03743371,0.039412968,0.043714203,0.038847957,0.032270603,0.03923385,0.02907652,0.036459934,0.036880773,0.035537608,0.030870998,0.03259,0.036388654,0.038847238,0.041617975,0.037770964,0.037975073,0.035284378,0.027251294,0.037981972,0.039940678,0.035389546,0.04371781,0.03682564,0.03572314,0.032457273,0.04025412,0.037780114,0.031574413,0.03531185,0.045814298,0.04258514,0.040850908,0.03537073,0.04456252,0.031797934,0.042972315,0.033512156,0.03921414,0.03460308,0.03962312,0.035648834,0.0355515,0.039811704,0.03498191,0.04269155,0.035041682,0.04146953,0.03636911,0.029374953,0.03806537,0.035070404,0.036556274,0.03287193,0.036708295,0.034693338,0.039197434,0.036298443,0.034600247,0.029788855,0.03712719,0.030631967,0.03708776,0.04148922,0.035741508,0.03783899,0.036172144,0.043084126,0.031553224,0.03307071,0.03968625,0.03142277,0.030879788,0.03765622,0.042297713,0.03470123,0.039819673,0.03410376,0.036990687,0.045978438,0.04030095,0.034940027,0.03665639,0.035343066,0.037938096,0.036437713,0.03578773,0.040705334,0.03295962,0.040293407,0.037554592,0.03715844,0.034773253,0.04263448,0.036526434,0.035140507,0.04270436,0.041711718,0.03984109,0.03646554,0.031953633,0.041445233,0.032018587,0.037199043,0.038247354,0.033426143,0.039317496,0.040253773,0.036027607,0.037944052,0.03463895,0.034110263,0.03187855,0.040525094,0.039658435,0.031223275,0.042321045,0.040355567,0.037048835,0.04034957,0.04184062,0.036020823,0.037976228,0.033463046,0.035007507,0.042447478,0.02915642,0.03727124,0.03512159,0.03724481,0.034640417,0.029729836,0.031358078,0.032935433,0.044605684,0.027935825,0.0383062,0.0376732,0.041547075,0.03809727,0.035055242,0.028751466,0.035930723,0.037770342,0.03743778,0.034281917,0.03265048,0.028683238,0.041658416,0.04417254,0.03488569,0.04022746,0.029953394,0.039483197,0.03849661,0.03939791,0.042477094,0.034075662,0.035214074,0.042638734,0.030092776,0.035942577,0.030303285,0.03644849,0.035058312,0.03578239,0.031055583,0.035411652,0.03564821,0.042310227,0.032652203,0.0357087,0.032350585,0.03262442,0.034952044,0.044563748,0.032996856,0.040956363,0.032026313,0.03348507,0.02899167,0.040035985,0.038911182,0.034032136,0.039796878,0.03796792,0.030759081,0.036194973,0.04105428,0.032058973,0.039168987,0.03814284,0.033751294,0.036777273,0.04033953,0.032746285,0.038805738,0.030666325,0.03646737,0.0318098,0.03778658,0.0350781,0.04184121,0.034642927,0.03415163,0.043225218,0.038347516,0.030122805,0.032813456,0.037547868,0.03826156,0.038031448,0.038576107,0.038004413,0.038161535,0.031053577,0.043484755,0.035561986,0.036146723,0.032486223,0.04128986,0.03556761,0.034389276,0.03934738,0.03409131,0.041416124,0.027787501,0.044658795,0.033332244,0.04109098,0.035540503,0.034165334,0.031235788,0.041842625,0.03349118,0.03900436,0.03230669,0.037146978,0.03965026,0.038645588,0.039349057,0.037629187,0.038395174,0.03281286,0.03840808,0.035040613,0.039207645,0.041058354,0.034734614,0.03796417,0.037848294,0.038359184,0.031162415,0.035615556,0.039454624,0.038052555,0.036318146,0.032375745,0.03404261,0.041646395,0.03899513,0.0396161,0.043670014,0.034821443,0.03467496,0.033730425,0.03338769,0.038163286,0.03764698,0.04233492,0.034635596,0.038547337,0.03446192,0.024259852,0.033417884,0.034456976,0.032808535,0.037421416,0.040640667,0.035312712,0.037803728,0.03454082,0.033340663,0.035046905,0.035260614,0.031792834,0.0261836,0.041397646,0.03574381,0.040285565,0.027157836,0.042885173,0.034406155,0.038780503,0.045121416,0.043466035,0.037695132,0.035937227,0.032792244,0.027283527,0.040305953,0.044490717,0.036555044,0.035580732,0.034872133,0.037194546,0.03814642,0.038235106,0.038129944,0.036626093,0.029943606,0.034542255,0.04017359,0.035730623,0.037068754,0.03422209,0.03906016,0.039988507,0.028185576,0.030223414,0.033729117,0.042273693,0.038230974,0.039802723,0.03192715,0.034149643,0.0404585,0.038933367,0.038019765,0.040650584,0.040142655,0.034048937,0.03133001,0.03460638,0.03886217,0.041701414,0.038845852,0.044151805,0.031473033,0.037747722,0.03633435,0.03605702,0.03739161,0.033810683,0.03770945,0.033928536,0.03476829,0.036700793,0.031058855,0.041268,0.038145725,0.036940776,0.03729512,0.045568015,0.03637678,0.04047312,0.037805524,0.036640514,0.03963137,0.037680853,0.040218774,0.03398912,0.03629193,0.034425832,0.0336655,0.03664217,0.03361921,0.034742355,0.03716228,0.03613034,0.04195534,0.03260063,0.03383965,0.034021676,0.035489365,0.034113325,0.04048638,0.03268297,0.028587122,0.0348312,0.03397779,0.040797338,0.033555895,0.038099185,0.02963477,0.04250301,0.04180972,0.034363188,0.03465346,0.039553244,0.030760258,0.031095315,0.0359854,0.039581016,0.037934393,0.03592336,0.03781193,0.039698817,0.03495605,0.030403864,0.035513952,0.038810212,0.037974812,0.03681182,0.037441924,0.038550593,0.028658725,0.033080798,0.04443602,0.033286948,0.034962624,0.024582095,0.03308101,0.041094474,0.033370227,0.044537332,0.036751263,0.035926238,0.035715435,0.037763484,0.04154586,0.030561663,0.038428705,0.030745063,0.03538024,0.03427221,0.038813133,0.03304819,0.03221617,0.03625412,0.03536155,0.03462299,0.038644187,0.037989672,0.036184702,0.03619367,0.034341294,0.040094286,0.031814013,0.03913075,0.036452807,0.040650498,0.038087346,0.03540691,0.041097958,0.035473447,0.03360407,0.034528024,0.030501103,0.037401967,0.041520998,0.03994204,0.03680183,0.036155023,0.039391167,0.03149304,0.033946667,0.03777471,0.03777399,0.036785014,0.027049888,0.036853705,0.03791196,0.03841338,0.035870254,0.032915175,0.035771154,0.043453272,0.0399703,0.038982965,0.033203676,0.037541606,0.041638605,0.036983285,0.036559664,0.03651039,0.03674219,0.039357774,0.03462746,0.032468215,0.038115244,0.037735954,0.039023764,0.037140787,0.034874562,0.040519584,0.039375264,0.038765453,0.039969977,0.027670778,0.033440784,0.034391943,0.035077218,0.03531447,0.037029836,0.035435893,0.037979938,0.036488093,0.036148824,0.03310212,0.030593855,0.038480226,0.04010281,0.03290676,0.039880633,0.046312645,0.032615095,0.034718074,0.03296103,0.028407779,0.040924564,0.03652335,0.033945616,0.037020158,0.04231662,0.037467796,0.039475538,0.031663682,0.03454766,0.0316284,0.03742363,0.03824465,0.03802128,0.036013976,0.037519246,0.03998484,0.034136064,0.033915352,0.03614352,0.038156845,0.044968657,0.030317742,0.032303825,0.036613293,0.034205496,0.036311712,0.032436617,0.03752019,0.03861171,0.03212297,0.03919314,0.033409573,0.037918158,0.03816257,0.032849144,0.03843208,0.036103606,0.037472535,0.0409295,0.03374514,0.037795737,0.032205284,0.035955947,0.035398193,0.03050192,0.037945293,0.036742494,0.04139198,0.031962164,0.035852443,0.039233044,0.036629394,0.038207218,0.030794013,0.035931624,0.03842915,0.035492416,0.039533593,0.04381154,0.035359673,0.03927786,0.028699316,0.03634076,0.033408344,0.031912595,0.034952242,0.03899335,0.035004217,0.039592493,0.0369721,0.03296467,0.03315126,0.03697928,0.035282332,0.032198183,0.040603433,0.034050316,0.027374132,0.036739305,0.03454967,0.030342894,0.036044784,0.03580166,0.04135961,0.035719782,0.031117333,0.04297793,0.032136336,0.03839831,0.02989104,0.04011056,0.030369397,0.036756374,0.033401523,0.03415663,0.030875348,0.041318133,0.031645495,0.036893025,0.04352918,0.037600957,0.03405039,0.039126214,0.03943693,0.038423702,0.034662183,0.02633803,0.03600774,0.036493365,0.036404047,0.042169347,0.041712336,0.037278607,0.038999304,0.036529213,0.044844955,0.038478903,0.036232997,0.03987566,0.03638767,0.03632074,0.030726582,0.036078893,0.032049205,0.027659837,0.03755543,0.03569174,0.03382921,0.03232804,0.042403582,0.03374161,0.038527213,0.037475787,0.031052567,0.037192877,0.039620623,0.038193475,0.039730854,0.027535696,0.038232528,0.030259047,0.03469696,0.033534527,0.038357798,0.03488684,0.036000423,0.033704594,0.031961177,0.045109365,0.026140912,0.037210107,0.036368787,0.04089751,0.039140545,0.03697989,0.03791163,0.036966756,0.04313419,0.041225716,0.02628384,0.0377871,0.034266055,0.030334964,0.031226085,0.03692893,0.036772527,0.035903502,0.039711636,0.03233964,0.037406504,0.0354762,0.03556215,0.03127641,0.031392198,0.037516333,0.03234094,0.03248076,0.037766673,0.03843959,0.040370785,0.037650816,0.02948878,0.040137034,0.03216361,0.031231847,0.042744234,0.03474229,0.034413718,0.031305164,0.042842306,0.03328323,0.040392734,0.033024378,0.032842197,0.043236203,0.03098258,0.035603046,0.03248704,0.032335285,0.038162336,0.035964373,0.024771903,0.035137184,0.038975682,0.029063666,0.033634074,0.031760663,0.030827466,0.036959283,0.031200333,0.04068754,0.033743273,0.034850795,0.03770731,0.029317264,0.039343882,0.03993061,0.038468897,0.04606934,0.036919594,0.037607774,0.035822712,0.035043027,0.033297017,0.035832293,0.03811533,0.03377572,0.033151183,0.044257067,0.037476726,0.034384582,0.039234784,0.031930786,0.035016134,0.03116513,0.038518928,0.04204914,0.037837744,0.043672036,0.043254428,0.036863074,0.034373246,0.038171694,0.027507572,0.03621363,0.034760606,0.040609095,0.037302766,0.036840744,0.033823878,0.039043497,0.034302805,0.035608433,0.038849097,0.037034225,0.03887351,0.03881813,0.03202688,0.03899144,0.029686807,0.043578766,0.039996367,0.033350848,0.027795963,0.027677666,0.03950417,0.042392503,0.038010523,0.027349269,0.04096969,0.03389958,0.03366488,0.028580748,0.035967402,0.033461317,0.036289856,0.036040395,0.035230562,0.04218491,0.040703535,0.03694168,0.029753117,0.03594545,0.03375348,0.034935698,0.031690348,0.039407566,0.04091278,0.04086931,0.033325896,0.03215828,0.036187164,0.039152194,0.033351183,0.039434716,0.036970295,0.040557504,0.031277027,0.036368296,0.031339757,0.037884057,0.035666887,0.037837923,0.04500883,0.041807376,0.03526817,0.04197174,0.034679975,0.033985056,0.03482408,0.04560367,0.03723207,0.041002467,0.04146789,0.03375584,0.036346104,0.03868808,0.03521212,0.030850146,0.036745433,0.033894185,0.038617548,0.043508127,0.03247555,0.031367876,0.035157006,0.033800565,0.03996887,0.03831511,0.032864638,0.042379495,0.03447186,0.03846472,0.038254082,0.038052015,0.045110855,0.030981086,0.040879622,0.03498033,0.035261013,0.032164995,0.040040713,0.043440253,0.04147027,0.032635685,0.032467633,0.03425655,0.037824888,0.03725075,0.040321864,0.038275562,0.034006555,0.042468563,0.029716665,0.035508577,0.03789653,0.035367638,0.02932519,0.036132496,0.03542461,0.0447512,0.039525386,0.04125817,0.039476376,0.039350472,0.040743306,0.039571084,0.036453404,0.036123127,0.035777852,0.038456127,0.038350936,0.042662412,0.033727054,0.039778527,0.031905252,0.036852486,0.03409724,0.037193265,0.042204514,0.029182192,0.040350873,0.037611283,0.044273566,0.034044612,0.03447709,0.036394548,0.033338506,0.036555547,0.038436834,0.03661552,0.04084537,0.030879887,0.04039474,0.03260363,0.04758283,0.037455842,0.043710865,0.029496994,0.03260479,0.0376666,0.043002266,0.03415107,0.03821919,0.03418104,0.032570858,0.032512162,0.036108483,0.040741224,0.032054283,0.03545264
1.1059498,1.1154871,1.1089636,1.1058599,1.1076051,1.1150391,1.1120164,1.1107119,1.1108483,1.1079923,1.1094996,1.1130115,1.1067427,1.1064875,1.104772,1.106973,1.1024601,1.101605,1.1060966,1.1118817,1.1040344,1.1048027,1.1107388,1.1074561,1.1085148,1.1033833,1.1068201,1.1087047,1.1024745,1.1044594,1.1102502,1.1095833,1.113234,1.1018572,1.1066421,1.11213,1.1050051,1.1094778,1.1117927,1.1143385,1.1076276,1.1056994,1.1066576,1.1040918,1.1077591,1.113745,1.1047286,1.1120296,1.1076689,1.107788,1.1161906,1.1077232,1.1074401,1.1095995,1.1013026,1.1079742,1.1132922,1.1082046,1.1032507,1.1089212,1.1087327,1.109151,1.1134623,1.1057181,1.1075182,1.1058875,1.1052549,1.0989358,1.1054564,1.1092664,1.1033008,1.1145555,1.108692,1.109717,1.1046568,1.110431,1.1031451,1.1102573,1.0996357,1.1051877,1.1088569,1.1066765,1.1122695,1.107947,1.1009195,1.10274,1.1156551,1.1040473,1.105328,1.1016569,1.1056056,1.1028081,1.115544,1.1116443,1.1083533,1.1059752,1.1010034,1.1161621,1.110361,1.1110258,1.1115433,1.1054176,1.1054953,1.1122751,1.1113834,1.1051662,1.1093848,1.1070111,1.1169187,1.1092622,1.1097643,1.1087825,1.1019974,1.1129093,1.1079522,1.1104976,1.111773,1.1043249,1.1121011,1.1094196,1.1132833,1.1086951,1.1100703,1.1057152,1.1020877,1.1077027,1.1091969,1.1119034,1.1081071,1.1052618,1.1160102,1.1007135,1.106649,1.1136175,1.1121968,1.1101387,1.104737,1.1179078,1.113453,1.1127293,1.1117613,1.1098806,1.107095,1.1044004,1.1039418,1.1033937,1.1095872,1.109482,1.1119852,1.1172448,1.1084397,1.1087694,1.1125915,1.1070118,1.1040994,1.1062976,1.1040725,1.1087154,1.1106133,1.1066914,1.1061363,1.1103269,1.1080076,1.1104728,1.1047292,1.1100571,1.1102147,1.1089683,1.1147877,1.1045086,1.1085933,1.1098382,1.1176447,1.1088245,1.1091872,1.1081477,1.1063894,1.1088988,1.1089014,1.1058646,1.1084402,1.1046195,1.1108652,1.1087264,1.107428,1.1013769,1.1103942,1.1041268,1.109098,1.1081787,1.1136761,1.1093042,1.112298,1.1123251,1.1057874,1.1011561,1.110739,1.1145132,1.1095386,1.115792,1.1056283,1.1030215,1.1055992,1.1092763,1.1086897,1.1122035,1.1118007,1.1123781,1.1099185,1.1129,1.1200837,1.1108224,1.1075984,1.113272,1.1168176,1.1148627,1.1075536,1.1052881,1.1021286,1.1073279,1.1097025,1.1054257,1.1088492,1.1073459,1.1100352,1.1050751,1.1008619,1.1051809,1.1047508,1.1109656,1.112105,1.1064837,1.1183388,1.1089269,1.1088214,1.1053002,1.1037774,1.1106186,1.1119196,1.1073636,1.1050775,1.1129847,1.1131679,1.1040326,1.1085875,1.1061637,1.1085144,1.103483,1.1087495,1.1076803,1.106275,1.1073642,1.1039512,1.1052325,1.1110345,1.1140436,1.1047448,1.0993698,1.1116472,1.1027085,1.1038706,1.109015,1.1088339,1.109711,1.1102,1.1073625,1.1089094,1.1129234,1.1028957,1.1126864,1.108785,1.1039896,1.1062949,1.1068581,1.1045251,1.1141318,1.1074643,1.1107236,1.1043214,1.113694,1.110299,1.1071862,1.1126691,1.1082321,1.1074955,1.1117363,1.11152,1.1147274,1.1095041,1.1039585,1.1046259,1.1022791,1.1113753,1.1114566,1.1062541,1.10944,1.1094265,1.1135248,1.1109533,1.1125711,1.1042943,1.1120431,1.1073061,1.1038665,1.1096908,1.1052368,1.106611,1.110316,1.1088029,1.1047561,1.1125888,1.1067014,1.1061369,1.1046177,1.1081148,1.1046047,1.1026589,1.1104232,1.1103363,1.1133182,1.1096011,1.1143167,1.1090503,1.1104546,1.1145866,1.1104239,1.1150383,1.108477,1.1175033,1.1049261,1.1134193,1.1108758,1.1116008,1.1100376,1.1056017,1.10565,1.1088555,1.1114703,1.1148533,1.112855,1.1172483,1.1142708,1.107746,1.1149766,1.1054013,1.1067715,1.1106452,1.1045458,1.1158735,1.1093783,1.1129706,1.110104,1.1117028,1.1071095,1.1093731,1.1152173,1.1032555,1.1069828,1.1055657,1.1132505,1.1068999,1.1142863,1.1079159,1.1050766,1.1014866,1.1105392,1.1059844,1.1063797,1.1061175,1.110766,1.1055821,1.1037784,1.102955,1.1081064,1.109634,1.1040628,1.1042315,1.1100572,1.1101131,1.1104641,1.1172948,1.1091812,1.1133772,1.1114678,1.1103361,1.1125573,1.1113821,1.1104163,1.1160591,1.1081883,1.1103925,1.1043547,1.114127,1.1166077,1.110843,1.1113687,1.1110322,1.1152285,1.1069005,1.1046972,1.1083418,1.1113621,1.1021707,1.110396,1.1085778,1.1054078,1.1063247,1.1070865,1.1096435,1.1104108,1.1075519,1.1112517,1.1160295,1.108206,1.1056708,1.1152875,1.1101696,1.1047437,1.1151788,1.1069816,1.1058971,1.1037656,1.1066791,1.106952,1.1160296,1.109471,1.1089115,1.110841,1.1073791,1.1109996,1.1056156,1.1075189,1.111795,1.1053109,1.1036446,1.105335,1.1110612,1.1062295,1.1111144,1.1065227,1.1062566,1.1077995,1.101331,1.1065317,1.1090903,1.1097167,1.112599,1.1020932,1.1071379,1.1083999,1.1107147,1.1063584,1.1031703,1.1112151,1.1020751,1.1072254,1.1087914,1.1070392,1.109363,1.1084064,1.1066242,1.1123254,1.1114482,1.1040161,1.1158924,1.1070582,1.1147834,1.109852,1.1070216,1.1088896,1.1085954,1.1092621,1.1075966,1.1139127,1.1053841,1.1080477,1.1061964,1.117267,1.1047704,1.1054132,1.1064421,1.1076788,1.1111509,1.1110964,1.1089725,1.1140152,1.1060802,1.1175487,1.0988158,1.109702,1.1043372,1.1120523,1.1090189,1.1063378,1.1080471,1.109636,1.1096282,1.1072958,1.1119947,1.1116283,1.1052649,1.1115175,1.1035558,1.1143404,1.1135573,1.1058539,1.1130347,1.1087604,1.1062593,1.1155564,1.1123382,1.1105939,1.107117,1.1093309,1.1125351,1.1063267,1.1036764,1.1091945,1.1085478,1.1080335,1.1059806,1.1095634,1.1123569,1.1109605,1.1063914,1.1053059,1.1045628,1.1076093,1.1084578,1.0996852,1.1075062,1.1068225,1.1078259,1.1146556,1.1050578,1.1020187,1.1088347,1.1098412,1.1076247,1.1085714,1.106953,1.1091911,1.1123657,1.1086209,1.1057336,1.111658,1.1062691,1.1104666,1.1097499,1.114102,1.1140395,1.1067548,1.1126719,1.1079718,1.1094545,1.1105887,1.11031,1.100879,1.1121979,1.1043463,1.1149431,1.1099117,1.1051168,1.1109797,1.1066526,1.1043735,1.1067243,1.1084505,1.1076068,1.1094198,1.1098676,1.1143098,1.1111505,1.1055741,1.1072887,1.1075656,1.1091309,1.1124719,1.100144,1.1056633,1.1099732,1.1054169,1.1150872,1.1106694,1.1124811,1.1032571,1.1020095,1.1102219,1.1063007,1.1120878,1.1118935,1.1031504,1.1083283,1.1131558,1.1155792,1.1088752,1.1098263,1.1057494,1.1052278,1.10154,1.107062,1.1019471,1.1106093,1.1168302,1.1123925,1.1141822,1.1048638,1.1030294,1.1132183,1.1078326,1.10473,1.1078334,1.1122454,1.0983096,1.1085938,1.1154162,1.1139256,1.1082566,1.1102029,1.1128722,1.115935,1.1070367,1.1129158,1.112664,1.105679,1.1040577,1.1064548,1.1104335,1.104428,1.110543,1.1136813,1.1072417,1.1087602,1.1120067,1.1102192,1.1109952,1.1109751,1.1128775,1.110949,1.1039225,1.1098391,1.1088893,1.1068989,1.1000688,1.1105462,1.1095079,1.1128297,1.1071563,1.1082442,1.1044365,1.1127559,1.1053901,1.103701,1.107677,1.1049289,1.1092219,1.1060447,1.1088611,1.1067076,1.1108897,1.1119143,1.1114291,1.0987076,1.1104743,1.1058341,1.1034517,1.1147507,1.1085402,1.1027243,1.1081918,1.1054568,1.1145846,1.1100199,1.1091315,1.1117146,1.1148582,1.1077249,1.1086763,1.1118107,1.1116415,1.1065727,1.1061944,1.1128862,1.1126893,1.1100792,1.1104896,1.1100913,1.1122131,1.1080519,1.1132534,1.1104405,1.1047475,1.1126429,1.1043934,1.0998887,1.1115474,1.0943862,1.1100075,1.1183023,1.1093045,1.1049787,1.1120353,1.1078892,1.1029234,1.112944,1.1113545,1.1083663,1.1088862,1.1075187,1.1068132,1.1123953,1.1088091,1.1082641,1.1142995,1.1048187,1.1097099,1.1116985,1.1113769,1.1127315,1.1095098,1.1065217,1.1100944,1.1099628,1.1009785,1.1041639,1.1092006,1.1000923,1.1113197,1.1109174,1.115929,1.1099172,1.1075668,1.1140312,1.1064385,1.1062853,1.1089697,1.1084512,1.1067076,1.1070946,1.1112553,1.1058213,1.1054327,1.1041312,1.0997903,1.1045091,1.103654,1.1140085,1.1139144,1.1077181,1.1054866,1.1090136,1.1109654,1.1064905,1.1042355,1.1140777,1.1068546,1.1071773,1.1113795,1.1070551,1.1068232,1.105725,1.1115527,1.1024094,1.1065216,1.1090643,1.1071737,1.1113449,1.1141406,1.1120422,1.1141452,1.1086037,1.1096121,1.1117345,1.1042174,1.1131606,1.1062021,1.1087776,1.1038605,1.1090554,1.1135359,1.1028844,1.1086547,1.1087472,1.1075888,1.1168573,1.1045456,1.1085836,1.1066579,1.1116056,1.106196,1.1049371,1.1119784,1.1010761,1.1107092,1.1112059,1.1181484,1.1061606,1.1112491,1.0985776,1.1129572,1.1064566,1.1134139,1.1059012,1.1133369,1.1098422,1.1058261,1.1080927,1.1088159,1.1129797,1.1133615,1.1002932,1.1081653,1.1001179,1.1117481,1.1145117,1.1124212,1.1046584,1.1082041,1.1074595,1.1118239,1.1116414,1.105806,1.1135846,1.104745,1.1162125,1.1074632,1.1075193,1.1081271,1.108364,1.1072012,1.1099867,1.1056993,1.1037037,1.1081766,1.1073261,1.1098487,1.1049104,1.115672,1.1133829,1.1065308,1.1028535,1.1090044,1.1095761,1.112702,1.1047922,1.1101171,1.109507,1.1139655,1.1045846,1.1096458,1.1055864,1.1109234,1.1071292,1.1088927,1.1073551,1.110613,1.1172912,1.1080067,1.1108196,1.1090734,1.1115856,1.1067581,1.1157118,1.1058207,1.1105615,1.1159308,1.1083972,1.1104305,1.1210078,1.1082829,1.1151766,1.1147673,1.1111814,1.1052516,1.1120611,1.1082364,1.1052012,1.1062478,1.1082125,1.1059468,1.1044974,1.1112274,1.1104541,1.1014421,1.111293,1.1069143,1.105604,1.1076247,1.099988,1.1028073,1.1110009,1.1127968,1.1090045,1.1134881,1.1110306,1.1159108,1.1101353,1.1082586,1.1050636,1.1211779,1.1122081,1.114662,1.1074212,1.105445,1.1074682,1.1051531,1.1028839,1.108171,1.1089078,1.10579,1.1074772,1.1062294,1.1054165,1.1037265,1.1061548,1.105581,1.1102828,1.1054404,1.109177,1.1097919,1.1081226,1.1119959,1.1108155,1.1047359,1.1121976,1.110728,1.1082975,1.1080832,1.1137345,1.1040118,1.117077,1.1079988,1.1141912,1.1066271,1.1136892,1.1135195,1.1084542,1.1101291,1.1099062,1.1026533,1.1051167,1.1059089,1.1041428,1.1102287,1.108303,1.1119423,1.1113181,1.105454,1.1033167,1.109059,1.1121917,1.1146827,1.1029745,1.1075821,1.1159648,1.1075218,1.1110394,1.1060451,1.1069708,1.112604,1.1064403,1.1071478,1.1077849,1.1084974,1.1019177,1.107041,1.1145303,1.1082197,1.1085513,1.1018254,1.1113741,1.1078088,1.1144869,1.1017048,1.1134617,1.1106808,1.108688,1.1063257,1.100275,1.1094469,1.1107292,1.1144248,1.1122844,1.1088805,1.1110538,1.1137457,1.1037365,1.1124678,1.1114463,1.1094036,1.1066779,1.1134753,1.1092411,1.1154076,1.1112967,1.1067284,1.1073399,1.114481,1.1151146,1.1077698
0.98397017,0.98607916,0.9926174,0.9943941,0.9875757,0.9907232,0.99051327,0.9887992,0.99281013,0.99128425,0.9912156,0.99165154,0.99324644,0.9952441,0.9872182,0.9934491,0.98392147,0.99448794,0.9870119,0.9983389,0.9877033,0.99177295,0.98457444,0.9966238,0.9891399,0.9889564,0.9861218,0.9890495,0.98240227,0.98942274,0.99352735,0.98741066,0.9950778,0.9885889,0.9834209,0.99535054,0.99091524,0.9971949,1.0032785,0.9926107,0.99249226,0.9854471,0.9960668,0.99272424,0.99275225,0.98121154,0.99566895,0.99363464,0.9918883,0.98229915,0.99237883,0.9852529,0.98927027,0.99082863,0.98716325,0.991349,0.99747264,0.9909677,0.98705846,0.9934937,0.9975656,0.9914116,0.9917585,0.9867716,0.9946862,0.9857831,0.9903532,0.99285686,1.000326,0.987449,0.9894242,0.9953053,0.9896787,0.9842045,0.9900159,0.991707,0.99145424,0.9928852,0.99231774,0.990431,0.9916063,0.98317367,0.99553347,0.9853137,0.9849346,0.9848513,0.99792457,0.98226213,0.9889602,0.9877925,0.99468035,0.99031687,0.99050653,0.99151224,0.9833661,0.9885048,0.983871,0.9977029,0.99855804,0.9990099,0.99034977,0.98560816,0.9925067,0.98733956,0.99418265,0.9872157,0.99167496,0.9988521,0.9971384,0.98537576,0.98999274,0.986962,0.9895068,0.9914692,0.9927785,0.9897335,0.9949174,0.9913038,0.978184,0.992853,0.9980688,0.99942553,0.99716204,0.9921683,0.98779005,0.9891255,0.9892022,0.9947857,0.98885655,0.988922,0.99043304,0.9925519,0.99372536,0.99076223,0.99562013,0.9908115,0.9937194,0.99366796,1.0014652,0.99358225,0.9917664,0.99246496,0.98629886,0.9938917,0.9968785,0.9907432,0.99254507,0.99499667,0.9883272,0.9939842,0.99630183,0.9901506,0.9909914,0.9948082,0.99168044,0.9888054,0.99012905,0.98716396,0.988587,0.98561484,0.9922242,0.9928179,0.98457396,0.99052954,0.98938435,0.9876294,0.9876933,0.9932919,0.99160904,0.9826206,0.9888335,0.9934198,0.9910632,0.9913024,0.98978424,0.9934925,0.9850782,0.99465334,0.99401647,1.0011299,0.9875809,0.99893945,0.9889102,0.98864406,0.99515706,0.9927345,0.98969597,0.9911613,0.9887407,0.9895317,0.99324644,0.99461454,0.9860774,0.9880159,0.99280155,0.9882049,0.9938593,0.9919023,0.992007,0.9958254,0.98676455,0.98658633,0.9952901,0.98725146,0.98641026,0.99340945,0.9953902,0.99080455,0.99248534,0.9912857,0.9972365,0.9921332,0.99007994,0.98410517,1.000216,0.997314,0.99114364,0.9922991,0.9912743,0.984971,0.99219084,0.9901462,0.98513865,0.98640114,0.9871165,0.9972085,0.9946985,0.98584926,0.9860123,0.9914082,0.99229515,0.9811393,0.98931026,0.9884006,0.99232644,0.97544533,0.99615175,0.9892588,0.98533124,0.9907469,0.9923846,0.9948979,0.9950595,0.98249674,0.9911495,0.99252903,0.98941183,0.98683345,0.9901532,0.98974997,0.9903294,0.99114424,0.99094963,0.98833054,0.98535675,0.997311,0.98980325,0.98646224,0.9939958,0.9943653,0.9838679,0.9884676,0.99420595,0.99751204,0.9911161,0.99548656,0.9935115,0.9968292,0.99315053,0.991126,0.9913387,0.99237347,0.98810726,0.9888539,0.99234205,0.99670947,0.9922372,0.9932872,0.9920683,0.98350114,0.9895424,0.9864357,0.9885393,0.9816218,0.98996127,0.9929785,0.99841756,0.9941987,0.9902544,0.9952403,0.9893171,0.9882465,0.9889606,0.98962927,0.9963485,0.99450636,0.9909657,0.9857372,0.9947606,0.98776585,0.9892731,0.9949669,0.9952105,0.9934071,0.99201006,0.9985341,0.98568004,0.988469,0.9868707,0.98842806,0.9916509,1.0013336,0.9900439,0.9857699,0.98395395,0.9831955,0.9853477,0.99113786,0.99071723,0.9976435,0.9945432,0.99574876,0.9877019,0.99186105,0.9932841,0.9820129,0.99795777,0.9913099,0.9916887,0.9899942,0.98863435,0.99373263,0.9907121,0.9916238,0.992302,0.9828504,0.99173677,0.9935605,0.992193,0.9935989,0.99532294,0.99751186,0.988453,0.99821067,0.98942673,0.99115276,0.99013937,0.9870579,0.9914138,0.98923457,0.9858155,0.9941927,0.9946288,0.9905311,1.0021757,0.9881829,0.98126364,0.99000746,0.99589694,0.9994831,0.990439,0.9968558,0.9921474,0.98529625,0.99410456,0.99745476,0.98767203,0.98326343,0.9873571,0.99282455,0.9849735,0.99141544,0.9827063,0.98522,0.98988956,0.982513,0.99145323,0.9916017,0.9909101,0.99166554,0.98669726,0.99060214,0.9966325,0.9945292,0.9870039,0.994359,0.9909128,0.9952674,0.9902926,0.99180096,0.9942834,0.98724496,0.9958017,0.9982686,0.9950349,0.98747694,0.9950659,0.99692774,0.9943323,0.99419135,0.99552065,0.9979136,0.9905808,0.9914325,0.9961031,0.9897733,0.9848765,0.9891043,0.9913829,0.99024516,0.9928979,0.9974295,0.99833465,0.9831231,0.9855626,0.98838717,0.99235433,0.98996377,1.0018028,0.9883514,0.9895777,0.9851932,0.9960204,0.9900238,0.99394906,0.98704475,0.986633,0.99138296,0.9839616,0.9911437,0.9915854,0.98882776,0.99281657,0.98604363,0.9831137,0.99181265,1.0003179,0.99510443,0.99408,0.9857249,0.98403317,0.99232024,0.9906836,0.9875724,0.9871622,0.9860225,0.9924178,0.98186904,0.99572057,0.98533744,0.988851,0.98839515,0.9979817,0.9966908,0.9909385,0.9888654,0.99104744,0.995461,0.99255294,0.989765,0.9926628,0.98826987,0.9937311,0.99228555,0.9905459,0.98618746,0.9958067,0.99050784,0.9917638,0.992481,0.988734,0.9860441,0.9855021,0.9847769,0.98909265,0.98901945,0.9876914,0.9988038,0.9871944,0.9880709,0.98214155,0.9860661,0.9868715,0.9944996,0.9890572,0.9946385,0.9927891,0.9898377,0.98689187,0.9944151,0.9936503,0.9927602,0.9842591,0.989713,0.9902419,0.9918374,0.98721874,0.9868403,0.9804241,0.9891855,0.98618037,0.99892664,0.9900808,0.98751944,0.9939561,0.9962185,0.9992837,0.9930063,0.99105215,0.98712796,0.99261856,0.9835013,0.9939998,0.9915672,0.98662966,0.99307126,0.98980826,0.9922167,0.990218,0.9931695,0.9850194,0.98789585,0.99616164,0.98879063,0.992545,0.98908484,0.9927692,0.99502915,0.9876736,0.99162376,0.9883206,0.9880201,0.98777413,0.98719114,0.99793893,0.99053806,0.99116886,0.9924447,0.99604213,0.9999877,0.99119157,0.98797935,0.97947055,0.99397266,0.996154,0.9931404,0.9923397,0.9872061,0.9897382,0.99400663,0.992103,0.99118686,0.9896062,0.99639577,0.9943795,0.99107414,0.9863657,0.9886849,0.99176526,0.9918475,0.9935909,0.9940693,0.9884201,0.98378813,0.9862249,0.99071306,0.9932735,0.99461555,0.9894504,0.9914905,0.99950874,0.9918708,0.991282,0.9951093,0.9931778,0.982987,0.9907389,0.9870492,0.99519426,0.9929562,0.9917574,0.9860807,0.9853877,0.9912957,0.9876075,0.9903769,0.99084693,0.9900278,0.99530596,0.9908522,0.99147993,0.9853866,0.98952377,0.9856745,0.99297786,0.99058515,0.9915613,0.99434775,0.98889166,0.98962694,0.98312134,0.98342144,1.001788,0.98764,0.9921628,0.9946946,0.98398703,0.98486924,0.9867894,0.9862014,0.9907527,0.9924018,0.98503476,0.986397,0.9907727,0.9965537,0.98875076,0.991694,0.99906987,0.98916644,0.99453384,0.99435645,0.99195945,0.98519117,0.9925129,0.9937855,0.9922774,0.98917896,0.98837465,0.99274683,0.9935838,0.99220026,0.9904207,0.9889653,0.9920089,0.9836169,0.985006,0.9943966,0.9950149,0.9874525,0.99117523,0.98714894,0.9907286,0.98310584,0.9903284,0.9968603,0.9854271,0.9909442,0.9928343,0.98791105,0.9910053,0.98969424,0.9897917,0.98939633,0.98470914,0.9914241,0.9994466,0.98778677,0.98269045,0.9922527,0.9988158,0.9899524,0.9891891,0.9975945,0.99107563,0.99188274,1.0029087,0.98647076,0.9900996,0.9830681,0.9934298,0.9935921,0.98983413,0.9901115,0.98819256,0.98776746,0.99484193,0.99130327,0.9943859,0.9912743,0.98897535,0.98935664,0.98768675,0.9896946,0.99248374,0.99196815,0.9900951,0.9967434,0.9840499,0.9941226,0.9855914,0.9829067,0.997254,0.99429655,0.9940671,0.98960733,0.9788427,0.9863846,0.987545,0.9811458,0.98962814,0.9984086,0.9832858,0.98992956,0.99324155,0.99971133,0.9941884,0.9851209,0.98470587,0.9916735,1.0000178,0.991611,0.9917766,0.9941723,0.98327976,0.99108225,0.9952982,0.9994137,0.99333036,0.993481,0.9939007,0.9918432,0.9899699,0.98829335,0.9927269,0.99273133,0.98638344,0.98752046,0.98725945,0.99565554,0.9926765,0.9995872,0.99024326,0.985935,0.9928105,0.991873,0.98587584,0.98272294,0.9980279,0.9889483,0.9971044,0.9885304,0.98718756,0.99607867,0.98825955,0.9897916,0.9897349,0.98946005,0.986146,0.98934144,0.98419845,0.9957254,0.9911273,0.9866521,0.9869597,0.9972007,0.98810524,0.9909819,0.99183077,0.99047077,0.98985535,0.9955066,0.9900585,0.9877637,0.99506444,0.99276614,0.9854874,0.9966921,0.98782927,0.99091005,0.99248934,0.98321515,0.99180645,0.9895698,0.98876107,0.9865298,0.99876875,0.99567324,0.9948136,0.9925613,0.98098767,0.98722005,0.9924404,0.99037796,0.99374443,0.9815014,0.99456424,0.99484223,0.988438,0.99005824,0.9927024,0.9915442,0.9881871,0.9838545,0.9895787,0.9931011,0.9958317,0.98734164,0.99022204,0.9902345,0.99101466,0.990413,0.98772,0.9955311,0.9920662,0.98868865,0.988329,0.9937972,0.9966511,0.9943062,0.9947103,0.9922186,0.9893129,0.98610336,0.9932934,0.99352,0.9824477,0.9860883,0.9910802,0.99154174,0.9878967,0.9912866,0.99742645,0.9874554,0.99403876,0.98609924,0.987943,0.97953427,0.9829835,0.99060273,0.99243784,0.9937076,0.99024665,0.994928,0.98999995,0.99465626,0.9839625,0.99141735,0.99928427,0.995591,0.98177093,0.99419963,0.9965479,0.98701626,0.98859525,0.9908133,0.9860265,0.9912422,0.99074495,0.9850604,0.98844427,0.99448633,0.9941505,0.9912368,0.9872384,0.9900926,0.98984,0.99415004,0.9882723,0.9955828,0.9937769,0.9985729,0.99156636,0.9914133,0.99405515,0.99257386,0.99787897,0.98241436,0.99527395,0.9887541,0.9983462,0.9894078,0.9897546,0.984923,0.9980064,1.0013816,0.9854917,0.99214536,0.98467237,0.9854553,0.9838581,0.9819769,1.0046873,0.9948477,0.99055046,0.991788,0.9955159,0.99094695,0.98792565,0.9856844,0.9923484,0.9923429,0.98724115,0.99567676,0.98888487,0.99382085,0.9899564,0.99969655,0.9875263,0.98558575,0.985185,0.9961716,0.9928605,0.98662394,0.9895993,0.9907247,0.9894678,0.98334026,0.98913884,0.99010855,0.991237,0.98056084,0.9943627,0.9966609,0.9960207,0.9893759,0.9841192,0.99502647,0.9877009,0.9931762,0.99120164,0.99248517,0.98848325,0.9858815,0.9884927,0.99447906,0.9871004,0.9964301,0.99600285,0.99242216,0.99149686,0.9847877,0.9956141,0.9864569,0.9952365,0.9978346,0.9896436,0.9966668,0.99489063,0.9936587,0.98938924,0.9881586,0.9974474,0.99142647,0.9848582,0.9927413,0.99578017,0.9891243,0.98701674,0.98170114,0.9918295,0.99334836,0.992062,0.9829172,0.9965132,0.9847038,0.99397427,0.9864625,0.9961858,0.9870403,0.99214995,0.99326557,0.9848824,0.99264175,0.99983436,0.9772716,0.9965935,0.9878938,0.98699427,0.98857385,0.99320835,0.989092,0.99091184,0.98984796,0.9958641,0.9974181,0.98905104,0.9843358,0.9845605,0.9898786,0.99162096,0.9922778,0.99225605,0.9911223,0.9884392,0.995943,0.9867284,1.0026631,0.9917847,0.99118227,0.99285305,0.9962277,0.98921716,0.9941828,0.9949471,0.9896942,0.99066216,0.9951958,0.9898109,0.9966554
1.1580387,1.153592,1.1572393,1.1445161,1.1473439,1.1547263,1.1459302,1.1467813,1.151038,1.1469804,1.1530783,1.146252,1.1571221,1.1517305,1.1529696,1.1479266,1.153575,1.1565558,1.1478732,1.1569059,1.151386,1.1477726,1.1527286,1.1492438,1.1548234,1.1533914,1.1564546,1.1473973,1.1498321,1.1409686,1.1549749,1.1512332,1.1409787,1.1440572,1.1578807,1.1462512,1.1455525,1.1477445,1.1565969,1.1499772,1.154034,1.1482965,1.1490482,1.147541,1.1496931,1.1577227,1.1482081,1.1480702,1.150295,1.1495365,1.1497504,1.1496828,1.145568,1.1561506,1.1483066,1.1539061,1.152045,1.1560756,1.1492095,1.1486728,1.1507381,1.1493096,1.1523467,1.146811,1.1501936,1.1512777,1.1481376,1.1461595,1.1477137,1.1425071,1.1501157,1.155128,1.1510192,1.150042,1.1574221,1.1542268,1.1476372,1.1532401,1.152894,1.1543577,1.1550674,1.1521157,1.1540521,1.1546804,1.1444772,1.1574107,1.1503607,1.1520666,1.1551514,1.153523,1.150002,1.1545197,1.1523654,1.1601222,1.1487209,1.1482251,1.1425942,1.1631265,1.1497813,1.1579568,1.1464626,1.1453385,1.146741,1.1490426,1.1450619,1.1476701,1.1548935,1.150922,1.151522,1.147308,1.153586,1.1479877,1.1459907,1.1551894,1.1476889,1.1490576,1.1515123,1.147954,1.1509681,1.1475413,1.1460627,1.1531842,1.1490153,1.15038,1.1506528,1.1496618,1.1481582,1.1407005,1.1553628,1.1499984,1.1502624,1.149149,1.1513517,1.1552892,1.1515927,1.1519918,1.1512864,1.1553304,1.1532414,1.1496152,1.1532396,1.1498525,1.1541038,1.1548619,1.150911,1.1390344,1.1547221,1.160007,1.1538925,1.1438973,1.1504794,1.1504287,1.1431762,1.1611185,1.1487232,1.1461132,1.1508014,1.1529894,1.1518975,1.1472095,1.1485655,1.1481668,1.1524465,1.1467315,1.1568137,1.1529989,1.1499547,1.1481161,1.1526332,1.1523694,1.1538924,1.1533544,1.1448317,1.1521552,1.1526687,1.1537154,1.1558399,1.1501577,1.153397,1.144301,1.1499169,1.1519909,1.1499734,1.1490678,1.1501255,1.1607054,1.1546144,1.1481396,1.1528289,1.1514754,1.1508381,1.1570654,1.1472917,1.1572533,1.1499068,1.1500925,1.1491077,1.1577095,1.1468714,1.1519201,1.1484926,1.1518776,1.1561319,1.1482127,1.1511436,1.1524351,1.1569579,1.1532177,1.1503735,1.147,1.1495674,1.1508697,1.153891,1.1473156,1.1552302,1.1506346,1.1533686,1.1497065,1.158931,1.1443976,1.1564533,1.1501703,1.1489536,1.1521503,1.1494809,1.1497698,1.1478114,1.1494693,1.1505649,1.1494458,1.145458,1.1564575,1.1435082,1.1519644,1.1519005,1.1462055,1.1491045,1.1506464,1.152017,1.152287,1.1511347,1.1521983,1.1571738,1.1534128,1.1546746,1.1477592,1.1491884,1.144188,1.1484089,1.1446342,1.155182,1.1495365,1.1508523,1.1511343,1.1551337,1.1596977,1.1489124,1.1455381,1.1526839,1.1512911,1.1531966,1.1519525,1.1511405,1.1533262,1.1526862,1.1504289,1.1506792,1.1544094,1.1423976,1.1531208,1.1536319,1.1582974,1.1526252,1.1468122,1.1564443,1.1490846,1.1548455,1.1528288,1.1505647,1.1483175,1.1526554,1.1536363,1.1497599,1.1544795,1.1434222,1.1486344,1.1558231,1.1495037,1.1505134,1.1502744,1.1467826,1.1525166,1.1477165,1.1462985,1.1532634,1.1541858,1.1495062,1.1521101,1.1532409,1.1448472,1.1502335,1.1534408,1.1531624,1.1539091,1.1537257,1.1493039,1.1517556,1.1540835,1.1490712,1.1515849,1.1518121,1.1435353,1.1501311,1.1494567,1.152483,1.1543678,1.1411326,1.1494226,1.1555611,1.1527604,1.1548327,1.1558266,1.1624105,1.149332,1.1481444,1.1499745,1.149823,1.15518,1.1472927,1.1493006,1.1494793,1.150143,1.1567681,1.146445,1.1611488,1.145021,1.1522691,1.1449862,1.1533691,1.1487288,1.1533355,1.1489049,1.1466721,1.1516142,1.1576104,1.1551031,1.1525029,1.1441109,1.1477243,1.1503474,1.149876,1.1525263,1.1554393,1.1490059,1.1508397,1.15569,1.1491312,1.1545308,1.153918,1.152129,1.148793,1.1444966,1.1478752,1.1485007,1.1545869,1.1591735,1.148334,1.1542536,1.1534274,1.1511446,1.1446745,1.1548516,1.1379486,1.1517787,1.150029,1.1474097,1.1468288,1.1493212,1.14792,1.152273,1.1497171,1.1532364,1.1472565,1.1539229,1.146604,1.1467426,1.1516675,1.1520109,1.1514152,1.1533645,1.1517127,1.1437427,1.1593573,1.1494173,1.1592917,1.1462059,1.1515344,1.1564898,1.1516025,1.1537489,1.1527774,1.155019,1.1456523,1.1501195,1.1488284,1.144986,1.1510448,1.1474346,1.1504989,1.1497803,1.156369,1.1533352,1.1567242,1.1492997,1.1472808,1.1514574,1.148641,1.154784,1.1475555,1.1490854,1.1517942,1.1530458,1.1495616,1.1587508,1.1550882,1.1497134,1.1477346,1.1545832,1.1452848,1.153315,1.1509473,1.1512183,1.1495022,1.1510506,1.1507989,1.1510005,1.1510296,1.1429067,1.152597,1.148005,1.1421399,1.1497828,1.1546279,1.1545326,1.1483623,1.1471809,1.1574097,1.1496562,1.1487713,1.149822,1.1476312,1.1524132,1.1465683,1.1559098,1.1495441,1.1518997,1.1501198,1.1550854,1.1527575,1.1512941,1.1457282,1.152855,1.1542797,1.147252,1.149276,1.1476457,1.1530842,1.1472864,1.1509414,1.1472293,1.14993,1.1509206,1.150755,1.1460052,1.146853,1.1535025,1.1456838,1.1493107,1.1495864,1.151841,1.1478063,1.1502664,1.1450272,1.150789,1.1479025,1.1550809,1.1544867,1.1545721,1.1452423,1.157342,1.1406517,1.1512676,1.1506743,1.1493527,1.1484313,1.1575952,1.1461976,1.1515584,1.1492153,1.149557,1.1456172,1.1544516,1.1590449,1.1496328,1.1539946,1.1500288,1.1547182,1.1553773,1.1471529,1.1508954,1.1490972,1.1477969,1.1518085,1.1513546,1.149639,1.1473826,1.1518185,1.1574076,1.1507771,1.1575447,1.1530148,1.157169,1.1534551,1.1560755,1.1503217,1.153582,1.1562828,1.1546199,1.1565853,1.1549193,1.1471713,1.1579713,1.1521645,1.1458695,1.1504333,1.1579707,1.1516616,1.1455492,1.1517323,1.1538148,1.1537695,1.1524808,1.146115,1.1503251,1.1538471,1.149091,1.1442611,1.1470314,1.1525909,1.1539235,1.1532297,1.1496935,1.1576476,1.1490903,1.1470662,1.1477722,1.1484305,1.1598856,1.1509328,1.1509459,1.1576623,1.1551025,1.1476623,1.159974,1.1497407,1.1502687,1.152735,1.1559385,1.1600435,1.1429676,1.1522156,1.1472127,1.1562881,1.1532353,1.1497244,1.1519259,1.1455399,1.1503769,1.1559377,1.150482,1.1455878,1.1503869,1.1531466,1.1479384,1.1589735,1.150259,1.1432765,1.1558393,1.1563189,1.1480157,1.1519935,1.1555032,1.1454424,1.153707,1.1424408,1.1535517,1.1521138,1.1541234,1.1484761,1.152802,1.1503869,1.1506394,1.150344,1.1464629,1.1506382,1.149715,1.1546706,1.1482723,1.1529485,1.1504294,1.1519672,1.1538637,1.1531116,1.1536293,1.1422591,1.1574788,1.162359,1.1483339,1.1506531,1.156374,1.1488868,1.1552092,1.1527772,1.1488746,1.1516254,1.150293,1.1474928,1.1492463,1.1500508,1.1489049,1.1580317,1.1531516,1.1566136,1.1556756,1.1469496,1.1483526,1.152058,1.1502308,1.1555864,1.1503795,1.15214,1.1566641,1.1562544,1.1538492,1.1552845,1.1502997,1.1508121,1.1505977,1.1487671,1.1540933,1.1446725,1.1459714,1.1446491,1.1533884,1.1554748,1.1513054,1.1531163,1.1481047,1.1524638,1.1474215,1.148271,1.1516414,1.1498063,1.155096,1.1458929,1.1462146,1.1548809,1.1538864,1.1582435,1.1544547,1.1518517,1.149907,1.1540514,1.1564007,1.1541586,1.1412344,1.1456074,1.151668,1.1543285,1.1449298,1.1544033,1.146942,1.1546191,1.1496396,1.1569084,1.1513035,1.1523606,1.1598324,1.1470255,1.1512871,1.154005,1.1547242,1.1495905,1.151018,1.1550138,1.1569564,1.153379,1.1553651,1.147454,1.1525587,1.146116,1.1499997,1.1418194,1.156585,1.1561179,1.1454469,1.1466914,1.1487657,1.145214,1.1512315,1.1554096,1.1482304,1.1517799,1.146529,1.1554558,1.1533931,1.1507416,1.1501374,1.1526726,1.1521356,1.1487817,1.1532483,1.1532632,1.1498284,1.1487186,1.1543578,1.146845,1.1482383,1.1498634,1.1527137,1.1477146,1.1526022,1.1543885,1.1563581,1.1593182,1.155824,1.1424093,1.1461031,1.1498643,1.1499091,1.1564506,1.1504993,1.1498982,1.1461387,1.1560558,1.1567893,1.1538442,1.1470757,1.1464468,1.1472937,1.1575046,1.1517843,1.1505518,1.1505573,1.1557456,1.1496263,1.1484873,1.1530807,1.1547568,1.1551467,1.154249,1.1543041,1.1525085,1.1519521,1.1531746,1.150462,1.1520599,1.1467588,1.1496989,1.1488452,1.1494368,1.1461638,1.1533685,1.1549051,1.1523522,1.150953,1.1487802,1.1534133,1.1485813,1.1538776,1.1512716,1.1535159,1.1465513,1.1484299,1.152932,1.1489516,1.1553736,1.1529875,1.1536546,1.1429002,1.1547621,1.1521046,1.1469218,1.1474321,1.1502894,1.1605285,1.155858,1.1531764,1.1502533,1.1474553,1.1555556,1.1535044,1.1536986,1.1559514,1.1541312,1.1422598,1.1472493,1.1541678,1.1555086,1.1503116,1.151209,1.1515957,1.1531785,1.1462505,1.1464518,1.1486797,1.1511244,1.1465977,1.1556541,1.1589128,1.1520158,1.1535064,1.1489347,1.1518831,1.1476611,1.1558186,1.1466947,1.1518708,1.1467117,1.1548256,1.1539456,1.148437,1.1535671,1.1489571,1.1450628,1.1483926,1.1518165,1.1522756,1.1463372,1.149699,1.1417773,1.1446414,1.153038,1.1539544,1.1501058,1.1473334,1.143026,1.1463257,1.152529,1.1500866,1.1506417,1.1555748,1.1578718,1.1451985,1.1474164,1.1500129,1.1551017,1.1499339,1.1526715,1.1541835,1.1555469,1.1506538,1.1500031,1.1487387,1.1567967,1.1556325,1.1631825,1.1424599,1.144494,1.148346,1.1529676,1.1462498,1.142358,1.1499183,1.1558851,1.1480235,1.1529859,1.1446675,1.1482306,1.1500584,1.151891,1.1545175,1.1475707,1.1501915,1.1463729,1.1447631,1.148691,1.1515381,1.1482692,1.1515741,1.1452798,1.1500189,1.1475122,1.1536201,1.151208,1.1543434,1.1550994,1.1498799,1.1535238,1.150707,1.1593157,1.1528203,1.1503415,1.1519912,1.1472696,1.1437064,1.1519349,1.1517228,1.1454519,1.1531192,1.1530386,1.1497784,1.1516899,1.1546013,1.1490254,1.1458824,1.1467738,1.1516083,1.1504174,1.1467443,1.1472707,1.1487414,1.1544243,1.14909,1.1526649,1.1467086,1.149777,1.1512511,1.1504058,1.1561689,1.1492523,1.1564759,1.1581492,1.1528635,1.1483783,1.1506478,1.152846,1.1527416,1.1494337,1.1506679,1.1470991,1.146475,1.1558417,1.1473603,1.1501744,1.1569784,1.1531565,1.1549712,1.1484393,1.1485469,1.1531732,1.155555,1.1475239,1.1442109,1.1561452,1.1565138,1.146675,1.1495619,1.1499156,1.1556933,1.1550703,1.1516807,1.1490738,1.1509382,1.1523632,1.1445639,1.1532052,1.14872,1.1505247,1.1542641,1.1489692,1.1522415,1.1529579,1.141621,1.146073,1.1556342,1.1593695,1.1493186,1.1424212,1.1469796,1.1557535,1.1621977,1.1558373,1.1429417,1.1470171,1.1498189,1.1485909,1.146467,1.1538423,1.1507369,1.156459,1.155902,1.1461661,1.1453598,1.1564592,1.1515888,1.1537676,1.1445488,1.1494135,1.1463593
0.4155293,0.42073447,0.42387173,0.42624888,0.41529995,0.41846526,0.42619407,0.42424107,0.42548317,0.43084154,0.41516474,0.42717853,0.4316691,0.4160558,0.41682678,0.42041323,0.4176792,0.429736,0.4229804,0.42133403,0.41967916,0.4265285,0.4267544,0.42666844,0.42317402,0.42537424,0.41232678,0.42215666,0.42537192,0.42968735,0.4229591,0.42637375,0.4301892,0.42339945,0.42226017,0.42736182,0.42628938,0.42315722,0.4304941,0.42233554,0.42742229,0.4249492,0.42251733,0.42682806,0.41642419,0.41945997,0.4305159,0.42380935,0.4325941,0.4184466,0.42593,0.42395142,0.4302933,0.41467083,0.42994887,0.42583472,0.4260621,0.42741615,0.42532098,0.42564812,0.43396425,0.43237877,0.4221379,0.427874,0.4276819,0.41515815,0.420879,0.42704245,0.42579156,0.42468783,0.42404258,0.42940554,0.42754823,0.42645982,0.4332788,0.42646584,0.42439368,0.42467523,0.418588,0.42428932,0.42114082,0.42518607,0.42988873,0.42482993,0.42167482,0.42027828,0.42806122,0.42380142,0.41842332,0.4212149,0.4313019,0.42107236,0.4151616,0.42242366,0.4210846,0.42381823,0.42057666,0.42100772,0.43002912,0.42419338,0.42410618,0.42741805,0.43063083,0.42255026,0.43207568,0.4343937,0.42869586,0.4189966,0.4278933,0.42177758,0.4302869,0.4296295,0.41701895,0.4224445,0.42746556,0.42899328,0.42860758,0.4301698,0.42246112,0.42651328,0.42628908,0.42771545,0.42011172,0.4257018,0.42378354,0.42153606,0.43043405,0.4334703,0.42130294,0.42992598,0.4286168,0.4196358,0.4264303,0.42016897,0.41998997,0.42772946,0.4250651,0.41784993,0.42459792,0.43080357,0.4254742,0.42907575,0.42521334,0.41631705,0.4264685,0.42445838,0.4261931,0.42359188,0.42016137,0.42443976,0.42760563,0.41817632,0.42409533,0.42276514,0.4208497,0.42797306,0.43156388,0.42837295,0.4209134,0.42198208,0.42473605,0.4293495,0.42250866,0.42651233,0.42775917,0.42122582,0.4301964,0.42698076,0.4251324,0.41654447,0.42594376,0.4280451,0.42838037,0.4266958,0.42293352,0.4233095,0.42022556,0.42295575,0.42741972,0.4248846,0.42231178,0.42267346,0.4235951,0.42640203,0.42776927,0.4315356,0.42614466,0.42771456,0.42488334,0.4197436,0.4236516,0.42410675,0.42066076,0.42129964,0.42532924,0.42391092,0.42173427,0.42664936,0.42666218,0.430506,0.42235562,0.4283922,0.42286453,0.43142462,0.42177424,0.41851377,0.4254437,0.425225,0.42802593,0.41931903,0.4303318,0.42590836,0.42027873,0.42634034,0.42533967,0.42403468,0.4215093,0.4235372,0.41932228,0.41737288,0.42719513,0.42064035,0.4191302,0.4274878,0.4213469,0.41772962,0.4248201,0.4249954,0.42466885,0.42541328,0.4304794,0.41541573,0.42446116,0.429186,0.42684135,0.42950153,0.41892445,0.42506137,0.4306874,0.42248014,0.42433417,0.41969687,0.42921445,0.41567847,0.42692363,0.42204174,0.4162534,0.42415842,0.42879868,0.42413613,0.4281138,0.42117435,0.43184444,0.4219769,0.42203084,0.4165451,0.4308324,0.42312315,0.42667952,0.43087444,0.42504132,0.4302248,0.43095016,0.43085745,0.42546967,0.41865858,0.42819104,0.4253095,0.42559588,0.41572988,0.427411,0.42342284,0.42930502,0.42439765,0.42383775,0.42806345,0.42878607,0.4218334,0.42738706,0.4222108,0.4190279,0.42592153,0.42566404,0.41602567,0.4251856,0.42358297,0.42301375,0.43182573,0.43088624,0.43189737,0.4232509,0.4226899,0.42765418,0.424693,0.41998816,0.41957784,0.42024297,0.4204741,0.42238927,0.42647457,0.42398733,0.4340182,0.43256253,0.42078608,0.42395493,0.42140585,0.42801243,0.4293578,0.42592,0.4256053,0.42630196,0.42514452,0.4187576,0.4293272,0.42287445,0.41894072,0.43152612,0.41640863,0.42918244,0.42786875,0.42429772,0.42399105,0.41939965,0.4283885,0.4245654,0.42371404,0.42145753,0.42212135,0.42203552,0.4289693,0.4323062,0.42168286,0.41877517,0.4272065,0.42268157,0.41822752,0.4226869,0.42887664,0.42610624,0.42260796,0.41953558,0.4263128,0.41895625,0.43430787,0.43302944,0.42490035,0.42636696,0.43098757,0.4269767,0.41964436,0.42532924,0.42442214,0.42025837,0.4278598,0.43121788,0.4225045,0.4214261,0.423353,0.42686632,0.42827886,0.42259037,0.42807388,0.43075547,0.4300737,0.42245236,0.4189694,0.4321443,0.4235345,0.42622945,0.41378042,0.42444584,0.4229039,0.41824785,0.43286982,0.42043778,0.4249003,0.42829224,0.42153364,0.4275962,0.42474735,0.43099588,0.43115643,0.43026584,0.42404515,0.4205971,0.42148185,0.43377015,0.42060038,0.42616922,0.42307517,0.425608,0.42297357,0.41870674,0.42531404,0.4269516,0.4235863,0.42766246,0.42284203,0.42105317,0.4245178,0.42411762,0.4262679,0.42947385,0.42459884,0.42432922,0.43379495,0.42695674,0.42762485,0.43383795,0.42246586,0.42570016,0.42170388,0.42330456,0.42490804,0.42079207,0.42359352,0.4304711,0.42542857,0.43135536,0.43243125,0.42922857,0.42539382,0.42519295,0.42248708,0.42179832,0.42553106,0.42085195,0.4209802,0.4306849,0.42172086,0.42183757,0.4318325,0.42995778,0.42553198,0.42705134,0.42741898,0.42483744,0.42978403,0.42772844,0.42458442,0.43085063,0.4220869,0.4228787,0.42285156,0.42320797,0.42671278,0.42510608,0.4134424,0.42990956,0.42618465,0.42727083,0.4241801,0.4289702,0.41936386,0.42546722,0.43513727,0.420338,0.42618826,0.42198294,0.4231929,0.4291877,0.42586896,0.43069768,0.41851673,0.4304876,0.42664662,0.4257356,0.42075872,0.4269921,0.41813028,0.41377795,0.42636564,0.42872742,0.41415924,0.42646423,0.41640782,0.42734754,0.4313231,0.4171592,0.4282671,0.4223408,0.42066225,0.42653322,0.41996697,0.42565757,0.42227328,0.422596,0.42618287,0.42442843,0.4246151,0.4249209,0.4230462,0.432379,0.42649153,0.424581,0.41631687,0.4283629,0.41879937,0.42881647,0.4247181,0.42853165,0.42104775,0.42224652,0.4217925,0.418041,0.4204561,0.42334822,0.41757926,0.42459327,0.42433572,0.42979488,0.43047455,0.42611945,0.41948834,0.42216128,0.42373642,0.4326082,0.4252567,0.4224988,0.4237353,0.4279639,0.4209898,0.42762753,0.42909032,0.42200166,0.42600587,0.41833228,0.42612094,0.41877082,0.42481568,0.42592072,0.42242432,0.42478183,0.42283046,0.42623413,0.42298922,0.42435187,0.43000397,0.42201248,0.43011582,0.42500505,0.42296296,0.42908823,0.4338813,0.42014036,0.42332357,0.4307124,0.42131248,0.4177667,0.42435372,0.42708957,0.4249861,0.4281351,0.42543688,0.42492414,0.4277352,0.42221838,0.42859942,0.42234626,0.42124945,0.42116567,0.42188203,0.4269794,0.42058635,0.4278348,0.4170277,0.423206,0.42329437,0.4249759,0.42099693,0.42262715,0.422861,0.42572233,0.42441607,0.4237785,0.42539206,0.42787495,0.4195599,0.42643923,0.41756573,0.4269741,0.4284827,0.42155814,0.42414486,0.42148307,0.42390713,0.42515877,0.4235547,0.42180836,0.41947255,0.41944084,0.42164528,0.4283806,0.42530552,0.42495206,0.42772636,0.4228923,0.42509454,0.42122456,0.42277762,0.42314738,0.43018848,0.42827383,0.43029886,0.42523134,0.42790294,0.41942778,0.41970423,0.41942504,0.42555383,0.4184297,0.42235726,0.42498875,0.41949922,0.42383662,0.4256314,0.41986376,0.42317775,0.43056846,0.4215928,0.42271906,0.42222467,0.4216594,0.4222763,0.43180537,0.4252649,0.42735845,0.42623195,0.42373458,0.41750994,0.42111075,0.42433083,0.42096058,0.42050096,0.42140913,0.4222572,0.42372116,0.42818597,0.42888275,0.42219022,0.41587964,0.422512,0.42180672,0.42424193,0.41366377,0.4259809,0.4311962,0.42554554,0.4240875,0.42153236,0.42750543,0.42340454,0.41913673,0.42773283,0.42053676,0.42670834,0.42573926,0.42657912,0.42179158,0.4235359,0.42798826,0.42581668,0.42446256,0.42982483,0.42481822,0.42629838,0.421426,0.4201825,0.41871992,0.42370835,0.42115816,0.4177121,0.42330977,0.424928,0.42090127,0.43086264,0.42323855,0.42545328,0.4279633,0.42845455,0.41502696,0.42857215,0.42505288,0.42726704,0.4153913,0.43848124,0.42503753,0.4193126,0.4243726,0.42216757,0.4193305,0.42380315,0.42470992,0.41963458,0.42599103,0.4243356,0.4206562,0.4222439,0.4294902,0.42847812,0.4277068,0.4219416,0.42737785,0.42299083,0.42740986,0.43436038,0.4281056,0.42852262,0.42419395,0.42503726,0.4196695,0.43164045,0.4232091,0.42535147,0.41738755,0.42510635,0.42926756,0.42755237,0.43210977,0.4274339,0.43234012,0.4234879,0.4243488,0.42439994,0.42538562,0.42408642,0.42455122,0.4210047,0.42242137,0.4205879,0.42424253,0.42243233,0.4261869,0.42403957,0.42302403,0.42583326,0.42500663,0.4272465,0.423008,0.43317097,0.42820188,0.42508477,0.4241174,0.42216474,0.42313743,0.4262063,0.42950553,0.43035918,0.4248881,0.42619696,0.42600143,0.4260986,0.4198641,0.42875567,0.42268598,0.4163443,0.43034667,0.42716056,0.42097697,0.42475557,0.4224828,0.42293033,0.41602892,0.42597342,0.42875233,0.42825025,0.4265306,0.43031636,0.42298362,0.43185958,0.4244436,0.42764217,0.42507207,0.41875395,0.43098316,0.42520696,0.42855817,0.42833784,0.4237733,0.42923906,0.42151988,0.4276041,0.43183187,0.42957866,0.42318645,0.42022943,0.4265282,0.41502205,0.42674297,0.42643574,0.42170262,0.42399535,0.432307,0.41969234,0.43156415,0.42014635,0.42084077,0.42826506,0.4255261,0.42146447,0.4220741,0.4184718,0.42286417,0.429195,0.42479908,0.42768613,0.42867783,0.42556152,0.42050955,0.41882208,0.42172012,0.42966223,0.41580424,0.42601195,0.42748076,0.4230625,0.42010194,0.4312516,0.42644835,0.4221473,0.4231735,0.42534614,0.4267601,0.42064887,0.4283949,0.4180104,0.4274881,0.42514598,0.42135116,0.42001092,0.42184123,0.43164378,0.41911548,0.42686626,0.42836156,0.43189493,0.42750368,0.42879337,0.43075195,0.42496753,0.42411566,0.42803138,0.42580345,0.42123845,0.42154127,0.42362314,0.42296627,0.4210324,0.42098746,0.42400035,0.42346752,0.42319113,0.42333767,0.42493442,0.43226573,0.42502815,0.41966793,0.4257509,0.43199483,0.42965257,0.42482197,0.42516765,0.42254665,0.42559692,0.43007383,0.425362,0.42747474,0.43176648,0.4281144,0.4233949,0.42968532,0.42492035,0.42325088,0.42133906,0.4211687,0.43073976,0.42464116,0.43109897,0.42583665,0.4152751,0.4236961,0.4199204,0.4294251,0.424031,0.42345908,0.42614445,0.425101,0.4256349,0.42377132,0.42081338,0.42544448,0.41653228,0.42385477,0.41794968,0.41852522,0.4332186,0.4274657,0.42551953,0.42478615,0.42501742,0.42560333,0.43223688,0.42992067,0.42864102,0.42406875,0.41983387,0.42238948,0.4252673,0.4268946,0.42859375,0.4245162,0.4253302,0.41887042,0.4256581,0.4271124,0.42192262,0.42101747,0.42698562,0.4172027,0.42858848,0.43092787,0.4306579,0.4208965,0.42007974,0.43201673,0.42568624,0.42887688,0.4248043,0.4297065,0.41651455,0.42440182,0.42779973,0.4258382,0.42506996,0.42065406,0.42396426,0.42275065,0.42829418,0.42762232,0.41943428,0.42002797,0.42416534,0.41873792,0.4243045,0.42202047,0.42096022,0.41867518,0.4214115,0.42317238,0.42566887,0.42464346,0.4222672,0.42114708,0.42349866,0.43423977,0.42690706,0.42185357,0.4266533,0.42697018,0.4223481,0.425991,0.4331927,0.4185551,0.42324293,0.42246246,0.42784464,0.43005303,0.42273673,0.42722064,0.42469698,0.42871073,0.4284585,0.4258693,0.42898384,0.42723244,0.42421594,0.42151004,0.41960105,0.42067775,0.4261696,0.42204764,0.4208081,0.42270896,0.42135724,0.4277223,0.4294187,0.42861143,0.42442566,0.42930734,0.42191458,0.4193373,0.42331043,0.4267609,0.43502796,0.42266992,0.42173314,0.42809317,0.42775002,0.42526904,0.42312276
