0.6031795,0.5947069,0.59866345,0.5997764,0.5993174,0.6034362,0.60527414,0.6035577,0.6012129,0.5993598,0.60003644,0.6011602,0.6057366,0.5952615,0.6052244,0.59832054,0.6011786,0.6002548,0.6091736,0.5937005,0.60264903,0.5930253,0.59716624,0.59881777,0.60187024,0.5910092,0.6083455,0.5964054,0.59785306,0.597143,0.6015908,0.5996523,0.5972364,0.60034186,0.59573835,0.5958749,0.6029312,0.6081788,0.5884229,0.60877025,0.6022108,0.6055128,0.59529984,0.6080262,0.6056555,0.6022269,0.59121805,0.60342485,0.60213846,0.6019167,0.6058899,0.60227525,0.60664314,0.6032853,0.59677935,0.60987157,0.59774345,0.60183376,0.5969935,0.6036549,0.6065729,0.5947271,0.5951174,0.59552205,0.5946872,0.60174567,0.6020308,0.6029851,0.6012628,0.59838396,0.6100347,0.59603524,0.60159206,0.5966369,0.6026763,0.59705573,0.6014373,0.6073911,0.5998151,0.60326225,0.5938762,0.6019598,0.60411257,0.6060488,0.60351294,0.6069101,0.603607,0.59979767,0.61045784,0.60367566,0.59830856,0.5964722,0.6015629,0.60481375,0.6000482,0.6022666,0.6010078,0.60346156,0.6046345,0.58769554,0.6057518,0.5964217,0.5957522,0.608415,0.60088694,0.5985956,0.6047588,0.60602695,0.6079128,0.6048669,0.59890056,0.60278344,0.6052216,0.6136476,0.5896266,0.60388976,0.6052641,0.603406,0.5997861,0.6082907,0.60224706,0.5967285,0.5994743,0.5931429,0.5959179,0.6002536,0.5995898,0.6097355,0.5959886,0.59658456,0.59960854,0.6035698,0.6068021,0.5971144,0.5925565,0.6021126,0.5944917,0.59856176,0.60348433,0.6042134,0.5968709,0.60302156,0.59559673,0.59381187,0.60550016,0.59791434,0.5962746,0.6026373,0.5996384,0.5938292,0.60782284,0.59649205,0.60245794,0.60075307,0.6016263,0.6100159,0.60462433,0.6065314,0.603741,0.6034737,0.60279316,0.5998493,0.5984085,0.6051833,0.6026225,0.5958282,0.60237426,0.5963009,0.5959175,0.6007042,0.6020747,0.6032288,0.610326,0.5988842,0.59799933,0.6012132,0.6024238,0.6054803,0.6040199,0.6011143,0.607301,0.6074811,0.5890821,0.5934686,0.5987344,0.5981215,0.59087217,0.59962094,0.6055282,0.6054167,0.60383785,0.5933876,0.60022634,0.59782815,0.60436535,0.6003624,0.6009904,0.59988415,0.6038665,0.59689033,0.5873191,0.5911492,0.58948964,0.6074047,0.59961474,0.60560644,0.6063284,0.6008086,0.598218,0.59952104,0.60182,0.6011503,0.5979421,0.603347,0.6032553,0.5989626,0.60256433,0.6077175,0.59831035,0.59866136,0.59828496,0.59716225,0.6047067,0.59548056,0.60166585,0.6101054,0.5973745,0.6007183,0.59853154,0.6098004,0.6020974,0.6051644,0.60334027,0.6031615,0.5968744,0.60488546,0.60311383,0.59665835,0.59822863,0.6029926,0.5910395,0.59935796,0.6030625,0.59789205,0.60215247,0.5927899,0.59786534,0.5967836,0.59752625,0.5977634,0.5994196,0.59252656,0.60317916,0.6031928,0.59719294,0.59555775,0.59821486,0.5927296,0.6002642,0.60054445,0.5938813,0.60547906,0.60354894,0.5970508,0.60177016,0.6074412,0.5984592,0.59143776,0.60491174,0.59098715,0.6021878,0.6023688,0.59992635,0.59701055,0.6003072,0.5981736,0.5979305,0.6057495,0.5968025,0.6021725,0.59580326,0.6050129,0.60277337,0.60489416,0.6014766,0.6010695,0.6053429,0.5995101,0.6030405,0.5895838,0.60255426,0.6028998,0.59537655,0.5934575,0.60671955,0.59892833,0.6049315,0.6033329,0.59136254,0.59563446,0.597702,0.6050507,0.6115921,0.60611093,0.5951279,0.5971219,0.6032232,0.6018286,0.59097785,0.59508586,0.6055687,0.5897862,0.6080057,0.602766,0.5947087,0.60036457,0.60403895,0.5944938,0.59702814,0.6053593,0.6022869,0.60769933,0.6039759,0.5946338,0.5963151,0.5962559,0.60391515,0.59371924,0.6060297,0.59570915,0.6028049,0.6030443,0.60385966,0.5977988,0.5965102,0.59683955,0.60683525,0.60435736,0.5980311,0.59551054,0.60656184,0.59417385,0.60162866,0.60884404,0.59454405,0.59901935,0.5987605,0.6021339,0.6091024,0.60973406,0.6001635,0.5965753,0.60095996,0.5911404,0.5942589,0.5927434,0.6023678,0.59630024,0.60259014,0.60446453,0.6044091,0.6031245,0.59539014,0.5946579,0.59673816,0.6078821,0.60190606,0.59562916,0.60416573,0.6025455,0.60297894,0.6008718,0.60370606,0.60209477,0.5983622,0.5997739,0.60867053,0.6058088,0.59376705,0.60319954,0.5931846,0.6004007,0.59570897,0.59584975,0.5971928,0.59584904,0.6010773,0.599193,0.6023557,0.602503,0.6039909,0.59666365,0.60235023,0.6025761,0.607193,0.60165715,0.6039196,0.60563827,0.5975126,0.60199136,0.5953535,0.6058677,0.6033099,0.6001915,0.60081244,0.6023428,0.5933548,0.6016816,0.5951106,0.60196245,0.59853035,0.5950157,0.6069476,0.59944344,0.5972515,0.5999786,0.6053513,0.60399306,0.5996606,0.596922,0.59858435,0.60185033,0.5959649,0.60157424,0.5932669,0.59843475,0.600976,0.60434157,0.6053524,0.5974881,0.60163414,0.60581344,0.59648323,0.5994047,0.61037236,0.5980127,0.6038299,0.60659903,0.5942927,0.596162,0.5932358,0.60390097,0.61270595,0.60175866,0.5976237,0.59773046,0.59327674,0.601569,0.5986054,0.5977369,0.6005362,0.59816885,0.61344224,0.5970303,0.5983907,0.594545,0.59884363,0.5978757,0.6028243,0.59254456,0.599221,0.59788644,0.600597,0.5987543,0.5991581,0.600519,0.6026811,0.5983458,0.6048715,0.602534,0.59663236,0.59863836,0.59808034,0.5911665,0.6030763,0.60404676,0.5964984,0.6030376,0.5968911,0.6084797,0.60321397,0.60891026,0.6044153,0.5967638,0.6030723,0.5985588,0.6027742,0.5955648,0.59306806,0.6022481,0.5983398,0.60396504,0.6005838,0.60188967,0.6025361,0.6023285,0.5962847,0.6012035,0.59506434,0.601434,0.600265,0.6068243,0.6001233,0.5933753,0.5928111,0.60299796,0.6028413,0.5981395,0.6043427,0.60215014,0.5980404,0.59588313,0.60158986,0.603742,0.60280883,0.60246056,0.5965459,0.5967008,0.60695386,0.602655,0.6022258,0.59841186,0.60139835,0.6044155,0.60576814,0.61012894,0.59946334,0.6016682,0.6013899,0.59729594,0.60235894,0.600749,0.60160106,0.5948371,0.6027772,0.6052694,0.5975325,0.59032804,0.5981922,0.60534793,0.60239685,0.5990243,0.5987425,0.59349287,0.58971107,0.6044342,0.5959525,0.59940577,0.5943696,0.6000532,0.60208994,0.59865123,0.6081669,0.6010793,0.6018799,0.6018002,0.59765476,0.59600484,0.59243166,0.609257,0.5992539,0.5978685,0.59834605,0.59558016,0.5942603,0.599701,0.59457177,0.5970711,0.59935445,0.5988666,0.5986222,0.5919522,0.59849524,0.603104,0.6060915,0.5983777,0.60067016,0.59655267,0.59582806,0.6007636,0.5971313,0.6030966,0.6010575,0.6056309,0.6094806,0.60398465,0.5993613,0.5958415,0.6029704,0.60284734,0.6018123,0.60449207,0.5974267,0.6020636,0.593714,0.60466516,0.60524666,0.59558487,0.59600604,0.59817046,0.6030642,0.60090977,0.6035973,0.59621304,0.61731267,0.59794694,0.6028163,0.59803283,0.60280323,0.59099656,0.5991802,0.60412616,0.5976714,0.6014829,0.5992377,0.59846425,0.5932664,0.60907584,0.59950143,0.59762764,0.6058296,0.6019996,0.6072272,0.60102123,0.5973475,0.6004382,0.59756577,0.6080652,0.6065219,0.59969294,0.61011773,0.6119749,0.5947116,0.6059202,0.6006926,0.6031451,0.6023589,0.60865873,0.59853977,0.6035774,0.59744376,0.5897733,0.59905016,0.60906893,0.5955673,0.6078159,0.5912177,0.6030349,0.60350657,0.6012938,0.5975939,0.60233396,0.6066825,0.60346854,0.60206306,0.5947431,0.59556955,0.5994479,0.59383816,0.5984697,0.6017188,0.6007529,0.59780824,0.6061707,0.5967342,0.6019938,0.5982357,0.5980548,0.61308676,0.60428447,0.6046348,0.5929274,0.6023285,0.6022732,0.60342014,0.6060152,0.6046667,0.5999453,0.60312337,0.5951828,0.59991235,0.60962623,0.5926706,0.5984198,0.6051542,0.5966322,0.6046591,0.60090375,0.60532904,0.60214514,0.60022897,0.6047959,0.59031147,0.590206,0.5986646,0.5982251,0.5937943,0.60382915,0.5975609,0.5969702,0.60539174,0.60549456,0.6029899,0.5972815,0.6025332,0.60088927,0.5868331,0.5998538,0.599077,0.601197,0.5956664,0.6099962,0.60617715,0.5975779,0.6035883,0.6032077,0.5964004,0.602856,0.5988281,0.5941311,0.60180354,0.59981245,0.5977747,0.6047895,0.605023,0.6028161,0.6020649,0.61115617,0.59751076,0.60796577,0.5913242,0.5967366,0.5996868,0.5989839,0.59985703,0.6060624,0.59821695,0.60307044,0.6042003,0.5980045,0.598281,0.60214293,0.5957905,0.60343605,0.60114884,0.601929,0.5969503,0.60356057,0.59685826,0.59940714,0.6063722,0.6073989,0.5962686,0.6011996,0.60123783,0.6007152,0.5997392,0.59767354,0.6028253,0.60346764,0.5990848,0.5955171,0.6039539,0.6017497,0.60235316,0.5968464,0.59804535,0.59923667,0.6041149,0.6010503,0.60747087,0.600592,0.6025611,0.5994302,0.60914516,0.59900403,0.59832984,0.60672444,0.5935842,0.59545535,0.60483587,0.5973971,0.59752375,0.60317135,0.5930201,0.6106151,0.60698384,0.59463114,0.598939,0.60225636,0.60076547,0.59406805,0.6046411,0.6037799,0.59010977,0.5990372,0.60787004,0.6031444,0.6110971,0.60177344,0.5973724,0.60637516,0.6009322,0.60395396,0.59117955,0.6050884,0.5939741,0.6062802,0.60218436,0.6028429,0.60469174,0.5964188,0.59959877,0.60973746,0.59845084,0.60975534,0.5997741,0.5980884,0.59978986,0.6021934,0.6033888,0.6028977,0.59030247,0.6025672,0.60060847,0.6006177,0.59653264,0.6023014,0.6118797,0.6045755,0.600648,0.5980809,0.59730667,0.60669714,0.609938,0.6069128,0.61143094,0.59446895,0.5963362,0.59871805,0.6021381,0.59287786,0.59641486,0.6039157,0.6023748,0.603586,0.59512913,0.6072373,0.595994,0.61030155,0.5964715,0.60114795,0.6025088,0.5977458,0.5967364,0.60744953,0.598569,0.59055454,0.59514177,0.59560037,0.6037981,0.6000879,0.6037764,0.5985482,0.6007188,0.6012013,0.59951013,0.60075784,0.5978534,0.59699494,0.60366845,0.6016186,0.5978028,0.5985192,0.60356575,0.6011451,0.6027054,0.6057536,0.5948796,0.60575736,0.5990168,0.58953935,0.59427804,0.596176,0.59284997,0.5929681,0.5992247,0.59670347,0.6026999,0.6031435,0.603244,0.6022874,0.6017061,0.5940755,0.59754074,0.60417634,0.61164796,0.59721875,0.6026268,0.605294,0.60829407,0.5976383,0.5969015,0.5994818,0.6051374,0.5944216,0.5908421,0.6072879,0.6003039,0.6073852,0.5971531,0.6039391,0.59792686,0.5984639,0.5957726,0.602351,0.59920543,0.59689265,0.5930139,0.5985797,0.59889066,0.6016803,0.6060477,0.60868084,0.6004761,0.60257155,0.60239816,0.59889674,0.6114695,0.60331464,0.5998045,0.6060566,0.599326,0.5936798,0.60383683,0.5996537,0.609165,0.60088146,0.5987948,0.59705335,0.5983239,0.6036363,0.60222995,0.5918098,0.6024074,0.5973506,0.59215915,0.59305674,0.60287565,0.59973127,0.59509116,0.6056084,0.5964354,0.5975524,0.5982669,0.60248345,0.592067,0.60020995,0.5958867,0.59665763,0.59754616,0.5929746,0.60554665,0.6085893,0.60123616,0.598597,0.6015331,0.59694207,0.600165,0.5989451,0.5998547,0.6048552,0.58788455,0.6036659,0.5981791,0.6110489,0.5989559,0.59782183,0.597886,0.6014854,0.6005391,0.596079,0.6018989,0.60475206,0.60366535,0.61014515,0.59558856,0.5950635,0.6000573,0.61168325,0.60798466,0.599431,0.6077166,0.5997097,0.59776217,0.59547985,0.59926206,0.59396434,0.6039369,0.597553
0.6302605,0.6298058,0.62485874,0.6226329,0.63109213,0.6275968,0.6211285,0.63317615,0.6381327,0.627643,0.6416101,0.625934,0.63921684,0.62713784,0.6243242,0.63143724,0.6209016,0.63268954,0.6288354,0.62482595,0.6310582,0.62698686,0.6254668,0.62885386,0.62513965,0.62451583,0.6304296,0.62686205,0.62623656,0.6306596,0.62882715,0.63148665,0.6274294,0.6235398,0.63387984,0.6352985,0.6271454,0.62746793,0.6255223,0.62845516,0.6212502,0.63209325,0.62191576,0.63240564,0.6240491,0.6340511,0.62162215,0.62696403,0.6276226,0.6332921,0.6269099,0.62765163,0.62278473,0.6331994,0.6297193,0.6400042,0.620224,0.6294226,0.63589454,0.6264937,0.63399446,0.6329245,0.62618744,0.6315789,0.6271353,0.6261004,0.62512356,0.6300632,0.6290825,0.62275374,0.6321819,0.62703913,0.6287145,0.62791044,0.6373277,0.62705415,0.6306485,0.6297234,0.63458,0.63171947,0.63209164,0.63267165,0.6241777,0.63023615,0.6271807,0.63442355,0.63407815,0.62779,0.6289218,0.63242024,0.62871814,0.6218732,0.6317443,0.62401533,0.6244379,0.6289551,0.63351077,0.6251146,0.6300814,0.62922966,0.6366972,0.62593126,0.62253916,0.62922746,0.6313967,0.6280861,0.6263634,0.63087666,0.6293942,0.6286703,0.628575,0.62916535,0.62653124,0.6297853,0.62419116,0.6226838,0.63528234,0.62860334,0.62312716,0.62855065,0.6285145,0.631954,0.63030964,0.63219213,0.6242812,0.6304513,0.62294644,0.6326,0.63353795,0.62930304,0.6260447,0.62900937,0.63343585,0.634628,0.6341701,0.6272753,0.6229671,0.6311124,0.6311396,0.6213839,0.62381864,0.6288007,0.6339354,0.6407652,0.6291257,0.62403345,0.62161297,0.62792814,0.6290402,0.63003105,0.6286525,0.634427,0.6270545,0.6272296,0.6300697,0.63083494,0.6291579,0.635457,0.6211642,0.63171256,0.628488,0.6307193,0.6263238,0.6182815,0.62970686,0.63038063,0.6320313,0.6258022,0.6262226,0.626247,0.6282152,0.62709737,0.6318955,0.62661666,0.6232064,0.6323744,0.62380105,0.6331333,0.6203219,0.6298834,0.62846226,0.63193643,0.632823,0.62408936,0.62646186,0.6203608,0.6275691,0.61457264,0.6311867,0.63505256,0.633961,0.6269824,0.63685054,0.6318059,0.6305923,0.6379085,0.62746984,0.62980455,0.6296342,0.6307375,0.62059635,0.6234872,0.63230646,0.6293657,0.6231588,0.6265604,0.62946904,0.6288629,0.6237093,0.63207585,0.62635654,0.624056,0.62591565,0.62777084,0.6271616,0.62379026,0.6370742,0.63082534,0.62291,0.6305891,0.6271987,0.62096906,0.6299617,0.6234429,0.63305086,0.6317483,0.62637556,0.6337385,0.622844,0.6249897,0.6336109,0.6201061,0.62964076,0.6274218,0.62099385,0.6263804,0.62703735,0.6195947,0.6198134,0.62793326,0.6182344,0.6358535,0.6277491,0.6304563,0.63345873,0.6298502,0.62254554,0.6244777,0.61846495,0.6340804,0.6355211,0.63060397,0.6292205,0.62249833,0.6264001,0.6266545,0.6282398,0.6214272,0.6225818,0.6186769,0.62967885,0.634089,0.632835,0.62319213,0.6304759,0.62355995,0.6341973,0.6150631,0.6263645,0.6258961,0.6207419,0.62921286,0.6289084,0.6298162,0.6380229,0.6211768,0.62551254,0.6318808,0.6228832,0.6304976,0.6283697,0.6244405,0.64293224,0.6275515,0.6292598,0.6285271,0.62690485,0.62678033,0.6347524,0.6214937,0.63690346,0.63108027,0.6281188,0.6287822,0.6290318,0.6296462,0.61797565,0.6286017,0.62998575,0.6247339,0.62932897,0.62018895,0.6281946,0.634988,0.6317878,0.62369007,0.63056934,0.6218735,0.63780534,0.62261814,0.62676656,0.6187393,0.63133883,0.6226258,0.6241605,0.6342774,0.6226131,0.6156046,0.6292878,0.62714624,0.62481713,0.6313453,0.63762444,0.6252767,0.6300951,0.6344188,0.62218326,0.6277154,0.6298325,0.63062,0.62873584,0.6298653,0.6198049,0.62990576,0.62422854,0.62660223,0.6328822,0.6347859,0.62075037,0.6308908,0.62325656,0.6185403,0.6222778,0.63296974,0.62546355,0.6273528,0.62645346,0.6221133,0.6298607,0.63601786,0.626985,0.6293421,0.621464,0.6248401,0.62435526,0.6306472,0.6198657,0.6286109,0.62910426,0.63343394,0.6293119,0.6282902,0.63042724,0.62671465,0.6205663,0.63081956,0.6258241,0.62652737,0.6270894,0.625622,0.63187003,0.62883455,0.63202196,0.62672603,0.63544774,0.62587523,0.6375359,0.6236092,0.6306091,0.63304883,0.62094426,0.62884647,0.6292835,0.61778736,0.6274998,0.63495505,0.628358,0.62329704,0.62854046,0.62512296,0.6258439,0.62414294,0.629482,0.6199501,0.62017083,0.63049424,0.63495356,0.6309767,0.6259496,0.6309898,0.6277983,0.62300223,0.63080585,0.624921,0.6261711,0.62822556,0.6226969,0.63315284,0.62285167,0.63410634,0.6259288,0.6200693,0.6305433,0.6313538,0.6241924,0.6312246,0.63438547,0.6298927,0.62141633,0.62980705,0.6225878,0.62779963,0.6237478,0.62810796,0.63117874,0.62693477,0.635662,0.6275365,0.6322055,0.6223107,0.62630117,0.62856233,0.6220392,0.62922204,0.62577623,0.6196001,0.62708396,0.63442373,0.6333322,0.6311262,0.6241704,0.63038963,0.6366445,0.62649965,0.6259032,0.6272147,0.62525654,0.62551516,0.6260086,0.63005173,0.63811654,0.6280182,0.6358267,0.6259647,0.6356122,0.62734133,0.6236744,0.6324246,0.63125384,0.6280735,0.62347263,0.6348138,0.6376443,0.6243861,0.6335277,0.6267318,0.6182753,0.6291833,0.63368535,0.6272621,0.63333964,0.63835675,0.6340416,0.6334401,0.6257457,0.6336643,0.62773603,0.632992,0.6318823,0.6301206,0.6283447,0.6341312,0.6335817,0.63045955,0.6375193,0.638541,0.62550443,0.6317169,0.6252674,0.6254263,0.6278533,0.62589896,0.63029623,0.6383388,0.62555677,0.62501335,0.6314286,0.6274448,0.6273754,0.6259752,0.6176828,0.62355214,0.6276266,0.63948053,0.63331383,0.6289083,0.6257042,0.6304941,0.6290763,0.63300663,0.623772,0.6213659,0.6265497,0.62690115,0.62683266,0.6217914,0.6244805,0.62454575,0.62697965,0.62518245,0.63740194,0.63129634,0.63422877,0.62719744,0.62837195,0.6330093,0.6279347,0.6270306,0.6299841,0.62737507,0.6240305,0.6258123,0.6349761,0.6268372,0.63064134,0.63741094,0.63323313,0.6294752,0.6292846,0.632187,0.62733895,0.6291395,0.63034177,0.6205103,0.62442183,0.6293317,0.62600887,0.62419325,0.6264831,0.6304214,0.62767607,0.63101494,0.6283026,0.632869,0.63617337,0.62417495,0.63255626,0.6250873,0.6320282,0.629328,0.6258138,0.6164558,0.6360137,0.63290507,0.62979287,0.62357354,0.6271107,0.61895174,0.6331812,0.62938887,0.62550455,0.6295763,0.62817776,0.6199867,0.629851,0.6221515,0.6255751,0.62726504,0.6332599,0.6295697,0.6323182,0.6290558,0.6323126,0.62631416,0.6319247,0.6373353,0.6290072,0.6208762,0.6342122,0.62783927,0.63672084,0.630321,0.6358339,0.62825257,0.62926215,0.6244358,0.6308917,0.62712115,0.6209839,0.62433136,0.6344907,0.6313671,0.6323545,0.6259019,0.62495464,0.62234986,0.62806964,0.634683,0.6325955,0.6244696,0.6352949,0.62759185,0.6284293,0.619153,0.6274651,0.62948376,0.6282684,0.62447065,0.6240167,0.626915,0.63101846,0.63575965,0.6311257,0.6277993,0.61625415,0.6288928,0.62006015,0.6364405,0.6357874,0.62410545,0.62861776,0.6239296,0.63142383,0.62635106,0.6229988,0.62845224,0.62404764,0.6307711,0.62485945,0.6282336,0.6330572,0.62666434,0.6322458,0.628488,0.62703115,0.6221108,0.6299778,0.6254556,0.6328168,0.63448423,0.6290874,0.6297716,0.63317454,0.63402283,0.6296277,0.6265596,0.624705,0.6234054,0.62999374,0.6304712,0.6336187,0.6235464,0.6254374,0.6318823,0.6246228,0.6315104,0.6289114,0.62744945,0.62648726,0.6260529,0.63491887,0.6254227,0.6272814,0.6368821,0.633966,0.62914646,0.63370544,0.62496537,0.6274465,0.6221825,0.6293598,0.6250997,0.62476045,0.62748396,0.62754416,0.63210607,0.6295738,0.6308464,0.6195775,0.6415719,0.6319767,0.6268812,0.6296377,0.6299325,0.63357157,0.6236703,0.6213488,0.6344234,0.6300424,0.6280284,0.63115686,0.6199126,0.6274947,0.6202538,0.6297706,0.6241663,0.62914056,0.6285509,0.6292516,0.6238544,0.62047243,0.6273414,0.6267029,0.6279494,0.63354194,0.63555837,0.62516034,0.6226917,0.6284826,0.62586254,0.6253432,0.6367699,0.63109666,0.6321117,0.62953126,0.62520045,0.6291911,0.62558395,0.6225704,0.6351999,0.6209274,0.62459564,0.63017327,0.62984717,0.63277805,0.62760764,0.6305196,0.63261956,0.63111925,0.62798756,0.6279855,0.62740755,0.62315726,0.64010704,0.6269096,0.63706225,0.6249663,0.6299445,0.62593025,0.63328284,0.63209295,0.63154656,0.6237648,0.6248418,0.6344368,0.63456386,0.62206876,0.6336738,0.6270023,0.62912005,0.6247068,0.6284077,0.6279695,0.6407329,0.6292073,0.62865555,0.6254694,0.62914306,0.627216,0.6341862,0.63569844,0.6316128,0.6287042,0.62706625,0.6352458,0.6342317,0.6259743,0.6342782,0.62892556,0.632534,0.61800647,0.630108,0.6280991,0.63477945,0.6325324,0.63303804,0.6257678,0.6293133,0.6229897,0.62374395,0.625891,0.6302627,0.6341359,0.6324246,0.631534,0.62314034,0.6383859,0.63051814,0.6304458,0.63767946,0.63118196,0.62889165,0.6247754,0.6324101,0.616676,0.62347066,0.62014145,0.6268937,0.6266682,0.6312576,0.62779975,0.62998766,0.6342442,0.6301337,0.6295758,0.6283315,0.6324249,0.63023084,0.62634814,0.62723064,0.6271327,0.6264011,0.62617624,0.6273001,0.6192711,0.63532615,0.62322724,0.62745667,0.6294327,0.6262047,0.6367671,0.6275974,0.616092,0.62928855,0.6295507,0.6266268,0.6310284,0.6270327,0.628164,0.62372285,0.6292795,0.6301052,0.6227173,0.6324374,0.631645,0.62417746,0.627262,0.63772017,0.62535715,0.6275111,0.63332987,0.6297015,0.63144535,0.62347865,0.6282303,0.6250463,0.6350339,0.62879026,0.6286643,0.6257166,0.6298589,0.6273155,0.63610137,0.6256668,0.6233114,0.6310078,0.6341581,0.6264923,0.62567294,0.6285422,0.6187809,0.63007253,0.62657154,0.623926,0.62234706,0.6286878,0.62905717,0.62370133,0.6246174,0.63425213,0.6173099,0.62313974,0.6272824,0.62482786,0.62829286,0.6304579,0.6256314,0.6265217,0.62762386,0.62581456,0.6291895,0.6319565,0.6259371,0.6234344,0.62504005,0.62704235,0.63570726,0.62857264,0.62815547,0.62839794,0.6367251,0.63652754,0.62530094,0.6244359,0.6312785,0.6278148,0.6289883,0.6271145,0.6206006,0.63208896,0.6289067,0.6370477,0.6261223,0.6301303,0.632796,0.6312983,0.62743104,0.63019884,0.62815905,0.63210595,0.6203448,0.62611973,0.621791,0.6248273,0.6281036,0.62980556,0.63371426,0.6284765,0.6266751,0.62825125,0.6241618,0.62955076,0.6313431,0.6297152,0.62704206,0.62688684,0.6241047,0.6299174,0.62666667,0.62853646,0.63259536,0.6262336,0.6376416,0.6273789,0.6308787,0.63125914,0.62249583,0.6344346,0.6275638,0.6266725,0.621747,0.6229397,0.6319806,0.625045,0.6365325,0.6301874,0.6208496,0.62653947,0.6383613,0.6285167,0.6394101,0.63114333,0.63854635,0.6288741,0.61913395,0.6301792,0.629002,0.6307624,0.6366811,0.63731587,0.6268613,0.62678176,0.6247254,0.62746817,0.6314813,0.62659943,0.6356322,0.62674606,0.62416553,0.6248326,0.6303867,0.63325983,0.6362482,0.6308167,0.6267681,0.6324832,0.630973,0.6305842,0.625115,0.63090384,0.6297406,0.62964153,0.6313663,0.63240486,0.62528306,0.63186294,0.63122964,0.63134354,0.63274246,0.628332
0.75044054,0.7477267,0.74420524,0.74673367,0.74587566,0.7502613,0.74291164,0.7521848,0.7540002,0.74189293,0.75333166,0.7542835,0.7533184,0.74538875,0.7581357,0.7539782,0.7481979,0.7529272,0.74917895,0.7412524,0.75461334,0.7477206,0.7539559,0.7516118,0.75323766,0.74956405,0.75915504,0.74498856,0.7465701,0.7491327,0.7487963,0.7534147,0.74776834,0.7485411,0.7453427,0.7544044,0.75397664,0.74897796,0.7458801,0.7496796,0.7508302,0.7499308,0.75353646,0.7610832,0.7543963,0.74846417,0.7397572,0.7499186,0.74774367,0.75596,0.7488313,0.7457937,0.74888855,0.7535156,0.75511724,0.746101,0.7488891,0.7487441,0.74346346,0.7546978,0.75211596,0.7467119,0.7461145,0.747807,0.7407922,0.7483626,0.7483017,0.75826985,0.7408298,0.7476796,0.7575089,0.7468569,0.7510048,0.75075793,0.7524083,0.7521552,0.7571291,0.7519774,0.745695,0.7594557,0.7500143,0.74050736,0.74991494,0.7585507,0.7532599,0.74621385,0.7488915,0.7495197,0.7551811,0.7653492,0.7456381,0.7459625,0.74207723,0.7450312,0.74657404,0.7485892,0.7512709,0.74755746,0.7539965,0.7394465,0.758313,0.74760747,0.7514759,0.7546877,0.76066,0.75286436,0.743485,0.7560091,0.7502234,0.7558048,0.7457947,0.7491754,0.7533457,0.7524134,0.746474,0.7510963,0.7501672,0.760341,0.7501859,0.7553657,0.7503779,0.7437999,0.7451617,0.7501816,0.74339265,0.7480615,0.7491057,0.7547266,0.73901653,0.7517437,0.74399966,0.74631065,0.7589119,0.7505096,0.7531113,0.7502151,0.75286686,0.75321454,0.7540992,0.7550433,0.7449305,0.7510147,0.7457753,0.742218,0.7570248,0.74533343,0.7467302,0.74954224,0.7502609,0.7444564,0.7476649,0.73739684,0.7502629,0.75374,0.7511795,0.7582031,0.7463268,0.7526234,0.7612152,0.75394756,0.75230104,0.75036764,0.7567067,0.74985784,0.75466156,0.75147885,0.7538907,0.7412915,0.7480545,0.7429773,0.75827503,0.75266486,0.75561285,0.7499797,0.74900407,0.7532573,0.75065887,0.747926,0.7479366,0.75628906,0.756413,0.7519806,0.7428664,0.7461737,0.74598694,0.74493057,0.7423125,0.74171716,0.7549106,0.7522364,0.7573252,0.7445294,0.74949884,0.74853945,0.7516512,0.7545228,0.7473815,0.75444436,0.74510694,0.7442525,0.74464595,0.74474686,0.7442386,0.7523644,0.74458295,0.74836427,0.74899703,0.74927014,0.7522565,0.7516529,0.7536093,0.7410473,0.74765813,0.74706817,0.74802387,0.7524707,0.7542878,0.75399494,0.7434275,0.7459033,0.74574023,0.7511684,0.74965507,0.748271,0.75141996,0.75990707,0.74846125,0.7490624,0.73941547,0.74548054,0.7482852,0.7516214,0.7485106,0.75218374,0.7449492,0.7518781,0.7517082,0.75792503,0.74670863,0.747055,0.735577,0.7541343,0.752904,0.7463806,0.7571762,0.7483935,0.7559245,0.74918085,0.749589,0.7498424,0.7520223,0.7555828,0.7567313,0.7516151,0.75280726,0.75147325,0.7468504,0.743407,0.74595034,0.74760205,0.7476649,0.75623745,0.75208235,0.7516794,0.75432855,0.7451404,0.7442981,0.73626566,0.7529825,0.75881565,0.7471803,0.7445376,0.7470616,0.7521939,0.75372547,0.7563653,0.7532868,0.7524887,0.74548656,0.7523222,0.7485964,0.7464703,0.75418496,0.7453559,0.74816644,0.7539803,0.74746126,0.744159,0.7591432,0.7465373,0.74410564,0.7539309,0.7550289,0.7463039,0.752094,0.7439369,0.74772584,0.75300723,0.7448407,0.7503742,0.7476418,0.746901,0.7555576,0.7511224,0.7508001,0.7473867,0.753791,0.75599563,0.74991935,0.7559309,0.7510891,0.74538386,0.75055873,0.7455922,0.7479881,0.7497591,0.751083,0.75481814,0.7469173,0.7496603,0.75162005,0.75739926,0.7523958,0.7468838,0.7444178,0.74636704,0.75686044,0.7478346,0.7600971,0.7485886,0.7506787,0.7490759,0.7529844,0.7474938,0.74978423,0.7491568,0.74554354,0.7597198,0.7459534,0.743973,0.75401366,0.7517064,0.7452602,0.749407,0.7549314,0.749674,0.75548995,0.75106615,0.74307925,0.74922156,0.7591055,0.75311375,0.74291456,0.74924046,0.7476327,0.7419762,0.74673724,0.7523778,0.7520949,0.7528661,0.74729174,0.7476594,0.7407538,0.7465801,0.7491876,0.751271,0.7521399,0.7493156,0.7495574,0.7508561,0.75165653,0.7494121,0.75270486,0.75225997,0.7507532,0.7455232,0.75399154,0.7441048,0.74973077,0.75126547,0.750666,0.7513101,0.7443827,0.7523661,0.7546792,0.7496974,0.7520366,0.7502295,0.74899817,0.7504578,0.74165016,0.74289626,0.7495064,0.75277686,0.75540876,0.74942726,0.7518134,0.7609296,0.7517384,0.7525711,0.74388224,0.7512663,0.74951816,0.746461,0.74992126,0.7539596,0.74101424,0.7448896,0.74773556,0.75399125,0.7451914,0.7388521,0.75003415,0.7527683,0.74688923,0.74646807,0.748779,0.7489962,0.74866426,0.7461683,0.74636745,0.75247175,0.741379,0.7506028,0.75226235,0.7523005,0.75309396,0.7497825,0.7543944,0.75200975,0.7442782,0.7431928,0.7402924,0.7619407,0.75288206,0.7532755,0.7554212,0.76027435,0.74917793,0.75079554,0.7402571,0.75131226,0.7544961,0.7463056,0.7464746,0.74573857,0.75235045,0.7468259,0.7531779,0.74101377,0.75440156,0.74822885,0.76460487,0.7490058,0.7457392,0.7408339,0.74450475,0.7498632,0.7492087,0.74575144,0.747452,0.7541883,0.7470841,0.75485355,0.75175446,0.75130403,0.75168663,0.7388653,0.75473356,0.7504052,0.7452795,0.74628526,0.74233454,0.7496856,0.7515686,0.74744165,0.74948126,0.7581342,0.7498099,0.75242513,0.7523968,0.7506032,0.755671,0.7532116,0.7623479,0.7426101,0.7472351,0.7440017,0.74634355,0.7502969,0.7523689,0.7490321,0.7423713,0.7537228,0.75242656,0.7541212,0.7453012,0.7527428,0.7466455,0.74141085,0.74645317,0.74870694,0.74594027,0.74501055,0.7444104,0.752716,0.7414326,0.7524637,0.75283,0.75499946,0.7375917,0.7463235,0.7409972,0.74463654,0.75275594,0.75361675,0.7402203,0.74351466,0.756127,0.7493852,0.74447733,0.74184495,0.7509255,0.7418262,0.74728644,0.75011444,0.742662,0.75332254,0.75786793,0.74688786,0.74475896,0.74859154,0.7529333,0.7448017,0.7514582,0.75541544,0.7472096,0.74935746,0.74273086,0.74040544,0.75020576,0.74885345,0.7525832,0.7533583,0.748486,0.75259733,0.7509447,0.74773115,0.74535966,0.75261796,0.7514122,0.7491024,0.7483912,0.7520713,0.7521568,0.7530144,0.7567419,0.7446255,0.74766695,0.74992514,0.7504924,0.7444972,0.7478871,0.7459086,0.7428477,0.75029606,0.7558609,0.7426919,0.75478977,0.7498293,0.7543646,0.75667435,0.75135314,0.75055635,0.7500088,0.75109667,0.7554661,0.745501,0.7480118,0.7502331,0.74818575,0.75024414,0.7452908,0.74730104,0.7601619,0.76160705,0.7544922,0.7453562,0.7479295,0.75839037,0.7492285,0.7557013,0.75110584,0.7466747,0.74703366,0.7522741,0.75392604,0.74580336,0.74845403,0.7519226,0.7502768,0.74338806,0.75355923,0.7521654,0.7561943,0.74355537,0.75122803,0.7491512,0.74894357,0.7531157,0.7445528,0.7523653,0.7428374,0.7458051,0.75165606,0.75099576,0.75140744,0.74761975,0.7483019,0.7513253,0.75815696,0.75530046,0.75161463,0.75154024,0.7446188,0.74908966,0.7475129,0.7536311,0.7497994,0.7525845,0.7534565,0.7503966,0.7500228,0.75089586,0.7492471,0.75132835,0.7512632,0.7521496,0.74702364,0.7544108,0.74943006,0.74975604,0.74521863,0.7506287,0.747837,0.750572,0.74526453,0.7430401,0.75005466,0.75410295,0.7466453,0.7517684,0.75259763,0.7498647,0.75355875,0.7498797,0.7445582,0.74601036,0.74794006,0.7542477,0.7545158,0.7518319,0.74288607,0.75580114,0.746097,0.7490146,0.7459486,0.74941707,0.7509825,0.75276303,0.7530217,0.7448585,0.7448035,0.7488471,0.7489402,0.75044155,0.7537628,0.7484101,0.7553476,0.75068694,0.7607804,0.7525373,0.7499837,0.7527093,0.7574037,0.7613306,0.7534648,0.7524074,0.75274265,0.75720054,0.75389534,0.75334954,0.7482636,0.7478483,0.7568185,0.76395255,0.7476005,0.7466539,0.75163436,0.7503964,0.75077754,0.75028604,0.74587536,0.7417961,0.7573795,0.75042766,0.741049,0.7490688,0.7451254,0.7481792,0.7503056,0.7521567,0.7488861,0.74881727,0.7527444,0.7545449,0.7445137,0.75318193,0.7502042,0.7454007,0.75140065,0.7539182,0.7503501,0.7484396,0.751895,0.75035685,0.74952596,0.7531429,0.7530417,0.76250577,0.74954194,0.73820573,0.7453479,0.7484771,0.75067556,0.754076,0.7504946,0.75385326,0.75162745,0.75385153,0.7491126,0.74856055,0.74136907,0.75511444,0.7485952,0.7468372,0.75193346,0.75326174,0.7425862,0.7406076,0.75653535,0.7511309,0.7454345,0.74500155,0.7523225,0.7571811,0.75146294,0.74650306,0.75644857,0.74842054,0.7428941,0.751685,0.7545702,0.7652675,0.74825716,0.7526934,0.75319403,0.7519207,0.75079536,0.7539834,0.75723106,0.75125873,0.7539117,0.7512779,0.76023036,0.75408185,0.7476902,0.7564491,0.74807245,0.74531466,0.74677104,0.74686027,0.7454912,0.75929,0.7491719,0.75756425,0.7478684,0.7464276,0.74711215,0.7503482,0.7477587,0.74499583,0.75614387,0.7487966,0.75364363,0.7445747,0.7544752,0.7535925,0.7507441,0.7429805,0.7490002,0.74624,0.748049,0.747364,0.74984896,0.75081336,0.74144524,0.74656224,0.7554282,0.7591401,0.749888,0.7508694,0.7503934,0.75402683,0.75186753,0.75169927,0.7440737,0.7449164,0.7516674,0.75654,0.7587936,0.7508255,0.7491234,0.7507905,0.74575627,0.7440351,0.74318206,0.744475,0.7492517,0.75086516,0.7508252,0.74546385,0.7426297,0.7459737,0.7494584,0.7569264,0.75201494,0.7460897,0.7490489,0.75143427,0.7507169,0.74771297,0.74649864,0.74816644,0.7527538,0.7513016,0.7505177,0.7536383,0.75219464,0.74796605,0.7479452,0.75341165,0.75388956,0.74948734,0.7488956,0.75012535,0.75030917,0.7431772,0.7480736,0.75142235,0.7492011,0.7493026,0.75296384,0.7439631,0.7511342,0.75116754,0.7457818,0.75127244,0.7466529,0.74721557,0.7433681,0.75498825,0.7465544,0.7472082,0.7460056,0.7478536,0.7457802,0.74952084,0.7495707,0.75976264,0.74253404,0.7379094,0.74238545,0.74878937,0.74738467,0.74972457,0.7547676,0.74278814,0.7472522,0.75283456,0.750578,0.7461251,0.74853265,0.7446926,0.7466168,0.761959,0.74721247,0.7456267,0.753121,0.7483688,0.7579022,0.7491695,0.7424956,0.75050443,0.7458029,0.7460369,0.7455539,0.75094104,0.7346511,0.7575236,0.74657756,0.7523619,0.74927735,0.74778473,0.74264896,0.7528285,0.74748623,0.7507339,0.743232,0.7443819,0.7485527,0.7491002,0.7472647,0.74790055,0.7438927,0.7466532,0.75282943,0.7499729,0.7601155,0.7537751,0.74785626,0.7563146,0.7532431,0.75571686,0.7533186,0.7449305,0.7485221,0.7452198,0.74472046,0.75340235,0.74618036,0.7525605,0.76069695,0.7492574,0.7564924,0.75271827,0.74645686,0.7495471,0.74680656,0.7534022,0.73750436,0.75075024,0.75148606,0.7467731,0.7485726,0.7513378,0.7420687,0.74676716,0.75828594,0.7541719,0.75589126,0.742104,0.7480778,0.7469898,0.7442784,0.7481145,0.74863887,0.7514461,0.7607682,0.74333405,0.7450389,0.75058734,0.7482771,0.75988275,0.75053275,0.7504616,0.7524432,0.7505934,0.75085825,0.7461762,0.7586627,0.74700326,0.75418264,0.75242317,0.74648654,0.7533857,0.75499445,0.7467023,0.7451636,0.75979185,0.7482475,0.75215477,0.7514381,0.7491011,0.7439227,0.7480341,0.75119185,0.74758184,0.7570182,0.7468808
1.1937945,1.1993135,1.1922626,1.1901321,1.1935942,1.1973137,1.1907561,1.1956483,1.1915938,1.1933917,1.190703,1.1868044,1.193546,1.1968995,1.2066562,1.1944647,1.193899,1.1861022,1.1937127,1.1888645,1.194027,1.1854993,1.1858776,1.1936605,1.1930909,1.1912488,1.194262,1.1967264,1.1899384,1.1969453,1.1900257,1.18903,1.1948453,1.1994774,1.1939422,1.1952751,1.2018481,1.201459,1.1823733,1.1963375,1.1985966,1.1936524,1.1932645,1.1938174,1.1935402,1.193963,1.1838166,1.1943514,1.1911623,1.1930966,1.1925435,1.2023627,1.1937703,1.1930723,1.1886437,1.1915653,1.1854485,1.2006521,1.1942009,1.1967127,1.1957735,1.1906161,1.1956497,1.1946427,1.1811565,1.1935989,1.1931995,1.1898941,1.1973429,1.1971084,1.2019104,1.1970928,1.1889237,1.1811745,1.1960031,1.1956513,1.1932718,1.1926543,1.196645,1.200163,1.1870481,1.1830621,1.1909832,1.1932646,1.1899676,1.1952189,1.1925033,1.1920395,1.2008826,1.1921163,1.1881139,1.1901507,1.1918224,1.1882359,1.1923834,1.1956332,1.1880782,1.1978906,1.202911,1.189095,1.1980113,1.1922567,1.1939294,1.1985327,1.1986147,1.1929346,1.1857837,1.192438,1.187671,1.1997632,1.1898041,1.1985415,1.186713,1.1983984,1.1907858,1.1908658,1.1954893,1.2022473,1.1912194,1.1925933,1.1923162,1.1917036,1.1896809,1.1890002,1.1906415,1.1918344,1.1898193,1.1936835,1.1900796,1.1904868,1.191945,1.1845909,1.2023499,1.1924887,1.1917694,1.1956637,1.1910219,1.1834902,1.1906754,1.1950524,1.1949432,1.1939172,1.1887505,1.1897008,1.2017442,1.1883702,1.1876367,1.1923683,1.1956412,1.1888232,1.1947075,1.1935198,1.198467,1.1977172,1.1988547,1.2015812,1.1896138,1.1919028,1.1912428,1.1927578,1.1961156,1.1918367,1.1989695,1.1960511,1.1981525,1.1900686,1.1939383,1.1987208,1.19741,1.1957499,1.2014425,1.195915,1.1957623,1.1947526,1.1955281,1.1930882,1.2041904,1.1982034,1.192298,1.1990567,1.1932245,1.1959381,1.191468,1.1882524,1.1912489,1.1905017,1.1883882,1.1950237,1.1950765,1.1949345,1.1875688,1.1842225,1.1970114,1.1942005,1.1907703,1.1973364,1.1892256,1.1945626,1.1936538,1.1924441,1.1932224,1.191212,1.188688,1.1910846,1.1943569,1.1884843,1.1993752,1.1941341,1.2007813,1.19197,1.1971921,1.1893346,1.1881932,1.1937004,1.1905822,1.1961883,1.191124,1.193837,1.1974976,1.1923009,1.1864996,1.188728,1.1940033,1.201852,1.1932951,1.1993316,1.189156,1.1901598,1.1973201,1.1893535,1.1889815,1.1959659,1.1949453,1.1953557,1.1842434,1.204478,1.1889755,1.1873631,1.1913424,1.1948701,1.1867921,1.2005715,1.1987466,1.1917613,1.1902717,1.1854304,1.2015771,1.1903839,1.1876775,1.1947776,1.1814582,1.1899186,1.1910143,1.1962713,1.1946169,1.196958,1.1921998,1.1879894,1.1948674,1.1932056,1.194253,1.197703,1.1896349,1.1958115,1.1948225,1.1887027,1.1884835,1.1897035,1.196801,1.1970521,1.190836,1.195903,1.188189,1.2022645,1.1929334,1.1920081,1.1929758,1.1977655,1.1990415,1.1949123,1.1926967,1.1891202,1.1940858,1.1975498,1.1877731,1.1934139,1.1950117,1.1966918,1.1864446,1.1884867,1.1908686,1.1964626,1.1857448,1.1913127,1.1919641,1.1934493,1.1870669,1.1906836,1.1832769,1.1848978,1.1876564,1.1985865,1.200134,1.2042092,1.1929911,1.1977378,1.2022995,1.2016522,1.1949621,1.1953924,1.189957,1.18891,1.1985337,1.1972511,1.1924409,1.1911522,1.1937197,1.1961298,1.1915375,1.1949322,1.1943877,1.1966426,1.1955017,1.199705,1.1941714,1.1954725,1.1923916,1.193743,1.196595,1.1921204,1.1953659,1.1923198,1.1919677,1.1850557,1.1940461,1.1939491,1.191762,1.1935072,1.1905148,1.1976027,1.1936327,1.1942471,1.1825092,1.1883711,1.1947975,1.1956427,1.1929942,1.1940361,1.1923763,1.1983532,1.2015789,1.1864886,1.1974503,1.1977456,1.1905271,1.1840833,1.1827834,1.1894237,1.187608,1.1888385,1.191443,1.1881027,1.1850253,1.1935313,1.1914229,1.1921093,1.1962028,1.1871243,1.2023723,1.1959822,1.1922592,1.1986974,1.1943538,1.1935587,1.1944641,1.1850324,1.192231,1.1971328,1.1874008,1.1976211,1.1914632,1.1909947,1.1927232,1.189123,1.1962955,1.1991065,1.1930245,1.1859897,1.190993,1.2001373,1.1978347,1.1983337,1.1963749,1.1935977,1.1915995,1.1927118,1.1898199,1.1972928,1.2013837,1.1948949,1.2001756,1.1937865,1.1969365,1.1926143,1.1995983,1.1935334,1.1820577,1.1951448,1.1896285,1.1934923,1.195718,1.1942575,1.1963509,1.192466,1.1978556,1.195436,1.1900505,1.1916485,1.1943071,1.1936663,1.1954589,1.1954606,1.1899836,1.19719,1.1929245,1.1828169,1.2025735,1.1877811,1.1884983,1.1900091,1.1899427,1.1933054,1.1961526,1.1968805,1.1936753,1.199651,1.1901096,1.1944385,1.19234,1.1815832,1.183029,1.2036436,1.1990331,1.1866565,1.1851405,1.1892891,1.189216,1.1861527,1.196011,1.1946096,1.2006712,1.1898677,1.1970056,1.1871156,1.1976519,1.193496,1.1949153,1.199715,1.1942664,1.1992067,1.1964793,1.1857445,1.1964036,1.2002354,1.1837844,1.1924603,1.1987122,1.1918813,1.1960853,1.1864488,1.1809376,1.1933305,1.1918919,1.186214,1.1927835,1.1912608,1.1909806,1.1998316,1.1926551,1.1976794,1.1911825,1.193083,1.1945069,1.1945572,1.1942898,1.1864338,1.1956319,1.189763,1.1922307,1.1963462,1.1985403,1.1893039,1.1913918,1.1926891,1.1971993,1.1910349,1.190514,1.2050313,1.1909245,1.1909307,1.202192,1.195805,1.198277,1.1866734,1.2028754,1.1979563,1.1897333,1.19699,1.1983472,1.1985865,1.1858833,1.190403,1.1873206,1.1911187,1.195566,1.1977681,1.1911727,1.1919274,1.1991585,1.1929817,1.194195,1.1894783,1.1943023,1.1945012,1.1891819,1.1956075,1.193004,1.1862247,1.1997604,1.1941122,1.1933799,1.2039262,1.1938541,1.18676,1.1939307,1.197957,1.1916422,1.1923103,1.194039,1.1931269,1.1966631,1.198428,1.1931335,1.1904364,1.1798518,1.1916142,1.1926816,1.191541,1.1975261,1.1948564,1.1908814,1.1961695,1.1878455,1.1943042,1.1922573,1.1913592,1.1983075,1.1879735,1.1866412,1.1902828,1.1890131,1.1994051,1.1883588,1.18752,1.1845324,1.1836816,1.1977121,1.1856034,1.1896374,1.1967899,1.2009264,1.1943195,1.1942827,1.1991525,1.2010329,1.1953473,1.1955944,1.1961001,1.2025788,1.201088,1.191151,1.197355,1.1918308,1.198806,1.1893427,1.1955563,1.1935097,1.1933852,1.1908554,1.1937107,1.1910162,1.2003251,1.1930752,1.1953402,1.1892447,1.1997501,1.1990016,1.1961901,1.192397,1.1920149,1.1928201,1.1867281,1.1987361,1.2023101,1.1919813,1.1947825,1.1921086,1.1921688,1.1936959,1.1896133,1.1930923,1.1945589,1.1795627,1.1943743,1.1967112,1.1888372,1.1866882,1.1913692,1.195115,1.1965829,1.1947515,1.1981953,1.193853,1.193509,1.1967403,1.196008,1.2033525,1.1922523,1.2026522,1.1985765,1.2040154,1.1896542,1.1878549,1.2012937,1.1944718,1.1944197,1.1998239,1.1918597,1.1935474,1.1990355,1.1915313,1.1876434,1.1965535,1.1916088,1.194683,1.1923772,1.1923715,1.1872468,1.1961399,1.1911856,1.1892692,1.1936641,1.192886,1.1969191,1.1893766,1.1916405,1.1873724,1.1998798,1.1909838,1.1990601,1.1978325,1.1932745,1.1957189,1.2011395,1.1965684,1.1967789,1.1907353,1.1975604,1.2010139,1.1946825,1.1967753,1.1924863,1.1928878,1.1906058,1.1881684,1.1958,1.2003801,1.188452,1.1983379,1.1919849,1.1979731,1.1969068,1.1843721,1.1982478,1.1920645,1.1899607,1.1959887,1.1973324,1.1946104,1.1877328,1.1990539,1.1909972,1.1812997,1.1933881,1.1926638,1.1964196,1.1866087,1.191076,1.1910393,1.189834,1.1921388,1.1877013,1.1975554,1.1936109,1.1945732,1.1939287,1.1823908,1.1874653,1.196962,1.1934283,1.1867822,1.1944917,1.1938473,1.1874069,1.2030363,1.1992631,1.1977226,1.1934767,1.19532,1.1863931,1.1875966,1.1968725,1.1937712,1.1871108,1.1979606,1.1940954,1.196519,1.2027262,1.193036,1.192535,1.1978716,1.1923953,1.1948164,1.1859796,1.1899774,1.1860249,1.1968682,1.1918614,1.2028751,1.1936787,1.1891549,1.1921715,1.1901015,1.1886554,1.200499,1.1881139,1.197439,1.1955726,1.1936263,1.1939207,1.2032433,1.1891742,1.1882395,1.1950716,1.1947231,1.1885825,1.2025964,1.1901575,1.1941719,1.2065665,1.1964974,1.1841837,1.1978042,1.1952289,1.1986331,1.1982975,1.1983786,1.1935544,1.1805198,1.1920273,1.1952837,1.1947441,1.1945152,1.1919966,1.2042994,1.1890497,1.1879444,1.2011445,1.1915692,1.1922709,1.1990542,1.1969521,1.195357,1.1958842,1.1923434,1.2028863,1.1932938,1.1864634,1.1936791,1.1944511,1.1835023,1.1916212,1.184675,1.1908121,1.1879234,1.1890767,1.1904916,1.2003033,1.1959721,1.1924961,1.1915799,1.1932176,1.1918278,1.1846018,1.1870817,1.1992847,1.1886847,1.1944482,1.1922915,1.1973296,1.1959791,1.190493,1.1966184,1.192151,1.1907568,1.1992016,1.193733,1.1926782,1.2008421,1.1956877,1.1924077,1.2030804,1.1911533,1.1953995,1.1937097,1.1846703,1.1924256,1.1937791,1.1925108,1.1964474,1.1912018,1.1846398,1.1934667,1.1931589,1.19657,1.1929774,1.2009181,1.1878426,1.189557,1.1894076,1.184938,1.1838558,1.1895016,1.1893275,1.1916864,1.1862875,1.1956928,1.1908064,1.1945282,1.187058,1.1818364,1.1977174,1.1886561,1.1956992,1.2001594,1.1975697,1.1900339,1.1888226,1.1900085,1.193794,1.1980643,1.1944516,1.1963602,1.1968497,1.1969041,1.1918406,1.1999553,1.1850659,1.1939346,1.1937238,1.1933336,1.2011597,1.1923144,1.1970804,1.2016187,1.1870782,1.1994144,1.1936688,1.180175,1.1983739,1.2020226,1.1852005,1.1874887,1.1953031,1.1934167,1.1914006,1.1953858,1.1961269,1.1882825,1.1964296,1.1931874,1.1911286,1.1985661,1.1858842,1.1867508,1.1989952,1.1868626,1.1916599,1.196566,1.1921419,1.1984613,1.1913787,1.188946,1.1969837,1.1924196,1.1923116,1.1957743,1.1963991,1.1832898,1.1961634,1.1860405,1.1904598,1.1890501,1.1897267,1.1884502,1.1887048,1.1905285,1.1963567,1.1842144,1.1837461,1.1952635,1.1863751,1.2053766,1.2011691,1.1875592,1.193882,1.2011374,1.1872336,1.1959751,1.1962827,1.1893425,1.2010217,1.1926894,1.1996293,1.1943498,1.1887493,1.1963615,1.184036,1.1847817,1.1903799,1.1986135,1.1971315,1.2056998,1.1864089,1.1956131,1.196164,1.1844149,1.1980269,1.1918226,1.1914799,1.1896721,1.1934817,1.1908045,1.182908,1.1947452,1.1936535,1.1856505,1.186168,1.1831932,1.189526,1.1952689,1.1844187,1.1892664,1.1953202,1.1889023,1.1888975,1.1869625,1.1913412,1.1934378,1.1939117,1.1856967,1.1939467,1.1886203,1.1974783,1.1870105,1.1990609,1.1988358,1.1937816,1.1876557,1.1911268,1.1959369,1.1980052,1.1980994,1.2001505,1.1868323,1.1920815,1.1884558,1.1866077,1.1918263,1.203516,1.1883101,1.2024826,1.196042,1.1901867,1.1960199,1.1898816,1.1966166,1.1891478,1.2011676,1.1838797
0.9562795,0.9573006,0.96472627,0.9510214,0.955407,0.9545331,0.952802,0.957026,0.95562196,0.95950675,0.955541,0.9503775,0.95434517,0.95946765,0.9695048,0.9512719,0.9575263,0.9568021,0.9611124,0.9545049,0.9646636,0.95643973,0.95790774,0.9517505,0.95831096,0.9578949,0.95869964,0.96069974,0.9577841,0.95417696,0.95375025,0.9598754,0.9592544,0.96409976,0.958442,0.96060807,0.9617003,0.9659877,0.945998,0.95903003,0.95979905,0.9534419,0.9624283,0.9556225,0.9681999,0.95414144,0.9526564,0.95759594,0.9585388,0.9618106,0.9599566,0.95692134,0.9577139,0.96264917,0.95406646,0.95653427,0.95632005,0.9670052,0.95507693,0.96351695,0.9629112,0.9536489,0.9586206,0.9555739,0.95736516,0.9575114,0.95825523,0.9568316,0.9596629,0.96332395,0.95809263,0.96161085,0.95313066,0.95195186,0.9553912,0.95614195,0.9531192,0.9642204,0.9629769,0.9566227,0.955361,0.955484,0.95805585,0.9613262,0.96335936,0.957525,0.9578054,0.9578447,0.95786154,0.9534364,0.9610117,0.95558083,0.95183676,0.95465595,0.9556163,0.9523821,0.95464844,0.96230763,0.95910156,0.9576689,0.96516603,0.95347023,0.9579158,0.968015,0.9588185,0.9687474,0.9538298,0.9567505,0.95716697,0.9578217,0.95698965,0.9575357,0.9582134,0.9603286,0.9641158,0.9610753,0.95929724,0.97064656,0.9549256,0.9574723,0.9566421,0.9626963,0.95712405,0.9557998,0.9579847,0.9614773,0.9541701,0.9669771,0.95768607,0.9574274,0.95504576,0.95313054,0.95785874,0.96288955,0.9574282,0.9574057,0.95546985,0.9463365,0.9559373,0.95954025,0.96123105,0.9591741,0.9586766,0.9565294,0.96248716,0.95160705,0.9590663,0.95687276,0.9515872,0.95518136,0.96272963,0.95236695,0.96311045,0.9537408,0.9573254,0.96384543,0.9530877,0.9561005,0.9573116,0.9542883,0.9618026,0.95414925,0.9567226,0.95787203,0.9653271,0.9604316,0.9581405,0.9558757,0.96116924,0.9541853,0.9728359,0.9558458,0.9601942,0.95366454,0.9610201,0.96054083,0.9619499,0.95026165,0.96162695,0.97057927,0.96090657,0.95817846,0.953511,0.9486856,0.9540016,0.9569004,0.9515486,0.9554469,0.9568637,0.9590747,0.9531456,0.95653844,0.95750695,0.95982647,0.9582212,0.9624379,0.95112926,0.95657766,0.95288616,0.9587505,0.9616404,0.96106184,0.9517818,0.9575289,0.95504004,0.9626581,0.9587926,0.9501334,0.959826,0.9541637,0.96102494,0.9550702,0.95586675,0.9568823,0.95826465,0.9584049,0.9512171,0.9515972,0.9595398,0.9551224,0.9615339,0.9542903,0.9560847,0.96282494,0.9568328,0.96617264,0.9629642,0.9555826,0.96463877,0.95486325,0.9590315,0.9637031,0.95803493,0.94716007,0.95083493,0.96045196,0.95712876,0.95843315,0.9562314,0.9532286,0.94835806,0.95878005,0.96333116,0.95716906,0.96011674,0.9631464,0.95958126,0.9537896,0.95089525,0.9604699,0.9460773,0.95603913,0.9583037,0.9594446,0.95865583,0.9608309,0.95511985,0.9568667,0.95458883,0.9602317,0.9586914,0.96370804,0.94983035,0.9567454,0.9553589,0.9567928,0.9558502,0.9620063,0.960439,0.96846604,0.95697975,0.9578078,0.9577914,0.9733934,0.957305,0.9631318,0.9566709,0.9596508,0.9571465,0.9573832,0.9591655,0.9561074,0.9552386,0.9612155,0.95367014,0.95917624,0.95365715,0.9584627,0.9572673,0.9568548,0.9554244,0.9609787,0.9529766,0.95920116,0.9542667,0.95189863,0.95046145,0.9557041,0.9533349,0.9599951,0.9606573,0.95981145,0.96452385,0.9687765,0.9566381,0.9546959,0.9601425,0.96262974,0.957829,0.9565647,0.95797914,0.9595397,0.95631176,0.9582367,0.96552795,0.95110476,0.96503,0.9590522,0.9580143,0.9591478,0.9581995,0.9625067,0.96352315,0.9613633,0.9549546,0.9498067,0.95774734,0.957036,0.9634604,0.9545144,0.95830125,0.95830125,0.95775527,0.95194983,0.95977175,0.9598391,0.96284467,0.9611826,0.95922613,0.9620411,0.9555791,0.95654494,0.9540994,0.94825304,0.9666743,0.9598229,0.959094,0.9646759,0.9597657,0.96216655,0.9665666,0.9533929,0.9609172,0.9614677,0.9559003,0.9571435,0.948306,0.94499177,0.9541765,0.9520134,0.95503813,0.9498089,0.9520204,0.957496,0.960107,0.9533107,0.9599029,0.9563484,0.9567065,0.9587269,0.95588833,0.9611391,0.9572357,0.95937574,0.9576337,0.95509315,0.95200145,0.95208246,0.95604557,0.9662341,0.95620733,0.95539117,0.9607162,0.9604168,0.958125,0.95734364,0.9609801,0.9486146,0.95274967,0.964898,0.96052384,0.95909184,0.9640092,0.9691828,0.9576976,0.9610147,0.95690614,0.9588798,0.9626263,0.9530862,0.96278125,0.9580423,0.9608258,0.9578612,0.9616417,0.9557432,0.95146686,0.9509971,0.9600588,0.9602721,0.96231216,0.9526483,0.9630961,0.94841516,0.9629362,0.95457387,0.9626361,0.95602655,0.9589948,0.9556789,0.96168053,0.9600675,0.94900966,0.96290034,0.9556663,0.9615039,0.9621539,0.9626861,0.9650633,0.9597049,0.9634863,0.9535868,0.95542544,0.963561,0.95823467,0.96247566,0.96366864,0.96579194,0.95767295,0.9483604,0.9500007,0.9570797,0.9596706,0.94961256,0.96171445,0.9558885,0.9543223,0.9571661,0.95802075,0.9633694,0.9574411,0.9594716,0.96683836,0.9559985,0.96191686,0.9556014,0.9608272,0.9574659,0.9558066,0.96481186,0.9607558,0.9577268,0.9528911,0.95716107,0.95279,0.96277124,0.9670049,0.9553489,0.9583448,0.9539397,0.95197695,0.95960665,0.95323515,0.9561131,0.9584474,0.95252055,0.954918,0.9620365,0.96464974,0.9622585,0.96452165,0.9516803,0.956643,0.9625444,0.9696233,0.94797325,0.9566677,0.9588558,0.9614086,0.9613245,0.96237236,0.9597721,0.954445,0.9592676,0.9554712,0.94999546,0.96095574,0.96710455,0.95299053,0.95682544,0.9576525,0.95877916,0.95976233,0.9526144,0.9679695,0.96617144,0.95474356,0.96157694,0.95814836,0.9624875,0.95249313,0.95408064,0.95178354,0.9587374,0.9621826,0.9580073,0.95545036,0.954345,0.96072567,0.95737606,0.9554011,0.9549543,0.95654774,0.9544276,0.95289594,0.96361434,0.9575822,0.9536196,0.9690194,0.9637092,0.9549944,0.9625044,0.95087785,0.9551758,0.9576028,0.9646621,0.9541841,0.9637652,0.9583999,0.9525264,0.9539163,0.95911956,0.9601502,0.95641655,0.94984293,0.95445335,0.96233636,0.9569862,0.9640658,0.95650053,0.9500865,0.95923126,0.95665354,0.95601773,0.96067566,0.9499067,0.96320736,0.9569348,0.9553799,0.96128285,0.9508443,0.96418977,0.95152766,0.9544097,0.95268273,0.95182276,0.9589338,0.9484099,0.9521577,0.9670753,0.9658899,0.96788853,0.95667154,0.9668442,0.9643258,0.9544236,0.96080196,0.9648502,0.9671325,0.966003,0.9583365,0.9557149,0.95393974,0.95357275,0.9566103,0.9601653,0.95630044,0.96222955,0.96004766,0.96163404,0.9612076,0.9610414,0.9536013,0.96257937,0.958031,0.96277475,0.95314914,0.9514375,0.96024513,0.9609354,0.9562357,0.9516827,0.95583886,0.9665294,0.96362954,0.9543352,0.95677954,0.9540335,0.9570012,0.95370096,0.9593722,0.9539985,0.9469464,0.9548575,0.95441514,0.9549256,0.9504752,0.96370745,0.9569352,0.96350366,0.959354,0.9655875,0.95664287,0.95799816,0.9601501,0.95440435,0.9622958,0.95721513,0.9615286,0.9593154,0.96732235,0.9545324,0.9634013,0.96493405,0.9626972,0.95592433,0.9689945,0.9602911,0.96113527,0.9574532,0.95617855,0.95319223,0.9583287,0.9573225,0.9585,0.9566404,0.9553211,0.95234764,0.9559677,0.9542062,0.9550042,0.95097,0.96232015,0.96408993,0.9476915,0.95897615,0.9464705,0.9606742,0.9557402,0.9729001,0.9634523,0.96466047,0.95720005,0.9615959,0.9602727,0.963779,0.9551353,0.95889825,0.95892113,0.96150476,0.9553747,0.96048146,0.9604143,0.95471907,0.9492355,0.95901,0.95717514,0.95858985,0.96273327,0.9505125,0.95575804,0.96238583,0.95557016,0.95741725,0.9537061,0.9625002,0.9570288,0.95520025,0.9681013,0.9537548,0.96041787,0.9549056,0.95284796,0.9597397,0.9624585,0.96340024,0.95175946,0.94443184,0.95072025,0.95435405,0.95743275,0.958556,0.96129,0.96697664,0.9616585,0.95572776,0.9506046,0.95609254,0.9560406,0.959127,0.95634633,0.952635,0.96131486,0.95464027,0.96484965,0.96297723,0.96092033,0.9569927,0.96778953,0.9511928,0.9536204,0.9577287,0.9594377,0.9492483,0.9593821,0.953093,0.96204424,0.9684874,0.95920753,0.9565416,0.96502054,0.961537,0.9616078,0.9592097,0.9616538,0.9473738,0.9635263,0.9648001,0.96412474,0.96647227,0.95520425,0.96236765,0.9588326,0.9562857,0.96553886,0.9563445,0.95859635,0.95787615,0.9542336,0.9547049,0.9538516,0.9556219,0.96083534,0.95859504,0.9663293,0.95540196,0.9633675,0.95157826,0.9556608,0.96426725,0.95682013,0.94984925,0.96009195,0.9605656,0.95433545,0.95996594,0.95474434,0.9533697,0.9512352,0.9591943,0.9586419,0.95751613,0.9583016,0.9549631,0.96489114,0.9548955,0.9573616,0.95580417,0.96040887,0.9553106,0.9602058,0.96059436,0.9600528,0.95346195,0.9548509,0.95981807,0.95585185,0.9617185,0.95455647,0.9580878,0.95559067,0.958615,0.9445052,0.96202564,0.9560033,0.9571414,0.95408785,0.9607748,0.9601661,0.95167565,0.9530253,0.951935,0.9616083,0.9536153,0.96290433,0.9634197,0.9574927,0.9540916,0.96241236,0.9543909,0.96116203,0.95668465,0.9579346,0.95369864,0.95764434,0.9565564,0.96705633,0.9570191,0.97012943,0.96260744,0.96481484,0.9639009,0.95403177,0.9579795,0.9524967,0.95180994,0.96256346,0.9604509,0.9547791,0.9588305,0.9575606,0.9491236,0.9580481,0.96101993,0.95747787,0.96123016,0.9616208,0.9604907,0.94516134,0.96245414,0.9525757,0.95566195,0.95933926,0.9513442,0.9495589,0.95633376,0.9648851,0.95729476,0.96174353,0.9540673,0.9567515,0.96150726,0.9559082,0.96183825,0.9604629,0.96765655,0.9518783,0.95435363,0.95019007,0.95600724,0.96302545,0.96157813,0.9524582,0.95783347,0.95714265,0.9506564,0.9588657,0.9604126,0.95464486,0.95335394,0.95980483,0.96088254,0.9502636,0.9571428,0.95451593,0.95771927,0.9563812,0.9588987,0.95659935,0.9584315,0.9595238,0.95953614,0.9564577,0.9620177,0.9606634,0.96008545,0.95341426,0.9535717,0.95287323,0.9567683,0.95814264,0.9585475,0.9666922,0.953107,0.95768934,0.9603316,0.9516148,0.956549,0.95792276,0.9544395,0.96478355,0.96003866,0.9530609,0.9616366,0.96140873,0.9548816,0.9563009,0.9610748,0.9496867,0.95787567,0.9517846,0.95640683,0.9537206,0.9569282,0.956755,0.95697606,0.95490485,0.9614893,0.9576486,0.9558297,0.9595927,0.95321375,0.9608594,0.9566586,0.95844966,0.9620985,0.96523607,0.9611913,0.95657533,0.9618359,0.95319515,0.9594476,0.9615499,0.9631716,0.9597205,0.9610841,0.9594585,0.9491443,0.9566104,0.9600278,0.95507187,0.9611828,0.9630426,0.9548381,0.9522159,0.96162784,0.95867467,0.95815814,0.95480597,0.9569702,0.9554092,0.9580748,0.95207435,0.9575445,0.9598251,0.9578304,0.9610363,0.94922364,0.95877516,0.9625447,0.95831186,0.9468301,0.95129144,0.95823497,0.95868814,0.95829886,0.9528096,0.9546361,0.9520675,0.95903355,0.95695084,0.95372087,0.9500655,0.9596358,0.9576688,0.9576211,0.9576198,0.9630145,0.9579859,0.95892745,0.96085703,0.9588313,0.9571737,0.96064055,0.96392196,0.956762,0.9538847,0.95117015,0.9627178,0.9607789,0.9528722,0.9646278,0.9586007,0.95649576,0.9599215,0.95809615,0.9568519,0.9540576,0.9580087,0.95806354
0.0,0.0,0.0,0.0,0.0,0.0,0.0,0.0,0.0,0.0,0.0,0.0,0.0,0.0,0.0,0.0,0.0,0.0,0.0,0.0,0.0,0.0,0.0,0.0,0.0,0.0,0.0,0.0,0.0,0.0,0.0,0.0,0.0,0.0,0.0,0.0,0.0,0.0,0.0,0.0,0.0,0.0,0.0,0.0,0.0,0.0,0.0,0.0,0.0,0.0,0.0,0.0,0.0,0.0,0.0,0.0,0.0,0.0,0.0,0.0,0.0,0.0,0.0,0.0,0.0,0.0,0.0,0.0,0.0,0.0,0.0,0.0,0.0,0.0,0.0,0.0,0.0,0.0,0.0,0.0,0.0,0.0,0.0,0.0,0.0,0.0,0.0,0.0,0.0,0.0,0.0,0.0,0.0,0.0,0.0,0.0,0.0,0.0,0.0,0.0,0.0,0.0,0.0,0.0,0.0,0.0,0.0,0.0,0.0,0.0,0.0,0.0,0.0,0.0,0.0,0.0,0.0,0.0,0.0,0.0,0.0,0.0,0.0,0.0,0.0,0.0,0.0,0.0,0.0,0.0,0.0,0.0,0.0,0.0,0.0,0.0,0.0,0.0,0.0,0.0,0.0,0.0,0.0,0.0,0.0,0.0,0.0,0.0,0.0,0.0,0.0,0.0,0.0,0.0,0.0,0.0,0.0,0.0,0.0,0.0,0.0,0.0,0.0,0.0,0.0,0.0,0.0,0.0,0.0,0.0,0.0,0.0,0.0,0.0,0.0,0.0,0.0,0.0,0.0,0.0,0.0,0.0,0.0,0.0,0.0,0.0,0.0,0.0,0.0,0.0,0.0,0.0,0.0,0.0,0.0,0.0,0.0,0.0,0.0,0.0,0.0,0.0,0.0,0.0,0.0,0.0,0.0,0.0,0.0,0.0,0.0,0.0,0.0,0.0,0.0,0.0,0.0,0.0,0.0,0.0,0.0,0.0,0.0,0.0,0.0,0.0,0.0,0.0,0.0,0.0,0.0,0.0,0.0,0.0,0.0,0.0,0.0,0.0,0.0,0.0,0.0,0.0,0.0,0.0,0.0,0.0,0.0,0.0,0.0,0.0,0.0,0.0,0.0,0.0,0.0,0.0,0.0,0.0,0.0,0.0,0.0,0.0,0.0,0.0,0.0,0.0,0.0,0.0,0.0,0.0,0.0,0.0,0.0,0.0,0.0,0.0,0.0,0.0,0.0,0.0,0.0,0.0,0.0,0.0,0.0,0.0,0.0,0.0,0.0,0.0,0.0,0.0,0.0,0.0,0.0,0.0,0.0,0.0,0.0,0.0,0.0,0.0,0.0,0.0,0.0,0.0,0.0,0.0,0.0,0.0,0.0,0.0,0.0,0.0,0.0,0.0,0.0,0.0,0.0,0.0,0.0,0.0,0.0,0.0,0.0,0.0,0.0,0.0,0.0,0.0,0.0,0.0,0.0,0.0,0.0,0.0,0.0,0.0,0.0,0.0,0.0,0.0,0.0,0.0,0.0,0.0,0.0,0.0,0.0,0.0,0.0,0.0,0.0,0.0,0.0,0.0,0.0,0.0,0.0,0.0,0.0,0.0,0.0,0.0,0.0,0.0,0.0,0.0,0.0,0.0,0.0,0.0,0.0,0.0,0.0,0.0,0.0,0.0,0.0,0.0,0.0,0.0,0.0,0.0,0.0,0.0,0.0,0.0,0.0,0.0,0.0,0.0,0.0,0.0,0.0,0.0,0.0,0.0,0.0,0.0,0.0,0.0,0.0,0.0,0.0,0.0,0.0,0.0,0.0,0.0,0.0,0.0,0.0,0.0,0.0,0.0,0.0,0.0,0.0,0.0,0.0,0.0,0.0,0.0,0.0,0.0,0.0,0.0,0.0,0.0,0.0,0.0,0.0,0.0,0.0,0.0,0.0,0.0,0.0,0.0,0.0,0.0,0.0,0.0,0.0,0.0,0.0,0.0,0.0,0.0,0.0,0.0,0.0,0.0,0.0,0.0,0.0,0.0,0.0,0.0,0.0,0.0,0.0,0.0,0.0,0.0,0.0,0.0,0.0,0.0,0.0,0.0,0.0,0.0,0.0,0.0,0.0,0.0,0.0,0.0,0.0,0.0,0.0,0.0,0.0,0.0,0.0,0.0,0.0,0.0,0.0,0.0,0.0,0.0,0.0,0.0,0.0,0.0,0.0,0.0,0.0,0.0,0.0,0.0,0.0,0.0,0.0,0.0,0.0,0.0,0.0,0.0,0.0,0.0,0.0,0.0,0.0,0.0,0.0,0.0,0.0,0.0,0.0,0.0,0.0,0.0,0.0,0.0,0.0,0.0,0.0,0.0,0.0,0.0,0.0,0.0,0.0,0.0,0.0,0.0,0.0,0.0,0.0,0.0,0.0,0.0,0.0,0.0,0.0,0.0,0.0,0.0,0.0,0.0,0.0,0.0,0.0,0.0,0.0,0.0,0.0,0.0,0.0,0.0,0.0,0.0,0.0,0.0,0.0,0.0,0.0,0.0,0.0,0.0,0.0,0.0,0.0,0.0,0.0,0.0,0.0,0.0,0.0,0.0,0.0,0.0,0.0,0.0,0.0,0.0,0.0,0.0,0.0,0.0,0.0,0.0,0.0,0.0,0.0,0.0,0.0,0.0,0.0,0.0,0.0,0.0,0.0,0.0,0.0,0.0,0.0,0.0,0.0,0.0,0.0,0.0,0.0,0.0,0.0,0.0,0.0,0.0,0.0,0.0,0.0,0.0,0.0,0.0,0.0,0.0,0.0,0.0,0.0,0.0,0.0,0.0,0.0,0.0,0.0,0.0,0.0,0.0,0.0,0.0,0.0,0.0,0.0,0.0,0.0,0.0,0.0,0.0,0.0,0.0,0.0,0.0,0.0,0.0,0.0,0.0,0.0,0.0,0.0,0.0,0.0,0.0,0.0,0.0,0.0,0.0,0.0,0.0,0.0,0.0,0.0,0.0,0.0,0.0,0.0,0.0,0.0,0.0,0.0,0.0,0.0,0.0,0.0,0.0,0.0,0.0,0.0,0.0,0.0,0.0,0.0,0.0,0.0,0.0,0.0,0.0,0.0,0.0,0.0,0.0,0.0,0.0,0.0,0.0,0.0,0.0,0.0,0.0,0.0,0.0,0.0,0.0,0.0,0.0,0.0,0.0,0.0,0.0,0.0,0.0,0.0,0.0,0.0,0.0,0.0,0.0,0.0,0.0,0.0,0.0,0.0,0.0,0.0,0.0,0.0,0.0,0.0,0.0,0.0,0.0,0.0,0.0,0.0,0.0,0.0,0.0,0.0,0.0,0.0,0.0,0.0,0.0,0.0,0.0,0.0,0.0,0.0,0.0,0.0,0.0,0.0,0.0,0.0,0.0,0.0,0.0,0.0,0.0,0.0,0.0,0.0,0.0,0.0,0.0,0.0,0.0,0.0,0.0,0.0,0.0,0.0,0.0,0.0,0.0,0.0,0.0,0.0,0.0,0.0,0.0,0.0,0.0,0.0,0.0,0.0,0.0,0.0,0.0,0.0,0.0,0.0,0.0,0.0,0.0,0.0,0.0,0.0,0.0,0.0,0.0,0.0,0.0,0.0,0.0,0.0,0.0,0.0,0.0,0.0,0.0,0.0,0.0,0.0,0.0,0.0,0.0,0.0,0.0,0.0,0.0,0.0,0.0,0.0,0.0,0.0,0.0,0.0,0.0,0.0,0.0,0.0,0.0,0.0,0.0,0.0,0.0,0.0,0.0,0.0,0.0,0.0,0.0,0.0,0.0,0.0,0.0,0.0,0.0,0.0,0.0,0.0,0.0,0.0,0.0,0.0,0.0,0.0,0.0,0.0,0.0,0.0,0.0,0.0,0.0,0.0,0.0,0.0,0.0,0.0,0.0,0.0,0.0,0.0,0.0,0.0,0.0,0.0,0.0,0.0,0.0,0.0,0.0,0.0,0.0,0.0,0.0,0.0,0.0,0.0,0.0,0.0,0.0,0.0,0.0,0.0,0.0,0.0,0.0,0.0,0.0,0.0,0.0,0.0,0.0,0.0,0.0,0.0,0.0,0.0,0.0,0.0,0.0,0.0,0.0,0.0,0.0,0.0,0.0,0.0,0.0,0.0,0.0,0.0,0.0,0.0,0.0,0.0,0.0,0.0,0.0,0.0,0.0,0.0,0.0,0.0,0.0,0.0,0.0,0.0,0.0,0.0,0.0,0.0,0.0,0.0,0.0,0.0,0.0,0.0,0.0,0.0,0.0,0.0,0.0,0.0,0.0,0.0,0.0,0.0,0.0,0.0,0.0,0.0,0.0,0.0,0.0,0.0,0.0,0.0,0.0,0.0,0.0,0.0,0.0,0.0,0.0,0.0,0.0,0.0,0.0,0.0,0.0,0.0,0.0,0.0,0.0
1.268901,1.2734798,1.2774638,1.2657807,1.2738026,1.2748637,1.2651125,1.274057,1.2717289,1.2743052,1.2755643,1.2712182,1.2726189,1.2680341,1.2748519,1.270521,1.2730341,1.266502,1.2736421,1.2689897,1.2733934,1.2686898,1.2719463,1.2689669,1.27054,1.2751658,1.2742746,1.2718316,1.2750746,1.2697852,1.2679105,1.2711275,1.2751822,1.2752001,1.2713808,1.2738684,1.2774056,1.2800274,1.2672491,1.2819699,1.2746806,1.2632793,1.2730849,1.2770017,1.272389,1.2643061,1.272068,1.2685945,1.2706497,1.2786759,1.2712317,1.270533,1.273246,1.2750838,1.2697107,1.2742064,1.2654893,1.2711134,1.2793727,1.270633,1.271496,1.2712069,1.2753451,1.2677194,1.2689339,1.2698466,1.2727625,1.2646397,1.278396,1.2721131,1.2725205,1.2838491,1.2721785,1.2687546,1.2722982,1.2752948,1.2686615,1.2735507,1.2720603,1.2762376,1.2696272,1.2724469,1.2750252,1.274314,1.2705872,1.2728227,1.2753403,1.2700917,1.2742041,1.2740712,1.2673994,1.2697384,1.2707465,1.2684361,1.2754067,1.2746961,1.2743697,1.2719193,1.2713147,1.271331,1.2748901,1.2694209,1.2689502,1.2807068,1.2739509,1.2688191,1.2692467,1.2768137,1.272297,1.2781353,1.2695477,1.2710873,1.2728367,1.2750692,1.2720627,1.2733823,1.2769287,1.2767645,1.2713356,1.267781,1.2768816,1.2785174,1.2725645,1.2670648,1.2731526,1.2709104,1.2707462,1.2765571,1.2688068,1.2799724,1.2720722,1.2699331,1.2770926,1.277117,1.27629,1.2683392,1.2719243,1.2609833,1.2682766,1.2768525,1.2769877,1.2766533,1.2718501,1.2731259,1.2773445,1.2665471,1.2612183,1.2738465,1.2704473,1.2646192,1.2747205,1.2717907,1.2707866,1.2701594,1.2706752,1.2767287,1.2636282,1.2677687,1.2717506,1.268392,1.2741346,1.2683977,1.272644,1.2743162,1.2774487,1.2766403,1.2655133,1.2711918,1.27438,1.2775419,1.2736862,1.2692134,1.2736282,1.2703435,1.274131,1.2724097,1.2729933,1.274312,1.2735734,1.2771168,1.2734892,1.2723346,1.272693,1.2619377,1.2702492,1.2814478,1.2716478,1.2668257,1.2729919,1.2760202,1.2748439,1.2682688,1.2691051,1.2774624,1.2679808,1.2756277,1.2715299,1.2678456,1.2751884,1.2716012,1.2793574,1.2737657,1.2746433,1.2732397,1.2717546,1.268289,1.2766967,1.2676965,1.2710497,1.2764043,1.2724663,1.2682253,1.2692577,1.2779433,1.2770283,1.2727572,1.2712592,1.267804,1.2693672,1.2705606,1.263766,1.2694058,1.2734842,1.2748543,1.2788657,1.2801735,1.2732828,1.2683102,1.2684093,1.2754087,1.2694103,1.2732725,1.2686579,1.2674339,1.2648746,1.2738236,1.266174,1.2739048,1.2746027,1.2713743,1.2644267,1.2740422,1.2757944,1.2733755,1.27372,1.2758429,1.2752376,1.2742875,1.265624,1.2725508,1.2597988,1.2658948,1.2699927,1.2676275,1.2741796,1.2741085,1.2658699,1.2749343,1.2746139,1.2734007,1.2678658,1.2796139,1.268355,1.2673337,1.2743771,1.2720422,1.2718471,1.2700698,1.2794442,1.2773297,1.2652347,1.2752848,1.2721034,1.2756834,1.2754334,1.2773726,1.2691307,1.2765764,1.2680949,1.2753665,1.2722871,1.2670224,1.2768495,1.2789185,1.2693166,1.2701247,1.2654395,1.2723145,1.2707003,1.2696611,1.270517,1.2728552,1.2752297,1.2667627,1.2645999,1.2693951,1.266264,1.2707616,1.2669529,1.2685628,1.2718828,1.2728331,1.2734253,1.2778654,1.2730024,1.2737696,1.2764354,1.2733678,1.2806488,1.2658092,1.2743772,1.2680193,1.2699184,1.2771881,1.272712,1.2730972,1.2757714,1.2722896,1.2712287,1.2731714,1.2698857,1.2744178,1.2735399,1.2688632,1.2709363,1.2692003,1.2712165,1.2659073,1.2732933,1.2707133,1.2739367,1.2748171,1.2706647,1.2712339,1.2708642,1.2729557,1.2749195,1.275212,1.2682772,1.2759335,1.268891,1.2689236,1.26433,1.2699584,1.2714567,1.2702314,1.2666196,1.2749609,1.2820965,1.2729993,1.2749747,1.2693025,1.2752494,1.2720516,1.2684932,1.2663966,1.2618467,1.2733507,1.263832,1.2694726,1.2730113,1.2658377,1.2729511,1.277391,1.2700258,1.2691604,1.2707297,1.2719183,1.2773712,1.273611,1.2753702,1.2794385,1.2754573,1.273377,1.2681227,1.2681073,1.2690662,1.270337,1.27183,1.280105,1.2686596,1.2709924,1.2688245,1.271042,1.2735556,1.2719254,1.2757927,1.2714186,1.2737968,1.2763779,1.2721261,1.2763693,1.2798977,1.2770782,1.2714545,1.271826,1.2691332,1.2726178,1.2745504,1.2658149,1.2756389,1.279514,1.2744361,1.2787117,1.2778884,1.2786685,1.2696313,1.2698408,1.2733955,1.2698807,1.2755166,1.2673923,1.273823,1.2735282,1.2726282,1.2720519,1.2719972,1.2744062,1.2715547,1.2726865,1.2690527,1.2762344,1.2667307,1.2740893,1.2724564,1.2711312,1.2738047,1.2792904,1.276851,1.2688625,1.271028,1.2680377,1.2672107,1.2774335,1.2693691,1.2781119,1.2688372,1.2784175,1.2731869,1.267894,1.2657077,1.2754984,1.2776598,1.2675081,1.2708895,1.2665097,1.2719576,1.268249,1.2731715,1.2699976,1.2771192,1.268092,1.2786492,1.2696296,1.2693515,1.276992,1.2719152,1.2726609,1.2762939,1.2736895,1.2670841,1.2631004,1.2704278,1.272819,1.2687017,1.2685621,1.2758567,1.2765576,1.2753108,1.2659173,1.265938,1.2705868,1.2690147,1.2780789,1.2661469,1.2697285,1.27038,1.2791578,1.2716279,1.2692561,1.2706811,1.2701186,1.2706658,1.2716814,1.2759569,1.2698398,1.26978,1.268986,1.2732995,1.2728198,1.2745876,1.2759134,1.2735301,1.2701489,1.2716624,1.2655141,1.2742344,1.278822,1.269735,1.2765236,1.2715309,1.2718921,1.2730218,1.2759293,1.278199,1.2775223,1.2712965,1.2736593,1.2710096,1.2764075,1.2721764,1.2676185,1.2651892,1.2729542,1.2760901,1.2703698,1.2677562,1.276486,1.274324,1.2682706,1.271903,1.2739059,1.2770619,1.2747942,1.267864,1.274812,1.2706572,1.2718296,1.2738426,1.2774137,1.2702652,1.2751571,1.2737938,1.2694185,1.2770292,1.2784445,1.2714224,1.2663904,1.2704139,1.272508,1.2696555,1.2708654,1.2709641,1.2701372,1.2639931,1.2763788,1.2746423,1.27487,1.2766643,1.2763202,1.2702684,1.2717577,1.2662921,1.2720306,1.2737534,1.2652739,1.2777449,1.2665935,1.2730649,1.2738487,1.2638345,1.2780286,1.27035,1.2716235,1.2715709,1.270624,1.2764481,1.2631624,1.2691319,1.2770132,1.2754568,1.2760056,1.2747637,1.2772368,1.2766894,1.2661991,1.2758312,1.2740598,1.2743614,1.2706823,1.2675046,1.2707494,1.2625971,1.2710572,1.2709401,1.2667264,1.2661653,1.2758296,1.2780688,1.2711078,1.2756497,1.2770933,1.2819486,1.2717115,1.2785705,1.2735642,1.2727937,1.2701352,1.2702765,1.2716289,1.2683461,1.2707617,1.2673596,1.2737131,1.2747582,1.2723049,1.2701759,1.2713374,1.2692289,1.2711059,1.2711306,1.2662519,1.2640357,1.2649622,1.2687689,1.2699727,1.265875,1.2692503,1.2698681,1.2723556,1.2764212,1.2738098,1.2750049,1.2723924,1.2706807,1.2695872,1.2815366,1.2650057,1.2784716,1.276987,1.2749909,1.268317,1.2749425,1.2766718,1.2670552,1.277927,1.279904,1.2690797,1.2682619,1.2699167,1.2768164,1.2697978,1.2738038,1.2802831,1.2703401,1.2690976,1.2694716,1.2700667,1.2802191,1.272454,1.2742972,1.2679014,1.276639,1.2706621,1.2678792,1.2725204,1.26611,1.2779547,1.275366,1.2824225,1.2766706,1.272655,1.2710181,1.2762434,1.272249,1.2757018,1.2745968,1.2734618,1.2742805,1.276169,1.2680697,1.2749307,1.2697328,1.2688155,1.2650931,1.2725828,1.2764884,1.2672038,1.2782942,1.2712246,1.2712787,1.277687,1.2768135,1.2713748,1.2730131,1.2724665,1.2723273,1.277264,1.2818339,1.2692946,1.2711009,1.2655063,1.2687039,1.2725289,1.2748808,1.2743491,1.2667269,1.2710167,1.2774681,1.2611717,1.269869,1.2657671,1.2750927,1.2683789,1.2667543,1.2686685,1.2661053,1.2672123,1.275379,1.2711451,1.2673519,1.2646074,1.2717532,1.2672126,1.2774179,1.2718723,1.2772268,1.2744912,1.2788715,1.2678119,1.2688135,1.2675989,1.2673122,1.2655063,1.2732188,1.2723778,1.2732418,1.276931,1.2710005,1.2720531,1.2731475,1.2761271,1.2731861,1.2705945,1.269378,1.2676234,1.2693996,1.2729602,1.2747626,1.2764419,1.2690285,1.2698315,1.2701894,1.2671648,1.2746617,1.2770319,1.2735863,1.2712911,1.276976,1.2748116,1.2747692,1.2770913,1.2733161,1.2752813,1.2714843,1.2670194,1.2764645,1.2680795,1.273907,1.2782086,1.2773492,1.2632488,1.274089,1.2721347,1.2726514,1.2754402,1.272813,1.2716745,1.2634492,1.2675679,1.2707833,1.2694235,1.2680788,1.2670888,1.2770927,1.2706417,1.271134,1.2731353,1.2707628,1.2732124,1.2707633,1.2799373,1.2749268,1.2712257,1.2715272,1.2713388,1.2728529,1.2725123,1.2654377,1.2704219,1.2720398,1.2717447,1.2673562,1.272156,1.2743754,1.2730179,1.2671586,1.2780131,1.2703142,1.2704079,1.2710721,1.2752274,1.2742536,1.2699603,1.2745135,1.2740328,1.2636687,1.2658294,1.276033,1.267791,1.2758929,1.2659825,1.2715826,1.2694564,1.2722508,1.2767473,1.2744286,1.2757006,1.281867,1.273837,1.2715173,1.276545,1.2661434,1.2774225,1.2711251,1.2681756,1.2728347,1.2779112,1.2735455,1.2786769,1.2690864,1.2652508,1.2700685,1.2766154,1.2708567,1.2696669,1.2743449,1.2719203,1.2650788,1.2704219,1.2716569,1.2653714,1.2802565,1.2681869,1.2639377,1.267916,1.2704072,1.2723051,1.2712934,1.2649055,1.2677499,1.2783678,1.273047,1.2738472,1.2721075,1.2755365,1.2769954,1.2727119,1.2734199,1.2729114,1.2791725,1.2747799,1.2672541,1.271777,1.2730017,1.2760534,1.2697889,1.2694293,1.2692838,1.2764359,1.2755897,1.2819625,1.2679802,1.2666773,1.2725435,1.2737908,1.2731997,1.2677497,1.2692317,1.2739565,1.2706668,1.2720821,1.2738519,1.274508,1.2759272,1.2761916,1.2719953,1.2713612,1.276132,1.2745675,1.2698034,1.274469,1.276914,1.2683489,1.2676548,1.2707852,1.2681959,1.2687473,1.2731681,1.2726226,1.2755015,1.2764664,1.2724881,1.2741262,1.2758821,1.2755625,1.2727209,1.278046,1.2653297,1.2723333,1.2635847,1.2761221,1.2628845,1.2642891,1.2671195,1.2698501,1.2724049,1.2730458,1.2737412,1.2672516,1.263828,1.2634736,1.2686036,1.2744541,1.272171,1.2745348,1.2779875,1.2698181,1.2753993,1.2719455,1.2720513,1.2726465,1.2725037,1.2747552,1.2667933,1.2697384,1.279834,1.26974,1.2639154,1.2685224,1.2787364,1.2747211,1.2746058,1.2741706,1.2688321,1.2669634,1.2683948,1.2717776,1.2681742,1.2740694,1.2651914,1.2717792,1.2712784,1.2736818,1.2721689,1.2747765,1.26736,1.2704759,1.269798,1.2770377,1.2759309,1.2589326,1.2630111,1.2787898,1.2693616,1.2736115,1.2664846,1.2720332,1.2744557,1.2763422,1.2697948,1.268461,1.2698296,1.2757474,1.2683042,1.2661104,1.2705597,1.2725302,1.2760082,1.2723141,1.2673208,1.273295,1.2741185,1.2781587,1.2708359,1.2769787,1.2673408,1.266863,1.2727627,1.2741054,1.2747035,1.2763156,1.2772613,1.2709922,1.2779038,1.2717355,1.2698269,1.2676905,1.2738531,1.2778882
1.3077646,1.3075182,1.2991179,1.300936,1.3009806,1.2983493,1.3025473,1.3020067,1.3058982,1.2998066,1.3059174,1.2956593,1.3002365,1.3037283,1.2994589,1.3017101,1.3012148,1.2951422,1.3057865,1.3010441,1.2940149,1.3066878,1.3000957,1.2960261,1.3022013,1.3059416,1.2972082,1.3076724,1.3006822,1.299161,1.3063266,1.3030125,1.2982534,1.3128557,1.2940121,1.2997943,1.2981232,1.3065809,1.2960612,1.3024675,1.2975672,1.3034421,1.3040369,1.2999516,1.2928963,1.2996745,1.29666,1.2942393,1.30604,1.2956655,1.3042959,1.3015109,1.3036436,1.3033196,1.2995243,1.3045874,1.2971146,1.3001995,1.2993895,1.2987508,1.296649,1.3004963,1.3094745,1.3065653,1.2996715,1.3069052,1.2997572,1.2982354,1.3133106,1.2986389,1.303676,1.302272,1.2922584,1.2988251,1.2985507,1.3009704,1.2993902,1.3066354,1.3047199,1.3066905,1.2997407,1.306455,1.300179,1.3067542,1.2937223,1.2980145,1.298342,1.3007767,1.3047487,1.2997963,1.3037556,1.3023807,1.3087091,1.300958,1.3027523,1.3057209,1.3044146,1.3005142,1.3055617,1.3017479,1.303055,1.2996341,1.2947136,1.2974108,1.3006347,1.3026733,1.2989305,1.3028642,1.3007529,1.3069745,1.2987275,1.3068522,1.3009882,1.2991703,1.3057028,1.2964422,1.2972759,1.3016057,1.2952777,1.3122927,1.3005657,1.3101331,1.2948248,1.2994667,1.305665,1.2919682,1.3018062,1.3026838,1.3003742,1.3015277,1.3012788,1.3010467,1.3055413,1.3003612,1.2953175,1.3043084,1.2989706,1.294419,1.2997056,1.3034532,1.3036757,1.2994002,1.3006358,1.3083732,1.3050547,1.2981113,1.2948469,1.3009294,1.3023115,1.296419,1.3000776,1.3040918,1.2980262,1.307966,1.3003166,1.3058624,1.2992067,1.2974298,1.2974759,1.2994975,1.2993739,1.3050697,1.3070602,1.3091679,1.3077077,1.2937303,1.2981516,1.3104649,1.3070318,1.3002737,1.3048171,1.3021697,1.2999719,1.3033642,1.3026341,1.2927164,1.302237,1.3003507,1.2952822,1.2960156,1.295278,1.298637,1.3039337,1.2982507,1.2996271,1.2925175,1.311005,1.2972975,1.2990639,1.3014185,1.2991502,1.2974483,1.3122803,1.294883,1.3001622,1.3010498,1.3029339,1.301612,1.3092208,1.3059521,1.3053074,1.3040876,1.2973874,1.3036327,1.3049682,1.2959496,1.3034425,1.300048,1.3049477,1.3068467,1.3052589,1.2965249,1.3037211,1.3066115,1.3013135,1.3014221,1.3027632,1.3007903,1.2978221,1.3020353,1.2962456,1.2965826,1.2936021,1.3082507,1.295664,1.2970916,1.2930095,1.3042295,1.3027763,1.3022999,1.3018714,1.3058152,1.3005693,1.3013227,1.3073013,1.3043178,1.3010354,1.3003024,1.3042787,1.3134644,1.2990035,1.3032423,1.309237,1.3015006,1.3017669,1.2989445,1.297326,1.2981021,1.3004012,1.3056968,1.3021781,1.3058183,1.2951792,1.3004223,1.2937433,1.2950232,1.3035591,1.3054682,1.3026954,1.3033338,1.2993885,1.3015662,1.3010277,1.2999628,1.298098,1.3055083,1.3060795,1.3038437,1.304701,1.3029741,1.3007926,1.3060974,1.304409,1.3053807,1.3037086,1.295722,1.2962402,1.3077681,1.2913755,1.30373,1.290343,1.303582,1.3050064,1.307681,1.3054411,1.2944363,1.2945014,1.3091967,1.2946568,1.2964582,1.3059356,1.30315,1.3076252,1.3025285,1.3025656,1.3046163,1.2943624,1.2943578,1.2989857,1.3064091,1.3032305,1.300603,1.2970202,1.2997468,1.3067911,1.3048587,1.3073827,1.2942507,1.3017092,1.2962993,1.2970594,1.2969917,1.3050184,1.3037567,1.3074788,1.299053,1.2967801,1.2964544,1.307627,1.3041933,1.3021533,1.2946912,1.3019375,1.3082224,1.3003027,1.3036351,1.3051974,1.2979757,1.3008081,1.3072141,1.3045311,1.3023149,1.2954875,1.2948477,1.3035916,1.3006861,1.3032748,1.3002818,1.2931087,1.299148,1.2988508,1.2994506,1.3001726,1.3009504,1.30314,1.2980001,1.2938002,1.3049216,1.3023442,1.2970628,1.2984492,1.2975856,1.2996826,1.3081286,1.2991475,1.3003837,1.2895126,1.3007256,1.3002945,1.3007882,1.3072692,1.3029287,1.2997358,1.2992703,1.2987832,1.2956527,1.298986,1.3007479,1.311409,1.3090053,1.3041079,1.3057228,1.2992456,1.2951217,1.2972478,1.2982337,1.3064301,1.3029789,1.3035781,1.3074721,1.3014156,1.2896461,1.3018291,1.2988285,1.3022426,1.3034717,1.3067547,1.2989259,1.2995483,1.3056439,1.3038882,1.3001219,1.3017808,1.3010418,1.2994896,1.3064983,1.2994862,1.3016531,1.3029169,1.3005812,1.3016965,1.3030977,1.3061856,1.2995272,1.2969064,1.2993336,1.2964257,1.3019803,1.3061681,1.3023336,1.307518,1.3027872,1.3081781,1.2988173,1.3072608,1.3057976,1.2986442,1.3046343,1.3016523,1.3034538,1.3044673,1.2933056,1.303149,1.2996745,1.3067472,1.2973934,1.3129379,1.2925845,1.3016909,1.29443,1.297263,1.3026849,1.3027261,1.3025717,1.3053116,1.3045679,1.2970698,1.2950841,1.3047969,1.306557,1.3025925,1.303707,1.3012774,1.3017629,1.2982609,1.3026143,1.3022842,1.308206,1.2958223,1.301414,1.3024833,1.2980472,1.3030568,1.2945526,1.3046106,1.3061796,1.3030164,1.3112811,1.3012218,1.2970234,1.3044766,1.2984838,1.3131765,1.3005933,1.294612,1.3112698,1.3025192,1.2970228,1.301448,1.3047409,1.293942,1.3037711,1.294777,1.3014829,1.2932742,1.3027953,1.3011957,1.3026651,1.2996662,1.2962873,1.2962718,1.307249,1.2977408,1.3027335,1.2947873,1.303553,1.3037416,1.3034307,1.3034128,1.303222,1.3063747,1.3022571,1.3063241,1.293914,1.3054838,1.301309,1.295788,1.3035917,1.3001759,1.2983974,1.310193,1.2905537,1.3017231,1.306463,1.3007438,1.3022242,1.3042091,1.3052992,1.3016838,1.3014624,1.29731,1.2963892,1.29795,1.2977034,1.303136,1.2945182,1.2988555,1.3057617,1.3057278,1.3002673,1.3029038,1.3015419,1.3083102,1.3079088,1.3018801,1.3072462,1.3083513,1.3032241,1.3009685,1.301744,1.2971361,1.3094363,1.2979418,1.2995788,1.3002989,1.2989928,1.3047321,1.296944,1.3006337,1.2999245,1.2975261,1.307152,1.300213,1.3009795,1.29685,1.2995077,1.293524,1.3024391,1.3008991,1.3000345,1.3055772,1.3037962,1.3038489,1.3056517,1.3022172,1.2975142,1.301631,1.3008729,1.2937528,1.3015629,1.2979599,1.3039825,1.2950667,1.3032337,1.3013057,1.2972729,1.3011401,1.2965877,1.3013694,1.3050874,1.2975309,1.2921141,1.3013676,1.2978544,1.3081512,1.3017257,1.3020258,1.3043842,1.3010521,1.299906,1.2980602,1.296158,1.3012809,1.3052255,1.2998958,1.2907131,1.2960025,1.3048652,1.3021091,1.2954057,1.2960354,1.3037485,1.298685,1.3000444,1.2990149,1.2982131,1.3045307,1.3124006,1.2953886,1.2971961,1.3059071,1.2983826,1.2987489,1.3033571,1.2932013,1.3043338,1.3091357,1.3026162,1.3031633,1.294183,1.2989513,1.2967579,1.299131,1.3002839,1.2992266,1.2910706,1.2946038,1.2969807,1.303846,1.30671,1.3056184,1.3004024,1.3020939,1.3034875,1.3035065,1.3005673,1.3019665,1.3043972,1.3108495,1.3045983,1.3127911,1.2961692,1.2982835,1.3021821,1.3023634,1.2982881,1.304541,1.3021486,1.299028,1.3068984,1.297972,1.3005112,1.3042879,1.3068908,1.3003747,1.3014251,1.3031999,1.3016858,1.3000456,1.3028148,1.3059559,1.2970735,1.3037622,1.31095,1.3030884,1.3015734,1.3035368,1.3108333,1.3060918,1.3030179,1.2989042,1.2967274,1.3027506,1.3040668,1.2994548,1.302124,1.3040754,1.3015542,1.3033881,1.3014106,1.3007593,1.3077046,1.3102765,1.306345,1.3038354,1.3056682,1.3052588,1.2935103,1.2972227,1.3039551,1.3014992,1.2970935,1.2990377,1.3010857,1.3054258,1.2988175,1.2990223,1.3046244,1.2967576,1.2940844,1.3030113,1.2949932,1.3025461,1.2958828,1.2922366,1.292444,1.2938024,1.3058363,1.3038682,1.2935219,1.2985835,1.3020706,1.3063856,1.291212,1.3002065,1.2916633,1.3052344,1.3018724,1.3003479,1.2983956,1.2941303,1.3131472,1.296269,1.3080854,1.3040448,1.3002964,1.3021035,1.2972566,1.2925593,1.2965412,1.3026836,1.2960865,1.2982762,1.2961802,1.3040994,1.2980089,1.311609,1.3091774,1.3029407,1.2985504,1.3024002,1.3025749,1.3026339,1.2937874,1.30099,1.294133,1.2972354,1.2950897,1.3043461,1.2996962,1.3072326,1.3002864,1.2982109,1.2952917,1.3022875,1.3040384,1.3002231,1.3116916,1.3054279,1.2976665,1.3047469,1.3045105,1.2983313,1.2996398,1.306417,1.2984047,1.3069348,1.3071462,1.3039271,1.3100791,1.3078971,1.2965511,1.3058962,1.3076712,1.3072642,1.2951827,1.3027897,1.3059528,1.3034604,1.306665,1.3025892,1.2999146,1.2984006,1.3021098,1.3056457,1.3011881,1.3053403,1.3048317,1.3036228,1.3050616,1.3032631,1.2979468,1.3023462,1.3015748,1.2966754,1.3004047,1.3062229,1.3008155,1.3049641,1.297144,1.2953624,1.3015059,1.3003271,1.300566,1.3026162,1.3068163,1.3015546,1.303246,1.2986461,1.2968429,1.3001337,1.2982721,1.3039837,1.3012062,1.298993,1.3017182,1.304953,1.3031741,1.300529,1.2960459,1.3012148,1.3008362,1.3007298,1.3028991,1.2970299,1.3038284,1.2945834,1.3039997,1.3065362,1.2987143,1.2970393,1.3067175,1.2964216,1.303019,1.300711,1.301264,1.3009907,1.3055388,1.2965876,1.3014205,1.2981703,1.2877622,1.3032259,1.3062694,1.3006771,1.3043886,1.30464,1.2938265,1.3030977,1.2964522,1.2955234,1.2934089,1.296762,1.3042707,1.3027216,1.2956607,1.3025262,1.3031342,1.2985487,1.2969947,1.2887117,1.2993412,1.2947712,1.3056412,1.3081683,1.3003836,1.3046793,1.3023528,1.3025808,1.2998446,1.3072264,1.3058645,1.3061874,1.301396,1.3033412,1.3057771,1.3044456,1.2926823,1.2996343,1.2987328,1.3013093,1.3042477,1.2987806,1.300827,1.3035624,1.2954019,1.3066874,1.3003505,1.2969961,1.305794,1.3021321,1.3024757,1.3052036,1.3051999,1.3012354,1.2958122,1.307653,1.3033422,1.3017877,1.3005944,1.3005729,1.3055506,1.2988536,1.3020151,1.2964019,1.2943766,1.2973351,1.3019294,1.3088559,1.2948785,1.2943817,1.3049158,1.3061414,1.3005481,1.3056228,1.3033627,1.3042691,1.3085123,1.2996297,1.2982026,1.2940516,1.3037997,1.2969368,1.3011799,1.3017693,1.3041807,1.3002983,1.2967535,1.2946893,1.3016254,1.30397,1.2992221,1.3067436,1.3009443,1.2885294,1.2965469,1.3107452,1.302264,1.3013633,1.2972139,1.3053422,1.2961833,1.2931681,1.3065171,1.3062515,1.2977625,1.3059604,1.3008399,1.2976907,1.297498,1.3094727,1.2982843,1.3005667,1.296521,1.2995137,1.295052,1.2958525,1.3056751,1.2974864,1.3001179,1.2988994,1.3041254,1.2987651,1.2984716,1.3042679,1.3073739,1.290331,1.2986561,1.2962445,1.3001258,1.3006876,1.2992275,1.3042495,1.3004245,1.3040801,1.3029644,1.300812,1.3071179,1.3028479,1.3078936,1.2980735,1.2978601,1.3018601,1.3039134,1.3014505,1.3013773,1.3058474,1.2982175,1.2939422,1.2984704,1.294689,1.3056929,1.2961141,1.3019254,1.3001887,1.2969275,1.2994344,1.3047286,1.2946972,1.3055912,1.3023496,1.3047059,1.3010093,1.299589,1.3024772,1.305335,1.3028756,1.2978735,1.299527,1.2958578
1.2147087,1.2227942,1.2114726,1.2305063,1.2203393,1.2192533,1.2191269,1.2253461,1.2226804,1.208584,1.2223651,1.2189417,1.2247262,1.2158488,1.2177305,1.2270069,1.2248534,1.2165563,1.2231466,1.2232258,1.2160321,1.2202836,1.2200125,1.2194209,1.2184083,1.2159742,1.2204248,1.2245047,1.2198217,1.2202995,1.2226294,1.2123839,1.2191813,1.2201586,1.2169505,1.2138221,1.2216257,1.2255495,1.2214336,1.2209513,1.2179978,1.2117722,1.2181932,1.2152928,1.223294,1.220213,1.2195998,1.2136294,1.2218555,1.2124267,1.2262206,1.2161803,1.232016,1.2225001,1.2235615,1.2173941,1.215487,1.2254438,1.220059,1.2200325,1.2141274,1.2211747,1.219369,1.2236053,1.2146537,1.2232811,1.2215924,1.2258657,1.225068,1.2207882,1.218687,1.2186624,1.2189144,1.2245566,1.2200528,1.2122082,1.2242243,1.2224582,1.2274549,1.2198539,1.2257304,1.2204823,1.2161506,1.224705,1.223271,1.2196741,1.2176305,1.222834,1.2142961,1.2232375,1.2260152,1.2148386,1.2194262,1.219457,1.2151134,1.2191728,1.2181488,1.21877,1.2241348,1.2202195,1.21621,1.2182571,1.2193059,1.2283504,1.2204909,1.2180771,1.2184405,1.2288039,1.2201884,1.2268392,1.2212175,1.2286687,1.2160587,1.2171963,1.2213249,1.219761,1.2138097,1.2325677,1.2194269,1.2201502,1.2198323,1.221463,1.2239069,1.2166692,1.2233633,1.2152319,1.2235265,1.2208833,1.221763,1.2176688,1.2212188,1.2196025,1.2196394,1.215223,1.2121907,1.228767,1.2133816,1.2150015,1.2265748,1.2201483,1.2156848,1.2230768,1.2232519,1.2209458,1.2159861,1.2236146,1.2171416,1.2217155,1.2257711,1.2214867,1.2190542,1.2201551,1.2237161,1.2247012,1.2161646,1.2260816,1.2166133,1.2193178,1.2124352,1.2181189,1.212646,1.2200326,1.2213472,1.2207121,1.2265962,1.2208588,1.2189344,1.2159876,1.208065,1.2251037,1.2209555,1.2157664,1.2233679,1.2157598,1.2122229,1.2219797,1.216073,1.2213635,1.2170792,1.2209731,1.2243012,1.221155,1.2165008,1.2182295,1.2255677,1.2148659,1.2196393,1.2156478,1.2194458,1.2206142,1.2235584,1.2099545,1.2343451,1.2210685,1.2211776,1.2179472,1.2245042,1.2162896,1.2249821,1.2218971,1.2102624,1.2186124,1.2172464,1.2212901,1.2187215,1.2270931,1.2074003,1.2240063,1.2159492,1.220267,1.2150713,1.2150332,1.2225018,1.2185761,1.2115905,1.2215787,1.2218329,1.2263047,1.2153046,1.2215863,1.2167058,1.2143149,1.216658,1.2187191,1.213865,1.2134001,1.2213367,1.2242022,1.2129844,1.2156036,1.2240605,1.2178524,1.216335,1.2119838,1.2179596,1.2173238,1.2174361,1.2256234,1.2130167,1.217277,1.2152264,1.2256021,1.2277515,1.2243996,1.221834,1.2218809,1.2299243,1.222707,1.2199934,1.226291,1.2204949,1.2205228,1.214971,1.2160716,1.2161608,1.2212433,1.2189733,1.2229658,1.2185414,1.2249548,1.2194711,1.2169513,1.2192975,1.2157922,1.2161475,1.2156142,1.2172489,1.2113273,1.2260838,1.2190074,1.2260436,1.22745,1.2252783,1.2130414,1.223047,1.219921,1.2124369,1.2234322,1.2184933,1.2193353,1.2240291,1.221294,1.2181104,1.2312918,1.2238519,1.212105,1.2124624,1.2207593,1.2172054,1.2170706,1.2227297,1.217194,1.2164689,1.2192634,1.210917,1.2173417,1.2229767,1.2208861,1.223215,1.2236452,1.2262394,1.218261,1.2208663,1.2201029,1.2219062,1.2161599,1.2191575,1.2270063,1.230344,1.2251403,1.2137295,1.2226281,1.2244059,1.2222862,1.2219173,1.2238654,1.2245283,1.2070726,1.2252522,1.2202675,1.2210945,1.2145637,1.218537,1.2284514,1.2179825,1.2213962,1.2181895,1.2153349,1.2209194,1.2218629,1.2256265,1.2183049,1.2216841,1.2245476,1.2206415,1.2211056,1.2227337,1.2176869,1.2153764,1.2187268,1.2181649,1.2176392,1.2198409,1.212531,1.2231705,1.2200977,1.2185509,1.2229574,1.222917,1.2266783,1.2250732,1.2176923,1.2233827,1.2180841,1.2179905,1.2253829,1.2196184,1.2182178,1.2238935,1.2255052,1.226381,1.2224729,1.2180345,1.213522,1.2167532,1.2214522,1.21835,1.221031,1.2183473,1.2265185,1.2159737,1.2150869,1.2154697,1.2199054,1.2160773,1.2221372,1.2194157,1.2161319,1.2171823,1.2253267,1.2135015,1.2206837,1.2185994,1.2178879,1.2201622,1.2188492,1.2175808,1.2274907,1.2215368,1.2202107,1.2146536,1.2152927,1.2208745,1.2152922,1.219976,1.2282499,1.2190976,1.2195252,1.217224,1.2164779,1.2237914,1.2257154,1.2236677,1.218438,1.2192234,1.2251298,1.2196983,1.2130461,1.2204806,1.2181951,1.2213135,1.2250547,1.2156347,1.2217212,1.2154115,1.223249,1.2199249,1.2227927,1.226563,1.2234902,1.2177969,1.2175207,1.2204914,1.2159919,1.2204915,1.2216277,1.2232904,1.2184339,1.2293346,1.2169447,1.212809,1.2176361,1.2138711,1.2246131,1.2224722,1.2232271,1.2255092,1.2199142,1.2224897,1.2246542,1.2205737,1.2259161,1.2189769,1.222877,1.2279016,1.2221185,1.2259269,1.2267456,1.2162293,1.2192787,1.216159,1.2194078,1.2200683,1.2208921,1.222351,1.2233108,1.2190968,1.2252929,1.2163162,1.2175802,1.2216989,1.219546,1.2231128,1.2261834,1.2163149,1.2253232,1.2231548,1.2181717,1.2160681,1.215297,1.2225055,1.230211,1.2271104,1.2301983,1.2198952,1.2188892,1.218451,1.2163469,1.2198601,1.2292094,1.2282107,1.2197074,1.2092881,1.2143551,1.2221913,1.2196051,1.2226479,1.2159835,1.2227904,1.2182719,1.2177142,1.2252375,1.224829,1.22516,1.2181085,1.2195686,1.2268108,1.2254963,1.215069,1.2189349,1.2209343,1.2129524,1.211379,1.2209486,1.2232212,1.2251258,1.2173389,1.2204428,1.2265999,1.2209454,1.2147982,1.2173862,1.2149847,1.221232,1.2176688,1.2205071,1.2214285,1.2187989,1.2215084,1.2278703,1.223565,1.2190738,1.2205946,1.2174289,1.2227447,1.2266253,1.2225381,1.2159674,1.2211732,1.2202269,1.2196672,1.2122412,1.2185084,1.2128937,1.2237127,1.2247192,1.2265033,1.2201855,1.2181603,1.2161318,1.2182195,1.2208333,1.2182913,1.2270875,1.217036,1.2171848,1.2249546,1.2170136,1.2179929,1.2085812,1.2152833,1.2177938,1.2264655,1.2222308,1.2203505,1.221029,1.2146624,1.2261533,1.2170283,1.2152977,1.2222203,1.2215194,1.2193336,1.2185384,1.2200645,1.2143502,1.2184582,1.2180753,1.2177798,1.2245878,1.2090678,1.2136843,1.2205259,1.2135822,1.2162766,1.2201059,1.2180117,1.2244925,1.218748,1.2196082,1.2263994,1.2116911,1.2155991,1.2240756,1.2272731,1.2183102,1.2267092,1.2139283,1.2222551,1.223,1.2192513,1.2144728,1.2246268,1.223263,1.2205297,1.217957,1.222831,1.2241329,1.2117001,1.2146075,1.2240294,1.2247114,1.2233676,1.2269608,1.2190651,1.2219248,1.221659,1.2226402,1.2190318,1.2259809,1.2196376,1.2262158,1.2109879,1.2166456,1.218793,1.2223706,1.2170739,1.2174222,1.2191159,1.2164592,1.2186092,1.222497,1.220466,1.2226783,1.2195696,1.2259805,1.2239797,1.2239165,1.2189113,1.2140558,1.2207997,1.2187785,1.2192405,1.221982,1.2239041,1.2234774,1.2119766,1.2231057,1.2200303,1.2273589,1.2262545,1.2135336,1.2153307,1.2234887,1.221526,1.2157953,1.2143697,1.2159387,1.2184753,1.2305236,1.2190017,1.2211576,1.2231656,1.2250935,1.2198958,1.2193224,1.2203869,1.2187595,1.2279018,1.2195054,1.2243459,1.2227521,1.2202775,1.2210205,1.2230091,1.2148764,1.2206801,1.2227583,1.2192864,1.2213916,1.2252123,1.2264076,1.2240682,1.2261524,1.2195793,1.2242929,1.2217302,1.2147248,1.2233007,1.2147038,1.2227489,1.212123,1.2166742,1.2266847,1.2258453,1.215858,1.2174642,1.2153912,1.2180822,1.2262969,1.2177634,1.2227418,1.2223121,1.2152284,1.217421,1.219542,1.2176477,1.2187716,1.2200058,1.2226793,1.2126076,1.2166544,1.223269,1.2178985,1.2228556,1.2192456,1.218677,1.2207613,1.2200316,1.2245405,1.2160884,1.2125272,1.2257453,1.2197689,1.2218254,1.2187922,1.2169662,1.2235544,1.2205203,1.2193589,1.2251118,1.2193003,1.2173939,1.215973,1.2198406,1.2183726,1.2268906,1.2205545,1.2180835,1.2195922,1.2255406,1.223911,1.2168764,1.2211986,1.2220597,1.2247633,1.2228593,1.2190073,1.2268469,1.2125654,1.2164977,1.2247214,1.2215174,1.22574,1.2197431,1.2212244,1.216317,1.217094,1.22026,1.223098,1.2245059,1.2224783,1.213935,1.2189568,1.2101657,1.2197441,1.2209355,1.2213855,1.2229009,1.2218946,1.2191142,1.215229,1.2213414,1.2278588,1.2197882,1.215828,1.2276556,1.2259696,1.2218822,1.221833,1.2194648,1.2230781,1.2168531,1.2224889,1.2238817,1.222915,1.2244397,1.2204984,1.2242453,1.2212758,1.2267897,1.217333,1.2142501,1.2197585,1.2223766,1.2153215,1.2258031,1.2195673,1.2178588,1.2149872,1.2178882,1.2219898,1.2226648,1.2209097,1.2227166,1.220279,1.2250961,1.2124158,1.2200181,1.2232792,1.2194072,1.2172447,1.2187492,1.2189475,1.2218562,1.2185801,1.2316341,1.2162567,1.2248317,1.2153199,1.2187135,1.2187016,1.2215899,1.2219012,1.2173727,1.2191554,1.2145338,1.2178164,1.2153678,1.2240623,1.2176971,1.2253927,1.2207896,1.2206475,1.2204009,1.2204003,1.2216399,1.2233951,1.2149565,1.2254775,1.2145333,1.2194545,1.2181985,1.217586,1.2210747,1.2117436,1.2270484,1.2215104,1.2198235,1.220082,1.2222292,1.2232604,1.2153893,1.2184445,1.2193187,1.2135155,1.2171507,1.218914,1.2230201,1.2204033,1.2203051,1.2236484,1.2254508,1.2048185,1.220041,1.2249818,1.219425,1.220255,1.223,1.2167853,1.2247337,1.2223828,1.2229223,1.2152778,1.2244375,1.2228042,1.2183435,1.219357,1.217814,1.2150335,1.2173119,1.2209349,1.2220154,1.2226889,1.2233138,1.2166156,1.2264237,1.2195935,1.2220249,1.2249254,1.2192094,1.2113622,1.2212789,1.2266507,1.2199497,1.2222998,1.2205025,1.219207,1.2172298,1.219544,1.21518,1.2214198,1.2179204,1.2201473,1.2178837,1.2130803,1.225165,1.2201898,1.2206244,1.2222086,1.2235566,1.2193297,1.2266403,1.2122918,1.2188371,1.2273897,1.2146261,1.2260602,1.2157229,1.2237337,1.217595,1.2214926,1.2159666,1.2207007,1.2235552,1.217473,1.218375,1.2146908,1.208934,1.221066,1.2107215,1.215286,1.2220896,1.2198888,1.2197133,1.2139745,1.2255325,1.2220815,1.2224542,1.217862,1.2158037,1.2242922,1.2185837,1.2177728,1.2183827,1.2172432,1.223813,1.2182443,1.2174292,1.2135746,1.2153935,1.2164625,1.2157328,1.2156563,1.2205955,1.2180477,1.2160279,1.2156897,1.228556,1.2180874,1.2230709,1.2131566,1.2166567,1.2207206,1.2287103,1.2155887,1.2180778,1.2176528,1.2187557,1.22013,1.2194462,1.2148252,1.2224345,1.2133174,1.2179701,1.2226437,1.2168843,1.2173793,1.2147845,1.217686,1.2217596,1.2245502,1.2185427,1.219955,1.2219774,1.2175016,1.2265205,1.2174209,1.2204714,1.22012,1.2223012,1.2243662,1.2299305,1.2227505,1.2192346,1.2193131,1.2233003,1.2199538,1.2203718,1.2168956,1.2205994,1.2223449,1.2190228,1.2243035,1.2188867,1.21681,1.2168279,1.2153131,1.216175,1.2216287
0.5261723,0.51895,0.515977,0.50188226,0.51776916,0.51923364,0.51307064,0.5210315,0.51947564,0.5220965,0.5099887,0.50979304,0.5160215,0.5131997,0.52160364,0.5043304,0.5091609,0.5120365,0.5154618,0.5065428,0.5217961,0.51751345,0.51528645,0.5120675,0.5191101,0.5118918,0.51835513,0.5161605,0.50836307,0.5200279,0.5168773,0.5208447,0.51655585,0.52393854,0.5148819,0.51791,0.51900184,0.519207,0.5092034,0.51430875,0.5191735,0.52902484,0.52163327,0.51883507,0.511425,0.5134619,0.50220513,0.521257,0.51741004,0.51549536,0.5084314,0.5139074,0.5074229,0.51943517,0.50854796,0.52177787,0.516662,0.5140188,0.5151801,0.52068156,0.5218433,0.5158321,0.5196119,0.51727176,0.51434004,0.50863093,0.5132879,0.5105788,0.51585853,0.5154091,0.51631594,0.52373636,0.5078448,0.51696223,0.513763,0.5134742,0.5127012,0.50959563,0.51396036,0.5267616,0.50882506,0.51783067,0.5193953,0.5223988,0.5152232,0.51837236,0.52050585,0.51115215,0.52704954,0.5206045,0.5167643,0.5195323,0.51439625,0.5141202,0.51988417,0.52479446,0.5169308,0.5175189,0.5190166,0.51148885,0.5283728,0.51488554,0.51793635,0.5190874,0.51910913,0.52265155,0.51066494,0.51906836,0.51408046,0.52002025,0.5151249,0.5199736,0.51899534,0.5209622,0.51754534,0.51793617,0.5158386,0.51912314,0.5205295,0.519921,0.516954,0.5150604,0.50735426,0.5109781,0.51066846,0.51717293,0.5105285,0.5223861,0.5128944,0.51450646,0.5030469,0.51059026,0.5258537,0.5209679,0.51573837,0.51960903,0.515713,0.5117807,0.51530296,0.52176714,0.5161214,0.5145635,0.5113149,0.52410597,0.5274714,0.5173187,0.5125366,0.5150847,0.5144134,0.5183902,0.51905096,0.51415044,0.51615477,0.51975316,0.52423596,0.52077305,0.51123637,0.5214067,0.5127652,0.52001256,0.5205879,0.5158241,0.52127105,0.51612306,0.5211381,0.51435775,0.51408297,0.5241884,0.52998435,0.50745314,0.52805656,0.5225012,0.52704495,0.5161242,0.5157566,0.5194739,0.5272976,0.5128686,0.5200653,0.5245633,0.5124792,0.5123042,0.51204604,0.51246387,0.50804627,0.5143995,0.5166713,0.51411223,0.5137129,0.5136337,0.5197552,0.5173572,0.518418,0.51568604,0.51209986,0.5195709,0.52116275,0.51550776,0.50876063,0.51735264,0.51427764,0.51522905,0.5102534,0.51894635,0.5193537,0.5171303,0.5214486,0.5101074,0.5216654,0.515455,0.52724713,0.51435626,0.51909137,0.5152648,0.5184621,0.5152704,0.52147645,0.51580584,0.518195,0.51575804,0.5127682,0.5146379,0.51832145,0.51979655,0.5127127,0.5195604,0.5172925,0.514353,0.52472305,0.513262,0.5173115,0.5251035,0.51458466,0.5187377,0.5219865,0.5222895,0.51694405,0.5076431,0.51962256,0.51445735,0.50304675,0.5178907,0.5142651,0.5077872,0.5178298,0.5094859,0.51369894,0.5117811,0.5166994,0.51746744,0.51274353,0.5162899,0.5137328,0.5210185,0.5183298,0.5229602,0.5204054,0.5115433,0.5167021,0.5142117,0.5195194,0.52205473,0.5101292,0.51123315,0.5154095,0.51797163,0.5174966,0.51715195,0.51183915,0.51722986,0.5113097,0.52353376,0.5100584,0.5260461,0.51308256,0.515073,0.5173967,0.5170796,0.51317006,0.5215768,0.5100254,0.5201123,0.5156227,0.5138376,0.51681006,0.51459134,0.5174245,0.5170662,0.5163962,0.50824475,0.5208318,0.5226321,0.51794773,0.517485,0.5222318,0.51637185,0.51646876,0.52195334,0.50359523,0.51777023,0.51844674,0.51766175,0.5229699,0.52508265,0.5209157,0.5212756,0.515318,0.50651395,0.504129,0.52097386,0.51629186,0.50727797,0.52164745,0.51196164,0.5158723,0.5175445,0.5090113,0.5216837,0.51335615,0.51303446,0.5137532,0.5229061,0.5188231,0.5151957,0.51242757,0.51920927,0.5117224,0.51291084,0.5157151,0.5123485,0.51855737,0.5142271,0.5140752,0.5122834,0.5140309,0.51664275,0.51737183,0.5186526,0.5108899,0.51748043,0.51375747,0.5203625,0.5130815,0.5165966,0.5182063,0.51361775,0.5189768,0.51963925,0.5166632,0.5226581,0.5263195,0.51173866,0.51401144,0.52266866,0.5170387,0.5106603,0.50646603,0.52007943,0.5135286,0.50615525,0.51191676,0.5111028,0.50648403,0.5179632,0.519207,0.5150541,0.51544875,0.5166934,0.5210033,0.5139299,0.5151965,0.52184767,0.51903653,0.5156372,0.51509655,0.51320034,0.52227885,0.51750624,0.512007,0.52094847,0.51662886,0.5089287,0.5139008,0.5079396,0.51759744,0.5174641,0.5203254,0.50541997,0.5157693,0.51328707,0.5270193,0.513539,0.52572155,0.51900977,0.5185144,0.51659185,0.52203745,0.5128126,0.52198845,0.5190553,0.5108265,0.51152384,0.51286346,0.5087341,0.51157486,0.5235984,0.50548655,0.51961565,0.5232676,0.52305996,0.52077866,0.50261694,0.5205291,0.51115817,0.5243346,0.51120305,0.51550645,0.5122605,0.5093241,0.5154703,0.516329,0.511499,0.5123845,0.5186207,0.5211949,0.5137175,0.52168936,0.51441926,0.5136058,0.5099831,0.5180492,0.51451206,0.51576424,0.5130326,0.5238812,0.5176194,0.51551133,0.5153769,0.5144505,0.51582223,0.5074377,0.51983917,0.5217044,0.5099975,0.5107535,0.51610255,0.5106044,0.51903504,0.5152199,0.52130365,0.51764476,0.5264122,0.52552325,0.5074559,0.50875366,0.50653934,0.51930106,0.51581454,0.52038556,0.5221766,0.52543205,0.51499504,0.5192199,0.5198014,0.5091881,0.51056147,0.5143504,0.5065869,0.5242171,0.5207532,0.50766426,0.5127868,0.5164464,0.50823635,0.5148829,0.5167595,0.5153703,0.5166872,0.5165018,0.5146838,0.51495504,0.5108435,0.52017874,0.5191657,0.5151413,0.50881857,0.51917523,0.5128166,0.51191664,0.523618,0.5177414,0.51600486,0.51455307,0.518529,0.5200303,0.51526284,0.5118234,0.5119727,0.509103,0.5068682,0.51897246,0.5221302,0.5187345,0.5171756,0.5170331,0.52048695,0.51453024,0.5243056,0.5132536,0.51312506,0.51490635,0.5092174,0.5090288,0.51439,0.5206011,0.5182366,0.5105421,0.5211312,0.5247723,0.51506644,0.51686186,0.517524,0.51715446,0.51324224,0.5179558,0.51865524,0.51599216,0.5166553,0.516241,0.5209089,0.51420486,0.5223205,0.5175765,0.5171992,0.51269364,0.5174783,0.512977,0.5169003,0.5185255,0.5131428,0.5118699,0.5287806,0.5128621,0.5055261,0.51489896,0.5115605,0.51182383,0.5193405,0.5214708,0.52086055,0.5162299,0.52018356,0.5173915,0.51247936,0.51572174,0.5181672,0.52258646,0.5119035,0.50538796,0.519262,0.5070892,0.5177645,0.51348436,0.5139089,0.5182327,0.5107951,0.5208414,0.5120925,0.5135567,0.5189545,0.5224621,0.51870704,0.51198024,0.5215184,0.5214171,0.51932895,0.52623755,0.51225466,0.5210195,0.5192381,0.5159853,0.51964927,0.5170339,0.51439786,0.51262224,0.527776,0.51109934,0.516359,0.51536256,0.52065635,0.51079506,0.5228627,0.514307,0.5133339,0.5114227,0.52192116,0.51445246,0.5171609,0.5138773,0.5184347,0.51904696,0.5066876,0.5117381,0.51448584,0.5155742,0.5170186,0.5173923,0.51265675,0.5131559,0.5082339,0.5138637,0.51778346,0.5050911,0.5136549,0.51755303,0.5059053,0.5188221,0.50989807,0.5142289,0.51988566,0.5192875,0.5202719,0.5201072,0.5236562,0.52188593,0.5168897,0.51814616,0.5187736,0.52068424,0.53235435,0.5288724,0.51444846,0.5124512,0.52074194,0.51950693,0.51585287,0.51841486,0.5187231,0.517541,0.51838404,0.51490533,0.51516515,0.5151745,0.5146279,0.51047254,0.5181585,0.514379,0.5190754,0.5138678,0.50951385,0.51292115,0.5107758,0.51911867,0.5225594,0.5174026,0.5196402,0.5102602,0.51806295,0.51686376,0.52966416,0.52048266,0.5182748,0.50713307,0.5237296,0.5137593,0.5205165,0.5145047,0.5146107,0.5131121,0.5140411,0.5167597,0.5072017,0.51460767,0.5176944,0.5192672,0.5135249,0.5195212,0.5141135,0.51694953,0.5160632,0.5189541,0.51926416,0.5110162,0.5145964,0.51170486,0.52164274,0.51945275,0.5179702,0.51839685,0.5113993,0.5261715,0.51152647,0.5096578,0.52008563,0.5116082,0.51610845,0.5124182,0.5088114,0.51624453,0.51444846,0.52176183,0.5232938,0.51826304,0.52017695,0.5184853,0.50756717,0.5125834,0.5141402,0.5177376,0.5179875,0.51416343,0.5208408,0.5215521,0.51448476,0.5197706,0.5156863,0.5167997,0.5117162,0.5193995,0.5064481,0.5098463,0.52087486,0.5184023,0.51580834,0.5201292,0.5200821,0.5184051,0.52577955,0.5176942,0.51182646,0.51458263,0.5098793,0.5240856,0.5178899,0.51588583,0.51228017,0.519334,0.5079182,0.5183817,0.5232215,0.5266909,0.51710063,0.5109113,0.51601046,0.5194441,0.5134408,0.51352763,0.5256792,0.5089277,0.50883377,0.5213635,0.51358885,0.51593626,0.51944107,0.52366155,0.5133169,0.52710813,0.51597,0.5174508,0.5233606,0.51937926,0.51021385,0.51686585,0.51801556,0.5128439,0.5298752,0.5088766,0.5205277,0.51833844,0.51852113,0.5251015,0.5212635,0.5209718,0.5152772,0.5250107,0.5119716,0.50978696,0.5247349,0.5101603,0.51347965,0.51751316,0.5156506,0.518349,0.5226563,0.5177284,0.5235742,0.52008057,0.513448,0.5198641,0.5153239,0.5057519,0.51660764,0.5115558,0.5125245,0.5099435,0.52181476,0.51285154,0.5245829,0.5174937,0.5052506,0.5218752,0.5173996,0.50676346,0.5138901,0.51909024,0.52144396,0.50734884,0.52091897,0.51851,0.51916385,0.511506,0.51372355,0.5184357,0.5191362,0.50914645,0.5182904,0.5185799,0.51011217,0.5263584,0.51975965,0.5194638,0.51655006,0.51135725,0.50759363,0.51238465,0.51272076,0.509282,0.51128393,0.5179189,0.51899123,0.51699007,0.5018252,0.5140327,0.5254202,0.52026105,0.52456206,0.5154939,0.5148603,0.5103668,0.51157564,0.5128513,0.5130856,0.5150998,0.516468,0.51391274,0.52233666,0.52084726,0.517009,0.5146723,0.51296306,0.5112173,0.51629764,0.5128014,0.52349055,0.5172452,0.52706414,0.51644355,0.51477283,0.5102591,0.51357585,0.5167169,0.5276616,0.5171546,0.5184417,0.5187271,0.51263237,0.51878804,0.5157737,0.5193953,0.5143243,0.52045906,0.51621515,0.51780516,0.5151445,0.5102764,0.5132266,0.51847297,0.5131266,0.5158599,0.52294403,0.5201691,0.5129752,0.5062109,0.5207196,0.5138834,0.5182805,0.5201175,0.513648,0.5092566,0.5162128,0.52118945,0.51065207,0.51615274,0.5203909,0.5083948,0.52711034,0.5092221,0.5184263,0.51519483,0.51137817,0.5234522,0.5152948,0.5208497,0.52279913,0.5194326,0.512293,0.52353984,0.5159156,0.51205987,0.5212169,0.5119345,0.5070475,0.5153048,0.51751095,0.5112221,0.5179496,0.50942785,0.51833314,0.5077757,0.5118533,0.5272142,0.517618,0.52347463,0.51536286,0.50763786,0.5187296,0.5262078,0.5062173,0.5170902,0.521826,0.51516473,0.5185614,0.5081396,0.525078,0.5215977,0.50713825,0.5204447,0.5083563,0.511902,0.51869345,0.519409,0.51866645,0.5233463,0.5170696,0.5176382,0.5259965,0.5097397,0.524885,0.5097968,0.5123458,0.5164297,0.5237025,0.5200815,0.5143587,0.5071121,0.52557385,0.5085254,0.51994133,0.5138291,0.507696,0.5154836,0.51336384,0.51578206,0.5204319,0.51100653,0.52090627,0.5085416,0.5182258,0.52052665,0.5115937,0.5037032,0.52066624,0.50954986,0.5255211,0.51751286,0.5179451,0.5160198,0.5191998,0.5117521,0.5112724,0.51472986,0.51748663,0.5200883,0.5153512,0.51715773,0.5116904,0.51490015,0.5136841,0.51860833,0.5204361,0.5159484,0.52143055,0.5216229,0.51740134,0.5159937,0.51835084,0.5146578,0.51427454,0.52372724,0.51155585
