0.63033396,0.6423369,0.6468799,0.6212755,0.63422596,0.6569732,0.6406759,0.6346571,0.6152744,0.62841994,0.63583565,0.65019375,0.6394209,0.65174496,0.63160855,0.6503443,0.61684364,0.6469602,0.6208271,0.6327513,0.6426444,0.60056424,0.6430843,0.6335499,0.6535795,0.63299906,0.6336266,0.609624,0.62224156,0.62716264,0.6440143,0.6295734,0.64429915,0.62326944,0.64055026,0.6587982,0.6289698,0.6491392,0.637336,0.6390914,0.6194617,0.6432789,0.6361382,0.6578322,0.65604585,0.636975,0.6473091,0.62003726,0.6332133,0.63712,0.6529333,0.6151029,0.63340414,0.6327182,0.6249276,0.64689195,0.62596124,0.65164065,0.63741827,0.62321013,0.65664446,0.6356213,0.6089363,0.6630043,0.6352371,0.6390325,0.63510597,0.6381877,0.64965177,0.6245898,0.62745047,0.6407603,0.6361136,0.6454091,0.6439045,0.6489059,0.64315903,0.6376513,0.6587255,0.6550532,0.65357685,0.62932414,0.6448598,0.6282563,0.6477832,0.64605683,0.6341753,0.65591854,0.61515385,0.6232072,0.6530939,0.653448,0.6419986,0.6167559,0.6449154,0.64610195,0.6177424,0.640891,0.6691988,0.6219091,0.63321,0.6573948,0.6453812,0.63908195,0.62805635,0.6223438,0.67422837,0.64135396,0.6397422,0.60943806,0.6517607,0.6215481,0.61437446,0.6548754,0.6289385,0.599342,0.63552547,0.6659573,0.642682,0.6461985,0.6240347,0.6500915,0.63827294,0.6476151,0.63838255,0.62185615,0.62388974,0.6179578,0.60328627,0.6260899,0.6344321,0.63527524,0.66197324,0.63068014,0.6221973,0.64185476,0.6243997,0.6402372,0.6364787,0.6474576,0.6320418,0.6273645,0.6407568,0.62115204,0.63038635,0.6336347,0.63986826,0.6372339,0.63095194,0.6681593,0.63779867,0.63918364,0.63825524,0.64780325,0.6429383,0.66586345,0.6239528,0.6102585,0.6301619,0.60773325,0.64588374,0.6207947,0.64097214,0.64108944,0.6360065,0.6502671,0.6379321,0.6327811,0.6523449,0.6230487,0.6537383,0.65346134,0.6355329,0.6459686,0.6151625,0.61902213,0.64078605,0.6477415,0.6341945,0.6396568,0.6541588,0.63554007,0.6360106,0.6411527,0.6305385,0.6456054,0.63877547,0.6451363,0.6426203,0.63564306,0.64008373,0.6301515,0.6590629,0.6408387,0.622318,0.6107419,0.63958985,0.6457921,0.66240305,0.6519207,0.62669915,0.6340067,0.628496,0.6327363,0.6581674,0.61643976,0.63979876,0.6141972,0.63112205,0.64061767,0.6461931,0.60673946,0.6468443,0.6339885,0.64697355,0.643601,0.610828,0.641837,0.6308967,0.6338544,0.6057907,0.6255612,0.61180156,0.6483948,0.64626956,0.63295126,0.6165869,0.6483874,0.62933207,0.6287261,0.6228172,0.63019836,0.64120317,0.63196254,0.6267545,0.6192248,0.6463796,0.6308358,0.6208077,0.65809464,0.6437128,0.65548646,0.64420515,0.63470477,0.6480731,0.60810953,0.61509377,0.65284956,0.64515954,0.62056196,0.6344076,0.65610194,0.6513914,0.64737165,0.62134284,0.6267785,0.64237636,0.63192946,0.6390524,0.66950494,0.6211136,0.64455444,0.6503038,0.6458203,0.63250875,0.6400118,0.6428055,0.63209623,0.6485219,0.64774275,0.6440102,0.6359722,0.61839455,0.6204466,0.6330449,0.617402,0.63437295,0.61952084,0.6149779,0.64503354,0.6461255,0.625187,0.6248766,0.63695115,0.63705724,0.66202873,0.6285479,0.6163966,0.6116407,0.6357362,0.647789,0.6387838,0.60371053,0.647168,0.63738483,0.63673884,0.6554199,0.657249,0.64848787,0.626515,0.6216961,0.63362736,0.6778496,0.6517913,0.64739245,0.6355044,0.6429348,0.6608972,0.65045357,0.6432971,0.6378131,0.627232,0.63621503,0.66989195,0.63035774,0.64470625,0.6473699,0.6242768,0.6147446,0.6291225,0.64091855,0.633095,0.63671684,0.65505236,0.6327788,0.63304293,0.6329948,0.64146096,0.6433744,0.6262716,0.62746257,0.64559174,0.64601296,0.6303125,0.6281939,0.62313014,0.6143764,0.6066465,0.62281644,0.6536077,0.6491192,0.63631165,0.6373184,0.6198929,0.6527694,0.6254677,0.6449235,0.64769095,0.6371592,0.63146853,0.6371538,0.65374136,0.6238927,0.63315475,0.63377947,0.6702243,0.6584342,0.64908373,0.64457583,0.61735624,0.64242387,0.64267194,0.6342899,0.63918614,0.6413656,0.6245988,0.6301475,0.6215255,0.6565432,0.64179176,0.63037753,0.65530795,0.6408776,0.64753723,0.61896425,0.64265704,0.65137243,0.6205776,0.6444322,0.6219982,0.64038455,0.6200169,0.61961883,0.64354813,0.642543,0.6229286,0.6326713,0.65029407,0.6435482,0.6235815,0.64759326,0.6209169,0.66685534,0.6373629,0.6348791,0.6300709,0.6564297,0.62986296,0.6328708,0.6402875,0.63082963,0.63993084,0.6469861,0.63328767,0.61997336,0.6215172,0.64312077,0.66530555,0.6260325,0.6321407,0.64122146,0.62508106,0.638211,0.61293525,0.6357237,0.62358904,0.6352336,0.65672904,0.6281954,0.66043687,0.6427375,0.6169498,0.64879036,0.64599866,0.615884,0.6482618,0.6188514,0.6565179,0.64383924,0.61744547,0.6543312,0.6238737,0.6269839,0.6301722,0.63222635,0.64032197,0.62904984,0.62834114,0.630887,0.6225437,0.62790525,0.62773997,0.6404239,0.63478094,0.6325629,0.6165768,0.64908266,0.6613852,0.65519613,0.62906086,0.62609744,0.6595299,0.62901133,0.6097666,0.6546245,0.6409153,0.5957627,0.64227605,0.64899087,0.62705183,0.63220185,0.66453665,0.63268363,0.6322758,0.64082116,0.63729674,0.60672325,0.63127077,0.64866745,0.63627565,0.63062495,0.6258112,0.6034403,0.6566442,0.6395576,0.6229168,0.6554144,0.6355142,0.62110627,0.63708276,0.6448881,0.6395811,0.6486939,0.6435347,0.6260754,0.6430669,0.61556375,0.6530524,0.6533994,0.6276059,0.6470104,0.6428919,0.64453506,0.6274748,0.6296805,0.6596545,0.64146906,0.63008136,0.6605104,0.63638204,0.6333089,0.6313191,0.63888466,0.64023244,0.6257403,0.61088634,0.65119743,0.6591406,0.6316428,0.6206565,0.61827207,0.6571681,0.6410911,0.65985584,0.64387345,0.65552104,0.6287412,0.6512099,0.64167863,0.640188,0.6390501,0.64713645,0.6391213,0.62294894,0.64785165,0.61734974,0.6495894,0.6379442,0.62164724,0.63309497,0.63332856,0.6139984,0.61997306,0.628856,0.6244177,0.6070305,0.64531916,0.64689773,0.6473727,0.6180376,0.64212507,0.6347213,0.6468211,0.6422113,0.6305598,0.6128158,0.6456297,0.6262667,0.62810916,0.64279824,0.650065,0.6161884,0.63440126,0.650375,0.6249517,0.6542545,0.63999134,0.63593113,0.6629748,0.6133872,0.6476387,0.64398915,0.6400641,0.6292663,0.64257056,0.6444526,0.64617646,0.63751143,0.6304289,0.6489636,0.626549,0.650332,0.64284986,0.63799745,0.626996,0.63183904,0.64434195,0.6294884,0.6273742,0.63313776,0.65690064,0.62513435,0.62298846,0.63392997,0.62316155,0.6530467,0.6322937,0.6530738,0.6345749,0.62629724,0.6341131,0.6285881,0.6439883,0.61723924,0.63199675,0.6355655,0.63594925,0.64136684,0.62545675,0.65136546,0.63467574,0.6212919,0.6125378,0.64533615,0.63106453,0.618783,0.6400846,0.6345062,0.62312603,0.6398416,0.629403,0.60855293,0.6547231,0.63789505,0.6231358,0.63058716,0.63407403,0.65894574,0.63373554,0.6525451,0.64155006,0.61687005,0.62145007,0.62860596,0.6148342,0.6358298,0.67371273,0.6256298,0.6280986,0.6523451,0.63529205,0.6433504,0.61440384,0.64533514,0.6190645,0.65289927,0.630958,0.65157807,0.66205484,0.63607514,0.64640146,0.64055574,0.6474923,0.6574815,0.612703,0.656887,0.6532563,0.6496939,0.6296145,0.6501807,0.64966613,0.6458831,0.6465394,0.64480966,0.6264369,0.64135516,0.64840597,0.6332533,0.6291521,0.63550115,0.61123085,0.6124572,0.6400873,0.6550904,0.6444202,0.6256577,0.6089211,0.6593966,0.64279145,0.6440978,0.6593399,0.64911157,0.6467209,0.62902963,0.64595836,0.652535,0.6331475,0.6136968,0.62715995,0.6361252,0.6119118,0.6248958,0.6495197,0.6431506,0.64530504,0.65161365,0.6400213,0.63370216,0.6385336,0.64570946,0.6379938,0.6372876,0.64527124,0.66615856,0.6314882,0.61408895,0.63940763,0.61128676,0.64883125,0.6225644,0.6524321,0.64931047,0.62393296,0.63245803,0.60352004,0.6421511,0.64567566,0.63120866,0.6462531,0.6258341,0.62732697,0.63759035,0.6377972,0.6265248,0.61049765,0.64578676,0.6467252,0.62727904,0.650753,0.6511983,0.6445303,0.6202491,0.6549108,0.6289202,0.632112,0.6486117,0.6344804,0.63535655,0.6303735,0.61963505,0.6326925,0.6499252,0.64006436,0.64978254,0.64642763,0.6439597,0.6076672,0.6594102,0.6364564,0.65627205,0.6471015,0.6222217,0.63557196,0.65017676,0.62001747,0.6195419,0.6504671,0.64303386,0.6439084,0.66302013,0.6334604,0.6426483,0.62162036,0.64230746,0.6237008,0.64221203,0.6136561,0.64077204,0.6635362,0.64516735,0.64806545,0.65598357,0.63952047,0.635238,0.6467714,0.64907837,0.6186991,0.6330105,0.633176,0.6376893,0.6360379,0.65556216,0.633935,0.6471831,0.64126354,0.62310064,0.6523108,0.6415976,0.6508252,0.6421706,0.6492572,0.6483353,0.63276374,0.63640195,0.6321446,0.60829604,0.640547,0.60478383,0.6281799,0.66210914,0.6222362,0.62722164,0.62262756,0.66082627,0.6774396,0.65062547,0.62261945,0.64236057,0.6578731,0.61722493,0.6317369,0.6131811,0.6316801,0.6281757,0.64381975,0.64053667,0.6089571,0.6294573,0.63557935,0.6204673,0.6613383,0.64331925,0.6091381,0.65126354,0.6456343,0.6414984,0.6391935,0.6258909,0.65025365,0.6361609,0.6319524,0.6468849,0.64213765,0.6364526,0.6353365,0.66193986,0.6448508,0.63145036,0.62220937,0.60110897,0.6356602,0.6587194,0.6547019,0.64417917,0.64104843,0.6532141,0.62648576,0.6432073,0.61927307,0.65216106,0.6223007,0.63574034,0.63168496,0.63762796,0.64439976,0.63442767,0.6533367,0.65123034,0.6319364,0.66558015,0.6257099,0.63641006,0.6511016,0.6468131,0.64345723,0.62811655,0.62821037,0.63399494,0.65039575,0.63742703,0.64033234,0.6304324,0.6263067,0.66249496,0.6268134,0.64924735,0.6541269,0.64131117,0.6311135,0.6276605,0.63588864,0.6500862,0.6438089,0.6482866,0.59698105,0.63535756,0.6350718,0.6315698,0.6453305,0.6161096,0.6623494,0.6138484,0.6360952,0.63783646,0.6356913,0.6242396,0.6123002,0.64255863,0.6387139,0.6009008,0.6285984,0.6340633,0.62739044,0.6398924,0.6245632,0.64704263,0.61055934,0.63906914,0.6509806,0.6278621,0.6377455,0.62370765,0.6277461,0.6343551,0.63947314,0.6203012,0.629925,0.6555258,0.6292559,0.65497166,0.64818496,0.6339421,0.61353266,0.64708763,0.63077056,0.6351073,0.65085036,0.63460475,0.6288402,0.6486801,0.65216136,0.6224737,0.6401506,0.63519096,0.6408204,0.6194606,0.6454627,0.63294125,0.64031357,0.63695276,0.63373154,0.63132656,0.64967513,0.6328176,0.6366123,0.6354217,0.6213019,0.632351,0.6420172,0.6285369,0.64861727,0.63605076,0.6412845,0.6524199,0.6585207,0.60225236,0.6179635,0.6129356,0.65267897,0.6416327,0.61878633,0.63281405,0.63973624,0.6357456,0.61565125,0.6459778,0.6459619,0.62216306,0.62349397,0.6466204,0.6329195,0.63935196,0.643652,0.61583763,0.6301272,0.59103274,0.6230116,0.6399685,0.622212,0.6481639,0.6467665,0.6432567,0.62083703,0.6561507,0.6359695,0.6288097,0.630446,0.6349673,0.6351575,0.6560667,0.63126725,0.64743793,0.6298619,0.63336396,0.6321938,0.6353014,0.6299625,0.6633371,0.65175855,0.6358706,0.64520746,0.64421827,0.6485254,0.62274176,0.66430753,0.6277704,0.6455481,0.62595475,0.63747656,0.6371708
0.5912283,0.56485575,0.5612679,0.56551015,0.55840343,0.57558256,0.5685477,0.56841743,0.5514984,0.5452608,0.55595756,0.5644159,0.5609654,0.57096016,0.55234534,0.5768799,0.565778,0.56966025,0.5635072,0.5639388,0.57416797,0.55785716,0.5863262,0.5505073,0.5644133,0.568652,0.5690869,0.55041355,0.5699682,0.56104094,0.5695524,0.5736542,0.55513537,0.54888785,0.5450973,0.57238805,0.5879787,0.5621027,0.5623983,0.55805993,0.5776643,0.5667763,0.58784604,0.575504,0.57252634,0.5559431,0.5849879,0.5525029,0.5843214,0.5578959,0.55308825,0.5584553,0.5553049,0.55216664,0.5730479,0.5675182,0.5508487,0.55631995,0.5665077,0.5335634,0.56999505,0.5585786,0.5613979,0.559907,0.5758767,0.56993204,0.5670898,0.56479806,0.5693528,0.5653165,0.5523468,0.57323074,0.5533289,0.5482352,0.58377004,0.54888284,0.55295926,0.53411096,0.56113005,0.57650644,0.5626533,0.5691519,0.5583496,0.5777141,0.5510027,0.5631178,0.55723315,0.54997617,0.5509907,0.5593739,0.55569005,0.5665371,0.55059886,0.5495502,0.5842121,0.55131704,0.54786545,0.55802304,0.56522655,0.580774,0.5693421,0.56026757,0.55656636,0.5963317,0.5711229,0.5712726,0.5600697,0.57197905,0.5529531,0.5379594,0.5703938,0.56284094,0.57524014,0.5717162,0.5744924,0.55543524,0.56360453,0.5674273,0.55071354,0.57240826,0.52711827,0.5685392,0.5833936,0.55885965,0.5564061,0.5461253,0.57163775,0.5550017,0.5479771,0.5629944,0.56372654,0.57788986,0.5575275,0.5523707,0.56571805,0.5740385,0.57693577,0.5760327,0.565398,0.56544083,0.5704809,0.5413432,0.57169884,0.56744766,0.55398345,0.5536451,0.54898477,0.5418646,0.5588836,0.566542,0.5652415,0.5544792,0.5855368,0.5533813,0.56315273,0.56850463,0.573725,0.566856,0.57022464,0.59727645,0.5692572,0.56387365,0.5713684,0.56028515,0.563606,0.580239,0.5680373,0.5594973,0.5592178,0.5452717,0.5861682,0.56503063,0.5714991,0.57490736,0.5401577,0.56664944,0.5864925,0.5542941,0.56963587,0.57732487,0.56507385,0.5773529,0.5556288,0.56142867,0.55305004,0.56227064,0.55134165,0.56111807,0.57237744,0.55690986,0.56001544,0.55860186,0.55949485,0.5701562,0.55337983,0.5633074,0.5705564,0.578133,0.5771775,0.563782,0.539567,0.5605911,0.56917834,0.5634833,0.5953036,0.555512,0.57793623,0.55199337,0.5666825,0.5811118,0.56471485,0.5767771,0.57505894,0.574002,0.5589947,0.5656443,0.5496427,0.5664159,0.56742024,0.54345155,0.5609348,0.5576476,0.54056317,0.56721026,0.54376847,0.54550755,0.55034477,0.55966944,0.5591807,0.58857995,0.585436,0.5619269,0.55143327,0.5514063,0.5562254,0.5556222,0.5550204,0.54796624,0.5768711,0.57723194,0.5599515,0.546191,0.55656403,0.54423004,0.5936428,0.55950516,0.55682814,0.5767115,0.5524503,0.54911244,0.54440653,0.57042575,0.566013,0.57544655,0.5497449,0.56644934,0.57948095,0.5753052,0.552835,0.5677003,0.5328929,0.56861216,0.5643457,0.55912447,0.5468549,0.5679296,0.57613176,0.5793661,0.5645279,0.5946129,0.5644629,0.5547964,0.5479244,0.5606611,0.5677546,0.5506605,0.5677946,0.53457373,0.57143444,0.577507,0.56951386,0.5623852,0.55962217,0.55979145,0.5717111,0.5634386,0.5600753,0.55894,0.5503832,0.5614889,0.5663041,0.55682117,0.5685259,0.5735103,0.5663316,0.5458455,0.5775133,0.56938297,0.5770161,0.5498846,0.5524933,0.54255646,0.5585994,0.5564423,0.5794344,0.5621667,0.54715264,0.57179236,0.57788694,0.56281894,0.5884377,0.56677264,0.5763898,0.5621999,0.55741,0.54974616,0.57104194,0.5509106,0.54424286,0.5807183,0.59022623,0.55468565,0.56754726,0.5860068,0.5724614,0.5393899,0.55880153,0.5509807,0.57595354,0.55541074,0.58122957,0.5629812,0.55380595,0.54402804,0.57347924,0.54596895,0.570928,0.5586332,0.56527907,0.5921982,0.5603657,0.5588438,0.5707261,0.56159323,0.55306864,0.5524035,0.56149673,0.57162046,0.5477533,0.5914717,0.56588364,0.5709427,0.5482727,0.5376542,0.5528285,0.5729908,0.56165755,0.56777763,0.5783617,0.5598253,0.5719897,0.57962507,0.5764415,0.5754012,0.56545085,0.54313403,0.56662494,0.582781,0.55954605,0.56812817,0.5792039,0.56917185,0.56898135,0.5624423,0.5692655,0.5700061,0.5578392,0.514873,0.55423784,0.56187016,0.5803557,0.5641823,0.56381994,0.55516803,0.5389888,0.5659587,0.58363545,0.5521015,0.5600898,0.57062554,0.5856935,0.5542662,0.55787766,0.55816805,0.5532235,0.55371535,0.5850495,0.55989724,0.57380193,0.5729014,0.55350554,0.5381342,0.57271165,0.5361543,0.5569871,0.5435637,0.5540097,0.5793176,0.58102894,0.5529762,0.5644008,0.54436636,0.56297714,0.54958737,0.5586952,0.5395867,0.58973974,0.5669073,0.5706571,0.5897004,0.56617963,0.56461215,0.55837774,0.55372137,0.5593607,0.5802138,0.566155,0.55883956,0.5825068,0.55530196,0.5530703,0.5771753,0.5789652,0.56006056,0.5602217,0.5656208,0.5847896,0.5330828,0.5535313,0.5445631,0.55901736,0.551007,0.5897323,0.56500447,0.56809324,0.57850623,0.5706903,0.54329175,0.5770152,0.5524051,0.5556592,0.57686514,0.5695226,0.56192064,0.5739703,0.5714144,0.5680799,0.56688774,0.56768626,0.5577561,0.55644256,0.5678211,0.564636,0.57459456,0.5540992,0.5565517,0.5538653,0.5662487,0.5848813,0.58521,0.57054,0.56245583,0.54555106,0.5406052,0.54455423,0.56611305,0.55852604,0.5865241,0.5625932,0.57688254,0.56933826,0.5495912,0.552239,0.5700701,0.5543447,0.5609083,0.54657125,0.5551492,0.5724964,0.54727685,0.5597011,0.5665568,0.56044096,0.55325496,0.5598682,0.5812186,0.5727144,0.5652536,0.55920684,0.57605743,0.57232976,0.53805435,0.54846567,0.5778692,0.5655872,0.56824976,0.56062865,0.56240547,0.54601246,0.56026226,0.5686781,0.5606311,0.5642304,0.571833,0.554253,0.5901857,0.55041146,0.5293765,0.56682795,0.5604605,0.54758626,0.54744846,0.56613046,0.5596134,0.56624293,0.56177986,0.56339324,0.5433562,0.5688498,0.55049706,0.567197,0.5568449,0.5312233,0.5258961,0.5705588,0.5568875,0.56954396,0.55718017,0.5519494,0.5425606,0.58868206,0.5663303,0.5816635,0.563285,0.5678091,0.56010574,0.56105316,0.5579818,0.5398228,0.5505155,0.5588046,0.5539791,0.5475071,0.57839334,0.5588895,0.5829865,0.56194407,0.57113916,0.5715497,0.5550949,0.57308656,0.55237406,0.5811257,0.5573686,0.5869876,0.55041105,0.5777783,0.55374885,0.5589419,0.5745686,0.56720537,0.5737193,0.5916532,0.56695026,0.5641898,0.5577651,0.5873107,0.56285346,0.5545212,0.5441097,0.56344616,0.5565551,0.5613537,0.5643216,0.5593364,0.5409649,0.5513775,0.5497397,0.55350894,0.5584593,0.5797555,0.55005497,0.5572436,0.56915355,0.55571264,0.56309855,0.58491373,0.58243257,0.5701756,0.56477934,0.55999714,0.5704768,0.54743767,0.5580315,0.5656631,0.56611484,0.5550358,0.56277597,0.5677099,0.5559084,0.5929986,0.55273604,0.5647362,0.55765414,0.57465225,0.58173937,0.5694342,0.54902637,0.549207,0.5724638,0.57728916,0.5755691,0.58128685,0.5652208,0.5600022,0.5585329,0.5710572,0.5594289,0.5446946,0.5663899,0.56206566,0.55793345,0.5537773,0.567141,0.5589854,0.5826363,0.561455,0.5820156,0.56089056,0.55381054,0.552891,0.5755514,0.55831724,0.5679144,0.54273283,0.5604886,0.55783343,0.56207746,0.60281074,0.5601393,0.5810024,0.55194545,0.54559684,0.5585918,0.55756825,0.5732305,0.5806291,0.5739387,0.5692329,0.58086735,0.55838174,0.5566837,0.55570364,0.5848532,0.57305086,0.55972517,0.5556064,0.5567721,0.5692955,0.57306814,0.57319075,0.58332956,0.56698763,0.56780744,0.58077216,0.5629717,0.575067,0.54380083,0.5372415,0.57182735,0.55589277,0.5439509,0.5853728,0.5797389,0.56126547,0.57364446,0.5582698,0.54775834,0.5529693,0.5615528,0.5597443,0.5546261,0.5705289,0.58205664,0.5485789,0.54842657,0.5695009,0.55335057,0.5677669,0.5462303,0.56866574,0.55336964,0.55804044,0.5616318,0.54815567,0.5545343,0.5615193,0.5508304,0.55628824,0.5761407,0.5573477,0.56384605,0.57236046,0.55944204,0.55928695,0.5732172,0.56392527,0.5404739,0.5761569,0.5668393,0.5431838,0.58079827,0.5873882,0.55669236,0.5565766,0.5656111,0.5653498,0.561714,0.5626191,0.56493026,0.5741385,0.548963,0.5493622,0.5657254,0.5570241,0.59237236,0.5502042,0.5636098,0.53398055,0.559183,0.5529287,0.5652032,0.5654956,0.5655951,0.55709445,0.56621397,0.5688327,0.5721902,0.5718007,0.5779476,0.56741494,0.56003386,0.58000904,0.5656769,0.5678685,0.54088426,0.54662323,0.55260956,0.5790789,0.5570946,0.5873078,0.5544626,0.5787537,0.54858595,0.5691835,0.5703755,0.55284154,0.5608105,0.56359726,0.55294985,0.54312336,0.593328,0.53418046,0.57173824,0.5690206,0.5582877,0.5617113,0.56485564,0.5798933,0.5882317,0.57038,0.55403817,0.56925964,0.56975013,0.5406995,0.5497687,0.5500904,0.5340585,0.55623114,0.5708191,0.5653887,0.5786958,0.5677388,0.55383277,0.56959003,0.57321703,0.54431045,0.57794106,0.54797137,0.5428331,0.57652193,0.57449645,0.5561431,0.576272,0.5544236,0.5731758,0.54559255,0.5636124,0.5756208,0.59644186,0.5593741,0.57111835,0.5501558,0.5603803,0.5617257,0.5752018,0.5675045,0.553965,0.54672843,0.5650427,0.56034607,0.57887983,0.56054175,0.5483635,0.558369,0.57028824,0.5619445,0.55436873,0.5752057,0.5533793,0.5899453,0.56240493,0.58801943,0.55492026,0.56666225,0.55751354,0.54809666,0.5801627,0.54229885,0.5702288,0.5799618,0.57627654,0.5615321,0.57196856,0.5769451,0.5581425,0.56695616,0.58321196,0.5302233,0.550764,0.5513604,0.583834,0.58033687,0.57424486,0.5547502,0.5829437,0.56171155,0.56915206,0.5547621,0.5632848,0.5520869,0.563285,0.5579143,0.5785771,0.5482778,0.5672158,0.5676598,0.5866115,0.55317426,0.56770265,0.5725225,0.5889915,0.57388073,0.52747196,0.5621081,0.5500824,0.56056315,0.5411243,0.5698909,0.56537277,0.56151503,0.5569232,0.5813687,0.5657324,0.5522201,0.56197345,0.5689949,0.58475894,0.5753545,0.53764224,0.5635917,0.5784914,0.5520178,0.57150286,0.58688194,0.5557421,0.54616374,0.5770338,0.5804433,0.531808,0.5974533,0.5539871,0.55223304,0.55662,0.54902583,0.55677056,0.5696664,0.56074286,0.56975085,0.5608839,0.57754886,0.5518137,0.57229567,0.57320267,0.55449265,0.55208826,0.54510003,0.5362872,0.5485777,0.57725215,0.56685,0.54318,0.57489616,0.5656795,0.5494356,0.53111887,0.5809659,0.56078905,0.57449615,0.56158066,0.5600619,0.5635852,0.57660943,0.56787294,0.5729372,0.5662518,0.54132074,0.57789713,0.5635489,0.5581156,0.5543731,0.5641242,0.56913304,0.5569003,0.5762414,0.5588004,0.5684306,0.5571023,0.56335825,0.5650871,0.5346393,0.56326234,0.5715537,0.57407576,0.54708266,0.56390405,0.57280934,0.548053,0.55348045,0.5633949,0.56702393,0.57627696,0.56906193,0.5595918,0.5685501,0.5503901,0.57592094,0.54180914,0.59066117,0.5523475,0.56253624,0.5724561,0.5915746,0.56548005,0.55836093,0.5648163,0.5593278,0.57304037,0.5688627,0.5705588,0.55739933,0.5536405,0.5602101,0.55948585,0.56259465,0.56122184,0.53966945,0.54591465,0.55774015,0.5716988,0.56150806,0.5702933,0.53738,0.5671835,0.5622991,0.5730229,0.57245684,0.5574944,0.5526447,0.5668689
0.6753652,0.67110467,0.6955703,0.6568641,0.6782433,0.66311973,0.6670095,0.6876888,0.6671614,0.66523975,0.6625949,0.67259604,0.6888112,0.67821133,0.68326586,0.6733203,0.69786257,0.67049223,0.6807686,0.65463346,0.6574495,0.67026216,0.69218874,0.67938274,0.6637102,0.6714152,0.6862786,0.67119056,0.6768295,0.6697462,0.6646397,0.6848056,0.67002493,0.6646857,0.6674396,0.70453656,0.6761143,0.66066337,0.66154325,0.6813025,0.66826874,0.6777216,0.68502873,0.68166447,0.6888629,0.6719884,0.6755669,0.6616937,0.6706358,0.6832784,0.6787707,0.6774742,0.663944,0.6726727,0.66323733,0.67523813,0.67058635,0.6682654,0.68231374,0.66563284,0.7097255,0.6618721,0.66689765,0.6810362,0.69110096,0.7013122,0.6913561,0.69256216,0.68490386,0.6583553,0.6710186,0.662628,0.6675642,0.6702157,0.67496145,0.6884599,0.66602045,0.6872941,0.68208206,0.69070166,0.67936414,0.67478156,0.70075643,0.67833996,0.6696332,0.6645739,0.6725491,0.6819094,0.6527592,0.6782949,0.67536056,0.6892859,0.68527114,0.6654659,0.66843194,0.6733609,0.670876,0.68521506,0.7031714,0.6717976,0.68737006,0.6755719,0.6762573,0.6963677,0.6735169,0.6513409,0.6967002,0.649557,0.6662717,0.64641017,0.6804468,0.6687314,0.67331076,0.703083,0.67841476,0.65207225,0.69288737,0.671951,0.68098277,0.67594475,0.66652334,0.67734665,0.6857469,0.69611096,0.6769575,0.6715032,0.6654271,0.67212814,0.6622465,0.655091,0.6764228,0.6811125,0.6877774,0.6785057,0.6512149,0.67739224,0.6828398,0.6981587,0.6897699,0.67661846,0.6734736,0.6640776,0.6757665,0.668292,0.66740674,0.6770249,0.6514112,0.6731682,0.671686,0.6883598,0.67905855,0.6906877,0.6758226,0.6829754,0.67614037,0.69231033,0.67095584,0.6630388,0.68582296,0.6845154,0.69102985,0.65994537,0.6927267,0.67568773,0.65838104,0.69065815,0.68138367,0.6852673,0.69687325,0.6894709,0.67836523,0.6727737,0.68116796,0.68956375,0.6545497,0.6812046,0.6970049,0.67882663,0.6898189,0.67407006,0.69127434,0.6761358,0.6901909,0.67634743,0.66809607,0.67045724,0.6705315,0.68626404,0.6971861,0.6676638,0.67800725,0.6866963,0.6846539,0.6690407,0.67254186,0.6768245,0.6902792,0.6743393,0.68692225,0.68206567,0.65615433,0.675801,0.6649832,0.6865246,0.67088807,0.6620368,0.6851985,0.6693451,0.7007228,0.7007585,0.67876446,0.6699431,0.6954842,0.66232294,0.6539345,0.6752589,0.67450243,0.68446124,0.6832608,0.67696595,0.6597702,0.6842006,0.6575834,0.6846316,0.6778512,0.6720899,0.6718373,0.67431766,0.67734593,0.6868228,0.68560696,0.66136885,0.6753361,0.67316926,0.6760086,0.673744,0.6923905,0.6567144,0.6902887,0.6838501,0.67866385,0.6618128,0.68073094,0.67163664,0.68084425,0.6650253,0.67887557,0.70977396,0.6750692,0.6616703,0.6564144,0.7000313,0.6739055,0.67982966,0.66920877,0.6763404,0.6806448,0.68377525,0.67984194,0.67903936,0.68421394,0.6839092,0.68408686,0.68263,0.6522846,0.6906564,0.67892617,0.67588025,0.6916339,0.67012906,0.6582289,0.6813059,0.672173,0.6553364,0.6811403,0.6702467,0.6778412,0.65589607,0.6654504,0.6764956,0.6781279,0.6940021,0.682614,0.6850167,0.6803142,0.67094266,0.6636761,0.665706,0.6559759,0.660274,0.68136287,0.67253476,0.6709771,0.6728422,0.6834591,0.66941416,0.69694406,0.684678,0.6848847,0.67762184,0.6760592,0.67511714,0.69502866,0.6787687,0.68489206,0.6579222,0.66922367,0.68932176,0.6711627,0.6818175,0.6834362,0.66655594,0.67980105,0.69423157,0.6726419,0.6676256,0.67104286,0.6687452,0.67655915,0.65499365,0.67735577,0.660089,0.68595344,0.69091845,0.676013,0.67797345,0.6713995,0.6769464,0.68111265,0.670056,0.66801655,0.6874212,0.6764773,0.6450725,0.6902536,0.67669827,0.66580373,0.69872236,0.67449605,0.6920025,0.6877645,0.6969056,0.6757972,0.67450726,0.6719205,0.6633938,0.68145317,0.66341686,0.6744566,0.68571454,0.67357934,0.6738037,0.664343,0.6581372,0.67143625,0.6841388,0.6902666,0.70834017,0.6663838,0.67414755,0.67895997,0.6859675,0.6711131,0.6508748,0.69100267,0.6653875,0.6743407,0.671332,0.69083446,0.69198334,0.67122793,0.6657425,0.6693896,0.66311324,0.67759705,0.6805253,0.690602,0.6627669,0.6894689,0.6568014,0.68882895,0.68209386,0.66954947,0.6719458,0.6805681,0.6873478,0.6674392,0.6745779,0.68575585,0.676324,0.6892767,0.67561114,0.6859831,0.6657066,0.6831293,0.66305405,0.6934204,0.6733979,0.68203366,0.6734868,0.67289627,0.6850522,0.6905191,0.6837025,0.6834997,0.6622262,0.68121684,0.68083686,0.67013997,0.65228695,0.6806351,0.66555995,0.6892022,0.6726032,0.6818409,0.66950774,0.6900267,0.6888546,0.67334336,0.71168876,0.68883646,0.67590153,0.6820736,0.6588263,0.6760402,0.667179,0.67471325,0.6753488,0.6608464,0.6689734,0.66100836,0.6723242,0.668059,0.658701,0.66831803,0.67484397,0.6885647,0.65898055,0.67451626,0.6661022,0.6845495,0.6716845,0.6792302,0.6770467,0.6800198,0.6668731,0.6898502,0.6882401,0.6823124,0.671199,0.67818284,0.69663835,0.6659977,0.6571211,0.6770824,0.67859584,0.67925274,0.6724484,0.6796552,0.6746368,0.68053347,0.6752081,0.6670807,0.6824244,0.6712679,0.6639177,0.6725833,0.6845404,0.6638971,0.690363,0.680872,0.66888034,0.6641328,0.68869334,0.65957606,0.6749056,0.67945516,0.6786614,0.6561386,0.69956535,0.6802973,0.6750046,0.689576,0.68386567,0.65753615,0.69862473,0.65945935,0.6780585,0.6977615,0.6697371,0.66434044,0.64959645,0.68732554,0.6635142,0.669876,0.69276494,0.67487913,0.6688484,0.70277214,0.6752184,0.7039573,0.6942726,0.6739199,0.6866341,0.6793118,0.6524929,0.6931257,0.69520646,0.66212547,0.66526425,0.6826452,0.6774387,0.66315883,0.6931209,0.6728027,0.67747927,0.66585124,0.6880666,0.6747659,0.66940916,0.6707697,0.67006075,0.6661136,0.6668924,0.6865804,0.6701514,0.6737051,0.6945646,0.6636862,0.66519916,0.6843697,0.6560888,0.6720116,0.6671233,0.6784384,0.6660468,0.6782223,0.68042,0.6657868,0.6689976,0.69596463,0.66665626,0.7005428,0.68777394,0.6698497,0.65985656,0.6769545,0.684366,0.6586042,0.67976886,0.6750248,0.65667593,0.68940306,0.6741656,0.65464646,0.6798463,0.68024397,0.6872763,0.6802456,0.684705,0.686579,0.68780345,0.6777614,0.6832683,0.6718636,0.672084,0.669886,0.6800689,0.6783547,0.6886894,0.6784828,0.6741397,0.6773621,0.6633265,0.6650381,0.6724791,0.68315995,0.6669566,0.67597634,0.67798936,0.6767215,0.67478067,0.68176436,0.6986388,0.66973233,0.67794216,0.664081,0.6799637,0.6766673,0.6806661,0.6638242,0.6830476,0.6877727,0.68086874,0.6622266,0.6800397,0.67295927,0.6827775,0.6653121,0.6751227,0.69040734,0.67023957,0.66764796,0.6656498,0.6784369,0.67177916,0.67511475,0.69098663,0.6435242,0.7007813,0.6818534,0.66923517,0.701265,0.67831844,0.6889961,0.685998,0.66927946,0.686244,0.6840849,0.6729999,0.6680739,0.6901983,0.6629736,0.6759825,0.66906476,0.6785437,0.6773982,0.6749496,0.67863756,0.66246355,0.6835289,0.6772853,0.67253405,0.6780651,0.66226137,0.6832813,0.6664825,0.68497634,0.6732539,0.67248464,0.67697674,0.685464,0.67815745,0.68798834,0.66699964,0.68922025,0.67732745,0.6854059,0.6706551,0.68213487,0.6806303,0.69136584,0.6756697,0.68566406,0.6771094,0.6676292,0.7022649,0.68757,0.68907744,0.6941283,0.6484633,0.66438514,0.6915891,0.69962496,0.69123983,0.6788137,0.67812407,0.66162324,0.6822972,0.67095226,0.6983064,0.68841517,0.6972158,0.67688626,0.68431413,0.6731737,0.6849239,0.6739886,0.66615653,0.6530843,0.67388946,0.64769584,0.71108663,0.69422615,0.6823067,0.674014,0.6851499,0.6660462,0.67153996,0.6680375,0.6694888,0.6744533,0.6724987,0.6978358,0.67846596,0.6732048,0.70103437,0.68538064,0.67175806,0.6688965,0.67636067,0.68833447,0.68231875,0.6592508,0.65946203,0.6732803,0.6704271,0.6864015,0.6924764,0.663347,0.686325,0.6942192,0.6774786,0.66174155,0.68587184,0.69136983,0.6712575,0.6719464,0.6949958,0.6934501,0.6768865,0.6919575,0.704183,0.6763737,0.67365736,0.67714655,0.6820485,0.6890634,0.6744458,0.68656063,0.68901074,0.6691803,0.6645159,0.67285025,0.6677647,0.6809293,0.66527605,0.6976421,0.6610683,0.6859599,0.67873716,0.65751714,0.6687362,0.68243474,0.64612687,0.6871229,0.6794937,0.6818063,0.67578566,0.68991005,0.6638503,0.6726598,0.6818844,0.6818183,0.6743802,0.6646099,0.64873075,0.67142725,0.68739456,0.6784307,0.6799344,0.6784709,0.6786293,0.65001,0.65838635,0.6859347,0.6687623,0.680252,0.6805651,0.6732964,0.6608999,0.6989975,0.6731942,0.67246693,0.6830358,0.66049397,0.67463934,0.6708566,0.67400116,0.67880446,0.7120701,0.6839387,0.67412364,0.6829078,0.66964936,0.6543801,0.66248137,0.6691328,0.687683,0.6907373,0.68071926,0.672793,0.6627293,0.6672867,0.7084471,0.68553776,0.6732701,0.6725021,0.66886365,0.6730855,0.6675441,0.6741767,0.66955775,0.681582,0.6941542,0.68932235,0.6596344,0.68287504,0.6771526,0.6965786,0.6885758,0.69988567,0.6577854,0.6704653,0.68502295,0.6875163,0.7042872,0.6843218,0.69225353,0.6605745,0.68957293,0.6803581,0.69028807,0.6830178,0.65941507,0.6771703,0.67515707,0.6706998,0.66286117,0.6732721,0.6740905,0.6837994,0.67997205,0.6755537,0.68848455,0.6663131,0.6643423,0.66218144,0.6677235,0.67719984,0.6679577,0.684656,0.6544677,0.67208445,0.68582547,0.66790223,0.6922345,0.6731417,0.67579687,0.68935245,0.6744398,0.66339403,0.6894513,0.6832079,0.68236655,0.68109035,0.67911357,0.66692144,0.6798623,0.6766607,0.67533135,0.68220854,0.6671931,0.70695674,0.6791443,0.67819667,0.67443526,0.67828286,0.675283,0.6520696,0.70105666,0.69913054,0.6708808,0.6883819,0.6625869,0.67707527,0.65909404,0.6568357,0.6799889,0.6774231,0.6907239,0.6556299,0.6606917,0.669435,0.6664709,0.6767445,0.6720111,0.6928272,0.69647586,0.6704672,0.6660073,0.67112,0.6577188,0.68516487,0.6673246,0.6753728,0.6897474,0.6994582,0.6900786,0.6601437,0.67016107,0.6672018,0.683038,0.6629052,0.68082404,0.66955984,0.66948,0.67529535,0.6868101,0.66312337,0.6894387,0.65191674,0.6650814,0.6954101,0.6806467,0.6686897,0.6784061,0.6913115,0.6796874,0.6811926,0.6859558,0.6855486,0.658504,0.68628556,0.664769,0.64855695,0.6872116,0.6612975,0.66371876,0.6848765,0.68232304,0.6855715,0.6708707,0.6769555,0.7012156,0.6835236,0.6705535,0.66149485,0.65052134,0.67310447,0.6592033,0.67852914,0.68165773,0.68225193,0.6813485,0.66499054,0.66603893,0.6808304,0.66586953,0.6895481,0.67047006,0.66705304,0.6890111,0.6643677,0.66683704,0.6765783,0.67979264,0.6620123,0.6860641,0.6686119,0.67447954,0.69842327,0.6709136,0.6737968,0.6881938,0.6759647,0.688125,0.67036337,0.67170054,0.68032384,0.6828104,0.68072754,0.6950679,0.6681746,0.6710938,0.66753936,0.6684441,0.69031155,0.66906846,0.68555653,0.6690594,0.68207276,0.6755196,0.6907798,0.6828876,0.69178337,0.65645194,0.6909232,0.6897972,0.6686537,0.6670781,0.68298453,0.67201877,0.6741364,0.6854149,0.66750294,0.6745255,0.6666355,0.68593216,0.6740039
0.9199623,0.9218362,0.8998388,0.917225,0.9123617,0.9312076,0.89988595,0.92576075,0.9374264,0.9276794,0.92307526,0.9343464,0.93640774,0.9275578,0.9350141,0.9278564,0.90686744,0.90580404,0.90800864,0.91614634,0.9334997,0.9127236,0.9341852,0.9437048,0.94482267,0.9190389,0.9245381,0.9312873,0.910107,0.89492875,0.93429136,0.9132236,0.93086034,0.9277882,0.90928125,0.9624879,0.9286704,0.9306765,0.92008895,0.9346322,0.9146241,0.9237842,0.9146941,0.92794603,0.95168644,0.9063754,0.9285405,0.90795815,0.92794204,0.9385836,0.9300188,0.9079855,0.92629224,0.91471696,0.93293095,0.91407645,0.92929244,0.9259192,0.9360297,0.9298481,0.9204392,0.9221422,0.90652794,0.9455515,0.9254557,0.92015606,0.9333174,0.91394764,0.9273141,0.91686875,0.9113567,0.92578024,0.92608345,0.9185137,0.9216343,0.9282662,0.9379626,0.9354791,0.9290556,0.9329205,0.9327184,0.91495585,0.92635405,0.9200425,0.9262623,0.9328587,0.90310603,0.9086101,0.93303263,0.909838,0.9132789,0.9287768,0.92921805,0.90781355,0.9241944,0.92068267,0.8946038,0.9196047,0.934651,0.9309545,0.9289457,0.9201637,0.927438,0.93172055,0.9166812,0.9217228,0.9346462,0.93308467,0.9265708,0.9219024,0.9279437,0.93720573,0.9116861,0.9028321,0.91984695,0.9134698,0.9273215,0.9384307,0.91514397,0.93163997,0.9312556,0.9361499,0.9372507,0.92230606,0.9396835,0.90073633,0.91391444,0.9188299,0.9125748,0.925924,0.945785,0.9440787,0.9573968,0.9154278,0.9185024,0.9179521,0.92148584,0.9444043,0.9367107,0.91402155,0.92200303,0.9139689,0.9207971,0.9078624,0.93450123,0.9126419,0.9232104,0.9151502,0.93023145,0.9108982,0.9276886,0.9009358,0.90426195,0.94373477,0.9142063,0.94806504,0.9269326,0.9056197,0.90427506,0.9216557,0.91488314,0.9157364,0.9315313,0.9392258,0.91020054,0.93965477,0.91635233,0.93014807,0.9192417,0.92783856,0.921929,0.9298456,0.9258991,0.91013885,0.9081327,0.90669227,0.92544407,0.9359777,0.9128696,0.9217641,0.917956,0.9238461,0.9275297,0.9181039,0.93002874,0.93826956,0.92641705,0.94329244,0.9446998,0.91878235,0.904022,0.9129653,0.9323443,0.89887935,0.9139672,0.90170753,0.93790174,0.9210021,0.9229161,0.93852705,0.93278277,0.89643365,0.90008974,0.92634845,0.9332379,0.90223515,0.9208345,0.9033118,0.9145419,0.9187236,0.9437118,0.8915356,0.93542624,0.91713935,0.8995968,0.9292722,0.90077,0.9224151,0.9551173,0.9157216,0.91768855,0.91362834,0.9144336,0.9311858,0.9262099,0.8985573,0.9284686,0.92469436,0.9134911,0.9033388,0.95484686,0.91680914,0.9271301,0.9366035,0.9207265,0.92781675,0.951155,0.92747587,0.89517134,0.9301476,0.92371345,0.9093631,0.9104767,0.9137307,0.9180085,0.9219639,0.92070544,0.91561645,0.94544345,0.91906977,0.92501396,0.9437395,0.9220894,0.91902304,0.9099565,0.925335,0.94293404,0.9304181,0.9152737,0.93422043,0.92085135,0.9290624,0.9367102,0.9464026,0.9195593,0.9122101,0.9231159,0.931988,0.9330325,0.9237833,0.9607639,0.9229865,0.9027143,0.8962993,0.9190787,0.89731723,0.928765,0.9148837,0.92680496,0.93731767,0.9215925,0.9106802,0.91917783,0.9099283,0.94258434,0.91254425,0.9043235,0.91909844,0.90053236,0.9222524,0.92807615,0.9167243,0.9152606,0.93377286,0.8979725,0.9179979,0.93611956,0.93435496,0.905283,0.8937203,0.9228327,0.9133755,0.91964173,0.91509074,0.9529151,0.9227119,0.90170705,0.9209637,0.91528445,0.90481937,0.9276239,0.9221273,0.9267289,0.9355285,0.9132626,0.91474843,0.9458357,0.92211,0.89899325,0.944099,0.9171931,0.9254843,0.9230533,0.9301775,0.92070585,0.91868913,0.9133388,0.92817664,0.9338128,0.91093856,0.94542754,0.92596275,0.91808224,0.941089,0.9396208,0.91159344,0.9330855,0.90824294,0.93795073,0.93326867,0.9286697,0.9246755,0.91782725,0.93644124,0.9244873,0.9004192,0.95535344,0.94828165,0.9159723,0.92901117,0.9312918,0.9286921,0.9152315,0.88430876,0.9253918,0.9446343,0.9150325,0.93818474,0.9254126,0.91270137,0.93809414,0.91291064,0.92542386,0.9378651,0.9234222,0.90417814,0.9237037,0.9270044,0.9528388,0.91485596,0.9159834,0.94056857,0.94362843,0.9222861,0.9119733,0.9488861,0.9010362,0.8988446,0.9135159,0.91407484,0.9294418,0.91763234,0.9211939,0.92215514,0.9116444,0.9258119,0.9212532,0.94244456,0.91973716,0.89466614,0.91898364,0.90903634,0.9210172,0.9171177,0.9173191,0.9107536,0.9276389,0.9180998,0.91464525,0.9197276,0.9104893,0.9295028,0.9205132,0.9300558,0.93346286,0.9303536,0.9120359,0.94108737,0.9238789,0.9134664,0.9297964,0.9200749,0.899863,0.94343007,0.91859704,0.92373466,0.92224306,0.9452312,0.9298163,0.9281627,0.9280232,0.9141288,0.9187452,0.89010173,0.93452173,0.9432172,0.9151223,0.93021435,0.9287971,0.9083283,0.91816294,0.94110626,0.9169128,0.9067659,0.9268292,0.9184569,0.9104156,0.91963226,0.91917235,0.9412241,0.9018598,0.9293943,0.93878376,0.91924775,0.9272205,0.93208224,0.93007225,0.92585397,0.9357071,0.89638805,0.9011969,0.92051554,0.9284474,0.903974,0.9355843,0.93177456,0.9280198,0.93664026,0.9242325,0.922995,0.9133798,0.9281741,0.9338196,0.9202564,0.95482105,0.9178488,0.91861635,0.9278592,0.93316865,0.92914444,0.905346,0.91575944,0.8885371,0.9300165,0.9237659,0.91322017,0.93548644,0.94315034,0.9063751,0.91953355,0.92634714,0.9246181,0.9495933,0.93608075,0.90800536,0.9067168,0.9211834,0.9174984,0.9250534,0.92340535,0.9302364,0.9330794,0.95844775,0.93091744,0.93734074,0.9499332,0.9446509,0.92170906,0.9510464,0.9187694,0.93469,0.93158317,0.9238808,0.9294399,0.9255197,0.9151139,0.92499727,0.9414347,0.94321764,0.91479266,0.9215232,0.9320697,0.92657036,0.9117602,0.91805094,0.9473778,0.9242461,0.94659525,0.9439875,0.93346566,0.92338246,0.9249796,0.91243625,0.89653754,0.9169249,0.9159868,0.9203907,0.9252671,0.9251591,0.9236029,0.907152,0.9025022,0.9202826,0.9226144,0.8998151,0.89328843,0.928842,0.9417142,0.9192973,0.92567784,0.93634737,0.9004004,0.94527084,0.92432654,0.9470777,0.9205588,0.91118306,0.9125602,0.9217176,0.92298895,0.94202954,0.9092585,0.935106,0.9347937,0.91690874,0.9306242,0.93145406,0.9347167,0.92727256,0.899339,0.93683124,0.9238312,0.92343783,0.90625376,0.9340878,0.9235966,0.92926586,0.91426814,0.9238021,0.9364317,0.93531376,0.9256706,0.9522927,0.9137407,0.90535444,0.91320366,0.9270217,0.9506192,0.9228351,0.9080249,0.91283035,0.9122826,0.9165537,0.9227574,0.9117091,0.91098166,0.9035046,0.9469938,0.9234756,0.90222675,0.9294685,0.9201109,0.9064113,0.9235987,0.9307649,0.9255641,0.9236535,0.9242734,0.9023749,0.9510355,0.9284477,0.9350363,0.93587863,0.89572823,0.9350676,0.9167905,0.9220205,0.9004741,0.9046849,0.92088556,0.9206651,0.90453905,0.93001884,0.91959137,0.9197908,0.91214806,0.92336196,0.93733925,0.9235078,0.9495769,0.92742914,0.90074384,0.9034046,0.9238072,0.9214465,0.92594135,0.946278,0.8745691,0.9121027,0.9170211,0.9100109,0.9125908,0.9003971,0.92374384,0.9457152,0.9337177,0.92613983,0.9419488,0.922337,0.9327563,0.9271134,0.92756677,0.9574744,0.9184388,0.91204876,0.9431737,0.92415124,0.9389271,0.9315008,0.9288388,0.93283355,0.9340935,0.9312933,0.91282636,0.92643535,0.92753243,0.93096584,0.94172394,0.9320589,0.93359363,0.9153651,0.90882117,0.92759633,0.9557669,0.9395386,0.9201717,0.9200203,0.9273041,0.90388256,0.92776704,0.9486246,0.9442067,0.9243902,0.93406224,0.91627955,0.9265842,0.8937068,0.9093749,0.95348847,0.8987357,0.9141135,0.88225603,0.93441886,0.9276976,0.93430513,0.9201219,0.9284389,0.94137305,0.9216965,0.93698883,0.91675425,0.91856194,0.94369066,0.9216592,0.9197148,0.91404426,0.9278245,0.925617,0.93245965,0.9170789,0.91000813,0.9174221,0.923789,0.927292,0.90835243,0.93266326,0.92173773,0.91205144,0.9174753,0.8984287,0.92436886,0.92550284,0.9252392,0.92218715,0.9078931,0.94040585,0.9218793,0.91623175,0.9283138,0.92758405,0.9138787,0.92337704,0.9350895,0.9110653,0.93482345,0.93397194,0.92050433,0.9144205,0.9121244,0.9274761,0.94682705,0.9142581,0.92711866,0.9594749,0.93384475,0.9142931,0.9119538,0.93413013,0.9141136,0.91373134,0.9298843,0.9145897,0.9158724,0.9440472,0.9224219,0.9175446,0.92001,0.9439013,0.92974424,0.92711276,0.91407627,0.92773205,0.9254937,0.9249428,0.93596625,0.92877525,0.9354929,0.9345437,0.9298718,0.9332165,0.93440527,0.9359661,0.90976715,0.92424846,0.92232376,0.94088894,0.9198086,0.91942215,0.91702026,0.9148079,0.93081254,0.9509763,0.9281857,0.9256742,0.92253655,0.9299704,0.93310624,0.9161938,0.93746257,0.9158777,0.9358616,0.9189655,0.92867583,0.9294342,0.9137165,0.9036536,0.94102526,0.9057971,0.9163757,0.9227218,0.934035,0.89932036,0.92099476,0.94811976,0.95606613,0.9170857,0.9355817,0.9155861,0.9431201,0.9200379,0.92849904,0.92799574,0.9172264,0.90917295,0.9249251,0.9333652,0.9152622,0.92217124,0.90909296,0.92110676,0.91406333,0.9370827,0.9165592,0.9368332,0.92902523,0.92660534,0.9264195,0.92977285,0.93903685,0.9307842,0.9108819,0.9253557,0.93204576,0.9194572,0.9263089,0.9347165,0.93008083,0.91744375,0.925766,0.8880254,0.92699224,0.9246415,0.91798824,0.92215985,0.9246879,0.92095137,0.93419635,0.92918605,0.9154488,0.93731093,0.8972584,0.90427953,0.9153546,0.8984637,0.92253727,0.9130432,0.9310243,0.9198727,0.9203024,0.9320587,0.8983631,0.9219555,0.9133864,0.9320561,0.91534317,0.92715526,0.9188255,0.9061436,0.93337786,0.91837794,0.91364044,0.94155025,0.9109107,0.931591,0.9094885,0.953843,0.9278375,0.9429789,0.9190536,0.929764,0.92694145,0.9486227,0.9239614,0.9229009,0.9094947,0.9011737,0.91296875,0.91418254,0.90787864,0.9269016,0.9153286,0.91148615,0.93954533,0.9270433,0.91507983,0.9265534,0.91849405,0.95555484,0.95105594,0.89405817,0.9159164,0.93667203,0.91972834,0.90975827,0.9177179,0.9397271,0.9389837,0.9281236,0.92506504,0.9310985,0.93999565,0.9140612,0.9100664,0.9147654,0.9333212,0.914894,0.93566096,0.9296142,0.91821504,0.9298487,0.9288619,0.9230131,0.93697745,0.94468725,0.9215456,0.89998406,0.9284309,0.92225784,0.9240896,0.92872715,0.92960876,0.9126701,0.92878544,0.9378326,0.92504966,0.9040346,0.9261012,0.9169938,0.93061626,0.9095637,0.925026,0.9148703,0.9520395,0.91193134,0.90148044,0.9123131,0.92307866,0.9339726,0.93939745,0.9056954,0.9104641,0.9271813,0.9187315,0.93997884,0.931364,0.8927529,0.9120551,0.91694003,0.9160636,0.9165476,0.90783405,0.91056776,0.9410269,0.91863286,0.92199165,0.9311216,0.94574416,0.9123537,0.91013455,0.9144671,0.9192489,0.9369921,0.92298913,0.91049796,0.9143043,0.91037303,0.924747,0.90845907,0.9204544,0.9256239,0.95091856,0.9185437,0.9491248,0.93993926,0.92586184,0.92951626,0.92104465,0.92548084,0.9133266,0.93090624,0.93013704,0.91954356,0.9159374,0.9111753,0.93119466,0.9377971,0.9091784,0.9081619,0.9528032,0.9127059,0.9236247,0.9427393,0.9206361,0.93241316,0.9210522,0.9229335,0.92043126,0.9298893,0.9420877,0.91919196
0.81987965,0.8147427,0.81127137,0.8145017,0.8233666,0.81696075,0.7914702,0.80064255,0.79709715,0.81820166,0.8171102,0.82170695,0.8294176,0.811418,0.82459635,0.82369703,0.8214728,0.8105738,0.8084862,0.8259547,0.81855625,0.8036309,0.81194365,0.8247913,0.8261597,0.81627876,0.82948583,0.7992504,0.8064344,0.8172893,0.8215682,0.79544383,0.83051264,0.83578855,0.80219203,0.827054,0.81753725,0.83724296,0.8020885,0.8181711,0.81219256,0.805673,0.81119794,0.82109797,0.84753907,0.81700146,0.8241706,0.82611465,0.8191486,0.8332925,0.8066498,0.8148634,0.8330897,0.82122076,0.81102246,0.8119557,0.8015463,0.8203145,0.82759476,0.81614965,0.8115689,0.8266666,0.7818683,0.8467103,0.8325254,0.7974637,0.81764907,0.82293415,0.8168378,0.7845198,0.82003784,0.83383226,0.793909,0.80996245,0.81103945,0.81481117,0.8338176,0.8406901,0.82812285,0.82553077,0.8297986,0.81471324,0.81142014,0.8092476,0.8183902,0.8242242,0.8088115,0.8158218,0.8183278,0.80651486,0.82478225,0.8269353,0.82104266,0.7932661,0.8158782,0.8069902,0.8083713,0.7935632,0.83934885,0.7999088,0.8392262,0.8225702,0.8267162,0.8120925,0.827575,0.7995857,0.8147254,0.8012355,0.8181256,0.8254307,0.8080872,0.8097455,0.8340827,0.80832726,0.8142468,0.8091205,0.8095396,0.84729284,0.8160196,0.82340705,0.83229935,0.81945926,0.82272696,0.81717867,0.82802206,0.8063625,0.8268043,0.8141666,0.7928137,0.8231166,0.8191076,0.8245889,0.82682014,0.8088997,0.79933393,0.79257905,0.83065844,0.8430301,0.8314289,0.82766736,0.8192794,0.8146459,0.7999081,0.82264805,0.8173496,0.8123576,0.8151558,0.80385494,0.8185711,0.8193782,0.83206576,0.81274277,0.81622237,0.8329402,0.8280569,0.8373324,0.8245016,0.81181407,0.82048094,0.81206924,0.7966894,0.81856614,0.82119954,0.83590585,0.80351216,0.8597663,0.8262138,0.8187467,0.81511575,0.81945944,0.81612825,0.82491523,0.81426036,0.80891085,0.809214,0.79848653,0.81908464,0.80914617,0.8050207,0.8114411,0.7963645,0.81232685,0.804111,0.8273625,0.82727116,0.82180357,0.82022256,0.8358138,0.84827745,0.8182227,0.80133873,0.81462544,0.81154984,0.8168692,0.8156626,0.77813905,0.83102095,0.8059102,0.8246154,0.8299123,0.83433163,0.8019711,0.813572,0.81776524,0.825733,0.8010755,0.80742687,0.8283732,0.8058432,0.8273069,0.8385188,0.7963532,0.8157692,0.8299709,0.8234255,0.81598973,0.8088563,0.8052818,0.83882797,0.80645794,0.8053449,0.80989164,0.7926737,0.84511447,0.8186531,0.80615115,0.8391266,0.80581224,0.8071402,0.8254619,0.82795006,0.8153431,0.82337767,0.8150485,0.8000044,0.82786304,0.82524735,0.80838627,0.8024671,0.80275285,0.81236887,0.8055567,0.7900367,0.8163721,0.8284423,0.8233498,0.81408286,0.8335324,0.8220782,0.8148104,0.82171357,0.83335215,0.81781185,0.7940408,0.83266205,0.815976,0.8429787,0.8218557,0.80447525,0.83030987,0.8153868,0.83171237,0.8259907,0.8349444,0.80240464,0.79870784,0.82335633,0.82642406,0.82501256,0.808745,0.84605205,0.8096381,0.7994851,0.81066906,0.8033916,0.80287576,0.82411665,0.79649764,0.8033559,0.8252284,0.8112532,0.80173296,0.8122332,0.8077237,0.8345361,0.8048332,0.8099719,0.8175929,0.8025751,0.82352024,0.8162084,0.81447685,0.8000966,0.83279,0.81331235,0.81757814,0.8185403,0.8158638,0.8136707,0.8045701,0.8158103,0.804138,0.8214267,0.8126517,0.82782537,0.8279461,0.8057996,0.81012297,0.79489535,0.81789494,0.8136677,0.8188677,0.81771725,0.8212618,0.8283416,0.80970937,0.8332603,0.8080408,0.8079152,0.8298434,0.8005658,0.8222971,0.80301166,0.8265117,0.823103,0.82856536,0.83034074,0.81011033,0.8206588,0.80525064,0.8121159,0.8243277,0.8190631,0.80926,0.82949454,0.8170235,0.8198342,0.80563974,0.82282174,0.8230511,0.82048017,0.8060147,0.80214334,0.8306165,0.837234,0.81592166,0.8324502,0.85007346,0.8214932,0.8381215,0.82385325,0.83453286,0.78985,0.8040967,0.8208445,0.81840056,0.8112219,0.82921875,0.81742924,0.8079987,0.8460852,0.8152458,0.82246405,0.8262617,0.831794,0.8136548,0.81512195,0.8225632,0.835144,0.81361306,0.81422526,0.83040494,0.81638676,0.82470685,0.8199164,0.83438164,0.8033408,0.7921146,0.8032312,0.80337805,0.80654156,0.81468964,0.8107833,0.8014603,0.7973178,0.8150598,0.8006148,0.81487596,0.79956734,0.8015297,0.8086176,0.81909835,0.8150841,0.8295635,0.8217489,0.7923136,0.8196434,0.8128687,0.8077515,0.8318068,0.8150284,0.8181694,0.83824676,0.83233017,0.8311303,0.81128496,0.8090622,0.8415911,0.8268554,0.80763865,0.81698734,0.816972,0.81890273,0.8172985,0.7918296,0.8208517,0.8331759,0.84338206,0.8256149,0.8284973,0.81521726,0.8087361,0.82565695,0.7962169,0.814779,0.82164365,0.8082256,0.8083459,0.8283984,0.8181707,0.80117494,0.83346546,0.8031292,0.80110073,0.82524693,0.8154339,0.79468244,0.8253205,0.8167603,0.8203073,0.8088622,0.8299571,0.8323616,0.818943,0.813375,0.8214252,0.8303165,0.8352397,0.8341707,0.8016213,0.79852355,0.80707926,0.82326657,0.79795504,0.8107936,0.8157764,0.8170816,0.83498436,0.8195268,0.81869996,0.82347107,0.7988624,0.82593274,0.8187398,0.81099415,0.79982215,0.8134938,0.8205991,0.8294554,0.83340734,0.8190305,0.8090396,0.8021596,0.8190364,0.7947081,0.80528706,0.8108535,0.83137685,0.8126406,0.8156431,0.8317196,0.8071386,0.8117261,0.830469,0.8280423,0.79365885,0.8070043,0.8086247,0.8266264,0.8174354,0.83008283,0.825764,0.83389556,0.8200313,0.8206545,0.8224425,0.8275561,0.8111277,0.84787124,0.8156615,0.8420619,0.8023398,0.8045381,0.8247667,0.8260009,0.80340874,0.8182922,0.8155776,0.8565625,0.80048656,0.8128643,0.8298538,0.7981089,0.82206136,0.8326173,0.8329115,0.82912815,0.83177567,0.84508,0.8259677,0.83172715,0.8156564,0.79156154,0.81156224,0.79519594,0.7952827,0.8296957,0.81446725,0.8070774,0.8150015,0.8051257,0.8011786,0.80719477,0.8097542,0.805972,0.8017104,0.83985984,0.8372334,0.8149328,0.81730795,0.8220581,0.79381776,0.8504899,0.83500355,0.83372,0.8222903,0.8060037,0.82287705,0.8273701,0.81217825,0.8316887,0.7997383,0.8240975,0.8268412,0.8052335,0.817531,0.8191437,0.8187777,0.8092973,0.78884786,0.8400837,0.81955075,0.8118424,0.81133914,0.82251453,0.84032893,0.8329047,0.8005758,0.83064806,0.82329166,0.82574445,0.83170944,0.8446495,0.8200585,0.8092126,0.8154838,0.7991828,0.8229994,0.8193524,0.8191658,0.8236622,0.81633246,0.82548386,0.8006199,0.8159855,0.79970634,0.8211744,0.8227391,0.8226086,0.81783974,0.82182574,0.8276929,0.8131311,0.8235873,0.84302986,0.81327325,0.82149875,0.8230359,0.8020208,0.8352327,0.8130355,0.8367556,0.8106795,0.79803836,0.83148676,0.80394125,0.80258095,0.80417466,0.8026268,0.81925905,0.82144874,0.81223476,0.80854905,0.80478764,0.794055,0.8171819,0.80486727,0.83317924,0.80526423,0.82382727,0.82086384,0.8126232,0.79850817,0.817755,0.7921009,0.81663704,0.8282695,0.7996817,0.7995131,0.8197906,0.82069725,0.8294832,0.7920102,0.8548128,0.82847834,0.83629525,0.8083442,0.825612,0.81996053,0.81748986,0.8358116,0.8327132,0.83045876,0.8170208,0.8039875,0.8206763,0.8242178,0.8192267,0.84400636,0.81991327,0.8166435,0.8321501,0.8344158,0.8181994,0.8063064,0.82643896,0.8235566,0.82898784,0.8173596,0.8392264,0.82022476,0.80972916,0.8032197,0.8381579,0.81589365,0.82586014,0.81873316,0.80349946,0.81295437,0.83372694,0.8186714,0.837348,0.83753854,0.79080063,0.818845,0.83842087,0.79508793,0.7981165,0.8216584,0.8135348,0.8155626,0.77443314,0.8313545,0.8200714,0.8180152,0.82038504,0.8236688,0.82754534,0.8218033,0.83163416,0.7936072,0.82467526,0.81532866,0.8247744,0.8119505,0.81426793,0.83019894,0.82010555,0.84831333,0.8161266,0.8075389,0.8138006,0.8027351,0.8227679,0.78676534,0.8205763,0.82550174,0.80707914,0.80243874,0.8108884,0.83275425,0.81283265,0.8344854,0.8147949,0.7977967,0.8285532,0.82445794,0.8045136,0.8070528,0.80560267,0.8172205,0.8139677,0.8227442,0.8239206,0.79884595,0.82720053,0.80793124,0.8124574,0.8035109,0.81572235,0.8297797,0.8020485,0.80668014,0.84346837,0.8323209,0.812697,0.79610294,0.8145285,0.7993585,0.8110797,0.81368124,0.81974655,0.82065564,0.83000183,0.8310216,0.8250872,0.8115066,0.80999297,0.81533736,0.820925,0.8235284,0.8082126,0.8078805,0.8291851,0.8273397,0.806323,0.8092204,0.81806195,0.82168376,0.79928285,0.8272119,0.8367662,0.81220746,0.81213236,0.82264537,0.84031945,0.816588,0.814512,0.80705607,0.81327784,0.8126977,0.8351097,0.82508785,0.8157729,0.7965293,0.81402594,0.8227896,0.8097176,0.8278792,0.8269709,0.82975477,0.82216525,0.81831616,0.82095253,0.80491847,0.794157,0.811458,0.78848046,0.8088269,0.8208267,0.8332757,0.82162535,0.82119304,0.8435881,0.8398305,0.8224985,0.823063,0.81677735,0.8362538,0.8068287,0.8155724,0.8031261,0.8246601,0.8059923,0.82857704,0.84020686,0.8226428,0.8001101,0.7903894,0.83080703,0.81441563,0.84207577,0.8191769,0.8175706,0.8245417,0.82702315,0.8224218,0.81324637,0.83722,0.8041773,0.80546,0.8206971,0.8292517,0.8263094,0.8165607,0.83215666,0.81732655,0.81509995,0.81708133,0.81587166,0.8048789,0.81150967,0.8308093,0.8337655,0.8144734,0.81525993,0.81370986,0.80398893,0.8177285,0.80484736,0.8057644,0.79089946,0.8233977,0.8014648,0.8374243,0.8159049,0.8454852,0.8021768,0.8247603,0.80433,0.7834751,0.8321922,0.8140215,0.8460798,0.82521963,0.8218059,0.83733326,0.8102069,0.8259459,0.81287676,0.8125895,0.8195065,0.8073972,0.83216953,0.8010043,0.81878346,0.82111573,0.8265267,0.82705265,0.82393295,0.82896334,0.85774046,0.801525,0.8204839,0.81081784,0.8076415,0.83177525,0.81196654,0.82838273,0.8167928,0.8190942,0.8269389,0.8374684,0.8419758,0.8279258,0.8079231,0.80937856,0.83867705,0.8141082,0.81583905,0.8162465,0.8283549,0.7918269,0.81717646,0.8107733,0.81472665,0.81005025,0.81769013,0.8289489,0.81842273,0.8165808,0.83315974,0.8146553,0.8072302,0.8254254,0.7886186,0.8253245,0.83290607,0.8207959,0.8094324,0.8138231,0.8129126,0.83273333,0.84279656,0.83453435,0.7983598,0.8257097,0.8147902,0.7922476,0.83587766,0.83589274,0.8240618,0.8169157,0.8200119,0.8128034,0.7956275,0.8102036,0.8018775,0.8258431,0.80376065,0.8107046,0.80893654,0.83386946,0.8096724,0.8177724,0.81266403,0.7991068,0.814947,0.813651,0.8178249,0.81186146,0.8255401,0.80741155,0.8131566,0.8149237,0.80768096,0.7966129,0.79947776,0.81634873,0.82633865,0.78951377,0.8159585,0.8275826,0.79976004,0.8151854,0.81075937,0.828733,0.81049496,0.8138238,0.8257638,0.82548136,0.82491696,0.8322914,0.80809045,0.81009525,0.80612737,0.82265174,0.7957499,0.81370026,0.8224688,0.84303826,0.8301455,0.8373784,0.8308112,0.831134,0.82595956,0.81455654,0.82492375,0.804667,0.8207867,0.8078876,0.8075474,0.81393677,0.8129289,0.81925017,0.8280456,0.80521935,0.81665725,0.81225693,0.8200033,0.81095564,0.822135,0.80788934,0.8174059,0.8205803,0.82806295,0.82606083,0.833822,0.8311129,0.816905
0.0,0.0,0.0,0.0,0.0,0.0,0.0,0.0,0.0,0.0,0.0,0.0,0.0,0.0,0.0,0.0,0.0,0.0,0.0,0.0,0.0,0.0,0.0,0.0,0.0,0.0,0.0,0.0,0.0,0.0,0.0,0.0,0.0,0.0,0.0,0.0,0.0,0.0,0.0,0.0,0.0,0.0,0.0,0.0,0.0,0.0,0.0,0.0,0.0,0.0,0.0,0.0,0.0,0.0,0.0,0.0,0.0,0.0,0.0,0.0,0.0,0.0,0.0,0.0,0.0,0.0,0.0,0.0,0.0,0.0,0.0,0.0,0.0,0.0,0.0,0.0,0.0,0.0,0.0,0.0,0.0,0.0,0.0,0.0,0.0,0.0,0.0,0.0,0.0,0.0,0.0,0.0,0.0,0.0,0.0,0.0,0.0,0.0,0.0,0.0,0.0,0.0,0.0,0.0,0.0,0.0,0.0,0.0,0.0,0.0,0.0,0.0,0.0,0.0,0.0,0.0,0.0,0.0,0.0,0.0,0.0,0.0,0.0,0.0,0.0,0.0,0.0,0.0,0.0,0.0,0.0,0.0,0.0,0.0,0.0,0.0,0.0,0.0,0.0,0.0,0.0,0.0,0.0,0.0,0.0,0.0,0.0,0.0,0.0,0.0,0.0,0.0,0.0,0.0,0.0,0.0,0.0,0.0,0.0,0.0,0.0,0.0,0.0,0.0,0.0,0.0,0.0,0.0,0.0,0.0,0.0,0.0,0.0,0.0,0.0,0.0,0.0,0.0,0.0,0.0,0.0,0.0,0.0,0.0,0.0,0.0,0.0,0.0,0.0,0.0,0.0,0.0,0.0,0.0,0.0,0.0,0.0,0.0,0.0,0.0,0.0,0.0,0.0,0.0,0.0,0.0,0.0,0.0,0.0,0.0,0.0,0.0,0.0,0.0,0.0,0.0,0.0,0.0,0.0,0.0,0.0,0.0,0.0,0.0,0.0,0.0,0.0,0.0,0.0,0.0,0.0,0.0,0.0,0.0,0.0,0.0,0.0,0.0,0.0,0.0,0.0,0.0,0.0,0.0,0.0,0.0,0.0,0.0,0.0,0.0,0.0,0.0,0.0,0.0,0.0,0.0,0.0,0.0,0.0,0.0,0.0,0.0,0.0,0.0,0.0,0.0,0.0,0.0,0.0,0.0,0.0,0.0,0.0,0.0,0.0,0.0,0.0,0.0,0.0,0.0,0.0,0.0,0.0,0.0,0.0,0.0,0.0,0.0,0.0,0.0,0.0,0.0,0.0,0.0,0.0,0.0,0.0,0.0,0.0,0.0,0.0,0.0,0.0,0.0,0.0,0.0,0.0,0.0,0.0,0.0,0.0,0.0,0.0,0.0,0.0,0.0,0.0,0.0,0.0,0.0,0.0,0.0,0.0,0.0,0.0,0.0,0.0,0.0,0.0,0.0,0.0,0.0,0.0,0.0,0.0,0.0,0.0,0.0,0.0,0.0,0.0,0.0,0.0,0.0,0.0,0.0,0.0,0.0,0.0,0.0,0.0,0.0,0.0,0.0,0.0,0.0,0.0,0.0,0.0,0.0,0.0,0.0,0.0,0.0,0.0,0.0,0.0,0.0,0.0,0.0,0.0,0.0,0.0,0.0,0.0,0.0,0.0,0.0,0.0,0.0,0.0,0.0,0.0,0.0,0.0,0.0,0.0,0.0,0.0,0.0,0.0,0.0,0.0,0.0,0.0,0.0,0.0,0.0,0.0,0.0,0.0,0.0,0.0,0.0,0.0,0.0,0.0,0.0,0.0,0.0,0.0,0.0,0.0,0.0,0.0,0.0,0.0,0.0,0.0,0.0,0.0,0.0,0.0,0.0,0.0,0.0,0.0,0.0,0.0,0.0,0.0,0.0,0.0,0.0,0.0,0.0,0.0,0.0,0.0,0.0,0.0,0.0,0.0,0.0,0.0,0.0,0.0,0.0,0.0,0.0,0.0,0.0,0.0,0.0,0.0,0.0,0.0,0.0,0.0,0.0,0.0,0.0,0.0,0.0,0.0,0.0,0.0,0.0,0.0,0.0,0.0,0.0,0.0,0.0,0.0,0.0,0.0,0.0,0.0,0.0,0.0,0.0,0.0,0.0,0.0,0.0,0.0,0.0,0.0,0.0,0.0,0.0,0.0,0.0,0.0,0.0,0.0,0.0,0.0,0.0,0.0,0.0,0.0,0.0,0.0,0.0,0.0,0.0,0.0,0.0,0.0,0.0,0.0,0.0,0.0,0.0,0.0,0.0,0.0,0.0,0.0,0.0,0.0,0.0,0.0,0.0,0.0,0.0,0.0,0.0,0.0,0.0,0.0,0.0,0.0,0.0,0.0,0.0,0.0,0.0,0.0,0.0,0.0,0.0,0.0,0.0,0.0,0.0,0.0,0.0,0.0,0.0,0.0,0.0,0.0,0.0,0.0,0.0,0.0,0.0,0.0,0.0,0.0,0.0,0.0,0.0,0.0,0.0,0.0,0.0,0.0,0.0,0.0,0.0,0.0,0.0,0.0,0.0,0.0,0.0,0.0,0.0,0.0,0.0,0.0,0.0,0.0,0.0,0.0,0.0,0.0,0.0,0.0,0.0,0.0,0.0,0.0,0.0,0.0,0.0,0.0,0.0,0.0,0.0,0.0,0.0,0.0,0.0,0.0,0.0,0.0,0.0,0.0,0.0,0.0,0.0,0.0,0.0,0.0,0.0,0.0,0.0,0.0,0.0,0.0,0.0,0.0,0.0,0.0,0.0,0.0,0.0,0.0,0.0,0.0,0.0,0.0,0.0,0.0,0.0,0.0,0.0,0.0,0.0,0.0,0.0,0.0,0.0,0.0,0.0,0.0,0.0,0.0,0.0,0.0,0.0,0.0,0.0,0.0,0.0,0.0,0.0,0.0,0.0,0.0,0.0,0.0,0.0,0.0,0.0,0.0,0.0,0.0,0.0,0.0,0.0,0.0,0.0,0.0,0.0,0.0,0.0,0.0,0.0,0.0,0.0,0.0,0.0,0.0,0.0,0.0,0.0,0.0,0.0,0.0,0.0,0.0,0.0,0.0,0.0,0.0,0.0,0.0,0.0,0.0,0.0,0.0,0.0,0.0,0.0,0.0,0.0,0.0,0.0,0.0,0.0,0.0,0.0,0.0,0.0,0.0,0.0,0.0,0.0,0.0,0.0,0.0,0.0,0.0,0.0,0.0,0.0,0.0,0.0,0.0,0.0,0.0,0.0,0.0,0.0,0.0,0.0,0.0,0.0,0.0,0.0,0.0,0.0,0.0,0.0,0.0,0.0,0.0,0.0,0.0,0.0,0.0,0.0,0.0,0.0,0.0,0.0,0.0,0.0,0.0,0.0,0.0,0.0,0.0,0.0,0.0,0.0,0.0,0.0,0.0,0.0,0.0,0.0,0.0,0.0,0.0,0.0,0.0,0.0,0.0,0.0,0.0,0.0,0.0,0.0,0.0,0.0,0.0,0.0,0.0,0.0,0.0,0.0,0.0,0.0,0.0,0.0,0.0,0.0,0.0,0.0,0.0,0.0,0.0,0.0,0.0,0.0,0.0,0.0,0.0,0.0,0.0,0.0,0.0,0.0,0.0,0.0,0.0,0.0,0.0,0.0,0.0,0.0,0.0,0.0,0.0,0.0,0.0,0.0,0.0,0.0,0.0,0.0,0.0,0.0,0.0,0.0,0.0,0.0,0.0,0.0,0.0,0.0,0.0,0.0,0.0,0.0,0.0,0.0,0.0,0.0,0.0,0.0,0.0,0.0,0.0,0.0,0.0,0.0,0.0,0.0,0.0,0.0,0.0,0.0,0.0,0.0,0.0,0.0,0.0,0.0,0.0,0.0,0.0,0.0,0.0,0.0,0.0,0.0,0.0,0.0,0.0,0.0,0.0,0.0,0.0,0.0,0.0,0.0,0.0,0.0,0.0,0.0,0.0,0.0,0.0,0.0,0.0,0.0,0.0,0.0,0.0,0.0,0.0,0.0,0.0,0.0,0.0,0.0,0.0,0.0,0.0,0.0,0.0,0.0,0.0,0.0,0.0,0.0,0.0,0.0,0.0,0.0,0.0,0.0,0.0,0.0,0.0,0.0,0.0,0.0,0.0,0.0,0.0,0.0,0.0,0.0,0.0,0.0,0.0,0.0,0.0,0.0,0.0,0.0,0.0,0.0,0.0,0.0,0.0,0.0,0.0,0.0,0.0,0.0,0.0,0.0,0.0,0.0,0.0,0.0,0.0,0.0,0.0,0.0,0.0,0.0,0.0,0.0,0.0,0.0,0.0,0.0,0.0,0.0,0.0,0.0,0.0,0.0,0.0,0.0,0.0,0.0,0.0,0.0,0.0,0.0,0.0,0.0,0.0,0.0,0.0,0.0,0.0,0.0
1.164386,1.1885214,1.1699437,1.1818274,1.1831853,1.1935171,1.1760709,1.1765487,1.1618499,1.1782162,1.1877555,1.1859368,1.1972387,1.188969,1.1905686,1.189962,1.1818907,1.1666946,1.1671078,1.1654074,1.186576,1.1558441,1.1918235,1.1843348,1.1946139,1.1622024,1.1797258,1.1702336,1.1728635,1.1695426,1.183333,1.1782491,1.1928983,1.187416,1.1772482,1.2154496,1.1852006,1.190475,1.1775441,1.1911403,1.1642448,1.1880062,1.190343,1.1736213,1.21316,1.1922396,1.1866792,1.1844823,1.1817315,1.1870298,1.171414,1.1716467,1.1823713,1.1739655,1.179647,1.1838185,1.1627382,1.1887457,1.1891584,1.175811,1.1906986,1.1857829,1.1537064,1.2039998,1.2034985,1.1997511,1.1788987,1.1813155,1.1835008,1.1652701,1.1753668,1.1886901,1.1611248,1.1851102,1.189689,1.1825188,1.186341,1.1766005,1.1913606,1.1906712,1.1846448,1.171403,1.174604,1.182018,1.1968162,1.1822479,1.1656557,1.1880969,1.1897504,1.1646292,1.1770301,1.1941314,1.1904225,1.1785893,1.1823201,1.1849478,1.1855111,1.1765791,1.2036234,1.1593403,1.1868224,1.1679611,1.1957117,1.1998334,1.1790209,1.174898,1.1826216,1.1782532,1.1891441,1.168108,1.1787958,1.17685,1.1763074,1.1769228,1.1927743,1.1762884,1.1882349,1.1931705,1.175125,1.1924344,1.1830475,1.1877348,1.198645,1.1904432,1.1907045,1.1648847,1.1692277,1.1927369,1.1598936,1.1854863,1.1858544,1.1899241,1.2026744,1.1841555,1.1742731,1.1656787,1.1946135,1.1962721,1.1866109,1.1844583,1.1866796,1.1872747,1.1610156,1.1812779,1.1777865,1.171062,1.1838866,1.1805303,1.1874629,1.1741899,1.1832252,1.1688191,1.1815779,1.1923227,1.1827935,1.2044432,1.1773288,1.161921,1.1802359,1.164896,1.1777558,1.1768928,1.1898454,1.195008,1.1780102,1.1992426,1.1856436,1.1822932,1.1864064,1.1741588,1.1789594,1.1809969,1.1630155,1.1733953,1.1713498,1.1638345,1.1898744,1.1768851,1.1638702,1.1939176,1.1815854,1.1856849,1.1809229,1.184134,1.1890136,1.1735846,1.1763831,1.1976545,1.2120755,1.1733503,1.1765257,1.1588063,1.184213,1.1859838,1.1738644,1.1650983,1.180812,1.1771083,1.2050853,1.1941583,1.1885947,1.1705887,1.1749725,1.1645088,1.1882031,1.1622741,1.1751468,1.178739,1.178179,1.1918538,1.1951627,1.1645899,1.1910784,1.173524,1.1831969,1.1701652,1.1617157,1.176811,1.2037586,1.1735331,1.1643128,1.1680624,1.1702459,1.1908462,1.1881709,1.1639857,1.192208,1.1779352,1.1626188,1.175996,1.1910877,1.1639313,1.1883875,1.1950663,1.183614,1.1848537,1.1829833,1.1706574,1.1576338,1.178642,1.1841443,1.1855557,1.1760708,1.1872088,1.1763431,1.1829871,1.1720233,1.196355,1.2057258,1.1782205,1.187532,1.2032554,1.1790768,1.1691287,1.1695774,1.186299,1.19247,1.201621,1.1730956,1.1933738,1.1839321,1.1931201,1.1964471,1.1816998,1.1605967,1.1686608,1.183587,1.1841965,1.1902745,1.1962391,1.196977,1.1814626,1.179358,1.1631618,1.1775495,1.1692554,1.1770343,1.1585923,1.168585,1.19099,1.1748567,1.1766202,1.1799736,1.1809347,1.1928451,1.1768233,1.1700442,1.182857,1.1615512,1.1730233,1.1644994,1.1703336,1.1696978,1.2007352,1.1739775,1.1675085,1.1809937,1.1947093,1.1820909,1.1721903,1.1678853,1.1738582,1.1890604,1.1883447,1.1958817,1.1961927,1.184048,1.1716878,1.1619803,1.1782633,1.1859905,1.1799133,1.1794516,1.195323,1.1517953,1.1844954,1.1920384,1.1833556,1.1863636,1.1952566,1.1841178,1.1817529,1.1665678,1.1818063,1.1788673,1.1736616,1.1962699,1.1892422,1.1642812,1.1703205,1.1845243,1.174449,1.1846508,1.1708248,1.1857955,1.1866068,1.1827799,1.1601692,1.1829453,1.1875324,1.1798885,1.1800612,1.177373,1.1893831,1.1960807,1.1582824,1.1992987,1.2089949,1.1702837,1.1801525,1.181338,1.2069693,1.1913934,1.1571513,1.1791068,1.1844184,1.1796737,1.1947602,1.1905317,1.1709613,1.1886686,1.1596541,1.1890677,1.1814781,1.1883681,1.178132,1.1706611,1.1729828,1.2070825,1.1900865,1.1685926,1.1952473,1.1931207,1.1793456,1.1766632,1.2005312,1.1663677,1.1559284,1.1779095,1.1642017,1.1728039,1.17814,1.1808157,1.182355,1.1725067,1.1738355,1.1726907,1.1882533,1.1808769,1.1604834,1.1819252,1.1903563,1.1838691,1.1944866,1.18096,1.1719838,1.1833228,1.1790969,1.1921805,1.1656384,1.1910613,1.1932201,1.1848856,1.1764101,1.1840138,1.1847777,1.1815156,1.207621,1.18552,1.1752359,1.1948721,1.1931653,1.180986,1.1913364,1.1528164,1.1829273,1.1894029,1.1934015,1.1902041,1.180773,1.1881884,1.1790287,1.1859317,1.1625549,1.1915835,1.1855426,1.1799465,1.170897,1.1831108,1.1804662,1.165264,1.1878604,1.1725172,1.1592582,1.1790372,1.1724457,1.168101,1.1873426,1.1759042,1.1745169,1.1845045,1.1883755,1.1947279,1.1732869,1.1709864,1.186552,1.1850827,1.1854045,1.2088219,1.1680825,1.1636075,1.1774185,1.1983844,1.1557764,1.1819508,1.1835511,1.1699978,1.1916888,1.1822989,1.1861703,1.1888115,1.175039,1.175719,1.1761476,1.1789167,1.1633755,1.1817529,1.1796522,1.1853347,1.1921532,1.1755449,1.1872985,1.1571183,1.1749144,1.16529,1.1874709,1.1903522,1.1794546,1.1739608,1.1691016,1.203429,1.1722283,1.2061785,1.1972483,1.1847616,1.168829,1.1805342,1.1875914,1.2028419,1.1735789,1.1854899,1.1779423,1.1927435,1.178957,1.191203,1.2010024,1.1890221,1.1741424,1.2048479,1.1663278,1.2119182,1.1778492,1.1793665,1.1954951,1.187978,1.1673853,1.1845286,1.1875315,1.1987839,1.1717056,1.174045,1.1815145,1.1735913,1.1701381,1.1978636,1.19334,1.1800842,1.195069,1.2137593,1.1855367,1.18742,1.1749732,1.1605422,1.1726326,1.1783849,1.1634207,1.1809605,1.1742963,1.1880265,1.1740009,1.168913,1.1643083,1.1724336,1.1883614,1.1699104,1.1749004,1.1964109,1.1912886,1.1750898,1.1919155,1.1814628,1.172869,1.2088124,1.1802064,1.186001,1.1833202,1.1723928,1.1622577,1.1896746,1.17297,1.1946433,1.1485941,1.1925492,1.1862572,1.1645156,1.1873422,1.1874543,1.1779773,1.1956259,1.1662349,1.1932706,1.1811008,1.166933,1.1648691,1.1876633,1.1870829,1.1846641,1.1955379,1.1902546,1.180943,1.1834774,1.1914592,1.2034388,1.1811528,1.1717323,1.1817324,1.1655768,1.2092648,1.1789277,1.1860386,1.197907,1.1746478,1.1941485,1.1809338,1.1874734,1.1703279,1.1736529,1.1999611,1.1739413,1.1931928,1.1995207,1.1881472,1.1945429,1.1682352,1.1899215,1.189588,1.1970038,1.1765938,1.165656,1.2084647,1.1836467,1.1920835,1.1806117,1.1709505,1.1630325,1.1583815,1.180058,1.1783237,1.1620476,1.1884148,1.1828908,1.1786143,1.1952422,1.186425,1.15925,1.1713599,1.1846489,1.1857405,1.1718261,1.2005196,1.196608,1.1594572,1.160087,1.179679,1.160537,1.1759784,1.1859685,1.1476822,1.1624277,1.1845876,1.1904714,1.1683279,1.1559734,1.1988889,1.2011225,1.1817573,1.1766621,1.2014314,1.1847718,1.1929369,1.1868384,1.1908005,1.1970007,1.1865708,1.1618402,1.179459,1.1889993,1.1906664,1.1872151,1.1710551,1.1753888,1.2008129,1.1924975,1.1806518,1.1748278,1.1974593,1.1900061,1.2000619,1.1764563,1.1942827,1.1880486,1.1840206,1.1712761,1.2012749,1.193854,1.1762855,1.1852922,1.1735104,1.1719272,1.1873053,1.1978226,1.2033535,1.1972003,1.1769637,1.1750578,1.1802249,1.1655822,1.167459,1.167209,1.164029,1.1778848,1.1564449,1.1942334,1.1833864,1.1834524,1.1970849,1.1909266,1.1880078,1.1710382,1.1842239,1.1672314,1.181018,1.1923993,1.1784716,1.1946273,1.1767353,1.192129,1.1862402,1.2031628,1.1834978,1.1711264,1.1884401,1.1807204,1.1868863,1.161769,1.1795254,1.1803716,1.1629688,1.1870776,1.1666459,1.1928245,1.1783968,1.1900464,1.1818857,1.1780494,1.1892569,1.1801116,1.1884097,1.1851674,1.1639752,1.1848482,1.1861956,1.2055687,1.1864473,1.1799892,1.181444,1.1770432,1.1817617,1.1680839,1.1612067,1.1854156,1.1722668,1.1673764,1.1845753,1.1957047,1.1561382,1.1714562,1.1888376,1.1741633,1.184596,1.169656,1.1721827,1.1608521,1.1817558,1.1819355,1.1875281,1.1945518,1.1921487,1.1815367,1.190417,1.1731362,1.1762383,1.1765294,1.181695,1.1893376,1.1812291,1.1713881,1.1844947,1.1967065,1.1720322,1.2015096,1.1809833,1.1782966,1.1636117,1.1908886,1.1934018,1.1906233,1.186443,1.174494,1.1675111,1.1877853,1.1998204,1.1715056,1.1871397,1.1717024,1.1696168,1.1926203,1.1774441,1.1939682,1.1826344,1.2032067,1.172777,1.1848499,1.193372,1.168514,1.1633999,1.1833907,1.1486667,1.174065,1.1858045,1.1734872,1.1670288,1.172665,1.2048599,1.1996868,1.1692537,1.1829152,1.1934763,1.1843579,1.1784923,1.1830014,1.1868743,1.1742864,1.1711528,1.1909808,1.2037522,1.1780897,1.173283,1.173314,1.1917264,1.185652,1.2023964,1.1827052,1.1841421,1.1749706,1.1805551,1.1856339,1.1817205,1.2036736,1.1808803,1.1767564,1.1748842,1.1797531,1.1874009,1.1741571,1.190639,1.1878872,1.1800458,1.156878,1.1683153,1.1608771,1.1684662,1.1756417,1.1790522,1.1712464,1.1914349,1.1740394,1.1737111,1.1927452,1.1729748,1.1819719,1.1586615,1.188623,1.1826618,1.1926832,1.1642345,1.1781119,1.2006552,1.1875353,1.1837626,1.1679957,1.185764,1.1861814,1.1905538,1.1930331,1.1801399,1.1851069,1.1750274,1.1838071,1.1916546,1.17998,1.1842893,1.1833528,1.1867746,1.167297,1.1906856,1.1848748,1.1755959,1.1717522,1.183094,1.1861832,1.2006706,1.1711723,1.1818318,1.1736215,1.180631,1.2084911,1.1802366,1.1832249,1.1616192,1.1868807,1.1718864,1.1828971,1.189215,1.1827111,1.1779304,1.184702,1.196475,1.1837119,1.1654154,1.1804634,1.1859576,1.1701177,1.1886623,1.1713136,1.1833142,1.1857289,1.1746893,1.187156,1.1896026,1.1923677,1.1870741,1.1940998,1.1697843,1.184878,1.1700295,1.2074554,1.2013695,1.1717823,1.1796768,1.1977191,1.1758093,1.1900885,1.2104177,1.1770132,1.1657674,1.2033504,1.1782535,1.1802329,1.1871018,1.1949896,1.1745273,1.1770042,1.1790739,1.1931525,1.1618689,1.1820159,1.1731457,1.1840658,1.1641415,1.1695905,1.1961626,1.1971064,1.1893133,1.1643465,1.1790476,1.1805228,1.1842331,1.1717321,1.1956153,1.1743196,1.1930715,1.1817123,1.1887475,1.1982435,1.1752932,1.1584953,1.1796176,1.1667633,1.1801819,1.1747274,1.1581147,1.1817995,1.1786864,1.1774052,1.1619945,1.1795613,1.1820412,1.1723061,1.1620384,1.1988603,1.192524,1.1944355,1.1738554,1.16307,1.1755029,1.1754918,1.1539385,1.1892098,1.1721871,1.1990805,1.1997509,1.1969275,1.1920041,1.2017066,1.1729329,1.1901952,1.190704,1.1895556,1.1755235,1.1904883,1.1854534,1.1960894,1.1740849,1.1841311,1.190986,1.184204,1.1835861,1.1886866,1.1700324,1.1831284,1.1770456,1.1865443,1.1960675,1.1689311,1.1966382,1.187792,1.1713885,1.1869502,1.1563394
1.1041543,1.104016,1.0896134,1.1050146,1.0995753,1.0954301,1.0942475,1.1046675,1.0815854,1.1187403,1.1035045,1.1102377,1.1054466,1.1121259,1.122272,1.0975901,1.100594,1.0976418,1.1046392,1.0955065,1.1046364,1.1068764,1.1157938,1.1091982,1.1194638,1.1012942,1.0986143,1.1077434,1.094207,1.0954324,1.1098474,1.0952009,1.1045645,1.0903226,1.0961701,1.1253722,1.106529,1.1033192,1.103641,1.1168412,1.0930526,1.094525,1.083654,1.0968213,1.1394551,1.111193,1.0999305,1.0796413,1.1110227,1.1098245,1.0843058,1.0862964,1.086041,1.0989285,1.0923903,1.0948846,1.1018405,1.1284543,1.1153238,1.1052938,1.1063248,1.1148702,1.0843371,1.120239,1.0978397,1.1126157,1.0960705,1.1098312,1.1054895,1.0927427,1.0944718,1.1199582,1.0980427,1.0841284,1.1057276,1.0984933,1.1274176,1.1033434,1.0922809,1.1174867,1.100464,1.1022265,1.0965554,1.1123562,1.0959835,1.1067979,1.0836271,1.0961994,1.1043615,1.0822129,1.1009003,1.1024451,1.1125232,1.0887669,1.0976338,1.0999566,1.1006083,1.1020483,1.0997101,1.1071466,1.110991,1.096847,1.1150005,1.1054412,1.096249,1.1077139,1.1074665,1.0993729,1.094549,1.1163616,1.1105949,1.1076857,1.1008122,1.0993927,1.1050311,1.1013463,1.0984266,1.1218145,1.0934991,1.1116999,1.1083448,1.1103392,1.1044244,1.1022985,1.1105611,1.0832597,1.0974426,1.086808,1.0945919,1.0992346,1.1100845,1.107344,1.1203642,1.0855961,1.0964028,1.0887693,1.110154,1.1130624,1.1055562,1.0927321,1.0967867,1.1021799,1.0961661,1.1067444,1.0847347,1.0952942,1.1027584,1.1221429,1.1031712,1.0836426,1.1062483,1.0769969,1.1315604,1.1078026,1.1109844,1.1121234,1.0910465,1.0942796,1.083303,1.0883693,1.1029975,1.1005682,1.1134598,1.113082,1.1047353,1.1051922,1.0855304,1.1264255,1.115065,1.099897,1.1048391,1.1256642,1.1053604,1.0786402,1.0763763,1.0955919,1.1165863,1.1004997,1.0779225,1.0914807,1.1135967,1.0986524,1.0996599,1.1171155,1.1037455,1.1159335,1.0901904,1.1055336,1.1218468,1.0966886,1.0876334,1.1014528,1.1190594,1.0815653,1.0955292,1.0900702,1.0935163,1.09991,1.1146326,1.122369,1.113378,1.0711093,1.08841,1.0864329,1.092223,1.1053295,1.101411,1.0746977,1.09082,1.0803865,1.1018094,1.0824461,1.096288,1.0897799,1.0907692,1.1202334,1.0915823,1.0841774,1.1256882,1.0854695,1.0804776,1.086821,1.1104106,1.1037498,1.1130103,1.0923234,1.1138247,1.0943208,1.1112518,1.1011882,1.1151547,1.0982282,1.1109728,1.1123129,1.103094,1.0899396,1.1323081,1.1252183,1.0919244,1.1066629,1.101853,1.0967441,1.1086274,1.0902467,1.0895425,1.1120778,1.104601,1.113626,1.1060547,1.0969378,1.1196854,1.1181962,1.0950522,1.0971555,1.076541,1.0955248,1.1106386,1.1127768,1.0821325,1.1024413,1.0945494,1.0915416,1.1048793,1.1098226,1.0913925,1.0962279,1.1045618,1.1206084,1.1106474,1.099699,1.1326518,1.10206,1.105787,1.0624759,1.1051098,1.0848209,1.1079025,1.0990245,1.0958941,1.119572,1.1156477,1.0914763,1.0942059,1.0957806,1.1096025,1.1047462,1.101502,1.114256,1.0854644,1.1047083,1.1022817,1.1066742,1.1012266,1.1169968,1.0948895,1.1074778,1.1113176,1.1015183,1.1009452,1.0837121,1.0947509,1.1057508,1.0950632,1.1108303,1.1034148,1.1050495,1.0912868,1.0947131,1.1078643,1.0890318,1.1147208,1.1087497,1.0973247,1.1177783,1.1040672,1.0881594,1.1025298,1.086374,1.0840306,1.1045862,1.1086941,1.096021,1.0972624,1.10561,1.0947537,1.0914443,1.1071726,1.1012943,1.0962607,1.0967473,1.1021748,1.0897688,1.1055639,1.1100911,1.1153883,1.1034018,1.1272972,1.0909731,1.1138425,1.0936284,1.1062196,1.0863206,1.1022512,1.117155,1.1035422,1.0787449,1.1257222,1.1000938,1.0798181,1.0994384,1.1100161,1.1015743,1.1044142,1.097973,1.1061251,1.0996405,1.0974321,1.1231816,1.1047852,1.1039238,1.1004831,1.0789121,1.1061695,1.1199147,1.101854,1.0867574,1.108681,1.1046227,1.1119819,1.0910567,1.0919082,1.1132476,1.1262025,1.0902174,1.1017636,1.109044,1.0900975,1.0734484,1.1084638,1.084978,1.0954777,1.1055596,1.0960805,1.0957992,1.0878054,1.0875257,1.0858754,1.0925747,1.1101829,1.0751026,1.0988634,1.1176627,1.0988153,1.0924683,1.0967734,1.095531,1.1155418,1.1146926,1.1022389,1.0990626,1.0994273,1.0978599,1.1070724,1.0924937,1.1315639,1.1120464,1.0879451,1.1147271,1.1081318,1.0959128,1.1379113,1.1132395,1.1040844,1.1232632,1.0879502,1.1047246,1.1197875,1.0939592,1.1034164,1.1146353,1.1047418,1.0843283,1.1141477,1.0990949,1.1010627,1.1133163,1.1158483,1.1118615,1.1162989,1.0920383,1.0834795,1.1108161,1.0969138,1.0956409,1.1083925,1.0939273,1.1050967,1.1057357,1.0911,1.0945573,1.0994337,1.0985464,1.1109309,1.1041704,1.0877019,1.1134098,1.10543,1.0907122,1.1054269,1.0764136,1.1023315,1.0875543,1.1140946,1.0893393,1.1084635,1.0963935,1.1141593,1.1110659,1.0981128,1.1125464,1.0902754,1.1058196,1.119263,1.0989125,1.1171986,1.0884448,1.08499,1.1100329,1.0996469,1.1029701,1.1038122,1.091597,1.084668,1.1000315,1.100621,1.1055843,1.1186365,1.1317048,1.082361,1.0861381,1.1120648,1.0802263,1.104685,1.109365,1.1056954,1.1112626,1.0995347,1.0890889,1.0938426,1.094859,1.1250876,1.1108867,1.1167467,1.1008122,1.1095929,1.1208751,1.1211255,1.1001737,1.117146,1.097313,1.0929935,1.0997921,1.1058934,1.1030507,1.1010015,1.0920649,1.1104718,1.1074281,1.0988204,1.1145815,1.0866277,1.1164181,1.0964797,1.0984292,1.1122998,1.117363,1.1009866,1.1013366,1.1208259,1.1125128,1.0973041,1.1080424,1.0733871,1.0887461,1.1130489,1.1004734,1.1010951,1.1084421,1.1091545,1.0891739,1.076712,1.1002314,1.0941465,1.1197491,1.0915225,1.1081575,1.1081462,1.1112255,1.1036451,1.1088085,1.1089438,1.0976527,1.1173592,1.1023408,1.0948048,1.0918357,1.0902753,1.1195863,1.0936654,1.0835719,1.105373,1.1123435,1.1159844,1.1041051,1.103332,1.1030197,1.1067669,1.113074,1.1091385,1.0799395,1.0990022,1.0966572,1.1015741,1.0878446,1.1128188,1.1074376,1.0986243,1.1091508,1.0915291,1.1104145,1.1285826,1.0990646,1.122216,1.1072876,1.0997429,1.0952407,1.0995023,1.1252234,1.0940102,1.0996386,1.1075151,1.0963727,1.095201,1.1095603,1.1076776,1.103284,1.1104113,1.1315072,1.1040542,1.1004596,1.1016465,1.0934397,1.0998762,1.099335,1.1135353,1.0984067,1.1074883,1.1132989,1.1034153,1.0996958,1.1119335,1.1262103,1.107464,1.0846775,1.0991621,1.0859565,1.092659,1.0760586,1.1047683,1.104893,1.1012444,1.1090285,1.1345147,1.1074761,1.1044588,1.0804812,1.101367,1.1005985,1.0965493,1.105749,1.0981807,1.0931002,1.0812633,1.094952,1.0997492,1.0944304,1.11215,1.086269,1.0887773,1.1241285,1.1047866,1.0922891,1.0986831,1.0986884,1.1309878,1.1023448,1.0857289,1.1100687,1.1001583,1.1055652,1.0931796,1.1077045,1.1199636,1.1004924,1.1170399,1.1259974,1.1162701,1.1016643,1.0923461,1.1079581,1.0974644,1.1102232,1.1029227,1.1012785,1.1000878,1.102988,1.1213989,1.1219714,1.1014861,1.1051247,1.1133212,1.098007,1.1041907,1.102823,1.0990872,1.1117766,1.0930411,1.100609,1.0925927,1.0988406,1.1069255,1.1039286,1.1141808,1.080944,1.0962231,1.1048586,1.0811439,1.0849037,1.1029611,1.0846394,1.1025835,1.0841575,1.0930655,1.1050316,1.1092705,1.111163,1.1149406,1.0982115,1.0895195,1.1134955,1.093134,1.1007216,1.130898,1.0911533,1.0941535,1.0894597,1.1126667,1.0920738,1.1167611,1.096171,1.0805879,1.1083696,1.0962219,1.1080649,1.086707,1.1107137,1.092661,1.08583,1.1074842,1.0941316,1.1148851,1.0972862,1.105152,1.1161671,1.0796486,1.0975816,1.1151072,1.1163169,1.1022907,1.1013062,1.0894791,1.1000087,1.1055185,1.1043023,1.1181982,1.099645,1.1068281,1.102467,1.1003689,1.0976846,1.1163307,1.0967147,1.1068493,1.1137904,1.1232291,1.1059853,1.0963762,1.1081021,1.0857613,1.1154516,1.0938157,1.1018381,1.0852504,1.1120056,1.0953573,1.103651,1.0793035,1.1173095,1.1052707,1.1009804,1.084643,1.0925999,1.1018713,1.1012884,1.0994085,1.0851496,1.0918746,1.1024072,1.1092203,1.1201646,1.0997577,1.0976536,1.0970651,1.0980787,1.100117,1.1101594,1.1091379,1.0962719,1.1099861,1.0876603,1.1005819,1.1210945,1.1045294,1.0924067,1.0916523,1.1061279,1.1089863,1.1056458,1.1070045,1.1005523,1.0939497,1.1112012,1.1062031,1.1174423,1.0733721,1.1012611,1.1060041,1.0940897,1.1233912,1.1023488,1.0967503,1.1010389,1.1054645,1.1114917,1.1300882,1.0861586,1.1213962,1.1088272,1.1097866,1.1075661,1.1018032,1.1107726,1.1055578,1.1108654,1.0982623,1.1160567,1.1035341,1.1169723,1.1021103,1.1022031,1.083639,1.110593,1.0987389,1.101298,1.1111472,1.0785106,1.108767,1.1048801,1.1048497,1.0995307,1.1193714,1.085446,1.1154286,1.0920527,1.0982958,1.0975276,1.1144863,1.1072972,1.1140702,1.0976738,1.1092733,1.0875635,1.1040859,1.103632,1.0955073,1.1146162,1.0979166,1.1075606,1.1063796,1.1026213,1.0855811,1.1004525,1.1005143,1.0950295,1.1094114,1.1012644,1.1059144,1.0940704,1.105696,1.1092182,1.0994415,1.099931,1.110874,1.1050409,1.0990657,1.1030382,1.1073997,1.0947318,1.1134173,1.0861816,1.1025159,1.1196818,1.0839708,1.1110036,1.0885148,1.1017418,1.0922518,1.1066775,1.1063373,1.1082966,1.1189541,1.1011238,1.0913018,1.1202737,1.0954937,1.1061897,1.1040539,1.1027166,1.0937157,1.0988665,1.1082968,1.0978775,1.1233457,1.1246741,1.1049905,1.0841247,1.1069409,1.0998194,1.1192911,1.0737556,1.0913913,1.1133136,1.0970236,1.1030891,1.0858271,1.1145592,1.1034434,1.1074793,1.0954564,1.117308,1.1128029,1.1025983,1.0983112,1.0835207,1.1032273,1.1035745,1.1133355,1.1238056,1.1094692,1.1150348,1.1066029,1.1071292,1.1082691,1.0941209,1.1072276,1.0986605,1.090469,1.0975912,1.1177014,1.107232,1.1054997,1.0898511,1.090701,1.1111776,1.1338339,1.0714339,1.0957338,1.1029272,1.0989478,1.0845535,1.1089139,1.1179225,1.1012053,1.107058,1.0906078,1.0912486,1.0848376,1.1133869,1.1095856,1.0981997,1.097082,1.1097316,1.102261,1.1207771,1.1153479,1.092166,1.0832837,1.1130188,1.0894116,1.1010511,1.0907404,1.1090751,1.09857,1.102545,1.0950427,1.1221079,1.1131613,1.109566,1.1103616,1.0907888,1.102339,1.1166335,1.1062514,1.1005526,1.0892068,1.0904326,1.1175346,1.084094,1.0984852,1.0936207,1.1179488,1.101113,1.1304321,1.1168147,1.1000419,1.1041559,1.1074855,1.1157974,1.0819056,1.1100643,1.1062531,1.1144084,1.0830244,1.0808945,1.1035279,1.1024407,1.0916203,1.0933857,1.1073213,1.1101307,1.1237053,1.1058557,1.095411,1.108544,1.1019228,1.0960832,1.1170657,1.1058519,1.128569,1.0894432
1.3141235,1.3163601,1.3320167,1.3142124,1.3273848,1.3292476,1.330711,1.3288385,1.3158549,1.3178878,1.3161262,1.3418269,1.3442792,1.333828,1.3471972,1.3409511,1.3455597,1.3403593,1.3234597,1.341225,1.3229045,1.3237896,1.3171432,1.3216085,1.3384666,1.314884,1.3394434,1.3204532,1.3144025,1.3359308,1.3442991,1.3118088,1.3267843,1.3143264,1.3245876,1.3500129,1.3296275,1.3287998,1.328593,1.3281095,1.3361394,1.3248435,1.324743,1.3499838,1.3509061,1.3102896,1.3295329,1.3054856,1.3082954,1.3251894,1.3310862,1.3153435,1.3368659,1.3007957,1.310378,1.3237013,1.3217,1.3418081,1.3322133,1.324037,1.350915,1.3370852,1.3259078,1.3354862,1.3175017,1.3300351,1.3209107,1.3490162,1.3383533,1.3197764,1.3244107,1.3204656,1.3292638,1.3328891,1.3283172,1.3317075,1.3293694,1.3500077,1.3226777,1.3172638,1.3316692,1.3319732,1.3305638,1.3313401,1.3441592,1.3273032,1.3338934,1.3126208,1.3252889,1.3036098,1.3409313,1.3268557,1.313319,1.325191,1.3225696,1.3286645,1.3299797,1.3027736,1.3400878,1.333734,1.3277628,1.3330725,1.3383384,1.3398769,1.3238115,1.3184744,1.3471041,1.3269233,1.3332996,1.3306392,1.3320806,1.3109767,1.327438,1.3198227,1.325432,1.3268192,1.3400016,1.3420657,1.3269069,1.3232201,1.3323492,1.339149,1.3444865,1.3198736,1.3408833,1.3257781,1.3191789,1.332521,1.3143398,1.3309214,1.3328569,1.3224773,1.3288249,1.3353772,1.3297119,1.3169795,1.3101679,1.3275776,1.3423058,1.3408947,1.3189259,1.3290954,1.3362976,1.3331769,1.3142692,1.3205254,1.3195517,1.3412964,1.3340949,1.3443615,1.346874,1.307944,1.3408115,1.3217771,1.3354224,1.3316109,1.3129492,1.2983748,1.2994723,1.3030739,1.3349893,1.3214507,1.3212544,1.3229944,1.323218,1.3300899,1.321023,1.3349575,1.3434824,1.3246825,1.3411336,1.3439641,1.3204197,1.3428713,1.3268473,1.3230916,1.3397573,1.3309461,1.3235626,1.3177836,1.3264762,1.3067236,1.3362553,1.3284863,1.3289284,1.3433149,1.3427147,1.3361348,1.3309785,1.3346221,1.3414087,1.3295592,1.3398821,1.3387895,1.3385501,1.29825,1.3251032,1.340654,1.3175409,1.3409151,1.3114837,1.3339179,1.310287,1.304858,1.3335342,1.3394879,1.3380555,1.2975423,1.331401,1.3285304,1.3427861,1.3317807,1.313695,1.3116843,1.3232313,1.34013,1.3166801,1.3275919,1.3421557,1.3119643,1.3214269,1.3330312,1.3227608,1.3469876,1.3225017,1.3279965,1.3288505,1.3393408,1.3258122,1.3431,1.3251857,1.3135339,1.3382169,1.3341658,1.326776,1.3262701,1.3406749,1.317882,1.3376998,1.3226819,1.3393737,1.341741,1.3071389,1.335468,1.336045,1.3342236,1.3452926,1.3162444,1.3413143,1.3320906,1.3208292,1.3416482,1.344902,1.3275098,1.3273504,1.3423195,1.3331174,1.3456613,1.3376511,1.341377,1.3265487,1.3262022,1.3334843,1.3487546,1.3215652,1.3217155,1.3473235,1.3326159,1.3454424,1.339803,1.3094287,1.322204,1.3219818,1.33675,1.3325362,1.3139052,1.3417877,1.335706,1.3319159,1.3380051,1.3126324,1.3282156,1.3260685,1.3379042,1.3109347,1.3403671,1.335408,1.3206041,1.3194776,1.3207176,1.360375,1.3265727,1.3188645,1.3525084,1.3184645,1.3407638,1.3300046,1.3375969,1.3272018,1.3249847,1.3236212,1.3547939,1.338928,1.3378468,1.3380802,1.3365752,1.3347317,1.3402367,1.33685,1.3082552,1.333693,1.3413464,1.3340126,1.3381816,1.3237352,1.3221205,1.3210189,1.3187621,1.3178298,1.3046354,1.327779,1.3122934,1.339014,1.3413364,1.3251958,1.3504933,1.3391014,1.3248761,1.3232042,1.3341889,1.309498,1.3339589,1.3326716,1.315955,1.324664,1.3338236,1.3247439,1.3153243,1.3338807,1.3286295,1.3424556,1.3131732,1.3281811,1.3246453,1.3283086,1.3210706,1.3284518,1.3237069,1.323856,1.3579931,1.3390979,1.3402164,1.314922,1.3257344,1.3169636,1.334946,1.3263726,1.3417233,1.3311912,1.3404098,1.3482494,1.3202584,1.3487829,1.3234749,1.3197795,1.3189628,1.323156,1.340463,1.3209624,1.3241892,1.3139399,1.3565542,1.3318605,1.3068618,1.3379165,1.3228993,1.3520954,1.319298,1.3279626,1.3300487,1.3298086,1.3228631,1.3114663,1.3211358,1.3119379,1.3254973,1.3308957,1.337428,1.3309151,1.3334126,1.3277622,1.3234241,1.3239434,1.3356483,1.3099567,1.3180755,1.3273745,1.3285487,1.348232,1.3482382,1.3499802,1.338719,1.343057,1.3417721,1.3372715,1.3374667,1.3363042,1.3248127,1.3506484,1.3409265,1.3332603,1.3269272,1.3233387,1.3313199,1.3170682,1.3290354,1.3149551,1.3286542,1.3355726,1.3456441,1.3236142,1.3209724,1.3252654,1.3344171,1.3092201,1.3184628,1.3021915,1.350091,1.3308169,1.3186674,1.3129048,1.3178426,1.3123882,1.3227254,1.3383856,1.3304822,1.3386883,1.315543,1.3320146,1.285153,1.3373419,1.3357108,1.342191,1.3352492,1.341153,1.3341675,1.3496597,1.3525574,1.3158598,1.3357221,1.3191977,1.305058,1.3340971,1.3206006,1.3488065,1.3367519,1.3162405,1.3360451,1.3480611,1.3368363,1.3429763,1.3328325,1.3404753,1.3353819,1.323734,1.339332,1.3242036,1.3221239,1.3371425,1.3171343,1.3269256,1.3394387,1.3158903,1.3285363,1.3126369,1.3126554,1.3372643,1.3286922,1.3358752,1.3276266,1.3378625,1.3253696,1.3366706,1.3740457,1.3555095,1.3216335,1.30127,1.3311132,1.3563128,1.313933,1.3304609,1.3344862,1.3280067,1.3324505,1.3147074,1.3348601,1.3452822,1.3343779,1.3315789,1.3449501,1.3325588,1.3099546,1.3258659,1.3439263,1.3174697,1.2951953,1.3281547,1.3400888,1.3350827,1.3174834,1.3151968,1.3421656,1.3320427,1.3453091,1.3312627,1.350348,1.3031474,1.3391207,1.3434645,1.3416748,1.3250587,1.334944,1.3212967,1.3284401,1.3172722,1.3342698,1.3522357,1.3055761,1.2939533,1.32944,1.3245356,1.3364652,1.3379353,1.3409334,1.3335211,1.3200189,1.3295805,1.3384188,1.3361933,1.3267756,1.3263369,1.3187546,1.3544961,1.3311478,1.3341384,1.3171787,1.3261758,1.3200318,1.3314036,1.3108574,1.323966,1.299345,1.331479,1.3292105,1.3445458,1.3479108,1.3261064,1.3325044,1.3323345,1.3070477,1.3581332,1.3468164,1.3359417,1.3346674,1.344275,1.3352475,1.3395892,1.3330808,1.3480662,1.3335387,1.3400606,1.3173348,1.3132865,1.3311551,1.3326252,1.3254375,1.3228866,1.3194112,1.3103666,1.3255659,1.3359733,1.3209643,1.3307583,1.311958,1.3292071,1.3410571,1.3356066,1.3206257,1.3460171,1.3241818,1.3250775,1.3251328,1.3324522,1.3173862,1.3409656,1.3133667,1.3232166,1.3302368,1.316009,1.3259804,1.3306562,1.3442241,1.3191061,1.3292012,1.3335433,1.3064322,1.3233792,1.3162018,1.3162688,1.3216182,1.3486341,1.3025919,1.3310106,1.3360008,1.3179666,1.3450451,1.3262038,1.3425823,1.3299603,1.3372084,1.3414787,1.3250977,1.2981592,1.3136688,1.322685,1.3364601,1.335687,1.3400096,1.3325212,1.3462113,1.3234047,1.3320814,1.3367649,1.3368009,1.3388938,1.3266894,1.3163362,1.3330278,1.3460747,1.3329314,1.3286688,1.3467541,1.306898,1.3197296,1.2956326,1.3424218,1.3331895,1.3231012,1.3382796,1.3435911,1.3409375,1.3247658,1.3265132,1.3173816,1.3307838,1.3498433,1.3538933,1.3205677,1.3277175,1.3339021,1.3356173,1.3181847,1.3076131,1.3126311,1.3316088,1.3247757,1.3023822,1.3199733,1.3429097,1.3368777,1.3326653,1.3350704,1.3352678,1.3033501,1.3491619,1.3397971,1.3249528,1.325229,1.3295422,1.3417851,1.3282692,1.3178011,1.3351772,1.3380784,1.3287646,1.3402628,1.3237617,1.3334258,1.3207438,1.3317322,1.3363212,1.3295412,1.3362468,1.3378732,1.3199832,1.3278847,1.3297342,1.3074247,1.326769,1.3023542,1.3330092,1.307851,1.3416909,1.3318112,1.3216507,1.3369931,1.3267546,1.333621,1.3217214,1.3218191,1.326239,1.3468411,1.3189512,1.3349297,1.3099655,1.3252003,1.3459954,1.3243492,1.3413993,1.324144,1.3338327,1.3414302,1.3225813,1.3164277,1.3185982,1.3388714,1.3278915,1.3283831,1.3233956,1.3451774,1.338397,1.3277743,1.3222688,1.3264699,1.3497072,1.3154166,1.3297224,1.3350053,1.3397877,1.3278276,1.3380705,1.3127384,1.3380411,1.3303905,1.31838,1.3100134,1.35303,1.3261453,1.3405429,1.3381774,1.3436923,1.3259876,1.3289278,1.326037,1.3274878,1.3333273,1.3278816,1.3329346,1.3223794,1.3294612,1.35082,1.3297762,1.3230594,1.3285372,1.323417,1.3477112,1.3095239,1.3306754,1.3236897,1.3206956,1.3063836,1.3328865,1.3293991,1.3454577,1.3308048,1.334973,1.3339534,1.3377706,1.3357091,1.3287629,1.345444,1.3339077,1.3265465,1.3132923,1.3428102,1.3442098,1.3141787,1.3295497,1.3293468,1.335846,1.3236954,1.3508884,1.340419,1.3309978,1.3425379,1.3386205,1.329622,1.3193332,1.3229873,1.3200796,1.3435262,1.299329,1.3314625,1.3344429,1.3300916,1.3417275,1.339092,1.3387616,1.3244689,1.3186711,1.3277208,1.3287141,1.3326426,1.3449486,1.3317324,1.3340027,1.3436607,1.3350636,1.3453629,1.3074105,1.3202889,1.3263013,1.3385581,1.3368483,1.3380432,1.3477378,1.3397565,1.3278505,1.32013,1.3071499,1.3525515,1.3236837,1.3425136,1.3607651,1.3284413,1.33448,1.3251828,1.3213282,1.3400403,1.3206041,1.325333,1.3171179,1.319687,1.3470671,1.3249263,1.3295918,1.3262327,1.3365893,1.3207986,1.3231522,1.323483,1.3336561,1.3357284,1.3368541,1.317555,1.3210666,1.3512759,1.311372,1.3407766,1.315805,1.3369564,1.326856,1.3380191,1.3431275,1.3301746,1.3419497,1.3238536,1.3339274,1.3304096,1.3296043,1.3366582,1.3295364,1.3378302,1.3218994,1.3033172,1.3296067,1.3273841,1.3297862,1.3464078,1.3128276,1.329143,1.3223695,1.3322285,1.3337168,1.3390462,1.3197021,1.3067095,1.3322009,1.3352939,1.3179208,1.3354989,1.3137814,1.3304342,1.3258386,1.33288,1.3388543,1.3165411,1.3243773,1.309654,1.3324001,1.3131332,1.3301731,1.3139342,1.3223727,1.3318149,1.317575,1.3431904,1.3566524,1.335479,1.3322008,1.3426421,1.3061057,1.3319786,1.3406241,1.3537457,1.3393471,1.3195372,1.3307992,1.3348908,1.3393215,1.3443365,1.329683,1.3464124,1.3062778,1.3267311,1.3285416,1.3035563,1.3287218,1.329057,1.3328112,1.3286119,1.3435351,1.3397995,1.3371542,1.3221031,1.3215514,1.3260498,1.3124301,1.3200054,1.3309935,1.3303717,1.3269875,1.3213855,1.332125,1.3502351,1.3155286,1.3144063,1.3130064,1.3224005,1.3274018,1.3254629,1.33321,1.3413452,1.337023,1.3292779,1.339692,1.3395727,1.3217453,1.3183839,1.3407719,1.3318267,1.3576406,1.340555,1.3382528,1.3248686,1.2940406,1.3355653,1.3143122,1.3295665,1.3502526,1.2960927,1.3294876,1.3282437,1.3582914,1.347738,1.3303915,1.3301414,1.3366351,1.3187546,1.3318559,1.3245498,1.3321733,1.3386068,1.3340768,1.3225205,1.3065177,1.3122778,1.347588,1.3425146,1.3343065,1.3258926,1.336164,1.3178809,1.3227466,1.3637425,1.325474,1.3449047,1.3477908,1.3412892,1.33847
0.02678791,0.040039495,0.0325708,0.020102758,0.029866263,0.037105262,0.027859759,0.03398246,0.022158965,0.023257732,0.04827134,0.055641647,0.030192152,0.039291456,0.036299504,0.020138305,0.0142016,0.029250666,0.024538778,0.038656756,0.025651582,0.02874365,0.023957707,0.036494315,0.048553698,0.056230977,0.02341609,0.026704863,0.026930645,0.02362639,0.033988044,0.03229939,0.029257856,0.04640384,0.02504317,0.011525568,0.017743614,0.03661044,0.046644002,0.018767573,0.020400543,0.03619408,0.0048197806,0.0419479,0.031075697,0.03531339,0.039617524,0.0102632195,0.021868244,0.037086155,0.025242,0.032036982,0.0134084895,0.04518994,0.027211398,0.03527093,0.043696716,0.03242082,0.047963858,0.03210004,0.020015348,0.032436498,0.04982324,0.034189995,0.04813975,0.023532376,0.061237212,0.021008566,0.04660894,0.028689176,0.025884356,0.041027814,0.018530354,0.010660019,0.019081127,0.024064884,0.045717962,0.03996973,0.0234241,0.027005982,0.042120576,0.026796252,0.03045052,0.020283096,0.03354619,0.028568834,0.0102187395,0.015479367,0.032375902,0.034726378,0.0075563267,0.035445984,0.040819157,0.03531059,0.017438013,0.024591058,0.0,0.030944005,0.02931018,0.019292548,0.034982983,0.034130488,0.03810544,0.020412423,0.02876832,0.023364449,0.0267547,0.05080569,0.027750187,0.039699737,0.04263669,0.02237121,0.02712147,0.036221176,0.016735595,0.04415211,0.02305432,0.04060383,0.04035729,0.03864386,0.03031687,0.05168779,0.03973753,0.022106495,0.038024057,0.022409115,0.034705494,0.01637441,0.02851281,0.014275689,0.031577133,0.03085737,0.017458435,0.011078622,0.011446476,0.02055708,0.036521923,0.028668422,0.025617361,0.013289813,0.037438232,0.02309708,0.034391273,0.01081387,0.023510795,0.05310606,0.027902398,0.03707545,0.025928473,0.02755211,0.035838302,0.024210703,0.009527724,0.018700901,0.02027471,0.019739185,0.042684108,0.015513182,0.033277094,0.03332506,0.012085836,0.031583548,0.014622923,0.025901578,0.028684523,0.023627285,0.024970282,0.031828746,0.0268105,0.03174038,0.01137124,0.025668824,0.024727933,0.01714215,0.024073247,0.018067438,0.031489193,0.014371689,0.015255921,0.023229573,0.03221932,0.049336627,0.035861902,0.01705278,0.019924682,0.042785585,0.034088627,0.033878405,0.0468044,0.02516235,0.01696029,0.022763722,0.038348027,0.02630331,0.034691665,0.032152813,0.04164678,0.01462369,0.026348557,0.025072906,0.03904867,0.009029347,0.028517071,0.036269855,0.02843121,0.04552389,0.026693735,0.02337351,0.03331716,0.011462394,0.03289483,0.022418264,0.052733142,0.023320794,0.016659461,0.016651485,0.052346457,0.037840083,0.039460413,0.023819275,0.021191258,0.022354823,0.039858673,0.027169418,0.02348015,0.05538935,0.031952556,0.025200337,0.059366453,0.025925582,0.03022578,0.03869002,0.01804468,0.030590296,0.026743822,0.023751814,0.035505045,0.015840825,0.019546565,0.0050540194,0.028348312,0.030066531,0.021432549,0.0019348934,0.014878441,0.032088906,0.024368417,0.026939634,0.025882687,0.022135802,0.031839162,0.039574157,0.041196223,0.02031893,0.020952847,0.0315103,0.032106444,0.012135524,0.026536416,0.03388799,0.007913854,0.023093943,0.03550394,0.04136895,0.02411034,0.03130573,0.049069542,0.035438087,0.0489268,0.018650062,0.039501384,0.040238008,0.022335432,0.014501724,0.02787862,0.019728135,0.0377772,0.037822004,0.033945993,0.0475986,0.034558725,0.026807595,0.027517326,0.02581862,0.03706846,0.01152578,0.02285453,0.021929666,0.027779844,0.043397997,0.04421568,0.04612971,0.03684351,0.029820334,0.021434572,0.038431693,0.042159967,0.023046847,0.033585425,0.037574384,0.03773383,0.025055788,0.017737526,0.023133352,0.02141387,0.019389253,0.019670393,0.04009921,0.034938954,0.034901246,0.027807578,0.011590902,0.034759894,0.034378015,0.021936614,0.025281306,0.042448316,0.025239099,0.032464944,0.026990771,0.004839137,0.011125896,0.03330188,0.025708128,0.035340816,0.025147345,0.028506074,0.008948475,0.03814133,0.021479968,0.025845947,0.035005115,0.04323714,0.03218656,0.038893618,0.019035801,0.05155596,0.040773414,0.024681948,0.028246315,0.031393796,0.042355057,0.028377872,0.040798478,0.0344343,0.03344086,0.03494342,0.025662264,0.039112568,0.023629036,0.02850644,0.019953087,0.016863544,0.036900282,0.04160707,0.030777939,0.033833016,0.04287517,0.043861043,0.017910436,0.023986433,0.02282019,0.032863047,0.040858902,0.029988673,0.0147345215,0.035120606,0.022520319,0.036438376,0.028046045,0.053801473,0.009161282,0.0075860284,0.030748885,0.035448752,0.0163006,0.0052708574,0.013574395,0.042046368,0.017964402,0.021255214,0.028505445,0.020736426,0.044375382,0.014783528,0.035601985,0.01245321,0.050612282,0.04722712,0.032136157,0.049192943,0.039835382,0.014139377,0.01368475,0.019335303,0.03489697,0.040072046,0.018240195,0.033621017,0.026366152,0.034791015,0.042453706,0.045600113,0.021337245,0.031936903,0.029026186,0.020168627,0.034533624,0.011536688,0.021447401,0.02577325,0.033561695,0.038242776,0.047899887,0.044201814,0.04672809,0.03840644,0.039786093,0.037344236,0.021136384,0.023009688,0.03378517,0.047908906,0.020529661,0.016931668,0.0465708,0.03433631,0.034584537,0.021463484,0.020920787,0.010124996,0.047326438,0.018670183,0.03342795,0.030615248,0.037390996,0.052432418,0.04180687,0.04456723,0.060559146,0.03324334,0.011058889,0.031657077,0.028326578,0.01898038,0.026238114,0.021701071,0.023911428,0.020148441,0.022147998,0.051882796,0.03154424,0.028191814,0.03541846,0.040448785,0.01967001,0.02343252,0.04595633,0.0128915645,0.032972183,0.02548178,0.03107882,0.032416586,0.025676042,0.041089952,0.0070633627,0.034799464,0.03270397,0.02788192,0.04754008,0.021753334,0.0335755,0.03402862,0.023135342,0.032887153,0.037949823,0.024473816,0.055924542,0.03138241,0.024966078,0.010357857,0.043401517,0.011042455,0.027955057,0.01418357,0.052892525,0.035132267,0.024678225,0.010801729,0.04469089,0.048197925,0.015308894,0.02958813,0.020758051,0.03140192,0.019860752,0.026642345,0.028321456,0.03183379,0.047471516,0.031970877,0.053568177,0.026319217,0.016864136,0.02831202,0.038190812,0.031948537,0.0533384,0.0051502734,0.037634924,0.043692123,0.014721658,0.035625864,0.044741035,0.028186318,0.02644418,0.037642043,0.04674117,0.023541924,0.024004698,0.020983122,0.04192177,0.038933225,0.023718841,0.061931957,0.016790342,0.035354022,0.055912614,0.05483278,0.017584175,0.026401203,0.030370269,0.027958382,0.035461873,0.019110624,0.03980067,0.043438464,0.021489821,0.04347849,0.01995746,0.039438482,0.01713807,0.035897277,0.039607428,0.022252522,0.029788606,0.037098877,0.04936982,0.025913443,0.033251293,0.01455896,0.034568064,0.036078665,0.024003427,0.037455842,0.021439586,0.059941094,0.042574175,0.018373655,0.014841225,0.029756337,0.03713193,0.034492344,0.033774614,0.036038373,0.043863855,0.045567505,0.024020985,0.022503518,0.03593658,0.033104222,0.033129156,0.03416916,0.022411399,0.031652115,0.04032428,0.025656175,0.013351932,0.025146127,0.040736593,0.010341097,0.02416579,0.027378935,0.03293285,0.038466483,0.028848864,0.02276947,0.061297487,0.013850205,0.042251624,0.03579404,0.050663482,0.04016493,0.055384494,0.03573963,0.033020765,0.03718883,0.04711301,0.022187665,0.02153714,0.05422324,0.026501864,0.025475897,0.014707785,0.036325946,0.037322924,0.033575997,0.04242123,0.03186337,0.041904643,0.028824072,0.009949937,0.03533087,0.028263561,0.029785873,0.015987609,0.022009661,0.021143269,0.019894008,0.035006322,0.01760066,0.03716959,0.038491823,0.03292325,0.03296529,0.020651143,0.037303545,0.0263788,0.018417113,0.02998975,0.024189578,0.020352945,0.03935387,0.0033766665,0.0344885,0.02479894,0.035805225,0.04120498,0.032664385,0.04037164,0.030747473,0.032486334,0.049624033,0.042238746,0.047307312,0.047479715,0.027477354,0.04552045,0.036334228,0.027361475,0.02467114,0.037237294,0.04203223,0.018095203,0.04432398,0.024840318,0.030432768,0.03699492,0.022818446,0.042795606,0.052387446,0.036734182,0.047841102,0.029996727,0.02475588,0.028781004,0.031420283,0.036490444,0.006977167,0.027450625,0.03849771,0.03602802,0.03569126,0.05409997,0.011879176,0.04174362,0.013769738,0.01700845,0.053661704,0.0020431876,0.010592818,0.011560649,0.02139891,0.026054818,0.029418197,0.037139222,0.020036202,0.025360972,0.041164543,0.04027283,0.039531227,0.050031308,0.029384576,0.03628219,0.040781427,0.025822688,0.05486757,0.032583382,0.04666538,0.030204061,0.03613521,0.04471178,0.026406683,0.0039749816,0.04015932,0.018511124,0.034680914,0.0033521727,0.03425247,0.038737647,0.030673068,0.03127173,0.02722865,0.057948776,0.012995876,0.034055404,0.024689846,0.04145883,0.023885135,0.036005545,0.04309866,0.02735899,0.02647508,0.030760925,0.025426216,0.05344301,0.029670123,0.016419306,0.02122289,0.02496373,0.03321202,0.031793162,0.055296995,0.061513178,0.027428508,0.012438223,0.029321805,0.047355913,0.027012795,0.036240663,0.050879963,0.03784809,0.01665005,0.012537528,0.021270566,0.028664526,0.0,0.02199845,0.016947594,0.033724353,0.028225593,0.043866146,0.029923864,0.01565564,0.024753727,0.035699315,0.027913202,0.052078433,0.019497387,0.0396166,0.014938917,0.035649873,0.03934467,0.053652056,0.025970414,0.032981947,0.027162503,0.018802814,0.059847437,0.04115367,0.05023131,0.027807422,0.03753461,0.030261915,0.028795723,0.051403955,0.026898298,0.012518216,0.044046573,0.030275062,0.027722992,0.031963903,0.037587345,0.03588667,0.024144402,0.011137262,0.033477344,0.024750654,0.023537576,0.030232575,0.03972219,0.029931583,0.018534053,0.023892425,0.035156574,0.03613524,0.033496916,0.019570395,0.037701827,0.038234487,0.029473845,0.030860376,0.02030811,0.0356694,0.029527068,0.03198623,0.01697078,0.037963085,0.021155491,0.03179103,0.0007093698,0.01320415,0.013703413,0.0419237,0.038320474,0.022611286,0.033913247,0.037066802,0.027737241,0.032008372,0.034368373,0.044008322,0.0230957,0.022004083,0.031811405,0.014228497,0.047288407,0.039203025,0.04029342,0.030946702,0.0077912174,0.019089632,0.031088304,0.017941713,0.029058617,0.028345242,0.034145527,0.04542122,0.03555297,0.011746593,0.03825078,0.027858406,0.027966797,0.02110599,0.038394965,0.035416137,0.039594036,0.020226642,0.022286214,0.02765403,0.035416286,0.031555597,0.03942179,0.023443736,0.037470985,0.045761473,0.037163567,0.029502962,0.020991072,0.022256289,0.043949544,0.023960557,0.027371928,0.028514486,0.034815684,0.025641616,0.03121898,0.040835634,0.022018924,0.03375578,0.027578771,0.036266204,0.0374415,0.03584443,0.025655307,0.043876342,0.031572975,0.032118034,0.040514696,0.038248822,0.044441808,0.037554737,0.026769888,0.05884916,0.026858613,0.02195564,0.026001092,0.040454134,0.041469987,0.03423122,0.037928555,0.031772137,0.039877154,0.018964414,0.029799722,0.02928038,0.052929,0.029040307,0.026872274,0.038856447,0.02068673,0.034350634,0.025179513,0.025255684,0.040197685,0.025465,0.018956639,0.03114257,0.02399436,0.03928213,0.03063987,0.02822556,0.0328787,0.041667935,0.04803499,0.029685235,0.026175156,0.03267996,0.028741844,0.022284161,0.02978009,0.031493787,0.03146432,0.03797315,0.044814087,0.03212542,0.034273427,0.036503464,0.02123686,0.027478121,0.037811436,0.03807969,0.0447938,0.029116973,0.013309196,0.040158056,0.013568737,0.019779585,0.012693841,0.0012857541,0.025884658,0.03027353,0.014131356,0.03060025,0.027679447,0.022205409,0.02763236,0.035624295,0.029829836,0.044614464,0.010670941,0.03426502,0.0011372231,0.0360854,0.041275106,0.045138918,0.027142754,0.035970654,0.03880337,0.0140331425,0.024793899,0.025847025,0.026574854,0.025155764,0.032157622,0.016359746,0.017562125,0.03987155,0.03304775,0.013956096,0.043369755,0.029523898,0.030269302,0.031387866,0.01761882,0.034683123,0.016078644,0.029462472,0.01815328,0.03905644,0.052775238,0.041747406,0.018642142,0.016275365,0.015465524,0.03420333,0.033624653,0.0,0.04421458,0.020113982,0.033752028,0.02918914,0.033483315,0.022631507,0.017264217,0.031028599,0.02375367,0.037944257,0.008068331,0.036569618
