0.7460992,0.74186575,0.7569216,0.76634854,0.7431804,0.7504562,0.7364459,0.7512927,0.75353175,0.753575,0.73228353,0.7561869,0.7483762,0.75347555,0.7333407,0.7712508,0.7339857,0.7616793,0.75207907,0.7254113,0.7499401,0.72829926,0.7469875,0.732025,0.72977966,0.76777804,0.7403786,0.7431823,0.7584625,0.7313938,0.7622886,0.74942946,0.7335949,0.75679374,0.774263,0.7558057,0.76750976,0.7592675,0.76006424,0.74316114,0.71793014,0.7496158,0.73915166,0.75915813,0.7444642,0.75450486,0.7547807,0.7565192,0.7287983,0.7505823,0.74270964,0.7697484,0.767577,0.7460586,0.74117935,0.74753916,0.7457241,0.75366783,0.772179,0.77205986,0.7384807,0.7651565,0.77775574,0.726661,0.7584472,0.7646571,0.76621526,0.7572189,0.7531933,0.7285386,0.73465794,0.75012517,0.76545995,0.7410919,0.7528177,0.74714875,0.75495857,0.7480817,0.7335168,0.74832445,0.74194735,0.7516549,0.75323284,0.7325133,0.7363379,0.7449132,0.73444265,0.7471421,0.7704681,0.7797442,0.74901986,0.7647322,0.7321166,0.75833535,0.7328085,0.7678088,0.76884997,0.7598826,0.7673476,0.7472543,0.7597572,0.7540288,0.750992,0.7685184,0.7598041,0.7189611,0.7514332,0.7373389,0.77865106,0.7491317,0.74772966,0.7677911,0.7601903,0.7550852,0.7477653,0.75022775,0.75041544,0.73854566,0.7308521,0.7596171,0.73593396,0.7563594,0.75622326,0.7575396,0.7405371,0.72961533,0.7389486,0.76100165,0.74527156,0.74409497,0.7606388,0.7483138,0.71364045,0.7475772,0.7455964,0.7549645,0.7190905,0.7596005,0.7700311,0.7692197,0.72697705,0.74936867,0.74347055,0.76446396,0.73962224,0.7539526,0.76796865,0.7768186,0.7356016,0.7347457,0.75932753,0.74375826,0.7584166,0.7539152,0.75904876,0.76033026,0.74133193,0.72118455,0.7688088,0.7450091,0.74344385,0.75257885,0.76765865,0.7314119,0.77419627,0.73474175,0.7460567,0.7606768,0.7238942,0.755851,0.7607141,0.7388629,0.7478003,0.7548586,0.7449658,0.7617992,0.7508007,0.75875103,0.7365856,0.7320216,0.73425555,0.72918665,0.75579923,0.74621177,0.75707895,0.749022,0.7604285,0.7420941,0.7352318,0.74327844,0.76263547,0.72520196,0.7490349,0.73024035,0.7341528,0.75761855,0.75483525,0.73765063,0.75688744,0.720334,0.7457154,0.7633052,0.7374466,0.7445032,0.75738096,0.7524465,0.74046767,0.7437769,0.74642783,0.77828646,0.7543463,0.7344356,0.7348361,0.7532592,0.7544852,0.7585324,0.7409563,0.74709284,0.7608923,0.7487764,0.7573793,0.76385057,0.791338,0.7338947,0.74118656,0.74621207,0.73554724,0.7319832,0.74433094,0.7377998,0.75399554,0.7534787,0.74914867,0.7477387,0.7484404,0.7225899,0.73440224,0.74058264,0.74517536,0.77683526,0.7551605,0.7230055,0.733041,0.7495869,0.73323894,0.76798004,0.7518442,0.7455981,0.74950606,0.77313316,0.76357055,0.73432237,0.75045156,0.72442317,0.75416315,0.7435698,0.7568812,0.7487199,0.768497,0.7471936,0.75976145,0.74404675,0.7346911,0.7540939,0.7484033,0.7507995,0.7504293,0.7518572,0.76205254,0.73919076,0.74108857,0.7645474,0.73393756,0.7623792,0.74702036,0.74894434,0.7568347,0.74335945,0.7141143,0.7520793,0.7485342,0.704734,0.7550288,0.74633706,0.7454151,0.7398829,0.75283235,0.78574127,0.74704754,0.758021,0.74632585,0.74919415,0.75605214,0.73768747,0.77301127,0.754455,0.77695394,0.75940514,0.7477675,0.73943174,0.7643904,0.7574818,0.76898366,0.73699194,0.7434317,0.7454429,0.7355422,0.7179016,0.74198633,0.76885843,0.7635795,0.7680832,0.7573105,0.7533021,0.7406986,0.7567445,0.7501864,0.73355436,0.74398816,0.7277527,0.76542896,0.7280932,0.7378864,0.745949,0.7490751,0.755383,0.73694557,0.7739509,0.73810947,0.7478783,0.73833054,0.77437395,0.77079165,0.750613,0.7396271,0.7409589,0.73744714,0.7392148,0.7429296,0.75571275,0.7597454,0.7641165,0.7541847,0.7521237,0.730552,0.7390544,0.7447071,0.7415549,0.7563625,0.747526,0.72110474,0.78380495,0.74126756,0.7401018,0.7594418,0.76807046,0.72731656,0.7691927,0.76454705,0.765342,0.72783405,0.7611116,0.7457237,0.743758,0.74734324,0.77172726,0.7569155,0.75076824,0.7563903,0.7424985,0.74075127,0.75649524,0.75337565,0.779482,0.7699739,0.74156654,0.758781,0.7313294,0.75345933,0.76187485,0.7553605,0.75173515,0.763214,0.74896175,0.7541316,0.75456214,0.7499545,0.7656496,0.73942006,0.752604,0.7333393,0.75146043,0.7570032,0.7692594,0.7584468,0.7480947,0.76855284,0.7462358,0.75016356,0.7422441,0.7491534,0.77496445,0.7441054,0.72821665,0.7090218,0.7650333,0.759649,0.73096585,0.7575929,0.74344563,0.73291576,0.7558866,0.7397132,0.74051607,0.7449897,0.7597858,0.74699914,0.7830126,0.75769436,0.75895834,0.75644827,0.7543668,0.7468574,0.7707794,0.7707161,0.7455223,0.75717753,0.7840432,0.7388193,0.75770336,0.76297045,0.74011743,0.7628959,0.7395023,0.75123286,0.76305896,0.76049376,0.77060014,0.7398319,0.7540713,0.77274984,0.7610253,0.73383194,0.75984704,0.7580421,0.7505229,0.74453676,0.7506969,0.74242496,0.755419,0.7531374,0.76028764,0.7416602,0.7645054,0.7458998,0.74322003,0.7731192,0.7708784,0.7421593,0.7673809,0.77164817,0.73207504,0.72716457,0.7549318,0.75133455,0.7814088,0.77897024,0.744949,0.7647316,0.77062035,0.7429106,0.74373996,0.7718576,0.75766647,0.7455395,0.76206446,0.7612558,0.76779026,0.76494753,0.77682805,0.7338931,0.73430693,0.7669454,0.7611824,0.76052564,0.734257,0.7365453,0.76357716,0.74164546,0.73474574,0.7704704,0.7493438,0.7524933,0.748547,0.7586286,0.74330163,0.7559263,0.7609946,0.73526067,0.75683475,0.7287034,0.7530271,0.7514519,0.74329615,0.7411411,0.75800735,0.75884503,0.7370604,0.741311,0.7309903,0.749749,0.7391174,0.7539889,0.7519118,0.75648993,0.74377084,0.7573819,0.7735351,0.753482,0.7526552,0.7591581,0.7215177,0.73132604,0.75588006,0.7337094,0.7652271,0.75318724,0.7364222,0.73775274,0.76042014,0.76999944,0.7549007,0.734873,0.7423911,0.75903845,0.77636063,0.74552137,0.7381183,0.7532282,0.7367723,0.7362726,0.761651,0.74750364,0.7581156,0.74997175,0.74439013,0.7420302,0.76443034,0.73945105,0.7636014,0.7726667,0.74627435,0.76768917,0.7464717,0.74643415,0.74492836,0.73972255,0.75848544,0.75662017,0.75589293,0.7552768,0.74125654,0.7555686,0.77434134,0.72811085,0.75218785,0.7570885,0.7458819,0.75644,0.754192,0.7332673,0.7640733,0.7378502,0.73073274,0.72230273,0.76054645,0.7418884,0.7586422,0.7591259,0.7379402,0.74447155,0.76922345,0.7649344,0.73509437,0.7891064,0.75926256,0.74107003,0.7352486,0.7789334,0.7452718,0.7602788,0.7625774,0.73488116,0.7489237,0.77397645,0.7428586,0.75581646,0.7544178,0.76336974,0.7549554,0.7525303,0.7336409,0.7390133,0.7458774,0.7421908,0.75294495,0.74791896,0.7476179,0.74861753,0.7494347,0.78111666,0.7703079,0.7702436,0.7364317,0.73931813,0.73886144,0.7410963,0.74367225,0.7568159,0.74829596,0.75925565,0.7563433,0.74440473,0.75358605,0.76893985,0.764039,0.7520699,0.768441,0.7406034,0.7689575,0.7545929,0.7487813,0.76336116,0.7502816,0.7439513,0.7567914,0.7274014,0.74500465,0.76032525,0.7495042,0.7696058,0.77727,0.73806006,0.7310371,0.7554966,0.73592824,0.7367391,0.7557967,0.74143255,0.7559809,0.7521573,0.7475224,0.7282381,0.7539288,0.75740135,0.73225075,0.75786996,0.753138,0.75361395,0.76735383,0.7396008,0.7686092,0.7522775,0.7649206,0.7520353,0.73605347,0.74342245,0.7622225,0.74204016,0.7503817,0.7256427,0.7283956,0.73296136,0.74984956,0.7471569,0.7564943,0.7377895,0.75237,0.7628331,0.74676585,0.7468576,0.7355641,0.77523655,0.749728,0.74946105,0.77533764,0.7389463,0.752563,0.7602603,0.7455029,0.7413451,0.7796135,0.7513737,0.7628953,0.72468156,0.7393616,0.747924,0.7484895,0.7238651,0.7470958,0.757215,0.7402817,0.76495284,0.75896335,0.7361909,0.7378654,0.7253574,0.74891716,0.73410124,0.7394515,0.7551766,0.73867255,0.76612294,0.7438612,0.751982,0.7427433,0.73327625,0.7338218,0.7506871,0.7656728,0.73588246,0.725021,0.74964523,0.7402314,0.7526253,0.7380409,0.74236524,0.7610534,0.7527564,0.7545604,0.74614805,0.7446629,0.73783064,0.7602684,0.7327634,0.77555275,0.74772406,0.7499819,0.7542419,0.76094216,0.72877103,0.7682827,0.76272136,0.7550217,0.76624215,0.7570711,0.74985933,0.7543457,0.7356331,0.75363463,0.7366474,0.73741156,0.7434897,0.7452368,0.76137966,0.73797524,0.74828935,0.7571152,0.7364149,0.7533383,0.76628506,0.7300911,0.7461666,0.7529988,0.7551079,0.7662231,0.73697984,0.7485119,0.7196241,0.7662983,0.75798213,0.7594746,0.7440003,0.75354093,0.7350223,0.7728154,0.718813,0.7601944,0.74890864,0.73750716,0.7244885,0.7466325,0.76551026,0.7614455,0.74784225,0.75202423,0.7475898,0.76595694,0.7292584,0.72383946,0.73818827,0.74805474,0.7836653,0.7698421,0.72899026,0.77430737,0.7291646,0.73890764,0.72919804,0.7406628,0.7502936,0.7351985,0.77787495,0.75920266,0.7526609,0.7483192,0.74992245,0.7740029,0.73214424,0.7487236,0.75802827,0.7430702,0.75048095,0.75917953,0.76568025,0.761972,0.74063706,0.73034686,0.75210345,0.7392312,0.74140346,0.74984246,0.7398182,0.7684314,0.767715,0.73508793,0.7504207,0.7302558,0.7383363,0.74305075,0.7420855,0.72460514,0.7677406,0.75243855,0.75065905,0.75911653,0.7760261,0.7409752,0.764744,0.74395996,0.75360453,0.751576,0.76886004,0.73687255,0.74375415,0.759799,0.75934094,0.7698231,0.73640734,0.78278995,0.72354376,0.7512902,0.7446215,0.7303211,0.7587486,0.765195,0.76331735,0.7332046,0.7483177,0.74406576,0.73755735,0.7497199,0.7336134,0.7553684,0.76812977,0.7389273,0.7519292,0.7617768,0.7632164,0.7662853,0.73743117,0.7437375,0.7811321,0.75750023,0.74021274,0.7657872,0.77266854,0.75801206,0.73975945,0.7599041,0.74069834,0.76326734,0.7610871,0.76958704,0.73265696,0.7523103,0.7417348,0.733337,0.75821495,0.7545493,0.7645052,0.74759376,0.73010284,0.7383774,0.723723,0.7483154,0.7471789,0.7573095,0.74782705,0.7485142,0.749673,0.7358092,0.7583701,0.74590415,0.7447977,0.74969727,0.71709245,0.7482865,0.76094455,0.7459349,0.7411485,0.76240236,0.7485328,0.745383,0.7639777,0.7190592,0.7375719,0.73107135,0.79016125,0.7570354,0.7529311,0.7745708,0.7559676,0.7769409,0.74891,0.7464251,0.7381942,0.7491615,0.7499742,0.7737842,0.7549947,0.7390778,0.74619484,0.76804715,0.73430914,0.7619317,0.7389078,0.7278414,0.75372064,0.7479309,0.75708216,0.76521367,0.7547245,0.7505348,0.754595,0.7398102,0.76230156,0.74246943,0.7382415,0.75665706,0.752702,0.7532429,0.7719004,0.7533926,0.74752337,0.7352498,0.76897293,0.753656,0.7312921,0.7335924,0.7621816,0.76834506,0.7352263,0.73388183,0.753499,0.7579919,0.7458954,0.7503305,0.7540894,0.7428661,0.7382765,0.7438091,0.75777894,0.7373333,0.743058,0.74443287,0.7706676,0.7521648,0.7517756,0.7369174,0.73701465,0.7454643,0.7384559,0.7410952,0.75921685,0.7408841,0.7649841,0.777362,0.77047956,0.76623183,0.74991775,0.73114234,0.72948325,0.7736314,0.73451424,0.74983454,0.7439028,0.7178327,0.75748956,0.7636378
0.50918883,0.52093756,0.5293015,0.5291188,0.5309627,0.5143985,0.5189449,0.53263617,0.5110151,0.5252595,0.51251626,0.5341555,0.52322227,0.5226614,0.522284,0.51960045,0.5213394,0.51923585,0.5084539,0.5268488,0.5129618,0.5074793,0.5320763,0.527669,0.5223942,0.54250383,0.5136327,0.5064776,0.5213109,0.5149638,0.5068292,0.5208912,0.50968647,0.54070646,0.53533417,0.501935,0.5281555,0.5221052,0.53639174,0.5102754,0.51718575,0.5070528,0.5220274,0.51602453,0.5009777,0.5263805,0.5110918,0.52319086,0.50696766,0.526042,0.5123305,0.51670396,0.53045803,0.5117667,0.52303374,0.5301844,0.53055704,0.5191692,0.5333273,0.5274728,0.5308092,0.5347452,0.51815283,0.53426874,0.52157575,0.5187744,0.52204883,0.5412901,0.5163863,0.51116085,0.518004,0.5301961,0.53138685,0.5180255,0.51968634,0.5104599,0.5282805,0.5146201,0.5105995,0.5199624,0.5007932,0.5359032,0.5113346,0.5173913,0.5088233,0.5357457,0.5093832,0.5208877,0.52842426,0.5410358,0.51901966,0.53955555,0.5200529,0.52646303,0.5142287,0.52130973,0.5035435,0.52222055,0.5342726,0.53389466,0.5347716,0.5184779,0.52171785,0.54132044,0.5193323,0.5273964,0.51027733,0.5146703,0.5207456,0.5025674,0.49174702,0.5311933,0.50568044,0.5095242,0.5240683,0.507792,0.5198635,0.52746034,0.5093902,0.52109754,0.5299947,0.5112083,0.509921,0.49975854,0.5077245,0.5087813,0.52291375,0.5370305,0.5221663,0.52842414,0.5389806,0.50484306,0.50985354,0.529643,0.51340616,0.51923597,0.5224067,0.54573524,0.52282804,0.52073157,0.5289246,0.5123838,0.52249885,0.52726305,0.5222099,0.5342365,0.52204514,0.53177214,0.51517254,0.5056957,0.52963096,0.5177914,0.5399305,0.52497774,0.5269974,0.5281691,0.51326466,0.5291807,0.5181607,0.5190575,0.52366215,0.53114307,0.50228435,0.5067192,0.5216261,0.5336244,0.52522564,0.5268583,0.5251585,0.5133388,0.5314468,0.5158255,0.5229294,0.5038895,0.5246241,0.5380425,0.5167112,0.5300696,0.5246161,0.5234503,0.5112317,0.50107527,0.54381704,0.53791934,0.51324415,0.510574,0.52318186,0.51675385,0.5059635,0.52263427,0.51543313,0.5209924,0.5188576,0.50121343,0.5269136,0.5087825,0.52875566,0.52154446,0.5094694,0.52462363,0.5147941,0.51350147,0.5236459,0.5056469,0.52155185,0.524155,0.52158344,0.50184435,0.51261955,0.52069175,0.5235936,0.50773966,0.5047948,0.51825106,0.52192444,0.52562726,0.53139454,0.5248475,0.5348773,0.5401432,0.5407842,0.5174989,0.5418417,0.5189805,0.5209529,0.500774,0.48516664,0.5108719,0.5314983,0.5278943,0.5202822,0.529915,0.53923815,0.5136777,0.5294149,0.5213667,0.50818264,0.51188517,0.52522933,0.5239862,0.52687955,0.51518345,0.5198324,0.5086955,0.5208343,0.5153266,0.5142673,0.5246,0.5008491,0.51818967,0.5287652,0.50853574,0.52513504,0.5212868,0.5230741,0.5046074,0.5080413,0.5101168,0.5015334,0.4965925,0.51386935,0.5304853,0.5308772,0.52723116,0.5258013,0.5097583,0.5285768,0.52124643,0.5190502,0.5072909,0.50203687,0.5191647,0.5225125,0.5162697,0.5296699,0.51080054,0.5157653,0.5179486,0.521612,0.52089775,0.51861644,0.49581826,0.4944406,0.5271309,0.5112004,0.525379,0.5392833,0.53508115,0.505845,0.5359006,0.52094865,0.53227127,0.5400458,0.5321072,0.5232494,0.50170535,0.5502542,0.5281627,0.507241,0.52238977,0.5296443,0.5019409,0.5334697,0.5061278,0.5004611,0.53562635,0.4933912,0.49821472,0.5121539,0.52920276,0.5170251,0.51765585,0.5076013,0.5197002,0.5257676,0.51492393,0.51051164,0.5250127,0.5200315,0.5384514,0.5205982,0.5217663,0.52445644,0.52312183,0.51483124,0.5200367,0.53287625,0.5407208,0.50234526,0.51795906,0.53591496,0.52769214,0.5383493,0.5175411,0.54042995,0.5069937,0.51681715,0.5202285,0.52867675,0.5122827,0.5474218,0.52412134,0.5270129,0.51486266,0.50365645,0.53092414,0.5138934,0.51344246,0.5193187,0.5023152,0.5048538,0.5103385,0.50789386,0.5096631,0.51402223,0.49813262,0.49409372,0.5135382,0.52034533,0.51407003,0.5059691,0.51530355,0.5132008,0.5280611,0.53628623,0.5265638,0.5442947,0.5225806,0.53144085,0.5086089,0.52312773,0.5406562,0.5260654,0.54094326,0.51664853,0.5037341,0.53386974,0.51351064,0.51912844,0.53786755,0.534946,0.5336126,0.5085409,0.51915944,0.52417123,0.53230083,0.50532556,0.53020465,0.52113104,0.513492,0.51439905,0.5203139,0.51453054,0.5147736,0.5110873,0.5214787,0.5270351,0.5297166,0.51934725,0.51006204,0.5125984,0.52468234,0.5274252,0.5111775,0.50435525,0.5310129,0.5335378,0.5165509,0.5286274,0.5382456,0.5118059,0.51868707,0.51749605,0.5210098,0.5128324,0.5212863,0.5307902,0.5297551,0.5213952,0.53565204,0.52539754,0.5294642,0.53055376,0.53062904,0.50241524,0.5063605,0.5572389,0.5137108,0.5150865,0.5424818,0.5165452,0.5175623,0.525421,0.52729154,0.52340746,0.52034134,0.5301974,0.5349163,0.53288674,0.5247979,0.5254921,0.5278564,0.50783896,0.541007,0.52006334,0.5156054,0.5249688,0.5044895,0.5169185,0.5245838,0.5295108,0.5076932,0.5158983,0.5182189,0.53268313,0.534297,0.5304228,0.5153017,0.5278685,0.51943266,0.5258023,0.5264554,0.51644886,0.5240529,0.52783746,0.53354293,0.5160595,0.5301522,0.5109359,0.54789186,0.5247476,0.5209973,0.5211699,0.52367353,0.52580845,0.5184582,0.50762594,0.51216996,0.51937634,0.50175756,0.5247403,0.54368776,0.5249235,0.5266514,0.53647536,0.5059705,0.5289331,0.5128386,0.51169246,0.5283228,0.51047003,0.51950884,0.52010626,0.5126648,0.51487195,0.5077487,0.5307177,0.5132836,0.5145295,0.52010024,0.51672125,0.52891785,0.5325072,0.51157635,0.5200735,0.5194427,0.5262897,0.5058321,0.51768756,0.518405,0.5205207,0.52687013,0.5192586,0.5060019,0.53001595,0.50366414,0.51431483,0.50318754,0.53032315,0.5259074,0.52975404,0.5134025,0.5256378,0.50357175,0.51631427,0.5202668,0.5226641,0.51988965,0.5094651,0.50131446,0.5268575,0.52230054,0.532899,0.5167285,0.5321279,0.5103642,0.53105706,0.5006514,0.5145992,0.5247207,0.53092945,0.5260372,0.52420235,0.5431851,0.5326506,0.5279621,0.52772164,0.50459445,0.5126372,0.53193927,0.51315176,0.5045336,0.51785034,0.528815,0.5126063,0.52954245,0.5000949,0.5131462,0.50239956,0.5149904,0.5421343,0.52545136,0.50384945,0.5334829,0.5071888,0.5195016,0.51073474,0.5163228,0.49231154,0.51278913,0.5235313,0.54423064,0.53690404,0.523051,0.49724573,0.521718,0.5138438,0.50965786,0.53739107,0.5195022,0.51800996,0.5302687,0.5254509,0.54300785,0.5225327,0.51913035,0.5272665,0.4986346,0.55056244,0.53068745,0.5085248,0.537749,0.5086622,0.530315,0.5099594,0.50812215,0.5155467,0.5335233,0.53809935,0.5068092,0.5116736,0.5178725,0.518638,0.52553624,0.5133937,0.5435653,0.5130612,0.5387715,0.51528674,0.52369416,0.5385058,0.50843495,0.5294943,0.5164467,0.5281129,0.5100163,0.5166031,0.53142136,0.5259844,0.5202087,0.5213551,0.5266863,0.5137034,0.49331397,0.5361513,0.517465,0.5212167,0.5319178,0.5003549,0.5494242,0.5300153,0.5317645,0.5244249,0.5151687,0.51999927,0.51665956,0.5329203,0.5221787,0.5046866,0.5286275,0.5302284,0.54052496,0.4930451,0.5146752,0.5214033,0.535802,0.5305656,0.5255576,0.51289624,0.5162695,0.52811056,0.5156232,0.5307328,0.52546406,0.515378,0.52503127,0.5168795,0.5292456,0.53591764,0.52182674,0.4979924,0.5262103,0.51730037,0.51061124,0.50882846,0.51060116,0.5249351,0.5406979,0.5099371,0.5195581,0.5135302,0.52343976,0.4901214,0.5147433,0.51900446,0.5213627,0.49870864,0.51434827,0.53827286,0.51074606,0.5182378,0.533849,0.5239552,0.52510685,0.53179467,0.5252582,0.5293895,0.5148668,0.529229,0.51542675,0.5118579,0.5409187,0.5349757,0.52376705,0.5028223,0.5270774,0.5062148,0.5099865,0.50914997,0.5071257,0.5330892,0.5215513,0.5167643,0.5087782,0.50093067,0.5077825,0.53928703,0.51202923,0.5150194,0.5313564,0.5171914,0.53739834,0.5401083,0.51281637,0.5226755,0.51827866,0.5290217,0.5077803,0.5402641,0.525769,0.51776046,0.51775324,0.5067021,0.53506136,0.5371688,0.5286287,0.5192544,0.5113466,0.5094222,0.5101694,0.5144211,0.537623,0.52473307,0.5360989,0.51688904,0.52152175,0.53409225,0.4986412,0.5150502,0.5226617,0.54124457,0.5143793,0.5186849,0.532371,0.518189,0.5346794,0.53304017,0.5267089,0.52183133,0.51385516,0.5056597,0.5306188,0.51344746,0.4985059,0.5110887,0.51381046,0.5249896,0.51461244,0.50892806,0.5177211,0.52957535,0.52059627,0.5105476,0.5386345,0.5046652,0.5258085,0.52185553,0.5271894,0.51952004,0.52472544,0.51120687,0.5165127,0.51970583,0.5151118,0.5310734,0.520939,0.51750666,0.52959305,0.5169773,0.516033,0.49700886,0.52417475,0.5307707,0.5258334,0.52728534,0.5270258,0.53740215,0.5361359,0.5158597,0.5283405,0.51907533,0.5314333,0.5435469,0.52193236,0.52032787,0.5426463,0.5258112,0.52477735,0.5036696,0.52168,0.5253783,0.51906425,0.5253185,0.531541,0.5120494,0.5267148,0.5237718,0.5313312,0.50218093,0.5230586,0.5339188,0.5223808,0.5096059,0.51667964,0.5308583,0.5343291,0.5224743,0.51628983,0.5263247,0.52415323,0.51183474,0.51106346,0.5382512,0.5503227,0.51354724,0.50566655,0.50413525,0.50892234,0.51053196,0.51825875,0.52121747,0.517148,0.5305501,0.5059278,0.5122154,0.5285642,0.5227627,0.5136015,0.518924,0.54722494,0.505523,0.52780277,0.5409206,0.5175898,0.528651,0.50858897,0.51681626,0.53061473,0.508434,0.5488309,0.5142853,0.5288808,0.52457637,0.5177172,0.5236866,0.5243579,0.5235259,0.5128407,0.5187167,0.52886343,0.538827,0.49975947,0.5169623,0.5202355,0.51415426,0.5168111,0.5015609,0.531617,0.5105827,0.5209322,0.5202494,0.52129334,0.524955,0.5245319,0.506635,0.5379733,0.5238588,0.5230912,0.5423361,0.5470277,0.5265858,0.5284864,0.5082551,0.521623,0.5230318,0.5146712,0.5195315,0.51376736,0.50597686,0.5417354,0.5278586,0.5307813,0.50583625,0.52035195,0.5321159,0.5261293,0.51040834,0.53825706,0.5001595,0.53511435,0.5273257,0.51767576,0.5344813,0.5261559,0.51497024,0.5241979,0.5167193,0.5350208,0.5167891,0.5210162,0.5197325,0.54567,0.52299726,0.5298106,0.51743364,0.5185173,0.5294979,0.51588255,0.5479827,0.5134451,0.52244383,0.52978885,0.52315265,0.545905,0.5393669,0.5127864,0.5076065,0.5254878,0.52596056,0.5174998,0.50439876,0.5201949,0.51253647,0.5241402,0.50989926,0.5027356,0.52720904,0.5186433,0.52451396,0.5228886,0.5204807,0.513467,0.539866,0.5160439,0.53526866,0.53224105,0.53352135,0.5192336,0.5289961,0.52177274,0.52190316,0.5242581,0.5030229,0.53520256,0.51224005,0.51997036,0.51490766,0.5214801,0.5132961,0.5195154,0.5452593,0.52458906,0.52487856,0.5226936,0.5252724,0.51716906,0.53265524,0.54334545,0.52065885,0.52661824,0.51641786,0.5229252,0.52096057,0.5303715,0.53854287,0.5217444,0.52319276,0.53465223,0.51481074,0.5321475,0.510676,0.5115967,0.5204234,0.5111224,0.514188,0.5145603,0.5346643,0.53446776,0.5187846,0.509627,0.5357975,0.5159198,0.5188462,0.5171669,0.50713354,0.5238436,0.52235633,0.5123156,0.5127838,0.54619753
0.7214761,0.738711,0.74521494,0.73092246,0.7571398,0.73988646,0.74897975,0.7661237,0.7365678,0.7432425,0.7436871,0.74279267,0.7440215,0.7576376,0.7470566,0.743076,0.74611527,0.7628803,0.76301086,0.7287808,0.7302274,0.7400134,0.7462296,0.7446442,0.75047016,0.7535177,0.7299747,0.73674685,0.7480826,0.74024886,0.75413495,0.75545686,0.74642366,0.7622889,0.74752015,0.7455184,0.76494503,0.7481307,0.74241793,0.73124635,0.7605048,0.73928,0.7493589,0.7536802,0.7489571,0.7456694,0.7294136,0.7506251,0.74253845,0.74029565,0.74709237,0.74227303,0.7623137,0.733388,0.7537419,0.7597724,0.7478213,0.7507027,0.75569594,0.76032716,0.74863255,0.73567325,0.7407575,0.7411524,0.74377424,0.74108326,0.75624675,0.76020175,0.75026375,0.73104763,0.738717,0.7480489,0.758769,0.7520366,0.7590819,0.7267093,0.7455717,0.7431281,0.7305741,0.750352,0.7469767,0.7540599,0.7395736,0.73313516,0.7590917,0.7409587,0.7372621,0.7405305,0.7617528,0.7768595,0.7414761,0.7463975,0.74238473,0.73155177,0.73189646,0.75451666,0.7512211,0.7480703,0.77646023,0.7476862,0.7511298,0.76110905,0.75685376,0.7658534,0.75449413,0.7422332,0.74678385,0.7287663,0.7616658,0.7482223,0.739287,0.7593018,0.739407,0.74762535,0.7399083,0.742761,0.7540865,0.72960323,0.75035083,0.73901933,0.74460334,0.7382403,0.74423885,0.73073614,0.73621166,0.7243753,0.7402212,0.75168693,0.7531915,0.75753146,0.7614689,0.7329742,0.7277342,0.7659457,0.7393352,0.7541223,0.72397864,0.7509881,0.7623069,0.7461524,0.73143613,0.76116735,0.7551551,0.743446,0.75172544,0.764066,0.77606314,0.77517366,0.73774964,0.7336838,0.7514533,0.7527675,0.77163947,0.7524676,0.7693764,0.7491494,0.7373956,0.73105717,0.7406052,0.7508263,0.74807215,0.75799125,0.7415147,0.7374986,0.753516,0.7429283,0.7449682,0.7509652,0.7459218,0.7421458,0.73837894,0.7224244,0.7586285,0.73696643,0.7552533,0.7525212,0.7486286,0.75172436,0.7322477,0.7511835,0.7319217,0.7319826,0.74492544,0.7721393,0.7397149,0.73227006,0.74778056,0.7413918,0.7240328,0.7503113,0.7614692,0.73868257,0.76103246,0.74380016,0.7384119,0.7443646,0.7345578,0.7444852,0.737553,0.75106436,0.73908776,0.7450874,0.7428622,0.7433993,0.75805396,0.74320894,0.74430174,0.73291373,0.7462942,0.7355617,0.7527844,0.7376069,0.74223876,0.75258356,0.7496401,0.74032587,0.7399526,0.7505888,0.76221544,0.7535961,0.7513449,0.73851234,0.76544225,0.7387815,0.75452185,0.7497888,0.72300565,0.7226026,0.73978263,0.7532712,0.7554701,0.75383747,0.7414065,0.7484944,0.75107205,0.7528981,0.7302128,0.7380665,0.7528083,0.7730476,0.7520189,0.7160978,0.7414565,0.7451225,0.74781275,0.741886,0.74582803,0.7433096,0.74657613,0.7535139,0.7433904,0.7477774,0.73860323,0.74868447,0.7460539,0.74422204,0.7442626,0.7518671,0.7508362,0.7262584,0.7631317,0.75958943,0.74288905,0.75121653,0.7557536,0.7451977,0.75504583,0.7624467,0.74841815,0.74855673,0.728927,0.74421513,0.7483421,0.7436241,0.75860864,0.76018995,0.74709713,0.7385648,0.75462055,0.7354575,0.7185107,0.7387762,0.73367834,0.7437642,0.753856,0.7565263,0.76535654,0.7598758,0.73750603,0.7521892,0.7579431,0.74915147,0.75296086,0.7536828,0.76063985,0.7204025,0.7779537,0.7349301,0.7426021,0.74525005,0.753235,0.7312145,0.74604803,0.7416918,0.7581842,0.74934685,0.728729,0.74095356,0.74438125,0.75754213,0.7556303,0.7603743,0.7439834,0.7469329,0.7464262,0.7410051,0.7528211,0.7319095,0.7391447,0.7491323,0.75289905,0.73723894,0.73751444,0.7370258,0.7479326,0.7521708,0.74023694,0.7692214,0.71758205,0.74161375,0.7551314,0.7785461,0.7499397,0.7356236,0.75707316,0.728535,0.72979355,0.72056705,0.72989684,0.7645938,0.75420463,0.75737965,0.74031276,0.7515057,0.72499925,0.74804336,0.7445599,0.73291457,0.7461199,0.75807464,0.72943336,0.7477584,0.7403918,0.73303115,0.7439184,0.75265086,0.7187448,0.7368903,0.73977834,0.75791305,0.7124856,0.7420794,0.7311955,0.76118433,0.7343037,0.77353364,0.76886755,0.7391078,0.7627669,0.739312,0.72624993,0.7598562,0.7193634,0.7772744,0.7507166,0.72807807,0.7630857,0.72172993,0.76028776,0.7530984,0.7518465,0.7536251,0.72770375,0.75910056,0.74489355,0.73857224,0.742168,0.7615029,0.736974,0.7349298,0.74201,0.7424881,0.7371162,0.7519601,0.7258785,0.74236107,0.763013,0.7519278,0.73591316,0.7265714,0.7555103,0.7668568,0.7424009,0.7405908,0.7317154,0.755362,0.7538882,0.74325705,0.77770877,0.7422922,0.7433208,0.74792624,0.74044275,0.7347081,0.72890633,0.7309373,0.74597687,0.7649247,0.74909675,0.7793832,0.74687916,0.7546044,0.73058367,0.7504379,0.7448999,0.7333754,0.76119167,0.7630923,0.7497507,0.7578958,0.73246956,0.7427719,0.74806887,0.74335235,0.7463512,0.749719,0.7651962,0.7585081,0.76138276,0.7431918,0.7643751,0.7473937,0.7324829,0.7435224,0.75337857,0.74813855,0.7383609,0.74752814,0.7297555,0.7319387,0.745228,0.7589113,0.74194545,0.74157697,0.7517015,0.7431531,0.7590898,0.75433266,0.74997663,0.74687874,0.75438136,0.7396937,0.74103487,0.7352166,0.75230455,0.73654956,0.7269426,0.741744,0.7469861,0.76516074,0.7591199,0.7432563,0.7723751,0.7572424,0.7429097,0.7534163,0.74042654,0.7361848,0.77440566,0.7508634,0.7344072,0.74945575,0.7564711,0.7449809,0.74359965,0.74839926,0.7522042,0.7513415,0.7357566,0.74576867,0.7503975,0.76351964,0.76403105,0.7497844,0.71901727,0.7325347,0.75470835,0.77097744,0.7433841,0.75779027,0.747194,0.74178016,0.7525422,0.74279237,0.74480283,0.754167,0.7645243,0.7222475,0.7300735,0.76529706,0.7362335,0.7620441,0.7583035,0.74530447,0.74584866,0.74006575,0.75208,0.7496591,0.75667465,0.72850335,0.75713784,0.72774523,0.7465053,0.73082566,0.75130355,0.75962156,0.74303573,0.7421112,0.74017954,0.7274759,0.745591,0.7511244,0.7407163,0.73872334,0.75769496,0.73967147,0.7534368,0.7213563,0.75302505,0.74169016,0.7362124,0.7641695,0.750886,0.7406126,0.7484263,0.7774524,0.7520508,0.76681954,0.7292898,0.766188,0.7662124,0.7241979,0.75875646,0.7669678,0.7524176,0.75242645,0.73704,0.7573682,0.7340261,0.73522127,0.76251227,0.74038136,0.7514849,0.7552401,0.73346585,0.7500853,0.7464215,0.75048316,0.7120946,0.7428506,0.7498818,0.7487915,0.7265077,0.7460444,0.7272609,0.7433763,0.7457362,0.74434435,0.742344,0.7462518,0.7553861,0.7499743,0.7385266,0.7412399,0.769609,0.7507297,0.72380155,0.7142983,0.7637267,0.74524206,0.7541983,0.77012134,0.7569836,0.7354051,0.7469492,0.7300857,0.7527749,0.7607951,0.7540549,0.7435316,0.73728716,0.74059975,0.74879354,0.75018567,0.7595464,0.7452831,0.7303558,0.753932,0.7320895,0.73416334,0.7529312,0.7401865,0.75758773,0.74235106,0.75922793,0.7429005,0.7304032,0.7577945,0.7618601,0.74461365,0.75103164,0.7429345,0.7159052,0.73668927,0.75721425,0.7445357,0.74792767,0.758377,0.71453416,0.75286293,0.75639117,0.75941956,0.7396278,0.7485766,0.7437548,0.7540203,0.7332244,0.74721014,0.74530447,0.7579852,0.74836856,0.75190914,0.7341782,0.7409644,0.7327771,0.7322901,0.7594308,0.7676599,0.75244147,0.7246492,0.759883,0.73988205,0.7554852,0.7395765,0.7407903,0.7528593,0.740073,0.7583562,0.7397663,0.75501424,0.7406499,0.74778354,0.73708045,0.7567647,0.7448975,0.7511491,0.74501026,0.7569264,0.73326004,0.7437323,0.7302034,0.73350626,0.73686,0.73705685,0.7243915,0.7761542,0.74401975,0.75468385,0.74444526,0.7459326,0.7492821,0.72759265,0.7456344,0.74236137,0.7554821,0.7556997,0.7465352,0.7416611,0.7489073,0.73740363,0.7444588,0.7589219,0.7592655,0.7509284,0.7263004,0.74176085,0.7488199,0.73201126,0.72482556,0.73197955,0.75820845,0.7481431,0.7571688,0.74364436,0.72467375,0.7261428,0.756743,0.7311185,0.7486067,0.7380218,0.7687675,0.7517333,0.75082177,0.733741,0.73790234,0.74638826,0.72734296,0.7301943,0.7736398,0.75390035,0.7446311,0.7177338,0.7362293,0.7346499,0.74745977,0.74032426,0.7391482,0.7451917,0.7371516,0.746512,0.7502184,0.76583666,0.7370691,0.7477355,0.73361635,0.7548567,0.74207103,0.733556,0.7435594,0.76094913,0.7602018,0.7497185,0.74609995,0.73550004,0.7587142,0.7524206,0.75205505,0.74087745,0.75583595,0.73026145,0.733348,0.73955506,0.7326935,0.73286295,0.75097793,0.7300251,0.7509919,0.7464915,0.72174925,0.7388899,0.75445426,0.7443031,0.72747403,0.7644831,0.73307574,0.7570623,0.73715985,0.7500989,0.7304041,0.7484267,0.7702508,0.75294876,0.74470747,0.74780303,0.7346768,0.74411905,0.7245038,0.7534856,0.75872266,0.7221035,0.7212953,0.7697703,0.75940233,0.75523114,0.7449372,0.76401114,0.7455735,0.76573104,0.7211579,0.7389233,0.7396751,0.73620987,0.7693753,0.7540567,0.75089824,0.7402743,0.7575911,0.7524494,0.7491484,0.7443246,0.7519923,0.76084346,0.77011913,0.7587838,0.73636955,0.7529417,0.7668191,0.7393706,0.7497664,0.7328784,0.7534906,0.7455529,0.7478595,0.7516838,0.73923516,0.7329408,0.7462133,0.74208796,0.75495154,0.75148654,0.74499404,0.76373404,0.73357236,0.762266,0.7517404,0.72873706,0.7423439,0.72864175,0.7526423,0.73697484,0.7566813,0.7518535,0.7550796,0.7379243,0.74116516,0.7497658,0.74672824,0.7502886,0.72904193,0.75256383,0.740537,0.75159675,0.7424407,0.73231304,0.7397734,0.7434207,0.75859547,0.7688235,0.7576944,0.76372355,0.7426276,0.7505677,0.7448827,0.7343091,0.75413346,0.74548477,0.73176044,0.733551,0.73301214,0.7267863,0.75768656,0.75923854,0.7471505,0.73225075,0.75119406,0.75206286,0.72736937,0.7521947,0.7448945,0.75505716,0.74671406,0.7480697,0.780042,0.73778075,0.7288459,0.7588461,0.75230503,0.7634834,0.7426369,0.74710137,0.73345375,0.7485925,0.74816626,0.7635395,0.7640488,0.75273734,0.74134296,0.7440863,0.7481437,0.7624949,0.7577137,0.7602117,0.7479615,0.74315786,0.7185536,0.7377992,0.7486463,0.75947946,0.7431176,0.7711518,0.7392483,0.74833256,0.7546161,0.7204405,0.7376843,0.76168245,0.7260409,0.7401191,0.740667,0.75190914,0.74301827,0.7481364,0.73984456,0.7547407,0.7472319,0.73684645,0.7498077,0.7235966,0.7757708,0.740295,0.73858804,0.77304476,0.764685,0.7879529,0.737008,0.75612456,0.7407955,0.74409807,0.7608541,0.7410999,0.73442453,0.7430586,0.7510734,0.7440456,0.73557425,0.7470401,0.7432903,0.7622342,0.74640334,0.74189335,0.74859625,0.75672036,0.74988455,0.7384192,0.7386564,0.73804104,0.7487813,0.7293394,0.7428752,0.74750996,0.76018506,0.7565967,0.7415798,0.7453416,0.74051815,0.72620827,0.75821674,0.7461463,0.74321574,0.7450988,0.7697635,0.7619857,0.7310958,0.74062353,0.7569309,0.7337513,0.7495624,0.74317294,0.7502718,0.73834705,0.72343266,0.74189395,0.74761856,0.7536593,0.7378317,0.7368048,0.7299218,0.75950235,0.7530928,0.74844253,0.7420881,0.75705427,0.7413422,0.7470472,0.7520826,0.71527976,0.73818475,0.77344596,0.7539101,0.74132395,0.75129807,0.73109627,0.7342349,0.76081514,0.7424304,0.7358232,0.73272514,0.74475706,0.7393829,0.7742742
0.86108166,0.85240346,0.86746955,0.84852505,0.86430365,0.8644323,0.8679047,0.87408894,0.8568658,0.8610822,0.8553835,0.85623646,0.8535504,0.8733309,0.863391,0.8731796,0.8598268,0.8805257,0.8720483,0.8342797,0.84879,0.85541403,0.8478979,0.858386,0.86506665,0.87415516,0.8557626,0.86333954,0.87094074,0.8659566,0.8804927,0.8751057,0.8418522,0.8512032,0.88245916,0.8727322,0.8579367,0.8615317,0.8484914,0.87133306,0.87123865,0.857402,0.86967766,0.8750006,0.8754818,0.87007344,0.8725444,0.87542117,0.83993465,0.85271263,0.8641092,0.86354464,0.8707436,0.84893167,0.8589717,0.8799899,0.85931855,0.86176777,0.87692624,0.8465316,0.8451658,0.87199795,0.86612034,0.8542007,0.86692506,0.8634913,0.8670604,0.8558797,0.8689101,0.84879917,0.8456406,0.8625026,0.8827152,0.866529,0.8730336,0.85080546,0.8773178,0.8821296,0.8556706,0.84880805,0.86292875,0.8576248,0.8657752,0.8519599,0.8594662,0.86015075,0.8684399,0.86732507,0.86779237,0.8865079,0.85772836,0.86368465,0.8543272,0.8511768,0.8621591,0.88069004,0.86716783,0.85675734,0.8736594,0.8712965,0.8712799,0.86414325,0.8585644,0.8619536,0.8656918,0.827937,0.8720564,0.84565735,0.87587,0.8710132,0.8601542,0.88212425,0.8657545,0.8660052,0.86449814,0.85257167,0.8544942,0.8423474,0.842661,0.86352825,0.8564775,0.8782542,0.8627064,0.8653723,0.84305024,0.8369827,0.85865444,0.8692967,0.8736333,0.8502461,0.8526416,0.84876156,0.82670075,0.87063664,0.8611082,0.86722505,0.84063905,0.8527753,0.8799839,0.8749017,0.8338318,0.86796415,0.8714216,0.8807361,0.86726916,0.8645807,0.8815727,0.87855536,0.8519956,0.86437213,0.8521383,0.8583154,0.8890036,0.86369324,0.8545333,0.8772708,0.8654793,0.8567945,0.88891125,0.8508215,0.8621976,0.86949104,0.8697091,0.8466042,0.88807887,0.8591641,0.8725288,0.8650666,0.8574666,0.8682018,0.85938567,0.8608594,0.8693861,0.83837205,0.85640407,0.86169565,0.86824983,0.86057407,0.84724456,0.8441709,0.8484111,0.858296,0.866759,0.8584425,0.86152434,0.8641099,0.8884581,0.858892,0.8495471,0.8856294,0.896364,0.8722848,0.8722752,0.857157,0.85830367,0.8609007,0.86305016,0.8435689,0.8627132,0.85269266,0.8706353,0.86345136,0.85635704,0.8590611,0.8589923,0.8753197,0.8468891,0.8672625,0.86012965,0.8721965,0.880251,0.8579369,0.85405725,0.85666704,0.88071674,0.8532483,0.8644801,0.8668406,0.8835376,0.87926555,0.87339413,0.8602527,0.8680295,0.8595369,0.8697766,0.85024244,0.8607743,0.8520161,0.85169375,0.8629166,0.8786597,0.8607255,0.85248536,0.85933703,0.86752397,0.869649,0.8537376,0.8639811,0.86560094,0.8737537,0.856636,0.85337865,0.84710795,0.8602218,0.85977864,0.8653575,0.87418133,0.875297,0.86396015,0.88981307,0.85291404,0.8662998,0.8597419,0.8602411,0.86181206,0.88016194,0.85748947,0.8736759,0.8733522,0.849826,0.87100995,0.8733365,0.8581156,0.8593537,0.8544167,0.8704746,0.86548716,0.8770346,0.84431046,0.8700432,0.8620896,0.8699757,0.8632528,0.88000786,0.8564728,0.8631535,0.8663971,0.8552677,0.8476977,0.87795794,0.83783877,0.85772806,0.8562979,0.87247086,0.8601205,0.86693496,0.8575017,0.88328385,0.86176294,0.8440497,0.86208665,0.85955065,0.85008323,0.87403053,0.89008784,0.8540772,0.86411,0.8604122,0.8657731,0.8607424,0.85844475,0.8649944,0.8878688,0.8400383,0.87794775,0.8593755,0.84236217,0.8524243,0.8704849,0.8683538,0.87820375,0.8740266,0.86812514,0.8682345,0.8481983,0.8627044,0.8647447,0.8542323,0.85670954,0.85085344,0.87796706,0.8566543,0.8493115,0.872165,0.8508242,0.8725412,0.8723088,0.8692861,0.8523948,0.86668193,0.86915976,0.87138855,0.86369634,0.8700885,0.8603947,0.8778386,0.8629784,0.8502324,0.8658725,0.8615223,0.85432917,0.86885834,0.85636246,0.8753358,0.8693051,0.8554274,0.886212,0.8764478,0.8714823,0.86066324,0.8576064,0.879947,0.8559227,0.8557044,0.86052644,0.88580674,0.8519758,0.86472654,0.85288954,0.86168635,0.85458404,0.8577951,0.85292387,0.8683059,0.86920285,0.8854538,0.85518783,0.86712265,0.8800787,0.86744916,0.859175,0.8708821,0.8495311,0.8707096,0.87968487,0.8610054,0.8707541,0.84472,0.8745715,0.86327755,0.8586511,0.87990487,0.86259186,0.85316384,0.8539704,0.86897504,0.87390393,0.85096484,0.86241627,0.85635126,0.8615815,0.8515021,0.8849939,0.87321913,0.87889457,0.8564851,0.87544155,0.8681362,0.85776985,0.85316384,0.85463846,0.87481123,0.8530956,0.84791255,0.8575529,0.8660325,0.8639353,0.84444463,0.8798795,0.8616538,0.84990424,0.8584815,0.8445647,0.86775255,0.86122864,0.8626116,0.8693853,0.87572837,0.86810553,0.86706567,0.8462565,0.855675,0.8626033,0.86969507,0.8840668,0.858582,0.8545268,0.8846715,0.86685246,0.85364306,0.8707839,0.8474586,0.85835546,0.8543747,0.8630778,0.8540329,0.8741632,0.8773449,0.8449274,0.85137314,0.8726456,0.87054,0.87369806,0.8643103,0.8545655,0.86571217,0.8518725,0.8826527,0.8617048,0.8689468,0.86365503,0.88250923,0.8676363,0.8648952,0.8690031,0.8581343,0.8698488,0.8910678,0.8704724,0.8769886,0.85910344,0.8557493,0.86086994,0.8735157,0.87884784,0.87132585,0.86770546,0.84153205,0.8924208,0.8646958,0.8606591,0.86099786,0.8766434,0.8764639,0.8530867,0.8831581,0.8632674,0.8647619,0.85800326,0.8821921,0.8581874,0.842427,0.8666855,0.8696915,0.88411534,0.8553225,0.8494016,0.8719857,0.85684806,0.8733766,0.88082546,0.8701838,0.8588625,0.87299544,0.8538646,0.868555,0.8716829,0.86613566,0.861079,0.86014897,0.87418497,0.84424436,0.86427337,0.8500475,0.8745283,0.8539017,0.8753811,0.8445161,0.849624,0.863132,0.84737575,0.8779978,0.8775369,0.8814663,0.8748824,0.8656648,0.8648381,0.8754033,0.8710451,0.8629299,0.86686474,0.8695448,0.8557866,0.8633906,0.8652834,0.8919911,0.8489915,0.8568665,0.87095666,0.8637358,0.86567944,0.8731092,0.84949774,0.8480657,0.85201335,0.87474513,0.8720522,0.8566462,0.8537922,0.8473857,0.85569555,0.8676696,0.8712393,0.85520744,0.86781204,0.8792409,0.8534579,0.8729378,0.85775054,0.8822855,0.89021623,0.85152227,0.8622856,0.8590036,0.881004,0.86124647,0.84841853,0.8728778,0.8564365,0.8636851,0.8766887,0.8575703,0.8736949,0.8692326,0.84664357,0.88479507,0.8871111,0.8608006,0.8676405,0.8583426,0.87229997,0.8501029,0.84394264,0.8361687,0.85779434,0.8624464,0.8598112,0.8601151,0.872905,0.8585834,0.8756232,0.87081236,0.88111854,0.83037525,0.8799967,0.8677003,0.8516135,0.8531953,0.87616056,0.84648824,0.8513814,0.8838317,0.8723307,0.8410265,0.8744056,0.8523997,0.8737466,0.88492185,0.8542634,0.8635057,0.89139736,0.85851157,0.8572761,0.8744162,0.8779675,0.86418587,0.8859931,0.8695605,0.8533971,0.8534211,0.8825717,0.8690798,0.88108444,0.85301304,0.8589525,0.8360044,0.83384454,0.8752048,0.85575444,0.86706805,0.85800844,0.863229,0.860617,0.8614551,0.8663462,0.86348057,0.8679013,0.8762197,0.8583029,0.8826477,0.87243724,0.8669147,0.8537176,0.8788242,0.8566258,0.8757911,0.86788833,0.876593,0.8682484,0.8799932,0.86412585,0.8691202,0.86327475,0.8628837,0.85739726,0.84976417,0.87629515,0.87740064,0.86295897,0.8652725,0.8597117,0.86535347,0.8556819,0.860542,0.8586354,0.8601907,0.8623941,0.8906179,0.8520207,0.875418,0.85130125,0.87014264,0.8576717,0.87435615,0.8789306,0.8789163,0.84366083,0.84778255,0.863675,0.8611312,0.8421937,0.86881685,0.8809351,0.8551747,0.8426931,0.8898286,0.8421701,0.87448746,0.8643977,0.86457366,0.8745197,0.8488121,0.87767255,0.86458254,0.86725146,0.8834388,0.8520342,0.85749227,0.8805093,0.8623673,0.84180456,0.8865327,0.86472994,0.87263215,0.8439931,0.8683806,0.8682684,0.85880226,0.8339165,0.8760222,0.88007903,0.8375427,0.86486787,0.86489475,0.8309661,0.8555085,0.8584121,0.8522787,0.87572205,0.83764136,0.86932033,0.8641988,0.85793,0.8581998,0.8702916,0.8693924,0.85081846,0.87670135,0.8794843,0.86007816,0.8678453,0.83993644,0.8736305,0.8519116,0.85371745,0.8479237,0.88166773,0.86656404,0.87381524,0.86989534,0.8746879,0.8732272,0.84832007,0.8474065,0.8718015,0.88701487,0.854457,0.8568272,0.8563815,0.8656723,0.8602968,0.8650606,0.86523163,0.8739206,0.8588574,0.87244576,0.86530226,0.873222,0.8752979,0.8608554,0.8676138,0.8641006,0.8716797,0.8608332,0.8720546,0.8607253,0.8592406,0.8902274,0.8673558,0.8578021,0.8581328,0.8585241,0.8523518,0.8702847,0.85132635,0.87223434,0.8568992,0.8698465,0.8556497,0.88855267,0.8722378,0.85556835,0.8636808,0.8716377,0.85039985,0.8745347,0.8583981,0.8678023,0.8632228,0.8584707,0.8442419,0.87546414,0.87656677,0.8757025,0.86610395,0.8517943,0.8574391,0.8552771,0.8359447,0.86230236,0.8569376,0.8603761,0.8931631,0.87526006,0.84761345,0.8574267,0.87177414,0.86021566,0.8617621,0.85586053,0.8564316,0.8572594,0.88244516,0.8750789,0.87864643,0.8529905,0.8742583,0.8673951,0.8524058,0.85474616,0.8689325,0.8611342,0.8691945,0.86228305,0.88962483,0.86833316,0.8673233,0.84409946,0.8806463,0.85331357,0.87619656,0.8651258,0.8447182,0.8622266,0.85075396,0.84757835,0.87392277,0.8510026,0.85689044,0.8810743,0.8594091,0.8773952,0.87626666,0.87208354,0.86546993,0.8778535,0.87256217,0.8734158,0.8613386,0.86791396,0.88185513,0.8635608,0.8644011,0.8604603,0.87100464,0.8570127,0.8839401,0.8836022,0.8601522,0.85680306,0.8729315,0.862622,0.87350225,0.8473671,0.8588621,0.8637429,0.86222035,0.84950835,0.849005,0.8571951,0.8703421,0.87420285,0.86667335,0.8622681,0.8686049,0.8887507,0.85935944,0.85707563,0.8719264,0.8778089,0.87261456,0.855521,0.8792688,0.8601709,0.8381548,0.88061213,0.8652857,0.870429,0.8565018,0.87731516,0.8607519,0.84255576,0.88065875,0.88037246,0.85241026,0.85766566,0.86631215,0.8636498,0.85784554,0.8775905,0.8490641,0.8597323,0.86668634,0.85394204,0.8463558,0.84432334,0.87223464,0.8776821,0.8723532,0.8722247,0.8456604,0.8604504,0.8679638,0.86166954,0.847449,0.87799627,0.85124296,0.84947383,0.8673288,0.8701365,0.83936185,0.8538509,0.8716581,0.8596542,0.8878068,0.8515155,0.8685772,0.8502895,0.8900599,0.8643404,0.87014353,0.8644829,0.8903072,0.8672865,0.8424163,0.8549979,0.86502194,0.8687566,0.8779757,0.86743087,0.8513647,0.8584886,0.8695321,0.85700953,0.854019,0.8683322,0.8542752,0.85327846,0.8583049,0.8735647,0.8690003,0.8608956,0.8501536,0.8501249,0.86232835,0.86221516,0.86367047,0.87584364,0.84771544,0.87886894,0.85939664,0.8931498,0.88432336,0.8639889,0.86092657,0.86773974,0.8784638,0.86326766,0.8623729,0.8514448,0.88024586,0.88894206,0.84878874,0.85241926,0.8654878,0.8545057,0.8660267,0.8464621,0.8646109,0.85314244,0.86551976,0.8623734,0.8550628,0.86319405,0.855753,0.8595691,0.86467963,0.87696636,0.84335923,0.8404449,0.8679691,0.86286294,0.8625334,0.8630885,0.8636158,0.8341651,0.87877756,0.8798837,0.8833717,0.87011117,0.87899995,0.84597504,0.8648059,0.86676943,0.86624324,0.85616225,0.8701327,0.8600939,0.8686682,0.8845394
0.5992656,0.60621744,0.6293076,0.601369,0.6240032,0.61803883,0.619425,0.6366154,0.59584427,0.6214822,0.6144559,0.61816376,0.6159656,0.62053746,0.6226589,0.6367197,0.6138853,0.63146776,0.61929023,0.5982154,0.61320245,0.6081658,0.60534006,0.6375667,0.6097836,0.62320983,0.62127095,0.6100031,0.6236812,0.6099756,0.6318426,0.62534183,0.61006325,0.61558545,0.64055616,0.62518287,0.6195967,0.6099232,0.61379176,0.6136011,0.62267303,0.6119696,0.624308,0.6230193,0.6303449,0.60699105,0.6109733,0.62040174,0.61073977,0.5947839,0.61781394,0.63405454,0.6357347,0.6227914,0.6088647,0.6327128,0.6083078,0.6269955,0.6070847,0.6021387,0.6101331,0.6429351,0.6299097,0.6098678,0.6188738,0.6138354,0.62715864,0.6521903,0.63165087,0.6189492,0.61303765,0.59890985,0.63056207,0.62021565,0.63406897,0.6192383,0.6245538,0.6395584,0.63408303,0.6186087,0.62296176,0.6286849,0.61976767,0.60940295,0.6168232,0.6184699,0.6082146,0.62101114,0.6251734,0.6272475,0.6167858,0.62188256,0.624581,0.6070967,0.60774577,0.64684653,0.60776705,0.620729,0.627798,0.6246535,0.63896126,0.6266723,0.61575985,0.6017509,0.63106275,0.60553825,0.6110992,0.63041365,0.6196955,0.6147879,0.6181415,0.6088704,0.6190044,0.62034136,0.6122788,0.61370265,0.6168188,0.6056421,0.616549,0.6248568,0.6133562,0.627893,0.634843,0.61741537,0.5878109,0.5973529,0.6165247,0.62532187,0.6099885,0.61285573,0.6178993,0.6148652,0.5963782,0.62573946,0.62123835,0.64194417,0.6110102,0.62504256,0.63196534,0.60402745,0.60715526,0.6146065,0.62696826,0.6354008,0.6112212,0.62807924,0.6428989,0.642477,0.6192664,0.62039775,0.6203891,0.6159425,0.62636054,0.632223,0.6110745,0.62159175,0.6214599,0.60691524,0.63038135,0.60020167,0.622716,0.61409914,0.62054235,0.6293279,0.6400213,0.6208228,0.6232996,0.61061054,0.6161282,0.6083363,0.59783703,0.61136854,0.63187575,0.6116,0.6188693,0.60491055,0.62365645,0.6135073,0.6025282,0.60796726,0.6127064,0.61510056,0.6198531,0.61820406,0.6107992,0.61857873,0.6102988,0.6202941,0.6180753,0.6406372,0.63602895,0.61753803,0.6053972,0.6092682,0.61014366,0.61914,0.6287656,0.6100435,0.6156482,0.6071702,0.6265369,0.6232257,0.61224073,0.61748654,0.62851715,0.61903644,0.61915326,0.61086446,0.61430216,0.61820954,0.62800026,0.6132893,0.62218124,0.6271885,0.63649416,0.6056649,0.6086388,0.6141191,0.6462737,0.6239673,0.61357594,0.6119244,0.63018405,0.6217023,0.62521863,0.61971486,0.6127566,0.59536684,0.6245389,0.60866165,0.636199,0.6240444,0.6119159,0.61924595,0.6127659,0.6198187,0.61040974,0.61245435,0.59595555,0.6340996,0.5995646,0.60390574,0.6163733,0.610919,0.5974874,0.61820346,0.62542224,0.6263927,0.6029214,0.62437063,0.61719847,0.6275504,0.6152847,0.6043655,0.61662155,0.6425247,0.5952858,0.6314861,0.6107576,0.62159896,0.61871815,0.6397809,0.611717,0.6242165,0.64204776,0.6373949,0.6323965,0.62963146,0.61709654,0.61551255,0.63351893,0.6221001,0.61455095,0.61051,0.5960692,0.61632365,0.62771016,0.6238058,0.61797,0.614747,0.5927517,0.6441667,0.6239881,0.6062912,0.61935776,0.62710667,0.61414665,0.6366468,0.61589193,0.6139005,0.61439013,0.6254747,0.61454684,0.6427468,0.64722466,0.6104281,0.61750966,0.59404945,0.62265855,0.62694234,0.63042414,0.63030386,0.6304869,0.6017378,0.62215626,0.6189658,0.61024106,0.623556,0.62121016,0.6178989,0.64104784,0.61780334,0.61932325,0.61433184,0.6080336,0.60964835,0.61393243,0.62662446,0.6062616,0.6088838,0.62615144,0.61828935,0.6105918,0.5972266,0.61744756,0.6218934,0.6382672,0.6325689,0.59898376,0.6298309,0.62517583,0.6156216,0.616461,0.61953986,0.6315705,0.62628394,0.60895425,0.59895873,0.6110936,0.62849164,0.6159483,0.62656766,0.61999685,0.6240524,0.6286376,0.62599766,0.64114684,0.60399127,0.59976226,0.6167102,0.61464345,0.64849424,0.6026766,0.6170927,0.61042404,0.64958966,0.59381235,0.62386245,0.6090143,0.607308,0.6143701,0.6234411,0.6219409,0.6247708,0.62101114,0.62344795,0.61478764,0.6194959,0.62624586,0.6164987,0.6187993,0.6309048,0.62512594,0.6160797,0.6413927,0.6038261,0.62070155,0.6012495,0.6237567,0.61185056,0.6286414,0.6205942,0.6305618,0.6289798,0.6223306,0.62559825,0.62333643,0.6198678,0.6199669,0.61485,0.6235491,0.60873586,0.63071984,0.6321106,0.6298337,0.5958172,0.64028466,0.61667645,0.60575783,0.6205548,0.60670793,0.6416428,0.6103162,0.6138424,0.6084818,0.62490344,0.6316841,0.61128366,0.62170726,0.6170854,0.6041032,0.5992429,0.60615325,0.6269349,0.62323,0.61502486,0.6284374,0.6153275,0.6288387,0.62982845,0.60810304,0.61667454,0.6225804,0.60396534,0.62708867,0.6096217,0.62453777,0.63340086,0.5984621,0.60536635,0.634192,0.61340153,0.62927693,0.6114945,0.62771755,0.62795305,0.64530885,0.62367666,0.60116225,0.62161136,0.6254284,0.6101992,0.6266666,0.61503685,0.60817075,0.61852366,0.6089818,0.6285081,0.6264247,0.62583333,0.6175453,0.6223303,0.6010121,0.633924,0.6222272,0.60987055,0.62916136,0.6427866,0.621008,0.6112166,0.6161553,0.6105552,0.6229621,0.6194051,0.6089153,0.6165852,0.61206967,0.63185835,0.6390199,0.61477,0.6144919,0.60917056,0.6110186,0.6381431,0.6189847,0.62733203,0.6338086,0.59215105,0.6201175,0.61895,0.6042625,0.61493254,0.61542904,0.61783916,0.6168683,0.6131255,0.61514497,0.6342256,0.5965964,0.6158441,0.6104209,0.6230994,0.61455995,0.6283032,0.6037797,0.6256031,0.64203155,0.6271834,0.6350577,0.6103221,0.6327966,0.6164121,0.6347561,0.6129854,0.63602036,0.6134269,0.6135885,0.5873745,0.61742884,0.6227135,0.6107252,0.63572323,0.61913013,0.61132205,0.6227532,0.61717147,0.63996184,0.64154774,0.6296709,0.63019377,0.6151084,0.612532,0.6001816,0.6284495,0.6354553,0.6459668,0.61858976,0.60322917,0.6089459,0.6159077,0.6251354,0.63012874,0.62075,0.60948837,0.6115847,0.6165468,0.6337973,0.6197544,0.6246204,0.5948498,0.6070441,0.61207825,0.6263324,0.602503,0.6170702,0.62915313,0.6104697,0.6286386,0.6134148,0.6376511,0.65034246,0.611894,0.62840027,0.6108556,0.6419653,0.61822957,0.6014232,0.6171886,0.6149057,0.6246876,0.64088094,0.60818374,0.6263703,0.6299613,0.6194727,0.64402837,0.62119496,0.6209866,0.6264801,0.6250876,0.6109265,0.6117597,0.6076639,0.6138894,0.6315036,0.6129766,0.61527234,0.6450861,0.6101491,0.6204193,0.6463626,0.6215458,0.61832064,0.59745675,0.6245715,0.6281713,0.61135006,0.59975684,0.6200054,0.6112164,0.6335934,0.6140341,0.6128318,0.6180586,0.6320228,0.6221874,0.6109818,0.6230233,0.62889355,0.6214799,0.61936146,0.6228579,0.6102898,0.62334985,0.62003684,0.6213892,0.616067,0.61725444,0.6080245,0.6346789,0.61606973,0.6262397,0.63374066,0.62055737,0.6196529,0.5882941,0.6224393,0.60713804,0.624007,0.63383454,0.61162734,0.619823,0.59774274,0.60381305,0.6295508,0.6143481,0.62179625,0.6139576,0.60520935,0.6296051,0.6237509,0.61133164,0.6050166,0.6194067,0.6234051,0.63041866,0.6272496,0.6196145,0.62334,0.63450235,0.62619936,0.6120626,0.62630934,0.630737,0.6239268,0.621389,0.6329778,0.6211976,0.61328197,0.6168336,0.6142782,0.610766,0.60223216,0.6143918,0.6164014,0.6103822,0.6157063,0.63516647,0.6286967,0.6208459,0.62630993,0.6049368,0.61249757,0.60922223,0.6320194,0.6280545,0.61692595,0.5995996,0.6269133,0.6217705,0.6164377,0.6170192,0.62296253,0.6207935,0.6183072,0.63214844,0.60805076,0.6060207,0.6153133,0.6233697,0.6211985,0.61041266,0.6319893,0.630006,0.63767207,0.6082723,0.6002554,0.6255754,0.6234651,0.61277634,0.61114043,0.6321159,0.61687505,0.61342734,0.60787755,0.61554545,0.62632936,0.61198854,0.61049485,0.62406456,0.62901217,0.6006901,0.6270969,0.6192737,0.6088859,0.61415887,0.60332876,0.6216251,0.62660176,0.6202779,0.6155175,0.6115261,0.6239676,0.6279961,0.6153985,0.6232173,0.6103048,0.6205047,0.63424677,0.6155891,0.6182401,0.6070671,0.61574554,0.6099141,0.6072961,0.5980338,0.63211364,0.6073153,0.6283002,0.60438293,0.62064487,0.6271496,0.6246461,0.5974378,0.6208644,0.63571703,0.6079572,0.6016105,0.61565673,0.64836735,0.6110975,0.6290182,0.62297636,0.6326009,0.6130054,0.621249,0.61975175,0.6262922,0.63610095,0.61437696,0.63250846,0.63882494,0.63516647,0.61367166,0.6337408,0.6179752,0.6329459,0.6241453,0.6148427,0.63569975,0.6145362,0.60786545,0.61867267,0.6078527,0.618113,0.651215,0.607043,0.6154814,0.6116276,0.62955487,0.6255673,0.6239574,0.621446,0.6115475,0.60529035,0.63183403,0.60362655,0.6245149,0.6277534,0.6224385,0.603106,0.6125039,0.6432768,0.62817407,0.60975,0.6281037,0.6152753,0.61807114,0.5941318,0.6162183,0.6050092,0.6274932,0.64400566,0.6202163,0.6224487,0.61111546,0.62012523,0.62214434,0.615924,0.59678984,0.62468535,0.615461,0.6338135,0.6390513,0.6111317,0.61252725,0.6223663,0.6040286,0.61193836,0.6250744,0.63489586,0.62763655,0.6367936,0.61122537,0.63522726,0.63003737,0.6058853,0.6077735,0.6384386,0.6308878,0.6304293,0.6349544,0.6111886,0.6046682,0.6079868,0.6104619,0.62248695,0.6045669,0.60869706,0.6297247,0.62321705,0.6459871,0.62545836,0.61864096,0.633697,0.62584376,0.6232773,0.6305939,0.626049,0.61520153,0.6243463,0.6133207,0.61463785,0.60436046,0.614446,0.62020236,0.624661,0.61768645,0.62615764,0.6239858,0.62802756,0.6138338,0.6018777,0.6222621,0.6187577,0.6244139,0.62226814,0.5940362,0.6082459,0.6096416,0.6140423,0.63652796,0.6245711,0.6255839,0.615851,0.62350726,0.630165,0.62771255,0.62912315,0.6314791,0.62504506,0.6115874,0.6287774,0.62025744,0.601984,0.6076316,0.61122316,0.6333212,0.60794395,0.6219906,0.61012596,0.59193087,0.61235994,0.62783957,0.62534356,0.609629,0.6275185,0.61624205,0.62009585,0.63550305,0.6351843,0.6414993,0.598914,0.609924,0.60124916,0.6177063,0.6244645,0.6287007,0.6277753,0.64277565,0.59675556,0.6168663,0.626747,0.6155646,0.61401474,0.6577058,0.6141317,0.61448544,0.6194419,0.6244255,0.5951222,0.64119154,0.6178455,0.6033314,0.6312256,0.61400044,0.62814957,0.6044823,0.620022,0.6313237,0.63038623,0.6331345,0.6248141,0.6257793,0.60711837,0.61332464,0.62129396,0.613424,0.63651526,0.61830974,0.6117691,0.6177411,0.6007975,0.6067352,0.61596364,0.6439513,0.61738247,0.6159489,0.6253042,0.630322,0.6321708,0.6240792,0.625515,0.61844254,0.6081372,0.62721586,0.616097,0.6315009,0.6096825,0.6206313,0.62220764,0.64086306,0.62621385,0.6263698,0.6358535,0.6248698,0.6269363,0.61920035,0.6061422,0.60716873,0.62712693,0.62529665,0.5964979,0.6140538,0.6269342,0.60648966,0.6106761,0.61818904,0.6317169,0.6078567,0.59671783,0.63093257,0.6166898,0.61500186,0.6221437,0.6137165,0.61510515,0.62704784,0.6089074,0.6080985,0.6136821,0.61443835,0.618846,0.6180371,0.6422684,0.6023306,0.61979014,0.6226634,0.63032025,0.6234486,0.6287107,0.6032475,0.61258256,0.6114538,0.6257972,0.6258901,0.61206734,0.6199568,0.6236577,0.6383625
0.0,0.0,0.0,0.0,0.0,0.0,0.0,0.0,0.0,0.0,0.0,0.0,0.0,0.0,0.0,0.0,0.0,0.0,0.0,0.0,0.0,0.0,0.0,0.0,0.0,0.0,0.0,0.0,0.0,0.0,0.0,0.0,0.0,0.0,0.0,0.0,0.0,0.0,0.0,0.0,0.0,0.0,0.0,0.0,0.0,0.0,0.0,0.0,0.0,0.0,0.0,0.0,0.0,0.0,0.0,0.0,0.0,0.0,0.0,0.0,0.0,0.0,0.0,0.0,0.0,0.0,0.0,0.0,0.0,0.0,0.0,0.0,0.0,0.0,0.0,0.0,0.0,0.0,0.0,0.0,0.0,0.0,0.0,0.0,0.0,0.0,0.0,0.0,0.0,0.0,0.0,0.0,0.0,0.0,0.0,0.0,0.0,0.0,0.0,0.0,0.0,0.0,0.0,0.0,0.0,0.0,0.0,0.0,0.0,0.0,0.0,0.0,0.0,0.0,0.0,0.0,0.0,0.0,0.0,0.0,0.0,0.0,0.0,0.0,0.0,0.0,0.0,0.0,0.0,0.0,0.0,0.0,0.0,0.0,0.0,0.0,0.0,0.0,0.0,0.0,0.0,0.0,0.0,0.0,0.0,0.0,0.0,0.0,0.0,0.0,0.0,0.0,0.0,0.0,0.0,0.0,0.0,0.0,0.0,0.0,0.0,0.0,0.0,0.0,0.0,0.0,0.0,0.0,0.0,0.0,0.0,0.0,0.0,0.0,0.0,0.0,0.0,0.0,0.0,0.0,0.0,0.0,0.0,0.0,0.0,0.0,0.0,0.0,0.0,0.0,0.0,0.0,0.0,0.0,0.0,0.0,0.0,0.0,0.0,0.0,0.0,0.0,0.0,0.0,0.0,0.0,0.0,0.0,0.0,0.0,0.0,0.0,0.0,0.0,0.0,0.0,0.0,0.0,0.0,0.0,0.0,0.0,0.0,0.0,0.0,0.0,0.0,0.0,0.0,0.0,0.0,0.0,0.0,0.0,0.0,0.0,0.0,0.0,0.0,0.0,0.0,0.0,0.0,0.0,0.0,0.0,0.0,0.0,0.0,0.0,0.0,0.0,0.0,0.0,0.0,0.0,0.0,0.0,0.0,0.0,0.0,0.0,0.0,0.0,0.0,0.0,0.0,0.0,0.0,0.0,0.0,0.0,0.0,0.0,0.0,0.0,0.0,0.0,0.0,0.0,0.0,0.0,0.0,0.0,0.0,0.0,0.0,0.0,0.0,0.0,0.0,0.0,0.0,0.0,0.0,0.0,0.0,0.0,0.0,0.0,0.0,0.0,0.0,0.0,0.0,0.0,0.0,0.0,0.0,0.0,0.0,0.0,0.0,0.0,0.0,0.0,0.0,0.0,0.0,0.0,0.0,0.0,0.0,0.0,0.0,0.0,0.0,0.0,0.0,0.0,0.0,0.0,0.0,0.0,0.0,0.0,0.0,0.0,0.0,0.0,0.0,0.0,0.0,0.0,0.0,0.0,0.0,0.0,0.0,0.0,0.0,0.0,0.0,0.0,0.0,0.0,0.0,0.0,0.0,0.0,0.0,0.0,0.0,0.0,0.0,0.0,0.0,0.0,0.0,0.0,0.0,0.0,0.0,0.0,0.0,0.0,0.0,0.0,0.0,0.0,0.0,0.0,0.0,0.0,0.0,0.0,0.0,0.0,0.0,0.0,0.0,0.0,0.0,0.0,0.0,0.0,0.0,0.0,0.0,0.0,0.0,0.0,0.0,0.0,0.0,0.0,0.0,0.0,0.0,0.0,0.0,0.0,0.0,0.0,0.0,0.0,0.0,0.0,0.0,0.0,0.0,0.0,0.0,0.0,0.0,0.0,0.0,0.0,0.0,0.0,0.0,0.0,0.0,0.0,0.0,0.0,0.0,0.0,0.0,0.0,0.0,0.0,0.0,0.0,0.0,0.0,0.0,0.0,0.0,0.0,0.0,0.0,0.0,0.0,0.0,0.0,0.0,0.0,0.0,0.0,0.0,0.0,0.0,0.0,0.0,0.0,0.0,0.0,0.0,0.0,0.0,0.0,0.0,0.0,0.0,0.0,0.0,0.0,0.0,0.0,0.0,0.0,0.0,0.0,0.0,0.0,0.0,0.0,0.0,0.0,0.0,0.0,0.0,0.0,0.0,0.0,0.0,0.0,0.0,0.0,0.0,0.0,0.0,0.0,0.0,0.0,0.0,0.0,0.0,0.0,0.0,0.0,0.0,0.0,0.0,0.0,0.0,0.0,0.0,0.0,0.0,0.0,0.0,0.0,0.0,0.0,0.0,0.0,0.0,0.0,0.0,0.0,0.0,0.0,0.0,0.0,0.0,0.0,0.0,0.0,0.0,0.0,0.0,0.0,0.0,0.0,0.0,0.0,0.0,0.0,0.0,0.0,0.0,0.0,0.0,0.0,0.0,0.0,0.0,0.0,0.0,0.0,0.0,0.0,0.0,0.0,0.0,0.0,0.0,0.0,0.0,0.0,0.0,0.0,0.0,0.0,0.0,0.0,0.0,0.0,0.0,0.0,0.0,0.0,0.0,0.0,0.0,0.0,0.0,0.0,0.0,0.0,0.0,0.0,0.0,0.0,0.0,0.0,0.0,0.0,0.0,0.0,0.0,0.0,0.0,0.0,0.0,0.0,0.0,0.0,0.0,0.0,0.0,0.0,0.0,0.0,0.0,0.0,0.0,0.0,0.0,0.0,0.0,0.0,0.0,0.0,0.0,0.0,0.0,0.0,0.0,0.0,0.0,0.0,0.0,0.0,0.0,0.0,0.0,0.0,0.0,0.0,0.0,0.0,0.0,0.0,0.0,0.0,0.0,0.0,0.0,0.0,0.0,0.0,0.0,0.0,0.0,0.0,0.0,0.0,0.0,0.0,0.0,0.0,0.0,0.0,0.0,0.0,0.0,0.0,0.0,0.0,0.0,0.0,0.0,0.0,0.0,0.0,0.0,0.0,0.0,0.0,0.0,0.0,0.0,0.0,0.0,0.0,0.0,0.0,0.0,0.0,0.0,0.0,0.0,0.0,0.0,0.0,0.0,0.0,0.0,0.0,0.0,0.0,0.0,0.0,0.0,0.0,0.0,0.0,0.0,0.0,0.0,0.0,0.0,0.0,0.0,0.0,0.0,0.0,0.0,0.0,0.0,0.0,0.0,0.0,0.0,0.0,0.0,0.0,0.0,0.0,0.0,0.0,0.0,0.0,0.0,0.0,0.0,0.0,0.0,0.0,0.0,0.0,0.0,0.0,0.0,0.0,0.0,0.0,0.0,0.0,0.0,0.0,0.0,0.0,0.0,0.0,0.0,0.0,0.0,0.0,0.0,0.0,0.0,0.0,0.0,0.0,0.0,0.0,0.0,0.0,0.0,0.0,0.0,0.0,0.0,0.0,0.0,0.0,0.0,0.0,0.0,0.0,0.0,0.0,0.0,0.0,0.0,0.0,0.0,0.0,0.0,0.0,0.0,0.0,0.0,0.0,0.0,0.0,0.0,0.0,0.0,0.0,0.0,0.0,0.0,0.0,0.0,0.0,0.0,0.0,0.0,0.0,0.0,0.0,0.0,0.0,0.0,0.0,0.0,0.0,0.0,0.0,0.0,0.0,0.0,0.0,0.0,0.0,0.0,0.0,0.0,0.0,0.0,0.0,0.0,0.0,0.0,0.0,0.0,0.0,0.0,0.0,0.0,0.0,0.0,0.0,0.0,0.0,0.0,0.0,0.0,0.0,0.0,0.0,0.0,0.0,0.0,0.0,0.0,0.0,0.0,0.0,0.0,0.0,0.0,0.0,0.0,0.0,0.0,0.0,0.0,0.0,0.0,0.0,0.0,0.0,0.0,0.0,0.0,0.0,0.0,0.0,0.0,0.0,0.0,0.0,0.0,0.0,0.0,0.0,0.0,0.0,0.0,0.0,0.0,0.0,0.0,0.0,0.0,0.0,0.0,0.0,0.0,0.0,0.0,0.0,0.0,0.0,0.0,0.0,0.0,0.0,0.0,0.0,0.0,0.0,0.0,0.0,0.0,0.0,0.0,0.0,0.0,0.0,0.0,0.0,0.0,0.0,0.0,0.0,0.0,0.0,0.0,0.0,0.0,0.0,0.0,0.0,0.0,0.0,0.0,0.0,0.0,0.0,0.0,0.0,0.0,0.0,0.0,0.0,0.0,0.0,0.0,0.0,0.0,0.0,0.0,0.0,0.0,0.0,0.0,0.0,0.0,0.0,0.0,0.0,0.0,0.0,0.0,0.0,0.0,0.0,0.0,0.0,0.0,0.0,0.0,0.0,0.0,0.0,0.0,0.0,0.0,0.0,0.0,0.0,0.0,0.0,0.0,0.0,0.0,0.0,0.0,0.0,0.0,0.0,0.0,0.0
1.0206393,1.019463,1.0234804,1.0185812,1.0563418,1.0211705,1.025917,1.0342408,1.010009,1.0293972,1.0282054,1.006019,1.0227883,1.0151877,1.021998,1.031733,1.0267411,1.0379931,1.026491,1.0033455,1.0229586,1.0229111,1.0190178,1.0381004,1.0115612,1.0173639,1.0365082,1.023595,1.0388645,1.0121585,1.0486121,1.03803,1.0086014,1.0252286,1.04347,1.0293862,1.0319729,1.020335,1.0274069,1.0281126,1.0313349,1.0189624,1.0431414,1.0317973,1.0400426,1.0310307,1.022268,1.0462751,1.0082773,1.0152906,1.0364594,1.0413196,1.0287902,1.005273,1.0229957,1.0359685,1.0318127,1.0311209,1.0247495,1.0179577,1.0233941,1.0192525,1.0346661,1.0274224,1.0284061,1.0215375,1.0357854,1.0458764,1.0359238,1.025437,1.0127224,1.0211998,1.0251716,1.0274427,1.0301043,1.0275713,1.042694,1.0361967,1.0061426,1.0284528,1.0433886,1.0137886,1.027562,1.009335,1.0239946,1.0096653,1.0102869,1.0312737,1.0321846,1.0301208,1.02075,1.0253127,1.0231696,1.0296929,1.0116649,1.0468472,1.0406232,1.016785,1.0328872,1.0238388,1.0357456,1.0265872,1.020366,1.0332525,1.0367975,1.0150719,1.0285941,1.0258571,1.0257529,1.0220819,1.0220487,1.0322361,1.0315993,1.0461367,1.030754,1.0329591,1.0244553,1.0058266,1.0268961,1.0394892,1.0189363,1.0323853,1.0359898,1.0345306,1.0042706,1.0070317,1.0259284,1.0433265,1.0277063,1.0271807,1.0213825,1.0170534,1.0095788,1.0451168,1.0359913,1.0465535,1.0031035,1.0354942,1.0313314,1.0136905,1.0121022,1.0403337,1.0393832,1.0458688,1.0117701,1.0471393,1.0411135,1.0572841,1.0258168,1.0413386,1.0302131,1.0220708,1.0394039,1.0297396,1.031202,1.0382442,1.0239291,1.0038879,1.0362622,1.0166196,1.022351,1.0298772,1.0442736,1.0204982,1.0435444,1.0149312,1.0302674,1.0327506,1.0155184,1.0174292,1.0211276,1.0212051,1.0262198,1.0221766,1.0099511,1.0162063,1.0400838,1.0527959,1.007526,1.0104525,1.0284672,1.0233661,1.0185201,1.0150126,1.0203933,1.0365031,1.0301721,1.0122457,1.0242157,1.0257653,1.034814,1.0142978,1.0277206,1.020337,1.0297315,1.0291138,1.024516,1.0180023,1.0139965,1.0176885,1.0309678,1.036533,1.0224813,1.0239091,1.0405462,1.0337085,1.0206168,1.0207517,1.0282491,1.0284134,1.0375539,1.022223,1.0191995,1.0295709,1.0288756,1.0180434,1.0211157,1.0268553,1.0384448,1.028584,1.0279298,1.0314285,1.0345032,1.0162251,1.0344328,1.0316916,1.0124943,1.0121562,1.041707,1.0288651,1.0305898,1.0278058,1.0250318,1.0345792,1.0255643,1.0269324,1.032357,1.0289645,1.005867,1.0433549,1.0231715,1.0130947,1.0249115,1.019047,1.0158999,1.0238948,1.0379089,1.0359985,1.026821,1.0342966,1.024919,1.0301131,1.0117637,1.0185661,1.0151404,1.0369431,1.0265275,1.0347768,1.0293479,1.0229133,1.0397723,1.0302823,1.0211536,1.030908,1.0292242,1.0342128,1.0417293,1.0377384,1.0081,1.0354187,1.0330563,1.035602,1.0319883,1.0319849,1.0076374,1.0391501,1.0468386,1.0156013,1.0195507,1.0277733,1.0188347,1.0375246,1.0071037,1.0351695,1.0158508,1.0342861,1.0314195,1.0364597,1.0134245,1.0123364,1.0334561,1.018295,1.0304527,1.0488746,1.0449208,1.0267472,1.0273527,1.0270739,1.0363196,1.0215834,1.0229213,1.0329264,1.0273691,1.0277622,1.0378327,1.0193584,1.0174584,1.0150476,1.0250455,1.0364863,1.0493982,1.0436549,1.0386698,1.0164118,0.9991119,1.0265274,1.0209681,1.0251192,1.0278555,1.0167806,1.026996,1.0330095,1.0074078,1.0232661,1.0088072,1.0242448,1.0444055,1.0417498,1.0305108,1.0290127,1.0257391,1.0389113,1.0256231,1.0288131,1.0407337,1.0213728,1.0179961,1.0164335,1.0261656,1.0303172,1.0263261,1.032057,1.0238308,1.0487111,1.0180813,1.0296565,1.0382637,1.0041369,1.0137109,1.0277014,1.023451,1.0331451,1.0216066,1.044091,1.018276,1.0464866,1.0011778,1.0448647,1.0125686,1.0350652,1.0217055,1.0296017,1.0098716,1.0299553,1.0251545,1.0258405,1.0313964,1.0197817,1.0545822,1.0284271,1.018046,1.0430142,1.0199853,1.0387012,1.038229,1.018433,1.029105,1.0063704,1.0286603,1.0321944,1.0089434,1.0154349,1.0343951,1.0194129,1.0226818,1.0320144,1.0312854,1.0285541,1.0270212,1.0285579,1.0305388,1.0259838,1.0234994,1.0414947,1.0414966,1.0102226,1.0423013,1.0295548,1.0284796,1.03391,1.016283,1.0321989,1.010228,1.0181886,1.0222038,1.0265543,1.0304822,1.0241892,1.0243151,1.0243505,1.0025728,1.0316725,1.0291787,1.0331095,1.0208033,1.0188043,1.0260937,1.0411794,1.033075,1.0342509,1.029342,1.0218692,1.028222,1.0418733,1.0311428,1.0284017,1.028724,1.041681,1.0171684,1.0183108,1.0339487,1.0257918,1.0308465,1.0271573,1.0347294,1.0191171,1.0376811,1.0330247,1.0200061,1.0243359,1.0345964,1.0377917,1.0171067,1.0243002,1.0331419,1.0304407,1.0313874,1.044555,1.0270417,1.0320075,1.0325304,1.0424755,1.0088048,1.040133,1.0253824,1.0252547,1.0313773,1.0472655,1.0311443,1.0394558,1.0201001,1.0267364,1.0383523,1.0201194,1.0348693,1.0209292,1.0254234,1.0199867,1.0361614,1.0291214,1.0260934,1.010445,1.0316178,1.0367981,1.0235738,1.0357909,1.0390862,1.0013357,1.0348417,1.0416738,1.0215385,1.0331334,1.0269938,1.0168637,1.0256337,1.026343,1.0199687,1.037393,1.0263963,1.0136269,1.0228602,1.0352902,1.0330815,1.0314204,1.023974,1.0278854,1.0437075,1.0104588,1.023663,1.023808,1.049243,1.0130537,1.0385581,1.0163118,1.0369946,1.0217433,1.028123,1.001453,1.0227821,1.0270053,1.0077455,1.0263933,1.0218087,1.0329947,1.0352656,1.0234169,1.0354445,1.0347134,1.0382239,1.0347656,1.0348428,1.0255213,1.0294902,1.0328547,1.0379125,1.0424374,1.0266452,1.0163602,1.0194519,1.0277832,1.0373182,1.0167485,1.0101339,1.019245,1.022374,1.0434455,1.0319172,1.0200155,1.0095314,1.0132803,1.0183378,1.0394832,1.0349666,1.0132279,1.0200686,1.0311905,1.0248902,1.0285647,1.0347894,1.0380945,1.0348254,1.0256959,1.0289083,1.0153686,1.0517519,1.0228122,1.0256073,1.0242151,1.0238587,1.030324,1.0473808,1.0118598,1.0310688,1.0238302,1.0240592,1.0393943,1.0382434,1.028744,1.0329931,1.0305269,1.0373337,1.0282881,1.0093374,1.0121471,1.0193627,1.027081,1.0180303,1.0297221,1.027431,1.0302378,1.0471269,1.0175151,1.0396839,1.0118736,1.0401775,1.0411986,1.0173594,1.0203004,1.0414765,1.0266149,1.0310968,1.0332663,1.0280211,1.0271149,1.0369457,1.0360086,1.0111171,1.0452901,1.0353693,1.0215894,1.0439993,1.0114211,1.0215663,1.0143515,1.0413145,1.0268422,1.022733,1.0294827,1.0111192,1.0243816,1.0290991,1.0334895,1.0506803,1.0340692,1.0214214,1.0109333,1.0289122,1.0106355,1.0379288,1.0222213,1.0304972,1.0269996,1.028627,1.0076644,1.0374109,1.0414897,1.0243063,1.0273676,1.0390191,1.04073,1.0215677,1.0282488,1.0324905,1.0261809,1.02291,1.0301267,1.0220523,1.0397192,1.0214293,1.0493746,1.025797,1.0315543,1.0124937,1.0291771,1.0290505,1.015289,1.0411474,1.0369159,1.0295234,1.0107095,1.0271832,1.0202949,1.0233603,1.0184083,1.0283823,1.0296736,1.033723,1.038665,1.0182753,1.0373514,1.0187137,1.0346411,1.0193642,1.0206951,1.0362462,1.0245421,1.03394,1.0116022,1.0337949,1.03074,1.0133338,1.0268416,1.0332342,1.0350039,1.0304825,1.0305609,1.0278977,1.0221592,1.0206015,1.029486,1.0380257,1.0321776,1.038994,1.0317062,1.0301744,1.0441518,1.0251807,1.0459851,1.0454124,1.0202935,1.0212522,1.0333734,1.0217149,1.0208079,1.0118783,1.0308886,1.0403676,1.0253202,1.0275366,1.0329434,1.0472077,1.0116514,1.0261235,1.0231446,1.0250964,1.0275635,1.0124037,1.0355588,1.0393033,1.0225208,1.0277084,1.0195738,1.0126076,1.0298109,1.0397829,1.0058079,1.000029,1.0228099,1.0379636,1.0139201,1.0231931,1.0067499,1.021871,1.0269754,1.0193378,1.015573,1.0316912,1.0225792,1.0174086,1.0288455,1.0450394,1.0245638,1.0181035,1.011243,1.03051,1.0443851,1.0371495,1.0324965,1.0319312,1.0395762,1.0237659,1.0291302,1.0293165,1.0477675,1.0306511,1.0131271,1.0333096,1.0216926,1.036524,1.0267344,1.0399418,1.0279646,1.0284791,1.012226,1.0409193,1.015199,1.0382296,1.0342836,1.0318143,1.0301735,1.0260425,1.0154365,1.015203,1.0297055,1.0379001,1.0436879,1.0156024,1.0322706,1.0222571,1.0290337,1.0408739,1.023518,1.0248686,1.016484,1.016667,1.0413866,1.0279067,1.028458,1.0268475,1.0249263,1.0124032,1.029242,1.0503451,1.031666,1.0200508,1.0261773,1.0221912,1.0239172,1.017067,1.0244586,1.0163473,1.0326748,1.0475732,1.0361105,1.0130728,1.0334636,1.028048,1.0186478,1.0069451,1.0187197,1.028398,1.028513,1.0359209,1.047428,1.025395,1.0350158,1.0305797,1.0217549,1.0260384,1.0209725,1.0387952,1.0300044,1.0373527,1.0294178,1.0312948,1.0278155,1.024818,1.0137463,1.0567207,1.0178267,1.0236485,1.0332752,1.0050715,1.0373435,1.0252082,1.0187582,1.043851,1.0241876,1.0145454,1.0345868,1.0262855,1.0478303,1.0308994,1.028097,1.0267731,1.0183429,1.0373002,1.0124048,1.0347449,1.0161431,1.0486664,1.0226151,1.0276272,1.0352271,1.0165509,1.0315927,1.0494698,1.0418319,1.0219432,1.0177958,1.0325495,1.0299112,1.0287042,1.0348445,1.0244706,1.0422037,1.0163054,1.0017557,1.0156637,1.0298606,1.0181912,1.0502992,1.0278244,1.011374,1.0197881,1.0533571,1.0306188,1.0334872,1.0337397,1.0395627,1.0354509,1.0305381,1.0406438,1.0234563,1.0098746,1.0207038,1.0381536,1.0440866,1.0101632,1.0373528,1.0082905,1.0204993,1.0279726,1.0410002,1.0190431,1.0279102,1.0158945,1.0208974,1.0351409,1.01351,1.0197614,1.0375309,1.0266724,1.0312824,1.0036639,1.0096766,1.011421,1.0384445,1.0336521,1.0282816,1.0079882,1.0195633,1.0250344,1.0194712,0.9994508,1.038572,1.0202726,1.0183482,1.0144538,1.0140821,1.0058643,1.030944,1.022002,1.0085552,1.0325396,1.0163839,1.0380298,1.0183434,1.0336334,1.0440413,1.039863,1.0352372,1.0280969,1.0314927,1.0252498,1.0278198,1.0235871,1.0209918,1.0397753,1.0190947,1.0182849,1.0263442,1.0245225,1.0195906,1.0200142,1.0381614,1.022414,1.010823,1.0242693,1.0366412,1.0279833,1.0286379,1.0258603,1.0287855,1.0261672,1.0227607,1.029965,1.0356324,1.0242796,1.0179218,1.0305337,1.0485477,1.0374974,1.0398747,1.0349989,1.0244,1.0280427,1.0253344,1.0006562,1.0267539,1.0236875,1.0359659,1.008698,1.0173861,1.0230658,1.0261492,1.0272284,1.0238755,1.0355932,1.0208486,1.0140191,1.0335789,1.0250194,1.02356,1.0150665,1.0292778,1.0268437,1.0294069,1.0368737,1.016362,1.0196015,1.0275633,1.0262963,1.033324,1.0380723,1.0026966,1.0449522,1.0252376,1.0409197,1.0225424,1.0330051,1.0110523,1.0315708,1.020178,1.034515,1.0209298,1.0261025,1.0267816,1.0293502,1.0446584
1.0470837,1.0301245,1.0448016,1.0342604,1.0462142,1.0451884,1.0245954,1.0472478,1.0342914,1.0533248,1.0213941,1.0369583,1.0400969,1.0458009,1.0324247,1.0576578,1.0392436,1.0530747,1.0450798,1.0140575,1.0329337,1.0209019,1.0403489,1.0390528,1.0370804,1.0344628,1.0554093,1.0189881,1.0586654,1.0328549,1.0437853,1.0275269,1.0220801,1.0417929,1.0573936,1.0329199,1.0454654,1.0400465,1.0365673,1.0299892,1.0497842,1.0421213,1.0500195,1.038913,1.0420977,1.0479628,1.0195851,1.057056,1.0334811,1.0291392,1.0337003,1.0476884,1.0357527,1.0085005,1.0210243,1.0659693,1.0414194,1.0224031,1.0468184,1.0402229,1.0471622,1.0383713,1.0448225,1.0426899,1.0427128,1.0393138,1.0307227,1.0422288,1.0517018,1.046215,1.0259109,1.0287601,1.0450326,1.0369595,1.0353551,1.0394404,1.0632153,1.0555646,1.0266509,1.0205659,1.0332747,1.045729,1.0354968,1.0299183,1.0341258,1.0245488,1.0329957,1.0345496,1.0484351,1.0412154,1.0419574,1.0360407,1.0325243,1.0367662,1.0208285,1.0611706,1.0514328,1.034128,1.045112,1.0423268,1.054039,1.0425333,1.0356735,1.0370115,1.0442762,1.023687,1.0520523,1.045483,1.0408438,1.0516243,1.0365901,1.0431713,1.0452201,1.0508126,1.0324955,1.0447427,1.0259775,1.0387609,1.0175258,1.0520064,1.034874,1.0462463,1.0584146,1.0170897,1.0210214,1.0303024,1.0482885,1.0388739,1.0558522,1.0295259,1.0533603,1.0254447,1.0171846,1.043157,1.0352737,1.0361087,1.0298504,1.0450143,1.0488392,1.0330311,1.0209676,1.0485908,1.0587149,1.065285,1.0293132,1.0500282,1.0554824,1.0450261,1.0314168,1.0263948,1.0378389,1.0167265,1.0639262,1.0528619,1.0242769,1.0416703,1.0263827,1.0334097,1.0611628,1.0373007,1.0231172,1.0563879,1.0403908,1.0392578,1.0385427,1.0216383,1.0309418,1.0389633,1.0391287,1.0439563,1.0300653,1.0416284,1.0350891,1.0214311,1.0483319,1.0163306,1.0562408,1.0490296,1.0257094,1.0336425,1.0253488,1.0276124,1.0496345,1.0196848,1.065532,1.0315291,1.0400069,1.0187389,1.0487456,1.0641878,1.0320586,1.0297717,1.047428,1.0243474,1.046377,1.0412209,1.0380313,1.0437981,1.0314962,1.0212346,1.0437014,1.0362942,1.0330628,1.0411698,1.054786,1.0371464,1.0435469,1.0271105,1.0322441,1.0547236,1.0452409,1.03099,1.0284282,1.034468,1.0505782,1.0416397,1.0358258,1.036948,1.0679755,1.0133866,1.0379107,1.0265744,1.0502105,1.0494767,1.0430812,1.0225723,1.0400252,1.047134,1.0412714,1.0331991,1.0426309,1.0289834,1.0140079,1.044848,1.0459148,1.0287539,1.0288925,1.0489514,1.0422913,1.0405186,1.0378437,1.0471469,1.0264652,1.0440599,1.0462676,1.0439727,1.0438854,1.0444719,1.0207264,1.0459993,1.0284534,1.0279968,1.0331309,1.0324976,1.0402497,1.0475248,1.0371784,1.0389043,1.0395641,1.0460747,1.0478826,1.0486983,1.0427411,1.046967,1.0473331,1.0379076,1.047831,1.0448452,1.029784,1.0405809,1.0364022,1.041715,1.0364369,1.0618929,1.0306432,1.0404836,1.028673,1.0412786,1.0040182,1.0332818,1.05476,1.041706,1.0320983,1.0395004,1.050316,1.0243196,1.040515,1.0504378,1.039002,1.0120816,1.0376433,1.0378222,1.0470295,1.0539317,1.0593092,1.0554748,1.0449167,1.0458349,1.0335253,1.0408932,1.044117,1.0460417,1.0572346,1.0311203,1.0269263,1.0329723,1.0349768,1.0331169,1.0355505,1.0248919,1.0575563,1.0557694,1.0584841,1.0373842,1.0322093,1.0644921,1.0370318,1.0430402,1.0374454,1.0473667,1.043707,1.0346507,1.025187,1.0355847,1.0237899,1.0458157,1.0523434,1.0431366,1.0248939,1.0652204,1.0348696,1.0328034,1.03849,1.0432795,1.0255833,1.0469623,1.033506,1.0289965,1.0441049,1.0196289,1.045857,1.0478607,1.0326674,1.049381,1.0412896,1.0195253,1.0588455,1.0478145,1.031924,1.0419356,1.0236415,1.0308901,1.0365813,1.0401171,1.041198,1.0571244,1.034582,1.0444,1.0321157,1.0346495,1.0046395,1.0336589,1.0233791,1.0331272,1.0384881,1.038713,1.0254656,1.0277362,1.066239,1.0476433,1.0508401,1.0417466,1.0357991,1.0235872,1.0409226,1.0491037,1.0423999,1.038049,1.0368584,1.0324696,1.0333879,1.0435954,1.0421482,1.0394154,1.0367734,1.0538201,1.0267878,1.0275985,1.0406247,1.0317644,1.0418864,1.0353,1.0544151,1.0527499,1.0483524,1.0426689,1.0449115,1.0291091,1.0450056,1.0230854,1.0321579,1.0190141,1.0346125,1.0313337,1.0434225,1.0398608,1.0321354,1.0278292,1.0490379,1.0410199,1.032805,1.0311195,1.0519836,1.0202411,1.0308642,1.0392824,1.0449128,1.035848,1.0391712,1.05211,1.0345025,1.0317926,1.0563401,1.0499007,1.041464,1.0428739,1.0329,1.0398394,1.0336907,1.0066599,1.0394205,1.0182372,1.04891,1.0226749,1.05116,1.0296718,1.0396073,1.0479922,1.0093347,1.0465266,1.0472505,1.0411446,1.0513062,1.0407995,1.028167,1.0523896,1.0290003,1.0511461,1.0545436,1.0531209,1.043559,1.0532824,1.0340799,1.0452671,1.0481453,1.0197176,1.0338696,1.0493422,1.0389075,1.0471112,1.0225847,1.0328362,1.0563241,1.0369899,1.0383979,1.0252821,1.0377605,1.022215,1.0532925,1.027165,1.0542662,1.0289187,1.0246388,1.0445936,1.0295798,1.0589676,1.0545601,1.0315577,1.0330116,1.0424397,1.0333326,1.033425,1.045904,1.0377305,1.0543696,1.0361426,1.0212,1.0399833,1.0450795,1.0316279,1.031139,1.0426514,1.0364162,1.0437751,1.0340686,1.0258768,1.0532871,1.007128,1.0290736,1.0342821,1.0503156,1.0291345,1.049348,1.0182984,1.047363,1.0397348,1.0526632,1.0434461,1.0336899,1.0477016,1.0357333,1.0476403,1.0419636,1.0543817,1.0519105,1.0306603,1.0445626,1.0530148,1.0502468,1.0542994,1.0282155,1.0543023,1.0459849,1.0381802,1.0530757,1.0334394,1.0495809,1.0440636,1.0419971,1.044524,1.0361065,1.0416057,1.0181394,1.0313506,1.0387161,1.0534109,1.0474257,1.0372372,1.0263478,1.0448384,1.032481,1.0501534,1.0418675,1.0391388,1.0537008,1.0542356,1.0316246,1.0364572,1.0481706,1.0382355,1.0589508,1.0246911,1.023547,1.0361316,1.044125,1.0414319,1.0340531,1.0366417,1.0411595,1.0234766,1.0474557,1.0236458,1.0308644,1.0449507,1.0346413,1.0421411,1.0521905,1.0442246,1.0484643,1.0411409,1.022589,1.026552,1.0121193,1.0313329,1.0357348,1.0371549,1.0449392,1.0422293,1.0331061,1.0535393,1.064619,1.0624411,1.0345389,1.0175632,1.0382559,1.053245,1.0233246,1.0315855,1.0672841,1.0371499,1.0280007,1.0623556,1.0416069,1.0309458,1.0457778,1.0445149,1.0453385,1.042726,1.0419875,1.0397379,1.0439222,1.0404575,1.0432965,1.0177609,1.0347629,1.0443149,1.0189865,1.0350958,1.0373268,1.025785,1.0473553,1.0334947,1.0420738,1.0419984,1.0536451,1.043738,1.0170568,1.0284177,1.040259,1.0511912,1.0499014,1.0487734,1.0267928,1.0148196,1.0479016,1.0336543,1.0480213,1.0311067,1.0489633,1.0373858,1.0236773,1.0485163,1.0378023,1.0551695,1.0174965,1.0546035,1.0240922,1.0494394,1.058918,1.0537611,1.0254451,1.0414015,1.0272127,1.0320393,1.0306807,1.0380282,1.043844,1.0408186,1.0175242,1.0407565,1.0366437,1.034527,1.0339899,1.0425494,1.0399939,1.0217025,1.0303925,1.0570397,1.0252047,1.0390836,1.0449392,1.0290858,1.0439885,1.03546,1.0568411,1.0653197,1.0259918,1.010289,1.0298738,1.0438075,1.0269144,1.0436035,1.0461603,1.0486032,1.0229722,1.0438108,1.0273156,1.0584078,1.0419693,1.0468953,1.0334909,1.036771,1.033541,1.0501386,1.0489036,1.0485817,1.0462037,1.0522567,1.0557928,1.0344491,1.0161428,1.0498389,1.0402731,1.0456214,1.0331734,1.0590475,1.0456315,1.0200955,1.02974,1.037881,1.0548145,1.0084181,1.0491662,1.0413742,1.0320138,1.0392741,1.0274376,1.0346504,1.0612899,1.0383687,1.0392915,1.0456362,1.0250562,1.0354402,1.0480664,1.0267235,1.0261515,1.0279713,1.0591278,1.0365337,1.0469939,1.0230082,1.0553476,1.0439006,1.0253206,1.0199655,1.0599945,1.025239,1.0399656,1.052934,1.0398433,1.0398254,1.0256559,1.0363061,1.0522894,1.053776,1.0470126,1.0277119,1.0379415,1.0373069,1.040585,1.0507954,1.0420486,1.0503649,1.0272585,1.0338444,1.0423717,1.0384477,1.0400323,1.0570227,1.0404652,1.0372503,1.023603,1.021572,1.0560166,1.0361522,1.0243114,1.0493007,1.0442349,1.0399874,1.0454844,1.0146533,1.0384029,1.0470078,1.0462586,1.0361255,1.0405457,1.0292183,1.0399812,1.0461957,1.0312141,1.0525649,1.0433431,1.0296566,1.0158219,1.0606389,1.0310227,1.0489225,1.0254225,1.0444111,1.0215553,1.0240576,1.0508075,1.0437171,1.0357244,1.0172197,1.0391979,1.0251788,1.0299754,1.044389,1.0308692,1.0350149,1.0564927,1.0400087,1.0425534,1.0339452,1.0446333,1.0318406,1.019225,1.0260912,1.0311793,1.0555153,1.0362092,1.0426229,1.0596495,1.0479537,1.0489105,1.0247177,1.0283227,1.0339894,1.0436726,1.0291524,1.0428811,1.0389208,1.0507045,1.0300826,1.0625683,1.0198191,1.0541328,1.0386304,1.0417655,1.0531969,1.0152963,1.0357984,1.0408968,1.0381366,1.0416312,1.0258313,1.0408248,1.041885,1.0449047,1.0532184,1.0518006,1.0392323,1.0332855,1.0280379,1.0420022,1.0259632,1.0429866,1.0288149,1.0554469,1.0271586,1.0235296,1.0407108,1.0419077,1.0184559,1.0459139,1.05328,1.0379244,1.031978,1.04598,1.0323595,1.044979,1.0424787,1.0445238,1.0299785,1.0316479,1.0160035,1.0287223,1.0326631,1.0564219,1.0461175,1.059305,1.0407172,1.0205705,1.044242,1.0358909,1.0449548,1.0406688,1.0290062,1.0321116,1.0377843,1.0301564,1.0396452,1.0196514,1.0387685,1.0531237,1.048311,1.0336612,1.061242,1.0465271,1.0218558,1.0401151,1.0395963,1.0440575,1.0386885,1.0378064,1.0304132,1.0227342,1.0538117,1.0250283,1.0420967,1.0289612,1.0363768,1.0298767,1.0486009,1.0411022,1.055805,1.0343786,1.0476006,1.0251716,1.0317478,1.0250903,1.0337263,1.037602,1.0368888,1.0395806,1.0273012,1.0320466,1.0338886,1.0016714,1.0490838,1.0551943,1.0248961,1.0364991,1.0446252,1.047877,1.0418528,1.0477569,1.0288781,1.0524384,1.006013,1.0453211,1.0313021,1.0077082,1.0291356,1.0420845,1.0305355,1.0466543,1.033508,1.0310429,1.0400625,1.0444709,1.0441597,1.0279708,1.0483074,1.0397667,1.0454184,1.0329723,1.0239751,1.0480193,1.0490808,1.028737,1.0188434,1.045297,1.0293199,1.0322459,1.0305728,1.0270486,1.0602506,1.0378693,1.0567123,1.0374129,1.055821,1.0520778,1.0406392,1.0467399,1.0190967,1.0401508,1.0459901,1.0475852,1.0530736,1.0035603,1.0331204,1.0410684,1.0403745,1.0370951,1.0467297,1.0470176,1.0424505,1.0338401,1.0393999,1.0381284,1.0486406,1.055556,1.0495994,1.0419465,1.0472898,1.0259885,1.0156159,1.043048,1.0344315,1.0425981,1.0512184,1.0340712,1.01427,1.0474312,1.0492374,1.0563409,1.0328691,1.0455475,1.0264983,1.0275818,1.0400327,1.0494772,1.0346317,1.0505775,1.0396876,1.0517972,1.0521908
1.3136507,1.3292363,1.3467739,1.358231,1.3512712,1.344197,1.3440851,1.360725,1.3365171,1.3274373,1.3358175,1.3501906,1.3440161,1.3762245,1.3572209,1.3704232,1.366126,1.350972,1.3431058,1.3473938,1.3601612,1.3204156,1.350912,1.362761,1.3484815,1.3421543,1.3616883,1.3380092,1.3400712,1.3469597,1.3459786,1.3587648,1.3487346,1.3734994,1.3601623,1.3484329,1.3569969,1.3512911,1.3432722,1.3496699,1.3542362,1.3579422,1.3664155,1.3475184,1.3392441,1.3509078,1.3519117,1.3485324,1.3338981,1.3587716,1.3546271,1.3585874,1.371754,1.3518838,1.3350068,1.3465761,1.3281462,1.3385856,1.3680633,1.3536352,1.3501061,1.3733451,1.3553977,1.3383448,1.3584164,1.3644325,1.348244,1.3547578,1.35461,1.3349965,1.3568983,1.3480968,1.3619299,1.337829,1.3586773,1.3565645,1.3556056,1.3546005,1.3504779,1.3274724,1.3327333,1.3640009,1.3348475,1.3344076,1.3424354,1.3303502,1.3320786,1.3648858,1.327329,1.3809786,1.3469651,1.3404537,1.3432133,1.3636111,1.3237892,1.3523793,1.36556,1.3566066,1.3472797,1.3537397,1.362978,1.332403,1.35312,1.3553796,1.3455513,1.3303953,1.3476652,1.3643274,1.3592649,1.3493208,1.3363218,1.3448449,1.3424463,1.3626441,1.3622272,1.3386788,1.3455153,1.3434803,1.3403038,1.3551545,1.3588188,1.3485048,1.3598447,1.3581116,1.3760288,1.3463774,1.3561398,1.3499937,1.3531151,1.3313383,1.3523027,1.3493207,1.3209023,1.3600352,1.3458083,1.3516705,1.3583643,1.3764905,1.3681839,1.3459629,1.3299237,1.3530531,1.35209,1.3734446,1.3471011,1.3581094,1.3674781,1.3437881,1.3444796,1.3436445,1.3519793,1.3397539,1.3503493,1.3455837,1.3737837,1.3639282,1.3438076,1.3242095,1.3412051,1.3271766,1.3376688,1.3470215,1.3478253,1.3663391,1.3574815,1.3426698,1.3496846,1.3428444,1.3540989,1.3454256,1.339027,1.3439978,1.3458452,1.3531408,1.3518407,1.3578144,1.345764,1.3524418,1.3563542,1.3583108,1.3496648,1.3519596,1.3584872,1.3445275,1.3421874,1.3382392,1.3660431,1.3476747,1.344481,1.3585646,1.3377789,1.3366987,1.3521531,1.3196245,1.3373361,1.3556777,1.3433654,1.354586,1.3489166,1.3372647,1.3499844,1.3651756,1.3415748,1.3352991,1.346908,1.3295139,1.3656912,1.3534801,1.3552272,1.34437,1.3675692,1.3498373,1.335517,1.3413839,1.340248,1.3464606,1.3428125,1.3491975,1.36255,1.3593864,1.348112,1.3399479,1.3480586,1.3326726,1.3644357,1.3475261,1.344676,1.3262765,1.3601586,1.3473946,1.3637935,1.3539687,1.3664818,1.3514433,1.3505204,1.3607488,1.3328427,1.3405538,1.3423343,1.357294,1.3475688,1.348526,1.3551395,1.3563882,1.3386203,1.3486866,1.3453013,1.3498808,1.3386608,1.3632864,1.3368258,1.3507059,1.3390615,1.3371824,1.348185,1.3568782,1.3450946,1.3576322,1.3496869,1.3628778,1.3423493,1.3392286,1.3382382,1.3254335,1.3638737,1.355195,1.341674,1.3658497,1.3468281,1.342052,1.3417588,1.3535744,1.3206493,1.3424163,1.3264805,1.3369465,1.3562974,1.3654811,1.3353066,1.3284485,1.3359711,1.3336997,1.3578036,1.3360584,1.3457272,1.3461887,1.3365428,1.3546113,1.3457905,1.3546342,1.3410794,1.3405933,1.3299342,1.3373469,1.3613884,1.3593929,1.3738472,1.3286089,1.3388805,1.3356884,1.3507544,1.3441083,1.3575283,1.3403718,1.357985,1.3241147,1.3479973,1.3573136,1.3250875,1.3336478,1.3531736,1.3577356,1.344827,1.3482904,1.34741,1.3548768,1.3525283,1.3326288,1.3506761,1.3408791,1.3531429,1.343601,1.3383535,1.3401525,1.3425598,1.3337314,1.3506984,1.3552512,1.3481567,1.3652025,1.3504698,1.338688,1.3553504,1.3341546,1.3550804,1.3601271,1.3570119,1.3441503,1.3505781,1.3359368,1.3540667,1.3604953,1.3479916,1.3566226,1.3259135,1.3610203,1.3729492,1.3450776,1.358145,1.343119,1.3418279,1.360454,1.332841,1.3403268,1.3354373,1.3778181,1.3372438,1.3782895,1.3399153,1.3492389,1.3463069,1.3259367,1.3418182,1.3620583,1.3355442,1.3476254,1.3434291,1.3454016,1.3508236,1.3495218,1.3423883,1.3432047,1.3408502,1.3579601,1.3564532,1.3536482,1.3438646,1.3314072,1.3557822,1.3232567,1.3553257,1.346549,1.3532771,1.3637888,1.3363345,1.3626904,1.3568366,1.3546915,1.3683516,1.3686594,1.3575946,1.3332853,1.3547888,1.3418907,1.3613245,1.3475103,1.3733859,1.3380622,1.3349181,1.3558975,1.3531241,1.3684623,1.3541515,1.3522712,1.3482445,1.3618075,1.3405443,1.3282247,1.3443669,1.3610961,1.3560283,1.3502775,1.339702,1.3501296,1.3677695,1.3663583,1.3556811,1.3400545,1.3397515,1.3446193,1.3629405,1.3600867,1.3595151,1.3456755,1.348443,1.348762,1.343863,1.3572004,1.3561256,1.3448104,1.3534514,1.3615319,1.3583136,1.3364338,1.3525025,1.3586327,1.3685786,1.3393037,1.3418205,1.3354788,1.3521111,1.3424214,1.3528558,1.3558725,1.3580201,1.3449272,1.3368158,1.340692,1.35565,1.3672701,1.3406414,1.3675107,1.3484415,1.3554729,1.3661387,1.3726485,1.358169,1.3534778,1.3473642,1.3489965,1.3481405,1.344051,1.3610767,1.3549477,1.372349,1.361734,1.3447601,1.3676368,1.3484268,1.3353229,1.3363093,1.3390551,1.3546506,1.339043,1.3453625,1.3474798,1.3490589,1.3470653,1.356414,1.3692293,1.3350025,1.3507156,1.3462125,1.3374611,1.3455883,1.3330885,1.3448595,1.3627673,1.3342232,1.3453362,1.3316805,1.3597338,1.3423469,1.3367996,1.3466285,1.36374,1.3587285,1.3470268,1.3408,1.326585,1.3536745,1.3423364,1.3389142,1.3618386,1.331595,1.3584698,1.3523467,1.3463243,1.3605094,1.3460027,1.3336085,1.3590288,1.3395702,1.3567468,1.3414782,1.3356274,1.358315,1.3632438,1.3541634,1.365245,1.3376725,1.3218559,1.3628759,1.3706398,1.3670658,1.3698797,1.353742,1.3468392,1.3364327,1.3402154,1.3675646,1.3688619,1.3392832,1.3426069,1.3589298,1.3388873,1.3525305,1.3469199,1.3419203,1.3309544,1.3420286,1.356231,1.358452,1.3500088,1.3605945,1.3646615,1.3456216,1.3425171,1.350832,1.3508545,1.3682489,1.3467591,1.333471,1.3420266,1.3444752,1.3600495,1.3064208,1.3339027,1.3593056,1.3450732,1.3423107,1.3516662,1.3580362,1.350362,1.3527923,1.356746,1.3483114,1.3418553,1.370578,1.3377875,1.3176607,1.3349422,1.3462391,1.3436502,1.3520938,1.3346246,1.336877,1.3534714,1.3711413,1.3441048,1.3526043,1.3721578,1.3614056,1.3412256,1.3708706,1.3504151,1.3340867,1.319433,1.3614444,1.3292353,1.3417435,1.3501854,1.3497957,1.3371234,1.3495373,1.3369349,1.3586886,1.362151,1.3654149,1.3506643,1.3346164,1.3577994,1.3452222,1.344142,1.3450137,1.3562531,1.3577309,1.367459,1.3545309,1.346709,1.3583808,1.3573933,1.3613684,1.3344618,1.3565743,1.3436233,1.3343244,1.35797,1.3428276,1.3429853,1.341891,1.3653727,1.370972,1.3385863,1.37112,1.3427044,1.3507687,1.3580761,1.3303626,1.3584727,1.3536258,1.334556,1.3466825,1.3412532,1.3383838,1.3583193,1.3294938,1.3591621,1.3486772,1.3444611,1.3534384,1.3532362,1.3615105,1.3484684,1.3612547,1.357106,1.348351,1.335173,1.3446478,1.3466564,1.337426,1.3516737,1.3448136,1.3450378,1.3589473,1.3386639,1.3297592,1.3384092,1.3730286,1.3507453,1.3463782,1.3569623,1.3571995,1.3388094,1.3564918,1.3430609,1.3274834,1.3559849,1.3603082,1.342284,1.3379703,1.326643,1.3279094,1.3697739,1.345425,1.3478798,1.3363374,1.3595846,1.3563347,1.3554386,1.352687,1.3607498,1.3697171,1.3610488,1.3639536,1.3413885,1.3202975,1.359668,1.3381512,1.3388331,1.3436111,1.3651892,1.3495144,1.3478687,1.3350066,1.3611904,1.3512516,1.3594193,1.3362613,1.3501757,1.3626683,1.3609138,1.3257676,1.3116943,1.3553201,1.348715,1.345848,1.3448961,1.3470334,1.3442199,1.3506327,1.3348471,1.348068,1.3567444,1.360347,1.353542,1.3500926,1.3488752,1.3666375,1.3457017,1.3430811,1.3428012,1.3567985,1.3371083,1.3491731,1.3474905,1.3523289,1.3598228,1.3404132,1.3486655,1.3677291,1.3534244,1.3543534,1.3434132,1.3414302,1.3588741,1.3525608,1.3484077,1.3293447,1.3657758,1.3303846,1.3681928,1.3566247,1.3621619,1.338529,1.3714678,1.367015,1.3415875,1.3675815,1.3512746,1.3440573,1.3523245,1.3306922,1.350242,1.3616089,1.3542024,1.3524715,1.3642055,1.3506219,1.3478318,1.3558532,1.3691547,1.3440411,1.3298762,1.3413802,1.3654724,1.3684206,1.34887,1.365964,1.3773351,1.3409548,1.3544298,1.35321,1.3427863,1.3573142,1.3607754,1.3522209,1.3426551,1.3463879,1.3259277,1.3202019,1.3468909,1.3699518,1.340506,1.3601515,1.3328971,1.340756,1.345681,1.3248733,1.356966,1.3320243,1.3586842,1.3692548,1.3511332,1.3462621,1.347019,1.3336136,1.3383347,1.350802,1.3457023,1.3483522,1.3462601,1.3603868,1.3586614,1.3440279,1.3567405,1.3568159,1.3614726,1.3268186,1.3534806,1.3433863,1.3513061,1.3635333,1.345437,1.3667505,1.3529155,1.3491124,1.3602678,1.3549572,1.3256066,1.3641381,1.3445643,1.3309503,1.3537703,1.3478459,1.3484418,1.3612996,1.3479749,1.3563601,1.3467484,1.3560259,1.3408333,1.3626415,1.3424088,1.3724303,1.3560266,1.3640008,1.3552432,1.3537198,1.3403895,1.3429781,1.3543453,1.3471601,1.3564115,1.3488779,1.3544654,1.3390796,1.3576065,1.3459142,1.3573093,1.3217013,1.3447522,1.3381222,1.344977,1.3302745,1.349083,1.3563693,1.3461394,1.341782,1.3464687,1.3363705,1.347072,1.3415872,1.3552716,1.3424933,1.35605,1.3305709,1.3428136,1.3585124,1.344611,1.3508317,1.362536,1.3404506,1.3361945,1.3399074,1.3398708,1.3461366,1.3395256,1.3466883,1.3440063,1.3442817,1.3564118,1.3616607,1.3597711,1.3359395,1.3404509,1.3586323,1.3665246,1.3433484,1.3593223,1.3417495,1.3549751,1.328611,1.3509339,1.3410491,1.3596044,1.3360311,1.356022,1.3570927,1.3415663,1.3400118,1.3383106,1.3471253,1.3356392,1.3483931,1.350495,1.3544017,1.3491484,1.346506,1.3431644,1.3502204,1.3739122,1.3680979,1.3641984,1.3537877,1.337729,1.345107,1.3435903,1.3679564,1.3273776,1.3567072,1.3507867,1.3607957,1.3536824,1.340826,1.3333722,1.3522757,1.3449178,1.3449214,1.3437413,1.3373785,1.3383101,1.3432243,1.3532358,1.3442402,1.3625133,1.3556331,1.345409,1.3627338,1.3642625,1.3452551,1.3409702,1.3675085,1.3463833,1.3479142,1.353114,1.35788,1.3701518,1.366295,1.3554457,1.3439176,1.3602201,1.3371178,1.3457143,1.3578813,1.3396102,1.3712537,1.3434424,1.354857,1.3632578,1.3463011,1.3571773,1.348433,1.3511593,1.3505276,1.3635433,1.3330377,1.3469718,1.3309823,1.3412052,1.3639121,1.3551551,1.3766345,1.3485086,1.365643,1.3623116,1.329236,1.3351713,1.3394163,1.343834,1.3449608,1.3550315,1.3517234,1.366925,1.3508729,1.3173558,1.3559434,1.3485247,1.3624254,1.3471572,1.3384752,1.3430505,1.3374274,1.3654826,1.3555155,1.3478551,1.3422121,1.3244966,1.3526279,1.3440269
0.097634226,0.10638568,0.11142142,0.10659133,0.09923831,0.103879414,0.09790668,0.108194605,0.096383065,0.09541063,0.10390515,0.09046359,0.08337826,0.10280393,0.09580895,0.11666813,0.09570783,0.09783688,0.12272508,0.07945593,0.08588958,0.10695784,0.093325734,0.089649275,0.10369842,0.10116446,0.09799276,0.09537485,0.0992927,0.09747328,0.10918926,0.10453269,0.10507588,0.12546568,0.09481767,0.11515264,0.09256761,0.1020602,0.10344941,0.105640486,0.1147961,0.091615334,0.10200224,0.10868695,0.094579875,0.09185597,0.10159646,0.11095522,0.09927343,0.07976377,0.08224215,0.103368774,0.094039336,0.10142525,0.10495688,0.116620734,0.09850101,0.09435779,0.100197814,0.10775231,0.096324466,0.08997944,0.11909066,0.117094025,0.11113682,0.10216302,0.10623874,0.101276115,0.09590496,0.101489894,0.09112756,0.113798276,0.10024227,0.094677016,0.10359852,0.0994501,0.100615256,0.10903837,0.09285347,0.104147606,0.09510103,0.12378026,0.10442456,0.098211944,0.10448392,0.097672105,0.09745045,0.08657682,0.1210752,0.116796106,0.10899118,0.10487713,0.094987236,0.097484365,0.107999876,0.11608196,0.11571665,0.11773611,0.121020466,0.086145826,0.098165676,0.13483521,0.120676085,0.120726995,0.11111598,0.11013855,0.11209721,0.10612099,0.114760354,0.103275746,0.081351735,0.110297166,0.109126955,0.09426919,0.08544251,0.10305547,0.10520297,0.10023114,0.10236589,0.10959804,0.11341379,0.09939252,0.110930085,0.089697465,0.101074636,0.088150755,0.095424,0.109142706,0.10780613,0.111275904,0.10631799,0.10668418,0.09732473,0.10859328,0.09720189,0.11047132,0.072240785,0.11478166,0.10706104,0.09435189,0.099805474,0.11497742,0.10779592,0.08712906,0.11044947,0.10550518,0.086452976,0.11034691,0.09564688,0.09034241,0.111248925,0.105141446,0.11507408,0.10598412,0.104964584,0.10164827,0.09269211,0.10653072,0.119163275,0.09855384,0.09069909,0.09771103,0.10279226,0.09960878,0.117889605,0.116776034,0.094415575,0.0927174,0.10367328,0.11730036,0.09665781,0.114835314,0.11140293,0.11487992,0.10709411,0.11470638,0.10720172,0.09675874,0.09557296,0.11435555,0.09392269,0.10167001,0.10229611,0.106995456,0.107871,0.08878471,0.11078408,0.1150847,0.10024086,0.09626585,0.11768776,0.10106061,0.097874895,0.104137436,0.101110645,0.108691216,0.10438898,0.11472299,0.09984426,0.09691481,0.11420487,0.09644559,0.09964681,0.10417128,0.10498935,0.11060389,0.09794021,0.08543523,0.098201364,0.12013739,0.09915015,0.10018584,0.11167355,0.093403906,0.1333056,0.11224863,0.10569458,0.10141165,0.107683465,0.09455545,0.11265219,0.09727588,0.117890276,0.11272332,0.10089315,0.11265567,0.07339186,0.09119174,0.08725858,0.12423474,0.11016312,0.08757289,0.09283532,0.10651952,0.10839704,0.103569284,0.11041091,0.109219685,0.092379585,0.10477911,0.103259645,0.10469927,0.087344825,0.092501886,0.11600573,0.098366536,0.10438639,0.10821061,0.09829019,0.10912232,0.120243676,0.09546945,0.1121208,0.09233579,0.096460775,0.09759319,0.093143865,0.094170846,0.097081564,0.10766481,0.11770878,0.096264,0.09744559,0.10568403,0.09819879,0.115148485,0.107729614,0.09298164,0.10770479,0.110127605,0.0951204,0.11304422,0.09675922,0.11324689,0.10146633,0.12174735,0.10027605,0.12045976,0.09410847,0.09381974,0.08674085,0.09921829,0.11413246,0.098468155,0.11395036,0.09187335,0.100373745,0.11546107,0.10287976,0.08607093,0.09107575,0.101887286,0.1057318,0.10545173,0.09151885,0.10614514,0.10708799,0.103092745,0.092651136,0.11587383,0.10096799,0.107383795,0.10723035,0.10723378,0.105282724,0.1159995,0.10379259,0.09656572,0.10928799,0.10079572,0.10912505,0.09912671,0.10710774,0.102634385,0.09347506,0.10555369,0.09444094,0.12228425,0.10148092,0.10501585,0.122646034,0.089751974,0.08854613,0.09331995,0.12132853,0.123546176,0.091881655,0.096153446,0.110270076,0.10133444,0.10570591,0.10785846,0.09007141,0.1019614,0.11358515,0.13093415,0.10272135,0.0947835,0.09275968,0.121451326,0.10081656,0.110327475,0.10435946,0.092725046,0.099435575,0.085593715,0.09910063,0.11261505,0.0992051,0.09564628,0.08049014,0.09881757,0.10750753,0.110772714,0.11115263,0.084146425,0.098948404,0.103233024,0.10344578,0.09183237,0.07592456,0.1001919,0.088005215,0.08913845,0.099287346,0.1113735,0.10518722,0.110080734,0.1085337,0.09830573,0.10288291,0.107522026,0.09827775,0.10510968,0.10562346,0.099800445,0.093210824,0.09182098,0.10497652,0.1068295,0.09350631,0.116083935,0.09405142,0.095209554,0.1184612,0.09324539,0.11504541,0.11224203,0.08220357,0.09783821,0.08118145,0.09415974,0.11763212,0.107126966,0.098254256,0.11065889,0.12094779,0.09522174,0.09832081,0.10644387,0.11198299,0.107549846,0.09006104,0.105159104,0.11128758,0.10901584,0.100597054,0.12703927,0.12499878,0.09725678,0.11511595,0.107691824,0.10797936,0.08646378,0.09705408,0.10188776,0.105134964,0.1201649,0.10891072,0.08522195,0.104282044,0.09946175,0.09436828,0.091317296,0.115626425,0.09331199,0.10611145,0.10814884,0.11310919,0.09357907,0.09631214,0.09321877,0.100476444,0.10698718,0.08339131,0.10741592,0.09367904,0.107602745,0.1048556,0.11600059,0.11123328,0.102111876,0.10946093,0.0918346,0.0977463,0.11004931,0.108819656,0.10723644,0.104241624,0.09728595,0.10577543,0.11799732,0.09694131,0.08744577,0.09027592,0.09140148,0.10433845,0.09697296,0.11333261,0.109400846,0.114224285,0.09274453,0.080377325,0.104538634,0.091714114,0.09386787,0.12512678,0.10311777,0.10665977,0.105180494,0.11314998,0.09698291,0.11049789,0.11602926,0.10030578,0.09812962,0.0988273,0.10851078,0.1007025,0.09781425,0.08699831,0.11372644,0.095152125,0.10867025,0.10907237,0.13451734,0.0930213,0.106963746,0.09324816,0.109090395,0.10912746,0.10859805,0.10098587,0.105093904,0.095104165,0.08849087,0.10415019,0.11656362,0.1104448,0.10410872,0.118612915,0.0944151,0.110919714,0.09483582,0.1041569,0.10557625,0.09869074,0.09939612,0.09075847,0.11239674,0.114847004,0.11850701,0.122956425,0.11206359,0.111180186,0.11808417,0.09640385,0.08924249,0.09899746,0.11316072,0.09797552,0.0989438,0.09463891,0.1098403,0.113392025,0.086937755,0.08644377,0.12432987,0.08939049,0.09923766,0.118873455,0.08390683,0.09194811,0.11212089,0.10433744,0.10881214,0.0967376,0.10017355,0.10351928,0.0973563,0.11045014,0.112824336,0.11712841,0.08088797,0.10345964,0.093632296,0.100781634,0.10405439,0.10721484,0.1008078,0.11334206,0.104890555,0.11369069,0.110074356,0.11023242,0.10613324,0.11837152,0.106211126,0.11616499,0.08637886,0.10070205,0.10019095,0.10652126,0.10430689,0.0977077,0.10459806,0.1130435,0.11239517,0.10141713,0.097064935,0.09851183,0.09207365,0.10134815,0.09078297,0.10211639,0.10928872,0.10631028,0.10450272,0.107686654,0.09953618,0.094274506,0.09664906,0.103431165,0.099820755,0.110336244,0.10069125,0.09861316,0.10654248,0.08859928,0.108303994,0.1157261,0.12538919,0.08767327,0.10447557,0.1031315,0.09892025,0.10533759,0.0905203,0.10343763,0.11974366,0.109329104,0.11022082,0.10487431,0.111972935,0.105801865,0.09931497,0.09547897,0.09119178,0.08400571,0.09297128,0.095010236,0.09397684,0.108002216,0.10363959,0.12308742,0.08204886,0.096489176,0.09717333,0.10968347,0.09258069,0.091254935,0.11614556,0.0864525,0.09986246,0.107935384,0.1102549,0.10890679,0.092878476,0.11591981,0.09999509,0.11224991,0.09937458,0.11195236,0.11943941,0.10845028,0.117603704,0.0814421,0.095526814,0.11448395,0.100732125,0.11297658,0.091135964,0.10752667,0.105208926,0.09202741,0.0925912,0.09959762,0.09974561,0.09855422,0.10077301,0.10998666,0.10222332,0.09320585,0.11376147,0.105648406,0.10041471,0.12467809,0.118920624,0.101508565,0.12287833,0.11968486,0.099821456,0.09404192,0.10560261,0.117764995,0.10415624,0.11598808,0.1049461,0.09925293,0.10460174,0.11612174,0.11566107,0.09030981,0.08717927,0.080682434,0.13032097,0.111218795,0.093699746,0.08516052,0.108873636,0.10607307,0.08787943,0.09646107,0.093739964,0.112205595,0.11832234,0.11129311,0.121141225,0.111383215,0.1041172,0.09665635,0.114885494,0.11538484,0.1153729,0.10301685,0.09655021,0.09256182,0.09887644,0.07923285,0.09454806,0.09245616,0.108298436,0.11576129,0.122135654,0.09349512,0.1091641,0.11492838,0.09425749,0.10785419,0.101955146,0.109155655,0.110816084,0.1084237,0.10898586,0.087358,0.11520685,0.08479445,0.10581207,0.10463633,0.10054289,0.09898031,0.084428385,0.079111256,0.10465026,0.10124811,0.10756834,0.08072542,0.10049945,0.09949766,0.10239422,0.11263957,0.0998376,0.10286691,0.10821712,0.10411383,0.1255588,0.09626207,0.0856447,0.10864768,0.10154201,0.07714387,0.10833915,0.10217424,0.097158,0.096446395,0.10294379,0.0935259,0.11066844,0.11385747,0.1039112,0.09573096,0.0963787,0.104022585,0.11484936,0.11130369,0.11656724,0.077533565,0.10651281,0.08885294,0.09159819,0.10566436,0.107830495,0.099144995,0.08935923,0.10936631,0.10583781,0.09719789,0.10226521,0.09456376,0.097861096,0.104004666,0.09680408,0.11042626,0.10318187,0.09157247,0.09822679,0.08876852,0.086265855,0.10025044,0.08651113,0.10066831,0.10684182,0.10504237,0.0992909,0.08635236,0.10594088,0.08925226,0.11448621,0.107465625,0.090408534,0.08966672,0.07730706,0.10773198,0.103123136,0.09988372,0.10994011,0.11277653,0.09433652,0.109655246,0.0898651,0.10356801,0.10906961,0.09319617,0.09389977,0.11530338,0.10703727,0.10438921,0.10579507,0.103972666,0.09782043,0.10869278,0.082383424,0.098162666,0.12122277,0.09985391,0.085957035,0.10263839,0.082494974,0.1009831,0.10720856,0.10176181,0.113823086,0.10014788,0.106753156,0.11127937,0.10622818,0.1132998,0.09903422,0.12063775,0.10599665,0.106661394,0.10235654,0.10470596,0.11774039,0.103294365,0.09561218,0.10860814,0.10164838,0.10600616,0.08775118,0.1070805,0.10124074,0.09217203,0.08452214,0.09912875,0.09201048,0.09315109,0.10315532,0.11176998,0.10817377,0.10307273,0.10786487,0.08081436,0.07954779,0.10349491,0.10820632,0.09427459,0.08839514,0.10743186,0.110382,0.11197214,0.09609048,0.107390195,0.110334724,0.09932265,0.09554051,0.11736577,0.11128631,0.111326896,0.11848578,0.11312091,0.09780347,0.114935644,0.09522062,0.09604719,0.114221364,0.107002705,0.098466426,0.09242393,0.10274172,0.10255682,0.10568677,0.0963877,0.104031235,0.103211194,0.12559539,0.11161319,0.09928392,0.10305078,0.1098326,0.09587139,0.09806305,0.11288019,0.10456121,0.0914553,0.11680366,0.11167849,0.12932052,0.10801771,0.10789065,0.10166005,0.11571405,0.10231102,0.080894046,0.10000886,0.10613012,0.09236487,0.08917014,0.106244,0.117211446,0.0879686,0.089452654,0.10942009,0.11214806,0.08894609,0.11168782,0.10424426,0.1025437,0.10899978,0.097196445,0.089864805,0.11286411,0.103386775,0.11120951,0.10506524,0.11146282,0.09391531,0.11711378,0.10018477,0.11672887,0.098505996,0.0973494,0.09265721,0.10812278,0.110593095,0.10816361,0.09738917,0.097274095,0.09485607,0.09856882,0.107166015,0.12119781,0.115095,0.08997427,0.09319141,0.117415756,0.113561206,0.08522719,0.09668958,0.100532144,0.11582422,0.114212975,0.10559208,0.10184494,0.094448656,0.115173236,0.10215929,0.10693932,0.08310643,0.11464502,0.10271414,0.11752406,0.104170516,0.1169199,0.103406526,0.09890737,0.10105687,0.102730855,0.088960834,0.10039003,0.09706038,0.09320493,0.0936877,0.11509893,0.103556685,0.08920279,0.10681376,0.12499838,0.10862219,0.09683784,0.10012995,0.0900932,0.10798016,0.10746265,0.10652593,0.1182587,0.08773533,0.09697501,0.09844111,0.10728478,0.109778464,0.09370032,0.10779144,0.11979284,0.104866564,0.09905541,0.09591093,0.11092709,0.101264626,0.107172094
