0.866127,0.85789263,0.8603242,0.85361755,0.8399789,0.85233825,0.84331703,0.8563939,0.86277044,0.8375825,0.8273707,0.84860265,0.81767344,0.8450066,0.8546873,0.84245485,0.85672665,0.861849,0.879079,0.8502946,0.8254662,0.8435015,0.8570077,0.81544167,0.86957407,0.8437019,0.87038875,0.8346974,0.8510356,0.81833047,0.83554715,0.84124017,0.8275029,0.8795358,0.85178035,0.83811307,0.8248567,0.85959584,0.8175986,0.8333324,0.8497161,0.8339861,0.8557631,0.84634167,0.8535867,0.847838,0.86243075,0.85651225,0.8262563,0.8532252,0.81761324,0.85537606,0.8609792,0.85995364,0.84426314,0.8590023,0.8509008,0.8497413,0.8281852,0.8302268,0.86534864,0.84777623,0.8216749,0.84456486,0.8575004,0.8515422,0.8398865,0.8719359,0.87377274,0.8557469,0.8450275,0.8498642,0.8450255,0.8579125,0.84221417,0.84693456,0.87174284,0.831594,0.8526105,0.875242,0.8603685,0.85605156,0.83307093,0.8631449,0.8435465,0.8397091,0.8388918,0.8437218,0.8369218,0.86394525,0.846895,0.8379898,0.85166585,0.8751837,0.87907374,0.8576617,0.8224443,0.8608324,0.8403766,0.8514457,0.82214755,0.84303594,0.82440287,0.8525088,0.85754156,0.85884255,0.8197322,0.8549983,0.8610195,0.85188776,0.85699475,0.8612942,0.8409922,0.86155427,0.8616686,0.84436584,0.84719163,0.86439,0.8473908,0.85689694,0.8515092,0.8387781,0.8372531,0.83928555,0.8626658,0.8355351,0.87754554,0.8495955,0.828895,0.8433563,0.8465065,0.8521346,0.88346845,0.8494066,0.8230654,0.8430906,0.8247512,0.84666353,0.83992106,0.84759706,0.8528487,0.84742165,0.8493227,0.85326356,0.82276756,0.85198796,0.8352711,0.85114676,0.85048866,0.8720156,0.8357205,0.8592787,0.8475596,0.84105754,0.8332489,0.82912695,0.84885633,0.8433147,0.8157217,0.83814365,0.86559564,0.8501698,0.85088336,0.8453449,0.8264553,0.8364557,0.8395119,0.85699826,0.82423717,0.84689796,0.843271,0.8559204,0.8648572,0.8338799,0.86072814,0.87161475,0.80626625,0.8437106,0.8457753,0.8539393,0.838717,0.8516288,0.84051067,0.841667,0.85844743,0.80888665,0.84605265,0.8643891,0.84498566,0.87457335,0.8419214,0.86287206,0.82152784,0.8330026,0.85962945,0.8370801,0.84854,0.86445963,0.8526478,0.8481146,0.83952016,0.83655316,0.8745253,0.8661368,0.8323016,0.8347173,0.84129715,0.851379,0.85477793,0.85895836,0.8411622,0.82611024,0.8359014,0.8140977,0.85372907,0.8539406,0.83294195,0.87483084,0.8716007,0.8438936,0.83968556,0.8496177,0.8401962,0.85389537,0.84470546,0.83065635,0.8281569,0.8604958,0.81121457,0.85059005,0.86373997,0.8449083,0.8628035,0.8390894,0.84365815,0.8411071,0.85684764,0.86718,0.8274923,0.8561088,0.84030044,0.8462092,0.8419573,0.82692945,0.8319231,0.8293394,0.8557019,0.8354822,0.8652921,0.83993804,0.8559027,0.8295476,0.8560165,0.8573063,0.8483103,0.843467,0.84453887,0.8420758,0.85596263,0.8516835,0.8417701,0.84508353,0.8458021,0.8507221,0.85885894,0.8313759,0.8374199,0.87875736,0.83131063,0.85675997,0.8817597,0.8627753,0.83899814,0.8648232,0.8532204,0.84833133,0.85912704,0.85353714,0.8452443,0.857304,0.84822136,0.8149755,0.8259244,0.8585162,0.8758212,0.841552,0.8442704,0.8519559,0.83909225,0.8758071,0.837086,0.8343502,0.8592057,0.84599835,0.8644051,0.8426271,0.8679581,0.83476484,0.8579245,0.8401833,0.8529878,0.84930813,0.8610543,0.8547053,0.8433906,0.86462015,0.81878775,0.85028875,0.85273707,0.8660058,0.8419586,0.8354614,0.8526302,0.85685575,0.83285093,0.86958474,0.8543245,0.8591781,0.83296007,0.8614694,0.8490989,0.85715866,0.83691573,0.8316112,0.8360803,0.84631395,0.83094406,0.8410443,0.8674951,0.8372262,0.84286857,0.86223847,0.86615694,0.8618069,0.8383669,0.8366735,0.83665293,0.84250444,0.8462516,0.85487384,0.8315618,0.8233201,0.83601683,0.875029,0.8364473,0.82825524,0.86124504,0.87338954,0.8443391,0.8312513,0.86336285,0.8422268,0.8416567,0.84060717,0.84747297,0.82826954,0.83801645,0.86512494,0.862475,0.86866504,0.84893733,0.8594467,0.8555412,0.8747078,0.8318599,0.8352796,0.84250945,0.8498825,0.84601516,0.865577,0.8558826,0.85052854,0.83828473,0.8397676,0.8619673,0.8430746,0.852822,0.8393449,0.8464242,0.8531199,0.8593921,0.8424423,0.8446851,0.86159897,0.86016697,0.85862917,0.8503027,0.82961977,0.83666575,0.85493857,0.8363279,0.8659017,0.84726703,0.8696638,0.8318184,0.8290224,0.8340175,0.88173336,0.854759,0.8472582,0.8675815,0.85364205,0.84582525,0.8278475,0.85781664,0.8288746,0.8622443,0.85611266,0.8692077,0.8452177,0.84686685,0.8552319,0.846038,0.8634162,0.81211245,0.8426343,0.8399169,0.8433403,0.83109784,0.8388943,0.8611007,0.82581896,0.8492908,0.8514262,0.8548115,0.84391564,0.82869405,0.8632161,0.8483033,0.85391027,0.84917825,0.82773036,0.8421178,0.85770535,0.8496477,0.8455229,0.83485484,0.82906574,0.82635313,0.8646578,0.8326003,0.85733455,0.847928,0.83900917,0.8487829,0.84487194,0.86207026,0.83400863,0.85874647,0.8421268,0.85464835,0.8498953,0.83977765,0.8598276,0.874919,0.8299884,0.8433865,0.8602881,0.84613967,0.83407754,0.83961266,0.8651121,0.8400801,0.86103106,0.8429186,0.8377658,0.839132,0.8510819,0.8475465,0.8314978,0.85780936,0.8368786,0.86083037,0.8585414,0.8308723,0.83640146,0.8399397,0.8498349,0.85074264,0.8666201,0.8555007,0.84012735,0.86530846,0.86556494,0.85678643,0.8355181,0.8340307,0.8210219,0.8399602,0.83749306,0.85120076,0.8417067,0.84559983,0.85353667,0.84681374,0.85647446,0.8402258,0.86148816,0.86400807,0.86763084,0.85455006,0.8451851,0.8515496,0.8496655,0.8477757,0.8414879,0.8299321,0.8674838,0.85365057,0.85092044,0.8409761,0.8589778,0.8382635,0.85866034,0.84424216,0.856968,0.8489763,0.84420246,0.8552712,0.8387038,0.82152617,0.8668276,0.8413812,0.87129414,0.82979035,0.8582604,0.87247944,0.8325117,0.8399739,0.84685725,0.86449754,0.84694093,0.81670356,0.86593056,0.8468176,0.84432644,0.8396482,0.852293,0.8570727,0.8745721,0.85235023,0.87265897,0.83651215,0.8627653,0.82442105,0.8226161,0.8671299,0.8412568,0.85613567,0.8408773,0.8656719,0.8508134,0.8475054,0.8471486,0.82961774,0.85946196,0.8294053,0.8362241,0.83443886,0.82958865,0.85143703,0.84788406,0.85597396,0.85658234,0.81701386,0.8770263,0.8604721,0.8518047,0.84276843,0.8382406,0.86996835,0.8570901,0.8417233,0.851992,0.83680487,0.86503553,0.83361065,0.8379858,0.84701145,0.8376026,0.8403177,0.8548717,0.8572024,0.8327448,0.85543114,0.8522187,0.8257818,0.8473636,0.8087193,0.83498734,0.85764277,0.8642668,0.8715713,0.8418236,0.85549194,0.86227995,0.8481956,0.8526218,0.8436036,0.8312104,0.8460896,0.8652461,0.8451141,0.85201997,0.8625871,0.87314504,0.82615393,0.8503319,0.8482216,0.8556943,0.8444525,0.86412907,0.8530964,0.85793895,0.84886885,0.8688697,0.8423713,0.8357643,0.8499636,0.8801507,0.857849,0.8183575,0.8654773,0.84558487,0.8742254,0.845697,0.82697153,0.86085206,0.8612509,0.8476179,0.84544396,0.86474204,0.8654299,0.83927375,0.8693679,0.86091495,0.87326014,0.8582628,0.84727174,0.84185356,0.85398257,0.832125,0.84526193,0.871819,0.851525,0.85157126,0.85021317,0.84811425,0.85148114,0.833004,0.85722566,0.8667852,0.8430259,0.8678453,0.8549227,0.849568,0.84153295,0.84771216,0.840896,0.8711608,0.8604635,0.8161724,0.81091017,0.8209967,0.8377767,0.8448767,0.83616143,0.8333579,0.8394915,0.80887353,0.85453564,0.8494724,0.848084,0.83317673,0.84211487,0.83436227,0.84320277,0.853828,0.85183316,0.84417987,0.86926407,0.82196593,0.83411443,0.8632866,0.8515859,0.8585155,0.87435055,0.8336519,0.8546856,0.8392444,0.8368424,0.8506153,0.8440261,0.85748214,0.8329747,0.85519826,0.84767175,0.8786876,0.86215585,0.8521386,0.85674095,0.8655978,0.8429867,0.8449193,0.84925634,0.8645507,0.8563436,0.8465056,0.8266851,0.83809626,0.8312733,0.83966434,0.84434116,0.8400889,0.8247227,0.84848446,0.8514173,0.84358746,0.8606339,0.8682605,0.8458673,0.8769311,0.8462377,0.8684907,0.8458278,0.8526316,0.8410436,0.85182637,0.8407455,0.8641856,0.836526,0.84710836,0.8421197,0.84921956,0.83273476,0.84030455,0.8481601,0.83750784,0.8307811,0.8504252,0.8517911,0.84384733,0.847404,0.8555732,0.8717933,0.84023535,0.85643953,0.8510356,0.864462,0.84671986,0.8346541,0.8156301,0.85392725,0.83638567,0.85250103,0.8456949,0.842715,0.8452288,0.8310151,0.82163584,0.8413435,0.83177996,0.8496827,0.8730991,0.8318965,0.8127521,0.85639393,0.83358914,0.8448522,0.8597016,0.8610506,0.84573495,0.8376979,0.8551597,0.8248561,0.8593439,0.84974444,0.84896755,0.83910465,0.8374868,0.8547432,0.866465,0.8503278,0.8394931,0.84249145,0.8783369,0.8290411,0.8664946,0.8392791,0.8720056,0.8477692,0.8436238,0.8254482,0.847396,0.85218716,0.8283608,0.8271585,0.8562587,0.8435707,0.8838664,0.84274405,0.85026276,0.88150525,0.8359805,0.8330001,0.8416717,0.83951175,0.84662604,0.83268845,0.8647492,0.85614467,0.8304386,0.8341657,0.8416992,0.8502256,0.83061904,0.8640566,0.8471398,0.8521407,0.82229686,0.8636074,0.8508972,0.8510985,0.8345102,0.8333847,0.83697927,0.83458465,0.8294009,0.85038275,0.83792615,0.8452439,0.8568796,0.8660896,0.83396614,0.83062625,0.85449857,0.83397025,0.8624199,0.8356129,0.83833444,0.85453916,0.8569633,0.8636134,0.8580148,0.84954125,0.8420406,0.8535689,0.85198575,0.85455906,0.85067505,0.85265595,0.8075478,0.8409581,0.82904786,0.85051394,0.8374031,0.8460738,0.84123755,0.83435595,0.8485259,0.81051606,0.84064114,0.87468195,0.83130735,0.8414539,0.8352275,0.8428658,0.8636727,0.8591751,0.8531696,0.83334625,0.8487255,0.8521861,0.843808,0.84248143,0.8448012,0.8315463,0.8354832,0.8460494,0.83665824,0.83759826,0.846027,0.84292364,0.833216,0.844826,0.8352175,0.8350401,0.8073835,0.83956045,0.8651681,0.87337476,0.8540015,0.8361238,0.83897275,0.8410033,0.87099034,0.85747284,0.837582,0.8528858,0.85405266,0.86707205,0.84864414,0.85342646,0.861484,0.8717792,0.85242474,0.842889,0.8518655,0.84854114,0.86237615,0.847201,0.84257656,0.82463574,0.8495184,0.8537731,0.85115933,0.83859426,0.82049197,0.855732,0.8596141,0.831151,0.84803253,0.84863913,0.8602944,0.8495946,0.84964484,0.8557744,0.8427721,0.8598154,0.8508793,0.8241564,0.8407484,0.84776366,0.8498562,0.8531568,0.81815743,0.8580865,0.8623782,0.83598536,0.8551417,0.8458282,0.87394077,0.8201085,0.8677141,0.8553283,0.83191144,0.83146113,0.8371198,0.8555838,0.84246385,0.8539092,0.8405449,0.85888636,0.8493971,0.849667,0.8437406,0.84419966,0.8324644,0.8441037,0.8378597,0.8428252,0.8699983,0.84870136,0.82528895,0.8359275,0.8313261,0.83377886,0.85675627,0.83719355,0.8532355,0.8245594,0.83024424,0.85564286,0.8467183,0.87478304,0.84449315,0.85938025,0.84994876,0.83942246,0.85623163,0.843774,0.83226126,0.85312283,0.85977286,0.83693457,0.83890957,0.8560732,0.81702995,0.84398717,0.86030585,0.8679997,0.8413455,0.8401121,0.8330207,0.8305082,0.8488072,0.84103876,0.84627324,0.8296376,0.85137826
0.67989624,0.665424,0.67517006,0.6667786,0.6600869,0.6741995,0.668941,0.6556483,0.67192054,0.66058695,0.6841632,0.6700134,0.6743687,0.66815674,0.69250286,0.63831156,0.66863024,0.6586148,0.6735548,0.67733604,0.6544926,0.63513523,0.6862445,0.6602955,0.6578847,0.6728026,0.6758299,0.6585631,0.66275597,0.6508183,0.6752053,0.66409606,0.66358185,0.65990293,0.6739028,0.6726292,0.6595024,0.66799176,0.64605725,0.6587962,0.6829646,0.6484464,0.6526548,0.6555349,0.6688661,0.656883,0.6679455,0.67453665,0.6625758,0.66989374,0.6557641,0.63350254,0.6655799,0.67914724,0.6759165,0.6747206,0.6763882,0.64962393,0.6663184,0.66276497,0.6797659,0.6627044,0.6580122,0.66514814,0.6512323,0.6690752,0.6735882,0.67371833,0.6809643,0.6745994,0.6501558,0.63912827,0.6697029,0.6733504,0.67460495,0.66947037,0.66684395,0.67690206,0.6608527,0.6701356,0.65442866,0.6796877,0.65746737,0.6576253,0.6738275,0.6783821,0.66205597,0.6559487,0.6508854,0.67899275,0.6760066,0.6895224,0.66690445,0.6650755,0.6546619,0.66513467,0.66010094,0.6760161,0.6594201,0.6620861,0.65930927,0.67361975,0.64118147,0.65006703,0.6649305,0.66728103,0.6735988,0.66843307,0.6806725,0.6732415,0.658586,0.676695,0.66910356,0.6608237,0.6593268,0.6652134,0.6677474,0.6851177,0.66839236,0.68470836,0.66147435,0.6694629,0.66747373,0.6719398,0.668023,0.6653435,0.6707772,0.65876746,0.6677661,0.6702919,0.6752695,0.6703819,0.6905028,0.6455668,0.64908,0.66957647,0.6585174,0.6673239,0.64885765,0.6429339,0.6596447,0.6860027,0.672556,0.6560102,0.6549199,0.6759074,0.678939,0.67913777,0.6694761,0.68099964,0.6761429,0.6719476,0.6469181,0.6837923,0.676014,0.64979404,0.6693349,0.66577363,0.6683896,0.64804363,0.6616587,0.6757391,0.6618668,0.65153,0.6704551,0.66485304,0.6748624,0.6696017,0.6432296,0.6599877,0.6540621,0.6610888,0.6671779,0.6839052,0.66961586,0.6798503,0.664514,0.6661608,0.66159236,0.6773727,0.65367496,0.67797565,0.6731765,0.64378554,0.6582802,0.64183056,0.6499165,0.6694475,0.6700832,0.66884726,0.66661793,0.6800506,0.6573618,0.66329956,0.6855336,0.670735,0.67564005,0.6850194,0.6438343,0.6571646,0.6799199,0.6622289,0.67530876,0.6753995,0.6625069,0.66518325,0.67864674,0.6625794,0.6424827,0.6810714,0.66736627,0.6647166,0.658502,0.6622153,0.6614841,0.66736114,0.6744362,0.6678969,0.6785243,0.6587761,0.6723926,0.6636718,0.66198725,0.65240496,0.67596614,0.6815027,0.67617995,0.68770736,0.6868064,0.66308916,0.6853624,0.6854256,0.65108603,0.6547956,0.6680478,0.67905045,0.671272,0.66825515,0.6576962,0.6859419,0.6595702,0.6675074,0.6534918,0.655122,0.6849628,0.641279,0.6714399,0.6707579,0.67345774,0.65351254,0.68656635,0.6333018,0.6767087,0.6821847,0.6782002,0.67064744,0.67577374,0.6651688,0.66721827,0.66038525,0.67072135,0.6695043,0.65517634,0.6717335,0.66181725,0.6683187,0.65076554,0.6762107,0.65833086,0.6905123,0.6862453,0.662862,0.67827994,0.6508396,0.67048603,0.67601526,0.6696662,0.66598207,0.66693854,0.6745123,0.65378475,0.65212077,0.6487666,0.68341726,0.68378466,0.6697724,0.65651023,0.67659354,0.6499218,0.6856047,0.6599769,0.6623092,0.66909254,0.66183835,0.67214525,0.6862148,0.67543215,0.6558718,0.66154295,0.6508199,0.6744715,0.6425171,0.68140674,0.6666402,0.65791124,0.66590965,0.66235524,0.66927606,0.653681,0.6618893,0.6648678,0.6662012,0.67085207,0.6719517,0.6600016,0.67773014,0.69359404,0.6824605,0.6436611,0.6673662,0.64040846,0.6653674,0.63701963,0.66964245,0.6690304,0.65676326,0.65983856,0.67702395,0.6758452,0.67315996,0.6602875,0.66932195,0.68746376,0.672157,0.6752414,0.6564696,0.65846634,0.6724285,0.65939045,0.65307444,0.6608537,0.6506882,0.6785356,0.68894684,0.6742321,0.67204654,0.69031984,0.6722515,0.6710613,0.66146505,0.68540275,0.6702986,0.6671076,0.6558831,0.65648866,0.66447496,0.6806248,0.66697454,0.67133456,0.6680618,0.6584161,0.6530616,0.66813195,0.6781896,0.65098774,0.6615604,0.65781945,0.65648293,0.6732928,0.68177336,0.68540096,0.6779441,0.6685504,0.6569065,0.6939361,0.6581756,0.6665034,0.6615708,0.66931736,0.6645354,0.6846932,0.6587949,0.6785298,0.67793286,0.6842922,0.66506714,0.679108,0.6705595,0.67581034,0.67225164,0.66009456,0.6751286,0.6848543,0.66954803,0.65587837,0.6634544,0.6696046,0.6745224,0.65322506,0.66366,0.6701339,0.66842675,0.6634035,0.648745,0.68072945,0.6385006,0.6726385,0.6791087,0.6911313,0.636541,0.6590828,0.6872824,0.6802806,0.67495334,0.6455317,0.67292017,0.6745812,0.652668,0.6641799,0.6548534,0.6808513,0.68376476,0.65954226,0.66990376,0.66974336,0.6613892,0.65101564,0.67428946,0.66561806,0.6594836,0.6755013,0.66955715,0.6419515,0.67434675,0.6512642,0.66821134,0.64015865,0.65753865,0.6558185,0.67296016,0.6673117,0.6661837,0.6621424,0.669671,0.663265,0.66648483,0.65874714,0.6614414,0.6871033,0.65856093,0.6783232,0.6706974,0.65272146,0.6584068,0.6447473,0.67488086,0.67826533,0.66940707,0.6511858,0.66809297,0.67047954,0.66916144,0.65906584,0.6769372,0.6520729,0.6527533,0.64487314,0.6777565,0.66997945,0.68927234,0.6673948,0.6712732,0.6570983,0.66707766,0.6668446,0.6688389,0.6533393,0.65709674,0.643346,0.66925925,0.67322105,0.65691245,0.6757169,0.6518361,0.6481762,0.65288657,0.6545481,0.66076344,0.67045504,0.6861346,0.6537964,0.69055825,0.65851307,0.6758094,0.6641283,0.6702079,0.6530503,0.671433,0.64378077,0.6756732,0.66551733,0.67028886,0.6615436,0.6580414,0.66303134,0.64913714,0.672373,0.679122,0.65813166,0.6629575,0.6788411,0.6694834,0.6432024,0.6568785,0.67599124,0.65516645,0.6537083,0.6636196,0.64249945,0.6736977,0.64855653,0.6454264,0.6516277,0.67123246,0.65726626,0.67667055,0.66742665,0.68300056,0.6759322,0.6793499,0.6788627,0.6727133,0.65403074,0.6437786,0.66078395,0.6684878,0.6601196,0.66637594,0.6756835,0.67646545,0.6753497,0.67299604,0.647398,0.66784763,0.6616869,0.6682076,0.66970384,0.66086686,0.67807764,0.6614538,0.6584083,0.6683748,0.67463744,0.6591323,0.6585666,0.66128486,0.66560954,0.6571646,0.6673022,0.672416,0.68479306,0.67531615,0.6761298,0.660317,0.6697122,0.66590446,0.6863509,0.65046924,0.6804647,0.67491716,0.6626419,0.6622587,0.6589895,0.669254,0.6598062,0.67667824,0.66527826,0.6678541,0.6521303,0.6621868,0.67422104,0.6685354,0.6785948,0.6706208,0.6652983,0.6683066,0.6618225,0.6565682,0.6692723,0.6546002,0.6689253,0.65504855,0.67588127,0.6730008,0.66573083,0.65669966,0.6592531,0.6850483,0.66913474,0.6781346,0.6687145,0.67985547,0.67487204,0.6569273,0.6606501,0.678446,0.67077285,0.67336345,0.65869796,0.66370684,0.6753896,0.6622598,0.6479106,0.67080337,0.64763147,0.67794025,0.6524992,0.64986795,0.6562179,0.6800714,0.63694775,0.6674739,0.6606366,0.66955924,0.67473346,0.6473628,0.6433968,0.6664413,0.67857325,0.6593195,0.66280377,0.6863901,0.6703353,0.643948,0.65959483,0.6460107,0.6980846,0.66781384,0.6597651,0.68034315,0.6828933,0.672745,0.6429294,0.6759953,0.6722252,0.6710179,0.6746686,0.65841,0.655958,0.6538246,0.664487,0.6543977,0.6453993,0.6787301,0.66627294,0.6728767,0.68217903,0.6828818,0.688567,0.6830083,0.67789567,0.6582537,0.6740061,0.6559585,0.6661726,0.67463136,0.647649,0.65127945,0.65829587,0.65982217,0.6715329,0.6776626,0.65968317,0.6676868,0.636353,0.67191803,0.6605952,0.66925716,0.674689,0.6560972,0.6730691,0.66766584,0.67223245,0.6761292,0.67670256,0.66841,0.6765025,0.66333264,0.6643311,0.6478661,0.6583461,0.6818033,0.67801017,0.677921,0.6421905,0.6764569,0.6710106,0.6749765,0.6697581,0.65644884,0.6702477,0.6686069,0.65531474,0.66576475,0.6458628,0.6646159,0.64203835,0.64709145,0.6614893,0.66443294,0.65208495,0.65716463,0.6779444,0.681395,0.6486173,0.68337405,0.6653776,0.6629807,0.6657971,0.654462,0.65849876,0.66426736,0.6476171,0.6827455,0.66489494,0.67493737,0.6799586,0.66480196,0.6685281,0.6804849,0.65413606,0.67409176,0.65848845,0.65822786,0.65169317,0.6456909,0.6732552,0.66684884,0.66964966,0.6713902,0.6530281,0.683115,0.6966536,0.66151613,0.6586912,0.66226894,0.6492277,0.6810339,0.68207645,0.6831343,0.66752756,0.6686178,0.6507081,0.65134645,0.69190407,0.66442984,0.65890723,0.66567576,0.64126056,0.6575983,0.663514,0.6828327,0.6802702,0.6773941,0.6749621,0.6462652,0.6844715,0.66538584,0.6786771,0.6592299,0.6551464,0.64352906,0.6663646,0.6706395,0.65439487,0.66449136,0.6816673,0.681756,0.67027295,0.66822827,0.6618184,0.6760228,0.66156024,0.6620505,0.6805577,0.673634,0.68125623,0.6638246,0.67638594,0.68492687,0.6756058,0.6379673,0.67099553,0.66486967,0.67440414,0.6686535,0.6517276,0.66287446,0.6728558,0.69313097,0.6731443,0.6713833,0.6754901,0.66213983,0.6658595,0.68992525,0.6720071,0.67176914,0.6721828,0.6564043,0.6552749,0.6518899,0.66782403,0.67820334,0.66855866,0.65874374,0.6512513,0.6852788,0.67610466,0.64746505,0.6857742,0.6669157,0.66545004,0.65466124,0.6509709,0.67320216,0.6626468,0.67084575,0.6650812,0.65434796,0.6667247,0.6690008,0.6531973,0.6557597,0.6636421,0.6793364,0.676843,0.6854952,0.67161953,0.66253597,0.6752267,0.6683051,0.67536646,0.6669874,0.661516,0.6744089,0.6800823,0.67876756,0.6675529,0.6612848,0.6662803,0.63755786,0.65568364,0.6508361,0.66646,0.6590249,0.6479782,0.66268003,0.6595619,0.6737017,0.66164786,0.6681347,0.6744258,0.6707813,0.66912013,0.6608688,0.65744865,0.6761839,0.6680078,0.6846339,0.67583495,0.6507081,0.66206944,0.6762002,0.6557124,0.66250956,0.6751223,0.68064284,0.6750214,0.6626291,0.6638352,0.65944886,0.65810204,0.65381354,0.6746713,0.67416286,0.639722,0.65707827,0.6555641,0.6903368,0.67959493,0.66430455,0.65519834,0.67324984,0.666017,0.6593631,0.68608874,0.65936404,0.6864715,0.6701001,0.67187774,0.67731607,0.6736811,0.6648156,0.6671684,0.6705139,0.6483843,0.67998195,0.65771544,0.6510545,0.66643226,0.6728698,0.6639322,0.67457986,0.6569736,0.66016126,0.67439497,0.6719124,0.6636047,0.6559745,0.6557355,0.6640698,0.6572151,0.6684875,0.66484535,0.65737873,0.66454923,0.6740378,0.6731188,0.67127395,0.66497815,0.6756951,0.68160754,0.668271,0.6922903,0.65356976,0.66611326,0.6626731,0.6704426,0.6590334,0.67540604,0.66642827,0.6609772,0.6865259,0.67643493,0.6578725,0.6616831,0.7007417,0.6711309,0.66555494,0.6723957,0.67285794,0.666768,0.656285,0.65667313,0.6737024,0.67313373,0.66432774,0.66775143,0.6350913,0.653834,0.68197507,0.6720232,0.67012286,0.6570434,0.64275664,0.64858234,0.67652464,0.6672629,0.6808681,0.6546517,0.66602373,0.6706714,0.69143283,0.67302567,0.6875801,0.67547333,0.6741961,0.6540301,0.704282,0.6618867,0.6883741,0.6613997,0.6645769,0.66792566,0.6747514,0.6622938,0.6587792,0.68216574,0.6582057,0.6878377,0.6523123,0.656995,0.6599436,0.6680417,0.65815276,0.6548617,0.6692635,0.67111677,0.6681656
0.9146938,0.89232135,0.9217935,0.9042856,0.91337556,0.9181905,0.91567355,0.881507,0.9264097,0.9115824,0.91058064,0.92955124,0.9219499,0.90768284,0.90811497,0.90205085,0.9063419,0.91915053,0.9269197,0.9432475,0.9065337,0.90190244,0.9297451,0.9061354,0.90834254,0.9249298,0.9210916,0.90362823,0.92122436,0.8946841,0.91475,0.91623104,0.91115373,0.9296653,0.9203507,0.9269852,0.93009853,0.90301156,0.88825285,0.9032989,0.9017855,0.8933692,0.90460867,0.9141571,0.91409105,0.9115944,0.92466813,0.921297,0.91288024,0.9086984,0.8848914,0.9069893,0.9154948,0.9118903,0.8987862,0.9150164,0.914956,0.91570586,0.9037384,0.89699256,0.91669023,0.9162658,0.90016043,0.8994976,0.90551156,0.9204729,0.91431487,0.91466105,0.92962265,0.9225032,0.8954281,0.9227271,0.9180245,0.9078216,0.9155801,0.90022135,0.93461853,0.9026271,0.93071145,0.9344598,0.91697603,0.90626657,0.9052079,0.90636784,0.9128432,0.9164089,0.92415845,0.90554833,0.91978514,0.9118817,0.9170947,0.9197629,0.90749043,0.9152036,0.920091,0.925581,0.9082879,0.9176772,0.927939,0.9153443,0.8756955,0.91328883,0.89564675,0.9158241,0.92558247,0.9259958,0.89788616,0.90757227,0.9286357,0.9277675,0.92111,0.9173537,0.9320164,0.90597713,0.9169011,0.9206638,0.90885526,0.91893345,0.92800653,0.9333359,0.9189246,0.9150697,0.91871244,0.9261801,0.91928744,0.8989713,0.9233358,0.9067003,0.9187869,0.9198751,0.92246515,0.91765606,0.9258544,0.9011631,0.9214413,0.9210207,0.915471,0.9212385,0.90795076,0.9280686,0.90867233,0.9286105,0.90815365,0.9371261,0.8746828,0.92608416,0.91260356,0.91984385,0.92483777,0.9303133,0.9031434,0.9095867,0.903274,0.9096862,0.9138675,0.9027106,0.9154014,0.91372806,0.9020699,0.89878994,0.9234631,0.91083145,0.92816955,0.9053335,0.9024534,0.89994246,0.91528356,0.91862476,0.89061874,0.8965419,0.9176827,0.91957545,0.9428802,0.89358956,0.93807787,0.93961865,0.89049345,0.9146892,0.9107594,0.90729827,0.88818145,0.9204042,0.89816064,0.8998643,0.9016544,0.8887766,0.9334007,0.92138296,0.90439844,0.94119614,0.91248775,0.93304527,0.9102887,0.9018205,0.90835476,0.8826479,0.9132586,0.91814375,0.91105866,0.9090015,0.90959245,0.91168004,0.92218465,0.9186441,0.9189631,0.90472263,0.9082873,0.9118202,0.9111824,0.9032188,0.9103848,0.90059525,0.89161474,0.9021619,0.90987694,0.903496,0.9123188,0.91468954,0.9463745,0.92485374,0.90952283,0.91009516,0.9187052,0.90464723,0.90788233,0.91587985,0.89975715,0.9174569,0.90280795,0.92144173,0.91721505,0.91842645,0.91394764,0.91322887,0.9082152,0.92069614,0.9246637,0.9162723,0.91068935,0.92216784,0.9142261,0.9026469,0.89813536,0.9116227,0.92176735,0.8907863,0.89764595,0.90747774,0.92369556,0.9035625,0.9249973,0.9019563,0.9214278,0.922379,0.924326,0.8996574,0.8983202,0.90516436,0.9310221,0.9037002,0.88581526,0.9164132,0.9183373,0.9000961,0.93001914,0.8963975,0.88818705,0.939081,0.88993055,0.9238816,0.9438437,0.89770293,0.92746866,0.907935,0.8814661,0.9324853,0.9020538,0.91203594,0.9105895,0.9251467,0.9128682,0.9001722,0.8944735,0.9140879,0.94905615,0.9052357,0.9081827,0.910017,0.9005111,0.91169906,0.9158236,0.8899402,0.9138707,0.9143439,0.9461267,0.9472487,0.9177326,0.93413824,0.92208743,0.89786196,0.90313,0.9078544,0.9255316,0.9072025,0.89646775,0.8957882,0.90434,0.92317253,0.92596924,0.91818285,0.92358065,0.91429263,0.90554917,0.9224868,0.909053,0.92201096,0.9145618,0.91857773,0.9057782,0.9465557,0.89644665,0.92046356,0.9155213,0.90210366,0.9059396,0.9112222,0.9001796,0.92977613,0.90840054,0.90967953,0.9257463,0.89223397,0.92355704,0.9053329,0.9091379,0.8968135,0.91316617,0.89619803,0.9092686,0.90050364,0.9275517,0.8908599,0.90008026,0.920916,0.9044108,0.90216994,0.93152565,0.9188503,0.9130031,0.91306394,0.9252902,0.9119358,0.9109075,0.90238637,0.90361214,0.91146475,0.8987584,0.92433304,0.9215562,0.9115794,0.9098403,0.92703736,0.9022088,0.9226784,0.89654523,0.9098976,0.8935557,0.9129237,0.91542387,0.9201405,0.90568143,0.90805095,0.9127897,0.9191326,0.9328688,0.9095097,0.92068887,0.90087074,0.9253576,0.9167911,0.93936974,0.9155915,0.92142785,0.92703676,0.9152381,0.9211445,0.92320186,0.9038594,0.9348088,0.93715537,0.9105478,0.9427901,0.90531427,0.90368617,0.89209116,0.91233486,0.9075416,0.93883896,0.91110355,0.92281467,0.9227768,0.93112105,0.8957694,0.8886461,0.91374755,0.9022161,0.9144012,0.9273354,0.935548,0.9048913,0.91032124,0.9134286,0.9098862,0.9282455,0.8943424,0.91329974,0.9141335,0.8981672,0.9073568,0.92928904,0.9071288,0.9061209,0.9090228,0.8988089,0.9226128,0.9076204,0.9023976,0.9357072,0.9048453,0.9038338,0.9062772,0.9138636,0.8966522,0.9215674,0.90118235,0.91777354,0.8958121,0.9037621,0.9150217,0.9073883,0.90618944,0.9131927,0.92163414,0.9078775,0.919742,0.89625186,0.93131506,0.8890362,0.9325709,0.9023542,0.9037055,0.90828395,0.90394807,0.92175543,0.89788795,0.92063874,0.927287,0.92115027,0.912973,0.89865935,0.906296,0.91414815,0.90717155,0.9161986,0.90772367,0.9148351,0.913585,0.9061076,0.9152204,0.9388507,0.91835755,0.9128034,0.91773194,0.92825294,0.91215587,0.89890224,0.9139619,0.9223732,0.9089365,0.9201018,0.8939627,0.9166668,0.9214033,0.91313106,0.9205479,0.864752,0.92355025,0.90845805,0.928185,0.90856797,0.91151524,0.91263586,0.90259534,0.90651506,0.9364607,0.9131383,0.918108,0.9285872,0.90784764,0.9134361,0.91105795,0.90552574,0.911946,0.90808326,0.9026785,0.9160895,0.9130032,0.9275574,0.90512294,0.916536,0.91030186,0.8932703,0.8949442,0.90029615,0.9020259,0.91473097,0.91890293,0.8906674,0.91815454,0.9049494,0.8801944,0.9132322,0.92218655,0.9456555,0.90158087,0.9215221,0.92151344,0.90855026,0.9167473,0.92251796,0.93307763,0.91368645,0.88203007,0.89336336,0.9156378,0.91563845,0.91258705,0.90248615,0.9154651,0.9162744,0.919744,0.90764135,0.8892845,0.9265255,0.9091751,0.8912863,0.9133918,0.9151702,0.91940475,0.9013552,0.90986484,0.9048315,0.906938,0.91823244,0.92297727,0.9205339,0.90701926,0.91123134,0.9187479,0.90358347,0.9226064,0.9180958,0.90853274,0.9200597,0.910086,0.92850125,0.92351454,0.90601736,0.9149153,0.8937695,0.9189048,0.9081274,0.9016515,0.9096833,0.90775776,0.9215007,0.9103516,0.91248673,0.8814488,0.91184175,0.9127994,0.9272269,0.91086084,0.90930414,0.9256351,0.90794575,0.9062233,0.9142634,0.908292,0.89760154,0.91020566,0.90422654,0.90722704,0.9025965,0.93464315,0.89455307,0.92094463,0.91853005,0.90889037,0.92075694,0.9147269,0.9267802,0.9290052,0.9099863,0.91279876,0.9399299,0.90173876,0.93492955,0.8991685,0.91920024,0.91784686,0.91906714,0.90058064,0.9123521,0.9062039,0.9181174,0.9064782,0.9034889,0.91075337,0.9263679,0.9029105,0.89468855,0.906435,0.89873064,0.9309532,0.90732044,0.89375323,0.8969989,0.9120405,0.9255021,0.905399,0.91837615,0.9205244,0.9102109,0.93547004,0.917767,0.92892724,0.92404485,0.8998549,0.9232865,0.9067192,0.8900331,0.9121508,0.91747576,0.9095124,0.913349,0.91974396,0.8900802,0.8949773,0.9070212,0.9168053,0.93064356,0.897083,0.92750055,0.91957587,0.89345235,0.92136896,0.92241234,0.9201841,0.9255931,0.92270666,0.9051124,0.9076776,0.91415364,0.89747876,0.9287778,0.90655434,0.907914,0.9190445,0.91269994,0.89574313,0.9238812,0.91402286,0.92143816,0.89331406,0.91494304,0.91106325,0.92176473,0.9198754,0.91525453,0.918376,0.90822375,0.9076857,0.9163385,0.9151506,0.93259585,0.9264788,0.9135123,0.9268846,0.90072376,0.8853127,0.92896146,0.9228498,0.9272997,0.89351803,0.9132714,0.91483897,0.928369,0.91704947,0.9226401,0.9067486,0.9282166,0.9002882,0.9106143,0.90793633,0.92402637,0.91329026,0.911876,0.88971305,0.90330076,0.90707743,0.892909,0.9109208,0.92007154,0.885338,0.92834425,0.921771,0.92389494,0.9127721,0.91894704,0.91062444,0.9178534,0.9079858,0.9500114,0.9315413,0.92760426,0.900422,0.9248936,0.9268319,0.9210889,0.9190966,0.90816295,0.9002838,0.9062552,0.9001797,0.9021512,0.90766275,0.90886635,0.90923506,0.9205465,0.9086779,0.9312054,0.91049206,0.92243445,0.92760587,0.92164075,0.90297097,0.8995899,0.9122536,0.9366974,0.92185575,0.8945217,0.90445423,0.88293606,0.9234732,0.9095553,0.9142456,0.9296855,0.8971411,0.89797926,0.90568,0.90716195,0.89867854,0.92005825,0.91970354,0.8982624,0.9254109,0.8918758,0.92057383,0.9222125,0.9352221,0.8997102,0.91063535,0.908962,0.9177374,0.9302548,0.9179385,0.92678094,0.9084793,0.90079063,0.9018139,0.91715527,0.9156095,0.9196309,0.8863398,0.92036706,0.91675186,0.92844373,0.9148701,0.9210642,0.93370384,0.9074569,0.9207539,0.9138025,0.93282604,0.8936179,0.9229734,0.9222765,0.9280333,0.94842666,0.91850615,0.92133915,0.94025046,0.9062592,0.9077137,0.9245675,0.8957595,0.9124708,0.90020484,0.91377866,0.90252954,0.903731,0.9159472,0.90523314,0.9181005,0.9230561,0.91151226,0.9240881,0.9129794,0.90053755,0.9136335,0.9164475,0.9147503,0.9034181,0.9096983,0.9064063,0.9029712,0.90522146,0.9323905,0.91285956,0.89396083,0.90829515,0.89274216,0.9014833,0.9213522,0.9169971,0.91829306,0.93488175,0.9179806,0.90072757,0.9130341,0.9017187,0.9214635,0.9156664,0.92027277,0.907688,0.9159748,0.90310127,0.91634905,0.90498364,0.92279214,0.88832134,0.90874755,0.91080546,0.92504245,0.906927,0.89798963,0.91569126,0.9001696,0.91174203,0.9029414,0.9053981,0.9168312,0.911422,0.9076819,0.90337133,0.9148481,0.9319559,0.9106995,0.9158058,0.90992296,0.9001675,0.9096484,0.91459715,0.90873903,0.9281273,0.91753566,0.9232703,0.933597,0.8968835,0.91665167,0.90254277,0.9148408,0.91574883,0.92581767,0.9186411,0.8929443,0.88557154,0.9049117,0.92186314,0.92111516,0.8989295,0.91131085,0.9274309,0.91636,0.9284807,0.9292159,0.9174367,0.93877983,0.9175094,0.9217888,0.91186666,0.90943164,0.9052177,0.92833406,0.9122416,0.9116944,0.9231658,0.9112533,0.9079887,0.9056067,0.90506005,0.89141464,0.91473114,0.9192758,0.919257,0.91199416,0.9011829,0.9133539,0.9137774,0.8944026,0.90864795,0.9188543,0.9054332,0.895228,0.92251855,0.91177595,0.9110236,0.9109734,0.90657145,0.9160214,0.9144882,0.9226292,0.9091052,0.91821456,0.91096073,0.9081403,0.91915166,0.8977893,0.92399,0.9126794,0.9162041,0.8821525,0.9097961,0.9339939,0.913259,0.91801333,0.9194356,0.9125474,0.9137141,0.9276237,0.9273153,0.91549665,0.9156746,0.9161357,0.91938657,0.9118611,0.91427636,0.92125213,0.8884566,0.9002517,0.9197162,0.92620784,0.92399144,0.90863085,0.8880331,0.906175,0.916183,0.88462806,0.93898404,0.8844198,0.9137606,0.91922915,0.92185426,0.9232558,0.9100509,0.9246348,0.9143892,0.90243274,0.92691255,0.9245042,0.90788555,0.9122919,0.90874183,0.9047222,0.9025739,0.9184981,0.9027405,0.91254455,0.9075422,0.9236933,0.8984038,0.89943916,0.9102424,0.89890945,0.90409666,0.9083369,0.8970977,0.9025559,0.9090346
1.0882722,1.0842506,1.0954492,1.0991946,1.0847203,1.0873022,1.0946015,1.087943,1.0885919,1.0904131,1.0922781,1.0834432,1.0851042,1.0844085,1.0949266,1.0835854,1.0909405,1.0846579,1.0837775,1.087051,1.0878766,1.0891865,1.1040303,1.0791514,1.1045432,1.0869087,1.1065346,1.0801506,1.0971515,1.0765116,1.0912423,1.0856669,1.085492,1.1011876,1.0671252,1.0855846,1.068739,1.0831088,1.0885882,1.0858002,1.0782087,1.0903392,1.07447,1.086602,1.1022022,1.0742984,1.0840713,1.1253905,1.0818697,1.0980774,1.0810751,1.1025298,1.1112278,1.0812079,1.0811967,1.10021,1.0739268,1.0912842,1.0711166,1.0922674,1.105465,1.0826888,1.0693331,1.0707706,1.0739057,1.0824667,1.0731101,1.0758873,1.0962054,1.0839157,1.0720918,1.0802265,1.0787047,1.0832187,1.0871462,1.0854213,1.1050102,1.0866351,1.0929388,1.0961752,1.0668505,1.0821307,1.065712,1.0868063,1.0631127,1.0686857,1.0859488,1.0968052,1.0907645,1.0865778,1.054259,1.0853051,1.0980961,1.1091018,1.0819274,1.0822096,1.0855963,1.0796615,1.088478,1.095693,1.0975924,1.0952697,1.1023604,1.0907096,1.093954,1.1219319,1.0720124,1.0944111,1.0918506,1.1086689,1.0770265,1.0912087,1.1063945,1.091231,1.0987667,1.0899051,1.1029731,1.0885161,1.0764878,1.1006253,1.0957977,1.0876964,1.0713532,1.0871342,1.1002723,1.074535,1.1001482,1.0931274,1.0952337,1.1102964,1.0805843,1.0818027,1.0975243,1.0870099,1.0765166,1.079667,1.087596,1.0854335,1.0869377,1.0882139,1.0756125,1.1055666,1.0796124,1.0775801,1.1033453,1.0827127,1.0886027,1.0879464,1.0904818,1.1035962,1.0936565,1.0785308,1.0780714,1.0716447,1.0778241,1.0875918,1.1020534,1.0778759,1.045113,1.0844594,1.1046609,1.0938857,1.1006671,1.0863146,1.0818703,1.0722126,1.0797836,1.0904938,1.0807775,1.0683167,1.1031218,1.1071,1.0939162,1.0752077,1.0996003,1.0903212,1.0706507,1.1002928,1.0922197,1.0838931,1.0919142,1.0991187,1.0947,1.0598798,1.0942829,1.0686619,1.094137,1.0911043,1.0708244,1.1112612,1.061339,1.096313,1.082602,1.0945626,1.0943825,1.0990366,1.0793431,1.09744,1.101517,1.0812739,1.0686624,1.0726106,1.1029348,1.0743538,1.0771531,1.0960944,1.0819505,1.0816026,1.080724,1.0886424,1.0927157,1.0771685,1.0791347,1.0596462,1.0901859,1.0762167,1.0773696,1.085643,1.0749208,1.0858166,1.0849197,1.0704921,1.0819671,1.1022605,1.1057435,1.0790935,1.0824031,1.090501,1.0970832,1.0904503,1.0866914,1.0726225,1.0799149,1.075605,1.0806996,1.0864542,1.0773101,1.0870898,1.08724,1.0901433,1.0974728,1.0977967,1.0773227,1.0991507,1.0827497,1.068531,1.0882665,1.0720057,1.1035509,1.0825173,1.0849612,1.0740074,1.0647575,1.0849649,1.0907106,1.0641186,1.0866994,1.0884796,1.0960706,1.0930399,1.0848984,1.0810843,1.0780103,1.0796015,1.0985265,1.0784945,1.079855,1.1046004,1.107807,1.1012152,1.0923166,1.1035565,1.0744932,1.098153,1.0850953,1.0776179,1.0939159,1.0894535,1.0866885,1.1017597,1.0923661,1.0992018,1.0691615,1.095256,1.0918607,1.0889004,1.0882524,1.0703396,1.0804564,1.0911171,1.0674864,1.1028672,1.0727911,1.0974647,1.1007782,1.0792077,1.1007222,1.0942823,1.1087909,1.0804788,1.1005356,1.0811532,1.1020961,1.0947729,1.0756328,1.077457,1.0823259,1.0678105,1.0912335,1.0896677,1.1006769,1.0969465,1.0764278,1.1054473,1.0970676,1.1025976,1.0691508,1.08043,1.0670439,1.0973302,1.098256,1.0964352,1.0926876,1.090306,1.0893711,1.0941283,1.0817825,1.0823896,1.1090105,1.068985,1.0965241,1.0813224,1.0768068,1.0878277,1.0733173,1.0991257,1.0921763,1.1024097,1.0980184,1.1089946,1.0747147,1.0923309,1.0638156,1.1004874,1.085686,1.07301,1.080712,1.10917,1.0658313,1.0772135,1.0749551,1.0849738,1.0803477,1.0936377,1.084156,1.0731068,1.0897298,1.1053076,1.0908344,1.0985937,1.108766,1.0724152,1.0911039,1.1009022,1.0822095,1.0844698,1.0989397,1.0846664,1.1006948,1.0933799,1.0884471,1.0820633,1.0717313,1.0780927,1.1050975,1.0794495,1.088088,1.1147025,1.0874069,1.0888997,1.0844436,1.1030707,1.0826972,1.0861003,1.11042,1.0807039,1.0894306,1.101017,1.1114734,1.0946412,1.0893066,1.0891145,1.0891638,1.0953778,1.0765889,1.0837488,1.0877451,1.0895448,1.107221,1.0817926,1.1053938,1.0878386,1.0762539,1.084845,1.0946814,1.0852991,1.0886532,1.0838231,1.1001531,1.0817903,1.0952847,1.1029649,1.0816314,1.0930012,1.0653374,1.0819777,1.075572,1.0598496,1.0955006,1.0972476,1.0927353,1.0646489,1.089934,1.0922732,1.0932293,1.0692186,1.0639073,1.1065794,1.0595315,1.0750101,1.0854028,1.068357,1.1100435,1.1135759,1.0907273,1.0952398,1.0823834,1.0683769,1.0842439,1.0898788,1.0905112,1.0851688,1.0779542,1.0890383,1.0872049,1.098907,1.0784047,1.082876,1.0901186,1.084002,1.0849277,1.0938604,1.0751027,1.0871898,1.0979528,1.0885048,1.0722181,1.085494,1.0950272,1.0886849,1.1122521,1.1074071,1.0862945,1.1091659,1.0996457,1.09099,1.0899214,1.0892452,1.0828867,1.0761701,1.1021079,1.0906161,1.0877868,1.0830983,1.0967306,1.0875278,1.0834683,1.0837386,1.0845388,1.0819496,1.0934112,1.0806642,1.0954005,1.0879024,1.0840118,1.0715574,1.0502293,1.0723788,1.0862634,1.0750017,1.0968378,1.0865806,1.1056608,1.0977101,1.0872093,1.0868938,1.0936508,1.0889288,1.0808165,1.1052912,1.0935414,1.1004343,1.0790167,1.0712919,1.0880346,1.0922441,1.0817116,1.090322,1.102927,1.0835476,1.0867307,1.0852356,1.0776317,1.0908184,1.0828214,1.0757283,1.0752301,1.0646548,1.1140122,1.0824298,1.0641489,1.0829251,1.0888631,1.1026247,1.0895624,1.0834917,1.0876887,1.06806,1.0807582,1.0841309,1.0835136,1.0747236,1.080766,1.0854896,1.0895479,1.0660826,1.0973796,1.1033552,1.0686448,1.0966691,1.0829022,1.091051,1.0902436,1.0939807,1.0597484,1.0954322,1.0999062,1.0900015,1.0754709,1.077434,1.0855058,1.0886292,1.0804604,1.0637838,1.0775347,1.0915217,1.0536463,1.0847124,1.0924393,1.0671599,1.0833557,1.082155,1.0850195,1.0821728,1.086469,1.102957,1.1109003,1.0997919,1.0979197,1.072656,1.0906564,1.0971416,1.1013813,1.0887686,1.0645678,1.1105524,1.0932983,1.0876954,1.0904479,1.0782708,1.0895234,1.0870906,1.1006733,1.0699216,1.0841609,1.0922039,1.079514,1.1066856,1.0731287,1.0728797,1.0996242,1.0990304,1.1001244,1.0848758,1.0995289,1.0974847,1.0826321,1.1040149,1.0713301,1.0909532,1.0899299,1.0877821,1.0734556,1.0757804,1.0799499,1.1045606,1.0834442,1.0971014,1.0912923,1.0965136,1.099706,1.0931653,1.1087023,1.0805665,1.0926272,1.1112593,1.083199,1.0952308,1.1047219,1.100433,1.0613021,1.0795124,1.1049103,1.0819247,1.0879325,1.0905148,1.1136093,1.080983,1.1023809,1.0681623,1.1005944,1.1006678,1.0922151,1.0997224,1.0959245,1.0714642,1.1028297,1.0865964,1.0874845,1.0818657,1.0893623,1.0759492,1.0798815,1.0897697,1.0845188,1.0822209,1.1025908,1.0954908,1.0744762,1.0970935,1.0797099,1.0832261,1.0852102,1.0898569,1.081097,1.0629538,1.096663,1.0982335,1.0970111,1.1009443,1.0985329,1.0736942,1.0753602,1.0722572,1.077264,1.0844793,1.0727601,1.0796692,1.0851927,1.0780052,1.0889283,1.1103222,1.0954357,1.0895978,1.071067,1.0630292,1.0806292,1.0881412,1.0818124,1.0925851,1.0991898,1.0760059,1.095122,1.0867473,1.0998485,1.0886148,1.0737531,1.0787333,1.0979909,1.0602092,1.0741819,1.0912536,1.1017667,1.0841229,1.0794185,1.0876871,1.1131881,1.0870842,1.0944271,1.0959616,1.1047314,1.0748489,1.0815616,1.086632,1.0919043,1.0897262,1.0887617,1.0838724,1.0969046,1.0776749,1.0829268,1.0848607,1.0792477,1.1092012,1.0756887,1.1030324,1.0984424,1.0787126,1.1203014,1.1195014,1.086617,1.1023481,1.0931536,1.090959,1.0831467,1.0783563,1.0897665,1.1025932,1.0922308,1.0904332,1.0857556,1.0856329,1.081794,1.0912952,1.0872166,1.106375,1.1095304,1.0814372,1.0833619,1.0944815,1.0819745,1.0762928,1.0725316,1.0996622,1.0875942,1.0917115,1.073833,1.1020753,1.0982233,1.0745388,1.0988616,1.1014923,1.0946003,1.078301,1.0898324,1.0887582,1.0739188,1.0980401,1.0717665,1.0745579,1.0816745,1.0702177,1.090012,1.0852879,1.0855772,1.0724013,1.0918714,1.0996609,1.0806315,1.0650258,1.0936086,1.0814586,1.0828418,1.0961182,1.097978,1.0929605,1.095693,1.0840516,1.0938262,1.0889255,1.1073748,1.1042804,1.0692554,1.0794493,1.0839682,1.1106513,1.0791924,1.0937068,1.0866772,1.0934758,1.0549977,1.0905089,1.065187,1.0893471,1.0927556,1.0769653,1.0770015,1.0937028,1.0830598,1.0990082,1.0899109,1.0906999,1.1075746,1.0787163,1.0652837,1.1013116,1.0913501,1.0771691,1.1037203,1.0949816,1.1162822,1.0775244,1.093754,1.1074581,1.0679866,1.086892,1.0886632,1.0854424,1.0874089,1.1068639,1.0857384,1.1125818,1.0845406,1.092298,1.076951,1.0852909,1.090568,1.0877348,1.072423,1.0845854,1.073002,1.0970372,1.1104681,1.0789233,1.0940336,1.0992745,1.078928,1.0825671,1.085182,1.1021923,1.0761048,1.0893657,1.0827568,1.096689,1.0858855,1.099201,1.0908734,1.0757525,1.1068358,1.068512,1.0953164,1.0779378,1.084465,1.072959,1.0718883,1.0731773,1.0809008,1.0862926,1.0763346,1.0813849,1.0775008,1.0991548,1.1087989,1.0857586,1.0727974,1.0823047,1.0940387,1.0980916,1.0917127,1.0918359,1.0996332,1.0942612,1.0774964,1.1001261,1.0811119,1.1019547,1.0921775,1.0854186,1.0985624,1.0706478,1.0880525,1.099011,1.0845995,1.0713655,1.0842947,1.0845451,1.087755,1.0828793,1.0944378,1.0798132,1.0978723,1.078061,1.0781212,1.080757,1.0935515,1.1048875,1.0780185,1.0967767,1.098908,1.093109,1.0968943,1.0770555,1.0847591,1.0821435,1.104011,1.0813309,1.0895009,1.0839047,1.0882846,1.0896128,1.0778682,1.0962462,1.0787054,1.0830078,1.102177,1.106988,1.0749038,1.0689489,1.0989468,1.0876645,1.0825213,1.0925292,1.0950302,1.0886033,1.0809056,1.0821685,1.0891622,1.0997087,1.0949088,1.0590278,1.0868546,1.1171287,1.0932523,1.0858372,1.0725728,1.1043321,1.0737294,1.063051,1.07353,1.083536,1.0641505,1.1048149,1.0777928,1.1056372,1.0976906,1.0941014,1.0876682,1.0858964,1.0774108,1.0784782,1.1057962,1.0699656,1.102854,1.0962037,1.1037157,1.0947897,1.089235,1.0835494,1.087424,1.0743803,1.0985037,1.0981961,1.0746896,1.0584939,1.0918813,1.0699428,1.0781235,1.07555,1.0920005,1.0840068,1.0684112,1.0918953,1.0654469,1.0950549,1.0867118,1.0893942,1.0911279,1.1031177,1.0888275,1.0903593,1.0953785,1.0574372,1.0882643,1.0963893,1.0937356,1.0980177,1.0949328,1.0931602,1.0969055,1.079502,1.0727366,1.1071142,1.0735366,1.0654074,1.0756345,1.0790248,1.0987165,1.0716535,1.0863518,1.0876007
0.812146,0.8161208,0.8251492,0.83994377,0.83123255,0.80224735,0.8362588,0.81765157,0.80786747,0.8106657,0.80854386,0.8226444,0.8138242,0.8271573,0.8116604,0.81851184,0.8119671,0.8187702,0.8314296,0.8124581,0.82419145,0.813119,0.82511604,0.80840474,0.8333731,0.82703876,0.8234987,0.79370475,0.8304189,0.8175505,0.8111783,0.8361082,0.82096106,0.83038044,0.8227293,0.81682575,0.8057427,0.8077545,0.8172597,0.79937404,0.8144926,0.81899047,0.81246173,0.79371816,0.82169664,0.82151085,0.8029625,0.84132904,0.81092745,0.8175139,0.8092599,0.81748486,0.8311122,0.80513555,0.8222528,0.81741387,0.8136995,0.81413275,0.81227696,0.8139486,0.82717323,0.8183732,0.8081026,0.7954913,0.80034184,0.81688035,0.8197869,0.8171129,0.81416506,0.81434834,0.7982176,0.81910837,0.8118655,0.8138416,0.81186396,0.82408226,0.8155137,0.82302535,0.83223706,0.79943603,0.81070143,0.8031512,0.81112206,0.8304248,0.7984927,0.82995874,0.81779623,0.82561606,0.8192324,0.82130116,0.8187869,0.8162501,0.83421576,0.83192706,0.8311183,0.8284489,0.8129367,0.79795194,0.81257486,0.8154043,0.8130987,0.8103779,0.8313557,0.8086151,0.8214874,0.8281707,0.8110286,0.8300986,0.82183427,0.834104,0.8079684,0.83557194,0.82867295,0.8286293,0.8468497,0.81893367,0.817303,0.8177769,0.8224547,0.8363378,0.82097447,0.8342298,0.8151185,0.81784874,0.822816,0.8050076,0.82374966,0.8157456,0.8293204,0.8355189,0.8079378,0.81077206,0.83167493,0.8180803,0.8235158,0.8230805,0.82289046,0.799344,0.8234399,0.83023477,0.7993747,0.8319965,0.79424495,0.82738876,0.8152618,0.8131155,0.8146441,0.8029251,0.8319712,0.8378514,0.8190682,0.8095147,0.8060363,0.8107742,0.81708866,0.8144836,0.8191549,0.81779027,0.8129573,0.8186964,0.8286775,0.8164366,0.83175766,0.81651264,0.80997574,0.81492007,0.8211966,0.820376,0.8199392,0.8129392,0.8189963,0.83796865,0.8299774,0.7894698,0.8407117,0.8272651,0.8094108,0.81580436,0.8308464,0.8151244,0.8151967,0.82619923,0.8267388,0.8086182,0.8184468,0.8024167,0.8165917,0.8189816,0.8101423,0.8245958,0.81230825,0.8265495,0.8066077,0.81733096,0.81593037,0.8262945,0.8269912,0.82175475,0.82510024,0.8210365,0.7962443,0.8192518,0.8223404,0.8153267,0.80547565,0.8177202,0.80905074,0.8194123,0.8416963,0.8179147,0.8178743,0.79450417,0.8165592,0.8050803,0.8248144,0.80736697,0.8361854,0.8171216,0.8203285,0.83431697,0.81893355,0.8205866,0.8266691,0.8182416,0.8277153,0.80578995,0.81367075,0.8200406,0.82507753,0.80412805,0.82148546,0.80050373,0.8227458,0.811075,0.81593114,0.816977,0.81463844,0.8195332,0.8166569,0.8210306,0.82331526,0.7998794,0.8103143,0.8315224,0.8166217,0.80849814,0.8119875,0.79546213,0.81206286,0.82125854,0.8254847,0.8045267,0.8245912,0.8304865,0.81988364,0.8201335,0.81630224,0.80648196,0.81942064,0.81653935,0.79053634,0.81924766,0.81159675,0.8358459,0.81877583,0.80864793,0.815703,0.8303203,0.8310818,0.84953505,0.83890235,0.8347622,0.8106476,0.82523406,0.81929785,0.8208541,0.8216776,0.81151855,0.7962597,0.8292027,0.82832557,0.81649137,0.81673944,0.8298361,0.82856286,0.8017673,0.82162,0.8321594,0.8217373,0.8082241,0.80573773,0.8087863,0.8183583,0.8243236,0.8258089,0.829356,0.8374289,0.8112879,0.8354609,0.80908656,0.8218558,0.81557333,0.8167898,0.83091605,0.7982233,0.8199782,0.8058184,0.82085484,0.8228511,0.81143343,0.82947785,0.8167161,0.8054159,0.82731825,0.8237312,0.8243685,0.8137497,0.8085103,0.8178449,0.834784,0.8289699,0.8163407,0.8289001,0.82201433,0.8148861,0.8005301,0.81478024,0.8196522,0.82781416,0.8104464,0.8128917,0.8196949,0.8204139,0.8315911,0.794805,0.8190564,0.82069266,0.82194686,0.8124236,0.82273847,0.8108317,0.81398565,0.8117467,0.80429536,0.81275713,0.81593674,0.8199614,0.83375573,0.79676616,0.814855,0.82047004,0.8079844,0.81985074,0.84637386,0.8481039,0.8132561,0.8231068,0.83120805,0.82452977,0.81947476,0.83010113,0.8095493,0.8215405,0.82271075,0.81170285,0.81856364,0.82841897,0.8098004,0.83403504,0.82450104,0.8034389,0.807814,0.81493837,0.80816734,0.8209518,0.80669355,0.8335827,0.8136586,0.8279561,0.81413,0.8078854,0.83032906,0.8307066,0.819791,0.8421147,0.8202064,0.82685554,0.8186354,0.82140696,0.81803924,0.82604516,0.8118622,0.8204995,0.8469184,0.8138406,0.81216,0.8134057,0.8252799,0.8262054,0.8330759,0.809192,0.82893,0.79341495,0.8065603,0.8119614,0.8153305,0.8278022,0.8149528,0.8227439,0.8197392,0.82306314,0.8352567,0.80577004,0.8351665,0.81957006,0.816064,0.81259876,0.81186867,0.8160715,0.82827145,0.82921463,0.8030778,0.81187,0.8178749,0.815652,0.81817675,0.82103366,0.8304326,0.7965398,0.8135316,0.8199624,0.8014313,0.8235733,0.82304543,0.81760806,0.8268331,0.7900271,0.79872894,0.8202901,0.8280947,0.81538266,0.7929878,0.8138223,0.82092905,0.8010199,0.8213566,0.8227016,0.8079243,0.8132465,0.8196474,0.8104797,0.81521136,0.8154289,0.82499003,0.84579265,0.8160826,0.8189688,0.8258309,0.8274302,0.8249011,0.8386459,0.82150173,0.80240744,0.8310529,0.82813996,0.80752546,0.83205545,0.8163973,0.8094894,0.8165831,0.8244992,0.8124416,0.8188541,0.8216022,0.8236941,0.82788837,0.8121587,0.81750464,0.82733595,0.8278779,0.82822675,0.80157423,0.82979584,0.8290214,0.8244395,0.8172081,0.8049935,0.78706264,0.81575096,0.81057423,0.82876617,0.8057146,0.82773274,0.82775456,0.8202872,0.8191023,0.8327387,0.8219907,0.8197126,0.83189887,0.82086587,0.8215269,0.8125449,0.8142638,0.81345415,0.8235815,0.8043602,0.8151693,0.82031393,0.8349701,0.8238673,0.80515134,0.8120497,0.7924205,0.8084921,0.80724883,0.8158934,0.8199021,0.82861054,0.8167102,0.78197336,0.84337014,0.8196963,0.8235872,0.84139454,0.81302714,0.8134748,0.8237166,0.80740345,0.825197,0.8121989,0.81772965,0.7997064,0.8199508,0.8310877,0.8100309,0.82888985,0.8255689,0.81585526,0.82784903,0.8211315,0.8177869,0.8225656,0.8191364,0.79737175,0.830388,0.8354457,0.80836815,0.8141075,0.80694294,0.81987023,0.8317481,0.8105274,0.7979568,0.8255627,0.8133363,0.8146096,0.7964817,0.8141418,0.8113298,0.8310646,0.8071426,0.8186696,0.8259355,0.82287854,0.8213661,0.8416003,0.8149238,0.8193424,0.80700743,0.8273935,0.8059647,0.81921643,0.8199253,0.8105849,0.8323679,0.8224304,0.8166148,0.81690776,0.8108923,0.81441706,0.81845427,0.82466525,0.7930574,0.8098676,0.81445295,0.8215111,0.81257373,0.8105076,0.80294037,0.8255317,0.8475418,0.8179836,0.82866067,0.8299953,0.8313601,0.8272122,0.81495386,0.817313,0.8262323,0.8258344,0.8307915,0.8180237,0.82041854,0.80898166,0.8120899,0.821196,0.82828057,0.81126094,0.823422,0.80733615,0.82361174,0.8665438,0.8064763,0.83525413,0.8470219,0.8140901,0.81782395,0.81675005,0.8332567,0.81959,0.82016623,0.8427162,0.83991903,0.81404245,0.825662,0.8147309,0.8325889,0.83854055,0.812894,0.8253346,0.8228687,0.8050282,0.8243344,0.83028996,0.8155495,0.8250797,0.83944374,0.83213097,0.8154357,0.82823026,0.8202214,0.82448006,0.83443886,0.8272754,0.8265593,0.82441807,0.8141424,0.82007545,0.8195431,0.8086157,0.8007383,0.82991844,0.80758166,0.80710435,0.80611324,0.8194119,0.82920927,0.8156898,0.83307177,0.826033,0.8154579,0.81295455,0.8120432,0.8074888,0.8204428,0.8063422,0.8084,0.82093436,0.81691873,0.81679183,0.82017267,0.8046743,0.8247405,0.822711,0.80395323,0.8049123,0.8253724,0.8220109,0.83737767,0.81981146,0.8289035,0.84260255,0.81864184,0.81682557,0.8186082,0.8028344,0.8083922,0.83027565,0.81156534,0.8047602,0.81622326,0.8330234,0.82999057,0.79632235,0.8180796,0.83638567,0.81302214,0.8154982,0.8405448,0.8261554,0.8102784,0.81720823,0.8111157,0.81601304,0.80433637,0.8182316,0.816478,0.8191297,0.8212597,0.8151661,0.81578636,0.7972474,0.81923896,0.8150495,0.83605945,0.82097507,0.81979465,0.81683934,0.8127274,0.8109602,0.82272065,0.8262225,0.8242401,0.8177202,0.8398968,0.81322986,0.82787585,0.8127321,0.80490714,0.8153006,0.81795776,0.82099473,0.8212984,0.8227943,0.8190018,0.8253562,0.8093317,0.81748784,0.82232404,0.826111,0.81860524,0.80260235,0.82777077,0.81829506,0.8066149,0.8214792,0.82366276,0.8374795,0.81552315,0.81275403,0.81546587,0.8321234,0.82553464,0.85314345,0.81536895,0.8023406,0.81831443,0.8246301,0.8152042,0.8248819,0.8005821,0.8184686,0.8158922,0.8226065,0.8032079,0.833836,0.8146816,0.8212554,0.8337344,0.82413244,0.80214095,0.82316774,0.8238361,0.81324065,0.8184407,0.81704843,0.8092808,0.83162063,0.84627664,0.83112454,0.8220408,0.8029713,0.8140745,0.8276778,0.8582672,0.80977446,0.83529645,0.80980325,0.8353654,0.824061,0.8262485,0.8231921,0.8108016,0.8238927,0.8117072,0.81946194,0.82176256,0.82312053,0.82935596,0.8140429,0.82313883,0.82619905,0.81833404,0.8186151,0.8113337,0.80426973,0.798812,0.82033366,0.82790864,0.8388509,0.82156086,0.817316,0.8253369,0.7986368,0.8008255,0.8151606,0.81940544,0.8195233,0.84332275,0.81601405,0.8389079,0.8152808,0.824356,0.81756204,0.80717236,0.8066036,0.7980797,0.8118775,0.8010409,0.8009394,0.8110845,0.8310008,0.8022094,0.82257175,0.8265387,0.8220352,0.83057153,0.8255966,0.8130115,0.79383546,0.8239053,0.8156453,0.82585317,0.80235416,0.82978845,0.83635813,0.8186442,0.82998556,0.8122636,0.80697113,0.8180247,0.80546,0.7807519,0.8291516,0.81314206,0.8094182,0.83398455,0.81682736,0.80473393,0.7837762,0.817107,0.82557166,0.8095647,0.8000785,0.8087528,0.83582836,0.83313185,0.80879205,0.84079176,0.8234971,0.81971747,0.8275486,0.8381492,0.8328262,0.8126227,0.8460268,0.809593,0.83593196,0.8054677,0.81407005,0.8245243,0.8116101,0.80101967,0.81686115,0.81796426,0.8025014,0.8095707,0.8286298,0.8223895,0.8331873,0.8243147,0.8070918,0.82061017,0.82629967,0.8235362,0.81308544,0.81746894,0.8278948,0.82426757,0.818297,0.81632674,0.8119749,0.8104462,0.81705093,0.8199116,0.825275,0.82522476,0.8167988,0.8152325,0.795897,0.8386587,0.7925364,0.802925,0.8237702,0.8176324,0.80639595,0.82078344,0.8318687,0.82867795,0.8163104,0.81215894,0.8232213,0.815221,0.8194337,0.8150504,0.82151216,0.8280134,0.81654626,0.8082522,0.8285743,0.83045346,0.8336799,0.8105226,0.82777506,0.8177346,0.8140162,0.8089327,0.81831527,0.8225707,0.80953324,0.82383376,0.79250914,0.83014685,0.8316216,0.82934076,0.8184371,0.83000326,0.81034195,0.82134515,0.8242259,0.8096614,0.8185029,0.8315274,0.8288007,0.8177784,0.8226622,0.80277354,0.82301867,0.82252854,0.8144763,0.8278279,0.8185898,0.7923011,0.8226592,0.79996926,0.79936206,0.8200747,0.8082192,0.81006086,0.802018,0.8166446,0.80573875,0.8261108,0.8274745,0.8101591,0.80742013,0.816489,0.8066205,0.8263462,0.821378,0.80364585,0.81893146,0.8239274,0.8106184,0.8249203,0.8335184,0.80839133,0.7889404,0.81586796,0.8164008,0.8468832,0.8032803,0.8139346,0.8239887,0.8074376,0.8295987,0.8222625,0.80367965,0.8045818
0.0,0.0,0.0,0.0,0.0,0.0,0.0,0.0,0.0,0.0,0.0,0.0,0.0,0.0,0.0,0.0,0.0,0.0,0.0,0.0,0.0,0.0,0.0,0.0,0.0,0.0,0.0,0.0,0.0,0.0,0.0,0.0,0.0,0.0,0.0,0.0,0.0,0.0,0.0,0.0,0.0,0.0,0.0,0.0,0.0,0.0,0.0,0.0,0.0,0.0,0.0,0.0,0.0,0.0,0.0,0.0,0.0,0.0,0.0,0.0,0.0,0.0,0.0,0.0,0.0,0.0,0.0,0.0,0.0,0.0,0.0,0.0,0.0,0.0,0.0,0.0,0.0,0.0,0.0,0.0,0.0,0.0,0.0,0.0,0.0,0.0,0.0,0.0,0.0,0.0,0.0,0.0,0.0,0.0,0.0,0.0,0.0,0.0,0.0,0.0,0.0,0.0,0.0,0.0,0.0,0.0,0.0,0.0,0.0,0.0,0.0,0.0,0.0,0.0,0.0,0.0,0.0,0.0,0.0,0.0,0.0,0.0,0.0,0.0,0.0,0.0,0.0,0.0,0.0,0.0,0.0,0.0,0.0,0.0,0.0,0.0,0.0,0.0,0.0,0.0,0.0,0.0,0.0,0.0,0.0,0.0,0.0,0.0,0.0,0.0,0.0,0.0,0.0,0.0,0.0,0.0,0.0,0.0,0.0,0.0,0.0,0.0,0.0,0.0,0.0,0.0,0.0,0.0,0.0,0.0,0.0,0.0,0.0,0.0,0.0,0.0,0.0,0.0,0.0,0.0,0.0,0.0,0.0,0.0,0.0,0.0,0.0,0.0,0.0,0.0,0.0,0.0,0.0,0.0,0.0,0.0,0.0,0.0,0.0,0.0,0.0,0.0,0.0,0.0,0.0,0.0,0.0,0.0,0.0,0.0,0.0,0.0,0.0,0.0,0.0,0.0,0.0,0.0,0.0,0.0,0.0,0.0,0.0,0.0,0.0,0.0,0.0,0.0,0.0,0.0,0.0,0.0,0.0,0.0,0.0,0.0,0.0,0.0,0.0,0.0,0.0,0.0,0.0,0.0,0.0,0.0,0.0,0.0,0.0,0.0,0.0,0.0,0.0,0.0,0.0,0.0,0.0,0.0,0.0,0.0,0.0,0.0,0.0,0.0,0.0,0.0,0.0,0.0,0.0,0.0,0.0,0.0,0.0,0.0,0.0,0.0,0.0,0.0,0.0,0.0,0.0,0.0,0.0,0.0,0.0,0.0,0.0,0.0,0.0,0.0,0.0,0.0,0.0,0.0,0.0,0.0,0.0,0.0,0.0,0.0,0.0,0.0,0.0,0.0,0.0,0.0,0.0,0.0,0.0,0.0,0.0,0.0,0.0,0.0,0.0,0.0,0.0,0.0,0.0,0.0,0.0,0.0,0.0,0.0,0.0,0.0,0.0,0.0,0.0,0.0,0.0,0.0,0.0,0.0,0.0,0.0,0.0,0.0,0.0,0.0,0.0,0.0,0.0,0.0,0.0,0.0,0.0,0.0,0.0,0.0,0.0,0.0,0.0,0.0,0.0,0.0,0.0,0.0,0.0,0.0,0.0,0.0,0.0,0.0,0.0,0.0,0.0,0.0,0.0,0.0,0.0,0.0,0.0,0.0,0.0,0.0,0.0,0.0,0.0,0.0,0.0,0.0,0.0,0.0,0.0,0.0,0.0,0.0,0.0,0.0,0.0,0.0,0.0,0.0,0.0,0.0,0.0,0.0,0.0,0.0,0.0,0.0,0.0,0.0,0.0,0.0,0.0,0.0,0.0,0.0,0.0,0.0,0.0,0.0,0.0,0.0,0.0,0.0,0.0,0.0,0.0,0.0,0.0,0.0,0.0,0.0,0.0,0.0,0.0,0.0,0.0,0.0,0.0,0.0,0.0,0.0,0.0,0.0,0.0,0.0,0.0,0.0,0.0,0.0,0.0,0.0,0.0,0.0,0.0,0.0,0.0,0.0,0.0,0.0,0.0,0.0,0.0,0.0,0.0,0.0,0.0,0.0,0.0,0.0,0.0,0.0,0.0,0.0,0.0,0.0,0.0,0.0,0.0,0.0,0.0,0.0,0.0,0.0,0.0,0.0,0.0,0.0,0.0,0.0,0.0,0.0,0.0,0.0,0.0,0.0,0.0,0.0,0.0,0.0,0.0,0.0,0.0,0.0,0.0,0.0,0.0,0.0,0.0,0.0,0.0,0.0,0.0,0.0,0.0,0.0,0.0,0.0,0.0,0.0,0.0,0.0,0.0,0.0,0.0,0.0,0.0,0.0,0.0,0.0,0.0,0.0,0.0,0.0,0.0,0.0,0.0,0.0,0.0,0.0,0.0,0.0,0.0,0.0,0.0,0.0,0.0,0.0,0.0,0.0,0.0,0.0,0.0,0.0,0.0,0.0,0.0,0.0,0.0,0.0,0.0,0.0,0.0,0.0,0.0,0.0,0.0,0.0,0.0,0.0,0.0,0.0,0.0,0.0,0.0,0.0,0.0,0.0,0.0,0.0,0.0,0.0,0.0,0.0,0.0,0.0,0.0,0.0,0.0,0.0,0.0,0.0,0.0,0.0,0.0,0.0,0.0,0.0,0.0,0.0,0.0,0.0,0.0,0.0,0.0,0.0,0.0,0.0,0.0,0.0,0.0,0.0,0.0,0.0,0.0,0.0,0.0,0.0,0.0,0.0,0.0,0.0,0.0,0.0,0.0,0.0,0.0,0.0,0.0,0.0,0.0,0.0,0.0,0.0,0.0,0.0,0.0,0.0,0.0,0.0,0.0,0.0,0.0,0.0,0.0,0.0,0.0,0.0,0.0,0.0,0.0,0.0,0.0,0.0,0.0,0.0,0.0,0.0,0.0,0.0,0.0,0.0,0.0,0.0,0.0,0.0,0.0,0.0,0.0,0.0,0.0,0.0,0.0,0.0,0.0,0.0,0.0,0.0,0.0,0.0,0.0,0.0,0.0,0.0,0.0,0.0,0.0,0.0,0.0,0.0,0.0,0.0,0.0,0.0,0.0,0.0,0.0,0.0,0.0,0.0,0.0,0.0,0.0,0.0,0.0,0.0,0.0,0.0,0.0,0.0,0.0,0.0,0.0,0.0,0.0,0.0,0.0,0.0,0.0,0.0,0.0,0.0,0.0,0.0,0.0,0.0,0.0,0.0,0.0,0.0,0.0,0.0,0.0,0.0,0.0,0.0,0.0,0.0,0.0,0.0,0.0,0.0,0.0,0.0,0.0,0.0,0.0,0.0,0.0,0.0,0.0,0.0,0.0,0.0,0.0,0.0,0.0,0.0,0.0,0.0,0.0,0.0,0.0,0.0,0.0,0.0,0.0,0.0,0.0,0.0,0.0,0.0,0.0,0.0,0.0,0.0,0.0,0.0,0.0,0.0,0.0,0.0,0.0,0.0,0.0,0.0,0.0,0.0,0.0,0.0,0.0,0.0,0.0,0.0,0.0,0.0,0.0,0.0,0.0,0.0,0.0,0.0,0.0,0.0,0.0,0.0,0.0,0.0,0.0,0.0,0.0,0.0,0.0,0.0,0.0,0.0,0.0,0.0,0.0,0.0,0.0,0.0,0.0,0.0,0.0,0.0,0.0,0.0,0.0,0.0,0.0,0.0,0.0,0.0,0.0,0.0,0.0,0.0,0.0,0.0,0.0,0.0,0.0,0.0,0.0,0.0,0.0,0.0,0.0,0.0,0.0,0.0,0.0,0.0,0.0,0.0,0.0,0.0,0.0,0.0,0.0,0.0,0.0,0.0,0.0,0.0,0.0,0.0,0.0,0.0,0.0,0.0,0.0,0.0,0.0,0.0,0.0,0.0,0.0,0.0,0.0,0.0,0.0,0.0,0.0,0.0,0.0,0.0,0.0,0.0,0.0,0.0,0.0,0.0,0.0,0.0,0.0,0.0,0.0,0.0,0.0,0.0,0.0,0.0,0.0,0.0,0.0,0.0,0.0,0.0,0.0,0.0,0.0,0.0,0.0,0.0,0.0,0.0,0.0,0.0,0.0,0.0,0.0,0.0,0.0,0.0,0.0,0.0,0.0,0.0,0.0,0.0,0.0,0.0,0.0,0.0,0.0,0.0,0.0,0.0,0.0,0.0,0.0,0.0,0.0,0.0,0.0,0.0,0.0,0.0,0.0,0.0,0.0,0.0,0.0,0.0,0.0,0.0,0.0,0.0,0.0,0.0,0.0,0.0,0.0,0.0,0.0,0.0,0.0,0.0,0.0,0.0,0.0,0.0,0.0,0.0,0.0,0.0,0.0,0.0,0.0,0.0,0.0,0.0,0.0,0.0,0.0,0.0,0.0,0.0,0.0,0.0,0.0,0.0,0.0,0.0,0.0,0.0,0.0,0.0,0.0,0.0,0.0,0.0,0.0,0.0
1.185502,1.1710656,1.1981736,1.195177,1.1914346,1.1706878,1.1861619,1.1823744,1.1841313,1.1881547,1.1834766,1.1837509,1.1794357,1.1808765,1.1930716,1.1790556,1.1791793,1.1906323,1.1969851,1.1911077,1.1902926,1.1918732,1.1942788,1.1749247,1.1936556,1.18099,1.1846837,1.1772767,1.1938341,1.1849741,1.1784191,1.1963656,1.1779878,1.1872944,1.190801,1.1854848,1.1748388,1.1810349,1.1755435,1.1843222,1.189977,1.1859367,1.191914,1.1748102,1.196606,1.1730736,1.1806997,1.2048341,1.1857527,1.1687578,1.1711391,1.2031215,1.1883059,1.1755756,1.1806828,1.1852937,1.1855127,1.188582,1.1818447,1.1897488,1.2026358,1.1879288,1.1789742,1.1651888,1.1877475,1.1960582,1.1795053,1.1933212,1.1892028,1.2118711,1.1728536,1.1973064,1.1777475,1.19644,1.1838193,1.1716659,1.1988461,1.1785084,1.1904935,1.1838007,1.1903303,1.1897631,1.1885535,1.1768978,1.1872895,1.1803029,1.1880149,1.2018911,1.1962366,1.1767067,1.194693,1.2010784,1.1933832,1.199629,1.1959982,1.1917695,1.1701326,1.1978161,1.190124,1.202661,1.1871079,1.1818091,1.1922194,1.1787891,1.180115,1.1898946,1.1875496,1.1803856,1.198212,1.2018374,1.1922995,1.1893748,1.1766015,1.1951971,1.1890928,1.1784749,1.1812983,1.1963211,1.1914058,1.1941229,1.1832379,1.1870316,1.1847153,1.1831656,1.1862258,1.1829331,1.2038763,1.1730772,1.1847695,1.1897584,1.1898317,1.195878,1.1967593,1.1694521,1.1793281,1.1962475,1.2074978,1.1668308,1.1993492,1.1991907,1.1846632,1.1846932,1.1827455,1.1687757,1.1788948,1.1882904,1.1845666,1.1797663,1.18387,1.1990072,1.1916845,1.1931946,1.1902901,1.1933043,1.189539,1.1885414,1.1781156,1.1762855,1.1671028,1.16958,1.1895311,1.1838164,1.1929803,1.1822175,1.174692,1.1761825,1.1926473,1.1987209,1.1824304,1.1839621,1.1998814,1.2069842,1.205927,1.1666738,1.2161943,1.1873024,1.1983619,1.1751555,1.1743773,1.1748317,1.1860135,1.1888412,1.2020086,1.187969,1.1730062,1.1715052,1.1991905,1.1985197,1.1821071,1.2052084,1.1837355,1.2085997,1.1803968,1.1764992,1.1742136,1.2096192,1.1928118,1.1957558,1.2104566,1.1964968,1.1781857,1.1721072,1.1944001,1.1918664,1.181552,1.1759526,1.1824036,1.1682771,1.1961666,1.1881609,1.1815084,1.1703756,1.1817696,1.166871,1.1777868,1.1745443,1.1921576,1.1941143,1.194878,1.1947365,1.1827209,1.1754256,1.1872808,1.1907808,1.1907136,1.1662982,1.17312,1.1882869,1.1848229,1.195367,1.1849004,1.1781152,1.1722219,1.1850755,1.195561,1.1763988,1.1772655,1.1991928,1.1783054,1.188793,1.2099997,1.1792381,1.1940376,1.1752903,1.181309,1.1736442,1.1859293,1.1669497,1.1863093,1.1821283,1.1891019,1.1779093,1.1874923,1.1886714,1.185038,1.1772563,1.1800021,1.1776704,1.1876937,1.1770766,1.1714538,1.1887064,1.1941037,1.1967684,1.1952084,1.1742421,1.1715574,1.2087735,1.1921662,1.2005092,1.2023077,1.1850661,1.194477,1.1873701,1.1859635,1.192817,1.2049307,1.1910878,1.178578,1.2082971,1.1902478,1.1726351,1.1756088,1.1813359,1.2073901,1.2051889,1.175172,1.1890496,1.1788354,1.2041165,1.1876659,1.1838131,1.1861724,1.1798216,1.203253,1.1886475,1.1927408,1.1841283,1.2003186,1.1836456,1.1881257,1.1772721,1.1791693,1.192414,1.1775734,1.1915761,1.1623762,1.1916286,1.2075031,1.1870065,1.2044877,1.2007263,1.1795795,1.1914976,1.1806778,1.1909937,1.174592,1.2081687,1.1775208,1.204151,1.1923097,1.1850886,1.170376,1.1990683,1.1992085,1.1755165,1.1788398,1.1816095,1.1823118,1.176934,1.1950946,1.1970271,1.1936442,1.2015338,1.170099,1.1801459,1.1831151,1.18694,1.1890827,1.2084512,1.178304,1.1910224,1.1760317,1.1907092,1.1857194,1.1855568,1.199901,1.2047532,1.1571645,1.1830137,1.1839141,1.1866889,1.1786307,1.1991863,1.1964747,1.181143,1.192497,1.1955451,1.1947763,1.1983742,1.1943026,1.1842991,1.1882795,1.1997677,1.1878023,1.1933572,1.1799375,1.189208,1.1750823,1.1882694,1.1955956,1.1813889,1.1816924,1.1973394,1.2031367,1.1872182,1.2005588,1.1794362,1.1754445,1.1825897,1.1844809,1.1895901,1.1945523,1.1777856,1.2050923,1.1774915,1.189799,1.1995214,1.1969051,1.1874866,1.1796849,1.1922622,1.1828614,1.1957061,1.1689758,1.1887707,1.1829311,1.1982311,1.2102401,1.1799349,1.2066839,1.2155149,1.1735072,1.1641563,1.1923739,1.1780157,1.1966228,1.1920494,1.1938926,1.1899116,1.1955056,1.1999204,1.1968908,1.2045572,1.1837124,1.1846648,1.1841586,1.1858506,1.1896309,1.192488,1.194292,1.1647612,1.1773415,1.1904682,1.1979324,1.1843112,1.1726078,1.2108613,1.185944,1.1708246,1.1730032,1.1799085,1.2055062,1.1874299,1.1932743,1.1942304,1.182306,1.175453,1.1789247,1.2004877,1.1854215,1.1782994,1.1969754,1.2008762,1.1788532,1.1739596,1.1951953,1.1822354,1.1941866,1.1816694,1.1857817,1.1890795,1.1830964,1.1778252,1.1951445,1.1685351,1.1692203,1.2035055,1.1803663,1.195645,1.2039677,1.1814893,1.1805239,1.2016716,1.1906253,1.1845218,1.1937989,1.1868341,1.1658186,1.1783935,1.1899984,1.1732383,1.1869094,1.1690526,1.18793,1.1909503,1.1741692,1.186236,1.1867034,1.1958908,1.1935586,1.1771972,1.1947277,1.1929413,1.1898118,1.176702,1.1908445,1.1664628,1.1782575,1.17214,1.1950542,1.1718843,1.1890956,1.1840008,1.1942298,1.1981974,1.1891412,1.2032547,1.1878158,1.1916275,1.1855166,1.1920491,1.1949736,1.1729451,1.173607,1.1775124,1.1780736,1.1940504,1.1916583,1.2026516,1.1944771,1.1817862,1.1782609,1.1630156,1.1795133,1.1778677,1.1820989,1.1730179,1.1977435,1.174932,1.1771113,1.195631,1.1900349,1.2001535,1.1960055,1.1891516,1.1779414,1.2014799,1.1968707,1.175752,1.1819243,1.178989,1.1782335,1.188352,1.1963084,1.1784695,1.2072687,1.1796051,1.1743816,1.1896646,1.1920385,1.1731935,1.1952782,1.1836114,1.1680455,1.1833822,1.1838372,1.1847062,1.1784155,1.1920849,1.210533,1.1686193,1.1881244,1.1631553,1.186296,1.1992294,1.1784183,1.1792496,1.177247,1.1702015,1.193353,1.1769993,1.1869804,1.2045982,1.1862195,1.186625,1.2059125,1.1883398,1.1971719,1.1914693,1.200537,1.1692834,1.1913906,1.1998867,1.1841717,1.2006469,1.1942631,1.1845896,1.1888981,1.1824658,1.1827183,1.1889232,1.196595,1.179479,1.1912441,1.1888007,1.2050352,1.1919665,1.1666725,1.1738322,1.1768967,1.1962192,1.2057561,1.1919417,1.1877027,1.1920303,1.1972526,1.1908467,1.1851203,1.1855947,1.1847751,1.2029527,1.1859256,1.2010438,1.1869303,1.1924543,1.1733868,1.1910447,1.1870093,1.1863952,1.1792231,1.1903971,1.2063243,1.1814191,1.1885314,1.1957737,1.1967521,1.1877326,1.1887585,1.1897687,1.1831474,1.1828945,1.1929148,1.1918007,1.1798104,1.1932042,1.2025377,1.1924412,1.2062701,1.1692255,1.1970131,1.1884602,1.1818943,1.1890907,1.1932288,1.1857452,1.1913682,1.1820638,1.1878041,1.1866773,1.1798472,1.1792732,1.18337,1.2131456,1.2003875,1.1942405,1.2004498,1.18721,1.1943822,1.1825906,1.1805153,1.1957384,1.1961274,1.1745819,1.1912899,1.1857367,1.1835274,1.1912752,1.1823187,1.1834404,1.2102754,1.182605,1.1734113,1.1782461,1.1717908,1.1985935,1.177578,1.1802568,1.1882972,1.169123,1.1663059,1.1923329,1.181351,1.1957488,1.1956749,1.1773515,1.1791317,1.1946187,1.192217,1.1956917,1.1964678,1.1672189,1.1848328,1.2036476,1.1936074,1.1836861,1.1829356,1.1796826,1.1883043,1.1739241,1.1771429,1.1843709,1.188252,1.2054443,1.1703373,1.1853424,1.1927475,1.1906475,1.1791242,1.1863434,1.1820333,1.1865456,1.1851752,1.1946257,1.1900098,1.1891233,1.1818136,1.1897535,1.1792774,1.1870731,1.1958998,1.1829871,1.1726998,1.1837585,1.1836628,1.2071371,1.1864667,1.1892393,1.1916265,1.1917567,1.1975124,1.1990403,1.1948053,1.1895353,1.194787,1.1923177,1.1748496,1.1879162,1.1941792,1.1990908,1.1907289,1.1861194,1.178508,1.1893878,1.1827294,1.1977931,1.1955042,1.1877357,1.1786523,1.1957916,1.1853349,1.1907415,1.1796824,1.1866161,1.19348,1.1698345,1.1839511,1.1823375,1.1993663,1.1876235,1.1771481,1.1620648,1.189717,1.1878257,1.1981257,1.1832643,1.1750952,1.2004997,1.190476,1.173536,1.1902157,1.1724398,1.1902103,1.1920757,1.2006495,1.1890467,1.2099125,1.1859547,1.1942934,1.1923032,1.1978198,1.1883439,1.1734232,1.1934823,1.1799364,1.175486,1.1766036,1.1886823,1.2082257,1.1653113,1.2069087,1.1846786,1.1720014,1.1956412,1.1892812,1.2077636,1.175952,1.2026334,1.1813564,1.1955462,1.1696928,1.2089201,1.1763492,1.1857957,1.1963804,1.1683499,1.1876761,1.1936432,1.1773279,1.1827883,1.1726973,1.197214,1.2090973,1.2008266,1.1849663,1.1908709,1.1908711,1.1744148,1.2042533,1.2013756,1.201214,1.1850142,1.1980473,1.199835,1.1868074,1.1706206,1.1846108,1.189652,1.1943356,1.2082976,1.1775249,1.2128981,1.1872097,1.1798401,1.186672,1.1863475,1.1862059,1.1692683,1.1751666,1.1785079,1.1836361,1.1988765,1.2026745,1.1841758,1.1860939,1.1959574,1.1821316,1.2142283,1.1888225,1.1809721,1.1718397,1.1857843,1.1923267,1.1964853,1.1874871,1.1786089,1.1891835,1.18681,1.198128,1.1825404,1.1919034,1.1687,1.184884,1.1662048,1.1823007,1.1793789,1.1778457,1.1990932,1.17648,1.1821549,1.160038,1.1795939,1.1915085,1.17735,1.1839055,1.1835251,1.2026395,1.2036328,1.1889799,1.2010812,1.2011119,1.1932728,1.1969887,1.19265,1.1911672,1.1790074,1.1942227,1.1799486,1.1981152,1.1888511,1.1834688,1.1931756,1.1842121,1.1869962,1.1850921,1.2013195,1.1725836,1.1714683,1.1863173,1.193856,1.2018771,1.1857463,1.1830615,1.1858271,1.1847453,1.1888689,1.1808462,1.203398,1.1963835,1.1863573,1.1914448,1.1767317,1.1906848,1.1852984,1.1969386,1.1924269,1.1943154,1.1953617,1.1913643,1.1858109,1.1657228,1.1897488,1.1684841,1.1646674,1.1724724,1.1863983,1.1852033,1.1722978,1.2024333,1.1822295,1.189346,1.180634,1.2072412,1.1787403,1.1708624,1.1875002,1.2039874,1.2042339,1.1882552,1.1815569,1.1820269,1.1960851,1.1895494,1.1875403,1.183607,1.1872329,1.1774837,1.1842325,1.1696308,1.1840967,1.170071,1.1934466,1.1541841,1.1930536,1.1944008,1.1901892,1.1949958,1.1983083,1.2022035,1.1785825,1.193094,1.1739774,1.1931807,1.1978194,1.1869881,1.1839207,1.1886333,1.1724161,1.1787955,1.1771758,1.1935037,1.2028275,1.1704171,1.1910676,1.1791972,1.1743501,1.1667104,1.1826817,1.1920239,1.1856464,1.1716151,1.1805656,1.1708431,1.177454,1.1953685,1.1928781,1.1902617,1.1885271,1.1900902,1.1894219,1.182247,1.1749233,1.1929294,1.1975725,1.1860287,1.1879075,1.2048277,1.1772197,1.1858563,1.196806,1.1736306,1.1930342,1.1727229,1.1823691,1.1994009,1.174721,1.1953957,1.1817789,1.1940944,1.1800305
1.1871283,1.2172002,1.212253,1.2121726,1.1899067,1.193497,1.2200956,1.1993173,1.2099456,1.2226673,1.1758851,1.202238,1.2087718,1.2195768,1.2090756,1.2245266,1.2054735,1.2021115,1.2230517,1.2065868,1.2021936,1.209754,1.2127862,1.1827513,1.2065756,1.2060006,1.2100062,1.1959198,1.2142543,1.1919631,1.2064198,1.2118993,1.1961939,1.1993263,1.1887163,1.193656,1.181053,1.2031645,1.2087023,1.2246883,1.2097347,1.2085108,1.2029585,1.206304,1.2227473,1.190676,1.2092332,1.208595,1.2187309,1.2172425,1.1961557,1.2086463,1.2160361,1.1943617,1.2008958,1.2104013,1.1948179,1.2037561,1.1850176,1.2101516,1.2157738,1.2048376,1.209092,1.1901205,1.1879606,1.2089813,1.2068961,1.1891043,1.2087783,1.2080357,1.207374,1.2027345,1.2026052,1.2032927,1.2230923,1.1872457,1.2113469,1.2079111,1.216859,1.2041814,1.2039366,1.1985315,1.2062614,1.1940495,1.200634,1.1938875,1.198552,1.2195022,1.2165065,1.1954505,1.1853715,1.2033026,1.2130988,1.220235,1.2050537,1.1953605,1.1931291,1.2103502,1.2185665,1.2050371,1.1995186,1.1984053,1.2077895,1.1942582,1.2050214,1.215419,1.2001952,1.1962816,1.2142978,1.2233729,1.1920143,1.2322322,1.215768,1.2125922,1.2022034,1.1977748,1.1882886,1.2122211,1.1976323,1.2169025,1.1994584,1.20732,1.1850749,1.1842581,1.1978046,1.1802486,1.2229694,1.2014596,1.204418,1.2132552,1.1854341,1.2068179,1.1997758,1.2004381,1.215242,1.1845937,1.2285178,1.2064123,1.2152785,1.2122746,1.1941705,1.2010778,1.1985984,1.1921496,1.2118315,1.22707,1.1910095,1.2031722,1.2257125,1.2292237,1.2163252,1.2028505,1.1922201,1.1954827,1.1982996,1.2181829,1.2097598,1.1992134,1.1797326,1.2056129,1.224051,1.2136753,1.2192086,1.2162607,1.1866119,1.1867619,1.2015687,1.2110487,1.2200521,1.205236,1.2140658,1.2201754,1.1947907,1.2005023,1.2085515,1.2002444,1.1955764,1.2088307,1.1943126,1.2123019,1.2161624,1.1970553,1.2154008,1.1860247,1.2005315,1.1838938,1.2098879,1.2150317,1.1869068,1.2116548,1.1899387,1.2000144,1.2185588,1.2038043,1.2057793,1.2084508,1.2111905,1.2139753,1.2184796,1.2079272,1.1798288,1.1817664,1.228658,1.2136687,1.211866,1.2095361,1.2071766,1.1902287,1.2218808,1.2124234,1.2072452,1.19547,1.2164011,1.1987389,1.2113507,1.2027744,1.206351,1.2335354,1.2041944,1.2186656,1.2033039,1.1860545,1.2056971,1.2137635,1.2189361,1.2077086,1.1976117,1.201726,1.2262329,1.2208756,1.2125973,1.1865747,1.2017968,1.2001297,1.2073112,1.2070012,1.1875329,1.2196283,1.194335,1.2081043,1.2125515,1.2086395,1.2029986,1.2203727,1.2086542,1.1747518,1.1931839,1.1910505,1.2164221,1.2078295,1.1946126,1.1960102,1.2083532,1.2113503,1.2044486,1.2215066,1.195383,1.1919088,1.1961756,1.2112767,1.1893394,1.1937572,1.2065984,1.2088141,1.2212222,1.1847627,1.2235215,1.2101187,1.2362703,1.1884327,1.2058483,1.2062317,1.201693,1.2057852,1.2089909,1.2016319,1.2084326,1.1947035,1.1990706,1.2167944,1.2084229,1.2048174,1.2022817,1.2198745,1.203453,1.2220254,1.2030116,1.1819392,1.2102447,1.2225153,1.2063599,1.2100333,1.2100991,1.1935884,1.2153894,1.1978128,1.2309699,1.2102952,1.2268552,1.1982987,1.20807,1.2010087,1.1988945,1.2103168,1.2150089,1.2025601,1.192816,1.2151428,1.2124879,1.1956354,1.2212449,1.22005,1.1957675,1.2241086,1.217418,1.2056074,1.1841257,1.2314947,1.2032955,1.2083966,1.1950899,1.2159294,1.2222011,1.1962557,1.2145457,1.2012031,1.2111061,1.1971426,1.2033162,1.2167,1.2201833,1.225172,1.2026068,1.1988622,1.1878654,1.2293212,1.1903664,1.2170035,1.1960127,1.2114104,1.2042913,1.2071518,1.1930311,1.2001997,1.2081983,1.2152984,1.2012467,1.2150402,1.1727228,1.2082381,1.2072973,1.1980854,1.1997943,1.2165321,1.2165966,1.1881715,1.2114741,1.2050462,1.2085758,1.2150853,1.2076328,1.2108748,1.2128738,1.2043216,1.2007484,1.232047,1.2142894,1.2074425,1.2065499,1.2102454,1.2196004,1.2047372,1.1783725,1.1984024,1.2144377,1.1951364,1.2061287,1.2221261,1.2062423,1.214246,1.2063191,1.1918943,1.1976883,1.2121209,1.2186599,1.1889384,1.1969554,1.215891,1.227635,1.22268,1.2084185,1.2017956,1.2038198,1.2117194,1.181796,1.2163422,1.197114,1.2211312,1.1979547,1.1888127,1.2203315,1.2109845,1.1929197,1.2076676,1.179111,1.2123454,1.2100334,1.2183894,1.2055262,1.2061483,1.2079058,1.2030718,1.1981202,1.2259789,1.1815183,1.2011681,1.1875222,1.1975325,1.2195394,1.2078859,1.2081441,1.1810927,1.1942018,1.1963189,1.1924549,1.204498,1.1918194,1.2209897,1.1962334,1.1841648,1.1995018,1.1895611,1.2310151,1.2239577,1.2044963,1.2138819,1.2003525,1.1846862,1.1987131,1.2095888,1.217524,1.2083173,1.2130332,1.1891154,1.2105999,1.2016529,1.1979116,1.2015272,1.1979582,1.2060577,1.216671,1.2098192,1.208344,1.209852,1.2211394,1.2069744,1.1864924,1.214464,1.1952453,1.1970837,1.2143697,1.2135156,1.2100089,1.2146889,1.2202457,1.2128596,1.1999121,1.2145996,1.1960545,1.2059132,1.2174556,1.19316,1.1986053,1.1896931,1.202109,1.2157136,1.1854886,1.2039567,1.2059115,1.2016908,1.2086186,1.1981118,1.2019825,1.2070779,1.212542,1.1942471,1.1972225,1.2039273,1.1968244,1.1813132,1.2065614,1.184266,1.2131703,1.2011231,1.2042946,1.2090029,1.1937829,1.2075737,1.2111236,1.2076585,1.201378,1.2116896,1.1969004,1.2095865,1.186355,1.2092699,1.2195722,1.2072787,1.211596,1.2161695,1.1962196,1.2139452,1.1987486,1.2076412,1.2089188,1.1882244,1.2046356,1.2067949,1.2341907,1.2072695,1.1827228,1.2062637,1.2171937,1.2234403,1.2069236,1.2139165,1.2063396,1.205833,1.2034397,1.2087635,1.1967814,1.1770316,1.2142116,1.2223488,1.1967651,1.1964985,1.203942,1.2111338,1.1877414,1.2155416,1.1912456,1.2132045,1.2044202,1.2094011,1.2003628,1.2053045,1.1866901,1.1988571,1.1992834,1.2035123,1.2051967,1.1921086,1.2034492,1.195644,1.2136729,1.2063856,1.1925895,1.2130727,1.1999558,1.19489,1.2130532,1.2256742,1.2019929,1.2346011,1.2151223,1.2226137,1.2324306,1.2072061,1.2134184,1.2035751,1.2117379,1.1838167,1.2266585,1.2157122,1.1774188,1.217398,1.220225,1.2153484,1.189185,1.1896894,1.1975219,1.2150173,1.2054719,1.2006859,1.2132064,1.1999004,1.1996547,1.2116848,1.2125403,1.1892337,1.2220042,1.2096155,1.214101,1.1983728,1.2005508,1.2114427,1.2176377,1.2251368,1.2089882,1.1862539,1.2096244,1.2179718,1.2118673,1.2012488,1.1914392,1.212774,1.1875975,1.2077556,1.2126443,1.2040344,1.2078226,1.1998109,1.223648,1.1892216,1.2207661,1.2326986,1.2167982,1.2018478,1.2069299,1.2133459,1.2141104,1.1929613,1.2172772,1.1965657,1.1985319,1.194936,1.2098323,1.2072674,1.2189525,1.1862361,1.220615,1.2144591,1.1910745,1.2140769,1.2159078,1.2001828,1.1993737,1.1894169,1.2161793,1.2116779,1.2043611,1.2032443,1.2103851,1.1923405,1.2099452,1.2042977,1.2236592,1.2182546,1.2199259,1.2101097,1.2166727,1.2140695,1.2008374,1.175534,1.2092662,1.1828667,1.2161744,1.205771,1.2110063,1.21798,1.2070955,1.2161945,1.1928791,1.1894827,1.2068319,1.2038819,1.1847175,1.2044135,1.2021995,1.212631,1.1963847,1.2279843,1.18927,1.2138106,1.1913217,1.1966373,1.175522,1.2219727,1.1939055,1.2010542,1.2100227,1.200607,1.2165751,1.1974732,1.1943642,1.222102,1.1883222,1.1983967,1.2316408,1.2000436,1.1955134,1.2005771,1.2250623,1.2037892,1.207839,1.1936115,1.2357991,1.2076519,1.1953351,1.221538,1.2122251,1.2015817,1.2171781,1.1992888,1.2056702,1.2034669,1.2144219,1.2064863,1.198608,1.2038138,1.1889105,1.1961137,1.1959546,1.2333217,1.2072394,1.221731,1.213043,1.2055826,1.2161238,1.2071265,1.2104908,1.2108705,1.2228725,1.2068648,1.2135279,1.1984164,1.2002583,1.2209643,1.1997257,1.2123127,1.2083606,1.2015718,1.1880325,1.2037313,1.223596,1.2258614,1.2366912,1.1983857,1.2093923,1.2017587,1.2177022,1.2137324,1.179947,1.2175132,1.2071407,1.2121451,1.1944156,1.2290635,1.204406,1.1960747,1.2133065,1.2149018,1.2086009,1.1962416,1.2044361,1.1987411,1.2028674,1.2137631,1.2125264,1.1962094,1.2010844,1.212391,1.184515,1.1939282,1.2122425,1.2093842,1.2206678,1.213619,1.2185309,1.1849655,1.2022542,1.2003541,1.1855674,1.2038199,1.2102032,1.2034221,1.2057068,1.2054254,1.2051504,1.1994884,1.2242949,1.2027614,1.1943064,1.17989,1.2181944,1.2124879,1.1993004,1.2127706,1.1983176,1.2142097,1.1936857,1.1962256,1.1983647,1.2076732,1.2158487,1.1952132,1.2079443,1.2060659,1.1913362,1.2161053,1.193561,1.2074503,1.2193357,1.210775,1.1975031,1.2025683,1.202691,1.2015525,1.2167666,1.2043188,1.226093,1.1969833,1.2126089,1.2208163,1.1874553,1.1732502,1.22341,1.1930841,1.197791,1.2072798,1.1985856,1.237044,1.2091103,1.2088292,1.2136751,1.220082,1.2117505,1.2007936,1.1869007,1.2063824,1.195302,1.2117423,1.2253811,1.2133875,1.2185423,1.2150337,1.2131394,1.1964912,1.2105544,1.2034161,1.2103988,1.207124,1.1975518,1.2131258,1.2201086,1.1962621,1.2222801,1.202318,1.2039623,1.2018008,1.2208446,1.2077433,1.187453,1.203369,1.2061794,1.2066603,1.2058579,1.2071123,1.2010305,1.195363,1.2010748,1.2056612,1.216256,1.2116172,1.2066737,1.2047559,1.2064388,1.2060031,1.2031434,1.2088441,1.2141103,1.2173548,1.2026623,1.2131829,1.1990021,1.2106771,1.2062179,1.1996851,1.2215484,1.2056433,1.1999016,1.2077581,1.1947299,1.2006503,1.1915088,1.2132117,1.1989529,1.1931801,1.2138985,1.206693,1.229227,1.209786,1.2001042,1.189223,1.1946821,1.2197781,1.2105469,1.1991104,1.1997298,1.2086642,1.1992435,1.1953331,1.2169889,1.2031126,1.2184284,1.2010858,1.2002988,1.2050868,1.2104223,1.2136626,1.1796638,1.2226498,1.193772,1.1836787,1.2132295,1.2170163,1.2126004,1.1817026,1.2060612,1.2091203,1.2034508,1.2182407,1.2025824,1.2034383,1.1861417,1.1993663,1.2080735,1.2198011,1.2040838,1.1855717,1.2000581,1.2375772,1.2035198,1.2166985,1.197295,1.2090096,1.1989815,1.195319,1.1921916,1.1947799,1.1877117,1.2004677,1.1979619,1.2194083,1.204589,1.2135226,1.2152464,1.2077898,1.2001456,1.2069604,1.208428,1.1827087,1.2164322,1.1983565,1.2137806,1.2033287,1.2023442,1.2028228,1.2143072,1.1929251,1.1929078,1.1953924,1.1932616,1.1885457,1.2033062,1.2178011,1.1897676,1.1982639,1.2054019,1.190346,1.182199,1.2123126,1.1817017,1.1993476,1.2020121,1.2137413,1.1922491,1.2110068,1.2048656,1.2101194,1.22048,1.1829746,1.210502,1.2189835,1.2077042,1.1916673,1.2011033,1.2021787,1.2243,1.2090663,1.2008688,1.2146436,1.2085565,1.2029443,1.2174058,1.2135102,1.2021216,1.2026685,1.2135565,1.2125562
1.3270469,1.3118712,1.3314297,1.336517,1.3314737,1.3131194,1.333379,1.3055172,1.3182182,1.3062227,1.3172673,1.324297,1.316263,1.3110307,1.3211532,1.3187937,1.3098754,1.3147613,1.3271222,1.3145683,1.3059964,1.3029668,1.3139789,1.321343,1.3352753,1.3209325,1.3244435,1.3045025,1.3223716,1.2976522,1.3211685,1.3255546,1.3043696,1.3174788,1.3123432,1.3213884,1.3039156,1.3231993,1.2946036,1.3070241,1.315079,1.3049625,1.326239,1.3177414,1.3223321,1.3205041,1.3330915,1.3279637,1.3086163,1.3224797,1.3110833,1.3201317,1.334483,1.3086793,1.2973781,1.3063862,1.316914,1.3142786,1.3013134,1.311434,1.3093497,1.3187448,1.3044022,1.3049798,1.3032212,1.3170729,1.3020829,1.3134496,1.3415887,1.3125806,1.2925031,1.3351207,1.3011703,1.3313686,1.3145179,1.3276935,1.3272649,1.3132999,1.3202091,1.3070347,1.3281416,1.3057954,1.3033792,1.3296539,1.32494,1.3163761,1.3106923,1.3107297,1.3118054,1.3303984,1.3233777,1.3361803,1.3294696,1.3024006,1.3141624,1.3149879,1.3154688,1.3213341,1.3227395,1.3237982,1.3209532,1.3237569,1.3096527,1.3268038,1.3180782,1.3319583,1.2960993,1.3310653,1.319338,1.3237783,1.3309853,1.3431416,1.3214298,1.3346663,1.3272699,1.3057474,1.3354279,1.303161,1.3333972,1.3059578,1.3267504,1.3211352,1.303377,1.3200842,1.3217931,1.3014107,1.3247832,1.3184346,1.3333879,1.3163506,1.2953063,1.3028212,1.3364464,1.3149607,1.3031361,1.3263813,1.3064317,1.3332907,1.324481,1.3306129,1.3054845,1.3255904,1.3150206,1.3217988,1.3109206,1.3267841,1.303036,1.3192066,1.3187959,1.3130383,1.3089933,1.3115396,1.3050022,1.3177761,1.3235569,1.3229187,1.297387,1.3137589,1.3106275,1.3197777,1.3124623,1.3138604,1.3131568,1.2887874,1.3053339,1.3318703,1.2962452,1.2998652,1.3133097,1.3112749,1.3274207,1.32572,1.318828,1.3056884,1.3283288,1.3324219,1.2916001,1.311779,1.3144764,1.3204278,1.3110688,1.2965354,1.3023745,1.3170761,1.3310164,1.3115649,1.3248196,1.3040066,1.3084625,1.3107579,1.3291208,1.3245074,1.3036157,1.3138055,1.312785,1.3188387,1.3053912,1.3381557,1.3154495,1.3132622,1.3048096,1.330656,1.3185023,1.309478,1.3099291,1.3220528,1.3017821,1.320512,1.3235471,1.3139824,1.3288454,1.3173333,1.3066683,1.3167033,1.3266857,1.2974262,1.3025544,1.3265929,1.3126849,1.3198949,1.3249502,1.3255482,1.3139477,1.302878,1.3117633,1.3185588,1.3085212,1.3145242,1.3199693,1.3181053,1.3258309,1.3094072,1.3259156,1.3194509,1.2993408,1.3059103,1.3169936,1.3255631,1.3235077,1.3138596,1.317815,1.3091758,1.3124096,1.3186884,1.327642,1.31053,1.3035383,1.3161964,1.3156322,1.3152773,1.3174511,1.3130736,1.3314787,1.3265942,1.3230704,1.2843229,1.3053188,1.2980427,1.3343598,1.3177837,1.292745,1.3273929,1.3192431,1.3272504,1.3219004,1.2949038,1.2973675,1.3119749,1.294675,1.311912,1.3299016,1.32364,1.3156425,1.3139701,1.3029939,1.3176765,1.3203849,1.3087711,1.3149428,1.3224747,1.3039646,1.3086405,1.297455,1.31693,1.3477625,1.3185092,1.3246607,1.3241054,1.3065144,1.2981682,1.3276663,1.3099581,1.3164557,1.3219773,1.320891,1.3302355,1.3234131,1.302669,1.3180587,1.3085656,1.3266679,1.3056339,1.3184049,1.3227526,1.3127761,1.3144113,1.3083408,1.3124833,1.3302993,1.326087,1.3209022,1.3203334,1.304443,1.3250432,1.3130047,1.3041044,1.3160752,1.3123829,1.3225875,1.3369856,1.2925614,1.3204126,1.3070533,1.3263936,1.2950907,1.3167194,1.3011912,1.3333348,1.3289609,1.3110317,1.3196851,1.3144231,1.3253127,1.3183796,1.301836,1.3137437,1.2973384,1.3258369,1.314195,1.3308377,1.3080524,1.3012593,1.3077286,1.3071357,1.3186692,1.3174253,1.2999983,1.3200742,1.2995651,1.315242,1.3374325,1.315861,1.3166145,1.3370683,1.3281461,1.3139746,1.3180642,1.3292036,1.3299822,1.3205711,1.3317921,1.2987397,1.3337952,1.3337687,1.2990302,1.3199705,1.3203813,1.31139,1.3067495,1.3300015,1.304375,1.3110311,1.318622,1.310105,1.3101019,1.3166242,1.307813,1.3007574,1.314614,1.3083193,1.320111,1.3172212,1.325116,1.3111991,1.3193674,1.331123,1.3154758,1.3198237,1.3378465,1.3075402,1.3128293,1.3174722,1.3139427,1.3226876,1.3102653,1.2992986,1.2903919,1.3396666,1.3199346,1.3263959,1.3172337,1.296434,1.3155621,1.30426,1.2987748,1.312087,1.3295875,1.3240821,1.3220288,1.3122905,1.3172772,1.3318665,1.3037348,1.3277872,1.3095597,1.2946286,1.3178285,1.3152318,1.3299462,1.336323,1.3322538,1.3065273,1.3129798,1.3104533,1.3219292,1.3208219,1.3240476,1.3060138,1.3094378,1.3079014,1.334776,1.3223466,1.3138351,1.2996132,1.308518,1.328307,1.2924615,1.3011874,1.3233153,1.3176366,1.311156,1.3207403,1.3215492,1.312878,1.3018738,1.2922908,1.322395,1.3165029,1.31304,1.3120387,1.3101323,1.3324393,1.3066308,1.308323,1.3211366,1.3298355,1.3148956,1.3296125,1.3207917,1.3194373,1.319233,1.3314592,1.3173709,1.3136873,1.3123704,1.3397324,1.3089339,1.3133112,1.3121203,1.3285158,1.3119743,1.302731,1.3027476,1.3231786,1.3094509,1.3161747,1.3206254,1.3180987,1.3234841,1.3211166,1.3154294,1.3085868,1.3244461,1.3413548,1.3140148,1.3028219,1.298956,1.3045485,1.3133535,1.307044,1.3188334,1.310369,1.3019692,1.3090862,1.3377557,1.3226452,1.3316351,1.3224498,1.340859,1.3161124,1.3005728,1.3114717,1.3210528,1.3082291,1.2937211,1.3320547,1.3082949,1.2942287,1.3120023,1.3347074,1.3209238,1.2983766,1.3096641,1.3173413,1.3017964,1.3142445,1.3074981,1.3157387,1.3467035,1.3106596,1.2883697,1.3338091,1.3233682,1.3349351,1.3239439,1.3143231,1.3115162,1.3158824,1.3272992,1.3165826,1.3328663,1.3045344,1.2801013,1.3170671,1.3239218,1.3132725,1.302786,1.3234829,1.3296924,1.3342605,1.3101165,1.3356086,1.3112859,1.3460759,1.2973893,1.3091063,1.3280373,1.3047726,1.3067591,1.2997241,1.3120726,1.3154763,1.2956296,1.3120157,1.3203003,1.3130146,1.3154578,1.318036,1.3138888,1.3172507,1.3012016,1.300966,1.3045616,1.3275474,1.3039986,1.3157467,1.3159891,1.3168297,1.3195188,1.3116124,1.3257614,1.3236617,1.3155192,1.3178596,1.3134706,1.3227702,1.3074898,1.3103384,1.3337598,1.328337,1.3181264,1.3014016,1.3158461,1.2993376,1.3231015,1.3231951,1.3106712,1.315301,1.3162906,1.3006401,1.3103931,1.3296666,1.3207905,1.3225414,1.347144,1.3034872,1.3398113,1.3327357,1.3206023,1.3168594,1.3109595,1.3252633,1.313312,1.3272048,1.2947359,1.3047435,1.3287454,1.3169773,1.3033527,1.3234582,1.3151374,1.3139205,1.3493819,1.3330957,1.3171154,1.3249016,1.2961459,1.3374574,1.3161945,1.3295927,1.3217674,1.3030038,1.3313531,1.317888,1.3194275,1.30691,1.2917768,1.3289233,1.334944,1.3020881,1.3015072,1.3139164,1.3351308,1.3328397,1.3409028,1.318651,1.3268639,1.3252774,1.3229514,1.3070235,1.3152215,1.3001056,1.3042963,1.3347421,1.3155593,1.3202449,1.3038046,1.314433,1.3113414,1.3026061,1.3378018,1.3133507,1.3248959,1.3053832,1.3156596,1.2967893,1.3226459,1.3355232,1.3316433,1.3266526,1.3356553,1.3102691,1.3080807,1.2989606,1.3175614,1.3240787,1.3225838,1.3215368,1.3188663,1.3206652,1.3084294,1.3283082,1.3161919,1.3137996,1.3099728,1.3126659,1.3242345,1.3215151,1.3368133,1.3157325,1.3212061,1.312931,1.3241223,1.3237484,1.2991273,1.3301543,1.3375865,1.325721,1.3271989,1.327535,1.2945735,1.307847,1.327088,1.3146626,1.3031023,1.3172503,1.3102705,1.3287554,1.3153186,1.310329,1.30899,1.3336142,1.3176095,1.2927831,1.3178815,1.3093846,1.3280877,1.3240254,1.3280325,1.3061329,1.3174318,1.307971,1.311558,1.3295404,1.3088895,1.3138069,1.3242791,1.3157412,1.3160998,1.3172202,1.3304347,1.3412902,1.3147168,1.3251876,1.3152649,1.3102503,1.2999591,1.3318902,1.3360018,1.3106973,1.2985845,1.3151277,1.3149145,1.3182018,1.3020675,1.3232257,1.3313191,1.3263705,1.3204069,1.3276458,1.3180767,1.3028351,1.3107492,1.3255458,1.3204238,1.315752,1.313236,1.2951295,1.3107508,1.3136588,1.3136514,1.3125898,1.3148205,1.3279042,1.315287,1.3253596,1.3155872,1.3257543,1.3070083,1.3020552,1.3110492,1.3277502,1.3274965,1.3207932,1.2999561,1.3061205,1.324755,1.3061869,1.3079736,1.3478442,1.3356137,1.2925535,1.3171277,1.3321929,1.3094558,1.3427098,1.3192077,1.3226235,1.2891523,1.3210964,1.3244684,1.3319579,1.3265402,1.321049,1.3217604,1.3416255,1.3063298,1.3477672,1.3133173,1.3319756,1.3134776,1.3162313,1.3236474,1.3237274,1.3405275,1.3066455,1.3105031,1.318364,1.323277,1.3392462,1.3148203,1.3306067,1.3231452,1.3195622,1.3160726,1.3285218,1.3150458,1.2972785,1.3135923,1.315298,1.3043256,1.309644,1.3089553,1.3244674,1.2924633,1.3037859,1.3104411,1.3156395,1.327657,1.3204825,1.3224722,1.3271388,1.3143113,1.3207394,1.2979162,1.310543,1.302186,1.2937843,1.3069052,1.2897189,1.3100457,1.3108435,1.3302325,1.302085,1.3078662,1.3300033,1.3135254,1.3136805,1.3212535,1.2819443,1.3069346,1.2981914,1.3036201,1.3300014,1.3138703,1.3141834,1.3239354,1.3330959,1.3239193,1.2997789,1.318355,1.3008397,1.3223585,1.3047197,1.3270471,1.3133274,1.3080418,1.3103061,1.3207155,1.311704,1.3025693,1.3147557,1.3246319,1.3155618,1.3203999,1.3002348,1.3059343,1.3161764,1.3054408,1.3362567,1.3096058,1.3095901,1.3197529,1.3063884,1.304986,1.3242981,1.322305,1.3222958,1.3321463,1.2966896,1.2977518,1.3247856,1.2971101,1.3147238,1.3128264,1.3280627,1.2901561,1.3074808,1.3006532,1.3182832,1.320925,1.2973063,1.2944593,1.3301861,1.3274208,1.315687,1.3171886,1.2946877,1.3371649,1.3282462,1.3259836,1.3203183,1.321339,1.2994778,1.3241458,1.315616,1.3142197,1.3210764,1.3057065,1.3201852,1.3035537,1.3176056,1.2963257,1.3119416,1.3259388,1.3344011,1.307116,1.3027833,1.3265643,1.2964015,1.317696,1.2954514,1.3285847,1.340771,1.3201342,1.3271773,1.3067884,1.3214566,1.3168308,1.3141397,1.3060211,1.3168008,1.3226612,1.3221229,1.3257003,1.3094876,1.3190858,1.3177723,1.3143495,1.3096461,1.3076017,1.3117474,1.3045739,1.3355758,1.3295193,1.3133413,1.3121357,1.3119841,1.3111886,1.3035706,1.319617,1.322791,1.3241704,1.2963295,1.3178827,1.3047435,1.3136905,1.320271,1.3221205,1.3111988,1.311803,1.3388418,1.3117906,1.296152,1.307096,1.291664,1.2945508,1.322673,1.3076332,1.3016337,1.2963775,1.3084806,1.3092492,1.3332964,1.3333666,1.318896,1.3216963,1.3311695,1.3080947,1.324441,1.3287631,1.2980977,1.3090824,1.3192644,1.3233358,1.3207108,1.3081579,1.3118961,1.3229812,1.328554,1.338213,1.3043017,1.2966743,1.3094821,1.3157392,1.3242133,1.3218939,1.3187786,1.2947581,1.3120003
0.12645996,0.15206598,0.1405727,0.149789,0.14597902,0.14283128,0.15634115,0.13911796,0.1508315,0.14811029,0.1314052,0.14853159,0.12944849,0.14250389,0.14064103,0.14794733,0.13599548,0.13444605,0.1484265,0.15114391,0.14058244,0.14648522,0.16245,0.1472898,0.13640694,0.1452139,0.1721551,0.14213355,0.13702096,0.14214143,0.15710144,0.1267372,0.14389278,0.14534469,0.12923974,0.12615043,0.13164036,0.13963428,0.14147195,0.13694562,0.14636785,0.15185785,0.11940633,0.14375581,0.12672123,0.150258,0.1435943,0.15124711,0.12952676,0.14864425,0.13374159,0.15083644,0.15902653,0.14488663,0.13441029,0.13482593,0.13893181,0.13214326,0.12304577,0.15738626,0.14404427,0.14706743,0.15630332,0.12592319,0.10438768,0.13137743,0.13386777,0.15829304,0.124878496,0.13370577,0.1466772,0.13957103,0.14336285,0.14312504,0.14460778,0.15166083,0.14846686,0.12940137,0.15169618,0.14436422,0.12837628,0.13034175,0.14170916,0.14501947,0.1409392,0.15871724,0.1457077,0.15278327,0.14482269,0.13681275,0.1260139,0.11408162,0.15198676,0.16336049,0.14295126,0.15064052,0.14390905,0.130387,0.15163985,0.15553391,0.13397346,0.1429011,0.14319377,0.14574933,0.13838172,0.14864205,0.14268214,0.15596996,0.1401432,0.15756162,0.1470447,0.13103533,0.16079484,0.1652275,0.15378031,0.15226926,0.13052988,0.15883893,0.15191057,0.15119874,0.13720083,0.116452985,0.14527473,0.14091396,0.148124,0.13321155,0.14514056,0.16194499,0.13661669,0.1398813,0.14874317,0.13461743,0.15411456,0.14931193,0.15582164,0.1376683,0.13056597,0.15022151,0.14657407,0.14576794,0.13778023,0.15686406,0.13013749,0.14748468,0.15601557,0.15946753,0.14568684,0.15312771,0.16279209,0.14950094,0.13773715,0.1484281,0.1402437,0.12915863,0.13077034,0.14495894,0.14877608,0.1445181,0.12966326,0.16421929,0.14738719,0.15156782,0.15680605,0.17589885,0.16755135,0.14310934,0.15085992,0.15228374,0.14588784,0.15439665,0.14994486,0.15035002,0.13895413,0.12769829,0.13366334,0.14234523,0.12469964,0.13994685,0.1389612,0.13161221,0.13736783,0.14747798,0.1400592,0.13711362,0.15407974,0.11744291,0.15321095,0.16419639,0.13545696,0.1573196,0.13041736,0.14669938,0.15240595,0.16236664,0.14329273,0.13379952,0.1340514,0.13580638,0.13428907,0.12999243,0.13945411,0.13109264,0.16067013,0.15357396,0.15047894,0.14303829,0.14656562,0.13211328,0.16289967,0.1547747,0.14174633,0.15347275,0.15868676,0.1418986,0.1577107,0.13473527,0.14896043,0.15194261,0.11958885,0.15244749,0.1401409,0.13992508,0.15413538,0.13777167,0.16168004,0.14933072,0.13586088,0.15175404,0.14576094,0.15124664,0.1429239,0.1276708,0.14309594,0.14433174,0.16061306,0.14870232,0.14330645,0.1340505,0.13511235,0.15068974,0.13617806,0.14399627,0.15043591,0.1434273,0.14674336,0.14711928,0.14872022,0.14189775,0.15573226,0.1425785,0.13858508,0.14512604,0.13119052,0.15406111,0.14424926,0.15073784,0.14296837,0.15129116,0.13572787,0.14030702,0.1414128,0.13041057,0.13253915,0.13653567,0.15855399,0.13138965,0.13876492,0.15175046,0.15317355,0.13789216,0.14362985,0.1596221,0.13471788,0.12792668,0.1483744,0.15177915,0.15784806,0.15518948,0.1495927,0.14728756,0.14341778,0.13481666,0.13837843,0.14626884,0.13616627,0.13548917,0.14646487,0.13769709,0.15422283,0.13736442,0.15297648,0.1434352,0.14265406,0.16177997,0.14400601,0.1247425,0.15703367,0.14753297,0.14547029,0.124668,0.15504113,0.1398026,0.16096598,0.14947218,0.13760766,0.13829301,0.14261594,0.16148056,0.13627312,0.1521289,0.1567257,0.14056137,0.1392222,0.14769478,0.14485075,0.14055794,0.16054589,0.14345196,0.121024296,0.1421401,0.15488306,0.14515725,0.15326965,0.1280641,0.14176396,0.14835921,0.15292943,0.14410685,0.14566201,0.15189448,0.14449933,0.14597057,0.15604022,0.13256903,0.14250493,0.1392245,0.1499275,0.15299673,0.14448121,0.145282,0.14394546,0.14038552,0.14290509,0.14178643,0.14723672,0.13783069,0.13140589,0.14516005,0.14030404,0.13127746,0.15151352,0.1282309,0.14244692,0.13299118,0.13656119,0.14345026,0.14604819,0.14085475,0.15478876,0.15541914,0.13318287,0.14227888,0.12637296,0.13461778,0.14702097,0.14054331,0.16834798,0.14038207,0.1394813,0.13332316,0.13426708,0.14914341,0.11299289,0.13610438,0.16845924,0.11863078,0.14071962,0.16086902,0.13375618,0.16919202,0.14470598,0.1502864,0.14602208,0.1636995,0.14821221,0.14141424,0.13600431,0.15938695,0.15728542,0.15569243,0.15828945,0.1430707,0.13548264,0.16899808,0.14597258,0.17014644,0.14371511,0.13625434,0.14838296,0.16206887,0.13498203,0.14259875,0.14559245,0.15136254,0.13120197,0.15525681,0.14256048,0.12509492,0.14764798,0.122388124,0.14293611,0.14884491,0.13757052,0.13331811,0.1268468,0.13547629,0.13100484,0.15341939,0.1369853,0.12931836,0.13378014,0.14831659,0.15699425,0.14679915,0.14809418,0.13212357,0.15295054,0.1369184,0.14847155,0.13299999,0.15254718,0.14054939,0.13576299,0.16199774,0.1288528,0.13937369,0.1385187,0.1351574,0.14603768,0.15380093,0.1271818,0.14947018,0.15619276,0.14026037,0.15567833,0.14775866,0.13921613,0.14943081,0.15444613,0.15062787,0.1425211,0.14886208,0.14645772,0.15756975,0.16292107,0.14705268,0.1223023,0.14087164,0.14176956,0.14265841,0.15833504,0.1323276,0.14961249,0.1274806,0.14630435,0.12871084,0.12105641,0.13211687,0.14462718,0.13510486,0.16673188,0.14702763,0.14681455,0.14977899,0.14795958,0.13838841,0.13969103,0.15098855,0.12144935,0.13412371,0.13381809,0.15327255,0.14873844,0.15192395,0.15714954,0.13282177,0.1344745,0.14448759,0.15402237,0.15734217,0.16597748,0.13433856,0.13546523,0.1509028,0.13764644,0.14558917,0.15713581,0.15797205,0.13186997,0.1409639,0.13989557,0.15708351,0.15177293,0.16349894,0.15028511,0.13528664,0.14829445,0.14591683,0.14918192,0.12244366,0.14365277,0.1296351,0.14436705,0.13983673,0.15089437,0.14246653,0.13894564,0.13961568,0.15849005,0.15147915,0.13428864,0.14549442,0.15495963,0.14448935,0.1296681,0.17485812,0.13572039,0.15424989,0.13618778,0.14748335,0.1381503,0.15285274,0.13833083,0.15087458,0.11666408,0.16187824,0.16090417,0.13484006,0.1362029,0.14901981,0.15467046,0.13604665,0.13033515,0.14731023,0.13947421,0.14299305,0.13238055,0.16308182,0.14863443,0.14529705,0.14020458,0.13919139,0.13773717,0.15779924,0.14546797,0.13989195,0.15677242,0.14263424,0.1491659,0.13525271,0.15813515,0.14632142,0.13555285,0.14452474,0.15511422,0.14203131,0.14934655,0.1352765,0.14717308,0.13923752,0.13697761,0.14999053,0.15622509,0.13871822,0.12997322,0.15227625,0.15496823,0.15400903,0.13048139,0.1303855,0.13865149,0.15185696,0.14541367,0.14508781,0.12924455,0.1308024,0.14059374,0.1458906,0.1500674,0.13338506,0.1349737,0.15005502,0.14788677,0.1507713,0.1369049,0.1371394,0.13720992,0.15062709,0.14768074,0.14894505,0.13704339,0.1442828,0.14220166,0.15205042,0.14103529,0.15798986,0.14684515,0.12991366,0.13754356,0.13419887,0.1465823,0.13369997,0.14715247,0.14595984,0.1319953,0.15920474,0.14177442,0.1349586,0.13967927,0.1409696,0.1467135,0.15471825,0.15702437,0.12942843,0.14069572,0.12838446,0.1683585,0.1545437,0.13103372,0.13097247,0.15425876,0.15483773,0.13841985,0.14489947,0.15523942,0.12924318,0.15400752,0.13140905,0.16141,0.16147442,0.1643748,0.14150281,0.14770031,0.13403018,0.13203827,0.13573164,0.1516146,0.1449149,0.13457811,0.13180158,0.15071237,0.1519982,0.13410826,0.14864387,0.13756125,0.14402936,0.17283508,0.14160962,0.14596629,0.15073584,0.14217675,0.14496504,0.13911372,0.1330406,0.14937365,0.15269725,0.13091235,0.14850406,0.13933979,0.13838825,0.1328185,0.145439,0.14514048,0.15572536,0.13286442,0.12936068,0.14000969,0.139677,0.13855135,0.14789839,0.15135074,0.14698713,0.17175066,0.13687746,0.1350325,0.14877176,0.13200215,0.137199,0.15851207,0.14128326,0.150394,0.13865763,0.14427394,0.15767883,0.1520836,0.14993544,0.13793522,0.1407617,0.14863017,0.15175599,0.1355958,0.15123868,0.13066803,0.12784779,0.16176036,0.14948727,0.14205965,0.13580105,0.15110077,0.15419112,0.13039054,0.13818765,0.15237361,0.13606514,0.14670795,0.14687869,0.145582,0.14762464,0.14725253,0.136875,0.1327092,0.14280719,0.15116513,0.14590994,0.14810312,0.15173759,0.14203645,0.14273036,0.13059558,0.13986014,0.15889338,0.14444557,0.15081266,0.15432875,0.1476068,0.15758185,0.15865168,0.13428773,0.14696726,0.13852908,0.135587,0.13483435,0.14379036,0.14439128,0.14940627,0.14474808,0.14301786,0.1500112,0.14754891,0.14643782,0.13713527,0.14801432,0.14730023,0.14753291,0.12414104,0.14786682,0.14096895,0.12925206,0.13202867,0.1492552,0.1456628,0.15191853,0.13391866,0.1307965,0.15466934,0.13920283,0.14209476,0.12978734,0.1595593,0.1390703,0.14912891,0.13899532,0.14254361,0.13231608,0.14266284,0.1559107,0.1417366,0.14363837,0.16185892,0.14693029,0.15725616,0.14710471,0.142025,0.12615451,0.1265536,0.15455453,0.15496223,0.14632085,0.13474165,0.14532177,0.16010012,0.13749985,0.15371448,0.1537314,0.15811586,0.13995351,0.16125304,0.12541586,0.15532373,0.14297919,0.14955583,0.1338951,0.15482152,0.1340887,0.13317059,0.1542574,0.15123773,0.13798676,0.12982096,0.15179473,0.14421794,0.16082478,0.14358926,0.1436463,0.14678101,0.13413018,0.14236742,0.1369291,0.14766827,0.1422271,0.14291768,0.14765078,0.13144112,0.14179485,0.14203244,0.14686787,0.14302611,0.15987164,0.1395763,0.14884914,0.14283969,0.14007717,0.122791305,0.14011426,0.15647843,0.14220133,0.13786939,0.1646506,0.14644533,0.17037098,0.14324598,0.1542263,0.13454163,0.14418569,0.15411535,0.14524336,0.1499451,0.13338405,0.13694458,0.13278987,0.14084917,0.14680952,0.1485205,0.14214195,0.13883354,0.14336693,0.1506889,0.14542897,0.15820304,0.14404136,0.1479921,0.13801315,0.1593829,0.15195929,0.12641057,0.13354197,0.14230554,0.14071795,0.14500077,0.13558823,0.14591318,0.1529066,0.14338711,0.14797273,0.14223987,0.14823443,0.14885563,0.12666714,0.15213476,0.14068174,0.1517857,0.15137722,0.14940992,0.12682128,0.13209543,0.13962904,0.13767253,0.1566965,0.17072238,0.14089811,0.15111789,0.14024755,0.14665827,0.13012286,0.13457888,0.15805326,0.14365263,0.15304482,0.14701618,0.14185286,0.14038044,0.12881036,0.14730687,0.17143948,0.15796258,0.13387945,0.14580895,0.13479583,0.14521724,0.152644,0.15651803,0.116418704,0.13801154,0.13521332,0.1723203,0.1293936,0.13774344,0.12903218,0.1505805,0.14895216,0.15876353,0.14950989,0.1337758,0.13679758,0.15955155,0.14228947,0.13952155,0.1446876,0.1562453,0.13123088,0.14923096,0.14487453,0.1561249,0.15633363,0.13808408,0.13429458,0.13835992,0.13723387,0.1337134,0.14389925,0.13772985,0.14434807,0.14682315,0.15473679,0.14856255,0.15320727,0.13570105,0.13125208,0.12835813,0.14026026,0.1362206,0.13638738,0.14982244,0.13316122,0.14697412,0.13993421,0.13235894,0.15075368,0.14758241,0.15271671,0.15048036,0.12904164,0.15039243,0.12647922,0.15809485,0.16281992,0.13507356,0.14363557,0.15449506,0.15215068,0.1457086,0.14232592,0.14810978,0.14878021,0.14932118,0.14212969,0.13299923,0.15205425,0.12747309,0.13713685,0.15727077,0.13854775,0.16276269,0.14393836,0.14157948,0.12917228,0.1511692,0.12659527,0.12842105,0.13988781,0.14777191,0.14859045,0.15382504,0.14331093,0.15191841,0.12891689,0.13719437,0.13483736,0.14300151,0.11895533
