0.8939718,0.88894194,0.8773726,0.8770218,0.85084665,0.8921031,0.87054557,0.87422425,0.86033773,0.86516565,0.8802653,0.8824124,0.88872135,0.90032154,0.8616288,0.8797445,0.88046795,0.90346116,0.8714472,0.87658787,0.8608444,0.87994784,0.88471997,0.8832884,0.88100505,0.8850168,0.9044051,0.8650077,0.8834218,0.89419657,0.8482511,0.87638396,0.9070273,0.88694775,0.89421815,0.86549723,0.87568945,0.8752046,0.89596266,0.8714205,0.87825596,0.88435984,0.89532346,0.8780572,0.88275474,0.9035304,0.88122225,0.88722426,0.8898616,0.8725146,0.8852399,0.8960258,0.9017445,0.8924372,0.8778505,0.87048936,0.85529494,0.85076135,0.88055277,0.85916984,0.8662844,0.8881252,0.89732105,0.89590913,0.873631,0.8959375,0.8670975,0.8874883,0.86891705,0.8709163,0.86614746,0.89532274,0.850559,0.885576,0.8970199,0.88315696,0.8837074,0.89168465,0.8885418,0.8852187,0.90441144,0.8975296,0.87804765,0.8671413,0.89908016,0.8874937,0.8931113,0.8649893,0.8699805,0.8889809,0.895422,0.8549186,0.88110125,0.8837244,0.87178713,0.8736752,0.88480675,0.8682574,0.86073,0.8825831,0.8928586,0.8853325,0.8723774,0.88491744,0.89244425,0.8770047,0.8866061,0.89180285,0.8838891,0.8798727,0.9121362,0.87476826,0.90258384,0.8967327,0.8560879,0.8801229,0.91733325,0.89171916,0.8875584,0.8822049,0.8772323,0.8785457,0.8746736,0.8923033,0.89556915,0.86823696,0.8787383,0.9067615,0.89652747,0.857463,0.8875625,0.8776004,0.89554703,0.8826512,0.8705235,0.86563617,0.876482,0.8961231,0.8872441,0.8862231,0.8955203,0.8979365,0.8772479,0.8752039,0.894104,0.90593606,0.8703411,0.88482124,0.8861153,0.8970061,0.8736569,0.8759297,0.9145795,0.8778981,0.8905257,0.87764144,0.890465,0.8915776,0.90026397,0.8803593,0.88625133,0.8678208,0.8853981,0.8886685,0.8734939,0.8649863,0.8900475,0.86195076,0.8895711,0.8844059,0.88927954,0.86641437,0.884344,0.8738138,0.8774063,0.90212315,0.88393867,0.9065261,0.894655,0.86338395,0.8787579,0.8733477,0.8753689,0.8843916,0.88669705,0.90307266,0.8871746,0.88037586,0.869889,0.8725127,0.8972637,0.8871543,0.8934522,0.8844086,0.8796547,0.87355477,0.86896914,0.8746664,0.8869784,0.8901226,0.86958313,0.8907493,0.8723702,0.8989201,0.8942932,0.8576298,0.897844,0.87610817,0.8829919,0.8877624,0.8888058,0.8752637,0.8900822,0.8983005,0.8930277,0.8816169,0.8572224,0.88985765,0.86401683,0.8707378,0.871752,0.8901329,0.8694193,0.8765292,0.87473494,0.8916162,0.88709325,0.8876869,0.8798458,0.87587714,0.877517,0.893481,0.87034917,0.8720413,0.8747686,0.86709523,0.8688409,0.8644452,0.87600124,0.86458313,0.8762367,0.8770356,0.87482905,0.89050233,0.89452004,0.9037337,0.8849048,0.88677293,0.85785747,0.88465756,0.88147646,0.89639693,0.89378864,0.86268204,0.9033954,0.8852977,0.85821134,0.87058663,0.88038176,0.89845335,0.86878717,0.8794698,0.8692463,0.87957025,0.8931668,0.8818939,0.89209396,0.87230766,0.88533235,0.886958,0.8690837,0.87447184,0.8919811,0.85323846,0.88357705,0.8813228,0.87803143,0.88434863,0.8847088,0.8870144,0.8637942,0.8978886,0.8678883,0.8574489,0.8648232,0.87042725,0.8749211,0.8866245,0.8523784,0.8851486,0.90097725,0.86730266,0.87349606,0.89067525,0.88020664,0.8840398,0.87231725,0.90766203,0.8887284,0.88491064,0.87552047,0.88675594,0.873857,0.86196625,0.8770631,0.89200956,0.86531615,0.864136,0.8925318,0.8754582,0.8934722,0.8827697,0.8824501,0.9036703,0.88310516,0.87981874,0.91001225,0.846019,0.8831338,0.88092256,0.88494515,0.8982608,0.8681651,0.8799491,0.8847285,0.8610974,0.8781279,0.8620197,0.89114994,0.881127,0.8929669,0.887182,0.88675034,0.8955837,0.85683364,0.880598,0.87944853,0.8523552,0.871806,0.89532125,0.8689625,0.8613878,0.88153064,0.88474756,0.91197497,0.88645554,0.87747216,0.8721809,0.8911412,0.8856403,0.87839466,0.8869103,0.9018725,0.90276694,0.8698069,0.8627611,0.8846617,0.85877615,0.8873249,0.8735565,0.9006569,0.8915692,0.8798293,0.88558304,0.8866938,0.91292894,0.88443696,0.87013346,0.8955759,0.88834304,0.8937579,0.885832,0.8865306,0.9059309,0.8855088,0.89572823,0.874998,0.8726613,0.8801967,0.87689775,0.89876103,0.87727207,0.89706534,0.89135194,0.87270564,0.89360356,0.8913367,0.85712916,0.883018,0.89335644,0.8831006,0.88047516,0.8837521,0.8678392,0.86199987,0.91342163,0.8805597,0.87854296,0.9061705,0.88909346,0.88993794,0.8662574,0.8944431,0.89264935,0.9008017,0.87296367,0.8732483,0.90452576,0.8882466,0.8690351,0.8912997,0.89638305,0.8816529,0.8966624,0.8883921,0.8581811,0.87046635,0.887795,0.87694615,0.87258387,0.87220645,0.87889457,0.8508572,0.8811396,0.8844297,0.8615919,0.8657914,0.9019223,0.8770629,0.87787485,0.87735766,0.8736785,0.8686676,0.87520957,0.8743335,0.87306225,0.8808581,0.86676055,0.9159009,0.8672252,0.861445,0.8892492,0.88476264,0.8812297,0.91465414,0.87761605,0.8833364,0.86887366,0.89835924,0.8630474,0.9222159,0.88351804,0.8724577,0.88742834,0.9075065,0.8781332,0.8768946,0.8628702,0.87555176,0.909289,0.8964541,0.8861225,0.879527,0.8686689,0.9008005,0.87841296,0.89393616,0.8750252,0.8844922,0.8715815,0.88033783,0.88617295,0.8811664,0.88219285,0.8871261,0.8647406,0.8895133,0.8925783,0.9082983,0.89669853,0.8748444,0.89692265,0.88835543,0.8921424,0.90078515,0.88181335,0.8794661,0.86839944,0.8785739,0.88084984,0.89478654,0.88811123,0.91722655,0.86260206,0.87298125,0.8809076,0.85348845,0.875377,0.8666488,0.88994896,0.87957174,0.8758718,0.86360973,0.88798845,0.85183954,0.85815257,0.84719604,0.87539136,0.8632605,0.8927559,0.8870217,0.87207395,0.88609916,0.87920153,0.897771,0.8845249,0.88003755,0.88246506,0.8894838,0.9053739,0.88235605,0.89246297,0.87865615,0.86820924,0.87459457,0.9006209,0.87508976,0.8549537,0.8678616,0.87695795,0.86823785,0.8906525,0.88402945,0.8639444,0.8897103,0.87258697,0.9017228,0.85490847,0.8911121,0.89293367,0.88931876,0.866691,0.9124162,0.90272695,0.88443387,0.8785718,0.86680096,0.88190323,0.89166266,0.8807055,0.8924671,0.9004454,0.8910213,0.88733715,0.89015555,0.8995592,0.8810073,0.8961495,0.87891924,0.8692139,0.87204033,0.87812597,0.8923921,0.89115113,0.8900208,0.85614383,0.8693326,0.8528582,0.8889962,0.8776965,0.8765432,0.87666345,0.89238423,0.8834923,0.872011,0.8655763,0.89091367,0.86370546,0.89181936,0.8960266,0.86623544,0.8780844,0.84617645,0.88059014,0.8888771,0.8786158,0.8952942,0.87695646,0.87666744,0.86901945,0.8909238,0.89151824,0.8651155,0.879784,0.88343054,0.8727075,0.8879955,0.9199817,0.8726156,0.87951064,0.89257854,0.8843298,0.89844674,0.8781703,0.86523455,0.90966016,0.8751322,0.86469984,0.8905154,0.87837636,0.8706734,0.88264525,0.8654262,0.8729604,0.8692318,0.8835077,0.88822496,0.87319595,0.8849467,0.87409866,0.91102225,0.9049495,0.8814239,0.88320404,0.8906303,0.8746158,0.8586487,0.8585857,0.9110791,0.8831972,0.8894784,0.859461,0.8702008,0.87765646,0.87670803,0.8708246,0.89250356,0.8878902,0.89354086,0.90365916,0.88269544,0.8838969,0.87224686,0.87552065,0.874776,0.8658874,0.8689972,0.8757147,0.8811111,0.87878853,0.9059601,0.8991314,0.8887026,0.87930334,0.8655744,0.8909469,0.88355756,0.8867058,0.86833847,0.87391037,0.8648342,0.88397485,0.8595056,0.87602085,0.8805686,0.8822739,0.8802195,0.8945422,0.8537438,0.90182984,0.88315487,0.8669667,0.8736842,0.87954044,0.8741715,0.8858741,0.8753962,0.90134645,0.8812765,0.8956097,0.87849873,0.8932058,0.8703334,0.8826885,0.8847243,0.8865297,0.8852367,0.86760443,0.8902101,0.8807768,0.8720527,0.86081856,0.86822593,0.8541662,0.87641215,0.8903874,0.8857611,0.8589823,0.8832785,0.88864917,0.87350065,0.8516556,0.88245946,0.87070954,0.8761128,0.86515355,0.89669555,0.8713938,0.8712764,0.8869728,0.8867351,0.8908861,0.8892618,0.904965,0.8911246,0.86958814,0.88301325,0.8834574,0.8975397,0.8819202,0.87358963,0.90635484,0.8766505,0.8747256,0.8694259,0.91004467,0.89116853,0.8622446,0.87173665,0.8701587,0.86190385,0.888452,0.8541908,0.8538912,0.88436013,0.89616835,0.91863334,0.8919475,0.89273,0.8790061,0.87293303,0.8974622,0.87060994,0.8814359,0.873431,0.87410647,0.89320517,0.8939077,0.87056214,0.86142284,0.9087671,0.8864362,0.8738786,0.8684412,0.8809765,0.86577904,0.90446734,0.87081194,0.886037,0.8744388,0.88764805,0.89284045,0.8696972,0.863527,0.8648726,0.9008294,0.8780326,0.86978364,0.90314734,0.87433934,0.87154716,0.88016427,0.89689773,0.8994963,0.8763918,0.88304347,0.8715948,0.9103751,0.88486755,0.88834167,0.8907917,0.8910515,0.8689139,0.8809871,0.8697021,0.88053036,0.85166645,0.87456226,0.8609193,0.89268976,0.89004546,0.8780978,0.91048324,0.86624694,0.8783454,0.87700325,0.88275766,0.89846885,0.8725388,0.85599864,0.881178,0.90411544,0.892396,0.85960203,0.900675,0.8794087,0.9006729,0.88486874,0.8845296,0.91316146,0.8732329,0.8521666,0.85907906,0.88896024,0.8936501,0.8855559,0.873115,0.8839467,0.8613624,0.87551665,0.88002485,0.8706831,0.880502,0.8786414,0.8896095,0.88424194,0.88990766,0.8722513,0.8830333,0.8911635,0.88028806,0.9000797,0.900321,0.8922902,0.89053863,0.8811934,0.8482579,0.8689597,0.8767461,0.9038783,0.86675507,0.87506646,0.8806381,0.8946127,0.89617467,0.8952855,0.8801227,0.879021,0.8717873,0.8703146,0.89916056,0.87796104,0.8764898,0.8880742,0.85844547,0.86483157,0.88224494,0.8934506,0.8808553,0.9049043,0.87553453,0.88812345,0.9010299,0.8533299,0.88233143,0.8805805,0.8870988,0.862786,0.8638202,0.89063925,0.89666814,0.8761828,0.90129954,0.8872998,0.8813021,0.87187594,0.86163396,0.8725383,0.8869138,0.9042866,0.8853792,0.8843311,0.8873148,0.8872447,0.86583835,0.8863919,0.891145,0.8839791,0.8673268,0.88570106,0.8778766,0.88129973,0.86278605,0.87674034,0.8801546,0.87502784,0.8726448,0.86723924,0.8779941,0.8869378,0.8771963,0.88503206,0.87771046,0.90442824,0.8721683,0.8789561,0.8921639,0.889299,0.8774896,0.86576205,0.8863998,0.88162196,0.8740247,0.86274636,0.88025284,0.8913484,0.86998725,0.89270127,0.8738352,0.90519124,0.8575542,0.8755364,0.89401686,0.8690488,0.865962,0.85769767,0.8713517,0.8878008,0.8739126,0.88003856,0.895809,0.8743335,0.883011,0.868656,0.87442726,0.8874927,0.89738095,0.8627983,0.85603946,0.8604854,0.88372475,0.88201565,0.8977265,0.88186926,0.8789676,0.89032245,0.9001282,0.8953534,0.878018,0.87004584,0.87185764,0.883718,0.88770777,0.87876266,0.87226313,0.8865764,0.8550637,0.8833851,0.8564419,0.8903092,0.8812673,0.8897694,0.9126679,0.8504848,0.8845279,0.8533384,0.8772629,0.89128613,0.88455987,0.90483844,0.8702354,0.89295965,0.8877258,0.88244385,0.89241767,0.8589395,0.9023338,0.8917329,0.8801216,0.9081294,0.8706737,0.8771829,0.8937861,0.893927,0.868836,0.86312157,0.88137275,0.8928222,0.9026937,0.87788635,0.8837351,0.89220643,0.868463,0.8739631,0.8587109,0.8845925,0.89429575,0.8548528,0.8806904,0.87245476
0.5252664,0.50445086,0.53203946,0.5335537,0.5108041,0.5332586,0.5231646,0.5166509,0.49324563,0.54202604,0.5414811,0.5240513,0.5393976,0.5176121,0.5140468,0.51641196,0.5115416,0.5244256,0.51758415,0.5353714,0.52773315,0.51364887,0.52650166,0.5173571,0.5241467,0.51299787,0.5378288,0.5009712,0.5480002,0.5174994,0.51532984,0.52791303,0.54144526,0.52095234,0.5030173,0.5121037,0.528675,0.52333283,0.5079825,0.51804686,0.5074741,0.5286756,0.5326869,0.52924293,0.52564275,0.51943433,0.51397884,0.5295935,0.5312644,0.50005484,0.5401455,0.5377464,0.5288464,0.53390247,0.52351254,0.5197796,0.5233285,0.51650196,0.52733046,0.5371812,0.5313953,0.50964904,0.519886,0.5408028,0.5176114,0.51595765,0.5189422,0.5104875,0.5165823,0.5155707,0.52093375,0.5313363,0.5182735,0.49971563,0.5324574,0.50828266,0.51771754,0.515328,0.5265525,0.5290116,0.5013252,0.54116815,0.5194395,0.53455067,0.52495676,0.51626974,0.5365001,0.49988556,0.512322,0.5040954,0.5488078,0.52187,0.5166776,0.51084286,0.50266075,0.50637823,0.5187783,0.52583194,0.5214788,0.5261556,0.5186346,0.5160152,0.5101426,0.5201206,0.508117,0.49772817,0.5152657,0.5203968,0.5180644,0.5123277,0.52402484,0.5311715,0.53072095,0.5040736,0.5168327,0.5150808,0.51620024,0.52142996,0.5082114,0.53211606,0.5064652,0.51257247,0.5315084,0.5211415,0.523361,0.5133138,0.5216482,0.5352817,0.52884495,0.51382256,0.51602536,0.5304939,0.51261514,0.5134721,0.52887857,0.5195416,0.5092757,0.5205906,0.52204627,0.5180719,0.5178345,0.532261,0.5012193,0.5213757,0.5151115,0.5349882,0.5160499,0.5239433,0.5108557,0.5218595,0.5121093,0.5130643,0.53321034,0.52378577,0.5168947,0.5302238,0.5203668,0.52414083,0.4936515,0.5075675,0.5197469,0.5210943,0.53800833,0.53900415,0.5249591,0.5274461,0.5273425,0.50633514,0.52403575,0.5193438,0.5131435,0.52720207,0.50772893,0.53175324,0.5190209,0.53801495,0.52943194,0.5341888,0.5202025,0.5037646,0.5056263,0.51339525,0.50038344,0.53716445,0.520429,0.49450377,0.52746665,0.5287479,0.5320877,0.5178897,0.53513134,0.5232389,0.5104381,0.5232906,0.5207575,0.52313346,0.5092226,0.5306922,0.5361336,0.50819874,0.5349092,0.52329415,0.514978,0.51989496,0.5150469,0.485304,0.52283555,0.49705014,0.5342904,0.5084395,0.5231629,0.5251055,0.5306998,0.5340448,0.52096725,0.49364245,0.49561444,0.51216733,0.4996816,0.5227804,0.5238191,0.5255749,0.52390784,0.5230226,0.49832305,0.54793036,0.50713295,0.53364,0.5279989,0.5325476,0.5194378,0.5094709,0.4985271,0.5062164,0.54713565,0.5223266,0.509733,0.51428896,0.51463485,0.52156687,0.50940245,0.5301888,0.5253415,0.5232587,0.5298962,0.5021469,0.50668687,0.53876054,0.5075956,0.53055197,0.52602124,0.5283097,0.51493466,0.53536665,0.5249935,0.514304,0.5141673,0.5062122,0.5294294,0.538728,0.5152544,0.5132518,0.54210645,0.50596935,0.536511,0.5276671,0.5483356,0.5326723,0.5281726,0.5030022,0.5057974,0.5178313,0.5265133,0.51808524,0.52974683,0.51139474,0.5263704,0.5242897,0.52166784,0.51556516,0.50673264,0.50455475,0.5189742,0.5220853,0.5253043,0.5093114,0.5386983,0.5283896,0.52319115,0.5089706,0.52647316,0.5068252,0.5289299,0.5071431,0.50740355,0.5310503,0.51440763,0.5222577,0.53368735,0.50128114,0.5063709,0.52628374,0.53751415,0.5122412,0.5203059,0.51590776,0.5049769,0.5168032,0.5248912,0.5171288,0.5167475,0.4940235,0.54130405,0.5283449,0.51604223,0.53099304,0.5352614,0.51803416,0.5216484,0.52405673,0.53387314,0.53778356,0.5153511,0.52523196,0.5309239,0.5117689,0.54515797,0.514448,0.52543116,0.4965989,0.50922656,0.5112324,0.5193934,0.5280047,0.5242187,0.52985483,0.5339693,0.5216394,0.52972114,0.535698,0.5296288,0.5160914,0.5053693,0.5204097,0.53436166,0.5255418,0.51500314,0.51071465,0.52158904,0.51865697,0.5207663,0.5207424,0.52060336,0.5344085,0.53686875,0.5174646,0.506,0.5018266,0.5340839,0.53554356,0.51401794,0.52157927,0.5155061,0.54586875,0.5335971,0.5290955,0.5133023,0.52419585,0.5078942,0.49632058,0.5174471,0.52872026,0.5183106,0.505591,0.5410101,0.5296708,0.5318994,0.50800014,0.520593,0.52911294,0.5221508,0.5137383,0.52329624,0.5033462,0.5118928,0.5332786,0.53050655,0.53189653,0.5297979,0.5192388,0.5477675,0.51709396,0.5157534,0.5141666,0.52878696,0.5468485,0.5196156,0.5172189,0.5376966,0.5286136,0.51458925,0.5227189,0.53192306,0.51783055,0.5196822,0.51614535,0.49766564,0.5347238,0.51833034,0.5081011,0.51460975,0.5115683,0.5240212,0.50385374,0.5271792,0.5069752,0.5102024,0.52870953,0.5057732,0.52816385,0.5063062,0.50814307,0.50975674,0.5395939,0.52977866,0.50785977,0.51051265,0.52099115,0.50936884,0.53452784,0.5128623,0.5040274,0.5212108,0.51777196,0.52996516,0.50367635,0.5155442,0.52731466,0.53017473,0.519507,0.51737845,0.51791614,0.5137377,0.5107614,0.5419098,0.50443363,0.51604563,0.53073424,0.5219387,0.50440705,0.5148516,0.50543255,0.5206736,0.52389824,0.54998565,0.52330035,0.5207054,0.5214529,0.5156774,0.51249677,0.53894526,0.52884877,0.52571934,0.52377206,0.54906,0.515906,0.5187064,0.5127106,0.5102274,0.51126903,0.51398295,0.5182375,0.51514673,0.5103157,0.54124427,0.51156604,0.5268914,0.528657,0.53074527,0.5050252,0.51358783,0.51130116,0.5133318,0.52479637,0.5216922,0.51544803,0.5259406,0.50683224,0.53935003,0.51829904,0.54780054,0.52742326,0.52428377,0.520668,0.5196379,0.52666354,0.5026714,0.50569415,0.5264235,0.5078012,0.5127972,0.54370606,0.50717354,0.5263093,0.5164135,0.50462973,0.50438005,0.51364625,0.5150837,0.5054467,0.5186706,0.550163,0.51333016,0.532176,0.5308361,0.5341957,0.51991695,0.5251716,0.53833395,0.53669673,0.50842214,0.51098543,0.5294685,0.52358544,0.50797325,0.53082037,0.5129492,0.52550614,0.5228266,0.5031364,0.5031507,0.5195518,0.5062118,0.5158124,0.53670007,0.52780974,0.52359134,0.51571435,0.524371,0.5379674,0.52636456,0.5140794,0.5201157,0.50778806,0.54068565,0.5152075,0.5072053,0.53397596,0.5321471,0.5015342,0.54062116,0.5409861,0.52128255,0.52311265,0.5231165,0.5226611,0.50264466,0.52997994,0.5071149,0.51086575,0.5373638,0.5114701,0.5193576,0.53286,0.49590153,0.52912956,0.51560557,0.5218751,0.5220367,0.524869,0.5249861,0.52084315,0.528473,0.5373848,0.5295139,0.5117852,0.5118666,0.53149664,0.5169983,0.53763777,0.53552365,0.50805974,0.49560338,0.518223,0.52038956,0.52403486,0.5118424,0.5037326,0.5143865,0.5029864,0.51455,0.52608,0.5345172,0.52657735,0.53532577,0.5208334,0.53770727,0.50982934,0.52578634,0.53562486,0.51342535,0.50625914,0.53017277,0.52116275,0.5151848,0.5398313,0.5332372,0.5028456,0.5454537,0.5160075,0.5201825,0.5157545,0.49464774,0.5269438,0.53903574,0.5289103,0.5285994,0.51657665,0.53511775,0.5167369,0.5407361,0.52903974,0.5239322,0.5109194,0.5084413,0.50614274,0.50381774,0.52814,0.5461092,0.50545645,0.5215622,0.51065105,0.5101343,0.49991512,0.5346247,0.5181215,0.5160151,0.5035259,0.5341856,0.5301764,0.52334243,0.5330618,0.51922494,0.48897558,0.5233031,0.5207471,0.52163374,0.5198447,0.51069236,0.51491696,0.547204,0.5178075,0.52408445,0.5430121,0.5201035,0.5398188,0.52692205,0.5032094,0.51289606,0.5369755,0.5150763,0.54001915,0.4913403,0.5136044,0.5145883,0.5298242,0.5153099,0.5236585,0.51402867,0.5166387,0.5305114,0.5190438,0.52249956,0.52680284,0.53141165,0.5397577,0.5178797,0.5242184,0.5324619,0.52968603,0.5374097,0.50978327,0.5290036,0.5200926,0.52727646,0.53538066,0.5315994,0.5265571,0.53044546,0.52258706,0.52803814,0.5097083,0.532456,0.52182424,0.51837355,0.5167376,0.51561147,0.5243779,0.49627566,0.50816774,0.5288686,0.49837127,0.53430593,0.5327337,0.5117131,0.5154827,0.5203991,0.5203029,0.516199,0.5393225,0.508808,0.51974714,0.50596786,0.52294916,0.5056106,0.5265174,0.53123367,0.53278446,0.53779316,0.5371826,0.5264848,0.52316123,0.5318211,0.5292437,0.5288867,0.52654064,0.5390919,0.50520575,0.51526225,0.51151764,0.5159453,0.50672364,0.5155651,0.537515,0.53353524,0.53198415,0.52275175,0.5362616,0.51682466,0.51394206,0.5047547,0.5356876,0.51045465,0.5334868,0.52333593,0.5259323,0.5266613,0.5117444,0.5337357,0.528643,0.5125748,0.51447415,0.5372476,0.5190172,0.54031503,0.50573504,0.5360436,0.5164461,0.5331787,0.53250396,0.51206666,0.52691716,0.51360244,0.53399384,0.5256077,0.5301312,0.52340704,0.5196443,0.52305126,0.5095311,0.5039623,0.5241229,0.5101171,0.5081366,0.5217902,0.5163166,0.5354867,0.52837276,0.50811327,0.53913724,0.52329826,0.5111024,0.49400797,0.52728534,0.52393234,0.52192885,0.52661,0.507818,0.5129938,0.5258234,0.5161832,0.5295768,0.5226012,0.5188502,0.52694345,0.5260875,0.52880645,0.5318485,0.5212144,0.5137626,0.5179776,0.5430014,0.51443326,0.50497335,0.5377651,0.51696926,0.5388388,0.54413015,0.5269994,0.50546616,0.5360295,0.51622576,0.49847016,0.5458889,0.52546895,0.50687075,0.5143277,0.53441584,0.5164329,0.5349363,0.5093174,0.5312621,0.5255559,0.53890705,0.5238053,0.5234199,0.52311105,0.53207237,0.5304275,0.5253083,0.51251847,0.53519404,0.533937,0.527694,0.5338757,0.54038,0.5164714,0.50495803,0.52345634,0.538049,0.5202663,0.52006054,0.52478635,0.52101713,0.5150333,0.52349585,0.53665215,0.51976615,0.5319681,0.50202674,0.5152698,0.50340116,0.54093015,0.52239174,0.52906555,0.5322311,0.51969284,0.53347695,0.5225141,0.53677446,0.5253621,0.5074281,0.5256375,0.5224134,0.52041894,0.5093833,0.5251281,0.5163485,0.5334415,0.53873336,0.51051354,0.51398844,0.5095042,0.53141356,0.53343195,0.50488675,0.51298046,0.5244562,0.5189221,0.52334344,0.53581995,0.5142331,0.5145829,0.50441194,0.5544698,0.5328256,0.5215091,0.5292029,0.5186738,0.5317848,0.5264955,0.52558756,0.5207699,0.51706254,0.5262186,0.5089083,0.4970271,0.5090312,0.5157361,0.50069565,0.5202253,0.5246482,0.5295589,0.5210712,0.5113974,0.5276616,0.5457002,0.51100796,0.51621366,0.5042445,0.52827305,0.5101705,0.5155143,0.5225833,0.51405996,0.53849703,0.53473127,0.51549083,0.50552446,0.54368305,0.5216424,0.52293545,0.5293702,0.51162285,0.50261813,0.51337683,0.50881743,0.5281266,0.5262144,0.5154791,0.52046376,0.53549653,0.52270037,0.501344,0.50793004,0.49867475,0.5398063,0.5305205,0.51909184,0.5194416,0.5273724,0.52939475,0.53463984,0.5181852,0.5285946,0.5293329,0.5358393,0.5290644,0.53307086,0.516784,0.5241349,0.5326166,0.51711047,0.51723564,0.52833706,0.5205245,0.5115156,0.5286894,0.53454757,0.52638453,0.50971323,0.5168252,0.5523898,0.50400573,0.52134204,0.5108835,0.52731794,0.51910645,0.5429654,0.5267342,0.50498223,0.5177445,0.52364665,0.531452,0.542138,0.5003578,0.53757316,0.5195647,0.5166081,0.55860096,0.5290164,0.5133612,0.5289885,0.5289885,0.5266125,0.5137877,0.52537596,0.5299536,0.5195373,0.51795036,0.5227663,0.5220887,0.53104365,0.53678834,0.50426877,0.53137547,0.5384153,0.51029265,0.5344638,0.5155621
0.7790351,0.7607401,0.77863324,0.7721341,0.7604071,0.77187985,0.7871424,0.76173383,0.75326073,0.75469303,0.7827079,0.7853994,0.76126826,0.7668907,0.75231814,0.76131856,0.7640521,0.7768956,0.7606651,0.7859038,0.7680877,0.76420796,0.7602222,0.77821517,0.76240706,0.7577797,0.77605206,0.74895966,0.7720603,0.76001185,0.7554089,0.7676073,0.7884425,0.7880004,0.7678918,0.7594919,0.76111585,0.7613554,0.77604854,0.7624409,0.7708463,0.7853189,0.7648861,0.7891357,0.7639326,0.7692347,0.7664747,0.7709221,0.7836361,0.7695009,0.79266834,0.7649278,0.77613217,0.7663032,0.7715613,0.76613045,0.77642137,0.7537172,0.7631771,0.7803091,0.7697016,0.7804901,0.7480259,0.77797675,0.76099294,0.78165424,0.7574925,0.75972617,0.7595731,0.77059186,0.79044366,0.7680294,0.76945657,0.76692444,0.7682824,0.76278865,0.7722895,0.762737,0.7704395,0.77047545,0.7759226,0.7716087,0.7871652,0.7511137,0.7733806,0.76718587,0.76339895,0.75637347,0.75863737,0.7570771,0.7686751,0.7805858,0.78987056,0.7756427,0.75527716,0.77420497,0.7651563,0.7665468,0.76873016,0.76779634,0.766334,0.76790226,0.772883,0.7651747,0.7861954,0.75707304,0.7705419,0.777089,0.7585384,0.773117,0.77799433,0.75317645,0.78283954,0.7781335,0.7641853,0.76661247,0.7820251,0.7724847,0.7654742,0.7756969,0.7608783,0.74098665,0.77611697,0.7762693,0.75491047,0.7645467,0.75083846,0.76315373,0.76113194,0.76636696,0.7739264,0.7665357,0.76230097,0.76668537,0.7666902,0.7637145,0.76486814,0.7442325,0.7636624,0.7574715,0.7711387,0.77001494,0.7710743,0.7525649,0.7537888,0.7869395,0.76179737,0.7740128,0.75319934,0.7856853,0.750735,0.76146835,0.78378356,0.76963294,0.75967544,0.7885252,0.77295995,0.76120245,0.76167655,0.74391097,0.7697736,0.77327913,0.7662734,0.76805824,0.75377417,0.7565726,0.7490999,0.7579098,0.75163984,0.7746995,0.76600844,0.7527311,0.7717101,0.76306534,0.78208154,0.75136566,0.7574073,0.76879853,0.7494019,0.7795495,0.7690224,0.750816,0.7550455,0.7616554,0.763704,0.75324893,0.77140206,0.76718676,0.7507372,0.7651413,0.77433515,0.76295584,0.7342656,0.77531916,0.7586774,0.7545968,0.7610274,0.7705153,0.76580364,0.7505113,0.77975345,0.77308035,0.7727089,0.7684147,0.76489574,0.74683464,0.80153173,0.7451931,0.76824784,0.76071864,0.7438469,0.76310277,0.78534967,0.77530426,0.7566397,0.7567542,0.7382277,0.77437973,0.74845344,0.7577464,0.76175874,0.7621072,0.7700542,0.74281394,0.75416565,0.7763169,0.75452137,0.7792088,0.7460782,0.76237905,0.7766441,0.76284987,0.7632568,0.7553748,0.77733845,0.75617933,0.7699519,0.7637538,0.77920425,0.7568674,0.75283456,0.7732904,0.778236,0.7545381,0.7678931,0.7673977,0.77078646,0.771312,0.74946433,0.77496547,0.77521545,0.76617426,0.7569793,0.77129954,0.78358305,0.7530629,0.7631298,0.74630904,0.7709319,0.7846424,0.7516897,0.75361633,0.7541454,0.76602036,0.76103145,0.76743746,0.78706276,0.7596882,0.7774509,0.78598267,0.7624186,0.7717978,0.78230864,0.75836474,0.7695548,0.7646562,0.7798655,0.765318,0.7736304,0.76527786,0.75219816,0.7809135,0.76901686,0.7632408,0.749681,0.7632103,0.7592985,0.7710521,0.75667834,0.76706284,0.7657723,0.75884145,0.75547034,0.7588782,0.7583543,0.7917349,0.7535096,0.76595235,0.77484906,0.771526,0.75780714,0.758668,0.77334386,0.7549494,0.76901615,0.7565414,0.7598886,0.7620487,0.7852526,0.76677275,0.7698782,0.7571061,0.769769,0.77018607,0.77174884,0.78061724,0.7972396,0.75802207,0.76199937,0.7854367,0.75849384,0.7828562,0.7508,0.7549472,0.75435424,0.75310117,0.74558884,0.75920236,0.7680568,0.7556627,0.7646869,0.7675028,0.7560766,0.77669525,0.7788701,0.7814292,0.7677898,0.76158607,0.7827368,0.7864953,0.761814,0.76548994,0.7400325,0.7537468,0.79170126,0.7749307,0.7608459,0.7663521,0.7656872,0.7611086,0.7742127,0.7541469,0.77061033,0.7688278,0.7690966,0.7646638,0.7417322,0.76083976,0.77340233,0.75947833,0.7815099,0.7726286,0.7659822,0.7675727,0.7730125,0.7882179,0.77649367,0.7562126,0.7526964,0.7629826,0.7846431,0.7567986,0.7650322,0.7555914,0.7758912,0.76524234,0.76067,0.7586479,0.7731517,0.76024204,0.788447,0.75961155,0.7580614,0.76824874,0.7638949,0.77253735,0.7697626,0.7508828,0.7508174,0.77821577,0.75170606,0.7734352,0.76295984,0.7615615,0.77002555,0.7882921,0.7618432,0.7530725,0.7682598,0.7677733,0.7675779,0.7662988,0.776404,0.77282643,0.77449244,0.75870246,0.75284183,0.7875389,0.7615597,0.75227356,0.76946855,0.76303685,0.7874124,0.76661694,0.76853323,0.76406866,0.74765515,0.7634095,0.73394907,0.7738289,0.7495294,0.77695435,0.75314224,0.7827319,0.7784683,0.7534026,0.7337535,0.7613195,0.7547195,0.77026093,0.7628071,0.75395983,0.75013554,0.7380388,0.760383,0.7762699,0.7708817,0.74862456,0.78327215,0.751774,0.74412376,0.76684797,0.7655791,0.75817657,0.7968547,0.74567425,0.7629546,0.7775455,0.7629421,0.7524215,0.7890682,0.7476928,0.7468199,0.7686917,0.77806586,0.7750271,0.75527304,0.7662033,0.7505375,0.77000594,0.77637553,0.7887866,0.7701433,0.7612805,0.77344865,0.7607721,0.7696774,0.7535234,0.76147825,0.74917233,0.74982566,0.7736196,0.77352476,0.7754806,0.761165,0.7755166,0.75516033,0.7723552,0.7820836,0.7840681,0.76151943,0.77018607,0.7664092,0.77038324,0.7779538,0.7677228,0.79980665,0.7485775,0.781046,0.7725452,0.7684673,0.75743335,0.77035487,0.7617214,0.74819255,0.7653682,0.7366057,0.7614535,0.75748354,0.7617872,0.7653264,0.7816046,0.7380265,0.7567898,0.7600586,0.7524358,0.75562,0.75623125,0.7529848,0.7719531,0.7556135,0.75974995,0.7698111,0.7707828,0.78184223,0.7666662,0.79774123,0.7502288,0.75721973,0.77497166,0.7475571,0.7656307,0.77173966,0.7734478,0.76130337,0.7839452,0.74227136,0.7571729,0.77424157,0.75272125,0.7621151,0.76227814,0.74722403,0.76419145,0.7710466,0.76316524,0.7783046,0.7666578,0.7719308,0.77838916,0.77040875,0.7659359,0.7597299,0.79380596,0.76568544,0.77416825,0.7491393,0.7779258,0.7564367,0.7558018,0.7764377,0.7796868,0.76381963,0.77502865,0.7777766,0.7756194,0.7541249,0.7856018,0.75605226,0.7873645,0.7620667,0.79161394,0.7824523,0.76601,0.759315,0.74581414,0.7370934,0.7592812,0.753098,0.7674438,0.77854025,0.78262216,0.7803763,0.77579457,0.756657,0.76858014,0.757392,0.78563696,0.7678817,0.7714313,0.777125,0.76384896,0.7569767,0.7540898,0.7739807,0.7642751,0.7475804,0.7527406,0.7657604,0.7469083,0.7681524,0.7720094,0.766899,0.77213013,0.7687272,0.7689557,0.760616,0.7661234,0.76434463,0.78489476,0.7693329,0.7459081,0.7704564,0.7524442,0.7613201,0.7808191,0.7631726,0.7455636,0.77305436,0.7594555,0.7704423,0.75977343,0.77874726,0.76524085,0.7650458,0.7548069,0.76536804,0.7491674,0.7869048,0.77833265,0.7863835,0.7626252,0.76704633,0.764865,0.77547914,0.76659834,0.7487889,0.7842244,0.79331183,0.7549266,0.7757673,0.76955116,0.76061267,0.75210947,0.75948286,0.76686823,0.77502525,0.7765714,0.77206063,0.7664707,0.778699,0.75362873,0.7533343,0.7588821,0.7675484,0.75656945,0.76408714,0.74599785,0.7611627,0.7636003,0.76968724,0.76721716,0.7734997,0.79709864,0.7788466,0.79156226,0.7808582,0.7721405,0.77127707,0.77397275,0.74680173,0.78275,0.76157117,0.77062804,0.757834,0.77795917,0.7612596,0.78340805,0.7568657,0.75402635,0.79551,0.7662658,0.7764283,0.7683757,0.75817275,0.7640393,0.76335406,0.7498546,0.7681775,0.77192026,0.77451473,0.7598994,0.7523412,0.75489545,0.7639264,0.7533665,0.76575065,0.7655665,0.76853895,0.78066117,0.7327139,0.732078,0.7767526,0.7528892,0.7604464,0.7724399,0.77536136,0.76733047,0.75117636,0.7636507,0.77010727,0.7476637,0.76178813,0.7778573,0.75944865,0.7608031,0.76919377,0.75225085,0.7280324,0.79465246,0.7569188,0.76340127,0.7630192,0.77877516,0.7692391,0.76424354,0.76478714,0.7886596,0.79185075,0.7743592,0.760741,0.75913197,0.763555,0.76373583,0.75358564,0.78125614,0.7965395,0.7713253,0.77490985,0.7602336,0.75477207,0.7540293,0.7547548,0.76675975,0.7654711,0.7602036,0.77058494,0.7614073,0.78265893,0.76276153,0.7609675,0.77568716,0.7725994,0.78267115,0.77886856,0.7666235,0.7572291,0.7757028,0.75854856,0.76039404,0.7760363,0.77152425,0.7655963,0.76865095,0.78095514,0.7594124,0.7765041,0.75362766,0.77135116,0.769506,0.7573445,0.776795,0.7829184,0.75555885,0.7566787,0.76806486,0.76915675,0.7535337,0.78628856,0.7670345,0.75877464,0.77735466,0.7601087,0.7720936,0.7425481,0.7640222,0.75958484,0.7722298,0.7715155,0.7717083,0.76487225,0.7725104,0.7298583,0.7751876,0.75101423,0.79332936,0.7589134,0.76440907,0.7436649,0.77886975,0.75926405,0.77330554,0.77967966,0.73522323,0.762864,0.7563365,0.7666036,0.7713345,0.7631507,0.7460462,0.76271844,0.79304975,0.7628835,0.77125716,0.78808963,0.7678112,0.7637703,0.78891313,0.76235497,0.76878387,0.75832564,0.7556299,0.73650163,0.7764306,0.7677931,0.77136487,0.75709736,0.78426874,0.76637703,0.7682008,0.7706926,0.7588273,0.7711823,0.7666605,0.772737,0.76597774,0.77149796,0.7654219,0.77239436,0.7591332,0.77668715,0.7825774,0.7709426,0.7558965,0.7712881,0.7619678,0.750151,0.75488025,0.7726865,0.7933699,0.75325704,0.76651615,0.768215,0.7953626,0.76216006,0.7648274,0.75694144,0.7689261,0.7767253,0.7600629,0.7674374,0.7631512,0.77038103,0.75092536,0.75799674,0.76866186,0.7658786,0.7719108,0.75389373,0.78691024,0.76922697,0.76071966,0.7899099,0.7563866,0.76564676,0.7589056,0.7757569,0.7551372,0.7528822,0.78087085,0.79594684,0.7603491,0.7581692,0.7742558,0.7930637,0.76915544,0.7558655,0.77158386,0.77526957,0.7951192,0.7659223,0.75536066,0.7501665,0.74713546,0.7734943,0.7822058,0.762941,0.77893937,0.7621448,0.7810562,0.7774052,0.7706709,0.7644002,0.757879,0.75346684,0.7675638,0.7469743,0.7508665,0.7545731,0.75928843,0.74717134,0.75371844,0.773437,0.7519102,0.77204263,0.7733164,0.78699625,0.7811082,0.7687855,0.76254463,0.7665151,0.77302253,0.7672137,0.77102697,0.74506676,0.77386194,0.7718432,0.7592845,0.74966466,0.7751196,0.7543128,0.75876695,0.77588165,0.75063163,0.757297,0.7507372,0.7526726,0.7783316,0.7642366,0.7598899,0.7734182,0.76139927,0.76310587,0.765216,0.7437688,0.77510804,0.7803892,0.7668599,0.75171995,0.7505808,0.77375627,0.78703904,0.7855629,0.77196395,0.777059,0.7695433,0.7708254,0.76857793,0.76118505,0.7498166,0.74966294,0.7741394,0.7930183,0.7621164,0.76415753,0.76825994,0.7594395,0.76376235,0.7505638,0.77812254,0.7518845,0.7507115,0.7858138,0.76561344,0.7502879,0.761645,0.7676374,0.76044554,0.77041394,0.78191,0.7633721,0.776905,0.7594041,0.7595456,0.7626829,0.7606979,0.761163,0.76835215,0.769039,0.7765481,0.75831133,0.74153304,0.77997917,0.7818875,0.7679313,0.78094804,0.76414204,0.7690756,0.7710658,0.75857764,0.756869,0.75675243,0.7696332,0.77816665,0.7472705,0.7707772,0.77544385,0.7545354,0.7868856,0.75705534
1.2333333,1.1992354,1.2356478,1.2186414,1.2077701,1.218803,1.1945658,1.2051411,1.1979917,1.1936276,1.1993444,1.1953578,1.237759,1.2054771,1.2022364,1.2185719,1.2282461,1.2163647,1.2049036,1.2147679,1.2125499,1.2124171,1.2297045,1.2010628,1.2190278,1.2288712,1.2296441,1.2049552,1.2248654,1.193702,1.2198439,1.2127478,1.2443519,1.239452,1.2067086,1.2074825,1.2068167,1.2118472,1.2355125,1.2120142,1.2320408,1.2310879,1.2239033,1.2149796,1.218123,1.2333238,1.2187725,1.2282643,1.2026199,1.2058748,1.2479683,1.2209787,1.2290301,1.2020123,1.2074866,1.2115228,1.2107689,1.1870921,1.2393466,1.2206672,1.2144413,1.2207247,1.228791,1.2041374,1.2160271,1.2221326,1.2055261,1.2214892,1.2314255,1.2251402,1.210564,1.2316117,1.2005684,1.222493,1.2075666,1.2177694,1.2222563,1.2330772,1.238659,1.216656,1.225332,1.2207836,1.2146395,1.2002763,1.2205282,1.2044288,1.214865,1.2239494,1.1977286,1.2001245,1.2218395,1.2098205,1.2239394,1.2225676,1.2239606,1.2268739,1.2247608,1.2198141,1.2243478,1.2223725,1.1909395,1.2214663,1.2000462,1.2365643,1.2215668,1.1980925,1.2219127,1.2462796,1.215484,1.2104805,1.2327213,1.1878653,1.2470956,1.2310691,1.2150226,1.2083262,1.229741,1.2245642,1.2236457,1.2189518,1.2026906,1.2087438,1.2181426,1.235842,1.2059323,1.2037594,1.22571,1.2457173,1.2336531,1.2101218,1.2165401,1.207184,1.2108808,1.2132063,1.2138427,1.2200809,1.2368,1.2190739,1.2126433,1.2027779,1.2353858,1.2290009,1.2412969,1.209353,1.2434864,1.237037,1.2146064,1.2324053,1.1865283,1.2344182,1.2177463,1.2078347,1.2610669,1.2125068,1.2377048,1.2298883,1.217814,1.2197098,1.2090869,1.2132683,1.2289574,1.2177159,1.2319906,1.2230253,1.2131091,1.2201865,1.228262,1.2178161,1.226255,1.212274,1.2336016,1.2135828,1.2095504,1.2078099,1.2354733,1.2237183,1.2251978,1.2235659,1.2253109,1.2170693,1.222188,1.2008622,1.2019702,1.2174685,1.2227098,1.2385293,1.220792,1.2206687,1.222155,1.2220427,1.2211441,1.2184311,1.2096839,1.2097661,1.2095369,1.2025039,1.2222788,1.2202755,1.2177906,1.2217479,1.2070626,1.2192936,1.2168064,1.2205341,1.2182264,1.2116373,1.2221391,1.2144057,1.2141947,1.2188942,1.2300382,1.1970493,1.235671,1.2023846,1.2251959,1.2027061,1.196114,1.2171794,1.2078325,1.2360351,1.2366341,1.2275964,1.2194253,1.214666,1.20646,1.2269704,1.2016735,1.217627,1.2189701,1.2190942,1.2331827,1.2345376,1.2157242,1.2202903,1.2123728,1.2131445,1.2144483,1.2089844,1.1958814,1.2051369,1.2197565,1.2069473,1.20776,1.2151996,1.2426729,1.2147433,1.2321643,1.2177522,1.2019078,1.2270442,1.2148087,1.2312188,1.2400012,1.2113456,1.2247665,1.2189884,1.204624,1.2192163,1.2160032,1.2255906,1.2011787,1.2117292,1.2272358,1.2111263,1.2239509,1.2151856,1.2322937,1.2195061,1.230083,1.2079066,1.2137771,1.2029524,1.2316153,1.1917012,1.2446613,1.2206429,1.2477081,1.2419677,1.2085476,1.2196699,1.2188046,1.2263566,1.2123904,1.22158,1.1890066,1.2163866,1.2002469,1.2056469,1.2107283,1.2122821,1.2449529,1.2196975,1.1941191,1.2018979,1.2028596,1.2107191,1.200968,1.2246398,1.2119006,1.213158,1.2041506,1.2070009,1.2099416,1.2193505,1.2126343,1.2214049,1.2336602,1.2277302,1.2330186,1.2115003,1.2246796,1.2391567,1.2079414,1.2166775,1.2212691,1.2231777,1.226682,1.214587,1.2117547,1.2230716,1.2176447,1.233633,1.2081825,1.1943846,1.2330062,1.2117548,1.2027518,1.1961707,1.2104306,1.2116514,1.2217164,1.2123344,1.2278028,1.2383659,1.2118498,1.2120007,1.2192893,1.2224727,1.2071555,1.2433192,1.2212571,1.2000588,1.2122777,1.2147154,1.2227572,1.224077,1.2084659,1.2345251,1.2309557,1.2220715,1.2224703,1.2124324,1.2183772,1.2279016,1.2186118,1.2287302,1.2234945,1.2100055,1.212223,1.2243032,1.2250521,1.2222112,1.209234,1.2333331,1.2341707,1.2347144,1.2339596,1.2185869,1.2530972,1.2201605,1.2219527,1.2076952,1.2168789,1.2318418,1.2107029,1.2156132,1.2180066,1.2072006,1.2313787,1.2161797,1.20741,1.2018211,1.222501,1.204949,1.2408715,1.2342291,1.217968,1.2227247,1.2289913,1.2375969,1.2229074,1.22645,1.2077855,1.2097112,1.2136376,1.2704924,1.2168051,1.2228749,1.2542932,1.223046,1.2123659,1.2174999,1.2248687,1.2083107,1.2284267,1.197161,1.2280545,1.2270236,1.1965103,1.1996908,1.2360135,1.2209847,1.2203816,1.2392398,1.2193494,1.216414,1.2055529,1.221899,1.224645,1.2253017,1.2222024,1.2236019,1.1997336,1.2409265,1.2161357,1.2159348,1.2194164,1.211824,1.2225778,1.2107621,1.2013315,1.2100074,1.220415,1.1909778,1.221442,1.2206572,1.2173984,1.207747,1.2220823,1.2014612,1.2101164,1.2197366,1.2103139,1.2120793,1.2299395,1.2116835,1.2030065,1.2105385,1.2347305,1.2113912,1.2377878,1.2214136,1.2226924,1.20972,1.2291341,1.2217393,1.2080948,1.2078463,1.1922202,1.2232366,1.2270108,1.2251741,1.222385,1.21152,1.2150345,1.2308011,1.2191468,1.2197863,1.2091311,1.2163142,1.2158122,1.2163529,1.2575744,1.2520674,1.2189822,1.2095087,1.2283545,1.2236536,1.238549,1.2250261,1.2217586,1.2348862,1.2033601,1.2095393,1.2067689,1.2242873,1.229925,1.1997894,1.2091074,1.2351453,1.2189398,1.2013341,1.2461069,1.2198797,1.2246345,1.2239653,1.2098582,1.2328339,1.1945173,1.2290323,1.2149502,1.2130533,1.2040428,1.2179579,1.2009399,1.2106928,1.1935465,1.1996317,1.2062806,1.2398777,1.2276771,1.2089337,1.2229402,1.209521,1.2130973,1.2031616,1.2271421,1.2329241,1.2337583,1.2323617,1.2392285,1.2128798,1.2207276,1.2193084,1.2201104,1.2273946,1.211261,1.2203213,1.197009,1.2309768,1.2047019,1.2158031,1.2084365,1.2247895,1.236936,1.1918846,1.2284976,1.2217274,1.2177253,1.2164589,1.2272996,1.200232,1.2359656,1.232475,1.2030134,1.2003951,1.2050639,1.201431,1.2296457,1.2438055,1.2230642,1.2229091,1.2061538,1.2038034,1.2424462,1.2282223,1.2145982,1.2346573,1.2093384,1.2087369,1.2293744,1.2367688,1.2296765,1.2253654,1.1921071,1.227245,1.2067063,1.1975971,1.2297432,1.218758,1.21406,1.2238603,1.222971,1.2243774,1.2219154,1.2069538,1.2181615,1.2020919,1.2311947,1.2145765,1.2203399,1.1958607,1.2175463,1.2184997,1.1960416,1.2323433,1.2125443,1.2099282,1.2032914,1.2090759,1.2438947,1.2088344,1.2230313,1.2085317,1.2171739,1.2182962,1.2174945,1.2369131,1.2213906,1.2338167,1.2215371,1.2241021,1.233227,1.1914697,1.1964933,1.2441638,1.2173005,1.2289407,1.2210442,1.2277474,1.2127509,1.203774,1.2077514,1.2040732,1.2109227,1.2457855,1.2408272,1.2048517,1.2241803,1.2193257,1.2356116,1.223685,1.2229644,1.2150785,1.2227458,1.2232178,1.2039065,1.21363,1.213929,1.2330369,1.2097542,1.2116859,1.2193544,1.2077814,1.2194858,1.221527,1.2158365,1.2418476,1.21023,1.2180976,1.2275106,1.2192594,1.2054791,1.2211788,1.2114503,1.2179909,1.2073076,1.2298257,1.2380298,1.2129084,1.2243047,1.2243707,1.2078036,1.209562,1.2269834,1.2143089,1.2186579,1.2250845,1.2174138,1.2270935,1.2079091,1.2348615,1.217576,1.1911833,1.2156874,1.2212431,1.2143425,1.2220175,1.2039804,1.2343737,1.2099816,1.2122364,1.218735,1.2204823,1.2204309,1.2161055,1.2225448,1.2159277,1.2286009,1.220506,1.2071862,1.2211589,1.2195295,1.2124591,1.2305411,1.2121717,1.2225336,1.212093,1.2359947,1.2347052,1.1938254,1.2151694,1.209097,1.2056235,1.2120308,1.207393,1.2175304,1.2071508,1.2167381,1.2185526,1.2012616,1.2000623,1.2262107,1.2295586,1.2140722,1.2217412,1.2331856,1.2214925,1.2066447,1.2251335,1.2188458,1.2445264,1.2139661,1.237777,1.2133746,1.225664,1.233469,1.2294891,1.2315333,1.2071759,1.2186195,1.2241591,1.2327445,1.2330226,1.1977246,1.2434306,1.2383628,1.2135838,1.201719,1.2073171,1.2120384,1.2155724,1.1892941,1.2037784,1.2501061,1.1894366,1.2425132,1.2263783,1.222463,1.2352226,1.2090214,1.2382929,1.2195656,1.240867,1.220446,1.2204015,1.1994424,1.2213819,1.192677,1.1994803,1.2316458,1.2247666,1.2293581,1.2056987,1.2061241,1.2112753,1.2339238,1.2178415,1.2195543,1.2318176,1.2039117,1.2333639,1.2282234,1.194929,1.2104993,1.2195998,1.213502,1.239579,1.2285839,1.2203636,1.2067896,1.2436966,1.2235544,1.227527,1.1985711,1.2370541,1.210314,1.2307246,1.238862,1.2274555,1.2270458,1.2206081,1.2066227,1.2294033,1.2126405,1.2149656,1.1872431,1.2262083,1.1967202,1.2347512,1.2189534,1.2024786,1.241918,1.199131,1.2119412,1.2223934,1.2001061,1.221722,1.2166909,1.2037164,1.196514,1.24874,1.2237304,1.2412435,1.220675,1.2212416,1.183654,1.2359799,1.2259941,1.2097223,1.2040161,1.207379,1.2106612,1.2164167,1.21414,1.2415597,1.2167528,1.2289293,1.2161105,1.2104577,1.2115713,1.2123282,1.1958475,1.2331208,1.2266977,1.2240261,1.2386191,1.2152725,1.2140992,1.2273859,1.2193115,1.2434286,1.2468525,1.2230157,1.2169462,1.2174435,1.1979964,1.2249647,1.2094723,1.2127185,1.1916416,1.2242917,1.2212759,1.2144039,1.2199765,1.2317553,1.2468894,1.2028058,1.2275643,1.2206514,1.225841,1.2152886,1.2065146,1.2024733,1.2133137,1.2114356,1.19599,1.2231399,1.2270375,1.2400876,1.2315072,1.212022,1.226675,1.1883997,1.2142699,1.237449,1.2208719,1.2133204,1.2121053,1.1973855,1.2226528,1.2013645,1.2177352,1.2088978,1.22284,1.2127376,1.191677,1.2183949,1.2132428,1.2308406,1.195867,1.2283565,1.2077888,1.2182881,1.2114834,1.2090738,1.2175214,1.2457939,1.2216382,1.2239753,1.233042,1.2226242,1.2053417,1.218549,1.2148744,1.2234901,1.2270116,1.2101294,1.2257642,1.2083442,1.1983192,1.2041326,1.2162724,1.2326252,1.2098297,1.2050235,1.2163091,1.2134624,1.1896738,1.1802909,1.200366,1.2441486,1.2107197,1.2276092,1.226267,1.2238184,1.1988341,1.2181327,1.2036455,1.2371014,1.2231784,1.2262676,1.228469,1.2173543,1.2072319,1.2324433,1.2133731,1.2380795,1.2164329,1.225605,1.2181593,1.2365946,1.2251167,1.1978058,1.1980476,1.2338736,1.2146554,1.2126206,1.2174413,1.2077953,1.2152195,1.2233967,1.209276,1.2065166,1.2154272,1.2220237,1.2152864,1.226424,1.2203119,1.228063,1.2056646,1.1992682,1.2435975,1.2240318,1.2360994,1.21448,1.2085664,1.2294384,1.2022315,1.2154179,1.2131168,1.2339473,1.2070267,1.2301496,1.2077914,1.2178109,1.2115682,1.2359803,1.2333897,1.2289497,1.213672,1.2161834,1.2191427,1.2351172,1.2182617,1.2082187,1.2080066,1.2235419,1.2050997,1.2155455,1.2146811,1.205878,1.22009,1.2456893,1.1852736,1.2119851,1.216614,1.2171985,1.2301395,1.2335522,1.2126583,1.2265549,1.2017317,1.2119998,1.2091683,1.2137227,1.2348062,1.202559,1.222516,1.217831
0.98111767,0.96059144,0.9733586,0.9638876,0.956314,0.9743387,0.9532429,0.9560789,0.9502887,0.9645188,0.95971256,0.94228816,0.9814364,0.9688195,0.9509053,0.97258526,0.9849386,0.9789819,0.9356759,0.960977,0.93705285,0.97523856,0.9695821,0.95865196,0.9917098,0.9747102,0.9770443,0.9611225,0.9644376,0.9541003,0.966395,0.95422685,0.99486834,0.9756715,0.94907427,0.9550642,0.9540093,0.9691814,0.97921723,0.9753523,0.9598583,0.963763,0.9651111,0.95094407,0.96562874,0.9770181,0.965587,0.9652478,0.9717537,0.95207447,0.9954635,0.97367054,0.9707821,0.97728807,0.9580264,0.94834703,0.9675021,0.9436417,0.9836311,0.9657387,0.9663029,0.96110386,0.9547508,0.95624715,0.9725537,0.96042746,0.96537024,0.98451746,0.97460794,0.9535019,0.9491366,0.96577686,0.9412049,0.9908227,0.969955,0.9530685,0.97379494,0.9583635,0.96067506,0.9725624,0.9690214,0.9570133,0.9661146,0.96485984,0.9657124,0.9771737,0.9510531,0.9682938,0.9747362,0.9779754,0.96785456,0.950277,0.96687686,0.9558945,0.97560275,0.9776403,0.9726589,0.9592047,0.96038073,0.9580657,0.97453594,0.9657928,0.96935356,0.96388125,0.9853554,0.9382198,0.98519635,0.97859883,0.9694993,0.95647407,0.9800861,0.9436667,0.98625654,0.9680604,0.97237086,0.9661343,0.9693624,0.9910124,0.9729349,0.96220344,0.94099116,0.96170294,0.9662201,0.9874295,0.9531994,0.95796216,0.9715846,0.9697374,0.9931318,0.95042026,0.956709,0.9657655,0.9579637,0.96661675,0.9622813,0.9678119,0.9843527,0.97181433,0.9745997,0.9681744,0.9700206,0.96084666,0.9782697,0.9695313,0.9826163,0.9863402,0.95881706,0.9713313,0.9514192,0.966217,0.9772042,0.96216416,1.0134833,0.96302307,0.9742051,0.9711905,0.9712456,0.96503067,0.97500664,0.97848296,0.9709941,0.954701,0.9685226,0.97339207,0.96385443,0.96968615,0.97049016,0.97183806,0.9695999,0.96787703,0.97399545,0.96167576,0.9576315,0.96511006,0.971343,0.98182124,0.9673796,0.97269195,0.9755352,0.95510375,0.95723164,0.95464724,0.954302,0.97570986,0.9684847,0.9666792,0.9690019,0.9679341,0.95722055,0.9654428,0.969766,0.974477,0.9701767,0.9702049,0.9642704,0.9589524,0.97541,0.95880246,0.9545382,0.9618165,0.9837615,0.95925474,0.93874794,0.98142827,0.9759688,0.96246076,0.9739792,0.95448905,0.97671264,0.9664465,0.9699964,0.9727672,0.9705839,0.9497426,0.9762936,0.96177953,0.9563199,0.95515585,0.95002776,0.9689829,0.97739804,0.9761037,0.9706465,0.9691243,0.9497682,0.9784055,0.95769423,0.9812648,0.97302896,0.98277235,0.9625517,0.96023256,0.9624651,0.95709336,0.96861374,0.96737146,0.9688689,0.9463692,0.95613426,0.9455566,0.9756769,0.9698075,0.94929856,0.97486335,0.9813901,0.94486,0.96004504,0.9798797,0.9699063,0.9603298,0.9652811,0.97423023,0.9975517,0.9442391,0.97869116,0.9672011,0.98130274,0.9647068,0.96046793,0.9655988,0.9657325,0.9614754,0.9659838,0.9698529,0.97072875,0.981478,0.9532744,0.9805006,0.9800938,0.9617102,0.97069114,0.96244204,0.9791878,0.9486788,0.980041,0.97947633,0.9761312,0.97627395,0.9626546,0.95937246,0.9541622,0.9738255,0.9644467,0.95171106,0.9561683,0.9728343,0.9500524,0.9681483,0.95271754,0.9618902,0.98581874,0.94977826,0.9411889,0.9630066,0.9538688,0.97377235,0.95059115,0.95827246,0.9518785,0.9634022,0.9379341,0.9602383,0.9590109,0.9551571,0.9657099,0.96056336,0.9924656,0.952279,0.9824391,0.9775151,0.9729334,0.9884626,0.95864457,0.9502705,0.9599568,0.9786496,0.9781818,0.970075,0.961918,0.971659,0.97276276,0.9790578,0.94867516,0.9598462,0.98227656,0.9612599,0.965414,0.94388396,0.9614424,0.95297337,0.97192824,0.9820285,0.98747873,0.9635112,0.9517214,0.9598575,0.9760799,0.96876526,0.944876,0.9703024,0.9701028,0.9577904,0.94252026,0.9621082,0.98077637,0.98895824,0.97081304,0.97731143,0.96990573,0.984211,0.968199,0.9650735,0.98644507,0.97241277,0.9545634,0.97852015,0.96208215,0.9519407,0.9739315,0.9600085,0.9643525,0.9537321,0.95731246,0.9705479,0.97019506,0.9615256,0.98618203,0.96293396,0.9883575,0.9723215,0.9711906,0.96640533,0.9649093,0.95794654,0.9652451,0.97181994,0.95395225,0.9476117,0.97275966,0.96722627,0.96953374,0.94809514,0.9707248,0.94931996,0.9796669,0.96829414,0.9679328,0.973632,0.9719752,0.94716924,0.95809907,0.9788424,0.965044,0.9707095,0.96027046,1.0029988,0.96624655,0.970239,0.9899925,0.974415,0.963758,0.961306,0.9882771,0.96421957,0.98130697,0.9500007,0.9564824,0.9791403,0.9613325,0.95668447,0.9767293,0.9761708,0.972193,0.9674255,0.9818541,0.96375054,0.9681064,0.9586401,0.9770464,0.969366,0.9541618,0.98539543,0.97054964,0.9871503,0.97140354,0.962935,0.9657932,0.9501006,0.9752036,0.95783734,0.97356915,0.9626899,0.9608574,0.9492382,0.95992076,0.95170844,0.9644515,0.9535902,0.94727355,0.9436084,0.95684534,0.9639265,0.96957594,0.9806292,0.9823321,0.9653664,0.9700281,0.9516321,0.97969985,0.9384718,0.99064654,0.9789014,0.9452598,0.94757503,0.9717418,0.97933805,0.96267664,0.9590848,0.9596535,0.9716953,0.97661567,0.98181516,0.9570614,0.9737674,0.97071075,0.95957106,0.97355473,0.95092505,0.9683132,0.9741803,0.97167563,0.97044337,0.98192966,0.98485744,0.97657675,0.95917124,0.9561985,0.9671488,0.9881938,0.9648744,0.98500377,0.97428805,0.9500561,0.9639459,0.97798276,0.9662378,0.96376616,0.95729923,0.9605269,0.970985,0.9630447,0.9771546,0.98352987,0.9654339,0.9725709,0.9656998,0.9606614,0.98145163,0.9587492,0.97631484,0.95061517,0.964166,0.95950645,0.9697801,0.97179794,0.95912564,0.9484252,0.95237225,0.94444996,0.9752235,0.97023815,0.9517141,0.9606063,0.9466475,0.9613875,0.9622992,0.9687721,0.96562576,0.9704272,0.9811094,0.95917755,0.9758238,0.9657665,0.9685641,0.9578316,0.9690946,0.96472645,0.95806617,0.97116226,0.9607629,0.95698637,0.96533203,0.9733236,0.9626548,0.9685068,0.95068985,0.96356523,0.9574839,0.9724728,0.97313637,0.97215146,0.9623221,0.9632184,0.9702574,0.95494586,0.9486457,0.95110506,0.9400544,0.96039927,0.99332577,0.96520615,0.9730017,0.9599287,0.97812974,0.9800456,0.9777295,0.9660666,0.9729711,0.9679621,0.96130776,0.9624117,0.9761689,0.972237,0.95536697,0.94401574,0.96118295,0.9537081,0.9455098,0.96548593,0.9544401,0.9790358,0.9693225,0.9462846,0.96715873,0.9765605,0.9595961,0.97609377,0.9522879,0.9897915,0.97567683,0.9767733,0.94237137,0.9667488,0.97390103,0.96856815,0.96749574,0.971683,0.95360684,0.952936,0.9435458,0.99056953,0.9652352,0.96658075,0.9522153,0.9615187,0.9785923,0.9802493,0.97984856,0.9652122,0.96846265,0.9664485,0.96366054,0.9907732,0.94890034,0.95283866,0.98427325,0.970554,0.9544308,0.9685784,0.966819,0.9630265,0.9651844,0.9632839,0.9674524,0.96245134,0.9757765,0.97766846,0.9552408,0.9665171,0.96253425,0.98830044,0.96066654,0.9661259,0.9593519,0.9803995,0.97012013,0.95741105,0.9600302,0.96700186,0.97199506,0.9607615,0.95088005,0.93898726,0.9604649,0.9794103,0.98810494,0.97794235,0.9876196,0.97170323,0.9712766,0.9706899,0.9812493,0.95992225,0.983066,0.9506331,0.9600688,0.9549165,0.9793186,0.9730357,0.94669235,0.96748483,0.96239877,0.9765085,0.97263354,0.97038263,0.97150075,0.96095365,0.9766207,0.96441567,0.9876566,0.94942164,0.9823684,0.96490055,0.9467779,0.96748346,0.9620482,0.96826345,0.96091366,0.9473622,0.9827019,0.96104586,0.97561973,0.95650584,0.96992487,0.97804064,0.98084265,0.9662727,0.95518994,0.97052133,0.9726405,0.9544331,0.9780859,0.960471,0.9628301,0.971649,0.97140574,0.97203606,0.9565879,1.0007653,0.9694712,0.96805346,0.96639156,0.9701601,0.9596862,0.9744213,0.96396405,0.97624093,0.9571278,0.9738602,0.9668271,0.95027924,0.95428216,0.9752928,0.9715933,0.9436216,0.94573426,0.97201276,0.97146493,0.9574453,0.9867413,0.95931506,0.96699435,0.9502596,0.9740233,0.9751442,0.9654873,0.98497164,0.9745085,0.9833883,0.96805185,0.96315247,0.96903175,0.9698455,0.9958242,0.9526515,0.97087497,0.9755313,0.969855,0.94795984,0.95035094,0.960897,0.96656287,0.94872814,0.9524908,0.9677742,0.95922047,0.99828213,0.96509045,0.94654715,0.97900367,0.95423865,0.9761493,0.96278375,0.98421526,0.9565056,0.98611873,0.95549434,0.97525716,0.9435421,0.9643347,0.97934926,0.9775958,0.97998136,0.97006243,0.9543536,0.96528053,0.9850726,0.96176606,0.9672405,0.9754894,0.9543201,0.97363776,0.9630389,0.95066035,0.95934993,0.9616565,0.94691044,0.9893034,0.9585121,0.95410144,0.9687114,0.9726403,0.95315194,0.98009104,0.9728727,0.97112745,0.95715547,0.9852728,0.97807807,0.9593028,0.969326,0.95975,0.93795204,0.9872563,0.9625715,0.96488816,0.95600826,0.98368585,0.9506702,0.9692527,0.9580126,0.95646286,0.9710475,0.9415642,0.977944,0.9558005,0.94213265,0.96246636,0.96054876,0.9363134,0.9628833,0.98235404,0.96286196,0.97933066,0.9654254,0.95780176,0.95126206,0.985021,0.95132387,0.9621125,0.94964486,0.95269734,0.9562466,0.95748585,0.966444,0.96826345,0.9429415,0.9608078,0.96727085,0.96472853,0.95537305,0.9634925,0.9526652,0.97234476,0.9814841,0.9625195,0.9691412,0.96671474,0.9575683,0.98007286,0.97498924,0.9666673,0.9828511,0.963768,0.95077205,0.98416257,0.9490713,0.95145583,0.9738269,0.9674789,0.9634357,0.980165,0.95540255,0.9698581,0.95354825,0.97743917,0.99657065,0.9485452,0.9718004,0.9749732,0.95620376,0.9686534,0.93729585,0.95650977,0.9563456,0.9679871,0.9602184,0.9749778,0.97993773,0.97626346,0.9456181,0.9492403,0.9670439,0.94537836,0.9438647,0.9724316,0.96477145,0.97532076,0.96708,0.94729614,0.99328625,0.957486,0.9727824,0.950353,0.98379606,0.95754904,0.95422655,0.96095175,0.9644474,0.97937256,0.9622239,0.9671854,0.9640833,0.9659666,0.9677272,0.958702,0.97302467,0.97143143,0.9692335,0.96030635,0.9832687,0.96394575,0.96415544,0.96141326,0.9519819,0.96513844,0.95964015,0.95591766,0.9775563,0.96149194,0.93830395,0.953858,0.96567106,0.9663825,0.94608366,0.94607246,0.9760844,0.96186495,0.9421494,0.9509982,0.95137113,0.97898674,0.96464837,0.97680366,0.99312204,0.9520241,0.9514741,0.9752887,0.96448284,0.97514033,0.9572293,0.9716456,0.98227286,0.95849,0.97498393,0.9786487,0.966275,0.9902657,0.94876385,0.9802026,0.9620885,0.9743409,0.9699961,0.94470936,0.9553118,0.98756474,0.9585454,0.97647095,0.9586791,0.95024455,0.94598067,0.9857029,0.9754174,0.9511604,0.9705226,0.9725269,0.9880354,0.9762653,0.95376617,0.9760273,0.9608739,0.9635681,0.9802423,0.97277015,0.9804744,0.96348923,0.9509835,0.9659766,0.95481074,0.95208645,0.96707344,0.98343086,0.9594575,0.9690062,0.9607466,0.961438,0.97017634,0.96421754,0.96553725,0.9815836,0.95921904,0.94906473,0.9702785,0.9896242,0.9832281,0.95471144,0.9456123,0.97205114,0.9688141,0.9762106,0.94803995,0.94474876,0.967,0.96222806,0.9522105,0.95850295,0.9731611,0.95546687,0.9766927,0.9775326,0.9539083,0.96873784,0.954259,0.9708049,0.9614267,0.9453725,0.9647373,0.9482342,0.9697585,0.96187794
0.0,0.0,0.0,0.0,0.0,0.0,0.0,0.0,0.0,0.0,0.0,0.0,0.0,0.0,0.0,0.0,0.0,0.0,0.0,0.0,0.0,0.0,0.0,0.0,0.0,0.0,0.0,0.0,0.0,0.0,0.0,0.0,0.0,0.0,0.0,0.0,0.0,0.0,0.0,0.0,0.0,0.0,0.0,0.0,0.0,0.0,0.0,0.0,0.0,0.0,0.0,0.0,0.0,0.0,0.0,0.0,0.0,0.0,0.0,0.0,0.0,0.0,0.0,0.0,0.0,0.0,0.0,0.0,0.0,0.0,0.0,0.0,0.0,0.0,0.0,0.0,0.0,0.0,0.0,0.0,0.0,0.0,0.0,0.0,0.0,0.0,0.0,0.0,0.0,0.0,0.0,0.0,0.0,0.0,0.0,0.0,0.0,0.0,0.0,0.0,0.0,0.0,0.0,0.0,0.0,0.0,0.0,0.0,0.0,0.0,0.0,0.0,0.0,0.0,0.0,0.0,0.0,0.0,0.0,0.0,0.0,0.0,0.0,0.0,0.0,0.0,0.0,0.0,0.0,0.0,0.0,0.0,0.0,0.0,0.0,0.0,0.0,0.0,0.0,0.0,0.0,0.0,0.0,0.0,0.0,0.0,0.0,0.0,0.0,0.0,0.0,0.0,0.0,0.0,0.0,0.0,0.0,0.0,0.0,0.0,0.0,0.0,0.0,0.0,0.0,0.0,0.0,0.0,0.0,0.0,0.0,0.0,0.0,0.0,0.0,0.0,0.0,0.0,0.0,0.0,0.0,0.0,0.0,0.0,0.0,0.0,0.0,0.0,0.0,0.0,0.0,0.0,0.0,0.0,0.0,0.0,0.0,0.0,0.0,0.0,0.0,0.0,0.0,0.0,0.0,0.0,0.0,0.0,0.0,0.0,0.0,0.0,0.0,0.0,0.0,0.0,0.0,0.0,0.0,0.0,0.0,0.0,0.0,0.0,0.0,0.0,0.0,0.0,0.0,0.0,0.0,0.0,0.0,0.0,0.0,0.0,0.0,0.0,0.0,0.0,0.0,0.0,0.0,0.0,0.0,0.0,0.0,0.0,0.0,0.0,0.0,0.0,0.0,0.0,0.0,0.0,0.0,0.0,0.0,0.0,0.0,0.0,0.0,0.0,0.0,0.0,0.0,0.0,0.0,0.0,0.0,0.0,0.0,0.0,0.0,0.0,0.0,0.0,0.0,0.0,0.0,0.0,0.0,0.0,0.0,0.0,0.0,0.0,0.0,0.0,0.0,0.0,0.0,0.0,0.0,0.0,0.0,0.0,0.0,0.0,0.0,0.0,0.0,0.0,0.0,0.0,0.0,0.0,0.0,0.0,0.0,0.0,0.0,0.0,0.0,0.0,0.0,0.0,0.0,0.0,0.0,0.0,0.0,0.0,0.0,0.0,0.0,0.0,0.0,0.0,0.0,0.0,0.0,0.0,0.0,0.0,0.0,0.0,0.0,0.0,0.0,0.0,0.0,0.0,0.0,0.0,0.0,0.0,0.0,0.0,0.0,0.0,0.0,0.0,0.0,0.0,0.0,0.0,0.0,0.0,0.0,0.0,0.0,0.0,0.0,0.0,0.0,0.0,0.0,0.0,0.0,0.0,0.0,0.0,0.0,0.0,0.0,0.0,0.0,0.0,0.0,0.0,0.0,0.0,0.0,0.0,0.0,0.0,0.0,0.0,0.0,0.0,0.0,0.0,0.0,0.0,0.0,0.0,0.0,0.0,0.0,0.0,0.0,0.0,0.0,0.0,0.0,0.0,0.0,0.0,0.0,0.0,0.0,0.0,0.0,0.0,0.0,0.0,0.0,0.0,0.0,0.0,0.0,0.0,0.0,0.0,0.0,0.0,0.0,0.0,0.0,0.0,0.0,0.0,0.0,0.0,0.0,0.0,0.0,0.0,0.0,0.0,0.0,0.0,0.0,0.0,0.0,0.0,0.0,0.0,0.0,0.0,0.0,0.0,0.0,0.0,0.0,0.0,0.0,0.0,0.0,0.0,0.0,0.0,0.0,0.0,0.0,0.0,0.0,0.0,0.0,0.0,0.0,0.0,0.0,0.0,0.0,0.0,0.0,0.0,0.0,0.0,0.0,0.0,0.0,0.0,0.0,0.0,0.0,0.0,0.0,0.0,0.0,0.0,0.0,0.0,0.0,0.0,0.0,0.0,0.0,0.0,0.0,0.0,0.0,0.0,0.0,0.0,0.0,0.0,0.0,0.0,0.0,0.0,0.0,0.0,0.0,0.0,0.0,0.0,0.0,0.0,0.0,0.0,0.0,0.0,0.0,0.0,0.0,0.0,0.0,0.0,0.0,0.0,0.0,0.0,0.0,0.0,0.0,0.0,0.0,0.0,0.0,0.0,0.0,0.0,0.0,0.0,0.0,0.0,0.0,0.0,0.0,0.0,0.0,0.0,0.0,0.0,0.0,0.0,0.0,0.0,0.0,0.0,0.0,0.0,0.0,0.0,0.0,0.0,0.0,0.0,0.0,0.0,0.0,0.0,0.0,0.0,0.0,0.0,0.0,0.0,0.0,0.0,0.0,0.0,0.0,0.0,0.0,0.0,0.0,0.0,0.0,0.0,0.0,0.0,0.0,0.0,0.0,0.0,0.0,0.0,0.0,0.0,0.0,0.0,0.0,0.0,0.0,0.0,0.0,0.0,0.0,0.0,0.0,0.0,0.0,0.0,0.0,0.0,0.0,0.0,0.0,0.0,0.0,0.0,0.0,0.0,0.0,0.0,0.0,0.0,0.0,0.0,0.0,0.0,0.0,0.0,0.0,0.0,0.0,0.0,0.0,0.0,0.0,0.0,0.0,0.0,0.0,0.0,0.0,0.0,0.0,0.0,0.0,0.0,0.0,0.0,0.0,0.0,0.0,0.0,0.0,0.0,0.0,0.0,0.0,0.0,0.0,0.0,0.0,0.0,0.0,0.0,0.0,0.0,0.0,0.0,0.0,0.0,0.0,0.0,0.0,0.0,0.0,0.0,0.0,0.0,0.0,0.0,0.0,0.0,0.0,0.0,0.0,0.0,0.0,0.0,0.0,0.0,0.0,0.0,0.0,0.0,0.0,0.0,0.0,0.0,0.0,0.0,0.0,0.0,0.0,0.0,0.0,0.0,0.0,0.0,0.0,0.0,0.0,0.0,0.0,0.0,0.0,0.0,0.0,0.0,0.0,0.0,0.0,0.0,0.0,0.0,0.0,0.0,0.0,0.0,0.0,0.0,0.0,0.0,0.0,0.0,0.0,0.0,0.0,0.0,0.0,0.0,0.0,0.0,0.0,0.0,0.0,0.0,0.0,0.0,0.0,0.0,0.0,0.0,0.0,0.0,0.0,0.0,0.0,0.0,0.0,0.0,0.0,0.0,0.0,0.0,0.0,0.0,0.0,0.0,0.0,0.0,0.0,0.0,0.0,0.0,0.0,0.0,0.0,0.0,0.0,0.0,0.0,0.0,0.0,0.0,0.0,0.0,0.0,0.0,0.0,0.0,0.0,0.0,0.0,0.0,0.0,0.0,0.0,0.0,0.0,0.0,0.0,0.0,0.0,0.0,0.0,0.0,0.0,0.0,0.0,0.0,0.0,0.0,0.0,0.0,0.0,0.0,0.0,0.0,0.0,0.0,0.0,0.0,0.0,0.0,0.0,0.0,0.0,0.0,0.0,0.0,0.0,0.0,0.0,0.0,0.0,0.0,0.0,0.0,0.0,0.0,0.0,0.0,0.0,0.0,0.0,0.0,0.0,0.0,0.0,0.0,0.0,0.0,0.0,0.0,0.0,0.0,0.0,0.0,0.0,0.0,0.0,0.0,0.0,0.0,0.0,0.0,0.0,0.0,0.0,0.0,0.0,0.0,0.0,0.0,0.0,0.0,0.0,0.0,0.0,0.0,0.0,0.0,0.0,0.0,0.0,0.0,0.0,0.0,0.0,0.0,0.0,0.0,0.0,0.0,0.0,0.0,0.0,0.0,0.0,0.0,0.0,0.0,0.0,0.0,0.0,0.0,0.0,0.0,0.0,0.0,0.0,0.0,0.0,0.0,0.0,0.0,0.0,0.0,0.0,0.0,0.0,0.0,0.0,0.0,0.0,0.0,0.0,0.0,0.0,0.0,0.0,0.0,0.0,0.0,0.0,0.0,0.0,0.0,0.0,0.0,0.0,0.0,0.0,0.0,0.0,0.0,0.0,0.0,0.0,0.0,0.0,0.0,0.0,0.0,0.0,0.0,0.0,0.0,0.0,0.0,0.0,0.0,0.0,0.0,0.0,0.0,0.0,0.0,0.0,0.0,0.0,0.0,0.0,0.0,0.0,0.0,0.0,0.0,0.0,0.0,0.0,0.0,0.0,0.0,0.0,0.0,0.0,0.0,0.0,0.0
1.3082782,1.2921269,1.310967,1.2890779,1.2866858,1.3020604,1.2946723,1.2843791,1.2882059,1.2863704,1.2848696,1.2871464,1.3010876,1.2965395,1.2888893,1.2797567,1.302103,1.2978369,1.2824861,1.2875654,1.2823323,1.3051155,1.3093251,1.288955,1.3067224,1.3011554,1.3017768,1.2759389,1.2899138,1.2834992,1.290426,1.2784525,1.3223401,1.3251482,1.3006788,1.3005267,1.2770233,1.3147464,1.2972195,1.3024362,1.304232,1.2968916,1.3064675,1.2920989,1.2943625,1.297352,1.2879169,1.2953589,1.2949277,1.2923181,1.3017431,1.3166317,1.3070555,1.3016936,1.3005129,1.2948784,1.2961452,1.2878184,1.3017808,1.2853903,1.3018565,1.2972863,1.3094854,1.2822977,1.3048742,1.2993643,1.2868898,1.3000499,1.3014684,1.2842708,1.2851633,1.3092681,1.2830542,1.3037292,1.2942986,1.282862,1.2960994,1.2993014,1.2897834,1.3003418,1.3162596,1.3005983,1.3051672,1.2841125,1.3014891,1.2888882,1.2825605,1.2996284,1.292629,1.3015583,1.3031796,1.2839013,1.3138433,1.2857056,1.311533,1.3021812,1.3047129,1.2916578,1.2741624,1.2934045,1.301351,1.2864888,1.2826331,1.2993245,1.3108246,1.2787726,1.3187265,1.2969877,1.2907604,1.2970444,1.3029497,1.2729397,1.3009324,1.3223135,1.2854463,1.29854,1.3001372,1.3034402,1.2922283,1.2825545,1.2855015,1.3028641,1.3009129,1.3167259,1.3044586,1.2756706,1.2857115,1.309479,1.3116853,1.2941072,1.304924,1.2869126,1.2910264,1.2945642,1.299623,1.3137745,1.3018107,1.2988552,1.2983946,1.291092,1.3056496,1.2900108,1.3041111,1.2966127,1.2994651,1.3219153,1.2960647,1.3009118,1.2904546,1.2985724,1.308363,1.2841179,1.3495301,1.288819,1.301061,1.3019848,1.2885067,1.3010304,1.3232003,1.2923473,1.2963161,1.2966955,1.2958237,1.2950138,1.2899472,1.3064071,1.2917943,1.2992274,1.30108,1.292514,1.3151884,1.2846808,1.2941285,1.2881892,1.3121184,1.3164171,1.3051765,1.2979342,1.3021599,1.2752928,1.2968894,1.2855736,1.2770758,1.2929448,1.299462,1.2972405,1.2898785,1.2996901,1.2940935,1.2982162,1.3040962,1.2866224,1.315097,1.3054682,1.2927246,1.2897749,1.2917786,1.2994381,1.2981157,1.3158878,1.3020232,1.2879171,1.2937415,1.2970608,1.3040229,1.2853496,1.3015907,1.2941337,1.289389,1.2858702,1.303241,1.2777421,1.3062844,1.2910968,1.3029362,1.3026842,1.2823814,1.3039144,1.2676018,1.3008131,1.2978054,1.3112948,1.2801288,1.2934016,1.2981398,1.3038006,1.2817574,1.3079017,1.2895823,1.3073099,1.297571,1.3099755,1.2924392,1.2837597,1.2816243,1.267554,1.2983475,1.2892921,1.2812183,1.2735404,1.3112764,1.2924774,1.2969755,1.3030151,1.3168322,1.3127253,1.279338,1.309728,1.2952862,1.297751,1.3136941,1.2948895,1.3218088,1.2727953,1.3098133,1.3056988,1.2823172,1.2920144,1.2926657,1.3075284,1.2884657,1.3022845,1.2958312,1.3082005,1.314296,1.3089763,1.2982157,1.2901112,1.315454,1.3032421,1.2960724,1.2976267,1.3042657,1.2667681,1.310614,1.3170937,1.289474,1.2920345,1.3009671,1.2961093,1.2910911,1.3084207,1.2865505,1.287315,1.2721916,1.2983912,1.2856683,1.2916745,1.2762003,1.3044432,1.3131384,1.2924925,1.2738982,1.2881567,1.2914644,1.2953489,1.2717596,1.2944515,1.2983421,1.2961168,1.2799801,1.3019376,1.2989242,1.2942029,1.2898479,1.3044208,1.3036884,1.2928303,1.3215467,1.3005608,1.3033848,1.3128377,1.3004123,1.2897954,1.3138427,1.2930663,1.3174839,1.2890663,1.2860798,1.297598,1.279697,1.2993464,1.2720877,1.2875172,1.2966485,1.2839289,1.2976382,1.2877451,1.2828598,1.2924942,1.2892274,1.3007787,1.3146316,1.3078866,1.3057731,1.3080875,1.2960019,1.2971437,1.2927692,1.3098688,1.3057942,1.300595,1.2765337,1.288406,1.3028636,1.3009571,1.2982646,1.2898078,1.3005495,1.3173184,1.3083346,1.2973514,1.3106877,1.2951455,1.286301,1.3069963,1.2906046,1.292181,1.308113,1.2863661,1.3213208,1.3060837,1.2908499,1.3086445,1.3077785,1.2971103,1.3047189,1.3013213,1.3108637,1.3029991,1.2980275,1.3029428,1.3011218,1.3128395,1.3059423,1.2997673,1.3065884,1.2892894,1.2876323,1.2883728,1.30258,1.2595112,1.2917404,1.2908987,1.3184252,1.3035055,1.307853,1.2982869,1.2860118,1.3040875,1.2914268,1.3016213,1.2898616,1.3067266,1.2858381,1.3048333,1.2932017,1.2995853,1.3147426,1.298474,1.2971519,1.265178,1.3098146,1.2948192,1.3073199,1.279804,1.302481,1.3013042,1.2947047,1.292132,1.3096623,1.295819,1.3019043,1.2985208,1.305115,1.287003,1.3082151,1.3162639,1.3078225,1.2975831,1.296975,1.3071254,1.295472,1.3130596,1.3114973,1.2897387,1.3056262,1.2834828,1.3035494,1.2953818,1.2867023,1.3051424,1.2944406,1.2995129,1.2873616,1.2894497,1.300683,1.2806208,1.3027238,1.2912973,1.2995877,1.3121188,1.2915761,1.2938579,1.3232907,1.2918463,1.3030976,1.2988589,1.3112242,1.28091,1.3117356,1.2982875,1.2722332,1.3001522,1.2948844,1.3024192,1.3061258,1.2827901,1.2927046,1.3067551,1.30285,1.3132083,1.2974834,1.2922366,1.3062291,1.3019248,1.300822,1.2834975,1.2881761,1.290715,1.2947443,1.2944791,1.2930332,1.3106569,1.2981708,1.3011456,1.2953537,1.3115356,1.3120953,1.3074725,1.3107051,1.3040618,1.2791669,1.2953798,1.3026217,1.2954552,1.3029288,1.2902143,1.303895,1.3064358,1.3076668,1.2991872,1.3137196,1.3004837,1.3000187,1.310589,1.2902058,1.321893,1.2741579,1.2892549,1.2937976,1.2952094,1.2887238,1.2994889,1.2946676,1.2930515,1.2876737,1.2934475,1.2729688,1.3111457,1.2944834,1.2737281,1.294775,1.2714367,1.2737935,1.2865953,1.3212965,1.3070782,1.304901,1.3137472,1.2794657,1.317026,1.2977071,1.3192229,1.2933455,1.3167855,1.3022689,1.2847645,1.2795966,1.3136433,1.292948,1.2989107,1.3115107,1.2832435,1.3100158,1.2942779,1.2990865,1.2842221,1.2921598,1.3066393,1.2952658,1.2779204,1.3102624,1.2977617,1.2913421,1.2752298,1.2749316,1.2888153,1.2826016,1.3067576,1.3009211,1.3125968,1.2828504,1.2955524,1.3185633,1.3003181,1.2905917,1.3165632,1.2871426,1.2970101,1.2866933,1.2938426,1.3031584,1.2852814,1.284865,1.292494,1.2815932,1.2836466,1.3180435,1.2719986,1.2900872,1.3027394,1.2940174,1.2981621,1.2936504,1.2874818,1.2952106,1.2735983,1.3039391,1.2908423,1.304129,1.2724231,1.2857535,1.3087918,1.3041509,1.2955568,1.3066307,1.2923306,1.2812102,1.289662,1.3023612,1.2957172,1.2874602,1.3013738,1.2968736,1.3029472,1.307029,1.3112643,1.2912766,1.3041654,1.3227388,1.2940531,1.3204076,1.2876222,1.2708524,1.3082156,1.2812009,1.29894,1.2937598,1.3149252,1.2936875,1.2803856,1.2872578,1.2822089,1.2981533,1.288778,1.2944682,1.2920817,1.289899,1.2983906,1.3076581,1.2943177,1.2903935,1.2955278,1.2951138,1.3035339,1.2914734,1.2867177,1.3147192,1.2974813,1.2827352,1.2880619,1.2975157,1.2941062,1.3038118,1.314688,1.2971008,1.2969483,1.3049157,1.2946593,1.2984746,1.3070977,1.2884916,1.2977543,1.3022575,1.2960802,1.2619431,1.308492,1.3157003,1.3088298,1.3104949,1.317935,1.3190042,1.296085,1.2929587,1.2834111,1.2876762,1.3076093,1.2949028,1.3133742,1.2973186,1.3002645,1.2855277,1.290532,1.3124968,1.3018042,1.297868,1.3000797,1.2746686,1.3140535,1.2798775,1.3106029,1.2939887,1.3031585,1.2888727,1.3052294,1.300896,1.2945786,1.294603,1.2918595,1.276348,1.2902193,1.2912985,1.3091158,1.3074707,1.2993389,1.287275,1.2799817,1.3081124,1.2975104,1.2741985,1.2746522,1.3030996,1.2936674,1.3009263,1.3099351,1.2929537,1.2879303,1.3009889,1.2992952,1.2950289,1.2822618,1.2905093,1.2966487,1.2807049,1.2903371,1.2892128,1.2937372,1.281452,1.3007979,1.2954105,1.2999588,1.2929685,1.2953545,1.3024629,1.2958026,1.3124586,1.2983851,1.3121372,1.292006,1.2933679,1.2946903,1.2838303,1.3178853,1.2838227,1.3000466,1.3113137,1.301812,1.282353,1.2836267,1.2961589,1.287155,1.2935582,1.2845491,1.2985163,1.2859292,1.3187358,1.287107,1.2922895,1.3163928,1.3031253,1.3130175,1.2950329,1.3119715,1.2918411,1.3114042,1.2949873,1.3027484,1.2852608,1.2951945,1.3147478,1.3092043,1.3128005,1.2792346,1.2853901,1.2936293,1.3318688,1.3006735,1.3011125,1.2867831,1.2950468,1.2965109,1.3139712,1.2814223,1.2836245,1.3026023,1.3046417,1.3052021,1.3052891,1.2840623,1.289079,1.3021797,1.286247,1.3032469,1.2843469,1.3046231,1.2871821,1.3133144,1.3052626,1.2808906,1.2991434,1.290543,1.2880282,1.3251297,1.2830377,1.2957475,1.2860569,1.3010182,1.2782437,1.3039234,1.3056962,1.2904036,1.3153218,1.2703527,1.2997016,1.3077085,1.2910087,1.2983735,1.29207,1.2796249,1.2850124,1.3168799,1.3026513,1.303482,1.2793256,1.3059297,1.2843244,1.3041785,1.3015853,1.3113503,1.2897466,1.294564,1.2874658,1.2881006,1.2885791,1.2977458,1.2985511,1.3063718,1.2974861,1.2873092,1.2909958,1.2986051,1.2876812,1.3017014,1.2917601,1.2909715,1.3107843,1.3081052,1.2849132,1.2960982,1.3092225,1.2998564,1.3032991,1.2933027,1.2752523,1.300166,1.2854059,1.305319,1.3095248,1.296347,1.2833524,1.3062313,1.3061117,1.2970561,1.2977982,1.3118653,1.3126504,1.2939066,1.3024584,1.303816,1.2992158,1.3083081,1.2870841,1.2896469,1.2936611,1.277156,1.296942,1.313604,1.3103036,1.3113147,1.2998885,1.2770934,1.2995698,1.2634525,1.2931824,1.2994713,1.2920834,1.3043102,1.2964803,1.2821952,1.3052964,1.2899874,1.313921,1.2878615,1.310719,1.2951467,1.2844645,1.2894778,1.3086344,1.3134891,1.2940078,1.2930757,1.2954926,1.3001329,1.283361,1.292302,1.2778922,1.3052051,1.3016459,1.2966473,1.3125377,1.3001609,1.301224,1.2948781,1.2819232,1.3004332,1.3038628,1.2931721,1.2962545,1.2961462,1.288525,1.3020308,1.2874527,1.2934781,1.2866879,1.2692105,1.2972829,1.2989953,1.2907983,1.2840772,1.3006446,1.309377,1.3011283,1.2950574,1.3042262,1.3049355,1.284734,1.3031907,1.3067061,1.2994654,1.2934501,1.3031416,1.3139893,1.2879947,1.3014503,1.2862092,1.297962,1.3165427,1.282478,1.288556,1.3072037,1.3073598,1.2886357,1.2755331,1.2961313,1.2935601,1.2987999,1.2912363,1.2826761,1.2946247,1.272164,1.3046217,1.3038359,1.2919887,1.3035054,1.3004651,1.3055638,1.3110213,1.2980313,1.310737,1.2975456,1.294859,1.3097374,1.2965761,1.2915874,1.285905,1.2818449,1.2917252,1.289513,1.2821871,1.2864118,1.3005518,1.2982918,1.2928438,1.2831892,1.2832562,1.2878146,1.3209522,1.3070993,1.3189836,1.2983743,1.2877498,1.3060429,1.3142622,1.3069224,1.2862993,1.2732828,1.2919248,1.2909077,1.3038117,1.2899634,1.2848686,1.3094834,1.3041334,1.30164,1.2996588,1.3140936,1.2983965,1.3073181,1.30901,1.2953798,1.3030411,1.2764313,1.2846061,1.2861214,1.2820845,1.3033271,1.2790846,1.3079219,1.3003199
1.2913269,1.2956299,1.2986745,1.2833933,1.3048565,1.2858089,1.2938534,1.287385,1.2787001,1.283347,1.2842023,1.2943585,1.3117169,1.2855573,1.2880789,1.3036413,1.2942389,1.2858385,1.3014973,1.2890463,1.2894381,1.2979443,1.3006605,1.2833388,1.3014299,1.2969099,1.3056332,1.278147,1.297772,1.3065093,1.3053348,1.2949252,1.3035865,1.3206607,1.2824498,1.3026142,1.2981095,1.2954483,1.3098001,1.289531,1.3066322,1.2743776,1.3068027,1.2959296,1.3003811,1.3016367,1.2944382,1.2995161,1.2955605,1.29653,1.2944541,1.3091321,1.3068502,1.2906764,1.3024154,1.2984959,1.2974654,1.2941214,1.3054173,1.3008895,1.2957611,1.3008586,1.2982119,1.2803596,1.3095912,1.3002871,1.3112096,1.2955993,1.3140955,1.2973884,1.2756914,1.2991915,1.2785189,1.292939,1.2981421,1.2866441,1.2896702,1.3053032,1.2917345,1.3089468,1.3092746,1.2929839,1.2891842,1.2952375,1.3073786,1.29288,1.2966187,1.3038826,1.2964264,1.3070228,1.3045363,1.2931867,1.3003734,1.2935954,1.2964028,1.3148844,1.2982279,1.2917243,1.2893625,1.2978452,1.2999474,1.3038347,1.3059402,1.3089083,1.3026701,1.2884265,1.309959,1.3072464,1.2950245,1.2962799,1.3011633,1.2721184,1.3062162,1.3025794,1.2948868,1.2918833,1.3028616,1.3085924,1.3128233,1.2970827,1.3019451,1.3064553,1.3110126,1.2993311,1.305764,1.2924536,1.3011193,1.3092008,1.3050334,1.2913378,1.2966853,1.2943738,1.2832311,1.3091264,1.2990397,1.3157393,1.3063613,1.2921425,1.2958455,1.291354,1.3024229,1.3003299,1.302594,1.2798651,1.3110251,1.2898245,1.3113648,1.2961034,1.2887702,1.3076848,1.3179964,1.3082196,1.3302094,1.2804296,1.2919425,1.3007865,1.2866578,1.3027589,1.2885662,1.3030882,1.2941059,1.3142813,1.301308,1.3027858,1.27562,1.2968653,1.2945291,1.3037767,1.3046772,1.2964683,1.3106326,1.2829508,1.2945498,1.287139,1.3085443,1.3075739,1.300789,1.298589,1.3094727,1.2787697,1.3118325,1.2850455,1.3111578,1.3098516,1.2957423,1.2982876,1.2960067,1.3045914,1.2784067,1.3065207,1.3099303,1.2925392,1.2909144,1.2909681,1.2740295,1.2836938,1.2791967,1.3077862,1.2771847,1.2969851,1.3044544,1.3009536,1.3011477,1.2977463,1.305242,1.2892187,1.3002235,1.2911979,1.2966272,1.3146363,1.309667,1.2875028,1.3182096,1.2629162,1.2896208,1.2914636,1.278275,1.3082348,1.2928996,1.3006297,1.304754,1.3144058,1.2941775,1.3074409,1.2815008,1.2965319,1.2781997,1.3003924,1.2865964,1.3029218,1.3134356,1.30708,1.2846649,1.2996908,1.3052975,1.2942979,1.3164232,1.2854464,1.2878335,1.2910776,1.3179495,1.2986774,1.288684,1.2894216,1.3154963,1.3181368,1.2915045,1.3013284,1.2871292,1.2972956,1.3082098,1.3081822,1.3288518,1.2694238,1.3012841,1.2960045,1.2971385,1.2982217,1.2944475,1.3167083,1.3088104,1.2778385,1.3093804,1.3052131,1.3064724,1.2931964,1.298184,1.2928132,1.3131757,1.2948668,1.2983232,1.2881796,1.3059709,1.2903132,1.2967271,1.2971337,1.3067203,1.3069135,1.2915372,1.2936965,1.286661,1.2868372,1.285708,1.2911223,1.268068,1.3086385,1.2795837,1.2771512,1.303846,1.302646,1.2972457,1.305496,1.2868705,1.2948037,1.2952583,1.2993201,1.2706045,1.298665,1.2978404,1.301971,1.2889065,1.2913197,1.2925898,1.3007675,1.3065972,1.2992165,1.3097451,1.2925646,1.3243401,1.292273,1.279602,1.3106899,1.2854489,1.2911036,1.3243059,1.2927674,1.3139007,1.3032392,1.3027186,1.2793819,1.2805314,1.3110645,1.2695731,1.3056731,1.3101546,1.2963351,1.291863,1.3037857,1.2885556,1.2879742,1.3032018,1.2790713,1.3063252,1.3192673,1.2993767,1.296345,1.2946554,1.2974464,1.2856021,1.3022158,1.2897773,1.3055973,1.282684,1.2947587,1.2989035,1.3015418,1.287525,1.301011,1.3016529,1.3090035,1.2959601,1.2885565,1.3269933,1.2965446,1.3012733,1.317124,1.2953744,1.285538,1.29573,1.2861872,1.305145,1.2994715,1.2982013,1.3094167,1.3025349,1.3048916,1.2958287,1.2937015,1.3203536,1.2964236,1.3179888,1.3022077,1.2872573,1.306412,1.298392,1.298977,1.2980397,1.2960556,1.3118243,1.293797,1.3120126,1.2686113,1.2953238,1.298282,1.3175383,1.3332489,1.3031175,1.3138072,1.3057252,1.2988719,1.3078529,1.2974555,1.2814988,1.3026663,1.2828102,1.3233838,1.2912521,1.3056003,1.3219354,1.3000015,1.2900139,1.2949291,1.302191,1.2917304,1.2968531,1.2885469,1.3130467,1.3150301,1.2974269,1.2968903,1.2935604,1.2839104,1.3075507,1.3064984,1.3005414,1.2875457,1.3011992,1.3161894,1.2999749,1.3063862,1.2983702,1.3036137,1.2814372,1.2994051,1.2923708,1.2874177,1.3109286,1.284514,1.3167354,1.2948613,1.2884499,1.304428,1.308891,1.2951293,1.2905263,1.2984955,1.3037447,1.2982875,1.2953404,1.2797868,1.2840309,1.2772005,1.2939837,1.2887189,1.3027455,1.3015317,1.2902689,1.2668464,1.3234724,1.286766,1.3005884,1.2969418,1.2922561,1.3147743,1.2969753,1.3157065,1.3074961,1.2902265,1.2771758,1.3044559,1.2908652,1.2998483,1.3046546,1.3126959,1.2984359,1.3033125,1.2788267,1.2872277,1.290117,1.2891434,1.2763145,1.2896464,1.3076584,1.3009056,1.3049651,1.3059716,1.3019584,1.2925919,1.3237991,1.2990928,1.2966458,1.297822,1.2667719,1.2931236,1.2830806,1.3120869,1.2979033,1.3011873,1.3054667,1.3076583,1.2904671,1.2983335,1.298376,1.2939558,1.3001099,1.3018631,1.2845877,1.3001995,1.2797148,1.2970612,1.3010923,1.3145394,1.2888017,1.2843051,1.3026401,1.3016193,1.2752398,1.280152,1.2899883,1.3156216,1.2988372,1.2893727,1.2973044,1.2693462,1.2653139,1.3019438,1.301017,1.308233,1.3016144,1.3078622,1.2916081,1.309493,1.3027616,1.3059098,1.302043,1.3130395,1.29379,1.2938379,1.288343,1.312936,1.2934649,1.3070674,1.3069257,1.2920349,1.3149093,1.2834162,1.2903082,1.2935876,1.3103622,1.3040447,1.2969731,1.270242,1.2953573,1.3043177,1.2921784,1.2898636,1.2638922,1.2955813,1.2892298,1.3040061,1.305017,1.3104618,1.2768289,1.279597,1.3099184,1.3019631,1.2804159,1.2942598,1.2866884,1.288354,1.2890944,1.3067685,1.2786088,1.3003479,1.2877243,1.2974709,1.2781696,1.2947916,1.2969966,1.299076,1.3054392,1.3065611,1.3134959,1.3184832,1.279803,1.2889854,1.2857538,1.278205,1.2821586,1.277552,1.2966313,1.2843696,1.2946476,1.295598,1.290207,1.3072563,1.2932253,1.29378,1.3014827,1.2834766,1.3080451,1.2925318,1.300592,1.283136,1.3034115,1.2896166,1.2924595,1.2989563,1.3056397,1.307482,1.2949165,1.3155497,1.3120915,1.2850275,1.2815017,1.3184662,1.2733485,1.3075247,1.2893938,1.3049768,1.2838814,1.287982,1.3131113,1.2821462,1.3094751,1.2926422,1.3070501,1.2836024,1.2993237,1.2870255,1.3165324,1.2889724,1.2998468,1.297109,1.2978036,1.3116239,1.2982488,1.2893274,1.3012651,1.3004422,1.2906647,1.3172698,1.2912753,1.286018,1.3005702,1.3058219,1.2956403,1.3184259,1.2946495,1.2975603,1.3132255,1.3210031,1.2821038,1.2990866,1.3012062,1.303467,1.2871407,1.3093395,1.2944001,1.2998735,1.3108422,1.2904013,1.2959846,1.2943034,1.3017008,1.3027086,1.2896093,1.3178986,1.2970315,1.3050604,1.3034298,1.3120289,1.284217,1.2772293,1.3195137,1.3116279,1.3098423,1.2876045,1.2921764,1.3055028,1.2863861,1.309197,1.2837561,1.3008517,1.2857138,1.3073575,1.2811631,1.2855731,1.2856939,1.3027103,1.2724439,1.3073963,1.3159974,1.2858431,1.3147671,1.2977836,1.289209,1.2998345,1.3057523,1.3089118,1.2702645,1.2976494,1.3028084,1.2941937,1.2950754,1.2915072,1.3149036,1.2854601,1.2794198,1.305105,1.2804891,1.2897648,1.2958412,1.310169,1.2864065,1.295534,1.2959744,1.3001466,1.3036668,1.3077017,1.291192,1.3342997,1.3137996,1.2856178,1.2994906,1.2998844,1.3054537,1.2962579,1.3023742,1.2955848,1.2923598,1.2999479,1.3157549,1.3062265,1.2854505,1.2979221,1.3129852,1.2802274,1.2803733,1.2932324,1.2939792,1.3012924,1.2814076,1.2963414,1.3005718,1.2656775,1.297525,1.2972473,1.29821,1.3114158,1.3085117,1.3238493,1.2909476,1.3111309,1.3024195,1.3105649,1.2973466,1.3039215,1.2948371,1.2829366,1.3019818,1.3115672,1.3205423,1.2988409,1.2917473,1.3069329,1.2872044,1.2870115,1.2866814,1.3007808,1.2940923,1.3179135,1.303788,1.2869014,1.2927977,1.2806367,1.3001939,1.3252456,1.3014972,1.3064283,1.292221,1.3008443,1.2995685,1.3054595,1.2852939,1.3080202,1.2866595,1.2904708,1.313989,1.3090445,1.3039677,1.2949879,1.2878461,1.3134471,1.3015745,1.3013742,1.2647196,1.2956712,1.293143,1.3245353,1.311821,1.3143075,1.309415,1.2827203,1.2958642,1.3017766,1.3000323,1.3024479,1.3119901,1.3084385,1.2860703,1.3145396,1.2850243,1.3097339,1.2866403,1.2961586,1.289581,1.3071785,1.31201,1.2922021,1.2901566,1.2975439,1.3113587,1.3112477,1.2827523,1.2918591,1.2919999,1.3152312,1.2795116,1.2937312,1.286856,1.2946821,1.3082817,1.2761853,1.3027498,1.3014251,1.3115766,1.3182477,1.2718709,1.306238,1.2955365,1.3040695,1.2880564,1.2961303,1.2964245,1.312455,1.2911023,1.3041252,1.3006254,1.2807269,1.276642,1.3047748,1.2968811,1.288755,1.2898843,1.297138,1.299281,1.2784979,1.3047389,1.2928594,1.300041,1.296058,1.3037834,1.2953322,1.2919278,1.2957811,1.2933006,1.322141,1.3147787,1.3069264,1.3185234,1.2914302,1.31821,1.2858099,1.2874273,1.2995508,1.289779,1.3042094,1.2763028,1.2840228,1.3010666,1.2813965,1.3163635,1.2883162,1.3077189,1.2915828,1.2927434,1.2925057,1.3120712,1.3142171,1.2790921,1.3001832,1.2910653,1.299533,1.2969581,1.2956643,1.2871275,1.3273982,1.297199,1.3078443,1.3118961,1.2888657,1.3158348,1.3042039,1.2930615,1.293971,1.2869694,1.2888256,1.3039719,1.2735975,1.2907165,1.3018463,1.2983252,1.297949,1.3055892,1.2726094,1.3052051,1.2916949,1.2938831,1.2912655,1.3086572,1.3143137,1.3011707,1.3048229,1.2953372,1.29698,1.2932858,1.2977356,1.3111311,1.2949336,1.29781,1.3180268,1.317166,1.303351,1.2953085,1.2799116,1.2777857,1.309444,1.3158771,1.2996228,1.2924557,1.3195597,1.2955477,1.2814687,1.2779869,1.3100525,1.29388,1.2891078,1.2957848,1.2928759,1.2812899,1.3094782,1.2975647,1.3054472,1.2951218,1.3043144,1.3090639,1.3223698,1.3087653,1.294383,1.2894801,1.2888047,1.3144809,1.2858721,1.3034576,1.2899143,1.2956342,1.3110012,1.2982694,1.2798008,1.2964352,1.2947936,1.3016022,1.3114026,1.2703335,1.2853664,1.3029325,1.3012059,1.2977438,1.3060338,1.2934428,1.2992717,1.2976065,1.3178391,1.2980288,1.2938027,1.2935648,1.2996325,1.3000989,1.2985729,1.2919624,1.3003546,1.315502,1.3110402,1.2870986,1.2872795,1.3062363,1.301254,1.3100257,1.3043895,1.3047266,1.3089019,1.2840382,1.293096,1.3027161,1.3125209,1.3103389,1.2976223,1.3033723,1.2916836
1.3568357,1.3404746,1.3679608,1.35602,1.3569906,1.3509871,1.3638277,1.3585042,1.3415254,1.3463913,1.3640221,1.3596524,1.3580912,1.3666356,1.3628929,1.3557667,1.3706326,1.372189,1.3388108,1.374505,1.3557912,1.3576881,1.3800147,1.3512212,1.3677975,1.3504102,1.3700802,1.3553497,1.3520668,1.347854,1.3566018,1.3592302,1.3649231,1.3771714,1.3452175,1.3650566,1.3749988,1.3708364,1.3584845,1.3547535,1.3670336,1.3781292,1.3733548,1.3619967,1.3711871,1.3544768,1.3637828,1.367742,1.3771551,1.3554226,1.3866292,1.3644118,1.382603,1.3705364,1.3656676,1.3718095,1.3748654,1.3467226,1.3690293,1.3706554,1.3609338,1.3645269,1.3719914,1.357958,1.3628803,1.3889517,1.3601751,1.3758271,1.3607087,1.3490645,1.3777606,1.3680725,1.3583841,1.3600013,1.3697692,1.3516616,1.3664883,1.3403115,1.3740901,1.3690393,1.3790363,1.3777966,1.3685693,1.3617455,1.3626304,1.3670734,1.3503914,1.3698634,1.3570125,1.3682536,1.374591,1.3618721,1.368028,1.3843945,1.377246,1.3630238,1.3724468,1.361353,1.3763379,1.3704488,1.3533267,1.3686733,1.3735545,1.3700743,1.3649579,1.3617535,1.377512,1.3526633,1.3777144,1.3640025,1.3828869,1.3693035,1.3833612,1.35091,1.366377,1.3847563,1.3781748,1.372564,1.3708068,1.3572499,1.3528873,1.3483346,1.3741896,1.3717561,1.3466755,1.3529768,1.3581337,1.3689322,1.3674818,1.3779047,1.3617935,1.382751,1.3532251,1.3681663,1.3706268,1.3591547,1.358966,1.3625742,1.3782988,1.3676066,1.3637127,1.3707178,1.3606846,1.3537927,1.3801657,1.3798457,1.3637539,1.3841014,1.3729751,1.3618488,1.3513031,1.3640211,1.3771167,1.3663238,1.380923,1.3697804,1.3623424,1.3342953,1.375137,1.367332,1.363796,1.3530099,1.3643682,1.3629601,1.3623857,1.356885,1.360019,1.3664571,1.3700505,1.388213,1.3739516,1.3763382,1.3450847,1.3623606,1.361256,1.3726797,1.3498645,1.3598274,1.3589972,1.3524152,1.3532518,1.3589219,1.3739094,1.3679199,1.3740667,1.3634623,1.3645848,1.3603244,1.3574198,1.3732468,1.3630792,1.3577931,1.3718102,1.3708577,1.3608333,1.3628455,1.3589183,1.3694252,1.3624969,1.3584468,1.3819262,1.3755388,1.3591312,1.3751384,1.36875,1.3375798,1.3563569,1.3508061,1.3673027,1.3722837,1.3713174,1.378938,1.3776089,1.365194,1.3612466,1.3620147,1.3460816,1.3521367,1.3553813,1.3500149,1.3722868,1.3642106,1.367798,1.3652711,1.3731425,1.3743554,1.3754724,1.3779205,1.3739203,1.3721037,1.3684244,1.3631953,1.3394432,1.3522514,1.3714908,1.3698039,1.3405341,1.3536552,1.347367,1.3631475,1.373523,1.3667359,1.34528,1.366011,1.3678461,1.378816,1.3569512,1.3666902,1.3658483,1.3808823,1.3647074,1.3740251,1.3612995,1.353201,1.3553848,1.3758397,1.3475226,1.3640261,1.371028,1.3921756,1.34192,1.3479855,1.3623563,1.3720014,1.3762424,1.3600003,1.3677572,1.3679457,1.3858126,1.3592086,1.3626728,1.3841481,1.3656653,1.3455225,1.3790164,1.3647112,1.3677477,1.3781173,1.3510772,1.355432,1.3485578,1.3924755,1.3756994,1.3359398,1.3515284,1.3657019,1.3621764,1.3645353,1.3642055,1.3556161,1.3761739,1.3700086,1.3491423,1.3717018,1.3363215,1.3822392,1.3559024,1.3626668,1.3794309,1.3651226,1.3545371,1.363035,1.3590181,1.3569068,1.3554597,1.3643236,1.3647972,1.3645543,1.3910669,1.3605078,1.3568064,1.3738678,1.366802,1.3585216,1.3588141,1.3801657,1.3872908,1.3653071,1.364267,1.3669893,1.3738118,1.3717982,1.3657206,1.3524368,1.3574089,1.3630762,1.3617404,1.3602386,1.3739724,1.3497714,1.3684493,1.3600446,1.3565688,1.367983,1.3648292,1.3700215,1.3731318,1.3577127,1.3749634,1.3778162,1.3649689,1.3704453,1.34927,1.3645879,1.3681817,1.3714008,1.3756466,1.3681245,1.3754295,1.3879036,1.3678885,1.3631461,1.3618104,1.3678254,1.3570049,1.3850083,1.3693805,1.3697758,1.3680891,1.3573124,1.3675811,1.3501065,1.361123,1.357394,1.3627415,1.3603508,1.3781748,1.3611,1.3716645,1.367243,1.3610036,1.3665085,1.346949,1.3660072,1.3685571,1.3720405,1.3512107,1.370086,1.3708907,1.374616,1.36999,1.3659487,1.3764255,1.3542596,1.361828,1.3761495,1.3827432,1.3769886,1.3792576,1.3573182,1.3609815,1.3776361,1.3532897,1.3658731,1.356766,1.3942349,1.3576316,1.3818047,1.3697402,1.3665382,1.359815,1.3799522,1.3806616,1.3539872,1.3720105,1.3585811,1.352148,1.3788859,1.3648407,1.3527056,1.3700237,1.3606703,1.3899167,1.3775597,1.3676392,1.3544774,1.369147,1.3819315,1.3634481,1.3710252,1.3529991,1.3704945,1.3778114,1.3753105,1.3302487,1.377319,1.3590367,1.3712304,1.3592361,1.3627393,1.3831834,1.3681874,1.3590515,1.3342618,1.3621587,1.3469938,1.3757497,1.3695039,1.3663485,1.3465312,1.355278,1.3766608,1.3635682,1.3629072,1.379891,1.3571128,1.3727385,1.3471226,1.356347,1.351087,1.3796751,1.3700644,1.3506393,1.372205,1.3678606,1.3678437,1.3607163,1.3380939,1.353892,1.3742144,1.3636991,1.3555429,1.3687915,1.3725572,1.3629866,1.3500218,1.36797,1.3492979,1.3629965,1.3556311,1.3592213,1.3560992,1.3694544,1.3619603,1.3603829,1.3703585,1.3507622,1.3656803,1.3737969,1.3695527,1.355418,1.3902272,1.354503,1.3614254,1.3650562,1.3598441,1.3746837,1.3281379,1.3744195,1.3774719,1.3687916,1.3501581,1.3670785,1.3492783,1.3550485,1.3635246,1.3491967,1.3587593,1.3502489,1.3842406,1.3616241,1.3573973,1.3710583,1.3715094,1.3715193,1.3650513,1.3665159,1.3604422,1.3746128,1.3808587,1.3653092,1.3690215,1.3466045,1.3586942,1.358178,1.3657295,1.3567842,1.3731087,1.3701912,1.3724344,1.3655574,1.3826333,1.3595667,1.3591455,1.3684021,1.3611484,1.3607297,1.3526045,1.3751544,1.3800023,1.3540422,1.3677071,1.372564,1.348593,1.3722777,1.3578395,1.3624096,1.3493376,1.367814,1.3765672,1.3623718,1.3614943,1.3624762,1.3636477,1.3512068,1.3483219,1.3566297,1.3418972,1.3548784,1.359031,1.3917567,1.3819083,1.3599197,1.377766,1.3735147,1.3711473,1.3749937,1.3859771,1.3703538,1.3692364,1.3631088,1.3506194,1.3692815,1.3688138,1.3567517,1.3677186,1.3447338,1.3638736,1.3690994,1.3418936,1.3743744,1.3684299,1.352543,1.3744522,1.373898,1.3494937,1.3642048,1.3698708,1.3794426,1.37595,1.3696558,1.3610287,1.3511376,1.3547533,1.365982,1.3544927,1.3797221,1.3519704,1.3687207,1.3497769,1.3662745,1.3603514,1.3722383,1.3580998,1.3684757,1.3638754,1.3564672,1.3639896,1.3521968,1.3836136,1.3734514,1.3676572,1.3807434,1.3539782,1.3524895,1.3948857,1.3546478,1.3445777,1.3539802,1.3515533,1.3682485,1.3632586,1.3725772,1.3618698,1.365615,1.365002,1.3537815,1.3631625,1.3619155,1.3629532,1.3630888,1.3729032,1.3761411,1.3506016,1.3648851,1.3723316,1.3523178,1.356318,1.3832527,1.344779,1.3717337,1.3665625,1.3728786,1.3648827,1.3557186,1.3694351,1.3733763,1.3802124,1.3622738,1.3636843,1.3731214,1.3708365,1.3638194,1.3667445,1.3656573,1.3620461,1.3727713,1.3617749,1.368886,1.3502808,1.3824217,1.3655671,1.3773147,1.3666195,1.3587102,1.3851534,1.3766775,1.3749002,1.3620604,1.3869308,1.3477672,1.3803725,1.3588244,1.3552527,1.3773868,1.3706824,1.3623465,1.3548858,1.341939,1.3699937,1.387296,1.368355,1.3639269,1.3581046,1.3463783,1.3707225,1.3517618,1.372456,1.3560858,1.3659605,1.3560345,1.3698894,1.3719646,1.3769182,1.3663931,1.3775278,1.3548987,1.3379002,1.3763689,1.3586568,1.3547152,1.3635978,1.3728491,1.3531559,1.3642331,1.3715552,1.3689418,1.3489192,1.3369263,1.3685946,1.3669212,1.3330274,1.3698505,1.3319614,1.3683491,1.3593309,1.3623248,1.3572676,1.3611276,1.3898134,1.362819,1.3493184,1.3343557,1.3623538,1.3743902,1.3647901,1.369563,1.3688072,1.3934523,1.3740236,1.377735,1.3653797,1.3726174,1.3698332,1.358486,1.3599067,1.3715702,1.3527104,1.3567144,1.3651558,1.368584,1.3657627,1.3546082,1.3669468,1.3578029,1.3707507,1.3605661,1.379339,1.3583652,1.3713405,1.3467283,1.3566129,1.3624781,1.36799,1.372252,1.3718245,1.3522463,1.3625486,1.3674006,1.3631638,1.374947,1.3741088,1.365559,1.3668855,1.3766915,1.3383738,1.3950646,1.374909,1.3780586,1.3681761,1.3700914,1.3656796,1.3572409,1.3453239,1.3541845,1.3625646,1.3586026,1.3723137,1.368298,1.356246,1.3837264,1.3626988,1.3769951,1.3734337,1.3615448,1.3656502,1.3704582,1.3691803,1.3511038,1.3788623,1.3687791,1.3687121,1.3470048,1.3649594,1.3560101,1.3599944,1.3513349,1.3705177,1.3412436,1.3725156,1.3525748,1.3538574,1.3801104,1.3414358,1.3626989,1.3441974,1.3770293,1.3639381,1.3671125,1.350781,1.3698342,1.3816957,1.368783,1.3748362,1.3574474,1.3681346,1.3536606,1.3842276,1.3592438,1.3728535,1.365331,1.3614148,1.3433716,1.3699089,1.3551223,1.377314,1.3677528,1.3741511,1.3855244,1.3796688,1.3579792,1.3535943,1.3556805,1.3751429,1.3686168,1.3649788,1.3690377,1.3589644,1.3681319,1.3762597,1.3727374,1.3589591,1.3603575,1.3724942,1.359139,1.3782935,1.3710964,1.3587158,1.3768805,1.3816621,1.3811089,1.3609483,1.3662776,1.3691279,1.3574829,1.3587301,1.3785535,1.3596449,1.3735058,1.3545688,1.3525437,1.3755816,1.3559006,1.352545,1.3575611,1.372205,1.365551,1.3644887,1.3778979,1.3779202,1.3575859,1.3657656,1.3622082,1.3530529,1.3601913,1.3650331,1.3651036,1.3488367,1.3667316,1.3538918,1.3916557,1.3565898,1.3648987,1.3394908,1.3699965,1.371782,1.3505334,1.3568377,1.3595281,1.3751129,1.3738923,1.3552498,1.3503116,1.3643569,1.3791009,1.3594921,1.36373,1.3677987,1.3643796,1.3558656,1.3914523,1.3711592,1.3829881,1.371515,1.3502873,1.3652571,1.3557096,1.3440273,1.3626803,1.3580673,1.3691945,1.3503529,1.3710374,1.3574007,1.3609184,1.366062,1.3628736,1.3614322,1.3553349,1.3600115,1.3711915,1.3638998,1.3518751,1.3738497,1.3905802,1.3623827,1.3484946,1.3776029,1.3627028,1.3633401,1.3515464,1.3606558,1.371584,1.3621814,1.3565133,1.3650589,1.3832757,1.3836471,1.3639052,1.338979,1.3690017,1.3605533,1.3704023,1.3616772,1.3583922,1.3758178,1.3758098,1.371243,1.3605753,1.3765352,1.3655449,1.384801,1.3552023,1.3785233,1.3665287,1.3660028,1.3732162,1.3564388,1.3696893,1.3523872,1.3686646,1.3753222,1.3767204,1.3666729,1.3732611,1.3588684,1.3644863,1.3548337,1.3595779,1.3639915,1.3660485,1.3565772,1.3636864,1.3763416,1.3652472,1.3514141,1.3888113,1.3686923,1.3744394,1.3679591,1.3604611,1.3632028,1.3704503,1.374,1.372189,1.371492,1.3621804,1.3604356,1.3639014,1.382801,1.3470129,1.353772,1.3637927,1.3681878,1.3676178,1.3492838,1.3681543,1.3620437,1.3754859,1.3760457,1.3665864,1.355864,1.3595463,1.3653017,1.3466882,1.3691413,1.369992,1.3483033,1.370765,1.3714708
0.28950965,0.27471876,0.28757524,0.26138684,0.27018055,0.26777494,0.27055877,0.28076497,0.28642833,0.2586187,0.26599944,0.30123827,0.27797583,0.24742517,0.2705879,0.27645886,0.2874848,0.28477773,0.2812954,0.2719209,0.27633107,0.29079598,0.2724756,0.27610105,0.2786113,0.2739625,0.2825525,0.2590641,0.28753144,0.2858529,0.27657273,0.28037035,0.2765272,0.28053436,0.2848155,0.27171895,0.26185387,0.26288414,0.27834803,0.27320042,0.26881385,0.26925153,0.2541912,0.28796214,0.26955825,0.29937774,0.28330186,0.28076884,0.2675153,0.27115744,0.28004834,0.29063016,0.2653578,0.2573108,0.27210286,0.2865677,0.28362513,0.2617732,0.27328584,0.28256938,0.2903355,0.2718584,0.27857974,0.28081653,0.2878834,0.27896133,0.2613305,0.2768747,0.28080872,0.28674546,0.26881397,0.26412958,0.2789926,0.24860848,0.25739276,0.26551268,0.27456588,0.29410064,0.27853417,0.26490015,0.27053618,0.27676353,0.2513003,0.25640213,0.29204437,0.26011115,0.2626224,0.2716378,0.2550838,0.26627606,0.27273545,0.27617875,0.281042,0.27980995,0.28186253,0.28248888,0.2786536,0.2651683,0.2612306,0.26999888,0.2898334,0.2858555,0.2852426,0.2802738,0.27517313,0.27807713,0.29141226,0.3075106,0.27730834,0.27577606,0.2675871,0.25708324,0.2675322,0.26600623,0.2647822,0.25650913,0.265074,0.28260332,0.29557544,0.28354162,0.2795267,0.27910197,0.28120512,0.27516454,0.28366166,0.2777263,0.29571727,0.2710904,0.2769343,0.2691718,0.26026982,0.29048297,0.27080682,0.28105414,0.26868868,0.28631637,0.2746426,0.29066595,0.27583385,0.25745386,0.2934006,0.27755046,0.3000703,0.27200076,0.27920887,0.27396315,0.27713078,0.3024967,0.2672001,0.29136562,0.2917746,0.25697893,0.29497248,0.27661294,0.27075416,0.28320694,0.27213594,0.28642565,0.25173464,0.29205656,0.2920868,0.27186564,0.2815965,0.28147468,0.27436507,0.27140167,0.25856507,0.2682469,0.2764602,0.26145926,0.29442808,0.26723585,0.28032848,0.2723031,0.27700838,0.2751471,0.27485353,0.2831028,0.26899529,0.27461472,0.27775788,0.27484408,0.28667235,0.29024923,0.26466787,0.27773032,0.296362,0.2750162,0.27599102,0.26613355,0.2853113,0.28002882,0.2722499,0.2830395,0.27496448,0.2721066,0.26020604,0.27563268,0.2745628,0.2717556,0.27139753,0.26636815,0.28203952,0.27452865,0.25962597,0.2865978,0.27103597,0.27619198,0.25531274,0.25522462,0.27182293,0.2551196,0.2711681,0.26380825,0.25239497,0.2779423,0.27838293,0.27868736,0.27831316,0.2793546,0.2699109,0.29246968,0.2764759,0.28183985,0.2700042,0.2664824,0.26167795,0.26214528,0.2637533,0.27149713,0.26632187,0.2822249,0.27317974,0.2895454,0.2863491,0.28420585,0.28558096,0.26811996,0.26106945,0.2676783,0.28193793,0.2930772,0.26962107,0.27135774,0.26837367,0.2807165,0.2687967,0.2767286,0.2717443,0.28228605,0.27721736,0.27987045,0.29401842,0.28360528,0.28024602,0.26929575,0.2934156,0.26558247,0.2728777,0.26279286,0.2721603,0.26260424,0.2695492,0.28292483,0.2890536,0.26131314,0.27551144,0.25232872,0.2725582,0.29921576,0.27512604,0.2662565,0.26990592,0.26388618,0.27721158,0.26934093,0.2694995,0.28455824,0.2669754,0.26843363,0.27684873,0.2681906,0.2732777,0.289045,0.25888616,0.2965136,0.27691096,0.29042965,0.2537371,0.27661133,0.26320785,0.25249743,0.28071374,0.29279047,0.2829901,0.28659034,0.25891268,0.2700266,0.26458216,0.25987378,0.28433904,0.2543468,0.25952828,0.27759385,0.2917847,0.28366703,0.2603392,0.2641419,0.27635455,0.2670565,0.27615383,0.27717444,0.25476962,0.27565467,0.28255096,0.2818054,0.27217346,0.25784373,0.28349677,0.2622292,0.26950777,0.28271967,0.2558208,0.26513308,0.2830094,0.2901932,0.26427755,0.27452177,0.27161112,0.28191742,0.2771107,0.30284598,0.28604296,0.29982927,0.28317234,0.26694918,0.2614129,0.26843923,0.25425825,0.27435166,0.2576319,0.289355,0.26907966,0.26917186,0.27389655,0.26891243,0.27267885,0.28451467,0.26825142,0.2629466,0.26716623,0.27355707,0.28631902,0.2670024,0.2864582,0.2759793,0.27299452,0.2548317,0.27961862,0.2914847,0.2908833,0.28551808,0.2655009,0.28447306,0.29560956,0.28995758,0.28063202,0.28061473,0.27855393,0.29535148,0.2786819,0.25996417,0.27109125,0.25670335,0.2805137,0.2969093,0.26426557,0.29712492,0.27780125,0.28445753,0.29525846,0.28347665,0.28788716,0.26804182,0.28574947,0.27363843,0.27408847,0.2681696,0.270354,0.26105073,0.26882106,0.2922592,0.27422184,0.26575828,0.2751879,0.29750115,0.28047428,0.2866321,0.28758225,0.27409345,0.27254036,0.2819475,0.27197766,0.28183645,0.27800158,0.2825359,0.2779993,0.27459332,0.27741188,0.26807195,0.2763042,0.2613254,0.2853349,0.2872039,0.27518207,0.27231348,0.26822826,0.3005302,0.27485624,0.2901664,0.2702297,0.29668322,0.26184782,0.279674,0.2785325,0.27834293,0.26346496,0.26646683,0.27178693,0.26245037,0.26711592,0.27651408,0.29134017,0.28282577,0.28238517,0.28890723,0.26190835,0.2756773,0.26329008,0.27025113,0.26603684,0.25545275,0.2798912,0.28056848,0.29869142,0.28222775,0.25490296,0.26566687,0.27914077,0.2574604,0.28055635,0.26384175,0.29872757,0.27712137,0.27553588,0.25537097,0.2751866,0.27337676,0.2602135,0.26030552,0.25182715,0.2903793,0.29438686,0.27960432,0.25657964,0.3028217,0.26634896,0.28164285,0.26188216,0.2809655,0.26784858,0.29006866,0.30246174,0.28270465,0.28898874,0.27815333,0.2516493,0.26984861,0.28124526,0.29571405,0.2781641,0.27830207,0.27882442,0.26698467,0.28955463,0.28023657,0.28809255,0.29047897,0.2526104,0.28320494,0.25562924,0.27657214,0.27986464,0.26925218,0.2740126,0.28175637,0.2642841,0.28038713,0.2826205,0.28501365,0.2745312,0.28358626,0.25956035,0.2747521,0.24806109,0.27890328,0.2623967,0.2647207,0.2551425,0.28250194,0.2716185,0.2739595,0.27316475,0.2536431,0.26586464,0.28010952,0.27981973,0.2716649,0.26721615,0.29248372,0.27061102,0.27063924,0.27712798,0.28961965,0.2908639,0.26325995,0.27134398,0.2784176,0.2780478,0.263755,0.28212363,0.28796175,0.25307378,0.274051,0.27093714,0.27601314,0.28276074,0.2537088,0.27316102,0.26717022,0.27038884,0.26094666,0.29485878,0.30788046,0.2775007,0.28584117,0.27638617,0.2927031,0.26101494,0.2918962,0.26767942,0.25617957,0.27932644,0.27501228,0.28497878,0.26993144,0.27924767,0.26442373,0.2776974,0.28732234,0.26355928,0.30511838,0.2737513,0.2736788,0.27306607,0.27085614,0.2763159,0.26613757,0.2807442,0.28443918,0.2623636,0.2671814,0.3019979,0.28681123,0.2750916,0.25392008,0.27899578,0.27930242,0.27067822,0.26125044,0.28330272,0.270631,0.2848765,0.2866716,0.30082917,0.28151017,0.2670903,0.27693257,0.25080547,0.27537957,0.2805759,0.28427675,0.26535648,0.2639843,0.26360548,0.24950951,0.25963926,0.25971356,0.2770793,0.2753114,0.24985558,0.25034642,0.28156722,0.26724613,0.27772596,0.28348032,0.25447232,0.2671077,0.27614027,0.26820052,0.2669107,0.26064694,0.2958046,0.26630813,0.28185517,0.2826678,0.26845908,0.277571,0.28685296,0.28323346,0.2934424,0.26455766,0.254259,0.2799525,0.27400184,0.27164844,0.27263883,0.2827806,0.2714873,0.27395967,0.27862108,0.26508313,0.28121045,0.27137354,0.28722265,0.28617185,0.272444,0.29011017,0.27089402,0.28352395,0.27170536,0.27262807,0.26417965,0.29871675,0.26921895,0.27282536,0.25707802,0.26510233,0.28340995,0.2746684,0.27558652,0.27525902,0.2721549,0.26302388,0.28509325,0.29420924,0.28742754,0.27459723,0.27317417,0.27328968,0.27768332,0.28308997,0.2776288,0.26052576,0.28155386,0.27615607,0.26273766,0.27891174,0.2882449,0.2732208,0.25730655,0.27938485,0.2575045,0.2762549,0.271787,0.2788108,0.2498053,0.2664941,0.2730651,0.27835745,0.2631932,0.26727358,0.27468702,0.26726377,0.27094924,0.25929075,0.26499987,0.2701151,0.26360726,0.27547455,0.2407606,0.27145582,0.25337702,0.26727897,0.26185793,0.2873412,0.28821614,0.27738962,0.2831898,0.28133172,0.26092705,0.2665709,0.27405393,0.28666604,0.25425282,0.2758506,0.27808198,0.25414026,0.27555397,0.27108282,0.26946628,0.2831463,0.28733122,0.2825267,0.27739304,0.28346434,0.28057647,0.30057693,0.27888906,0.26518187,0.27589813,0.2672978,0.27490282,0.2768785,0.24427317,0.28037173,0.29224494,0.27339044,0.27855775,0.2776207,0.2843605,0.27326223,0.26995274,0.259649,0.26955658,0.26130274,0.27752006,0.27096292,0.29204708,0.29053944,0.2827875,0.28106546,0.26169154,0.2592697,0.2556771,0.27483708,0.2724341,0.2867248,0.26906767,0.262234,0.28591853,0.27812496,0.30709246,0.2693796,0.27320477,0.2819874,0.2688706,0.2636388,0.26407868,0.27419212,0.26600584,0.28763625,0.2808573,0.29317874,0.27358353,0.27396017,0.2707522,0.29346305,0.28568542,0.2860594,0.26797375,0.2885479,0.25442234,0.2653197,0.25808063,0.29331923,0.2588141,0.2713041,0.29008108,0.2805295,0.29442662,0.28123662,0.25346014,0.29157487,0.26666453,0.2883569,0.25169963,0.2781327,0.28324103,0.27227992,0.27354833,0.27408755,0.2743158,0.26900852,0.27483305,0.27699503,0.26665694,0.29396248,0.27237672,0.27853462,0.26473892,0.28163016,0.27704847,0.29698873,0.2977094,0.27568364,0.24787673,0.26795846,0.26831606,0.2696478,0.2703845,0.27089053,0.2931655,0.283563,0.28170466,0.27559942,0.25658625,0.27966616,0.24702458,0.2645053,0.2660078,0.26045626,0.2769305,0.24858552,0.2807055,0.2713222,0.29204682,0.27512503,0.2733688,0.2783755,0.28130126,0.29725888,0.28968588,0.28798664,0.27843776,0.26961857,0.25783882,0.2866416,0.28154582,0.27722192,0.24768962,0.28711018,0.28128928,0.26932582,0.2870282,0.29084167,0.27846846,0.27329433,0.27489144,0.26762828,0.25877136,0.26321012,0.27297357,0.26611817,0.25906184,0.25998724,0.2877129,0.2807579,0.27707633,0.28811556,0.27946323,0.2628198,0.26840648,0.27709788,0.24785732,0.27910823,0.28212744,0.27042076,0.25472805,0.2834109,0.28328872,0.2693095,0.26805553,0.29432115,0.28036815,0.27195382,0.26805958,0.29396343,0.28483808,0.26917776,0.25908768,0.28791505,0.28147024,0.2736552,0.26947656,0.26061338,0.26738784,0.28382897,0.27653584,0.28981006,0.25209373,0.27272397,0.26030827,0.27204216,0.27255094,0.26550627,0.2700363,0.27030328,0.28404862,0.2749352,0.27617818,0.27684954,0.27224717,0.28456292,0.2619206,0.27219364,0.2827598,0.28172874,0.29295203,0.26699597,0.26890492,0.28617796,0.2758605,0.2892699,0.273126,0.26751155,0.26709467,0.25865626,0.2748435,0.30797768,0.2587701,0.27338636,0.2852797,0.27878183,0.26600987,0.27246547,0.2562651,0.29136,0.27078736,0.28939256,0.25187504,0.27142358,0.2728316,0.25267437,0.25909913,0.27920637,0.26662147,0.25375295,0.28893745,0.26328138,0.2752593,0.27142978,0.2791943,0.28450474,0.28357923,0.26914144,0.280136,0.2877955,0.26614183,0.2758113,0.27896127,0.25644547,0.28782615,0.2590895,0.2862536,0.28976148,0.26850364,0.2918528,0.27184987,0.28897977,0.280581,0.26920173,0.27569768,0.2722166,0.25856566,0.28452292,0.27100456,0.26987442,0.2819718,0.27651578,0.2872696,0.28213996,0.2646487,0.2659543,0.28570262,0.25963604,0.28522187,0.3003807,0.27193284,0.25728956,0.27564695,0.27327797,0.28813875,0.26864353,0.25470257,0.27079242,0.29486105,0.2684568,0.2710836,0.2881205,0.26554275,0.29200152,0.25902727,0.26818913,0.2848403,0.2841454,0.2910157,0.2645779,0.28314632,0.28509924
