0.6236269,0.6413882,0.6332343,0.6319725,0.6179269,0.61697114,0.6343683,0.64857143,0.6372809,0.6422222,0.63235545,0.6480378,0.6042525,0.6364376,0.6261581,0.6749115,0.6301886,0.6412279,0.63929826,0.65189344,0.6132129,0.62088686,0.6273921,0.6505501,0.6270502,0.6144103,0.64659697,0.63679224,0.63451415,0.6239759,0.62661284,0.6522965,0.624926,0.64183384,0.65999424,0.6455319,0.64120793,0.6281615,0.6394336,0.6371584,0.63823855,0.609311,0.63681084,0.62929523,0.6637448,0.6091403,0.61302686,0.63969165,0.63469344,0.6278739,0.63290256,0.6462408,0.6257127,0.65020573,0.65921295,0.63626724,0.64247555,0.6364424,0.6337129,0.6398506,0.6305477,0.63491124,0.61030596,0.6251673,0.6508949,0.6341172,0.61569864,0.6551776,0.6153716,0.62750417,0.63854516,0.6156667,0.6093139,0.64289016,0.65284956,0.6340829,0.6631991,0.6621867,0.62352943,0.6425996,0.6328345,0.6237034,0.6416283,0.6285705,0.6119964,0.6404897,0.6405868,0.64623713,0.65347576,0.63901377,0.631031,0.6362857,0.65509564,0.6148553,0.62437934,0.64380354,0.6489613,0.64610875,0.62447363,0.6217065,0.61338514,0.63004583,0.6245678,0.63297856,0.63583153,0.644109,0.643325,0.61981064,0.62627447,0.63758034,0.6249829,0.62151396,0.6265394,0.64004576,0.6322458,0.6427292,0.6468107,0.64943415,0.6300656,0.63513476,0.6322935,0.65516335,0.6435883,0.64875144,0.6159,0.6360107,0.64395654,0.63476765,0.63450205,0.64097905,0.6195655,0.6462944,0.6160093,0.6293902,0.6290182,0.62975776,0.6183705,0.6277253,0.63334596,0.6107006,0.6600664,0.6290513,0.6452978,0.63153183,0.66416764,0.6166377,0.6171038,0.6320718,0.6102575,0.6287958,0.6101354,0.6331669,0.6448654,0.6263633,0.63482815,0.5997081,0.642437,0.6443145,0.6366224,0.6494248,0.62326825,0.63025904,0.6213441,0.6427938,0.64852345,0.61445564,0.646912,0.6238059,0.6213262,0.62908053,0.6300484,0.6105176,0.6441954,0.6490679,0.6420263,0.62332106,0.64528024,0.61610276,0.61943036,0.6483825,0.6458078,0.6064251,0.61690533,0.6234863,0.6352278,0.6376212,0.6282243,0.6407354,0.6496383,0.6290165,0.63539755,0.64541966,0.6353107,0.63417685,0.62162054,0.64064604,0.6266061,0.6425104,0.6275601,0.65104616,0.6465582,0.6437716,0.63851714,0.61345047,0.62004006,0.6180356,0.6170546,0.6316209,0.6539866,0.6369302,0.63128203,0.6269099,0.6295523,0.6262176,0.6311695,0.6411342,0.63188374,0.6426898,0.6145179,0.64630467,0.66214293,0.637223,0.6255546,0.64188635,0.62392986,0.6365831,0.6564849,0.62740564,0.6291714,0.64066535,0.6265367,0.6628683,0.64457035,0.61891603,0.654356,0.64859575,0.61483395,0.64522433,0.63045186,0.63603646,0.6336683,0.63811636,0.65176255,0.6280217,0.6399655,0.6184078,0.62162375,0.62626475,0.63939905,0.62169784,0.6406161,0.62484133,0.6391074,0.6560064,0.635648,0.6494868,0.64268017,0.63177234,0.6457599,0.6274684,0.6455094,0.62572426,0.6095777,0.643077,0.6311914,0.61973166,0.65339476,0.63707036,0.64472914,0.6367645,0.64320886,0.632431,0.6618979,0.5984747,0.6324748,0.6430568,0.6465283,0.63482535,0.64065874,0.6352999,0.6393133,0.6354668,0.6598565,0.6343774,0.6261672,0.630347,0.6501582,0.6516693,0.63079196,0.6603915,0.63556594,0.6386865,0.6518984,0.6139729,0.627793,0.63828295,0.62662417,0.63698053,0.65314823,0.6195777,0.6437461,0.64417404,0.64587003,0.6265404,0.62762654,0.6371502,0.6294113,0.6161411,0.6297947,0.63933456,0.63021946,0.63385034,0.63790065,0.64070266,0.63811225,0.65297,0.6322086,0.6367328,0.6384706,0.6458346,0.64251167,0.6132089,0.61309636,0.62501645,0.6396353,0.6291857,0.64163285,0.6631056,0.6445678,0.6325443,0.6236836,0.628967,0.6134961,0.6321337,0.6461781,0.6565852,0.65477717,0.65435094,0.6274873,0.6459711,0.6480425,0.62179726,0.624527,0.62833345,0.58847296,0.6427235,0.6308016,0.62370163,0.615469,0.6218901,0.64047456,0.6329331,0.6219669,0.6087729,0.63785654,0.6170203,0.6448518,0.63817954,0.6268472,0.62853944,0.62968904,0.65083504,0.6183087,0.62928253,0.6259331,0.65196383,0.64447945,0.6348928,0.6276324,0.63045627,0.67055607,0.6514013,0.62972677,0.60580605,0.65956765,0.63214725,0.6336963,0.66285306,0.6368209,0.63425636,0.64314276,0.63371027,0.6264985,0.6458088,0.65620965,0.6421503,0.6420585,0.62855816,0.6288035,0.618827,0.64374727,0.6427323,0.6308335,0.6481778,0.624551,0.61479175,0.6191973,0.65428853,0.63395786,0.63574356,0.6474539,0.61541617,0.64343905,0.6440498,0.6336276,0.63614196,0.63450927,0.6390419,0.621395,0.6157844,0.6467998,0.638047,0.6440412,0.6094542,0.6384336,0.6175736,0.61402273,0.63899755,0.6272152,0.62084705,0.6590427,0.62967914,0.6348554,0.66191757,0.6357729,0.6378649,0.6334331,0.6145003,0.6259482,0.6130749,0.63900506,0.6440795,0.6462718,0.6379843,0.65907276,0.6107353,0.6275533,0.63970274,0.64023477,0.63567513,0.62003094,0.62287366,0.6470568,0.6327448,0.63033265,0.64867955,0.61794305,0.6375431,0.63618153,0.62371844,0.63418597,0.6388883,0.6497132,0.638517,0.64751256,0.630739,0.6210919,0.634956,0.6298453,0.63312423,0.6402852,0.6328213,0.6147305,0.63369226,0.6160595,0.6142468,0.6369216,0.6567273,0.6590217,0.61506367,0.6424417,0.61247313,0.64324737,0.6444346,0.6256598,0.6231642,0.61929977,0.6371325,0.6260617,0.59694785,0.6419182,0.6237637,0.654153,0.63693887,0.6176593,0.5940763,0.6625926,0.6480992,0.6455318,0.6546322,0.6449562,0.64911693,0.62047553,0.60342693,0.6190024,0.64653283,0.6528367,0.6262439,0.6317078,0.62908953,0.6260845,0.65445566,0.63223046,0.62935024,0.63141793,0.6347671,0.6387748,0.6245514,0.63869715,0.61307275,0.6396829,0.66577154,0.6214706,0.6417231,0.6266614,0.64212215,0.61984664,0.63222235,0.6296481,0.63046014,0.5962106,0.64501727,0.63615274,0.65318716,0.6246146,0.64859414,0.62620836,0.6390877,0.6370183,0.6293825,0.6210835,0.62388915,0.61457956,0.6445303,0.63904536,0.6146291,0.62668717,0.6238623,0.6494822,0.62937,0.6168107,0.6459557,0.6192261,0.6349044,0.6453989,0.6444994,0.6446077,0.6351499,0.6354391,0.63924354,0.63645923,0.659781,0.63567483,0.6172848,0.6197997,0.6519801,0.64601403,0.6377587,0.63818216,0.63420236,0.6339274,0.6520015,0.61653733,0.6261498,0.6196662,0.6246619,0.62945706,0.62198853,0.6502171,0.64017296,0.6328411,0.6029299,0.64028686,0.6445917,0.6214872,0.66762054,0.6219453,0.6553432,0.63075596,0.6203707,0.6072906,0.629334,0.6323488,0.614076,0.6360913,0.6464559,0.65470535,0.60554564,0.64966047,0.6288042,0.6278808,0.61717945,0.64433116,0.6449468,0.64244604,0.63785434,0.62579674,0.62995297,0.6355232,0.64290345,0.6330979,0.63483644,0.62141895,0.6331031,0.6300685,0.6278913,0.6273411,0.64609593,0.6511585,0.6301273,0.61858666,0.6313701,0.63223785,0.6223624,0.6039302,0.63046813,0.6542681,0.6333655,0.62948364,0.6149376,0.6374195,0.6362952,0.6415828,0.6286743,0.6367008,0.6249439,0.6139858,0.63606566,0.6277145,0.63451874,0.6408365,0.6158338,0.6439522,0.61938137,0.63484114,0.6212212,0.62911797,0.6554419,0.6359937,0.63230133,0.6493292,0.63745683,0.654126,0.6330408,0.6389831,0.6358251,0.6302777,0.64316547,0.6325907,0.63521165,0.6275623,0.65343535,0.6472696,0.67389804,0.629388,0.64435595,0.64380145,0.65258723,0.6195006,0.6534051,0.6425406,0.6455325,0.6550511,0.6607041,0.64540505,0.6300686,0.63103235,0.6296755,0.6302888,0.65879214,0.6493655,0.6403323,0.6459289,0.60822916,0.63114876,0.6441755,0.63337654,0.6267836,0.6409203,0.6189922,0.6278183,0.65015185,0.63275325,0.63903326,0.61886096,0.6301146,0.6311185,0.6300185,0.64301753,0.62335867,0.63250196,0.6373701,0.6409311,0.62665725,0.6470066,0.6519425,0.62976766,0.6341697,0.6256951,0.6352965,0.61754215,0.6290089,0.6413381,0.6222992,0.65008175,0.6328561,0.64329976,0.60356617,0.599021,0.64237857,0.619726,0.62775785,0.6397688,0.63966066,0.62721574,0.64229065,0.6266721,0.6309731,0.62985724,0.63425446,0.6372419,0.657003,0.63094646,0.63696945,0.6287473,0.625176,0.6284589,0.6452867,0.64270073,0.6293072,0.61903644,0.63418144,0.6598403,0.63640195,0.6234773,0.6417197,0.62181515,0.6284491,0.6305613,0.6248602,0.63714397,0.62741804,0.6406884,0.64532214,0.6547668,0.6349954,0.6598735,0.63401926,0.6244879,0.6332728,0.63175166,0.6327705,0.62486285,0.6507046,0.6278471,0.6194152,0.6278791,0.6467823,0.636714,0.6032449,0.63562495,0.648022,0.64594877,0.6426734,0.65045804,0.62344325,0.6326821,0.6482676,0.6300061,0.6230116,0.6329912,0.61436373,0.64828974,0.6208714,0.64628303,0.618829,0.6398912,0.66171813,0.6058772,0.64560825,0.6465229,0.64791197,0.63476837,0.6002096,0.64240104,0.65440655,0.6333354,0.62470704,0.6398424,0.6354461,0.6128042,0.6260718,0.6474548,0.62429297,0.6565948,0.6450725,0.6074481,0.61743164,0.62093955,0.6628244,0.64616126,0.61055,0.63179827,0.62992406,0.63194895,0.624739,0.6344743,0.6421633,0.63660693,0.6208765,0.64400697,0.6535548,0.65651566,0.6230544,0.6234607,0.616972,0.64721024,0.6351039,0.63968915,0.6384076,0.63961303,0.62551767,0.6209379,0.6352263,0.61711276,0.6327969,0.64003706,0.6292669,0.63689387,0.64437455,0.6199349,0.6300723,0.6389585,0.6551802,0.63230616,0.64246696,0.6458986,0.63396204,0.65297616,0.6480317,0.6346559,0.6481784,0.64486384,0.62657267,0.636844,0.6407699,0.63058215,0.62266326,0.6577062,0.6184581,0.63089556,0.6273614,0.62711525,0.63363963,0.6080312,0.6404712,0.6361623,0.6503023,0.6317659,0.6250515,0.6387589,0.6143236,0.62701625,0.62748474,0.6411812,0.62874854,0.61947775,0.6291915,0.6246041,0.6224769,0.6604452,0.6413701,0.62549484,0.64631206,0.6292042,0.6673423,0.65359426,0.64400524,0.6265877,0.61179006,0.61740285,0.6332424,0.62617284,0.61689293,0.6552359,0.6169843,0.61952525,0.6423447,0.6307154,0.6393733,0.64781964,0.64980996,0.6183344,0.6342612,0.6229673,0.6588566,0.6326845,0.6084031,0.63396853,0.62000877,0.6220804,0.6524404,0.6573567,0.6111186,0.63091,0.6391807,0.6527403,0.61616254,0.6114598,0.61100507,0.6388126,0.6612496,0.6508799,0.6585728,0.621823,0.64795053,0.6470564,0.62388307,0.6420763,0.649148,0.6201365,0.65318835,0.63445705,0.6437705,0.6279185,0.6135679,0.6187485,0.6523166,0.63050765,0.64038754,0.6271093,0.62007827,0.6461035,0.6297535,0.6213112,0.63289034,0.61559623,0.6392881,0.6224366,0.636654,0.6284525,0.6331336,0.638547,0.6489279,0.65561503,0.6406476,0.64157534,0.62682366,0.6600371,0.63022983,0.61957735,0.6486858,0.63908887,0.64610237,0.6256239,0.6228622,0.6285717,0.64117336,0.62280494,0.645177,0.6173541,0.6491483,0.644176,0.6398988,0.6397512,0.64331985,0.63822025,0.6308835,0.6547166,0.6464039,0.6223838,0.6245219,0.65142906,0.6332044,0.61836505,0.62456995,0.6313384,0.63321936,0.6229247,0.6339267,0.62705463,0.6280389,0.6294979,0.6044496,0.6152352,0.62793976,0.63572365,0.6317094,0.6432457,0.6310051,0.6397297,0.6379026,0.6191231,0.63468516,0.65303695,0.61199456,0.6409003,0.6295727,0.6600552,0.62385094
0.4568256,0.4493078,0.4740217,0.44682416,0.46344233,0.45261478,0.45858437,0.439854,0.45395023,0.4622367,0.45218977,0.47429612,0.46408817,0.45121112,0.4574897,0.47433606,0.43453407,0.4604769,0.47221982,0.4734897,0.47050983,0.4620741,0.45764434,0.45227635,0.44679937,0.44743612,0.45996422,0.45261452,0.45724115,0.46240735,0.45426768,0.45985106,0.45268282,0.44031528,0.45509988,0.47045484,0.46974525,0.43767005,0.4535264,0.44815117,0.4548315,0.44068503,0.46131894,0.4530161,0.47079855,0.46606347,0.43980128,0.47124255,0.45880032,0.48209167,0.46679837,0.4704715,0.44891852,0.47284573,0.4608597,0.4446439,0.44293588,0.46429962,0.45826346,0.47147933,0.47160757,0.45160392,0.44588095,0.46769172,0.45476675,0.4624505,0.44069195,0.44703072,0.4515672,0.45071957,0.4552194,0.47066346,0.46396068,0.4532912,0.45961338,0.46295863,0.46876988,0.46021372,0.45371506,0.4680852,0.42935947,0.45422006,0.46948615,0.45429406,0.4665205,0.44596785,0.46901256,0.43782374,0.45902568,0.4608156,0.45865753,0.45204592,0.47366333,0.4635309,0.45633292,0.4555959,0.44938043,0.45347077,0.4478318,0.46330023,0.44647932,0.4361571,0.45479345,0.45507818,0.45510232,0.46701574,0.46488947,0.45469767,0.45937574,0.45616698,0.46263424,0.45535946,0.4574009,0.44283968,0.46411115,0.45085558,0.45372766,0.44025055,0.4609112,0.4489257,0.46465078,0.47064123,0.461737,0.4575399,0.45267963,0.45440894,0.46634248,0.45869094,0.454935,0.44963413,0.45430595,0.45146176,0.46399778,0.4419355,0.437057,0.4586235,0.4633247,0.45533732,0.44761473,0.453771,0.46061084,0.45087308,0.45758742,0.4438931,0.47303772,0.44441846,0.44301534,0.44630185,0.43961596,0.44240385,0.44574144,0.45126998,0.46700037,0.45766437,0.43468073,0.4444554,0.4475352,0.45882243,0.4634513,0.45742604,0.4546268,0.43985462,0.44873023,0.45547804,0.46940246,0.46577784,0.46444464,0.4467572,0.46551475,0.46422675,0.45055416,0.44419974,0.45732778,0.46402922,0.4720164,0.44177982,0.4738657,0.4441783,0.44186035,0.4603432,0.46215796,0.47565302,0.4572165,0.44915527,0.43801904,0.4691831,0.46695322,0.45502234,0.48187056,0.47369885,0.45409414,0.46921688,0.4479428,0.45698613,0.4414595,0.45168075,0.46535236,0.4414479,0.47060913,0.47271067,0.44449118,0.4652506,0.45303208,0.45302206,0.43019095,0.45254216,0.45756575,0.4540541,0.4549726,0.45997965,0.44874442,0.45422286,0.44519898,0.4638798,0.44227523,0.44182816,0.42888728,0.4572364,0.4361976,0.44613135,0.46760684,0.44802213,0.4619312,0.46845207,0.4501961,0.4727932,0.46213552,0.44606602,0.45261684,0.46452102,0.4537043,0.48418325,0.44748515,0.4520102,0.45199785,0.4469783,0.4602272,0.47367686,0.44801104,0.446886,0.45311442,0.45190376,0.4538106,0.45917863,0.45129797,0.4673456,0.44710252,0.45694023,0.4561993,0.4779011,0.46055833,0.4500825,0.45646092,0.46054915,0.4635659,0.4761554,0.45532516,0.48223373,0.45330757,0.44226742,0.45254165,0.45380142,0.448538,0.4318998,0.4606508,0.43916565,0.45079982,0.45948586,0.4756982,0.46399394,0.4561538,0.45114067,0.47138938,0.43847653,0.4548508,0.44950753,0.45120072,0.46402475,0.4564809,0.44747928,0.4739642,0.46052706,0.46045107,0.46105763,0.45530003,0.44647184,0.46379524,0.454039,0.44391915,0.44808966,0.46547964,0.46344647,0.4666366,0.45381838,0.46264458,0.4586047,0.4654538,0.46380475,0.44191238,0.42889184,0.46003962,0.45916557,0.4545453,0.45649794,0.42927808,0.45149988,0.44253495,0.46290943,0.4444686,0.45154503,0.44603512,0.43005076,0.46208945,0.4544591,0.44606757,0.46459305,0.46260628,0.44813138,0.44543305,0.44988742,0.47114006,0.45156726,0.45640334,0.4506193,0.45113075,0.4634967,0.47883365,0.4535811,0.48404825,0.44906795,0.45365608,0.45751464,0.4443904,0.4502334,0.43925172,0.43994513,0.47348267,0.4730547,0.44282427,0.45345816,0.4688625,0.45751062,0.44489256,0.4630422,0.43654105,0.46335164,0.45616296,0.46226034,0.446961,0.46717745,0.46547607,0.4368328,0.44663337,0.45320648,0.4529524,0.45684618,0.46142796,0.465752,0.45401114,0.45679325,0.4485483,0.47678632,0.4613043,0.462011,0.4421504,0.45945984,0.45161784,0.4406747,0.47318426,0.4604385,0.4527256,0.472274,0.45418507,0.45123672,0.44080713,0.44872564,0.4606783,0.46070018,0.46357375,0.457499,0.44833964,0.45807207,0.4647879,0.45057184,0.47832236,0.4633023,0.45952463,0.46581978,0.45411554,0.45299423,0.46254775,0.44954404,0.44772714,0.45806038,0.47236025,0.44580057,0.44807965,0.46297118,0.4489996,0.4728458,0.4630331,0.45291072,0.46652848,0.4731483,0.46786928,0.47566193,0.4534371,0.4505969,0.4642277,0.44205636,0.4579654,0.44193766,0.48727968,0.4592714,0.44610432,0.45321265,0.46556288,0.47109956,0.4548272,0.46777537,0.44758108,0.45345494,0.44233248,0.46272278,0.4525284,0.44384518,0.47453788,0.44011956,0.46390224,0.45412475,0.45997208,0.44908667,0.45108473,0.4636807,0.46188214,0.4520174,0.46005788,0.44999087,0.44063163,0.47275424,0.4511728,0.4703833,0.45410144,0.46863738,0.45669237,0.4636401,0.4616098,0.4356851,0.461088,0.4600836,0.45698348,0.4546126,0.4644159,0.44700226,0.44658813,0.44596046,0.44681203,0.4505457,0.4475335,0.42680708,0.45894486,0.46537542,0.4364426,0.47665092,0.44889185,0.44678614,0.4419707,0.4729918,0.45371762,0.46549946,0.45349458,0.4326448,0.46922496,0.47001487,0.46395656,0.4534465,0.4209166,0.45111424,0.44903186,0.44880295,0.4572969,0.46132424,0.47740948,0.4578957,0.45748305,0.46038663,0.45791143,0.45906985,0.45837083,0.47017002,0.4530212,0.46121055,0.45906115,0.4612967,0.4766743,0.4640459,0.45220172,0.46654204,0.4357416,0.440888,0.45985347,0.45525438,0.4411259,0.4763372,0.45595992,0.44079384,0.46290702,0.46379212,0.43778563,0.45776933,0.44998235,0.46068794,0.45834848,0.44267654,0.46983865,0.45474845,0.45179918,0.44786853,0.4524389,0.44047126,0.43532777,0.4491938,0.4546351,0.46053416,0.4697886,0.44740257,0.45688704,0.44705206,0.46087494,0.47747794,0.45376673,0.43816352,0.4406172,0.44723785,0.45749837,0.45886445,0.43936503,0.44336423,0.4451738,0.43932,0.44290426,0.43967816,0.44640136,0.45765805,0.45103282,0.47220597,0.4696028,0.45148492,0.4428961,0.45523557,0.4543422,0.4741411,0.46403572,0.469104,0.45141825,0.45271558,0.47181675,0.4677994,0.44696853,0.45801318,0.46077883,0.46759143,0.45613888,0.45700416,0.44560355,0.4631632,0.46001267,0.45424402,0.46406832,0.45812476,0.442396,0.4716012,0.4506432,0.46861354,0.46228436,0.46052805,0.44579113,0.45413217,0.46326467,0.47346622,0.45612833,0.44272506,0.44413626,0.45197672,0.44771558,0.46813142,0.47402236,0.44459757,0.44725952,0.4524789,0.44243234,0.45740852,0.47655877,0.45340818,0.46122754,0.45459414,0.44816685,0.46226466,0.44772065,0.45776653,0.4571745,0.4481756,0.46025598,0.44865406,0.4596606,0.445843,0.44698963,0.46224245,0.45924816,0.45415962,0.45995402,0.45800132,0.45037585,0.45410264,0.45891288,0.45632714,0.46112347,0.46266973,0.44754732,0.44212267,0.44128233,0.47800547,0.4458534,0.45045277,0.446108,0.44883537,0.449435,0.44702864,0.46176597,0.47396392,0.44906738,0.4654274,0.47543356,0.43633622,0.45092416,0.46034944,0.45124254,0.44653755,0.4469983,0.45668188,0.4735333,0.4480844,0.4663761,0.4501673,0.4674031,0.43509522,0.43860337,0.46826577,0.45500386,0.47014007,0.45578784,0.45786926,0.47504625,0.45888278,0.46169493,0.45626056,0.44721302,0.4579628,0.4552282,0.47021145,0.4411125,0.45059097,0.4794457,0.44848752,0.4574631,0.45266572,0.47011426,0.43322006,0.46316144,0.4500408,0.46130335,0.43012697,0.48439437,0.43361953,0.4438015,0.44993767,0.452404,0.46761152,0.4515841,0.45955843,0.45971167,0.45858118,0.4695859,0.44556484,0.44532543,0.46440148,0.45219976,0.47506732,0.45599726,0.46261308,0.45194224,0.46867886,0.44505256,0.45140055,0.4655584,0.46106866,0.45677063,0.46167836,0.45543993,0.46039388,0.47171754,0.46491715,0.44051158,0.44848397,0.4511127,0.4415776,0.46994865,0.4463169,0.43677804,0.4460313,0.4355188,0.42716268,0.46420127,0.4478957,0.44201055,0.45534894,0.4548744,0.45864385,0.4463303,0.4601427,0.45261696,0.45855784,0.46136817,0.45477152,0.46134603,0.45240474,0.4473305,0.4510641,0.47331485,0.45576355,0.45653287,0.44847506,0.4714383,0.46535516,0.44867015,0.46676475,0.47097293,0.4495829,0.4458566,0.46475527,0.43959057,0.45450613,0.45247445,0.4625975,0.44626904,0.4469694,0.45655107,0.45450526,0.4571251,0.45625278,0.44776654,0.45604828,0.45414016,0.45748132,0.44264117,0.4474727,0.4568759,0.43693173,0.4521988,0.4462316,0.46746498,0.4571703,0.4483309,0.4445011,0.45130742,0.4738151,0.444229,0.46828392,0.45933333,0.4438706,0.46737143,0.4538575,0.48191056,0.45905128,0.4605953,0.43613374,0.453001,0.4574846,0.4619958,0.44623384,0.46865597,0.44609073,0.43832162,0.44439086,0.44192338,0.4739825,0.44869205,0.45931345,0.46731493,0.46092257,0.4580144,0.4695064,0.47262558,0.44947127,0.45088592,0.44579804,0.43262935,0.44470096,0.44452223,0.45085078,0.47474784,0.47078276,0.4392812,0.45272025,0.4697957,0.4688347,0.4542239,0.43787462,0.4665324,0.4392864,0.46669763,0.44694793,0.46329913,0.4465314,0.4472183,0.44752443,0.45706376,0.4621163,0.4417209,0.45082667,0.4494205,0.45568964,0.45846832,0.4569302,0.45013976,0.45583874,0.43497455,0.4546758,0.44990855,0.45217004,0.4463169,0.4417291,0.45836955,0.4588303,0.46443206,0.45235255,0.46703392,0.44739494,0.42792454,0.45064998,0.45916605,0.4610037,0.46614015,0.46388608,0.469965,0.46124932,0.4557181,0.45815402,0.45163745,0.46537462,0.4486434,0.4688107,0.44241354,0.4594421,0.4648173,0.4582601,0.45458895,0.45751917,0.45073456,0.4585846,0.45453423,0.45384532,0.45021138,0.4646113,0.44219226,0.4577416,0.44016796,0.4511831,0.45501885,0.45255223,0.47925365,0.45796683,0.44406012,0.4639711,0.44921634,0.4574997,0.44376993,0.44734034,0.4532621,0.43662214,0.44542742,0.43939477,0.43834904,0.4584947,0.46177667,0.4583029,0.48071185,0.4643304,0.47662944,0.47358912,0.45018262,0.44336644,0.4563114,0.4209931,0.4342578,0.4702696,0.4545555,0.43606177,0.47020632,0.44506502,0.4609579,0.47805613,0.46602884,0.4418249,0.45583996,0.46177644,0.45227832,0.46051818,0.4445223,0.4566375,0.4477473,0.45464796,0.460846,0.45290488,0.4612912,0.44429612,0.47022992,0.46587905,0.4434082,0.47697338,0.45602864,0.46155125,0.4447773,0.45754224,0.4634541,0.461053,0.44366857,0.45320082,0.4312089,0.46017656,0.45204592,0.44951317,0.46691582,0.45837826,0.43525296,0.45896038,0.43545654,0.4443587,0.47917122,0.446361,0.4726766,0.45352414,0.46621096,0.45722502,0.45631415,0.4767717,0.46310258,0.4633288,0.46377712,0.47365946,0.45455533,0.44970837,0.44556537,0.4350044,0.45854664,0.46025902,0.43537414,0.46124032,0.45226818,0.44828764,0.44587255,0.4647142,0.4588338,0.444484,0.45624083,0.45932937,0.45373395,0.444143,0.4554526,0.47465202,0.44380945,0.43586785,0.4744302,0.45008838,0.44722217,0.47593942,0.44016588,0.44536772,0.4640617,0.45483363,0.44993377,0.43613562,0.46597534,0.47153282,0.4545589,0.4661974,0.45983747,0.4481874,0.4498457,0.4602457,0.46263328,0.45623374,0.45963517,0.45722616,0.44851938,0.45431763,0.46422336,0.44831404,0.4709977,0.47144043
0.56347156,0.58326685,0.59246284,0.58210695,0.58290315,0.59449893,0.5919846,0.5886015,0.58489305,0.6053506,0.6056205,0.61389893,0.5762867,0.600981,0.5925483,0.6040629,0.58056045,0.60148215,0.5969224,0.60399544,0.5859439,0.60332996,0.5812703,0.5952839,0.59624213,0.5817019,0.58704865,0.5829934,0.5944109,0.5979661,0.5999495,0.5860563,0.59341025,0.59440964,0.5879655,0.6090751,0.5895495,0.5895952,0.598551,0.59670013,0.5959617,0.58339685,0.6047491,0.5927408,0.6009742,0.57790655,0.58860326,0.60097677,0.60224396,0.5953309,0.5871258,0.598979,0.5954186,0.6039712,0.60522807,0.5772605,0.5951338,0.5940223,0.595542,0.6159042,0.6035663,0.605636,0.580358,0.5874553,0.5988462,0.59686714,0.59715426,0.5914764,0.5993096,0.58582574,0.58657724,0.5943458,0.58004594,0.61031854,0.5845199,0.5966363,0.60985976,0.5949498,0.5983705,0.6005301,0.5827489,0.58186054,0.5810591,0.59500897,0.5957294,0.602837,0.5959718,0.6040795,0.60478,0.58820504,0.57298005,0.59706575,0.596918,0.58303154,0.6073806,0.5889875,0.60171735,0.6000669,0.5684519,0.59087664,0.59093654,0.57555926,0.59147733,0.59923315,0.6009921,0.5918594,0.6052035,0.57959443,0.59519756,0.61235684,0.6010581,0.5952298,0.5952092,0.5723526,0.5956658,0.59003264,0.5978297,0.57565194,0.58055276,0.5892586,0.5936861,0.5680605,0.5951705,0.58997434,0.5814303,0.5984823,0.5861591,0.5935959,0.57981515,0.58388484,0.58467776,0.610473,0.6000252,0.5757935,0.5874523,0.6044296,0.59917456,0.5932076,0.58662504,0.57666373,0.60569316,0.58481014,0.5917443,0.5806545,0.60491645,0.56934917,0.6001199,0.5944524,0.57414544,0.5961381,0.5798462,0.5853105,0.5961304,0.59382623,0.58683455,0.58017164,0.59693533,0.59866834,0.58250755,0.60141104,0.57519054,0.580438,0.5778658,0.5968689,0.60270786,0.5813715,0.59044707,0.5903102,0.5813304,0.5892833,0.58445513,0.5961235,0.57731485,0.5967233,0.5836186,0.58307576,0.59762985,0.584363,0.59761924,0.58648306,0.58911306,0.5856867,0.5944781,0.5822024,0.59748834,0.58908784,0.5885851,0.60047925,0.6057268,0.61186177,0.59972346,0.60959494,0.5842672,0.59089583,0.596239,0.604691,0.5994105,0.5862063,0.59420943,0.6084791,0.57927257,0.593585,0.5817205,0.56508374,0.5754806,0.59418595,0.5859112,0.5956495,0.59758687,0.58654237,0.5963411,0.5934021,0.5753483,0.59671456,0.59424883,0.5760944,0.5922667,0.5947511,0.5692487,0.6041169,0.60544074,0.5899581,0.5966299,0.59296465,0.5934169,0.60671145,0.5973762,0.5790857,0.597079,0.58581084,0.6051305,0.60444766,0.5987823,0.5871759,0.5950884,0.58394367,0.5962091,0.59810656,0.59197927,0.5967703,0.5915638,0.57351637,0.62192833,0.58879477,0.59294933,0.5967153,0.5759098,0.5847442,0.5926735,0.59585357,0.5957154,0.587304,0.58384734,0.59741807,0.6036877,0.6046038,0.5994096,0.5860755,0.5889582,0.578057,0.5887365,0.5902479,0.5840522,0.5825211,0.59056354,0.5894334,0.60195297,0.5911231,0.6079201,0.59929305,0.60035855,0.60112745,0.6150599,0.58585,0.58530664,0.5994616,0.5923449,0.600894,0.60232264,0.5958293,0.60415757,0.60425425,0.5893925,0.5906363,0.57597834,0.5891915,0.5963223,0.5929506,0.59513116,0.5876047,0.58551955,0.60201687,0.61824656,0.59062445,0.59667045,0.589358,0.58777523,0.6051382,0.5980977,0.5823431,0.5969965,0.6004536,0.5883873,0.5832367,0.5784202,0.59358776,0.56764996,0.60211104,0.56479025,0.5867477,0.5994662,0.5996138,0.58649683,0.5863725,0.59281564,0.5964765,0.5799162,0.5865452,0.59327346,0.6049022,0.60859984,0.57516503,0.57374126,0.58248025,0.5845231,0.59046495,0.6093069,0.618215,0.61230075,0.5806027,0.592463,0.5903762,0.58706266,0.5866395,0.59149927,0.5757002,0.6088186,0.6004482,0.5909095,0.60481274,0.5891927,0.58785695,0.59498644,0.58669114,0.58536464,0.6026927,0.5919647,0.5817289,0.57620233,0.6041724,0.6004651,0.58121264,0.59171695,0.59820676,0.58678156,0.60184044,0.58907723,0.5795853,0.5945732,0.6017427,0.5966633,0.6071043,0.57324153,0.61290497,0.6005571,0.5795933,0.591423,0.57428986,0.598254,0.60367656,0.59316725,0.6022355,0.5761352,0.5843193,0.59325963,0.6025717,0.60481703,0.6081021,0.59891105,0.5984187,0.5888407,0.59749675,0.58882535,0.6041888,0.5984048,0.6225918,0.59778714,0.59087443,0.58543205,0.5981996,0.58469796,0.59656984,0.58937347,0.5998503,0.6132789,0.59337366,0.5841162,0.61789,0.5851561,0.60188955,0.5966644,0.57302946,0.5966518,0.5915433,0.60618436,0.6034091,0.5918584,0.5995305,0.5896534,0.5901029,0.5983825,0.5768159,0.6018826,0.5895859,0.586047,0.5955389,0.59346664,0.6037444,0.58282274,0.5914117,0.59385276,0.5886596,0.5821199,0.59126496,0.5944902,0.590521,0.5999265,0.5760118,0.57039434,0.57926047,0.5887552,0.58590776,0.58031,0.59611994,0.5866285,0.56734943,0.60092455,0.5804249,0.5837148,0.589253,0.600039,0.5789319,0.5782152,0.59787124,0.5924385,0.59461653,0.5817277,0.5923756,0.61733115,0.5850377,0.5957346,0.59755206,0.59604806,0.60025144,0.5987318,0.5784032,0.5644,0.58863693,0.58184195,0.59917843,0.59681356,0.59482336,0.5738043,0.61049706,0.5853198,0.5879342,0.5925355,0.5938802,0.6084288,0.59208435,0.59847414,0.5774679,0.59467304,0.6076883,0.5945053,0.58248997,0.5801067,0.5855233,0.5908186,0.5787593,0.60703343,0.5887368,0.61341876,0.60735065,0.60792834,0.59281373,0.61253214,0.615097,0.5987338,0.58936113,0.5784674,0.6123463,0.59331864,0.5853238,0.58559996,0.60343206,0.5998466,0.6119221,0.57901084,0.5888059,0.5975642,0.58281994,0.5723547,0.5864291,0.5820774,0.59944826,0.6001928,0.61431307,0.57982826,0.58406055,0.57403654,0.6067361,0.5888288,0.6060172,0.6011518,0.61428547,0.587835,0.6051265,0.59125173,0.5899461,0.5634923,0.5858589,0.5904556,0.62106293,0.5812284,0.59600425,0.56434184,0.5830761,0.60124254,0.59741056,0.5920487,0.5797701,0.5932289,0.59549385,0.5797935,0.5727824,0.5631561,0.5971675,0.59130913,0.5870286,0.5829401,0.59352505,0.5737725,0.6057727,0.5892241,0.5962081,0.6036169,0.5847384,0.5733436,0.6109225,0.58097506,0.60080993,0.60300845,0.59111977,0.5768053,0.5871733,0.58064365,0.5946638,0.59437954,0.5876398,0.5873853,0.5954106,0.5997919,0.5898264,0.5702883,0.6045157,0.58507735,0.5855551,0.6068002,0.5903705,0.5950725,0.59262705,0.58825547,0.6212923,0.5763054,0.5962104,0.57936984,0.57861084,0.58259624,0.585937,0.5819267,0.5887349,0.58699024,0.57392794,0.57865345,0.61506796,0.6007684,0.5794031,0.5946177,0.5859651,0.58976734,0.5926003,0.5923823,0.59198135,0.58127946,0.5970863,0.58672476,0.582814,0.5919292,0.59337837,0.6015117,0.5906485,0.5987069,0.5866288,0.5957826,0.6005663,0.5889423,0.59447783,0.5979442,0.59928036,0.6147821,0.5901246,0.5998839,0.58242255,0.5791814,0.5850516,0.6018634,0.5849074,0.5874767,0.5648431,0.5903976,0.6034208,0.5893558,0.57994914,0.5953389,0.5840321,0.57892424,0.5776783,0.5788351,0.60579383,0.5791538,0.5801061,0.58897305,0.5804145,0.6010636,0.6010872,0.59916973,0.58338296,0.6020763,0.595699,0.5987882,0.58767337,0.5983906,0.5820327,0.5975357,0.5833255,0.5886126,0.61520886,0.60406315,0.61482286,0.5798392,0.5951631,0.603324,0.6021803,0.6047417,0.59750766,0.5852821,0.60377854,0.5911006,0.61569184,0.5904847,0.60722256,0.5899891,0.6065072,0.5890268,0.5863652,0.5890253,0.5909395,0.6111034,0.6026092,0.6024472,0.59580404,0.59460706,0.593297,0.5903513,0.609341,0.58675647,0.59146416,0.5729881,0.5806258,0.59717965,0.6023479,0.5931094,0.5874746,0.58340025,0.5867591,0.5859357,0.5873461,0.6001352,0.58329463,0.57650506,0.59254265,0.590517,0.57743657,0.606973,0.58647674,0.6018221,0.5941279,0.5868064,0.5884888,0.58987904,0.5897098,0.5804525,0.5670452,0.58600897,0.5838949,0.6097892,0.5727129,0.5722491,0.593216,0.5919213,0.5806656,0.61094034,0.5740397,0.5703384,0.59533155,0.5970178,0.59719664,0.57729125,0.5959247,0.58757347,0.5954645,0.5890971,0.5898777,0.6032244,0.5700059,0.5909767,0.5924354,0.60380816,0.58488953,0.5903281,0.57895064,0.58617157,0.60996157,0.59030473,0.5935068,0.6073694,0.58583623,0.5924606,0.5898161,0.5816989,0.5741422,0.5924253,0.5964798,0.5975872,0.5827432,0.60147977,0.5940083,0.59068567,0.6089715,0.6084725,0.599221,0.59864515,0.6103043,0.59354585,0.5891183,0.5877194,0.5786316,0.6017073,0.58340555,0.5885842,0.598176,0.58385354,0.59595853,0.6002031,0.601057,0.59145886,0.5903345,0.59124655,0.5865022,0.57705015,0.58339924,0.61511993,0.5802836,0.6129754,0.5775375,0.5883555,0.5865372,0.5941927,0.5870805,0.58907926,0.595636,0.5983774,0.5870244,0.58435667,0.6121328,0.59266496,0.5855309,0.5950586,0.58010054,0.58479315,0.59362465,0.61437756,0.58980584,0.59868824,0.5832067,0.5701718,0.5915366,0.5875769,0.59794086,0.6022333,0.58489186,0.5933085,0.5835687,0.58258355,0.6011769,0.57993644,0.58716214,0.60167617,0.57336545,0.595049,0.60629565,0.60408974,0.5645527,0.59918445,0.579393,0.59415054,0.6029948,0.59752154,0.606198,0.58293074,0.58468705,0.59802276,0.5743897,0.5691495,0.5809468,0.5722469,0.5875473,0.5926389,0.59829175,0.596252,0.5772755,0.59538066,0.60216206,0.59582365,0.5925511,0.6083644,0.5790634,0.60635823,0.5974863,0.58027387,0.5912975,0.6011432,0.6034156,0.6009186,0.5982281,0.58690226,0.5831687,0.61073786,0.59000677,0.5744452,0.6112399,0.588532,0.6034767,0.58451194,0.5774427,0.5839295,0.5888449,0.59473264,0.5844734,0.59916043,0.57654655,0.58384365,0.5891771,0.59403306,0.59115773,0.59164524,0.59523803,0.59014857,0.59014285,0.6171198,0.59404695,0.5896383,0.59480464,0.5983698,0.61512846,0.58916235,0.59681934,0.5855395,0.5772961,0.5670191,0.5876583,0.5886985,0.59430194,0.6136276,0.5764163,0.5914047,0.5971377,0.6005247,0.60091233,0.5868121,0.584394,0.6036264,0.5913811,0.5866354,0.6060144,0.56693393,0.58404166,0.60327446,0.5786906,0.5975406,0.60263,0.59042275,0.56975603,0.5788456,0.586015,0.5961628,0.58352286,0.57678896,0.59702724,0.59706193,0.6156646,0.6000545,0.6066189,0.59592867,0.5904683,0.6004433,0.5837288,0.5903465,0.6196031,0.5980129,0.5953066,0.57764184,0.5959813,0.5882426,0.6059899,0.5748826,0.5899192,0.6016525,0.5995359,0.5946136,0.58801055,0.6145041,0.59246343,0.60118926,0.6029732,0.56909627,0.5725927,0.5966699,0.5760922,0.5952893,0.5948898,0.6196455,0.5819382,0.6003157,0.5999937,0.58012897,0.59050286,0.57916117,0.58398074,0.5988501,0.6093034,0.59157306,0.60374796,0.57839984,0.59518975,0.5786398,0.59647644,0.5759116,0.6016111,0.5840767,0.5903371,0.59071386,0.58843815,0.59286386,0.5791193,0.5711883,0.5951435,0.59245795,0.61113316,0.5968639,0.58883446,0.61176145,0.59106153,0.593237,0.6030134,0.5861293,0.6063596,0.6006882,0.57801765,0.58555603,0.56588495,0.6074166,0.5890488,0.5808588,0.6121288,0.59679985,0.58401453,0.5859848,0.58444816,0.58695835,0.5868833,0.60944694,0.5946696,0.59773374,0.57679737,0.5969516,0.59219843,0.61992705,0.5879958
0.87038434,0.9037999,0.8842478,0.9155952,0.89332634,0.89273685,0.91166425,0.8946533,0.8781564,0.89984745,0.9171358,0.9015983,0.88708615,0.8994858,0.89638984,0.9209245,0.904738,0.8917317,0.8907354,0.91186905,0.9028413,0.91971624,0.89261496,0.9100313,0.907613,0.87460905,0.88039523,0.9082804,0.9038428,0.90917504,0.9066707,0.8908944,0.91515857,0.8844501,0.9181556,0.8983126,0.8968554,0.89079535,0.9016554,0.9050928,0.90620625,0.8918393,0.8876504,0.8806388,0.9174968,0.8924003,0.8887833,0.89977443,0.9115067,0.8964433,0.89698523,0.9038001,0.8986638,0.91510737,0.91563827,0.8913108,0.89912945,0.90202254,0.9057469,0.8996039,0.903978,0.91554743,0.89071757,0.91651964,0.9086833,0.8970154,0.8786737,0.9017178,0.895197,0.9033398,0.9119824,0.8875198,0.89689785,0.91958225,0.89979976,0.9227651,0.9182728,0.89806193,0.9126836,0.89467335,0.9028754,0.916653,0.9107241,0.9051032,0.90858334,0.90731275,0.87847984,0.9152485,0.92304856,0.89929354,0.91855234,0.91227126,0.9045284,0.88458115,0.9019795,0.88472885,0.91329896,0.9109044,0.9148986,0.8813453,0.9039877,0.8890126,0.8830643,0.9050368,0.9117835,0.8982876,0.93047476,0.89406097,0.90192175,0.9046337,0.90836984,0.89604676,0.89101267,0.9063627,0.89116114,0.88733405,0.89571136,0.90394086,0.8942372,0.8925083,0.9173317,0.9029112,0.90025336,0.91328907,0.905853,0.9040726,0.9009523,0.9065166,0.9012188,0.88831854,0.89702463,0.90681154,0.9032083,0.9062588,0.9081254,0.8946403,0.889189,0.9120054,0.90663,0.9001324,0.9145277,0.89801806,0.8797587,0.8989146,0.901499,0.8743971,0.88983035,0.91767865,0.89676315,0.9096677,0.8914002,0.88903743,0.90210164,0.90719384,0.9007582,0.88938916,0.88332033,0.90247387,0.9022481,0.90122664,0.9072969,0.8996291,0.89374214,0.90809155,0.9056191,0.89033335,0.907335,0.891331,0.8965187,0.91387206,0.8750229,0.8955282,0.9026413,0.9003755,0.91707873,0.90788954,0.91358626,0.90327203,0.91661096,0.9081275,0.90842986,0.8866393,0.88104665,0.87092686,0.8912023,0.894092,0.887996,0.9277899,0.89304745,0.89226663,0.8916436,0.8952872,0.90866613,0.89810985,0.90500784,0.9195883,0.8940033,0.89663774,0.91361946,0.9200767,0.90894073,0.9209647,0.8984494,0.891872,0.8822087,0.90078205,0.88401943,0.8900165,0.90262395,0.89791745,0.8946664,0.9042653,0.90423816,0.8858168,0.9009638,0.9001144,0.8987948,0.89003557,0.8970259,0.9138108,0.9126901,0.9267395,0.88260293,0.9018669,0.9060108,0.9112184,0.9111326,0.89906573,0.90533066,0.8789138,0.8978323,0.9055324,0.90339094,0.8904393,0.9221679,0.9065129,0.8875547,0.9229465,0.8944801,0.9141566,0.9024886,0.908245,0.90939385,0.9006113,0.9052371,0.89207166,0.8771964,0.90297174,0.9052775,0.9003857,0.89863735,0.89965314,0.9045148,0.90359133,0.90629256,0.8973377,0.9020761,0.90871316,0.91383696,0.89503545,0.88581747,0.8935832,0.89011484,0.9064908,0.88530785,0.90445435,0.89454436,0.8929026,0.9063953,0.88857126,0.89965355,0.91251403,0.91498893,0.8835201,0.9049822,0.89332914,0.88985103,0.9103377,0.9010804,0.9266119,0.9048804,0.8813673,0.90612733,0.887585,0.9059766,0.91647893,0.89905334,0.9312005,0.8809593,0.91625524,0.9196208,0.89663464,0.91530484,0.8765509,0.8807768,0.90732604,0.90601075,0.88886416,0.8947509,0.89865786,0.9007237,0.9056844,0.90190524,0.89560664,0.88157433,0.92286915,0.8911976,0.8967057,0.89974844,0.9007714,0.9118467,0.90084124,0.90125734,0.8923823,0.9138559,0.8978464,0.90840703,0.90076905,0.891632,0.90356416,0.90466946,0.8977217,0.8790991,0.884621,0.9055777,0.913993,0.8960724,0.9165924,0.91044605,0.90055925,0.87780994,0.8949613,0.9124826,0.9019304,0.90755427,0.92651314,0.89579463,0.9238881,0.88937813,0.90463597,0.90154016,0.9043224,0.8962348,0.8985203,0.8803298,0.9077234,0.8707219,0.90064913,0.89832973,0.9097748,0.8784999,0.89490044,0.8866084,0.9018988,0.9033003,0.902241,0.8987991,0.918852,0.9033998,0.88956773,0.9071293,0.9144708,0.8857318,0.9120814,0.9078136,0.89571416,0.893901,0.8976428,0.88891625,0.914616,0.8930431,0.8969731,0.8977564,0.899961,0.9109287,0.9103598,0.91865003,0.9287704,0.9054054,0.9214871,0.91320807,0.89748,0.90576243,0.9191578,0.89402664,0.9135456,0.9208764,0.88821024,0.9176064,0.9019078,0.9206726,0.9002219,0.9070663,0.91112244,0.9020618,0.9082124,0.8918885,0.87914526,0.9235203,0.89892817,0.91493285,0.89315706,0.88848877,0.91108763,0.8881802,0.87277186,0.9133858,0.8867532,0.89245933,0.88030535,0.9144503,0.9055604,0.91286325,0.9142389,0.89556587,0.9055798,0.8946913,0.89692444,0.9059459,0.8968655,0.9240216,0.89937806,0.90160215,0.9204061,0.8878607,0.89561313,0.9024544,0.9002286,0.89296997,0.89544505,0.88816476,0.9033048,0.90014607,0.90885735,0.89197356,0.8879493,0.9051137,0.9044877,0.89683247,0.90076905,0.90956813,0.89958745,0.89771414,0.8881578,0.898191,0.894053,0.8939205,0.90129155,0.92967993,0.8913613,0.90393406,0.89766544,0.89992976,0.90276617,0.9120337,0.89949805,0.8709045,0.90696084,0.89695305,0.9037735,0.91177756,0.8952196,0.8849887,0.9177668,0.88348824,0.88855135,0.90478575,0.89741683,0.91715366,0.894449,0.9127502,0.8889402,0.8871094,0.9118307,0.90484613,0.89034945,0.8955466,0.88426936,0.89922076,0.89486176,0.9046875,0.88272566,0.9202921,0.8903541,0.90845567,0.88982356,0.9190301,0.89640105,0.9153105,0.88901097,0.9048804,0.9008458,0.91039413,0.8952828,0.9064659,0.90280735,0.91083777,0.89816,0.90032166,0.8944118,0.89534146,0.8857109,0.90439683,0.8959463,0.8930202,0.9147535,0.9022328,0.9057245,0.8968534,0.90552187,0.8923732,0.9096646,0.90639067,0.895605,0.9033085,0.89823055,0.90760076,0.9138684,0.89812297,0.9030435,0.87020296,0.9090762,0.89748096,0.9127714,0.8978898,0.9076269,0.91203666,0.89559597,0.906492,0.9204438,0.9049392,0.89491546,0.8941442,0.91975176,0.9142723,0.8934821,0.8936032,0.8736284,0.89576733,0.9090245,0.89575833,0.9017398,0.8933644,0.89702606,0.8888497,0.8911871,0.90622216,0.89989734,0.8981603,0.8786548,0.8848334,0.9126905,0.8763153,0.8968626,0.8842704,0.8994143,0.8961554,0.9024347,0.91517556,0.90394443,0.8969314,0.90968305,0.8919015,0.9232825,0.9097344,0.92648053,0.8923336,0.8951837,0.913274,0.8895937,0.9104374,0.8929336,0.8918435,0.9113848,0.8985009,0.88321155,0.89451617,0.90887487,0.91115284,0.9033877,0.9088663,0.89485425,0.88761044,0.8883574,0.9141772,0.91020954,0.90584207,0.8817641,0.93244797,0.9024232,0.9004362,0.90175027,0.9205711,0.9248833,0.9129105,0.90218973,0.9017736,0.9021534,0.8855392,0.8982971,0.8910669,0.88996047,0.8909775,0.9134579,0.9151858,0.89989907,0.90315133,0.9105015,0.8985486,0.8937049,0.9028489,0.91151965,0.893134,0.90238374,0.9010456,0.9030493,0.91217905,0.9053073,0.8857031,0.89044553,0.9028888,0.90908486,0.89626616,0.9014827,0.89071035,0.9025844,0.8818997,0.9042568,0.9031643,0.89395607,0.89158994,0.89163387,0.8979853,0.88871086,0.90329283,0.89429414,0.8808084,0.9140793,0.90356624,0.89153796,0.9013796,0.8986118,0.91509306,0.90668356,0.900079,0.90227705,0.9069039,0.8917448,0.8960784,0.90827763,0.90057015,0.90553695,0.9155712,0.93081707,0.9129056,0.9115107,0.90829515,0.89621097,0.90187794,0.91364497,0.8974166,0.92151767,0.8860826,0.9041706,0.89970434,0.9066522,0.8906938,0.89106077,0.9013673,0.88434726,0.9162554,0.90806836,0.89222,0.8965726,0.9053575,0.9256285,0.8922408,0.88732076,0.91518784,0.88508403,0.9127654,0.9139974,0.8936551,0.922137,0.89605343,0.89550143,0.90580636,0.88865536,0.9096773,0.9136512,0.91060865,0.89660716,0.89924157,0.8966079,0.913461,0.93577886,0.88573235,0.9197306,0.8833466,0.9085896,0.9057796,0.8925611,0.89614344,0.8920194,0.9020274,0.892758,0.91001487,0.8997461,0.89846796,0.89861524,0.8982331,0.8967445,0.9169387,0.90321374,0.8835504,0.920752,0.9013482,0.9052757,0.9048155,0.91657203,0.90890104,0.8877044,0.89141697,0.8936095,0.9036121,0.88860995,0.8950732,0.89954686,0.90531635,0.8889585,0.88747907,0.88911706,0.91272366,0.9073516,0.9034071,0.9055353,0.90535206,0.91211504,0.9078903,0.9055882,0.88794595,0.88399875,0.9160596,0.9091922,0.8968743,0.9067099,0.8976774,0.91397804,0.8906247,0.91308963,0.8920042,0.9094293,0.9112824,0.9020739,0.9112316,0.89965355,0.90976703,0.91261876,0.89868444,0.89617103,0.91272044,0.92604864,0.9145371,0.91426265,0.9137715,0.9020208,0.882353,0.90179604,0.90233874,0.89554006,0.89509237,0.8909389,0.9063659,0.8959336,0.90855557,0.8853704,0.9400568,0.89638215,0.89118445,0.9022011,0.9022453,0.9159736,0.8930845,0.90000105,0.9240764,0.9124956,0.91332746,0.8867259,0.89468855,0.9071299,0.8837304,0.93518126,0.9066933,0.90164834,0.90034014,0.89574695,0.9030218,0.8906295,0.9076153,0.914886,0.8957962,0.89859444,0.88564783,0.89938223,0.88468987,0.8977901,0.9110395,0.9031455,0.93452334,0.8791099,0.8994595,0.9158179,0.91518044,0.88278353,0.88924116,0.8875576,0.9056443,0.88684267,0.9077206,0.89173603,0.8921538,0.89636856,0.90286165,0.89794517,0.873047,0.89903766,0.89741766,0.9191986,0.9091087,0.9055682,0.87752235,0.8782576,0.9015039,0.9173287,0.90117896,0.9086242,0.894909,0.8968202,0.91143507,0.88298887,0.90380174,0.9331538,0.9110956,0.90351796,0.9089891,0.93456936,0.9032121,0.89832044,0.9070215,0.8751798,0.8831648,0.89884996,0.9041474,0.9153512,0.89848757,0.90320414,0.91076714,0.8933186,0.90247446,0.90091157,0.8964236,0.8978973,0.8962517,0.89312327,0.90257245,0.92269546,0.89318967,0.8860975,0.89131206,0.88728267,0.9103827,0.9007394,0.9093557,0.89711785,0.90007424,0.9180116,0.91165733,0.8914728,0.88246596,0.8885244,0.907492,0.8853538,0.90288943,0.9011585,0.89731705,0.9034721,0.87169677,0.90661037,0.9015721,0.9089666,0.90400857,0.9154644,0.90428853,0.9010318,0.904715,0.9123622,0.911959,0.91094327,0.8975742,0.9052981,0.8975644,0.9201867,0.9146072,0.8860854,0.8990897,0.89877695,0.898934,0.8830181,0.8929655,0.8996631,0.91070044,0.913808,0.913304,0.8911815,0.89860713,0.90750676,0.91286784,0.9032253,0.9078726,0.8981371,0.9035009,0.9149817,0.9113102,0.91414857,0.90542346,0.8919511,0.90048784,0.92072654,0.9068799,0.9148103,0.9027543,0.90826666,0.9165078,0.9121075,0.89764357,0.91103387,0.8881327,0.88726354,0.89534974,0.9105695,0.8991337,0.90968364,0.9095906,0.91424084,0.91342264,0.91003954,0.90011805,0.9054072,0.8930872,0.89560795,0.8962053,0.90292937,0.88980716,0.92087877,0.89694774,0.886747,0.8958871,0.91201997,0.9086818,0.9046213,0.8990282,0.8969069,0.9054989,0.89660954,0.91119665,0.90004724,0.9221871,0.8874755,0.89981663,0.89180994,0.9027684,0.9050458,0.9139537,0.908196,0.8847293,0.8958438,0.9205347,0.8893173,0.9030615,0.89031684,0.8981881,0.899475,0.9012538,0.89474666,0.90189207,0.8991787,0.8958211,0.8869334,0.89507276,0.9045824,0.9043153,0.9058523,0.8967347,0.8900702,0.89823043,0.89992017,0.91143775,0.88634545,0.89692533,0.89020306
0.63388425,0.65422183,0.6418061,0.6608631,0.6588754,0.6293577,0.6511341,0.64588726,0.64885956,0.6546898,0.65623534,0.6692697,0.6439227,0.6732793,0.6680244,0.6633501,0.6620072,0.6508236,0.6499709,0.6600058,0.63286626,0.66537,0.65523326,0.66738546,0.66777843,0.6351893,0.6437689,0.6476589,0.6462438,0.6584107,0.6645667,0.6557516,0.6668965,0.65997815,0.65314955,0.63770324,0.6535342,0.6508239,0.64921343,0.656055,0.65234745,0.6537211,0.65044415,0.6468767,0.65996456,0.64419043,0.6391703,0.65884614,0.6649784,0.65751725,0.65064704,0.65098083,0.6422801,0.6478582,0.65727603,0.6476528,0.6553184,0.6657884,0.648254,0.64741313,0.6495987,0.6577765,0.640884,0.6660233,0.65603286,0.6399969,0.66254,0.6525441,0.64006925,0.6501185,0.6317887,0.6468522,0.65391415,0.6556736,0.66116434,0.66477764,0.6645155,0.64605874,0.6732896,0.65613234,0.656559,0.6648192,0.6564363,0.6561389,0.6595676,0.6664154,0.6419948,0.6815222,0.6599849,0.6536823,0.6602675,0.64744693,0.6608601,0.644015,0.6617798,0.64561075,0.66277266,0.66157746,0.6753209,0.6428661,0.6431619,0.67188555,0.64773256,0.66998434,0.6534773,0.6509696,0.6784406,0.64912474,0.65278035,0.6420598,0.65355396,0.63500553,0.64428926,0.6506392,0.6452671,0.65131754,0.65864307,0.6488604,0.64490026,0.6576219,0.665956,0.65615726,0.6567515,0.6599586,0.6744439,0.64663243,0.63555765,0.6663138,0.6399962,0.62778825,0.652626,0.6604784,0.6496516,0.6614396,0.66231143,0.6309861,0.65174586,0.65730685,0.6760805,0.64488065,0.6714217,0.65055233,0.64713144,0.6555654,0.66475415,0.6409468,0.63905185,0.64724064,0.64504814,0.649659,0.6500112,0.64020413,0.66403866,0.6459807,0.6456898,0.6368829,0.6516295,0.6530031,0.6638565,0.6804538,0.6524945,0.6364511,0.6598577,0.66882277,0.65865,0.63553745,0.64240885,0.6576709,0.65637994,0.65751284,0.64315087,0.6567587,0.64496934,0.6559198,0.650078,0.6486564,0.6688524,0.644964,0.6545493,0.6427871,0.66088754,0.6343195,0.6393339,0.645692,0.6475352,0.6581098,0.6474828,0.67629945,0.6552673,0.64380765,0.6585492,0.634551,0.65104604,0.6359165,0.6508084,0.66602176,0.6543017,0.6370838,0.6382114,0.6694668,0.64757633,0.66618764,0.6511548,0.6511117,0.6456138,0.6394804,0.6433471,0.65524334,0.6505995,0.64634156,0.67220277,0.6484919,0.66378784,0.6486598,0.66939896,0.65428674,0.6608798,0.6454645,0.64587563,0.6574651,0.649649,0.6606372,0.64004004,0.6580167,0.66388303,0.6523037,0.67302215,0.6564307,0.63921094,0.64432186,0.6468005,0.66213846,0.6529768,0.6517185,0.6614064,0.664489,0.63765264,0.66206706,0.66280776,0.657706,0.65890294,0.6528308,0.6630058,0.65355206,0.64762384,0.6399001,0.6479003,0.66071695,0.66649085,0.65276897,0.64934397,0.6618488,0.65899944,0.6642189,0.63116467,0.6606387,0.66559863,0.64468056,0.65286094,0.6620496,0.65195405,0.64219326,0.6412505,0.66005504,0.6476353,0.6476102,0.6612058,0.66548115,0.6491239,0.643442,0.6527896,0.666165,0.6566434,0.6450336,0.65290177,0.66929907,0.65546477,0.6549771,0.6626185,0.6771197,0.6620736,0.6459823,0.6563105,0.6340629,0.662607,0.6574721,0.6452592,0.6774925,0.6492265,0.65668035,0.65226173,0.6503083,0.65204906,0.6663559,0.63800836,0.637427,0.65309805,0.6442356,0.6604216,0.6441431,0.6570035,0.6554968,0.65556514,0.6492838,0.6497984,0.64798313,0.65423584,0.65275663,0.6374171,0.65778387,0.6462346,0.6580376,0.64056873,0.64881945,0.69236076,0.6535209,0.6659922,0.6463384,0.6617723,0.66721725,0.67307377,0.66022396,0.63659954,0.65824527,0.6636563,0.6646602,0.654045,0.6509009,0.66141903,0.66232437,0.62489223,0.6465383,0.6530994,0.6610017,0.6530533,0.6701183,0.64232576,0.675362,0.66264904,0.67418385,0.6587436,0.6443407,0.65623665,0.636154,0.6301357,0.64301634,0.6451666,0.66443604,0.66269886,0.6437397,0.66694534,0.64836717,0.62651557,0.63947386,0.6589385,0.65089566,0.6433281,0.63954663,0.66247696,0.6632865,0.667483,0.6563537,0.64951646,0.6480644,0.6462923,0.6626002,0.6573144,0.6444446,0.65033984,0.65251917,0.66145337,0.6657877,0.68143964,0.6673106,0.65754545,0.6495722,0.64664865,0.66568583,0.6361028,0.6549725,0.66250384,0.6573274,0.651,0.6512394,0.6606948,0.6562442,0.65217054,0.64211583,0.6379806,0.659189,0.65163904,0.6378439,0.66644424,0.6605244,0.6475573,0.64414066,0.6419313,0.6324605,0.64978284,0.66001856,0.6829443,0.6488384,0.64841443,0.65894306,0.6426772,0.6270169,0.6690891,0.65489393,0.64420485,0.652014,0.6502057,0.6627826,0.66289645,0.6444702,0.6524402,0.66691375,0.6540593,0.65737903,0.64941126,0.64828134,0.67312485,0.62885857,0.6378312,0.6323177,0.64905745,0.6552817,0.6498377,0.6548893,0.64361084,0.6622815,0.6455801,0.6640124,0.6604589,0.64104766,0.6482943,0.63545626,0.6698717,0.6463207,0.65427166,0.64013815,0.6312855,0.672153,0.65907454,0.63311213,0.63779855,0.650866,0.6437842,0.6493029,0.647754,0.66479045,0.6553046,0.6598485,0.66394025,0.6535663,0.64870596,0.65230316,0.63108224,0.63368976,0.6480639,0.67339146,0.64708513,0.65782934,0.641388,0.66199774,0.6370672,0.6458673,0.6511966,0.6628532,0.68143225,0.6662334,0.66155195,0.6442142,0.64759433,0.66706204,0.66236454,0.6469571,0.65798366,0.630239,0.6480749,0.6443408,0.66009897,0.66155845,0.660122,0.6656758,0.6702372,0.62855613,0.64469576,0.6725862,0.66838366,0.6639338,0.66046304,0.676104,0.64208233,0.6438438,0.67321473,0.66516626,0.65138674,0.66502446,0.6463723,0.66148794,0.63863224,0.6540944,0.6550508,0.6339929,0.6456671,0.6390693,0.6669057,0.66755086,0.65286183,0.64511245,0.6461,0.6696179,0.65053135,0.66987056,0.6478647,0.6654846,0.6477133,0.6468678,0.6600163,0.64857966,0.6308366,0.6630008,0.66754395,0.661675,0.6497155,0.66980994,0.6631675,0.63823456,0.67480665,0.6521392,0.666976,0.64814746,0.663096,0.6591937,0.65721816,0.6294453,0.6580382,0.62399286,0.6598966,0.6689646,0.65117997,0.65260845,0.6576402,0.6567104,0.6615765,0.6650889,0.6454063,0.6561166,0.6441203,0.65718937,0.6374064,0.6561299,0.6465635,0.6434689,0.6490472,0.6653617,0.6585204,0.6543204,0.65305305,0.6672026,0.6420167,0.6483499,0.64317566,0.6617371,0.66300637,0.65869576,0.645116,0.6396609,0.66267234,0.66756415,0.6495004,0.64905685,0.6410329,0.65468836,0.6522048,0.64651525,0.6372613,0.6513325,0.6486719,0.64640003,0.6633074,0.63737625,0.64440966,0.6387993,0.645905,0.6677681,0.6495332,0.648423,0.65736735,0.65183336,0.657706,0.6611004,0.64311105,0.6710395,0.66674393,0.64986783,0.6501048,0.6495502,0.65521276,0.6507194,0.64134735,0.64698505,0.64132226,0.65254337,0.6697432,0.65272325,0.6529699,0.6621858,0.6573536,0.6476573,0.66234803,0.651797,0.65745264,0.6468519,0.64641756,0.66580296,0.64317834,0.65607065,0.65509397,0.6513216,0.6680478,0.6632731,0.6395272,0.6544821,0.665685,0.64395124,0.64932406,0.6616728,0.65031743,0.6414106,0.64429605,0.6521016,0.6638837,0.6540202,0.6579595,0.66929454,0.6396782,0.6527493,0.6515554,0.65247756,0.65625966,0.6485919,0.6442697,0.6593859,0.6605953,0.66228914,0.6540433,0.64995104,0.65611964,0.67388314,0.64531296,0.65223527,0.658845,0.6530963,0.67089814,0.6642595,0.6544618,0.65565,0.6349275,0.66078854,0.6629032,0.6633557,0.6471022,0.6531564,0.6517398,0.6641507,0.6602974,0.65022266,0.66035557,0.6676847,0.6689696,0.6714125,0.6436871,0.65907305,0.66547763,0.670255,0.645546,0.6554144,0.6632323,0.65665734,0.65197957,0.6727133,0.6753886,0.66075814,0.63884723,0.6464124,0.65627646,0.6578532,0.66100633,0.64762306,0.6740851,0.6418903,0.6571663,0.6649298,0.6487984,0.6644272,0.649001,0.6663379,0.63560253,0.670466,0.67421216,0.65875155,0.6726367,0.63124233,0.6577334,0.6484848,0.66141605,0.6555286,0.644236,0.6503918,0.6585328,0.66064405,0.656038,0.6499238,0.640147,0.6682949,0.6650041,0.6647566,0.6614159,0.65590644,0.6391913,0.64572394,0.6416263,0.6521434,0.64623594,0.6273469,0.65798736,0.6623164,0.6669594,0.6384406,0.64739853,0.64419436,0.6447706,0.6572394,0.65037936,0.6651907,0.6563153,0.6604903,0.66760993,0.6635578,0.6542707,0.64852965,0.6510828,0.654088,0.6495387,0.6665247,0.6297699,0.64409876,0.65044945,0.6499718,0.6449046,0.67651206,0.6471194,0.64455676,0.6567227,0.6713937,0.6482607,0.6513983,0.6485418,0.645399,0.6502632,0.6658902,0.6489576,0.6564786,0.6617692,0.66161245,0.6152507,0.6702182,0.64219654,0.6519971,0.6401744,0.650226,0.6462165,0.65466434,0.6392095,0.63622856,0.6676951,0.6628862,0.63600403,0.64312667,0.65791833,0.68379855,0.6558964,0.6569195,0.6685972,0.6666989,0.6558655,0.6371075,0.6462747,0.65677154,0.64107335,0.6576777,0.66503215,0.65119314,0.65421146,0.6742746,0.64786935,0.64058834,0.6543353,0.6645216,0.67547137,0.6489164,0.6370044,0.64434093,0.65061647,0.65674025,0.64764833,0.6545651,0.66754824,0.6461928,0.6515458,0.667369,0.6587877,0.65549386,0.6432558,0.64922154,0.66498494,0.6626506,0.6601136,0.65059865,0.66305894,0.66713315,0.63521963,0.6559142,0.6450385,0.64954364,0.6657638,0.64672506,0.6565451,0.65387833,0.67441857,0.6492339,0.6716688,0.64780587,0.67248034,0.6706031,0.64465547,0.6577985,0.66000473,0.642821,0.65752786,0.6772839,0.6452147,0.6583878,0.6440958,0.6700067,0.667347,0.6587095,0.65601265,0.63749284,0.63884574,0.6429197,0.64225346,0.64812315,0.65083534,0.6398444,0.662089,0.6440873,0.65992564,0.6472704,0.6469169,0.63240755,0.65081334,0.651232,0.6417093,0.6524272,0.6339711,0.6452722,0.6531047,0.65312666,0.6488876,0.6441622,0.65791625,0.66644853,0.64427114,0.6682824,0.6584808,0.6646262,0.6311668,0.6579313,0.6533438,0.65682226,0.6421964,0.66210824,0.67709994,0.6507491,0.6352295,0.65830606,0.6641634,0.64213985,0.6597123,0.65495056,0.66466594,0.6751386,0.65157604,0.6522023,0.6630487,0.65669465,0.6622101,0.6392697,0.6535137,0.68155223,0.6677899,0.641407,0.64511347,0.63538206,0.6537492,0.6395154,0.63734716,0.6370038,0.6647923,0.6368673,0.65268904,0.66190475,0.6383038,0.6470292,0.6781027,0.6621275,0.66484153,0.6596589,0.65441644,0.65575975,0.6585063,0.65863484,0.6589464,0.66014737,0.65347075,0.6794661,0.6614399,0.65127236,0.635048,0.6461211,0.65637267,0.65932417,0.6403292,0.6674727,0.64364254,0.65936893,0.6564991,0.642142,0.6592342,0.65413654,0.64848924,0.6630611,0.6737962,0.66671896,0.66493034,0.64436394,0.6305745,0.6502286,0.64430326,0.6614242,0.65689427,0.67275715,0.64935255,0.6610105,0.6457875,0.662602,0.6455711,0.6618948,0.650514,0.65218586,0.6540131,0.66403466,0.65280193,0.6544956,0.6573495,0.6450478,0.65728164,0.64478105,0.6437087,0.6423882,0.67260504,0.65377843,0.6526636,0.6436439,0.6502926,0.65845114,0.64953476,0.64814675,0.6565803,0.6737158,0.6635769,0.6479124,0.67237437,0.647178,0.66896236,0.6565694,0.6488033,0.67641807,0.64643425,0.6561854,0.63827175,0.64468086,0.6709519,0.64606225,0.6529822,0.63472706,0.6490986,0.6579665
0.0,0.0,0.0,0.0,0.0,0.0,0.0,0.0,0.0,0.0,0.0,0.0,0.0,0.0,0.0,0.0,0.0,0.0,0.0,0.0,0.0,0.0,0.0,0.0,0.0,0.0,0.0,0.0,0.0,0.0,0.0,0.0,0.0,0.0,0.0,0.0,0.0,0.0,0.0,0.0,0.0,0.0,0.0,0.0,0.0,0.0,0.0,0.0,0.0,0.0,0.0,0.0,0.0,0.0,0.0,0.0,0.0,0.0,0.0,0.0,0.0,0.0,0.0,0.0,0.0,0.0,0.0,0.0,0.0,0.0,0.0,0.0,0.0,0.0,0.0,0.0,0.0,0.0,0.0,0.0,0.0,0.0,0.0,0.0,0.0,0.0,0.0,0.0,0.0,0.0,0.0,0.0,0.0,0.0,0.0,0.0,0.0,0.0,0.0,0.0,0.0,0.0,0.0,0.0,0.0,0.0,0.0,0.0,0.0,0.0,0.0,0.0,0.0,0.0,0.0,0.0,0.0,0.0,0.0,0.0,0.0,0.0,0.0,0.0,0.0,0.0,0.0,0.0,0.0,0.0,0.0,0.0,0.0,0.0,0.0,0.0,0.0,0.0,0.0,0.0,0.0,0.0,0.0,0.0,0.0,0.0,0.0,0.0,0.0,0.0,0.0,0.0,0.0,0.0,0.0,0.0,0.0,0.0,0.0,0.0,0.0,0.0,0.0,0.0,0.0,0.0,0.0,0.0,0.0,0.0,0.0,0.0,0.0,0.0,0.0,0.0,0.0,0.0,0.0,0.0,0.0,0.0,0.0,0.0,0.0,0.0,0.0,0.0,0.0,0.0,0.0,0.0,0.0,0.0,0.0,0.0,0.0,0.0,0.0,0.0,0.0,0.0,0.0,0.0,0.0,0.0,0.0,0.0,0.0,0.0,0.0,0.0,0.0,0.0,0.0,0.0,0.0,0.0,0.0,0.0,0.0,0.0,0.0,0.0,0.0,0.0,0.0,0.0,0.0,0.0,0.0,0.0,0.0,0.0,0.0,0.0,0.0,0.0,0.0,0.0,0.0,0.0,0.0,0.0,0.0,0.0,0.0,0.0,0.0,0.0,0.0,0.0,0.0,0.0,0.0,0.0,0.0,0.0,0.0,0.0,0.0,0.0,0.0,0.0,0.0,0.0,0.0,0.0,0.0,0.0,0.0,0.0,0.0,0.0,0.0,0.0,0.0,0.0,0.0,0.0,0.0,0.0,0.0,0.0,0.0,0.0,0.0,0.0,0.0,0.0,0.0,0.0,0.0,0.0,0.0,0.0,0.0,0.0,0.0,0.0,0.0,0.0,0.0,0.0,0.0,0.0,0.0,0.0,0.0,0.0,0.0,0.0,0.0,0.0,0.0,0.0,0.0,0.0,0.0,0.0,0.0,0.0,0.0,0.0,0.0,0.0,0.0,0.0,0.0,0.0,0.0,0.0,0.0,0.0,0.0,0.0,0.0,0.0,0.0,0.0,0.0,0.0,0.0,0.0,0.0,0.0,0.0,0.0,0.0,0.0,0.0,0.0,0.0,0.0,0.0,0.0,0.0,0.0,0.0,0.0,0.0,0.0,0.0,0.0,0.0,0.0,0.0,0.0,0.0,0.0,0.0,0.0,0.0,0.0,0.0,0.0,0.0,0.0,0.0,0.0,0.0,0.0,0.0,0.0,0.0,0.0,0.0,0.0,0.0,0.0,0.0,0.0,0.0,0.0,0.0,0.0,0.0,0.0,0.0,0.0,0.0,0.0,0.0,0.0,0.0,0.0,0.0,0.0,0.0,0.0,0.0,0.0,0.0,0.0,0.0,0.0,0.0,0.0,0.0,0.0,0.0,0.0,0.0,0.0,0.0,0.0,0.0,0.0,0.0,0.0,0.0,0.0,0.0,0.0,0.0,0.0,0.0,0.0,0.0,0.0,0.0,0.0,0.0,0.0,0.0,0.0,0.0,0.0,0.0,0.0,0.0,0.0,0.0,0.0,0.0,0.0,0.0,0.0,0.0,0.0,0.0,0.0,0.0,0.0,0.0,0.0,0.0,0.0,0.0,0.0,0.0,0.0,0.0,0.0,0.0,0.0,0.0,0.0,0.0,0.0,0.0,0.0,0.0,0.0,0.0,0.0,0.0,0.0,0.0,0.0,0.0,0.0,0.0,0.0,0.0,0.0,0.0,0.0,0.0,0.0,0.0,0.0,0.0,0.0,0.0,0.0,0.0,0.0,0.0,0.0,0.0,0.0,0.0,0.0,0.0,0.0,0.0,0.0,0.0,0.0,0.0,0.0,0.0,0.0,0.0,0.0,0.0,0.0,0.0,0.0,0.0,0.0,0.0,0.0,0.0,0.0,0.0,0.0,0.0,0.0,0.0,0.0,0.0,0.0,0.0,0.0,0.0,0.0,0.0,0.0,0.0,0.0,0.0,0.0,0.0,0.0,0.0,0.0,0.0,0.0,0.0,0.0,0.0,0.0,0.0,0.0,0.0,0.0,0.0,0.0,0.0,0.0,0.0,0.0,0.0,0.0,0.0,0.0,0.0,0.0,0.0,0.0,0.0,0.0,0.0,0.0,0.0,0.0,0.0,0.0,0.0,0.0,0.0,0.0,0.0,0.0,0.0,0.0,0.0,0.0,0.0,0.0,0.0,0.0,0.0,0.0,0.0,0.0,0.0,0.0,0.0,0.0,0.0,0.0,0.0,0.0,0.0,0.0,0.0,0.0,0.0,0.0,0.0,0.0,0.0,0.0,0.0,0.0,0.0,0.0,0.0,0.0,0.0,0.0,0.0,0.0,0.0,0.0,0.0,0.0,0.0,0.0,0.0,0.0,0.0,0.0,0.0,0.0,0.0,0.0,0.0,0.0,0.0,0.0,0.0,0.0,0.0,0.0,0.0,0.0,0.0,0.0,0.0,0.0,0.0,0.0,0.0,0.0,0.0,0.0,0.0,0.0,0.0,0.0,0.0,0.0,0.0,0.0,0.0,0.0,0.0,0.0,0.0,0.0,0.0,0.0,0.0,0.0,0.0,0.0,0.0,0.0,0.0,0.0,0.0,0.0,0.0,0.0,0.0,0.0,0.0,0.0,0.0,0.0,0.0,0.0,0.0,0.0,0.0,0.0,0.0,0.0,0.0,0.0,0.0,0.0,0.0,0.0,0.0,0.0,0.0,0.0,0.0,0.0,0.0,0.0,0.0,0.0,0.0,0.0,0.0,0.0,0.0,0.0,0.0,0.0,0.0,0.0,0.0,0.0,0.0,0.0,0.0,0.0,0.0,0.0,0.0,0.0,0.0,0.0,0.0,0.0,0.0,0.0,0.0,0.0,0.0,0.0,0.0,0.0,0.0,0.0,0.0,0.0,0.0,0.0,0.0,0.0,0.0,0.0,0.0,0.0,0.0,0.0,0.0,0.0,0.0,0.0,0.0,0.0,0.0,0.0,0.0,0.0,0.0,0.0,0.0,0.0,0.0,0.0,0.0,0.0,0.0,0.0,0.0,0.0,0.0,0.0,0.0,0.0,0.0,0.0,0.0,0.0,0.0,0.0,0.0,0.0,0.0,0.0,0.0,0.0,0.0,0.0,0.0,0.0,0.0,0.0,0.0,0.0,0.0,0.0,0.0,0.0,0.0,0.0,0.0,0.0,0.0,0.0,0.0,0.0,0.0,0.0,0.0,0.0,0.0,0.0,0.0,0.0,0.0,0.0,0.0,0.0,0.0,0.0,0.0,0.0,0.0,0.0,0.0,0.0,0.0,0.0,0.0,0.0,0.0,0.0,0.0,0.0,0.0,0.0,0.0,0.0,0.0,0.0,0.0,0.0,0.0,0.0,0.0,0.0,0.0,0.0,0.0,0.0,0.0,0.0,0.0,0.0,0.0,0.0,0.0,0.0,0.0,0.0,0.0,0.0,0.0,0.0,0.0,0.0,0.0,0.0,0.0,0.0,0.0,0.0,0.0,0.0,0.0,0.0,0.0,0.0,0.0,0.0,0.0,0.0,0.0,0.0,0.0,0.0,0.0,0.0,0.0,0.0,0.0,0.0,0.0,0.0,0.0,0.0,0.0,0.0,0.0,0.0,0.0,0.0,0.0,0.0,0.0,0.0,0.0,0.0,0.0,0.0,0.0,0.0,0.0,0.0,0.0,0.0,0.0,0.0,0.0,0.0,0.0,0.0,0.0,0.0,0.0,0.0,0.0,0.0,0.0,0.0,0.0,0.0,0.0,0.0,0.0,0.0,0.0,0.0,0.0,0.0,0.0,0.0,0.0,0.0,0.0,0.0,0.0,0.0,0.0,0.0,0.0,0.0,0.0,0.0,0.0,0.0,0.0,0.0,0.0,0.0,0.0,0.0,0.0,0.0,0.0,0.0,0.0,0.0,0.0,0.0,0.0,0.0,0.0,0.0
1.0129247,1.0336884,1.018983,1.0400486,1.0466268,1.028893,1.0302719,1.0217377,1.0418226,1.0428963,1.0438405,1.0123017,1.0091643,1.0418149,1.031718,1.0316662,1.0372413,1.0331607,1.0229734,1.0276089,1.016557,1.0453395,1.0170611,1.0579056,1.0367059,1.0107002,1.0351919,1.03319,1.0409138,1.0446236,1.0330932,1.0304021,1.0395851,1.020148,1.0288281,1.0379866,1.0258881,1.033699,1.0143061,1.0352112,1.0289837,1.0293181,1.0365009,1.0157831,1.0377113,1.021919,1.0277954,1.0295748,1.0329044,1.0357394,1.0247893,1.034055,1.0134418,1.0408162,1.0383868,1.0187284,1.0448471,1.0407628,1.0214791,1.041026,1.0280827,1.0248101,1.0124367,1.0423598,1.0430744,1.0303653,1.0446693,1.0189203,1.0172439,1.0324097,1.0226449,1.0087695,1.0324554,1.0350437,1.0353389,1.0423244,1.0436279,1.0273914,1.0380406,1.0407497,1.0316764,1.0338596,1.0298924,1.016645,1.0416045,1.0359704,1.038994,1.03861,1.0432229,1.0382458,1.0176189,1.0279622,1.0407362,1.0062517,1.0338011,1.0267705,1.0493621,1.0421761,1.0381948,1.0171967,1.018005,1.0360656,1.0274049,1.0303832,1.0148177,1.0345308,1.0523243,1.0390207,1.0365806,1.0360048,1.0029458,1.0280823,1.0317483,1.0205122,1.026726,1.0310055,1.0365838,1.0397748,1.0172542,1.0235499,1.0404848,1.0218447,1.0323613,1.0504351,1.0372884,1.0246828,1.0344201,1.0366651,1.0222218,1.0176041,1.0320073,1.0340072,1.0228648,1.0272228,1.0307064,1.030514,1.0140088,1.0309827,1.0550923,1.0140251,1.0480933,1.036404,1.0154963,1.0138977,1.0404706,1.0176759,1.0115213,1.0190941,1.017133,1.0403107,1.0359365,1.0338881,1.0330163,1.0407667,1.0255467,1.0090126,1.0271283,1.0410998,1.0378995,1.0564317,1.0421132,1.0126234,1.0280287,1.0319213,1.03807,1.0233629,1.02785,1.0270578,1.0295734,1.0347054,1.0241615,1.0437572,1.0271207,1.0340201,1.0353677,1.0282363,1.0314065,1.031713,1.0440167,1.0362402,1.0357269,1.0328082,1.0179565,1.024388,1.0164707,1.0428979,1.0326937,1.057039,1.0377526,1.0244714,1.0219584,1.0170052,1.0368639,1.0159326,1.0462168,1.0582725,1.0191184,1.014845,1.0373243,1.0334393,1.0365629,1.0355499,1.0275514,1.0169384,1.0127168,1.0124247,1.0097641,1.0336202,1.0248873,1.0386822,1.0263584,1.0428928,1.0343004,1.0348917,1.038857,1.0419554,1.0487028,1.0235333,1.0328165,1.0208507,1.0211853,1.0512352,1.0177639,1.0340567,1.0348353,1.038738,1.0421214,1.0415345,1.0198822,1.0229181,1.0282812,1.0379231,1.0353348,1.0177774,1.0551469,1.0481762,1.0297612,1.0349269,1.0206914,1.0252287,1.0122564,1.036553,1.0520675,1.0300494,1.0489483,1.0216093,1.0018317,1.0287312,1.0400586,1.011381,1.0155293,1.0293856,1.0479765,1.0319797,1.0290815,1.0332742,1.031876,1.0247146,1.0228623,1.0166658,1.0300231,1.0345829,1.0289731,1.0220128,1.0209578,1.0256464,1.033023,1.0518907,1.008831,1.0226188,1.0294615,1.0429434,1.0282408,1.0167166,1.0372348,1.023963,1.0253565,1.019828,1.0448312,1.0542077,1.0390316,1.0409817,1.0347337,1.0198607,1.0266856,1.0278195,1.025988,1.0475734,1.0328367,1.0361961,1.0299039,1.0169681,1.0505774,1.0408418,1.0216098,1.0422935,1.0266575,1.03074,1.0103027,1.0255964,1.0539824,1.0392327,1.0338527,1.0261755,1.015488,1.0245117,1.0199902,1.0313295,1.0338548,1.0344875,1.0258888,1.0345618,1.0184379,1.0306357,1.0660183,1.0278736,1.027353,1.0221564,1.0501772,1.0313269,1.0466092,1.0364714,1.0111499,1.0261519,1.0318208,1.0236204,1.0223895,1.0538583,1.0436028,1.0344208,1.022129,1.0271534,1.0149109,1.033916,1.0363597,1.049358,1.0354476,1.0519071,1.0276686,1.0392847,1.0373297,1.0305773,1.0253525,1.026228,1.0160176,1.0304462,1.0203756,1.0387145,1.0252639,1.0313575,1.0443296,1.0296191,1.0183747,1.0335603,1.0277919,1.0210574,1.0156021,1.0204885,1.0310904,1.0247911,1.0342531,1.040124,1.0137894,1.0440463,1.0435436,1.0312775,1.0183401,1.0184356,1.0207711,1.032485,1.0431298,1.0406647,1.0419192,1.0449852,1.044786,1.0371944,1.037772,1.0523864,1.0197504,1.0335611,1.0380073,1.0260627,1.0329655,1.0437362,1.0266869,1.0508883,1.048076,1.0313978,1.03481,1.0413231,1.0341468,1.0146091,1.026792,1.0399588,1.0318795,1.015182,1.0218132,1.017625,1.0376787,1.0427145,1.0434133,1.0326508,1.0224162,1.0418729,1.0299329,1.0091014,1.0408133,1.0193185,1.036921,1.0197284,1.0399619,1.0547342,1.0269802,1.0236272,1.047885,1.0327299,1.0363723,1.0244634,1.0297303,1.0136956,1.0538822,1.0127491,1.0300397,1.0272506,1.0205052,1.0283487,1.0308406,1.0256662,1.0131631,1.0406772,1.0381476,1.0389621,1.0320399,1.0365394,1.0292122,1.0283271,1.0350189,1.0362798,1.0203297,1.0257331,1.022634,1.025462,1.0432217,1.0375905,1.0264138,1.0195142,1.0361167,1.0243003,1.0310614,1.0434636,1.0313526,1.0361818,1.0313071,1.0395243,1.0490494,1.0292134,1.022682,1.0223389,1.029757,1.0198693,1.0318706,1.0271931,1.0069,1.0391834,1.0208621,1.0283806,1.0341519,1.0395417,1.048238,1.0262085,1.034096,1.0393696,1.0384898,1.0453173,1.0286378,1.0388718,1.0259076,1.021457,1.0372097,1.0131438,1.0372427,1.0308694,1.0334529,1.0269012,1.0357586,1.0167748,1.0303996,1.0434613,1.0449499,1.0309983,1.020749,1.0487419,1.0300244,1.0146605,1.0331556,1.044315,1.043886,1.0399871,1.0319654,1.0358492,0.9941885,1.0301659,1.0421506,1.0169991,1.0290346,1.043083,1.0470513,1.0398464,1.0352716,1.0122118,1.0196902,1.0447404,1.0287726,1.040198,1.0216374,1.039159,1.0294894,1.0299444,1.0320724,1.0284162,1.0126122,1.0501605,1.0270418,1.0243877,1.022693,1.0429392,1.0440445,1.0275314,1.0351137,1.0429724,1.037432,1.0166699,1.028227,1.037848,1.0306578,1.0238559,1.0418382,1.025747,1.0327667,1.0345976,1.0345118,1.0476178,1.0138768,1.0361378,1.0222094,1.0433879,1.0213461,1.0357658,1.034198,1.0296434,1.0111285,1.0556808,1.0201306,1.0284089,1.0275677,1.039098,1.035249,1.0332947,1.0368264,1.021534,1.02418,1.0373137,1.0176159,1.0321738,1.0315095,1.0425158,1.0256522,1.0176368,1.0402417,1.0326937,1.0395416,1.0144935,1.019672,1.0289607,1.041548,1.01202,1.036591,1.0333078,1.0327764,1.0175328,1.0383649,1.0134425,1.0262676,1.0137537,1.0342209,1.0212444,1.0405408,1.0151217,1.0228997,1.0215677,1.0221606,1.0325882,1.0459217,1.034375,1.0420381,1.0201862,1.0358813,1.0262921,1.0274959,1.0320165,1.0166321,1.025548,1.0104624,1.0239658,1.0369824,1.0419724,1.0220627,1.03205,1.023547,1.0340874,1.0356526,1.0340157,1.0117486,1.0278986,1.0235752,1.0533332,1.0292795,1.0264084,1.0118603,1.026624,1.0475878,1.0284201,1.0238843,1.0257899,1.0318953,1.0245891,1.033696,1.0247526,1.0274824,1.0344203,1.034038,1.0239464,1.0339614,1.0299859,1.0225937,1.0407052,1.0226598,1.0459412,1.0357301,1.0291553,1.0347575,1.0407497,1.0445855,1.0385067,1.0307955,1.0347444,1.0305636,1.0348426,1.0208472,1.0455998,1.0247079,1.0296166,1.0437375,1.0489867,1.0268452,1.0353085,1.0333459,1.0326086,1.0260755,1.0134238,1.0387974,1.0502326,1.0288656,1.0261538,1.0302407,1.0291859,1.0365845,1.0252821,1.0294024,1.0291133,1.0434579,1.0439802,1.0295374,1.0268415,1.0204858,1.040702,1.0244449,1.0421329,1.0414869,1.0275135,1.0296038,1.043829,1.0351225,1.0448741,1.0171525,1.0264949,1.0271375,1.0285636,1.0409696,1.0316675,1.039978,1.0294976,1.0243001,1.0277448,1.0256615,1.041203,1.0279047,1.0443993,1.0259535,1.0458552,1.0376112,1.0371716,1.0384223,1.008582,1.0399379,1.0170952,1.0427843,1.0221047,1.0193714,1.0364678,1.028435,1.024856,1.0427537,1.0343426,1.0244331,1.031503,1.0594642,1.0407468,1.0444119,1.0381498,1.0427508,1.023349,1.0199172,1.0243083,1.041439,1.0162117,1.0346149,1.0417885,1.038971,1.0260216,1.0286032,1.0317633,1.0191379,1.0429541,1.0221568,1.0321006,1.0255432,1.0324099,1.0322936,1.0379778,1.0243886,1.0321999,1.0273122,1.0564144,1.0427605,1.0346565,1.0242745,1.0309826,1.0204521,1.0333952,1.0341871,1.0288097,1.0276314,1.0286924,1.0311348,1.0340979,1.0307487,1.0324373,1.0372523,1.014709,1.0201236,1.0486531,1.0515798,1.0279573,1.0614728,1.0311439,1.0166392,1.0396166,1.0220098,1.0359609,1.0154755,1.0198941,1.0249156,1.0290496,1.0304185,1.0212092,1.0347383,1.0346556,1.0142835,1.0330383,1.037763,1.0367693,1.0405358,1.0326737,1.0392036,1.039723,1.0438755,1.0216985,1.0199577,1.0314356,1.0092744,1.032605,1.0430019,1.0141907,1.0391045,1.0300068,1.0177023,1.0208503,1.0342127,1.037237,1.0368001,1.0264244,1.0281609,1.0288125,1.0412443,1.040846,1.0238113,1.0355767,1.0382292,1.0249289,1.0367435,1.0267934,1.040167,1.0139095,1.0259295,1.0303323,1.0432795,1.028518,1.0332781,1.0264403,1.0245211,1.0272214,1.0302395,1.0171214,1.0294563,1.0311384,1.0402511,1.032428,1.0285139,1.0349728,1.0476937,1.0160713,1.0430708,1.0261229,1.035804,1.0233065,1.04498,1.0319402,1.0534569,1.018435,1.0238622,1.056577,1.0297704,1.0339353,1.0094777,1.0501301,1.0437945,1.0426941,1.0392597,1.0204852,1.029129,1.0223236,1.0367873,1.0275137,1.0275562,1.0343435,1.0348921,1.0207238,1.0214001,1.0239009,1.0325125,1.009199,1.0281309,1.0268698,1.0251093,1.0405371,1.0293078,1.0274476,1.0312341,1.0241222,1.0272666,1.0181537,1.045762,1.0469285,1.0364263,1.0384067,1.037503,1.0381505,1.0391703,1.0226668,1.0335329,1.0348403,1.0357909,1.0261132,1.0343214,1.0305645,1.0124764,1.0336208,1.0455424,1.0480838,1.0358734,1.0279495,1.0356522,1.032355,1.0260261,1.0306487,1.037378,1.0261087,1.013149,1.0333868,1.016572,1.041702,1.0283103,1.0369983,1.0259426,1.022403,1.0348799,1.0163325,1.0276504,1.0120516,1.0451878,1.038414,1.0333261,1.0126735,1.0256251,1.0369242,1.045861,1.0417745,1.0317059,1.0239877,1.0463748,1.0278786,1.0365127,1.0284394,1.0384887,1.0272813,1.0257334,1.0392559,1.02996,1.033346,1.0118028,1.0278763,1.0463628,1.0445763,1.0295794,1.0253878,1.0325458,1.0339223,1.0292526,1.0234964,1.0285982,1.0223484,1.0452152,1.0314486,1.0388869,1.0392848,1.0294559,1.0196202,1.0281903,1.0233443,1.0356193,1.0393533,1.0272114,1.0514176,1.0313909,1.0354496,1.0342337,1.0290178,1.0314021,1.0496233,1.0344882,1.0390064,1.0341594,1.0169992,1.0309554,1.018278,1.0356175,1.0371368,1.0250138,1.0277877,1.0304326,1.0236979,1.0448049,1.0272326,1.0241919,1.0203891,1.0288277,1.0322461,1.016334,1.0280685,1.0290985,1.028559,1.0301416,1.0181754,1.0275245,1.0404489,1.0429059,1.0214863,1.0342448,1.0391316,1.0363681,1.03705,1.0250125,1.0255035,1.0485328,1.0186126,1.0343454,1.0267906,1.0432378,1.0272374
1.0822058,1.0864574,1.0848517,1.0907042,1.082809,1.0959722,1.1099372,1.090955,1.0878248,1.1029726,1.1086234,1.0919279,1.087734,1.1027417,1.095708,1.0931265,1.0934123,1.081409,1.0795727,1.085943,1.0863334,1.117466,1.0741421,1.0956993,1.0855745,1.0778309,1.0772719,1.1041566,1.1042503,1.083897,1.0974618,1.0904164,1.0763346,1.0732127,1.0976083,1.0912158,1.0963804,1.1000413,1.0962305,1.0927875,1.0999675,1.1100613,1.0900651,1.068627,1.0778092,1.1064568,1.1014317,1.0926634,1.0873992,1.1094658,1.0790789,1.088632,1.0853915,1.0890806,1.0900297,1.0786433,1.0889912,1.0932795,1.1069806,1.0818278,1.1076769,1.0763253,1.087355,1.1009392,1.0879121,1.0854944,1.0845921,1.0866644,1.0774372,1.0981725,1.0889539,1.0876306,1.1013396,1.0839895,1.0973021,1.0900012,1.0959258,1.0927949,1.0984507,1.1121264,1.0863063,1.0916249,1.0928942,1.0814387,1.0962588,1.088461,1.0808738,1.0947886,1.102259,1.1054084,1.1023177,1.1073081,1.0854229,1.0692238,1.081565,1.0660077,1.0811019,1.0944909,1.0850093,1.0862627,1.1024017,1.0744976,1.0998613,1.1033645,1.0887846,1.0864669,1.1127641,1.0938104,1.1048818,1.0933124,1.0883138,1.0852845,1.0982774,1.0865211,1.0819604,1.0890732,1.1093782,1.0891349,1.071412,1.085757,1.0884688,1.0914383,1.1122304,1.0930095,1.0819538,1.0718452,1.0892391,1.1000351,1.1042801,1.0880494,1.0927309,1.0928919,1.0828146,1.0827931,1.1026174,1.1011536,1.0879904,1.0917319,1.1150932,1.0942833,1.1193645,1.0773457,1.0744144,1.0712811,1.10695,1.0781654,1.0700809,1.107582,1.093364,1.1014079,1.0804294,1.0954875,1.0868026,1.09719,1.079939,1.0780503,1.0752126,1.104443,1.100659,1.1012337,1.0885105,1.0782866,1.0922844,1.0867007,1.096638,1.0902638,1.1041754,1.1045455,1.0906092,1.10376,1.0890224,1.0975754,1.0898684,1.0984445,1.0925145,1.0769086,1.1072397,1.0706812,1.109649,1.0955164,1.0965962,1.0703604,1.0909023,1.0769701,1.0929618,1.0836775,1.0991853,1.116784,1.1016958,1.0750874,1.1003237,1.0744084,1.1102295,1.0772321,1.079074,1.096459,1.0862205,1.083876,1.0917335,1.082476,1.0890274,1.1126814,1.0883392,1.0912317,1.0728524,1.0664755,1.0837872,1.1004571,1.093564,1.0859486,1.0962859,1.0886298,1.0999876,1.095273,1.0996709,1.0836555,1.0971732,1.0734556,1.0956362,1.0978931,1.0833638,1.0887911,1.0718231,1.0858438,1.1086899,1.091895,1.0959156,1.1063695,1.0926367,1.0922397,1.0870814,1.104178,1.0866826,1.0815637,1.1045554,1.1075599,1.0914576,1.0918572,1.079617,1.1011877,1.1094126,1.0965928,1.1021005,1.0945494,1.1004586,1.0773201,1.0826695,1.0836169,1.0984352,1.0907719,1.0813882,1.0866243,1.0957918,1.0912186,1.1057421,1.0923456,1.1018299,1.0895252,1.0916573,1.0980484,1.0665215,1.078927,1.0984776,1.0822449,1.0863227,1.0928478,1.0980651,1.1027156,1.1030859,1.0751737,1.078207,1.1083684,1.093603,1.0833421,1.0881982,1.086535,1.0830262,1.087881,1.0972503,1.1045088,1.1096112,1.0930389,1.1045316,1.0791391,1.0848607,1.0974622,1.0908794,1.1072928,1.0767455,1.1072669,1.0859991,1.0923555,1.1022443,1.0837424,1.080733,1.0960166,1.091992,1.0818343,1.0742285,1.0983102,1.0911587,1.0865976,1.1059352,1.1046507,1.0793103,1.1094903,1.1037815,1.088914,1.0910083,1.0853971,1.1150442,1.1024864,1.0812672,1.100374,1.1095796,1.0786085,1.078944,1.09962,1.094339,1.0878518,1.1047497,1.0998344,1.0940688,1.0743048,1.0939211,1.0852357,1.0921344,1.1110402,1.1010062,1.0858973,1.0791799,1.0872154,1.0931879,1.0842125,1.0822426,1.1095254,1.0917561,1.1183175,1.0845482,1.099553,1.0912745,1.1041543,1.1118653,1.0795105,1.0763104,1.0814445,1.0611167,1.0799303,1.1129574,1.0990257,1.0944481,1.059906,1.0901649,1.1003034,1.0995308,1.0816367,1.0980747,1.0839082,1.0909687,1.0801187,1.1030613,1.0878663,1.0787655,1.0952939,1.1002852,1.1141198,1.1034088,1.0778719,1.0917608,1.1002744,1.09889,1.0875821,1.0892607,1.1092124,1.1011835,1.1078757,1.1030048,1.0884479,1.093007,1.1037033,1.0990562,1.0964104,1.0838959,1.1124834,1.0762566,1.0953758,1.0918307,1.0813758,1.0893819,1.0815216,1.1008111,1.0906671,1.0986141,1.1159618,1.0950704,1.081359,1.0823585,1.0765195,1.0803207,1.0904964,1.1140671,1.0905358,1.0813439,1.1076196,1.0772184,1.083682,1.0965445,1.0878801,1.0788405,1.0702294,1.0954148,1.0901958,1.083307,1.0881543,1.1038516,1.0784643,1.0839875,1.0862476,1.1067686,1.0726538,1.0985473,1.0779794,1.0955315,1.0926406,1.0841806,1.0810279,1.0991993,1.096876,1.0785584,1.1051574,1.1014048,1.1131048,1.0826896,1.1016724,1.1080706,1.0888193,1.0899472,1.0887637,1.0869697,1.0831958,1.0967221,1.0981069,1.0989705,1.0764394,1.0829836,1.0924864,1.0872874,1.0815091,1.0915729,1.0942333,1.1076374,1.0798552,1.0845171,1.08067,1.102863,1.0721059,1.0865592,1.1114228,1.10372,1.0862025,1.108513,1.0813435,1.0875311,1.0956428,1.0575029,1.102587,1.0997387,1.1112157,1.1029242,1.0924566,1.0872606,1.085517,1.0898303,1.090472,1.0960898,1.0814517,1.0946683,1.0892041,1.1035742,1.097107,1.1068447,1.0699726,1.1018299,1.0675334,1.1170973,1.0784724,1.1126252,1.0872223,1.0983741,1.079999,1.0779918,1.0949526,1.0837504,1.0981017,1.1034042,1.0927373,1.0599056,1.0876193,1.0935512,1.0911586,1.0759583,1.0925987,1.0926449,1.0749987,1.090636,1.1000388,1.0964074,1.0851337,1.090885,1.0828763,1.0728376,1.0901026,1.0995095,1.0931137,1.0881091,1.0878727,1.0960472,1.1070192,1.0826216,1.0695456,1.0565499,1.1107845,1.0867196,1.0816846,1.0977368,1.1041148,1.0961337,1.0863653,1.0902985,1.1051216,1.0964528,1.095253,1.0919548,1.1210208,1.095778,1.0839261,1.0806633,1.0819161,1.089985,1.0921206,1.1111773,1.0964137,1.0760801,1.1073942,1.0893799,1.090353,1.0859932,1.0927893,1.0931218,1.0978394,1.0665278,1.1068912,1.093995,1.0968621,1.0925432,1.0812641,1.0997841,1.0915296,1.1002553,1.0965602,1.0760281,1.1032734,1.0738819,1.1158786,1.1101458,1.0805218,1.0860183,1.0989825,1.0880631,1.1109974,1.1066726,1.0859461,1.0746909,1.0891584,1.0878892,1.0800066,1.0853943,1.083992,1.079593,1.0854971,1.1064767,1.0870968,1.0633332,1.0947118,1.0827804,1.0906628,1.103356,1.0826864,1.1042117,1.0884805,1.0995513,1.098144,1.1019641,1.1001973,1.091009,1.0754198,1.0988108,1.0792559,1.068581,1.1007146,1.0827295,1.1002879,1.0720458,1.088942,1.1106762,1.0854865,1.0992395,1.0913876,1.0895315,1.0745585,1.087289,1.1111336,1.0632322,1.0898639,1.0844927,1.0941428,1.1000549,1.1012622,1.0803076,1.0864444,1.0919685,1.0837784,1.0833012,1.1038357,1.1072242,1.084472,1.0867798,1.0867614,1.090209,1.0919553,1.0896237,1.0541354,1.1150345,1.0872892,1.0914174,1.0980332,1.0836887,1.0968068,1.0801613,1.0935133,1.0985069,1.1046422,1.1045859,1.0890424,1.0884918,1.091779,1.1117187,1.1088005,1.0881172,1.1024457,1.091386,1.0859342,1.0800354,1.082871,1.0780141,1.0974792,1.1010237,1.087455,1.1040285,1.0924958,1.0921355,1.093625,1.0796884,1.0814013,1.080482,1.091067,1.0778946,1.0914575,1.1028683,1.0969126,1.0938747,1.095294,1.0910385,1.1088635,1.0922853,1.1108416,1.0987122,1.0820694,1.1021426,1.0793205,1.1057638,1.0880089,1.089763,1.0943676,1.0800928,1.1129545,1.0809257,1.0907252,1.1009611,1.081278,1.0848749,1.0861923,1.091926,1.0716705,1.0894535,1.0981084,1.082197,1.0908253,1.0860745,1.1024326,1.0804101,1.0763938,1.0789565,1.0877548,1.0883367,1.0986048,1.0951558,1.091419,1.0986549,1.0869024,1.1075197,1.0972111,1.1070817,1.0900897,1.0731314,1.1142026,1.0939538,1.0772352,1.0823206,1.1040295,1.0891062,1.0871938,1.0839818,1.0887202,1.0865705,1.0717373,1.1142669,1.0834805,1.0943823,1.0957428,1.0928493,1.080128,1.0835277,1.0981661,1.0749346,1.1263626,1.1051949,1.0992386,1.1097137,1.0949831,1.0891464,1.0806682,1.077155,1.083157,1.1107767,1.0882623,1.0752391,1.114504,1.0782695,1.1017152,1.0892409,1.1029824,1.0931966,1.0952646,1.1029844,1.1011891,1.0953022,1.0708784,1.0937048,1.091487,1.0967638,1.1063224,1.0909857,1.0993439,1.1046338,1.0867406,1.0810974,1.0921241,1.0931653,1.0913403,1.0922409,1.089793,1.0799936,1.1001909,1.1011736,1.0733122,1.1034778,1.0840602,1.0826076,1.0908017,1.0977894,1.0987079,1.1071057,1.0801364,1.1080832,1.0956137,1.0935324,1.0917771,1.0938127,1.0906962,1.1071287,1.1174996,1.1147041,1.0944899,1.0912567,1.0970455,1.0914712,1.0841204,1.1210059,1.0800828,1.0985181,1.0939851,1.0799,1.0859137,1.0853802,1.0915195,1.0952164,1.0876323,1.1048979,1.0781668,1.0978658,1.0897036,1.0901,1.0722896,1.0959362,1.0885772,1.1041682,1.0902417,1.0623729,1.0699717,1.0949115,1.0771354,1.0999604,1.0837029,1.1008458,1.0825565,1.090681,1.1070561,1.0831268,1.0970025,1.0852784,1.084564,1.0937406,1.0879065,1.1025772,1.093543,1.1026702,1.0843859,1.1066679,1.0765954,1.1003793,1.129429,1.0811428,1.0979468,1.0889949,1.117931,1.1094328,1.0799648,1.0834155,1.083223,1.0815505,1.0988532,1.0857232,1.103802,1.0756481,1.0888741,1.1131886,1.0780643,1.1005956,1.0749221,1.0921985,1.079008,1.0932443,1.0907532,1.0944529,1.095479,1.0910077,1.0807316,1.0985512,1.0892459,1.0867633,1.0696906,1.0879105,1.0756744,1.108175,1.0902658,1.088217,1.1048747,1.0898422,1.0891557,1.1011759,1.0919429,1.0980188,1.0800599,1.0836815,1.0910583,1.0661442,1.0851125,1.0802109,1.1115818,1.0807601,1.0986499,1.084466,1.1006395,1.0920395,1.1026745,1.1002882,1.0971804,1.1023072,1.0816742,1.0818094,1.0983406,1.0985186,1.0917739,1.0872457,1.0857581,1.0926198,1.0823424,1.0814816,1.0620434,1.099179,1.0807835,1.0707916,1.0736277,1.1088825,1.0840368,1.0798581,1.0943366,1.0997128,1.0793018,1.0951174,1.085489,1.0891452,1.0979947,1.0977415,1.0808588,1.0975422,1.1084814,1.100565,1.104937,1.0937085,1.1073874,1.1151328,1.0926495,1.0887872,1.0967346,1.0792723,1.0693233,1.0870806,1.1092724,1.0833133,1.0998466,1.0824887,1.0960872,1.105574,1.0905746,1.0732331,1.0862813,1.0792822,1.0834539,1.0815109,1.0854396,1.0882163,1.1263729,1.0987077,1.0908731,1.0743908,1.0987369,1.0975211,1.0738411,1.0919547,1.0861909,1.0883248,1.0880117,1.1018753,1.0707823,1.0924988,1.0679039,1.0703951,1.0776829,1.0885177,1.0832416,1.1017191,1.0897639,1.0911616,1.0821683,1.114378,1.091303,1.100724,1.0753787,1.1094903,1.077992,1.092535,1.0587907,1.0984498,1.093521,1.0952551,1.0995597,1.0945681,1.0777571,1.0769554,1.0978312,1.09561,1.0739627,1.1049852,1.0799745,1.1087899,1.0917181,1.0904127,1.095221
1.1507246,1.1566914,1.1515357,1.1594632,1.1641442,1.1526285,1.1657249,1.1745774,1.1725389,1.1704202,1.1646886,1.1662382,1.1480505,1.171774,1.1617624,1.1770631,1.1551323,1.1620017,1.1554308,1.1669663,1.1594495,1.1422737,1.1626903,1.166654,1.1651521,1.1532125,1.1680895,1.1586186,1.171062,1.1606086,1.1614038,1.1546732,1.1809216,1.1605338,1.1671097,1.164876,1.1598904,1.1637604,1.1615274,1.174894,1.1742196,1.1273015,1.1724277,1.1601003,1.181942,1.1510283,1.1568905,1.1517059,1.1573784,1.176656,1.1549411,1.1734395,1.1662096,1.1731634,1.1730032,1.1536952,1.1534287,1.169355,1.1726388,1.1514932,1.1504076,1.1763165,1.1423342,1.1581862,1.1748515,1.1719395,1.1380483,1.1603506,1.154298,1.164452,1.1431317,1.1469624,1.1574264,1.174646,1.1676313,1.1655847,1.1629882,1.156062,1.1656923,1.1704301,1.1573291,1.1642743,1.1422089,1.1677463,1.171348,1.1820314,1.1868232,1.1758362,1.1476789,1.1716797,1.1375074,1.1516637,1.1677843,1.1544855,1.1686399,1.1438198,1.1765268,1.1664175,1.1578234,1.140787,1.1418306,1.1717079,1.1586349,1.1850376,1.1608703,1.1730031,1.1772425,1.167805,1.146573,1.166195,1.1584227,1.143685,1.1642559,1.1792191,1.1604321,1.1582854,1.1757557,1.1745927,1.1574174,1.1724155,1.1688957,1.1836822,1.1700684,1.1483967,1.1532829,1.1507233,1.1537466,1.1564549,1.146198,1.1522496,1.1620644,1.1746306,1.1561906,1.1612327,1.1655735,1.1663684,1.1561671,1.1570439,1.164636,1.1576073,1.1824521,1.1587305,1.1472986,1.1717461,1.1655189,1.1473087,1.1667025,1.159565,1.1506373,1.1631372,1.1477075,1.1503875,1.1572466,1.1540494,1.1557692,1.1601663,1.1570824,1.1769892,1.1674186,1.1669251,1.1529227,1.1423767,1.1630738,1.1729463,1.1673639,1.1530501,1.1663209,1.170597,1.1582973,1.1636375,1.1696775,1.1525474,1.1634291,1.1522009,1.1675721,1.1512952,1.1859787,1.1659553,1.1742675,1.1556895,1.1680129,1.1424171,1.1438748,1.1515565,1.166306,1.1763638,1.1752614,1.1618105,1.1705288,1.158343,1.1538137,1.1484962,1.1574919,1.1443905,1.1576806,1.1686894,1.1504385,1.1398004,1.137845,1.1746548,1.1603149,1.1796162,1.1684207,1.1586362,1.1394554,1.1479143,1.1711875,1.1560236,1.1619313,1.1599633,1.1792536,1.1379344,1.1708118,1.1556206,1.1695246,1.1512921,1.154607,1.157985,1.1528236,1.1804763,1.1727623,1.1729276,1.1513196,1.1663681,1.1509482,1.1787753,1.1508926,1.1608057,1.1601751,1.1617317,1.1731025,1.1835986,1.1607108,1.1555942,1.1566452,1.1788689,1.1464378,1.166857,1.1620357,1.15228,1.1512357,1.1712554,1.1647435,1.1582649,1.1632063,1.1626186,1.1561961,1.1591852,1.163581,1.1593355,1.1486996,1.1641662,1.1729114,1.1655043,1.1535357,1.1586152,1.157663,1.1527145,1.1710871,1.170726,1.1675967,1.1676764,1.1739583,1.1560941,1.17317,1.1398656,1.1674732,1.1698178,1.1719946,1.1785026,1.1555822,1.1596247,1.1589588,1.1637408,1.1635058,1.155864,1.1520548,1.1558133,1.1587656,1.1728123,1.1710833,1.1619841,1.1697482,1.1518903,1.1697032,1.151913,1.1521237,1.166688,1.1663798,1.1844518,1.1704832,1.1658016,1.1739049,1.1674569,1.1618646,1.172827,1.1544887,1.1615776,1.1588448,1.1551858,1.176821,1.1560975,1.1829453,1.1546552,1.1671002,1.1649072,1.1506588,1.161828,1.1534696,1.1549194,1.15207,1.1516727,1.1586385,1.1623075,1.1743793,1.1826361,1.1599975,1.1715233,1.1567872,1.1687816,1.1611688,1.1616603,1.1509528,1.1667521,1.1521246,1.1709222,1.1573031,1.1686212,1.1748081,1.1642393,1.1494572,1.1639624,1.1635749,1.168083,1.1703525,1.1672634,1.1566951,1.1605234,1.1474918,1.1654441,1.171908,1.1541743,1.1628668,1.1462674,1.1552082,1.1815863,1.1614567,1.1642655,1.142107,1.1641918,1.1663795,1.1708673,1.1377048,1.1494452,1.1741831,1.1693785,1.1625065,1.150011,1.167708,1.1680857,1.1704831,1.1588354,1.15957,1.1527301,1.1438355,1.1565171,1.171097,1.1606106,1.1520907,1.1687393,1.178375,1.1742334,1.1693174,1.1537375,1.155344,1.1722099,1.1578462,1.159408,1.1577483,1.1457492,1.1720724,1.1591977,1.1450423,1.1606364,1.1667469,1.1680746,1.1633122,1.1602156,1.1535167,1.166311,1.1542114,1.1547581,1.1620284,1.1628006,1.1624038,1.1539807,1.1588175,1.1441962,1.1533322,1.1591359,1.16919,1.1652738,1.1686759,1.1758523,1.141889,1.1554089,1.1663958,1.1450093,1.1697006,1.1593887,1.1600173,1.1613562,1.1875223,1.1510999,1.1527556,1.1657106,1.1621226,1.1519918,1.1665012,1.1604831,1.1802877,1.1457005,1.1617637,1.1660962,1.1765395,1.1552143,1.1590724,1.1556576,1.1439764,1.1611037,1.1508766,1.1556603,1.166605,1.154563,1.145673,1.1459669,1.1625688,1.1420105,1.1540705,1.1552417,1.1489033,1.1744221,1.1512963,1.1549914,1.1445928,1.1727598,1.1501416,1.165742,1.1598728,1.1622692,1.1489627,1.1732297,1.1547946,1.156766,1.1542952,1.1500938,1.1452265,1.1693248,1.1545931,1.1399333,1.1648451,1.1571544,1.1590762,1.1601019,1.1497264,1.1600066,1.1625062,1.1740068,1.1703842,1.1560763,1.1638994,1.1471944,1.1666979,1.173346,1.1628481,1.1536493,1.1495872,1.1551256,1.1516448,1.1565588,1.1776088,1.1674337,1.171438,1.1578959,1.1594591,1.1388924,1.1728591,1.1707114,1.1697141,1.1670754,1.1771795,1.1796126,1.1549071,1.1789219,1.158446,1.1745229,1.1912684,1.1618546,1.1529897,1.1652212,1.1702847,1.1520098,1.165793,1.1568439,1.1465856,1.1490189,1.1873615,1.1845953,1.1575565,1.1577471,1.171843,1.175422,1.1588359,1.1639433,1.1817226,1.1785054,1.1681882,1.1606343,1.1537375,1.1501521,1.1261163,1.1579478,1.1672742,1.1519701,1.1726265,1.1932471,1.1754755,1.153824,1.1565635,1.1663692,1.1803919,1.1528,1.1780529,1.1804696,1.1558424,1.1441503,1.1547823,1.1431024,1.1548859,1.170421,1.1421044,1.172687,1.1624095,1.1743541,1.1537338,1.1644816,1.1654683,1.1507707,1.1455873,1.1734209,1.1600753,1.1575115,1.1628388,1.1590923,1.1699288,1.1679235,1.1524489,1.1519411,1.1603186,1.1698502,1.1546857,1.1617038,1.1549793,1.1546483,1.1491573,1.1458832,1.1395615,1.142954,1.1655301,1.1857889,1.1649492,1.1555243,1.1418853,1.1550393,1.1741238,1.1660025,1.1545457,1.1771374,1.1587902,1.1735442,1.1655455,1.1651517,1.1517336,1.1502448,1.1567618,1.1683142,1.1749828,1.1556246,1.1504741,1.1650205,1.1702895,1.1710937,1.1712153,1.166059,1.1641657,1.1540791,1.1593283,1.1570183,1.1612233,1.1564778,1.1425536,1.1634731,1.1543494,1.1519128,1.1849318,1.1461564,1.1730884,1.1640347,1.1638873,1.1688321,1.1766381,1.1749978,1.1746929,1.1545774,1.1670654,1.1760879,1.1549263,1.155857,1.1658856,1.1579643,1.1676371,1.1749741,1.1544236,1.1658305,1.1544806,1.1432167,1.1465615,1.1768326,1.1734678,1.1583123,1.1675731,1.1723124,1.1776488,1.1598876,1.1663606,1.1682633,1.1499507,1.1663768,1.1535376,1.1627836,1.1779255,1.1579895,1.1713309,1.1501985,1.1765852,1.1667875,1.1404492,1.1788994,1.1623037,1.1553143,1.1503485,1.1525835,1.174891,1.1591507,1.1643001,1.1632364,1.1684334,1.1537505,1.1669468,1.1701344,1.1648426,1.168221,1.1523535,1.1787379,1.158295,1.1618296,1.1573879,1.154624,1.1566588,1.1924399,1.170806,1.1552587,1.1658894,1.1533896,1.1628132,1.1653666,1.1538627,1.1675346,1.1607836,1.1476057,1.1603141,1.1620873,1.1612395,1.1648378,1.1608037,1.1529771,1.1512275,1.1465936,1.1635188,1.1585119,1.1653724,1.1369017,1.1631535,1.1515267,1.1629109,1.1922252,1.1694381,1.146291,1.145565,1.1689838,1.1613556,1.168503,1.1725842,1.1326456,1.1708112,1.155047,1.1666675,1.1564778,1.1369748,1.1547338,1.1804106,1.1580223,1.168285,1.1592603,1.1423267,1.1649419,1.1521407,1.1697599,1.1574773,1.1400605,1.1458046,1.155157,1.1669726,1.164396,1.1634227,1.1656644,1.1618798,1.1736851,1.1620321,1.1627009,1.1831956,1.1661395,1.1540313,1.1613436,1.1614699,1.1869407,1.1507535,1.1673725,1.1678126,1.1759789,1.1653596,1.1522657,1.1745574,1.1678734,1.157324,1.1655788,1.162314,1.1615481,1.1690753,1.1578213,1.1465929,1.1488609,1.1752181,1.1634313,1.153136,1.1691916,1.1580194,1.1598812,1.1520705,1.1433566,1.1644136,1.170983,1.1550746,1.1759312,1.1613352,1.1549371,1.1350653,1.169934,1.157896,1.1653838,1.1375167,1.153466,1.1745037,1.1532851,1.1802952,1.1599662,1.1655023,1.1518908,1.1450223,1.1541257,1.1513647,1.163208,1.1583749,1.15723,1.1513928,1.1800131,1.1593032,1.1480514,1.1534159,1.1819791,1.1585532,1.1541126,1.1832743,1.1641885,1.1632022,1.1932245,1.1646583,1.1505662,1.1619884,1.1844085,1.1602281,1.1544495,1.1658028,1.160906,1.1633571,1.1536534,1.14811,1.1477572,1.1518652,1.1513655,1.144658,1.1644241,1.1612545,1.1432159,1.1524808,1.1623739,1.1668619,1.1597711,1.168274,1.1702489,1.1662654,1.1736082,1.1438447,1.1703863,1.1564721,1.1613971,1.1469226,1.1490959,1.1568723,1.1523359,1.1615343,1.1440786,1.1683549,1.1749396,1.1674774,1.1798266,1.1796021,1.1573217,1.1566112,1.1608909,1.168864,1.1680276,1.1548254,1.181753,1.1635135,1.1570992,1.165149,1.1705714,1.1508515,1.1426405,1.1560333,1.152787,1.1578085,1.1626731,1.162367,1.1453781,1.159716,1.1659641,1.1664963,1.1465435,1.1676965,1.1552545,1.1683062,1.1759717,1.1300424,1.1566277,1.1635075,1.1582593,1.1714042,1.1539162,1.1836497,1.1597004,1.1501786,1.1709445,1.1610187,1.1600163,1.1603895,1.1630692,1.1621,1.1750028,1.1474555,1.1621703,1.1555649,1.1581122,1.1714734,1.1668246,1.1568165,1.167496,1.1871498,1.1676021,1.1716017,1.1500882,1.1635193,1.1613262,1.1582434,1.162048,1.1610788,1.1588615,1.1690195,1.1578128,1.1615369,1.1726257,1.1748863,1.1443447,1.1549386,1.1542006,1.1515073,1.1300856,1.1577263,1.1541125,1.1679369,1.1448399,1.1565778,1.1753289,1.1647298,1.1798556,1.1716936,1.1546156,1.1660951,1.1683351,1.1636382,1.1662759,1.159529,1.1577328,1.1581358,1.1572026,1.1626364,1.1713461,1.1420614,1.1614661,1.1583345,1.166589,1.1607165,1.163502,1.1653203,1.1708906,1.1469133,1.1564062,1.1671255,1.1378849,1.1556643,1.1569544,1.1773319,1.1715374,1.1822132,1.1709013,1.1738594,1.1592195,1.1528864,1.158776,1.1648356,1.1662595,1.176713,1.1722078,1.1517524,1.165732,1.1751424,1.1724466,1.1541947,1.1820903,1.1595889,1.1623456,1.1540108,1.1556529,1.1484556,1.1642379,1.1513578,1.1535535,1.163353,1.161347,1.1774734,1.1435094,1.1640234,1.1538571,1.1639901,1.1500298,1.1516663,1.1585786,1.1753124,1.1595925,1.1704836,1.1512618,1.1724323,1.1845201,1.1599852,1.1519945,1.1686016,1.1645658,1.1557472,1.169982,1.1601212,1.1552675,1.1669363,1.1640545,1.1699623,1.15045,1.1715063,1.1661298,1.1613948,1.1551036
0.10632002,0.11625242,0.10472033,0.10763246,0.099899195,0.10955973,0.12102273,0.09563899,0.09800002,0.09588545,0.107473046,0.11461887,0.09896778,0.11995755,0.11293131,0.11371014,0.09802072,0.10440667,0.10014227,0.0907339,0.11601852,0.099197164,0.09475581,0.104140766,0.092909046,0.10318644,0.094890565,0.07891025,0.10219315,0.11499115,0.1169623,0.11259802,0.08866955,0.09670527,0.12056124,0.10628359,0.10844252,0.10920383,0.116682656,0.108150356,0.114498645,0.1096552,0.101029135,0.10196778,0.09262041,0.105901524,0.08491092,0.10807035,0.08193512,0.106317565,0.097550854,0.1045684,0.10477786,0.12235355,0.1077957,0.09541791,0.10201061,0.11021112,0.113983765,0.09564975,0.11420187,0.09988426,0.111267045,0.101027876,0.101350054,0.10449755,0.09699099,0.11599877,0.112811536,0.09896469,0.12946916,0.09851599,0.098509915,0.10143509,0.08974047,0.10308482,0.11151387,0.09542117,0.1111128,0.110904664,0.094279945,0.08631193,0.113444634,0.102424905,0.11686701,0.11958716,0.09799517,0.1100844,0.112423725,0.1091226,0.11288597,0.1120377,0.09336826,0.09822777,0.09430292,0.106033556,0.10230473,0.10399626,0.10541344,0.08856932,0.11077964,0.097167104,0.12412208,0.10279323,0.10887434,0.07967969,0.10542846,0.09453556,0.106786594,0.0985471,0.10052105,0.110957086,0.13876384,0.1036271,0.10576403,0.088065565,0.11698776,0.07884468,0.11632322,0.108480304,0.09153299,0.1143058,0.11258904,0.09064108,0.105008155,0.096967295,0.110040605,0.097923785,0.1301984,0.0942093,0.11725587,0.09958495,0.09652001,0.0979535,0.09683496,0.10152282,0.105726935,0.11856352,0.09844379,0.10993393,0.11611101,0.09927575,0.110577285,0.0855103,0.108585075,0.107109405,0.11257347,0.08942922,0.104745656,0.09884386,0.1126517,0.10774559,0.101414934,0.090162255,0.108999245,0.086609386,0.08306217,0.11366395,0.1028681,0.10527834,0.10254974,0.10783176,0.08375607,0.10528414,0.094447196,0.08670843,0.10435631,0.112037845,0.10711112,0.09869635,0.11043802,0.10574511,0.10181704,0.09586396,0.110878125,0.1040833,0.13164525,0.08427289,0.0967221,0.09106445,0.103710145,0.0929402,0.10436953,0.11356823,0.09796472,0.09199174,0.09359789,0.09979047,0.089585796,0.106481686,0.098204404,0.10471064,0.099368855,0.108183205,0.08960135,0.09008065,0.099060625,0.11649233,0.11023517,0.0993911,0.117659695,0.11296615,0.111647144,0.09997797,0.11419583,0.09695649,0.10707213,0.10424271,0.117140174,0.10003631,0.09829694,0.10441693,0.1028599,0.10857554,0.109216064,0.10097078,0.09320177,0.12372826,0.11771818,0.11355905,0.10656415,0.09864308,0.10936315,0.09922595,0.082454085,0.09774859,0.09846622,0.090473756,0.118680365,0.09872281,0.09939879,0.09440185,0.10378478,0.093715176,0.111812845,0.10970507,0.10994766,0.12024158,0.1276207,0.114180505,0.10753368,0.098780684,0.09935817,0.10351209,0.10063562,0.10345632,0.09024884,0.06498678,0.09824351,0.10632842,0.11108889,0.094396695,0.10255623,0.11341268,0.09933798,0.08289422,0.104320124,0.10399109,0.101632446,0.092932105,0.08634165,0.09425777,0.09367411,0.1013955,0.10516919,0.11145766,0.101695776,0.09828593,0.10158697,0.0876288,0.121941365,0.11806808,0.09534149,0.0972764,0.12182711,0.107838936,0.090863615,0.09085415,0.10332064,0.1078493,0.122904144,0.0962875,0.07995834,0.09101909,0.09396817,0.10952588,0.09252616,0.120293275,0.091083154,0.10107347,0.1093567,0.095663026,0.09367554,0.08041276,0.0994318,0.10248034,0.10565033,0.09716338,0.09837866,0.11088885,0.08942505,0.10739483,0.09422108,0.11121869,0.09920807,0.10279648,0.10314129,0.094454065,0.113393106,0.09247106,0.11783789,0.098280475,0.091030136,0.097104385,0.10073361,0.10488645,0.11327882,0.10119993,0.10695739,0.09242672,0.0982361,0.10449058,0.102514006,0.099168286,0.089430526,0.10564375,0.11217468,0.12154591,0.0852163,0.10582453,0.103152014,0.10394803,0.10152957,0.10634214,0.10609021,0.10532037,0.10210572,0.101695,0.101558104,0.11298246,0.10149756,0.112176895,0.11090136,0.09024162,0.09498742,0.094238915,0.09589597,0.06918876,0.12577811,0.11152999,0.094260484,0.107564375,0.104773045,0.096222766,0.08731984,0.10217593,0.100711286,0.10062046,0.09749873,0.09081701,0.10962051,0.11826336,0.11171517,0.1031784,0.09684102,0.09221384,0.106121354,0.11806628,0.10964564,0.10565527,0.09087611,0.10816534,0.090791866,0.086638615,0.11466562,0.10217418,0.1056971,0.09518385,0.103339314,0.11890723,0.12199132,0.1212895,0.10409501,0.08993337,0.10997726,0.11539188,0.101322055,0.091490574,0.10579298,0.09958631,0.09216884,0.103549376,0.10443314,0.112668306,0.10011693,0.10121009,0.09519404,0.12186957,0.11353293,0.10966474,0.096331805,0.11519455,0.09570855,0.10792786,0.11614801,0.10954696,0.12490628,0.11128413,0.08329428,0.09344319,0.11401302,0.0938009,0.116816685,0.12248476,0.11090243,0.10111662,0.0917781,0.09948465,0.104721546,0.104465455,0.09562141,0.10430494,0.11790374,0.11836979,0.09174664,0.10514568,0.08940574,0.10852757,0.097866155,0.1028933,0.124632,0.11571712,0.09152778,0.110536575,0.10064991,0.10196473,0.09907663,0.084616326,0.102541976,0.0996862,0.11917496,0.112162955,0.10430299,0.09854965,0.107766576,0.119840905,0.087132245,0.10815925,0.11508413,0.09861001,0.11609505,0.110279515,0.12676902,0.10716657,0.10503847,0.08157268,0.083297186,0.11434308,0.11294711,0.09703942,0.093151346,0.08854112,0.108876064,0.111816585,0.11126664,0.10539369,0.10845971,0.099901065,0.13415015,0.12712032,0.11379776,0.08915755,0.11014059,0.10754153,0.11856559,0.10573832,0.10762225,0.1100494,0.1067486,0.11045954,0.09597704,0.09245628,0.110192925,0.09597546,0.10303487,0.10689379,0.11236567,0.10593759,0.12569718,0.10128127,0.10138872,0.09936155,0.121281326,0.100647554,0.10278079,0.09936537,0.10117787,0.099835485,0.09502372,0.10646199,0.10063848,0.102604076,0.07594916,0.11576389,0.08444425,0.12091786,0.07505378,0.09963495,0.09918953,0.10388491,0.10816006,0.11421771,0.10930782,0.0897685,0.10870403,0.09583676,0.10301806,0.10607611,0.09418005,0.109372064,0.068464324,0.10169792,0.10330893,0.11334071,0.10897581,0.11702761,0.080751106,0.09572507,0.10065499,0.09784102,0.09024334,0.109244525,0.108502656,0.123302415,0.09899677,0.0954159,0.09749132,0.0994306,0.10604825,0.10565203,0.11653802,0.098701745,0.09475832,0.096807495,0.10656788,0.108168274,0.11098682,0.10643014,0.101083994,0.10945765,0.09921001,0.08532137,0.099224724,0.10905208,0.1101245,0.08893526,0.10339238,0.10272863,0.11405321,0.10584163,0.08570233,0.10818206,0.1089057,0.10484283,0.12595741,0.10035256,0.09288794,0.10074213,0.09662699,0.08844091,0.11378761,0.09256983,0.105332784,0.10773425,0.087329835,0.12222721,0.11045365,0.11272973,0.098577194,0.09712432,0.10278927,0.1085866,0.11012904,0.09701659,0.097451374,0.116086915,0.109820016,0.11224647,0.11244881,0.09420559,0.10742436,0.09043546,0.117285095,0.09334858,0.11921081,0.10037635,0.105950564,0.10301966,0.102153845,0.1179339,0.1010543,0.09918298,0.09887127,0.12377849,0.08440222,0.11368783,0.09802541,0.109815404,0.12230852,0.098563485,0.09572476,0.09996812,0.0891571,0.113451175,0.09699024,0.08917741,0.122296676,0.104112625,0.11752558,0.10425362,0.11042349,0.10225502,0.124495916,0.111971095,0.121935636,0.104531586,0.083663434,0.10702365,0.099522665,0.10362297,0.11440555,0.09267101,0.11032955,0.09256408,0.11846526,0.11474219,0.0992329,0.10419687,0.09920537,0.10593365,0.10885903,0.113020234,0.12934843,0.11716743,0.12079779,0.1211137,0.10987327,0.0989475,0.11680588,0.10175988,0.10694432,0.11500707,0.09027934,0.121418394,0.11394645,0.11242439,0.106674016,0.11300466,0.1010827,0.12712604,0.13520105,0.10053715,0.114930294,0.12010768,0.09778012,0.10877943,0.093430504,0.11635209,0.10816148,0.10994808,0.110454276,0.1236393,0.098125145,0.10755795,0.09392376,0.121563494,0.089045756,0.09454804,0.109394535,0.10386263,0.10997525,0.11386819,0.10543779,0.09889661,0.1011018,0.13726155,0.11131398,0.08276505,0.118529685,0.10083529,0.09097006,0.10378053,0.11441386,0.08396758,0.10508631,0.11099893,0.09215768,0.09320417,0.10121631,0.1190338,0.095515735,0.11098642,0.11881292,0.09914893,0.10444456,0.10063675,0.095918946,0.09697264,0.08178592,0.10175537,0.108435,0.09846583,0.11836726,0.09921423,0.10435407,0.125114,0.08684628,0.084646925,0.09320847,0.1081967,0.10222561,0.115628816,0.08674827,0.089266375,0.09313247,0.10470156,0.09317665,0.097066045,0.10320936,0.10164208,0.09616134,0.10060026,0.111727215,0.09918447,0.10695342,0.105471864,0.08793706,0.09202273,0.104662254,0.09819167,0.09402217,0.10020165,0.11003479,0.10138203,0.119333655,0.0985343,0.09167904,0.110587664,0.110798165,0.09457502,0.10775245,0.09311819,0.103367284,0.11227768,0.11878918,0.110679656,0.101761624,0.10018593,0.097286806,0.11232053,0.10968783,0.11768811,0.099408716,0.12783782,0.10612343,0.11507205,0.11732112,0.095323935,0.10218096,0.09994201,0.10449169,0.09150192,0.11242747,0.101787336,0.10749517,0.106458955,0.096266136,0.10434811,0.09749254,0.114340834,0.096022844,0.1120442,0.119326055,0.09014286,0.11234578,0.11141228,0.100271046,0.107718766,0.116230845,0.090233475,0.08707598,0.12114887,0.121992655,0.11512475,0.13378307,0.092453,0.08183578,0.116899036,0.11478185,0.110920295,0.09210837,0.10379439,0.10706898,0.07832987,0.098689176,0.11590113,0.11960069,0.10995619,0.10970934,0.083121926,0.10469021,0.10895341,0.10745241,0.10959129,0.1230474,0.11120482,0.11976209,0.102182046,0.1170135,0.10584308,0.09356804,0.11009037,0.09690939,0.08331631,0.10337363,0.10764149,0.10361859,0.10878779,0.10791767,0.112447634,0.095080346,0.10511729,0.09751634,0.09369017,0.1306709,0.110994644,0.09778741,0.08863303,0.10975793,0.12094878,0.1092753,0.12437242,0.10628377,0.09673388,0.1246847,0.11795835,0.10949199,0.08495511,0.119508974,0.096802264,0.10309918,0.10868771,0.1007624,0.12253148,0.09757287,0.088281885,0.10005888,0.097666204,0.0966391,0.08599503,0.1066121,0.115685195,0.094963156,0.09420344,0.100438066,0.09525991,0.11192477,0.09038451,0.10260497,0.12307474,0.09383298,0.09573459,0.11130433,0.082566455,0.09447037,0.117465615,0.10333309,0.12553196,0.11227381,0.09379746,0.11239581,0.092129566,0.10892667,0.08029723,0.110266715,0.10279606,0.066148825,0.10781816,0.085361585,0.11419045,0.111266166,0.11345133,0.11791881,0.11450556,0.107811615,0.12389391,0.10695767,0.114344016,0.097299695,0.12042959,0.10092228,0.09526047,0.12020333,0.09928591,0.093779474,0.09129082,0.11992003,0.10200991,0.11464272,0.10071792,0.10415276,0.11978249,0.11148464,0.09206351,0.11024587,0.10676715,0.10026903,0.11817833,0.10139227,0.113235146,0.09753639,0.10610678,0.10406965,0.11460387,0.09956709,0.09851743,0.123728245,0.093422644,0.11544465,0.102002,0.11786878,0.10827936,0.09428124,0.11017704,0.115896195,0.10948309,0.09714427,0.091534585,0.09245765,0.1165504,0.13135745,0.10878724,0.10565087,0.1157202,0.11030899,0.09066426,0.09673017,0.09470147,0.099732585,0.093430206,0.10715612,0.11859006,0.0844928,0.1120051,0.09996563,0.12510231,0.09095642,0.111384474,0.11157555,0.09784609,0.10388801,0.097563334,0.11243589,0.11141917,0.12044789,0.08962339,0.093969285,0.08970161,0.110811576,0.09380895,0.10819021,0.0981059,0.106271595,0.10116635,0.104043186,0.098995745,0.10043794,0.09467934,0.110693574,0.09982659,0.10803045,0.109595,0.10261977,0.08972833,0.0890169,0.093962535,0.104537964,0.09661579,0.11482227,0.09981814,0.08529691,0.089650616,0.09406389,0.104859054,0.089977175,0.101344824,0.09602897,0.108615644,0.10872546,0.090624824
