0.5014301,0.5070025,0.49786097,0.49744004,0.4965567,0.52040726,0.48638552,0.5121695,0.47719565,0.49248385,0.49977672,0.50923157,0.50413054,0.50944376,0.4992218,0.50576705,0.50727385,0.5061972,0.50867397,0.5199791,0.48157972,0.49223825,0.49825597,0.49940413,0.51281816,0.51920885,0.50175416,0.4910621,0.49829862,0.5032397,0.49820238,0.5001617,0.5216825,0.48733294,0.47830105,0.49911997,0.5194246,0.47631496,0.50197136,0.5127645,0.5016231,0.5102595,0.5070548,0.4986337,0.50034654,0.4913275,0.50693524,0.48953518,0.49718833,0.50408715,0.4855612,0.4887102,0.5075305,0.47889498,0.50130725,0.489964,0.5135626,0.5083609,0.4914238,0.52546656,0.5154613,0.49036196,0.50017756,0.50034374,0.49032795,0.49224058,0.49392492,0.5051539,0.50594014,0.5078907,0.47474268,0.51307064,0.48545521,0.5125707,0.5125273,0.50556177,0.49874032,0.5044368,0.48706654,0.4939515,0.5047539,0.51382023,0.50013995,0.50628704,0.5024644,0.49616885,0.49880302,0.5044996,0.51149404,0.50772,0.5155021,0.49127528,0.48494896,0.51001155,0.50744706,0.49507257,0.49275637,0.509498,0.5093169,0.5067002,0.48427895,0.49449784,0.49827394,0.50677556,0.5134589,0.49464086,0.49405757,0.5045169,0.49431318,0.49105412,0.48852313,0.49373436,0.5011455,0.5056664,0.4892905,0.5149401,0.5167123,0.5139695,0.5088447,0.48609427,0.5011006,0.508234,0.49259406,0.5058823,0.48248798,0.51083285,0.48213527,0.4879054,0.49781945,0.52070355,0.49869052,0.50394183,0.502605,0.5078895,0.5160389,0.50874346,0.51705116,0.54166067,0.50754887,0.49260497,0.4894229,0.49952972,0.50828916,0.4727425,0.48510846,0.5074967,0.49435312,0.49845096,0.5031027,0.4956642,0.49489453,0.4972733,0.4927695,0.50590295,0.5124697,0.5037644,0.47464868,0.51291895,0.50217384,0.5122441,0.49491376,0.5029649,0.50739515,0.5114842,0.503741,0.50601393,0.49862546,0.513859,0.49264625,0.5040188,0.49184662,0.5032308,0.51741064,0.51193935,0.5048983,0.47993314,0.5054453,0.4969482,0.4802249,0.5082196,0.48408657,0.5050802,0.49351394,0.5054343,0.5122718,0.50664216,0.49909958,0.4970925,0.51223093,0.49863964,0.48889086,0.50800014,0.49952877,0.52272826,0.49425408,0.49831384,0.49457708,0.5011343,0.5210661,0.4991139,0.51325476,0.50310504,0.5023833,0.4991592,0.49474257,0.48592338,0.495638,0.50363374,0.4822502,0.5013655,0.49010083,0.49304986,0.4945341,0.5005236,0.51696175,0.5068401,0.48837775,0.50685066,0.49272168,0.49943286,0.49036765,0.49543577,0.48814076,0.5056069,0.5054164,0.4884759,0.48712137,0.5157449,0.48602784,0.5181512,0.49736094,0.5047061,0.5102199,0.49972776,0.4997987,0.50867224,0.5000274,0.49948922,0.5129611,0.51223654,0.49830404,0.4939721,0.5068881,0.4850241,0.5016336,0.49653912,0.5151121,0.4871906,0.49212092,0.5036215,0.5128806,0.5242872,0.50381273,0.49590755,0.50910664,0.4853051,0.50712115,0.49263364,0.51111627,0.49432212,0.494821,0.52209157,0.5162403,0.5042955,0.4943575,0.49589592,0.49944273,0.5116591,0.5166023,0.5085894,0.50354564,0.51622254,0.497195,0.49093878,0.4914398,0.5022724,0.4956457,0.49874055,0.51386064,0.49520794,0.48323312,0.524751,0.50557756,0.5186464,0.4867259,0.49542075,0.4889138,0.51509166,0.49546394,0.5013535,0.48300526,0.51511866,0.51183236,0.50207573,0.50484824,0.4930976,0.47004735,0.52189386,0.5007521,0.49844894,0.50255024,0.5054427,0.49331632,0.5024462,0.48053712,0.5011218,0.4963767,0.49803147,0.4889835,0.5038297,0.49824724,0.5138247,0.50848955,0.48877975,0.5212387,0.4918722,0.48661774,0.49776334,0.5097008,0.48625556,0.48495427,0.5113641,0.5165386,0.4961319,0.5057256,0.49859092,0.48514834,0.50197405,0.49074796,0.49306032,0.5030848,0.5245985,0.5063219,0.49566352,0.47526708,0.49080497,0.4858435,0.500074,0.49217486,0.50390077,0.4928488,0.50398403,0.5187775,0.49677137,0.4982801,0.5018055,0.5051643,0.51204664,0.49795312,0.50600004,0.50203204,0.519319,0.48529658,0.5200792,0.49817258,0.49272382,0.49477452,0.49869594,0.4899587,0.48759156,0.51310945,0.50618243,0.49761668,0.508686,0.47791865,0.5015838,0.5022553,0.5178031,0.48580858,0.4903304,0.49208006,0.50650805,0.5001388,0.5113413,0.49091208,0.5014092,0.5037918,0.49275282,0.5124396,0.50252837,0.49039263,0.4992908,0.48133472,0.5069341,0.4950693,0.50269836,0.49340823,0.5120696,0.4937985,0.5116872,0.5115922,0.51842594,0.5028935,0.5161835,0.5118678,0.5104135,0.50699455,0.50064933,0.5035101,0.47363183,0.49313495,0.5095513,0.51314366,0.50254846,0.49951583,0.48011112,0.494965,0.48670495,0.51937634,0.5015569,0.5087207,0.48941988,0.5149868,0.50014716,0.51833886,0.51626956,0.49625573,0.49092042,0.49526757,0.506419,0.508674,0.498279,0.49929157,0.49473163,0.5163798,0.48528,0.49425372,0.5172743,0.48737422,0.5171841,0.49179146,0.49690935,0.5049971,0.5179313,0.51630145,0.5021171,0.5122831,0.5050535,0.49810475,0.4965223,0.5104464,0.51711965,0.5230205,0.49869648,0.48831293,0.50526595,0.4947291,0.51570016,0.5114039,0.50003934,0.49767855,0.49706382,0.51603734,0.49052575,0.49263257,0.5057937,0.49679694,0.5092946,0.49945754,0.5055123,0.5044813,0.49011183,0.49385232,0.50447255,0.4943934,0.4783667,0.49385774,0.5041936,0.5095739,0.48791575,0.5016771,0.5003314,0.49341643,0.49328846,0.49537635,0.49124587,0.49143958,0.49128327,0.48452953,0.50239,0.501404,0.5006146,0.5228892,0.5261181,0.49807987,0.49656907,0.49662593,0.51535654,0.49078587,0.5121622,0.508025,0.4811181,0.4859909,0.4944722,0.5063279,0.5007533,0.5030789,0.490469,0.48454794,0.5032752,0.49679357,0.5049782,0.51201504,0.52312064,0.5081946,0.50471324,0.50042164,0.4870279,0.4954052,0.50132304,0.5312861,0.5164801,0.47064874,0.50365233,0.5315644,0.48665792,0.5091679,0.51001686,0.48745114,0.50420666,0.51168567,0.5097402,0.509053,0.5063877,0.49256083,0.49020818,0.5132132,0.5031522,0.48834878,0.5239765,0.4864536,0.5007048,0.5164355,0.501671,0.4986246,0.4974718,0.50823313,0.49025488,0.49919486,0.50202656,0.49850482,0.4827047,0.5054191,0.50212467,0.5111778,0.4960315,0.49436882,0.5074386,0.507718,0.5000852,0.49466252,0.49529576,0.5007545,0.49120626,0.5146595,0.5034583,0.48932806,0.50813156,0.5046798,0.49668726,0.49479777,0.48885432,0.495481,0.48564142,0.4939651,0.5044263,0.50502175,0.51678723,0.48124093,0.5087678,0.51966184,0.5153559,0.5045314,0.4917624,0.5100821,0.5004649,0.50190425,0.5092659,0.5148018,0.5095378,0.5184459,0.49609816,0.49265948,0.51168275,0.49253562,0.49625358,0.48625734,0.48021105,0.52074355,0.4854057,0.5098016,0.5011518,0.5033545,0.49659204,0.49786994,0.51311207,0.5032373,0.49876067,0.49599677,0.4918109,0.51554483,0.50942135,0.5144463,0.51019794,0.49975258,0.50033474,0.497469,0.49137807,0.49904823,0.49853104,0.5045227,0.49336883,0.50870144,0.50566244,0.5102075,0.5060122,0.48753256,0.5066065,0.5041788,0.49351573,0.5015705,0.49394736,0.5207902,0.5122364,0.49399397,0.4973574,0.47803876,0.50662005,0.5113004,0.49493352,0.5144909,0.5021323,0.5068146,0.5063835,0.51216197,0.49673092,0.49334118,0.49530584,0.4954192,0.51382166,0.5047925,0.5119854,0.52090436,0.48514825,0.5157924,0.50502795,0.5120826,0.49571806,0.5061868,0.5032104,0.5103175,0.5047824,0.489555,0.51091653,0.48191622,0.4828833,0.49850377,0.51268166,0.5105525,0.51055074,0.52180696,0.50452805,0.50646895,0.4958027,0.50841177,0.51354015,0.4827259,0.5190389,0.5029621,0.49715048,0.52305335,0.5117229,0.50018233,0.5116781,0.5179879,0.4985673,0.5107562,0.49250367,0.5021255,0.5087932,0.51837283,0.49217352,0.51156354,0.4993154,0.5099097,0.50617963,0.49255732,0.49897876,0.517382,0.51935446,0.48933837,0.4976376,0.5089356,0.5013294,0.50970566,0.5080517,0.50772744,0.50505596,0.49943438,0.4993021,0.50107014,0.5062666,0.50232846,0.50259775,0.49489015,0.5151843,0.51234686,0.5108191,0.48922282,0.49878544,0.50350374,0.481081,0.517634,0.49756157,0.502332,0.49710763,0.5003649,0.5051741,0.49153507,0.49621278,0.51392776,0.48882398,0.5245614,0.49805832,0.48850304,0.48197314,0.51105124,0.51335466,0.4790552,0.4761264,0.50986904,0.4862337,0.4781835,0.5124682,0.50930464,0.50241315,0.50818807,0.4984278,0.5004389,0.5059998,0.5063449,0.49977893,0.5135007,0.48807222,0.5041778,0.5079326,0.5199809,0.46247226,0.50557995,0.5013169,0.50511897,0.49898204,0.48687792,0.49493784,0.49412587,0.5111611,0.48964667,0.4901382,0.5028878,0.48454797,0.49553293,0.5052033,0.48441213,0.5189776,0.4916413,0.50081396,0.5006687,0.49573606,0.49974138,0.50006235,0.5036019,0.5024439,0.5076606,0.4990812,0.48257565,0.49460068,0.49594846,0.49623072,0.49107623,0.51143396,0.50284004,0.50974506,0.49326468,0.4967337,0.48896497,0.51585615,0.51106733,0.52051526,0.5003776,0.4995757,0.52305555,0.50332314,0.5184862,0.4973789,0.5101922,0.4983631,0.49631724,0.5232836,0.5060716,0.51079196,0.5089045,0.499061,0.49038363,0.50268227,0.49753276,0.52405185,0.5122416,0.5073501,0.48648322,0.4927254,0.48590574,0.50629145,0.49338514,0.49686092,0.48602968,0.49194506,0.503753,0.50919634,0.4934867,0.50128657,0.49645576,0.50118005,0.485833,0.47655135,0.49851593,0.49470443,0.52310216,0.47867692,0.5124688,0.5053867,0.51251435,0.48696178,0.48690635,0.49796236,0.50551105,0.4999254,0.49896422,0.5101528,0.49250773,0.51215124,0.49482825,0.50149083,0.49749127,0.5045664,0.49677503,0.4975655,0.48750362,0.4908871,0.49971363,0.5052795,0.49053577,0.5120211,0.48815122,0.49065012,0.51373243,0.50329167,0.48708576,0.50964093,0.5049443,0.4838848,0.51822853,0.4950391,0.47323012,0.48757955,0.50904155,0.5073707,0.49139902,0.5047248,0.5131686,0.5145181,0.5094781,0.5083463,0.52020663,0.49875262,0.5072376,0.49962667,0.5067892,0.5076345,0.513017,0.49476326,0.5123856,0.50995994,0.50025076,0.5016317,0.47309634,0.49047294,0.5296012,0.50871223,0.48296234,0.5019526,0.50871646,0.5103537,0.49338537,0.5153547,0.49656135,0.49749327,0.4961464,0.48896235,0.5098033,0.4964204,0.4947048,0.4999761,0.51826584,0.51073974,0.49778834,0.512334,0.5062029,0.49852479,0.494466,0.4887181,0.50824606,0.50820184,0.49071285,0.4861067,0.49842167,0.4973569,0.4993715,0.50354683,0.49076897,0.50648105,0.5006418,0.48862603,0.4780454,0.51621383,0.5114108,0.49847344,0.51218224,0.50088143,0.4886871,0.4990556,0.4920889,0.5031865,0.49244115,0.50702673,0.51954055,0.4919915,0.50631934,0.5034371,0.4765718,0.4960915,0.5040166,0.51221615,0.5071364,0.51612407,0.5007078,0.4941392,0.5018549,0.51071274,0.50980264,0.49030212,0.5135937,0.49929816,0.49735418,0.48381317,0.50615,0.50396854,0.49568367,0.5186503,0.51222676,0.51783687,0.49777782,0.5011701,0.49666497,0.48073825,0.4983982,0.51376945,0.48348668,0.4859043,0.50600785,0.49512523,0.49191514,0.50273985,0.49240756,0.49715057,0.48806995,0.51497567,0.4735702,0.49456277,0.48255032,0.5295737,0.49624828,0.50473094,0.49952942,0.50856584,0.5049309,0.5032442,0.49378347,0.48392373,0.51100045,0.48382267,0.5211154,0.4951271,0.49627748,0.50893456,0.4857241,0.5132291,0.5279713,0.48752934,0.49778935,0.506109
0.58198303,0.5690738,0.58419865,0.57040054,0.59436345,0.5930084,0.5777236,0.6031288,0.5737264,0.5746483,0.5786253,0.5930308,0.57944167,0.60741353,0.5705169,0.5893962,0.58738,0.5991919,0.6034428,0.57030207,0.5780026,0.59573275,0.558667,0.5906963,0.5974987,0.5875743,0.5877274,0.57756305,0.5882112,0.5866561,0.59911126,0.58943015,0.606119,0.5760106,0.5721478,0.5861821,0.5853243,0.5687702,0.5746717,0.59574735,0.5739183,0.57854486,0.59781194,0.5966732,0.5915208,0.57501304,0.5690128,0.5861162,0.5894793,0.57196736,0.60051143,0.58950454,0.588392,0.5749807,0.59558797,0.5616695,0.58174086,0.5774493,0.57979196,0.5930489,0.5799123,0.5908342,0.5821352,0.6038223,0.5636959,0.60448873,0.5945581,0.5895297,0.584901,0.59188145,0.58093405,0.59656936,0.58175695,0.5890409,0.58830637,0.57455784,0.5719696,0.6028411,0.57466304,0.5918146,0.5951554,0.5983454,0.580253,0.60186505,0.5772224,0.5753367,0.5884277,0.5681853,0.57750225,0.61068374,0.5993888,0.59515524,0.60198987,0.5805177,0.5752909,0.58528185,0.5930129,0.6109221,0.6000376,0.59345293,0.5897657,0.5935358,0.59013885,0.58785784,0.5998857,0.5780454,0.5752312,0.5744749,0.5810611,0.5698736,0.591217,0.58290356,0.59476197,0.5790384,0.5904818,0.599996,0.58970416,0.5858014,0.59838045,0.58614695,0.56671035,0.58895653,0.5690312,0.58704287,0.5812199,0.5893276,0.585914,0.5877547,0.59115505,0.6015973,0.57400614,0.5838432,0.59719014,0.59957,0.5659305,0.60907966,0.5937326,0.6039406,0.58546984,0.582114,0.58116597,0.590073,0.59956443,0.57771164,0.5790381,0.5890956,0.5799181,0.5833144,0.59539175,0.5873828,0.59147346,0.5773803,0.60038537,0.6017455,0.59993726,0.599295,0.57685196,0.596059,0.598702,0.59038293,0.5653281,0.5832141,0.5895652,0.5769841,0.5862075,0.5818336,0.56923664,0.60327494,0.58519256,0.60030365,0.57571065,0.5902468,0.58958036,0.59745586,0.60385585,0.57893956,0.5865957,0.5926374,0.5774655,0.5835232,0.58102995,0.597449,0.58746934,0.5925688,0.5783209,0.5662764,0.5894036,0.58964455,0.59195876,0.5801008,0.58087176,0.58409727,0.5814882,0.58546764,0.5888329,0.5845804,0.57950675,0.59207845,0.5852119,0.57274216,0.5844503,0.5872072,0.5929162,0.5961646,0.5847782,0.58694834,0.59180385,0.5811231,0.58323985,0.5864774,0.57583785,0.58409023,0.57711434,0.586675,0.58888286,0.5821001,0.5829461,0.59328574,0.58616734,0.60359824,0.5643506,0.6021822,0.5769899,0.58896583,0.6017643,0.59434235,0.5920787,0.59943694,0.57403696,0.595261,0.58486795,0.60198736,0.5754726,0.582069,0.576183,0.5832345,0.5914582,0.5891597,0.5940214,0.57838565,0.58671147,0.5856913,0.58658344,0.5800855,0.58049065,0.58944964,0.5959855,0.59226537,0.5934264,0.57909906,0.59168524,0.59014195,0.5965966,0.5895475,0.58752584,0.5835946,0.5879318,0.57071763,0.59800833,0.59760934,0.58810824,0.595392,0.59754187,0.59114033,0.5810376,0.59026915,0.5825636,0.5917978,0.5870729,0.5715945,0.5952804,0.5954239,0.58253735,0.5763939,0.60284543,0.58008933,0.5829346,0.60764855,0.56895566,0.58414567,0.5916886,0.58648896,0.5906719,0.5998356,0.5927747,0.59373724,0.59700125,0.5859939,0.60110176,0.58143044,0.5904848,0.5879754,0.59984535,0.59931755,0.59134805,0.5884877,0.58319,0.6046674,0.5882596,0.5973091,0.571514,0.5946707,0.5848685,0.5878366,0.5791408,0.59573674,0.5780254,0.5858092,0.588481,0.5810006,0.5970181,0.58403325,0.578224,0.5803435,0.59358877,0.59045094,0.5919074,0.5806267,0.5920907,0.58753264,0.5978297,0.60213,0.59736425,0.5722172,0.5935799,0.58907706,0.58217114,0.5719836,0.58641684,0.5966799,0.5980511,0.58457637,0.5959262,0.5772263,0.5878365,0.58955246,0.58226293,0.59850264,0.5914321,0.588014,0.58678615,0.5958453,0.5958495,0.5898642,0.5968505,0.58001685,0.6029444,0.6000952,0.5778753,0.60091496,0.5813943,0.5946084,0.60551256,0.58523786,0.58496994,0.5657593,0.58837485,0.6084014,0.58772004,0.59035003,0.60837644,0.5735177,0.5880436,0.5857562,0.5746924,0.5898539,0.584185,0.57721865,0.5932362,0.58805484,0.57937413,0.59865576,0.5794385,0.5850664,0.5728914,0.57715183,0.5891121,0.59586704,0.6084427,0.5943784,0.58515507,0.5977294,0.5673766,0.59140176,0.591003,0.58400685,0.60698575,0.585725,0.5651654,0.6118676,0.5936308,0.5962373,0.60330623,0.58283657,0.5880763,0.6071524,0.588892,0.5755008,0.57555497,0.57467663,0.5716578,0.5901784,0.595058,0.5995422,0.58095133,0.5732614,0.5986256,0.5846667,0.5894181,0.5879849,0.58224255,0.56496,0.5912543,0.5869837,0.5960765,0.5970625,0.5860028,0.59264725,0.5861618,0.59054846,0.60115224,0.5759557,0.59549433,0.58722013,0.60085046,0.5903157,0.59978765,0.61025804,0.59393686,0.5849186,0.59465915,0.58701825,0.5964683,0.5770219,0.5883771,0.5896348,0.5951933,0.5789567,0.59043485,0.5918898,0.58988786,0.58388007,0.5857877,0.5746692,0.58527374,0.58664477,0.5956746,0.59089667,0.5883701,0.58391577,0.57787055,0.57415587,0.59149164,0.58836603,0.5729568,0.57682157,0.5847308,0.59163886,0.6006369,0.59197813,0.58561295,0.5605834,0.5837915,0.57395786,0.5946461,0.58696866,0.5876288,0.5841611,0.59746915,0.58200955,0.5714686,0.57536644,0.59311885,0.5902627,0.5718824,0.58548456,0.5922688,0.59276444,0.5756997,0.5828644,0.585902,0.57996845,0.59115344,0.5927312,0.5791833,0.5707698,0.5701798,0.5924134,0.5829499,0.5975271,0.6078427,0.5878003,0.59038305,0.5805547,0.59211665,0.58715564,0.5921706,0.59081745,0.5916441,0.5803136,0.5922309,0.57887095,0.59396875,0.58996385,0.60536057,0.5983119,0.5889087,0.58074576,0.58535266,0.5812514,0.58475786,0.59664327,0.5988384,0.58885264,0.6001738,0.5782038,0.59779966,0.59119445,0.56950235,0.5881319,0.5880771,0.579222,0.5880296,0.58481985,0.5958144,0.59835565,0.5891851,0.6008651,0.57938695,0.5999609,0.5828384,0.5830903,0.5909296,0.59820944,0.5975789,0.59271973,0.5939864,0.5888116,0.5990725,0.59218097,0.58481276,0.57776684,0.58206743,0.58828497,0.60736316,0.5867652,0.593027,0.5895646,0.59113216,0.5942756,0.58994764,0.5802974,0.5752862,0.5859991,0.5922312,0.5905746,0.57085466,0.599423,0.6019068,0.58843756,0.5961146,0.5874242,0.5813273,0.58022714,0.5771389,0.5939222,0.5872102,0.58335143,0.591979,0.59796214,0.57480013,0.58274186,0.5904957,0.5931127,0.577611,0.576062,0.595116,0.59688854,0.5976219,0.60705525,0.5800158,0.5871119,0.5800489,0.59275323,0.58863854,0.5925106,0.5771623,0.5932624,0.5925271,0.57861096,0.59770566,0.5711376,0.5911365,0.5832008,0.5882989,0.5898024,0.57465374,0.58013564,0.59404325,0.57970816,0.59334487,0.5893321,0.60828614,0.5958068,0.5997657,0.57755405,0.5816352,0.59644616,0.59207785,0.5762343,0.57278955,0.5807409,0.5828474,0.5946126,0.593584,0.60214525,0.59529495,0.6029589,0.5884332,0.5740176,0.58206975,0.5950788,0.57520914,0.5844687,0.579456,0.60730517,0.5832686,0.59212595,0.5904563,0.5854067,0.60550964,0.58801585,0.5844126,0.604215,0.5922128,0.57338655,0.5776913,0.5777395,0.58676493,0.57769275,0.60954076,0.58932227,0.59380555,0.5784847,0.59283733,0.5893121,0.58624196,0.5736498,0.59217256,0.5900565,0.5899257,0.58240765,0.5988268,0.5873258,0.58795,0.5816536,0.5970362,0.59057266,0.57485855,0.58958715,0.5870685,0.5871068,0.589398,0.5878964,0.59980345,0.58644986,0.5765579,0.5862195,0.5935376,0.60831654,0.6014526,0.58332545,0.6052074,0.57688725,0.58684504,0.5836043,0.5941842,0.5798712,0.59431136,0.5922581,0.57131183,0.58516777,0.5764773,0.5850158,0.5933442,0.57201123,0.58556825,0.59133047,0.5934697,0.5993891,0.5805378,0.5926022,0.58971906,0.5881588,0.59443134,0.58959776,0.5811769,0.5769573,0.588214,0.59215546,0.58525664,0.5957873,0.60162336,0.603117,0.60388327,0.59143776,0.5700367,0.59119123,0.58843935,0.585015,0.5888123,0.58104897,0.5873809,0.56968755,0.5860097,0.58246183,0.57623315,0.59936976,0.5715802,0.59125584,0.60423934,0.5950681,0.59535563,0.5892695,0.57909167,0.58282155,0.5869812,0.59063834,0.5763181,0.5989932,0.6008552,0.59697056,0.59497464,0.5829316,0.59452045,0.59254396,0.5930657,0.5894175,0.5637298,0.5821469,0.60520506,0.5917113,0.57464164,0.5956836,0.59462726,0.59500325,0.6056582,0.5864168,0.57725346,0.5788888,0.5730266,0.5860073,0.57065356,0.59826326,0.57941,0.5879214,0.57278836,0.5814956,0.581785,0.573302,0.58727086,0.5845075,0.5864571,0.6014462,0.57732683,0.57741314,0.5845711,0.5865228,0.5869523,0.57694036,0.5881499,0.5856051,0.58812886,0.58761215,0.57583344,0.5854991,0.59023523,0.5830263,0.5739751,0.59098643,0.5866798,0.580471,0.58339083,0.5865435,0.5724581,0.5872108,0.5913699,0.59203684,0.5783649,0.5721731,0.6080904,0.5782793,0.60543555,0.5699498,0.58405834,0.59136206,0.5889864,0.58174276,0.5957866,0.58415276,0.5821254,0.5716322,0.56515825,0.5815635,0.5909961,0.574704,0.58287334,0.58359593,0.58570844,0.61122227,0.5693561,0.58469456,0.5808425,0.58810115,0.59840804,0.5733749,0.5818969,0.5895648,0.5914121,0.5961482,0.59003705,0.56753516,0.5807855,0.57260275,0.5836237,0.58165,0.5851182,0.5822304,0.5975544,0.58493143,0.5807976,0.5803563,0.58501935,0.57759005,0.58054715,0.5836044,0.5736362,0.5815476,0.594267,0.5951339,0.56930107,0.58584964,0.580663,0.5951246,0.58894336,0.6004522,0.5987029,0.5829547,0.59780025,0.5865697,0.5691964,0.59493595,0.5827107,0.59713674,0.5981375,0.58272594,0.5969203,0.5735135,0.5890806,0.59277654,0.58868265,0.57199746,0.57481706,0.58580416,0.58561575,0.57023233,0.5886088,0.5766758,0.580391,0.59936404,0.5871598,0.58682734,0.59934276,0.58826417,0.578195,0.6025134,0.60159403,0.591917,0.596573,0.5839092,0.5965693,0.57976824,0.60083276,0.58392483,0.57524747,0.60049284,0.60399735,0.57755804,0.5955503,0.58691007,0.5845088,0.6006216,0.59955776,0.6190679,0.59619075,0.58514,0.5802268,0.59565276,0.6122923,0.59159625,0.6054971,0.5926852,0.58953875,0.5893951,0.57151705,0.6041536,0.577425,0.5814761,0.5902598,0.57614166,0.5833777,0.5947529,0.6015887,0.57978666,0.58156663,0.5743538,0.5797338,0.5882888,0.5786269,0.5897808,0.5747144,0.58155125,0.58383775,0.5818786,0.59203964,0.5883103,0.5842013,0.5867618,0.5933828,0.58805007,0.593413,0.5774361,0.5891133,0.59694314,0.5987893,0.5876798,0.5918158,0.58306056,0.58105624,0.5798442,0.5854052,0.6025238,0.59258753,0.59780025,0.5760621,0.5646757,0.6049531,0.58350235,0.59506905,0.5859371,0.592499,0.59998214,0.57158583,0.56872094,0.5900267,0.6002204,0.5941749,0.5819883,0.58157456,0.5923699,0.58292836,0.58638453,0.5942076,0.57486105,0.6100659,0.5946844,0.5808328,0.5861282,0.58782274,0.589757,0.5827995,0.5896795,0.58077586,0.5879,0.58426976,0.5792849,0.5864121,0.5808703,0.5754555,0.58740073,0.6022494,0.5956345,0.5794529,0.61205876,0.5875764,0.6002134,0.5784435,0.5828896,0.58795506,0.5870629,0.5890991,0.6012788,0.5953383,0.6041759,0.57233113,0.6024099,0.6083893,0.6035401,0.57063895,0.59839606
0.64045775,0.62108713,0.6348096,0.62886184,0.6178817,0.6468729,0.6163565,0.61463284,0.61863244,0.62085795,0.6184676,0.6259354,0.6308047,0.63995665,0.61281437,0.6432472,0.62907904,0.63375425,0.6561535,0.6449471,0.62407595,0.6310555,0.6310522,0.61776435,0.6257109,0.6290331,0.629168,0.616998,0.62560856,0.6165265,0.6363109,0.6295189,0.6303296,0.6299321,0.6237972,0.6315782,0.6377792,0.61975974,0.62552196,0.63642174,0.6179892,0.6420484,0.63349,0.62289673,0.6257605,0.6185882,0.6109929,0.6247896,0.6349882,0.62900573,0.6306008,0.62269807,0.61951673,0.6187651,0.632804,0.6185992,0.61907274,0.63710034,0.62460315,0.6459166,0.6246637,0.63193357,0.64058286,0.63791436,0.61716354,0.64470893,0.6312597,0.633173,0.6290022,0.63162875,0.5992985,0.643745,0.62450016,0.63158727,0.6289063,0.63345444,0.6308848,0.6401244,0.6177492,0.63047767,0.62699795,0.64013386,0.6300534,0.6360991,0.62512904,0.61778504,0.6339338,0.62660486,0.6388189,0.647512,0.64498085,0.6154688,0.62517196,0.6341184,0.6334086,0.62376666,0.627526,0.6442559,0.6335647,0.6195951,0.62892616,0.6188159,0.6332871,0.6363156,0.6370268,0.63030267,0.63158935,0.6244234,0.62117535,0.6152325,0.62567365,0.6213073,0.63658184,0.62658006,0.6242365,0.6354526,0.6277458,0.6179408,0.6242421,0.6284802,0.6450611,0.6249799,0.6217496,0.6329377,0.62955123,0.6332803,0.62542546,0.61395544,0.6174537,0.64115125,0.6305971,0.62782025,0.63568634,0.6340744,0.643671,0.63660324,0.6401921,0.6516136,0.62579,0.61193603,0.63004804,0.63509756,0.62631494,0.6200121,0.61567926,0.62797105,0.62426454,0.6390219,0.62552667,0.61446244,0.6160993,0.6261639,0.6384739,0.6256919,0.6336912,0.6333226,0.62438565,0.6278824,0.6282971,0.6421886,0.6210842,0.63092566,0.6297568,0.64022744,0.6506971,0.63698566,0.63011265,0.62555915,0.620874,0.6201995,0.6185708,0.6327201,0.63648194,0.6404853,0.6415807,0.6205464,0.62717587,0.63147545,0.6234307,0.6361082,0.6222903,0.6364024,0.61457646,0.61412805,0.6261714,0.62453705,0.635631,0.63760155,0.65045,0.61165565,0.61549085,0.6259903,0.63284236,0.6446471,0.6209299,0.6296067,0.6251429,0.6298137,0.64744526,0.6276703,0.6468506,0.63008344,0.62402105,0.6223858,0.6233848,0.62754095,0.6284863,0.6252142,0.617495,0.63759696,0.6167048,0.624717,0.62002295,0.61227113,0.6338197,0.62873983,0.62591136,0.637964,0.6296845,0.63258845,0.6118999,0.63299435,0.6260646,0.6253437,0.6425902,0.6416151,0.6225239,0.643672,0.61857384,0.6387604,0.62103176,0.6250767,0.63375616,0.62735265,0.6431248,0.6382616,0.6238932,0.6429571,0.6419313,0.6339738,0.61895776,0.6051936,0.63228565,0.6149269,0.63198054,0.6232369,0.62542635,0.62026876,0.626965,0.6183211,0.63844186,0.6416809,0.63606536,0.6304414,0.6448299,0.62856597,0.6381789,0.6216279,0.62307465,0.6215102,0.6348275,0.6350659,0.64304686,0.62483627,0.63253474,0.6210989,0.644367,0.64360726,0.6313819,0.6299921,0.6311442,0.6479374,0.62315774,0.6138778,0.6189877,0.6337519,0.627685,0.6423006,0.6226031,0.6354842,0.6141838,0.63904417,0.6390678,0.6437976,0.6243739,0.63289624,0.6220593,0.6379548,0.62948895,0.6115784,0.6226483,0.62560624,0.6457834,0.66412467,0.63548607,0.6174981,0.62951475,0.63757515,0.62653124,0.6437287,0.629031,0.6063557,0.6278113,0.6257792,0.6256483,0.6397956,0.6283199,0.6281599,0.62088937,0.63903487,0.6150203,0.6259972,0.6380407,0.6278755,0.6464872,0.61058414,0.6368235,0.63291043,0.6376183,0.63351923,0.61938655,0.6317167,0.6336905,0.6355391,0.6290513,0.6290952,0.6256972,0.6191242,0.6077417,0.62830347,0.6334344,0.6395598,0.6377773,0.6250933,0.62170005,0.6214344,0.6243371,0.63708836,0.60848093,0.6197689,0.6342944,0.63161683,0.64357436,0.61983716,0.6243683,0.6331069,0.6239025,0.6406402,0.64157593,0.6338673,0.62521064,0.6389023,0.6191007,0.6437164,0.641067,0.61963344,0.62050945,0.65049314,0.64541465,0.6270111,0.6423041,0.62645084,0.6136368,0.62897843,0.6027018,0.62536645,0.6408112,0.63145137,0.6272075,0.6244823,0.62194437,0.6429755,0.6194435,0.63627005,0.6137945,0.6325689,0.6217865,0.6192911,0.6216913,0.63885605,0.6219975,0.6216234,0.60977024,0.6313276,0.6232549,0.6303991,0.630311,0.623237,0.61337525,0.6383783,0.64299834,0.6450814,0.64222586,0.641196,0.64133275,0.64271915,0.61922544,0.62784,0.62224567,0.61534935,0.6309732,0.6364782,0.63611555,0.6448768,0.61887616,0.6150664,0.62614655,0.62021923,0.638904,0.6181793,0.63168263,0.63844854,0.64174527,0.622725,0.6421728,0.6325983,0.6146806,0.61893624,0.62217104,0.6366663,0.64206046,0.6351713,0.64565426,0.6366271,0.6290876,0.61322653,0.63178295,0.64035666,0.61928767,0.6456795,0.63461906,0.6365597,0.6330204,0.63156813,0.6321994,0.6390174,0.6399584,0.6197419,0.64472675,0.63633287,0.6281097,0.6411066,0.6289709,0.6217671,0.6209779,0.6471319,0.62055814,0.65318394,0.62672454,0.6256133,0.64225787,0.630707,0.6332963,0.6323184,0.6186621,0.63299704,0.6381418,0.6340229,0.6409003,0.6249805,0.6414015,0.61631644,0.6155972,0.62292403,0.63267124,0.6315233,0.6316528,0.6250203,0.6366079,0.6192182,0.62717795,0.629667,0.61886394,0.64099747,0.62431127,0.64321715,0.6346228,0.6260508,0.60278285,0.61554193,0.62470925,0.6171316,0.64581776,0.6574536,0.61110806,0.6232764,0.61329687,0.6462109,0.6359136,0.6248164,0.6345171,0.62191665,0.6327001,0.6276339,0.61040735,0.6498166,0.6260022,0.628806,0.6307352,0.62616336,0.6100659,0.6209578,0.63123035,0.63944393,0.6315773,0.63449323,0.6301541,0.63589317,0.63151896,0.6304685,0.6487243,0.64305955,0.61756974,0.63515157,0.6446003,0.6364857,0.62862164,0.6388299,0.6264359,0.640656,0.6343242,0.63201463,0.6277742,0.6285936,0.6205694,0.63542765,0.6289859,0.64228857,0.63204926,0.63332117,0.63335735,0.627338,0.6401513,0.6354319,0.6264484,0.6385116,0.6293493,0.62629896,0.644256,0.63550955,0.6367227,0.6218057,0.6245199,0.63411194,0.64531386,0.62921643,0.63358784,0.63398814,0.6283534,0.6353763,0.6455135,0.62277615,0.6189162,0.63458294,0.6532587,0.639208,0.64339995,0.640027,0.6368271,0.62574553,0.6221371,0.61396825,0.61298925,0.6214114,0.6310645,0.6505533,0.62968165,0.63100487,0.62251323,0.64688385,0.6276897,0.64494354,0.64298725,0.62769103,0.62983364,0.6411281,0.62081707,0.6430994,0.6322112,0.63228166,0.62625194,0.6261819,0.6094174,0.64390445,0.61551994,0.62529933,0.61538255,0.6280919,0.63785344,0.6232029,0.6441266,0.63182986,0.63256097,0.6325366,0.6207097,0.63953996,0.64551234,0.62825626,0.61093754,0.62046736,0.6267298,0.632433,0.6438245,0.63188857,0.63111454,0.6363582,0.63077986,0.62035316,0.6280003,0.61766344,0.63117194,0.628757,0.63467103,0.6262308,0.63445514,0.64110255,0.633954,0.62794036,0.6272666,0.6243809,0.6282907,0.63192123,0.65242606,0.6272956,0.6304325,0.62037885,0.6228449,0.6336203,0.6261087,0.60813856,0.6449519,0.6393154,0.6234034,0.6400983,0.6301782,0.63846993,0.6160633,0.62222403,0.6251964,0.6208336,0.63828593,0.6311512,0.65500116,0.63320893,0.6452396,0.6336048,0.6405648,0.6106234,0.62911713,0.63195634,0.6493925,0.62913185,0.6152408,0.6312602,0.62038547,0.6148595,0.6373093,0.63032675,0.62472045,0.6297744,0.63460857,0.63489264,0.6262949,0.63180083,0.63464516,0.639864,0.6209317,0.6335501,0.62058234,0.62588304,0.6459466,0.62795025,0.61790174,0.6304736,0.6371959,0.6361549,0.64434594,0.6342915,0.63998866,0.6326504,0.63472486,0.6278886,0.626223,0.63363063,0.64947605,0.6181883,0.6265248,0.63265365,0.6357707,0.6304971,0.6272699,0.6401614,0.6352588,0.63517976,0.6338699,0.64219666,0.6185725,0.62628,0.6318103,0.6198799,0.6445714,0.6367438,0.63868916,0.63988054,0.6258337,0.64026743,0.62471515,0.632067,0.6203372,0.6231775,0.6465639,0.61907643,0.633193,0.62291914,0.6133402,0.6194666,0.6263003,0.6293277,0.6173364,0.6269199,0.6440406,0.6268863,0.6364318,0.6292912,0.6171122,0.6270707,0.6185723,0.6245215,0.63227695,0.6123004,0.6464399,0.6241901,0.62216735,0.6254667,0.62811744,0.6348746,0.6336296,0.63742775,0.623911,0.632181,0.63971496,0.63414896,0.61495674,0.6161404,0.632203,0.63535637,0.64912325,0.6173892,0.62245715,0.6244453,0.64268124,0.62800443,0.62294096,0.6451327,0.6387787,0.62450546,0.6330122,0.6285409,0.6294218,0.60610783,0.61794144,0.63555795,0.62340415,0.6450199,0.61508876,0.6128957,0.6169824,0.6233187,0.6175163,0.6359393,0.6146101,0.61405057,0.6358664,0.6264901,0.6046742,0.62892306,0.6403573,0.62456083,0.6257692,0.6312349,0.64124393,0.63196373,0.6162383,0.6170381,0.62474084,0.6363751,0.6239772,0.6248784,0.63360953,0.62799555,0.6452908,0.6270728,0.63133657,0.62809145,0.64127874,0.627043,0.6223937,0.62112945,0.6354681,0.6260648,0.6259647,0.61739624,0.61390686,0.6310175,0.62592226,0.63993937,0.63178545,0.6246284,0.6174956,0.6413906,0.62501943,0.6552163,0.6294981,0.62284446,0.62556374,0.63918316,0.64426774,0.6366369,0.62106,0.64549047,0.6408331,0.6121835,0.63609934,0.61621445,0.6340034,0.62490535,0.63136077,0.6210178,0.62611324,0.6372938,0.62210006,0.62425673,0.6274778,0.64258254,0.6334784,0.61832476,0.6100003,0.6394914,0.63600373,0.63802594,0.6240224,0.6338731,0.6303351,0.6299179,0.633582,0.6381543,0.6414067,0.6421632,0.62504756,0.6194094,0.6163205,0.6424777,0.63447875,0.6255002,0.6318788,0.61757636,0.62495804,0.622195,0.63417506,0.61723036,0.61908895,0.63083744,0.61813664,0.62985826,0.64455646,0.6285916,0.63055015,0.64294744,0.63541883,0.6519899,0.641269,0.62458384,0.65741515,0.6393465,0.636968,0.62585616,0.64126605,0.6379704,0.6277826,0.6439225,0.64177215,0.61999774,0.63646144,0.6314374,0.60942966,0.6354989,0.6371065,0.6464695,0.64137435,0.61350095,0.6183546,0.62547576,0.6439285,0.64817905,0.620136,0.6215135,0.6308092,0.6162879,0.6426278,0.63043576,0.6329425,0.6238436,0.636414,0.6233789,0.63411313,0.63203436,0.6372121,0.61547416,0.61631113,0.6244203,0.6294348,0.62783164,0.6328442,0.61098605,0.63607186,0.61425126,0.6311074,0.6385751,0.60704136,0.6323602,0.6304384,0.6219961,0.6162663,0.63084835,0.6348883,0.62613904,0.64835984,0.6332936,0.63198453,0.636109,0.6164938,0.63967705,0.63199306,0.6387227,0.6397034,0.633575,0.64820284,0.6292598,0.6205656,0.6105223,0.62968516,0.6276183,0.62870365,0.6452781,0.6273126,0.61159426,0.6257287,0.6368471,0.63741344,0.6272737,0.6273622,0.62912005,0.6212937,0.61743915,0.6381992,0.63918686,0.6331701,0.6296451,0.62765646,0.63697827,0.6206611,0.64119893,0.64091694,0.6123979,0.62805605,0.6482423,0.6325921,0.60984874,0.62240887,0.6229454,0.6423154,0.62736106,0.6269878,0.629871,0.6238889,0.64393765,0.6034708,0.6367921,0.6099065,0.6354374,0.63619363,0.6398629,0.63519466,0.65503246,0.6276092,0.62885153,0.6232377,0.62784934,0.63383985,0.6225443,0.6364043,0.6274864,0.62512964,0.6333892,0.6253498,0.637287,0.6337452,0.63091797,0.6191279,0.6452691
0.8724496,0.8794619,0.8577728,0.85940295,0.8703664,0.8796406,0.88218737,0.87181395,0.884555,0.86816573,0.8715568,0.86494875,0.88061345,0.8877188,0.8677203,0.8628108,0.86222315,0.87356204,0.88098377,0.8716689,0.8585135,0.8632036,0.8843138,0.8583648,0.8812313,0.8776125,0.87435097,0.8581559,0.8548789,0.8686338,0.8609591,0.8706477,0.88448495,0.8678275,0.869085,0.87600696,0.8638887,0.8470258,0.8567339,0.8639452,0.87267756,0.87311083,0.87711227,0.8687717,0.87281954,0.8688049,0.8746828,0.870806,0.8714288,0.8729079,0.8771549,0.85983044,0.868194,0.8603862,0.8736573,0.8606207,0.87862504,0.8939682,0.87442493,0.8781532,0.8797048,0.8605206,0.88147026,0.84898883,0.8750048,0.86428267,0.8744433,0.85988784,0.8850682,0.866201,0.85870916,0.8749866,0.8768146,0.8652085,0.8734932,0.85959667,0.87262064,0.8673808,0.8694981,0.86893076,0.8684461,0.87347883,0.84532446,0.84986585,0.8822789,0.8692505,0.876533,0.85722214,0.8713429,0.8749323,0.8554437,0.86400473,0.86354774,0.876553,0.86754453,0.8661569,0.8681431,0.88054556,0.8731742,0.8636105,0.88725454,0.86654145,0.86482316,0.87837076,0.8870061,0.8770616,0.865075,0.8700272,0.87247366,0.8669959,0.8518082,0.8670709,0.8743754,0.8580421,0.85661894,0.86844367,0.8709226,0.8643479,0.8718925,0.87192374,0.86277914,0.86400956,0.87304956,0.8603495,0.8831092,0.87113893,0.86328864,0.8381197,0.8779626,0.87621015,0.88253707,0.8774464,0.8548104,0.86869735,0.87166876,0.8513535,0.8794277,0.879315,0.8738281,0.8684369,0.8655464,0.8603647,0.87118506,0.85434633,0.8580663,0.8758412,0.86400276,0.8637155,0.87079465,0.8554713,0.8626891,0.8687265,0.8740431,0.85680246,0.8771797,0.857795,0.85312456,0.8647129,0.8794554,0.8851126,0.8721247,0.8599863,0.8560177,0.87696654,0.8689239,0.8577025,0.89007926,0.87541306,0.86080915,0.87965244,0.8671593,0.86970705,0.8759527,0.8826806,0.86123914,0.85677916,0.87724006,0.86439675,0.8602906,0.8697728,0.8703363,0.873474,0.8750877,0.8851602,0.87751603,0.8732131,0.8920512,0.8670984,0.88551724,0.86959875,0.86509395,0.86781365,0.8708392,0.8944685,0.866755,0.86582285,0.869878,0.8699797,0.89226484,0.8692739,0.87625647,0.8608508,0.8750548,0.87933344,0.8666931,0.8592057,0.8849775,0.86806273,0.8674209,0.87785834,0.8735708,0.85337096,0.8710139,0.86880356,0.87534356,0.87582964,0.86889905,0.88041615,0.8654454,0.8631923,0.8655998,0.8728903,0.8813012,0.86698335,0.8761907,0.8713196,0.8602489,0.8828168,0.8778757,0.8644036,0.8760985,0.8739227,0.8811907,0.8660874,0.8776239,0.880542,0.8752074,0.86336476,0.864896,0.87101823,0.8746726,0.86584634,0.8741716,0.8604792,0.87254965,0.8501361,0.8677526,0.8695158,0.87872946,0.86077946,0.8902027,0.8621429,0.8802393,0.8707197,0.8762777,0.8688428,0.86257666,0.8555485,0.8644908,0.8782986,0.86485684,0.8664223,0.8689207,0.86462706,0.8589921,0.8716174,0.8651175,0.87095803,0.8754029,0.8734243,0.8728508,0.8752649,0.8621616,0.88215226,0.8831205,0.86757886,0.87246144,0.86775357,0.87215185,0.8735353,0.8578033,0.8813901,0.88261,0.88283503,0.85723674,0.85901654,0.8656779,0.8746466,0.8777674,0.8623561,0.8663623,0.87433475,0.88580143,0.88698673,0.8761325,0.8540933,0.857218,0.87464625,0.87636465,0.87508076,0.8843303,0.8730584,0.8724074,0.8700203,0.8587387,0.88509476,0.8842183,0.8755875,0.86202085,0.8937034,0.86329675,0.864738,0.8880731,0.86184484,0.8839697,0.8763719,0.87648475,0.86022586,0.86518985,0.8601061,0.85340303,0.8684324,0.87087846,0.85822976,0.8688053,0.8707934,0.8577423,0.87327874,0.8816278,0.8739858,0.87082636,0.88163453,0.8778093,0.87641996,0.8644083,0.8566005,0.8627081,0.860295,0.8801732,0.8813414,0.86249614,0.853296,0.88932425,0.87638444,0.8708866,0.8797892,0.86933976,0.8663849,0.8781286,0.86961466,0.8687392,0.8806072,0.8559514,0.874755,0.87255967,0.8629662,0.87303364,0.87022746,0.85258657,0.847764,0.8828681,0.8623527,0.87993675,0.87058485,0.84719855,0.8618011,0.8713284,0.8816532,0.8701112,0.8702065,0.8714921,0.87478334,0.8600505,0.86930555,0.85999775,0.85829425,0.871003,0.8636466,0.87020296,0.85768247,0.87072575,0.8713362,0.8678005,0.8753854,0.8611723,0.8647471,0.8737293,0.8714462,0.8593335,0.8721587,0.8720378,0.8803862,0.8769805,0.8775709,0.8686911,0.8707731,0.8715542,0.87297887,0.88625544,0.86196214,0.87507856,0.8638581,0.8683352,0.8731479,0.86039287,0.8527679,0.8851378,0.86759037,0.8618877,0.8698613,0.8561341,0.858901,0.8704968,0.8513952,0.89463985,0.8848823,0.87740177,0.8645399,0.8686086,0.8702333,0.8771084,0.8692471,0.86379683,0.86744004,0.86712897,0.85919195,0.86321694,0.8671295,0.8576485,0.88626647,0.86242473,0.86302716,0.88179654,0.8785317,0.85712105,0.87096304,0.8761747,0.8634399,0.86137354,0.86680204,0.86849904,0.8782215,0.88424414,0.8687028,0.87405056,0.87986857,0.87752026,0.87769264,0.8906573,0.86901826,0.8735062,0.87579435,0.86360896,0.8696054,0.864892,0.87167776,0.8809556,0.8783876,0.87797797,0.87307274,0.85828954,0.8767023,0.8592112,0.8781605,0.8772567,0.84827167,0.85356915,0.86910945,0.86443156,0.8715358,0.868845,0.87154555,0.85868675,0.881073,0.87184924,0.8695811,0.86045367,0.86843026,0.84660363,0.883506,0.8919419,0.86496043,0.8637851,0.88115215,0.8764403,0.882429,0.8799517,0.8751175,0.8568459,0.8788395,0.88291436,0.8679482,0.8691046,0.8748306,0.86191094,0.8670696,0.87276876,0.87324524,0.88362956,0.8687319,0.8618251,0.8710289,0.8892563,0.8827629,0.8742749,0.8618455,0.86674005,0.8768709,0.8790304,0.8793521,0.88824815,0.8674544,0.8547733,0.8528431,0.86719435,0.86882144,0.87364393,0.8696552,0.85691845,0.87039113,0.87066126,0.8728994,0.8666303,0.8646976,0.867978,0.87225705,0.8683932,0.86009437,0.8732051,0.89292735,0.8606078,0.8631605,0.8751476,0.88101524,0.8723783,0.8780533,0.8655884,0.8748649,0.8892454,0.88345337,0.86536604,0.8591983,0.870246,0.8868516,0.8650312,0.86594754,0.8708707,0.86118305,0.8777325,0.8684205,0.874008,0.86860794,0.8795314,0.86188895,0.885217,0.8681254,0.8557187,0.85376245,0.86884683,0.88570577,0.8725874,0.86596966,0.85777843,0.86642295,0.8648002,0.8782953,0.8899754,0.88548166,0.84819734,0.8639556,0.8870795,0.88100445,0.87669116,0.87079704,0.86638105,0.88250935,0.8738151,0.8730476,0.87362474,0.87461895,0.86325353,0.8754762,0.86371523,0.8764675,0.8775298,0.8646819,0.8521917,0.8633243,0.8895758,0.8714342,0.8673588,0.8663512,0.8659332,0.8691989,0.8761542,0.87281305,0.8732225,0.86563575,0.8713981,0.8933096,0.88323873,0.8726505,0.868453,0.8754938,0.8671516,0.86963123,0.87841356,0.85747004,0.8707733,0.8593941,0.8754612,0.8766967,0.8815271,0.88362557,0.8741804,0.8608957,0.87108594,0.87394136,0.8663117,0.84980655,0.8851125,0.86885774,0.8884092,0.86343604,0.8564548,0.87828445,0.8610866,0.8662185,0.8882957,0.87709475,0.87524337,0.8803966,0.8704439,0.86640596,0.862785,0.87730575,0.87197274,0.87377423,0.8609807,0.85854644,0.8796697,0.8781433,0.8809636,0.873269,0.8644955,0.8739259,0.8635215,0.87739235,0.88387364,0.86306673,0.87421894,0.88085914,0.8641667,0.85758513,0.86428076,0.87040335,0.8745872,0.8739213,0.8629745,0.8787558,0.8783537,0.88136226,0.85127443,0.8778185,0.8670154,0.86715376,0.8654306,0.87184376,0.8648576,0.87007254,0.87728125,0.8745834,0.8753403,0.8751628,0.8465439,0.8856598,0.87165916,0.8719262,0.8815857,0.87654334,0.8662169,0.86397237,0.87122667,0.8660886,0.84760386,0.8679327,0.86069995,0.87394416,0.86292183,0.8629429,0.8665069,0.8693435,0.8507529,0.86665046,0.86963254,0.87200797,0.87103206,0.8727721,0.8763355,0.85916334,0.8674655,0.8561119,0.87496096,0.8811886,0.88710254,0.8766491,0.8738741,0.8644938,0.8526124,0.8641235,0.8687292,0.8709609,0.8870386,0.8646324,0.8756564,0.86989003,0.8751803,0.8738681,0.85695577,0.87636524,0.87865317,0.8600339,0.8741641,0.8517268,0.86501443,0.85237974,0.87483644,0.8798293,0.8632229,0.85707694,0.8673634,0.87082964,0.85277617,0.87230194,0.86145675,0.87950957,0.8781813,0.8537292,0.876688,0.8627835,0.8648729,0.88510644,0.8707083,0.85190064,0.87216216,0.88781905,0.8772003,0.8488365,0.8629535,0.8850327,0.867537,0.8744278,0.87253237,0.872633,0.8732452,0.88102937,0.8726793,0.8706097,0.8760635,0.8570287,0.8574453,0.87890863,0.8745025,0.86658347,0.87166977,0.88425666,0.86829907,0.8643682,0.8846814,0.8604374,0.87142134,0.8617568,0.87234133,0.8647417,0.87862706,0.86599576,0.87000287,0.87191224,0.8659711,0.870479,0.8674152,0.86212295,0.86682576,0.8792697,0.8724231,0.8712283,0.8582494,0.8704358,0.86417794,0.8664277,0.8761923,0.86205304,0.8619768,0.87214,0.8729464,0.8624757,0.8565745,0.8806535,0.87320113,0.8727476,0.8774055,0.8773387,0.8735362,0.87407553,0.8687176,0.87390465,0.86622584,0.8678517,0.86202407,0.8748572,0.86116034,0.8734293,0.8589081,0.8778616,0.8571513,0.8725012,0.88610715,0.8685507,0.86797315,0.86609256,0.8943937,0.8651296,0.8752294,0.8588846,0.87057495,0.8768504,0.8773318,0.85556394,0.8754728,0.8791692,0.8716494,0.8705953,0.8623603,0.86923367,0.85915506,0.86465234,0.85923433,0.86297446,0.8689026,0.85642713,0.8830379,0.8646175,0.8527934,0.862876,0.8607614,0.87555575,0.8677039,0.8774592,0.8669481,0.8660316,0.8602184,0.87102336,0.8809893,0.85884,0.8791705,0.8738916,0.8661196,0.88171506,0.8657614,0.86429214,0.8528145,0.87190413,0.8908988,0.87081933,0.8693356,0.8756766,0.86233723,0.870307,0.8758934,0.8849631,0.8693658,0.86472607,0.87198246,0.8660159,0.8719455,0.8753132,0.8779486,0.87271786,0.8720247,0.8568224,0.874679,0.87381345,0.863462,0.8665879,0.8696795,0.8668812,0.8828298,0.8489234,0.8467282,0.85630494,0.87265205,0.87861526,0.8701197,0.882021,0.8768837,0.8763147,0.85400856,0.872993,0.8825621,0.85229,0.8779867,0.86609924,0.89232343,0.8641616,0.8867776,0.8612732,0.8706243,0.87046987,0.8583409,0.8650967,0.87129784,0.8647177,0.862393,0.8755519,0.87252015,0.8828936,0.86641806,0.85964775,0.8586095,0.85491097,0.88792455,0.85867405,0.8635587,0.865432,0.8622469,0.87696683,0.87817883,0.8655922,0.8725201,0.87267965,0.8813262,0.8772255,0.86683095,0.855872,0.87077314,0.8702301,0.86732155,0.8812299,0.86348695,0.8485957,0.8673714,0.8725911,0.86642176,0.86424005,0.86880314,0.86453223,0.8695826,0.869926,0.8687531,0.8670245,0.8682012,0.8670748,0.8764793,0.864941,0.88663167,0.8731004,0.87078375,0.87154114,0.87289566,0.8783704,0.86146504,0.8561032,0.86229134,0.86600494,0.8616217,0.86879265,0.8685084,0.8608092,0.85597247,0.86775607,0.8690594,0.87096834,0.86716884,0.86954933,0.8731328,0.8711134,0.86792004,0.87195754,0.86765265,0.8807477,0.87648565,0.85451084,0.86782366,0.86402243,0.8780571,0.8673127,0.8706506,0.87167495,0.87136203,0.8663269,0.8777543,0.8611963,0.87193346,0.87937605,0.8757142,0.8895002,0.88330674,0.87257767,0.8620532,0.86805236
0.64314514,0.6364579,0.6414065,0.6400325,0.6390441,0.6466973,0.63416857,0.64411634,0.6476758,0.6216816,0.6244659,0.6127719,0.6494137,0.6588295,0.619091,0.63603085,0.62110656,0.6451402,0.6431334,0.6385325,0.62988096,0.6160908,0.6418252,0.621476,0.6444974,0.6426518,0.6405512,0.63818175,0.63051265,0.63100415,0.62314445,0.6336451,0.6479474,0.62935185,0.6392508,0.65028864,0.6292196,0.6015388,0.6230791,0.6257019,0.642504,0.6339062,0.6472481,0.6280639,0.6110136,0.63988686,0.6381799,0.641257,0.63477165,0.65428007,0.6463712,0.6196395,0.643553,0.61907214,0.6257692,0.6304383,0.6487667,0.6442681,0.63083446,0.6408542,0.6437428,0.63104635,0.646469,0.62627935,0.640538,0.6443347,0.6396932,0.62725884,0.63468975,0.6227143,0.6192241,0.632168,0.6359291,0.62779367,0.6399563,0.6230694,0.62922895,0.6325432,0.6321989,0.6351067,0.6213896,0.6337428,0.617578,0.6304287,0.64910287,0.6168524,0.63165003,0.63083774,0.6325995,0.63866687,0.63032115,0.62945324,0.63859856,0.6360783,0.6448741,0.62266546,0.635007,0.64511627,0.64467615,0.6420521,0.63295156,0.6355641,0.61541253,0.64618033,0.63709664,0.6549556,0.6327569,0.63707155,0.6291097,0.6339181,0.62000567,0.6299406,0.6374718,0.64103556,0.6237526,0.61312777,0.6379664,0.62545544,0.61918014,0.6315889,0.6235726,0.626759,0.63039696,0.62535614,0.6508204,0.6387656,0.634828,0.6135016,0.6437613,0.632448,0.6330594,0.6306588,0.623227,0.641749,0.6380212,0.6190399,0.6484237,0.644042,0.64647096,0.6238108,0.62668717,0.6300744,0.6207135,0.61110985,0.6208644,0.6369302,0.63356024,0.63409853,0.6183729,0.61053246,0.63839084,0.6274599,0.6368615,0.6384293,0.6449855,0.6232883,0.6119656,0.6532788,0.64463586,0.64293885,0.6427286,0.6276821,0.6390347,0.6413577,0.64207524,0.64085793,0.6442121,0.64210254,0.6236577,0.643435,0.6270124,0.6556561,0.63947177,0.6466737,0.6256144,0.61908126,0.652962,0.63509756,0.62717956,0.6390073,0.62088543,0.6358349,0.62007207,0.626048,0.6348324,0.62415904,0.6368033,0.6404894,0.63406664,0.63917434,0.61691976,0.6266654,0.6262174,0.65633374,0.62852824,0.62886524,0.6270587,0.6354709,0.64647675,0.62364614,0.61749184,0.61965925,0.63355154,0.6480605,0.6401629,0.6276844,0.6351685,0.6355387,0.64440095,0.63785243,0.63879234,0.6236283,0.6315748,0.64090437,0.65153205,0.6406866,0.62214625,0.62970686,0.6348201,0.63547206,0.6334396,0.6320031,0.6508091,0.62865394,0.65164655,0.6271757,0.6232316,0.64496136,0.6335683,0.6433688,0.63337064,0.63960975,0.6409809,0.62977433,0.6309565,0.64449906,0.6499044,0.64117765,0.64094114,0.63410795,0.63342476,0.62024236,0.6222531,0.62838227,0.6520087,0.6404887,0.6261326,0.6309369,0.6320353,0.63027316,0.63742393,0.63252485,0.6407249,0.6400166,0.62955034,0.63048637,0.63559616,0.6335083,0.6365134,0.6442013,0.62944657,0.636614,0.6534361,0.6259858,0.64235103,0.6189144,0.65262616,0.6431285,0.63455427,0.6342697,0.6456021,0.6240868,0.6289849,0.64925224,0.6447764,0.643157,0.6314199,0.6351434,0.65307415,0.6553397,0.6363337,0.640572,0.6454498,0.6495129,0.6223572,0.6269848,0.6167592,0.6561006,0.6368553,0.63272303,0.61595744,0.6233236,0.6493131,0.6449342,0.63638914,0.6343577,0.63361883,0.6463929,0.63593507,0.6430107,0.6448664,0.63673675,0.63021505,0.62854946,0.612953,0.6432776,0.63911515,0.6354714,0.6386967,0.6536205,0.6307549,0.6417983,0.6450903,0.63760895,0.63811916,0.64002454,0.6329963,0.6202592,0.6392967,0.64499044,0.6240988,0.6403027,0.63624185,0.6348112,0.6370885,0.632918,0.64027464,0.6311337,0.64185053,0.6304291,0.6252916,0.6525046,0.6487976,0.6430202,0.6360842,0.6318284,0.6270523,0.6313976,0.63648576,0.63868237,0.6390292,0.6390705,0.6585789,0.64619493,0.6320588,0.63752747,0.633219,0.63721114,0.6413005,0.6503678,0.6398077,0.63275903,0.61764,0.6268051,0.6289433,0.642528,0.64336413,0.63760537,0.622611,0.6137902,0.6532368,0.62630403,0.6516983,0.6165504,0.6262617,0.6299912,0.6336413,0.6406988,0.6354082,0.6350752,0.63257444,0.64643556,0.6342951,0.6439717,0.6252232,0.6202768,0.6368359,0.62453336,0.63784,0.63275945,0.6442214,0.6293615,0.6274763,0.64313066,0.6404243,0.6375402,0.6367825,0.6371904,0.6169837,0.6283886,0.6335128,0.6573999,0.6528423,0.6341686,0.632867,0.6281579,0.6326719,0.63296944,0.65359056,0.6305866,0.6273782,0.6350003,0.6349423,0.64330226,0.6298007,0.61717826,0.6516867,0.6215956,0.6390808,0.6435444,0.6341226,0.6422129,0.6399701,0.62642384,0.64436686,0.63646454,0.64325297,0.63297534,0.62859213,0.64354473,0.6380967,0.62602574,0.63509893,0.646007,0.64018047,0.6259345,0.6337973,0.6396606,0.6318298,0.6375623,0.62069744,0.6238422,0.6528896,0.6460001,0.6224497,0.62660396,0.64698005,0.63792795,0.63992006,0.6371495,0.63971627,0.66013634,0.63943034,0.6373405,0.63128775,0.63233095,0.64644,0.6315293,0.6600215,0.6181648,0.64707696,0.63061565,0.62669134,0.6405213,0.6290791,0.6272781,0.6400116,0.6242462,0.64443785,0.6466536,0.6394093,0.6425883,0.62461925,0.6484411,0.62973976,0.6032751,0.6302756,0.6395914,0.63691634,0.63357633,0.6407095,0.63218397,0.6249687,0.6359023,0.63338464,0.6297074,0.63012695,0.6334773,0.61226183,0.6583966,0.6398191,0.63999885,0.6394421,0.6360132,0.6354897,0.64779633,0.62642115,0.6270424,0.62917864,0.64179,0.6373725,0.6312198,0.6307864,0.6353012,0.63310236,0.6293363,0.6307224,0.62105316,0.63633704,0.63247424,0.62022054,0.62277067,0.6505818,0.6170606,0.633795,0.6227193,0.62291276,0.63324434,0.6356552,0.633287,0.64385384,0.62657887,0.62631285,0.63130325,0.6419548,0.63507444,0.63238066,0.6307483,0.6274901,0.63018024,0.64188725,0.6309524,0.63604164,0.62384355,0.6255448,0.6486075,0.6173273,0.6326219,0.640196,0.65218353,0.62805223,0.63835514,0.6336769,0.6498387,0.6253455,0.639503,0.62902254,0.6578543,0.63107705,0.6383952,0.6317734,0.62123644,0.64249784,0.6453821,0.641897,0.62814784,0.62277836,0.6248805,0.6354601,0.63728994,0.63812727,0.643105,0.64966494,0.6290955,0.65234447,0.6212074,0.62387764,0.6246156,0.62174517,0.63918126,0.6346433,0.6126885,0.61718464,0.62494624,0.6345014,0.6315705,0.6560911,0.6443287,0.6389468,0.6172188,0.6381444,0.64250004,0.63859874,0.6375402,0.6322045,0.65038323,0.6406918,0.63377655,0.6355365,0.6368558,0.64089227,0.62278557,0.62282026,0.6453321,0.63500327,0.6165734,0.6354339,0.63935983,0.63130057,0.63219744,0.64155304,0.6392749,0.64327115,0.6227788,0.6310394,0.6382038,0.6367791,0.6414573,0.62527305,0.65500253,0.64468825,0.6391266,0.6280864,0.61980623,0.63620186,0.6326408,0.64959747,0.6289281,0.64074135,0.6375267,0.6441936,0.64014083,0.6291196,0.6654539,0.648204,0.63175553,0.62784994,0.6407584,0.6333975,0.6191585,0.64276767,0.618808,0.64227754,0.63318133,0.6304473,0.6308678,0.62914467,0.62961894,0.63217723,0.6391972,0.64845914,0.6423349,0.6501806,0.6295049,0.62323666,0.65096307,0.64504766,0.6366773,0.63666797,0.6377481,0.62586707,0.6307742,0.64378667,0.64019346,0.6302459,0.6492238,0.6318854,0.62756014,0.64509785,0.63029844,0.6348596,0.6342361,0.6341122,0.6190286,0.6288165,0.6289577,0.6408894,0.6286363,0.6468709,0.63971686,0.63144714,0.6451395,0.62008876,0.63150173,0.64257973,0.6350078,0.63173944,0.635781,0.6458348,0.63266474,0.63835007,0.6368162,0.64901316,0.6487955,0.6164129,0.63759625,0.6207811,0.6347598,0.639453,0.6298127,0.6186564,0.6406631,0.6456844,0.6194137,0.6394719,0.6279267,0.63268864,0.63695407,0.6301909,0.63351464,0.62858236,0.63257617,0.63676476,0.6314631,0.643651,0.6327016,0.63197666,0.6383097,0.637951,0.630078,0.6347806,0.6316669,0.6381015,0.6397854,0.6484343,0.64615047,0.6358944,0.64391214,0.62176937,0.63850534,0.6394121,0.64588004,0.64671063,0.6286204,0.63783956,0.63048774,0.6381078,0.6258526,0.62520623,0.63638794,0.65285945,0.62480927,0.6314695,0.6244774,0.6235574,0.62292105,0.6295678,0.6501393,0.6261396,0.63512826,0.6327426,0.6343938,0.6147694,0.628967,0.6295412,0.6522208,0.6530594,0.6321343,0.6380926,0.6270979,0.62860596,0.6342781,0.64288664,0.62628627,0.63391376,0.6475217,0.65565354,0.63579804,0.63180137,0.6291756,0.6330205,0.64359194,0.6272474,0.63415086,0.6471189,0.63996655,0.64496875,0.63870406,0.63930285,0.62191975,0.6318135,0.64685386,0.6293657,0.6352959,0.6289933,0.6261516,0.6191792,0.6325539,0.6421448,0.6209673,0.63157976,0.6227038,0.6288419,0.6306662,0.63985795,0.6329299,0.6237132,0.63242847,0.6199198,0.6509354,0.6287993,0.64149094,0.6312119,0.63755655,0.6373346,0.6287216,0.6209264,0.6357647,0.6281659,0.626659,0.6485709,0.62044,0.62953156,0.6118912,0.6410923,0.61904746,0.6417335,0.6347094,0.64109397,0.62468696,0.6348217,0.64039916,0.6429362,0.64115566,0.628463,0.63142055,0.6396382,0.62242323,0.6270726,0.6365983,0.61791694,0.62717587,0.6187771,0.6234788,0.6311767,0.64255995,0.6506132,0.6267457,0.629797,0.6302589,0.6329069,0.63434297,0.6439262,0.6211654,0.6474258,0.629564,0.63668203,0.625122,0.62427366,0.6499528,0.62789804,0.63896704,0.6414809,0.63177437,0.64133215,0.6439874,0.61910236,0.64101535,0.6363142,0.62068844,0.64197063,0.6256189,0.6337973,0.6272298,0.6269461,0.6400385,0.6276395,0.64166373,0.6412916,0.6280982,0.61860484,0.6339504,0.6373059,0.6278961,0.638592,0.6342204,0.63539344,0.63686126,0.6336048,0.6378886,0.6261068,0.6385807,0.6380432,0.6443579,0.63230217,0.64281213,0.6174497,0.6339359,0.63987863,0.6578979,0.6281979,0.6215846,0.637555,0.6350112,0.6439489,0.65139794,0.6473149,0.6472166,0.6427437,0.6399409,0.6434391,0.6348471,0.6233892,0.63801664,0.6290465,0.6295288,0.653196,0.627163,0.61853623,0.6265066,0.641394,0.6359822,0.6329718,0.6512589,0.6503672,0.63626504,0.63649803,0.6312953,0.64115673,0.63438666,0.6261348,0.6248459,0.6386249,0.63323146,0.6465052,0.63061965,0.64492416,0.6297188,0.6256397,0.6274354,0.63902617,0.629428,0.6334869,0.62978446,0.6264534,0.63573146,0.64651096,0.6442919,0.6278988,0.637939,0.6472231,0.6213621,0.6404574,0.6139483,0.62731725,0.6232544,0.63844377,0.6379391,0.6497111,0.631633,0.643552,0.6461645,0.6116356,0.6256332,0.6549581,0.6418293,0.6198617,0.62803334,0.6242421,0.6147432,0.6200222,0.6391016,0.6454543,0.63476455,0.6557316,0.62161386,0.6396395,0.64921224,0.6496748,0.64280903,0.6437945,0.6326759,0.6277762,0.6154394,0.63771814,0.63083565,0.6378402,0.618592,0.63654304,0.64623433,0.6261625,0.6355919,0.62316895,0.63029426,0.62954736,0.6247947,0.6393734,0.63172317,0.644826,0.64466107,0.6263918,0.63359535,0.6322451,0.6190618,0.6283759,0.63351035,0.6444184,0.62763315,0.64467007,0.63759315,0.6346174,0.63397,0.6280954,0.64955056,0.63030267,0.6431276,0.62158185,0.64578635,0.63758713,0.6400546,0.6495719,0.6313027,0.6344502,0.6421525,0.62081796,0.647197,0.63826764,0.63905644,0.61993104,0.64129406
0.0,0.0,0.0,0.0,0.0,0.0,0.0,0.0,0.0,0.0,0.0,0.0,0.0,0.0,0.0,0.0,0.0,0.0,0.0,0.0,0.0,0.0,0.0,0.0,0.0,0.0,0.0,0.0,0.0,0.0,0.0,0.0,0.0,0.0,0.0,0.0,0.0,0.0,0.0,0.0,0.0,0.0,0.0,0.0,0.0,0.0,0.0,0.0,0.0,0.0,0.0,0.0,0.0,0.0,0.0,0.0,0.0,0.0,0.0,0.0,0.0,0.0,0.0,0.0,0.0,0.0,0.0,0.0,0.0,0.0,0.0,0.0,0.0,0.0,0.0,0.0,0.0,0.0,0.0,0.0,0.0,0.0,0.0,0.0,0.0,0.0,0.0,0.0,0.0,0.0,0.0,0.0,0.0,0.0,0.0,0.0,0.0,0.0,0.0,0.0,0.0,0.0,0.0,0.0,0.0,0.0,0.0,0.0,0.0,0.0,0.0,0.0,0.0,0.0,0.0,0.0,0.0,0.0,0.0,0.0,0.0,0.0,0.0,0.0,0.0,0.0,0.0,0.0,0.0,0.0,0.0,0.0,0.0,0.0,0.0,0.0,0.0,0.0,0.0,0.0,0.0,0.0,0.0,0.0,0.0,0.0,0.0,0.0,0.0,0.0,0.0,0.0,0.0,0.0,0.0,0.0,0.0,0.0,0.0,0.0,0.0,0.0,0.0,0.0,0.0,0.0,0.0,0.0,0.0,0.0,0.0,0.0,0.0,0.0,0.0,0.0,0.0,0.0,0.0,0.0,0.0,0.0,0.0,0.0,0.0,0.0,0.0,0.0,0.0,0.0,0.0,0.0,0.0,0.0,0.0,0.0,0.0,0.0,0.0,0.0,0.0,0.0,0.0,0.0,0.0,0.0,0.0,0.0,0.0,0.0,0.0,0.0,0.0,0.0,0.0,0.0,0.0,0.0,0.0,0.0,0.0,0.0,0.0,0.0,0.0,0.0,0.0,0.0,0.0,0.0,0.0,0.0,0.0,0.0,0.0,0.0,0.0,0.0,0.0,0.0,0.0,0.0,0.0,0.0,0.0,0.0,0.0,0.0,0.0,0.0,0.0,0.0,0.0,0.0,0.0,0.0,0.0,0.0,0.0,0.0,0.0,0.0,0.0,0.0,0.0,0.0,0.0,0.0,0.0,0.0,0.0,0.0,0.0,0.0,0.0,0.0,0.0,0.0,0.0,0.0,0.0,0.0,0.0,0.0,0.0,0.0,0.0,0.0,0.0,0.0,0.0,0.0,0.0,0.0,0.0,0.0,0.0,0.0,0.0,0.0,0.0,0.0,0.0,0.0,0.0,0.0,0.0,0.0,0.0,0.0,0.0,0.0,0.0,0.0,0.0,0.0,0.0,0.0,0.0,0.0,0.0,0.0,0.0,0.0,0.0,0.0,0.0,0.0,0.0,0.0,0.0,0.0,0.0,0.0,0.0,0.0,0.0,0.0,0.0,0.0,0.0,0.0,0.0,0.0,0.0,0.0,0.0,0.0,0.0,0.0,0.0,0.0,0.0,0.0,0.0,0.0,0.0,0.0,0.0,0.0,0.0,0.0,0.0,0.0,0.0,0.0,0.0,0.0,0.0,0.0,0.0,0.0,0.0,0.0,0.0,0.0,0.0,0.0,0.0,0.0,0.0,0.0,0.0,0.0,0.0,0.0,0.0,0.0,0.0,0.0,0.0,0.0,0.0,0.0,0.0,0.0,0.0,0.0,0.0,0.0,0.0,0.0,0.0,0.0,0.0,0.0,0.0,0.0,0.0,0.0,0.0,0.0,0.0,0.0,0.0,0.0,0.0,0.0,0.0,0.0,0.0,0.0,0.0,0.0,0.0,0.0,0.0,0.0,0.0,0.0,0.0,0.0,0.0,0.0,0.0,0.0,0.0,0.0,0.0,0.0,0.0,0.0,0.0,0.0,0.0,0.0,0.0,0.0,0.0,0.0,0.0,0.0,0.0,0.0,0.0,0.0,0.0,0.0,0.0,0.0,0.0,0.0,0.0,0.0,0.0,0.0,0.0,0.0,0.0,0.0,0.0,0.0,0.0,0.0,0.0,0.0,0.0,0.0,0.0,0.0,0.0,0.0,0.0,0.0,0.0,0.0,0.0,0.0,0.0,0.0,0.0,0.0,0.0,0.0,0.0,0.0,0.0,0.0,0.0,0.0,0.0,0.0,0.0,0.0,0.0,0.0,0.0,0.0,0.0,0.0,0.0,0.0,0.0,0.0,0.0,0.0,0.0,0.0,0.0,0.0,0.0,0.0,0.0,0.0,0.0,0.0,0.0,0.0,0.0,0.0,0.0,0.0,0.0,0.0,0.0,0.0,0.0,0.0,0.0,0.0,0.0,0.0,0.0,0.0,0.0,0.0,0.0,0.0,0.0,0.0,0.0,0.0,0.0,0.0,0.0,0.0,0.0,0.0,0.0,0.0,0.0,0.0,0.0,0.0,0.0,0.0,0.0,0.0,0.0,0.0,0.0,0.0,0.0,0.0,0.0,0.0,0.0,0.0,0.0,0.0,0.0,0.0,0.0,0.0,0.0,0.0,0.0,0.0,0.0,0.0,0.0,0.0,0.0,0.0,0.0,0.0,0.0,0.0,0.0,0.0,0.0,0.0,0.0,0.0,0.0,0.0,0.0,0.0,0.0,0.0,0.0,0.0,0.0,0.0,0.0,0.0,0.0,0.0,0.0,0.0,0.0,0.0,0.0,0.0,0.0,0.0,0.0,0.0,0.0,0.0,0.0,0.0,0.0,0.0,0.0,0.0,0.0,0.0,0.0,0.0,0.0,0.0,0.0,0.0,0.0,0.0,0.0,0.0,0.0,0.0,0.0,0.0,0.0,0.0,0.0,0.0,0.0,0.0,0.0,0.0,0.0,0.0,0.0,0.0,0.0,0.0,0.0,0.0,0.0,0.0,0.0,0.0,0.0,0.0,0.0,0.0,0.0,0.0,0.0,0.0,0.0,0.0,0.0,0.0,0.0,0.0,0.0,0.0,0.0,0.0,0.0,0.0,0.0,0.0,0.0,0.0,0.0,0.0,0.0,0.0,0.0,0.0,0.0,0.0,0.0,0.0,0.0,0.0,0.0,0.0,0.0,0.0,0.0,0.0,0.0,0.0,0.0,0.0,0.0,0.0,0.0,0.0,0.0,0.0,0.0,0.0,0.0,0.0,0.0,0.0,0.0,0.0,0.0,0.0,0.0,0.0,0.0,0.0,0.0,0.0,0.0,0.0,0.0,0.0,0.0,0.0,0.0,0.0,0.0,0.0,0.0,0.0,0.0,0.0,0.0,0.0,0.0,0.0,0.0,0.0,0.0,0.0,0.0,0.0,0.0,0.0,0.0,0.0,0.0,0.0,0.0,0.0,0.0,0.0,0.0,0.0,0.0,0.0,0.0,0.0,0.0,0.0,0.0,0.0,0.0,0.0,0.0,0.0,0.0,0.0,0.0,0.0,0.0,0.0,0.0,0.0,0.0,0.0,0.0,0.0,0.0,0.0,0.0,0.0,0.0,0.0,0.0,0.0,0.0,0.0,0.0,0.0,0.0,0.0,0.0,0.0,0.0,0.0,0.0,0.0,0.0,0.0,0.0,0.0,0.0,0.0,0.0,0.0,0.0,0.0,0.0,0.0,0.0,0.0,0.0,0.0,0.0,0.0,0.0,0.0,0.0,0.0,0.0,0.0,0.0,0.0,0.0,0.0,0.0,0.0,0.0,0.0,0.0,0.0,0.0,0.0,0.0,0.0,0.0,0.0,0.0,0.0,0.0,0.0,0.0,0.0,0.0,0.0,0.0,0.0,0.0,0.0,0.0,0.0,0.0,0.0,0.0,0.0,0.0,0.0,0.0,0.0,0.0,0.0,0.0,0.0,0.0,0.0,0.0,0.0,0.0,0.0,0.0,0.0,0.0,0.0,0.0,0.0,0.0,0.0,0.0,0.0,0.0,0.0,0.0,0.0,0.0,0.0,0.0,0.0,0.0,0.0,0.0,0.0,0.0,0.0,0.0,0.0,0.0,0.0,0.0,0.0,0.0,0.0,0.0,0.0,0.0,0.0,0.0,0.0,0.0,0.0,0.0,0.0,0.0,0.0,0.0,0.0,0.0,0.0,0.0,0.0,0.0,0.0,0.0,0.0,0.0,0.0,0.0,0.0,0.0,0.0,0.0,0.0,0.0,0.0,0.0,0.0,0.0,0.0,0.0,0.0,0.0,0.0,0.0,0.0,0.0,0.0,0.0,0.0,0.0,0.0,0.0,0.0,0.0,0.0,0.0,0.0,0.0,0.0,0.0,0.0,0.0,0.0,0.0,0.0,0.0,0.0,0.0,0.0,0.0,0.0,0.0,0.0,0.0,0.0,0.0,0.0,0.0,0.0
0.95767534,0.9487338,0.94734573,0.9544563,0.9530996,0.9475693,0.95004135,0.93558145,0.95273817,0.9529142,0.94465977,0.9481582,0.94557106,0.93073386,0.95347995,0.94549614,0.9352699,0.94313794,0.94334865,0.94808584,0.9552943,0.94238484,0.94518465,0.9420971,0.943813,0.9490859,0.9548522,0.9392532,0.9505705,0.95203215,0.9375275,0.9369095,0.9488962,0.94636667,0.95146966,0.9386225,0.940729,0.91837156,0.93554926,0.9450965,0.94403017,0.9492414,0.93766576,0.94164103,0.9472383,0.92911685,0.9445829,0.94930834,0.9428485,0.9488932,0.95521736,0.94171786,0.9502398,0.94266003,0.9733029,0.94221455,0.9518288,0.9461573,0.9430764,0.95249206,0.96062106,0.9576785,0.93979585,0.9348862,0.95486677,0.94758385,0.94622517,0.9429846,0.95341486,0.95929635,0.9298927,0.94199574,0.9535361,0.9639098,0.942701,0.9384359,0.9456399,0.94557464,0.94918513,0.9395989,0.93736684,0.94897366,0.9337925,0.94463885,0.9543674,0.9431275,0.9417132,0.9469128,0.958361,0.95255584,0.94691205,0.95159405,0.9387008,0.9288594,0.9462327,0.9471183,0.9516441,0.9451708,0.9589232,0.9459266,0.9455297,0.94635206,0.9358134,0.94153637,0.9529784,0.95351833,0.9450216,0.9514937,0.9373624,0.9450278,0.9354976,0.9504023,0.94657654,0.93964577,0.9401387,0.940817,0.9414236,0.9508921,0.9337872,0.9339376,0.9377209,0.94833905,0.9466165,0.94478106,0.9463091,0.938839,0.95898527,0.94521254,0.9628983,0.95017564,0.9569142,0.9481686,0.94797665,0.94758064,0.94192123,0.9259028,0.94402957,0.9390675,0.9505702,0.94819814,0.9518036,0.9491743,0.9505495,0.93117505,0.9296428,0.9468897,0.93530273,0.94852346,0.9355102,0.9347065,0.9473638,0.95160455,0.95560235,0.9448101,0.95296276,0.9390373,0.93511647,0.9575282,0.94618976,0.9494309,0.9498575,0.9369888,0.950075,0.95729935,0.9404639,0.954745,0.9557456,0.94956535,0.9339731,0.92969453,0.93838537,0.95299584,0.9444379,0.9383027,0.93773955,0.94340116,0.95424396,0.9623736,0.946312,0.94560176,0.9530088,0.9255486,0.9529683,0.9573033,0.9409903,0.9368197,0.95700973,0.943821,0.94884235,0.9480887,0.93937165,0.94049716,0.94716585,0.9337584,0.9366296,0.9358684,0.94321686,0.94717693,0.9446912,0.9522436,0.94835395,0.94338316,0.9451089,0.9354013,0.9466036,0.96040785,0.9494772,0.9518862,0.9487365,0.9534679,0.9391596,0.93941814,0.9463527,0.9517817,0.9599446,0.9482453,0.9383946,0.9525774,0.9516704,0.9368298,0.9332747,0.95067894,0.94782835,0.9471015,0.9450642,0.94935495,0.9266929,0.9549584,0.9530318,0.9517042,0.94099414,0.9448457,0.9478046,0.95172185,0.95053554,0.95069945,0.94805306,0.94343877,0.93532884,0.9393001,0.9389596,0.9453286,0.9414059,0.9403653,0.95396805,0.94559157,0.9388923,0.96334535,0.95016706,0.93360204,0.96444714,0.9231655,0.94541466,0.9541477,0.94114417,0.9458419,0.9443718,0.9426148,0.94180447,0.95432705,0.93538076,0.9488396,0.9391236,0.94743615,0.9504406,0.93208027,0.92922467,0.953017,0.94871026,0.9406721,0.9529479,0.9513256,0.9515077,0.9491955,0.95927596,0.9365155,0.9487068,0.93656147,0.94725895,0.954763,0.94159657,0.9475571,0.9532813,0.9437917,0.9462451,0.9478252,0.9425833,0.94118,0.94881445,0.93518406,0.9368687,0.9353353,0.94820184,0.9308281,0.94235975,0.9408716,0.9422341,0.94203,0.95163286,0.9338107,0.9477335,0.9554079,0.93642807,0.9390473,0.9386964,0.94468135,0.9527235,0.94529295,0.94954914,0.94132864,0.92924416,0.95025116,0.95150566,0.94770265,0.95874745,0.94564515,0.94802666,0.9401459,0.9362419,0.94599056,0.93998754,0.94261193,0.9550139,0.93917805,0.94452226,0.94211704,0.94732726,0.9402342,0.9455175,0.94318384,0.9425155,0.9566112,0.9510009,0.96286786,0.9411551,0.94662964,0.95063674,0.94130623,0.9490154,0.9451896,0.94852316,0.93618083,0.9443164,0.9669672,0.9341388,0.955226,0.93620586,0.9590081,0.955715,0.9387431,0.95251244,0.9434088,0.9462231,0.94454545,0.94124365,0.934091,0.946403,0.9408663,0.9546794,0.9245412,0.9649932,0.95609957,0.9474449,0.9448309,0.9490378,0.94847274,0.9356759,0.9401137,0.9510805,0.9412751,0.9493313,0.9429336,0.9487667,0.9452654,0.9488423,0.9433667,0.94214505,0.9426367,0.9474414,0.9428715,0.9268102,0.95470613,0.9469952,0.951541,0.9452442,0.9468563,0.93751067,0.9520531,0.9525071,0.94101995,0.95351785,0.95097256,0.9456935,0.94847715,0.9362189,0.9465781,0.9390748,0.93922055,0.95106184,0.9522739,0.93989635,0.9399786,0.9421748,0.962492,0.9420886,0.9421033,0.95058715,0.94324994,0.93884003,0.95044154,0.9354057,0.94520044,0.954626,0.94415253,0.94658494,0.9487056,0.9408852,0.9475631,0.93457824,0.9414712,0.94886935,0.9423954,0.9485843,0.94852775,0.9387706,0.93661934,0.9387179,0.9528163,0.9481998,0.94861263,0.9437391,0.93894386,0.95341545,0.94729275,0.928369,0.945196,0.9609913,0.9534031,0.94442314,0.9409193,0.94795775,0.95561475,0.9533864,0.95035803,0.95025,0.9545317,0.94499433,0.9556166,0.9587355,0.93942475,0.9450752,0.9479824,0.94421875,0.92914957,0.93795013,0.937324,0.9685998,0.9464077,0.9436623,0.95567054,0.9453237,0.94531155,0.95269305,0.9415445,0.9398821,0.93915975,0.949091,0.9503274,0.9463137,0.9442791,0.94012797,0.959446,0.9342579,0.9418333,0.95124364,0.9457522,0.9487248,0.9508126,0.9374959,0.94737744,0.94769526,0.94517356,0.9333162,0.9354686,0.95914435,0.9628279,0.94152194,0.9397083,0.9484756,0.9562335,0.9562839,0.9576561,0.9404063,0.9425336,0.9399341,0.9400203,0.935985,0.9378296,0.93974984,0.9334838,0.93463373,0.9356332,0.94623,0.9474482,0.93461716,0.9370869,0.9428608,0.93692154,0.93911314,0.94380337,0.9539405,0.93579376,0.9471003,0.9548418,0.9547256,0.9563748,0.9620997,0.9416855,0.93135273,0.94853693,0.95902675,0.9424966,0.9523482,0.9632162,0.9466573,0.9509836,0.93988836,0.9494469,0.9621419,0.9624172,0.9493013,0.9335331,0.9408569,0.9306128,0.9385053,0.94652605,0.95134205,0.9517629,0.93711096,0.953817,0.9481925,0.94389546,0.9543013,0.9507971,0.93742496,0.9342392,0.94071853,0.9517631,0.93703806,0.95967126,0.9504462,0.9318015,0.963361,0.94691485,0.9532233,0.9401578,0.93890077,0.94210243,0.9442321,0.9439755,0.9451304,0.95208114,0.9288251,0.94446874,0.93933904,0.9392221,0.94853896,0.9506272,0.93786234,0.93909913,0.9483538,0.9501356,0.94477916,0.93812877,0.95231646,0.95169973,0.94880456,0.957189,0.93386745,0.94655764,0.9404405,0.9330798,0.9397058,0.9446842,0.94726706,0.93864644,0.9399651,0.93701947,0.94802374,0.9573993,0.94172513,0.9507328,0.9414685,0.93988883,0.95150363,0.9517733,0.9473435,0.9366746,0.9419396,0.95541984,0.94512415,0.94162834,0.94094414,0.9330046,0.95188934,0.9397556,0.94686675,0.94026285,0.9573917,0.94685876,0.96539736,0.9490204,0.9494969,0.95124775,0.9493719,0.93238,0.9458621,0.9647148,0.9373923,0.9361364,0.9493696,0.94929576,0.9544156,0.94268614,0.93798566,0.9385555,0.9309596,0.9422659,0.9533579,0.9443083,0.9436582,0.9573324,0.9350508,0.94276834,0.9316867,0.9425964,0.96004367,0.9354181,0.9493323,0.94482756,0.9512118,0.9487734,0.94351965,0.94714224,0.9420539,0.93580157,0.93881696,0.95253354,0.95763445,0.9437315,0.9469231,0.9440149,0.9580595,0.9487938,0.9533373,0.9521962,0.9457335,0.9407527,0.9445842,0.93485713,0.9458822,0.96012145,0.9261329,0.9300028,0.9502485,0.9486,0.95215243,0.93898684,0.9497055,0.949003,0.93356615,0.9508496,0.95592886,0.9348923,0.9499614,0.9471058,0.9429861,0.95444477,0.9452483,0.9405195,0.94762945,0.95281214,0.95085806,0.94545376,0.9473747,0.9479999,0.9258914,0.9548759,0.95100605,0.941055,0.9416534,0.9359939,0.93623567,0.9471764,0.9455216,0.9451761,0.9643813,0.93918645,0.9442157,0.9526864,0.94348073,0.94010484,0.9497547,0.93834716,0.9577641,0.94517314,0.94653463,0.9673996,0.9409411,0.9362647,0.9576474,0.95392704,0.95012504,0.9433465,0.9447634,0.9432647,0.9564404,0.93808126,0.94189286,0.9392472,0.950075,0.94344044,0.9481286,0.93954784,0.94271004,0.9480493,0.9490901,0.9401953,0.94083,0.94957024,0.9444146,0.9580703,0.9406097,0.94885933,0.93878585,0.94891465,0.94313294,0.94777524,0.9568243,0.9424512,0.95017195,0.93942654,0.93232167,0.95495576,0.9398257,0.95805013,0.9502772,0.9484389,0.9388564,0.95689434,0.9421725,0.9500726,0.9366663,0.953888,0.95238113,0.94988656,0.94049346,0.9383499,0.9466943,0.9397908,0.9484858,0.95238274,0.9581091,0.9327481,0.936042,0.95083946,0.94498384,0.9418532,0.949025,0.9589964,0.9412635,0.95146924,0.9378952,0.9469815,0.94414884,0.9444635,0.9577905,0.9551152,0.9346703,0.94274616,0.94855636,0.9414654,0.9492524,0.95058304,0.9451482,0.93556607,0.9419536,0.94214356,0.94146806,0.94023126,0.9463209,0.9408911,0.9463762,0.9452121,0.9663761,0.932936,0.94464505,0.9392946,0.9402045,0.952034,0.94387555,0.947614,0.952987,0.9455739,0.9317462,0.943634,0.94364035,0.9401656,0.9305053,0.9421401,0.95743656,0.9430275,0.9522535,0.9436625,0.94419116,0.9379656,0.95769143,0.9492586,0.9411112,0.941271,0.95845145,0.9460427,0.95338833,0.94565046,0.94643265,0.9482828,0.94136256,0.9479939,0.9408912,0.9570674,0.9470687,0.93541515,0.94323015,0.93010986,0.950866,0.9406051,0.9428878,0.95779485,0.94310576,0.94296026,0.952844,0.9488682,0.95665085,0.93936604,0.9462504,0.9404844,0.9310343,0.9455911,0.935805,0.94617283,0.9580431,0.9445068,0.9506046,0.94651824,0.95959795,0.94514906,0.9463148,0.94315416,0.941812,0.9529771,0.9442514,0.94244504,0.9506177,0.95953524,0.9473919,0.95619094,0.94008183,0.94048405,0.93666846,0.95304954,0.9395843,0.93028826,0.93623394,0.9379554,0.96113557,0.95816374,0.9416717,0.9446715,0.94477606,0.94755787,0.964426,0.94776267,0.9290614,0.94127816,0.9459303,0.92410016,0.9586936,0.9371822,0.93073565,0.93594056,0.9305757,0.9460417,0.9423744,0.9601171,0.95076644,0.94126266,0.94004124,0.9479468,0.94983304,0.9251722,0.93922746,0.9413897,0.9333946,0.93936545,0.9541451,0.9469843,0.9562152,0.9509938,0.93627477,0.96613306,0.9368463,0.93980336,0.94723564,0.9571,0.94176024,0.95100814,0.9552136,0.9445879,0.94700223,0.94612354,0.95422226,0.93746984,0.9511391,0.94446915,0.9391993,0.9538644,0.9444184,0.9566953,0.9641516,0.9516022,0.94628596,0.9512483,0.92421246,0.938087,0.9549685,0.94629776,0.93580025,0.9528804,0.9571401,0.9348963,0.94985753,0.9443715,0.942641,0.95388603,0.9367643,0.947027,0.94993293,0.9510932,0.9579084,0.94510204,0.9512018,0.94069475,0.93917096,0.9422567,0.93988127,0.9340754,0.9520091,0.93389016,0.9470323,0.946403,0.94831455,0.9301245,0.96017665,0.9514206,0.93255454,0.9508288,0.9457239,0.94856757,0.9454585,0.94188076,0.9375159,0.9456814,0.9486636,0.9393447,0.93727934,0.9346601,0.951512,0.9462436,0.9587163,0.9377773,0.93870336,0.9432864,0.9427365,0.93710095,0.9521285,0.94348997,0.9413273,0.95569605,0.9455048,0.9456515,0.9583009,0.93638355,0.95403206,0.93689525,0.94854563,0.9472402,0.95288575,0.936347,0.9446513,0.93127483
0.9194474,0.94434315,0.90945834,0.9317151,0.933732,0.92616194,0.93940485,0.93218565,0.95141506,0.9383685,0.92972755,0.9277729,0.9299402,0.9104772,0.9450363,0.933304,0.9348081,0.9252069,0.9283207,0.9404562,0.9402311,0.9326289,0.94514406,0.9245241,0.9191611,0.93219954,0.92674184,0.9233633,0.9280475,0.9296605,0.91992414,0.94141364,0.93457586,0.9287595,0.9264502,0.92696303,0.9183966,0.9368494,0.9324213,0.91833174,0.9319011,0.9339607,0.9272921,0.938301,0.9377978,0.93480074,0.94287837,0.93138033,0.9348703,0.9144397,0.9339401,0.9281395,0.92565596,0.9208229,0.94637203,0.9302566,0.93753505,0.9358183,0.92851776,0.92505544,0.92416024,0.9285218,0.91573024,0.92080796,0.9431084,0.9185239,0.9350035,0.9157921,0.9430286,0.93535435,0.92654914,0.9316105,0.93835014,0.93111944,0.93156064,0.91689044,0.9366064,0.9327532,0.9223934,0.940122,0.93780786,0.92935854,0.9128242,0.93306243,0.94205177,0.9363333,0.9333456,0.9376637,0.93291366,0.9426151,0.91656893,0.93504393,0.9199237,0.9288484,0.93259895,0.93463796,0.9213443,0.9347738,0.928901,0.93172336,0.9301179,0.93278205,0.9205847,0.9211478,0.92735994,0.9241908,0.9408923,0.916335,0.94543535,0.9451021,0.92133194,0.9407492,0.92011845,0.91624475,0.9324829,0.9219246,0.93767554,0.9322891,0.91791236,0.9232567,0.93380874,0.9378319,0.9437566,0.91562927,0.93590516,0.9299519,0.9408414,0.9281772,0.94549954,0.9329184,0.91845226,0.9361006,0.919484,0.93072665,0.91851175,0.91170514,0.91534686,0.9104507,0.93595135,0.9295599,0.9328947,0.9332677,0.9335981,0.9256932,0.9337668,0.93302166,0.93314004,0.9336747,0.9250011,0.9203028,0.9226431,0.9383607,0.927976,0.9283544,0.91735315,0.92670095,0.92633796,0.93321687,0.9280655,0.92330295,0.9525345,0.90650576,0.93644863,0.91710645,0.92232037,0.9294794,0.9402917,0.9295259,0.92378575,0.91350484,0.92125136,0.92253554,0.939399,0.9175551,0.9163275,0.9277944,0.9192222,0.9413672,0.94502187,0.9291745,0.93775773,0.9396447,0.9461001,0.9510788,0.9381744,0.9324158,0.9302414,0.93284225,0.93022513,0.92979956,0.94472003,0.9299527,0.9307548,0.9227347,0.9302865,0.92709404,0.95056134,0.930264,0.93645704,0.9361053,0.92729115,0.9163344,0.93318164,0.92076206,0.9292935,0.9315525,0.9204361,0.91239166,0.9387394,0.9432565,0.9242929,0.9207798,0.93225944,0.93897325,0.9139752,0.9457253,0.9365095,0.94001526,0.930132,0.9226188,0.9331335,0.9370506,0.9302906,0.9290411,0.92806286,0.9213824,0.92845225,0.9321995,0.93637997,0.9197586,0.9262804,0.941746,0.9312626,0.93517923,0.93667465,0.926594,0.9431649,0.9183755,0.9274924,0.92770433,0.9325756,0.9360671,0.93138593,0.93632317,0.9295385,0.9225004,0.9333991,0.9368971,0.9390111,0.92548734,0.9450956,0.92635345,0.92617923,0.9466215,0.9307902,0.9243193,0.9233929,0.93776864,0.93147314,0.9326767,0.9288042,0.9084536,0.91447204,0.92603403,0.92323846,0.92288244,0.9336364,0.9190217,0.9361355,0.9385328,0.92038727,0.9343524,0.93352854,0.91261303,0.9347859,0.9142355,0.94129497,0.92548925,0.92819536,0.9330417,0.9203827,0.9365379,0.9375704,0.92119944,0.93320364,0.9311535,0.9278666,0.92902493,0.9334293,0.9287256,0.9201349,0.9382195,0.94018745,0.92008084,0.9267865,0.93082637,0.92425054,0.9218185,0.94489944,0.924242,0.93395776,0.942903,0.9271338,0.93072295,0.91921574,0.9332361,0.9350692,0.94385827,0.9266672,0.928643,0.9273392,0.9281054,0.93860584,0.9108115,0.93035746,0.9302692,0.95267785,0.9320743,0.935141,0.943918,0.92338896,0.9227735,0.92136574,0.9206581,0.92785287,0.940681,0.9313737,0.92465866,0.9288316,0.923513,0.9292899,0.9313125,0.92915106,0.9327745,0.9328866,0.9315461,0.9356528,0.92789304,0.9432424,0.9220872,0.9285998,0.9191985,0.9302656,0.9362929,0.9355733,0.9426519,0.914868,0.9239145,0.9392619,0.92123324,0.92776036,0.92669487,0.9368977,0.92631036,0.93437487,0.91116446,0.93202686,0.93324614,0.9304987,0.9242968,0.91140735,0.9219954,0.92731214,0.92492485,0.93041766,0.93191016,0.91586506,0.9380193,0.92673874,0.93009627,0.9455781,0.9309648,0.91726637,0.9320468,0.9289737,0.92555493,0.9299987,0.93359214,0.91895807,0.9175199,0.9177257,0.9450108,0.9330599,0.93876785,0.9216017,0.93802536,0.9119697,0.9445757,0.9427491,0.9062904,0.9357576,0.9157611,0.91869,0.92448705,0.9321617,0.92456925,0.9321603,0.92093307,0.91472346,0.9406433,0.9421646,0.9136002,0.93658215,0.9385441,0.93057555,0.92447954,0.92760396,0.93341374,0.9221336,0.9327629,0.9213755,0.93975306,0.9349992,0.92476386,0.9419142,0.9358348,0.9298642,0.9418788,0.9346112,0.92229414,0.9271941,0.92812735,0.92412746,0.91826713,0.92716366,0.93091285,0.92534214,0.94395494,0.9358851,0.9357493,0.92462754,0.9257674,0.9290943,0.9306199,0.924207,0.9189898,0.92421305,0.92449516,0.93039554,0.9293922,0.94114256,0.921345,0.9377804,0.92565036,0.92658764,0.93641156,0.9182901,0.9153552,0.94398654,0.93602,0.9272408,0.93578136,0.9286493,0.93050206,0.9449947,0.9196504,0.9507268,0.94582486,0.9336061,0.9321083,0.9296566,0.9314986,0.93323267,0.92636645,0.93099374,0.9249872,0.92043185,0.9191631,0.9303337,0.92586243,0.9249986,0.9387419,0.9253524,0.94013995,0.9358843,0.9411444,0.9221975,0.93616813,0.92453426,0.9414559,0.9374635,0.92400825,0.92362356,0.91779,0.9324309,0.9542699,0.9452374,0.9169651,0.9436523,0.92162687,0.93203026,0.93202573,0.9366747,0.9174351,0.9270371,0.92997026,0.9327759,0.93505394,0.93258643,0.93549156,0.93075275,0.9216427,0.92478764,0.9393835,0.9175662,0.9301768,0.9180147,0.9308938,0.9293174,0.93863016,0.93292814,0.9304179,0.92300993,0.9186473,0.9277139,0.94139457,0.944685,0.9455171,0.9310479,0.9351867,0.9125804,0.93760514,0.9200818,0.94880056,0.92355424,0.93163043,0.92984545,0.929293,0.92543167,0.93422365,0.92933893,0.91652536,0.93295497,0.9202019,0.9462733,0.93339276,0.93014014,0.93489057,0.9199876,0.93138534,0.93815625,0.9258821,0.9352923,0.9189369,0.9257682,0.91306776,0.9416595,0.9258327,0.92104656,0.92342997,0.9279059,0.9305231,0.9381608,0.9256378,0.9319055,0.9263754,0.9180465,0.9230091,0.9302914,0.924493,0.93462807,0.94194883,0.9424527,0.92551243,0.9304032,0.92389715,0.93621606,0.9411806,0.9213424,0.9286531,0.93462235,0.9498926,0.9191457,0.92051226,0.93189603,0.9344762,0.9264937,0.9266928,0.9151716,0.9286527,0.9109941,0.9222163,0.93229604,0.92892796,0.9414793,0.9326493,0.9292742,0.9155425,0.931554,0.9349476,0.9312381,0.9372408,0.92168033,0.9434571,0.9484617,0.9284627,0.92426604,0.9214137,0.92709345,0.9406655,0.9238022,0.9164094,0.9308342,0.93815744,0.9283757,0.93419653,0.91585064,0.93496835,0.932646,0.93772787,0.9314687,0.9314401,0.92251694,0.9452497,0.9240936,0.9416853,0.9283304,0.927224,0.92442274,0.92896587,0.9307234,0.94799864,0.92441803,0.92380965,0.9197078,0.9279357,0.9311908,0.9280907,0.9493148,0.9372875,0.9222523,0.92716634,0.9211842,0.92099506,0.92944163,0.92542917,0.9299158,0.9265278,0.9351641,0.9185469,0.9243145,0.9285884,0.9404287,0.9217885,0.9407089,0.9264324,0.9275022,0.9313434,0.93988,0.9252072,0.9385428,0.93271625,0.9418272,0.9281424,0.93619287,0.9357648,0.9338244,0.921614,0.91487277,0.929643,0.93387073,0.9418988,0.92458266,0.93085086,0.9295374,0.9335862,0.9347073,0.9369253,0.9269354,0.93538445,0.92215616,0.9403158,0.93597424,0.92551327,0.9202863,0.93159544,0.92324597,0.9347942,0.9289179,0.9316691,0.93386847,0.9509283,0.9350439,0.9244869,0.9253777,0.92785096,0.9259086,0.93404454,0.93265325,0.9341568,0.93365276,0.9246552,0.91141135,0.9254905,0.91059315,0.93420887,0.94114894,0.931661,0.9334605,0.9429025,0.9343191,0.9155893,0.9311245,0.932728,0.930077,0.9253355,0.93697095,0.93042606,0.92362595,0.9199673,0.9388832,0.94508076,0.9259448,0.9356081,0.92622983,0.93361795,0.9415281,0.92130363,0.92771965,0.9327841,0.9236865,0.91705424,0.93919605,0.9212696,0.94355464,0.9207977,0.93123883,0.9214206,0.92877984,0.92898124,0.9316257,0.9339854,0.93588996,0.94017804,0.9328769,0.92351604,0.93171155,0.9202686,0.94155633,0.93815535,0.9284903,0.92758846,0.93269503,0.93233037,0.93133134,0.92966855,0.9370749,0.9301623,0.9134612,0.94812745,0.9322617,0.9375852,0.9346223,0.9258487,0.92774504,0.9299816,0.9270283,0.93308663,0.9215856,0.9343476,0.9354604,0.92138577,0.951113,0.9128322,0.9520064,0.9406757,0.93500966,0.9198306,0.93936443,0.9295714,0.93162113,0.94199586,0.93400455,0.90943235,0.9308578,0.9238646,0.92599404,0.9405295,0.9318553,0.92028457,0.93078935,0.91685206,0.94284457,0.9320688,0.9244369,0.9190334,0.9110432,0.93199074,0.9259919,0.93182147,0.93237954,0.9315193,0.9254693,0.9573407,0.9287626,0.91661423,0.9271155,0.9300857,0.91872966,0.9314076,0.9431745,0.92621964,0.947438,0.9371704,0.9346462,0.9308725,0.9149891,0.94921404,0.92431504,0.93141764,0.94376355,0.94020516,0.9372523,0.9339726,0.92514306,0.9375229,0.9369679,0.93433887,0.92395663,0.92118603,0.9443248,0.9362504,0.9277657,0.93410325,0.9399376,0.92644054,0.92482376,0.932781,0.9283761,0.9322299,0.922162,0.9287183,0.9282733,0.9272118,0.9340871,0.9247377,0.9286089,0.93008375,0.94613254,0.9246804,0.9468923,0.93916196,0.9235932,0.92582214,0.92771715,0.9382066,0.9136271,0.9261924,0.9193579,0.9224041,0.9250455,0.9192107,0.94189847,0.92245245,0.9351786,0.939279,0.9388526,0.91729313,0.936424,0.9342494,0.9314217,0.9355917,0.9375928,0.93713474,0.93716776,0.9231398,0.9261817,0.9186669,0.90804493,0.9252055,0.9288728,0.9166223,0.92134625,0.9086719,0.93685704,0.9349618,0.92984396,0.92415744,0.9125642,0.9338827,0.93322384,0.9321327,0.92580837,0.9205103,0.933339,0.9189814,0.9351231,0.9213686,0.9172537,0.9373564,0.9321397,0.9296026,0.93532556,0.9362201,0.9267377,0.9282361,0.93564546,0.9293504,0.9209724,0.92517924,0.928545,0.93017805,0.92925674,0.92369545,0.9223531,0.9421632,0.92759657,0.9450775,0.92687136,0.93741083,0.93035483,0.9224357,0.9348906,0.9387519,0.92519647,0.9293745,0.93532103,0.92493045,0.9275876,0.92378265,0.93342364,0.91694504,0.9292326,0.92407066,0.916769,0.92634493,0.9299246,0.9320855,0.9462876,0.93351674,0.93934256,0.922678,0.9393463,0.9191091,0.9064001,0.9170594,0.9332234,0.91970015,0.9343629,0.925554,0.94114834,0.92366916,0.9231902,0.92886996,0.9362951,0.93524134,0.9152646,0.9218553,0.9188724,0.94265544,0.91406953,0.9245469,0.9451929,0.9319,0.9244666,0.9272703,0.92925286,0.9224619,0.9395138,0.9215472,0.9365934,0.90869117,0.93150234,0.9425323,0.9201147,0.91203976,0.9239622,0.9122417,0.9117242,0.92736834,0.9317321,0.94528735,0.9431944,0.92857677,0.9334045,0.9258163,0.93729806,0.927066,0.9436552,0.92655534,0.92952394,0.92987967,0.93749994,0.91773784,0.9245224,0.9321463,0.9382273,0.9288403,0.9173977,0.92750007,0.9243428,0.9262405,0.9331248,0.9227897,0.9391089,0.93336195,0.93195677,0.92569035,0.9282442,0.9112048
1.0070754,1.0047759,1.0084189,1.0062877,1.009066,1.0215441,0.9921734,1.0114287,1.0045373,1.0052537,0.9941165,1.009787,1.0039502,1.0022054,1.01085,1.0164918,1.0089164,1.0156058,1.0179846,1.0171154,1.008253,0.9920744,1.011872,1.0110004,0.98732877,0.9924742,0.99277574,0.9987972,1.0038676,1.000289,1.0160391,1.0149776,1.0257139,1.0110635,1.0081359,1.0016183,1.0288099,0.9975321,1.0061386,0.99836904,1.0041239,1.015894,1.0072002,1.0017887,1.0018448,0.9986111,1.010772,1.0153178,1.0155369,1.008424,1.011652,1.0107985,1.0146859,1.0083003,1.0067967,1.0069268,1.0196241,1.0013336,1.0172073,0.99904114,1.0192647,1.010246,1.0157374,1.0140353,1.0226645,1.0043117,1.0064542,1.0052162,1.0233742,1.0162283,1.0149014,1.007608,0.9982998,1.0002403,1.0035169,1.0012518,1.005602,1.0027459,1.0037644,1.0006391,1.0170616,1.0021299,1.0027051,1.0069903,0.99377257,1.004657,1.0043797,0.99452835,1.0169233,1.0138462,1.0152042,1.0119938,0.9962211,1.001322,1.0040333,1.0102048,1.0185496,1.015095,1.0187474,1.0073923,1.0041275,1.0109767,1.0100557,1.0093881,1.0078895,1.0089954,1.0106825,1.0013343,1.0098412,1.0095879,1.0016901,0.99429727,1.0024745,1.0070564,0.9906551,1.0126026,1.0182302,1.010361,1.0039986,1.0085511,1.0131689,0.9929786,1.0067616,0.9972555,1.0047599,1.0206261,1.0042583,0.99809957,1.0083075,1.0176799,0.99971616,1.0149453,1.0109864,1.0020185,1.0037249,0.99968815,1.0119994,1.0108106,1.0195533,0.99576885,1.0187284,1.0035648,0.9951387,0.989977,1.001975,0.9981923,1.0110842,1.0152115,0.99930924,1.0047443,1.0141376,1.013881,1.0227219,0.99810857,1.0030735,1.0079329,1.0030582,1.0134978,1.0096627,1.0088891,1.00281,0.9961071,1.0093731,0.99842674,1.0082185,1.0122325,1.0138721,1.0077573,0.9981757,0.9975331,1.0074064,1.0128664,1.0169917,1.0170149,1.0035753,1.0172176,1.0131549,1.0091491,0.9999095,1.0035912,1.0018001,1.0155449,1.0116628,0.99945164,1.0050012,1.011517,1.002113,1.0094135,1.0106909,1.0239733,1.0191756,1.004721,1.011599,1.0022359,1.0009433,1.016191,1.0025775,1.0066545,1.0046282,1.005819,1.0050259,1.0146425,1.0149375,1.0033202,1.005405,1.0099518,0.9979335,1.006894,1.0084472,1.0099952,1.0034539,1.0032452,1.022649,1.0076438,1.0096674,1.0160764,1.0068524,0.9976314,1.0213301,1.0004779,1.0020379,1.0055526,1.0061798,1.0115763,1.0146706,1.0047625,1.0008111,1.0142031,1.0156652,1.0192804,1.0123816,1.007059,1.0066326,1.0087907,1.0099853,1.0076643,1.0085548,0.9968266,1.0052131,1.0098165,0.9921281,0.9882072,0.9997272,1.0119221,1.0299461,1.0030775,1.0129566,1.0145954,0.9896378,0.9954946,1.0211334,1.0240654,1.0056338,1.0027479,1.0071508,1.009443,0.9976333,1.010645,1.0159693,0.992455,1.001894,1.0052456,1.0203145,1.0010566,1.0067859,0.99926925,1.0115421,0.99451154,1.0175612,1.010155,0.99758327,0.988152,1.0063785,0.9989995,1.0231305,1.0231137,1.0076895,1.006428,1.0163128,0.99964416,1.0130837,1.0242692,1.0153282,1.0082171,1.0087098,1.0137049,1.0091133,1.0079471,1.0101779,0.9930959,1.0123516,0.9976785,1.0081598,1.0021037,1.006929,1.0201162,0.99297506,1.0209754,0.9911888,1.0097319,1.0014585,1.0013819,1.0054405,1.0088211,1.0085068,1.0144556,1.0019662,1.0216714,1.0047077,1.011704,1.0017728,1.017607,0.9994638,1.004456,1.0097474,1.0151978,1.0048474,0.99272853,1.0221332,1.0039251,1.0059143,1.0105773,1.0112196,0.98597324,1.0178559,0.9997417,1.0179335,1.010909,1.0074309,1.0026894,1.0033114,0.9959184,1.0203954,1.0046662,1.0067952,1.0101378,1.0183598,1.004123,0.9957846,1.0112802,1.0008688,1.0015106,1.0127524,1.0173522,0.99845237,1.0038936,1.0066291,1.0094339,1.0206351,1.009385,1.0061393,1.0132931,1.0244315,1.0022573,1.0105625,1.0125058,1.0191436,1.0234246,1.002967,1.008775,0.99831736,1.0060023,1.0055782,1.002089,1.0019153,1.0085871,0.9977596,1.0016309,1.0100472,1.011521,1.0161058,1.0221026,0.9971474,1.0143796,0.9966887,1.0075723,1.0138717,1.004494,1.0027661,1.0138093,1.0234702,1.0232862,1.0084165,1.0138571,1.012353,1.0066001,1.0034205,1.0040244,1.0174097,1.0089767,1.0099348,1.0174384,1.0091772,1.0182288,1.0068105,1.0047095,1.0080719,0.9992157,1.0131723,0.99404854,1.0057371,1.0042189,0.9952574,1.0020564,1.0005947,1.0038472,1.0098066,1.0115968,1.0049752,1.0124571,1.0094296,0.99432266,1.0040282,1.0155642,1.0198903,0.98580647,1.0034442,1.0114635,1.0103183,1.0060275,1.0061041,1.0095606,1.0030949,1.0077956,1.0124688,1.0187266,1.0077733,1.0100843,1.0124712,1.0061585,1.0132748,1.0122292,1.0147495,1.0023329,1.0008098,1.0094473,1.0022393,1.0053489,0.9984475,1.0076795,1.0187858,1.0162851,1.0114253,1.007354,0.9992187,0.9978854,1.0025618,1.0209317,1.0215042,1.0103408,1.0058196,1.0081769,1.0045269,1.0000554,1.0102551,1.001937,1.0008857,1.0130261,0.9989108,1.0081848,1.0005311,1.0013272,0.99914825,1.0121709,1.0232905,1.0085642,1.0076053,0.99663925,1.014707,1.0002048,0.99508137,0.9955788,1.0095837,1.0027972,0.9972366,0.9998237,1.0048505,1.0122267,1.0030227,1.0224777,1.011832,1.000945,1.0070423,1.0046464,0.989021,1.0162648,1.0117524,1.0118915,1.0118396,1.0157833,1.0129942,1.0031707,1.0023667,1.0078149,0.9993144,1.0019171,1.0118213,1.0062714,1.0068338,0.9976535,1.0158265,1.0058746,1.0052112,1.0191975,1.009334,1.0082097,0.9978255,1.0163858,1.0196495,1.0145206,1.0229225,1.0183928,0.9977038,1.0102117,1.0124557,1.0103322,1.0075732,1.0145497,1.0066619,1.0080316,1.0085698,1.0113554,1.0149428,0.9969663,0.9989404,1.0108734,1.006871,1.0056921,1.010955,1.0159912,1.0069242,0.99274755,1.0258694,1.0086262,0.9954911,1.0148498,1.0286641,1.0054795,1.0175307,1.000818,1.0081167,1.0086454,1.0129215,1.0095447,1.0133712,1.0012342,1.0076821,1.0076216,1.0056046,1.0187153,1.0053422,1.0030637,1.0138531,1.0016912,1.0121012,1.0010104,1.0026549,1.0135982,1.0038474,1.0087495,1.0196204,1.0234113,1.0158868,1.0078285,1.004526,1.0186374,1.0161405,0.9964644,0.9994122,1.0062178,1.0125021,1.0221752,1.0020665,1.0108685,1.0057037,1.0098497,1.0082521,1.0053078,1.0121912,1.0162584,1.0064795,0.99360305,0.9973317,1.0042878,1.0174923,1.0057261,0.9959724,0.99838287,1.0016423,0.98958534,0.9951796,1.02188,1.0087168,1.0014455,0.9970734,1.018289,1.0174637,1.0130676,1.0091233,1.009492,1.0225933,1.0005237,1.0020599,1.0082213,1.0116751,1.001993,1.0276324,1.0154873,1.0036696,1.0024462,1.0093825,1.0112333,1.0021983,1.0148036,1.0012187,1.0071445,1.0038295,1.0004692,1.0090677,1.0134777,1.0185486,1.0057458,1.0078212,1.0018157,1.0188421,1.0021405,0.99786973,1.0207595,1.0144364,1.0032392,1.0053911,1.0016047,1.0100477,1.006119,0.9956574,1.0042392,1.0077436,0.9988354,1.009446,1.0079114,0.9995941,1.007673,0.99162006,1.0064648,1.004149,1.0081022,1.0126979,1.0116075,1.0153326,1.014215,1.0007435,1.014311,1.0096834,1.0045013,1.0034536,1.0055271,1.0071974,1.0279655,1.0077788,1.0220379,1.0191529,1.0090667,0.99763685,1.0073689,1.0212774,1.0060735,0.9990244,1.0073069,1.0053812,0.99244785,1.0097394,1.0102792,1.0100014,1.0137258,1.0042381,1.0221364,1.0093985,1.0026019,1.014292,1.0059407,0.9968524,1.0161523,1.0050627,1.0176349,1.016668,1.0147119,0.9966882,0.9973456,1.0108175,1.0117698,1.0008229,1.0050055,1.0115892,1.0083342,1.020593,1.0086868,0.9898934,1.0007969,1.004961,1.0116574,1.0205567,1.0030527,0.9984695,1.0079693,1.0187832,0.9990248,1.0006545,1.0183976,0.99991065,1.0127082,1.005308,1.0082002,1.007055,1.0093682,1.0186994,0.99821645,1.0183332,1.0085123,1.0034819,1.0052807,1.0196586,1.0118028,1.0085566,1.0109768,1.0303497,0.9988469,0.9933925,1.0179939,1.012191,1.0032624,0.99931604,1.0169953,1.0013062,1.0137565,1.0045902,1.0117663,1.0100148,1.0092145,1.0138752,0.99957174,1.0049161,1.0013387,1.0007452,0.9994159,1.0261589,0.9996877,1.0150146,1.0013641,1.0045463,1.007901,1.0183773,1.0033222,1.0018313,0.9973037,1.0126363,1.0039263,1.003334,1.0132889,1.0019616,1.0086395,0.99095315,1.0214312,1.0082117,1.0070033,0.9986705,0.99395776,1.0057878,1.0014354,1.0129627,1.0057529,1.0190738,1.0151982,1.0117887,1.0085528,1.0090637,1.0221598,1.0060133,1.0050389,1.0016131,1.0215774,0.9998677,1.0102447,1.0023143,1.0235353,1.0026578,1.0173777,1.0116885,1.0130763,1.014438,1.0032438,1.0139968,0.9953492,1.004945,1.0140865,1.0082005,0.9955271,1.0132755,1.0091139,1.010379,1.004403,1.007832,1.0039947,1.0120202,1.0159652,1.0093328,1.013439,1.0040345,1.0146853,0.9974955,1.0089321,1.0122594,1.0118476,1.013245,1.0134513,0.9961127,1.0086855,1.007967,1.0071425,0.9978243,1.0126958,1.0101295,1.0041325,1.0019039,1.0160203,1.0109034,0.9951541,0.99582875,1.0095855,1.0129088,1.0234534,0.9855034,1.0027161,1.007625,0.9985574,0.9975073,1.0106359,1.0040327,1.0138075,1.0040507,1.0046318,1.0167255,1.0097792,1.0069818,1.0069021,1.0085505,0.9993111,0.99874276,1.0091429,1.0212076,1.0031265,1.005004,0.9994801,1.0257871,0.99717027,1.0092269,1.0184147,1.008539,1.0134115,1.0262979,0.992993,1.0180032,1.0102073,1.02048,1.0091417,1.0108343,1.0092236,1.0046024,1.0160413,0.997579,1.0218868,1.0139532,0.99789006,1.0053211,1.0180392,1.0099959,1.0160478,1.0162486,1.0129589,1.0011492,1.0069505,1.0169327,0.9954966,1.0114717,1.0252709,1.0047917,1.0091245,1.0075992,1.0050455,1.0183206,1.0060154,1.0009168,1.019676,1.005839,1.012826,1.0060816,0.9947089,1.011557,0.989372,1.0153902,1.0016091,1.0065551,1.0129725,1.0077358,1.0105302,0.9929155,1.0091774,1.0059069,1.0268958,1.0009247,1.0176773,1.0108167,1.0092398,1.0171789,1.0059798,1.0080532,1.0043513,1.0022067,1.0187298,1.0108929,1.0031034,1.0063386,1.0088389,0.9961922,0.9988345,1.006648,0.9937779,1.0065517,1.0034591,1.000884,1.0149598,1.0028454,0.9929919,1.0039132,0.9994077,1.0088569,1.004643,1.0147774,1.0102538,0.9899722,0.9924527,1.0056547,1.0229009,1.0021286,0.99961704,1.013935,1.0005063,1.0062869,1.0110875,1.0193101,1.0080752,1.0121064,1.0117357,1.006897,1.0061436,1.0049162,1.0037855,1.0023144,1.0008312,1.0144876,1.0142132,1.0117996,1.0276669,1.0026503,1.006805,0.9959986,1.0085428,0.9992651,1.0144869,0.9978144,1.0122912,1.0001229,1.0173906,1.0066264,0.9957279,1.0054314,1.007203,1.0161457,1.0237077,1.0151035,1.0006623,1.0086502,1.0043917,1.0134484,1.0096694,1.0088897,1.0027326,1.0140263,1.0112607,0.98817873,1.0056928,1.0055474,0.9990516,1.0036654,1.035517,0.9994806,1.0140448,1.0157404,1.009901,1.0137995,0.99531144
0.23541494,0.23743731,0.24040402,0.2356639,0.22537512,0.23513292,0.23208795,0.2263689,0.23663254,0.23059301,0.24181643,0.2294174,0.23030145,0.22655153,0.23886001,0.22695687,0.24482428,0.21624246,0.2387001,0.241831,0.24161227,0.24725354,0.2451071,0.22280037,0.24258566,0.24911487,0.23502897,0.22695857,0.2364192,0.22681485,0.24913347,0.22865957,0.23489232,0.22628827,0.23346129,0.24339253,0.2282494,0.22861853,0.21960291,0.22451279,0.24843642,0.23909251,0.24256548,0.2293629,0.23707962,0.23325841,0.24045438,0.225301,0.22876456,0.24419011,0.2328528,0.21562493,0.23228529,0.22722054,0.24666394,0.23284718,0.22189677,0.25783423,0.24147314,0.24175692,0.21011853,0.22096135,0.21722208,0.2309739,0.22728492,0.22967131,0.22843717,0.22624798,0.21957186,0.23309849,0.2271622,0.2400624,0.22790489,0.23800641,0.23660468,0.2437394,0.23922281,0.23183906,0.23510394,0.22214782,0.23771998,0.2357053,0.22687283,0.2246759,0.2561804,0.23833805,0.21271071,0.24573503,0.2282829,0.22981307,0.22026154,0.22155543,0.22582297,0.22765504,0.24024417,0.23690428,0.22494738,0.23505458,0.23526925,0.22004762,0.23417003,0.23749639,0.22751898,0.22470331,0.24146757,0.23850822,0.23385188,0.22893116,0.24404606,0.24222219,0.23405147,0.24404606,0.23778583,0.21831086,0.21895929,0.23101586,0.23010471,0.23585117,0.23187238,0.22749615,0.2442107,0.22655222,0.23251559,0.22262779,0.22274049,0.22046177,0.2238026,0.20177907,0.22545324,0.23849253,0.2390623,0.24655558,0.22314954,0.22623421,0.23950458,0.2197376,0.22605646,0.24604875,0.23139413,0.2331384,0.24249808,0.23160958,0.2261541,0.22405747,0.22833043,0.24139279,0.20919168,0.22487178,0.24438244,0.22336866,0.22583689,0.2167882,0.2264852,0.2325181,0.2263809,0.21991512,0.2329266,0.21770294,0.23126417,0.23722377,0.22647525,0.23788756,0.23349828,0.23604941,0.22784263,0.23568216,0.23826165,0.23687959,0.22442257,0.24039611,0.2168615,0.23126623,0.23458154,0.23098779,0.22670007,0.22858794,0.23169175,0.22019337,0.23890923,0.22734134,0.23231949,0.2265558,0.23089403,0.22672646,0.24834144,0.22917405,0.239162,0.22653547,0.22333416,0.22368453,0.21936685,0.22570138,0.22899835,0.24893104,0.22658631,0.21965995,0.22295298,0.21854107,0.24389115,0.2339285,0.24125662,0.22240771,0.2188776,0.22676162,0.22903608,0.23293675,0.23176935,0.23053747,0.22982045,0.22530037,0.226842,0.23585282,0.23571523,0.2285139,0.21964389,0.23347071,0.23076676,0.24325457,0.22700752,0.2248032,0.2280043,0.23162277,0.23083322,0.22268668,0.24592254,0.22280763,0.2328528,0.24236618,0.2256405,0.22398594,0.23581761,0.22036362,0.24159415,0.23500964,0.23295449,0.24333738,0.23683546,0.23436108,0.2399462,0.23895353,0.23559919,0.24939112,0.24503672,0.22899783,0.22341365,0.23447704,0.23025672,0.22967839,0.22656661,0.23281728,0.21830314,0.23486161,0.23795536,0.22369401,0.24055362,0.2339822,0.24436806,0.23899251,0.22285095,0.23394501,0.23113582,0.24358259,0.23568104,0.25087127,0.22794387,0.23102586,0.2412691,0.23587571,0.2343466,0.23150812,0.22284386,0.2450543,0.21853751,0.21066478,0.22516005,0.23320477,0.24529941,0.21877542,0.23903391,0.23253854,0.22536156,0.23506694,0.23740722,0.23578405,0.22298503,0.24423489,0.23801285,0.2350298,0.22619952,0.22602023,0.2265817,0.22753301,0.2365641,0.26345327,0.23061042,0.22407216,0.23041055,0.23380236,0.24061486,0.23395748,0.24899894,0.22271737,0.23466288,0.22345924,0.2355519,0.22951013,0.23997284,0.24975997,0.23192644,0.23564328,0.21931322,0.21807577,0.25445765,0.24132407,0.23339744,0.21383072,0.23656437,0.2467696,0.2365394,0.23086852,0.21518375,0.24567229,0.23480825,0.24607705,0.21596411,0.23455106,0.22434275,0.23417582,0.22918586,0.21982686,0.23146835,0.23965281,0.24071804,0.25788057,0.22963348,0.24065946,0.22861183,0.228,0.22881259,0.23154362,0.2230128,0.23061565,0.25097108,0.22333278,0.2112342,0.24695411,0.22868669,0.24161664,0.240173,0.23300925,0.24212605,0.2437888,0.2301532,0.24517547,0.24274236,0.23786701,0.22688696,0.22057082,0.21707691,0.22689334,0.23417252,0.23219855,0.22149032,0.23580241,0.24445307,0.22157978,0.23443417,0.23467888,0.21643533,0.23515883,0.22236148,0.22436753,0.24613239,0.23538716,0.23490974,0.23756985,0.21429242,0.23180033,0.2180004,0.23665705,0.2412562,0.21214278,0.22776736,0.23131983,0.2270686,0.24148472,0.21980077,0.21648265,0.22286771,0.23871513,0.23794122,0.24355157,0.23688853,0.24899504,0.25124907,0.21996416,0.22202338,0.22544423,0.2284464,0.22595893,0.22168422,0.22643964,0.2470401,0.23285514,0.23783918,0.23007794,0.23675007,0.23527658,0.23431584,0.21782945,0.24249713,0.24248767,0.24137856,0.22412662,0.23049793,0.2540057,0.24087666,0.21636929,0.22902732,0.23277485,0.23371542,0.22206236,0.25331128,0.22856063,0.22745153,0.22379261,0.23005976,0.242663,0.22598912,0.22710535,0.22591859,0.23329918,0.2230581,0.22514483,0.24269748,0.23530856,0.2598629,0.24074666,0.2357936,0.25044915,0.22623229,0.22296268,0.23173471,0.23981443,0.22218342,0.24036421,0.23193826,0.23722586,0.22083616,0.22931674,0.24462193,0.24573417,0.23527424,0.23999183,0.21669775,0.24356388,0.23457372,0.23972622,0.25577825,0.21921931,0.24339113,0.23227873,0.22196406,0.23156214,0.23090002,0.22247092,0.23278506,0.24025692,0.23575576,0.22141448,0.2425161,0.2395709,0.21949959,0.23981959,0.2329293,0.23853597,0.2272056,0.23712471,0.22017646,0.2245623,0.23035981,0.23441651,0.22682041,0.24715538,0.23008335,0.23507427,0.22645774,0.23399258,0.22198398,0.22211905,0.23453726,0.22673711,0.23617445,0.23578471,0.23654969,0.23577863,0.21181598,0.23288772,0.22392881,0.2308341,0.21673164,0.22507666,0.2387016,0.24516347,0.23181482,0.23882574,0.23157273,0.22871318,0.23500523,0.22966963,0.24046792,0.22071171,0.23276554,0.236395,0.22833636,0.23023567,0.22753525,0.23056667,0.23176326,0.24439982,0.24049057,0.23209168,0.2263716,0.23310375,0.20461513,0.23453425,0.21828799,0.2395947,0.23005861,0.23292047,0.23632906,0.22732231,0.22588415,0.23284146,0.24210176,0.24060877,0.23125362,0.23527953,0.22027119,0.23996654,0.23572549,0.22578916,0.24182205,0.22853455,0.232088,0.23397735,0.2342831,0.2196894,0.23581567,0.23249143,0.25201842,0.23573431,0.2290593,0.22477983,0.25791147,0.22559205,0.23505247,0.23749718,0.22335298,0.23681225,0.22816567,0.21523717,0.23143041,0.24117683,0.23609987,0.24175322,0.2446881,0.23815297,0.23209623,0.23592642,0.23935328,0.23600364,0.22155622,0.23160201,0.24118042,0.23723271,0.23051028,0.24370947,0.22949806,0.23318587,0.22970574,0.22179446,0.22891389,0.2388238,0.23707256,0.22048631,0.2340388,0.228286,0.23790209,0.23135966,0.261494,0.22646125,0.23334558,0.24770106,0.24238154,0.22939068,0.24490435,0.22371337,0.2269398,0.24087124,0.23557457,0.23278877,0.246115,0.22659396,0.22330752,0.23860261,0.21876937,0.22744818,0.22779277,0.23160633,0.22803663,0.2329234,0.24329485,0.23757702,0.23254314,0.23584808,0.21119754,0.231534,0.23007777,0.2280289,0.22405504,0.24422775,0.25884923,0.22605224,0.21776833,0.23287673,0.2433603,0.24461699,0.22358963,0.23041584,0.23259951,0.24432045,0.22561339,0.23640215,0.23250186,0.2401168,0.21752076,0.23711796,0.2221145,0.22401853,0.2332013,0.24493949,0.23481083,0.23295476,0.23729677,0.21393909,0.23673949,0.22470398,0.2320403,0.23709981,0.24877593,0.22667153,0.21881554,0.23574066,0.22848105,0.22894321,0.23046735,0.2219084,0.23026925,0.23140556,0.23907585,0.24271497,0.23986438,0.2380927,0.2368528,0.23590621,0.23205028,0.23609892,0.24687509,0.2384551,0.24468918,0.23369208,0.21385652,0.24141943,0.2242575,0.23769534,0.24321713,0.2474716,0.24507448,0.22505687,0.2408763,0.23641314,0.23120543,0.23028961,0.24812384,0.24081726,0.22582981,0.24020113,0.2282203,0.22250268,0.2290947,0.22963125,0.23302332,0.2274718,0.21357143,0.25217125,0.23061173,0.25246415,0.22057934,0.22597721,0.23450963,0.22674718,0.23120949,0.2335557,0.2248991,0.25205857,0.24834892,0.23675998,0.22956571,0.22079062,0.24092607,0.2406974,0.2399755,0.2339339,0.22303514,0.22730406,0.23409218,0.231572,0.23148356,0.23217246,0.22362742,0.22704655,0.2324023,0.23600164,0.21340537,0.22940983,0.21816742,0.22287087,0.23125842,0.23578179,0.2380339,0.22704133,0.22211228,0.23137246,0.23796669,0.2232475,0.2462902,0.23235977,0.22953585,0.2449987,0.22240666,0.23589993,0.23127933,0.24365757,0.22753148,0.24091563,0.24816772,0.21714526,0.2358653,0.22159682,0.2316443,0.23566622,0.2353079,0.24234876,0.23089291,0.24476355,0.22762515,0.23149009,0.2360321,0.2082391,0.23589817,0.22194585,0.2383841,0.2469191,0.24113989,0.23522282,0.233839,0.21679169,0.23420106,0.23515463,0.22511566,0.22690082,0.22761218,0.22713214,0.22429946,0.22305915,0.23551781,0.2130435,0.22264722,0.22985643,0.24576308,0.22600459,0.22322045,0.22377801,0.23229274,0.23490928,0.23002739,0.23678514,0.23505569,0.23473413,0.23468861,0.2482821,0.22019885,0.24038833,0.24213886,0.24023542,0.21920174,0.22161733,0.22257183,0.248757,0.2415838,0.23759942,0.22433908,0.25310314,0.24322283,0.24454844,0.2240547,0.23959899,0.23772955,0.22963738,0.23101836,0.24680762,0.23283815,0.217754,0.23219067,0.2464294,0.2431346,0.23341571,0.22694802,0.24657549,0.24273022,0.23124394,0.2559335,0.23839068,0.23396954,0.23887524,0.24674596,0.23243561,0.22393788,0.23428604,0.23449059,0.23130998,0.22489426,0.25559345,0.23913266,0.22634101,0.23425984,0.23492496,0.2404022,0.23786238,0.24716611,0.23200229,0.2305539,0.23097466,0.22579396,0.24890333,0.22717945,0.23293442,0.222944,0.23048809,0.22411792,0.23616064,0.23784396,0.23272191,0.23299825,0.22583629,0.22062793,0.22220798,0.2497316,0.23656999,0.2243455,0.22462842,0.24631023,0.2485704,0.24928135,0.21597621,0.23911278,0.23014307,0.22931848,0.23822503,0.24167067,0.22998284,0.24640086,0.24420336,0.24232754,0.23039886,0.24433649,0.2326412,0.23626411,0.23270409,0.20748667,0.22689694,0.23528604,0.23444611,0.22768131,0.23537615,0.23119096,0.23256983,0.23312262,0.23808958,0.24115695,0.21972018,0.23026788,0.22107606,0.23000799,0.21795818,0.24136476,0.22436787,0.24917698,0.23001486,0.25514263,0.22991084,0.23447545,0.22666383,0.22409658,0.2484906,0.23473334,0.22021742,0.23605977,0.21455799,0.23703417,0.22876935,0.22335091,0.23272975,0.24165033,0.23058634,0.23516001,0.21904713,0.22781211,0.21996006,0.24237315,0.22854511,0.23805648,0.22654569,0.21510243,0.23695067,0.24242859,0.24185185,0.23408082,0.23751636,0.21466252,0.2323277,0.24294448,0.23712407,0.23511323,0.23961955,0.24607404,0.2404741,0.22056359,0.22989185,0.24130313,0.23325466,0.22926524,0.24475104,0.24873371,0.23210944,0.22938631,0.22579864,0.21656835,0.23345666,0.23109858,0.21880697,0.2390445,0.22691776,0.24730717,0.23868634,0.23871584,0.24244018,0.22524041,0.22852293,0.23186217,0.23241417,0.22392273,0.2197006,0.22452359,0.23230237,0.2281783,0.2145972,0.23493706,0.22168541,0.24758573,0.22759949,0.22362432,0.23721226,0.22907668,0.22903565,0.22570315,0.21617313,0.2270191,0.23367348,0.2435748,0.22992192,0.24436127,0.23605302,0.2326004,0.23607676,0.22852618,0.22983585,0.24171294,0.24522257,0.22260258,0.22394168,0.24147315,0.22479221,0.23483099,0.23538645,0.22479105,0.23308666,0.23213343,0.22299355
