0.43732437,0.43307668,0.43915373,0.43256357,0.4397174,0.43766615,0.43947083,0.43317175,0.43913144,0.44150606,0.44048545,0.43596992,0.43820664,0.43983757,0.43962988,0.43393782,0.44430694,0.44310325,0.4391883,0.43711433,0.43253115,0.4369184,0.43350533,0.44390288,0.44110352,0.44465923,0.42683893,0.43874517,0.44256896,0.43601933,0.43669719,0.44448078,0.44500124,0.44742268,0.42786974,0.43674606,0.44360742,0.43666574,0.437827,0.43949887,0.43878242,0.44289964,0.4404137,0.43975726,0.4408692,0.4388042,0.43460608,0.4351508,0.43405706,0.4394623,0.43531212,0.43889508,0.43196362,0.44225946,0.44233444,0.43966073,0.42947844,0.440195,0.43447495,0.4375166,0.43125775,0.44048116,0.43254742,0.43085515,0.44424215,0.44335347,0.43075305,0.4419538,0.43166533,0.44048312,0.43150076,0.431002,0.4275439,0.43333212,0.44021574,0.43886745,0.44118786,0.43419495,0.43550807,0.44225794,0.44251126,0.42901084,0.43721235,0.43450525,0.43955368,0.43747446,0.43360037,0.43432978,0.4337464,0.4362514,0.43547443,0.4392259,0.4304049,0.43970683,0.43478194,0.4405798,0.4378123,0.43860245,0.43850744,0.439746,0.44573626,0.4397474,0.43617263,0.43370762,0.43628046,0.43118024,0.43466312,0.43823358,0.4350369,0.43131015,0.43798894,0.43435937,0.43645155,0.43072408,0.4378587,0.42706525,0.43182802,0.43302146,0.4412419,0.4352425,0.4377629,0.43766752,0.44005585,0.4369962,0.43763784,0.43340704,0.43011665,0.43732235,0.4401222,0.42888555,0.4379033,0.4460835,0.441162,0.43352342,0.4348008,0.43463838,0.4286449,0.4344805,0.4334687,0.45033318,0.43995312,0.43649676,0.43953946,0.4326761,0.43498445,0.43388444,0.4373108,0.44732803,0.4408711,0.44711185,0.43288535,0.43347403,0.43717477,0.44105062,0.44279248,0.42966452,0.44059637,0.42959374,0.43913242,0.4283349,0.43538767,0.44197664,0.43347108,0.43713492,0.43321186,0.43918586,0.43866637,0.4408508,0.43425086,0.42998448,0.43908444,0.43323088,0.44000465,0.43696576,0.43352485,0.4320059,0.4459241,0.44160733,0.4433748,0.43584073,0.4359209,0.44373652,0.43685573,0.43653548,0.44014204,0.43411195,0.4300147,0.4282903,0.43315747,0.44136578,0.43420887,0.4323673,0.43738505,0.43785793,0.43146452,0.43330184,0.44150618,0.43816513,0.4347558,0.43270928,0.43550748,0.4408311,0.42959747,0.43369672,0.43144283,0.43679038,0.44617447,0.43311343,0.43175372,0.44123334,0.4407641,0.42789987,0.43235436,0.4286202,0.4366837,0.43536296,0.4390522,0.43150753,0.43088117,0.4407261,0.43485853,0.44426075,0.43425065,0.43524313,0.4330675,0.43074208,0.43239382,0.44293708,0.4358172,0.43769798,0.44184434,0.42785084,0.43612722,0.43601453,0.43798235,0.43359673,0.43327752,0.4332387,0.44266683,0.44513255,0.4374712,0.43837824,0.43716595,0.43623093,0.4297097,0.44755182,0.4394122,0.435674,0.4342252,0.4383621,0.43233705,0.44143882,0.44141585,0.43193215,0.43599156,0.43860373,0.43430248,0.4376439,0.4398399,0.43597928,0.44016114,0.43822908,0.4351831,0.4356036,0.44068104,0.4384622,0.44107026,0.43282843,0.44428822,0.442866,0.44241795,0.44203255,0.43615228,0.4355222,0.43161696,0.43891308,0.42440796,0.43551618,0.431819,0.4302238,0.44087222,0.43692383,0.44008026,0.43237334,0.4351749,0.4417744,0.43548632,0.4456605,0.44026813,0.43550244,0.43315715,0.4299755,0.43011892,0.44001693,0.43515885,0.43075153,0.43900618,0.43710694,0.43757802,0.4369097,0.43722028,0.44511038,0.4386637,0.43660223,0.43062767,0.44127482,0.43202883,0.43718436,0.4342778,0.43595386,0.43788773,0.43001693,0.43737736,0.4360025,0.43580943,0.4328471,0.44171616,0.44472766,0.43553206,0.43585238,0.43404815,0.4413659,0.4353161,0.4409719,0.43511212,0.4301798,0.43593296,0.43806106,0.44022286,0.44010854,0.42980826,0.4360518,0.4412252,0.43824542,0.43401352,0.4358263,0.43609065,0.44361988,0.43234512,0.4232748,0.44321337,0.43759164,0.43996373,0.42763343,0.4480326,0.4473962,0.43206596,0.4309691,0.43356195,0.42757964,0.43488613,0.436026,0.42920092,0.43268088,0.4252495,0.43477228,0.4313556,0.4278635,0.42396274,0.43453324,0.43481895,0.4298598,0.4342442,0.44079953,0.4263924,0.43397346,0.43337741,0.4335259,0.43556893,0.44038707,0.4400826,0.43466112,0.43825787,0.42953786,0.43167847,0.4359132,0.43950963,0.4377869,0.43485135,0.42991552,0.4342391,0.43682382,0.4345988,0.43538997,0.43671563,0.4360179,0.44203764,0.4399451,0.44053108,0.43187636,0.44338658,0.4411566,0.43453825,0.43464094,0.43327528,0.43828946,0.44027746,0.44161233,0.42832527,0.4370259,0.43690503,0.4338294,0.44017494,0.43363094,0.43010753,0.42825136,0.43280977,0.43566826,0.43370503,0.43770242,0.43003997,0.4432284,0.4320719,0.43864486,0.43200004,0.42782918,0.43090746,0.44541427,0.43715954,0.43265894,0.43436953,0.4331944,0.44500622,0.4330575,0.4298877,0.43609226,0.44477272,0.4412468,0.43823552,0.44383833,0.423743,0.4339706,0.43140152,0.4436045,0.434817,0.43089637,0.4388857,0.4385241,0.43780708,0.44061184,0.44048706,0.4388783,0.433815,0.43516403,0.43269107,0.43706453,0.44118556,0.44180232,0.43955338,0.44197118,0.43410537,0.43263078,0.43709204,0.4373451,0.44004875,0.43313345,0.4382528,0.43338305,0.4382698,0.43888506,0.43232647,0.43182477,0.43769813,0.4357234,0.43320802,0.43966287,0.436629,0.442086,0.4364043,0.43127245,0.43999913,0.42784733,0.44090462,0.4370728,0.43410265,0.43328232,0.42761463,0.44435787,0.43694884,0.44702032,0.43790302,0.434601,0.4384786,0.43107578,0.43244496,0.4363326,0.43765852,0.43315363,0.4359667,0.43757874,0.43609712,0.43729845,0.4389198,0.430665,0.4321152,0.4471349,0.43178275,0.43539035,0.43106812,0.43129236,0.42743376,0.4373336,0.4318672,0.43627614,0.4358921,0.4315272,0.43702573,0.43365422,0.43207303,0.4392392,0.43387094,0.4310957,0.4393278,0.43923458,0.4346073,0.44881403,0.43772236,0.43386242,0.43899286,0.43816486,0.43898138,0.4395565,0.44260147,0.43235698,0.44006866,0.44067958,0.43074995,0.43416235,0.4378849,0.43886653,0.4351796,0.43286812,0.4424775,0.43742463,0.44007567,0.43515095,0.43188596,0.43582404,0.43925303,0.43650603,0.4314314,0.42870712,0.43287438,0.44230258,0.43192333,0.4390148,0.4296554,0.437237,0.43151098,0.43420085,0.44350433,0.43948272,0.4328285,0.43159074,0.42817688,0.43951702,0.43548706,0.44115514,0.4389687,0.43553516,0.42827296,0.4401638,0.43921217,0.43664873,0.44549027,0.43941316,0.4372286,0.44214776,0.44754514,0.43858582,0.43262333,0.42898685,0.44050056,0.44139445,0.4241765,0.4416196,0.43783984,0.4410064,0.42643183,0.43761453,0.44345993,0.44222528,0.43689796,0.43474162,0.43625474,0.43813387,0.43107778,0.43653798,0.43059108,0.43713182,0.44166473,0.43661663,0.44578117,0.43481624,0.43427584,0.4356252,0.4381258,0.42977434,0.43888414,0.446053,0.43491578,0.43343708,0.43836528,0.43427324,0.4339116,0.44032446,0.44248337,0.4342154,0.4328311,0.4322564,0.43078548,0.4298423,0.44043362,0.43826404,0.43077803,0.43757656,0.44008994,0.4317923,0.43099812,0.434175,0.44450498,0.44251323,0.43539807,0.43123353,0.44289464,0.44373387,0.4393602,0.4280911,0.4426611,0.42941734,0.44092593,0.4345665,0.44396177,0.43602684,0.44652382,0.43971908,0.4447239,0.4382046,0.4337039,0.43150628,0.43922088,0.43960026,0.43994486,0.43599096,0.43627918,0.43724373,0.43745103,0.43455592,0.44064027,0.4327075,0.43619326,0.4365245,0.43700638,0.43702382,0.43303823,0.43748915,0.4388373,0.4325982,0.4393066,0.44114527,0.4357683,0.44480512,0.430846,0.42892796,0.44291204,0.43523118,0.43497893,0.43728074,0.4311639,0.42566293,0.43481246,0.43131715,0.42956534,0.4389453,0.43577155,0.44068033,0.43824354,0.43767974,0.44500166,0.43659866,0.4332158,0.44128594,0.4353591,0.43536562,0.43721867,0.44070518,0.43807015,0.43530598,0.44503966,0.4414544,0.44022,0.43661976,0.42679995,0.4312845,0.42871365,0.43419212,0.4301338,0.4315067,0.43334466,0.44196257,0.42649865,0.43413112,0.4361738,0.43745217,0.43746397,0.4281591,0.432851,0.4276031,0.43126804,0.43723488,0.44200423,0.44447464,0.43543524,0.4349166,0.43174884,0.4442179,0.43285337,0.443637,0.44457057,0.43838078,0.43986565,0.43634146,0.43852714,0.43939775,0.43904907,0.4460129,0.4461058,0.43662348,0.4450728,0.44644833,0.43881541,0.44324914,0.43646383,0.43608928,0.4360954,0.43586284,0.432803,0.43311659,0.43854225,0.42768857,0.43910658,0.42879358,0.43162692,0.43808392,0.44412926,0.43809664,0.432011,0.43879563,0.43400085,0.43761453,0.44413486,0.44136274,0.4359003,0.44073707,0.43242308,0.433871,0.43823716,0.42890596,0.43545622,0.4334308,0.43658674,0.43360484,0.42950043,0.43858606,0.43971,0.43481785,0.44311357,0.43689895,0.43095437,0.4363303,0.4450787,0.4414118,0.43228826,0.4313981,0.42949504,0.43769342,0.43584752,0.4407923,0.42847815,0.43378425,0.4368075,0.43360472,0.4385268,0.43587106,0.42788994,0.43666816,0.43234113,0.43380353,0.4292751,0.4368668,0.43389848,0.42884862,0.4364445,0.43620253,0.4333338,0.44576082,0.43937308,0.435905,0.4431264,0.43431228,0.4379356,0.4349466,0.43889263,0.44143578,0.43615803,0.43099162,0.43775058,0.4352699,0.43473843,0.44454956,0.4414499,0.43854392,0.43914163,0.4395729,0.43374297,0.4372817,0.43795812,0.43979114,0.43343505,0.44121256,0.43833283,0.4350432,0.43598217,0.44333565,0.43440676,0.43074515,0.4332999,0.44646287,0.44098416,0.4344539,0.4349024,0.44289306,0.4297862,0.44027457,0.43416783,0.43030512,0.44396654,0.4302252,0.4401987,0.43240362,0.43256286,0.4342127,0.43742827,0.43797663,0.44121745,0.43268067,0.4348688,0.44139615,0.44011655,0.43067655,0.43615374,0.42976934,0.43465975,0.44200823,0.43577573,0.4311319,0.43526578,0.43259972,0.43851748,0.44368172,0.43233097,0.4341664,0.4330088,0.4318939,0.43227547,0.43451193,0.43918777,0.42728943,0.44158286,0.4285718,0.43729794,0.43707952,0.4310704,0.43272474,0.44099754,0.42662132,0.4389834,0.41952622,0.4412015,0.44420892,0.43162796,0.43431327,0.4309439,0.43338344,0.4289403,0.44061062,0.42706376,0.42609996,0.433543,0.4388892,0.4358662,0.4432909,0.43585336,0.44017473,0.44140854,0.4249624,0.4344629,0.4442578,0.43815762,0.4346722,0.43331572,0.44085842,0.433505,0.43375358,0.43398836,0.4352499,0.43740532,0.43687746,0.44295228,0.42945674,0.42926833,0.44123864,0.44031623,0.43461838,0.4256376,0.43339306,0.43343702,0.43471625,0.44469818,0.43738866,0.4386857,0.43240505,0.43275443,0.43345737,0.43087652,0.43028808,0.43470183,0.4426569,0.4337198,0.4331075,0.4433086,0.43367365,0.43786374,0.43838987,0.4401268,0.44297907,0.4327401,0.43680462,0.43499747,0.43618572,0.43301934,0.44330063,0.43513995,0.43163863,0.42969847,0.4405582,0.43702915,0.43820328,0.43599904,0.4360213,0.4413007,0.4323117,0.4337709,0.44175738,0.4299879,0.43284023,0.44452614,0.43875623,0.4333055,0.44139728,0.43391714,0.43951428,0.43500462,0.43866715,0.43410504,0.43943632,0.43225536,0.4400448,0.4413996,0.42932796,0.43864456,0.43789455,0.43561596,0.43368638,0.44462556,0.43432063,0.43511727,0.43666044,0.43764812,0.43328023,0.43183088,0.4391869,0.43366557,0.43866307,0.43911037,0.43614247,0.43566602,0.44329774,0.43954727,0.43841785,0.43241417,0.43343797,0.44621086,0.43085253,0.436966,0.44337234,0.43992966,0.4368439,0.43242085,0.44130656
0.46313065,0.46884492,0.47262183,0.47268805,0.46689287,0.479965,0.4689768,0.46606007,0.47236764,0.46220937,0.46631205,0.45857716,0.4685444,0.46732336,0.46656328,0.46528226,0.47123125,0.47106674,0.469527,0.466898,0.4681664,0.46284175,0.46004474,0.4679264,0.46140385,0.47143686,0.45978498,0.46922705,0.46653542,0.4641042,0.46080446,0.45653746,0.46476755,0.47140393,0.46173537,0.46910003,0.46478832,0.47236633,0.47143236,0.46276325,0.46748772,0.47809765,0.4653852,0.46173576,0.4666596,0.47754112,0.46641284,0.46836436,0.46623433,0.47147667,0.4714778,0.4598047,0.46336564,0.46500063,0.46773612,0.47003198,0.4697785,0.47055408,0.46715617,0.4744329,0.46398932,0.46171862,0.47154617,0.46312815,0.46551013,0.46475264,0.46555892,0.47130328,0.46393052,0.4679173,0.46813112,0.46805173,0.46502957,0.46318632,0.46812373,0.47160637,0.47084236,0.4625096,0.46927232,0.4671045,0.4669922,0.46939343,0.46892372,0.46603426,0.46734273,0.46930015,0.4719777,0.46492386,0.46258634,0.46407017,0.4662079,0.47056922,0.47107232,0.46214673,0.46017253,0.46866938,0.47089195,0.4622174,0.47461674,0.46885395,0.467681,0.46655324,0.46661422,0.47562575,0.4667079,0.47689977,0.46221268,0.4732638,0.47075093,0.46846393,0.46536165,0.47088632,0.4682564,0.4689173,0.4725162,0.46660507,0.46544895,0.45703357,0.47086585,0.45866486,0.4687075,0.47011757,0.4670794,0.47020176,0.46161866,0.4730337,0.4667838,0.46462134,0.46767375,0.46644226,0.4737765,0.46298337,0.47449303,0.46830294,0.47139886,0.46660617,0.47066948,0.46658212,0.46858656,0.46584746,0.46694538,0.46718735,0.4736796,0.467322,0.46654212,0.46988603,0.4610561,0.47027564,0.46774468,0.4719084,0.46646693,0.47168204,0.46863538,0.46672633,0.4650793,0.46986315,0.47878736,0.4685042,0.4640398,0.46190012,0.46447074,0.47022143,0.46761864,0.4666796,0.47687194,0.47009167,0.4645868,0.4641444,0.45854613,0.47251683,0.46767393,0.46254572,0.4669564,0.46607974,0.46711725,0.4697776,0.46908113,0.47148055,0.47132313,0.46787265,0.4737468,0.4728542,0.46812665,0.47011307,0.46943197,0.466935,0.4655828,0.46532303,0.46830416,0.47423,0.47004637,0.4675153,0.46846187,0.46860012,0.46156657,0.4694447,0.46717376,0.472864,0.46603015,0.46561795,0.47427717,0.46371606,0.46217975,0.4651156,0.46960828,0.46169785,0.47242716,0.46956357,0.46165004,0.46294847,0.47087458,0.46696627,0.46738422,0.46854386,0.4706299,0.46633095,0.4690034,0.470396,0.46590832,0.468553,0.46432504,0.47002587,0.45503724,0.46412048,0.45190716,0.46475238,0.46239787,0.46126115,0.46833283,0.4715619,0.47295606,0.461837,0.46352768,0.47173905,0.4655762,0.47620407,0.45971125,0.4667565,0.46539542,0.4726711,0.46364623,0.46758425,0.47409427,0.47017398,0.47639734,0.47698173,0.4688426,0.46612823,0.46345228,0.4707405,0.47215927,0.46796307,0.4682836,0.4667895,0.461823,0.47162417,0.46173397,0.46548814,0.46966872,0.4663012,0.46815133,0.4693895,0.46608037,0.46659508,0.4721495,0.47455558,0.47048685,0.462482,0.46064767,0.46451727,0.46668044,0.46349746,0.46284035,0.46319196,0.46210778,0.46953383,0.46430492,0.47731298,0.45515692,0.4706311,0.46601528,0.47617996,0.47308528,0.4618687,0.46155974,0.46322906,0.46243894,0.47166732,0.46755666,0.47698775,0.4664024,0.46912587,0.47283375,0.46560895,0.46483126,0.46951538,0.46761325,0.47115362,0.4695474,0.46908438,0.46675918,0.4720445,0.46346948,0.47341073,0.46227202,0.47132435,0.47460032,0.47571924,0.46927205,0.4751439,0.46672824,0.4568442,0.45986608,0.46886703,0.46178487,0.46892923,0.47446477,0.47881246,0.47436714,0.46195835,0.4745881,0.46962312,0.4589378,0.46289212,0.46902943,0.46776927,0.45536518,0.47109863,0.46200088,0.468474,0.47040436,0.4724094,0.4630293,0.47203198,0.47536072,0.47139058,0.4709825,0.4659547,0.4722753,0.46855763,0.4738974,0.46514413,0.4697816,0.46752474,0.47265956,0.47300994,0.46763524,0.46242356,0.45912498,0.4660201,0.46682027,0.4677927,0.4626891,0.46993694,0.4660372,0.47561252,0.4646971,0.46664116,0.4636362,0.46895257,0.47014448,0.46809703,0.46193597,0.47087654,0.4705042,0.47297984,0.46714446,0.47453254,0.46759787,0.47344968,0.4732788,0.46728548,0.46625596,0.48121792,0.47007626,0.46869618,0.4751968,0.46776932,0.4687653,0.47586203,0.46922007,0.470589,0.46658984,0.4741211,0.45825982,0.46598843,0.46359715,0.4618584,0.4734374,0.46891904,0.4690364,0.46875885,0.46873775,0.468597,0.46960378,0.47272688,0.46586213,0.4614068,0.46402207,0.46645942,0.46431258,0.468397,0.46610922,0.4709741,0.46989393,0.45812476,0.46896967,0.46938503,0.46545786,0.46823955,0.466426,0.46794498,0.4695391,0.4697235,0.46320745,0.4647532,0.4707441,0.47198886,0.46500206,0.46127594,0.4696738,0.46087265,0.47641,0.46809644,0.46063963,0.46820614,0.47644788,0.46191242,0.4696346,0.46191317,0.4652011,0.467145,0.47230965,0.47303286,0.47388148,0.4666319,0.4722739,0.4658141,0.47180602,0.46561086,0.46666813,0.46816975,0.45983487,0.46816492,0.46666262,0.4661248,0.47770524,0.4718853,0.4698719,0.46675003,0.45857573,0.46395162,0.46408123,0.46601066,0.46386343,0.4692985,0.46756265,0.47172868,0.46649116,0.46531326,0.47090727,0.46814778,0.47366583,0.4723789,0.47061133,0.46084544,0.46448907,0.4713836,0.47450992,0.4722648,0.46520048,0.4726652,0.47320676,0.4719225,0.47114232,0.46947712,0.46649152,0.46747315,0.46831036,0.47518387,0.47044456,0.46940163,0.46680528,0.46767285,0.46985847,0.47389054,0.4654593,0.46370018,0.46605936,0.46847978,0.46996284,0.47007218,0.46206772,0.46124685,0.47360975,0.46414208,0.46109733,0.46847412,0.46925765,0.46712098,0.4716654,0.47114888,0.46972352,0.4692029,0.46157685,0.4686934,0.4699401,0.47017738,0.4660608,0.46806118,0.46083242,0.46896365,0.46954077,0.47557342,0.4734388,0.46929818,0.47014427,0.46768337,0.46693265,0.46343523,0.4628867,0.48283973,0.4711153,0.47040057,0.46533933,0.47443578,0.46845868,0.4735539,0.46583977,0.46296486,0.46868703,0.4683169,0.4679499,0.46540773,0.46930116,0.46627706,0.45992956,0.46284723,0.4800868,0.46552414,0.46417367,0.46011522,0.47196028,0.4652469,0.4594025,0.47086737,0.46376202,0.471642,0.46800968,0.48029023,0.47756985,0.46847585,0.46630105,0.45796004,0.46269011,0.47272894,0.47675645,0.4638968,0.4637031,0.4715062,0.46874654,0.47134793,0.46900597,0.46851122,0.4733375,0.4720403,0.46476,0.4690793,0.46528473,0.46526375,0.46928298,0.4730365,0.46971717,0.47873944,0.4619154,0.46563876,0.46868154,0.4683942,0.4684344,0.47077414,0.4689763,0.47521386,0.46807265,0.4621754,0.46868652,0.46391183,0.4570882,0.47626543,0.47302055,0.46817002,0.4649573,0.46797514,0.47087076,0.46877685,0.46351126,0.46771833,0.4710508,0.46811053,0.46831238,0.4762293,0.46359903,0.4722935,0.4698963,0.47239017,0.46641672,0.47358105,0.47526908,0.47103098,0.46567696,0.4670209,0.4693651,0.46827945,0.46814072,0.4798113,0.46572757,0.46395296,0.4697044,0.46584126,0.46698928,0.47227466,0.46623945,0.45996878,0.46882182,0.47240058,0.46847746,0.4675377,0.4670574,0.4742086,0.46699587,0.4698526,0.46500272,0.4669888,0.47549567,0.47583798,0.47278938,0.46410906,0.46664467,0.4669524,0.4688233,0.46506837,0.46441075,0.46822906,0.47156942,0.46695408,0.46789157,0.4710939,0.47003934,0.46126226,0.4722618,0.4639436,0.46565267,0.46368775,0.47749233,0.4647532,0.47281924,0.46242008,0.46561298,0.46641368,0.46231195,0.46496013,0.46798983,0.47383255,0.46688643,0.46556848,0.45447156,0.46765038,0.4674097,0.46488407,0.4696718,0.4750354,0.47289455,0.4756094,0.46669957,0.45826915,0.47132698,0.467772,0.4763529,0.47656646,0.48076358,0.46644115,0.46882373,0.46746778,0.46824232,0.46607625,0.46579143,0.47112268,0.46464202,0.4660406,0.4705022,0.4720792,0.46557853,0.46532038,0.46046078,0.46945417,0.4704891,0.47490025,0.46565664,0.46814284,0.46826258,0.475347,0.47497687,0.47235635,0.4706858,0.47197217,0.46850264,0.46449697,0.4657818,0.46899536,0.46363527,0.4672061,0.4669537,0.4667856,0.4667789,0.46571454,0.4613686,0.4689699,0.4714748,0.4687207,0.47363925,0.4650374,0.472107,0.4592099,0.47253582,0.46432468,0.47463754,0.46949062,0.47806087,0.46980694,0.46729955,0.47274607,0.46428728,0.46969825,0.47069433,0.46609718,0.46759778,0.46654543,0.46805778,0.4661981,0.4612417,0.47191375,0.46869868,0.46022418,0.4737111,0.48121536,0.4653914,0.46947744,0.47240645,0.4795568,0.45914063,0.47032362,0.47513145,0.46661463,0.46442,0.46686387,0.46353978,0.47051638,0.471611,0.4609823,0.47193694,0.4565723,0.47435185,0.4656649,0.47223824,0.46634272,0.46509832,0.46323738,0.46724048,0.4694256,0.46442506,0.4667247,0.4680889,0.4635378,0.46825382,0.45668173,0.4607662,0.4739845,0.46813902,0.47546488,0.46544147,0.46880275,0.468723,0.47316387,0.46334177,0.46942243,0.45602545,0.4599808,0.47051975,0.46938816,0.46594706,0.47268668,0.46871915,0.46107385,0.47036842,0.47073552,0.46550342,0.4735861,0.4665749,0.47225755,0.46777514,0.4628751,0.46316856,0.4602532,0.45873818,0.4608413,0.4681119,0.46660304,0.46193826,0.47080582,0.45865,0.46734786,0.46912158,0.4726037,0.4637141,0.47143316,0.472416,0.47149238,0.4702444,0.47584257,0.47105223,0.46182337,0.46964,0.46687382,0.4706655,0.47208244,0.4653794,0.46780926,0.47464216,0.46575388,0.46371502,0.46254566,0.46753737,0.46633416,0.4617965,0.47247255,0.46937886,0.45421323,0.46085966,0.46955302,0.4763551,0.47252434,0.46757373,0.46607742,0.4705367,0.47085446,0.46383286,0.467168,0.47029647,0.47408417,0.4711671,0.4692714,0.46333197,0.47269922,0.4710148,0.47296205,0.47166443,0.46648937,0.46558964,0.4742866,0.46951014,0.47303867,0.4609555,0.46752688,0.46094254,0.4653637,0.468064,0.46892977,0.4647231,0.46575478,0.46733922,0.46616623,0.47693226,0.47630474,0.46416593,0.46849656,0.4647071,0.46526593,0.46969134,0.46244767,0.4739106,0.4669203,0.46479896,0.46231183,0.4620403,0.46313357,0.4664884,0.4664448,0.462444,0.4734783,0.46263036,0.45810577,0.4670472,0.46726608,0.46874008,0.4650671,0.4668507,0.46739233,0.46107545,0.46500275,0.46401352,0.46214563,0.46837497,0.46003664,0.4681792,0.46995726,0.4631949,0.46597248,0.47483027,0.46758178,0.46982917,0.47095647,0.46816126,0.47012746,0.4621608,0.45963672,0.46753973,0.47147882,0.48224106,0.46542698,0.4752355,0.46741903,0.46518716,0.46240732,0.46798012,0.46935546,0.4742119,0.46719396,0.47258583,0.46976176,0.4584958,0.4666045,0.47070324,0.46794412,0.47608164,0.45993742,0.4706435,0.47256154,0.46284968,0.46385363,0.46343285,0.47168535,0.4668855,0.46940127,0.4681931,0.45991686,0.46973604,0.47014195,0.4686019,0.47010973,0.46058574,0.46647146,0.46409532,0.4720902,0.4613827,0.46208572,0.46863204,0.47248492,0.47109687,0.4674719,0.4718555,0.4690022,0.47234723,0.4669224,0.4657829,0.47338665,0.4734,0.46796077,0.46666366,0.46911472,0.4716613,0.47180283,0.46955806,0.46522787,0.471409,0.46870252,0.46542796,0.46627867,0.46942732,0.46150765,0.47444838,0.47640997,0.46589857,0.47075364,0.46753803,0.46761638,0.468161,0.46739146,0.46546,0.4697303,0.4694677,0.46208805,0.46483624,0.46764505,0.4695999,0.4599631,0.46989346,0.47499898,0.4633307,0.46743056,0.47373003,0.4706629
0.5798354,0.57840896,0.5863159,0.5868027,0.5788668,0.5815381,0.5804823,0.57117695,0.57239115,0.57941616,0.5775886,0.5769766,0.58122873,0.5823582,0.58711636,0.5807523,0.57975715,0.58250344,0.58653337,0.5729178,0.57911146,0.5793715,0.5789944,0.5837219,0.58358,0.58454984,0.5779225,0.5764824,0.58398294,0.5726127,0.5734178,0.58057237,0.5805374,0.5875766,0.5737573,0.5785735,0.58063734,0.588414,0.58463955,0.5863527,0.5713894,0.57955843,0.5851824,0.5772972,0.58082545,0.5702396,0.5739846,0.57149404,0.58011776,0.5816027,0.58624995,0.5668759,0.5757904,0.5786549,0.5868633,0.57469356,0.573795,0.5842143,0.57593954,0.5845921,0.57323456,0.58499295,0.5772361,0.58305544,0.5823712,0.5852465,0.5712843,0.58993983,0.57547164,0.58252335,0.57280326,0.57304114,0.5756491,0.58164996,0.58528715,0.5811344,0.57670784,0.58000284,0.5811864,0.57747895,0.5801977,0.5709928,0.57342416,0.5789307,0.57853556,0.5857673,0.5751612,0.5737779,0.5767549,0.5781913,0.57818264,0.5921399,0.57986593,0.5796126,0.5784272,0.57679033,0.5780089,0.5782322,0.5766299,0.57735735,0.5829127,0.5783104,0.58665,0.57501733,0.58732146,0.5840078,0.57863134,0.5787363,0.58089983,0.58112246,0.57333094,0.582345,0.5880338,0.5776694,0.58166695,0.5753169,0.57758296,0.5732563,0.58895254,0.5837131,0.5823487,0.57490265,0.58447725,0.579285,0.58090585,0.5886352,0.5733746,0.57472116,0.5850601,0.57620454,0.57633907,0.5822571,0.58467764,0.5853314,0.57958525,0.5822438,0.5734317,0.5808675,0.57828677,0.5846659,0.5858125,0.5819069,0.5785646,0.5770378,0.5753688,0.57810664,0.5789764,0.5836295,0.57719624,0.57887197,0.5751916,0.57898015,0.5853671,0.57736653,0.58356655,0.57729214,0.58388466,0.57924926,0.5788795,0.5752962,0.5781181,0.58137345,0.57620305,0.588251,0.58058786,0.58090115,0.575207,0.58448625,0.58004695,0.5809191,0.5811989,0.5847799,0.57894325,0.57957315,0.5787875,0.57562214,0.5838657,0.5797288,0.58389187,0.58235735,0.58046085,0.58807385,0.5825031,0.58220845,0.58094424,0.57109225,0.57742816,0.5785889,0.57285935,0.58651936,0.57773,0.5696954,0.579166,0.5789087,0.5731277,0.57575786,0.5841007,0.5809655,0.57381445,0.5800406,0.5717625,0.5831379,0.5816509,0.5874699,0.5758783,0.58740795,0.5897477,0.58366215,0.5789443,0.5826728,0.5755256,0.5760082,0.57795304,0.57569724,0.5784603,0.58629423,0.5805616,0.57896596,0.5785784,0.58423954,0.5784932,0.5819925,0.57611567,0.5783991,0.5786055,0.5832097,0.575008,0.5847761,0.58226424,0.58692795,0.5822178,0.57456625,0.57860255,0.580526,0.5737,0.579529,0.5826802,0.57679796,0.57871675,0.5787767,0.5792836,0.57852674,0.57945627,0.58141667,0.5752245,0.5915411,0.58619225,0.57150483,0.578787,0.58425766,0.57958275,0.5820381,0.5823775,0.57707804,0.57957816,0.57955074,0.58801734,0.5766654,0.57726777,0.5769895,0.5779166,0.5789229,0.5829921,0.58695954,0.58561236,0.5804049,0.58348286,0.57402456,0.5767057,0.5826055,0.58004975,0.58379334,0.57943535,0.5779725,0.5727604,0.5801246,0.5692654,0.5848749,0.57386947,0.58763826,0.57647234,0.5831055,0.57746345,0.5840465,0.58070344,0.57509506,0.577815,0.58332497,0.5854803,0.5783947,0.573383,0.58203775,0.5767387,0.5807535,0.5770442,0.57992435,0.57771534,0.5738918,0.57478553,0.5799669,0.57328635,0.58599734,0.5754297,0.58907646,0.56807727,0.5823938,0.581649,0.5884717,0.57819045,0.5761235,0.58117646,0.56900984,0.57495755,0.57263315,0.57482666,0.5782135,0.5864854,0.5885697,0.58590966,0.5775265,0.57937276,0.5856954,0.57998544,0.57537585,0.5796734,0.576522,0.5780792,0.5766878,0.5910613,0.5785461,0.58122486,0.5797738,0.58760893,0.5830517,0.57777584,0.58093673,0.57584774,0.58227295,0.5826891,0.58411664,0.57801086,0.57948416,0.5813701,0.5792363,0.5822358,0.5833371,0.5779366,0.5787966,0.573254,0.5751606,0.5860528,0.5787223,0.584789,0.5855697,0.58384395,0.58896047,0.5779049,0.57950735,0.57651806,0.57868886,0.5849409,0.5764811,0.57506204,0.57953095,0.5774699,0.5861352,0.5751704,0.5766124,0.5860718,0.5852902,0.5805996,0.5820002,0.5751557,0.58336073,0.57586396,0.5787254,0.5770524,0.58513623,0.5768397,0.583868,0.5824776,0.58608073,0.58498055,0.57731384,0.5809431,0.58090967,0.5851878,0.58375555,0.5805814,0.57518923,0.5838091,0.5886788,0.5762593,0.57135093,0.58543956,0.584188,0.58339053,0.57661635,0.5714528,0.5764442,0.5795367,0.58422935,0.5791004,0.5771648,0.5876597,0.57326305,0.57911044,0.5790956,0.5806814,0.58056706,0.574211,0.58079493,0.5762206,0.5839515,0.57137495,0.56662667,0.5787463,0.586373,0.5804078,0.57483494,0.5776196,0.57599753,0.58729494,0.57526165,0.5772838,0.58255607,0.5868183,0.5862155,0.57310015,0.5801295,0.58477616,0.5725003,0.58702654,0.5769618,0.5888883,0.57769346,0.5828985,0.58029765,0.57818276,0.5801841,0.5849708,0.5802087,0.5749241,0.5720619,0.5815356,0.5792553,0.58155155,0.5829134,0.5826612,0.5804363,0.5799466,0.57240933,0.5756959,0.5786507,0.58299834,0.57891625,0.5799175,0.5776237,0.58503276,0.58073163,0.5803358,0.5762895,0.57678735,0.5748999,0.57446396,0.5781191,0.5778973,0.5847228,0.58439785,0.5766561,0.5838242,0.5744894,0.57959557,0.5862517,0.58621144,0.5802654,0.57535136,0.57914644,0.577249,0.58705544,0.5810186,0.58799374,0.5765545,0.57994956,0.5794618,0.58759403,0.5784171,0.5818873,0.57882595,0.57274073,0.5818314,0.57995605,0.5734497,0.5760783,0.57932526,0.58221906,0.57497007,0.57777905,0.57064706,0.5754778,0.5764236,0.5793225,0.5736106,0.5821003,0.58765054,0.5754644,0.5779951,0.5783973,0.57617736,0.5809226,0.580601,0.57538056,0.57591563,0.5808474,0.5812156,0.5884974,0.5845125,0.5760649,0.5834248,0.57559174,0.5798678,0.5778026,0.58513165,0.5795156,0.57691187,0.57608145,0.5775893,0.58381623,0.57827485,0.5678106,0.58080727,0.57383806,0.5792788,0.57780546,0.5811089,0.5769229,0.5761702,0.58019495,0.58684266,0.5844212,0.5758949,0.57971334,0.5769535,0.5828136,0.5785794,0.57684165,0.5776475,0.5819231,0.57279456,0.58272165,0.5933621,0.5761281,0.5806669,0.57656616,0.5738324,0.58253163,0.58419764,0.57902086,0.5808335,0.5795688,0.5780478,0.58050746,0.5871688,0.58159363,0.586819,0.580401,0.58232427,0.5819771,0.5894591,0.58239156,0.5813106,0.57976365,0.5868401,0.5821394,0.5674205,0.5771383,0.57789665,0.5822141,0.581527,0.57523257,0.58199453,0.5810828,0.5863504,0.5807103,0.58333516,0.5842791,0.57262015,0.5853692,0.5773814,0.58862525,0.57942986,0.5823235,0.5921396,0.58064437,0.5719127,0.5742375,0.58193153,0.57660025,0.58342326,0.5900999,0.5670049,0.57984906,0.58442074,0.5804836,0.5752262,0.58445317,0.5731506,0.58211416,0.57532984,0.57274044,0.57131416,0.57362324,0.59248483,0.5871645,0.5830348,0.57709354,0.58213544,0.577968,0.5756129,0.579237,0.5813531,0.57557803,0.57907987,0.5840873,0.57386035,0.576001,0.5830107,0.5802151,0.5741839,0.57734716,0.58257574,0.5773672,0.58115107,0.5816324,0.58203506,0.57141024,0.57912624,0.5814187,0.57756984,0.5777907,0.578987,0.5759151,0.57782364,0.5816662,0.5806709,0.58225065,0.58819973,0.5742629,0.5827942,0.5736033,0.58080965,0.58033174,0.58059114,0.58117735,0.57882375,0.5870694,0.5831705,0.5766183,0.56965077,0.5836059,0.5760277,0.58782244,0.5776378,0.57004374,0.5723494,0.5719057,0.57406366,0.5776442,0.5772258,0.5803817,0.5746379,0.58248353,0.57067347,0.5758636,0.5775474,0.5798316,0.58117175,0.58823323,0.5927208,0.5753297,0.580081,0.5805272,0.5782152,0.5764843,0.5801304,0.59030885,0.58211106,0.58074456,0.58247554,0.5873985,0.57872754,0.58380497,0.5802729,0.5877616,0.5801451,0.57293606,0.572774,0.57695574,0.5727362,0.5856701,0.5730709,0.58272433,0.58356845,0.583898,0.58203286,0.579237,0.5814743,0.5807243,0.58466256,0.5826406,0.5836933,0.5812607,0.5834646,0.5806549,0.5754747,0.5840213,0.5770705,0.5769814,0.5779225,0.58268595,0.5844635,0.57380265,0.586418,0.57504076,0.5775121,0.58136165,0.58845717,0.5746354,0.58386844,0.5830927,0.58296293,0.5776353,0.5788705,0.579027,0.57980937,0.57764214,0.5777006,0.5746138,0.5870192,0.5773915,0.57855576,0.5736493,0.5776515,0.5765184,0.58029866,0.5763218,0.5858711,0.5833078,0.57484317,0.58246857,0.5779052,0.58268195,0.5788945,0.5860483,0.58378935,0.57865775,0.5785015,0.57739425,0.58314145,0.5740438,0.587022,0.5815004,0.5793504,0.57370216,0.5914396,0.58238167,0.5805099,0.58461744,0.577879,0.58137584,0.58482623,0.584447,0.5798658,0.57590145,0.57689,0.5880886,0.57239145,0.57856584,0.5775697,0.5775114,0.5787929,0.5827513,0.5740551,0.5738581,0.5748718,0.57888734,0.5769412,0.5730269,0.57730544,0.5839145,0.57853407,0.57281506,0.57804936,0.5792731,0.57760483,0.58779275,0.5801311,0.5815857,0.5769254,0.57938874,0.5775273,0.5736494,0.5773759,0.5774025,0.5767338,0.5781334,0.57786363,0.5848446,0.5754602,0.5843842,0.5769218,0.58122945,0.5882494,0.58339906,0.5789955,0.5882095,0.5774861,0.58357227,0.57503897,0.5764838,0.5824923,0.5820687,0.5729266,0.5746427,0.5817278,0.5823734,0.5780785,0.58231825,0.5812303,0.57501525,0.5770047,0.5829661,0.5817815,0.5784283,0.5818639,0.5776869,0.5825748,0.5817906,0.58224064,0.5818229,0.5775969,0.5824288,0.58394206,0.5866932,0.58665997,0.57358664,0.5802437,0.5834646,0.5851948,0.57643807,0.57352054,0.5786475,0.58265877,0.5815818,0.57596016,0.5805077,0.580132,0.58206797,0.5820484,0.5818605,0.5793542,0.5835843,0.57349205,0.5822327,0.5751571,0.57702863,0.5810592,0.58109653,0.57727784,0.575198,0.58588517,0.58427316,0.5814898,0.58078754,0.5770921,0.57477576,0.5839046,0.56686616,0.58622724,0.5832669,0.57746786,0.5805141,0.5760158,0.5789469,0.5730331,0.581422,0.5699216,0.5838155,0.57515794,0.57430536,0.58248836,0.5829788,0.57690537,0.5771596,0.57752913,0.5727134,0.5773078,0.5776577,0.58854926,0.5791182,0.5797975,0.58397573,0.5791589,0.5807564,0.57585424,0.5743176,0.5812213,0.5730587,0.5851296,0.5797419,0.572739,0.5841451,0.57848954,0.5699246,0.57687265,0.5780083,0.5805751,0.58025587,0.5830094,0.5762732,0.57879364,0.574805,0.5740298,0.5735237,0.5777824,0.5723081,0.5792673,0.57762,0.5746273,0.5732699,0.57822967,0.57674587,0.5834434,0.57632,0.5774969,0.5835665,0.57671523,0.5806568,0.58025265,0.57809395,0.58596057,0.57608306,0.576421,0.57797635,0.5768209,0.58545595,0.5707664,0.5781195,0.5783445,0.57914263,0.57813835,0.580393,0.57775253,0.5806439,0.58112055,0.580298,0.58690476,0.5772102,0.58244044,0.5810023,0.5845733,0.5836938,0.58389086,0.5761587,0.57704896,0.58265567,0.5864296,0.5907769,0.5764639,0.57619536,0.58551735,0.5876761,0.5820357,0.5769485,0.5823107,0.57080233,0.57660097,0.58305275,0.5794719,0.5810323,0.58072656,0.5791061,0.5777527,0.57747847,0.5801347,0.58484375,0.57907075,0.5847529,0.58815473,0.5832568,0.5768241,0.5888283,0.580756,0.5719877,0.5833293,0.5794834,0.5772134,0.57743573,0.5814821,0.5776748
0.8779441,0.8809203,0.8830511,0.8846561,0.8768974,0.8780774,0.8791641,0.88061374,0.873537,0.876348,0.8789325,0.8790269,0.880964,0.87335616,0.8742609,0.8820977,0.8798765,0.88257647,0.8760494,0.88045627,0.8696824,0.8796464,0.88172543,0.88239884,0.87822807,0.8823539,0.86798084,0.88371205,0.879914,0.87197334,0.876296,0.88188493,0.88194966,0.88129824,0.8813523,0.88533115,0.87854654,0.88494325,0.88568693,0.8808446,0.8786509,0.8815086,0.882105,0.8788435,0.88630503,0.87515885,0.8823642,0.8726535,0.87552476,0.8813857,0.88005537,0.8823192,0.8786106,0.8812671,0.8775724,0.8815731,0.869855,0.87676895,0.88001686,0.883458,0.88220316,0.8801279,0.8820578,0.8830065,0.8858075,0.8867783,0.8775009,0.8825865,0.8794491,0.8777401,0.8791934,0.88387936,0.87785167,0.88132936,0.8821345,0.87754846,0.8774048,0.87864554,0.8805737,0.8826004,0.8802113,0.8831807,0.87402517,0.87820727,0.88342524,0.87222713,0.87323874,0.87880564,0.8789472,0.87681365,0.87697643,0.87820804,0.8807532,0.8761471,0.88569385,0.8803563,0.8790903,0.8796814,0.8809365,0.8778342,0.8871146,0.87536377,0.8816805,0.8732941,0.8756879,0.87306774,0.8767541,0.87953013,0.8754238,0.87290686,0.8808118,0.8804156,0.87625873,0.8723946,0.87654406,0.8686997,0.8778582,0.8782351,0.88605905,0.88037115,0.8822775,0.87497973,0.8816318,0.8744693,0.87368053,0.87376916,0.8749249,0.87935483,0.88257724,0.8780525,0.8816953,0.8861661,0.88602215,0.87905425,0.8800477,0.8795521,0.8744201,0.88602173,0.87574244,0.8867593,0.88749546,0.8771726,0.87741435,0.8751826,0.8884358,0.8721866,0.8735764,0.8912778,0.8771221,0.88265,0.8830981,0.8720627,0.87987506,0.88717884,0.877982,0.87758005,0.8740005,0.8719513,0.8777888,0.88489866,0.86790985,0.88307375,0.8749558,0.87056786,0.8806447,0.8779076,0.8817401,0.88185865,0.8807755,0.8742238,0.8780447,0.88208985,0.87848926,0.87695795,0.87871295,0.8754602,0.8854821,0.8868838,0.8866496,0.8823069,0.8797582,0.87594336,0.8825819,0.8781253,0.8799484,0.87904507,0.8732605,0.8758411,0.8831504,0.8781695,0.87536526,0.8805198,0.87739736,0.87936544,0.87673736,0.8779509,0.88361484,0.8784866,0.8749857,0.8734349,0.88211596,0.8777756,0.87532926,0.86857074,0.8737211,0.8783421,0.8802464,0.8793518,0.8831194,0.88744605,0.8772142,0.8820121,0.8721488,0.8792739,0.87893736,0.88780487,0.8825589,0.8801287,0.88289136,0.8809055,0.8835246,0.8900447,0.87952024,0.8766192,0.8791651,0.8789467,0.8741706,0.88341624,0.88132435,0.8767795,0.8805411,0.88020855,0.88078403,0.8736666,0.87561077,0.8786817,0.8761242,0.8776082,0.87886405,0.88239056,0.8782236,0.87778926,0.8800841,0.8783729,0.87559026,0.88617194,0.87374395,0.8779746,0.8747919,0.86768234,0.87901664,0.8765086,0.880255,0.88031113,0.8831263,0.88232213,0.8821405,0.87453854,0.87736225,0.8777711,0.88328475,0.87693423,0.8769515,0.8774227,0.8804213,0.87730277,0.8759454,0.87924993,0.8861079,0.8822404,0.8813505,0.8777353,0.8793802,0.878293,0.8744277,0.8793243,0.87377447,0.8770631,0.87409806,0.87823117,0.8821501,0.87921005,0.8839241,0.8742204,0.87381595,0.8751367,0.8764757,0.88245076,0.8791492,0.8796289,0.8777236,0.87848693,0.8727068,0.8754577,0.88976365,0.87326133,0.88277316,0.87862694,0.8767102,0.880688,0.8845007,0.88541734,0.8826103,0.87932,0.87823963,0.88446057,0.87682056,0.88217676,0.8776387,0.879567,0.8798204,0.8728288,0.8759487,0.8729815,0.87871677,0.8762119,0.8813222,0.88638955,0.87983495,0.8789648,0.87154436,0.8800852,0.8776476,0.88183624,0.87200534,0.8822965,0.87639564,0.88290757,0.8780367,0.879648,0.8728247,0.87978727,0.888971,0.8756687,0.87253314,0.8730241,0.8791882,0.8754967,0.8871258,0.87625086,0.87829506,0.87859094,0.8835033,0.88427955,0.88508546,0.8839797,0.8857712,0.8851853,0.8785154,0.8775222,0.8844947,0.87566835,0.87740964,0.8834405,0.87548196,0.87769383,0.87769616,0.87917995,0.86980814,0.8788293,0.8701372,0.8743448,0.8830182,0.8822369,0.867344,0.8823982,0.8838446,0.87412447,0.87762463,0.882313,0.8764355,0.88832843,0.8732803,0.878777,0.873165,0.87537664,0.8752555,0.88270515,0.8808587,0.87973654,0.876425,0.87568253,0.8815749,0.87566304,0.87668586,0.8798312,0.8787425,0.8813912,0.8835876,0.87838334,0.8818467,0.8846472,0.8790994,0.87543356,0.87774664,0.8757216,0.8769166,0.883344,0.8742797,0.8760973,0.87700295,0.8824764,0.89098954,0.88079375,0.87951416,0.880654,0.876657,0.8818125,0.8756487,0.8779835,0.87682503,0.8908502,0.8743638,0.878131,0.8806777,0.8712705,0.8753521,0.8750302,0.8769053,0.87532055,0.8776718,0.8830714,0.8791462,0.881574,0.8774369,0.88157785,0.88399297,0.88484263,0.8749371,0.88115525,0.8821392,0.8708705,0.87989557,0.87840885,0.88027763,0.8763684,0.8885783,0.8749848,0.888019,0.88184947,0.879354,0.8847054,0.8749735,0.8755153,0.8742605,0.8805678,0.88266575,0.88283485,0.8830749,0.8853742,0.87778205,0.8785593,0.8776062,0.88503623,0.8812434,0.87619996,0.87926406,0.8755431,0.8787237,0.87553865,0.88119644,0.8795804,0.87340707,0.8710114,0.8746148,0.8795752,0.87976265,0.88055515,0.8755587,0.87993646,0.8832646,0.87648106,0.8895667,0.8792205,0.8761652,0.8768582,0.88871455,0.8847994,0.8832102,0.8848298,0.87266123,0.8748226,0.8758959,0.8741705,0.882013,0.8872804,0.8766684,0.87076306,0.8789562,0.88447577,0.87635744,0.88050616,0.8834572,0.88457644,0.87796587,0.88037634,0.88033885,0.8791107,0.8699958,0.8676333,0.8673652,0.8792217,0.88039815,0.881341,0.8743724,0.8778626,0.88492084,0.88026303,0.88349336,0.88155574,0.8819694,0.8679282,0.87953395,0.87376195,0.8824045,0.8839881,0.87514466,0.88868314,0.8813179,0.87084043,0.8863713,0.8766806,0.87993145,0.88059556,0.8825476,0.87664276,0.87323046,0.87561053,0.8772081,0.87330604,0.8782647,0.88193226,0.8891551,0.87817174,0.8782993,0.88446623,0.87560904,0.8761908,0.8798869,0.87484366,0.8790001,0.8775639,0.8752216,0.8801869,0.8779414,0.87853307,0.87747836,0.87904185,0.8759344,0.8801936,0.88118374,0.8735394,0.875593,0.88113713,0.87356,0.88367134,0.8756071,0.8798637,0.8831344,0.8798622,0.87823415,0.8827298,0.87742615,0.88396996,0.8816674,0.8759565,0.8817612,0.8785391,0.88727397,0.8838815,0.8863863,0.88061476,0.87847304,0.8818296,0.8795403,0.8784309,0.8777619,0.88609564,0.8776898,0.87544686,0.8815377,0.87658083,0.87511796,0.87218904,0.8838902,0.8802608,0.8763526,0.87194437,0.8782949,0.8753802,0.88313425,0.87738234,0.8870074,0.87599355,0.8687145,0.87481165,0.8747316,0.87773347,0.88117707,0.8795551,0.88217515,0.87607527,0.87874067,0.88037497,0.87396574,0.879458,0.8805582,0.8794751,0.8745382,0.87822694,0.8695699,0.8801001,0.8826284,0.8814003,0.8797116,0.87147844,0.8832267,0.87796175,0.87201643,0.8789581,0.8781293,0.8836474,0.87494075,0.87499106,0.86916953,0.8803615,0.8788441,0.87641406,0.8761826,0.88119465,0.88254595,0.87919116,0.88490343,0.8821632,0.8859132,0.8824948,0.8830798,0.8784948,0.88029337,0.8768078,0.8775898,0.87183213,0.88414174,0.8781974,0.8811673,0.8814105,0.88500595,0.87183344,0.8837458,0.8748914,0.87375295,0.8816579,0.8773359,0.88054454,0.88032025,0.8882047,0.8746656,0.87765473,0.8796049,0.8779053,0.88165927,0.88330853,0.8762357,0.87173384,0.8767305,0.884453,0.87228876,0.88444936,0.8751314,0.87158734,0.87802356,0.8774442,0.8788337,0.88237643,0.8772072,0.8874475,0.8836307,0.8838724,0.888464,0.87453765,0.86872387,0.8828607,0.8852737,0.8820607,0.8909423,0.8879909,0.87181914,0.8779537,0.8801786,0.88318175,0.87785614,0.886085,0.87467057,0.88270056,0.8735386,0.87958026,0.8767927,0.8813364,0.8782038,0.8791201,0.87834215,0.8765448,0.8780967,0.8794271,0.8783013,0.87286997,0.8763987,0.8769679,0.8785722,0.87502676,0.87733006,0.8765686,0.879452,0.8806106,0.8730884,0.8843185,0.88609254,0.8735223,0.88669914,0.86837095,0.8795157,0.88003045,0.88493234,0.8749122,0.87735283,0.8779566,0.88236034,0.8758995,0.8845743,0.8781979,0.87851477,0.87542677,0.8813936,0.8703469,0.877421,0.87923443,0.87826097,0.87453353,0.8735658,0.8591042,0.87450516,0.8724847,0.8703066,0.8711569,0.87900376,0.8761142,0.8784574,0.8769807,0.8789534,0.87837917,0.878493,0.88115644,0.88224477,0.8849191,0.87855214,0.8760198,0.8803153,0.8809927,0.8746605,0.8784986,0.87852186,0.8711638,0.8721567,0.88018334,0.8821102,0.88040876,0.88098377,0.87917066,0.8740553,0.8892151,0.878632,0.8822794,0.86855054,0.8811287,0.8833129,0.8777862,0.8758661,0.87592065,0.87759984,0.8797676,0.8756079,0.88040763,0.87964636,0.8825698,0.86636,0.87958956,0.88294506,0.87430924,0.87593734,0.8808493,0.8708945,0.88007617,0.88681823,0.87885696,0.8757633,0.88513094,0.8853597,0.88274944,0.8798896,0.87839955,0.88022625,0.8775048,0.88322127,0.8815716,0.87902296,0.87704986,0.883565,0.8791015,0.8780334,0.8843623,0.8804158,0.8830179,0.8779242,0.88542485,0.8725949,0.88216335,0.88314885,0.8780472,0.88039714,0.8818884,0.88673973,0.87855923,0.87724143,0.8820347,0.8746928,0.8820043,0.8755362,0.8838318,0.8837969,0.8760291,0.87622386,0.88016295,0.87549615,0.8770266,0.8772257,0.8752707,0.8814129,0.8794118,0.879303,0.8728115,0.88452643,0.87960434,0.8762403,0.8841841,0.88184,0.8830159,0.8728636,0.8798699,0.8797562,0.87864465,0.8834791,0.8761097,0.87861,0.8798527,0.8818647,0.8786755,0.880331,0.8782763,0.8762429,0.88344896,0.87713486,0.8846972,0.8691099,0.87142587,0.88267416,0.8747956,0.8777645,0.87878966,0.8875197,0.8715373,0.8840291,0.8766619,0.8747184,0.8720538,0.87753963,0.8835051,0.87603235,0.87284636,0.8877594,0.8809897,0.8786376,0.8810967,0.87982875,0.8785475,0.88005346,0.87923133,0.8785632,0.875242,0.87803864,0.8813216,0.87861264,0.88243186,0.8803129,0.8796175,0.88220173,0.879171,0.87653214,0.8840696,0.88366795,0.8793139,0.8796013,0.8857259,0.8837278,0.8768134,0.8745151,0.87278247,0.87548566,0.8840528,0.88639545,0.88092184,0.884121,0.8859023,0.8804094,0.8777493,0.8729965,0.8743759,0.8787571,0.8855643,0.8857398,0.8822642,0.87867916,0.8823395,0.8800051,0.8824367,0.8766714,0.8710493,0.8800383,0.87966895,0.8788622,0.8816758,0.88003045,0.8779947,0.87974054,0.8829249,0.8782369,0.8817573,0.87321657,0.87791675,0.8770835,0.8774681,0.87526214,0.8829453,0.8797281,0.8809194,0.8801913,0.88422376,0.8746844,0.88445646,0.87817657,0.87938434,0.8793176,0.88110673,0.8847255,0.87530845,0.8808176,0.869985,0.8868221,0.8739408,0.8800513,0.8793222,0.87750137,0.88550454,0.881707,0.8798601,0.8779814,0.8756659,0.8831663,0.8741646,0.8840644,0.8762628,0.8784269,0.88551295,0.88176703,0.87976515,0.88268,0.87387216,0.8758965,0.88006127,0.88430834,0.8760398,0.87677485,0.8787387,0.8758551,0.8730147,0.8920077,0.8850327,0.87668866,0.8834247,0.8786362,0.8795767,0.8814282,0.88209575,0.8835986,0.88185585,0.8708003,0.8812942,0.8818606,0.87579584,0.8709572,0.87663347
0.714731,0.7166998,0.70772785,0.7074558,0.7108106,0.71041954,0.7111105,0.71149045,0.7121086,0.7148952,0.7121091,0.7121645,0.7118979,0.7101375,0.7159883,0.7134669,0.71662223,0.7099512,0.7096415,0.71626866,0.71206445,0.7149241,0.71552896,0.7109875,0.7041029,0.7117725,0.70464355,0.7168482,0.7160274,0.7131213,0.7103053,0.7094622,0.7202806,0.7098879,0.7090954,0.71411985,0.7108894,0.71764463,0.71519774,0.7112768,0.7113134,0.71677923,0.71994346,0.7104005,0.7143412,0.712135,0.71265125,0.7037508,0.718162,0.71696854,0.7135517,0.71221197,0.71203136,0.71431273,0.71104056,0.7210232,0.7027834,0.7141433,0.70904106,0.7219807,0.7160605,0.7137707,0.7062134,0.70910865,0.7171249,0.72134954,0.71109796,0.72295177,0.71751916,0.71098316,0.71548796,0.7184261,0.7076131,0.7083722,0.71922565,0.71448255,0.71282655,0.71442956,0.7239813,0.7157065,0.7161577,0.70946527,0.7087191,0.71558297,0.71731055,0.7134421,0.7115299,0.7092891,0.713527,0.7149336,0.7198794,0.71317804,0.71230555,0.7180957,0.71877193,0.71344835,0.71947354,0.71213806,0.7150633,0.7129683,0.720239,0.7175784,0.708624,0.714926,0.71091014,0.7130452,0.7130355,0.7117635,0.71328956,0.7056044,0.70881313,0.7142171,0.7036919,0.7064668,0.71642214,0.7133074,0.7116467,0.7127779,0.71688086,0.7184815,0.7168983,0.71548945,0.71400017,0.7189978,0.71422106,0.7070396,0.7180613,0.7090005,0.7143992,0.71575034,0.7128367,0.7130377,0.7182133,0.7087436,0.71012574,0.71737,0.71148026,0.7065335,0.71463436,0.71112883,0.7140677,0.711333,0.7156199,0.7122451,0.7182877,0.7084455,0.7124357,0.71668816,0.71466887,0.7192055,0.71326977,0.71174747,0.7087661,0.7222913,0.7077751,0.71622914,0.7110875,0.70848376,0.7128106,0.7150008,0.7072864,0.7154374,0.7080405,0.7134046,0.7098464,0.7075745,0.7136789,0.7146049,0.7107675,0.7122723,0.721535,0.71883404,0.7087962,0.7126181,0.71114993,0.70947146,0.7120397,0.7194605,0.71524686,0.7222208,0.71562886,0.70725423,0.71182317,0.71198225,0.7191626,0.71791536,0.7099484,0.70785564,0.71371144,0.71489555,0.7100591,0.71129155,0.7112581,0.7112845,0.7065003,0.7142675,0.7126188,0.71912396,0.7123253,0.71066546,0.71030515,0.70951784,0.71334153,0.70529723,0.70998913,0.71080333,0.71595484,0.7132934,0.7115093,0.7117148,0.71846545,0.7113046,0.70773983,0.7160996,0.7112857,0.7150169,0.7167336,0.71538955,0.71849155,0.71815765,0.7177151,0.7154601,0.715892,0.7136128,0.70731866,0.71801656,0.7127144,0.71968913,0.7171826,0.7161127,0.7133217,0.71633416,0.71606135,0.71750706,0.7125691,0.7118073,0.7047114,0.70691997,0.7157787,0.71554583,0.71324515,0.7116545,0.71116793,0.7107981,0.7129896,0.724018,0.7132892,0.72306013,0.7173749,0.707807,0.7109943,0.7103358,0.7176084,0.71414644,0.72243434,0.71710664,0.71149075,0.70899665,0.71111107,0.70978373,0.7181783,0.71166205,0.7092374,0.71274996,0.71412987,0.7036717,0.7131815,0.70821613,0.7226415,0.71255106,0.7116844,0.71904314,0.7067464,0.7153335,0.7124491,0.70784664,0.70776093,0.7098095,0.71152765,0.7116889,0.7067647,0.71458703,0.71419287,0.7171432,0.7132474,0.71078783,0.71125716,0.7104194,0.7141984,0.7123234,0.71621156,0.7065913,0.70919454,0.717146,0.71865666,0.70998824,0.7129941,0.71286225,0.7097296,0.7264426,0.70381,0.7134154,0.71365625,0.71991974,0.7038461,0.72195613,0.7223384,0.71259505,0.7099284,0.7123062,0.7109617,0.7141755,0.71498024,0.71241146,0.71161926,0.70466024,0.7153544,0.7188713,0.7211469,0.7150675,0.711233,0.7125104,0.7117146,0.7088706,0.71982086,0.71772814,0.7123126,0.7185553,0.71072894,0.7125876,0.7141743,0.711888,0.71449727,0.71638834,0.70155984,0.70964706,0.7116487,0.7134964,0.72213465,0.7067376,0.71544397,0.7093002,0.7038518,0.7190749,0.71776104,0.7190221,0.7186508,0.7095236,0.71159494,0.71693236,0.71179193,0.7092825,0.7173251,0.71713763,0.7133701,0.7093418,0.71284664,0.70789844,0.7131816,0.713097,0.7136732,0.7035391,0.706839,0.7137299,0.71238685,0.7137273,0.71140206,0.7124686,0.7113269,0.71487045,0.71341497,0.71299344,0.7071982,0.71149266,0.71758693,0.7058775,0.7094547,0.7155869,0.7169032,0.70843333,0.71366024,0.71575266,0.7119985,0.70756584,0.7118771,0.71406907,0.71128744,0.71365637,0.7224214,0.711828,0.71434045,0.7131713,0.71658975,0.7107595,0.70671993,0.70755494,0.7116555,0.7211932,0.7133158,0.70875555,0.7098002,0.70961183,0.7216325,0.7154976,0.71119356,0.71413666,0.7175283,0.71226686,0.7074608,0.7079722,0.7148469,0.71738696,0.7070669,0.712865,0.7164284,0.70905906,0.70977306,0.70752364,0.716232,0.7116697,0.71462095,0.7120085,0.71112144,0.7059696,0.7079388,0.7157365,0.7124616,0.7157706,0.7142228,0.7142684,0.7153024,0.7129463,0.7122956,0.71320397,0.71522635,0.7154154,0.7187243,0.71209717,0.7206586,0.7160845,0.71039647,0.71605724,0.7129552,0.71893495,0.7148293,0.71212804,0.7160935,0.7238143,0.71862495,0.71506554,0.7157707,0.7104829,0.7129701,0.71986264,0.71625024,0.7173883,0.7112805,0.70952976,0.71296275,0.71589726,0.71611,0.7188731,0.7125771,0.71348023,0.7118338,0.7156286,0.71347976,0.7184759,0.71082395,0.71278375,0.7068205,0.7136432,0.7198951,0.71217036,0.7055392,0.71651417,0.71722794,0.7193121,0.71425664,0.70842046,0.7114569,0.71383584,0.7157693,0.70944566,0.7199118,0.7242132,0.7133107,0.71331114,0.71451384,0.71041423,0.7192878,0.72100407,0.7144071,0.7135078,0.714726,0.7102383,0.71052,0.71169674,0.7106002,0.7040591,0.7083274,0.7160159,0.7182517,0.7115784,0.7080337,0.71083784,0.7209073,0.7162389,0.7148444,0.7137028,0.7144711,0.6998347,0.7165191,0.7104894,0.71138805,0.7103465,0.70759374,0.7133441,0.7134376,0.70991623,0.715842,0.7109565,0.7084833,0.71494126,0.71342355,0.7189912,0.7119911,0.7179076,0.7223812,0.7098312,0.71538603,0.7121695,0.7171617,0.710472,0.71586657,0.71674293,0.7134791,0.70766306,0.71991533,0.7082503,0.7133038,0.70955086,0.7126907,0.71003336,0.7111751,0.7129085,0.70877767,0.71246535,0.7141903,0.71355265,0.726618,0.7125399,0.70492077,0.70901155,0.7097661,0.7090101,0.70835495,0.71573997,0.7148166,0.7120523,0.7098677,0.7178392,0.71599925,0.719592,0.71980757,0.71290183,0.7103572,0.7074173,0.7158365,0.71409565,0.7225505,0.71274704,0.7165078,0.714889,0.714346,0.71054393,0.7105173,0.7230061,0.7096388,0.708917,0.7211928,0.7130705,0.7044007,0.704045,0.71565473,0.71766204,0.7116839,0.7107989,0.7139747,0.7126999,0.71587527,0.71111107,0.72116107,0.7138487,0.7069239,0.71356374,0.71326315,0.7142835,0.71063966,0.7127039,0.7126136,0.71386445,0.7113483,0.71226895,0.71221554,0.7086138,0.7180993,0.71187955,0.7135322,0.7103171,0.71651477,0.7102087,0.7173241,0.7132261,0.7075121,0.71082956,0.71447337,0.7228692,0.7013869,0.70889634,0.7117169,0.7145103,0.7141858,0.7117839,0.71358764,0.71454173,0.71022844,0.7137176,0.71208566,0.7115405,0.7181618,0.7127709,0.71299213,0.7278085,0.7167463,0.7158974,0.7127844,0.7147455,0.7129442,0.71356136,0.7120493,0.70793986,0.7145004,0.7151837,0.7120898,0.71202594,0.7174263,0.70661014,0.72081184,0.71696854,0.71099377,0.7156231,0.7205923,0.71360385,0.7078511,0.72397625,0.7147138,0.71596164,0.7138865,0.71703124,0.7196766,0.7150547,0.7102821,0.7049455,0.71435857,0.71729577,0.7142762,0.71550155,0.7156867,0.7128411,0.709379,0.711578,0.70932025,0.71551573,0.7182494,0.7197262,0.7177435,0.7142198,0.7190087,0.708904,0.7068905,0.7184258,0.71232826,0.71740526,0.7194318,0.71539736,0.70656747,0.7100206,0.7123331,0.7113014,0.7117129,0.7124919,0.70892316,0.7171779,0.70561,0.7169892,0.71484405,0.7103283,0.71415496,0.71265143,0.7128792,0.71318483,0.7151442,0.7115828,0.7145836,0.7054845,0.7069081,0.7100419,0.7147162,0.71032155,0.71161216,0.71117836,0.7124093,0.7081186,0.7111132,0.7106869,0.7165595,0.70718575,0.7168337,0.7154499,0.71341795,0.71327907,0.71477383,0.7167051,0.71440655,0.7138822,0.7170277,0.707734,0.71323323,0.71464396,0.7115682,0.71737033,0.7163424,0.71261215,0.7212723,0.71636146,0.72042173,0.7097167,0.7035254,0.70852447,0.71290004,0.7052552,0.7104397,0.7138433,0.7139415,0.7079388,0.70873654,0.71119046,0.70613444,0.7209255,0.71356755,0.7182549,0.7108376,0.7152199,0.7178149,0.7050415,0.71315724,0.709077,0.701012,0.71651083,0.7135835,0.7118969,0.71569926,0.7146914,0.71757114,0.71682197,0.71277773,0.70996195,0.71099395,0.72400033,0.70989454,0.71394616,0.7131662,0.7089766,0.7153668,0.70763326,0.71180254,0.71214664,0.7074419,0.70721245,0.7099611,0.7149473,0.7161297,0.71813995,0.71078485,0.71251726,0.7129074,0.7093726,0.7135037,0.71452194,0.7139515,0.7114688,0.7155123,0.71511644,0.7211627,0.71960753,0.7119158,0.71510893,0.71672344,0.7074751,0.710701,0.7180485,0.71462417,0.7070172,0.7091686,0.7123391,0.7153699,0.71333206,0.7076916,0.70975447,0.7171262,0.717027,0.71185434,0.71677345,0.71433717,0.7130897,0.7153917,0.71690565,0.713188,0.71472335,0.7095919,0.7122009,0.7179045,0.7166879,0.71564335,0.71118,0.7065865,0.7137599,0.71987367,0.7105263,0.71772724,0.70976365,0.7065738,0.7155263,0.7079231,0.71505195,0.70884156,0.71572274,0.70926166,0.70638764,0.7170879,0.7098538,0.7132894,0.7156441,0.71230197,0.7129841,0.7125632,0.7115939,0.71468836,0.70868915,0.7129252,0.70809036,0.715845,0.7175118,0.7189304,0.71750045,0.71338767,0.7123465,0.70995075,0.7171452,0.71150064,0.7144152,0.7078203,0.7084014,0.71372664,0.7111882,0.71513236,0.70756596,0.7174102,0.7113836,0.71201396,0.7144179,0.71342826,0.7124933,0.7179606,0.7078211,0.70621306,0.71611243,0.71162534,0.71660125,0.7086148,0.71464604,0.7056652,0.71558,0.7141525,0.71337426,0.7050067,0.7096568,0.71522844,0.7119646,0.7156814,0.72221845,0.71389574,0.7099869,0.7187617,0.7158285,0.7096729,0.71987706,0.7230967,0.70823693,0.7142533,0.71782374,0.71565,0.71231633,0.7135866,0.7140599,0.7130728,0.7107825,0.7170877,0.71467865,0.7124468,0.7114191,0.70957047,0.71289665,0.7115407,0.7141055,0.7121015,0.71812534,0.7181491,0.71336883,0.71025676,0.7121864,0.7145115,0.71290386,0.7157456,0.70891,0.71967006,0.7149713,0.7150137,0.71756905,0.7146097,0.7168709,0.71140903,0.7132906,0.7062967,0.7147937,0.7120424,0.70995426,0.7216055,0.7150566,0.7090696,0.7165139,0.7162495,0.71731806,0.71296144,0.72105044,0.7096007,0.7136052,0.7213403,0.716283,0.71908534,0.7120775,0.7194018,0.70666915,0.7144347,0.7161159,0.71212274,0.7140533,0.71527547,0.7159142,0.7131501,0.7159279,0.7141103,0.71069175,0.71204615,0.71523356,0.7150551,0.7089632,0.7123681,0.7130179,0.71605384,0.71786535,0.7159426,0.71114635,0.71432346,0.71803397,0.70966387,0.7065072,0.71720934,0.71532243,0.7179173,0.71368915,0.7091329,0.71309125,0.715101,0.7182069,0.71161133,0.7178607,0.71644586,0.7097631,0.718904,0.7099707,0.71950877,0.71342397,0.71791,0.7103508,0.71926886,0.7167331,0.7083918,0.71718484
0.0,0.0,0.0,0.0,0.0,0.0,0.0,0.0,0.0,0.0,0.0,0.0,0.0,0.0,0.0,0.0,0.0,0.0,0.0,0.0,0.0,0.0,0.0,0.0,0.0,0.0,0.0,0.0,0.0,0.0,0.0,0.0,0.0,0.0,0.0,0.0,0.0,0.0,0.0,0.0,0.0,0.0,0.0,0.0,0.0,0.0,0.0,0.0,0.0,0.0,0.0,0.0,0.0,0.0,0.0,0.0,0.0,0.0,0.0,0.0,0.0,0.0,0.0,0.0,0.0,0.0,0.0,0.0,0.0,0.0,0.0,0.0,0.0,0.0,0.0,0.0,0.0,0.0,0.0,0.0,0.0,0.0,0.0,0.0,0.0,0.0,0.0,0.0,0.0,0.0,0.0,0.0,0.0,0.0,0.0,0.0,0.0,0.0,0.0,0.0,0.0,0.0,0.0,0.0,0.0,0.0,0.0,0.0,0.0,0.0,0.0,0.0,0.0,0.0,0.0,0.0,0.0,0.0,0.0,0.0,0.0,0.0,0.0,0.0,0.0,0.0,0.0,0.0,0.0,0.0,0.0,0.0,0.0,0.0,0.0,0.0,0.0,0.0,0.0,0.0,0.0,0.0,0.0,0.0,0.0,0.0,0.0,0.0,0.0,0.0,0.0,0.0,0.0,0.0,0.0,0.0,0.0,0.0,0.0,0.0,0.0,0.0,0.0,0.0,0.0,0.0,0.0,0.0,0.0,0.0,0.0,0.0,0.0,0.0,0.0,0.0,0.0,0.0,0.0,0.0,0.0,0.0,0.0,0.0,0.0,0.0,0.0,0.0,0.0,0.0,0.0,0.0,0.0,0.0,0.0,0.0,0.0,0.0,0.0,0.0,0.0,0.0,0.0,0.0,0.0,0.0,0.0,0.0,0.0,0.0,0.0,0.0,0.0,0.0,0.0,0.0,0.0,0.0,0.0,0.0,0.0,0.0,0.0,0.0,0.0,0.0,0.0,0.0,0.0,0.0,0.0,0.0,0.0,0.0,0.0,0.0,0.0,0.0,0.0,0.0,0.0,0.0,0.0,0.0,0.0,0.0,0.0,0.0,0.0,0.0,0.0,0.0,0.0,0.0,0.0,0.0,0.0,0.0,0.0,0.0,0.0,0.0,0.0,0.0,0.0,0.0,0.0,0.0,0.0,0.0,0.0,0.0,0.0,0.0,0.0,0.0,0.0,0.0,0.0,0.0,0.0,0.0,0.0,0.0,0.0,0.0,0.0,0.0,0.0,0.0,0.0,0.0,0.0,0.0,0.0,0.0,0.0,0.0,0.0,0.0,0.0,0.0,0.0,0.0,0.0,0.0,0.0,0.0,0.0,0.0,0.0,0.0,0.0,0.0,0.0,0.0,0.0,0.0,0.0,0.0,0.0,0.0,0.0,0.0,0.0,0.0,0.0,0.0,0.0,0.0,0.0,0.0,0.0,0.0,0.0,0.0,0.0,0.0,0.0,0.0,0.0,0.0,0.0,0.0,0.0,0.0,0.0,0.0,0.0,0.0,0.0,0.0,0.0,0.0,0.0,0.0,0.0,0.0,0.0,0.0,0.0,0.0,0.0,0.0,0.0,0.0,0.0,0.0,0.0,0.0,0.0,0.0,0.0,0.0,0.0,0.0,0.0,0.0,0.0,0.0,0.0,0.0,0.0,0.0,0.0,0.0,0.0,0.0,0.0,0.0,0.0,0.0,0.0,0.0,0.0,0.0,0.0,0.0,0.0,0.0,0.0,0.0,0.0,0.0,0.0,0.0,0.0,0.0,0.0,0.0,0.0,0.0,0.0,0.0,0.0,0.0,0.0,0.0,0.0,0.0,0.0,0.0,0.0,0.0,0.0,0.0,0.0,0.0,0.0,0.0,0.0,0.0,0.0,0.0,0.0,0.0,0.0,0.0,0.0,0.0,0.0,0.0,0.0,0.0,0.0,0.0,0.0,0.0,0.0,0.0,0.0,0.0,0.0,0.0,0.0,0.0,0.0,0.0,0.0,0.0,0.0,0.0,0.0,0.0,0.0,0.0,0.0,0.0,0.0,0.0,0.0,0.0,0.0,0.0,0.0,0.0,0.0,0.0,0.0,0.0,0.0,0.0,0.0,0.0,0.0,0.0,0.0,0.0,0.0,0.0,0.0,0.0,0.0,0.0,0.0,0.0,0.0,0.0,0.0,0.0,0.0,0.0,0.0,0.0,0.0,0.0,0.0,0.0,0.0,0.0,0.0,0.0,0.0,0.0,0.0,0.0,0.0,0.0,0.0,0.0,0.0,0.0,0.0,0.0,0.0,0.0,0.0,0.0,0.0,0.0,0.0,0.0,0.0,0.0,0.0,0.0,0.0,0.0,0.0,0.0,0.0,0.0,0.0,0.0,0.0,0.0,0.0,0.0,0.0,0.0,0.0,0.0,0.0,0.0,0.0,0.0,0.0,0.0,0.0,0.0,0.0,0.0,0.0,0.0,0.0,0.0,0.0,0.0,0.0,0.0,0.0,0.0,0.0,0.0,0.0,0.0,0.0,0.0,0.0,0.0,0.0,0.0,0.0,0.0,0.0,0.0,0.0,0.0,0.0,0.0,0.0,0.0,0.0,0.0,0.0,0.0,0.0,0.0,0.0,0.0,0.0,0.0,0.0,0.0,0.0,0.0,0.0,0.0,0.0,0.0,0.0,0.0,0.0,0.0,0.0,0.0,0.0,0.0,0.0,0.0,0.0,0.0,0.0,0.0,0.0,0.0,0.0,0.0,0.0,0.0,0.0,0.0,0.0,0.0,0.0,0.0,0.0,0.0,0.0,0.0,0.0,0.0,0.0,0.0,0.0,0.0,0.0,0.0,0.0,0.0,0.0,0.0,0.0,0.0,0.0,0.0,0.0,0.0,0.0,0.0,0.0,0.0,0.0,0.0,0.0,0.0,0.0,0.0,0.0,0.0,0.0,0.0,0.0,0.0,0.0,0.0,0.0,0.0,0.0,0.0,0.0,0.0,0.0,0.0,0.0,0.0,0.0,0.0,0.0,0.0,0.0,0.0,0.0,0.0,0.0,0.0,0.0,0.0,0.0,0.0,0.0,0.0,0.0,0.0,0.0,0.0,0.0,0.0,0.0,0.0,0.0,0.0,0.0,0.0,0.0,0.0,0.0,0.0,0.0,0.0,0.0,0.0,0.0,0.0,0.0,0.0,0.0,0.0,0.0,0.0,0.0,0.0,0.0,0.0,0.0,0.0,0.0,0.0,0.0,0.0,0.0,0.0,0.0,0.0,0.0,0.0,0.0,0.0,0.0,0.0,0.0,0.0,0.0,0.0,0.0,0.0,0.0,0.0,0.0,0.0,0.0,0.0,0.0,0.0,0.0,0.0,0.0,0.0,0.0,0.0,0.0,0.0,0.0,0.0,0.0,0.0,0.0,0.0,0.0,0.0,0.0,0.0,0.0,0.0,0.0,0.0,0.0,0.0,0.0,0.0,0.0,0.0,0.0,0.0,0.0,0.0,0.0,0.0,0.0,0.0,0.0,0.0,0.0,0.0,0.0,0.0,0.0,0.0,0.0,0.0,0.0,0.0,0.0,0.0,0.0,0.0,0.0,0.0,0.0,0.0,0.0,0.0,0.0,0.0,0.0,0.0,0.0,0.0,0.0,0.0,0.0,0.0,0.0,0.0,0.0,0.0,0.0,0.0,0.0,0.0,0.0,0.0,0.0,0.0,0.0,0.0,0.0,0.0,0.0,0.0,0.0,0.0,0.0,0.0,0.0,0.0,0.0,0.0,0.0,0.0,0.0,0.0,0.0,0.0,0.0,0.0,0.0,0.0,0.0,0.0,0.0,0.0,0.0,0.0,0.0,0.0,0.0,0.0,0.0,0.0,0.0,0.0,0.0,0.0,0.0,0.0,0.0,0.0,0.0,0.0,0.0,0.0,0.0,0.0,0.0,0.0,0.0,0.0,0.0,0.0,0.0,0.0,0.0,0.0,0.0,0.0,0.0,0.0,0.0,0.0,0.0,0.0,0.0,0.0,0.0,0.0,0.0,0.0,0.0,0.0,0.0,0.0,0.0,0.0,0.0,0.0,0.0,0.0,0.0,0.0,0.0,0.0,0.0,0.0,0.0,0.0,0.0,0.0,0.0,0.0,0.0,0.0,0.0,0.0,0.0,0.0,0.0,0.0,0.0,0.0,0.0,0.0,0.0,0.0,0.0,0.0,0.0,0.0,0.0,0.0,0.0,0.0,0.0,0.0,0.0,0.0,0.0,0.0,0.0,0.0,0.0,0.0,0.0,0.0,0.0,0.0,0.0,0.0,0.0,0.0,0.0,0.0,0.0,0.0,0.0,0.0,0.0,0.0,0.0,0.0,0.0,0.0,0.0,0.0,0.0,0.0,0.0,0.0,0.0,0.0
1.0875072,1.086265,1.0891821,1.0914493,1.0840647,1.0862741,1.0922412,1.0895241,1.0821626,1.0881109,1.0851163,1.0925872,1.0839007,1.0859748,1.0866852,1.084557,1.0946647,1.0849184,1.081045,1.0833737,1.083392,1.0871233,1.0919553,1.0900174,1.0854654,1.0922546,1.0859257,1.0927515,1.0913849,1.0785109,1.0834658,1.0884714,1.0905007,1.0877833,1.0912752,1.0865264,1.0836068,1.0950087,1.088928,1.0904776,1.086769,1.0913616,1.091234,1.0888366,1.0880337,1.0826268,1.085621,1.0783693,1.0859349,1.0859073,1.0848533,1.0908518,1.0809823,1.0855014,1.0861453,1.0887232,1.0843449,1.0958222,1.0883491,1.0910083,1.0915518,1.0839453,1.0840515,1.0924053,1.0934931,1.0977163,1.0892421,1.094996,1.0910059,1.0912333,1.0873554,1.0935849,1.079379,1.0829816,1.0932388,1.0864742,1.0893985,1.0924321,1.0885156,1.0857136,1.0889722,1.0823957,1.0825235,1.0887692,1.0896158,1.0850526,1.0838242,1.0856029,1.0899969,1.0896642,1.091649,1.0944822,1.0836526,1.0904822,1.088301,1.0878377,1.0901908,1.0941623,1.090293,1.0757014,1.0936632,1.086629,1.0861984,1.0829561,1.0823636,1.0804782,1.0830468,1.0803556,1.0916288,1.0824507,1.0836264,1.0862894,1.086881,1.087532,1.0972773,1.0865332,1.0888152,1.0937027,1.0914102,1.0910199,1.0866481,1.0868416,1.0886204,1.0891035,1.0910323,1.0840147,1.0857906,1.0947301,1.086904,1.0865544,1.0876324,1.0917406,1.0859311,1.0796967,1.0892543,1.0920055,1.0876201,1.0913247,1.0863146,1.0960331,1.0905029,1.0904926,1.0835105,1.0870808,1.0980827,1.0863409,1.0897834,1.0921031,1.0888592,1.0971583,1.0848439,1.0868539,1.0917815,1.0920051,1.0909042,1.0812701,1.0833781,1.083861,1.0893787,1.091678,1.0856028,1.0906312,1.0887616,1.088963,1.0925543,1.08736,1.0879878,1.0874039,1.085655,1.0908129,1.0915035,1.0899355,1.0835942,1.0891576,1.0906827,1.0824097,1.0875323,1.0895066,1.091164,1.0930872,1.0870371,1.0851368,1.0895543,1.0877357,1.09068,1.0914743,1.0824386,1.0833234,1.0871906,1.0955111,1.0864222,1.0947382,1.089654,1.0844973,1.0868213,1.088971,1.0873591,1.0919335,1.0874301,1.0828855,1.0834997,1.0898744,1.0889025,1.0809789,1.0868645,1.0863651,1.0915228,1.0815953,1.0856638,1.0895255,1.0839051,1.0852289,1.0912542,1.085234,1.0818483,1.0949864,1.0939099,1.0948422,1.0867299,1.0916761,1.0872215,1.0921432,1.0848322,1.0898612,1.08725,1.090323,1.082086,1.0971342,1.0883441,1.0798942,1.0873768,1.0806942,1.0853748,1.0811764,1.084376,1.0803932,1.0859566,1.0867367,1.084398,1.0909933,1.0886142,1.0862184,1.0841986,1.0889729,1.0841286,1.0946145,1.0835282,1.0916814,1.087814,1.0787878,1.086532,1.090735,1.0926418,1.089457,1.0884166,1.089271,1.0933459,1.0878164,1.0903744,1.0889202,1.0891421,1.0842003,1.0868139,1.0902544,1.0896372,1.0868455,1.0861375,1.0809896,1.0898582,1.0903432,1.081582,1.0926529,1.0841985,1.0872114,1.0858724,1.0855663,1.0829706,1.0839438,1.0849702,1.085744,1.0864974,1.0871689,1.0874068,1.0917056,1.0855736,1.0854542,1.0866446,1.0922468,1.0864836,1.0822148,1.0844396,1.0853816,1.0855495,1.0860229,1.0858654,1.0881859,1.0877131,1.0881674,1.0868582,1.0901531,1.088434,1.085133,1.0874137,1.0948755,1.0834314,1.0877348,1.090964,1.0883968,1.0846758,1.0829171,1.0891212,1.0781862,1.0892367,1.0858785,1.0863668,1.0840602,1.0872543,1.093785,1.0902934,1.0846153,1.0879506,1.0900735,1.0873482,1.0884502,1.0884324,1.0928594,1.0863364,1.0870038,1.0846335,1.0878114,1.0821136,1.0877889,1.0897056,1.0901203,1.081399,1.0855197,1.0849249,1.0906556,1.0921496,1.087468,1.0828679,1.0875666,1.0867032,1.0889891,1.0914516,1.0886496,1.089193,1.0859499,1.0865717,1.0870793,1.0881919,1.0833417,1.0852413,1.0928814,1.0871427,1.0904948,1.0847442,1.0808382,1.0839136,1.0880635,1.0926182,1.0846179,1.0829544,1.0878441,1.0845419,1.0870391,1.087026,1.0763491,1.0866193,1.0890563,1.0820372,1.0912156,1.0784175,1.0850639,1.0854737,1.0820602,1.0807805,1.0952117,1.0897748,1.088876,1.0879489,1.0879562,1.0907373,1.0872394,1.0869013,1.0846184,1.0809538,1.0890574,1.0955573,1.0812981,1.0904924,1.0927622,1.0828891,1.080475,1.0852073,1.081384,1.092056,1.0911319,1.0919979,1.0942938,1.0905297,1.0868597,1.0944707,1.0942043,1.0838051,1.0860808,1.0904711,1.0852058,1.085333,1.091133,1.0806371,1.0893551,1.0829036,1.0866365,1.09317,1.0810157,1.0821832,1.0877818,1.0864077,1.0828846,1.0804251,1.083875,1.087246,1.0889516,1.087449,1.0851085,1.0879813,1.0939441,1.0845271,1.0890414,1.0900967,1.0870067,1.0854056,1.0888565,1.0910234,1.0909348,1.0915837,1.0839194,1.0904559,1.0986058,1.0894455,1.085573,1.0827775,1.0915669,1.0859143,1.0837811,1.0911273,1.0996025,1.0898161,1.0945894,1.0935405,1.0867592,1.0794656,1.0890093,1.092434,1.0870674,1.0842376,1.0849789,1.0937705,1.0887167,1.0902705,1.090878,1.0874715,1.0876797,1.0870941,1.0900497,1.0865191,1.0923133,1.0838535,1.0902754,1.092181,1.0876347,1.0930891,1.0929999,1.08399,1.0874411,1.0955321,1.0899376,1.0912541,1.0852596,1.0900551,1.0892022,1.0900604,1.0867182,1.0993775,1.0948766,1.0883536,1.0858815,1.0881988,1.0882683,1.0903641,1.0881785,1.0891198,1.0858564,1.0870787,1.0822027,1.0836834,1.0889066,1.0876354,1.0798955,1.0876181,1.0900024,1.0896258,1.0849658,1.0868989,1.0843046,1.0861341,1.0927492,1.0885423,1.0903909,1.089206,1.0810019,1.0904047,1.0873252,1.0862378,1.0899807,1.0834658,1.0860313,1.0928038,1.0866491,1.0920187,1.0820851,1.0885453,1.0894421,1.0863131,1.0873666,1.0846435,1.0867662,1.0903888,1.078375,1.0925338,1.0878972,1.0994594,1.0820707,1.0936174,1.0914003,1.0857593,1.0891032,1.0886791,1.0872854,1.091346,1.0817281,1.0869863,1.0847241,1.0796481,1.0874482,1.0845503,1.080827,1.08804,1.0853446,1.0990024,1.0810201,1.0798323,1.0833385,1.0803804,1.0909276,1.0847358,1.0824437,1.0853245,1.0925374,1.0831127,1.0889741,1.0884298,1.0853425,1.0955906,1.0878414,1.0959638,1.0860862,1.0921652,1.0899737,1.0892305,1.0904834,1.0887007,1.089683,1.085446,1.0824724,1.0871371,1.0964105,1.0890659,1.0802279,1.0915639,1.0909734,1.0840913,1.0852935,1.0910805,1.0934201,1.0879592,1.0813318,1.0852869,1.0867987,1.0940223,1.0818603,1.091255,1.092098,1.0854713,1.0867381,1.0838965,1.0867317,1.0895246,1.0912338,1.0811493,1.0862877,1.090793,1.0911465,1.0880073,1.0893499,1.0830002,1.0832598,1.0870657,1.083227,1.0864888,1.083323,1.0934718,1.0866988,1.0907178,1.0879557,1.0902795,1.0888919,1.0819592,1.0851178,1.089339,1.0932097,1.0830137,1.0865116,1.087595,1.087545,1.0839118,1.0810007,1.0891908,1.0801934,1.0906212,1.0881648,1.085985,1.0942911,1.0868405,1.0855854,1.0938433,1.0886916,1.0885314,1.0833684,1.0890319,1.0769145,1.086814,1.08838,1.0859634,1.0887052,1.091598,1.0852023,1.0901304,1.0826498,1.0864681,1.0935305,1.0860952,1.081159,1.0799344,1.0984904,1.0910968,1.0902755,1.0843707,1.0915943,1.0830175,1.0931067,1.082887,1.0841771,1.0919106,1.0872166,1.0936713,1.0859822,1.0815966,1.0842663,1.0802652,1.0912486,1.0838938,1.0913866,1.0887305,1.0924764,1.0861077,1.0904827,1.0938445,1.0801998,1.0812726,1.0944529,1.089206,1.0861123,1.0925922,1.093258,1.0862361,1.0819623,1.085513,1.0890666,1.0870512,1.0909457,1.0850681,1.084211,1.0826585,1.0934708,1.081736,1.0880092,1.0845686,1.0876334,1.0848348,1.0882721,1.0874107,1.083029,1.0889888,1.082308,1.081469,1.0848074,1.0889459,1.083778,1.0870433,1.0821275,1.0894319,1.0846125,1.0784754,1.0847007,1.0823042,1.0847228,1.0910146,1.0893575,1.086483,1.0883821,1.0879905,1.0867894,1.0910244,1.089579,1.0926219,1.081707,1.0879555,1.0889238,1.0927366,1.0872967,1.0824288,1.0826602,1.0934566,1.0897822,1.0873172,1.0816544,1.089294,1.0802046,1.0892689,1.0797573,1.0795108,1.0833826,1.0835572,1.0882874,1.0886103,1.0868126,1.086922,1.0962282,1.0867136,1.0941417,1.0899185,1.0889441,1.0871142,1.0733235,1.0856003,1.0866575,1.0804346,1.0821321,1.086135,1.0839468,1.085218,1.087663,1.0969409,1.0892662,1.0868965,1.0827838,1.0857563,1.0946782,1.0884569,1.0915847,1.0821538,1.0869194,1.0875888,1.086376,1.086985,1.0858494,1.0838469,1.0815428,1.0885962,1.0847906,1.0840147,1.0878562,1.0807769,1.0918057,1.0868231,1.0836371,1.0845174,1.0884916,1.0857204,1.0869627,1.0915536,1.0899395,1.0908539,1.0924568,1.0886086,1.0889044,1.0864966,1.084504,1.0854746,1.0870794,1.0911602,1.0851586,1.082753,1.0916495,1.0897753,1.0842208,1.0827111,1.0898854,1.0891277,1.0911816,1.088005,1.092604,1.0848994,1.0867649,1.0876654,1.0885775,1.0869744,1.0904963,1.0931878,1.0857818,1.0851483,1.0861024,1.0846779,1.0876075,1.0852587,1.0873017,1.0937792,1.08679,1.0899526,1.0869141,1.0822685,1.0821552,1.0863439,1.0870044,1.0866132,1.0893974,1.0834459,1.0842894,1.0839821,1.0833305,1.0884379,1.0842997,1.0912646,1.0904856,1.0795399,1.0863754,1.084749,1.0855293,1.0880083,1.0851378,1.0817153,1.0862409,1.0862727,1.0916524,1.0865914,1.0837659,1.0832882,1.0825685,1.0892377,1.0888995,1.0801879,1.0806866,1.0962512,1.0842805,1.0900093,1.0826552,1.0899891,1.0828589,1.0886452,1.085584,1.0897732,1.0809733,1.0836623,1.0893816,1.0855143,1.0817901,1.0869145,1.0916594,1.0868645,1.0850573,1.0844816,1.0877026,1.0872799,1.0901709,1.0842083,1.0860941,1.0856663,1.0895617,1.0895293,1.0917369,1.0876343,1.0794171,1.0898095,1.095717,1.0827671,1.0949454,1.0933304,1.0906346,1.0880178,1.096156,1.0937313,1.0892348,1.0859263,1.0787991,1.0850118,1.0847055,1.0885696,1.0918016,1.0821358,1.0867094,1.0884969,1.0865146,1.0815138,1.0848886,1.085623,1.0896473,1.0880102,1.0885091,1.0894443,1.090093,1.0879519,1.08288,1.0830145,1.0848479,1.0855286,1.0877662,1.0839435,1.0916349,1.0862145,1.0878615,1.0891025,1.0869957,1.0875736,1.0910667,1.0863464,1.0888624,1.0901977,1.0827593,1.0853968,1.0900923,1.0951977,1.0873815,1.0834509,1.0940331,1.0845554,1.0870341,1.0936686,1.0872246,1.0862348,1.0879401,1.0950981,1.0816345,1.089944,1.0827075,1.0935112,1.080383,1.0915785,1.0944657,1.0870957,1.0913521,1.0894508,1.0855656,1.0905626,1.0879452,1.0882679,1.0862951,1.089057,1.0873467,1.0886,1.0920713,1.0894434,1.0834697,1.0861177,1.0872741,1.0886785,1.0865272,1.0915898,1.0841292,1.0864569,1.0903536,1.0826265,1.0862597,1.0901614,1.0909992,1.0838232,1.0897149,1.0852622,1.081535,1.0904156,1.0878491,1.0922993,1.0804904,1.0904753,1.0901225,1.0889846,1.0879453,1.0833555,1.0911497
1.0947781,1.0937886,1.1124939,1.1007967,1.0964822,1.0948609,1.0955794,1.1047612,1.0875369,1.0972474,1.1014444,1.1097157,1.1011648,1.0976626,1.0996453,1.1033636,1.0982788,1.1002929,1.0958545,1.0977951,1.0920894,1.103119,1.0997629,1.1057813,1.1050849,1.0972499,1.0894064,1.1077105,1.1027565,1.0874522,1.098408,1.1071415,1.0971391,1.1015918,1.091913,1.0995083,1.0961295,1.0987488,1.0993814,1.1040553,1.1028425,1.1082375,1.1059558,1.0994133,1.1042806,1.0983638,1.1024421,1.0976943,1.0992575,1.1049744,1.102268,1.1011775,1.0984293,1.0970051,1.0981971,1.104178,1.096524,1.1028907,1.0998372,1.1057051,1.1031579,1.0969992,1.0978651,1.1014957,1.1005642,1.1047415,1.0966213,1.1094606,1.0901521,1.1012114,1.100121,1.1044365,1.0988014,1.1011354,1.1028261,1.0954285,1.100407,1.0989311,1.1041424,1.1020495,1.1004711,1.1021057,1.0973594,1.0977851,1.09907,1.0995624,1.0984032,1.1002904,1.0983878,1.1028852,1.099517,1.100123,1.0968326,1.1049033,1.0971271,1.104596,1.0996207,1.0989908,1.1006737,1.0914183,1.1032608,1.0946797,1.1083747,1.0986534,1.0957952,1.099002,1.09729,1.0929767,1.0970677,1.0971146,1.1000968,1.1075385,1.0969368,1.0986861,1.1048453,1.09487,1.0978552,1.0940219,1.1044966,1.1050231,1.1016288,1.0907171,1.0979947,1.1015422,1.1034034,1.0928478,1.0958079,1.0978619,1.0953115,1.1008644,1.1030421,1.1049997,1.1084703,1.0964942,1.1025558,1.105859,1.1031961,1.1033989,1.0918607,1.1046946,1.1062137,1.0966758,1.1014626,1.0966351,1.1055064,1.097147,1.0982941,1.1018602,1.0963101,1.1040069,1.1065052,1.0909725,1.0967766,1.1091616,1.1024528,1.1009911,1.0892153,1.09714,1.1034257,1.1047888,1.0930105,1.1068381,1.0987941,1.1006823,1.0925137,1.0967903,1.0976124,1.0958238,1.0894628,1.093284,1.0975341,1.115367,1.1013118,1.0953771,1.1073437,1.0975277,1.0988712,1.1073316,1.1009662,1.1047087,1.1036052,1.1047404,1.1032841,1.0943726,1.102644,1.0976133,1.1045821,1.0823121,1.1083004,1.1008056,1.0989617,1.1026044,1.0941854,1.0993353,1.0939877,1.0980097,1.1005896,1.0967251,1.1050991,1.0960764,1.1019887,1.096861,1.0943937,1.0924833,1.097741,1.0965891,1.1034387,1.0908506,1.1041374,1.108009,1.1013154,1.093254,1.0921087,1.1024876,1.0958145,1.1053778,1.0992571,1.1004577,1.1070584,1.1016451,1.0965532,1.0982664,1.101356,1.0967966,1.097724,1.1007035,1.0990856,1.1027639,1.1041428,1.1018536,1.1033748,1.1000572,1.0953827,1.0925112,1.0986621,1.1029669,1.093413,1.0937574,1.1008362,1.1025817,1.1019943,1.094527,1.0922137,1.1014632,1.101831,1.1075329,1.0999825,1.0925052,1.0991113,1.0925333,1.0968571,1.0996847,1.0975958,1.1030798,1.1017133,1.100627,1.0988606,1.0917578,1.0985444,1.101539,1.101278,1.105209,1.0978345,1.0946338,1.0967287,1.1007949,1.0967574,1.0943226,1.1091087,1.0996931,1.1005996,1.0994413,1.1044002,1.0982953,1.0959249,1.1018183,1.0998927,1.0941945,1.1010503,1.1008675,1.1022019,1.1014271,1.1041595,1.1006827,1.094431,1.104475,1.0939145,1.102569,1.0983297,1.1000371,1.0970466,1.1040411,1.0995314,1.1015322,1.0984627,1.101505,1.0929592,1.094415,1.0976485,1.1019949,1.1023089,1.1001807,1.1029631,1.0992386,1.1015462,1.1001649,1.0966636,1.096999,1.0915897,1.1023271,1.0935085,1.0944881,1.0986158,1.0968126,1.0966163,1.0983146,1.0984037,1.0994864,1.09897,1.1023356,1.0909848,1.0965524,1.1038522,1.0945548,1.099632,1.1017015,1.1021122,1.101457,1.0992345,1.1054863,1.0959232,1.0965731,1.100943,1.1029315,1.0933077,1.0968707,1.0973467,1.0989343,1.1105314,1.1030847,1.1026447,1.0977739,1.1055075,1.1078869,1.1086351,1.1029904,1.1050817,1.1038278,1.0973202,1.1023083,1.1037221,1.1013535,1.0980471,1.1116157,1.0954413,1.102486,1.1003364,1.0916482,1.0931164,1.1008762,1.0988182,1.0972215,1.1012937,1.0929333,1.0922843,1.0983125,1.0956897,1.1026169,1.0940905,1.1012839,1.097736,1.1029769,1.0937685,1.0972482,1.0909241,1.1013408,1.0995932,1.0985194,1.098562,1.1000837,1.0979816,1.1028315,1.1040362,1.0958631,1.0921437,1.1003919,1.1043345,1.108939,1.101424,1.1025981,1.1022552,1.1059409,1.0918903,1.092345,1.1007134,1.0984794,1.0958779,1.1054181,1.096953,1.097957,1.0913576,1.1062919,1.1055504,1.1028488,1.1111904,1.0969759,1.1051753,1.1009061,1.0961578,1.0996736,1.0916893,1.1079899,1.0971615,1.0980097,1.0967366,1.0944091,1.0961646,1.1003344,1.0984058,1.1050798,1.0959176,1.0977786,1.0981984,1.0988178,1.0980328,1.1017954,1.096152,1.1024413,1.0963446,1.0986676,1.1033615,1.0992106,1.0962116,1.0956943,1.1010306,1.1034775,1.0999064,1.0995291,1.1017889,1.1055098,1.1003582,1.0988722,1.0963851,1.1021829,1.0982515,1.1049719,1.1106415,1.0990778,1.1029457,1.1053014,1.1044841,1.0965041,1.0981855,1.0987577,1.1025667,1.0955826,1.0948197,1.097073,1.1008575,1.0991232,1.1020068,1.1034132,1.0944558,1.0958861,1.1003301,1.1039501,1.0952649,1.0983359,1.0986826,1.0989738,1.0970616,1.1013602,1.1064701,1.0934541,1.0981737,1.1017728,1.1029648,1.1065769,1.1069739,1.1017134,1.0944368,1.1001748,1.099702,1.1020322,1.1020751,1.1014582,1.1022669,1.1014513,1.1027935,1.0964863,1.1031069,1.096123,1.1024275,1.1022171,1.1005169,1.0949452,1.0975763,1.1002288,1.0895964,1.0969999,1.0981323,1.097877,1.1023048,1.0953035,1.0959624,1.0923152,1.1015943,1.1007583,1.1037198,1.0990952,1.1029912,1.0893421,1.1060004,1.0944089,1.1065258,1.101031,1.0947623,1.0998307,1.1017736,1.0925353,1.1032273,1.0949165,1.0982853,1.1061428,1.0961826,1.1042223,1.0917674,1.0914111,1.09701,1.102498,1.0982352,1.0971527,1.1078289,1.0978502,1.1027892,1.1092318,1.1016757,1.1072072,1.1010293,1.1011206,1.0985813,1.1006205,1.099275,1.0978917,1.0946733,1.0994684,1.0999792,1.0943724,1.0981065,1.1022104,1.1073139,1.0965885,1.0909009,1.1025118,1.0986532,1.098145,1.0899968,1.101355,1.0993751,1.104009,1.0953778,1.1104901,1.0946956,1.0971204,1.1027428,1.1023751,1.1102006,1.1000199,1.1031977,1.1037104,1.1087244,1.1004758,1.0975381,1.1062644,1.092597,1.0986803,1.0983746,1.107524,1.1037291,1.0905124,1.108987,1.0972052,1.104661,1.0978683,1.0990812,1.0955012,1.0945892,1.094975,1.1040357,1.0976607,1.1011593,1.098097,1.1044468,1.0957353,1.0951538,1.0910048,1.0945387,1.0978289,1.0972155,1.1010544,1.1030331,1.0965023,1.097745,1.0979738,1.0968747,1.097413,1.0930797,1.1015341,1.1026087,1.098144,1.0948149,1.0991199,1.1046817,1.0955337,1.1036295,1.0913578,1.1012844,1.0987916,1.0992627,1.1013172,1.0971706,1.1001371,1.105879,1.0966108,1.1018643,1.1047016,1.0988927,1.0948468,1.0960305,1.0928477,1.1135726,1.110691,1.101806,1.1049802,1.1026899,1.1012155,1.0975851,1.0989299,1.0958982,1.0996029,1.0977625,1.0921232,1.0901827,1.1039732,1.1001719,1.0982654,1.1027803,1.0943347,1.0974296,1.1017936,1.0953549,1.1033237,1.1014229,1.0961635,1.1015043,1.1068978,1.1015967,1.1028109,1.0942628,1.1016915,1.1036634,1.1066737,1.0964377,1.0924499,1.1033871,1.1006817,1.1003696,1.1022255,1.0987664,1.093671,1.0930295,1.0997385,1.1043549,1.0942152,1.0969005,1.1007763,1.0996164,1.0977211,1.1027296,1.0987084,1.0939839,1.1009604,1.1063063,1.1076756,1.1063517,1.10414,1.0924467,1.1040287,1.0977815,1.0993218,1.1009434,1.1042039,1.0972601,1.1047523,1.091618,1.1054171,1.0956277,1.1006116,1.0945699,1.0997667,1.0991104,1.0986383,1.0993849,1.0967754,1.106422,1.1038662,1.099787,1.0968771,1.0999928,1.1042733,1.0920106,1.1039665,1.0994481,1.1043022,1.0939641,1.1003362,1.1013119,1.0922246,1.1096958,1.0919999,1.1015546,1.0961287,1.0948664,1.1039519,1.0963631,1.097869,1.1018203,1.0899656,1.1041824,1.1011072,1.0988657,1.0978421,1.0932928,1.0942808,1.0955238,1.1025952,1.100518,1.0993155,1.0899887,1.0887883,1.0975684,1.099074,1.10032,1.0964361,1.0938735,1.1006469,1.0963576,1.0956564,1.0997521,1.1050562,1.1012325,1.1060337,1.0987203,1.1042582,1.0993682,1.0885108,1.0987574,1.102589,1.0882665,1.1021316,1.1016996,1.0977498,1.0995954,1.1031029,1.1072431,1.102424,1.1002867,1.1055743,1.0980071,1.1005929,1.0964941,1.1007361,1.0974714,1.1059934,1.0984473,1.0989918,1.087678,1.0891582,1.0953267,1.0905466,1.1067004,1.0957723,1.099774,1.099339,1.0947729,1.0969799,1.0955089,1.0965724,1.1014651,1.1045374,1.0939059,1.1004024,1.1018857,1.099368,1.0943564,1.1004148,1.1045264,1.1017321,1.0997254,1.0987009,1.1004376,1.0990982,1.1085707,1.1086328,1.1027915,1.104705,1.0987834,1.1053029,1.1003327,1.1000552,1.1027247,1.1054947,1.099347,1.1102931,1.099465,1.0951298,1.103033,1.0945505,1.1004128,1.099741,1.1000885,1.0914648,1.0956581,1.1067266,1.1091022,1.0969524,1.0958529,1.1025989,1.1091981,1.0964081,1.1002796,1.0972431,1.100775,1.0943077,1.099152,1.1011302,1.1052266,1.1001406,1.1014714,1.092918,1.0935464,1.1007949,1.1013494,1.0987647,1.0996878,1.0943848,1.0901502,1.0982201,1.105841,1.0977855,1.0975769,1.1051768,1.0979979,1.1010876,1.1012847,1.1078202,1.1011856,1.0977265,1.0971268,1.0976576,1.0903212,1.1004312,1.0883532,1.0960718,1.1093009,1.0984396,1.0983082,1.0997165,1.1006002,1.0955199,1.1040862,1.0976226,1.0968188,1.0945991,1.1064258,1.0995457,1.0965261,1.0988123,1.0990851,1.0971397,1.1004119,1.1040616,1.0949794,1.0959084,1.0921375,1.0944206,1.0941705,1.0968251,1.0961491,1.0997611,1.0956185,1.1064814,1.0999651,1.0955852,1.1040304,1.1036435,1.0919752,1.1038285,1.1024456,1.1011983,1.1077615,1.1063813,1.109903,1.1041652,1.1010153,1.0935812,1.0942156,1.1015428,1.1079788,1.1055745,1.0962986,1.1026547,1.0986197,1.098796,1.0991337,1.1016376,1.1011343,1.1062841,1.0977329,1.1028976,1.0968456,1.1034034,1.1028384,1.101629,1.1028095,1.0953338,1.1008345,1.0969471,1.1025653,1.107326,1.1029902,1.1041334,1.0974301,1.1017308,1.1011132,1.1027536,1.0970557,1.1011891,1.0987782,1.1031073,1.0932401,1.0994302,1.0969057,1.103651,1.099975,1.104094,1.1025261,1.0984092,1.1036936,1.0985717,1.0951979,1.1027194,1.102546,1.091926,1.0946363,1.0954485,1.1091996,1.095586,1.1078464,1.0940379,1.0933888,1.1015698,1.0981817,1.102216,1.1029229,1.1013042,1.1014006,1.0932539,1.1050166,1.0987011,1.0987085,1.1001226,1.1025089,1.1010557,1.1028414,1.0966407,1.0973862,1.0944655,1.1028752,1.1023477,1.1022031,1.1031609,1.0919236,1.093751,1.104622,1.1058304,1.0991173,1.1056343,1.099006,1.0866634,1.1053358,1.1023163,1.1019068,1.0980436,1.0959921,1.0972582,1.101062,1.0974346,1.0953764,1.0936128
1.1799856,1.1812215,1.1789877,1.1825058,1.1768067,1.1848027,1.1844169,1.178518,1.1889386,1.1873745,1.1813493,1.1872091,1.1816657,1.1807376,1.1839802,1.1834157,1.1837262,1.1789299,1.1811001,1.1768547,1.1806697,1.1825677,1.18275,1.185611,1.1836388,1.1820449,1.191404,1.1854913,1.1904086,1.1769255,1.1813513,1.1798201,1.1843421,1.1860713,1.1776354,1.1819507,1.1841698,1.1821476,1.1768316,1.1832253,1.179488,1.1814879,1.1767071,1.1810576,1.1913774,1.1803672,1.1761804,1.1768389,1.1909459,1.1859502,1.179474,1.1914674,1.1773448,1.1832685,1.1802392,1.1847533,1.1753067,1.1810085,1.1813444,1.1742119,1.1814911,1.1845231,1.1750836,1.179544,1.1814833,1.1846038,1.1805211,1.1888347,1.1739863,1.1787376,1.1721386,1.1758455,1.1782615,1.1747864,1.1864061,1.1826714,1.1818992,1.1824757,1.1830424,1.1787126,1.182258,1.1800156,1.1872929,1.1845472,1.1850235,1.1803426,1.1835183,1.1757143,1.1810949,1.1882923,1.1808761,1.1791489,1.1780577,1.1872141,1.1837611,1.1831493,1.1861917,1.1747775,1.1792128,1.1762987,1.1855657,1.17832,1.1844639,1.180287,1.1839327,1.1804619,1.1819646,1.1850028,1.1775323,1.1840641,1.1860989,1.1775453,1.1804011,1.1804171,1.1816806,1.1775153,1.1822838,1.1786635,1.1820046,1.1752018,1.182827,1.1800116,1.1813457,1.1807477,1.1879618,1.1787663,1.1831719,1.1845866,1.1830329,1.1853946,1.1859512,1.1810681,1.1851709,1.1838224,1.175905,1.1848977,1.176626,1.175683,1.1804471,1.1822351,1.1812425,1.1812134,1.1837487,1.1835395,1.1799505,1.1729653,1.180646,1.186933,1.1857156,1.1809065,1.1843121,1.1802764,1.1769836,1.1806886,1.1894709,1.1822057,1.177455,1.1827844,1.1835514,1.1840144,1.1790689,1.1873308,1.1756976,1.185365,1.1752288,1.1790501,1.1819158,1.1793249,1.1803485,1.1803348,1.1849477,1.1823671,1.1787735,1.1840556,1.1858073,1.1755166,1.177297,1.1825703,1.1811682,1.1851673,1.1873165,1.179305,1.1844696,1.1829026,1.1802813,1.1841435,1.1835239,1.1775762,1.1792045,1.1786017,1.1790723,1.174629,1.1841999,1.1784343,1.183907,1.1850234,1.1787004,1.1835443,1.1790994,1.179213,1.181369,1.1832055,1.1829438,1.1820375,1.1871581,1.1778884,1.182587,1.1795197,1.1805717,1.1833926,1.1795037,1.1826726,1.1857053,1.1760666,1.1853626,1.1842153,1.1888076,1.1783705,1.1828641,1.1886069,1.1858957,1.1738144,1.1837729,1.1814402,1.1811652,1.1819444,1.1766299,1.1838889,1.1778412,1.1824108,1.1812292,1.1825081,1.1820828,1.1835649,1.1768652,1.1785481,1.1776445,1.1807212,1.1767453,1.1831596,1.1799959,1.178822,1.1836715,1.1755952,1.1768055,1.1803545,1.180072,1.1835743,1.1822566,1.18038,1.173243,1.1809742,1.179504,1.1857734,1.1778346,1.18588,1.1805289,1.1827306,1.183282,1.1778218,1.175328,1.1720173,1.1823926,1.1804214,1.179453,1.1759361,1.1793435,1.1757181,1.1777244,1.1782697,1.1845822,1.1789404,1.1778822,1.1780173,1.1813608,1.1755062,1.1805171,1.1763119,1.1740313,1.1811922,1.1858323,1.1822418,1.1786423,1.1825215,1.1797719,1.1769547,1.1755162,1.183483,1.183857,1.1791345,1.1787847,1.181596,1.1725893,1.1842374,1.1788609,1.1809641,1.181671,1.1808678,1.1803246,1.1793418,1.1828977,1.1796752,1.1778358,1.1828214,1.1730738,1.1839577,1.1804016,1.183255,1.1769398,1.1769357,1.1858306,1.1835413,1.1841172,1.1820651,1.1817975,1.1769054,1.189002,1.1940305,1.1734276,1.1848569,1.1830615,1.1840258,1.184745,1.1786449,1.1819218,1.1762295,1.1805538,1.181549,1.1791868,1.186584,1.1744604,1.1753526,1.1832798,1.1839328,1.1791077,1.1885448,1.1873759,1.1804644,1.188739,1.1781025,1.1795539,1.1746336,1.1896507,1.1847821,1.1804527,1.1809936,1.1820755,1.1779917,1.1786739,1.183184,1.1824733,1.1873206,1.1846136,1.1833465,1.1744293,1.182235,1.1817474,1.1762073,1.1748335,1.1769428,1.1802813,1.1785866,1.1797941,1.1858855,1.1723984,1.182841,1.1815894,1.1751207,1.1796483,1.1849744,1.1874688,1.1882111,1.178417,1.1806952,1.1835581,1.1846358,1.1814852,1.1763494,1.1812055,1.1815062,1.1833965,1.1821524,1.1743456,1.1780003,1.1760888,1.1815215,1.1799884,1.1861457,1.1826531,1.182729,1.1785641,1.1854076,1.1816282,1.1803954,1.1787544,1.1735566,1.180158,1.1844666,1.1774936,1.1811408,1.1760601,1.1817085,1.1862019,1.1896944,1.1850915,1.1825378,1.185079,1.1818388,1.1793766,1.1700295,1.1813512,1.1859535,1.1782423,1.1827514,1.1796974,1.1733819,1.1777667,1.1816052,1.1871144,1.1834879,1.1828948,1.1818455,1.1860859,1.179001,1.1856418,1.18528,1.177553,1.1793697,1.1822665,1.1782373,1.1787574,1.1828643,1.1856217,1.1815352,1.1825064,1.1795692,1.176364,1.1809325,1.1820174,1.1822783,1.1801744,1.1792245,1.1826596,1.17667,1.1797256,1.1822215,1.1774967,1.186753,1.184127,1.1832441,1.1794686,1.1789967,1.1762494,1.1821042,1.1798052,1.1795479,1.1757542,1.1756128,1.1791774,1.1854107,1.1809111,1.1754152,1.1856711,1.179243,1.182943,1.1843728,1.1842006,1.1784538,1.1811149,1.1823311,1.1876976,1.1749489,1.1791533,1.178859,1.1831329,1.1795131,1.175085,1.1915098,1.1821527,1.1866368,1.1810567,1.188172,1.1861717,1.1831915,1.1793709,1.1818709,1.1861356,1.1773814,1.1861761,1.1770945,1.1820228,1.1811258,1.1830614,1.1739455,1.1854135,1.1801854,1.1766112,1.1746333,1.1801385,1.1781149,1.1777477,1.1825897,1.1798515,1.1826923,1.1813319,1.1750662,1.1832731,1.1792425,1.1771511,1.1712258,1.1754456,1.1840138,1.1821252,1.1823164,1.1765363,1.1859171,1.1805837,1.1779008,1.180367,1.1748207,1.1849474,1.1766143,1.1788012,1.1788269,1.173625,1.1841486,1.1803311,1.1876016,1.186133,1.172293,1.1794025,1.1829435,1.1875823,1.1774032,1.1802647,1.1826515,1.1731986,1.1797775,1.1855241,1.1859381,1.1761098,1.1742551,1.1851683,1.1815653,1.1805267,1.1853849,1.1734293,1.1798935,1.1744579,1.1755357,1.1822344,1.1900197,1.1846907,1.1764829,1.172538,1.1762275,1.1810039,1.1768206,1.1774768,1.1868845,1.1791847,1.1754769,1.1784433,1.1874999,1.184989,1.1855923,1.1747845,1.1818838,1.179751,1.1775964,1.1785989,1.1745646,1.1775846,1.1762235,1.174664,1.1827672,1.1824678,1.1822997,1.1798251,1.1855309,1.1874969,1.1869401,1.1847352,1.1839943,1.1797606,1.1834598,1.1792243,1.1793907,1.177939,1.1807162,1.181602,1.1805698,1.1787572,1.1794438,1.1774111,1.1729712,1.1779475,1.1884077,1.1841215,1.1814893,1.1829844,1.1785668,1.188925,1.1808027,1.182155,1.1870315,1.1815331,1.1876458,1.1833789,1.1762198,1.1839746,1.1812205,1.1792524,1.1782801,1.1800466,1.176613,1.1790928,1.1778256,1.1829678,1.1791039,1.1869303,1.1844791,1.1790239,1.1884594,1.1840954,1.1823804,1.1754544,1.1788129,1.1735752,1.1825923,1.1862227,1.1869482,1.1840217,1.1861553,1.1894338,1.1792687,1.1784617,1.185187,1.1799835,1.1844671,1.1841344,1.1780031,1.1810243,1.1815196,1.1789924,1.1769564,1.1804706,1.174728,1.18328,1.1799712,1.1840793,1.1814927,1.1808454,1.1807147,1.1856102,1.1800344,1.1832994,1.1770136,1.1754069,1.1802936,1.1850799,1.1829123,1.1789817,1.1777508,1.1726311,1.1821687,1.1781788,1.1780139,1.1802942,1.177625,1.1798924,1.1910392,1.1761582,1.1782758,1.1736631,1.1815053,1.1793382,1.1853416,1.1900373,1.1745151,1.1899098,1.1809672,1.1795999,1.1825091,1.1815292,1.1871773,1.1800053,1.1818937,1.1870964,1.1813626,1.1740996,1.177837,1.1852475,1.1834755,1.1745853,1.1866783,1.1830742,1.1809583,1.1823639,1.1830444,1.1804191,1.1773186,1.1806287,1.1805689,1.1746975,1.1761671,1.1824902,1.1845064,1.1798412,1.1855073,1.1817462,1.1827941,1.1795192,1.1835434,1.1789434,1.178795,1.1796623,1.1825078,1.1894728,1.1840618,1.1836917,1.177167,1.1762985,1.180959,1.1824855,1.1822046,1.1871909,1.1797918,1.1786606,1.1823697,1.177032,1.183474,1.1800799,1.1797317,1.1817105,1.1786114,1.1834755,1.1848223,1.18441,1.1791846,1.1759062,1.1792573,1.1753644,1.182897,1.1840817,1.1811731,1.179343,1.1833935,1.1868622,1.1817005,1.183926,1.1810713,1.1761277,1.1847308,1.1769507,1.1806996,1.1829042,1.1723794,1.1769015,1.1802118,1.1776297,1.1788305,1.1819192,1.1734257,1.1894419,1.1823219,1.1821188,1.1737566,1.1872932,1.1869658,1.1805673,1.1839374,1.1805797,1.1738752,1.1847979,1.1849265,1.1813587,1.1843688,1.1740668,1.1863295,1.1755065,1.1858584,1.1774105,1.1812822,1.1799786,1.1847148,1.1764178,1.181662,1.1855332,1.1783059,1.1763843,1.1813798,1.1828272,1.1828192,1.182121,1.1805651,1.1851795,1.1851919,1.186251,1.182338,1.1837174,1.1759726,1.1856004,1.174404,1.1831185,1.1787614,1.1792144,1.1784276,1.1761084,1.1799221,1.1829879,1.1849346,1.1832931,1.1843011,1.1840656,1.1784773,1.1793903,1.1832792,1.1802177,1.181749,1.1802231,1.1839976,1.1867558,1.1852846,1.1833194,1.1805279,1.1768368,1.1797173,1.1845053,1.1786263,1.1859921,1.1831582,1.1839644,1.1783216,1.1783874,1.1871961,1.1735144,1.180313,1.1782343,1.1828195,1.1762322,1.1810309,1.1775213,1.1793841,1.1845391,1.1702353,1.1772573,1.1781646,1.1861424,1.1825576,1.1833103,1.1821783,1.186851,1.1845648,1.1788727,1.1839958,1.1806535,1.1799895,1.1775051,1.1823319,1.1770564,1.1777667,1.1801742,1.1809499,1.1749718,1.1793584,1.1811136,1.1794349,1.1772076,1.1744857,1.1831429,1.1806269,1.1819022,1.1763035,1.1841291,1.1735991,1.1858643,1.1800272,1.1850921,1.1836954,1.1867796,1.1849843,1.1810156,1.177595,1.1785585,1.18692,1.1738591,1.1866323,1.1855514,1.1828787,1.1829817,1.1805439,1.1719197,1.1840676,1.1803261,1.1730133,1.1818371,1.1804951,1.1811353,1.1831678,1.1802796,1.1861342,1.1824913,1.1782032,1.1835603,1.1821834,1.1827585,1.1844133,1.188281,1.1793451,1.1786314,1.1831715,1.181107,1.1743939,1.1788502,1.19012,1.1763301,1.1797999,1.1808758,1.1790305,1.1792198,1.1817329,1.1750805,1.1822302,1.1855855,1.1784396,1.1796762,1.1834263,1.1762744,1.1808964,1.1811589,1.1863866,1.1772807,1.1875705,1.1751693,1.1813587,1.1842034,1.1737765,1.1742067,1.181122,1.1771288,1.1809977,1.178036,1.1815587,1.1840756,1.1844333,1.1763952,1.1790786,1.1930029,1.1778424,1.1805835,1.177568,1.1836734,1.1760404,1.1841046,1.1792772,1.1809304,1.1790746,1.1833683,1.1903273,1.1752207,1.1768636,1.1790372,1.1765016,1.1748558,1.1831954,1.1751081,1.1845964,1.1767279,1.1853547,1.184295,1.1777301,1.1824679,1.1772544,1.1792564,1.181819,1.1832494,1.1866705,1.1779066,1.1806235,1.1803845,1.1816007,1.1837132,1.1855646,1.1850209,1.1862624,1.1735204,1.180822,1.1829177,1.1824182,1.1741351,1.1825525,1.1824533,1.1807038,1.1767025,1.1821423,1.1898412,1.1783478,1.1764657,1.1824757
0.17277372,0.16690323,0.17561087,0.16925576,0.17422906,0.16950722,0.17105936,0.16674677,0.16871674,0.17321178,0.17155804,0.16638744,0.17270024,0.17542128,0.17060328,0.17129195,0.17433605,0.16906875,0.16788614,0.17305769,0.17024589,0.17539823,0.1786141,0.18037915,0.17465873,0.17513391,0.16366252,0.17046319,0.16748793,0.16972825,0.17119457,0.17620786,0.16752052,0.17422453,0.1641995,0.17356764,0.16788822,0.17056951,0.16437413,0.18151784,0.17461264,0.16925466,0.17218138,0.17587192,0.17501801,0.16668704,0.16990653,0.17882146,0.16700725,0.17290857,0.17622238,0.16802502,0.17990744,0.17405128,0.1729392,0.1792995,0.1742906,0.17554902,0.17210683,0.17495143,0.1761665,0.17644735,0.17394203,0.1742614,0.17505561,0.17890854,0.16165392,0.18015692,0.17204833,0.18226597,0.16854051,0.16617046,0.16819184,0.17646939,0.17118248,0.1626871,0.17258692,0.17026597,0.17872684,0.17157277,0.17498909,0.16632855,0.16792992,0.17488793,0.16866401,0.17414698,0.16871409,0.17012633,0.1770875,0.17228521,0.17005743,0.17491205,0.1745428,0.17710118,0.17762668,0.17562446,0.1715577,0.16569506,0.16669993,0.16852875,0.17368257,0.17671116,0.17579287,0.17194797,0.17847802,0.17068309,0.17116438,0.17191395,0.17440256,0.1723692,0.17090563,0.17208444,0.16864157,0.16276622,0.1704893,0.17486712,0.16272448,0.16551332,0.18168692,0.180686,0.17816511,0.16652262,0.17451434,0.17460446,0.17358176,0.16715255,0.16761339,0.17383766,0.17213072,0.17202254,0.1685285,0.17929949,0.17442459,0.1675012,0.16875608,0.17887966,0.17449714,0.17431411,0.1707565,0.1758783,0.17508182,0.17588773,0.17176123,0.16836846,0.17436877,0.17474328,0.17242831,0.17051955,0.16824295,0.1738,0.17348282,0.17324948,0.17685354,0.16816826,0.17751202,0.17180493,0.17127262,0.16289806,0.1677812,0.17088729,0.17278497,0.1733879,0.16682729,0.17546831,0.17170271,0.17046958,0.1742367,0.17668603,0.1649263,0.16514035,0.16654375,0.18212697,0.174498,0.16591746,0.17199232,0.17785844,0.18340829,0.17333412,0.17144231,0.17271271,0.16668905,0.17190376,0.17063986,0.17347999,0.16855118,0.16370347,0.16982797,0.16875654,0.1756171,0.17161565,0.16803381,0.17075302,0.16329831,0.17348057,0.16969265,0.16901356,0.17272049,0.17082481,0.17325662,0.17166264,0.16780427,0.18096457,0.17075627,0.17213419,0.17855793,0.17267299,0.1782537,0.16866826,0.17967747,0.17995723,0.1705905,0.16826381,0.1742631,0.17447148,0.17131831,0.1705748,0.17256728,0.17687371,0.1797521,0.17505945,0.16539493,0.18307398,0.17472501,0.16979383,0.17176388,0.17095,0.17606352,0.16656458,0.17328903,0.17554888,0.17253658,0.17470065,0.17634277,0.16664794,0.16823095,0.16849194,0.1728129,0.17562948,0.1802926,0.16988355,0.16665542,0.17395344,0.17042403,0.1772232,0.16749132,0.17153549,0.16552433,0.17119545,0.17760542,0.16585447,0.16697629,0.18064754,0.1704409,0.17214856,0.17574862,0.17493099,0.17785493,0.16841546,0.16944394,0.17028517,0.18087174,0.1818948,0.1723321,0.17186956,0.1736464,0.16893862,0.17529353,0.170245,0.17663278,0.17813878,0.17840894,0.17418736,0.17828026,0.16927497,0.17335995,0.17681198,0.16919428,0.1673261,0.17172363,0.17774527,0.16550241,0.16956171,0.17239256,0.17954853,0.16383184,0.16711937,0.17431818,0.1703831,0.16921562,0.17509724,0.16801861,0.17924182,0.17422906,0.17260921,0.16572256,0.17468554,0.17424056,0.16435213,0.17639366,0.16910283,0.17606574,0.17922427,0.17270401,0.17161572,0.17470075,0.17137629,0.17495038,0.17453459,0.16914168,0.16876283,0.16723719,0.16946709,0.17261331,0.17400125,0.17068672,0.17330533,0.1720237,0.17468435,0.1784102,0.18078998,0.16412842,0.17525604,0.16814241,0.16837925,0.1680862,0.17619506,0.17316636,0.17078838,0.17857929,0.17693907,0.16875312,0.17495982,0.17655268,0.17029731,0.1660457,0.1666982,0.1782097,0.17587051,0.17065445,0.17740981,0.17571975,0.1745999,0.17547698,0.17615737,0.17018753,0.18047035,0.17468941,0.17436635,0.16128269,0.16682743,0.1785665,0.16991276,0.17299166,0.17963588,0.17991036,0.1692964,0.1707935,0.16576287,0.16786161,0.17655163,0.17496024,0.16681527,0.1774015,0.17363295,0.17539455,0.17313832,0.16601864,0.17258707,0.1769164,0.17410275,0.1727666,0.16917913,0.17056969,0.16525795,0.17126492,0.17073974,0.17240724,0.17306471,0.16428874,0.16559225,0.17066227,0.17213345,0.17580621,0.1662224,0.17130388,0.17500784,0.17238452,0.17813517,0.17243768,0.1737133,0.17383821,0.1710262,0.17030625,0.16941562,0.17201881,0.17895018,0.1644952,0.17999975,0.1656954,0.16732116,0.17262886,0.17799392,0.1725965,0.16164547,0.1765093,0.17062996,0.1674854,0.17516959,0.17600882,0.17486747,0.16859317,0.17248678,0.16717106,0.17315085,0.16976005,0.17161462,0.17442437,0.17798649,0.16839764,0.17131902,0.16683447,0.16982254,0.16880712,0.17033939,0.1693232,0.16834065,0.17553507,0.17306982,0.17466642,0.16752325,0.17327553,0.17087162,0.17397645,0.16619039,0.17796086,0.1644158,0.17881116,0.17245156,0.1744834,0.17530929,0.16982192,0.1639765,0.17330222,0.16308151,0.16424106,0.1759885,0.17802663,0.16818023,0.17563838,0.16878437,0.1735105,0.17005862,0.17347479,0.17045802,0.17493613,0.16903944,0.16984135,0.16845928,0.17360216,0.17561466,0.16900904,0.17718615,0.17476091,0.17118022,0.16307646,0.17320688,0.17204386,0.17024022,0.16386712,0.17119536,0.16670635,0.16581109,0.17290609,0.16707705,0.16742109,0.1749327,0.1715763,0.17424418,0.16326202,0.17689681,0.17025003,0.17220089,0.17116053,0.1698316,0.17240407,0.17754805,0.17242135,0.17498247,0.1820817,0.1750819,0.17411473,0.16772485,0.16803494,0.16970901,0.17543226,0.17189433,0.17740159,0.17070006,0.16356863,0.1720559,0.16945444,0.165731,0.17347704,0.17132679,0.17530441,0.16824028,0.17450538,0.17146121,0.1707092,0.18068433,0.17989543,0.16996334,0.17605451,0.16898543,0.17153096,0.18137427,0.16311032,0.17055723,0.1782191,0.1663951,0.1694128,0.1734701,0.1714257,0.17021285,0.17406169,0.17280844,0.17219199,0.16624157,0.16995561,0.17316139,0.16845667,0.16341302,0.17261472,0.17576948,0.1774334,0.1729405,0.17254871,0.17099512,0.16875668,0.17183542,0.17067017,0.17966238,0.16357163,0.17707402,0.17444754,0.16966161,0.1681704,0.1693489,0.17026389,0.17089958,0.17520435,0.17073667,0.16885066,0.17590074,0.17605457,0.16878815,0.16371809,0.17611697,0.17121829,0.17291015,0.16769652,0.17602162,0.180664,0.179457,0.17264192,0.16945352,0.17052919,0.16647342,0.18002158,0.16903572,0.1794127,0.17558357,0.17371736,0.17222743,0.17048825,0.17016472,0.17320822,0.16920778,0.17175233,0.16901012,0.17390016,0.16403465,0.16809198,0.16994861,0.17715906,0.16811378,0.16990308,0.17474155,0.1669155,0.1787231,0.18262617,0.17010675,0.17985316,0.1696016,0.17192976,0.16701777,0.1784668,0.17151237,0.17205939,0.1726019,0.17092359,0.16708523,0.17374878,0.17731749,0.17507294,0.17034647,0.16835752,0.17491765,0.17321503,0.17208654,0.16594905,0.17244472,0.1755681,0.17264561,0.17989375,0.17079122,0.1773652,0.17196093,0.17230096,0.17089006,0.16821283,0.17634346,0.17380595,0.16845824,0.1738823,0.17118011,0.17879492,0.16933577,0.17081049,0.16849473,0.17947872,0.1673431,0.17297688,0.17788014,0.17396377,0.1736509,0.17645882,0.17546923,0.16750373,0.1742073,0.17163897,0.17334458,0.16289751,0.17329615,0.17647946,0.17620355,0.17554171,0.17321064,0.17313437,0.17251675,0.16665588,0.17461629,0.16736442,0.16707364,0.1711496,0.17717701,0.17179419,0.17365886,0.17224438,0.17435846,0.1751785,0.17727996,0.16961516,0.1771636,0.17823054,0.17267725,0.1633121,0.17201348,0.17508662,0.16974305,0.16793588,0.16218814,0.17578954,0.17415302,0.17029007,0.18451044,0.16469719,0.17042398,0.17375539,0.17064029,0.16574094,0.17619117,0.17550813,0.17017338,0.17484054,0.17539872,0.17193502,0.17271867,0.16896592,0.1744157,0.17363727,0.17289972,0.17682226,0.1679598,0.1651503,0.16477427,0.16695793,0.1717366,0.16686308,0.17636995,0.16833298,0.16972801,0.17213307,0.16976054,0.17738007,0.16489625,0.17139508,0.17512494,0.1740115,0.17910305,0.16425322,0.175539,0.18717183,0.16717665,0.17192486,0.17147557,0.17057647,0.16674739,0.17518166,0.17137893,0.17001192,0.16937119,0.1801729,0.17280892,0.16965094,0.16757914,0.17164966,0.16927998,0.17800093,0.16815642,0.16929697,0.16609395,0.17046873,0.17121321,0.17894383,0.17205036,0.17694375,0.16874199,0.17580232,0.16214396,0.17763053,0.17434216,0.17328247,0.16817708,0.16900934,0.17264824,0.16472618,0.17107756,0.1713343,0.17015763,0.16992539,0.1673249,0.17082241,0.18045563,0.17795403,0.18202884,0.17148459,0.17792764,0.16916369,0.17510386,0.17116961,0.16793542,0.16497764,0.17485082,0.17581554,0.179021,0.17001474,0.17231366,0.1705436,0.17414695,0.17192093,0.16935329,0.17033672,0.17471881,0.17623794,0.17694366,0.17064278,0.1666263,0.17396778,0.1639622,0.17574033,0.16951455,0.17189659,0.16919556,0.16813333,0.17081867,0.16947085,0.1652702,0.16555052,0.17592755,0.16582339,0.17069115,0.17112374,0.17558055,0.1766793,0.1769204,0.17130241,0.17000315,0.17362085,0.17663433,0.1757751,0.17420597,0.1786814,0.17543736,0.17334819,0.1782605,0.17323038,0.17322567,0.1713016,0.16989364,0.1679364,0.17945492,0.17376563,0.1745311,0.16878445,0.17309451,0.17275451,0.16717543,0.17342879,0.17436111,0.16826066,0.16460687,0.16418788,0.17402586,0.17041174,0.17678101,0.17161727,0.1720047,0.18001373,0.17030782,0.17146863,0.17735949,0.17102851,0.16246328,0.17501429,0.16886376,0.17850165,0.16739045,0.17763951,0.16893175,0.17238334,0.17628884,0.1757701,0.1735823,0.17859384,0.1656521,0.17243055,0.17018442,0.17320468,0.16841024,0.17117971,0.16656785,0.16997246,0.16638452,0.16808164,0.16632223,0.1704895,0.1678343,0.17278305,0.17499535,0.17288458,0.18181215,0.16911998,0.17423299,0.17384534,0.1745123,0.17290272,0.16955559,0.17329745,0.17459722,0.16881166,0.17154047,0.17005113,0.17674771,0.17381455,0.17572355,0.1731214,0.16416746,0.1727691,0.1743185,0.18110633,0.17282335,0.17025812,0.1738249,0.16659403,0.16779086,0.17033832,0.17083615,0.16735741,0.1723463,0.16563913,0.17548862,0.16918166,0.17165098,0.17791538,0.17427061,0.17112753,0.17592812,0.18151334,0.17780787,0.169757,0.18049587,0.17713311,0.173151,0.1709456,0.1725608,0.16550732,0.17103145,0.17922406,0.1779918,0.17509517,0.1692594,0.17159253,0.18372282,0.17745416,0.16983241,0.17404522,0.17528097,0.17063095,0.16761233,0.16746093,0.17328136,0.1725997,0.16950995,0.16785821,0.17106135,0.16853245,0.16845784,0.17356922,0.17535043,0.1757738,0.174673,0.17024492,0.16885889,0.17558779,0.16389614,0.17109202,0.16866148,0.16915701,0.17306128,0.17665543,0.17238596,0.16168764,0.16408478,0.17004299,0.1777959,0.17281665,0.17641658,0.16465084,0.17209136,0.1712748,0.1710661,0.16670376,0.17746058,0.16036548,0.16911474,0.17432931,0.17498952,0.17550036,0.1622709,0.17588802,0.17716989,0.17167358,0.16504318,0.174551,0.1706671,0.1790596,0.1755063,0.17535095,0.16163959,0.17578998,0.16917105,0.17421304,0.1731756,0.16995919,0.166291,0.1687796,0.17439044,0.17115547,0.16601476,0.17622867,0.17214528,0.17147763,0.1767141,0.18062367,0.17417121,0.17294623,0.1738336,0.17315774,0.16505429,0.16904163,0.1715791,0.17802857,0.17236385,0.17249794,0.16344337,0.16921942,0.16619785,0.1667155,0.17172244
