0.5127598,0.5241606,0.52710986,0.52046657,0.5418669,0.53104866,0.5195441,0.5109543,0.52710414,0.51930505,0.519675,0.5255081,0.5090968,0.5247419,0.52723855,0.5246505,0.52306926,0.5293742,0.5207637,0.5244045,0.5367074,0.51366997,0.5188621,0.49499074,0.5176469,0.51803863,0.53378755,0.5208195,0.5097052,0.51054484,0.5361468,0.52609897,0.5321332,0.51554453,0.50980735,0.5263456,0.5106713,0.5188087,0.52885276,0.5336919,0.5186862,0.52121836,0.54364485,0.527728,0.51072705,0.5152989,0.53183055,0.5298116,0.521228,0.53430766,0.5332016,0.53356457,0.5281054,0.5161114,0.5408696,0.5333998,0.52311593,0.5309727,0.53801334,0.5139403,0.53991884,0.5404559,0.53017247,0.5077535,0.52328956,0.5317501,0.53877383,0.5178914,0.5284254,0.50619274,0.534617,0.5191769,0.51746446,0.51458657,0.5255456,0.5430163,0.52337587,0.5213735,0.5113954,0.5264758,0.54361004,0.5378281,0.5242396,0.52222973,0.5347663,0.5364174,0.54292244,0.5326351,0.53195196,0.5396058,0.5253933,0.5170715,0.5234961,0.53657275,0.52770853,0.5402484,0.53182083,0.4964465,0.51718587,0.5326806,0.52404356,0.5292155,0.51691884,0.5088938,0.51253074,0.520033,0.53349555,0.50720805,0.5334065,0.52608436,0.52012855,0.50847346,0.52743876,0.5148186,0.53095984,0.5196224,0.5181006,0.50851864,0.53485405,0.5204148,0.52298427,0.5466391,0.5314665,0.5028135,0.53331214,0.52653843,0.5179117,0.52086705,0.5163128,0.5284185,0.5377321,0.52037865,0.50419307,0.5207423,0.4970043,0.53974354,0.53668755,0.5004256,0.5127862,0.5156799,0.53620297,0.5209092,0.5265552,0.5248126,0.5231499,0.5307747,0.527917,0.5267141,0.5216222,0.53938043,0.5345542,0.51756257,0.51455426,0.5083213,0.5172592,0.5250249,0.50677234,0.5340278,0.5321595,0.5151833,0.52568924,0.51621324,0.54358447,0.530374,0.52083075,0.5115401,0.51960623,0.5435948,0.5220002,0.5199347,0.52748966,0.5234937,0.53357416,0.51224506,0.5252775,0.5253954,0.5334147,0.5171571,0.5259687,0.5356767,0.53712964,0.51792353,0.5322212,0.5325406,0.5239432,0.5236264,0.5028562,0.51728964,0.5116605,0.5206696,0.51294076,0.51974374,0.5202692,0.53133935,0.5146887,0.52787995,0.5308827,0.5223559,0.51705134,0.5334206,0.5266607,0.5454144,0.5237986,0.5144172,0.5273372,0.5105261,0.53009903,0.5394257,0.5350356,0.5013883,0.54679406,0.52607,0.51042634,0.50869274,0.5271795,0.53448033,0.52625716,0.5432805,0.5245037,0.5222953,0.5174924,0.5147104,0.5256447,0.53730845,0.52026594,0.5276684,0.5029979,0.5248628,0.5252439,0.5201935,0.5198781,0.5325725,0.50772536,0.5361321,0.5212352,0.52099615,0.52191484,0.54199576,0.5177614,0.5144406,0.50936633,0.52446073,0.52183145,0.52541983,0.5373214,0.52597153,0.51518446,0.53135467,0.51396406,0.52699053,0.51624525,0.5320314,0.51574486,0.5306498,0.5209054,0.52938145,0.54415387,0.53025144,0.5300835,0.5291071,0.523231,0.5361609,0.53566927,0.53887075,0.5014362,0.50838464,0.5209067,0.5258797,0.5185669,0.5184961,0.5386678,0.5255335,0.5205305,0.51469296,0.538586,0.5306788,0.5223108,0.4886707,0.505406,0.5190792,0.51934826,0.5323518,0.5271801,0.5312921,0.5243279,0.5302207,0.518222,0.5146245,0.5227559,0.51368815,0.5423632,0.527656,0.51622736,0.5299936,0.52456397,0.5456451,0.5140508,0.5294359,0.51727927,0.521425,0.52421814,0.51201093,0.5199118,0.5252231,0.53300595,0.5301719,0.5202236,0.52393615,0.519568,0.53580606,0.5283661,0.49712643,0.5424958,0.53305435,0.52349234,0.51338094,0.5305645,0.51565504,0.51633185,0.5354967,0.5316193,0.52225095,0.50993323,0.52991366,0.5155311,0.5140052,0.5274658,0.52427626,0.52171296,0.5191431,0.50274783,0.5166494,0.51194286,0.5302273,0.51861995,0.52512205,0.51792854,0.5595055,0.52387923,0.51275754,0.5278668,0.518249,0.51415914,0.5183102,0.52203107,0.5355335,0.52570873,0.5119767,0.52857244,0.5225632,0.53715515,0.5104045,0.52143675,0.5325641,0.5060094,0.53337204,0.5272706,0.53761977,0.53876466,0.51521444,0.5272258,0.5104162,0.518071,0.50334424,0.5277573,0.51403946,0.52959955,0.5333463,0.51398873,0.5146798,0.51738447,0.5143419,0.5145491,0.516083,0.545464,0.542861,0.5371792,0.51871854,0.5179691,0.531323,0.5206671,0.5312469,0.5318808,0.526095,0.51781625,0.52607757,0.5255694,0.5240758,0.52083015,0.52626896,0.52897424,0.52871096,0.53709894,0.5303081,0.5431482,0.530089,0.51871693,0.5278443,0.53378993,0.52008855,0.516908,0.5233649,0.529907,0.5267109,0.52335775,0.52039486,0.5320316,0.5119402,0.5408728,0.5170411,0.5221022,0.52644634,0.5287691,0.54823774,0.5141822,0.51390326,0.5220351,0.5327759,0.51913756,0.5252025,0.51239395,0.5100776,0.52917004,0.5209708,0.52339154,0.5265431,0.5432464,0.5234319,0.51423943,0.53241456,0.5293389,0.5143422,0.52697134,0.55271244,0.5338761,0.52894753,0.51775074,0.52542555,0.5329348,0.51713854,0.52310705,0.52465904,0.5238345,0.52929986,0.5320527,0.52986056,0.5120285,0.51427484,0.5319857,0.5164707,0.5180732,0.51632005,0.53713816,0.5189583,0.5233709,0.52392876,0.5152259,0.52900904,0.53108287,0.5249123,0.52817464,0.529559,0.5263894,0.525524,0.5151226,0.5260113,0.5325852,0.52181304,0.51891667,0.511069,0.52142507,0.52911615,0.5428165,0.5255108,0.5157854,0.5131846,0.5428083,0.516134,0.51524943,0.5265573,0.5295058,0.5276728,0.5201295,0.5072271,0.5285257,0.52370226,0.50668365,0.52639484,0.5285202,0.5334239,0.5338172,0.53197914,0.517514,0.5287471,0.52255124,0.5536546,0.5203556,0.5218153,0.5221202,0.5159902,0.5222482,0.51642936,0.5214366,0.5386942,0.5268769,0.53439325,0.51763475,0.53681153,0.52629405,0.5254344,0.5294141,0.52588254,0.5292822,0.5365031,0.54067945,0.5104503,0.5284787,0.51754975,0.5296265,0.5270178,0.53112674,0.51675385,0.5215639,0.5332139,0.5222124,0.51958627,0.5100753,0.5170696,0.5430992,0.5180225,0.51517797,0.5283548,0.5205218,0.52333057,0.5417022,0.5218173,0.53089577,0.52772284,0.5215798,0.5324004,0.51931375,0.5271467,0.5282965,0.53903395,0.52090317,0.5281418,0.520608,0.52795917,0.5347305,0.5264294,0.5391408,0.5321244,0.5211236,0.51610225,0.5256724,0.51916504,0.5358972,0.51213163,0.51578724,0.5286438,0.5143099,0.53150773,0.5232233,0.5263656,0.51912075,0.5289328,0.5106231,0.54774284,0.5260215,0.5261952,0.52772427,0.5234565,0.5296214,0.5255795,0.5336738,0.5262914,0.5232056,0.51512283,0.53498274,0.522754,0.52362627,0.5411591,0.51994437,0.5177389,0.52512956,0.5262483,0.53243613,0.5414517,0.51346004,0.523843,0.535587,0.52723634,0.54331934,0.5310605,0.5310081,0.5185919,0.53364635,0.5344248,0.5186093,0.5080956,0.5133385,0.5232352,0.5277708,0.52169406,0.5180488,0.5493212,0.5150192,0.5172225,0.5115829,0.5410889,0.5157385,0.51339376,0.52634645,0.5207431,0.5284511,0.5265155,0.52966976,0.51287127,0.5338807,0.52176917,0.5155901,0.5197828,0.5189942,0.5120325,0.516705,0.517429,0.52856195,0.5339144,0.514039,0.5407641,0.52179945,0.5270844,0.52728236,0.531632,0.5200538,0.5156407,0.52885693,0.53212357,0.52840215,0.5317238,0.5458086,0.5065774,0.52162343,0.5086037,0.51024044,0.5206757,0.52904904,0.51441205,0.5195337,0.5262595,0.518843,0.520351,0.51736444,0.5378985,0.5256147,0.5187815,0.5162324,0.5410881,0.52688557,0.5385754,0.50923747,0.52247125,0.52762944,0.50806534,0.54380506,0.5392477,0.5167961,0.5401223,0.53115755,0.5403581,0.5266626,0.516101,0.51505095,0.53286695,0.5229362,0.5586879,0.53501624,0.51796955,0.5228724,0.50653064,0.5196921,0.5238684,0.53031135,0.533498,0.52620876,0.53530174,0.5280836,0.5237184,0.52769667,0.50940645,0.5175526,0.52035177,0.53565407,0.5234173,0.52119946,0.5355165,0.52783984,0.53651756,0.53413343,0.5376523,0.5147093,0.53101003,0.52613026,0.51425356,0.52081746,0.5385221,0.5177401,0.514638,0.5409203,0.50874335,0.5263196,0.53083044,0.5212559,0.5094188,0.5388288,0.53800017,0.5328842,0.51074636,0.5195215,0.5231113,0.5192862,0.53090346,0.52267814,0.5176054,0.4964199,0.51175123,0.5255393,0.53301096,0.5230027,0.5227905,0.52706164,0.5278134,0.5079485,0.5054416,0.53334856,0.5166897,0.52902424,0.53842187,0.51381785,0.5285267,0.5169693,0.53861195,0.54689056,0.5340036,0.5271669,0.5268703,0.5298076,0.5130575,0.52917266,0.5260996,0.54491436,0.5337094,0.5334556,0.5232415,0.53606516,0.5196495,0.53101534,0.5215743,0.50816905,0.5236205,0.5279623,0.5385153,0.53035635,0.5236251,0.5441569,0.52446806,0.5281806,0.54571,0.5240878,0.5242798,0.53397083,0.5191051,0.51171845,0.53139204,0.5414678,0.5213984,0.5201958,0.5288033,0.5205948,0.5223752,0.53527087,0.52764297,0.52345586,0.5321652,0.520073,0.5414316,0.5287314,0.5407472,0.51685953,0.54093575,0.50772256,0.50677025,0.5279386,0.5310868,0.5071686,0.52740467,0.5282765,0.53414977,0.5296064,0.5324713,0.52174807,0.5199399,0.5051183,0.5215933,0.52908885,0.5424158,0.52785176,0.517221,0.53499365,0.5279721,0.5235814,0.53738856,0.51115716,0.5235641,0.5231474,0.5204776,0.5237253,0.5384352,0.51022434,0.52544415,0.51923025,0.5119212,0.531872,0.5265296,0.52572197,0.5011719,0.5271979,0.5098013,0.5312323,0.51941234,0.5223892,0.53258264,0.516661,0.51800585,0.5202427,0.5187156,0.53347903,0.5132234,0.5214488,0.52864444,0.52942884,0.5263253,0.5243273,0.53029454,0.51850903,0.53054,0.5149489,0.51266074,0.52177024,0.54066443,0.5390122,0.51642793,0.50683236,0.5163678,0.5277861,0.50682867,0.51394516,0.5168021,0.54210997,0.5329721,0.5150728,0.5313081,0.5085441,0.5019382,0.5094231,0.54862374,0.5154201,0.52914166,0.51829255,0.5386717,0.5204923,0.5292686,0.52229685,0.52014077,0.5387801,0.5240571,0.5147005,0.5271765,0.5276518,0.49560672,0.52552927,0.533355,0.5124857,0.52474123,0.52274144,0.5439034,0.52045596,0.5188571,0.5268395,0.5296036,0.5148767,0.5268379,0.53529817,0.52449936,0.53036475,0.5343521,0.5376817,0.5289274,0.5259938,0.5161218,0.52983236,0.515828,0.5197316,0.5400181,0.53742963,0.5268254,0.5362821,0.53857595,0.52202636,0.5339651,0.5366595,0.51648235,0.5196291,0.5284932,0.53075284,0.5352095,0.53543615,0.5247484,0.51629305,0.51263994,0.52370214,0.51742095,0.5293405,0.53519124,0.54445875,0.52985036,0.5216204,0.508824,0.53108907,0.53186315,0.53954524,0.53005916,0.52557707,0.5265994,0.5140028,0.5113427,0.5197453,0.50538886,0.5197349,0.50688523,0.5241567,0.5183867,0.5273525,0.51734775,0.5139681,0.52043515,0.51387507,0.5340842,0.53502244,0.5179899,0.5255517,0.52294123,0.51757383,0.5347815,0.5353024,0.5236411,0.53844154,0.5132584,0.5386779,0.51583445,0.5233731,0.52984554,0.5232593,0.5155444,0.5175826,0.5063611,0.5140748,0.5246475,0.53491265,0.5147891,0.52649724,0.5112364,0.54755616,0.5152369,0.51746047,0.5376591,0.53364587,0.53759825,0.517774,0.51552266,0.5192839,0.5323029,0.5258141,0.5402503,0.54007226,0.5449836,0.521694,0.5281798,0.52019805,0.5231799,0.51864934,0.5117399,0.5120596,0.53299516,0.5281602,0.5170845,0.5380497,0.5316161,0.5186645,0.5430651
0.68122673,0.69264275,0.67147136,0.6776103,0.6873777,0.6966488,0.67230976,0.674727,0.66839486,0.69302,0.68768746,0.6821968,0.6815666,0.67623514,0.6699383,0.6822574,0.69445926,0.6736772,0.6728083,0.686558,0.6892072,0.6749259,0.675969,0.6528054,0.6698988,0.68013346,0.68883425,0.6766062,0.6765837,0.6801595,0.6840789,0.6661032,0.681296,0.6724122,0.67801297,0.69920456,0.67530084,0.6847988,0.68559235,0.6897333,0.68079096,0.6771452,0.6848701,0.6795261,0.67716414,0.6695642,0.68190366,0.67580587,0.6775427,0.68996584,0.6891401,0.68492895,0.67876554,0.6762053,0.68684125,0.6766811,0.68117803,0.67355484,0.68555206,0.6786226,0.6867561,0.67670673,0.6803443,0.6837352,0.6685093,0.6812489,0.6689449,0.6771885,0.68116724,0.6832033,0.6951966,0.6699912,0.6808769,0.69290316,0.6867848,0.69517195,0.6854753,0.66501135,0.6670452,0.67635345,0.68727785,0.6756891,0.6839992,0.683986,0.67739344,0.67716986,0.67836404,0.6731615,0.68212175,0.6778331,0.6691574,0.68718404,0.68563795,0.67966604,0.68521994,0.6979953,0.6859798,0.6829559,0.6947932,0.6725663,0.68309635,0.6604314,0.6691931,0.6822124,0.6621638,0.67841345,0.6942851,0.6831151,0.6701893,0.6736573,0.6815219,0.68185174,0.67776865,0.68749017,0.6827696,0.6882196,0.6769062,0.67392206,0.6836665,0.668248,0.68578124,0.6794594,0.6870043,0.6693721,0.67967445,0.6894433,0.6837647,0.68786114,0.6869904,0.67821497,0.6884617,0.6716195,0.67928964,0.6685034,0.68741816,0.68497264,0.68913466,0.6571755,0.6703125,0.662802,0.6779971,0.67381823,0.70715564,0.69111,0.6478538,0.67817765,0.6932552,0.67381346,0.6887451,0.6768402,0.67320496,0.6734578,0.6625836,0.6784042,0.68705875,0.6886209,0.6800005,0.6829598,0.68613434,0.7001933,0.68094087,0.66547996,0.6798558,0.6839606,0.68205565,0.6783375,0.6791378,0.6959747,0.6686595,0.6649689,0.680158,0.68218327,0.69245225,0.68518054,0.6659998,0.6785051,0.6817607,0.6695305,0.6963429,0.66945463,0.67409635,0.68910354,0.67653364,0.695066,0.66574717,0.6833709,0.67015225,0.66989976,0.67584753,0.6726372,0.6754208,0.6837065,0.67114973,0.6760083,0.6861178,0.6892139,0.68604565,0.6692328,0.6799363,0.68874574,0.6808546,0.68063354,0.66181874,0.69631875,0.67256135,0.67015254,0.6815825,0.6865051,0.6781409,0.68393296,0.6884755,0.68992823,0.67498195,0.6641099,0.6588198,0.6709373,0.68203044,0.67736334,0.6821994,0.67559063,0.6791117,0.6635603,0.69282925,0.6766106,0.67569464,0.68600744,0.6737568,0.6884226,0.6793673,0.6753083,0.6749531,0.68524295,0.66609484,0.6802761,0.67837775,0.6726605,0.6727864,0.67581666,0.67281336,0.677475,0.68759704,0.6853483,0.68770546,0.6769913,0.6701095,0.6836836,0.69057035,0.68956476,0.6716783,0.68855226,0.6799624,0.6715293,0.67663705,0.6876395,0.67729276,0.6803272,0.68825215,0.68395406,0.6921269,0.6925214,0.69113153,0.6829727,0.69350713,0.67010593,0.6586127,0.67514503,0.6753266,0.68694675,0.70189315,0.6875124,0.66824937,0.6778858,0.68562776,0.6725574,0.656057,0.67652625,0.67963684,0.6564364,0.6819279,0.68322486,0.6795206,0.68748164,0.68032265,0.68103117,0.68863875,0.6822887,0.66591823,0.6900948,0.69115883,0.68468857,0.68040574,0.68393683,0.68749124,0.6769905,0.69557756,0.68614197,0.65247214,0.6891374,0.66300493,0.6625743,0.67839867,0.67682993,0.67343587,0.67535746,0.69028705,0.68509644,0.6895374,0.6786463,0.6737004,0.6672166,0.6715768,0.65837747,0.66822976,0.6966197,0.6853742,0.67265344,0.6792343,0.67242634,0.68459797,0.68135965,0.6844436,0.68683004,0.6768986,0.70539033,0.66912854,0.6825907,0.69096524,0.6819071,0.65669787,0.68370366,0.67391115,0.6924618,0.67675674,0.6719636,0.6682731,0.6806618,0.6743899,0.69622314,0.68090034,0.68179363,0.6867679,0.66681874,0.68190056,0.6830533,0.69303304,0.6687663,0.67823094,0.65920985,0.67803323,0.6681583,0.6942745,0.6852978,0.6685949,0.6800366,0.68225676,0.680918,0.6893859,0.6782888,0.68572664,0.67829525,0.6802909,0.6593213,0.6766952,0.6760258,0.67554575,0.6928622,0.6665014,0.67562306,0.6955038,0.68496543,0.6760756,0.68871844,0.6736537,0.68132025,0.68761694,0.6777088,0.6856337,0.6931141,0.6746211,0.6605862,0.6719109,0.6774145,0.68990034,0.66298735,0.68177474,0.68434227,0.67466855,0.6913022,0.67103076,0.6829152,0.6686636,0.6913708,0.6725322,0.66455793,0.69319904,0.6922752,0.6858884,0.6654677,0.688676,0.67222106,0.66476256,0.6799463,0.6768985,0.67077047,0.6753468,0.67291933,0.67763317,0.6730013,0.67685914,0.68851376,0.689445,0.6702486,0.660795,0.6813906,0.68890876,0.68202734,0.6819686,0.677706,0.6823077,0.6662124,0.6574084,0.6782852,0.6820022,0.6840487,0.6900536,0.6855579,0.6710605,0.67968816,0.6617617,0.68316257,0.68531114,0.67248327,0.6907524,0.69932956,0.690348,0.6953589,0.68320614,0.67920077,0.70455873,0.668972,0.6608493,0.6762944,0.6688202,0.674623,0.67899245,0.6710163,0.6536869,0.6828377,0.69296694,0.67478704,0.663247,0.6812907,0.6981384,0.67849046,0.67247796,0.678343,0.6971389,0.6722179,0.66787595,0.6773383,0.66321397,0.6835447,0.693776,0.68526417,0.6780588,0.6790968,0.68252057,0.6847211,0.6926977,0.67462784,0.6773059,0.6861198,0.67701286,0.68422174,0.68377644,0.6932931,0.6808141,0.6795393,0.6595159,0.6733074,0.690897,0.6840539,0.67604494,0.6862441,0.68676424,0.6767224,0.66614556,0.6904581,0.665502,0.68792963,0.67257947,0.6815409,0.6893555,0.6812595,0.6858382,0.6884862,0.6908391,0.69606584,0.667272,0.68379265,0.68968064,0.6814721,0.66892684,0.6723447,0.7030944,0.6806327,0.6767075,0.68002576,0.6752073,0.6794605,0.69357586,0.6925527,0.6926196,0.6797672,0.6996448,0.68359923,0.6618172,0.66533124,0.68068916,0.6745026,0.67369795,0.6855426,0.67063636,0.67562467,0.6773569,0.67393845,0.67876285,0.67272574,0.6811839,0.6766842,0.67088634,0.6872267,0.6770184,0.66523606,0.67686725,0.6634137,0.6905051,0.6885257,0.6832603,0.67513275,0.6822487,0.698025,0.6709497,0.679967,0.67106193,0.68305117,0.68560493,0.68367374,0.7005767,0.68485963,0.67661417,0.6732803,0.6759751,0.68587774,0.66492033,0.6880957,0.68794554,0.68736213,0.68109626,0.665772,0.67566365,0.6820637,0.6829278,0.6745409,0.67870826,0.6838211,0.67138124,0.6739441,0.6788234,0.67703366,0.68320316,0.67680675,0.6800142,0.68433243,0.6710366,0.68860483,0.6809806,0.6768394,0.6719326,0.67057693,0.68283296,0.6732474,0.69086564,0.677858,0.67303336,0.6887821,0.6776613,0.6955326,0.6743675,0.6854365,0.6717637,0.6676047,0.6845036,0.6872897,0.6905875,0.6730598,0.69203633,0.68912286,0.6659421,0.6933696,0.6716315,0.66335756,0.6633979,0.68543273,0.68087035,0.6805139,0.6795851,0.6806873,0.68045396,0.6903656,0.681679,0.67466944,0.676103,0.68762326,0.6768186,0.6836982,0.68912417,0.6890824,0.6925518,0.67368644,0.68334097,0.67428315,0.67368495,0.67868805,0.675029,0.6786272,0.6795858,0.6747403,0.6875175,0.6832507,0.68183154,0.66559166,0.6846477,0.67313015,0.6880791,0.686226,0.6776618,0.6767724,0.6707947,0.67004675,0.68649554,0.68405753,0.6893572,0.6906983,0.6845588,0.6837688,0.6907051,0.6794328,0.67522424,0.6808853,0.68696666,0.680298,0.6758245,0.6847685,0.6775519,0.676886,0.6646987,0.69115627,0.6706225,0.6753776,0.67779547,0.6923808,0.69852346,0.6658262,0.68651634,0.6772086,0.6638958,0.6805692,0.6716618,0.68324906,0.67405546,0.68328995,0.6814387,0.6881003,0.6796327,0.6647494,0.6804943,0.67605144,0.6658929,0.6813816,0.68454814,0.6641688,0.68451416,0.69595945,0.6728489,0.6847227,0.66018105,0.6700466,0.685647,0.6826822,0.6727984,0.68871075,0.6897173,0.67388386,0.6793636,0.6674822,0.68061715,0.6841167,0.67034495,0.6869067,0.6724907,0.69316226,0.69277155,0.67064536,0.68273246,0.68429196,0.6734855,0.6812659,0.6761622,0.67464274,0.6704297,0.6733977,0.67754906,0.67447746,0.6879212,0.6840014,0.69586015,0.6923904,0.66992366,0.6584017,0.692016,0.6890729,0.66430044,0.69082373,0.6751406,0.6796007,0.684264,0.6716727,0.687604,0.6874073,0.6714282,0.68319094,0.6696701,0.66915524,0.71114844,0.68710685,0.69502074,0.6791019,0.6666441,0.6980942,0.6787171,0.67842495,0.6945605,0.68724227,0.67856795,0.7084701,0.66839933,0.6973893,0.6777668,0.6777572,0.69016135,0.69218105,0.6724449,0.6771671,0.6748413,0.6951942,0.6870723,0.68757963,0.6878744,0.6688822,0.677196,0.6692425,0.68535966,0.67017525,0.68153834,0.6720476,0.6868269,0.6750919,0.68383676,0.69579715,0.6768113,0.674584,0.66081023,0.66723174,0.67994654,0.6756489,0.6682624,0.6841767,0.6805943,0.6803104,0.6717786,0.6846105,0.6697197,0.6685797,0.6898146,0.67752826,0.6725352,0.6779195,0.6731332,0.68493176,0.6679667,0.6788071,0.6770132,0.67972106,0.6824061,0.67203,0.70040864,0.693821,0.66659254,0.66887635,0.67355806,0.68169385,0.67608553,0.69321287,0.6752954,0.6878223,0.67554337,0.68093896,0.6738261,0.6830315,0.6833178,0.68340665,0.67383415,0.67922986,0.690815,0.6732076,0.675927,0.6776367,0.6733401,0.67478913,0.6549853,0.67125744,0.6857181,0.6898536,0.68329954,0.67086935,0.6741402,0.65403235,0.66872185,0.680535,0.6805894,0.658306,0.6734785,0.6711525,0.67622817,0.6794114,0.6816936,0.6628257,0.6686779,0.6709667,0.691231,0.6728012,0.6831201,0.680772,0.68213636,0.6780855,0.6714651,0.6833851,0.6894672,0.68205565,0.681138,0.66913503,0.68271846,0.668635,0.6873689,0.67729926,0.67761135,0.6778736,0.68068767,0.67754406,0.67823595,0.68363094,0.67045224,0.66962916,0.68920636,0.6924378,0.67280746,0.67026424,0.67518926,0.6833533,0.6713717,0.6826999,0.6551899,0.6902067,0.68683046,0.68386006,0.67030084,0.68840754,0.690504,0.6621457,0.6881737,0.69140166,0.66355324,0.67985094,0.6873059,0.68411887,0.6689552,0.6728081,0.6834552,0.70825523,0.6570998,0.67936385,0.6882152,0.67210984,0.68223405,0.6866719,0.68917906,0.6759062,0.6876478,0.68304455,0.69717366,0.683951,0.6584927,0.68872863,0.6747595,0.6838851,0.67670757,0.6683356,0.6895022,0.6748837,0.68629754,0.6627171,0.6937568,0.68244636,0.68592405,0.67785776,0.68478924,0.69030654,0.68348616,0.686958,0.6696259,0.68400884,0.6909358,0.69000053,0.67203593,0.6868545,0.65935934,0.6882849,0.6899375,0.6789267,0.6893469,0.69469076,0.68293816,0.6911281,0.6699938,0.6678851,0.6868238,0.684517,0.6669641,0.68341243,0.67509025,0.6771436,0.6922074,0.6886259,0.68097657,0.67980075,0.6707508,0.68543935,0.6815841,0.6773473,0.67223036,0.69365364,0.6737623,0.6957383,0.6858528,0.67702377,0.6619263,0.68294644,0.6933848,0.67182356,0.6820174,0.6755384,0.6850743,0.67886555,0.68094826,0.6752011,0.67943275,0.67979974,0.6707717,0.69225997,0.6709232,0.6663228,0.6798122,0.6697173,0.6749727,0.68451893,0.6836142,0.7055378,0.67238057,0.6752291,0.6815403,0.68300635,0.6691835,0.66747695,0.679742,0.6699416,0.67689145,0.67733616,0.6723477,0.67315316,0.6751062,0.6768187,0.6717123,0.6826433,0.6686153,0.6738401,0.6808824,0.67167944,0.6619974,0.7038625
0.7247501,0.73303217,0.7217649,0.71787024,0.7331694,0.72758496,0.7279277,0.7194474,0.72715795,0.72866905,0.7216835,0.7330438,0.7254752,0.7319724,0.7367693,0.72511005,0.73210895,0.7372038,0.718442,0.7293528,0.7302581,0.70708513,0.7226383,0.71155113,0.7363244,0.71543896,0.72966135,0.7392727,0.7034897,0.71779495,0.7360091,0.7312876,0.7183499,0.7202992,0.71889293,0.72619,0.7101225,0.72678083,0.7299543,0.7326404,0.7261526,0.73606825,0.7353575,0.7253936,0.7285007,0.7114346,0.7264185,0.72143143,0.72958684,0.73704046,0.72540694,0.7283696,0.73328376,0.7191119,0.7489479,0.72162914,0.73507106,0.74028224,0.7424105,0.71802294,0.736404,0.7207916,0.72387975,0.72692543,0.7184319,0.72304803,0.72905374,0.73436075,0.72029036,0.7270465,0.73649275,0.7301995,0.7189399,0.72948706,0.7353106,0.74429995,0.73498166,0.7231352,0.7269391,0.72453344,0.7265153,0.7215834,0.7292102,0.72753143,0.7298042,0.729901,0.7429698,0.70629483,0.7249686,0.73269624,0.73608726,0.7333806,0.7278699,0.7377585,0.7371519,0.73068565,0.7288372,0.7178174,0.7357658,0.7320541,0.7201202,0.72749084,0.7227903,0.7160186,0.7059916,0.7231501,0.7330206,0.71084297,0.7240587,0.7258398,0.71169835,0.7112568,0.71508074,0.7155799,0.7239226,0.7215276,0.71957535,0.7265513,0.7276167,0.7218134,0.7377333,0.74142003,0.73102784,0.70616066,0.72475487,0.7340273,0.7225052,0.73448795,0.7433293,0.7197404,0.728551,0.71334374,0.722919,0.71886945,0.7099338,0.7322508,0.7356591,0.71211874,0.71328527,0.714327,0.7475763,0.72173214,0.72472465,0.7390471,0.7228772,0.71813214,0.72646946,0.7110849,0.73121864,0.72488296,0.7269431,0.70511824,0.71996635,0.7263119,0.7171068,0.7164345,0.708814,0.734005,0.7465474,0.7306213,0.7254044,0.71472836,0.7310108,0.734652,0.7438156,0.729931,0.72774094,0.72985077,0.72890514,0.7289348,0.729908,0.7295723,0.7256605,0.7242191,0.7215893,0.7243608,0.7287427,0.72972274,0.71828663,0.7297437,0.7210037,0.7258329,0.7354511,0.7335095,0.7265779,0.7247545,0.7261206,0.7258604,0.71761656,0.7310862,0.71717715,0.7173521,0.71513516,0.7225425,0.7293415,0.7432727,0.73133934,0.7201213,0.7178065,0.7113446,0.72740585,0.7274222,0.72115433,0.73089963,0.7060468,0.7134757,0.7352458,0.7236432,0.7434916,0.71418506,0.7325671,0.7429916,0.7231469,0.7075762,0.7193639,0.7308699,0.72460186,0.7401915,0.7252884,0.7299666,0.7335779,0.71245664,0.725483,0.7456821,0.72515625,0.7254484,0.71080595,0.71424425,0.73279077,0.7239292,0.7301047,0.7352821,0.7194106,0.73871857,0.7157659,0.729878,0.72535944,0.7280864,0.74363065,0.72627217,0.73031276,0.73097354,0.73003596,0.71256274,0.7327296,0.73355895,0.7292344,0.7220032,0.72763324,0.73756343,0.72359455,0.7216689,0.7225894,0.7323686,0.71684045,0.7375442,0.7369201,0.73928773,0.7290415,0.72074735,0.73733395,0.7245884,0.7320907,0.7384184,0.7011924,0.7190052,0.7234571,0.7251194,0.73693603,0.7116106,0.72101325,0.7175865,0.7168449,0.71489066,0.731591,0.7231863,0.72338915,0.70777476,0.7312047,0.72773147,0.7295275,0.71259826,0.74603575,0.73105115,0.72944593,0.7319881,0.713508,0.7154243,0.7329736,0.7142173,0.7397711,0.73055387,0.71862584,0.7236278,0.7440445,0.7250301,0.71029264,0.73148286,0.7152917,0.717982,0.72318655,0.7324905,0.71685994,0.737132,0.73259324,0.72905445,0.72535956,0.7364376,0.7203356,0.7252116,0.73079276,0.72867703,0.7320817,0.7287469,0.73348475,0.7182117,0.7332892,0.72434765,0.71515805,0.73401684,0.7241571,0.71769434,0.71748924,0.74139374,0.71253985,0.719199,0.7446713,0.736404,0.7180399,0.7233448,0.72168666,0.727156,0.719982,0.7239056,0.72833806,0.7140457,0.73683274,0.7414048,0.73344356,0.7259331,0.73876125,0.7319362,0.72248316,0.7239288,0.7490972,0.7431788,0.7253193,0.7159482,0.7209477,0.7162657,0.73399085,0.7196883,0.72497565,0.7402972,0.74213535,0.71598977,0.73503536,0.7299873,0.72390074,0.725894,0.728327,0.7234128,0.7246562,0.7053521,0.7329102,0.7264436,0.7335408,0.72859275,0.73457587,0.7270906,0.7136945,0.7174277,0.7266184,0.72773826,0.72950834,0.7363946,0.7375406,0.7259277,0.72666824,0.720878,0.7156454,0.7186561,0.72667,0.7191025,0.7412755,0.7294449,0.71460384,0.7296239,0.71348274,0.730886,0.7161921,0.73423284,0.729869,0.7271982,0.7385769,0.7267802,0.7162999,0.71247715,0.73500216,0.72051805,0.7228211,0.7344375,0.73576456,0.72378844,0.73395395,0.7297944,0.72772807,0.71503544,0.73549753,0.71881956,0.7096186,0.72384566,0.7141595,0.7360372,0.71899444,0.73573923,0.7313807,0.7159227,0.71612126,0.73351234,0.72305405,0.7239525,0.72004056,0.7198723,0.7340321,0.7216914,0.7253638,0.7367233,0.7231176,0.72941995,0.7338033,0.72711176,0.72711396,0.73628527,0.7387937,0.71681273,0.7135216,0.73293215,0.7517509,0.71271807,0.7168731,0.71012354,0.7195751,0.7298366,0.7422834,0.7104828,0.7214305,0.711252,0.73819965,0.7074625,0.7254294,0.7283223,0.72265553,0.715663,0.72671205,0.71254957,0.72995013,0.71548384,0.73317033,0.7332227,0.72916144,0.7214717,0.7142297,0.7303546,0.7195806,0.7259425,0.733111,0.7198903,0.73621213,0.7101305,0.7228981,0.73044854,0.7534649,0.722103,0.7175935,0.7317353,0.7247674,0.7350717,0.7230279,0.71725094,0.728655,0.7397136,0.7327786,0.718389,0.7266118,0.7221204,0.71147615,0.73170334,0.72710884,0.73633,0.7295514,0.73155504,0.73106384,0.73110455,0.71920866,0.7224433,0.7423293,0.73537475,0.73989624,0.7321767,0.73171955,0.7233398,0.71226346,0.7143947,0.7364526,0.7288789,0.7238036,0.72529864,0.72402,0.7274365,0.73655844,0.7175093,0.71364385,0.7233234,0.7455211,0.7149399,0.721098,0.72006106,0.73567736,0.72561425,0.7297333,0.7194711,0.7371242,0.72914875,0.7324623,0.7209037,0.7094667,0.7177124,0.7290888,0.7283648,0.72356915,0.73678005,0.73159903,0.7326129,0.72706765,0.7321035,0.7287549,0.7205039,0.7199556,0.7268407,0.7260038,0.7216955,0.7320575,0.738563,0.72093946,0.7187631,0.7287358,0.7180055,0.73497117,0.7316996,0.7199973,0.71628666,0.7370093,0.7110972,0.72909606,0.7474753,0.73575586,0.71719766,0.7266809,0.7299395,0.7260104,0.726966,0.7295297,0.7245596,0.7199191,0.7329841,0.7229098,0.72920394,0.73729503,0.7012893,0.72722197,0.72721195,0.7323726,0.73227215,0.7318841,0.72024196,0.72709686,0.728451,0.7186853,0.72391933,0.73711014,0.7492755,0.7241108,0.7262555,0.7276153,0.7494664,0.7247262,0.7342198,0.7276982,0.7305187,0.7329863,0.7217801,0.7380776,0.74092627,0.73299414,0.73071104,0.7323545,0.7156045,0.72097963,0.7283435,0.7179656,0.7256141,0.73062354,0.721632,0.71682143,0.7381921,0.71331054,0.7261985,0.72856355,0.7436929,0.7200986,0.7319882,0.72652054,0.7194746,0.73641735,0.72042805,0.73495275,0.73768586,0.7269426,0.72657156,0.72721016,0.7229059,0.7270461,0.71986365,0.72305924,0.719632,0.7295159,0.72456867,0.733734,0.73681253,0.7283125,0.7150791,0.7311555,0.73738104,0.7176823,0.7205828,0.718698,0.73043466,0.730216,0.7229412,0.729348,0.73614234,0.72331405,0.7275909,0.73162,0.734518,0.7379312,0.7175554,0.7206934,0.7189373,0.7343905,0.71726143,0.72426325,0.73080397,0.7247436,0.7227094,0.7049443,0.7444885,0.73138046,0.73188365,0.72686565,0.72631735,0.74373263,0.7103259,0.7546059,0.730293,0.7210365,0.7340968,0.7202375,0.73861104,0.7250645,0.72583675,0.7315183,0.72856253,0.7322887,0.73890203,0.7187413,0.7152412,0.7166125,0.72186303,0.71508485,0.72377867,0.74152654,0.7375516,0.71997315,0.7281471,0.7276672,0.7099377,0.7279886,0.73168004,0.7282002,0.71794003,0.745854,0.7355132,0.72835845,0.72240865,0.7218746,0.72936076,0.7331215,0.7535447,0.7167327,0.7288981,0.729266,0.7189509,0.7207503,0.7360056,0.71798784,0.7189083,0.7387924,0.7297979,0.71715474,0.72669405,0.73644054,0.7202643,0.7308288,0.7302665,0.72909987,0.72614604,0.72939456,0.7275363,0.72706246,0.72116077,0.7171893,0.7208563,0.7133279,0.7213252,0.73160744,0.73249465,0.73324364,0.71603346,0.73115677,0.7343842,0.7118709,0.72557753,0.74128604,0.7187412,0.70762664,0.73589003,0.7254624,0.73042864,0.7172706,0.7282865,0.7304102,0.73733234,0.7317111,0.72669435,0.72657096,0.7408289,0.7114164,0.727319,0.72484607,0.72103274,0.72550446,0.7309288,0.72025,0.71740973,0.72468793,0.73439425,0.72124696,0.7243269,0.7235718,0.72705275,0.73205054,0.73177963,0.7393356,0.7142438,0.7158192,0.7340201,0.7298268,0.7346237,0.7337148,0.73179847,0.70984465,0.7164294,0.7306863,0.73189473,0.72628015,0.7183855,0.7166039,0.723113,0.72412306,0.7247079,0.7137177,0.72200453,0.72355944,0.7273507,0.72579485,0.72138333,0.71906245,0.74229425,0.71694964,0.71574587,0.7283533,0.72175825,0.72024256,0.7250453,0.7341044,0.7407466,0.7306926,0.7383907,0.73924977,0.72623986,0.7269551,0.74146235,0.72882605,0.7315513,0.72789407,0.72940433,0.7270154,0.7415907,0.7158343,0.7347973,0.7260958,0.7276831,0.71830666,0.7155304,0.72624266,0.71439016,0.7217655,0.73933375,0.7065474,0.7264712,0.7302319,0.7340803,0.7313577,0.70938516,0.7278642,0.70303863,0.72803944,0.7192778,0.7359911,0.72166723,0.72947896,0.72210634,0.7299463,0.7198335,0.72237325,0.7209354,0.7213002,0.7388536,0.72966033,0.721654,0.7253296,0.7323722,0.73701966,0.7382865,0.73244995,0.73052484,0.7325849,0.72656584,0.72519124,0.71506363,0.7141251,0.73013455,0.7417205,0.7205314,0.73258275,0.72416717,0.7354201,0.71790105,0.7226915,0.73221916,0.714028,0.71830165,0.7107905,0.7407738,0.7209253,0.7097968,0.7277282,0.72902936,0.71861315,0.7231386,0.73243827,0.73131484,0.73334897,0.7273317,0.7093039,0.7240445,0.7385209,0.72103095,0.72894275,0.73781097,0.72850025,0.7259766,0.7188745,0.7335693,0.72056335,0.72114223,0.7295352,0.7369581,0.72054255,0.73277026,0.7314658,0.7377393,0.73355466,0.73077804,0.72254837,0.717712,0.7260618,0.72561425,0.72530967,0.73894,0.71996224,0.7248603,0.73076785,0.71655613,0.7362933,0.7296446,0.7188848,0.7346805,0.7257912,0.7168684,0.71595806,0.7177059,0.71663463,0.72942287,0.736028,0.72693664,0.72770816,0.7201643,0.7299848,0.7257325,0.7379035,0.7372184,0.7408654,0.71426195,0.70272356,0.72503716,0.7301931,0.72906595,0.73005617,0.73069155,0.72750306,0.73149467,0.7159026,0.7173593,0.7098912,0.71676826,0.723356,0.7294741,0.73164105,0.722168,0.72178423,0.72275436,0.72869295,0.7285701,0.72326833,0.73136306,0.72003585,0.7285132,0.7278845,0.7217095,0.7167278,0.74568933,0.73368704,0.7265106,0.7216791,0.7164327,0.7394934,0.71828926,0.72628844,0.7289821,0.72399616,0.7280998,0.7253647,0.70823705,0.7256734,0.726744,0.73628306,0.7216554,0.7263916,0.72139674,0.7190295,0.7151173,0.714916,0.7186694,0.7314522,0.75010836,0.7197152,0.7354805,0.73484325,0.7144598,0.7397338,0.7311609,0.7340446,0.7361473,0.7426633,0.72906107,0.71681076,0.73420763,0.7307045,0.72392595,0.72022074,0.73282665,0.7242991,0.7294333,0.7258482,0.724178,0.718818,0.7438909
0.80372363,0.80457723,0.8073202,0.8033399,0.808433,0.8056425,0.79957825,0.79920155,0.799429,0.80945903,0.81118226,0.80438286,0.79444206,0.8063658,0.80536747,0.7940978,0.8044185,0.79942447,0.8095157,0.8122859,0.81166416,0.80590284,0.79242456,0.79151374,0.8067281,0.79972845,0.81648123,0.8232007,0.80676347,0.8165239,0.814896,0.7992101,0.8130405,0.78454393,0.7929932,0.80778414,0.7987585,0.81209654,0.81176615,0.813613,0.80418336,0.7882391,0.8067794,0.79678494,0.8027425,0.8117224,0.8009845,0.8129883,0.7993773,0.7934149,0.8081926,0.8109685,0.8114709,0.7895338,0.8080747,0.8196771,0.8029444,0.8037523,0.8139864,0.7976988,0.80592924,0.81467676,0.7937521,0.8025649,0.80911225,0.8072739,0.8036918,0.80384403,0.800806,0.79720855,0.81884634,0.80652505,0.80982804,0.8111803,0.8236053,0.80926394,0.8016671,0.8034096,0.8056877,0.7995754,0.81556517,0.80843055,0.795032,0.8106839,0.8160082,0.7964207,0.8138873,0.8053036,0.8138166,0.80626494,0.8153237,0.8133117,0.7984593,0.8169987,0.8187393,0.798685,0.8060996,0.8006764,0.7904383,0.8148345,0.80910456,0.79322773,0.79201716,0.7965254,0.7933169,0.79773045,0.8132156,0.7931955,0.8113654,0.80922526,0.806385,0.7968201,0.80290246,0.79099584,0.81154263,0.8099271,0.80731326,0.800902,0.81447464,0.801546,0.81738055,0.8155939,0.790088,0.7954361,0.8134906,0.81084317,0.7963134,0.8104711,0.82171,0.8003925,0.79961693,0.79563963,0.7913661,0.7969016,0.79959315,0.79148245,0.8153986,0.7974918,0.8060625,0.810136,0.81232935,0.7973935,0.81441003,0.81455076,0.7958803,0.80461526,0.8048413,0.79688513,0.8083303,0.8034911,0.8018827,0.8066804,0.80466825,0.8061041,0.80142814,0.8062119,0.7918736,0.80216813,0.7917989,0.79929125,0.8102472,0.80638796,0.8051977,0.81436694,0.8056437,0.8066515,0.797854,0.8185317,0.7995,0.8082331,0.8218933,0.80412567,0.8252193,0.804213,0.80889827,0.80863047,0.8069782,0.79959506,0.7834624,0.8071158,0.79697585,0.8054298,0.8118552,0.8257564,0.8123604,0.80653644,0.79883844,0.7959474,0.7840207,0.7975419,0.7960152,0.7883772,0.8119285,0.8063584,0.81761247,0.80721253,0.8182599,0.79843146,0.80725944,0.7944199,0.8044468,0.8068331,0.78104943,0.8114733,0.7986504,0.8059652,0.7989942,0.7955266,0.81876236,0.80613035,0.81634384,0.81009364,0.80115026,0.78786963,0.8023974,0.8008594,0.8120436,0.81223327,0.8086941,0.8139207,0.8139914,0.79235375,0.79562145,0.81398886,0.80682385,0.8021067,0.8126192,0.80655485,0.8001027,0.816188,0.80846524,0.8087986,0.8059506,0.8209684,0.79994684,0.8031895,0.7936104,0.8026544,0.814604,0.7972579,0.783436,0.8144603,0.8052786,0.7984078,0.81160283,0.8264478,0.81108737,0.8030197,0.81014884,0.8133484,0.7860925,0.8059008,0.7918985,0.8078985,0.8068624,0.80971104,0.8064092,0.80132043,0.8171144,0.813205,0.81740236,0.82879573,0.8074907,0.80951726,0.8104662,0.78739715,0.80558634,0.8152108,0.81377095,0.81090224,0.79886204,0.8144358,0.80697554,0.8015522,0.7821053,0.7942561,0.8112918,0.80147326,0.7962023,0.8011095,0.79971963,0.7916079,0.8154849,0.8262349,0.8213416,0.7994834,0.8082628,0.79780805,0.7974582,0.8112804,0.8113417,0.81287545,0.82075644,0.8135543,0.80906016,0.8150695,0.80111146,0.8128271,0.7910608,0.808014,0.8059307,0.80917346,0.79161865,0.80045205,0.8163887,0.80744237,0.8062435,0.80709636,0.7918622,0.8156227,0.8096317,0.80215764,0.8107883,0.80978304,0.81553614,0.7997586,0.8047772,0.785223,0.8096431,0.8077585,0.82300633,0.8026712,0.7947106,0.8259221,0.80310446,0.7982963,0.7920859,0.81012994,0.7927763,0.8062871,0.81367475,0.80822283,0.788712,0.79930925,0.7947396,0.8186509,0.8100027,0.8187049,0.81147754,0.81088877,0.80331326,0.7898728,0.80929625,0.80706996,0.81446856,0.8175596,0.7955621,0.79280216,0.7986498,0.8040167,0.7954986,0.79596585,0.79654264,0.80266964,0.81682664,0.8105227,0.80545133,0.808253,0.8063993,0.8003152,0.7922658,0.789698,0.8027705,0.804602,0.802253,0.80285823,0.8038033,0.80475444,0.8057946,0.80451417,0.8041528,0.80212724,0.8059707,0.8187004,0.81697917,0.8116464,0.8148687,0.8109538,0.79627293,0.811734,0.8004064,0.8194701,0.8031143,0.80305916,0.8065287,0.7904418,0.7947778,0.8103418,0.79858726,0.8076306,0.8068607,0.80835164,0.80998635,0.8073555,0.8194186,0.7964669,0.80844456,0.800483,0.7932535,0.80046695,0.8088012,0.8082426,0.7971858,0.807556,0.8104434,0.82313865,0.818681,0.79964006,0.80771315,0.79747623,0.8062548,0.8127699,0.79633856,0.8064815,0.8166483,0.7959815,0.7954019,0.8196421,0.7923568,0.79142666,0.7971861,0.7919467,0.8057379,0.79392254,0.80647045,0.8210402,0.812364,0.8017362,0.80587953,0.8075097,0.8164177,0.8109571,0.7882222,0.81729895,0.82295936,0.7995683,0.80237246,0.82051575,0.8117636,0.7995105,0.81013787,0.7941017,0.80476165,0.80875635,0.81347746,0.80179167,0.7916862,0.8160446,0.81300193,0.7897793,0.801794,0.79377264,0.8221775,0.80598426,0.7990706,0.8052229,0.80016273,0.8121282,0.81249136,0.80353266,0.8175253,0.7995945,0.8031135,0.8160858,0.786132,0.8034792,0.8014464,0.8246966,0.8264816,0.80191696,0.8110616,0.8062484,0.8101354,0.7921824,0.797524,0.79338145,0.80786866,0.8061372,0.8038543,0.8020979,0.8166323,0.79981107,0.80964863,0.7948062,0.81477755,0.8055765,0.7798074,0.8112465,0.79647493,0.8126624,0.7978892,0.80808645,0.80807877,0.80921644,0.8193314,0.8137612,0.7953836,0.80912524,0.8023686,0.81774276,0.80884767,0.8035966,0.799308,0.797822,0.81259906,0.81178087,0.7928363,0.8225692,0.81425315,0.8037199,0.8100171,0.81278527,0.801612,0.8078754,0.8183208,0.80749136,0.8125518,0.8022295,0.81736445,0.80263,0.8061239,0.7982869,0.7973543,0.79488045,0.8085337,0.81257933,0.8071216,0.8156093,0.8134572,0.80505276,0.80703443,0.8053681,0.7908771,0.80271614,0.8111608,0.8038462,0.80947477,0.8003267,0.79798955,0.81014246,0.79289913,0.8161127,0.80368483,0.8132721,0.80276847,0.79897547,0.7967773,0.81626076,0.80227035,0.8104651,0.8115698,0.79851025,0.8015723,0.8017204,0.7979938,0.8094259,0.8203504,0.8008705,0.8059344,0.7967004,0.79882973,0.79493475,0.8154135,0.81999993,0.80736476,0.81367743,0.7972685,0.80983937,0.80404955,0.8043017,0.8057606,0.8063676,0.80705374,0.8235074,0.8041525,0.80415726,0.7934192,0.79541093,0.8083921,0.8079004,0.799493,0.8119761,0.81031996,0.7824293,0.805108,0.7978728,0.8183196,0.8041273,0.81104136,0.81091636,0.8174608,0.820763,0.8219799,0.7991164,0.8091182,0.80777603,0.80208313,0.8186116,0.8021217,0.802807,0.7865732,0.8039333,0.80205834,0.7916902,0.80862767,0.8163152,0.78106403,0.7928983,0.8017451,0.8095492,0.7934334,0.7995319,0.80203545,0.8038752,0.8023513,0.799344,0.8073598,0.80784655,0.797244,0.79565954,0.80279833,0.78017503,0.80267805,0.796319,0.8002938,0.81406105,0.7979317,0.7973475,0.80721974,0.81323636,0.8204631,0.8079695,0.8171651,0.8178526,0.79844755,0.8195474,0.8127465,0.8060311,0.8094717,0.799592,0.8220643,0.81945205,0.8117674,0.79559183,0.8115428,0.81672764,0.8111423,0.7927098,0.81400263,0.8114976,0.789358,0.8017024,0.8039681,0.8122664,0.8079216,0.79738224,0.78728175,0.8091646,0.80869615,0.802508,0.80385697,0.8062762,0.8161256,0.7893036,0.81795466,0.8034769,0.8071642,0.803381,0.816181,0.8194294,0.80133635,0.81544876,0.7981329,0.8247137,0.7887046,0.8176541,0.81769925,0.810916,0.8073523,0.79901797,0.8040521,0.7850541,0.810608,0.814209,0.782179,0.78749394,0.80680346,0.7962217,0.80797803,0.8024057,0.80602133,0.7974857,0.820083,0.8008693,0.8034265,0.80321556,0.809682,0.8084916,0.799692,0.8084075,0.7942643,0.81175417,0.8146355,0.80972505,0.8110037,0.8125599,0.7945693,0.80045027,0.80840397,0.8136242,0.8220741,0.8073783,0.7993379,0.79593444,0.81949854,0.8083961,0.81462204,0.8110113,0.80118537,0.7985489,0.79498297,0.8088833,0.81237984,0.8040162,0.7893422,0.80309725,0.812091,0.8164253,0.79303885,0.77758944,0.813662,0.81774175,0.8046088,0.79955703,0.82109153,0.8050554,0.81157976,0.81836635,0.80298287,0.80488765,0.7860184,0.8013899,0.8066287,0.8173151,0.79946506,0.8173838,0.796081,0.8079631,0.8025837,0.79683566,0.8126904,0.8003864,0.80424386,0.8184961,0.7976866,0.8106438,0.80760235,0.78480476,0.80878896,0.8020665,0.79839754,0.79042846,0.8129047,0.80668247,0.7962474,0.7915121,0.81204355,0.8197592,0.8017633,0.8091562,0.80314285,0.78987265,0.8009474,0.81048834,0.81190383,0.80059934,0.78994817,0.7959477,0.79705137,0.79398966,0.8011089,0.81161994,0.80255836,0.7949231,0.8068166,0.7983312,0.80240375,0.8070921,0.7987389,0.81914216,0.7976974,0.7934461,0.8045589,0.8198279,0.784863,0.80447143,0.80237174,0.822796,0.8044781,0.7933854,0.8008194,0.8024224,0.80177206,0.7949939,0.8109562,0.81368506,0.8087693,0.80313104,0.79882985,0.7961449,0.807752,0.8153978,0.8022637,0.81236494,0.7898946,0.79554445,0.80397874,0.80226433,0.7940959,0.7949366,0.8069037,0.80619246,0.82314575,0.80398786,0.79499793,0.8035138,0.80980283,0.804834,0.8001213,0.7933446,0.8032609,0.8129328,0.819059,0.7922305,0.80441195,0.8009979,0.8264927,0.7979121,0.8124271,0.79379874,0.8104358,0.78765756,0.80689883,0.81135213,0.80936396,0.79822075,0.79885834,0.81050444,0.8047086,0.8068047,0.80655164,0.80595666,0.7951852,0.8100843,0.8086363,0.77514374,0.7987926,0.81328946,0.81473047,0.80070055,0.79433787,0.8042976,0.79768616,0.7978412,0.80875057,0.8362796,0.79668236,0.79232097,0.80363643,0.81431675,0.80032575,0.8032833,0.80792934,0.79668117,0.7941469,0.8027914,0.78841287,0.8012407,0.80693465,0.8091494,0.81121296,0.81629395,0.7845821,0.8092497,0.79614645,0.8046544,0.8022743,0.80611175,0.80371463,0.8178797,0.80804515,0.80418485,0.8246846,0.7920265,0.81078637,0.8075238,0.8028537,0.8135133,0.8151146,0.80367166,0.8072392,0.8035691,0.7927049,0.812766,0.81115055,0.8008642,0.8084231,0.81320375,0.82624775,0.8058196,0.81888896,0.7958671,0.79041755,0.8063094,0.8013857,0.8043045,0.79881454,0.8015252,0.8287074,0.8055645,0.80728775,0.80684257,0.808603,0.8088502,0.80811447,0.7910561,0.7959217,0.8110791,0.8112878,0.81340986,0.8188328,0.82913995,0.8215178,0.7976857,0.8046771,0.80070776,0.8142149,0.80515134,0.80991906,0.8045149,0.79987127,0.8028096,0.8224072,0.7989474,0.7847273,0.8073837,0.80145293,0.80274135,0.80791175,0.79021037,0.8021951,0.8072626,0.8168193,0.8129271,0.82052517,0.8067885,0.8097212,0.8190266,0.8129422,0.80847603,0.80656207,0.7960609,0.8021501,0.8091618,0.79821396,0.7885152,0.80367,0.80218035,0.7968608,0.7931632,0.79662496,0.80691725,0.81908506,0.78924376,0.79908407,0.811894,0.8074647,0.81127983,0.796273,0.80296373,0.8194505,0.8187706,0.80312157,0.8018143,0.80607665,0.80505735,0.7932662,0.8168781,0.790991,0.80281055,0.802459,0.78942305,0.79521513,0.81119895,0.80653834,0.7996229,0.7898338,0.7974278,0.79358935,0.81899804
0.6736335,0.66190606,0.6622926,0.65957695,0.66337174,0.6671066,0.65948576,0.6569491,0.66398215,0.66567934,0.67428535,0.66022325,0.65773916,0.66470057,0.64351624,0.6537354,0.66604716,0.6621521,0.6517494,0.66624224,0.656938,0.65621126,0.66608495,0.64219177,0.66933686,0.66050416,0.67048514,0.6769634,0.66390795,0.6663338,0.6730074,0.66647273,0.6650111,0.664421,0.6623039,0.67438394,0.6597022,0.6717734,0.65851486,0.66100615,0.6594199,0.6407025,0.6523015,0.6623893,0.65719885,0.6733441,0.6556555,0.6518342,0.66672,0.669383,0.65065503,0.65993637,0.667315,0.6710321,0.6623146,0.6658057,0.66106576,0.6587745,0.66834193,0.65434253,0.66384447,0.6696991,0.66291046,0.66539305,0.6655659,0.66702414,0.6553087,0.66000146,0.6683253,0.6555006,0.68211925,0.65380263,0.6588661,0.66077363,0.668033,0.6722278,0.66443396,0.65723157,0.6642904,0.6505665,0.6680731,0.66442513,0.6544069,0.66930765,0.66277146,0.6696227,0.66765106,0.66514224,0.6755,0.6579209,0.65637076,0.6653332,0.6604419,0.6777627,0.65500367,0.66899633,0.64666367,0.67713183,0.6666595,0.67664313,0.67116493,0.6453766,0.65779847,0.6462108,0.64750683,0.65789545,0.67751205,0.6609182,0.6501327,0.66357464,0.65727293,0.6518077,0.6616775,0.64943236,0.6694336,0.67252326,0.6575726,0.66417116,0.6555348,0.6513463,0.6633529,0.6754436,0.6669155,0.6407494,0.6620061,0.66014206,0.65069693,0.6671067,0.66147166,0.6672306,0.6686885,0.66383237,0.6620233,0.6516978,0.6570893,0.66440946,0.67651874,0.6583491,0.6669642,0.65261084,0.6736943,0.65716696,0.66307986,0.6822725,0.6400924,0.6554895,0.6642001,0.6667985,0.66319597,0.66684794,0.67857677,0.6559823,0.65309066,0.67214274,0.66194636,0.65295464,0.64063936,0.66479397,0.64740616,0.6595822,0.67696196,0.6602091,0.6673872,0.6729893,0.64622635,0.66318804,0.6650938,0.67206883,0.65278447,0.6655831,0.681478,0.6551686,0.6733727,0.661373,0.6676402,0.6684387,0.6591522,0.66650134,0.6307773,0.6556868,0.6740143,0.67707235,0.6602292,0.67973006,0.6751904,0.66825235,0.65387964,0.6513498,0.6509429,0.6488271,0.640137,0.65153766,0.6678885,0.67257947,0.68373346,0.65932906,0.6616707,0.65766335,0.6603873,0.66352415,0.647678,0.6595462,0.6586097,0.66816443,0.6619214,0.65538496,0.66470605,0.6496593,0.674405,0.6611376,0.6602787,0.676458,0.6581376,0.66033524,0.6580047,0.66612613,0.6610035,0.6628146,0.66586846,0.6617557,0.6607772,0.663183,0.6638813,0.6798689,0.654431,0.6683763,0.6665503,0.67720246,0.6657447,0.6651641,0.66542923,0.6651962,0.6568234,0.6702787,0.6628147,0.65972465,0.6488812,0.6487108,0.66986036,0.65567535,0.6463148,0.6776956,0.66076094,0.66673154,0.675747,0.6672937,0.67399025,0.6557108,0.6602331,0.6750801,0.65489864,0.6528633,0.64541996,0.66992706,0.6556174,0.6495532,0.66152894,0.65583223,0.67382634,0.6634511,0.6540354,0.67020595,0.67060953,0.67041534,0.6496053,0.6511061,0.6651497,0.6814945,0.6817433,0.6855345,0.6450291,0.6658174,0.67296535,0.64425874,0.6367972,0.66835535,0.6699323,0.6651809,0.6489757,0.67622405,0.6669529,0.6621101,0.68513316,0.6708667,0.6685677,0.6556407,0.6691525,0.66441643,0.6624842,0.66692865,0.6676583,0.6632019,0.66844994,0.6712678,0.6679358,0.6669147,0.66364926,0.67584413,0.6482114,0.6472541,0.6709875,0.6645658,0.667759,0.6855537,0.6601906,0.6692076,0.66688365,0.66005194,0.6597782,0.6641615,0.6640371,0.6641806,0.6716241,0.6557652,0.6673176,0.6565601,0.66204333,0.66162556,0.6643522,0.66489714,0.6618265,0.65875715,0.6645556,0.6694748,0.66269684,0.63922864,0.6590865,0.6647273,0.65211976,0.6652037,0.66790766,0.6688981,0.6733694,0.6606641,0.64925236,0.656021,0.68140197,0.6691556,0.67865634,0.67114025,0.65386367,0.65972173,0.65707546,0.67155385,0.66918236,0.66439956,0.66572374,0.64942735,0.6652311,0.6586529,0.6583713,0.6506473,0.6515288,0.6688192,0.6643287,0.67000073,0.66700566,0.6569283,0.6701077,0.6774138,0.66011274,0.650214,0.6492018,0.65044856,0.6538673,0.6666908,0.6700056,0.6665846,0.6669712,0.6665141,0.6493166,0.650882,0.66205245,0.6747079,0.66510874,0.6767203,0.66359496,0.6748231,0.65255183,0.6646389,0.65136874,0.6720961,0.66262823,0.66864854,0.66128075,0.66228163,0.6410051,0.66840917,0.65097743,0.66848755,0.6459193,0.67957234,0.66773784,0.6671041,0.6829803,0.65297186,0.66166264,0.65360004,0.65953803,0.6464665,0.6579597,0.6758568,0.65489656,0.6631342,0.667967,0.6688412,0.67422473,0.64531314,0.65585244,0.6465674,0.6669095,0.65767294,0.6536752,0.6477054,0.66629195,0.6503823,0.65847886,0.6590901,0.65512824,0.65518594,0.6349406,0.64257425,0.654239,0.6584899,0.6610904,0.66746163,0.6559368,0.65596056,0.6687302,0.6735234,0.6746717,0.6613781,0.6624843,0.67577034,0.66216016,0.66216797,0.6542163,0.6642842,0.6724818,0.65509135,0.66956705,0.6317496,0.6670724,0.66263014,0.6820895,0.6672271,0.6333029,0.666431,0.66063035,0.65518343,0.66330725,0.6515541,0.6759851,0.6619205,0.6644616,0.66885614,0.66488266,0.6705974,0.6669992,0.65316796,0.6705487,0.6602257,0.6662772,0.6695475,0.65048945,0.66478467,0.66108024,0.68233943,0.68136317,0.6548747,0.66300935,0.65725416,0.6818426,0.6470687,0.6555142,0.66504943,0.66074914,0.6622349,0.66539973,0.673617,0.66721624,0.660571,0.6680027,0.64788675,0.67056865,0.65442455,0.63439715,0.6617112,0.650597,0.674861,0.65350944,0.6476502,0.66019493,0.674984,0.6645602,0.65167934,0.6505263,0.6598138,0.6634884,0.6678415,0.6855575,0.6663229,0.65281206,0.6609339,0.67569435,0.66449326,0.6666549,0.6705243,0.6598231,0.6693734,0.6711823,0.6654551,0.65165323,0.6594429,0.6723728,0.6598055,0.6684116,0.6551346,0.6798664,0.64684594,0.66973,0.66356486,0.6672367,0.6564323,0.66506034,0.66435045,0.6589776,0.6634192,0.6812578,0.6611411,0.66686153,0.6652662,0.6607655,0.6550065,0.6660233,0.6573955,0.66336083,0.6591818,0.64793265,0.67372257,0.66180694,0.67024165,0.6691667,0.67382604,0.65757775,0.6586598,0.6596331,0.66743666,0.6489855,0.6548623,0.6671802,0.658294,0.65390515,0.6491515,0.6572739,0.66470784,0.6778843,0.6491536,0.6455823,0.6665793,0.6501464,0.64165163,0.67747676,0.6731774,0.66334975,0.67918897,0.6501306,0.671114,0.66480476,0.6489721,0.66439086,0.6471235,0.6696078,0.66779023,0.6558957,0.67296624,0.6676478,0.6503758,0.67037874,0.65976363,0.6689126,0.66994053,0.67563266,0.65004015,0.653489,0.6566095,0.6779257,0.6459738,0.66808945,0.6778898,0.66799444,0.66489995,0.67997,0.6565249,0.66650206,0.6701042,0.668961,0.6637958,0.6568967,0.6522157,0.64177287,0.6585323,0.66389877,0.64076585,0.6602279,0.69158316,0.64498174,0.64694726,0.6511133,0.67095125,0.66013443,0.6678527,0.6689753,0.67604023,0.6497961,0.64003897,0.655743,0.66320705,0.66066563,0.6631105,0.670131,0.63781303,0.66742235,0.66445553,0.6580849,0.6644485,0.66058034,0.6457112,0.6606003,0.6564349,0.6903655,0.65697193,0.6611131,0.6617446,0.6559626,0.6657623,0.65974474,0.66661537,0.6646721,0.66535217,0.6761576,0.67400503,0.65821785,0.65143317,0.6753536,0.6710925,0.6725344,0.6566167,0.65863746,0.6711815,0.6670001,0.6755887,0.65950555,0.6842798,0.65938,0.6645161,0.64857775,0.6774548,0.6712936,0.6599118,0.6555897,0.65822655,0.6726518,0.6469703,0.6879955,0.6612097,0.6554687,0.6529794,0.6653776,0.68391204,0.64752173,0.6750216,0.65618736,0.66354257,0.6355226,0.6553346,0.6666563,0.664151,0.66016424,0.6508885,0.6538409,0.6593586,0.6762109,0.6755191,0.6412246,0.65918106,0.6527382,0.6598169,0.65824866,0.6660022,0.6587642,0.67046446,0.6774129,0.6615112,0.67323685,0.64856094,0.6597174,0.66700417,0.66483104,0.6643485,0.6441829,0.6640013,0.6668928,0.6741027,0.65792996,0.6653757,0.6494853,0.6702267,0.665607,0.65987515,0.6693345,0.65726584,0.662994,0.65994287,0.67725927,0.6635465,0.6613747,0.66428185,0.6570125,0.66141,0.65699303,0.6577492,0.6593466,0.65690917,0.64272475,0.6530615,0.67076933,0.6646479,0.665109,0.6433836,0.65529895,0.6635109,0.65410227,0.64715844,0.6662424,0.65930855,0.66968614,0.67671525,0.6779084,0.6615848,0.64744914,0.66779286,0.6708698,0.6563002,0.6464908,0.6686579,0.6379129,0.67207295,0.656351,0.6660543,0.6592901,0.6815746,0.66947085,0.66527396,0.6470013,0.6563206,0.678102,0.63000655,0.67693216,0.6739582,0.6460019,0.66745293,0.66548073,0.6621098,0.6688546,0.65153825,0.6626348,0.6536267,0.64871097,0.67160136,0.6539905,0.65672666,0.65567833,0.67133236,0.6629493,0.64924836,0.64201885,0.6589356,0.65135014,0.65933377,0.6565433,0.65478945,0.6589378,0.6579757,0.66021854,0.6586356,0.65640086,0.6824053,0.6450199,0.6536554,0.65339005,0.64049804,0.6657214,0.6717746,0.65901804,0.6488379,0.65861547,0.6859692,0.6555471,0.6510733,0.6624442,0.66375595,0.6690729,0.665038,0.6558634,0.6551461,0.6562784,0.6608783,0.6618477,0.66009533,0.6554069,0.6716545,0.670293,0.6675456,0.66018873,0.65223557,0.64994645,0.6651494,0.64877594,0.66306365,0.6496505,0.6463581,0.6639239,0.6630926,0.6598171,0.65553975,0.66392714,0.65646493,0.6574388,0.6557702,0.6672388,0.66760993,0.6665965,0.64708906,0.6576273,0.660755,0.677831,0.6584398,0.66223395,0.6551217,0.66840947,0.64761734,0.66127527,0.6568287,0.6589675,0.65658826,0.6699951,0.6723145,0.66357195,0.66070956,0.66985506,0.650498,0.66310173,0.6594681,0.6641103,0.6454238,0.6502931,0.65875524,0.67240596,0.6459235,0.661543,0.6669737,0.65913093,0.64386755,0.66539615,0.6990021,0.66773117,0.6495495,0.65441024,0.6552433,0.6548348,0.6542191,0.6737477,0.647234,0.6637936,0.6526205,0.65758455,0.6593021,0.6686185,0.67388016,0.6688609,0.67914575,0.65360206,0.6631239,0.6574727,0.6707355,0.6641534,0.66802496,0.6673863,0.6786441,0.65495384,0.681093,0.6757195,0.6541098,0.67651004,0.6684294,0.6504662,0.6625813,0.67308044,0.6547749,0.65767914,0.6689664,0.6603675,0.6641539,0.66507405,0.6573472,0.6663333,0.6617025,0.68763876,0.66943944,0.6744667,0.660981,0.661769,0.6544739,0.6656747,0.6653801,0.6753862,0.65023637,0.6772163,0.66831064,0.6558202,0.659312,0.66917986,0.66529894,0.6605816,0.66104245,0.6535261,0.68436164,0.668088,0.6641333,0.6655045,0.6742683,0.6728729,0.649345,0.668782,0.6621193,0.6557716,0.6565237,0.6546417,0.6736394,0.65509546,0.67258626,0.67072546,0.65656763,0.6615532,0.66282713,0.6604417,0.65276474,0.6595877,0.6583493,0.65154755,0.6651942,0.6601746,0.6732324,0.6838342,0.6655458,0.6626602,0.6748381,0.65638155,0.65261745,0.6657222,0.6629737,0.6615579,0.66693145,0.6663255,0.6469985,0.65782696,0.65769213,0.65985554,0.64775354,0.67244273,0.66441464,0.67477506,0.6514859,0.6492513,0.6826342,0.6666715,0.6681907,0.679355,0.6748108,0.6659888,0.6648685,0.670004,0.65912783,0.66218674,0.65504235,0.672933,0.6548747,0.65348506,0.66397697,0.65503246,0.65427005,0.65325165,0.682719,0.6871989,0.6584509,0.65127933,0.66015553,0.65010804,0.6709711
0.0,0.0,0.0,0.0,0.0,0.0,0.0,0.0,0.0,0.0,0.0,0.0,0.0,0.0,0.0,0.0,0.0,0.0,0.0,0.0,0.0,0.0,0.0,0.0,0.0,0.0,0.0,0.0,0.0,0.0,0.0,0.0,0.0,0.0,0.0,0.0,0.0,0.0,0.0,0.0,0.0,0.0,0.0,0.0,0.0,0.0,0.0,0.0,0.0,0.0,0.0,0.0,0.0,0.0,0.0,0.0,0.0,0.0,0.0,0.0,0.0,0.0,0.0,0.0,0.0,0.0,0.0,0.0,0.0,0.0,0.0,0.0,0.0,0.0,0.0,0.0,0.0,0.0,0.0,0.0,0.0,0.0,0.0,0.0,0.0,0.0,0.0,0.0,0.0,0.0,0.0,0.0,0.0,0.0,0.0,0.0,0.0,0.0,0.0,0.0,0.0,0.0,0.0,0.0,0.0,0.0,0.0,0.0,0.0,0.0,0.0,0.0,0.0,0.0,0.0,0.0,0.0,0.0,0.0,0.0,0.0,0.0,0.0,0.0,0.0,0.0,0.0,0.0,0.0,0.0,0.0,0.0,0.0,0.0,0.0,0.0,0.0,0.0,0.0,0.0,0.0,0.0,0.0,0.0,0.0,0.0,0.0,0.0,0.0,0.0,0.0,0.0,0.0,0.0,0.0,0.0,0.0,0.0,0.0,0.0,0.0,0.0,0.0,0.0,0.0,0.0,0.0,0.0,0.0,0.0,0.0,0.0,0.0,0.0,0.0,0.0,0.0,0.0,0.0,0.0,0.0,0.0,0.0,0.0,0.0,0.0,0.0,0.0,0.0,0.0,0.0,0.0,0.0,0.0,0.0,0.0,0.0,0.0,0.0,0.0,0.0,0.0,0.0,0.0,0.0,0.0,0.0,0.0,0.0,0.0,0.0,0.0,0.0,0.0,0.0,0.0,0.0,0.0,0.0,0.0,0.0,0.0,0.0,0.0,0.0,0.0,0.0,0.0,0.0,0.0,0.0,0.0,0.0,0.0,0.0,0.0,0.0,0.0,0.0,0.0,0.0,0.0,0.0,0.0,0.0,0.0,0.0,0.0,0.0,0.0,0.0,0.0,0.0,0.0,0.0,0.0,0.0,0.0,0.0,0.0,0.0,0.0,0.0,0.0,0.0,0.0,0.0,0.0,0.0,0.0,0.0,0.0,0.0,0.0,0.0,0.0,0.0,0.0,0.0,0.0,0.0,0.0,0.0,0.0,0.0,0.0,0.0,0.0,0.0,0.0,0.0,0.0,0.0,0.0,0.0,0.0,0.0,0.0,0.0,0.0,0.0,0.0,0.0,0.0,0.0,0.0,0.0,0.0,0.0,0.0,0.0,0.0,0.0,0.0,0.0,0.0,0.0,0.0,0.0,0.0,0.0,0.0,0.0,0.0,0.0,0.0,0.0,0.0,0.0,0.0,0.0,0.0,0.0,0.0,0.0,0.0,0.0,0.0,0.0,0.0,0.0,0.0,0.0,0.0,0.0,0.0,0.0,0.0,0.0,0.0,0.0,0.0,0.0,0.0,0.0,0.0,0.0,0.0,0.0,0.0,0.0,0.0,0.0,0.0,0.0,0.0,0.0,0.0,0.0,0.0,0.0,0.0,0.0,0.0,0.0,0.0,0.0,0.0,0.0,0.0,0.0,0.0,0.0,0.0,0.0,0.0,0.0,0.0,0.0,0.0,0.0,0.0,0.0,0.0,0.0,0.0,0.0,0.0,0.0,0.0,0.0,0.0,0.0,0.0,0.0,0.0,0.0,0.0,0.0,0.0,0.0,0.0,0.0,0.0,0.0,0.0,0.0,0.0,0.0,0.0,0.0,0.0,0.0,0.0,0.0,0.0,0.0,0.0,0.0,0.0,0.0,0.0,0.0,0.0,0.0,0.0,0.0,0.0,0.0,0.0,0.0,0.0,0.0,0.0,0.0,0.0,0.0,0.0,0.0,0.0,0.0,0.0,0.0,0.0,0.0,0.0,0.0,0.0,0.0,0.0,0.0,0.0,0.0,0.0,0.0,0.0,0.0,0.0,0.0,0.0,0.0,0.0,0.0,0.0,0.0,0.0,0.0,0.0,0.0,0.0,0.0,0.0,0.0,0.0,0.0,0.0,0.0,0.0,0.0,0.0,0.0,0.0,0.0,0.0,0.0,0.0,0.0,0.0,0.0,0.0,0.0,0.0,0.0,0.0,0.0,0.0,0.0,0.0,0.0,0.0,0.0,0.0,0.0,0.0,0.0,0.0,0.0,0.0,0.0,0.0,0.0,0.0,0.0,0.0,0.0,0.0,0.0,0.0,0.0,0.0,0.0,0.0,0.0,0.0,0.0,0.0,0.0,0.0,0.0,0.0,0.0,0.0,0.0,0.0,0.0,0.0,0.0,0.0,0.0,0.0,0.0,0.0,0.0,0.0,0.0,0.0,0.0,0.0,0.0,0.0,0.0,0.0,0.0,0.0,0.0,0.0,0.0,0.0,0.0,0.0,0.0,0.0,0.0,0.0,0.0,0.0,0.0,0.0,0.0,0.0,0.0,0.0,0.0,0.0,0.0,0.0,0.0,0.0,0.0,0.0,0.0,0.0,0.0,0.0,0.0,0.0,0.0,0.0,0.0,0.0,0.0,0.0,0.0,0.0,0.0,0.0,0.0,0.0,0.0,0.0,0.0,0.0,0.0,0.0,0.0,0.0,0.0,0.0,0.0,0.0,0.0,0.0,0.0,0.0,0.0,0.0,0.0,0.0,0.0,0.0,0.0,0.0,0.0,0.0,0.0,0.0,0.0,0.0,0.0,0.0,0.0,0.0,0.0,0.0,0.0,0.0,0.0,0.0,0.0,0.0,0.0,0.0,0.0,0.0,0.0,0.0,0.0,0.0,0.0,0.0,0.0,0.0,0.0,0.0,0.0,0.0,0.0,0.0,0.0,0.0,0.0,0.0,0.0,0.0,0.0,0.0,0.0,0.0,0.0,0.0,0.0,0.0,0.0,0.0,0.0,0.0,0.0,0.0,0.0,0.0,0.0,0.0,0.0,0.0,0.0,0.0,0.0,0.0,0.0,0.0,0.0,0.0,0.0,0.0,0.0,0.0,0.0,0.0,0.0,0.0,0.0,0.0,0.0,0.0,0.0,0.0,0.0,0.0,0.0,0.0,0.0,0.0,0.0,0.0,0.0,0.0,0.0,0.0,0.0,0.0,0.0,0.0,0.0,0.0,0.0,0.0,0.0,0.0,0.0,0.0,0.0,0.0,0.0,0.0,0.0,0.0,0.0,0.0,0.0,0.0,0.0,0.0,0.0,0.0,0.0,0.0,0.0,0.0,0.0,0.0,0.0,0.0,0.0,0.0,0.0,0.0,0.0,0.0,0.0,0.0,0.0,0.0,0.0,0.0,0.0,0.0,0.0,0.0,0.0,0.0,0.0,0.0,0.0,0.0,0.0,0.0,0.0,0.0,0.0,0.0,0.0,0.0,0.0,0.0,0.0,0.0,0.0,0.0,0.0,0.0,0.0,0.0,0.0,0.0,0.0,0.0,0.0,0.0,0.0,0.0,0.0,0.0,0.0,0.0,0.0,0.0,0.0,0.0,0.0,0.0,0.0,0.0,0.0,0.0,0.0,0.0,0.0,0.0,0.0,0.0,0.0,0.0,0.0,0.0,0.0,0.0,0.0,0.0,0.0,0.0,0.0,0.0,0.0,0.0,0.0,0.0,0.0,0.0,0.0,0.0,0.0,0.0,0.0,0.0,0.0,0.0,0.0,0.0,0.0,0.0,0.0,0.0,0.0,0.0,0.0,0.0,0.0,0.0,0.0,0.0,0.0,0.0,0.0,0.0,0.0,0.0,0.0,0.0,0.0,0.0,0.0,0.0,0.0,0.0,0.0,0.0,0.0,0.0,0.0,0.0,0.0,0.0,0.0,0.0,0.0,0.0,0.0,0.0,0.0,0.0,0.0,0.0,0.0,0.0,0.0,0.0,0.0,0.0,0.0,0.0,0.0,0.0,0.0,0.0,0.0,0.0,0.0,0.0,0.0,0.0,0.0,0.0,0.0,0.0,0.0,0.0,0.0,0.0,0.0,0.0,0.0,0.0,0.0,0.0,0.0,0.0,0.0,0.0,0.0,0.0,0.0,0.0,0.0,0.0,0.0,0.0,0.0,0.0,0.0,0.0,0.0,0.0,0.0,0.0,0.0,0.0,0.0,0.0,0.0,0.0,0.0,0.0,0.0,0.0,0.0,0.0,0.0,0.0,0.0,0.0,0.0,0.0,0.0,0.0,0.0,0.0,0.0,0.0,0.0,0.0,0.0,0.0,0.0,0.0,0.0,0.0,0.0,0.0,0.0,0.0,0.0,0.0,0.0,0.0,0.0,0.0,0.0,0.0,0.0,0.0
0.924206,0.920964,0.92749524,0.925517,0.9149512,0.91164017,0.9277889,0.9142992,0.9100973,0.9248003,0.9282776,0.91154194,0.91187084,0.9130081,0.9296403,0.9220325,0.9264469,0.92330265,0.92463714,0.9218753,0.9328119,0.9302751,0.91607255,0.9221681,0.91869736,0.92304134,0.9261849,0.9266258,0.9154523,0.92996156,0.92391545,0.9268272,0.9207063,0.9151171,0.91932297,0.9074251,0.9288987,0.9244486,0.90420634,0.93102497,0.9174959,0.90922314,0.9345965,0.9145591,0.90990436,0.9230883,0.91297996,0.9298153,0.92196417,0.93854505,0.91660184,0.92041755,0.9286516,0.92549825,0.91643924,0.92944396,0.92269385,0.9359219,0.9241631,0.91591066,0.9174725,0.916568,0.91230357,0.928871,0.92892045,0.9109444,0.92362803,0.92018235,0.92649007,0.9248549,0.9220282,0.9139021,0.914503,0.93215555,0.93654346,0.93037444,0.91487384,0.9115595,0.92060137,0.9175472,0.9275715,0.9190636,0.90704936,0.91351026,0.93177676,0.9313764,0.921495,0.9272912,0.9259556,0.91568244,0.93265605,0.91293937,0.9214792,0.9378396,0.92454684,0.92193305,0.9021055,0.91429734,0.9309757,0.92774594,0.918755,0.92165774,0.9027347,0.92632586,0.9009855,0.9138113,0.9358097,0.89926356,0.9124546,0.90255105,0.9114805,0.91299766,0.92615527,0.91316146,0.92954844,0.93443936,0.9136698,0.93152654,0.92331475,0.9119068,0.92220527,0.93237484,0.9187802,0.9124938,0.9129652,0.9142424,0.9149357,0.9287253,0.92387027,0.92586106,0.91414845,0.9243371,0.9246541,0.9064938,0.9176222,0.9141209,0.9199717,0.9306289,0.9246844,0.9147179,0.9297237,0.9094381,0.9193929,0.92065156,0.9243733,0.93038154,0.91848475,0.92950606,0.92508596,0.92330796,0.9331099,0.9138205,0.91555184,0.9365868,0.927234,0.92059344,0.9124551,0.93196076,0.91827166,0.9138956,0.9272296,0.9225782,0.9246614,0.91091835,0.9289005,0.91379696,0.9293422,0.9165272,0.9218135,0.9162491,0.9258518,0.9122676,0.92422104,0.92352325,0.9274486,0.92339987,0.9281378,0.9225156,0.90890414,0.9096698,0.9123623,0.9181315,0.92583925,0.9372123,0.9219732,0.91080517,0.91298866,0.91950566,0.92281836,0.92021537,0.9258795,0.9276824,0.9152657,0.9173538,0.92080736,0.9126924,0.92158043,0.9165071,0.9197918,0.92001694,0.9208431,0.92429864,0.91760695,0.9240256,0.92147917,0.9229859,0.90661776,0.9129134,0.92359245,0.9195785,0.9229804,0.9314884,0.90759224,0.9110896,0.9260789,0.92273486,0.92269117,0.91780335,0.9073926,0.90418243,0.9332651,0.9223917,0.9145973,0.9292042,0.90789676,0.9250594,0.91828156,0.92705816,0.9196358,0.921591,0.90864116,0.9203381,0.9306457,0.9130469,0.91096175,0.91479635,0.93064266,0.91416085,0.9285423,0.91835207,0.9072976,0.9139847,0.91047,0.9184763,0.9221118,0.9184743,0.9147137,0.9279562,0.9218505,0.9277163,0.91264564,0.92365545,0.92451,0.91152716,0.93418205,0.92582417,0.92781997,0.91560566,0.9348495,0.9326012,0.92403257,0.9154293,0.92778885,0.9316549,0.9215169,0.91842985,0.92582273,0.9321994,0.9454763,0.9234365,0.92385256,0.9047752,0.9126495,0.90612215,0.9221394,0.922473,0.9300517,0.9223074,0.9143085,0.9134602,0.9181502,0.9115491,0.937533,0.9338542,0.90712047,0.916265,0.91651404,0.92158663,0.9126189,0.92863977,0.92275745,0.93688583,0.9203781,0.92675436,0.931458,0.92108256,0.91193366,0.92855513,0.91401327,0.93244,0.9111349,0.9205543,0.9104526,0.92461824,0.9230144,0.9277642,0.9412075,0.92873406,0.91387427,0.92255473,0.916582,0.92753196,0.91449225,0.91513234,0.9279645,0.9205722,0.92513925,0.908982,0.9046698,0.91248053,0.9234076,0.9163231,0.92087597,0.9214003,0.90949917,0.9060532,0.92038697,0.93070465,0.91937625,0.9167765,0.9260069,0.9355282,0.93204945,0.91331255,0.9185057,0.91323745,0.9162737,0.92421216,0.9239195,0.9151997,0.927125,0.91832983,0.92094487,0.9237517,0.93272275,0.9266509,0.91745585,0.92088884,0.9230417,0.9183373,0.924391,0.9213276,0.9091665,0.9203503,0.9344321,0.9143679,0.94009167,0.9095307,0.9198624,0.93093836,0.9124225,0.9257703,0.9117343,0.9245713,0.90997905,0.92776424,0.9230846,0.9208748,0.91786873,0.92129105,0.92147976,0.91899025,0.92344195,0.9245789,0.9214654,0.91469514,0.91808045,0.9321906,0.92469543,0.9197466,0.9148918,0.93066514,0.9204794,0.92898864,0.93124735,0.9217981,0.91790026,0.9296269,0.9172905,0.9216076,0.90867597,0.91804993,0.9110944,0.91413295,0.9287958,0.9280859,0.93316627,0.92125815,0.920725,0.92672545,0.913175,0.93314666,0.9342157,0.9184301,0.92561597,0.924634,0.92010415,0.9158278,0.92402554,0.9083748,0.9161911,0.9350258,0.9227351,0.9233598,0.9161022,0.9231272,0.9281409,0.92035276,0.9246555,0.91995764,0.9253695,0.92241234,0.9190021,0.9123944,0.9206329,0.92776906,0.9261023,0.9144657,0.92483515,0.916272,0.9260171,0.93215835,0.9326217,0.9246267,0.94056624,0.91239625,0.9180967,0.9190499,0.9173141,0.91113997,0.93496186,0.937754,0.923494,0.93574405,0.9439725,0.9204783,0.91208553,0.9098169,0.92471755,0.9180466,0.9248521,0.92027843,0.91586703,0.92770636,0.9207985,0.92943764,0.9224905,0.91780615,0.9237048,0.9181208,0.913335,0.91614705,0.9103343,0.93876284,0.91821533,0.92339295,0.92201746,0.9242544,0.92229474,0.9170002,0.92501694,0.92007565,0.92787504,0.90759933,0.92415243,0.9176614,0.91866165,0.9219545,0.93735504,0.91440547,0.91537946,0.91970545,0.9222704,0.9220499,0.9201581,0.9179331,0.91521084,0.90982634,0.92433107,0.91827327,0.9141082,0.9244815,0.9232056,0.9380734,0.91663754,0.9113644,0.92680186,0.9122715,0.9283112,0.93257576,0.92668325,0.9310896,0.92672396,0.9196729,0.92423093,0.9284079,0.9102019,0.9205939,0.9210274,0.9216135,0.9162525,0.92253643,0.906793,0.9176281,0.920193,0.9247789,0.92519253,0.9034123,0.93355656,0.92819273,0.9218135,0.9180699,0.91978544,0.9193797,0.9314067,0.9227073,0.91831243,0.9135891,0.93479735,0.92234033,0.9214293,0.91858053,0.91091627,0.9249805,0.91571236,0.9235705,0.9332643,0.9298947,0.90616184,0.93704385,0.9183634,0.9173039,0.89715034,0.9337485,0.9208282,0.91019,0.91038406,0.9159356,0.9146029,0.91096133,0.91372174,0.91768014,0.90606,0.9126406,0.926368,0.92267925,0.9187416,0.93301165,0.91101474,0.9262663,0.90881515,0.92483264,0.91501915,0.9247022,0.91033685,0.9233764,0.9272404,0.9215836,0.9216994,0.934893,0.9319138,0.9172435,0.92036813,0.92569935,0.9155328,0.9232197,0.9168847,0.9251859,0.9301417,0.936285,0.9344166,0.91859716,0.91990614,0.9192057,0.94170076,0.91405296,0.9274085,0.92001396,0.927882,0.9181589,0.9208072,0.92038983,0.9253291,0.92495555,0.92598176,0.93098295,0.93400586,0.929376,0.913055,0.9282755,0.92452544,0.92475945,0.92281115,0.9133002,0.9067955,0.92886436,0.9155511,0.91406333,0.91077596,0.9210868,0.9322461,0.92469376,0.92003304,0.92484933,0.9087454,0.91319823,0.9226524,0.92095566,0.9211004,0.9286533,0.9232872,0.9266161,0.9261451,0.92321956,0.91938734,0.9067944,0.9145,0.9167492,0.91929525,0.9256103,0.9147558,0.92158306,0.9326618,0.9167971,0.9252044,0.92005175,0.904559,0.91525775,0.9248862,0.92494243,0.9245056,0.93543255,0.92367125,0.9228896,0.93137544,0.9189185,0.9221005,0.9234123,0.9156565,0.9182026,0.912252,0.9308268,0.9181701,0.92119646,0.929516,0.9175305,0.9183287,0.92707866,0.9258762,0.91158664,0.9172286,0.9139922,0.9256074,0.9222761,0.93577325,0.93007445,0.91198754,0.9151198,0.9330549,0.9251571,0.9174706,0.92323864,0.9112781,0.93676084,0.9077094,0.92031574,0.9327844,0.9249923,0.9264584,0.9163241,0.90372103,0.9268697,0.93200725,0.92985034,0.9264885,0.90879726,0.9276499,0.9168271,0.9054468,0.9131203,0.9314089,0.916484,0.9198203,0.918744,0.93430275,0.9265565,0.9138758,0.928353,0.9217794,0.9234746,0.922773,0.9260377,0.9322032,0.922455,0.90903354,0.92388946,0.9181085,0.91761017,0.9210891,0.92170894,0.9267642,0.9303684,0.92355025,0.9425718,0.92789495,0.9045058,0.92295724,0.92341745,0.91165936,0.92506063,0.9343739,0.9339347,0.92230916,0.9206581,0.91426307,0.920225,0.9247456,0.92370063,0.9271765,0.9276947,0.9201573,0.92525494,0.9265,0.91358596,0.9290003,0.921927,0.9165203,0.91576564,0.9314651,0.9194191,0.92030036,0.9223617,0.9277096,0.926603,0.9125057,0.9233591,0.9122831,0.91956705,0.9180141,0.9174275,0.907444,0.9276398,0.91954917,0.9336041,0.9200039,0.9222455,0.9273103,0.9171648,0.9185689,0.92965186,0.9234452,0.9010289,0.93209326,0.91650397,0.9151982,0.9225316,0.9109317,0.923983,0.92458326,0.91305935,0.9138936,0.92294157,0.93141246,0.91901577,0.91704017,0.9121442,0.9198297,0.9137611,0.90742207,0.9178838,0.9181915,0.91622454,0.92058086,0.9207124,0.9254741,0.9081546,0.91942906,0.916123,0.91429055,0.9380829,0.9207937,0.9135536,0.92414755,0.9179775,0.9177377,0.91993564,0.913948,0.91988003,0.92038953,0.9193293,0.9140428,0.91919816,0.9185365,0.916553,0.9221264,0.91502327,0.9201273,0.9209779,0.92733926,0.90778196,0.91448975,0.93400264,0.9308778,0.92091477,0.91928023,0.92322886,0.91934556,0.91802835,0.91813964,0.92661726,0.9128007,0.92036223,0.90810984,0.9256833,0.9048971,0.92782843,0.9083004,0.90182424,0.9124654,0.92105883,0.9359865,0.92506576,0.931159,0.91189027,0.91422486,0.92628074,0.9272516,0.9167536,0.91674036,0.9178275,0.91677,0.9163896,0.93409646,0.905216,0.9129229,0.92454946,0.9310055,0.9371706,0.9121911,0.90633535,0.91229314,0.9191662,0.93050224,0.9328023,0.91222113,0.9138785,0.91535455,0.91082484,0.9250087,0.9232738,0.9017753,0.9092363,0.9180357,0.91915476,0.91941065,0.930272,0.913796,0.92738646,0.92268574,0.91172165,0.9227553,0.9221737,0.92031217,0.91555816,0.9181734,0.91651523,0.91890395,0.9219598,0.9289915,0.91988283,0.91519237,0.9205163,0.91623336,0.9289995,0.91499966,0.9288824,0.9201085,0.93082243,0.92192096,0.92797244,0.90681285,0.93722063,0.9124295,0.9243271,0.931732,0.91767406,0.9153075,0.9254712,0.9312818,0.9149365,0.9192403,0.92100453,0.9249676,0.92445236,0.90743494,0.93124014,0.93565464,0.9087926,0.94244355,0.9148178,0.944926,0.9167634,0.9259999,0.91569906,0.91307867,0.91504455,0.9270594,0.91813886,0.924899,0.91024697,0.9131894,0.9187157,0.940735,0.93217397,0.9084461,0.91084224,0.91862917,0.9353581,0.92391133,0.9329389,0.92411023,0.9210189,0.93061274,0.9166202,0.9210579,0.9181519,0.91964,0.9240365,0.9051985,0.90771055,0.9331854,0.9223839,0.92324466,0.92463934,0.91248286,0.91590625,0.90721357,0.9078408,0.91482186,0.9171308,0.92069113,0.9350243,0.93040687,0.91679937,0.91765356,0.9250768,0.9202846,0.9117377,0.92285323,0.9265495,0.91772425,0.91065246,0.91883606,0.92070967,0.91441715,0.91620636,0.92162985,0.9085484,0.92612463,0.919112,0.9254317,0.93250304,0.9193382,0.9296427,0.92349106,0.91975445,0.9257469,0.9206904,0.92419076,0.9253875,0.9325855,0.90720147,0.9282158,0.9169914,0.914632,0.9360126,0.91064,0.91101676,0.9036677,0.91631263,0.9156316,0.923557,0.9147667,0.9308582,0.924625,0.9264378,0.92398524,0.9043068,0.9231037,0.92147195
0.8838476,0.89015836,0.88443315,0.89207804,0.89823794,0.88515145,0.88784933,0.8885119,0.8950372,0.8864632,0.9010167,0.8811946,0.88619125,0.8925709,0.89657456,0.89681834,0.8901894,0.8904817,0.8983189,0.8979812,0.89724565,0.8892809,0.8980573,0.8925508,0.8811874,0.88575214,0.88455325,0.8874225,0.8754603,0.8943266,0.87917995,0.88487536,0.88466084,0.87522715,0.8994844,0.8793967,0.9056042,0.89000267,0.8903003,0.895299,0.8944553,0.889359,0.9037289,0.8883149,0.8901556,0.8853693,0.88779193,0.90257233,0.88687855,0.89967036,0.90025765,0.89446735,0.8956415,0.90302515,0.89782923,0.88868666,0.89665705,0.89316547,0.8856076,0.8905405,0.8847623,0.9002447,0.86886257,0.8869658,0.9076404,0.8898496,0.8867306,0.88656676,0.87912107,0.8719919,0.8881712,0.9022419,0.8925315,0.90653265,0.9074783,0.89238155,0.8714261,0.8821796,0.8770194,0.9058664,0.89363915,0.8888443,0.88722616,0.87694865,0.8912672,0.8895046,0.88700426,0.87856823,0.909761,0.8866766,0.88598514,0.8963542,0.86818475,0.8827389,0.8780459,0.8622444,0.8833492,0.8842863,0.90107584,0.8928001,0.8977379,0.8830733,0.885034,0.90772814,0.88392,0.8851888,0.8940143,0.8830162,0.8768526,0.89158803,0.89008266,0.88448894,0.8941584,0.89149475,0.9004319,0.8846448,0.9018638,0.89825594,0.892386,0.89089775,0.8953636,0.89192164,0.88195145,0.88946456,0.89122766,0.88104254,0.9044454,0.9003587,0.9018901,0.90166074,0.89653814,0.8971713,0.89964306,0.88493276,0.8896699,0.8957232,0.87321585,0.89099175,0.90382993,0.89513075,0.89657485,0.879044,0.89037,0.8846353,0.88691723,0.89324754,0.89718205,0.90116227,0.89078915,0.89125043,0.8865687,0.90777624,0.9010238,0.8981754,0.8962452,0.883047,0.890466,0.87586796,0.8724332,0.88063157,0.90098023,0.90051293,0.87841487,0.8896255,0.9052192,0.88258183,0.8840831,0.87943757,0.88683325,0.8925728,0.9031182,0.89760345,0.89003676,0.8793309,0.89079887,0.87511814,0.8810697,0.88835794,0.8856703,0.8891671,0.87515783,0.89230067,0.8817268,0.8948856,0.89617646,0.8913578,0.891235,0.89396745,0.8825069,0.8715078,0.89359134,0.8983256,0.8840313,0.88341045,0.8896158,0.8880401,0.89027905,0.8938111,0.89437026,0.8881077,0.8928005,0.9000383,0.8972417,0.87592804,0.8821796,0.8919567,0.8781139,0.8886579,0.8995847,0.88840467,0.88499075,0.90181047,0.8790091,0.8841934,0.9012808,0.89431006,0.90147144,0.88466686,0.89688015,0.8889281,0.8976201,0.886974,0.89293027,0.9009552,0.9002342,0.8897735,0.8947815,0.88990474,0.8934083,0.90299493,0.88776255,0.8847093,0.88571656,0.87661946,0.8837838,0.88575155,0.90774465,0.9019072,0.8978612,0.8847959,0.8842465,0.8877311,0.87382567,0.9042237,0.88100743,0.90034455,0.88430387,0.89694715,0.89131105,0.8855501,0.8949117,0.88678366,0.9001356,0.8802884,0.89186114,0.89402825,0.8939533,0.8835882,0.88570553,0.893762,0.8976575,0.89289135,0.9030376,0.90369445,0.92087626,0.893541,0.89542043,0.89560807,0.9105726,0.8757647,0.8960134,0.88613707,0.89815867,0.8789976,0.88314635,0.8839854,0.8932754,0.8973117,0.87789184,0.884607,0.8866656,0.8848799,0.8784085,0.90042377,0.89170486,0.90286684,0.88171446,0.8868506,0.8637253,0.8880268,0.9021713,0.9103431,0.89497215,0.88449055,0.8945211,0.8947777,0.8879861,0.89919335,0.884112,0.89580977,0.88907105,0.8970261,0.8897863,0.8842313,0.8909558,0.89671326,0.89529973,0.882427,0.90222824,0.9033655,0.8908776,0.882619,0.8840284,0.887683,0.8827623,0.8925041,0.89177686,0.8781914,0.8800572,0.8737587,0.8904066,0.88654304,0.8797553,0.89197284,0.9039016,0.87645376,0.881448,0.8860831,0.8805311,0.90582925,0.9008979,0.90828073,0.88475966,0.8919625,0.8871918,0.90242743,0.8931786,0.8912212,0.9024982,0.8846549,0.8865829,0.888927,0.8868978,0.8763207,0.89043367,0.89928526,0.8734279,0.8960582,0.89470184,0.89109194,0.8991522,0.9042081,0.87844175,0.8875731,0.8854709,0.8912587,0.8961829,0.88693947,0.888412,0.8939247,0.87986934,0.8802919,0.88803494,0.8985673,0.8773363,0.8863238,0.88975155,0.89411354,0.8842082,0.88358516,0.884392,0.89707375,0.89287615,0.8844382,0.8804227,0.8767281,0.89262044,0.8898039,0.89601135,0.9093859,0.8849074,0.8944554,0.8912417,0.8919486,0.88750803,0.890937,0.8983762,0.89707357,0.87415206,0.88265043,0.9013808,0.8792327,0.88589746,0.89630705,0.89168584,0.88243645,0.89291424,0.88548416,0.872339,0.8966656,0.8902129,0.8925654,0.88726455,0.89027137,0.88561374,0.8885043,0.8945501,0.8830901,0.89338887,0.88076574,0.8908621,0.8922051,0.8905719,0.8992011,0.9059007,0.8847757,0.8964557,0.8936927,0.8799176,0.8882744,0.8770282,0.88904154,0.89693767,0.88571376,0.87229806,0.89953005,0.89777297,0.8874743,0.89011633,0.89374924,0.89024895,0.9047521,0.88236433,0.88620645,0.9101518,0.8845544,0.8954857,0.8927281,0.90208614,0.8842727,0.89593965,0.8990264,0.89070076,0.89444244,0.9031408,0.8803619,0.885331,0.88586825,0.8798835,0.87727463,0.8725395,0.8855015,0.89547944,0.89449906,0.8943932,0.8897826,0.8878283,0.87584144,0.8866125,0.88759875,0.90698844,0.8933185,0.8861734,0.9119618,0.89650714,0.8994955,0.8878272,0.89926374,0.89481586,0.8819076,0.89387983,0.8889443,0.8916428,0.87371635,0.8954347,0.88068604,0.88246965,0.88463813,0.89473665,0.8932166,0.8882229,0.8826398,0.88803947,0.8917902,0.89251846,0.88635975,0.875947,0.8824066,0.89131904,0.90048146,0.8963126,0.89662015,0.91591674,0.90730727,0.8990332,0.8917452,0.8858356,0.88385725,0.9029987,0.8955706,0.89161533,0.91054344,0.8970795,0.8920702,0.891032,0.9093215,0.88750184,0.9034128,0.9026529,0.90322167,0.8810163,0.8845467,0.87896967,0.8903238,0.86941844,0.9029487,0.8877481,0.88494474,0.88054764,0.88556546,0.89828324,0.8862009,0.8788427,0.8867323,0.88024306,0.89328045,0.88346195,0.8919506,0.8901255,0.8693904,0.8886324,0.8920721,0.8893042,0.89066005,0.8875601,0.8920334,0.9018389,0.88887393,0.89219767,0.89132017,0.87737864,0.87380046,0.88832605,0.8862808,0.88739944,0.8867223,0.8982997,0.9003685,0.87790096,0.8907933,0.8920377,0.89439285,0.8812828,0.89071876,0.8883826,0.88451785,0.8949303,0.89192045,0.89096195,0.8963033,0.88728017,0.8909921,0.88747495,0.89594567,0.87745064,0.8943765,0.8796352,0.8932862,0.8919412,0.9077062,0.8925343,0.88909155,0.8998346,0.8906396,0.8926718,0.88887423,0.883682,0.89906573,0.9026936,0.8996026,0.89490503,0.8951066,0.8868732,0.88390166,0.901393,0.8751702,0.8980578,0.9032671,0.90936494,0.8953236,0.9056859,0.89214206,0.8912085,0.8993941,0.8912806,0.89736503,0.8960408,0.895419,0.88472396,0.88768685,0.8775457,0.89897907,0.8794154,0.8844253,0.8971008,0.8723296,0.8857542,0.89565605,0.88234204,0.8898775,0.9044781,0.8828881,0.88501316,0.89195067,0.8937235,0.9033696,0.8779068,0.8905634,0.8995878,0.8775384,0.88285226,0.890908,0.9012145,0.9062891,0.8901958,0.88694185,0.87847555,0.8928142,0.8812434,0.88371235,0.88541496,0.8957962,0.8930276,0.89707905,0.89577466,0.89528894,0.8910989,0.8866194,0.89760363,0.910842,0.88218516,0.89914507,0.8895698,0.8894756,0.8723374,0.8938032,0.8852148,0.88091505,0.89186436,0.895992,0.8893769,0.8952645,0.9041884,0.8953978,0.8806644,0.8907843,0.8869666,0.88974947,0.9036882,0.8739338,0.8792041,0.8830798,0.88184863,0.9029846,0.88921547,0.88971907,0.89189667,0.90669686,0.8854298,0.8840181,0.8884342,0.90254813,0.8939635,0.8960836,0.8756238,0.88920766,0.90664834,0.9107239,0.89780605,0.89445305,0.8819327,0.88915884,0.8960339,0.8729367,0.8942539,0.886053,0.8860759,0.9040285,0.88908285,0.88482356,0.909063,0.8825976,0.8884605,0.895366,0.89616394,0.88833934,0.8898899,0.8835511,0.88765717,0.88678735,0.89341694,0.88024926,0.9015131,0.9033378,0.88888186,0.9002786,0.87730956,0.8742955,0.89286894,0.89451694,0.89215386,0.88831204,0.8756864,0.8933326,0.886622,0.87968683,0.8925121,0.8943714,0.8968704,0.8961956,0.8901791,0.9031073,0.8741523,0.8766372,0.8920877,0.89456546,0.8878543,0.89056873,0.89892393,0.88044554,0.88833123,0.8933251,0.8870967,0.87755746,0.8976644,0.8771228,0.88576823,0.8760502,0.89239687,0.8964441,0.8959378,0.885798,0.883762,0.89323205,0.8864062,0.89423037,0.88477135,0.8848191,0.89124256,0.8741471,0.89080554,0.8874676,0.874996,0.89059615,0.9108567,0.89863384,0.8877124,0.89323676,0.8751502,0.8990739,0.88600355,0.8709864,0.8795295,0.8907663,0.885838,0.8756381,0.8875187,0.9095064,0.88893664,0.8794758,0.890619,0.8829966,0.8921092,0.89095545,0.8863239,0.8932089,0.8677763,0.8885424,0.87568706,0.8851129,0.8926643,0.9058097,0.89157826,0.9023419,0.8872491,0.88718,0.89579606,0.8876814,0.87959987,0.9090581,0.8896781,0.88275254,0.8870238,0.88800335,0.89150274,0.89524317,0.88290334,0.8942319,0.89028853,0.89576536,0.88722134,0.8883168,0.888806,0.88453436,0.87831175,0.88832986,0.8925797,0.8957521,0.90363437,0.87906176,0.89966685,0.8843407,0.8924377,0.886097,0.8842224,0.8870921,0.88914084,0.9001491,0.89863497,0.8943772,0.91150767,0.8879023,0.90719324,0.88612884,0.8832237,0.8941372,0.8793355,0.89433235,0.8858381,0.891771,0.89527345,0.8925812,0.8957186,0.891674,0.8829247,0.8900399,0.8792971,0.8939008,0.9017783,0.8925039,0.89669865,0.87669724,0.88757145,0.88739544,0.8866093,0.88579345,0.9049786,0.87942386,0.8701224,0.87959343,0.8691602,0.8876878,0.89341426,0.88878083,0.9023744,0.9028955,0.88379353,0.88593096,0.89390236,0.8900421,0.8655796,0.87517184,0.9033557,0.89880323,0.88728046,0.9004277,0.89263916,0.8988105,0.8867028,0.8808018,0.8885748,0.8897752,0.8838975,0.88950044,0.8956998,0.8924798,0.88201827,0.8899246,0.8952289,0.88847375,0.8915606,0.87709665,0.88159424,0.90555954,0.8868484,0.89483505,0.8848187,0.8970786,0.8935046,0.8992366,0.8958969,0.88740134,0.87956136,0.8851632,0.8911168,0.89216787,0.89336586,0.90751565,0.8895545,0.8856686,0.89100736,0.88886136,0.88130945,0.89092714,0.89436436,0.8884972,0.88041013,0.8872662,0.906072,0.89175266,0.8910529,0.88720775,0.8898128,0.89825356,0.89249897,0.8898814,0.88471407,0.9071017,0.8937427,0.8924022,0.88060653,0.88733035,0.8915156,0.89567626,0.8731178,0.88606286,0.87961185,0.89049697,0.890524,0.89630157,0.8971338,0.90409166,0.90236753,0.8914659,0.8885749,0.8832925,0.89658624,0.89833534,0.8810844,0.87994766,0.9014313,0.9014581,0.8852471,0.90045774,0.8755392,0.8755826,0.8870116,0.88118094,0.89068806,0.8948743,0.89074135,0.90011805,0.8976749,0.89147574,0.89207035,0.89628774,0.89631987,0.8927696,0.8965828,0.88792723,0.90604615,0.88020575,0.88847613,0.88644725,0.89831364,0.89547074,0.89037967,0.89473754,0.8773843,0.89337766,0.89694256,0.9035667,0.881477,0.89301956,0.89681053,0.8886379,0.88223374,0.88983667,0.88015884,0.8979719,0.8941661,0.9075731,0.9070448,0.89054275,0.88592684,0.89171594,0.8795407,0.8918293,0.86815137,0.89302605,0.9030472,0.8889913,0.8892985,0.8801988,0.8860394,0.9075014,0.88383347,0.8811308,0.88704073,0.8905165
1.0902616,1.0917069,1.0824511,1.082678,1.1115503,1.0899321,1.0825956,1.0910735,1.0989461,1.1004912,1.0898237,1.088149,1.0989461,1.0965134,1.1097041,1.1028252,1.0983908,1.1039083,1.077185,1.0950567,1.084997,1.0910325,1.1042248,1.0918481,1.1060088,1.0845584,1.092863,1.0794235,1.0852755,1.092509,1.0930538,1.1008704,1.0841025,1.084766,1.0906038,1.0872675,1.0896021,1.1046801,1.0921503,1.0952677,1.100751,1.1003737,1.1051333,1.0864918,1.0891502,1.088205,1.0874958,1.1011878,1.0973467,1.115871,1.0865905,1.099761,1.087198,1.0923961,1.1010469,1.0848377,1.096713,1.1120197,1.0902932,1.0866339,1.0995152,1.1001676,1.0835313,1.0945004,1.0872687,1.1005328,1.0923953,1.0902083,1.0897893,1.092676,1.0934539,1.0997121,1.0827069,1.0877323,1.1044647,1.0916773,1.089089,1.0900229,1.0953892,1.0921677,1.0873978,1.0801747,1.0815406,1.096594,1.0929766,1.0965415,1.1009097,1.079836,1.0962883,1.0883971,1.0930722,1.1046802,1.0884386,1.103161,1.0924809,1.0893236,1.0881457,1.0866848,1.0970681,1.0782056,1.0952064,1.0875547,1.0934843,1.0832715,1.0799826,1.1004288,1.0915374,1.0941839,1.095722,1.0941757,1.0989184,1.0901345,1.1027522,1.0846199,1.0917649,1.094921,1.0910339,1.1038508,1.0917932,1.1031904,1.0753593,1.1243483,1.1025456,1.1009468,1.0898007,1.1069381,1.0905195,1.0992508,1.0836158,1.1027967,1.0966278,1.1000081,1.0900309,1.0726261,1.0943218,1.0884606,1.0877404,1.0797473,1.0904537,1.1013844,1.0787184,1.0988334,1.1004393,1.0942701,1.079767,1.0985206,1.0887957,1.0976381,1.0741538,1.0916017,1.0986521,1.1041492,1.1020732,1.091206,1.0941019,1.0794408,1.0823659,1.0864435,1.0953627,1.0881606,1.0767238,1.0880246,1.1039248,1.1002004,1.0862497,1.0934464,1.1046929,1.0886307,1.0989424,1.089043,1.0851753,1.105377,1.1029806,1.102254,1.1030278,1.0978098,1.0943232,1.0837373,1.079692,1.0814831,1.099499,1.0978352,1.1039793,1.1064326,1.0944217,1.0897856,1.0974168,1.0904572,1.0966514,1.0918268,1.084956,1.083833,1.0836587,1.1046468,1.1078061,1.0892432,1.0932612,1.0908884,1.0855713,1.1048486,1.0866191,1.0940828,1.093554,1.0895199,1.0784962,1.0925863,1.1011425,1.0844142,1.0965031,1.0807897,1.0993721,1.1019872,1.0864183,1.0920582,1.1043413,1.1015804,1.0960282,1.1076539,1.0973533,1.081716,1.0852913,1.0901326,1.0838245,1.0929757,1.0967333,1.094786,1.1002153,1.0911415,1.0926702,1.0868453,1.0756896,1.0890322,1.0890305,1.0863887,1.0871198,1.0876832,1.0869646,1.1019202,1.0977577,1.1047527,1.0898044,1.0899158,1.0871378,1.0904417,1.1031575,1.0830125,1.1034849,1.1007764,1.0933571,1.0977165,1.0936751,1.0828481,1.1065569,1.0808009,1.0940682,1.1038457,1.0979364,1.0926225,1.0861592,1.09332,1.089342,1.0971541,1.0954077,1.0982728,1.0878034,1.0962734,1.0907828,1.0913432,1.1047806,1.0813134,1.0998379,1.0867817,1.0883224,1.0980496,1.0821056,1.0797795,1.0877333,1.0998105,1.0815425,1.098376,1.0929136,1.0915948,1.0936399,1.0939163,1.0989529,1.1071855,1.0947877,1.0838666,1.1003218,1.0911163,1.1019148,1.0941381,1.0790752,1.0886703,1.0943007,1.1112696,1.0885365,1.0960996,1.0733209,1.0742024,1.0831507,1.0873287,1.097233,1.0923625,1.0988353,1.1019975,1.0938853,1.0944424,1.0842707,1.0990455,1.0940067,1.089991,1.0915648,1.1034933,1.0946785,1.0910738,1.0907462,1.0890523,1.0907153,1.0830421,1.0946113,1.098315,1.1036346,1.0960057,1.0882834,1.0932958,1.1022133,1.0977876,1.0968958,1.0978733,1.0791522,1.0940053,1.0957321,1.0918709,1.0868366,1.0998868,1.0860093,1.1125264,1.1024106,1.1031346,1.0845295,1.0952388,1.0849336,1.0948874,1.0939265,1.0848314,1.0911292,1.0753328,1.0935106,1.0979704,1.085237,1.0925665,1.0956798,1.092861,1.0869106,1.1042857,1.0991069,1.1097232,1.1006281,1.0975174,1.0883275,1.0916694,1.0820665,1.0913117,1.0697867,1.0872834,1.0952626,1.1017979,1.0880665,1.0854542,1.0832438,1.1019062,1.0888538,1.0905926,1.1020802,1.0912915,1.0979928,1.0950992,1.097181,1.0987797,1.0721352,1.0832431,1.0982078,1.0982738,1.1024677,1.098701,1.1006382,1.0831648,1.0920798,1.0909102,1.0946803,1.0951854,1.0988563,1.0890453,1.0961586,1.099644,1.0977178,1.095886,1.0906974,1.0860387,1.0930449,1.0841409,1.1001862,1.0894765,1.0845199,1.0842402,1.0802008,1.0909103,1.0868574,1.0914361,1.1032904,1.0918379,1.1045024,1.0961158,1.0996248,1.0857188,1.0902121,1.0978196,1.0885277,1.1009045,1.0880686,1.0871626,1.0927209,1.0924262,1.0966867,1.0987188,1.0877289,1.1015236,1.1070143,1.105657,1.1054909,1.1015747,1.0915786,1.111692,1.099587,1.0916936,1.1036133,1.1004101,1.1072156,1.1010343,1.092479,1.0853401,1.0928223,1.0954604,1.0958658,1.0978905,1.0967383,1.095449,1.107337,1.0833063,1.0913886,1.0878882,1.0932089,1.0898198,1.1006168,1.0799049,1.086741,1.0861827,1.0984585,1.0774136,1.106174,1.1002432,1.1045666,1.0917587,1.1014664,1.0872862,1.0982516,1.100357,1.081054,1.0914602,1.0932978,1.0926608,1.0915537,1.0966676,1.0928577,1.0979108,1.073793,1.0926598,1.1004636,1.0849457,1.1023518,1.0944543,1.0923525,1.091125,1.0988405,1.0875928,1.0764385,1.0893728,1.0892291,1.1022553,1.088192,1.0952821,1.0800068,1.1090585,1.0989898,1.0959432,1.0833399,1.0801148,1.0921825,1.0909387,1.0727267,1.0904827,1.0857913,1.100121,1.0911201,1.0972085,1.1055351,1.099169,1.0914304,1.0889881,1.0928435,1.1049335,1.0903367,1.0996454,1.095944,1.085335,1.0989319,1.0907797,1.1064138,1.0979108,1.0898085,1.0955569,1.0956255,1.0900846,1.1004667,1.0886105,1.0845308,1.1095943,1.0976665,1.0864644,1.0860839,1.0928043,1.0977452,1.1026577,1.0873324,1.0904534,1.1017147,1.0944161,1.086628,1.1018229,1.0958369,1.0852515,1.1114243,1.1092603,1.0852789,1.0925903,1.0921091,1.09726,1.1030809,1.0880154,1.09789,1.1049126,1.0842712,1.0924356,1.0995814,1.1026648,1.1062851,1.0920964,1.0993673,1.1016465,1.0918943,1.0903332,1.0776266,1.0919718,1.0847223,1.1150571,1.0722398,1.0850565,1.0915624,1.087759,1.0993174,1.0831597,1.0931509,1.0981396,1.1057287,1.1094209,1.0983385,1.0879505,1.098093,1.1058449,1.1002872,1.0928136,1.0946397,1.087354,1.0874594,1.0938507,1.0874314,1.0873766,1.0927392,1.1002692,1.0880065,1.092091,1.1079324,1.0959444,1.0996454,1.0984006,1.094914,1.107773,1.0931734,1.0996412,1.0968944,1.0868335,1.092553,1.0836781,1.0927292,1.0977589,1.0930974,1.0855813,1.0807432,1.0955415,1.1072687,1.0902423,1.0949826,1.0909089,1.107134,1.0789756,1.0942547,1.0865862,1.0963408,1.0965784,1.0892079,1.085555,1.097327,1.0911864,1.0867338,1.087646,1.0977774,1.1018176,1.0936185,1.1015522,1.107038,1.083934,1.0996932,1.098475,1.0824159,1.0929831,1.1001425,1.1040117,1.0968081,1.106489,1.0976694,1.0849482,1.0847086,1.0850074,1.0796815,1.0946825,1.1203456,1.0977619,1.0911152,1.0845586,1.095531,1.089632,1.0930636,1.1011977,1.0869077,1.0938424,1.0918939,1.0837928,1.0922148,1.0891083,1.0778407,1.0979733,1.0840614,1.0902066,1.0949005,1.094485,1.1027278,1.0842689,1.0882398,1.0990583,1.1075937,1.0936844,1.0935541,1.1010089,1.095827,1.1046467,1.0919704,1.1014358,1.102721,1.1002468,1.0929993,1.0989962,1.0877943,1.0961603,1.0923926,1.0900126,1.0832356,1.1020999,1.1008601,1.0896978,1.0898322,1.0954973,1.0905067,1.0979223,1.0940455,1.0871036,1.097767,1.0991986,1.1047591,1.0926577,1.0891403,1.0948207,1.1035811,1.0823208,1.0937326,1.099049,1.0818894,1.1012192,1.1110423,1.0976088,1.1016353,1.0895327,1.0984756,1.0967684,1.0903305,1.0958874,1.0946628,1.0947568,1.1013613,1.1046643,1.0979035,1.0894387,1.104152,1.0930493,1.0980706,1.086711,1.0975316,1.0839348,1.085379,1.0981688,1.0880866,1.0927674,1.0861669,1.1024978,1.1000093,1.0860935,1.0875044,1.0967815,1.0993899,1.089892,1.0927037,1.092239,1.0832759,1.0862317,1.1042677,1.0982524,1.0999777,1.0875412,1.1089693,1.106818,1.0989586,1.0969055,1.0900447,1.0808971,1.0872343,1.097805,1.1034626,1.0960203,1.0818605,1.0978473,1.1003757,1.0937668,1.0915138,1.0823225,1.094525,1.092967,1.0816071,1.0927097,1.0865737,1.0978895,1.0785253,1.1046592,1.0906065,1.0928751,1.0935622,1.1066129,1.0951422,1.0858009,1.0959729,1.0912491,1.0948876,1.088388,1.0985787,1.0987813,1.1029431,1.1060289,1.0956397,1.0826288,1.1066252,1.1009123,1.080809,1.0834602,1.0953325,1.0966411,1.0955385,1.0913583,1.085123,1.0839087,1.0932305,1.1062132,1.0840697,1.1001885,1.1053792,1.0901117,1.0933135,1.0866048,1.1080605,1.098797,1.1032002,1.087264,1.0980786,1.1062219,1.0948842,1.1031169,1.0933038,1.0971057,1.0990398,1.0939159,1.0837806,1.0908504,1.0725107,1.0935181,1.0850804,1.09226,1.0878422,1.0924207,1.0958582,1.0777524,1.0896888,1.0834861,1.0875294,1.0942298,1.087177,1.090784,1.08909,1.0980756,1.103905,1.0993264,1.0823869,1.0728799,1.0922259,1.0785663,1.0907707,1.0959485,1.0954621,1.0898962,1.1006775,1.1086241,1.0996308,1.1005471,1.1091398,1.0852832,1.0891821,1.0914769,1.0990663,1.0858747,1.0931727,1.0987271,1.0975579,1.099184,1.0887197,1.0860316,1.0887899,1.090453,1.0877907,1.1064849,1.1087096,1.0835586,1.0939547,1.0796571,1.098632,1.0932608,1.0959826,1.0977633,1.0960737,1.0975674,1.0864731,1.0861586,1.1114559,1.1013982,1.1008188,1.0839056,1.0896232,1.0955554,1.0915136,1.111907,1.0858328,1.0874453,1.1018542,1.1022912,1.0915229,1.1083338,1.0907971,1.0999095,1.091743,1.0934486,1.0917851,1.0896201,1.1021612,1.0907196,1.0977952,1.0917013,1.0911982,1.1132184,1.0932269,1.1008723,1.0902237,1.1017658,1.0889573,1.0986308,1.094038,1.0861144,1.0971729,1.094255,1.0975865,1.0965805,1.0886264,1.0993956,1.0947075,1.0926805,1.0752739,1.0951753,1.0916222,1.0897561,1.0868945,1.0975451,1.0940206,1.0886885,1.0979384,1.0900388,1.0975186,1.083105,1.1059788,1.08613,1.0936939,1.0873362,1.1023955,1.1019142,1.0760498,1.0972596,1.1057799,1.0851946,1.0880255,1.0873102,1.0846447,1.0996684,1.1036795,1.0908263,1.0958599,1.1003752,1.0939128,1.0892899,1.10626,1.1154184,1.0953844,1.0998474,1.0956106,1.0861013,1.0870005,1.0784354,1.1070447,1.0984243,1.086911,1.0925597,1.1046544,1.0914159,1.0882174,1.105762,1.0861168,1.0917765,1.0828198,1.0966263,1.090222,1.0857054,1.0894637,1.0846065,1.0969254,1.0969085,1.08702,1.1064991,1.0959039,1.0905955,1.1006942,1.0964849,1.095541,1.0923442,1.0955728,1.0905752,1.1015524,1.1072861,1.0999974,1.090351,1.0866843,1.0938822,1.0992881,1.0948323,1.0938337,1.09037,1.0928737,1.0924301
0.10997256,0.13101333,0.12418657,0.123130985,0.10457423,0.10539066,0.13302189,0.11539707,0.13419288,0.102025054,0.11143779,0.11532871,0.11205341,0.117630795,0.12373444,0.11040708,0.12116625,0.12599851,0.11101974,0.11521809,0.114574164,0.10541834,0.11365623,0.10786344,0.11679725,0.1102358,0.12243272,0.11755645,0.113797,0.11636756,0.13226174,0.12227591,0.122678146,0.11569205,0.12032513,0.114051536,0.12584716,0.10972142,0.105943486,0.11121862,0.1173527,0.12374722,0.122109026,0.10483721,0.1300497,0.11704709,0.10935757,0.10096051,0.11662218,0.114959165,0.10679328,0.119853325,0.119602054,0.12663706,0.12287049,0.11306448,0.12131746,0.12193555,0.12049478,0.118121624,0.11526754,0.1184782,0.11673459,0.11420131,0.112010226,0.10200058,0.11788058,0.12730086,0.12072919,0.11985458,0.11425347,0.12729265,0.09731583,0.12048763,0.12136763,0.12397304,0.11739465,0.12603761,0.11009437,0.107559726,0.11823294,0.11140193,0.11183272,0.10437838,0.10991914,0.121111944,0.115076154,0.11051566,0.11745931,0.11003811,0.12120137,0.10930104,0.10301453,0.12140042,0.13453487,0.11773804,0.10957242,0.114651114,0.107610896,0.12316755,0.12542239,0.11428459,0.11648426,0.1190642,0.123770386,0.11138935,0.10363276,0.11656861,0.11860699,0.12608522,0.10174312,0.12405186,0.11775755,0.11008109,0.118610665,0.11300745,0.119667724,0.11504319,0.11786966,0.10554405,0.123814896,0.11276749,0.11889957,0.12291105,0.1151679,0.11167017,0.11682351,0.13141876,0.1281387,0.11851813,0.11731886,0.11839668,0.11709759,0.11997221,0.115662105,0.11706628,0.11246629,0.11117794,0.13531144,0.106198564,0.12263403,0.113511324,0.11849293,0.12279995,0.1171482,0.11176626,0.12564929,0.1191368,0.1173477,0.12251705,0.119884804,0.117300615,0.11052164,0.1187664,0.122785196,0.11681486,0.110404365,0.11982639,0.11421141,0.09620008,0.12612869,0.11422922,0.11757638,0.12102459,0.11503944,0.12119647,0.12000835,0.12903428,0.12470455,0.1371059,0.115721226,0.12486175,0.11049672,0.109221585,0.11538448,0.124927066,0.12708506,0.12051806,0.110219754,0.116544105,0.097592436,0.1125412,0.12285452,0.10790263,0.11532109,0.11590722,0.115251414,0.11267315,0.10828883,0.1222748,0.12664205,0.118410826,0.13378108,0.105298474,0.11493321,0.12788823,0.11013031,0.1194552,0.10786225,0.123659596,0.12662731,0.11422749,0.1212079,0.10317282,0.11495013,0.111719504,0.117151864,0.12046767,0.108515054,0.11773296,0.10819882,0.11659475,0.11754306,0.11096377,0.12547006,0.11890344,0.11958619,0.11395582,0.11125113,0.11332089,0.12859501,0.12055805,0.11115925,0.1318156,0.14090662,0.114778474,0.11625684,0.100802496,0.11663152,0.113397144,0.12482943,0.11908381,0.12540859,0.12798251,0.12130414,0.09956541,0.114085175,0.114211425,0.13639522,0.11224093,0.12113858,0.109698415,0.11747791,0.10760804,0.10698028,0.120988816,0.10783267,0.119158514,0.116595775,0.1237167,0.11269454,0.10582262,0.1194247,0.12720737,0.09459867,0.11953251,0.120541714,0.13188626,0.12157221,0.112885624,0.12004048,0.11934684,0.111454256,0.10808167,0.11607477,0.12021053,0.11396339,0.12804717,0.11033817,0.10529967,0.098410614,0.111416146,0.1168828,0.114130795,0.11759576,0.10795574,0.1141325,0.11174604,0.12350977,0.11490619,0.118864074,0.1096014,0.11691046,0.124550045,0.121045284,0.11463518,0.10263325,0.11799347,0.12445417,0.12291796,0.122219816,0.11890648,0.112996906,0.12356307,0.120099545,0.11699053,0.11588701,0.1202497,0.12962449,0.13202168,0.12063603,0.1309759,0.108473286,0.1259193,0.10770741,0.11682265,0.11709868,0.12503213,0.12465176,0.11730031,0.10606575,0.11576132,0.11953089,0.11951488,0.10113134,0.10527556,0.11938728,0.10564383,0.11795415,0.11988075,0.11355555,0.11785367,0.10901621,0.11987965,0.10836137,0.12686013,0.11592609,0.117395744,0.12272587,0.111897,0.1384606,0.1363916,0.12150958,0.112937525,0.11438419,0.116355605,0.12368772,0.12682426,0.116147205,0.12759587,0.118785456,0.12637118,0.11392418,0.11168297,0.12895012,0.11579714,0.10756944,0.12867978,0.11529182,0.11088176,0.11742802,0.11603454,0.10039296,0.13388158,0.10915686,0.10734985,0.11446283,0.11800374,0.11522643,0.111733675,0.12384016,0.11403948,0.12962934,0.10966869,0.12530042,0.12085739,0.13786474,0.113396384,0.114862844,0.12394577,0.1129478,0.1123112,0.11679312,0.11625208,0.11563302,0.12270127,0.10770144,0.1021654,0.11344557,0.120684326,0.14317617,0.12381069,0.11847129,0.12144117,0.1364156,0.10540305,0.116254285,0.11923354,0.10147047,0.11943278,0.118105516,0.11825971,0.120420694,0.13582246,0.12174927,0.11781044,0.110058516,0.1196477,0.12148761,0.121826306,0.10116901,0.11126112,0.11462563,0.120101675,0.12052321,0.11536324,0.120218664,0.12496211,0.11565815,0.11398189,0.10714924,0.12446906,0.1088145,0.12121299,0.114087686,0.1280654,0.11934392,0.10258992,0.1084398,0.11235385,0.103719786,0.115988545,0.1140712,0.11878696,0.11654227,0.11341767,0.12751244,0.115457624,0.12349571,0.11284365,0.10518574,0.12051885,0.12029999,0.11059825,0.11001353,0.10951282,0.114336066,0.12812498,0.11835932,0.12158601,0.11126783,0.11806285,0.12841545,0.119565114,0.11643023,0.10081038,0.12381765,0.103451096,0.121146634,0.113061175,0.11482549,0.11506109,0.10881855,0.10210614,0.11579303,0.122425765,0.11683311,0.10626653,0.12397416,0.12251577,0.12629986,0.11441966,0.121626124,0.12510931,0.10719109,0.115647495,0.12212299,0.111563966,0.12826182,0.12674862,0.10540942,0.13108884,0.12346585,0.12891033,0.11283058,0.13044354,0.115385905,0.116581276,0.11740122,0.119535476,0.10894858,0.11107758,0.12138921,0.13276914,0.10151614,0.11837657,0.12584347,0.11442844,0.11725115,0.12678199,0.13209005,0.10480113,0.12618414,0.1256612,0.12501676,0.11543338,0.11392924,0.111365974,0.13268293,0.124468856,0.12213281,0.1190483,0.11900293,0.102728486,0.115293905,0.11786349,0.10058147,0.11897844,0.13233015,0.11516556,0.10794678,0.12142065,0.10903065,0.123226434,0.1202003,0.11567132,0.1050283,0.11502264,0.113260284,0.112760395,0.1159029,0.11671546,0.12030271,0.10248961,0.12464539,0.105660036,0.13470754,0.11537104,0.1165462,0.10173811,0.13347878,0.109677486,0.13181975,0.12133249,0.11977156,0.122637644,0.11503371,0.10875704,0.10902181,0.11435195,0.1060919,0.12446478,0.12467412,0.11561622,0.10652743,0.1098568,0.12913649,0.10878239,0.117267564,0.11406556,0.097140536,0.12480946,0.11642599,0.10498598,0.11538573,0.12889805,0.12625417,0.124893665,0.11517116,0.13655138,0.11184217,0.12988064,0.117317736,0.10608896,0.11304866,0.11708972,0.13423957,0.116158016,0.11277056,0.10473933,0.11710976,0.12838402,0.115389936,0.11430396,0.124375805,0.1180459,0.1268564,0.1074207,0.10669364,0.11341452,0.12956396,0.12864216,0.106869765,0.109795146,0.10793423,0.10166399,0.11594947,0.14242142,0.12059078,0.123886436,0.12086734,0.1235498,0.121126994,0.12647852,0.123022124,0.12463728,0.116018936,0.11806448,0.122841224,0.12011895,0.1173461,0.11249283,0.12721506,0.1168253,0.11160594,0.10798854,0.10340682,0.12012234,0.12823829,0.13251106,0.11061099,0.11633575,0.11422248,0.11984215,0.10815192,0.12625633,0.10949123,0.12924613,0.11806819,0.11343008,0.12089832,0.12688744,0.12667826,0.1187895,0.11189874,0.12974504,0.12205064,0.112797126,0.116516285,0.112192884,0.113259435,0.1224172,0.12041009,0.12162137,0.120841846,0.12424603,0.117743865,0.1150961,0.12663859,0.13012248,0.1089139,0.10929878,0.11955493,0.098987974,0.11755258,0.11997491,0.1086539,0.1140263,0.12781058,0.11102633,0.12643817,0.10755012,0.106422305,0.124865435,0.12565482,0.10492846,0.11097509,0.12973495,0.11383114,0.10911026,0.11662011,0.10735843,0.1219785,0.11707103,0.12821744,0.12058121,0.12339012,0.099960625,0.120517135,0.11786488,0.12118724,0.12147133,0.1094784,0.12424712,0.114287734,0.12517455,0.10097129,0.11528969,0.1103989,0.116080165,0.10822601,0.11480775,0.113753095,0.13059857,0.10454742,0.11232102,0.1303825,0.11168447,0.12026109,0.10842488,0.13104331,0.10689266,0.13760348,0.11560765,0.11036077,0.10904923,0.11982785,0.103967786,0.10362306,0.12868161,0.11008765,0.12733305,0.1118356,0.12071154,0.1124843,0.10801697,0.11850029,0.12142147,0.1207967,0.12857592,0.11384383,0.12881461,0.114104435,0.10250406,0.12699004,0.11339927,0.12854038,0.108593754,0.11157969,0.11000454,0.12480563,0.11516999,0.1105031,0.11039516,0.12309376,0.12487981,0.11202721,0.13406685,0.12104809,0.11655395,0.120002195,0.11676923,0.12690648,0.10112008,0.1139122,0.107133485,0.103501596,0.12649028,0.11014471,0.12679704,0.12829739,0.10571423,0.13082232,0.12612988,0.11000119,0.12095048,0.12649296,0.12408876,0.09668175,0.12670285,0.11446127,0.11075716,0.11590621,0.11287781,0.12529919,0.12613787,0.12486244,0.12641117,0.1145339,0.12697461,0.10633976,0.10854425,0.1123799,0.13782533,0.118497744,0.11237283,0.10842038,0.13252504,0.120114125,0.11704286,0.109782934,0.11674273,0.12555891,0.1110452,0.12370844,0.1175,0.11542601,0.12443577,0.09269023,0.114413165,0.10922605,0.11987274,0.11440006,0.10641951,0.11389507,0.11074665,0.11106557,0.117351934,0.11945338,0.12414503,0.11593784,0.12193629,0.10965093,0.11086132,0.12173512,0.11296201,0.11933672,0.110688746,0.12023085,0.13334168,0.11082368,0.11989145,0.11170718,0.110501856,0.11193197,0.13544215,0.118302055,0.130699,0.1289133,0.12602799,0.105672486,0.12663515,0.11674739,0.108955294,0.10557176,0.13248526,0.10225292,0.12006589,0.11654189,0.130315,0.118816495,0.10499366,0.10905891,0.10547173,0.117647424,0.108140066,0.1269833,0.112635486,0.12020093,0.11607076,0.1196121,0.122847885,0.11768119,0.1162588,0.11999054,0.110746205,0.10916622,0.12969236,0.12170899,0.11695146,0.11360115,0.11379804,0.12221227,0.12067708,0.11007802,0.11490824,0.119213216,0.112648904,0.12215597,0.11602087,0.11306615,0.13772434,0.1226801,0.11110362,0.13449596,0.11389255,0.12900752,0.1175849,0.117408544,0.10631628,0.11132623,0.12255339,0.124063075,0.12037542,0.10538563,0.12320742,0.114721395,0.11636539,0.11596154,0.13074113,0.12996355,0.10870013,0.116496384,0.116429605,0.11035902,0.12081127,0.11190651,0.117633335,0.12396781,0.12155235,0.120379284,0.123495586,0.113284856,0.12150031,0.11223495,0.120134264,0.13015495,0.11931121,0.1203937,0.1199349,0.13386714,0.11443261,0.09859381,0.13401146,0.12288782,0.12899926,0.113747954,0.12007864,0.10808675,0.10916344,0.12354628,0.11362404,0.11008929,0.13051814,0.11816111,0.11552394,0.12851144,0.116883375,0.10127555,0.12354699,0.104043484,0.12596783,0.11062967,0.10289172,0.11976969,0.11257623,0.1290073,0.1142145,0.119149216,0.1293697,0.112464175,0.122571975,0.114361115,0.116463,0.12366808,0.10292898,0.10526191,0.12932515,0.12373717,0.10364281,0.11784258,0.11948876,0.116472654,0.11707561,0.112541005,0.11776695,0.10516876,0.110307574,0.10888694,0.115498245,0.11540601,0.0997009,0.11478454,0.12696256,0.10804712,0.12008455,0.11115477,0.13181353,0.11610869,0.12280215,0.11187099,0.10957457,0.1102217,0.123761594,0.1333449,0.12074453,0.11269158,0.10931728,0.11516452,0.121187806,0.109900385,0.120694056,0.10784435,0.110131115,0.11052626,0.10500293,0.11155049,0.13010296,0.1233269,0.1106049,0.11604119,0.11248948,0.11873163,0.115710795,0.11985211,0.11035763,0.11460346,0.123813875,0.1071999,0.10983442,0.11582518,0.11908756,0.11967546,0.123515144,0.12749848,0.120212734,0.12467035,0.1237094,0.12840885,0.11122109,0.131834,0.123856924,0.11235732,0.12626904,0.1348261,0.11876528,0.12041745,0.12323345,0.11023392,0.11223414
