0.790825,0.7900551,0.7938915,0.7947881,0.7925354,0.7946936,0.79177696,0.79455096,0.79654694,0.7909338,0.7951764,0.7978835,0.79540485,0.7839087,0.78431296,0.7924015,0.79209054,0.79301435,0.8012196,0.7987955,0.7991245,0.79876,0.7807335,0.7927644,0.7873466,0.7952,0.7940327,0.7933322,0.7807063,0.79937416,0.7924112,0.78936774,0.7940777,0.79436064,0.7906537,0.7944461,0.78638095,0.79498464,0.7892474,0.78961104,0.7899474,0.79032165,0.7948157,0.7950083,0.78332585,0.7868843,0.7989269,0.7963152,0.800065,0.7896848,0.78446114,0.79158455,0.7870128,0.7909191,0.7895093,0.79170686,0.7837391,0.79099345,0.79049647,0.7866161,0.7950977,0.7888282,0.79220325,0.7922704,0.796748,0.7938038,0.7959512,0.79153323,0.7974318,0.79170454,0.79358256,0.78777105,0.7902809,0.7879341,0.7940639,0.79719305,0.79299325,0.80036306,0.79221165,0.79630136,0.79327506,0.7966051,0.7956151,0.79064,0.79845685,0.7890578,0.78978187,0.78692293,0.7856151,0.7973483,0.791145,0.79059255,0.79250646,0.7894663,0.7995036,0.79084224,0.7940636,0.7938797,0.7893063,0.7930505,0.80685955,0.7937526,0.79353803,0.7903696,0.79211336,0.786076,0.79806054,0.7843479,0.79928064,0.7970444,0.7908532,0.79678744,0.79550517,0.7856084,0.7937587,0.79215795,0.7951732,0.79687965,0.8005756,0.7897354,0.786825,0.7920675,0.7845629,0.7893641,0.79726094,0.7920075,0.7885093,0.7998867,0.7861505,0.7930758,0.78662616,0.7955771,0.7925196,0.7916573,0.78722394,0.79856545,0.7995899,0.7903566,0.79253155,0.790062,0.7898841,0.7914177,0.79171526,0.80535316,0.79379606,0.7934849,0.7963579,0.7990157,0.7863397,0.78959537,0.7953745,0.7964436,0.7925294,0.7989224,0.79715174,0.78135026,0.7973455,0.79689175,0.7861353,0.79995203,0.7925936,0.7969098,0.786707,0.7968322,0.7924422,0.7884067,0.79714674,0.79219735,0.78804505,0.7890983,0.7853372,0.7942449,0.7913728,0.79255515,0.7897372,0.79190445,0.792491,0.7973887,0.7883248,0.79538816,0.7971209,0.79735214,0.79794234,0.7935783,0.7898142,0.7952675,0.7875887,0.79323196,0.7919787,0.79208547,0.79451096,0.7876375,0.78821546,0.79976827,0.79278094,0.7936006,0.7935438,0.7843104,0.7883203,0.7919691,0.79166317,0.7927269,0.78809655,0.79364645,0.7890099,0.7854163,0.79106957,0.78211355,0.7934314,0.79810584,0.8073281,0.79779845,0.789294,0.79299355,0.79425824,0.79098177,0.79020894,0.791107,0.7951908,0.7955304,0.7893498,0.7956101,0.796612,0.795105,0.790549,0.793568,0.7920308,0.78967166,0.794634,0.7851428,0.7895764,0.7905551,0.78228825,0.79494226,0.78424793,0.80101377,0.79509664,0.80003643,0.78792083,0.7936971,0.78776413,0.7930675,0.7916375,0.7890797,0.7924938,0.78501964,0.7876951,0.7844848,0.7927805,0.7839249,0.79136544,0.78978807,0.7903025,0.7903795,0.7937979,0.79191035,0.7903549,0.79783916,0.7804717,0.78743154,0.7951593,0.79581976,0.79568446,0.793978,0.7901661,0.78936005,0.78531057,0.78972524,0.7967372,0.79278576,0.79356843,0.7952216,0.79548717,0.7936709,0.79262537,0.7931666,0.79912627,0.797086,0.7917609,0.7973129,0.79613405,0.7916366,0.7969933,0.7961802,0.7867272,0.79132026,0.7998089,0.791852,0.7982346,0.7964283,0.7911263,0.7849936,0.79831207,0.793865,0.7968615,0.79129666,0.7964988,0.79808056,0.78762186,0.8005753,0.7873266,0.7872838,0.7897406,0.79141027,0.79255587,0.79582566,0.79152536,0.79104376,0.78752947,0.79754484,0.79463565,0.7906639,0.8050463,0.78630793,0.7915855,0.78897184,0.7848313,0.7886329,0.7905035,0.7846151,0.7852527,0.7859898,0.7953577,0.79580814,0.79245025,0.7886735,0.79815996,0.7901675,0.7909596,0.7939258,0.78716755,0.78641546,0.78525245,0.7962993,0.7879874,0.7929377,0.7855912,0.79542154,0.7960712,0.80008525,0.7913167,0.7952395,0.791922,0.7837842,0.7906603,0.7867272,0.7801047,0.79401565,0.7906768,0.7945447,0.78398,0.7845477,0.79332435,0.79694146,0.7828715,0.79250985,0.78688264,0.79472417,0.7956396,0.79421926,0.79133254,0.7923331,0.7895284,0.78728545,0.7892462,0.7912278,0.7972175,0.78607106,0.7901588,0.7891303,0.7840459,0.7972458,0.79598266,0.7829467,0.80041385,0.7912965,0.7992877,0.7887533,0.7921111,0.80235827,0.7907985,0.7851992,0.7938596,0.7948193,0.80149156,0.7992376,0.789675,0.7869956,0.799866,0.7965265,0.79727477,0.7851847,0.7836334,0.788131,0.8022304,0.7851572,0.7953882,0.7854063,0.7977754,0.79617304,0.7942032,0.78797203,0.792378,0.79188615,0.79638606,0.7827818,0.78191566,0.79670113,0.7972863,0.8015584,0.80195224,0.79258335,0.78767586,0.79655313,0.7859869,0.7969184,0.788937,0.78880703,0.7852092,0.79598606,0.7899748,0.78656626,0.79391485,0.78622216,0.7911565,0.7937608,0.78770995,0.80132264,0.7976484,0.7884653,0.78975266,0.7850193,0.7989792,0.790164,0.8005003,0.7982493,0.79164743,0.78806216,0.7981038,0.787787,0.78810096,0.79364675,0.7894023,0.79003286,0.797665,0.78624207,0.7916848,0.8008031,0.78913456,0.8010291,0.78798467,0.79622865,0.792517,0.7904174,0.79282457,0.78920245,0.7872272,0.7939189,0.78894997,0.78403825,0.79574853,0.78428936,0.801745,0.79641426,0.7929966,0.7867662,0.7928699,0.80049896,0.7877996,0.7819369,0.7999658,0.793813,0.80038655,0.7894078,0.79595447,0.79649687,0.79593927,0.78642374,0.788004,0.79208386,0.7886913,0.7985827,0.78841066,0.79463476,0.8031834,0.7861972,0.79251254,0.78793657,0.7886077,0.79465336,0.79150635,0.7856267,0.7898234,0.79602164,0.79255074,0.7922336,0.792956,0.78278756,0.7891257,0.79543304,0.79225355,0.7897521,0.7922651,0.78632146,0.7830492,0.7885246,0.7978415,0.80348057,0.7918716,0.78702974,0.78737384,0.7831948,0.79053557,0.79063684,0.7987168,0.79568356,0.7982426,0.7817825,0.78773654,0.78733414,0.78923875,0.7930022,0.795508,0.7863197,0.793926,0.7882768,0.79470676,0.79290456,0.79535234,0.79664516,0.7967816,0.78739285,0.78954947,0.7881448,0.7864376,0.79871005,0.80032146,0.7988951,0.80043346,0.79609853,0.7895306,0.789509,0.8002171,0.7874491,0.7948707,0.78834146,0.7936875,0.7823382,0.79511297,0.7949994,0.78914034,0.79890317,0.7972045,0.79143137,0.7907174,0.793897,0.7969438,0.79086274,0.7881919,0.7781417,0.7941626,0.7958517,0.79380685,0.7914229,0.7877317,0.78867775,0.7810045,0.79138213,0.79826444,0.789584,0.79516697,0.7846388,0.7834036,0.79982907,0.7913384,0.7970101,0.796507,0.79590106,0.7888455,0.793255,0.79336274,0.7932213,0.8006716,0.79686546,0.7959331,0.78820497,0.7914236,0.7911694,0.7937334,0.79404324,0.7915565,0.79509884,0.7905752,0.7935892,0.7828237,0.7950551,0.78958803,0.77988285,0.786667,0.7889192,0.7977878,0.79554963,0.78643936,0.8051133,0.7984136,0.7996181,0.80025524,0.78912485,0.7933257,0.7982429,0.79117405,0.79294586,0.78786826,0.79770243,0.79932797,0.798686,0.7969777,0.7945906,0.7916951,0.79518765,0.8008272,0.7944129,0.8059671,0.78571886,0.793605,0.79229593,0.78400904,0.79055357,0.7933379,0.7935928,0.7892239,0.7860862,0.8048045,0.7833987,0.7944454,0.793448,0.7965852,0.79549503,0.78723437,0.79290974,0.7907931,0.7870598,0.7876967,0.78780735,0.7896637,0.79953575,0.7974334,0.7958445,0.78478354,0.7850079,0.7861328,0.78829765,0.7896493,0.7901938,0.7975736,0.78671163,0.7863158,0.7969086,0.797711,0.7966779,0.7957549,0.78877294,0.78990906,0.7969254,0.7842894,0.7823233,0.798069,0.7937795,0.78396535,0.7966732,0.7898284,0.7924925,0.79999053,0.7854306,0.794244,0.79125327,0.78883094,0.794971,0.78663045,0.7841011,0.7846916,0.7925294,0.7927608,0.7948213,0.7994277,0.8033337,0.7951491,0.7968419,0.80082077,0.7968273,0.7854661,0.78587604,0.8044732,0.7874493,0.79357505,0.78189075,0.78631306,0.80213016,0.7955816,0.79569674,0.7971061,0.79796594,0.7957631,0.79700506,0.80065435,0.7883374,0.78869057,0.79301095,0.7960177,0.7935111,0.7823697,0.79263717,0.80371535,0.7943562,0.7926327,0.7917386,0.7916906,0.79585177,0.80544055,0.79479146,0.7985147,0.7792113,0.80735946,0.7841972,0.78965944,0.7944271,0.792438,0.78777516,0.79176176,0.79228806,0.7947943,0.7904961,0.7831807,0.7839173,0.78756124,0.79445064,0.7934125,0.79227376,0.78931993,0.80040616,0.79336375,0.79189956,0.7919689,0.7911946,0.7909129,0.7884555,0.8007436,0.794029,0.80039024,0.78989995,0.7917563,0.7968394,0.7972039,0.79298043,0.78673685,0.80209094,0.7877106,0.78939956,0.7929568,0.7872846,0.78130627,0.7946839,0.7980947,0.802682,0.79186165,0.79307055,0.8015987,0.7952827,0.78565425,0.7851545,0.7973242,0.78763634,0.79394424,0.78129387,0.79356027,0.79183984,0.78681976,0.7942628,0.803078,0.7924654,0.7936967,0.78579396,0.7929497,0.799906,0.79461694,0.7871328,0.79612315,0.790182,0.79924643,0.7868526,0.7995611,0.79540324,0.79052,0.7901187,0.7953663,0.79701793,0.7869522,0.7883406,0.7878802,0.7992844,0.79624385,0.7923881,0.7843911,0.78886247,0.7943719,0.79018575,0.79624844,0.79593307,0.7887044,0.79583365,0.8015014,0.7880927,0.7885415,0.8026091,0.7950735,0.7928244,0.7885881,0.7923234,0.79659337,0.78823674,0.78678775,0.7968629,0.799536,0.7908777,0.795688,0.797624,0.80458975,0.79207075,0.7931947,0.7888719,0.7952072,0.784149,0.78940374,0.79339045,0.78650326,0.7863601,0.788313,0.7963128,0.7961956,0.7845819,0.79224515,0.797576,0.792575,0.78746974,0.79533774,0.79221356,0.8020361,0.78823465,0.79094815,0.7952323,0.78895915,0.78583837,0.79355454,0.7867112,0.7934185,0.7892726,0.79972756,0.795995,0.7969456,0.7900797,0.7990794,0.7834994,0.79604924,0.7872801,0.796263,0.7881961,0.7823932,0.7923773,0.791361,0.79639477,0.79674894,0.7969422,0.79993683,0.79023683,0.7932385,0.78321093,0.79204524,0.79572135,0.79077697,0.79862726,0.8036932,0.78709424,0.7976064,0.79747593,0.7995378,0.7996496,0.79624283,0.7950363,0.79151744,0.7883732,0.7901513,0.78796226,0.79318553,0.796092,0.7954572,0.7971498,0.7960503,0.78654504,0.80129457,0.8006916,0.78642046,0.7881783,0.7917837,0.7987151,0.7966492,0.7809154,0.7869893,0.7943025,0.7969225,0.7853072,0.79341054,0.79209703,0.8021492,0.79933107,0.7840825,0.7935674,0.7837261,0.7963071,0.8007116,0.7981985,0.7893607,0.7862107,0.7952196,0.78346485,0.792003,0.7856076,0.7997385,0.7986628,0.7920818,0.79041976,0.78709483,0.7966471,0.7913963,0.7950772,0.7919713,0.79007626,0.78773373,0.80137223,0.79028,0.7891102,0.79090285,0.7978732,0.7902248,0.79466605,0.7895963,0.7913829,0.7878238,0.78716815,0.786305,0.7935362,0.79265386,0.788157,0.7909261,0.79234207,0.78647816,0.7944597,0.7898982,0.7965227,0.78059876,0.79964834,0.7913499,0.7918661,0.78899044,0.7940198,0.7898044,0.7892244,0.794522,0.7876942,0.7990866,0.79515004,0.7968477,0.7981135,0.7952421,0.7902529,0.7922229,0.7876059,0.79922086,0.79648876,0.7996505,0.7989041,0.7922933,0.80606526,0.7923574,0.78393966,0.79047185,0.79339665,0.79144996,0.79450834,0.79877025,0.80336607,0.79253197,0.79446846,0.79151744,0.800562,0.790766,0.7862807,0.7997048,0.7863222,0.79217476,0.79977334
0.5376644,0.537003,0.5345291,0.5361556,0.5369882,0.54757667,0.5468614,0.53419703,0.5313984,0.5349535,0.5401329,0.5348457,0.5327525,0.5201356,0.5373304,0.53751963,0.53979635,0.5389456,0.5335246,0.54225934,0.5428247,0.5360072,0.53257596,0.53208464,0.54516995,0.5423597,0.54158443,0.5331756,0.54531515,0.5399362,0.53803355,0.5310802,0.53803843,0.5386933,0.5335619,0.53300154,0.5362552,0.5391123,0.54150254,0.5308368,0.52878356,0.52768856,0.53439504,0.54039204,0.52779025,0.5347032,0.53869027,0.53875774,0.532312,0.53867096,0.5309082,0.53687686,0.534714,0.537039,0.54001683,0.5340195,0.5302491,0.5367437,0.53379786,0.5356675,0.536021,0.5343859,0.54445016,0.54019535,0.5285317,0.53787637,0.53182554,0.5365036,0.53388065,0.5351889,0.5382765,0.52740693,0.53692853,0.53721166,0.5374225,0.5407513,0.53476363,0.5314223,0.539448,0.53357524,0.53868467,0.53665185,0.53824407,0.5385078,0.53125244,0.5351727,0.53567123,0.5253617,0.5289734,0.53426516,0.5361345,0.53381383,0.53872055,0.535241,0.5348973,0.5376659,0.5377027,0.53412056,0.5286604,0.5397049,0.54427594,0.5363161,0.52901703,0.5323919,0.5436743,0.525931,0.5362176,0.53536457,0.5366678,0.541787,0.52705944,0.53618413,0.5411939,0.53283185,0.54294497,0.5335044,0.53653306,0.5344184,0.5406156,0.5385503,0.5334914,0.5420285,0.5345368,0.5301368,0.53504735,0.5340476,0.53653145,0.5357688,0.533081,0.54476744,0.53453004,0.5380704,0.5413315,0.53284776,0.5379884,0.545178,0.53285915,0.5401589,0.5306874,0.5347563,0.5303507,0.538093,0.53099215,0.53978723,0.5341642,0.5308724,0.53446996,0.5361926,0.53417516,0.5359951,0.5350144,0.53503287,0.5386529,0.5412643,0.5366217,0.53038996,0.5367657,0.5374166,0.5340605,0.5454471,0.52971345,0.5384135,0.5334847,0.54004,0.53537756,0.53838086,0.53477657,0.5286184,0.52380836,0.5400169,0.5380998,0.5389747,0.53711724,0.52654666,0.54024583,0.5386469,0.53620875,0.5402288,0.53855634,0.5340033,0.53534377,0.54451174,0.543706,0.5404694,0.5400049,0.5449175,0.5368616,0.53134936,0.5343725,0.5399616,0.5372407,0.53272766,0.5374699,0.53788584,0.5312787,0.5421226,0.5300983,0.5392038,0.53320485,0.5291439,0.53361225,0.5325647,0.5272214,0.54009944,0.5357641,0.5374741,0.5347514,0.53226113,0.5337457,0.5385857,0.54423267,0.5372844,0.5367231,0.5393701,0.53189063,0.53241754,0.5355044,0.531969,0.5372987,0.5392591,0.52960414,0.5345301,0.53307784,0.5453498,0.54395425,0.5368191,0.5326059,0.5262994,0.5352701,0.527498,0.53379506,0.5296727,0.5333703,0.5439894,0.5234863,0.5368445,0.5434609,0.54185027,0.53687143,0.5460882,0.53499895,0.5282616,0.54014975,0.53661346,0.53446215,0.52829075,0.5245743,0.53487927,0.52724403,0.5378853,0.5418942,0.52776974,0.5368674,0.5342881,0.52872145,0.53769815,0.53218514,0.53583896,0.5369155,0.53397864,0.53827333,0.53731394,0.54911584,0.5239636,0.5340757,0.53496575,0.53843284,0.53749794,0.5436508,0.53611004,0.5336636,0.53408223,0.54504526,0.53623176,0.5363231,0.53137094,0.5383423,0.54748636,0.5302565,0.5376302,0.54266536,0.5445594,0.5336962,0.53613716,0.5317063,0.53619015,0.5381534,0.5439712,0.5287482,0.5404441,0.5295024,0.5353604,0.53315395,0.5307501,0.53951925,0.54152036,0.53073317,0.5385665,0.5315473,0.538125,0.53169745,0.54053074,0.5317254,0.5360561,0.5338807,0.5422929,0.5411573,0.5357625,0.53427446,0.5363417,0.53950286,0.53389215,0.5369179,0.5372038,0.5251874,0.5391879,0.53183067,0.53191227,0.54011095,0.5359878,0.5327063,0.5308652,0.53855944,0.5431087,0.53602195,0.54794306,0.5383037,0.53985524,0.53607243,0.5404939,0.5395993,0.5281303,0.5299024,0.5385181,0.5460665,0.53972614,0.5280793,0.5358954,0.54134476,0.53689116,0.5377717,0.5359779,0.5396812,0.54007447,0.53501755,0.53487587,0.5279193,0.5370697,0.5402257,0.5359756,0.54387707,0.5362139,0.5348063,0.53810745,0.5355801,0.5393976,0.5410811,0.53885174,0.54359853,0.5370275,0.5281655,0.5258054,0.53145415,0.53605807,0.5382835,0.5375455,0.5284846,0.5307027,0.54123163,0.5363927,0.52896243,0.5374269,0.53620416,0.5399817,0.5368687,0.54220295,0.5284201,0.542901,0.5470485,0.54283243,0.53711444,0.53072125,0.5412223,0.5318777,0.5410856,0.5318513,0.53783524,0.52555674,0.5319625,0.52611464,0.54086906,0.5325771,0.5415565,0.5379943,0.539632,0.5367855,0.5404397,0.53260297,0.54452556,0.5355218,0.53747034,0.52994514,0.53392756,0.5320168,0.5386702,0.53682244,0.5248367,0.5348316,0.5455281,0.53883064,0.54401875,0.5382034,0.53401864,0.53526866,0.53453225,0.533053,0.5339035,0.53465277,0.5403827,0.5465786,0.534768,0.53736436,0.5295422,0.53994906,0.5283158,0.53081816,0.536493,0.53483695,0.53495175,0.5232543,0.52872825,0.535683,0.5297192,0.5372366,0.5313545,0.5357348,0.53282887,0.53258765,0.53337497,0.5277271,0.5371353,0.54225916,0.5325981,0.52671456,0.5446679,0.53261983,0.5374804,0.53460985,0.5379068,0.53987986,0.5325833,0.53323585,0.53323144,0.5398812,0.5402898,0.5334138,0.52936184,0.5422489,0.5366305,0.536331,0.53039485,0.5330461,0.5413384,0.5383608,0.53124535,0.5305957,0.5262109,0.5441192,0.5318363,0.54180604,0.54209983,0.53508765,0.5369645,0.53385425,0.54128796,0.53442806,0.53988427,0.53142136,0.5392669,0.53344434,0.53843546,0.54090154,0.52787834,0.5331578,0.54491544,0.53521353,0.54063904,0.53789896,0.5334038,0.5456212,0.5337559,0.53190124,0.53625154,0.5348391,0.5306602,0.53439957,0.53093445,0.5343846,0.5294218,0.5340775,0.54558045,0.53795105,0.53365725,0.5248952,0.53800637,0.53266287,0.53314435,0.53453493,0.5341768,0.5392292,0.53166914,0.53851795,0.5365179,0.53543913,0.52940726,0.53648937,0.5348817,0.5301243,0.5332151,0.5343688,0.5342735,0.5386186,0.5409807,0.5350839,0.5348414,0.5342891,0.543496,0.54478455,0.55125546,0.5322872,0.53616124,0.5331339,0.53607816,0.5366816,0.5322193,0.5412375,0.53847855,0.53477126,0.53935903,0.54037607,0.5290921,0.5349868,0.5436127,0.5311771,0.5311939,0.5356168,0.5384727,0.5362763,0.53767836,0.5389077,0.53754693,0.53802365,0.5312158,0.53032315,0.5327619,0.53928596,0.54155046,0.5304538,0.53377026,0.54102886,0.5333658,0.5450808,0.53104955,0.53332233,0.53695744,0.5280583,0.5251389,0.5388669,0.525497,0.534312,0.53342944,0.52499104,0.5383628,0.5401512,0.5292874,0.52860487,0.5280448,0.5451771,0.5355785,0.5387676,0.5464499,0.5450212,0.53552014,0.544854,0.53823674,0.53420824,0.53617585,0.5413806,0.53407,0.54041946,0.532726,0.54131883,0.52986014,0.5444238,0.53155607,0.5297842,0.5290948,0.5316139,0.5265197,0.5370807,0.5344919,0.54057366,0.5341931,0.54004395,0.5385592,0.53037673,0.5344221,0.5391334,0.53732485,0.54212785,0.54290843,0.53515255,0.55167174,0.5336956,0.53316367,0.5358126,0.53512526,0.52620834,0.5336617,0.53400034,0.53636193,0.5373086,0.5359518,0.5371598,0.53055793,0.5394764,0.53263444,0.5378744,0.5357012,0.53229856,0.53284234,0.53418034,0.5374485,0.5299138,0.53949386,0.53530276,0.5338634,0.5277949,0.5412276,0.5375556,0.5298331,0.52892375,0.5370599,0.5343886,0.5314202,0.5346057,0.5325646,0.5309384,0.5254958,0.5240279,0.5306982,0.5369266,0.53519493,0.54688203,0.54278433,0.5287601,0.5323186,0.5365969,0.53966475,0.53176504,0.5407347,0.5345208,0.5410445,0.53166896,0.5304201,0.5266289,0.53086823,0.5366769,0.53089863,0.53995144,0.53648597,0.530312,0.537083,0.54278445,0.5365167,0.53043324,0.5396613,0.53209305,0.53412557,0.5358295,0.52625644,0.5324444,0.53634906,0.54056644,0.53796345,0.53975356,0.536828,0.5418952,0.54417336,0.5313277,0.5412024,0.5365258,0.5395938,0.5362048,0.5375134,0.5243856,0.5389084,0.5349038,0.5395588,0.53351897,0.5409912,0.5431275,0.5369627,0.53829974,0.546158,0.5310211,0.53025645,0.5300636,0.54549277,0.5427805,0.5358295,0.5331903,0.54406893,0.5331204,0.52503693,0.5234021,0.53515667,0.5402076,0.5349295,0.5369125,0.5398447,0.5345475,0.5369665,0.5387522,0.53592455,0.5394137,0.53820527,0.53568625,0.52736294,0.5389555,0.53533334,0.5429503,0.5311331,0.5342819,0.53623277,0.53864604,0.53036135,0.5360214,0.53563154,0.5399388,0.53691643,0.54417396,0.5375282,0.53096616,0.53190225,0.5305978,0.5377778,0.540506,0.538079,0.54053366,0.5389161,0.5409502,0.5427774,0.5293603,0.5319705,0.54260147,0.53077155,0.5315357,0.5323052,0.53694224,0.5314487,0.5413115,0.5286785,0.53753173,0.52955127,0.53442234,0.5406702,0.5363848,0.53311443,0.53605527,0.53243506,0.5320653,0.53438187,0.5342064,0.5428951,0.5320746,0.5270865,0.53645086,0.53670573,0.5467828,0.5434425,0.52849084,0.5419248,0.5341175,0.5393853,0.5409095,0.533425,0.5465639,0.5290309,0.5403031,0.5379897,0.54009354,0.5404407,0.53527784,0.53805566,0.53084147,0.53594357,0.5352692,0.5353999,0.5335254,0.53588444,0.53597087,0.5305895,0.53407276,0.542771,0.5430856,0.5374277,0.53424054,0.5303337,0.5297526,0.5461818,0.5331436,0.5326611,0.5318444,0.5328624,0.52681756,0.52882606,0.53867173,0.53476626,0.52967566,0.5292741,0.5335793,0.5371328,0.53388745,0.5424802,0.5421159,0.54457533,0.5360099,0.52920926,0.53241736,0.52938527,0.5346959,0.54085976,0.5420634,0.5274067,0.53632116,0.52790344,0.5390669,0.53829014,0.53748745,0.5296121,0.54730743,0.53286815,0.5352157,0.5290897,0.53720355,0.5397436,0.53399754,0.5352412,0.53334534,0.544865,0.5394547,0.5348571,0.53563637,0.5349194,0.52691454,0.5465219,0.52420396,0.54307115,0.5328754,0.5345297,0.53379285,0.53236,0.54138213,0.5340091,0.5348283,0.53101504,0.5480921,0.534127,0.5477531,0.53352,0.536791,0.53416663,0.5452041,0.53149915,0.5357281,0.5381507,0.5503005,0.5408673,0.5348029,0.53310245,0.5311098,0.5440385,0.5299349,0.5365327,0.54040694,0.53478545,0.53549165,0.53903216,0.5428217,0.5367169,0.53317785,0.540633,0.5386516,0.5439079,0.5346264,0.530131,0.5290515,0.5399655,0.54341465,0.5336901,0.53507376,0.5290555,0.5413353,0.5333758,0.52567184,0.5294543,0.52865523,0.5310862,0.5370965,0.5386965,0.53002983,0.54673105,0.53219223,0.53405744,0.53285843,0.53121346,0.53505,0.53108096,0.5318987,0.5353255,0.5365338,0.53332245,0.5292083,0.5331395,0.5291447,0.52501917,0.5349578,0.5335269,0.54002845,0.5313537,0.53666556,0.53601617,0.535522,0.5377423,0.54282016,0.54122514,0.53896385,0.540864,0.52845705,0.5337762,0.54582906,0.5428449,0.542734,0.5402611,0.535335,0.53898984,0.52975625,0.52831316,0.53426594,0.5385744,0.5344146,0.53721434,0.5392769,0.5319636,0.5376618,0.5378417,0.53240794,0.52826476,0.5429286,0.5363106,0.53307486,0.53481996,0.5407456,0.5325129,0.5400044,0.5311989,0.53476626,0.5301299,0.5328782,0.530778,0.5396357,0.53924173,0.53838134,0.5390043,0.53288186,0.5339846,0.5372827,0.5372248,0.5383874,0.54118884,0.5383214,0.5295428,0.5335879,0.5469679,0.53232443,0.5321105,0.5323109,0.5428619,0.5482411,0.53635305,0.530035,0.5262613,0.544515,0.5320934,0.53146344,0.54058325,0.5313355,0.5399974,0.5385656
0.7140393,0.720166,0.712433,0.71041095,0.71321684,0.71367735,0.71207476,0.7138158,0.71229565,0.7075212,0.71805096,0.7139412,0.7166123,0.70637286,0.7091372,0.7063017,0.7171514,0.71212965,0.7205532,0.71596485,0.72137773,0.72007984,0.71090156,0.71611226,0.7189678,0.72000945,0.7178168,0.7145359,0.7181976,0.71526134,0.71584976,0.71191776,0.71903837,0.70732975,0.71405745,0.71797377,0.7065629,0.7118133,0.7142993,0.7111635,0.7144619,0.71820486,0.71162695,0.7214658,0.70815706,0.7130558,0.71560615,0.718177,0.71702397,0.7182325,0.7107174,0.71260196,0.71522754,0.71202743,0.7135782,0.7173837,0.7108062,0.7136972,0.71589965,0.70619684,0.7182363,0.71303624,0.7127685,0.712636,0.7193765,0.72077,0.7193904,0.7129597,0.7148504,0.707349,0.7262517,0.7159631,0.7167738,0.7076759,0.718133,0.71384984,0.7145305,0.709764,0.7135775,0.71182036,0.71548074,0.71382785,0.7197041,0.71318454,0.7143359,0.72521085,0.71976423,0.7154073,0.71575004,0.71457326,0.71655655,0.7139226,0.70988655,0.71173227,0.7236332,0.7085042,0.71449924,0.70769715,0.7120194,0.7145141,0.71968514,0.7190181,0.7135371,0.71156263,0.716656,0.71019346,0.7173212,0.7149585,0.7140109,0.71849316,0.71117556,0.7127793,0.7122153,0.71022505,0.72097105,0.71847355,0.7143745,0.7173423,0.71617806,0.71296984,0.7107699,0.7145359,0.70838225,0.7180866,0.71665305,0.7051532,0.71607566,0.7204579,0.7120795,0.727105,0.71455336,0.7163549,0.71688116,0.7094574,0.71358865,0.7175243,0.7168282,0.7152246,0.71907234,0.7189925,0.7088274,0.70512044,0.71159494,0.72049344,0.714111,0.7059055,0.71444005,0.71782017,0.6993194,0.71495444,0.7152,0.71919656,0.71755755,0.72120637,0.71218926,0.71007556,0.71914524,0.7186745,0.71588194,0.71895796,0.71683306,0.7120407,0.71142286,0.71747303,0.70990956,0.71824247,0.7196115,0.7117395,0.7120053,0.7093722,0.71128845,0.71365976,0.7116863,0.7173354,0.71729195,0.7175392,0.71232283,0.7167813,0.7194995,0.7169833,0.720663,0.7216188,0.7174286,0.7138722,0.7129013,0.7171911,0.7095524,0.7049565,0.71650946,0.7160591,0.71121824,0.7116702,0.71763045,0.72357,0.708135,0.7212266,0.71682054,0.7097575,0.7084149,0.71043664,0.7091628,0.7214709,0.71388954,0.71143085,0.7092664,0.715575,0.71640223,0.7154456,0.7161582,0.7191442,0.71983,0.71944004,0.7114941,0.7096255,0.7158776,0.7129432,0.7122899,0.7139009,0.7183973,0.7148953,0.71264374,0.71823144,0.7148521,0.7164072,0.71109635,0.71934557,0.7175567,0.70893,0.717177,0.71267694,0.713644,0.71045554,0.7138429,0.71633124,0.70735496,0.7211312,0.7193944,0.71518904,0.71615756,0.72125185,0.7116832,0.71786684,0.7122346,0.7135295,0.71517766,0.70712197,0.7034193,0.7120573,0.70789343,0.71829236,0.7148606,0.71782094,0.71541786,0.7095438,0.7167059,0.7126089,0.7135079,0.71498233,0.7127721,0.70797193,0.71468985,0.7153602,0.7177646,0.7091117,0.70932907,0.7171408,0.7140345,0.710505,0.71845746,0.7171908,0.7178122,0.7231847,0.7163365,0.7167006,0.7108358,0.7087887,0.7066215,0.71590304,0.71596515,0.71951807,0.7213889,0.7191687,0.71457905,0.7223755,0.7100333,0.7168804,0.71436983,0.7223904,0.7161524,0.7181071,0.7082691,0.7142577,0.71629596,0.72236323,0.71728146,0.72018427,0.718166,0.72210765,0.71496254,0.71694934,0.7177311,0.71165913,0.7136977,0.7126469,0.71699196,0.71490544,0.7177252,0.71005666,0.7120113,0.71428233,0.7148166,0.7083613,0.7295331,0.7089427,0.7153985,0.7150482,0.7135876,0.7204562,0.710709,0.71664566,0.7151886,0.7100957,0.7232519,0.7126535,0.714043,0.71585774,0.7137989,0.7121049,0.7146254,0.7088182,0.7109592,0.7122583,0.7083702,0.716195,0.71413666,0.72001547,0.71509665,0.7179947,0.7228925,0.71763563,0.7182759,0.71458274,0.71583843,0.71043926,0.7153986,0.71419674,0.7001359,0.71925163,0.71664405,0.7136122,0.71925604,0.7095097,0.7165913,0.7191551,0.7129295,0.7208777,0.7162139,0.7169357,0.71764374,0.7148001,0.7173746,0.70843977,0.7127173,0.7078992,0.7166619,0.70903665,0.71589285,0.71186376,0.71590465,0.71388024,0.7104188,0.7187385,0.7194359,0.7085211,0.7139512,0.7170298,0.7145363,0.71213925,0.71303326,0.7202109,0.7124405,0.709862,0.72208875,0.7162604,0.7133791,0.71465033,0.7134116,0.71281546,0.71854514,0.7106063,0.7176043,0.71078324,0.7094471,0.7124488,0.7164588,0.71757334,0.7133964,0.7122873,0.71975386,0.70909864,0.71796274,0.7158519,0.7138322,0.7138178,0.7121898,0.7101846,0.7119103,0.7175881,0.71491915,0.7154093,0.7157994,0.7126344,0.7128727,0.71624005,0.7158766,0.7203808,0.714394,0.714168,0.71203804,0.7176027,0.71276253,0.71456885,0.7106752,0.71547115,0.7131807,0.7148081,0.7198937,0.7199639,0.71524847,0.7170443,0.71173555,0.7115703,0.70939815,0.71460396,0.7131416,0.71651185,0.7128771,0.7080125,0.7181223,0.71116745,0.7132558,0.7191014,0.7120497,0.7121788,0.7233568,0.7124519,0.7125392,0.7161823,0.7109489,0.71745205,0.71525675,0.71765256,0.7105077,0.71457124,0.7105723,0.7194765,0.7073842,0.717343,0.7151712,0.7116497,0.7143228,0.71072066,0.715436,0.7143792,0.7180027,0.71167743,0.7136916,0.71740365,0.71169937,0.7063299,0.72250897,0.7118956,0.7104221,0.7101536,0.71831435,0.72150844,0.7150589,0.71362835,0.71656466,0.7116802,0.71582896,0.71783334,0.7102986,0.71783686,0.7206087,0.7119114,0.7211763,0.7134836,0.7127337,0.72061884,0.71042204,0.71972424,0.72042155,0.7133797,0.71091175,0.71170366,0.70969266,0.7117709,0.71256226,0.7126,0.7156113,0.7135186,0.7141015,0.70756364,0.7161588,0.7151191,0.7154534,0.72210824,0.71352404,0.71621895,0.7052674,0.7067702,0.71192664,0.7114,0.71803135,0.7102164,0.7170453,0.70917183,0.71285504,0.71158385,0.714565,0.7126064,0.71828896,0.7109229,0.71662724,0.7131113,0.71606404,0.71433544,0.7240113,0.70681393,0.7137072,0.70481527,0.71272516,0.7163633,0.7158041,0.71695715,0.72156113,0.71077144,0.7233891,0.7199388,0.7112294,0.71279055,0.7190335,0.7129138,0.71712595,0.7146876,0.7112452,0.71810055,0.715052,0.71664006,0.7071723,0.7195398,0.71269476,0.71849793,0.7085394,0.7248829,0.72241956,0.7128964,0.71759593,0.70827585,0.7102306,0.71445423,0.7033015,0.7160333,0.7149685,0.7106484,0.70855516,0.71468616,0.71062225,0.71774423,0.71495277,0.70856667,0.71361274,0.7200188,0.7138655,0.7144433,0.7145246,0.72164184,0.71124935,0.71989775,0.71157587,0.7136052,0.72036964,0.71838874,0.714111,0.70939916,0.7148373,0.7192576,0.71434593,0.714795,0.71254706,0.7194067,0.71310884,0.71474856,0.7050219,0.71314764,0.714572,0.71079093,0.710848,0.71670365,0.7193672,0.71521574,0.7135236,0.7194042,0.7228657,0.7185744,0.71196854,0.71531713,0.72006816,0.7165035,0.71029,0.71293,0.7124231,0.7158819,0.71509486,0.709516,0.71794176,0.7147972,0.7189121,0.7178521,0.7194132,0.7180726,0.7152677,0.7100246,0.7080224,0.7140951,0.7108477,0.71899754,0.71832263,0.71486527,0.70953363,0.7082893,0.71703136,0.72066265,0.7170162,0.7093548,0.7065429,0.70910203,0.70918417,0.71643215,0.71246785,0.7103904,0.7175519,0.71083623,0.71088517,0.71722996,0.71874166,0.7157874,0.70994383,0.7132376,0.7136189,0.71988803,0.7116811,0.7198186,0.71662,0.71118283,0.703949,0.7149393,0.7168647,0.7148911,0.71913356,0.7144974,0.71517307,0.7125076,0.7090919,0.70839214,0.7122513,0.7111521,0.7083118,0.7151202,0.7097833,0.71962386,0.72398645,0.71227115,0.7079667,0.71517706,0.7145873,0.7147178,0.71052593,0.7108696,0.70936656,0.7100432,0.7121954,0.71580654,0.71835184,0.7228169,0.7148251,0.7150468,0.71778816,0.71414965,0.7100277,0.7093155,0.717545,0.7098227,0.7101579,0.70585346,0.7102385,0.71778303,0.7113473,0.7097293,0.7151628,0.7193229,0.716591,0.7133373,0.7098627,0.7160476,0.71155614,0.7065684,0.717064,0.7116046,0.7110131,0.71203136,0.72452253,0.7111766,0.71252537,0.71003395,0.71108234,0.717658,0.719053,0.7108023,0.7127081,0.70948416,0.72834563,0.71403486,0.7129063,0.717285,0.7176939,0.7134753,0.71140546,0.7111853,0.71191883,0.7200582,0.7139946,0.7136324,0.7135878,0.71970016,0.71704406,0.7135253,0.7127935,0.71488434,0.7121217,0.7229979,0.713167,0.7147046,0.7203714,0.7070917,0.72174823,0.7171288,0.7105524,0.71349263,0.7152159,0.7228572,0.7223729,0.71348697,0.70855767,0.71780235,0.7102755,0.71474826,0.71926224,0.72209054,0.7124954,0.71639854,0.7209301,0.7187273,0.7136039,0.7108706,0.71975887,0.71954614,0.71000624,0.7113034,0.71365625,0.708149,0.71502334,0.7073415,0.71823037,0.7099949,0.7139332,0.71437067,0.72247356,0.7133781,0.71025485,0.71290934,0.71720785,0.7183651,0.71601576,0.70954835,0.71787524,0.70873374,0.71045625,0.7145681,0.71562743,0.7194813,0.7111007,0.7183407,0.7210913,0.71238947,0.7146567,0.7192474,0.7107877,0.72151697,0.7192533,0.7121085,0.7086169,0.7129438,0.71459574,0.7128972,0.71102303,0.71718204,0.71090084,0.7155782,0.7198312,0.711165,0.7140494,0.71719825,0.7156778,0.7209725,0.7178179,0.7179927,0.71803254,0.70796,0.706862,0.7167366,0.7184158,0.71010697,0.7184668,0.72276455,0.71808636,0.7192989,0.71018213,0.7047138,0.7079479,0.71376985,0.7143189,0.71829593,0.7090153,0.7098462,0.70962703,0.71968913,0.71823305,0.71259195,0.7124514,0.7149219,0.71631485,0.7124579,0.72045684,0.7139768,0.72338486,0.7170021,0.71456075,0.71731055,0.71757567,0.71211535,0.7138718,0.70753783,0.71350485,0.71028,0.72081757,0.71594656,0.7239393,0.7085657,0.7167796,0.7075709,0.7147847,0.71608126,0.71773976,0.7072413,0.7022998,0.7143104,0.7156865,0.72102976,0.7116243,0.71354866,0.7201951,0.71507955,0.71002734,0.7202177,0.7128881,0.7138508,0.7154156,0.7208131,0.7168998,0.71141386,0.7173824,0.7139493,0.71826684,0.714315,0.7190538,0.71729326,0.71544856,0.71753794,0.71473,0.71110684,0.72140354,0.71087766,0.7220177,0.7219312,0.7127686,0.7097706,0.7162778,0.72175545,0.714909,0.7144999,0.7076029,0.72177476,0.7151495,0.7070723,0.71203434,0.7160534,0.7175142,0.7141628,0.718049,0.7149366,0.71552676,0.722992,0.7129032,0.7134448,0.7075153,0.71422416,0.712026,0.70769966,0.70516855,0.71356535,0.7166802,0.7102442,0.71118134,0.70627856,0.71330595,0.7166293,0.7099622,0.7131808,0.7119295,0.7190048,0.71164715,0.72080415,0.7198194,0.7198741,0.71135616,0.7144774,0.7058678,0.7164244,0.71483314,0.71712345,0.72001445,0.7209029,0.7086709,0.71067977,0.7163758,0.7142311,0.704649,0.71639454,0.7129619,0.7153521,0.7115057,0.7127107,0.7091042,0.71644485,0.71321845,0.717202,0.709858,0.71954197,0.71579015,0.7190035,0.71205723,0.7191965,0.7088925,0.71104896,0.7115365,0.7110206,0.7120312,0.7185003,0.71414036,0.7176337,0.7245252,0.7189446,0.7158462,0.7122762,0.716137,0.7140024,0.7164713,0.7198745,0.7228207,0.7258022,0.71322984,0.70963216,0.71865517,0.7150766,0.71075827,0.7099815,0.71545315,0.7210427,0.7120221,0.7104494,0.7067416,0.7193209,0.70630157,0.7158928,0.719415,0.7080305,0.71705705,0.71595633
0.7927673,0.8041257,0.80120844,0.7993574,0.8033609,0.8012161,0.8057153,0.8061144,0.80406517,0.8024267,0.80857444,0.80650496,0.80840796,0.798498,0.8029973,0.79788053,0.79976004,0.801071,0.80585045,0.8108494,0.80332065,0.8059876,0.8028997,0.7975266,0.7977738,0.808014,0.8003332,0.80018187,0.8027354,0.79927844,0.80659765,0.80013806,0.7969236,0.79959387,0.80351645,0.80054617,0.8005476,0.804665,0.8049002,0.8025807,0.8058345,0.80282295,0.8017621,0.8059673,0.8025319,0.8059407,0.80547994,0.8017814,0.80216134,0.8026055,0.80414385,0.80026656,0.79770756,0.7985768,0.7982788,0.7982718,0.7961375,0.8053598,0.80336404,0.79796004,0.80275136,0.8004312,0.8081813,0.80443424,0.80590254,0.80820024,0.80162483,0.7992148,0.8054281,0.80411786,0.8057232,0.79979587,0.80367035,0.79575425,0.8018019,0.8042257,0.8047512,0.7976789,0.7991023,0.8043531,0.8029802,0.80458796,0.80595964,0.8094701,0.80767393,0.80150825,0.8070677,0.8032057,0.79706424,0.79809564,0.7963965,0.8118,0.79552364,0.80386245,0.80394495,0.8017641,0.8000487,0.8012749,0.8028,0.80216324,0.8061817,0.8079441,0.8000218,0.8078636,0.7992653,0.7947655,0.8032783,0.79641134,0.80326164,0.80858636,0.7977798,0.79890907,0.79582393,0.80311704,0.7994732,0.80105036,0.8022822,0.8044477,0.8116894,0.80320895,0.7986462,0.800253,0.7982769,0.7979301,0.80242217,0.79936457,0.800686,0.8066595,0.80169314,0.81422216,0.80741847,0.80180055,0.806358,0.8007844,0.8046977,0.8072076,0.80419356,0.8044162,0.80850613,0.8021763,0.8075244,0.79984915,0.7969125,0.7994819,0.8094926,0.8023537,0.7953942,0.80201715,0.80283874,0.79997456,0.8055742,0.80303955,0.80107707,0.8058516,0.80611074,0.79711163,0.80589676,0.8074516,0.8056726,0.8035811,0.8093447,0.8036546,0.80752164,0.8061616,0.8019414,0.7973363,0.8051845,0.79746366,0.8010238,0.79647416,0.80079275,0.8023867,0.80263555,0.80016285,0.8085572,0.8013053,0.8043612,0.80289316,0.80024046,0.8087001,0.8098295,0.7937466,0.8038165,0.7956748,0.80218995,0.80733013,0.7987123,0.8028949,0.80503684,0.80834043,0.80455095,0.8005767,0.80371666,0.80130666,0.80103236,0.80434436,0.8077531,0.79864466,0.7947997,0.79584295,0.8077759,0.8006157,0.7978004,0.80862826,0.7947705,0.79911125,0.79786885,0.8061199,0.81103027,0.8033261,0.81061244,0.80029464,0.80798304,0.7975579,0.7907289,0.79786444,0.80122,0.80111855,0.8062109,0.8014445,0.80594194,0.80455685,0.80721533,0.80647635,0.7985595,0.80291796,0.7975353,0.7951022,0.79935217,0.8098972,0.8011041,0.8063447,0.7971396,0.8024836,0.7966337,0.80265665,0.80285704,0.80686635,0.8058337,0.80560404,0.80568355,0.8052406,0.8039848,0.8062475,0.8023983,0.8060402,0.8023288,0.7941761,0.8022983,0.80794233,0.8022709,0.80345625,0.7998317,0.80591196,0.80098176,0.8064945,0.8056915,0.80249816,0.8000047,0.80161893,0.80593693,0.8044065,0.8068001,0.7948834,0.80309516,0.80307174,0.79827416,0.80242604,0.8044496,0.80696005,0.8033137,0.8120117,0.8106767,0.8012251,0.8019723,0.80254483,0.79920506,0.8060751,0.806526,0.80006623,0.80628574,0.79766065,0.80004257,0.80832154,0.78989923,0.79976535,0.81155217,0.79736155,0.805306,0.8034821,0.79817015,0.8028183,0.79597676,0.8024073,0.80288374,0.79997796,0.7990163,0.8055085,0.80517036,0.800195,0.8049768,0.8110628,0.79983884,0.8019353,0.80279106,0.80407596,0.7987679,0.79841435,0.8051721,0.80814147,0.8014434,0.79390275,0.80347407,0.8015388,0.8000906,0.80695015,0.79941565,0.8048624,0.79836965,0.80197,0.79683673,0.8050175,0.80022967,0.8051056,0.803097,0.79644734,0.80150074,0.79783946,0.80395705,0.8012778,0.80108804,0.80703306,0.8014264,0.80628514,0.795291,0.79646534,0.80153143,0.8098967,0.80710965,0.80833644,0.80191314,0.8036833,0.80104333,0.8012425,0.79707783,0.79720366,0.79819584,0.8045691,0.80378526,0.7995644,0.80100733,0.7985517,0.8027138,0.8025247,0.7973909,0.7972698,0.8025241,0.80419135,0.8045134,0.8033168,0.8004565,0.79777676,0.79945683,0.80493283,0.8023275,0.80659175,0.8012002,0.8020172,0.8010765,0.8083389,0.79999286,0.79726404,0.7968279,0.7981107,0.8039129,0.79694813,0.8032229,0.79824126,0.80477095,0.8056889,0.80155635,0.80103666,0.8057129,0.8096749,0.8058542,0.80636996,0.7950276,0.80535156,0.8057487,0.8023634,0.8069114,0.7995341,0.8060974,0.8054196,0.8115876,0.80170065,0.80355966,0.8030046,0.8105409,0.7969922,0.8082174,0.8066279,0.80138344,0.7996831,0.8083332,0.8004159,0.79731095,0.80450505,0.8107728,0.8015862,0.8089413,0.7990946,0.8070844,0.8037625,0.80618125,0.80578977,0.7954903,0.8030757,0.8024796,0.80163777,0.80488384,0.80247676,0.79761493,0.80723846,0.80323595,0.80161995,0.80116487,0.8070712,0.8057177,0.80038905,0.80894357,0.80479515,0.80331767,0.7996786,0.8076693,0.80138314,0.79437935,0.7961961,0.8051481,0.7952601,0.8005677,0.8009099,0.8063433,0.79775137,0.80865026,0.8008207,0.804872,0.80447316,0.80318195,0.80438864,0.79358244,0.80339545,0.8064739,0.8039806,0.7973254,0.80198056,0.8024271,0.80327857,0.8038434,0.8066824,0.80530214,0.8095697,0.80420846,0.8044412,0.805009,0.8056108,0.8066685,0.80710757,0.8000036,0.80176026,0.7920677,0.80381566,0.8114429,0.8005235,0.80504763,0.80705357,0.80070794,0.7995384,0.8058564,0.80093926,0.79549915,0.81041527,0.80077094,0.80206525,0.8046274,0.8029092,0.8030912,0.80629784,0.80834854,0.79833424,0.80341554,0.8051952,0.79955757,0.80758774,0.80308235,0.8047363,0.8012391,0.80476457,0.80472964,0.8000571,0.8031833,0.7985213,0.80303067,0.7972748,0.79683495,0.80417186,0.8003937,0.80857015,0.7978684,0.80350405,0.8050838,0.80051666,0.8006028,0.8126499,0.7980048,0.80667543,0.8087598,0.7926324,0.7996138,0.7960101,0.8044468,0.8001221,0.7988898,0.79027635,0.80059355,0.8031148,0.80240315,0.80424786,0.80131894,0.80009234,0.7978133,0.7982909,0.8014025,0.8099367,0.79190224,0.80371135,0.8057731,0.8008572,0.79994994,0.8079787,0.8037328,0.7987117,0.8071279,0.80166125,0.8073552,0.79911774,0.80456525,0.79796743,0.8055368,0.8107033,0.8015514,0.80063254,0.80315065,0.80311066,0.7999315,0.8001017,0.8027305,0.8019008,0.8070326,0.8003627,0.79563594,0.8007805,0.8012393,0.8063539,0.8036837,0.7889661,0.80061644,0.8066153,0.79961026,0.80167913,0.7985087,0.797822,0.7972324,0.80034065,0.7985089,0.8088724,0.8035586,0.80686694,0.80549586,0.80137795,0.8112542,0.7989751,0.8025102,0.807537,0.8073534,0.79735124,0.8054966,0.8031369,0.80149436,0.80134887,0.7994799,0.80251193,0.79530317,0.80804414,0.80509096,0.80192745,0.803226,0.80803746,0.80338645,0.80105,0.79936004,0.79872614,0.8040012,0.808509,0.8069547,0.80030584,0.8003356,0.7981757,0.8038937,0.805642,0.79911625,0.80446297,0.79608846,0.80131227,0.80974853,0.8063905,0.8141114,0.80011255,0.800272,0.80345684,0.8030303,0.8090388,0.8089488,0.78806156,0.8049151,0.8003236,0.7982935,0.8048168,0.8012246,0.8109038,0.79302126,0.79712445,0.7972831,0.8017236,0.80035347,0.8126566,0.8006508,0.8066511,0.8003223,0.801963,0.8036674,0.7996824,0.8089251,0.8008566,0.80013216,0.8001819,0.80343074,0.80360836,0.8015894,0.80966413,0.8019367,0.80226356,0.8022052,0.80338377,0.80752593,0.80602306,0.7947416,0.8011446,0.7992929,0.7970569,0.80339605,0.79988617,0.80131936,0.8003109,0.80420005,0.79605806,0.81032795,0.8020208,0.79801226,0.79972047,0.8025023,0.8062516,0.79975176,0.7999652,0.8068731,0.8040603,0.8011829,0.8023691,0.79874533,0.80270374,0.80114245,0.8033542,0.798992,0.80060345,0.80363286,0.80454314,0.80292743,0.81256545,0.80957454,0.79926604,0.80148697,0.79340726,0.80318093,0.7989714,0.80424446,0.79762036,0.8003527,0.80243254,0.8021331,0.8067502,0.8034423,0.7936083,0.81389266,0.79919356,0.80355686,0.80116385,0.80450284,0.80196726,0.8093593,0.8099525,0.79408574,0.79718006,0.8087605,0.8062124,0.80463135,0.80543387,0.8022931,0.8079596,0.8077667,0.80867666,0.80600727,0.7959776,0.8022578,0.7956525,0.8005063,0.80061877,0.79989165,0.7984411,0.80013525,0.7990782,0.8010407,0.7975793,0.807567,0.79564923,0.8031647,0.8072485,0.8047248,0.8012047,0.8025198,0.80183744,0.80359507,0.8068259,0.8045555,0.8024952,0.80074596,0.79854596,0.8057341,0.8042007,0.80516845,0.80181766,0.80934596,0.80872095,0.80155385,0.80129105,0.8006003,0.80698067,0.79835135,0.79899305,0.8023772,0.79137325,0.7976257,0.8083527,0.80290926,0.80776685,0.8006337,0.80335534,0.8055668,0.7988603,0.79632485,0.80111164,0.803097,0.8001811,0.8030385,0.791085,0.80806136,0.8055382,0.7984156,0.80305976,0.79915625,0.7954664,0.7946461,0.7957719,0.80723685,0.80130917,0.80680823,0.80389684,0.8016726,0.79576105,0.80437285,0.80292964,0.8024107,0.8034652,0.79990226,0.80448365,0.8118072,0.80546576,0.7938233,0.80612916,0.7989003,0.79934645,0.8064101,0.80155677,0.7950734,0.80314034,0.8088577,0.80534345,0.8024105,0.79643244,0.80351776,0.80540043,0.8128526,0.80191714,0.79581445,0.80312395,0.8014504,0.7947286,0.8057046,0.8023637,0.7986063,0.8006464,0.7997421,0.79818404,0.8044984,0.7950697,0.80377066,0.8068,0.8055721,0.795143,0.81112725,0.8067718,0.8025557,0.7929607,0.7981295,0.8076187,0.7977575,0.7994227,0.79591596,0.80354995,0.80653065,0.8086301,0.79661256,0.8031753,0.7981527,0.80292267,0.8057818,0.7990948,0.8030602,0.79911,0.806334,0.8063131,0.8018553,0.80678767,0.803929,0.796056,0.8000799,0.80174077,0.80541515,0.8019391,0.80835426,0.7987749,0.8008452,0.79618865,0.80471134,0.799317,0.80377984,0.8012735,0.7935831,0.80067784,0.8027601,0.80034715,0.8020696,0.8014386,0.804946,0.7952239,0.8018129,0.8025286,0.8020887,0.80568373,0.7988982,0.8036029,0.7992619,0.7972468,0.81198484,0.8077428,0.802988,0.8069447,0.80403936,0.80342335,0.80035454,0.80146676,0.80484176,0.80115217,0.80582094,0.802389,0.80701077,0.8043114,0.80525047,0.799304,0.80843157,0.8040212,0.799856,0.7945743,0.80624133,0.8028369,0.7971816,0.79927707,0.7957953,0.7924414,0.79624194,0.79964805,0.8031612,0.80487883,0.8111686,0.79525125,0.79450047,0.8083845,0.80027854,0.8060117,0.80499417,0.80549943,0.7978028,0.797692,0.8042053,0.8024023,0.79884046,0.793886,0.80940175,0.80949056,0.8017526,0.80527204,0.8130548,0.8037127,0.7986475,0.7987359,0.81236994,0.80347854,0.7990529,0.800912,0.8055082,0.8005939,0.80567396,0.80393976,0.7981596,0.80695856,0.8051696,0.8084578,0.8002053,0.79925084,0.80446255,0.80663115,0.80409855,0.799327,0.80049556,0.80180913,0.804733,0.7991123,0.8009452,0.80158335,0.7959247,0.8070375,0.8085771,0.7924669,0.80089533,0.8049351,0.8022936,0.80235183,0.80000025,0.8027704,0.80421984,0.802717,0.8128828,0.80272883,0.80583894,0.79903394,0.80289024,0.8020612,0.8072893,0.80203575,0.80601454,0.80425364,0.80038595,0.80766994,0.8015636,0.8004535,0.79923797,0.8089764,0.80469,0.79543644,0.8029176,0.7991459,0.80318105,0.7986813,0.80155015,0.81101775,0.7924696,0.80317473,0.80098295,0.8038892,0.8054792,0.80274004
0.69765687,0.70264417,0.702771,0.70164704,0.7018703,0.69978744,0.6987398,0.7013455,0.69639,0.70213336,0.70435154,0.70348126,0.71137774,0.699646,0.6971191,0.6963983,0.70253015,0.69896716,0.7044779,0.70784867,0.6978351,0.7036519,0.70371276,0.6988514,0.7037655,0.70558035,0.6990572,0.6989876,0.7039366,0.6963153,0.70897365,0.69333965,0.6975143,0.70003337,0.69807976,0.7021365,0.6928768,0.70032823,0.7055216,0.70800495,0.70330185,0.7031327,0.70267653,0.7029292,0.69634867,0.69985384,0.7007758,0.6958866,0.7030011,0.6978784,0.6960738,0.698814,0.7001746,0.69693685,0.7006693,0.697748,0.6999922,0.7016133,0.69489515,0.69936556,0.69885653,0.70422965,0.7083228,0.7024866,0.70089644,0.7012368,0.69911325,0.70122606,0.7068597,0.6983101,0.7039405,0.6967371,0.6989653,0.6986243,0.7048171,0.7037003,0.70555526,0.69482476,0.7017333,0.70691204,0.6986804,0.7009249,0.70729303,0.6989946,0.7018506,0.70666337,0.70139664,0.6987697,0.698906,0.6957398,0.69788975,0.6996096,0.69470847,0.6970813,0.7045928,0.6975644,0.7044387,0.6943367,0.69658136,0.70022553,0.7005582,0.7029151,0.6915472,0.7059339,0.70429,0.6942385,0.706642,0.70310163,0.69907784,0.7044657,0.6990729,0.70003355,0.6952015,0.6967669,0.69371676,0.70503914,0.69801944,0.7059339,0.7076815,0.6977732,0.69917864,0.7010598,0.68933576,0.6940193,0.69761735,0.7039733,0.7031521,0.7088772,0.6987967,0.71005756,0.7012555,0.7012918,0.69878966,0.69549173,0.70322585,0.7001174,0.7005,0.7018699,0.6997905,0.7046404,0.6997505,0.6986321,0.69600636,0.69996786,0.7041704,0.702046,0.6986359,0.70018995,0.6981258,0.69985116,0.7048268,0.7007232,0.7027891,0.69990206,0.69990164,0.6965769,0.70363176,0.7034853,0.7020191,0.70538795,0.7049078,0.70112157,0.7030555,0.6973608,0.6995351,0.70331246,0.7066045,0.70131874,0.6961407,0.69691396,0.69312656,0.7036456,0.7038905,0.697135,0.7058397,0.7000965,0.7000719,0.70071065,0.6997812,0.6988314,0.7082744,0.6969684,0.7024728,0.7000411,0.70587784,0.69882977,0.69595337,0.6992161,0.7039887,0.7010741,0.69832826,0.70006514,0.7079099,0.69940335,0.7097669,0.7013086,0.7060646,0.700431,0.6961069,0.6939141,0.7043222,0.69876075,0.69656575,0.70495176,0.689825,0.70871747,0.6989124,0.7005898,0.7054976,0.6979511,0.7085243,0.70266294,0.70457584,0.70590866,0.6922294,0.7013813,0.697265,0.7022456,0.7038091,0.69397205,0.70558935,0.7019949,0.70368445,0.6926698,0.70150244,0.7084674,0.70487416,0.6951588,0.6946635,0.69967717,0.69852614,0.7014148,0.69382364,0.69973695,0.6947632,0.69840914,0.706338,0.70028573,0.698295,0.703359,0.6989928,0.6987626,0.70475394,0.6969927,0.6936189,0.699074,0.70008636,0.6981769,0.70058405,0.7024861,0.70745516,0.7026034,0.69864154,0.7049474,0.7020544,0.69857633,0.70474,0.70845556,0.6908456,0.7045491,0.70723414,0.7025767,0.70908576,0.6950719,0.6984407,0.702592,0.7052468,0.70681256,0.7052136,0.7097675,0.6934236,0.70746464,0.7065395,0.69865423,0.7037707,0.6945867,0.69614536,0.7017964,0.7012973,0.69748855,0.7031489,0.69945,0.7023957,0.70522135,0.69377613,0.70267737,0.70838046,0.69722545,0.6980198,0.70530176,0.7036425,0.701233,0.7024729,0.7087438,0.70581514,0.6995091,0.6984143,0.70369375,0.69146425,0.7044183,0.69823176,0.704067,0.7013567,0.7020792,0.7018273,0.70793754,0.6999059,0.69609195,0.70801824,0.7086997,0.701054,0.7019852,0.70097774,0.70118105,0.70384276,0.6985851,0.6973321,0.70262694,0.7049959,0.6963925,0.7002728,0.6995034,0.7013961,0.7030415,0.69781965,0.69910103,0.7004773,0.69222975,0.70516795,0.70119023,0.69900686,0.69950634,0.69685376,0.69971037,0.6980925,0.69978976,0.69931614,0.7000321,0.69813335,0.6999583,0.6964085,0.70240176,0.70374346,0.6988451,0.70169675,0.69785357,0.7020088,0.70707613,0.701113,0.70218736,0.7046374,0.70057535,0.7003496,0.69903785,0.6993988,0.70725626,0.69956607,0.7090934,0.70423937,0.7054104,0.7054621,0.6979072,0.6968772,0.6970575,0.69765,0.7089225,0.6982867,0.7054219,0.7038243,0.70287454,0.69252175,0.69547313,0.69992274,0.6992801,0.70420676,0.7009119,0.69696814,0.7099612,0.70770496,0.7028758,0.7010698,0.70637554,0.7062457,0.69575405,0.70690715,0.70386446,0.70137614,0.70998675,0.7109492,0.70686674,0.70282453,0.7025115,0.703656,0.7022675,0.7028817,0.7027036,0.7033044,0.70816743,0.7064528,0.6925728,0.7039903,0.7017648,0.7056485,0.7025902,0.70391756,0.70181197,0.69980156,0.7007125,0.7020886,0.70403177,0.7016181,0.7008761,0.699529,0.7102049,0.7035656,0.70083493,0.6990711,0.6979539,0.69976044,0.6978166,0.69664973,0.7038951,0.7022207,0.7055389,0.7063321,0.7038551,0.7009876,0.709097,0.69402665,0.7043252,0.7015299,0.7063743,0.70318896,0.6911107,0.6991806,0.70377755,0.7008951,0.69412255,0.696477,0.6941371,0.6952967,0.703306,0.6963075,0.69860584,0.70249724,0.6998122,0.7029195,0.70275235,0.70255256,0.6977088,0.69885665,0.6995588,0.7082829,0.7062238,0.69699895,0.7082609,0.6958047,0.69568634,0.70283645,0.7008975,0.70248467,0.69824123,0.7014949,0.7057783,0.69817674,0.69801956,0.70338887,0.70377725,0.6963358,0.6935146,0.6988738,0.70667356,0.70691186,0.6956845,0.7026443,0.7048433,0.6996525,0.6994027,0.70021355,0.6973396,0.69639915,0.70900077,0.69718885,0.70070493,0.6953792,0.70802444,0.69693017,0.7016359,0.7010856,0.7018278,0.70062387,0.70140237,0.6974053,0.69878125,0.6955029,0.7032087,0.70034516,0.6983227,0.70029783,0.705057,0.70133495,0.69738346,0.7066709,0.6970232,0.69247854,0.6979952,0.70086086,0.7067292,0.69672215,0.6970784,0.7015949,0.69742715,0.6995156,0.6981394,0.69736946,0.70825845,0.7007455,0.7011766,0.698015,0.69297194,0.7025606,0.698728,0.7033141,0.6904191,0.7077181,0.6971167,0.69859874,0.6999954,0.70582575,0.7048787,0.7029602,0.6987005,0.6877585,0.7065801,0.70152324,0.7046553,0.7052094,0.7030167,0.70285076,0.70106685,0.70417446,0.6965799,0.70764744,0.69508743,0.70307636,0.69651574,0.7029673,0.7015551,0.70192856,0.702586,0.69796234,0.70219654,0.70127344,0.69918054,0.70194155,0.6978417,0.6980122,0.69840986,0.70555186,0.69693685,0.6975724,0.6963695,0.69852984,0.7050191,0.69989383,0.69913507,0.69322807,0.7043459,0.697084,0.69973826,0.704797,0.6933869,0.6936058,0.691387,0.6983408,0.7032008,0.7049986,0.701842,0.69811225,0.69623053,0.6985478,0.6996439,0.699461,0.714326,0.70346004,0.6945203,0.7033544,0.69827956,0.69703364,0.7013826,0.6967641,0.6973283,0.6985529,0.7085659,0.70084965,0.70102745,0.70646757,0.7056104,0.6988321,0.69988114,0.6956105,0.7032728,0.70330167,0.7014728,0.7004858,0.70425636,0.7061313,0.6919862,0.7035848,0.702021,0.69910324,0.7048457,0.6966984,0.6988165,0.7059535,0.70367265,0.7028954,0.70232457,0.6969013,0.70237803,0.69800246,0.70801187,0.7086268,0.7027873,0.7023917,0.6984106,0.6966281,0.70296234,0.7015964,0.6993674,0.7008787,0.7020263,0.70259476,0.69830275,0.70135266,0.71124315,0.6984642,0.700874,0.70016897,0.6984057,0.6955814,0.7028479,0.6991431,0.69930774,0.6976029,0.7040834,0.71049094,0.6907983,0.6992507,0.69836384,0.6931178,0.7059063,0.70255136,0.7025345,0.70273376,0.7033591,0.69837606,0.6982469,0.70102113,0.69963485,0.69996107,0.6938964,0.6990021,0.70189494,0.7031452,0.70289665,0.7073167,0.7056168,0.6917494,0.69903225,0.70347726,0.7036335,0.70376813,0.6942126,0.7098757,0.70756567,0.7005233,0.70532477,0.69843996,0.6967232,0.69665974,0.70539993,0.6981249,0.704924,0.6998648,0.69626445,0.69467276,0.70690393,0.70047504,0.70370823,0.6991097,0.69239676,0.6969255,0.70033836,0.69246674,0.698262,0.6941346,0.70496994,0.70509344,0.7032927,0.6998628,0.69997275,0.7083968,0.6993379,0.70124745,0.6970929,0.6954529,0.69284785,0.7049737,0.7006744,0.702396,0.69938797,0.7010134,0.7018869,0.7025408,0.702918,0.69389963,0.7026265,0.7049765,0.7093271,0.6984452,0.70227665,0.70090085,0.69523495,0.7046163,0.70721567,0.69541377,0.6985776,0.7018486,0.6995719,0.7046432,0.700943,0.7038279,0.69769293,0.69835305,0.70147187,0.6978058,0.70141184,0.7020125,0.69903,0.7023659,0.7022821,0.69833153,0.6947378,0.70356244,0.69556946,0.69457686,0.70244884,0.70337987,0.69645876,0.706724,0.71016985,0.7044179,0.7029013,0.69935507,0.7090535,0.70037097,0.69486576,0.70093256,0.699383,0.69903904,0.7037237,0.6948283,0.7022203,0.6986108,0.69722813,0.7081439,0.6987509,0.69837016,0.69996375,0.70043594,0.6962595,0.7032635,0.6949437,0.70589775,0.6968815,0.6959197,0.7090767,0.7023864,0.69776285,0.6976432,0.69493735,0.70175385,0.7037195,0.71109724,0.698203,0.70474803,0.695703,0.7007271,0.69760704,0.6989622,0.70206875,0.70422924,0.7049146,0.7031818,0.70158166,0.69330305,0.7049099,0.6978054,0.7030061,0.70519096,0.7020482,0.69759727,0.6989789,0.6999968,0.70070887,0.70184594,0.69619966,0.7009329,0.70219076,0.7056914,0.70393544,0.69868195,0.6986078,0.7015801,0.69736546,0.70663756,0.7037323,0.6976499,0.7029913,0.7050348,0.7013384,0.70321923,0.6911114,0.702319,0.70338356,0.6908058,0.69523865,0.70728695,0.7039249,0.70456505,0.69405484,0.6952235,0.7012246,0.69361645,0.7042927,0.6951201,0.7064182,0.7087895,0.6998406,0.6966591,0.6983455,0.7040894,0.7027251,0.70385754,0.7034533,0.7070776,0.69866896,0.70115054,0.7015461,0.69839346,0.7032519,0.6995312,0.69486463,0.69973534,0.69833046,0.70320076,0.6950713,0.71045196,0.7040472,0.7032839,0.7005989,0.701742,0.69812816,0.7048557,0.6967384,0.69358903,0.7018047,0.69902664,0.70194083,0.6993809,0.70618993,0.7071437,0.6942938,0.6983807,0.70284027,0.7040588,0.6998742,0.6990398,0.7045008,0.6996265,0.699653,0.7053742,0.6952446,0.70245975,0.7048101,0.70494956,0.69891256,0.6886103,0.6994202,0.6986898,0.6998107,0.7001899,0.7014933,0.6988605,0.70207727,0.6986401,0.70268637,0.70558786,0.7047967,0.70212775,0.6910573,0.6968376,0.6984653,0.69894856,0.69674575,0.6950557,0.7008444,0.70171285,0.6950431,0.7088215,0.69576293,0.70614165,0.6936115,0.69469154,0.6973887,0.6951747,0.6992375,0.70007235,0.7068663,0.69729805,0.7021551,0.70177823,0.6950043,0.6948676,0.69517165,0.70230275,0.70406866,0.70269936,0.70116943,0.71220285,0.7054269,0.69961363,0.7098229,0.70275897,0.6989144,0.69642466,0.69956154,0.70754135,0.7005259,0.70442,0.6995456,0.7083572,0.7125883,0.6961265,0.706051,0.6968797,0.6933164,0.7046878,0.7045965,0.7041385,0.69491285,0.69711256,0.70096165,0.70186675,0.70188767,0.6934939,0.7015624,0.6971884,0.7022964,0.70170677,0.692896,0.70257777,0.70133394,0.7022144,0.70167637,0.6990114,0.7048729,0.6968996,0.70221156,0.7037111,0.70645535,0.70024157,0.7012523,0.7009939,0.6985099,0.70125926,0.6962523,0.7012871,0.70267326,0.7012313,0.7071062,0.69713086,0.70276207,0.6958025,0.7074736,0.69587016,0.6993772,0.69949764,0.69849765,0.69782984,0.69904834,0.69313145,0.70026517,0.69421965,0.6990382,0.70196176,0.7026725,0.70064586,0.70123297
0.0,0.0,0.0,0.0,0.0,0.0,0.0,0.0,0.0,0.0,0.0,0.0,0.0,0.0,0.0,0.0,0.0,0.0,0.0,0.0,0.0,0.0,0.0,0.0,0.0,0.0,0.0,0.0,0.0,0.0,0.0,0.0,0.0,0.0,0.0,0.0,0.0,0.0,0.0,0.0,0.0,0.0,0.0,0.0,0.0,0.0,0.0,0.0,0.0,0.0,0.0,0.0,0.0,0.0,0.0,0.0,0.0,0.0,0.0,0.0,0.0,0.0,0.0,0.0,0.0,0.0,0.0,0.0,0.0,0.0,0.0,0.0,0.0,0.0,0.0,0.0,0.0,0.0,0.0,0.0,0.0,0.0,0.0,0.0,0.0,0.0,0.0,0.0,0.0,0.0,0.0,0.0,0.0,0.0,0.0,0.0,0.0,0.0,0.0,0.0,0.0,0.0,0.0,0.0,0.0,0.0,0.0,0.0,0.0,0.0,0.0,0.0,0.0,0.0,0.0,0.0,0.0,0.0,0.0,0.0,0.0,0.0,0.0,0.0,0.0,0.0,0.0,0.0,0.0,0.0,0.0,0.0,0.0,0.0,0.0,0.0,0.0,0.0,0.0,0.0,0.0,0.0,0.0,0.0,0.0,0.0,0.0,0.0,0.0,0.0,0.0,0.0,0.0,0.0,0.0,0.0,0.0,0.0,0.0,0.0,0.0,0.0,0.0,0.0,0.0,0.0,0.0,0.0,0.0,0.0,0.0,0.0,0.0,0.0,0.0,0.0,0.0,0.0,0.0,0.0,0.0,0.0,0.0,0.0,0.0,0.0,0.0,0.0,0.0,0.0,0.0,0.0,0.0,0.0,0.0,0.0,0.0,0.0,0.0,0.0,0.0,0.0,0.0,0.0,0.0,0.0,0.0,0.0,0.0,0.0,0.0,0.0,0.0,0.0,0.0,0.0,0.0,0.0,0.0,0.0,0.0,0.0,0.0,0.0,0.0,0.0,0.0,0.0,0.0,0.0,0.0,0.0,0.0,0.0,0.0,0.0,0.0,0.0,0.0,0.0,0.0,0.0,0.0,0.0,0.0,0.0,0.0,0.0,0.0,0.0,0.0,0.0,0.0,0.0,0.0,0.0,0.0,0.0,0.0,0.0,0.0,0.0,0.0,0.0,0.0,0.0,0.0,0.0,0.0,0.0,0.0,0.0,0.0,0.0,0.0,0.0,0.0,0.0,0.0,0.0,0.0,0.0,0.0,0.0,0.0,0.0,0.0,0.0,0.0,0.0,0.0,0.0,0.0,0.0,0.0,0.0,0.0,0.0,0.0,0.0,0.0,0.0,0.0,0.0,0.0,0.0,0.0,0.0,0.0,0.0,0.0,0.0,0.0,0.0,0.0,0.0,0.0,0.0,0.0,0.0,0.0,0.0,0.0,0.0,0.0,0.0,0.0,0.0,0.0,0.0,0.0,0.0,0.0,0.0,0.0,0.0,0.0,0.0,0.0,0.0,0.0,0.0,0.0,0.0,0.0,0.0,0.0,0.0,0.0,0.0,0.0,0.0,0.0,0.0,0.0,0.0,0.0,0.0,0.0,0.0,0.0,0.0,0.0,0.0,0.0,0.0,0.0,0.0,0.0,0.0,0.0,0.0,0.0,0.0,0.0,0.0,0.0,0.0,0.0,0.0,0.0,0.0,0.0,0.0,0.0,0.0,0.0,0.0,0.0,0.0,0.0,0.0,0.0,0.0,0.0,0.0,0.0,0.0,0.0,0.0,0.0,0.0,0.0,0.0,0.0,0.0,0.0,0.0,0.0,0.0,0.0,0.0,0.0,0.0,0.0,0.0,0.0,0.0,0.0,0.0,0.0,0.0,0.0,0.0,0.0,0.0,0.0,0.0,0.0,0.0,0.0,0.0,0.0,0.0,0.0,0.0,0.0,0.0,0.0,0.0,0.0,0.0,0.0,0.0,0.0,0.0,0.0,0.0,0.0,0.0,0.0,0.0,0.0,0.0,0.0,0.0,0.0,0.0,0.0,0.0,0.0,0.0,0.0,0.0,0.0,0.0,0.0,0.0,0.0,0.0,0.0,0.0,0.0,0.0,0.0,0.0,0.0,0.0,0.0,0.0,0.0,0.0,0.0,0.0,0.0,0.0,0.0,0.0,0.0,0.0,0.0,0.0,0.0,0.0,0.0,0.0,0.0,0.0,0.0,0.0,0.0,0.0,0.0,0.0,0.0,0.0,0.0,0.0,0.0,0.0,0.0,0.0,0.0,0.0,0.0,0.0,0.0,0.0,0.0,0.0,0.0,0.0,0.0,0.0,0.0,0.0,0.0,0.0,0.0,0.0,0.0,0.0,0.0,0.0,0.0,0.0,0.0,0.0,0.0,0.0,0.0,0.0,0.0,0.0,0.0,0.0,0.0,0.0,0.0,0.0,0.0,0.0,0.0,0.0,0.0,0.0,0.0,0.0,0.0,0.0,0.0,0.0,0.0,0.0,0.0,0.0,0.0,0.0,0.0,0.0,0.0,0.0,0.0,0.0,0.0,0.0,0.0,0.0,0.0,0.0,0.0,0.0,0.0,0.0,0.0,0.0,0.0,0.0,0.0,0.0,0.0,0.0,0.0,0.0,0.0,0.0,0.0,0.0,0.0,0.0,0.0,0.0,0.0,0.0,0.0,0.0,0.0,0.0,0.0,0.0,0.0,0.0,0.0,0.0,0.0,0.0,0.0,0.0,0.0,0.0,0.0,0.0,0.0,0.0,0.0,0.0,0.0,0.0,0.0,0.0,0.0,0.0,0.0,0.0,0.0,0.0,0.0,0.0,0.0,0.0,0.0,0.0,0.0,0.0,0.0,0.0,0.0,0.0,0.0,0.0,0.0,0.0,0.0,0.0,0.0,0.0,0.0,0.0,0.0,0.0,0.0,0.0,0.0,0.0,0.0,0.0,0.0,0.0,0.0,0.0,0.0,0.0,0.0,0.0,0.0,0.0,0.0,0.0,0.0,0.0,0.0,0.0,0.0,0.0,0.0,0.0,0.0,0.0,0.0,0.0,0.0,0.0,0.0,0.0,0.0,0.0,0.0,0.0,0.0,0.0,0.0,0.0,0.0,0.0,0.0,0.0,0.0,0.0,0.0,0.0,0.0,0.0,0.0,0.0,0.0,0.0,0.0,0.0,0.0,0.0,0.0,0.0,0.0,0.0,0.0,0.0,0.0,0.0,0.0,0.0,0.0,0.0,0.0,0.0,0.0,0.0,0.0,0.0,0.0,0.0,0.0,0.0,0.0,0.0,0.0,0.0,0.0,0.0,0.0,0.0,0.0,0.0,0.0,0.0,0.0,0.0,0.0,0.0,0.0,0.0,0.0,0.0,0.0,0.0,0.0,0.0,0.0,0.0,0.0,0.0,0.0,0.0,0.0,0.0,0.0,0.0,0.0,0.0,0.0,0.0,0.0,0.0,0.0,0.0,0.0,0.0,0.0,0.0,0.0,0.0,0.0,0.0,0.0,0.0,0.0,0.0,0.0,0.0,0.0,0.0,0.0,0.0,0.0,0.0,0.0,0.0,0.0,0.0,0.0,0.0,0.0,0.0,0.0,0.0,0.0,0.0,0.0,0.0,0.0,0.0,0.0,0.0,0.0,0.0,0.0,0.0,0.0,0.0,0.0,0.0,0.0,0.0,0.0,0.0,0.0,0.0,0.0,0.0,0.0,0.0,0.0,0.0,0.0,0.0,0.0,0.0,0.0,0.0,0.0,0.0,0.0,0.0,0.0,0.0,0.0,0.0,0.0,0.0,0.0,0.0,0.0,0.0,0.0,0.0,0.0,0.0,0.0,0.0,0.0,0.0,0.0,0.0,0.0,0.0,0.0,0.0,0.0,0.0,0.0,0.0,0.0,0.0,0.0,0.0,0.0,0.0,0.0,0.0,0.0,0.0,0.0,0.0,0.0,0.0,0.0,0.0,0.0,0.0,0.0,0.0,0.0,0.0,0.0,0.0,0.0,0.0,0.0,0.0,0.0,0.0,0.0,0.0,0.0,0.0,0.0,0.0,0.0,0.0,0.0,0.0,0.0,0.0,0.0,0.0,0.0,0.0,0.0,0.0,0.0,0.0,0.0,0.0,0.0,0.0,0.0,0.0,0.0,0.0,0.0,0.0,0.0,0.0,0.0,0.0,0.0,0.0,0.0,0.0,0.0,0.0,0.0,0.0,0.0,0.0,0.0,0.0,0.0,0.0,0.0,0.0,0.0,0.0,0.0,0.0,0.0,0.0,0.0,0.0,0.0,0.0,0.0,0.0,0.0,0.0,0.0,0.0,0.0,0.0,0.0,0.0,0.0,0.0,0.0,0.0,0.0,0.0,0.0,0.0,0.0,0.0,0.0,0.0,0.0,0.0,0.0,0.0,0.0,0.0,0.0,0.0
1.0050261,1.0117273,1.0063473,1.007252,1.0090518,1.0117041,1.0075283,1.0080045,1.0103875,1.0147879,1.0084977,0.9998926,1.0070682,1.0081336,1.0072951,1.0038334,1.0069257,1.0048323,1.0124594,1.0119656,1.005717,1.0118703,1.0105387,1.011222,1.0049891,1.0088551,1.0028183,1.0110219,0.99922216,1.0064126,1.0079821,1.002824,1.0093637,1.0057535,1.0072103,1.011136,1.0027554,1.0063157,1.0112705,1.0102565,1.0051762,1.0114819,1.0084845,1.0108215,1.0047951,1.0115668,1.0129719,1.0068165,1.0095601,1.007253,1.0108368,1.0048432,1.0013825,1.0112342,1.0063848,1.0044178,1.0121815,1.0010189,1.0064231,1.0083138,1.00884,1.0105895,1.0134584,1.0133891,1.0111322,1.0123948,1.0097377,1.0089138,1.0083814,1.0057589,1.0022345,1.0059868,1.0066646,1.0031912,1.0055773,1.0026605,1.0055212,1.0124464,1.0058113,1.0005165,1.0015398,1.0006819,1.0054721,1.001508,1.0086241,1.0088755,1.0054424,1.0099205,1.0027237,1.0049655,1.0110432,1.0120524,1.0073173,1.0044894,1.0069565,1.007848,1.0031999,1.007105,1.0111645,1.0032524,1.016837,1.0110571,1.0056157,1.0145642,1.008705,1.0040808,1.0164144,1.001025,1.0084238,1.0027747,1.0062034,1.0052382,1.0043836,1.0075479,1.0069718,1.0069371,1.0033195,0.99940026,1.0117885,1.0037779,1.0018123,1.0102289,0.9991649,1.0051153,1.0078557,1.0073588,1.0095679,1.0096506,1.0131596,1.011553,1.0092822,0.9986329,1.0065908,1.0015758,1.0080655,1.0026821,1.0033858,1.0056167,1.0085835,1.012056,1.0063881,1.0114574,1.0049688,1.0069811,1.0052844,1.006721,1.0047065,1.0054238,1.0067226,1.0053147,1.0055906,1.0051445,1.0085386,1.0073402,1.0089661,1.0079172,1.0108804,1.0056618,1.0093949,1.010651,1.0157406,1.0056354,1.010993,1.0077472,1.0108368,1.0082418,1.0044303,1.0070719,1.0073225,1.0086564,0.99771947,1.0076799,1.0046196,1.0109302,1.0103922,1.0164726,1.0145631,1.0076705,1.0043026,1.0045941,1.0028368,1.0064437,1.0008894,1.0114034,1.0081878,1.0028261,0.9994473,1.0159768,1.00756,1.0067798,1.0056046,1.0078881,1.0077043,1.0097264,1.0082293,1.0050938,1.0077312,1.0071622,1.0111942,1.0043707,1.0115343,1.010043,1.0041568,1.0131764,1.0078665,1.0082371,1.008597,1.0072974,1.0051972,1.0094268,1.0122417,1.011218,1.0110052,1.0052665,1.0035535,1.0099736,1.0095717,1.0037344,1.0180972,1.0005238,1.0092131,1.0099127,1.0061305,1.007744,1.0084828,1.0082159,1.0077096,1.0013933,1.0045295,1.0072348,1.0053096,1.0072312,1.0087472,1.0098922,1.0114905,1.003301,1.0092859,1.0061259,1.0029646,1.0073807,1.0058508,1.0066469,1.0139271,1.0074159,1.0009371,1.0077584,1.0105228,1.0017993,1.0090955,1.0085896,1.011145,1.0035758,1.0052687,1.0083699,1.0032512,1.0095615,1.0086105,1.0124137,1.0064822,1.0072114,1.0118303,1.0152835,1.0074972,1.0070068,1.0074624,1.0082715,1.0088531,1.0140533,1.0030115,1.0086619,1.0037421,1.005815,1.0048064,0.99958885,1.0052439,1.0120553,1.0058045,1.0112658,1.0076631,0.9988847,1.0009733,1.0134157,1.0096915,1.0059415,1.0065479,1.0062109,1.0093974,1.0066794,1.0063757,1.0088794,1.0088184,1.0072715,1.0058653,1.002881,1.0129895,1.0084573,1.0093673,1.0100358,1.0057353,1.0036896,1.0002866,1.0142199,1.0093213,1.0075866,1.0116452,1.0042356,1.0052557,1.005337,1.0137708,1.0083137,1.0090433,1.007496,1.0100397,1.0115718,1.0096824,1.0040147,1.0060378,1.0064224,1.018307,1.0036649,1.0104611,0.9997083,1.0065371,1.0059342,1.0045495,0.99748236,1.0049288,1.0062886,1.0029953,1.0031153,1.010517,1.0102926,1.0078155,1.0147806,1.0026135,1.0095438,1.0088018,1.0063404,1.0026368,1.0058211,1.0102358,1.0066907,1.009401,1.0034676,1.0054241,1.0075634,1.0071045,1.0094293,1.014807,1.0099056,1.0058964,1.0127476,1.0096837,1.0027485,1.0004448,0.9979368,1.0090734,1.0070149,1.0031855,1.0045965,1.0128375,1.0082357,1.013812,1.0047151,1.0036505,1.0092311,1.0096779,1.0055186,1.0083218,1.0085115,1.0072852,1.0091519,0.99852014,1.0082028,1.0084534,1.0028512,1.0121282,1.004029,1.0088379,1.0032767,1.0109159,1.0045247,1.0086621,1.0079441,1.0049857,1.0081254,1.0049667,1.0044508,1.0039847,1.0060209,1.0125809,1.0101416,1.0039572,1.0039241,1.0059934,1.0064597,1.0058187,1.009919,1.0098215,1.0119727,1.0085492,1.0059811,1.0058026,1.0115402,1.0081267,1.0076665,1.0123619,1.0063792,1.0071732,1.0035886,1.0082359,1.0096023,1.0027771,1.0041084,1.0095648,1.0051386,1.0068305,1.0070419,1.0039545,1.0021427,1.0070385,1.0085588,1.0067482,1.0112514,1.0046068,1.008566,1.0070641,1.0102289,1.0019681,1.0156955,1.0117213,1.0098876,1.0091807,1.0001076,1.0083494,1.0090055,1.0134703,1.0050656,1.0063,0.99902374,1.0073805,1.0026964,1.0086125,1.0020219,1.0128107,1.0034806,1.0115432,1.0087035,1.0181564,1.0085953,1.0118624,1.0133926,1.0089905,1.0089738,1.0058882,1.0041353,1.0041134,1.0089499,1.0131938,1.0131752,1.0074618,1.0072485,1.0064294,1.0071616,1.0065721,1.009813,1.0070139,1.0110985,1.006028,1.0011667,1.0022812,1.0115052,1.0087222,1.0049536,1.012171,1.0071431,1.0098451,1.0092058,1.0075494,1.0100324,1.0044897,1.0050305,1.010132,1.0050867,1.00729,1.0110239,1.0143775,1.0162412,1.0073593,1.0088398,1.0116404,1.016789,1.0069585,1.0050197,1.002114,1.0121619,1.0130644,1.0132128,1.0093964,1.0109901,1.0018436,1.0033398,1.0119461,1.0039595,1.0021727,1.0067946,1.0028843,1.0037651,1.0014853,1.0083497,1.0129366,1.0095547,1.0007838,1.0036969,1.0016292,1.0150001,1.0114536,0.9995942,1.0057995,0.9993901,1.0060221,1.0124996,1.0138229,1.0021393,1.0067286,1.004919,1.008516,1.0105815,1.0050335,1.0099893,1.010502,1.007456,1.0032121,0.9991369,1.0109257,1.002035,1.0107361,1.0023454,1.0096309,1.0062097,1.0128659,1.009359,1.0122497,0.998403,1.0014665,1.0059305,1.0109267,1.0054862,1.0063788,1.0107751,1.0050278,1.0035161,1.0100521,1.0105426,1.0062836,1.0093591,1.0084022,1.0040494,1.0076604,1.0038147,1.0112275,1.0042452,1.0082972,1.006614,1.0086958,1.0090635,0.9977688,1.0090218,1.0096564,1.0042881,1.0090883,1.0037494,1.0035264,1.0075647,1.0098777,1.0066749,1.0057931,1.006917,1.0074126,1.0101317,1.0091443,1.0007205,1.0057213,1.0133799,1.0175358,1.0078365,1.0052077,1.0084136,1.0013248,1.0079983,1.0165597,1.0110619,1.0041788,1.0084935,1.0038891,1.0016729,1.0092243,1.0129666,1.0058488,1.006254,1.0080495,1.0076156,1.005457,1.0062006,1.0092708,1.0034865,1.0108093,0.99927366,1.0054568,1.0044783,1.005041,1.0110635,1.0110329,1.011054,1.0094357,1.0088818,1.01103,1.0047396,1.0062356,1.0027399,0.9985438,1.0111011,1.0090022,0.99717367,1.0151702,1.0038244,1.0095932,1.0088607,1.0046122,1.0020361,1.0079514,1.0085374,1.0097995,1.0036024,1.0010521,1.0096488,1.0108892,1.0125425,1.0117459,1.0076649,1.0059485,1.0069466,1.0037472,1.0047199,1.0088407,1.010363,1.0101157,1.005112,1.0068445,1.0055791,1.010649,1.0125325,1.0076231,1.0121212,1.0102953,1.0057111,1.0063648,1.0059757,1.0048686,1.0102172,1.0046158,1.0048096,1.008273,1.0097721,1.0076948,1.0010858,1.013121,1.0056199,1.0069367,1.0106467,1.005284,1.0117415,1.0082468,1.0099682,1.0081156,1.0082774,1.0088036,1.0121789,1.0045398,1.0020207,1.014144,1.0083644,1.009886,1.0088525,1.0036501,1.0006204,1.0115783,1.011822,1.0056944,1.0104063,0.99823886,1.0107112,1.0029767,1.0024512,1.0047913,1.0062426,1.0082316,1.0111655,1.0066223,1.0112512,1.003342,1.0074424,1.011539,1.0048099,1.0083835,1.0082254,1.0014825,1.0040697,1.0134206,1.0047555,1.0149646,1.0071985,1.0145555,1.0087154,1.0080894,1.0087975,1.006839,1.0095155,1.014238,1.0092654,1.0083777,1.0100917,1.0112665,1.0000362,1.0092303,1.0091796,1.0034072,1.0096502,1.0094154,1.0051936,1.01048,1.0046034,1.0074564,1.007457,1.0038974,1.0106838,1.001525,1.0093119,1.0033956,1.0057315,1.0129726,1.0035962,1.0102292,1.0133598,1.0130227,1.001385,1.0051589,1.0132264,1.0093377,1.0063268,1.010557,1.0074921,1.0081164,1.007097,1.0118527,1.0135353,1.0093443,1.0060874,1.0074867,0.99754417,1.0060964,1.0111204,1.0015304,1.00608,1.0071536,1.0070262,1.0029466,1.0012081,1.0066547,1.0050771,1.0089352,1.0092202,1.0079966,1.0046214,1.0109171,1.0107296,1.006646,1.0065541,1.0081592,1.0048869,1.0097147,1.0095887,1.00497,1.0134681,1.0055832,1.0060133,1.0075877,1.0080328,1.0075182,1.0039539,1.0062343,1.0137384,1.0060848,1.0043321,1.0086062,1.0108502,1.0024648,0.9994849,1.0048112,1.0164542,1.0090166,1.009494,1.0016947,1.0102797,1.0098544,1.0082747,1.0047398,1.008655,1.0042809,1.0157608,1.0061767,1.001665,0.9981259,1.0132802,1.007554,1.0076635,1.0082973,1.014821,1.0042151,1.0066582,1.0063373,1.0030795,1.0007371,0.99769217,1.0050333,1.0106225,1.0064415,1.0010548,1.0128284,1.0098217,1.0048573,1.0071795,1.0021437,1.0070168,1.0071771,1.0070193,1.0043701,1.0075785,1.0112898,1.0088959,1.0109141,1.0126146,1.0105138,1.0061884,1.0020831,1.0094947,1.0130345,1.0046589,1.0051038,1.0079182,1.007345,1.012171,1.0085409,1.0010221,1.0059302,1.0014263,0.99978006,1.0118836,1.0122337,1.0090866,1.0085337,1.0066667,1.0064448,1.0071772,1.0092753,1.0087403,1.009664,1.0015515,1.0080098,1.0031247,1.0051302,1.0170823,1.0101831,1.0057693,1.0048609,1.0046287,1.0066637,1.0066048,1.006629,1.012362,1.0030857,1.0073041,1.0020133,1.0071964,1.0015316,1.0101129,1.0066248,1.0080172,1.0110937,1.0027474,1.0058429,1.0081826,1.011745,1.003022,1.0098075,1.011619,1.0065832,1.0139363,1.0064074,1.0061419,1.0028071,1.0047709,1.0153898,1.0074825,1.0074836,1.0030541,1.0079544,1.0079933,1.0108863,1.0120417,1.0079402,1.0081605,1.0086045,1.0070595,1.0015974,1.0123703,1.0073701,1.0044175,1.0062172,1.0042437,1.0106919,1.0041449,1.004324,1.0124388,1.0095332,1.0021999,1.0112376,1.0133557,1.0031346,1.0102069,1.0020674,1.0076549,1.0132191,1.0052189,1.0061786,1.0057596,1.0047022,1.0067331,1.0047464,1.0087507,1.0140889,1.007575,1.0095448,1.0173234,1.0096067,1.010727,0.99873936,1.0036583,1.0117571,1.0115572,1.0064883,1.0084155,1.0032245,1.0030507,1.009414,1.0085546,1.0060635,1.0088985,1.0119456,1.0046041,1.0094504,0.99812835,1.0059865,1.008049,1.0008562,1.0108368,1.0075983,1.0055438,1.006976,1.0124604,1.0079106,1.0112243,1.0082426,1.0048751,1.0085984,1.0085975,1.0105034,1.0064864,1.0075148,1.0047506,1.0067614,1.0018873,1.0051926,1.0066643,1.0015899,1.0087767,1.0063852,1.0074321,1.0154817,1.0051115,1.0105582,1.0105461,1.0001336,1.0155431,1.0045817,1.0105764,1.0048283,1.0112911,0.9982021,1.0050131
1.0324678,1.0309138,1.0368298,1.0258424,1.0380368,1.0364046,1.0298043,1.0327034,1.0390419,1.0358057,1.0369946,1.0258566,1.0307866,1.0375733,1.0341879,1.0316148,1.0381542,1.037765,1.0366008,1.0373104,1.030718,1.0327271,1.0344675,1.0356672,1.0333381,1.0365047,1.0309685,1.0356241,1.0366255,1.0240028,1.0370475,1.0262009,1.0330993,1.0356138,1.039038,1.0357196,1.0314174,1.0424446,1.0338377,1.0381311,1.0319829,1.041972,1.0361158,1.0397393,1.0313289,1.0391287,1.0330608,1.0376505,1.0295963,1.0373602,1.0366445,1.0323582,1.0329095,1.0248481,1.0352664,1.0342991,1.0350866,1.024811,1.0328913,1.0356266,1.0337887,1.036029,1.043458,1.0358497,1.0428284,1.0378288,1.038312,1.0322797,1.0315875,1.0364908,1.0291486,1.0282727,1.0331756,1.0235467,1.0366117,1.0421205,1.0381039,1.0316561,1.0352395,1.0288297,1.0337684,1.0338286,1.0380812,1.0355313,1.0418513,1.028957,1.0372002,1.0320474,1.0326617,1.0340768,1.034834,1.0469799,1.0413127,1.0369339,1.0356805,1.0361122,1.0318413,1.0330886,1.0325023,1.0314392,1.0412207,1.0424106,1.0326698,1.0425057,1.0405866,1.0323291,1.0417595,1.034033,1.0329461,1.0361066,1.0336308,1.0319002,1.0250574,1.0389072,1.0321784,1.037165,1.0302185,1.0353725,1.0392637,1.0352432,1.0296364,1.0363302,1.025772,1.0300219,1.0319612,1.036801,1.036587,1.0385358,1.0424787,1.0338261,1.0406255,1.0280658,1.038993,1.0345291,1.042111,1.0320415,1.0361006,1.0281838,1.0436348,1.0474436,1.0373098,1.0422121,1.0291839,1.0326395,1.0324484,1.0345179,1.0369265,1.0308235,1.0401589,1.0371375,1.0344261,1.0331066,1.0314308,1.0349258,1.0372598,1.0370743,1.035104,1.0233084,1.0335314,1.0322251,1.0418667,1.0370873,1.0475031,1.0346966,1.0425926,1.0303,1.0290394,1.0368632,1.032846,1.0338883,1.0314155,1.0303714,1.0300963,1.0423375,1.0423775,1.0402085,1.0375886,1.0306889,1.030652,1.0290588,1.0354602,1.0311174,1.0300537,1.0374633,1.0317262,1.0330359,1.0359687,1.040078,1.0347319,1.0328676,1.0364897,1.0335,1.0396211,1.0311733,1.0365963,1.0375497,1.0351195,1.0354499,1.0343565,1.0266238,1.0420486,1.0284767,1.0330759,1.0401487,1.0369782,1.0286733,1.0336545,1.0311772,1.0321479,1.0391365,1.037136,1.0333002,1.0363712,1.0344797,1.0305216,1.0347912,1.0360551,1.0370291,1.0353138,1.028286,1.0344819,1.0302728,1.043817,1.0362642,1.0365504,1.0293856,1.0321045,1.0330517,1.0361502,1.0292497,1.0337261,1.0362324,1.0306138,1.0317641,1.0350716,1.0339172,1.0386051,1.0302771,1.035377,1.0380912,1.0325018,1.0375204,1.0322571,1.0324005,1.0319786,1.035649,1.0368282,1.0274161,1.0311255,1.0391364,1.0335321,1.0348665,1.0350937,1.0369778,1.0351348,1.0398473,1.0360761,1.0292678,1.0358944,1.0313389,1.0303833,1.0364879,1.0257611,1.0358124,1.028487,1.0308777,1.0340183,1.0418732,1.0262288,1.0295408,1.0293769,1.0378728,1.0343522,1.0333619,1.0306622,1.0298328,1.0318847,1.0425352,1.0242066,1.0227375,1.0303885,1.0338857,1.0324005,1.0290062,1.0403912,1.031026,1.0377302,1.0353446,1.0328561,1.0314254,1.0278674,1.0380125,1.024906,1.0319083,1.0394548,1.0264689,1.031021,1.0384672,1.0336095,1.0361098,1.0340266,1.0389985,1.0345135,1.0359865,1.0370244,1.0304718,1.0289555,1.0329331,1.0403509,1.0390233,1.0309569,1.0333688,1.0335737,1.0345852,1.0324019,1.043449,1.0339577,1.0396123,1.036494,1.0329638,1.0384601,1.0270892,1.0298203,1.0341933,1.0403329,1.0263394,1.0281632,1.0358999,1.0346428,1.0322412,1.0333086,1.0364771,1.035934,1.0396405,1.0280025,1.0324142,1.0346831,1.0413078,1.0435191,1.0328695,1.0411651,1.036084,1.0369588,1.0308856,1.0323929,1.0288757,1.027523,1.0314603,1.0355912,1.0336567,1.0372761,1.0339648,1.0271118,1.0257812,1.0330528,1.0262862,1.03751,1.034553,1.033663,1.0381396,1.0367899,1.0295082,1.0365758,1.0324259,1.034528,1.0432605,1.0235368,1.0394459,1.0361248,1.0344168,1.0360739,1.0353147,1.0295298,1.0353718,1.0346329,1.035349,1.0305978,1.0316889,1.0326586,1.0318269,1.038748,1.0347439,1.0317211,1.0298811,1.0332592,1.0421557,1.0314373,1.0278559,1.0311226,1.0286875,1.0353053,1.0348386,1.0302715,1.0390728,1.0304061,1.0355376,1.0432727,1.0350527,1.0392644,1.0369054,1.0383548,1.0373,1.0386653,1.0284325,1.0373704,1.0294942,1.034972,1.0386789,1.0329989,1.0285516,1.0298291,1.0286613,1.0316353,1.0292189,1.0326463,1.0319419,1.0333853,1.0328966,1.0366254,1.0288593,1.0343754,1.0340652,1.0339551,1.036502,1.034898,1.0340186,1.032997,1.0330079,1.0302212,1.0308107,1.037165,1.0342803,1.0348885,1.0314795,1.035179,1.031078,1.03112,1.0321437,1.0379564,1.0272899,1.0349702,1.0324305,1.0412343,1.0312514,1.0477413,1.0378959,1.0387504,1.0366955,1.0382597,1.0320786,1.0309422,1.0348184,1.0348588,1.035531,1.02969,1.0344425,1.029828,1.036764,1.0389932,1.0404383,1.0257978,1.0349284,1.0333613,1.0288912,1.0311388,1.0426341,1.0329298,1.0326712,1.0350984,1.0308787,1.0269537,1.0401753,1.0390507,1.0335431,1.039814,1.0360428,1.0366952,1.0315441,1.0359352,1.0323001,1.0254148,1.0377512,1.041287,1.0291959,1.0351362,1.035522,1.0357167,1.0391383,1.0324478,1.0365897,1.0336025,1.031623,1.0358627,1.0299463,1.036652,1.0398854,1.0424172,1.03538,1.0331672,1.0365459,1.0273209,1.0329016,1.0331645,1.0317826,1.0334519,1.0305042,1.0327767,1.0300268,1.0383759,1.0358318,1.0329901,1.0327193,1.024002,1.0432365,1.0389172,1.0397627,1.0365329,1.0292013,1.033425,1.0300765,1.0366671,1.0257802,1.0316124,1.0265874,1.0342761,1.0358605,1.0377457,1.0362597,1.0366042,1.0384047,1.0314648,1.0427791,1.027414,1.032023,1.028172,1.028172,1.0319601,1.0231897,1.033807,1.035978,1.031116,1.0320925,1.0315051,1.0314101,1.0345994,1.0314999,1.0427254,1.0303259,1.0387839,1.0426351,1.0328131,1.0275408,1.0320244,1.0374389,1.0336993,1.0293477,1.0344876,1.0339477,1.0357621,1.0283278,1.0347546,1.031157,1.0380177,1.0320984,1.0373629,1.0305743,1.0316827,1.0320231,1.0384123,1.0336932,1.0301822,1.0371825,1.0391635,1.0263573,1.038325,1.0407939,1.0313708,1.0342319,1.0381688,1.0292449,1.0296527,1.0320781,1.0369496,1.0385303,1.044482,1.0369898,1.036632,1.0408814,1.0356798,1.0335828,1.0372334,1.0352329,1.0276543,1.0410256,1.0315593,1.0364101,1.0341293,1.0477213,1.0326693,1.0316516,1.0304731,1.0246229,1.034195,1.0347111,1.0357484,1.029875,1.0329744,1.0253712,1.0357058,1.0377911,1.0275846,1.0358503,1.0284617,1.044153,1.0329505,1.0329772,1.0421988,1.0369536,1.0299118,1.0386275,1.0284276,1.0330988,1.0433618,1.0237658,1.0314959,1.0337574,1.0320419,1.0392474,1.0393887,1.0355859,1.0346134,1.0345037,1.0318135,1.0345525,1.0285901,1.0345491,1.0344216,1.0337341,1.0302573,1.0405082,1.031354,1.0381819,1.0346655,1.028953,1.0324632,1.0369831,1.0335029,1.03566,1.0364652,1.0443723,1.038036,1.0391582,1.0313392,1.0377845,1.0349358,1.0292604,1.0344363,1.0342507,1.0312754,1.034125,1.0321989,1.0292743,1.0299547,1.0358939,1.036333,1.0350616,1.0396686,1.0316525,1.0307481,1.035313,1.0310596,1.0336435,1.0321115,1.0419718,1.0366833,1.0383078,1.0353581,1.0299203,1.0290756,1.0350331,1.0361744,1.0373523,1.0344774,1.0368984,1.0320656,1.0273395,1.0310818,1.0353705,1.035728,1.0364007,1.0308727,1.0320175,1.0361509,1.0359858,1.0298902,1.0359727,1.0405755,1.0369481,1.0314159,1.0344707,1.0300086,1.0326493,1.0327493,1.0353115,1.0325017,1.0303869,1.0381669,1.0358679,1.0367938,1.0284411,1.0400983,1.0314426,1.0392956,1.0373839,1.0318346,1.0389318,1.0359315,1.0380092,1.0360408,1.038704,1.0354142,1.033264,1.031564,1.0289704,1.0321555,1.0286901,1.0352784,1.0400046,1.0331731,1.0358101,1.036651,1.0315592,1.039318,1.0395547,1.0375122,1.0418034,1.0221503,1.0387415,1.0371064,1.0385758,1.035995,1.0367236,1.0294037,1.0387229,1.0362158,1.0319141,1.0335797,1.0293207,1.0411566,1.0341619,1.0330983,1.0355723,1.0362574,1.0281947,1.0329976,1.0306959,1.0332954,1.032944,1.0324167,1.0288827,1.040653,1.0366827,1.0295385,1.0410486,1.0342925,1.0317085,1.0310433,1.0321096,1.0386391,1.0292383,1.0387642,1.0330008,1.0340068,1.0311266,1.037353,1.0379931,1.0368319,1.0325981,1.0290647,1.0288755,1.0378578,1.0292997,1.0359885,1.0358244,1.0357479,1.0391119,1.0345654,1.034986,1.0322816,1.0339979,1.0309405,1.0384848,1.036644,1.0307535,1.0420685,1.0375079,1.0304562,1.0300031,1.0370202,1.0322325,1.0334238,1.0345833,1.0328188,1.0410721,1.0389636,1.0415505,1.03143,1.0288335,1.0403267,1.0354874,1.036413,1.0273999,1.0259982,1.0334129,1.0391546,1.0357151,1.0363296,1.03543,1.036547,1.0377994,1.0364175,1.0369514,1.0264766,1.035475,1.0385271,1.0340797,1.0373292,1.0273521,1.0379779,1.0369534,1.0378368,1.0351856,1.0347877,1.0308654,1.0278364,1.0354304,1.0294011,1.0414113,1.0374795,1.0379825,1.0370085,1.0325274,1.0349524,1.0402439,1.0291361,1.0314623,1.0400833,1.03254,1.0346389,1.0362843,1.0346694,1.0395671,1.032232,1.026409,1.0371532,1.0339656,1.0276495,1.0361588,1.0391431,1.0333636,1.0320151,1.0390874,1.0341462,1.0347272,1.0346634,1.0371585,1.036342,1.0243261,1.0350083,1.0307405,1.0336266,1.0395347,1.0368842,1.0296924,1.0366814,1.0323869,1.0292538,1.0354328,1.0325531,1.0364735,1.0371192,1.0255191,1.0375284,1.0389293,1.0361282,1.0334795,1.0392506,1.0347102,1.036508,1.0316436,1.0346469,1.032265,1.0370636,1.0314053,1.0348688,1.03445,1.0359248,1.0388253,1.035497,1.0358527,1.0291905,1.0322852,1.0380965,1.0330712,1.0336691,1.0393441,1.0327765,1.0342174,1.0296571,1.035385,1.0322759,1.0377724,1.0337644,1.0326648,1.0329449,1.0420697,1.0414503,1.0283192,1.0362152,1.0306615,1.0283054,1.0333407,1.0378373,1.0395228,1.0308156,1.0260797,1.0441056,1.0404739,1.0361347,1.0398896,1.0371149,1.0367353,1.0366635,1.0287149,1.0406222,1.0331563,1.028135,1.0327652,1.0387708,1.0384387,1.0405998,1.0369862,1.034744,1.0415735,1.0344971,1.038047,1.0332189,1.0215687,1.0444232,1.034853,1.0392992,1.0388582,1.0315613,1.0324013,1.0303563,1.035646,1.03408,1.0331663,1.0369415,1.0317482,1.0419872,1.0248725,1.0326238,1.0344825,1.0335772,1.0357676,1.0311841,1.0343108,1.0311164,1.0349368,1.0379736,1.0296388,1.0328053,1.0262606,1.0368994,1.0328913,1.0366572,1.0380332,1.0382239,1.0380828,1.0328677,1.0321211,1.0372217,1.0412481,1.0347217,1.0375224,1.0326004,1.0393306,1.038749,1.0345101,1.0363723,1.0357898,1.0351286,1.0362079,1.0321478,1.0378666,1.0378163,1.0341345,1.0384517,1.0318636
1.2312298,1.2376989,1.2306126,1.2297539,1.2357212,1.2371874,1.2339386,1.2385354,1.2331389,1.2388179,1.2405581,1.2330588,1.2293553,1.2374922,1.236741,1.2282112,1.2292781,1.2388097,1.2377284,1.2428297,1.2384588,1.2351706,1.2333741,1.2373973,1.2365977,1.2336825,1.2343639,1.2387828,1.2411112,1.2357564,1.2329088,1.2284662,1.2378026,1.2386291,1.2321588,1.2370564,1.2340908,1.2363174,1.2358356,1.2367154,1.241941,1.2326772,1.238178,1.2368281,1.2313844,1.2311541,1.2342536,1.2335986,1.242183,1.2357539,1.2389332,1.2356852,1.2357891,1.2334713,1.2361168,1.2373528,1.2382599,1.2309315,1.2324252,1.2302749,1.23686,1.2317402,1.2299619,1.2334348,1.2337528,1.2310628,1.2350066,1.2364161,1.2350799,1.2389376,1.2398822,1.2311952,1.2346075,1.2327796,1.2385237,1.235555,1.2332114,1.2390581,1.2329929,1.2345716,1.2286186,1.2348219,1.2379645,1.2337407,1.2422875,1.236392,1.2387453,1.2314497,1.2359371,1.2310934,1.2342398,1.2348255,1.2372801,1.2381847,1.2418165,1.2315655,1.2420812,1.2445049,1.2380588,1.2320827,1.2407938,1.2328556,1.229634,1.2310122,1.2343918,1.2337403,1.2466117,1.2424984,1.2286462,1.2382871,1.2317744,1.2376467,1.2283729,1.2387525,1.2415584,1.2340537,1.2354237,1.2351096,1.2359349,1.2396897,1.2326064,1.2343253,1.2330818,1.2313174,1.237158,1.2333555,1.235285,1.2352788,1.2299272,1.2387574,1.2362516,1.2432256,1.2353158,1.234113,1.2377528,1.2357664,1.2374455,1.2345073,1.232946,1.2393523,1.2398885,1.2364234,1.238863,1.2341998,1.2275898,1.2414001,1.2336519,1.2376677,1.2373849,1.2424688,1.2362807,1.2383147,1.242134,1.2313433,1.2367307,1.2311583,1.2369417,1.2319745,1.2400528,1.2366328,1.2419579,1.2337234,1.2383294,1.2379582,1.233782,1.2382718,1.2349747,1.2355644,1.2312534,1.2363553,1.2287164,1.2392983,1.2391833,1.2327675,1.2375907,1.2371503,1.2395021,1.2319938,1.2423186,1.2363924,1.2349975,1.2352706,1.238623,1.2374916,1.2311746,1.2337132,1.2353883,1.2352897,1.2305982,1.2290456,1.2283112,1.2340057,1.2351426,1.2344354,1.2348106,1.2385856,1.2419708,1.2343527,1.2374768,1.2317508,1.2339522,1.2332468,1.2389761,1.2349017,1.2336859,1.2247291,1.2299535,1.230947,1.2325422,1.2344625,1.235181,1.2364748,1.2373601,1.2368296,1.2369457,1.235051,1.2300816,1.2353312,1.2386358,1.2271756,1.2301971,1.2353191,1.2328737,1.2371216,1.2378796,1.2339271,1.2381343,1.2376598,1.2403232,1.2342479,1.2286648,1.2357199,1.2308937,1.2388898,1.2323123,1.237851,1.230945,1.2375768,1.2331938,1.2361993,1.2314001,1.2336488,1.2393827,1.2293336,1.2357605,1.226065,1.2370042,1.2248114,1.2324766,1.2322061,1.2306736,1.2347437,1.2392658,1.2353708,1.2309424,1.2431841,1.245104,1.2362398,1.2355622,1.239342,1.233822,1.2354692,1.2393355,1.2334676,1.2405552,1.238384,1.2365364,1.2368388,1.2340047,1.2382674,1.2340692,1.2382333,1.242332,1.2360005,1.2339946,1.2340732,1.2293158,1.2369797,1.2387209,1.2336953,1.2372711,1.2369465,1.239954,1.2405679,1.2333922,1.2401232,1.229036,1.235272,1.2379841,1.2438858,1.2335516,1.2345463,1.2372867,1.2391307,1.2395545,1.2343246,1.2318252,1.2415063,1.2272346,1.2336128,1.2337505,1.2414683,1.234829,1.2340287,1.236758,1.2392601,1.2349911,1.2302597,1.2372694,1.2349433,1.2408333,1.2322596,1.2409387,1.2327601,1.2343063,1.2337368,1.2399081,1.2334273,1.2354556,1.2370484,1.2396023,1.2302883,1.24156,1.2309612,1.2400712,1.2402605,1.2347275,1.2393459,1.242783,1.2413365,1.2405267,1.2363255,1.2316282,1.2366277,1.2359393,1.2337801,1.233349,1.2374827,1.2386982,1.2355644,1.2365563,1.2323827,1.2331135,1.2281315,1.241136,1.2363786,1.2374496,1.2369957,1.2375926,1.2397544,1.2352356,1.2389462,1.2366972,1.2361751,1.2350392,1.2318449,1.2324864,1.235466,1.2428058,1.2325321,1.2331305,1.2358904,1.235641,1.2381779,1.2380497,1.24137,1.2388103,1.2413568,1.2312182,1.2327408,1.2387488,1.2390956,1.2403865,1.2315341,1.2364787,1.2470441,1.2387972,1.2324568,1.2402389,1.2352012,1.237537,1.2324762,1.2380329,1.2417189,1.2326806,1.2446996,1.228615,1.2329851,1.2339141,1.232521,1.2344975,1.2371079,1.241243,1.2223308,1.2353292,1.2321662,1.2378467,1.2357044,1.2345798,1.2390918,1.2386599,1.2385408,1.2397572,1.235224,1.240496,1.2391951,1.2315452,1.2342803,1.2374426,1.2320551,1.2364163,1.2322848,1.2397394,1.237299,1.2389916,1.230336,1.2386059,1.2330573,1.230801,1.2350564,1.234003,1.2369779,1.2374345,1.2375293,1.2316979,1.2352893,1.2387999,1.2337347,1.227699,1.2354347,1.234187,1.2360975,1.2401582,1.2324109,1.2316146,1.2406464,1.2426648,1.2341138,1.2359159,1.2371994,1.2386073,1.2345127,1.2400359,1.2347838,1.2391635,1.2355705,1.237148,1.2425333,1.234682,1.2359571,1.2346332,1.2353879,1.2368803,1.232718,1.2365713,1.233175,1.236193,1.2404234,1.2392563,1.2327751,1.2425816,1.2365273,1.2361182,1.2376975,1.2354017,1.2337096,1.2341089,1.2428555,1.2404034,1.2318339,1.2388742,1.2400445,1.2477912,1.2392673,1.238043,1.236747,1.2350976,1.2334337,1.2393512,1.2333174,1.2295654,1.2376771,1.2361525,1.2364495,1.2321485,1.2405198,1.2373757,1.2439021,1.2403197,1.2363106,1.236411,1.2359872,1.2415384,1.2373028,1.2384658,1.2376324,1.2365247,1.2342285,1.2378534,1.235262,1.2415872,1.233557,1.2375879,1.2355311,1.2326049,1.2360178,1.2355158,1.2414631,1.2336148,1.2378337,1.24024,1.2262336,1.2386651,1.2334614,1.2484467,1.2438698,1.2412965,1.2330734,1.2334684,1.2328417,1.2284567,1.238205,1.2436835,1.2304012,1.2323979,1.2377582,1.2411448,1.2381685,1.2429159,1.2348578,1.2426926,1.237186,1.235652,1.2319809,1.2358612,1.2319709,1.2379265,1.2317877,1.2364057,1.2361659,1.2330317,1.2368371,1.2373571,1.2479215,1.2322124,1.2359457,1.2450106,1.2332672,1.2345605,1.2464262,1.2296604,1.2350504,1.233222,1.2355474,1.2415121,1.2351769,1.2394971,1.2337886,1.2339677,1.2324157,1.2300513,1.2362947,1.2358745,1.2402256,1.242348,1.2330066,1.2299489,1.2397734,1.2297668,1.2358652,1.2339145,1.2359538,1.2324486,1.2312505,1.2368422,1.227376,1.2412949,1.2377768,1.2309225,1.2370908,1.2415941,1.2424402,1.2336129,1.2341659,1.2368637,1.2361714,1.2351625,1.2314382,1.2316895,1.2389404,1.236245,1.243455,1.234655,1.2346791,1.2330962,1.2355307,1.2325655,1.2343632,1.2399371,1.2368236,1.2316442,1.2346922,1.2357934,1.2385583,1.2374328,1.2401577,1.2298176,1.2311428,1.2430849,1.2375628,1.2392905,1.2390077,1.2428775,1.2356782,1.2384756,1.236927,1.2315724,1.2302063,1.2303541,1.2380432,1.2295723,1.230932,1.241821,1.2370222,1.2362752,1.2310767,1.2252105,1.233335,1.2394025,1.2404189,1.2368368,1.2387009,1.2314671,1.2366427,1.2370124,1.2389735,1.2343684,1.231408,1.2406201,1.2446792,1.2344999,1.2373153,1.2346188,1.2308464,1.2391455,1.235595,1.2361565,1.2340281,1.2383705,1.2378964,1.2407348,1.2413477,1.2356644,1.2383419,1.2378484,1.2371521,1.2381823,1.2431674,1.2374399,1.2333664,1.2360246,1.2437115,1.229722,1.2330273,1.2299626,1.2322315,1.240802,1.2360228,1.2284867,1.237038,1.2365603,1.2335359,1.2398212,1.2405603,1.2362505,1.235696,1.235292,1.2391305,1.2366335,1.2358768,1.237979,1.2360497,1.2377968,1.2379055,1.2329872,1.2329105,1.2331443,1.2418525,1.2347414,1.236898,1.2266365,1.2343014,1.2366682,1.2398498,1.2390052,1.2360951,1.2331775,1.2335502,1.235517,1.2361302,1.236666,1.242207,1.2372539,1.2340273,1.2364601,1.230498,1.2384295,1.2326556,1.239986,1.2362834,1.2358629,1.234257,1.2393548,1.2369943,1.2328554,1.2326488,1.2356746,1.2335168,1.2348121,1.2366881,1.2321409,1.2414569,1.2376257,1.2299628,1.2343824,1.2368495,1.2366952,1.2340287,1.236655,1.2302423,1.2339805,1.2374018,1.240982,1.2342901,1.234368,1.2323234,1.2321337,1.234055,1.2331245,1.2325404,1.2326736,1.2314959,1.2349072,1.2285931,1.2334048,1.2327603,1.2407968,1.2347857,1.2370607,1.2434523,1.2343379,1.2348648,1.2317426,1.2466406,1.234445,1.2415645,1.2322676,1.2339088,1.2379459,1.2351156,1.2357227,1.2354876,1.2392724,1.2384008,1.2438158,1.2428298,1.2385186,1.2284223,1.2373631,1.2308049,1.233281,1.2296112,1.2335061,1.2327168,1.2393608,1.2311904,1.2316626,1.229168,1.2376854,1.2356653,1.2334168,1.2313854,1.2315991,1.2437962,1.2363453,1.2383623,1.2311941,1.2380033,1.2293456,1.2353271,1.23757,1.2313428,1.2409978,1.2368011,1.2392863,1.2432972,1.231853,1.2393314,1.2309964,1.2370923,1.2369457,1.2358917,1.2362238,1.241289,1.233415,1.2359371,1.2399571,1.2323936,1.2366215,1.2420989,1.2423532,1.2337687,1.2367451,1.2337056,1.2348082,1.2368497,1.2357124,1.2339289,1.2323914,1.2351888,1.2380613,1.2389141,1.2405211,1.2336832,1.2424563,1.237861,1.2316128,1.2300388,1.2360775,1.232665,1.2341458,1.2310165,1.2355311,1.2347499,1.2336732,1.23546,1.2371341,1.2432096,1.2386645,1.240639,1.2320167,1.2381067,1.231663,1.2365174,1.2332139,1.2335639,1.2420315,1.2329686,1.2365949,1.2310208,1.2408391,1.2355952,1.2297612,1.2323594,1.2278488,1.237673,1.2359982,1.2370473,1.2442214,1.2354671,1.2396642,1.2360497,1.2359399,1.2351067,1.2344347,1.2278905,1.2374074,1.2447284,1.2374234,1.2371782,1.2362518,1.2355806,1.2366072,1.2335274,1.235186,1.2389753,1.2392188,1.2397673,1.2357231,1.2317615,1.2415034,1.2401828,1.2330323,1.2354379,1.2372226,1.2408171,1.2383906,1.232914,1.232264,1.2400498,1.2356813,1.2304468,1.237348,1.233653,1.2356824,1.2379972,1.2366031,1.2383038,1.2316985,1.2406659,1.2312638,1.2331032,1.2367235,1.2386127,1.236568,1.2375798,1.2337073,1.2382379,1.2325847,1.2386751,1.2327777,1.2351165,1.2371926,1.2365559,1.2365338,1.235835,1.2353579,1.2311051,1.2386104,1.2321471,1.2301359,1.2403804,1.2326316,1.2329338,1.2307277,1.229654,1.2353603,1.2364396,1.2332574,1.2352066,1.2347189,1.2399,1.2348498,1.2364798,1.2424546,1.238891,1.2358582,1.2334186,1.2353879,1.2390852,1.2358595,1.2390742,1.2371119,1.239888,1.2382759,1.226761,1.2368264,1.2344449,1.2340274,1.2373499,1.2368637,1.233214,1.2333978,1.235807,1.2369716,1.2391009,1.2326767,1.2384582,1.2287132,1.2353578,1.2412428,1.2380632,1.2367496,1.2395904,1.234906,1.2400047,1.2384684,1.2301445,1.2399541,1.2347796,1.2346736,1.2288662,1.2347636,1.2283592,1.2340337,1.2319659,1.2341216,1.236847,1.2356169,1.2359918,1.2343242,1.2378033,1.230133,1.2391375,1.2333694,1.2437633,1.2333851,1.2340506,1.2397816,1.2384976,1.2300498,1.2351425,1.2288293,1.2310888,1.2333556,1.2357184,1.2339633,1.2259214,1.2308328,1.23408
0.2661598,0.2599391,0.26936078,0.26418585,0.26046178,0.25900277,0.2623697,0.25869069,0.2547315,0.2637761,0.26277357,0.2629382,0.2707896,0.26069167,0.2574438,0.2594879,0.26652667,0.2555223,0.26462758,0.27214518,0.263519,0.26475346,0.26026633,0.2662747,0.2632776,0.25712898,0.25920585,0.26223782,0.25856018,0.26365626,0.26777685,0.26210344,0.26659372,0.25780094,0.26172397,0.2666258,0.25699437,0.262242,0.25554463,0.26208657,0.26131797,0.27172205,0.26176977,0.2667642,0.26520836,0.25738877,0.26266026,0.2624742,0.2583616,0.2644257,0.25786677,0.2691476,0.2619712,0.26088881,0.2585484,0.26100436,0.26788968,0.25708315,0.26638412,0.26090363,0.26078296,0.2595201,0.26008713,0.25748682,0.2643373,0.26188907,0.26776758,0.25874496,0.2636257,0.25929102,0.27331418,0.25968874,0.25770116,0.25436398,0.25929663,0.27144632,0.25914323,0.2658494,0.26416412,0.2647013,0.268139,0.2603387,0.26499137,0.26327616,0.2605563,0.2548399,0.2613696,0.25660917,0.2623872,0.2622579,0.26094323,0.2615344,0.25945702,0.25316793,0.26641175,0.2615653,0.26249453,0.2561572,0.2666706,0.26654717,0.26491517,0.26875913,0.26073664,0.26397005,0.26248217,0.26054838,0.25918755,0.25872675,0.26133966,0.26552835,0.26270887,0.26412195,0.2621664,0.26653713,0.2571466,0.27053586,0.27028844,0.26734307,0.263596,0.26189676,0.26022804,0.25844058,0.25926805,0.26026782,0.26320493,0.2666728,0.2609247,0.26714706,0.268761,0.26707345,0.2674556,0.2675785,0.2617126,0.26125073,0.26395574,0.2649106,0.26310223,0.26152918,0.26472026,0.26407096,0.2671882,0.25892892,0.2569335,0.26364404,0.26558656,0.26104134,0.26029712,0.26626867,0.25979805,0.2564422,0.25515,0.2606625,0.2575709,0.25870547,0.2667599,0.2628154,0.2591589,0.26085716,0.2539518,0.2659491,0.259347,0.2661984,0.26683965,0.26412213,0.25679663,0.2571213,0.26662043,0.26386273,0.26312324,0.26025748,0.26218972,0.26373753,0.25628692,0.2606993,0.27129048,0.26604986,0.2640795,0.25807407,0.26160148,0.26273942,0.26277962,0.26189247,0.2593148,0.2569516,0.2607355,0.2583886,0.26567048,0.25476554,0.26055142,0.26105374,0.26176834,0.25991872,0.25567278,0.2590932,0.26415932,0.2646662,0.2573532,0.26481017,0.26550674,0.26224527,0.26995134,0.26231432,0.26604772,0.26253754,0.26097605,0.26644439,0.2619583,0.2645397,0.26856136,0.26231048,0.25989053,0.26346898,0.26003712,0.26517949,0.26543337,0.26724973,0.2708656,0.25746107,0.2575782,0.26682702,0.2648236,0.2607816,0.26398033,0.25572902,0.261868,0.26617458,0.25850683,0.26665998,0.26341867,0.26028445,0.26548064,0.26629516,0.26255795,0.26263654,0.25750166,0.25920182,0.27042255,0.263414,0.25899622,0.266165,0.26889497,0.263774,0.25391102,0.26130226,0.25972787,0.26188543,0.2673051,0.26226205,0.2588586,0.26342618,0.26279122,0.2630503,0.25527844,0.2593277,0.2665727,0.2666072,0.26453972,0.26061946,0.26391312,0.25957814,0.26160017,0.26446456,0.25364557,0.26629534,0.25531894,0.2617977,0.26454878,0.2601896,0.25966176,0.25453252,0.26401016,0.26868352,0.26588967,0.26335648,0.2635267,0.25500345,0.2663721,0.26131678,0.25906175,0.25994396,0.25226226,0.2597971,0.25858825,0.25861353,0.26527625,0.25737703,0.2682346,0.2639601,0.2650443,0.25576314,0.26251823,0.25807464,0.25718772,0.26256523,0.25882888,0.2635729,0.26099378,0.25931615,0.26392314,0.26906878,0.26392058,0.255394,0.25740287,0.2639564,0.26582968,0.2652011,0.26667517,0.26504534,0.2626867,0.26211974,0.25522706,0.2563656,0.2603789,0.2620037,0.2623401,0.26364315,0.26284257,0.26203325,0.26448694,0.26730672,0.25677794,0.266607,0.26173997,0.26414892,0.26265997,0.2614807,0.26204237,0.25889948,0.2602062,0.2656106,0.256128,0.25950554,0.2662171,0.2623913,0.26237485,0.2660559,0.26179186,0.26509282,0.270536,0.2668528,0.26840296,0.26408488,0.26799604,0.26386076,0.26366463,0.25770122,0.2537957,0.26082677,0.26145384,0.2564218,0.2665015,0.25781757,0.26423576,0.25878626,0.25982016,0.2561686,0.2576751,0.2535461,0.26842245,0.26723975,0.26391754,0.26276574,0.2625733,0.25930798,0.26195535,0.2629207,0.25673595,0.26373798,0.25605077,0.26689902,0.26670158,0.26164442,0.2549586,0.26503292,0.2600327,0.2561487,0.26634184,0.26508716,0.25681013,0.25614855,0.26304132,0.2639131,0.25843877,0.25939727,0.25862494,0.25866473,0.26100582,0.26252162,0.26716647,0.25535804,0.26990518,0.26230368,0.26352945,0.2583586,0.26158842,0.25832358,0.263457,0.2642784,0.2664494,0.26112893,0.26410672,0.26380298,0.26271236,0.2576347,0.26501057,0.25350496,0.260855,0.26260385,0.2599104,0.26051003,0.26166055,0.26450378,0.26268685,0.26184833,0.25678617,0.26378435,0.25935552,0.2541126,0.25948974,0.25836113,0.2674211,0.2571452,0.26401818,0.2615504,0.26109752,0.26693887,0.26548493,0.26004553,0.2628367,0.2610589,0.2666037,0.26352468,0.26236618,0.25789717,0.26065528,0.263069,0.25772285,0.25426212,0.26436007,0.2558098,0.2547713,0.2618476,0.26308346,0.2594099,0.26706436,0.26600417,0.25717258,0.26257628,0.25790155,0.26042426,0.25456396,0.25715297,0.26254624,0.26231673,0.26231578,0.2637089,0.25642115,0.2623009,0.26661062,0.26418853,0.25933257,0.26123998,0.2660782,0.25235558,0.26343837,0.26403126,0.2622855,0.26475108,0.26467696,0.2604993,0.25754648,0.26073217,0.26084435,0.26075864,0.26297644,0.2595408,0.26308718,0.26060134,0.26372573,0.26260749,0.26646122,0.2611611,0.26672614,0.25633222,0.26846004,0.25679666,0.26163465,0.25522617,0.25676265,0.26232794,0.25934896,0.2632245,0.26481476,0.2657223,0.26120985,0.26118666,0.26288757,0.266752,0.26562136,0.2636064,0.257065,0.2575119,0.25883636,0.26428893,0.26148245,0.26075557,0.26688093,0.26655528,0.26142886,0.26118743,0.26240575,0.2591232,0.2563252,0.26427686,0.26943094,0.25613746,0.25879073,0.2569013,0.264323,0.2617318,0.26182485,0.2603891,0.26578438,0.26030922,0.26511413,0.26319286,0.25759476,0.25576302,0.26278087,0.26423758,0.26288354,0.26997685,0.25860012,0.26615316,0.26262033,0.26207966,0.2572853,0.26792878,0.27105388,0.2613253,0.2570659,0.26152095,0.26687244,0.25721386,0.26128504,0.26195276,0.25793564,0.26108405,0.26651204,0.26541588,0.26202828,0.26162654,0.26575166,0.2658479,0.25612774,0.261777,0.2584165,0.26527086,0.2604271,0.25633347,0.26066935,0.25858828,0.2646981,0.26793358,0.2577353,0.26365578,0.26315138,0.26400393,0.2623615,0.2612027,0.2619027,0.26861954,0.26210842,0.26144415,0.2599674,0.2645882,0.25670844,0.26539588,0.26025924,0.26355132,0.2589817,0.25879526,0.26556194,0.26083574,0.2598761,0.26201037,0.26495215,0.26760933,0.26155382,0.25806612,0.25700623,0.26280075,0.2541679,0.2580513,0.2598742,0.26296473,0.25971115,0.26114613,0.26277557,0.26257312,0.26083446,0.25952643,0.25878397,0.26261452,0.271419,0.2630147,0.2661964,0.26720455,0.25733203,0.25933546,0.25799623,0.26466098,0.2635786,0.26277387,0.25889587,0.26245347,0.26306143,0.26181784,0.25978264,0.26506552,0.2645455,0.26150724,0.26335764,0.2597198,0.25963014,0.26501998,0.25899124,0.2676407,0.26468602,0.2653995,0.26435295,0.26109007,0.26251167,0.2637138,0.25708708,0.2550896,0.25369513,0.2650263,0.258338,0.26427102,0.26191393,0.26268277,0.26292497,0.26356855,0.25113633,0.26902273,0.25644654,0.2651533,0.26332316,0.2681385,0.26817366,0.26552287,0.2625194,0.25911027,0.25806624,0.25575858,0.25831872,0.25648934,0.2635774,0.26527032,0.2628287,0.26213148,0.26383853,0.26092187,0.2633367,0.2667903,0.25991347,0.2597607,0.26751766,0.26191953,0.26229995,0.2672664,0.2631869,0.2604055,0.26108217,0.26483303,0.26578414,0.26077193,0.26139635,0.26171178,0.26325,0.26177844,0.2554912,0.26034045,0.26017773,0.26736218,0.25869548,0.26100457,0.2669778,0.26179338,0.25928077,0.25446,0.2591653,0.25711623,0.25332558,0.26356345,0.26297688,0.2643283,0.25841165,0.25800428,0.264849,0.2594768,0.26101914,0.2630339,0.25588995,0.26291084,0.2653162,0.26473424,0.26448107,0.26528516,0.26198155,0.25887284,0.2701657,0.25655958,0.26589516,0.25880024,0.26443177,0.25905526,0.2617796,0.26538748,0.265979,0.26166603,0.25760847,0.26429784,0.26411486,0.2598205,0.26451,0.2599075,0.26350486,0.26433524,0.2654324,0.2575451,0.26358956,0.2570549,0.26062053,0.2641933,0.27047798,0.25561723,0.26356766,0.25962895,0.2657189,0.26565155,0.25179872,0.26259816,0.26352522,0.26450437,0.25991476,0.26798812,0.26549268,0.26063833,0.26182425,0.26167852,0.2644545,0.2650622,0.26051113,0.25224537,0.26590985,0.26774913,0.26081192,0.26323578,0.26552835,0.26743695,0.25781363,0.2671487,0.25835806,0.25926608,0.26546335,0.26543945,0.25601977,0.26143092,0.26579857,0.26000535,0.2685868,0.25318298,0.2606746,0.262665,0.26091975,0.25885823,0.26085293,0.26299694,0.2567376,0.26201692,0.2681392,0.26780194,0.2673286,0.26582533,0.2596926,0.25273296,0.2532298,0.26398993,0.26636457,0.2667101,0.2673502,0.2564265,0.26468346,0.26060483,0.26575148,0.25929877,0.2579664,0.25545332,0.26062474,0.26521522,0.25655946,0.25966048,0.26146746,0.2639568,0.26533827,0.26016268,0.26162878,0.25963628,0.2656706,0.25573617,0.2590658,0.25905186,0.2560633,0.26872942,0.261668,0.25767356,0.2723728,0.26305377,0.2587729,0.25779048,0.2630456,0.2664774,0.26458833,0.25465995,0.25815344,0.25944036,0.2644505,0.25717884,0.2624328,0.26411507,0.26011798,0.26299584,0.25826734,0.25424573,0.25716358,0.26802182,0.2590411,0.26689285,0.25896856,0.25859526,0.2686176,0.26350868,0.26310873,0.25579196,0.26115474,0.26498005,0.2609242,0.2597649,0.26039407,0.2670767,0.25647467,0.26039484,0.26225656,0.25993666,0.2612439,0.26073328,0.26624697,0.26632434,0.26820412,0.25946507,0.25980273,0.26160395,0.25706425,0.2632631,0.25964758,0.25535303,0.26064095,0.25927207,0.26546404,0.25963464,0.25987712,0.25522998,0.2622527,0.26747632,0.2594504,0.26416636,0.26463342,0.2637602,0.26224664,0.253506,0.26732337,0.26257187,0.26907432,0.25213516,0.2700125,0.25236598,0.2560356,0.26022473,0.263747,0.26151833,0.26081127,0.26605484,0.26060417,0.26745075,0.25833786,0.26331168,0.2617451,0.2598786,0.2655716,0.26050884,0.26297826,0.2620223,0.25126606,0.26133096,0.2648626,0.26401362,0.25907916,0.25634742,0.2579463,0.25971088,0.26164597,0.27037525,0.25724655,0.26419094,0.25970352,0.26056388,0.26827136,0.26694193,0.26629782,0.26415464,0.26251608,0.25668067,0.26299605,0.26155466,0.26699597,0.2635597,0.25987023,0.26326698,0.2570605,0.2667464,0.25995514,0.26789007,0.26260647,0.26576778,0.26336294,0.26317593,0.26754925,0.26820529,0.2650123,0.2566035,0.25831214,0.2571076,0.25984597,0.2660334,0.26379973,0.26613417,0.26193744,0.25967905,0.2601555,0.2624996,0.26377112,0.25971386,0.26498646,0.26226467,0.26798943,0.26390278,0.2629781,0.26529315,0.26949662,0.2566258,0.26289564,0.2618204,0.26597717,0.26334646,0.26018375,0.26053295,0.2543367,0.26588774,0.2689005,0.26039833,0.25890937,0.26953045,0.25703287,0.26082757,0.26639017,0.26760453,0.2682832,0.26695144,0.2523203,0.26791087,0.26838866,0.2570519,0.2634698,0.26539198,0.2623125,0.26551875,0.2533781,0.265899,0.2570983,0.2613831,0.25963494,0.25681415,0.2597426,0.26590773,0.25848204,0.2602215,0.265349,0.25432178
