0.6613706,0.660935,0.6599538,0.6666626,0.66020936,0.6721877,0.6736111,0.6601505,0.6657066,0.6633518,0.6618903,0.6663952,0.65779793,0.66815,0.6644973,0.66477317,0.670482,0.6599481,0.67036104,0.661068,0.6613155,0.6704631,0.6636902,0.65743846,0.6639185,0.66026646,0.66716444,0.6561758,0.66407245,0.66566247,0.662786,0.66494477,0.65566814,0.6697234,0.66411644,0.6654686,0.66169363,0.65974635,0.6638816,0.6680214,0.6642663,0.67188865,0.6734736,0.66181105,0.66222674,0.6619106,0.66309536,0.6633748,0.65926814,0.65292645,0.6579969,0.66014147,0.664565,0.67103297,0.6668127,0.6660964,0.65935737,0.6710155,0.6615541,0.66474473,0.66919196,0.67282206,0.6689983,0.6715406,0.6660226,0.66236526,0.6669635,0.6607995,0.6619531,0.6684052,0.6697432,0.6627207,0.671371,0.6697749,0.6630077,0.6625223,0.6694232,0.6643585,0.66570944,0.66127384,0.6663573,0.6659612,0.6672701,0.6607119,0.6608421,0.6592352,0.66686404,0.66480124,0.66119796,0.6641138,0.6676615,0.66732347,0.6628469,0.6604036,0.66296583,0.66825974,0.6705697,0.6655084,0.6711124,0.6693583,0.6572721,0.66565424,0.65997875,0.66269845,0.65813214,0.6739201,0.6632427,0.6668914,0.67089844,0.6617875,0.6686223,0.6624918,0.6629763,0.66682607,0.6613087,0.66225994,0.6610709,0.66083133,0.66418415,0.66204673,0.6667078,0.66232747,0.6654089,0.65977335,0.6684978,0.665902,0.6707505,0.66767186,0.66407746,0.6630388,0.6643377,0.6727995,0.6642021,0.6609921,0.6588588,0.661712,0.66656196,0.66156244,0.6667136,0.666559,0.65598017,0.66610223,0.66222,0.65944207,0.65994513,0.6576115,0.6645303,0.66125953,0.66023093,0.6672196,0.66939676,0.6648038,0.6595389,0.6688277,0.6753811,0.66555035,0.67228097,0.66423273,0.66111153,0.669931,0.66723484,0.6686802,0.67320025,0.671122,0.6650394,0.66577536,0.6630099,0.65986013,0.6653694,0.65910035,0.6631603,0.6584395,0.6581107,0.6620356,0.6613157,0.6644918,0.6599461,0.66457677,0.6605469,0.6610728,0.65458614,0.6605415,0.66721535,0.65379846,0.66473114,0.66720164,0.66294205,0.6644599,0.66748744,0.66278636,0.66580117,0.6701578,0.66669935,0.6520144,0.65566516,0.6549076,0.65948075,0.66694105,0.666344,0.6504661,0.66868466,0.65606904,0.6749169,0.67122567,0.66915965,0.66435444,0.6707989,0.654923,0.66701055,0.66589594,0.669456,0.66474277,0.66491437,0.660144,0.6614897,0.6650392,0.6705013,0.6649835,0.67074805,0.6656982,0.6670256,0.66502196,0.6567334,0.66106725,0.66531533,0.65888333,0.6559225,0.66331226,0.65621054,0.6617478,0.6587486,0.6608492,0.67285055,0.6650717,0.6645665,0.6593182,0.6571503,0.67076886,0.658618,0.66339517,0.6713312,0.6711258,0.66657853,0.66776824,0.6662545,0.66323423,0.6669532,0.65745306,0.6629203,0.6708804,0.6675978,0.66586274,0.66853255,0.6599669,0.6614132,0.6728826,0.66054755,0.6619509,0.65492,0.6693532,0.6623865,0.66418546,0.6688789,0.66424304,0.66286373,0.6586694,0.66476566,0.6649933,0.6613998,0.6703391,0.65780616,0.6671745,0.6639631,0.6627867,0.6672645,0.6657898,0.6641291,0.65976465,0.65806574,0.6677121,0.6647737,0.66007835,0.6611166,0.6625188,0.6644328,0.66665494,0.663288,0.67047894,0.656005,0.6664611,0.6588764,0.66955173,0.66314065,0.6665523,0.6631966,0.6653618,0.6671079,0.6636675,0.6644541,0.6707761,0.66163653,0.66921794,0.6651478,0.6652986,0.66599375,0.66796535,0.6654574,0.65864843,0.66102356,0.67503905,0.6638314,0.65972275,0.6722634,0.6655991,0.66537404,0.6582258,0.6667776,0.6631455,0.66448057,0.6674643,0.66299635,0.66807824,0.668883,0.6617777,0.65708566,0.66664946,0.66226214,0.66662914,0.66476417,0.68229425,0.6630966,0.6625763,0.658107,0.6643568,0.6642149,0.6610941,0.66748077,0.66628796,0.66957057,0.66314036,0.6719708,0.6632055,0.6646652,0.6667595,0.65475243,0.6761111,0.6695097,0.6598345,0.66267735,0.6577615,0.65017474,0.66501254,0.6616365,0.66231954,0.6585585,0.66424716,0.65458834,0.65969235,0.6641743,0.6624465,0.6601541,0.6592337,0.65988165,0.6709505,0.6586878,0.66069305,0.6616586,0.66873854,0.66880554,0.6617094,0.666424,0.65940535,0.6608285,0.66767913,0.6643543,0.6667918,0.65143627,0.6587146,0.6710606,0.6587627,0.65821505,0.67096215,0.6599471,0.67162347,0.66088194,0.6663291,0.66213095,0.67433107,0.6733455,0.65372527,0.6647118,0.66639084,0.6641066,0.6672099,0.66672,0.66537535,0.66519976,0.6651596,0.6704531,0.66727984,0.6626917,0.6554915,0.67155796,0.6602102,0.6639546,0.6636744,0.6675081,0.67014056,0.6567865,0.6524918,0.665947,0.6652871,0.6601783,0.6626832,0.6595482,0.65782136,0.6690851,0.66040695,0.6653029,0.6640424,0.6705023,0.66610694,0.6582526,0.6630069,0.66005886,0.66508996,0.6646582,0.66068995,0.67174846,0.67210066,0.6699339,0.6595587,0.6774826,0.6660585,0.66427493,0.66257435,0.6510222,0.67119676,0.6612425,0.6653506,0.67123455,0.6658833,0.6663622,0.6588689,0.6661808,0.67229,0.6568072,0.66353494,0.6601037,0.66292745,0.6708102,0.65756255,0.66478294,0.6586733,0.6673561,0.6627243,0.6598697,0.6691793,0.6626024,0.6605409,0.6720742,0.6711178,0.66364485,0.6716709,0.664397,0.6691811,0.6589332,0.668547,0.6711429,0.676771,0.6597952,0.66482896,0.66801023,0.66071725,0.6688237,0.6643011,0.6688658,0.6665325,0.6599231,0.67499924,0.6627912,0.6608173,0.66597503,0.66176057,0.6683258,0.66801906,0.6565037,0.6549925,0.66195154,0.6665449,0.6601894,0.6570465,0.6650973,0.66130835,0.6705427,0.66275376,0.66285056,0.6578145,0.6608859,0.66359526,0.6623022,0.6630097,0.6604543,0.6644945,0.6604084,0.6680261,0.6622218,0.6650452,0.65511996,0.6659997,0.6686802,0.6599954,0.65964603,0.6584441,0.660617,0.6610129,0.67809117,0.6634822,0.66965467,0.6662971,0.65933794,0.6639857,0.6652163,0.6630118,0.66992253,0.66602486,0.66740173,0.66020894,0.6614173,0.6611063,0.657983,0.6627072,0.664458,0.6600536,0.66694814,0.6624623,0.6593324,0.6663802,0.66768026,0.66968775,0.66868234,0.67387956,0.6578778,0.65843403,0.6556988,0.6655824,0.67426807,0.66228926,0.6639196,0.6737181,0.6666906,0.6620418,0.6672578,0.6723666,0.6622896,0.67183506,0.6688718,0.65755916,0.6593046,0.66146356,0.66290396,0.6555511,0.65818846,0.66205657,0.6630398,0.65384656,0.66903037,0.66558033,0.6633261,0.66575885,0.6625514,0.66494876,0.6656649,0.66955256,0.66387635,0.66278523,0.66018045,0.65816003,0.6668941,0.6663776,0.6567042,0.66363305,0.67027384,0.6678866,0.66485447,0.6662699,0.66848546,0.65924114,0.662573,0.6631639,0.6594365,0.6635262,0.6653775,0.659192,0.66705364,0.66869766,0.6654965,0.670034,0.66669476,0.6552889,0.66175944,0.66604394,0.6536291,0.67882526,0.659072,0.6632722,0.66785705,0.66453755,0.6624342,0.66764283,0.66866666,0.6620281,0.6568908,0.66351473,0.660391,0.6658851,0.65492606,0.65830517,0.66782594,0.6753357,0.66342586,0.66791713,0.668462,0.6685906,0.65617126,0.66366583,0.66452473,0.6733305,0.6620407,0.6576758,0.66944027,0.6638369,0.650839,0.6651026,0.66914713,0.659325,0.67166823,0.6539095,0.65572053,0.66620296,0.66878784,0.65842867,0.6639164,0.6672499,0.6665322,0.6751505,0.6638273,0.6590201,0.66581315,0.6685384,0.67043704,0.66210794,0.6654992,0.6571038,0.6634991,0.6625745,0.66634226,0.6661205,0.65977687,0.6673624,0.6660392,0.66893125,0.65318257,0.6576656,0.66321045,0.66565424,0.6586124,0.6695363,0.6604994,0.6700782,0.66274804,0.66247666,0.6560095,0.6598244,0.66444695,0.6734397,0.6635192,0.6608377,0.66423154,0.6603693,0.6711725,0.66299164,0.66730773,0.6718923,0.661549,0.6690698,0.67054075,0.66190493,0.6707761,0.6570614,0.6633881,0.67752254,0.6606265,0.66417307,0.6676429,0.6634458,0.6595935,0.6644168,0.664058,0.6625918,0.6522529,0.6736512,0.6608406,0.66261125,0.66016454,0.6639971,0.66417384,0.66881806,0.6597642,0.66678125,0.6686491,0.66756606,0.6636457,0.6703177,0.66182333,0.67167175,0.66315484,0.6673146,0.6716109,0.6669923,0.6702836,0.6596978,0.6647434,0.6649639,0.65458864,0.66498303,0.6629662,0.6659228,0.6659216,0.66344696,0.65821767,0.6629381,0.66153246,0.65995,0.6648031,0.66022426,0.6589643,0.6641488,0.6608285,0.6665908,0.6593416,0.66303235,0.6695455,0.65777165,0.66213495,0.6690475,0.6642509,0.6599767,0.67274374,0.6678782,0.6657857,0.66229576,0.6569371,0.66125995,0.66654724,0.66075784,0.66955936,0.6695112,0.66679627,0.67114836,0.65141803,0.6609005,0.6565253,0.66806513,0.6626899,0.6713387,0.6725854,0.67331314,0.66058934,0.6637361,0.65822965,0.65888995,0.66324896,0.6664441,0.6601998,0.6672972,0.6673473,0.6632404,0.65977144,0.667282,0.66460323,0.66649306,0.6625318,0.66053003,0.6718698,0.6713557,0.6586099,0.6662746,0.66150194,0.67479974,0.66242665,0.6683337,0.6643213,0.6668824,0.66493094,0.666568,0.65915674,0.6658926,0.670241,0.66428435,0.6583813,0.66501266,0.66144043,0.663649,0.66370857,0.6610217,0.67099655,0.66346914,0.6566694,0.66449076,0.6609279,0.6641319,0.659244,0.66759294,0.66026825,0.66750497,0.66457516,0.65603864,0.6571542,0.6649926,0.66521764,0.6637826,0.67053694,0.6596286,0.6635041,0.6705783,0.65823317,0.67176825,0.66661674,0.65450764,0.669369,0.6588961,0.6649497,0.66282547,0.66329306,0.6603159,0.6666722,0.65654474,0.6627968,0.65025634,0.66377664,0.667066,0.66622376,0.6665089,0.6626667,0.6639445,0.6688415,0.66815245,0.6563805,0.6571868,0.66194874,0.66802573,0.6609463,0.6591953,0.66250646,0.65628713,0.6669229,0.6723785,0.66095346,0.6608027,0.6577226,0.6592075,0.6617079,0.66416955,0.6692397,0.6580966,0.65195554,0.6570832,0.6604204,0.66527635,0.6653482,0.66635436,0.66197103,0.6705837,0.6662852,0.664602,0.6716763,0.6628811,0.6694974,0.6614757,0.65340203,0.66552913,0.6683557,0.65737295,0.6658959,0.66450053,0.6678461,0.6644806,0.66549504,0.66106147,0.6616261,0.66269463,0.6628493,0.6618045,0.6636266,0.6621017,0.6693024,0.6664485,0.65878177,0.65807915,0.6666425,0.660661,0.6663283,0.6606644,0.6616971,0.66048807,0.6623318,0.6641942,0.6699814,0.67221195,0.6613488,0.67036706,0.6593494,0.670812,0.66902953,0.6735275,0.666383,0.665422,0.65512365,0.6694613,0.6575976,0.65933776,0.66402847,0.6549466,0.6583607,0.659329,0.66624576,0.6654643,0.6662414,0.6655209,0.6698937,0.657616,0.65800685,0.6723992,0.65785664,0.66328883,0.6659743,0.6597951,0.663648,0.6487597,0.6574409,0.6647995,0.6667869,0.6647846,0.6652033,0.6673034,0.66435033,0.6522469,0.6536841,0.6635294,0.6655655,0.6630191,0.6673693,0.65262383,0.6601537,0.6669574,0.66727555,0.65938723,0.67079663,0.6652678,0.6641032,0.66454893,0.65711075,0.65865326,0.6603969,0.655325,0.6518518,0.67232877,0.673885,0.6676817,0.6688002,0.6616373,0.66469866,0.6584945,0.6583225,0.6685652,0.6693387,0.6552486,0.6615396,0.65879476,0.6648586,0.66342163,0.65561324,0.6633498,0.66072613,0.66059697,0.661785,0.6579622,0.6651145,0.6655154,0.6697418,0.674113,0.6626581,0.65960217,0.66612154,0.66089237,0.6679798,0.6605405,0.6541892,0.6631985
0.66792405,0.65862304,0.6603595,0.6691964,0.6702539,0.6691791,0.6691458,0.6741084,0.66708976,0.6684701,0.6655944,0.6640343,0.6703537,0.66894686,0.67104465,0.66730404,0.6671344,0.66526014,0.6737181,0.66768944,0.6708822,0.66809535,0.66977566,0.66606265,0.6637305,0.6612775,0.67488694,0.66835266,0.66195875,0.66447675,0.6657992,0.6612472,0.66569626,0.66968703,0.6667973,0.66981184,0.6721239,0.6644939,0.6629444,0.6693349,0.66301584,0.66660064,0.66593164,0.6776727,0.66307086,0.6621176,0.66375184,0.66727036,0.6674981,0.6606746,0.66858053,0.66935277,0.65789515,0.6628577,0.66470426,0.659426,0.6656574,0.67700785,0.66653377,0.6696183,0.6677606,0.6619142,0.6709685,0.6688129,0.67024714,0.67057997,0.6774062,0.6687561,0.6645983,0.6632453,0.6728035,0.66427964,0.66633517,0.6680841,0.6605553,0.6646661,0.6714578,0.66950834,0.6655851,0.6633504,0.66752553,0.67030686,0.6641572,0.6670349,0.6613884,0.65655893,0.6662232,0.6697127,0.66904575,0.6660075,0.669305,0.6657052,0.6632064,0.6746894,0.6697688,0.66456014,0.6716799,0.67127043,0.6696151,0.668929,0.6572129,0.6593089,0.66651016,0.66413575,0.6681471,0.66651064,0.6675334,0.6658982,0.6709101,0.6672422,0.669248,0.6617728,0.66342545,0.6708891,0.6662994,0.670833,0.6646194,0.6699871,0.67299694,0.6626975,0.66616356,0.65854424,0.6649443,0.6629447,0.6662149,0.6692768,0.66178805,0.6709726,0.665275,0.66181964,0.6675486,0.66309375,0.6679028,0.6653817,0.66876984,0.66666436,0.66455185,0.66418225,0.6696341,0.67048967,0.6672855,0.6688138,0.67132276,0.669092,0.6662503,0.66516024,0.66295284,0.6688828,0.6662447,0.6688958,0.6657059,0.6648039,0.67066437,0.66778487,0.6662706,0.6657919,0.67109203,0.6610378,0.66534597,0.66532254,0.6662317,0.665422,0.67032486,0.66706413,0.66976345,0.6726425,0.65935266,0.6624863,0.66936773,0.65507126,0.67114764,0.6636061,0.6629065,0.6646629,0.66315883,0.66125065,0.6610549,0.6717737,0.65560406,0.6668698,0.6614878,0.66223884,0.6588115,0.66320896,0.67024446,0.66456366,0.67355245,0.6652264,0.6761283,0.67100906,0.67199856,0.661425,0.6683257,0.66496736,0.6713183,0.65792346,0.66451114,0.6695618,0.66276056,0.66382766,0.66792834,0.67023623,0.6624674,0.6747525,0.6651486,0.6692609,0.6680917,0.6608367,0.67124397,0.66473836,0.6689041,0.6666054,0.667118,0.67705184,0.66373676,0.670503,0.6681458,0.6657093,0.6699561,0.6684979,0.66178197,0.66731125,0.66011465,0.6707742,0.6675811,0.66799974,0.6670886,0.66456574,0.66462815,0.66896236,0.6672109,0.6630922,0.6758896,0.6695997,0.66868395,0.66018957,0.66617435,0.6589374,0.66655356,0.67072934,0.6622169,0.6659553,0.6626378,0.6674994,0.6605837,0.66466135,0.66604507,0.6678533,0.66469336,0.66617304,0.66042644,0.6630822,0.6723854,0.6725023,0.6756542,0.67078775,0.66517746,0.6623333,0.66255337,0.6711383,0.6788531,0.67381024,0.6678013,0.66534454,0.6710135,0.665352,0.6673188,0.66264486,0.6749901,0.66589934,0.6643261,0.66978437,0.6671015,0.6609021,0.6589671,0.6738172,0.6637702,0.67097783,0.6693623,0.67211014,0.6645533,0.67106736,0.6679073,0.67026436,0.67697155,0.6637598,0.6740829,0.6642274,0.662231,0.6719001,0.668292,0.66483015,0.66191435,0.6672685,0.667205,0.6702532,0.66853297,0.665045,0.6623195,0.6683415,0.6662848,0.6686674,0.6644679,0.6611857,0.6740813,0.67161757,0.66825265,0.66586035,0.67157,0.66804796,0.6660042,0.6659884,0.66879445,0.6643898,0.6665694,0.67168903,0.66168404,0.67074543,0.66759855,0.6724963,0.67338663,0.6729036,0.65408355,0.6703836,0.6630209,0.67116874,0.6720666,0.66790146,0.673494,0.6744676,0.66448283,0.66453826,0.666105,0.6661773,0.66692704,0.6601213,0.66119534,0.66666025,0.66327316,0.6648447,0.6720776,0.66675824,0.6577192,0.6746501,0.6650393,0.66481704,0.6641237,0.66874987,0.67072487,0.6628999,0.67001694,0.6638809,0.66743374,0.6677165,0.66887337,0.66498154,0.6598398,0.66393185,0.66520697,0.6690424,0.6570859,0.6691321,0.66936266,0.66801244,0.6673053,0.6744142,0.67376775,0.6582355,0.6716423,0.66915065,0.65891224,0.6652532,0.6646738,0.66990656,0.67091316,0.6699313,0.6661351,0.66933477,0.665697,0.66537976,0.66559976,0.6692405,0.66842896,0.6685965,0.6649202,0.65536845,0.6718899,0.6674628,0.66919786,0.66987354,0.66357046,0.66778487,0.6727596,0.67029506,0.6640701,0.66373694,0.66560507,0.6596594,0.67164296,0.66707456,0.67246634,0.6689969,0.66383106,0.66556853,0.6728496,0.6736679,0.6710887,0.66505486,0.6581535,0.65754634,0.66577053,0.6685609,0.67049277,0.66437227,0.67051923,0.66300845,0.6645793,0.66310084,0.6606971,0.6680728,0.6683448,0.66702384,0.6693289,0.6673531,0.66728693,0.66743904,0.6650711,0.66676265,0.6728664,0.6704487,0.6668663,0.6639069,0.6683481,0.6686371,0.6673233,0.67256564,0.6636027,0.6676357,0.65611047,0.66742575,0.6723126,0.6666925,0.66253066,0.6668298,0.66747737,0.6604316,0.66473365,0.6707826,0.66224605,0.67166764,0.65863895,0.6588214,0.6596468,0.6682564,0.6655685,0.66126806,0.6635981,0.6731141,0.66192555,0.6660471,0.66766876,0.6712467,0.66756207,0.67572296,0.66781557,0.67655325,0.66637707,0.6665754,0.6675019,0.6650666,0.66837555,0.67040956,0.66339046,0.66624254,0.6703305,0.6562609,0.66999644,0.67458117,0.6642734,0.65707755,0.66250247,0.6638643,0.65949136,0.6745324,0.67508394,0.65927994,0.66660535,0.6658781,0.66848636,0.66153824,0.66930485,0.6641701,0.6638172,0.6738183,0.6694337,0.6644502,0.6686055,0.66876686,0.66752124,0.6616059,0.66501784,0.6710373,0.6643468,0.66144925,0.6689236,0.67099804,0.6675681,0.66712534,0.66224456,0.6684367,0.6698288,0.6662128,0.66740674,0.6659843,0.667874,0.66620064,0.66512686,0.66870177,0.66272664,0.6634895,0.66300863,0.6641437,0.6642035,0.67266625,0.6627699,0.66250753,0.66531307,0.6664639,0.66992635,0.66755444,0.6646064,0.66203535,0.6700302,0.6697503,0.6741859,0.6715951,0.65380085,0.66088086,0.6703475,0.66778606,0.6666202,0.66477567,0.6675955,0.67021173,0.6633859,0.66251975,0.66902095,0.67371655,0.66928536,0.664807,0.66617155,0.6655612,0.67607164,0.6604275,0.66777533,0.66375285,0.660408,0.6599254,0.6737137,0.66960967,0.66265976,0.675442,0.6701091,0.6557929,0.6682672,0.6616645,0.67131764,0.6653529,0.6651192,0.67331916,0.65918297,0.6626431,0.65716946,0.66565907,0.6672487,0.66546136,0.66599137,0.6627103,0.6649104,0.6725029,0.65769666,0.667331,0.66888905,0.66669846,0.6629595,0.6692658,0.6685306,0.6646148,0.6625176,0.66791594,0.66369003,0.66924745,0.6671173,0.65931976,0.66734564,0.6602107,0.6583007,0.66726184,0.6651244,0.6553177,0.66460943,0.6688835,0.6640561,0.6687271,0.66705614,0.6632513,0.66849214,0.66590846,0.66928744,0.66452515,0.66278934,0.6647064,0.6622708,0.66261584,0.66480625,0.6664789,0.6687259,0.6630174,0.6694659,0.66803855,0.6672702,0.6619068,0.6626968,0.6666899,0.6740795,0.66637975,0.6618642,0.6649366,0.6668773,0.6615998,0.66094095,0.66266716,0.6598127,0.6603803,0.66761184,0.6759099,0.67116994,0.65865356,0.6614679,0.66950834,0.6698128,0.6621705,0.6653656,0.66366935,0.6637768,0.66552734,0.6715972,0.6620771,0.6630428,0.6752955,0.6670177,0.6653201,0.6694261,0.66661495,0.66854227,0.6717029,0.6717091,0.67688954,0.6642339,0.6570035,0.6653788,0.66613984,0.6687065,0.6621422,0.6721508,0.6668062,0.6660419,0.66446084,0.6677901,0.67201996,0.669046,0.6689288,0.6731493,0.6650903,0.65899104,0.6646469,0.6650837,0.6646762,0.66066605,0.67427695,0.66589814,0.66025895,0.668102,0.6694402,0.66636926,0.66825193,0.6641561,0.6654033,0.6682857,0.6649214,0.671672,0.6706721,0.671007,0.6664435,0.66924816,0.6619095,0.66486704,0.6590284,0.6667368,0.6646261,0.6607644,0.668154,0.6680456,0.66789925,0.6635432,0.664832,0.66536146,0.66736555,0.6707135,0.65925735,0.6630737,0.662229,0.6705471,0.6657181,0.65828586,0.6619845,0.66294116,0.66336256,0.6635006,0.66993177,0.6649563,0.66075194,0.67478687,0.6592321,0.670181,0.66258,0.66528374,0.66807497,0.66479754,0.67029095,0.668543,0.6671786,0.66853595,0.66965085,0.6687077,0.66447866,0.6619175,0.66744936,0.6610919,0.658095,0.6728921,0.66142356,0.67028606,0.6646835,0.66794884,0.6693338,0.66453284,0.66772753,0.66919106,0.65598303,0.6607345,0.6693782,0.66672873,0.6632162,0.66021883,0.67372686,0.6627443,0.6701985,0.66527885,0.67481464,0.66112643,0.6570137,0.66448927,0.66595554,0.65869385,0.66744584,0.67305964,0.66390187,0.65997785,0.6627775,0.66923803,0.66500306,0.66936046,0.66828,0.6641985,0.6638645,0.67269653,0.65995556,0.66368544,0.6585392,0.67124677,0.66932327,0.6659729,0.66540456,0.6616603,0.6575827,0.6653993,0.663323,0.6640984,0.6693102,0.66894794,0.6597705,0.67096615,0.66398364,0.6601339,0.6598917,0.6701106,0.67046386,0.66957533,0.66462755,0.6702637,0.6684402,0.6757424,0.66768944,0.6638594,0.66086996,0.6648307,0.6693275,0.6653282,0.6704825,0.67139477,0.66389275,0.6628897,0.6642874,0.6598052,0.6674211,0.6654598,0.6540223,0.6717585,0.6577766,0.6685035,0.6711525,0.6703142,0.6666675,0.66742414,0.6699738,0.6596315,0.6717575,0.66772974,0.659439,0.66854113,0.66197306,0.67042214,0.66447836,0.66648537,0.6647215,0.6707032,0.6634694,0.6650005,0.6591398,0.66588956,0.6668209,0.66964865,0.66972196,0.6611337,0.66532356,0.6712888,0.67516625,0.65648144,0.66187775,0.66925424,0.6682935,0.6673104,0.6672452,0.66567594,0.6666377,0.6679829,0.6578247,0.6684291,0.6638545,0.6634803,0.6673892,0.66827166,0.6669162,0.6624325,0.66542816,0.6687377,0.6657633,0.6704277,0.6609862,0.6624373,0.6730966,0.66640365,0.6704964,0.6706696,0.66280246,0.6707054,0.673685,0.67072636,0.6695975,0.66801876,0.67340547,0.6708202,0.6602786,0.670085,0.6671851,0.6715838,0.6755225,0.6702985,0.67266035,0.6651908,0.6701482,0.6626409,0.6692827,0.66699165,0.66977495,0.6683507,0.67174065,0.66970825,0.665489,0.6639333,0.66137,0.6702467,0.66818595,0.66372293,0.667299,0.65765554,0.6706868,0.6772915,0.67211604,0.6728428,0.66892827,0.66506016,0.6689971,0.6739271,0.66384524,0.6569248,0.67900574,0.6633157,0.671862,0.66307175,0.666045,0.6701301,0.6626915,0.6538191,0.6717707,0.6661803,0.66912574,0.6671619,0.66534257,0.671017,0.66367567,0.6608251,0.6614953,0.6689122,0.66280013,0.66000617,0.6683477,0.6670998,0.6629889,0.6682196,0.66929954,0.6712404,0.66630906,0.668943,0.66814584,0.6650216,0.66301227,0.6641839,0.6617903,0.6640857,0.663471,0.6710319,0.666223,0.66095626,0.6662514,0.67280823,0.6683163,0.6698344,0.66268104,0.67080903,0.6707224,0.6710874,0.6626373,0.6677412,0.6606174,0.66265404,0.67187995,0.67060375,0.6720262,0.66419774,0.6733882,0.665795,0.6626912,0.6662139,0.66075164,0.6694252,0.66542375,0.6657839,0.6639322,0.6742069,0.66668683,0.6657698,0.6664543,0.66418564,0.66570187,0.6730683,0.6754187,0.66287047,0.66770303,0.6639778,0.6686436,0.6688254,0.6710489,0.66876036,0.66209996,0.6617212,0.6644094,0.6682647,0.6637635
0.83117634,0.82691073,0.82583976,0.8349476,0.8302464,0.83347654,0.82492644,0.8334922,0.82852966,0.8293807,0.8316252,0.83415294,0.82215315,0.8252487,0.8371093,0.82987386,0.83574677,0.829576,0.8335645,0.8247975,0.8260692,0.8280495,0.8337102,0.83182454,0.82457614,0.8248695,0.82599187,0.82988566,0.83288234,0.8321964,0.83100873,0.8337566,0.82854813,0.82587826,0.8274862,0.8267777,0.8268629,0.8254227,0.824515,0.83374536,0.82495147,0.83119893,0.8319288,0.8296927,0.82411623,0.8310203,0.82621866,0.83014464,0.83131135,0.82435226,0.82210714,0.82324296,0.82910484,0.82883084,0.83241975,0.82393634,0.8165196,0.8341297,0.8260983,0.82091403,0.8330384,0.8377228,0.83324206,0.8358621,0.8315034,0.8341035,0.83038723,0.827195,0.83578724,0.82567763,0.8336353,0.82480425,0.8295909,0.8349083,0.82979655,0.83029103,0.83631337,0.82955503,0.8245087,0.82664293,0.8293718,0.8316255,0.82517,0.8295222,0.8359595,0.8211659,0.8319836,0.8320174,0.8297414,0.8283595,0.8331449,0.8286769,0.824683,0.8301548,0.8288137,0.8277455,0.83846414,0.8292412,0.8359626,0.83217543,0.82233495,0.8230015,0.8280373,0.8216055,0.82940686,0.8348248,0.8272849,0.8273262,0.8348871,0.8296797,0.8324684,0.83345884,0.8240663,0.83148223,0.82788646,0.828045,0.82375705,0.8281994,0.8302609,0.8258281,0.82870954,0.82486814,0.8290774,0.82732135,0.83898824,0.8269564,0.8240383,0.83210856,0.82951516,0.8260479,0.8176428,0.82675034,0.8286438,0.83548164,0.8249778,0.8323847,0.8313337,0.82513285,0.8319462,0.83647436,0.826492,0.83194035,0.82762164,0.82307565,0.82629997,0.8232559,0.8286003,0.8327413,0.8268395,0.83386284,0.8354732,0.82275057,0.8339367,0.83091915,0.8289893,0.831698,0.83339494,0.8274064,0.83140945,0.8323051,0.82483035,0.83288205,0.8372413,0.8333046,0.8308706,0.8341855,0.82782817,0.8265705,0.82770324,0.8256927,0.83366185,0.83037585,0.8231824,0.82818145,0.83105385,0.81924206,0.82129633,0.8256292,0.8253514,0.831083,0.82387364,0.82914394,0.8250103,0.8245955,0.829675,0.8327579,0.8296311,0.8289795,0.82486045,0.8356491,0.82533884,0.8255408,0.8270568,0.82961076,0.83514756,0.8231924,0.8243988,0.8268333,0.83594155,0.8238851,0.82301134,0.8295768,0.83271325,0.83522767,0.8270703,0.82593775,0.8351961,0.8295196,0.82102036,0.831884,0.82904965,0.8243858,0.8314449,0.8328979,0.8296781,0.8282104,0.8354965,0.82775396,0.8360957,0.8362925,0.8235428,0.82958555,0.8201667,0.82616484,0.83018035,0.83091164,0.8297926,0.82875615,0.8239235,0.82429063,0.825748,0.8272372,0.834279,0.83291006,0.83137393,0.8332134,0.81600124,0.8239634,0.8277915,0.82245487,0.8296605,0.8380794,0.827317,0.8254982,0.8290747,0.82159066,0.83055156,0.8294923,0.82617044,0.83107215,0.83058715,0.8199211,0.83507323,0.8303639,0.8276967,0.8324404,0.82408947,0.83029604,0.8235992,0.8358031,0.83563596,0.827824,0.83118856,0.82612956,0.83429796,0.82289356,0.83237225,0.82950383,0.8357937,0.8354075,0.8278576,0.83527535,0.839223,0.8267676,0.8214909,0.8289976,0.828803,0.832482,0.8320449,0.83004314,0.8263468,0.83144486,0.8340002,0.82819116,0.84028256,0.8255574,0.8315175,0.8302291,0.8266049,0.83382326,0.82914275,0.8287204,0.8226098,0.8286206,0.8335197,0.8376829,0.83210486,0.8319108,0.8298586,0.83315974,0.8237331,0.8329815,0.826972,0.8247832,0.82841665,0.83138335,0.8286219,0.8269112,0.82198,0.8358808,0.82472706,0.827214,0.83531946,0.83404857,0.8300358,0.82790434,0.82659173,0.82874286,0.8316929,0.83543575,0.8320089,0.8376162,0.83643657,0.8317343,0.82448506,0.8278691,0.8362411,0.8323679,0.8358303,0.8350491,0.8242573,0.82872957,0.8213006,0.8290677,0.8340572,0.8291802,0.82910234,0.8223717,0.8345987,0.82687086,0.83451176,0.8313438,0.82637537,0.8385165,0.83538616,0.8267302,0.82975894,0.8214565,0.824467,0.82717687,0.8197302,0.8293167,0.82657933,0.83031034,0.82867193,0.83057314,0.82476497,0.82363665,0.82473093,0.8250516,0.8268669,0.8275874,0.82659733,0.83398026,0.8331364,0.82552236,0.82978415,0.8302303,0.83616185,0.8324838,0.8229959,0.8238308,0.8277168,0.83092856,0.8267774,0.8267497,0.8291557,0.8267808,0.82510346,0.82771426,0.82637835,0.8335024,0.82696724,0.8284944,0.8249013,0.82784414,0.83140135,0.8290045,0.8344893,0.8168225,0.8296828,0.83232105,0.8283415,0.8294365,0.8373412,0.82609546,0.83112746,0.8234074,0.83050776,0.8273198,0.832766,0.82946056,0.83047247,0.8318694,0.8285215,0.83198047,0.8325658,0.8249647,0.82088953,0.82031494,0.83181614,0.8400987,0.8299936,0.82348543,0.8281348,0.83105946,0.8263681,0.8265363,0.82555044,0.8294282,0.8265616,0.8308305,0.8301683,0.8263269,0.8205674,0.82382214,0.8282659,0.8304812,0.83266747,0.83229506,0.83362234,0.8271671,0.83200496,0.83469194,0.8244396,0.8300211,0.82376057,0.83428353,0.82736725,0.82532835,0.8360045,0.8318242,0.8269033,0.82197696,0.8353033,0.8295925,0.82476205,0.8285864,0.82202774,0.82697415,0.8285272,0.82494086,0.82118976,0.8258025,0.8302582,0.82662797,0.82466376,0.8339494,0.8268238,0.82630444,0.83445054,0.83476245,0.82994264,0.83117014,0.8320061,0.8299424,0.81881285,0.8277814,0.83341527,0.8304408,0.8340091,0.82804805,0.8305497,0.8296814,0.83721364,0.82651424,0.83092177,0.8288246,0.8283391,0.8296763,0.8351169,0.82249516,0.8296419,0.8296339,0.82945603,0.8276525,0.83671016,0.8256374,0.83488935,0.8299697,0.83491915,0.8314734,0.8249764,0.831445,0.8287124,0.8265546,0.83137935,0.82869667,0.8296191,0.8275429,0.82598287,0.830588,0.8267395,0.8251655,0.8276256,0.8328966,0.82517964,0.8335803,0.8264256,0.8307391,0.83443356,0.82438934,0.8261825,0.83393705,0.82716143,0.83517706,0.83281654,0.83073866,0.8288029,0.834898,0.83032745,0.8284032,0.82307225,0.82777584,0.83387923,0.82232386,0.82915694,0.8286032,0.83342844,0.8306895,0.826002,0.82666147,0.8272789,0.82890993,0.83864015,0.83228236,0.8215864,0.8279752,0.8318495,0.83513474,0.8231305,0.83114785,0.831049,0.82569164,0.824054,0.83364636,0.82758904,0.8278545,0.8327916,0.8285566,0.83303016,0.82807446,0.8360142,0.83330417,0.8271384,0.8297374,0.8239323,0.8177411,0.8302305,0.8267108,0.8254636,0.8270222,0.832958,0.82416034,0.82966936,0.82845217,0.83152485,0.8254464,0.8280506,0.8339183,0.8314489,0.81894207,0.82853156,0.8260772,0.8325529,0.82855815,0.8298072,0.8250872,0.82689697,0.82814467,0.8259971,0.8198897,0.8351283,0.82692575,0.82952535,0.83227485,0.82465774,0.82445806,0.8282301,0.82846785,0.82801616,0.82983726,0.8356766,0.8232689,0.8290716,0.8301561,0.8312734,0.8353058,0.8338667,0.8148224,0.8324474,0.8230841,0.8323741,0.8315499,0.8332878,0.82851934,0.8309275,0.8251403,0.8302203,0.8326798,0.82719004,0.83119243,0.8234333,0.8334539,0.82973075,0.8298397,0.82868725,0.8195638,0.83738846,0.83352816,0.8315127,0.82805574,0.8187336,0.8276669,0.8279101,0.8249946,0.82772386,0.8364503,0.82767373,0.8237556,0.8342361,0.828946,0.8290771,0.8269688,0.8241004,0.83037484,0.82916677,0.8274629,0.8317905,0.8332892,0.83288497,0.8217172,0.82058185,0.82739645,0.816695,0.83135086,0.8231692,0.8295419,0.8255335,0.83402663,0.831056,0.8319771,0.8349489,0.82250273,0.8191281,0.831777,0.82589334,0.8345806,0.8210072,0.8227963,0.82782745,0.8347749,0.8325953,0.82544285,0.8296436,0.8326235,0.82780594,0.8325428,0.8247834,0.83257306,0.8259329,0.8295242,0.83138704,0.82235795,0.8324021,0.83455575,0.82570326,0.83451664,0.8330325,0.83248985,0.8324468,0.82544595,0.8304026,0.8306112,0.8273613,0.8301368,0.8249963,0.83014613,0.83801615,0.8280822,0.82532007,0.83375293,0.827653,0.83331317,0.8320482,0.8229019,0.8312468,0.8289206,0.8245544,0.8314237,0.82515216,0.83099174,0.8283022,0.83256525,0.83069944,0.8291682,0.8260849,0.8358983,0.8328577,0.82903105,0.83506894,0.8253412,0.827851,0.83399004,0.8315613,0.8262203,0.823912,0.8282771,0.8321079,0.8341863,0.83051604,0.8183465,0.83645165,0.8260093,0.8289377,0.8271948,0.8286602,0.83423793,0.83022636,0.83130205,0.82746965,0.83006865,0.832726,0.83325475,0.8283711,0.8205231,0.825397,0.8220189,0.8299316,0.83165616,0.83551955,0.829173,0.83097965,0.82371944,0.8224098,0.83357024,0.8310728,0.8304336,0.83184856,0.8269635,0.82771206,0.8310819,0.82586604,0.8270403,0.82297856,0.8312173,0.8289458,0.83448887,0.8316407,0.82858366,0.8175983,0.82814384,0.8316646,0.8366861,0.8287556,0.8277002,0.8304154,0.8256362,0.8259986,0.8345285,0.82849735,0.8283746,0.83564013,0.8367454,0.8264737,0.82760483,0.8322027,0.821174,0.827657,0.83377147,0.8283131,0.8334987,0.8310568,0.8246117,0.82604265,0.82010496,0.8240176,0.8308089,0.8351139,0.83703727,0.83062226,0.8349757,0.82956076,0.8358186,0.8309306,0.82281435,0.82942766,0.830436,0.8322581,0.8261605,0.82789296,0.8305946,0.81863225,0.83298534,0.82978773,0.8287713,0.831539,0.8280608,0.83487976,0.8259548,0.82635164,0.8326321,0.82713014,0.8292029,0.8265193,0.8318972,0.8307954,0.8222985,0.81944656,0.82490736,0.8266073,0.83425325,0.8304532,0.83193636,0.83407927,0.83134687,0.8324042,0.8341572,0.830204,0.8187041,0.8308522,0.8198118,0.8300618,0.8309696,0.83657885,0.8238503,0.8342029,0.82911396,0.82738656,0.8224696,0.83052653,0.8312638,0.833013,0.82147986,0.8345696,0.83134913,0.83248603,0.83585966,0.8238547,0.82717085,0.8254743,0.83291423,0.8277985,0.8235828,0.8242376,0.8305666,0.83020335,0.8270339,0.8276353,0.82716304,0.83074963,0.83444285,0.82919425,0.82994026,0.8298366,0.8214354,0.82434434,0.830853,0.8336355,0.83103865,0.8248008,0.83072114,0.8235347,0.83224577,0.8325229,0.8310313,0.8341271,0.8317834,0.83202773,0.82738596,0.8296939,0.83523667,0.83306855,0.81962156,0.8385416,0.82684326,0.8282914,0.83229077,0.82395154,0.8270402,0.82426107,0.82686687,0.83039296,0.8308874,0.8284682,0.83241314,0.8308064,0.8237403,0.83219373,0.82762396,0.83133686,0.82491136,0.82659316,0.83377594,0.8285171,0.82423234,0.8203065,0.83266526,0.83026165,0.8383722,0.8350119,0.8313513,0.83035165,0.83090895,0.83726776,0.8343214,0.8221799,0.83017385,0.8333551,0.8288568,0.82083064,0.8347425,0.8288805,0.8228055,0.823693,0.8308225,0.83344597,0.8302463,0.8341422,0.82661635,0.8253275,0.8313099,0.8248914,0.8330078,0.82980186,0.8319805,0.82368493,0.8287965,0.82976806,0.8165368,0.83025503,0.82307696,0.83086413,0.8311418,0.8262298,0.8326268,0.83422685,0.8272113,0.8257189,0.83361185,0.83764523,0.82666683,0.8240603,0.8367166,0.8259599,0.8223235,0.8321305,0.82540345,0.8274382,0.82690424,0.83178854,0.8301716,0.8302467,0.82072824,0.8247809,0.821103,0.82561034,0.83459157,0.83818865,0.8324001,0.8289116,0.83395755,0.8307569,0.8265846,0.8223426,0.82973796,0.8241726,0.82513815,0.8267583,0.82787853,0.8303902,0.82438904,0.8259861,0.8284972,0.83240175,0.83151335,0.82564974,0.835319,0.8273179,0.8346141,0.82980454,0.83977765,0.8333477,0.82485956,0.8293434,0.8265069,0.83328325,0.8297763,0.82934916,0.8339773
0.9262073,0.9311293,0.92313206,0.93279964,0.9306448,0.93486196,0.93009216,0.93485266,0.92453617,0.9332715,0.9309801,0.92803085,0.9308002,0.9274767,0.9341906,0.9328442,0.9344203,0.9312284,0.93311214,0.9381843,0.9271995,0.92948085,0.9364824,0.92955977,0.92841846,0.92843014,0.92897874,0.9290088,0.93064755,0.92732084,0.9355212,0.93363196,0.9305353,0.9320311,0.92942804,0.9364253,0.92756677,0.92873573,0.9307671,0.9329224,0.92810774,0.9316432,0.9285248,0.9292718,0.92659354,0.9329045,0.9289825,0.9214823,0.9346038,0.9300801,0.93009853,0.9284326,0.92520523,0.9275753,0.9315254,0.932361,0.923455,0.92681617,0.93356293,0.92025405,0.93264824,0.9290482,0.93709373,0.9349091,0.9250607,0.9297534,0.93252426,0.92780614,0.9283411,0.9308507,0.92672056,0.929769,0.93169636,0.93391484,0.9341387,0.92530155,0.9333045,0.9246505,0.9303804,0.92780983,0.92734516,0.9293708,0.9256878,0.93142986,0.9277974,0.9195465,0.92609286,0.9351887,0.9327226,0.92885053,0.93758845,0.93777925,0.9379231,0.92651254,0.93390083,0.9326313,0.93101054,0.94298065,0.9303243,0.93179196,0.92009497,0.9243597,0.93824977,0.93041813,0.93072194,0.93930095,0.9281286,0.9312511,0.93112445,0.928976,0.9339148,0.9271779,0.9274229,0.9357508,0.9311474,0.9300958,0.92824936,0.9280985,0.9276948,0.9219927,0.92773765,0.93236643,0.92573285,0.9327574,0.93650144,0.9254311,0.9322691,0.938235,0.9247418,0.927043,0.9217815,0.93232584,0.9279686,0.9257505,0.9268671,0.9264091,0.92978525,0.9258958,0.93111724,0.9349505,0.9280184,0.9257569,0.9312326,0.92945266,0.9280625,0.92461824,0.9284918,0.92837006,0.9302925,0.93327415,0.9297958,0.92833936,0.9321138,0.93344104,0.9338268,0.927393,0.9330455,0.9261843,0.9303507,0.9239168,0.9326336,0.93289036,0.9380402,0.9373471,0.9331451,0.92828274,0.9311157,0.92627627,0.9301007,0.93025875,0.9311028,0.92873013,0.9236356,0.9289672,0.9315079,0.92234915,0.92768484,0.93074197,0.93111455,0.93173265,0.9245927,0.92848146,0.93083894,0.9286342,0.9278643,0.92454094,0.9273316,0.9321001,0.93234706,0.9325486,0.9376842,0.93302584,0.92297447,0.929437,0.93076974,0.92487365,0.9227788,0.9304639,0.9294559,0.9293744,0.92852324,0.9295375,0.9309303,0.9303327,0.92759275,0.9323544,0.93721974,0.93177223,0.9388395,0.9296485,0.93064535,0.93735284,0.9318331,0.928135,0.92909473,0.93126976,0.9273657,0.92832375,0.93793726,0.93727404,0.9310125,0.92530704,0.93402773,0.9287921,0.936313,0.9252014,0.9230794,0.9295873,0.9307077,0.9294311,0.92230874,0.9288827,0.9277114,0.9331552,0.9302739,0.9328671,0.9240459,0.929657,0.9320866,0.9267529,0.93259573,0.93578476,0.93268067,0.9271984,0.9251906,0.9299624,0.9270744,0.926379,0.92315525,0.9287532,0.92728704,0.9247174,0.92858917,0.930184,0.9276552,0.94138753,0.9283593,0.91941524,0.9304903,0.9264599,0.9290983,0.9248189,0.93061167,0.9226576,0.931752,0.922519,0.9299549,0.9313966,0.9333295,0.93208146,0.9226078,0.9295224,0.9295434,0.92616755,0.92632425,0.9316906,0.9291884,0.9336081,0.9308774,0.92909104,0.9249593,0.9320894,0.92918587,0.9250652,0.93199337,0.92556816,0.92639995,0.92384696,0.9319807,0.9377173,0.9284263,0.93066496,0.9263216,0.934424,0.9287422,0.92836106,0.93988585,0.92882687,0.92640275,0.92790544,0.9282397,0.934697,0.9282585,0.9291644,0.93303394,0.9269751,0.936988,0.9294553,0.93306303,0.9336133,0.925351,0.92733485,0.9327743,0.9364286,0.92150754,0.9252715,0.9247349,0.93266994,0.9324803,0.93505603,0.9297908,0.9286512,0.9272581,0.9284014,0.9246358,0.9270842,0.9348218,0.9305211,0.93436074,0.92856276,0.9284893,0.93488735,0.9280366,0.9298614,0.9313041,0.92519206,0.9297319,0.9278184,0.93099374,0.9267063,0.93295765,0.9293475,0.93506396,0.9284518,0.9325569,0.93441266,0.93416715,0.9325222,0.92483664,0.9257591,0.93073183,0.92805046,0.9236256,0.9310568,0.9370393,0.92263407,0.9295196,0.92190385,0.92856216,0.9270681,0.9197979,0.9323232,0.9237465,0.92996645,0.9325235,0.93087727,0.92661756,0.9270025,0.9318682,0.92958087,0.93085325,0.9294142,0.9302363,0.93135095,0.93535924,0.928118,0.92861754,0.9286326,0.9267004,0.9299752,0.9237621,0.9348577,0.92596054,0.9263063,0.9260659,0.9262457,0.9382981,0.92972594,0.92686874,0.9242894,0.928231,0.92762965,0.93246883,0.9302938,0.92249435,0.93213576,0.9335948,0.92818385,0.93203616,0.9329388,0.92995924,0.9264177,0.9339842,0.92910796,0.9263923,0.92441505,0.9341098,0.93343014,0.928343,0.9262076,0.9350987,0.9284989,0.93521315,0.92689276,0.9329048,0.9208027,0.93243164,0.9279298,0.924541,0.93374133,0.9281225,0.9260911,0.92955035,0.92567724,0.92147034,0.9349453,0.9244759,0.92493325,0.93619984,0.92382467,0.93327314,0.92731017,0.9364171,0.9290861,0.9263467,0.9341841,0.9244412,0.9398539,0.9308734,0.9260706,0.9338318,0.9367598,0.9344454,0.9297753,0.92850214,0.9345385,0.9318739,0.924694,0.932353,0.9275486,0.93213105,0.9193517,0.9376273,0.9262451,0.9271753,0.9298975,0.92905635,0.9305109,0.9300463,0.93327034,0.93448985,0.92765534,0.9285576,0.9297603,0.9303749,0.9268508,0.92154825,0.9279426,0.9323922,0.9381409,0.93140215,0.92911065,0.92624056,0.9233386,0.9319918,0.9228344,0.9317199,0.92902166,0.92833525,0.92137766,0.9261484,0.93329287,0.93282425,0.9204646,0.93538505,0.9295658,0.92639637,0.9233339,0.9301163,0.93423396,0.9366733,0.93032855,0.93433106,0.92668223,0.929724,0.9281825,0.9313482,0.9286615,0.92463666,0.927084,0.9328943,0.9226162,0.9278459,0.93564945,0.92490184,0.92848575,0.9255796,0.93454635,0.9220977,0.92077017,0.9321621,0.92540115,0.92561287,0.93326074,0.932082,0.9231815,0.9279732,0.92248315,0.9233486,0.9357713,0.92112,0.9242067,0.92705363,0.92500436,0.9302341,0.92451614,0.93139136,0.93562615,0.9307962,0.93186545,0.92003614,0.92650706,0.92139524,0.93080217,0.93138945,0.9279013,0.9247499,0.9303825,0.9244988,0.9332805,0.92266005,0.9230698,0.92843,0.9245316,0.92274845,0.9254609,0.9393107,0.9320364,0.9332388,0.9315194,0.9260768,0.9286006,0.9373499,0.92364115,0.93586546,0.9272077,0.9303074,0.91760683,0.92611575,0.9296829,0.9226178,0.9296373,0.9299747,0.93118805,0.93543524,0.92871433,0.9305079,0.93130285,0.9292605,0.93196005,0.93095374,0.9337317,0.9242349,0.9383562,0.93071264,0.93114585,0.92680806,0.9230539,0.9324778,0.93765897,0.9284436,0.9288477,0.9329037,0.9269933,0.92784286,0.929203,0.92801297,0.930685,0.92471397,0.9297603,0.93140304,0.93438023,0.9293893,0.92903364,0.92934024,0.93325,0.93385583,0.9283098,0.93312347,0.9235294,0.927668,0.92610574,0.9190808,0.93184334,0.91909504,0.93555826,0.93111575,0.9212538,0.92676926,0.92986006,0.93515235,0.9269516,0.9250664,0.93273103,0.93564284,0.9313158,0.93450236,0.93040407,0.93214023,0.9374857,0.93000966,0.9313606,0.9328157,0.9312977,0.91931957,0.92745024,0.92877346,0.93379265,0.9296058,0.9192237,0.93367463,0.9325162,0.9246463,0.9292065,0.9288242,0.9315818,0.9387784,0.929989,0.9317403,0.9345598,0.93624043,0.92414385,0.9366451,0.9328108,0.9269484,0.9353241,0.9244421,0.9359147,0.932272,0.93114847,0.94258004,0.9252485,0.924666,0.93679065,0.9268191,0.9347093,0.9266407,0.92855823,0.93261796,0.92954147,0.9260277,0.93700737,0.9293821,0.92458534,0.92529726,0.936153,0.92931974,0.9321526,0.92877007,0.93581104,0.93190336,0.93501335,0.9240325,0.92692715,0.930598,0.9296326,0.9349651,0.92785615,0.92533076,0.9314311,0.92337173,0.9310955,0.9306169,0.9351518,0.93091613,0.9222648,0.92670447,0.9214953,0.9315005,0.9383207,0.92568356,0.9373169,0.9314087,0.9331869,0.93422157,0.93264467,0.9253382,0.9307226,0.92582357,0.9289782,0.9184729,0.93367255,0.9307822,0.93086386,0.9299413,0.9276998,0.92557216,0.9301065,0.9319329,0.9300717,0.9344537,0.92971337,0.9290218,0.9277486,0.9266341,0.9317103,0.92829597,0.92911327,0.926837,0.93371964,0.93275195,0.9191974,0.9234865,0.9274076,0.9256885,0.92762524,0.93184143,0.9219547,0.9335525,0.93732345,0.9305056,0.9257983,0.9261274,0.9317422,0.9264265,0.9328076,0.92896795,0.93112427,0.9253785,0.9329987,0.9287199,0.93483156,0.9284159,0.9173851,0.92568934,0.9297939,0.92381203,0.92963994,0.9306238,0.93973535,0.93006927,0.9300667,0.93246907,0.9325278,0.93055797,0.92762226,0.9276208,0.93234307,0.93023777,0.92809296,0.9254459,0.9288462,0.92299265,0.93503463,0.9225419,0.9368713,0.93387645,0.9340061,0.9246468,0.93423194,0.9310272,0.9245557,0.9284337,0.931123,0.92174524,0.93085,0.92063445,0.93057436,0.9319672,0.9294493,0.92791325,0.93117195,0.928936,0.92924434,0.93035185,0.9220338,0.92557764,0.9317065,0.92746824,0.9314593,0.93204695,0.92867273,0.92593515,0.93020207,0.935208,0.93053687,0.9365343,0.9300519,0.9286998,0.931757,0.9315899,0.925293,0.92281073,0.92367595,0.9350421,0.9302925,0.9335554,0.9300479,0.9264455,0.9322134,0.93163407,0.93220115,0.92340386,0.92522705,0.9247555,0.93168825,0.9284849,0.93205494,0.9263465,0.9288448,0.9291136,0.9309032,0.9311079,0.92751485,0.93599397,0.93012315,0.92508966,0.9409701,0.9281295,0.9253017,0.9336182,0.9302022,0.9280251,0.92462295,0.935417,0.9173067,0.9296347,0.9333593,0.9300041,0.9263738,0.92701185,0.92540425,0.93075025,0.92724705,0.9303557,0.9360851,0.93115515,0.9274749,0.9299122,0.9340914,0.92736566,0.9308335,0.92255735,0.9328089,0.93836105,0.9301767,0.9297682,0.93301755,0.9257991,0.92420506,0.93173736,0.9305355,0.92839265,0.9205549,0.92385936,0.92358893,0.9245405,0.93119514,0.9317205,0.93157303,0.93415093,0.92454684,0.93179625,0.92932564,0.92755175,0.93195856,0.92876977,0.9319895,0.93388015,0.93203944,0.92843467,0.9304884,0.93534786,0.9276985,0.9289084,0.9267513,0.93388927,0.9256659,0.93238884,0.923393,0.9281868,0.9250105,0.9331227,0.9332576,0.92668587,0.9273473,0.92764574,0.9352916,0.92536676,0.9325606,0.9283526,0.9304561,0.9309594,0.92884177,0.9267515,0.9349606,0.9303614,0.93215823,0.9284902,0.93361574,0.9305617,0.92796594,0.9293644,0.9279367,0.9247191,0.9343616,0.9282425,0.93081015,0.9301539,0.9314015,0.9302493,0.93373805,0.93760437,0.92552996,0.92745304,0.9291357,0.9324568,0.9274342,0.9276554,0.92696357,0.92954946,0.9317343,0.92925054,0.9256963,0.92729026,0.92523634,0.93127924,0.93292534,0.9275657,0.92530036,0.928038,0.9217014,0.92809147,0.9291124,0.9284971,0.92647845,0.92316955,0.9318316,0.93094224,0.9257843,0.93995404,0.9279106,0.93415666,0.9291117,0.9268317,0.92667216,0.935626,0.92248166,0.93097013,0.93393475,0.92891526,0.9359311,0.9252653,0.9276122,0.92636764,0.9269317,0.9232958,0.93496597,0.93621457,0.93126994,0.9298377,0.93424153,0.9257248,0.9247601,0.93155956,0.92924845,0.92564195,0.9293928,0.9270043,0.9296426,0.93317527,0.92064106,0.9259855,0.93079823,0.93468726,0.9224544,0.9294546,0.924285,0.9338631,0.93376654,0.9302329,0.9265351,0.9336339,0.9235736,0.93344295,0.92243457,0.93629795,0.9283659,0.9327044,0.9292423
0.67423385,0.6758795,0.6759481,0.67980295,0.6761351,0.68355364,0.6863376,0.6848762,0.67354053,0.68413925,0.6831794,0.67829496,0.6781335,0.6687416,0.6836701,0.681865,0.67754877,0.67352694,0.67638683,0.68368876,0.6798871,0.6732977,0.68438196,0.6761585,0.6784626,0.67103124,0.6704148,0.67286885,0.67335576,0.6763642,0.6756397,0.68292475,0.6804377,0.68705094,0.6868298,0.6799922,0.68392473,0.68031037,0.6776217,0.6836713,0.67619133,0.6763045,0.6801389,0.6716998,0.6777559,0.68088454,0.6851494,0.67514396,0.6767033,0.67832434,0.67642957,0.6728094,0.6767824,0.6837157,0.67554736,0.68327916,0.67719275,0.68251425,0.68226475,0.67983556,0.67455167,0.6730943,0.68560976,0.6813016,0.6856568,0.6861848,0.67689514,0.6791874,0.6802261,0.6799277,0.6777277,0.6758378,0.67762893,0.67963165,0.6831812,0.6794653,0.68291014,0.6750436,0.68704486,0.6769586,0.6779701,0.67677015,0.6824523,0.6787153,0.68426114,0.6748779,0.6717141,0.67905164,0.6809778,0.68199784,0.6843466,0.6779917,0.68485844,0.6790099,0.6846997,0.6836781,0.68201846,0.6827458,0.6814013,0.677797,0.67694867,0.67670894,0.69169486,0.67595476,0.68094915,0.68240523,0.68020135,0.67130274,0.68554735,0.6783608,0.68511856,0.6696636,0.6839855,0.68194616,0.67248756,0.6804589,0.67896795,0.67884517,0.6756248,0.6801718,0.67619884,0.67797995,0.67793775,0.6841317,0.6859172,0.6838087,0.6771281,0.6806817,0.6827171,0.6795649,0.6794142,0.6865475,0.67529684,0.6773553,0.6792603,0.682578,0.6821996,0.6738603,0.6812252,0.6870041,0.6733273,0.68126935,0.68345463,0.68290704,0.6774976,0.67526805,0.68440837,0.6755797,0.6751438,0.6848698,0.6746374,0.67480755,0.68125343,0.6827079,0.6851863,0.67508215,0.67604476,0.6729583,0.6752396,0.67721194,0.674107,0.68002605,0.68631405,0.6831264,0.6773048,0.6790179,0.6825594,0.6747252,0.6786088,0.6750244,0.67652476,0.67498,0.6777821,0.6745205,0.6854673,0.6771551,0.6760065,0.6830796,0.67041266,0.67731166,0.67227215,0.67948246,0.67581666,0.67217034,0.6752795,0.6748542,0.67762774,0.6872786,0.68170226,0.6780062,0.6842941,0.67392683,0.6815832,0.6818367,0.67715746,0.6835079,0.67106915,0.6880325,0.6824559,0.67339295,0.6789493,0.6797543,0.68074,0.67760086,0.6816919,0.68581396,0.6844671,0.6780602,0.6830456,0.6803337,0.6816885,0.68498915,0.6743376,0.6800457,0.6783744,0.6787921,0.68340737,0.67463446,0.68395245,0.6795206,0.6817617,0.67869973,0.68691385,0.67985517,0.6832462,0.67878175,0.6752194,0.6803427,0.67641866,0.68357307,0.6796353,0.67558604,0.68263954,0.6776287,0.67992246,0.6780705,0.673669,0.676532,0.6771988,0.6822167,0.678799,0.6762474,0.67532724,0.6785181,0.6766845,0.68279266,0.6775777,0.68239963,0.6708893,0.67634344,0.6709154,0.67577684,0.67317957,0.6764253,0.67723936,0.6825328,0.67585653,0.6737045,0.6779771,0.677602,0.6853106,0.684795,0.6828136,0.66837054,0.67412686,0.6810847,0.68963605,0.6791884,0.6895779,0.6826943,0.6744265,0.6839169,0.68287617,0.680519,0.6725918,0.67886287,0.67161465,0.6827225,0.6752034,0.6808531,0.6841687,0.68226856,0.68459666,0.6825102,0.67728865,0.6791818,0.6770936,0.67786366,0.6777263,0.6810339,0.6828023,0.681787,0.6838701,0.678737,0.6797087,0.67018014,0.6846265,0.67971486,0.6785652,0.6719036,0.67714256,0.67798483,0.67382556,0.678753,0.6812011,0.68028283,0.68094987,0.6813804,0.6825444,0.6819039,0.6804651,0.6792036,0.67696023,0.68133676,0.6788336,0.67185485,0.6748132,0.680338,0.6863666,0.68250334,0.6767158,0.68443036,0.6836732,0.67952013,0.67516285,0.67100424,0.6861392,0.6832551,0.68039,0.6844182,0.6790486,0.67346174,0.6792794,0.67899185,0.6815921,0.6746281,0.6780502,0.6723549,0.68154484,0.6835103,0.6837209,0.6821809,0.6781709,0.6765441,0.6811955,0.6764165,0.68900955,0.67467487,0.67641026,0.6741015,0.673819,0.6827829,0.69197214,0.67760974,0.6800667,0.6737911,0.6791944,0.6741941,0.6798574,0.68101895,0.6806989,0.6814792,0.67659783,0.67353517,0.680035,0.67410046,0.68158096,0.6780703,0.6790825,0.6827166,0.68165445,0.6777665,0.67724776,0.6804258,0.67892396,0.67997754,0.6781385,0.680701,0.678419,0.6759965,0.67730314,0.68594134,0.6747391,0.67157465,0.67096126,0.6746186,0.68777543,0.6750423,0.6748985,0.67844975,0.68486327,0.68184525,0.6832075,0.6766672,0.6811757,0.6779615,0.6816697,0.6771126,0.6850657,0.68101877,0.6855201,0.68210393,0.6824404,0.6748771,0.67883766,0.67988557,0.68132603,0.6718855,0.67251515,0.675158,0.67323744,0.6794524,0.6869093,0.67685646,0.676109,0.67916673,0.6878477,0.67934096,0.6788188,0.678974,0.68081933,0.67086655,0.6758047,0.68207914,0.6759732,0.67760384,0.6809013,0.6800398,0.677459,0.6761897,0.68004787,0.6824192,0.6855818,0.681875,0.67263865,0.6809442,0.67553854,0.687241,0.6789389,0.68049014,0.6852643,0.684079,0.67516845,0.6822606,0.6722846,0.67985326,0.68355966,0.67975706,0.6800496,0.68487287,0.68110096,0.6764086,0.6743569,0.67579895,0.6783134,0.67189777,0.68376404,0.67563397,0.67844665,0.676333,0.68409437,0.69068253,0.68275607,0.6839309,0.67235845,0.6727827,0.6828098,0.6781965,0.67960083,0.68528223,0.6776039,0.6772526,0.67624396,0.67481154,0.6811554,0.6829515,0.6817288,0.6822295,0.68394744,0.6803738,0.6780941,0.6735894,0.6821376,0.6736432,0.6762405,0.6805194,0.67930794,0.67259055,0.68042713,0.67765284,0.677433,0.68163913,0.6876474,0.6809258,0.6829079,0.684652,0.6798626,0.67759264,0.68548965,0.6820105,0.68164474,0.67147785,0.6767478,0.6774227,0.6742814,0.68157303,0.67582965,0.68072224,0.6748967,0.6762743,0.6845739,0.67938113,0.6758078,0.67884386,0.68153274,0.67872113,0.68842477,0.6772916,0.67527276,0.68684804,0.6807917,0.6743005,0.6810923,0.6777699,0.6850407,0.6724522,0.674888,0.67737955,0.6782971,0.67998123,0.67065233,0.67128986,0.6765963,0.68114555,0.6785261,0.68067294,0.66893286,0.67928874,0.6822855,0.681561,0.673701,0.68082184,0.6780717,0.68378943,0.6775695,0.6806689,0.68188804,0.6784764,0.6792458,0.6818318,0.6833135,0.67961466,0.67873526,0.68079585,0.683517,0.6725175,0.6796208,0.6733829,0.67708164,0.6694216,0.6777743,0.6837724,0.6800903,0.6776709,0.6822405,0.68044,0.6807808,0.6806368,0.6787026,0.67977285,0.68059677,0.6810511,0.6702753,0.6867437,0.68409336,0.67657954,0.67749274,0.6781375,0.6810432,0.68281436,0.6768407,0.68195766,0.6769385,0.67311996,0.6773802,0.68134016,0.6815979,0.670873,0.675331,0.67848706,0.6801411,0.6773484,0.6756548,0.67790043,0.6832534,0.68060964,0.68644255,0.676565,0.6793281,0.6767858,0.6753811,0.67855436,0.6767211,0.6775434,0.6776295,0.68402964,0.68447435,0.67898333,0.6737264,0.68057233,0.6775609,0.6765588,0.6752377,0.68129176,0.6747742,0.6791184,0.6781178,0.68347085,0.68410385,0.67792726,0.68682474,0.67627466,0.68206835,0.6773602,0.6723139,0.6805214,0.683694,0.6781485,0.6818057,0.67298454,0.67866874,0.6804871,0.6744439,0.6853731,0.6788815,0.6780669,0.6859769,0.68269277,0.680753,0.67864585,0.6884539,0.6819893,0.6787566,0.6824018,0.67715555,0.6816386,0.6772752,0.68189794,0.6853649,0.6701347,0.68243647,0.6695192,0.67715913,0.6796579,0.6758255,0.6796851,0.67837846,0.6795932,0.6798823,0.67637706,0.67625874,0.6850331,0.6785281,0.6794598,0.67858875,0.6854288,0.676767,0.6825148,0.67494726,0.6889853,0.6758804,0.68183,0.6770822,0.6812126,0.6754918,0.675489,0.68659693,0.6794863,0.68117505,0.67830586,0.68511724,0.68527216,0.6844721,0.68308204,0.68576956,0.6818486,0.67939365,0.6752321,0.6805082,0.68431634,0.6724668,0.68182886,0.6754471,0.68337625,0.68440723,0.68138224,0.6766101,0.6688125,0.6779747,0.6762611,0.668882,0.6812339,0.6780853,0.6800272,0.6816532,0.69115,0.67589253,0.6791519,0.682233,0.67852914,0.68148786,0.6806712,0.6753101,0.66717607,0.67840385,0.6828177,0.6759833,0.6829916,0.67499673,0.6816184,0.6783585,0.6757291,0.67479193,0.6762962,0.6768334,0.6813573,0.6808427,0.67675805,0.6788203,0.67675424,0.681818,0.6779628,0.67325675,0.68722415,0.6759227,0.68500304,0.68120235,0.6782333,0.6784003,0.68238527,0.68051827,0.67918366,0.6797211,0.67096037,0.68195224,0.67611974,0.67891157,0.66848624,0.6825178,0.6829737,0.6778673,0.6820804,0.6857303,0.6790727,0.682809,0.681936,0.67758286,0.681093,0.6749459,0.6763576,0.67638797,0.67776626,0.67405975,0.6821614,0.6681462,0.6828181,0.68348044,0.67950165,0.6718091,0.6796132,0.6742009,0.6711934,0.6754674,0.67883694,0.6752898,0.6833495,0.68337554,0.675282,0.67598957,0.67694753,0.6777456,0.68178964,0.67521757,0.6824533,0.6767416,0.6809783,0.67201054,0.68097776,0.679602,0.67860204,0.68131936,0.68073857,0.6790078,0.6775487,0.68074995,0.6749092,0.68646425,0.67871726,0.6850662,0.67723316,0.6759586,0.66861504,0.67686766,0.67895746,0.6830765,0.67758936,0.67769504,0.6773026,0.6723863,0.6833235,0.6831536,0.6851812,0.67039716,0.6764779,0.67579865,0.67492104,0.6808659,0.68168014,0.67857695,0.67644435,0.6753206,0.677439,0.68518597,0.6803113,0.6862196,0.678905,0.68143415,0.679831,0.6780589,0.6779868,0.6893452,0.6760789,0.6771846,0.6759706,0.6883951,0.6751728,0.67971414,0.68026114,0.6793724,0.6714673,0.68079525,0.6782301,0.6797265,0.6753983,0.6775539,0.6820943,0.67388135,0.6752811,0.6834448,0.6772962,0.67742944,0.68037206,0.6785801,0.6737673,0.6780957,0.6741301,0.6829969,0.67869943,0.68085665,0.6720552,0.6764269,0.68013644,0.683298,0.6768363,0.6785747,0.679212,0.67314756,0.6800961,0.6818648,0.681208,0.6743105,0.67591274,0.68271863,0.6741304,0.6776788,0.6817446,0.6793609,0.68017167,0.6836886,0.67405605,0.68343276,0.6834415,0.67900807,0.6733953,0.68608314,0.68182003,0.6840265,0.6784522,0.6794118,0.6774617,0.67621106,0.68324697,0.6761264,0.6833559,0.67205316,0.67855746,0.67952853,0.6798582,0.6824792,0.6823539,0.6781506,0.67849195,0.6811122,0.67348576,0.67138886,0.68450344,0.6794971,0.68065846,0.68120533,0.68655676,0.6826356,0.6807946,0.67732763,0.67797506,0.6775363,0.6851401,0.67585826,0.68748134,0.67647326,0.67897904,0.6788351,0.67711365,0.67970693,0.6808716,0.67537075,0.67974603,0.6838172,0.67375326,0.6789567,0.67465526,0.6755584,0.6780003,0.6770723,0.6703567,0.6810927,0.6745028,0.68046445,0.68268025,0.67880595,0.68029094,0.6750146,0.67691475,0.6781449,0.6788509,0.6746377,0.67777544,0.6701892,0.67711055,0.68217075,0.6714733,0.682334,0.68060577,0.6773086,0.68179905,0.67836297,0.67526793,0.6863702,0.67843133,0.6736381,0.679745,0.6813232,0.673803,0.6810008,0.6759068,0.68208396,0.6721871,0.6758364,0.68379277,0.6864332,0.6774006,0.6835412,0.6786251,0.68121415,0.67637455,0.68177056,0.6778522,0.67520654,0.67773527,0.68535256,0.6798319,0.68203145,0.6768571,0.68235546,0.67990816,0.68562686,0.6779092,0.67680305,0.6804543,0.6819268,0.68421036,0.68241715,0.6806075,0.68022907,0.6751286,0.6818942,0.68141603,0.676991,0.676746,0.67683506,0.6877958
0.0,0.0,0.0,0.0,0.0,0.0,0.0,0.0,0.0,0.0,0.0,0.0,0.0,0.0,0.0,0.0,0.0,0.0,0.0,0.0,0.0,0.0,0.0,0.0,0.0,0.0,0.0,0.0,0.0,0.0,0.0,0.0,0.0,0.0,0.0,0.0,0.0,0.0,0.0,0.0,0.0,0.0,0.0,0.0,0.0,0.0,0.0,0.0,0.0,0.0,0.0,0.0,0.0,0.0,0.0,0.0,0.0,0.0,0.0,0.0,0.0,0.0,0.0,0.0,0.0,0.0,0.0,0.0,0.0,0.0,0.0,0.0,0.0,0.0,0.0,0.0,0.0,0.0,0.0,0.0,0.0,0.0,0.0,0.0,0.0,0.0,0.0,0.0,0.0,0.0,0.0,0.0,0.0,0.0,0.0,0.0,0.0,0.0,0.0,0.0,0.0,0.0,0.0,0.0,0.0,0.0,0.0,0.0,0.0,0.0,0.0,0.0,0.0,0.0,0.0,0.0,0.0,0.0,0.0,0.0,0.0,0.0,0.0,0.0,0.0,0.0,0.0,0.0,0.0,0.0,0.0,0.0,0.0,0.0,0.0,0.0,0.0,0.0,0.0,0.0,0.0,0.0,0.0,0.0,0.0,0.0,0.0,0.0,0.0,0.0,0.0,0.0,0.0,0.0,0.0,0.0,0.0,0.0,0.0,0.0,0.0,0.0,0.0,0.0,0.0,0.0,0.0,0.0,0.0,0.0,0.0,0.0,0.0,0.0,0.0,0.0,0.0,0.0,0.0,0.0,0.0,0.0,0.0,0.0,0.0,0.0,0.0,0.0,0.0,0.0,0.0,0.0,0.0,0.0,0.0,0.0,0.0,0.0,0.0,0.0,0.0,0.0,0.0,0.0,0.0,0.0,0.0,0.0,0.0,0.0,0.0,0.0,0.0,0.0,0.0,0.0,0.0,0.0,0.0,0.0,0.0,0.0,0.0,0.0,0.0,0.0,0.0,0.0,0.0,0.0,0.0,0.0,0.0,0.0,0.0,0.0,0.0,0.0,0.0,0.0,0.0,0.0,0.0,0.0,0.0,0.0,0.0,0.0,0.0,0.0,0.0,0.0,0.0,0.0,0.0,0.0,0.0,0.0,0.0,0.0,0.0,0.0,0.0,0.0,0.0,0.0,0.0,0.0,0.0,0.0,0.0,0.0,0.0,0.0,0.0,0.0,0.0,0.0,0.0,0.0,0.0,0.0,0.0,0.0,0.0,0.0,0.0,0.0,0.0,0.0,0.0,0.0,0.0,0.0,0.0,0.0,0.0,0.0,0.0,0.0,0.0,0.0,0.0,0.0,0.0,0.0,0.0,0.0,0.0,0.0,0.0,0.0,0.0,0.0,0.0,0.0,0.0,0.0,0.0,0.0,0.0,0.0,0.0,0.0,0.0,0.0,0.0,0.0,0.0,0.0,0.0,0.0,0.0,0.0,0.0,0.0,0.0,0.0,0.0,0.0,0.0,0.0,0.0,0.0,0.0,0.0,0.0,0.0,0.0,0.0,0.0,0.0,0.0,0.0,0.0,0.0,0.0,0.0,0.0,0.0,0.0,0.0,0.0,0.0,0.0,0.0,0.0,0.0,0.0,0.0,0.0,0.0,0.0,0.0,0.0,0.0,0.0,0.0,0.0,0.0,0.0,0.0,0.0,0.0,0.0,0.0,0.0,0.0,0.0,0.0,0.0,0.0,0.0,0.0,0.0,0.0,0.0,0.0,0.0,0.0,0.0,0.0,0.0,0.0,0.0,0.0,0.0,0.0,0.0,0.0,0.0,0.0,0.0,0.0,0.0,0.0,0.0,0.0,0.0,0.0,0.0,0.0,0.0,0.0,0.0,0.0,0.0,0.0,0.0,0.0,0.0,0.0,0.0,0.0,0.0,0.0,0.0,0.0,0.0,0.0,0.0,0.0,0.0,0.0,0.0,0.0,0.0,0.0,0.0,0.0,0.0,0.0,0.0,0.0,0.0,0.0,0.0,0.0,0.0,0.0,0.0,0.0,0.0,0.0,0.0,0.0,0.0,0.0,0.0,0.0,0.0,0.0,0.0,0.0,0.0,0.0,0.0,0.0,0.0,0.0,0.0,0.0,0.0,0.0,0.0,0.0,0.0,0.0,0.0,0.0,0.0,0.0,0.0,0.0,0.0,0.0,0.0,0.0,0.0,0.0,0.0,0.0,0.0,0.0,0.0,0.0,0.0,0.0,0.0,0.0,0.0,0.0,0.0,0.0,0.0,0.0,0.0,0.0,0.0,0.0,0.0,0.0,0.0,0.0,0.0,0.0,0.0,0.0,0.0,0.0,0.0,0.0,0.0,0.0,0.0,0.0,0.0,0.0,0.0,0.0,0.0,0.0,0.0,0.0,0.0,0.0,0.0,0.0,0.0,0.0,0.0,0.0,0.0,0.0,0.0,0.0,0.0,0.0,0.0,0.0,0.0,0.0,0.0,0.0,0.0,0.0,0.0,0.0,0.0,0.0,0.0,0.0,0.0,0.0,0.0,0.0,0.0,0.0,0.0,0.0,0.0,0.0,0.0,0.0,0.0,0.0,0.0,0.0,0.0,0.0,0.0,0.0,0.0,0.0,0.0,0.0,0.0,0.0,0.0,0.0,0.0,0.0,0.0,0.0,0.0,0.0,0.0,0.0,0.0,0.0,0.0,0.0,0.0,0.0,0.0,0.0,0.0,0.0,0.0,0.0,0.0,0.0,0.0,0.0,0.0,0.0,0.0,0.0,0.0,0.0,0.0,0.0,0.0,0.0,0.0,0.0,0.0,0.0,0.0,0.0,0.0,0.0,0.0,0.0,0.0,0.0,0.0,0.0,0.0,0.0,0.0,0.0,0.0,0.0,0.0,0.0,0.0,0.0,0.0,0.0,0.0,0.0,0.0,0.0,0.0,0.0,0.0,0.0,0.0,0.0,0.0,0.0,0.0,0.0,0.0,0.0,0.0,0.0,0.0,0.0,0.0,0.0,0.0,0.0,0.0,0.0,0.0,0.0,0.0,0.0,0.0,0.0,0.0,0.0,0.0,0.0,0.0,0.0,0.0,0.0,0.0,0.0,0.0,0.0,0.0,0.0,0.0,0.0,0.0,0.0,0.0,0.0,0.0,0.0,0.0,0.0,0.0,0.0,0.0,0.0,0.0,0.0,0.0,0.0,0.0,0.0,0.0,0.0,0.0,0.0,0.0,0.0,0.0,0.0,0.0,0.0,0.0,0.0,0.0,0.0,0.0,0.0,0.0,0.0,0.0,0.0,0.0,0.0,0.0,0.0,0.0,0.0,0.0,0.0,0.0,0.0,0.0,0.0,0.0,0.0,0.0,0.0,0.0,0.0,0.0,0.0,0.0,0.0,0.0,0.0,0.0,0.0,0.0,0.0,0.0,0.0,0.0,0.0,0.0,0.0,0.0,0.0,0.0,0.0,0.0,0.0,0.0,0.0,0.0,0.0,0.0,0.0,0.0,0.0,0.0,0.0,0.0,0.0,0.0,0.0,0.0,0.0,0.0,0.0,0.0,0.0,0.0,0.0,0.0,0.0,0.0,0.0,0.0,0.0,0.0,0.0,0.0,0.0,0.0,0.0,0.0,0.0,0.0,0.0,0.0,0.0,0.0,0.0,0.0,0.0,0.0,0.0,0.0,0.0,0.0,0.0,0.0,0.0,0.0,0.0,0.0,0.0,0.0,0.0,0.0,0.0,0.0,0.0,0.0,0.0,0.0,0.0,0.0,0.0,0.0,0.0,0.0,0.0,0.0,0.0,0.0,0.0,0.0,0.0,0.0,0.0,0.0,0.0,0.0,0.0,0.0,0.0,0.0,0.0,0.0,0.0,0.0,0.0,0.0,0.0,0.0,0.0,0.0,0.0,0.0,0.0,0.0,0.0,0.0,0.0,0.0,0.0,0.0,0.0,0.0,0.0,0.0,0.0,0.0,0.0,0.0,0.0,0.0,0.0,0.0,0.0,0.0,0.0,0.0,0.0,0.0,0.0,0.0,0.0,0.0,0.0,0.0,0.0,0.0,0.0,0.0,0.0,0.0,0.0,0.0,0.0,0.0,0.0,0.0,0.0,0.0,0.0,0.0,0.0,0.0,0.0,0.0,0.0,0.0,0.0,0.0,0.0,0.0,0.0,0.0,0.0,0.0,0.0,0.0,0.0,0.0,0.0,0.0,0.0,0.0,0.0,0.0,0.0,0.0,0.0,0.0,0.0,0.0,0.0,0.0,0.0,0.0,0.0,0.0,0.0,0.0,0.0,0.0,0.0,0.0,0.0,0.0,0.0,0.0,0.0,0.0,0.0,0.0,0.0,0.0,0.0,0.0,0.0,0.0,0.0,0.0,0.0,0.0,0.0,0.0,0.0,0.0,0.0,0.0,0.0
1.1439168,1.1465597,1.146472,1.1536293,1.1482028,1.1554065,1.1498132,1.1488894,1.1482588,1.1538438,1.1529727,1.1480533,1.1502041,1.144665,1.15172,1.1500949,1.1498237,1.1471769,1.1501789,1.1541413,1.1559738,1.1462713,1.1535413,1.1530364,1.1480829,1.1486901,1.146235,1.1446677,1.1471341,1.1466143,1.1534876,1.1564027,1.1454378,1.1490622,1.1522937,1.1504289,1.1526084,1.1498078,1.1504229,1.1564395,1.1493808,1.1479671,1.1533573,1.1512145,1.148103,1.1503456,1.1555738,1.1430862,1.1474525,1.1520889,1.1425672,1.1530606,1.1509122,1.1521665,1.1477818,1.1518328,1.1475097,1.149398,1.1497487,1.1466277,1.1458955,1.146226,1.1572151,1.1491976,1.1485193,1.1508204,1.1519141,1.1469177,1.150363,1.1526778,1.1471232,1.1481422,1.1498998,1.1476651,1.1545967,1.1452888,1.1557997,1.1428729,1.1494871,1.1523901,1.1535192,1.1541425,1.1499326,1.1489618,1.1497451,1.1476054,1.1455821,1.1483114,1.1500262,1.1516739,1.1515911,1.1515635,1.1490595,1.1474055,1.1469297,1.1527368,1.1466929,1.1511663,1.1543059,1.1506999,1.1485314,1.145445,1.1525265,1.1438738,1.1530185,1.1510925,1.1482855,1.1482997,1.151356,1.1462857,1.150032,1.1446275,1.1491748,1.1510009,1.1453685,1.1515706,1.1468273,1.1493585,1.149846,1.1430885,1.1523747,1.1516477,1.1427411,1.1521599,1.1513947,1.149218,1.1529671,1.1530043,1.1523819,1.1483623,1.1481591,1.1479617,1.1433854,1.1449064,1.1491102,1.1490221,1.1526792,1.1434299,1.1502377,1.1535456,1.1495117,1.1466625,1.1542794,1.1497363,1.1542903,1.1410801,1.1475959,1.1396352,1.1458713,1.1559024,1.147503,1.1458308,1.1551588,1.1513517,1.1538355,1.1529969,1.1503512,1.1460407,1.148263,1.1533102,1.1493404,1.1476738,1.1530062,1.1577859,1.1477594,1.1516472,1.1533861,1.1503075,1.1476607,1.1469115,1.1556165,1.145636,1.14545,1.1489986,1.1562525,1.1517376,1.1492182,1.1447825,1.1449555,1.1540557,1.1424098,1.1511313,1.1495382,1.1426799,1.1460292,1.1573524,1.1456553,1.1522664,1.146876,1.1499938,1.154234,1.1500156,1.1495398,1.153348,1.1526598,1.1453457,1.1470321,1.1513617,1.1523011,1.1440728,1.1495341,1.1460601,1.1501836,1.1491271,1.1491013,1.1481628,1.1495992,1.1482251,1.146708,1.1508912,1.1509658,1.1511713,1.1477762,1.1457833,1.1462845,1.153506,1.1553879,1.1460085,1.1504948,1.1487074,1.1461328,1.1492617,1.151278,1.1502651,1.1518209,1.14437,1.1411465,1.1486617,1.1427985,1.1474954,1.1498991,1.1484038,1.1536961,1.1477563,1.1549652,1.1473521,1.147687,1.1505654,1.1528513,1.1465516,1.1493386,1.1520803,1.1416675,1.1475585,1.1495932,1.1550307,1.1522912,1.1461258,1.1457758,1.1488441,1.1459192,1.1461978,1.1515042,1.1537484,1.1466844,1.1522727,1.1432459,1.1472459,1.150419,1.1512822,1.1501018,1.1514032,1.148605,1.1397917,1.1500685,1.1499592,1.148643,1.1450658,1.149614,1.1532987,1.1479486,1.1563467,1.1487558,1.1464432,1.1456167,1.1550109,1.1483551,1.143391,1.1492857,1.1480511,1.1535684,1.1497855,1.1530766,1.1538409,1.1477145,1.1491308,1.1451731,1.1453897,1.1528442,1.1460192,1.1507336,1.1456151,1.142527,1.1455588,1.1512264,1.1470093,1.1545892,1.1524869,1.1455365,1.1477613,1.1465703,1.1489007,1.1449299,1.1488365,1.1528292,1.1533797,1.1534796,1.1518918,1.1551069,1.1553535,1.144885,1.1460117,1.1500967,1.149522,1.1465735,1.1450123,1.1427045,1.1449318,1.1552012,1.1478171,1.1545877,1.1506908,1.1484768,1.1489617,1.1489438,1.1451746,1.1521327,1.1551889,1.1536708,1.1539464,1.146007,1.1460687,1.1490809,1.14514,1.1463062,1.1425908,1.1491963,1.1437393,1.1510547,1.1493458,1.1524522,1.149377,1.1502751,1.1542257,1.1523669,1.1483872,1.1558855,1.1519067,1.1536916,1.1441683,1.1437438,1.1510881,1.1526744,1.1490004,1.1530403,1.1473758,1.1518373,1.1495235,1.1542689,1.1552008,1.1509026,1.1496078,1.1463292,1.1469346,1.1487924,1.1515521,1.1477765,1.1499163,1.1460528,1.1559997,1.1521288,1.1427956,1.1485652,1.1469636,1.1478636,1.1512214,1.1449604,1.1490232,1.1473056,1.1474684,1.1549531,1.1545753,1.1508632,1.1437707,1.1421338,1.1471744,1.1559249,1.1522639,1.1470546,1.146889,1.1514246,1.1469126,1.1511508,1.1480321,1.1503671,1.14621,1.1558706,1.1505822,1.153944,1.1511464,1.1542553,1.1475639,1.1510572,1.1522938,1.1466457,1.1504544,1.1520994,1.1535703,1.1484698,1.1509337,1.1488044,1.1481061,1.1509557,1.1534275,1.1459224,1.1481123,1.1572126,1.1478932,1.1500388,1.1517496,1.1487367,1.1499617,1.1511421,1.1485068,1.1504769,1.1483094,1.1490464,1.1462147,1.1544479,1.1415547,1.1539453,1.1524217,1.1554819,1.1488304,1.1477364,1.1559622,1.1450481,1.150355,1.1462069,1.1474203,1.158006,1.1537765,1.1497383,1.1494604,1.1444465,1.1493292,1.1493165,1.1541904,1.1465474,1.151367,1.152313,1.1484298,1.1471393,1.1477984,1.151204,1.1446978,1.1493262,1.1481016,1.1534363,1.1497809,1.1537718,1.154577,1.1508032,1.1495104,1.1543891,1.1482619,1.1469276,1.145473,1.148839,1.1523709,1.1468878,1.1451391,1.1531246,1.1465467,1.1464753,1.1540838,1.1491749,1.150628,1.1495421,1.1509655,1.1452942,1.1497201,1.1473241,1.1470075,1.1531528,1.1421145,1.1458801,1.1420889,1.1502923,1.146722,1.1494985,1.1501589,1.1501222,1.147631,1.14813,1.1502053,1.1486537,1.1527523,1.1499299,1.1456547,1.1554931,1.1442878,1.1484597,1.1521026,1.1483661,1.1531186,1.1485231,1.1494622,1.1485031,1.143926,1.151947,1.1482549,1.1501473,1.147412,1.1472163,1.1499134,1.1504349,1.1514492,1.1493555,1.1575185,1.153414,1.145795,1.1537371,1.1466159,1.1536839,1.1495442,1.1461837,1.1502709,1.152379,1.1510851,1.145545,1.1446598,1.1477399,1.1495416,1.1488645,1.1529073,1.1461555,1.1505932,1.1448717,1.15617,1.1434194,1.1497742,1.1423029,1.1530601,1.1471417,1.1443514,1.1504673,1.1498023,1.1589003,1.1529388,1.1557199,1.148995,1.1551859,1.1515119,1.1535256,1.1455545,1.1487607,1.1434947,1.1502166,1.1503251,1.148963,1.1501114,1.1546042,1.1442864,1.1517919,1.1432269,1.1508565,1.1472961,1.1512843,1.1513588,1.149367,1.1487246,1.1462424,1.1578232,1.1536697,1.1484046,1.1568644,1.1483685,1.1505728,1.1537019,1.1528059,1.147238,1.155184,1.1518952,1.1494141,1.1537297,1.1547749,1.1471823,1.1482453,1.1551098,1.1524913,1.1558203,1.1507484,1.1491212,1.1506456,1.1525356,1.1513419,1.1506083,1.1482255,1.1493915,1.1423458,1.1472088,1.1437795,1.151608,1.1481186,1.1537721,1.1462094,1.1485131,1.1446339,1.1475314,1.1470591,1.1445323,1.147426,1.1490943,1.1412992,1.1502444,1.1480582,1.1497386,1.1497492,1.1521933,1.1513001,1.152287,1.1469986,1.1472503,1.1504852,1.1501371,1.1465315,1.1484225,1.1491721,1.1451762,1.1515279,1.1510209,1.1497753,1.1516982,1.1481564,1.1507895,1.1534547,1.1495074,1.1548071,1.1527022,1.1500204,1.150535,1.1472579,1.1590462,1.1465681,1.1483939,1.1461014,1.1413108,1.1559619,1.1496123,1.1491436,1.1472609,1.1494317,1.1546122,1.1419313,1.1488472,1.1467503,1.1442742,1.1556025,1.1524692,1.14826,1.1521183,1.144027,1.1507171,1.1443927,1.1552641,1.1530929,1.1481588,1.1459311,1.1573063,1.1502295,1.1575098,1.1444468,1.1490752,1.1454132,1.1533024,1.1504086,1.1472718,1.1517836,1.1501664,1.1534504,1.1495485,1.1480782,1.1584889,1.1552653,1.1503736,1.1465075,1.1590848,1.1509527,1.1515392,1.1443044,1.14738,1.1450021,1.1497618,1.1516297,1.1467714,1.1412905,1.1483542,1.1474464,1.1471866,1.1402898,1.1540362,1.1509749,1.154118,1.1517811,1.1497631,1.1471384,1.1505,1.1529577,1.1533568,1.1530594,1.156906,1.1452583,1.1467106,1.147031,1.1527141,1.1484076,1.1471194,1.1463778,1.1497111,1.1519096,1.1460832,1.1491435,1.1464013,1.1379818,1.1562113,1.1507492,1.1454943,1.1459377,1.1488869,1.1535853,1.1470387,1.1444672,1.1556088,1.1438314,1.1447234,1.1462901,1.1489483,1.14558,1.1522291,1.1490915,1.1494018,1.1411965,1.149226,1.1526635,1.144376,1.1530333,1.1404546,1.153228,1.1526589,1.1484379,1.1480958,1.1550785,1.1455493,1.1527315,1.1468729,1.1492163,1.1522719,1.1478319,1.1536603,1.1471187,1.1488549,1.1433164,1.1526854,1.1498089,1.1569514,1.1496183,1.149131,1.1437163,1.1495217,1.1468731,1.1435882,1.1454399,1.1471006,1.1489899,1.1501778,1.1458226,1.1448494,1.1497029,1.1468521,1.1462872,1.1472421,1.1429734,1.1518782,1.1506582,1.1455936,1.1428978,1.1477665,1.1473434,1.1474118,1.1507869,1.1495607,1.144447,1.150775,1.1509559,1.1517497,1.1532022,1.1470218,1.1541893,1.1470237,1.1573416,1.1409909,1.1497297,1.1426445,1.1486425,1.1469785,1.1575534,1.1494089,1.1476929,1.1508679,1.1476676,1.148012,1.1484194,1.1467705,1.1450256,1.151702,1.1529882,1.1490421,1.148563,1.1454439,1.1477563,1.1528364,1.152219,1.1419219,1.1498702,1.1465989,1.1499035,1.1538033,1.1493173,1.1468987,1.152389,1.1498029,1.1444918,1.1458524,1.1521728,1.152312,1.1455078,1.1545593,1.1535414,1.1470807,1.1489253,1.1446638,1.1504049,1.1431105,1.1497004,1.1529098,1.150649,1.1475247,1.1424204,1.1474143,1.1474084,1.1501479,1.1513203,1.1456337,1.1463295,1.14942,1.1452203,1.1490518,1.1489507,1.1451894,1.1510689,1.1518333,1.1483918,1.1484815,1.1458719,1.147517,1.1474719,1.1529937,1.1511852,1.1552446,1.1472943,1.1432791,1.1524241,1.1474166,1.1511736,1.1477115,1.1444135,1.149727,1.1510208,1.1477878,1.1471701,1.1459161,1.151397,1.1461173,1.1504842,1.1488345,1.151857,1.1501546,1.1465855,1.1529677,1.149818,1.1489714,1.143985,1.1573344,1.1514994,1.1482764,1.1486045,1.1493213,1.1511958,1.1489986,1.1527141,1.1526643,1.151856,1.1494564,1.1475915,1.1527805,1.1511222,1.1496114,1.1479789,1.1540041,1.1499468,1.151815,1.1470429,1.1523758,1.1505642,1.15128,1.1517296,1.1535363,1.1509058,1.1508961,1.1453485,1.1510663,1.151233,1.1514324,1.151771,1.1525254,1.1570442,1.1456047,1.1493696,1.1382359,1.149786,1.1451161,1.1472962,1.14802,1.1503774,1.1472217,1.1474729,1.1499919,1.1495384,1.1503831,1.1532574,1.1490711,1.1468174,1.1503036,1.1468813,1.1439509,1.1430501,1.1448759,1.1505048,1.1500111,1.1505266,1.1491282,1.1481502,1.1580923,1.1480273,1.1463256,1.1531796,1.1489003,1.1494462,1.1520902,1.1518443,1.1479697,1.1460325,1.1511235,1.1498679,1.1475736,1.1458254,1.1530125,1.1511477,1.1501065,1.1541556,1.14802,1.1490567,1.1473233,1.1500837,1.1506222,1.1512423,1.146475,1.151908,1.1426307,1.1508429,1.1461769,1.1512097,1.1523097,1.1560028,1.1481348,1.1486881,1.1534555,1.1524383,1.1527449,1.1528374,1.149464,1.1512266,1.1417761,1.155478,1.1410818,1.1537107,1.1440396,1.1485925,1.1471509
1.071157,1.0693877,1.0698858,1.0750661,1.0683742,1.0715855,1.0641587,1.0748675,1.0725188,1.0695934,1.0759681,1.0675479,1.0670955,1.0732,1.0735688,1.0702018,1.0704579,1.0684927,1.0839428,1.0735837,1.0738074,1.0671222,1.0783427,1.0759617,1.0740498,1.0763499,1.0742089,1.0652875,1.0798947,1.0689328,1.0748606,1.0655111,1.0682316,1.0705892,1.0725946,1.0702461,1.0721651,1.0663849,1.0646398,1.0710721,1.0754519,1.06884,1.0682511,1.0762476,1.0705853,1.0747615,1.066622,1.0681733,1.0728157,1.0722415,1.0666566,1.0775629,1.0728408,1.0689822,1.0714178,1.0735097,1.0688567,1.0702308,1.071477,1.0620519,1.072413,1.0605302,1.0758438,1.075812,1.0620376,1.0624769,1.0765623,1.0725083,1.0700262,1.0778383,1.0679492,1.0737255,1.0720053,1.0689914,1.0736792,1.0731667,1.0735368,1.0615003,1.0752131,1.0776851,1.0699062,1.075393,1.0710628,1.0746472,1.0703056,1.0698553,1.0713748,1.0765634,1.0646003,1.0727421,1.0703017,1.0742408,1.0753942,1.0670145,1.0699855,1.0704498,1.074406,1.076681,1.076333,1.0590408,1.0708376,1.074975,1.0771481,1.0747985,1.0762315,1.0743299,1.0688514,1.076077,1.0699837,1.0757439,1.0728048,1.0696118,1.0734872,1.0772485,1.0737866,1.0704315,1.0697844,1.0665334,1.0726861,1.0647763,1.0691944,1.0757873,1.0714515,1.0791453,1.0726875,1.070743,1.0747713,1.0822777,1.0694224,1.0680617,1.0600353,1.0737624,1.0750755,1.0644623,1.0725594,1.0683945,1.072926,1.0663842,1.074632,1.0791184,1.067929,1.0694498,1.0722456,1.0702891,1.070964,1.0654275,1.0707294,1.0730252,1.070722,1.0783119,1.0655469,1.0753078,1.0822018,1.0682365,1.0786662,1.0740043,1.075188,1.0665734,1.0708232,1.0672585,1.080354,1.0711608,1.0780997,1.0682747,1.0709504,1.073072,1.0714047,1.0714054,1.0685847,1.0718042,1.0742671,1.0696107,1.0679871,1.0675157,1.0725005,1.0754476,1.0749183,1.0677294,1.0734482,1.0744294,1.0711312,1.0687788,1.079853,1.0748802,1.0695417,1.0711997,1.0679257,1.0713338,1.0754862,1.0695441,1.0770677,1.0825523,1.0662383,1.0704159,1.0751303,1.0662816,1.0637054,1.0725753,1.0705247,1.0741565,1.0699295,1.0716853,1.0800769,1.0710377,1.0683906,1.0658534,1.0733379,1.0717059,1.0736647,1.0682707,1.0722934,1.0719142,1.0693382,1.0722139,1.0710138,1.0763463,1.0740325,1.0661833,1.0751711,1.0703473,1.0718834,1.0666338,1.0718254,1.0756814,1.0739079,1.0723523,1.0638503,1.0675538,1.07176,1.0722618,1.067795,1.0648843,1.0710964,1.074679,1.0734677,1.0711699,1.0776805,1.0758989,1.0717542,1.0683259,1.0741432,1.0700349,1.0727788,1.065948,1.0648435,1.0851942,1.0656077,1.0692314,1.0736284,1.0683944,1.0669947,1.0661457,1.0725281,1.0774113,1.067638,1.0755217,1.077003,1.0714784,1.0658726,1.0704961,1.0631195,1.0741531,1.0744596,1.0685076,1.0740747,1.0731462,1.0716922,1.0726446,1.0715779,1.075311,1.0649375,1.0726401,1.0701691,1.0633148,1.0709157,1.0766743,1.068935,1.0698712,1.0664026,1.0741813,1.0705827,1.0680258,1.071301,1.0757501,1.0737872,1.0660651,1.0746924,1.0722691,1.0724186,1.0716765,1.0687755,1.0727019,1.0685257,1.0766732,1.0690625,1.0806153,1.079016,1.0740131,1.0656393,1.0712888,1.0646368,1.0686044,1.0656472,1.0758828,1.0683726,1.0719044,1.0758877,1.077265,1.068868,1.0787684,1.0652374,1.0715415,1.0770469,1.0738968,1.0729269,1.0664978,1.068261,1.0774794,1.0636724,1.076715,1.0772247,1.0710735,1.0718102,1.0618377,1.0729692,1.0677675,1.0684266,1.0694821,1.0749255,1.0750684,1.0689903,1.0723283,1.0677539,1.0701629,1.0666689,1.0650965,1.0679234,1.067902,1.0652174,1.0694441,1.0746264,1.0782899,1.0674572,1.0608913,1.0751563,1.0739777,1.0719607,1.0727106,1.0769656,1.0711439,1.0736673,1.0711173,1.0743736,1.0660647,1.0778747,1.0676875,1.0718194,1.0666983,1.0798975,1.0644621,1.0697911,1.0758907,1.067373,1.072185,1.0610359,1.0719482,1.0679636,1.0720963,1.0672404,1.0674148,1.0768218,1.0690999,1.0712609,1.0731629,1.0782368,1.0628686,1.0702758,1.0667719,1.0719944,1.0719675,1.0728724,1.0713834,1.0681696,1.0655383,1.0732865,1.0678815,1.0790135,1.067798,1.0745139,1.0638807,1.0640004,1.068595,1.0666678,1.0755559,1.0714257,1.076876,1.0733567,1.0769421,1.0749085,1.0719298,1.0706903,1.0687064,1.0764607,1.067494,1.0744944,1.064835,1.071252,1.0667632,1.0756158,1.0718144,1.0788244,1.0665808,1.0696805,1.0644813,1.0685163,1.0712483,1.0704682,1.068732,1.0745788,1.0756993,1.0690064,1.0710377,1.078733,1.0732707,1.068281,1.0767645,1.0678498,1.0737625,1.0680982,1.062834,1.0744244,1.0704849,1.0695729,1.067026,1.0701824,1.0678452,1.0672822,1.0702484,1.0676465,1.0695292,1.0706596,1.0754881,1.0740602,1.0642636,1.0669518,1.0766978,1.0747861,1.0697765,1.0705028,1.0789666,1.0786637,1.0722228,1.0800059,1.0779991,1.0734667,1.0681896,1.075267,1.0699152,1.0749375,1.0749344,1.07003,1.0722677,1.0703791,1.0718875,1.0770197,1.0705262,1.074401,1.0724418,1.0696694,1.0718709,1.0708234,1.0753567,1.0699008,1.0669334,1.0757289,1.0681185,1.0673683,1.0703001,1.0733758,1.0659112,1.074688,1.072206,1.0723318,1.0739158,1.0812722,1.0705155,1.0712794,1.0686918,1.076122,1.0733728,1.078877,1.0664561,1.0683582,1.0750076,1.0776806,1.0706285,1.07633,1.0769886,1.0669727,1.0769666,1.0725944,1.0645403,1.0725873,1.0796881,1.0687205,1.0762875,1.0638244,1.0763545,1.0698277,1.0630285,1.0648636,1.0664878,1.0713129,1.0694305,1.0699669,1.0656161,1.0764292,1.0701714,1.067968,1.0744699,1.0714455,1.0691059,1.0745494,1.0657488,1.0662146,1.0674996,1.0685422,1.0690962,1.076067,1.0698025,1.0703923,1.0679687,1.0649174,1.0709032,1.070685,1.0724461,1.0690229,1.0660307,1.0697724,1.0715643,1.0635917,1.062813,1.0681168,1.074251,1.0622201,1.0607238,1.079852,1.072459,1.0707822,1.0791665,1.0783908,1.0718641,1.0726695,1.0700015,1.0731039,1.0771165,1.0696956,1.0641001,1.0688912,1.0691105,1.0640233,1.072478,1.0760635,1.0689559,1.0701128,1.0710549,1.0682461,1.0751594,1.0762465,1.0734634,1.070254,1.080912,1.0666016,1.0740138,1.0704938,1.0692672,1.0725416,1.0691504,1.070987,1.0732373,1.0774062,1.0714654,1.0723344,1.0735283,1.0718585,1.0646433,1.0749415,1.0728941,1.0688171,1.0692965,1.0714962,1.0801159,1.0714577,1.0711896,1.0718681,1.079456,1.07137,1.0774901,1.0712286,1.0697763,1.072105,1.0725943,1.0666186,1.0707511,1.0672818,1.0743062,1.0724036,1.0709584,1.0720112,1.0751277,1.0705324,1.0734296,1.0679643,1.0765977,1.0752137,1.0736349,1.0731561,1.0688192,1.0734476,1.0780176,1.0731782,1.0730988,1.0776528,1.0686879,1.0740452,1.0700862,1.0669054,1.0739028,1.0692201,1.0707791,1.0715235,1.0741254,1.0726479,1.0719945,1.0714515,1.0731773,1.074131,1.066701,1.0725962,1.0661255,1.0731685,1.0695641,1.0674907,1.077981,1.0686171,1.0805016,1.0729558,1.0658613,1.0756347,1.0690786,1.0727682,1.0704445,1.0724355,1.0690801,1.0672423,1.0671121,1.0615958,1.0694504,1.072959,1.0730699,1.0693848,1.0838456,1.0692141,1.0656606,1.0711406,1.0723338,1.0712708,1.0741401,1.0741616,1.0729228,1.0755466,1.0742941,1.0619249,1.0733322,1.0640708,1.0757583,1.0702305,1.0682728,1.0565952,1.0713468,1.0707114,1.0698578,1.0677097,1.0788796,1.0845175,1.066588,1.0670929,1.06858,1.0696735,1.0721613,1.0769739,1.0688391,1.069272,1.0736808,1.0765215,1.0738231,1.0668205,1.0695294,1.0746512,1.0659561,1.069098,1.0691748,1.0726525,1.0729976,1.0632472,1.0670046,1.077575,1.0726514,1.0757492,1.0711673,1.0686057,1.0753019,1.0651219,1.0694114,1.0707592,1.0721087,1.0713259,1.0649292,1.0628216,1.0697535,1.0672284,1.0611248,1.0721279,1.066509,1.0693461,1.0714641,1.0760341,1.0623553,1.0678045,1.0757003,1.0725491,1.0672965,1.0664369,1.0721432,1.0740527,1.0704316,1.0706044,1.0815563,1.0652864,1.0674875,1.0688331,1.0663892,1.0703903,1.067916,1.0732234,1.0735036,1.0636318,1.0745947,1.0734863,1.0773758,1.0718473,1.0680832,1.0714204,1.0726801,1.0739316,1.0701308,1.0704156,1.0718002,1.0702232,1.0755036,1.0661652,1.0657967,1.0636452,1.0725203,1.0640962,1.0832186,1.0747736,1.0762067,1.0691482,1.0703408,1.0748088,1.0752935,1.0708561,1.0633628,1.0757706,1.0686055,1.0593258,1.0773108,1.073385,1.0731491,1.0754249,1.0646894,1.0713701,1.0740352,1.0710143,1.0721387,1.0645031,1.069243,1.0715672,1.0629895,1.0739315,1.0689255,1.0706828,1.0757248,1.075701,1.0758405,1.0786296,1.0746565,1.0658963,1.0686466,1.0725886,1.0676116,1.0691901,1.0693897,1.0748603,1.0693125,1.0740088,1.0736467,1.0697354,1.0738686,1.0733552,1.0691003,1.0606712,1.0657406,1.0681009,1.0729192,1.0752885,1.0609595,1.0717546,1.0782282,1.0790642,1.0768976,1.072846,1.0684782,1.0742872,1.0639474,1.0679035,1.0805769,1.071467,1.0653492,1.0777732,1.069612,1.0737829,1.0745242,1.0668242,1.0674939,1.0655425,1.076696,1.0736545,1.0597327,1.0663447,1.0732673,1.0777446,1.0731621,1.0664392,1.0671743,1.0759838,1.0737878,1.0700775,1.0701332,1.0687432,1.0690885,1.0694553,1.0714197,1.0816325,1.0733021,1.073182,1.0734096,1.0752771,1.0718385,1.0693817,1.0744725,1.0701624,1.0651968,1.0670171,1.0661551,1.0701997,1.0705075,1.0705581,1.0695657,1.0767303,1.0616772,1.0711929,1.0706794,1.0688783,1.0695,1.0705881,1.0670488,1.0676287,1.0736396,1.0706043,1.0642405,1.0777621,1.0705025,1.0706583,1.0686383,1.0680941,1.0670234,1.0777129,1.0716157,1.0701903,1.0753379,1.0666217,1.0713193,1.0743383,1.0656581,1.0680531,1.0706784,1.0701355,1.072706,1.069488,1.0731437,1.0742595,1.0702168,1.073097,1.0716622,1.0645171,1.0742377,1.0641437,1.0698072,1.070023,1.0658565,1.0706847,1.0685568,1.066758,1.0710269,1.0748546,1.068666,1.0682946,1.076929,1.0778956,1.0735183,1.076334,1.0738428,1.0678773,1.0682738,1.0755932,1.0700613,1.0751312,1.0645616,1.0726858,1.0732539,1.0684532,1.0720403,1.0720769,1.0663133,1.070595,1.081895,1.0678674,1.0757312,1.0677955,1.0669632,1.0656002,1.0765417,1.064326,1.0617574,1.0674999,1.0738459,1.0688103,1.0762727,1.0700734,1.0783234,1.0718201,1.0740871,1.0728263,1.0657506,1.078181,1.0717355,1.0700808,1.0677302,1.0733479,1.0680786,1.0647144,1.0713749,1.0724187,1.0698923,1.0653194,1.0673112,1.0710857,1.0705699,1.0687219,1.0715098,1.0693777,1.0664676,1.0787513,1.0745555,1.0697937,1.067047,1.0657576,1.0706654,1.0768762,1.0713923,1.0727941,1.0711367,1.068157,1.0733854,1.0673136,1.0637531,1.0667155,1.0736605,1.0659845,1.0744224,1.0727698,1.0746127,1.0741388,1.0626838,1.0789621,1.0728782,1.0709672,1.070983
1.2130108,1.2018267,1.2100827,1.208153,1.2123362,1.2110894,1.2096795,1.2158855,1.2121353,1.2094742,1.2131132,1.2132323,1.2091581,1.209321,1.211874,1.2052251,1.2153074,1.2084099,1.2178019,1.213872,1.2082993,1.2165415,1.2069154,1.208465,1.2071525,1.2115949,1.2069196,1.204173,1.2088987,1.2122463,1.2064655,1.21698,1.2059705,1.2130312,1.2050683,1.2109174,1.2202711,1.2141429,1.2169027,1.212673,1.1998998,1.2201891,1.2094734,1.2090794,1.2103689,1.2094191,1.2126852,1.2057741,1.2085433,1.2135824,1.2105335,1.2051883,1.2215697,1.2135162,1.2092124,1.2126087,1.2087189,1.2142135,1.2035351,1.2109016,1.214644,1.2164776,1.2072253,1.2109689,1.2103649,1.2095553,1.2072883,1.2101756,1.2130514,1.2118697,1.209164,1.2085924,1.2081138,1.2195138,1.2119066,1.208695,1.2157362,1.2141213,1.214544,1.2167809,1.2100344,1.2133346,1.2163815,1.2106471,1.2172637,1.2073095,1.2143598,1.2174788,1.211726,1.2131169,1.2120697,1.2073507,1.2152398,1.2092619,1.211324,1.2070677,1.2134935,1.208628,1.2132175,1.2094932,1.2135041,1.2126269,1.2150323,1.2110687,1.2100827,1.2117968,1.2055638,1.2067229,1.2133768,1.2142564,1.2175808,1.2058274,1.2124875,1.2121118,1.2120955,1.2114133,1.2068762,1.2147366,1.2084907,1.2106004,1.2119135,1.2138469,1.2092494,1.2171547,1.2100391,1.2100978,1.2165071,1.2180805,1.2160082,1.2079245,1.2052269,1.2175167,1.2105328,1.2026881,1.2164123,1.2143717,1.2066649,1.2094872,1.2091199,1.222074,1.2072273,1.2178876,1.2063284,1.2129216,1.2073485,1.2107583,1.2125155,1.2107601,1.2123315,1.220574,1.2073812,1.2120882,1.2137731,1.2180163,1.2111274,1.2206922,1.2112223,1.213297,1.206538,1.2124008,1.2035048,1.2183964,1.2112186,1.2122294,1.2158618,1.2190205,1.2122614,1.2065414,1.2099038,1.210674,1.2111648,1.2096024,1.2124434,1.2063733,1.208572,1.2075509,1.2110842,1.2169864,1.2122389,1.2071024,1.2062839,1.206541,1.2060344,1.2064573,1.2085912,1.209274,1.2192888,1.2027823,1.2093322,1.2131029,1.2089357,1.2157093,1.218501,1.2110574,1.2141432,1.2131695,1.2126452,1.2025126,1.2118896,1.2116878,1.2083242,1.210646,1.2099826,1.2096947,1.2113278,1.2116162,1.2138238,1.2092175,1.2141454,1.214517,1.2174282,1.2121575,1.2079968,1.2132077,1.2091498,1.2155057,1.2102596,1.2024993,1.2185025,1.2153305,1.2079772,1.211032,1.2136178,1.2062991,1.2171983,1.2092342,1.2149203,1.2104409,1.2060138,1.2045445,1.2038778,1.2146875,1.2106327,1.2152776,1.2170213,1.2135066,1.2112978,1.2105342,1.2060975,1.2064934,1.2114493,1.2164528,1.2111977,1.2112943,1.2155893,1.2073903,1.2086955,1.2072575,1.2083348,1.2157414,1.2166468,1.2133554,1.2183408,1.2142284,1.20992,1.2107486,1.2126024,1.2109138,1.2055577,1.2102224,1.207749,1.2115569,1.2120751,1.2118305,1.2073542,1.2156831,1.2121438,1.212115,1.2130433,1.2149799,1.2095181,1.2165582,1.2082877,1.2035699,1.2067655,1.2114248,1.210036,1.2126737,1.2128683,1.2148639,1.2122201,1.2185853,1.2136546,1.2115104,1.2151734,1.217682,1.2179329,1.2129215,1.2107129,1.2104868,1.210677,1.2152159,1.2113953,1.214111,1.210535,1.2074769,1.2054694,1.215812,1.2132244,1.2060632,1.2091563,1.2065383,1.2188159,1.2132764,1.2141143,1.2118614,1.2120397,1.2126739,1.209388,1.2131945,1.2125562,1.2142862,1.2068446,1.2141802,1.2126104,1.2077066,1.2136718,1.2105025,1.2101562,1.206152,1.2118282,1.2118176,1.2150726,1.2138002,1.2194915,1.2128751,1.2146035,1.2084402,1.2037419,1.215616,1.209595,1.213496,1.2065117,1.2072809,1.2093687,1.214411,1.213421,1.2141802,1.2105354,1.217492,1.211357,1.217416,1.216494,1.21356,1.2152848,1.2072406,1.2122525,1.2123878,1.2063363,1.2032158,1.2045813,1.2096919,1.2140251,1.2095947,1.2134979,1.2108146,1.213319,1.2140418,1.218104,1.205779,1.2162637,1.2069628,1.214722,1.2081957,1.2125924,1.2127799,1.2134175,1.2144202,1.2163855,1.2131245,1.2148522,1.2149738,1.2133608,1.207515,1.2091413,1.2100657,1.2158998,1.2007279,1.209954,1.208963,1.2151607,1.2126632,1.2082828,1.2181635,1.2095605,1.2050685,1.2090867,1.2167109,1.2113733,1.2042096,1.2186557,1.215781,1.2177966,1.2092121,1.2149619,1.2099559,1.2168119,1.2119218,1.2139354,1.2150997,1.2083309,1.210619,1.2173665,1.2071981,1.2090852,1.2125998,1.2109531,1.2070087,1.2117605,1.2041237,1.2175804,1.2143333,1.2070712,1.2114486,1.2095089,1.2074023,1.2132635,1.212799,1.2070497,1.2128185,1.2094307,1.2133621,1.2174263,1.2120718,1.2062509,1.2133186,1.2200849,1.2136492,1.2102071,1.2153298,1.207215,1.218183,1.214074,1.2205371,1.2115024,1.2108995,1.217395,1.2114551,1.2121718,1.21092,1.2123768,1.2146763,1.2058593,1.2116956,1.2148905,1.2187954,1.2126511,1.2083229,1.2057217,1.2065659,1.2081274,1.2138458,1.2162293,1.211922,1.2096386,1.2144326,1.2111317,1.2066066,1.20816,1.2130351,1.215368,1.2066419,1.2153294,1.2150218,1.2086718,1.207007,1.2141604,1.2109493,1.21494,1.2132528,1.2073191,1.2100414,1.2181101,1.2133175,1.2080328,1.2048471,1.2110786,1.2098017,1.2045163,1.20745,1.2101771,1.207259,1.2152379,1.211395,1.2102085,1.2121216,1.212357,1.208973,1.210277,1.2129576,1.2094977,1.2155415,1.2157422,1.2140614,1.2088873,1.2128322,1.2165233,1.208044,1.2080935,1.2128315,1.2127024,1.2093304,1.2127593,1.2043244,1.213148,1.213708,1.2042072,1.2093977,1.2071741,1.2111404,1.2065806,1.2138144,1.2116163,1.2102541,1.2110478,1.2075864,1.2144809,1.2080134,1.2114401,1.2128862,1.211105,1.2157294,1.2131038,1.2114168,1.2144111,1.2103046,1.2110428,1.2119372,1.2172883,1.2038523,1.2100928,1.2130661,1.2172221,1.2130768,1.2104145,1.2090402,1.2087516,1.215407,1.2128128,1.2106627,1.2027588,1.2182401,1.2098675,1.2204409,1.2052903,1.2143236,1.2110271,1.2156683,1.2067823,1.2145338,1.2166952,1.2144328,1.2116493,1.2193286,1.2139523,1.2135803,1.2104894,1.2112045,1.2100278,1.2133484,1.2060376,1.2092508,1.2115556,1.2091055,1.2191241,1.2140653,1.2179029,1.2142386,1.208084,1.215685,1.2122221,1.2117288,1.210873,1.2128648,1.2136598,1.2073035,1.211315,1.2110473,1.217192,1.2108432,1.213468,1.2072242,1.2089564,1.2138366,1.2162215,1.213086,1.2151537,1.2088255,1.2106832,1.2022417,1.2064826,1.2141634,1.2121705,1.210195,1.217822,1.2163774,1.2199441,1.2156309,1.2210062,1.2091271,1.211737,1.2125335,1.2157428,1.2092543,1.218891,1.2129697,1.2152346,1.2141143,1.2026398,1.2124542,1.2137187,1.213172,1.2076404,1.2126527,1.2096852,1.213415,1.217793,1.2104567,1.2146562,1.2125512,1.2112238,1.2150271,1.2157912,1.2131547,1.2105708,1.2163311,1.2141533,1.2155545,1.2116102,1.2111073,1.2159483,1.2113725,1.2066373,1.2122271,1.210978,1.2093707,1.2158229,1.2104439,1.2125138,1.2104238,1.2141136,1.21228,1.2113186,1.2131959,1.2143992,1.2089425,1.2139521,1.2086567,1.2107469,1.2096165,1.2148622,1.2043417,1.2146901,1.2135916,1.2088078,1.2225589,1.213801,1.2106727,1.2141528,1.2040412,1.2054696,1.2200962,1.2133934,1.2123002,1.2123531,1.2135178,1.210455,1.2111539,1.2108892,1.2178892,1.2125851,1.2110826,1.2128757,1.2090034,1.2134322,1.2128597,1.2173582,1.2153534,1.2120773,1.2111079,1.2208211,1.2093623,1.2093793,1.2143471,1.2124524,1.2185316,1.2138536,1.2097232,1.2165759,1.2115186,1.2095097,1.2160537,1.204342,1.2135197,1.214978,1.2129805,1.221267,1.2116448,1.2105745,1.2117854,1.2110044,1.2170391,1.217975,1.2154329,1.2195758,1.2167863,1.2112828,1.2148445,1.2172475,1.205219,1.216101,1.2046143,1.2120215,1.214081,1.2145232,1.2168834,1.2100427,1.2099305,1.2117863,1.2190971,1.2177372,1.2141799,1.2170676,1.2098655,1.2053262,1.2108408,1.2172104,1.2130249,1.2152808,1.213702,1.2114726,1.2181085,1.2098283,1.219059,1.2072624,1.2104088,1.2070163,1.2070018,1.2029574,1.2120215,1.2081022,1.2048789,1.2161906,1.2126199,1.2056097,1.2213347,1.2097713,1.2141863,1.2128338,1.2087227,1.2115188,1.212745,1.2052127,1.2155627,1.2102691,1.2136135,1.206734,1.2144556,1.2144886,1.2069389,1.2081555,1.2157638,1.2088225,1.21537,1.2055776,1.212063,1.2112738,1.2118597,1.2085251,1.2174594,1.2135978,1.2138915,1.2205267,1.2148623,1.211702,1.2170746,1.2176214,1.2067125,1.2127359,1.2165608,1.2113799,1.2158715,1.2129973,1.2080708,1.2140363,1.2094729,1.2114019,1.2134126,1.2127599,1.2113866,1.206714,1.2115656,1.2125661,1.2191579,1.2116463,1.2206463,1.2045319,1.2094704,1.2101697,1.2099054,1.2087415,1.2099615,1.2008822,1.212498,1.2159578,1.2095969,1.2112004,1.2081451,1.2129177,1.215407,1.209049,1.2109311,1.2051263,1.2046789,1.2162982,1.2111815,1.2077615,1.2088413,1.209127,1.2091336,1.2124609,1.2124907,1.2137387,1.2185746,1.2143676,1.2132827,1.2067542,1.2134134,1.2054414,1.2003999,1.210205,1.206213,1.2123055,1.2098867,1.219252,1.2146478,1.2105696,1.2140362,1.2096447,1.2137579,1.2104402,1.2121626,1.2088982,1.20982,1.216079,1.2156439,1.2133963,1.2173204,1.2136189,1.2079171,1.21826,1.2098145,1.2133055,1.2083635,1.2152534,1.203905,1.2139397,1.2091006,1.2109058,1.2094142,1.2162563,1.2092968,1.2144738,1.2141743,1.2089111,1.2141964,1.2117923,1.2127427,1.2093174,1.2118816,1.2114527,1.2074196,1.2106129,1.2086176,1.2087324,1.2065779,1.2142105,1.2111454,1.2152605,1.2083477,1.21042,1.2074789,1.2136912,1.2048093,1.2111771,1.2123054,1.2118216,1.211093,1.209333,1.2127693,1.2058979,1.2107435,1.2102582,1.2116696,1.2102748,1.2126807,1.2188648,1.2099602,1.2124784,1.2051854,1.2084597,1.2081147,1.2115278,1.2147255,1.2127823,1.2099847,1.2055923,1.2114292,1.2105172,1.2125763,1.21519,1.2111255,1.2133523,1.2156317,1.2157438,1.2162244,1.2196951,1.2101505,1.2120126,1.2156442,1.2046623,1.2111914,1.210929,1.215371,1.2149576,1.2079399,1.2161851,1.214951,1.2121439,1.2146248,1.2165742,1.2145867,1.209097,1.2143571,1.2097056,1.2126751,1.2185838,1.2152563,1.2096205,1.2127738,1.2079687,1.2085012,1.2132323,1.217382,1.2135104,1.2100347,1.2072616,1.2068734,1.2121184,1.2112201,1.2159382,1.2095873,1.2047989,1.2134874,1.2098784,1.2111837,1.2204745,1.2087717,1.2139391,1.2120793,1.2157551,1.2051196,1.2129725,1.2042416,1.2115681,1.2115874,1.2068365,1.2121536,1.212445,1.2070761,1.2142284,1.2106009,1.2131822,1.2171305,1.2118093,1.215084,1.2087346,1.2100804,1.2147626,1.205338,1.2081655,1.2134207,1.2132647,1.2080632,1.2121798,1.2070981,1.2134402,1.2129191,1.2053145,1.2183754,1.2111543,1.2177365,1.2107273,1.2177097,1.2056249,1.2128482,1.2133234,1.2139673,1.2083836,1.2089019
0.27421555,0.2823439,0.2775174,0.2824071,0.281778,0.28469288,0.28725928,0.28134194,0.2781851,0.2872435,0.28447357,0.2770994,0.2734686,0.27970648,0.2869715,0.2811974,0.28073046,0.27953517,0.28354773,0.27479187,0.27915463,0.2807079,0.28454012,0.2830518,0.28505957,0.28075263,0.27786148,0.28428817,0.28530043,0.28495893,0.2855188,0.28617874,0.28057018,0.28670362,0.27656555,0.27301636,0.27051598,0.27616537,0.27477533,0.2881044,0.27684665,0.27396858,0.28091303,0.2796277,0.28092915,0.2907851,0.27553508,0.28166547,0.28833926,0.28053188,0.28257632,0.280157,0.28544852,0.28008264,0.28690103,0.27971807,0.2682503,0.284671,0.2868761,0.27619696,0.28120154,0.28066862,0.28115726,0.28950563,0.2796618,0.27312812,0.27882257,0.2766061,0.2762062,0.2784315,0.28891993,0.28367895,0.2790454,0.2843216,0.2836568,0.28843886,0.2852094,0.28598842,0.28001392,0.27455315,0.28574243,0.2795493,0.28663146,0.28216046,0.28394306,0.28440753,0.28273037,0.28606865,0.28010762,0.27084205,0.27813366,0.28781733,0.28291956,0.27994937,0.27496964,0.2799387,0.28206477,0.28125453,0.27280313,0.27230424,0.27919915,0.28101644,0.2871652,0.27851364,0.27945158,0.28276423,0.28008252,0.27978313,0.28508708,0.27882093,0.28696886,0.27549943,0.2766266,0.27805182,0.27933708,0.2842649,0.28835383,0.28176627,0.29362187,0.28065604,0.28065583,0.28135288,0.2812866,0.283874,0.2885948,0.28748214,0.2799838,0.28637016,0.28531182,0.27507037,0.27972448,0.28208074,0.2708324,0.28092605,0.28135768,0.28057027,0.28166232,0.28222728,0.28610408,0.27845237,0.28195196,0.27797243,0.2774556,0.26817462,0.279622,0.2737969,0.2832572,0.28023034,0.28492266,0.28193513,0.27991408,0.27974704,0.28189155,0.28410685,0.29049942,0.27229854,0.27984664,0.27107945,0.28039137,0.2797215,0.28398803,0.28310043,0.28009576,0.28530937,0.28682926,0.27164322,0.2861832,0.27979207,0.28213656,0.2879874,0.28281286,0.28557688,0.28159818,0.27934033,0.28387272,0.27654853,0.27968535,0.27489167,0.27917886,0.27937877,0.27627376,0.28324285,0.2788415,0.28239432,0.27630162,0.27854532,0.27146387,0.28447175,0.27743775,0.2828028,0.2797109,0.26999187,0.27983755,0.27993065,0.2838352,0.27560705,0.27933565,0.28773513,0.28987586,0.27863306,0.28092545,0.27551332,0.29149088,0.27167335,0.28128302,0.28702912,0.28500575,0.2884316,0.27470455,0.2775078,0.28033653,0.286792,0.28528103,0.28410265,0.28680626,0.2852825,0.27816975,0.28715497,0.28289628,0.2851707,0.28309563,0.28162363,0.27849945,0.28230837,0.28783843,0.28692392,0.27940214,0.2840579,0.28491166,0.28213722,0.28458863,0.28687564,0.28108555,0.2792184,0.28374183,0.2867719,0.27598187,0.28455663,0.28463194,0.28270945,0.28283632,0.2813471,0.28341347,0.27810204,0.27775982,0.2805632,0.27634975,0.2833007,0.2823229,0.28050485,0.27693743,0.27029392,0.278516,0.28446776,0.2783696,0.28860652,0.28078985,0.2756969,0.27520198,0.28418905,0.28424558,0.2842969,0.27460548,0.28034174,0.2878498,0.27510938,0.28221682,0.28492528,0.27502435,0.28546652,0.27625224,0.28165632,0.28810963,0.28175762,0.28436232,0.28322637,0.2856992,0.285736,0.281382,0.2864789,0.28052208,0.28958067,0.2826354,0.27767268,0.28694153,0.27377084,0.28025952,0.27801988,0.2884938,0.2835922,0.27472132,0.27291846,0.2759757,0.28053248,0.28855866,0.28035516,0.28469253,0.28167424,0.27631098,0.27686596,0.2837707,0.291265,0.27598554,0.28553766,0.27282602,0.2772375,0.28193322,0.28578648,0.27975905,0.28311065,0.27362207,0.2835516,0.27987337,0.2835018,0.27907705,0.2744944,0.28701487,0.28698877,0.27628127,0.28864014,0.28244618,0.2800052,0.27942902,0.2798495,0.27941686,0.28150147,0.28678986,0.28346857,0.28699747,0.27856728,0.2870728,0.2795032,0.27527806,0.28509745,0.2895388,0.28718227,0.28133616,0.26823294,0.27751398,0.27686372,0.28414515,0.28365085,0.27752826,0.2804692,0.27869168,0.2823857,0.28105792,0.2809742,0.2874927,0.27935046,0.27608624,0.28355792,0.27735978,0.28049046,0.2836253,0.27140397,0.26817074,0.2844247,0.28008556,0.2750277,0.28526062,0.28238732,0.27316275,0.2840798,0.27557084,0.27906272,0.2763952,0.2819416,0.2849326,0.28304937,0.27273527,0.2818481,0.2851342,0.29111668,0.29126626,0.2797767,0.2760678,0.2811118,0.27622336,0.27974138,0.28132296,0.28566372,0.2825851,0.27778667,0.2734254,0.28020185,0.28466982,0.27846065,0.2854936,0.27627,0.27609238,0.27812946,0.2770191,0.276329,0.28183764,0.2781076,0.2835076,0.28229636,0.2775761,0.2828414,0.28126028,0.28253958,0.27996248,0.2851486,0.27982548,0.28346634,0.27775756,0.28695366,0.28403097,0.2772783,0.28859875,0.28128764,0.28318813,0.27382156,0.28295982,0.28571144,0.27780244,0.28317526,0.2823481,0.28861547,0.28272054,0.27818674,0.27505308,0.2810983,0.27550438,0.28053868,0.27949718,0.27967525,0.2759342,0.28074858,0.27809107,0.282019,0.28179514,0.28021005,0.27702346,0.28132433,0.277116,0.28018993,0.29329303,0.27635592,0.2778167,0.28175074,0.2848087,0.28288943,0.27745682,0.29160655,0.27612248,0.27780747,0.2844596,0.27901718,0.28177866,0.28144377,0.282227,0.2719999,0.28451556,0.28134888,0.27981198,0.2817247,0.28247064,0.2805026,0.28219435,0.27758342,0.2783489,0.2806021,0.27735835,0.2780331,0.2790622,0.2800876,0.28056005,0.29089615,0.2828157,0.2841724,0.27913618,0.28051558,0.2829843,0.2888769,0.28042394,0.2712619,0.28752148,0.27700981,0.2875382,0.2779813,0.2867583,0.28515968,0.2825071,0.28393766,0.28298375,0.27934852,0.2894873,0.2823321,0.27839592,0.28145406,0.2793221,0.2828003,0.28154173,0.28017336,0.28132156,0.27614373,0.28359303,0.28065515,0.28095728,0.28107864,0.27865273,0.28155702,0.2758268,0.28082952,0.27194405,0.28622702,0.28152117,0.27736744,0.27961215,0.2752371,0.279403,0.2858801,0.28002512,0.28451604,0.2840291,0.28186938,0.2801263,0.2822345,0.2817316,0.2751173,0.27325115,0.28135103,0.28911793,0.27438596,0.28063607,0.28527218,0.2815342,0.2798328,0.27887997,0.28467894,0.27732778,0.2776976,0.2838782,0.27890322,0.28444564,0.27514827,0.2868527,0.28302827,0.27809176,0.286478,0.28299907,0.277789,0.2836119,0.27858597,0.27652147,0.27336672,0.28372282,0.280869,0.2838328,0.28124872,0.28187588,0.28156254,0.27995315,0.27838904,0.28227538,0.27608487,0.28459924,0.28052473,0.28187132,0.27370176,0.28625754,0.29219422,0.28093272,0.28095654,0.28301707,0.2786343,0.27901053,0.27840272,0.28089142,0.27990744,0.28385052,0.28919944,0.2717724,0.27714944,0.27847806,0.28165725,0.27283332,0.27746224,0.27663702,0.27572015,0.28096628,0.27690074,0.27502084,0.28206578,0.2836346,0.2800232,0.27951732,0.28171283,0.27985162,0.28043604,0.27868986,0.27798387,0.27878383,0.2857977,0.28386977,0.27522784,0.27528116,0.28159222,0.27863738,0.27872804,0.28314602,0.28865737,0.28063482,0.29437584,0.28680587,0.27721152,0.27799186,0.28652704,0.27901328,0.27524602,0.2873832,0.2831935,0.29124302,0.2886157,0.27927035,0.2863539,0.2786263,0.28061128,0.27989706,0.28619382,0.27310514,0.27524883,0.28058764,0.27029532,0.2827951,0.2766775,0.27874145,0.27556932,0.28199905,0.2847989,0.27412355,0.27713418,0.2788931,0.26804304,0.28032556,0.27425689,0.2856851,0.28431952,0.2855958,0.28205758,0.27743012,0.28128165,0.27707565,0.28631705,0.27273765,0.2819609,0.28392878,0.28755522,0.27982548,0.2874937,0.27399614,0.2801842,0.27728412,0.28166294,0.2822599,0.2822987,0.2818357,0.2797147,0.2816188,0.28762093,0.28522924,0.27717158,0.27259547,0.28619012,0.27683127,0.2841674,0.2822645,0.28538036,0.28429073,0.27780408,0.28247645,0.27556708,0.28406754,0.28261986,0.28076917,0.28125823,0.2776255,0.28240323,0.28229043,0.28083792,0.2840406,0.2803285,0.28363764,0.2707765,0.27470326,0.2794963,0.28770345,0.28145784,0.27932253,0.28578633,0.2836446,0.2880152,0.28082952,0.28509647,0.28910616,0.2763095,0.27751184,0.2829881,0.27898836,0.2830714,0.28045744,0.28232956,0.29083404,0.28180173,0.2794652,0.2858356,0.2800692,0.28198913,0.28413278,0.28814754,0.27279076,0.27379584,0.28522003,0.28128228,0.2821968,0.27607092,0.28000367,0.281179,0.28180256,0.28418827,0.27755478,0.28054687,0.28758043,0.27956763,0.27955565,0.28467408,0.28766,0.27616268,0.27907664,0.2801408,0.27609852,0.27738014,0.28047493,0.2808285,0.2752692,0.2830719,0.28490546,0.28304327,0.2790343,0.28058073,0.28231272,0.27130023,0.27876896,0.27722186,0.27746415,0.28246656,0.2746532,0.28932855,0.28084347,0.28140923,0.2815376,0.27654412,0.27555004,0.28122607,0.2796045,0.27892727,0.28210312,0.28093833,0.28095037,0.27944398,0.27728304,0.2839335,0.27968276,0.28380707,0.28104994,0.27748737,0.28473514,0.28234795,0.27452564,0.27770284,0.28543222,0.2827256,0.2747132,0.27364406,0.2810644,0.28079885,0.2768736,0.2841533,0.2752025,0.28254315,0.28065297,0.28020602,0.27374756,0.28149727,0.2829072,0.28240728,0.28107223,0.2873353,0.28248465,0.28725594,0.28592286,0.28929746,0.28546625,0.28819755,0.2848517,0.28563866,0.28232628,0.280956,0.28029454,0.2709965,0.2690992,0.28734222,0.27933764,0.2868753,0.28531075,0.28601888,0.2832801,0.27497873,0.28216907,0.28533483,0.28020266,0.28450736,0.27856666,0.27634752,0.27904117,0.27901095,0.27957928,0.27929297,0.28310496,0.28729674,0.2833058,0.28141162,0.29113626,0.27889958,0.285832,0.28559086,0.2846099,0.28224605,0.28146288,0.27285302,0.28356078,0.28291813,0.28803998,0.27791643,0.2825782,0.2802556,0.28258932,0.2779695,0.285245,0.28272706,0.28873786,0.2802837,0.27955672,0.28099695,0.27950257,0.28080782,0.28462514,0.28584594,0.27509156,0.27912146,0.2827583,0.27393064,0.2742633,0.2892315,0.2804241,0.2824659,0.27704382,0.28105223,0.27426445,0.27766195,0.28478023,0.27661252,0.28111547,0.2746834,0.27600938,0.28164017,0.28691784,0.28284574,0.2809292,0.28209025,0.28219834,0.2855398,0.28464994,0.2908533,0.28291595,0.28646082,0.28177953,0.27647412,0.28106385,0.28445306,0.2806002,0.27387512,0.27917314,0.28032863,0.28171453,0.27843192,0.2720447,0.26844317,0.28182006,0.2782813,0.2828105,0.2787355,0.2846308,0.2796081,0.2793589,0.27273628,0.27903008,0.27843887,0.28253123,0.28063178,0.28272617,0.28136575,0.27684325,0.27914786,0.27888983,0.27724206,0.28394783,0.28890553,0.27853066,0.27510488,0.28269473,0.2813884,0.2777321,0.27854222,0.27665943,0.2837908,0.2880991,0.28565267,0.27753475,0.2901293,0.28807452,0.28303462,0.27960634,0.2812987,0.28034377,0.2820316,0.28311464,0.2776106,0.2796444,0.28434935,0.2753031,0.27871957,0.28473017,0.28262678,0.27825892,0.28758165,0.2811521,0.2732106,0.27514693,0.27736002,0.2776842,0.27953538,0.27416205,0.2863715,0.27662423,0.28761908,0.28651002,0.28686813,0.28756806,0.28117555,0.28189218,0.277221,0.276077,0.28357682,0.2852751,0.2787396,0.2745994,0.28337,0.28074786,0.2841325,0.27873483,0.2753985,0.28327814,0.27372277,0.27889827,0.2839535,0.28660125,0.29088387,0.27759773,0.28175688,0.28294158,0.2822861,0.27737808,0.28420913,0.27693135,0.27534956,0.2768967,0.279878,0.2803416,0.27993935,0.28863403,0.2740446,0.2813187,0.28840292,0.27893668,0.276143,0.28891522,0.28149897,0.27663556,0.28503898,0.28669956,0.27923244,0.2800552,0.27844754,0.2846594,0.27459842,0.2796418,0.2874229
