0.45698753,0.45407894,0.4444664,0.4482055,0.4563916,0.45144838,0.44558042,0.45416296,0.4478462,0.44795653,0.44703844,0.45838135,0.4573244,0.44741482,0.44609475,0.4526301,0.44559902,0.45936152,0.45377895,0.44793597,0.4500759,0.45326924,0.45444044,0.4473725,0.4397563,0.44358593,0.44887614,0.45667824,0.4399474,0.44942102,0.45094022,0.45508477,0.45047146,0.4493953,0.44181225,0.45365378,0.4464001,0.45242405,0.44734913,0.44813114,0.45323187,0.4526727,0.44803306,0.45586002,0.4520712,0.45268264,0.44776684,0.45107025,0.44907454,0.44912302,0.45542318,0.44894087,0.45899504,0.45408213,0.4503851,0.4553472,0.4591483,0.4459661,0.43889365,0.44321278,0.44392246,0.4516874,0.443726,0.44614568,0.45091,0.45952272,0.44321397,0.44886556,0.44820446,0.44483238,0.45461613,0.4474334,0.44282037,0.44549465,0.44883862,0.45227337,0.45007458,0.45070016,0.4489455,0.4572473,0.45074677,0.4538491,0.4483279,0.45084867,0.45210534,0.45295298,0.44864687,0.45079723,0.45991182,0.44967186,0.4417287,0.45575458,0.45445207,0.45251828,0.4578949,0.45296165,0.45284414,0.44692636,0.45135093,0.45015353,0.4515594,0.4408022,0.44668552,0.45041415,0.44707802,0.45340097,0.4542187,0.4496875,0.45112675,0.44463408,0.45460102,0.45458385,0.44675753,0.44467503,0.4484191,0.4473764,0.4591977,0.4559308,0.4446819,0.44274864,0.45219117,0.4481223,0.4462586,0.4373052,0.44264385,0.45560846,0.4447708,0.4513498,0.45392448,0.45559746,0.45509005,0.44671577,0.44373167,0.4566418,0.44287592,0.45846575,0.46145585,0.4513315,0.46262845,0.4544171,0.44281024,0.455736,0.44485903,0.44731274,0.4566394,0.4487526,0.44840768,0.44798586,0.44984004,0.44886824,0.44766033,0.45260674,0.4501136,0.45570043,0.44710606,0.45118198,0.4561729,0.45322648,0.4546641,0.4524032,0.45524645,0.45262548,0.45023206,0.44908533,0.45317778,0.45308617,0.4505474,0.4532195,0.44762465,0.4514454,0.45629466,0.45620018,0.45400307,0.4475246,0.45278713,0.4578618,0.4517876,0.45022753,0.44971332,0.4506187,0.4479771,0.44618034,0.44452676,0.44745335,0.45894405,0.44726402,0.45358208,0.45827642,0.44455752,0.45989895,0.44939548,0.4585527,0.45308444,0.45517,0.44943625,0.4484219,0.45623922,0.4477976,0.44608802,0.45201415,0.448576,0.45201614,0.44974145,0.4531877,0.46296087,0.45219892,0.4563741,0.45166948,0.4615445,0.46043465,0.4493124,0.44938698,0.44993997,0.4492511,0.454828,0.44821724,0.44966015,0.45509005,0.44418317,0.4556132,0.45371425,0.45297524,0.4515099,0.45769733,0.45164087,0.44568074,0.4539392,0.45244923,0.44768384,0.4474496,0.4532254,0.44090357,0.44980553,0.45045054,0.44435325,0.4474825,0.4541418,0.4587077,0.45100227,0.44379884,0.4434703,0.4574493,0.4503949,0.45337605,0.45244256,0.45459783,0.453334,0.46019095,0.4515006,0.44975004,0.45470172,0.4372668,0.45326278,0.45049238,0.4528863,0.455342,0.4393459,0.45994005,0.4547073,0.45238614,0.44467285,0.4442178,0.44204858,0.4575262,0.4583019,0.448434,0.45332092,0.45619777,0.4428702,0.4517726,0.4576084,0.4495426,0.45639387,0.454641,0.44860443,0.45028841,0.4418327,0.44939896,0.45579,0.44239545,0.44871685,0.45503396,0.44869706,0.45883787,0.44433454,0.44772545,0.45216784,0.44993067,0.45084548,0.4460584,0.44197774,0.4454518,0.45408487,0.45823172,0.45336735,0.45190483,0.4544733,0.45641443,0.45201945,0.45158046,0.45729452,0.45033988,0.44685382,0.44102666,0.4486625,0.45290786,0.456604,0.45361266,0.4542449,0.4551143,0.44714648,0.45240068,0.45523357,0.44995102,0.45039457,0.45017976,0.4493812,0.451439,0.4493724,0.44749358,0.4490643,0.44617406,0.45161897,0.44383764,0.4557852,0.4480445,0.4571233,0.4567629,0.44760475,0.45148724,0.457599,0.45070636,0.45231277,0.45130488,0.4393188,0.45053264,0.44351563,0.44162828,0.45206594,0.4533562,0.45490858,0.45090827,0.45288873,0.45253313,0.44463953,0.44948944,0.4419071,0.44908676,0.45235106,0.4454027,0.45986676,0.45811275,0.44319245,0.453742,0.4499458,0.45071915,0.44527313,0.44699672,0.46022668,0.44656086,0.45616022,0.44947025,0.45326707,0.4548236,0.45039818,0.45081145,0.44380078,0.44757402,0.44808757,0.45044896,0.44793883,0.45418134,0.45092016,0.45016366,0.44777325,0.45442906,0.4544909,0.45044118,0.45483252,0.45267618,0.4471628,0.45087522,0.45085832,0.45171496,0.44732404,0.45116755,0.46041402,0.45734906,0.45239082,0.44792378,0.4467049,0.44739446,0.45036995,0.45828095,0.44906124,0.45018777,0.4450865,0.44224992,0.4419541,0.45591787,0.45707464,0.456299,0.44491437,0.44998655,0.44943553,0.45331785,0.44537008,0.44705638,0.45199054,0.45599407,0.45526215,0.44856325,0.45862114,0.4537796,0.4575328,0.45783094,0.45771933,0.45178327,0.46467474,0.4460492,0.44877192,0.44857538,0.45703208,0.44843125,0.45353848,0.45347404,0.45974836,0.44324994,0.4497696,0.45518538,0.44408584,0.46248943,0.44890472,0.456385,0.4439406,0.45031837,0.4609073,0.44675708,0.4536898,0.45324135,0.450839,0.45866117,0.4470969,0.44556615,0.4634781,0.44447997,0.45833284,0.45967346,0.45245576,0.45963258,0.4538748,0.45117787,0.44974104,0.45298678,0.44767624,0.44823822,0.44293815,0.4451129,0.45394862,0.4596527,0.454158,0.4386048,0.45257485,0.45026377,0.4514185,0.45430693,0.45046225,0.44821787,0.4553003,0.4511267,0.45015454,0.45777908,0.4490337,0.45307,0.44331458,0.44929904,0.457786,0.443391,0.45799062,0.451456,0.44816026,0.46050984,0.45158252,0.45381558,0.44762754,0.44641045,0.451097,0.45050347,0.44829923,0.45115018,0.45336396,0.45469618,0.45119995,0.44139403,0.44525957,0.45128167,0.4519679,0.45545626,0.45000714,0.44839242,0.46051475,0.45785818,0.44890013,0.45096257,0.4469136,0.45182303,0.446344,0.4523745,0.44715285,0.46101397,0.440812,0.4478157,0.44154215,0.44679987,0.4451992,0.45194942,0.44928867,0.443433,0.4478728,0.4524487,0.4505752,0.44428623,0.45449215,0.45105642,0.44707325,0.45016032,0.4548815,0.4549561,0.45613584,0.44824618,0.44676927,0.45087403,0.45931458,0.44687757,0.4551517,0.4538681,0.45521164,0.4453751,0.45508212,0.44535553,0.45402557,0.45058742,0.4472795,0.45576268,0.4515156,0.46707487,0.4491009,0.4484099,0.44277006,0.44469318,0.45762452,0.4483371,0.44680852,0.44721165,0.44941378,0.4472582,0.44425133,0.44647476,0.44897863,0.4493496,0.4463023,0.4487837,0.45637545,0.44955185,0.45402992,0.44301453,0.44710445,0.43945256,0.45010373,0.44820258,0.44816828,0.45420587,0.44774598,0.44427335,0.44891188,0.44879162,0.45658806,0.44920033,0.44597128,0.4544795,0.447108,0.44450316,0.44663823,0.44505242,0.44405803,0.45330986,0.45064637,0.4468348,0.44584772,0.44159997,0.45622444,0.45680022,0.4549669,0.4380456,0.44519258,0.4528814,0.45791352,0.44711965,0.45229894,0.45823467,0.4432379,0.45148188,0.46175036,0.4477503,0.4518742,0.4501745,0.45232493,0.4580816,0.4519419,0.45566913,0.4434222,0.44830275,0.4509692,0.45031664,0.450064,0.45182282,0.4508686,0.45791492,0.45777,0.4504477,0.44967523,0.44739598,0.4408574,0.44818163,0.4503014,0.4515791,0.45355982,0.45207685,0.44087076,0.45626575,0.45083347,0.45505697,0.44805524,0.45604658,0.45327246,0.4452781,0.4585344,0.44694212,0.4527087,0.44513783,0.45091435,0.448207,0.44591928,0.45873624,0.45006096,0.4460656,0.45439714,0.45242935,0.4463738,0.4508911,0.45630297,0.45362973,0.45226523,0.44829023,0.45955318,0.44850674,0.447677,0.44679207,0.4506728,0.4507808,0.45047033,0.44888306,0.45535254,0.45221925,0.45082983,0.45404246,0.45685834,0.45225877,0.44604966,0.459337,0.4532897,0.4496181,0.4494964,0.4479805,0.45278996,0.4486676,0.45282772,0.4519076,0.45630994,0.45179543,0.45196244,0.4467263,0.4461818,0.4470503,0.45077664,0.45482895,0.46127337,0.45262417,0.45591778,0.4447122,0.44433483,0.4454213,0.45546272,0.44740778,0.44542524,0.44676632,0.44900757,0.4534552,0.4536886,0.44818044,0.4523249,0.45204094,0.44859,0.45069632,0.4568672,0.44397488,0.4490784,0.4418515,0.4485807,0.44880843,0.45205694,0.4545148,0.4464599,0.45606425,0.44719228,0.45259428,0.4423605,0.4513889,0.45066714,0.45395035,0.46174282,0.44979256,0.44815093,0.4413439,0.44874015,0.4536847,0.45664924,0.45258963,0.45592576,0.4507847,0.44743788,0.44524696,0.45053393,0.4460794,0.4517561,0.4512514,0.44487783,0.44588968,0.44700557,0.45243257,0.44460812,0.45200092,0.4564474,0.46029282,0.45224416,0.44602618,0.45711637,0.45393422,0.4486028,0.44391656,0.44937617,0.43455625,0.44365036,0.45443854,0.4545987,0.4543122,0.45223537,0.45045483,0.44497544,0.44775513,0.45053357,0.44436222,0.45205107,0.44990405,0.44915214,0.45221573,0.44315332,0.45440298,0.45820308,0.45085096,0.445074,0.45224035,0.4442413,0.45176783,0.4518485,0.45199722,0.45225957,0.453084,0.4583005,0.45027617,0.44956776,0.43692136,0.45514792,0.45188835,0.44915938,0.44757885,0.4496164,0.4443682,0.45802957,0.44659933,0.44821548,0.45056918,0.44749674,0.4498414,0.44127214,0.4571743,0.44809562,0.4550296,0.44884408,0.45459372,0.44933242,0.4447552,0.45279568,0.4451403,0.45295978,0.44271404,0.44995612,0.44652957,0.45221192,0.4592892,0.4539801,0.4475861,0.4550145,0.45075098,0.43872565,0.44920135,0.44989172,0.4457215,0.4459415,0.45000148,0.45092404,0.44450143,0.4510024,0.45177478,0.45492464,0.4517866,0.4480589,0.45106974,0.4481709,0.4469383,0.4553692,0.44761345,0.44564536,0.44439176,0.4545586,0.44942486,0.44232193,0.45447454,0.44900852,0.4504742,0.44850248,0.44675186,0.4452419,0.4562006,0.4546173,0.4571065,0.4562617,0.44873276,0.44888753,0.44942483,0.45312905,0.45915455,0.45254442,0.45914283,0.45480132,0.45277134,0.44833782,0.46019006,0.44627026,0.45423064,0.4479409,0.44499072,0.45409465,0.4446106,0.44945958,0.44834548,0.4561631,0.44600746,0.4464253,0.45396963,0.4493939,0.45722175,0.4455754,0.45157343,0.45137203,0.45086977,0.4513397,0.4429891,0.4510446,0.44190755,0.4515686,0.44746226,0.44925815,0.4564185,0.44109392,0.44855174,0.4498909,0.4583809,0.4521218,0.44157326,0.44737998,0.45804852,0.4550648,0.45623833,0.45264345,0.4519678,0.445272,0.44822013,0.4576879,0.44900283,0.44833922,0.46138546,0.4506587,0.4519683,0.44376916,0.4503355,0.45403966,0.44460875,0.44482273,0.4562946,0.45711008,0.45507395,0.45719907,0.4479484,0.4525952,0.4531612,0.4515603,0.45384258,0.46125615,0.44906247,0.4505101,0.46132606,0.4444962,0.45719406,0.4483368,0.44767702,0.45261645,0.44400248,0.4463093,0.44781533,0.4519143,0.4471177,0.44481212,0.44364238,0.4457648,0.44946656,0.44861147,0.45261165,0.44197884,0.45307276,0.45027217,0.45711458,0.4575479,0.4516309,0.45264152,0.4538665,0.45060426,0.4505369,0.4467363,0.44686002,0.44272763,0.4509246,0.45049065,0.45502144,0.44091552,0.45266265,0.45160815,0.44894823,0.44846565,0.45256191,0.43795726,0.45694867,0.44842646,0.45841148,0.44484833,0.44900864,0.45455715,0.44934544,0.4509539,0.44990662,0.44893405,0.457461,0.45845756,0.44880688,0.4504866,0.45079133,0.4478483,0.4424663,0.44815212,0.44389656,0.45274937,0.4541606,0.45615524,0.44574162,0.45843264,0.4497776,0.4459684,0.44909206,0.44611496,0.455943,0.45417634,0.450042,0.453951,0.45287064,0.44621223,0.4505747,0.4515834,0.4528561,0.44785511,0.44455612
0.5354776,0.5282517,0.52240306,0.5305564,0.5361571,0.53278875,0.5242798,0.52842134,0.5273302,0.53140724,0.5263303,0.53774166,0.52749234,0.5243521,0.5325081,0.5287146,0.5317372,0.52450025,0.53938156,0.5329992,0.5269169,0.53127086,0.5281326,0.53161436,0.5261635,0.5276736,0.53135985,0.5275295,0.5274758,0.53313404,0.52891034,0.5281462,0.5291962,0.527075,0.52636546,0.5342495,0.53418213,0.5310935,0.5288459,0.52807087,0.53436035,0.5259686,0.52840257,0.5293373,0.52503264,0.5262091,0.52608496,0.52737826,0.53177935,0.5243124,0.5269155,0.52727616,0.53169656,0.52849793,0.53312,0.5232523,0.5260502,0.5227658,0.52812845,0.5296432,0.527945,0.5292268,0.5288075,0.5275811,0.52350545,0.53381735,0.5249147,0.528066,0.53205746,0.5238375,0.53487015,0.52612805,0.53228426,0.5282026,0.5237209,0.5292496,0.5358508,0.53316975,0.5302664,0.5302578,0.53212184,0.52888465,0.5299175,0.53252745,0.53049535,0.53415984,0.5300197,0.52339506,0.53207344,0.52683246,0.52874786,0.5323369,0.5382601,0.52642375,0.5248837,0.53277266,0.5365236,0.533902,0.53052163,0.5289345,0.53091395,0.5245019,0.53419584,0.5323519,0.530617,0.53668386,0.52399594,0.52555263,0.5240865,0.5325534,0.5304767,0.5311586,0.52773786,0.5382083,0.52835697,0.5300728,0.52793443,0.527474,0.5224622,0.529554,0.52659076,0.5315555,0.5291608,0.530737,0.5308479,0.5284245,0.53424644,0.5297234,0.5291077,0.5344818,0.52938706,0.5371673,0.52755904,0.5326081,0.524694,0.53167564,0.53226656,0.53240573,0.53588074,0.5243254,0.5227226,0.5308327,0.53495294,0.5277007,0.5336669,0.5263359,0.5305886,0.5370299,0.528117,0.53605247,0.5350991,0.5277314,0.5266105,0.52345777,0.52779657,0.5335906,0.5222061,0.5271186,0.5347026,0.5321748,0.5301052,0.53275895,0.526556,0.5323602,0.5376832,0.53235257,0.5313497,0.53788936,0.53388107,0.5293493,0.5391566,0.5298025,0.5313992,0.5359476,0.54170406,0.53033185,0.5248716,0.53215027,0.53030384,0.52431273,0.5281597,0.53333694,0.5341054,0.5356995,0.53337383,0.53737736,0.52477133,0.53568876,0.5222541,0.52533674,0.5239423,0.5293951,0.5336225,0.5328111,0.5196581,0.5314516,0.53688437,0.52690434,0.53386855,0.5337855,0.5353781,0.5325333,0.5260378,0.5407206,0.5324226,0.5319576,0.5313785,0.5343174,0.530181,0.5349662,0.5308636,0.5304312,0.52732575,0.53495663,0.5361751,0.5254749,0.52729064,0.53112227,0.5254423,0.5401407,0.5373547,0.5314226,0.5340356,0.52815485,0.5378361,0.53192216,0.5244772,0.53276736,0.52245486,0.52913386,0.5299652,0.524754,0.5280305,0.5379271,0.5329409,0.5276822,0.5321103,0.5336819,0.52288634,0.5282228,0.53200746,0.5334517,0.5301417,0.5211753,0.5353785,0.5299141,0.53043866,0.53179204,0.52224255,0.54156095,0.5216752,0.52854276,0.52811706,0.5302896,0.540879,0.5293438,0.5283732,0.5262123,0.5286645,0.53294444,0.5246564,0.52685595,0.5306593,0.52848625,0.5385249,0.5246053,0.52733153,0.5351693,0.52689433,0.53938437,0.52970123,0.5282048,0.5286955,0.5330701,0.5302243,0.5306358,0.52412224,0.5323139,0.5312131,0.5270931,0.53516024,0.5364088,0.5259899,0.53654724,0.52451396,0.5268888,0.53078526,0.526269,0.52590513,0.5358566,0.52317816,0.52584124,0.5287767,0.5352839,0.5323813,0.5292263,0.5357754,0.5394545,0.53078204,0.5275297,0.5364022,0.5318503,0.5361507,0.52430534,0.5281363,0.53712463,0.52790236,0.53573567,0.5349611,0.524643,0.53624153,0.5253982,0.52785134,0.53129256,0.5337215,0.5239127,0.52935624,0.5324185,0.52834946,0.52499324,0.53609943,0.5336167,0.52958906,0.527813,0.53159124,0.5293614,0.5318959,0.5345817,0.52793396,0.52061284,0.5337572,0.53054047,0.5246445,0.52771777,0.52826685,0.53658545,0.5346432,0.52952266,0.52546895,0.5236744,0.53046036,0.53501457,0.53655696,0.5233259,0.5331291,0.5268104,0.5324383,0.5363353,0.52514416,0.531718,0.5230402,0.52829236,0.5327349,0.5267902,0.5311336,0.5264255,0.5215923,0.52529025,0.5284734,0.52092195,0.52974725,0.5279114,0.53316516,0.5295661,0.52725,0.5315964,0.5309202,0.5260315,0.52988714,0.52538866,0.5280894,0.5260083,0.5239494,0.53415084,0.5296744,0.52993846,0.52919835,0.53056467,0.5384028,0.5350148,0.52845556,0.53512406,0.5348847,0.5272702,0.52802664,0.52980685,0.535639,0.52640665,0.53484046,0.530299,0.53107506,0.5269822,0.53288186,0.53530025,0.53125024,0.52883434,0.5265665,0.52627015,0.5275423,0.5284085,0.5311333,0.53041136,0.5359222,0.5342298,0.5185925,0.53489125,0.5296793,0.52615476,0.5257284,0.52916014,0.530035,0.5273425,0.54157364,0.53321075,0.5284815,0.53877306,0.52975214,0.53602386,0.5352615,0.52592105,0.527203,0.52608216,0.5249754,0.5321319,0.5288433,0.5358143,0.53534704,0.53179806,0.53102124,0.53474104,0.52354974,0.53810865,0.5240265,0.53898513,0.5330438,0.52984,0.5352204,0.5387368,0.5303058,0.5268803,0.522185,0.5298766,0.52699083,0.53237206,0.5293422,0.5267901,0.5289747,0.5231638,0.53468925,0.53369904,0.5326415,0.52957183,0.53074884,0.5335742,0.5303297,0.53363687,0.52135766,0.528844,0.53336793,0.5297643,0.5349786,0.5245313,0.5275385,0.53298336,0.5283062,0.52402985,0.53224003,0.5338072,0.53653157,0.5310491,0.5264108,0.53793293,0.53648007,0.5349409,0.5258253,0.52426296,0.5293573,0.5381188,0.53238755,0.5287508,0.53060174,0.5368698,0.5289246,0.5395746,0.5339315,0.52975106,0.5272011,0.5280689,0.5297888,0.5320186,0.52917624,0.52978575,0.53281826,0.52097136,0.52925247,0.5334907,0.52844536,0.5320413,0.53147924,0.5263662,0.52796215,0.53107935,0.53201836,0.5280132,0.52788275,0.52510196,0.53225106,0.52924645,0.5254626,0.535985,0.5313877,0.5367878,0.51789993,0.5294469,0.53442115,0.533319,0.53153825,0.52757347,0.5296168,0.5344861,0.52163905,0.5289291,0.53386396,0.52918583,0.5291251,0.52963376,0.53098565,0.5308208,0.5395954,0.53372353,0.53835535,0.53104997,0.5377743,0.53176165,0.52768093,0.53457594,0.53365517,0.5347145,0.52368826,0.53324175,0.5283744,0.53364915,0.52597195,0.5288745,0.5313607,0.5324215,0.5317494,0.53576,0.5253645,0.52459824,0.5269588,0.52246463,0.5262258,0.53268856,0.52831984,0.53467387,0.53741556,0.5244471,0.5293857,0.5281333,0.5326397,0.53133094,0.5228601,0.52720493,0.5298401,0.5284167,0.5280695,0.5210592,0.52515996,0.5313261,0.5297023,0.5233532,0.5279658,0.5327067,0.5362367,0.5308142,0.5326073,0.52713776,0.524359,0.5299883,0.5285308,0.5381527,0.5388851,0.5270895,0.52418774,0.5388999,0.5319662,0.53221136,0.5336815,0.5281316,0.5297481,0.52586746,0.52901196,0.52789956,0.5312638,0.5303538,0.532945,0.5319203,0.52507734,0.5217024,0.5223246,0.52766097,0.53173006,0.5329963,0.52471405,0.52801704,0.5309402,0.53585845,0.52950853,0.5322235,0.53554,0.5289406,0.5338874,0.5370913,0.53116745,0.525979,0.53071123,0.5279034,0.53916377,0.5362666,0.52334553,0.5333502,0.52911,0.5370444,0.51699114,0.52128094,0.5272679,0.5310108,0.52399355,0.53135854,0.5232904,0.5255064,0.5284588,0.5255264,0.5270276,0.53111947,0.5343607,0.5267057,0.52930176,0.5272392,0.5305699,0.5230545,0.52784044,0.5394582,0.5311098,0.5317076,0.530698,0.5302152,0.52544636,0.52544373,0.5369846,0.5308307,0.52674407,0.5266938,0.5358034,0.5354248,0.5321864,0.5256052,0.531872,0.5242826,0.53499335,0.52815354,0.53243035,0.5365584,0.5328559,0.5272424,0.5358898,0.5310502,0.52822363,0.53389937,0.5419886,0.5244452,0.5318679,0.52906406,0.52478516,0.53401804,0.5314594,0.5353168,0.5372943,0.5330133,0.5256195,0.533045,0.5261848,0.53019494,0.52855706,0.526146,0.52931887,0.5287646,0.5390074,0.5280673,0.53589106,0.52857333,0.53658354,0.52786565,0.531775,0.5346025,0.52753145,0.5354361,0.5341041,0.53359866,0.5328035,0.53551877,0.52600324,0.52253217,0.52615845,0.5190021,0.52859277,0.52987164,0.53874445,0.5218032,0.5339306,0.5227563,0.52466327,0.52623004,0.52947384,0.52258235,0.5275372,0.52770096,0.529404,0.534113,0.53604233,0.5239084,0.53444314,0.5286402,0.5361378,0.5299973,0.5369695,0.535581,0.52941394,0.53193593,0.53293914,0.53263384,0.52844596,0.52850133,0.52741563,0.5241534,0.53043324,0.53563297,0.52582514,0.5315508,0.5284269,0.5332568,0.52844924,0.53086585,0.524605,0.5389207,0.52364796,0.53075033,0.53092664,0.53012884,0.5282913,0.5263935,0.5337625,0.52085304,0.52995086,0.52874255,0.532779,0.53015023,0.52986306,0.52624696,0.52969164,0.5311389,0.53326833,0.53670985,0.52744925,0.53328323,0.5207631,0.5262279,0.53649956,0.5242302,0.5258648,0.53720874,0.53443676,0.52192104,0.5348631,0.5345954,0.5325928,0.53183264,0.5279337,0.5323842,0.528161,0.53077435,0.52765495,0.5279037,0.53207886,0.52812296,0.52056104,0.5225656,0.5246771,0.5303409,0.5246374,0.5271317,0.5285978,0.5279571,0.5208619,0.5296612,0.5254999,0.5300486,0.5359237,0.5279119,0.53397685,0.5297845,0.5291668,0.5351613,0.5248541,0.52874583,0.5233061,0.5255614,0.5300725,0.5320487,0.5348493,0.52974594,0.53203386,0.5358352,0.52880335,0.5279613,0.5290448,0.5255876,0.5277854,0.53359544,0.5327013,0.5252341,0.5284581,0.52504873,0.5297392,0.5309631,0.5264554,0.5321353,0.53300357,0.5270639,0.5295739,0.5290245,0.52759373,0.5365286,0.5381275,0.5258909,0.5314818,0.52870536,0.5240077,0.534367,0.5216272,0.52476835,0.52681863,0.5295841,0.5302764,0.54121226,0.54087335,0.5278378,0.52842253,0.52973044,0.52549857,0.53436065,0.5302714,0.5271628,0.52471757,0.53322226,0.5371669,0.5345895,0.5224404,0.53057545,0.5310745,0.52938,0.5347891,0.53407186,0.5312226,0.5290007,0.5346905,0.5208928,0.52912277,0.53315383,0.53013337,0.525701,0.5192285,0.53924227,0.5296458,0.5308647,0.5327702,0.5285987,0.5286917,0.5278612,0.53467166,0.529901,0.5324328,0.5349357,0.52072245,0.53417516,0.5332939,0.5317199,0.5344633,0.53004664,0.53399944,0.53078604,0.53205174,0.5283003,0.5268811,0.5331871,0.53492725,0.53203034,0.52489406,0.5277549,0.53023547,0.526108,0.5327643,0.5314798,0.5239516,0.5344224,0.53470623,0.5302772,0.52727747,0.5316451,0.53844714,0.5304098,0.528807,0.5242805,0.5317048,0.5343735,0.5329056,0.5329087,0.52794695,0.5304174,0.52986026,0.53574264,0.52198493,0.5251171,0.5294334,0.5345176,0.5298355,0.5252526,0.53061944,0.521414,0.53382826,0.5297496,0.52726036,0.53127104,0.53292656,0.52189136,0.5278861,0.52759236,0.5264644,0.53643143,0.5338204,0.5291513,0.5282489,0.53060997,0.53462183,0.5327127,0.522268,0.5249262,0.5232242,0.5248272,0.528749,0.5260674,0.5274522,0.53095776,0.5281428,0.53011006,0.53085667,0.53309256,0.5279454,0.5299688,0.5297759,0.5252307,0.52911156,0.5312118,0.5281061,0.53045756,0.5291238,0.5253098,0.5288441,0.5296708,0.5293331,0.52665544,0.5242989,0.53448945,0.53384113,0.5358286,0.5212245,0.52476776,0.52817696,0.5308021,0.53497046,0.53007215,0.5279275,0.53416073,0.5316715,0.5318723,0.52681905,0.53538656,0.5314884,0.5251589,0.5306796,0.538079,0.5327628,0.5319722,0.532776,0.53257126,0.52687895,0.5286565,0.53931254,0.53224605
0.61011535,0.6103428,0.6011913,0.5961288,0.60981375,0.6068758,0.5996678,0.6030992,0.60413337,0.5994813,0.59594524,0.6099084,0.60422516,0.59550923,0.6030539,0.6027619,0.60213125,0.6003646,0.6088118,0.5966453,0.599516,0.6019546,0.6027871,0.60090774,0.595254,0.5980514,0.60170597,0.5986547,0.59731954,0.5972241,0.60761356,0.6015536,0.59669054,0.60557675,0.593578,0.6073524,0.60428876,0.60499895,0.6021679,0.5983403,0.6107439,0.5988357,0.59984374,0.61006373,0.5994596,0.6045154,0.5975226,0.60324794,0.6051365,0.59669936,0.6072011,0.60023004,0.60330266,0.6063462,0.6084756,0.5987838,0.60521257,0.5993284,0.59473044,0.6059559,0.5969465,0.6081114,0.59907305,0.5952312,0.6108539,0.6075285,0.60647947,0.60173523,0.60018957,0.5974531,0.6040268,0.5991846,0.6053878,0.60146457,0.60753995,0.6037638,0.6059356,0.60870755,0.60418653,0.60448414,0.60417163,0.598344,0.60494053,0.6049025,0.60574615,0.6034022,0.600956,0.6021902,0.6070816,0.60273725,0.60570884,0.6008685,0.60369533,0.5955097,0.6059117,0.6008627,0.60455865,0.59511876,0.6033574,0.60444355,0.60813504,0.60050964,0.6048199,0.59986615,0.60224617,0.6006836,0.60572326,0.6004593,0.60343283,0.5959319,0.60362136,0.60751104,0.6101391,0.6022532,0.5941544,0.59597015,0.6096167,0.6079574,0.60282713,0.5997392,0.6029569,0.6063403,0.5958109,0.6017385,0.59888434,0.60302836,0.59749776,0.6060351,0.6061243,0.6005364,0.60416675,0.599315,0.5914098,0.6011694,0.60136694,0.6133694,0.6108498,0.60476035,0.6155864,0.60011655,0.59640944,0.608399,0.60026324,0.6022921,0.6096088,0.6015777,0.5972464,0.59929484,0.59898156,0.6080022,0.60355604,0.60684186,0.600594,0.6003725,0.6001351,0.60461557,0.6098914,0.6062022,0.6055735,0.6037163,0.6045424,0.6009651,0.60057795,0.60238224,0.610668,0.60581404,0.6012753,0.60424733,0.6048797,0.5966496,0.6079814,0.60665643,0.60826015,0.6042021,0.602295,0.60787,0.6003667,0.6097291,0.6064993,0.60572577,0.6005449,0.6065314,0.6009757,0.6024606,0.6082148,0.5974751,0.60420173,0.60591537,0.59878373,0.5986371,0.5997293,0.6081757,0.6013251,0.60713035,0.60031796,0.60336465,0.61229384,0.5934377,0.60090345,0.6026093,0.6017768,0.605551,0.60076296,0.61038005,0.60200703,0.6044669,0.6025074,0.60963434,0.6082223,0.60841954,0.6004437,0.5992561,0.5989509,0.6078483,0.610127,0.59908044,0.6007147,0.6091669,0.5962103,0.6074908,0.6048575,0.59976804,0.6057566,0.6071036,0.60652524,0.5984955,0.6045773,0.607757,0.59665245,0.6049047,0.6022659,0.5968684,0.6041461,0.6014095,0.6048421,0.5995509,0.6083441,0.6106576,0.60216874,0.6026389,0.5997158,0.6059686,0.6057518,0.60411036,0.6076379,0.6011769,0.5995088,0.599692,0.6023595,0.60179275,0.60069597,0.5967449,0.60590786,0.6017402,0.60466594,0.60358626,0.59807926,0.60491145,0.5966176,0.60423446,0.6013882,0.5984333,0.60084677,0.60872614,0.6076968,0.60339075,0.60485184,0.6142212,0.5976753,0.60380644,0.60761285,0.6028115,0.6043618,0.60606915,0.60251194,0.60484034,0.59632343,0.60559446,0.60118896,0.60037136,0.60717916,0.607614,0.60369,0.6055698,0.600705,0.59290785,0.605659,0.6001457,0.6014879,0.59950703,0.5985507,0.5984603,0.60755736,0.6120629,0.60324585,0.60149246,0.60464275,0.60643244,0.60404986,0.6043698,0.60573214,0.60475796,0.6053738,0.60148335,0.6062403,0.60582626,0.60320854,0.61077785,0.60572314,0.6019571,0.60681784,0.60188586,0.61058974,0.60716754,0.60743046,0.59143007,0.6029722,0.60138065,0.59956676,0.59867257,0.60229486,0.60009253,0.6046105,0.6037112,0.6066931,0.6010595,0.6065278,0.60454106,0.59820426,0.6012582,0.6047067,0.60220945,0.6041928,0.6053642,0.60004926,0.5993289,0.6056907,0.6002658,0.6038779,0.6044195,0.6030886,0.6011964,0.60972965,0.60158974,0.60288227,0.60822064,0.6023754,0.6052185,0.6015975,0.60439605,0.5996061,0.60179394,0.6042403,0.6023026,0.6065085,0.6000774,0.5947381,0.5984065,0.60887325,0.59593946,0.6055853,0.60271114,0.602999,0.6005944,0.6046331,0.5997103,0.5936234,0.6008387,0.59748787,0.60318947,0.60119563,0.6019746,0.60415137,0.6072571,0.601109,0.60719645,0.6078907,0.60320544,0.6109151,0.6036686,0.60231495,0.6084504,0.60196465,0.596972,0.6020829,0.59957784,0.60868275,0.59985244,0.6021724,0.6029827,0.60380346,0.5999618,0.6064371,0.6121964,0.6042914,0.59727424,0.6020593,0.5988885,0.5961122,0.60718507,0.6014708,0.60707986,0.60239846,0.6028846,0.5967648,0.60897017,0.5990577,0.5989018,0.6012157,0.61192876,0.6026533,0.60419816,0.6115388,0.605916,0.597808,0.6106498,0.60559154,0.6016022,0.60659367,0.60248643,0.6049051,0.5999123,0.6051631,0.60638183,0.6038089,0.60538894,0.6068619,0.6086987,0.59957343,0.6071997,0.5932077,0.61194086,0.6045591,0.6044082,0.59906507,0.6012047,0.6091163,0.6092551,0.6044303,0.6079565,0.60575986,0.604496,0.60260487,0.5964386,0.60442305,0.5991799,0.60773057,0.6030301,0.6030367,0.60820067,0.6043797,0.6014516,0.59872335,0.607584,0.60171586,0.60438585,0.595142,0.59943575,0.60338074,0.6102085,0.6068542,0.59102464,0.601261,0.60557353,0.6046826,0.60012466,0.6040745,0.6043432,0.60564274,0.6057767,0.5975117,0.60711294,0.6060619,0.60927564,0.5974966,0.60617375,0.6081268,0.6059108,0.60690325,0.60274065,0.6034377,0.61176133,0.6018268,0.6093822,0.60565096,0.6024543,0.6006144,0.60756606,0.5961438,0.6016129,0.6005711,0.60231644,0.60463786,0.59596664,0.60021865,0.6065993,0.60126954,0.6027531,0.6050474,0.601175,0.6024849,0.60648555,0.60002196,0.60532576,0.6023711,0.5985416,0.6000789,0.6105499,0.60222876,0.6044089,0.6042732,0.59628934,0.59947807,0.6075089,0.5965449,0.60215956,0.59864753,0.6015844,0.6025547,0.6044317,0.5992624,0.6034342,0.60295486,0.60330945,0.60496384,0.5972525,0.6041872,0.6092822,0.60823107,0.6024446,0.60631824,0.6031399,0.60755575,0.6102005,0.6001364,0.6069503,0.6035822,0.59848875,0.5974505,0.6010269,0.60974866,0.61190057,0.5972758,0.60342014,0.60316956,0.6103357,0.6050378,0.600101,0.6057758,0.5958962,0.6001989,0.60115194,0.6014968,0.6051867,0.6015731,0.60398895,0.6042202,0.5992533,0.6080354,0.599642,0.60411304,0.6018751,0.6003476,0.60154736,0.60771173,0.60319823,0.6021652,0.5990162,0.5964048,0.60313106,0.60042727,0.60191447,0.59829086,0.6028842,0.6056335,0.6038054,0.6073636,0.61082166,0.5948977,0.60998815,0.59615636,0.6007517,0.60990804,0.60807174,0.59901255,0.6035273,0.6018187,0.6058685,0.5982435,0.60392267,0.60656846,0.6043994,0.60584986,0.59674054,0.6061072,0.60778344,0.6062455,0.6039103,0.6020317,0.60285515,0.6006262,0.6026039,0.60794455,0.6124894,0.60440964,0.6029762,0.608301,0.6112417,0.6057755,0.6005672,0.60248697,0.5993323,0.60996455,0.6005334,0.6065607,0.603789,0.60951513,0.60184234,0.6098689,0.6020216,0.6000831,0.6021006,0.59925526,0.6038049,0.6016863,0.6034441,0.6008431,0.5982205,0.60272926,0.60084146,0.60211146,0.60015345,0.59512013,0.60449785,0.6027803,0.60218275,0.60907996,0.5999315,0.6099098,0.60177916,0.60472316,0.59943664,0.5986622,0.60832757,0.6051371,0.6031563,0.60928625,0.6070669,0.5990154,0.60100734,0.6048757,0.5965722,0.6062364,0.59903705,0.60814697,0.6004901,0.6019678,0.5975235,0.6035791,0.6006162,0.60835457,0.59986913,0.60305434,0.60404843,0.60632354,0.59887433,0.6158037,0.60003555,0.595719,0.61212564,0.6090196,0.6055601,0.6066822,0.60383165,0.6004612,0.6001279,0.60315293,0.60015666,0.6096931,0.60950273,0.6029584,0.6042184,0.60093564,0.6035595,0.60644746,0.60347104,0.6055099,0.6060829,0.6052385,0.5938587,0.60499275,0.60234874,0.60843354,0.60052824,0.60357744,0.60160166,0.60492665,0.6054898,0.60058856,0.6017623,0.60122746,0.6036036,0.6036691,0.6066562,0.6079453,0.6018355,0.6031757,0.59762084,0.60751396,0.59716785,0.603508,0.6021202,0.59802437,0.5980553,0.6007724,0.59891695,0.6029978,0.6064862,0.60424286,0.60716134,0.60545367,0.59947795,0.5947402,0.59773684,0.600518,0.599209,0.6066875,0.60329527,0.6067117,0.6033644,0.6022499,0.6065351,0.600539,0.60219806,0.5970708,0.6011715,0.6042083,0.6045562,0.6019748,0.6018497,0.60481614,0.60561305,0.60290724,0.60772383,0.60736656,0.60585105,0.6042772,0.6096663,0.60432404,0.6031131,0.60417116,0.59843165,0.599825,0.60016024,0.6014486,0.60016406,0.60600924,0.6009146,0.6019088,0.5967471,0.6055579,0.5985784,0.60660934,0.6100204,0.60124356,0.60972404,0.5992108,0.6034645,0.6092923,0.60168064,0.5991634,0.603693,0.6062537,0.6020133,0.60464865,0.6055382,0.60432667,0.6025524,0.60191584,0.60125923,0.6027774,0.5984257,0.60759413,0.59757835,0.6045657,0.60611695,0.59505415,0.59467244,0.59746784,0.6016178,0.6014075,0.6019897,0.59836453,0.6032846,0.59325945,0.60129905,0.5995751,0.6002947,0.59907323,0.60947603,0.6071147,0.5982118,0.60092956,0.60362226,0.6055322,0.5984276,0.59837204,0.601886,0.6105252,0.59858465,0.6083466,0.594731,0.60714614,0.6075089,0.6012191,0.60221225,0.59738076,0.6007539,0.59875715,0.6045783,0.6035779,0.5925663,0.60353994,0.5993242,0.6046193,0.60004765,0.5980974,0.607177,0.5975532,0.5988778,0.6051997,0.60553193,0.6019931,0.60545665,0.60596246,0.6002129,0.6021477,0.6045881,0.5989527,0.60277617,0.59884495,0.5977219,0.5991207,0.6050025,0.60816395,0.6081309,0.61182857,0.60040045,0.6042568,0.6053804,0.6034432,0.6137169,0.6020417,0.60563797,0.6035755,0.59718907,0.6087837,0.60687506,0.59680575,0.6077229,0.6099115,0.60237163,0.60771817,0.6001593,0.60139877,0.597336,0.606491,0.5979703,0.5993458,0.6063691,0.60125923,0.6047077,0.59653366,0.6090828,0.6045419,0.60262966,0.6059438,0.59987664,0.60319227,0.5976076,0.60472125,0.6061851,0.6045668,0.60345733,0.59745324,0.60511523,0.60242754,0.60939807,0.6017575,0.59793735,0.6003192,0.6076679,0.6106072,0.6028876,0.60311013,0.6046544,0.6068058,0.60099804,0.601646,0.5988628,0.60438085,0.6065822,0.6066476,0.60792214,0.6036089,0.602332,0.61435395,0.59716994,0.60098946,0.6091924,0.605728,0.6074471,0.6060723,0.5980443,0.6021155,0.59932095,0.6081916,0.60700697,0.60897195,0.5965228,0.6066365,0.6096755,0.5986567,0.60051996,0.6048593,0.6070329,0.60694253,0.5950246,0.60678446,0.6007806,0.6100433,0.6050527,0.6068508,0.606941,0.60409683,0.60373574,0.6025043,0.602932,0.59443635,0.6130746,0.60204303,0.60908484,0.6042153,0.6015809,0.6088887,0.6034692,0.6002698,0.6010239,0.59898406,0.59682834,0.6021455,0.6030326,0.60438937,0.6072784,0.59824157,0.59905356,0.60187596,0.6041235,0.60244834,0.60571694,0.59837425,0.59944326,0.6029879,0.60900223,0.6052232,0.59916306,0.60846925,0.59761405,0.60561365,0.59692335,0.6043175,0.60206133,0.607868,0.6041488,0.6073897,0.6052076,0.59593815,0.604106,0.6020397,0.6025411,0.6040113,0.6040185,0.59930664,0.59697473,0.6088008,0.60516757,0.59792876,0.60633004,0.6015507,0.60521907,0.6025687,0.60589194,0.606743,0.60292923,0.60497105,0.59879917,0.6000949,0.59602404,0.60496163,0.59932584
0.8361507,0.83908755,0.8404696,0.84385043,0.8361087,0.8407892,0.8387308,0.84427285,0.84571624,0.83907557,0.840329,0.84346586,0.8443475,0.8384921,0.84255445,0.8327995,0.8430156,0.8447898,0.8402849,0.8400676,0.8459971,0.8443316,0.8369596,0.8456187,0.8405428,0.8400191,0.8415585,0.8375817,0.83835256,0.8345965,0.8382504,0.8472852,0.8402658,0.8433867,0.8357396,0.8398552,0.8430655,0.83994037,0.8365029,0.8388721,0.84011227,0.8424554,0.8390865,0.8449365,0.84041464,0.83879095,0.84100556,0.8430781,0.84587026,0.8352521,0.8398122,0.8386298,0.8388614,0.84361565,0.8411243,0.8437653,0.84329456,0.83962864,0.8330915,0.84451616,0.84433126,0.8442272,0.84256566,0.8359837,0.8440027,0.8393991,0.839873,0.8370202,0.83674055,0.8432695,0.845993,0.8370622,0.8435642,0.8414347,0.83723116,0.8471271,0.83666146,0.83699715,0.84195125,0.84650886,0.84368896,0.8431941,0.83445925,0.8398586,0.845251,0.84244484,0.8366805,0.8437449,0.8444986,0.8404781,0.8387229,0.8374914,0.8358929,0.83431697,0.8483587,0.83719766,0.8434165,0.8331462,0.8344478,0.8443311,0.8400566,0.83827287,0.8370069,0.8405365,0.844875,0.8360709,0.8415758,0.845045,0.84814924,0.8330235,0.8501714,0.8386037,0.84723467,0.8406524,0.8356247,0.83926034,0.8511679,0.8405545,0.8405203,0.8410527,0.8342435,0.84914416,0.8378916,0.8383561,0.83129615,0.83849406,0.83848363,0.84092337,0.8454777,0.84495306,0.8427192,0.84985054,0.8419848,0.84116465,0.8341083,0.84216845,0.84518063,0.83833236,0.8459464,0.8377406,0.8356778,0.84057575,0.83616203,0.8433861,0.8486612,0.8480902,0.84258837,0.84815025,0.83819973,0.84113145,0.8371956,0.83714616,0.8375235,0.8410724,0.84588474,0.8432336,0.84822357,0.8436756,0.8458413,0.83576167,0.8422465,0.8432451,0.83776516,0.84339076,0.8430454,0.8379296,0.8436266,0.8416412,0.84155774,0.8336687,0.85104555,0.8440043,0.84171194,0.84442747,0.8287441,0.8481726,0.8441646,0.8372526,0.8374195,0.8417807,0.84100693,0.8398158,0.843962,0.83858573,0.83397716,0.8385802,0.84068745,0.8541113,0.8407535,0.8456288,0.83823323,0.8447767,0.84101796,0.84056187,0.8444287,0.8375564,0.84513384,0.8374537,0.8376784,0.8403432,0.8396496,0.84176975,0.83887637,0.8418381,0.8411688,0.83945435,0.8487881,0.8411435,0.84779435,0.84131676,0.83839494,0.84453595,0.8401312,0.84367275,0.8441984,0.84181714,0.841905,0.84050184,0.84107035,0.844588,0.844495,0.83548766,0.8396266,0.8361569,0.84115034,0.8389054,0.83726984,0.8504261,0.8412843,0.84348416,0.83714944,0.8399779,0.8357587,0.84124243,0.83748794,0.8449295,0.84018964,0.83918196,0.8415943,0.838822,0.8385967,0.8399205,0.83909637,0.83697116,0.83681977,0.84151405,0.83712316,0.8351025,0.8465943,0.8431775,0.8375916,0.84515184,0.8408611,0.837598,0.84575444,0.83763635,0.83818465,0.8433459,0.83954173,0.84267396,0.83906925,0.83471304,0.8336195,0.8444787,0.8422256,0.8463672,0.8468284,0.84220785,0.83844185,0.8418715,0.84633774,0.8394847,0.8427546,0.8418668,0.8422646,0.8344109,0.8334566,0.8443548,0.8421549,0.84109604,0.84182256,0.8369556,0.84241086,0.84464395,0.8314269,0.84093165,0.8399401,0.84364283,0.8359115,0.8358236,0.8490624,0.8414397,0.84598166,0.8391544,0.8443544,0.8375365,0.84230375,0.84347034,0.8397523,0.84876907,0.84559464,0.8428963,0.8394266,0.8399831,0.8464585,0.83983403,0.8429457,0.8381894,0.84217024,0.83966464,0.8424513,0.83587784,0.8409351,0.84573746,0.83588284,0.83933634,0.8376297,0.8380169,0.8362324,0.84691644,0.8357407,0.8400819,0.83946574,0.8383158,0.8431578,0.8351393,0.8375845,0.84549785,0.8384932,0.84510475,0.8384247,0.84169924,0.8448594,0.8368784,0.8380957,0.8454315,0.84025085,0.83796287,0.84860563,0.837041,0.8392074,0.8349383,0.8417557,0.83055156,0.84052825,0.8402031,0.8449758,0.8353186,0.8354177,0.8402955,0.83357763,0.84294,0.8488302,0.8396355,0.84094536,0.8378993,0.841832,0.83703995,0.8459277,0.8381902,0.83563906,0.8426852,0.8444774,0.8442621,0.843299,0.8329991,0.83680856,0.8427654,0.84068716,0.8396866,0.8363787,0.8418657,0.8443351,0.842643,0.8414506,0.8332799,0.83661515,0.84240043,0.836901,0.84290373,0.8481259,0.83558875,0.840886,0.8384342,0.84064007,0.83671457,0.8474027,0.8435628,0.8446595,0.8414855,0.83735734,0.83935696,0.8449042,0.8345467,0.83566177,0.8377956,0.84623253,0.8373606,0.8375899,0.8476547,0.84971684,0.8434863,0.83646894,0.84247565,0.8392001,0.8409507,0.8413728,0.8335847,0.8382927,0.84374946,0.84413016,0.83432245,0.83914346,0.8426501,0.84229606,0.83961064,0.8440031,0.84610164,0.84584904,0.83608776,0.8346945,0.8374092,0.8404686,0.84404624,0.83464515,0.8432734,0.8444234,0.8450104,0.84321094,0.8448042,0.83726084,0.8398417,0.8418552,0.8399086,0.83628327,0.84281707,0.8388777,0.8383427,0.8341793,0.83556646,0.84165496,0.83966327,0.8402982,0.84051484,0.8432448,0.842728,0.84076524,0.83703905,0.8345916,0.8417935,0.8301718,0.84306616,0.84577376,0.8376445,0.83895975,0.8450338,0.83657295,0.84594107,0.8400179,0.8447442,0.842021,0.8400427,0.8379082,0.8386497,0.84310925,0.8423283,0.8378842,0.83617955,0.8413108,0.8384132,0.84677947,0.8406378,0.84087056,0.8384929,0.8420452,0.84213597,0.8424298,0.84062004,0.8476616,0.8492286,0.84045047,0.8419755,0.8428367,0.84691364,0.83894783,0.8425767,0.84293586,0.84280217,0.84264183,0.84417903,0.8431143,0.84270376,0.83852226,0.8367823,0.84007317,0.84066737,0.83805245,0.8409012,0.84215176,0.8420349,0.8410313,0.8374462,0.8424959,0.8460027,0.8378338,0.8413436,0.83562845,0.84635127,0.83875173,0.8418822,0.841698,0.84045774,0.84039795,0.8363214,0.8428927,0.8466074,0.8427317,0.8383906,0.8418114,0.842074,0.8452884,0.83945113,0.8366516,0.84337234,0.83787274,0.84142095,0.8321424,0.8494889,0.8442082,0.8425165,0.8346217,0.83840454,0.8416105,0.8427036,0.84271014,0.84527916,0.8430986,0.84365946,0.8448695,0.8400416,0.8487346,0.83803284,0.8380897,0.8438886,0.8478947,0.8471196,0.83679265,0.84311485,0.8382411,0.838962,0.8425316,0.8444612,0.8349803,0.8377898,0.84814554,0.8405174,0.8373148,0.84188545,0.83754385,0.83971363,0.83808285,0.8492917,0.8462101,0.8330869,0.84360135,0.8505282,0.8406538,0.8350301,0.83861816,0.83764476,0.8436158,0.84117806,0.8466516,0.8428863,0.84043354,0.83800423,0.8440241,0.84511787,0.83722407,0.8450081,0.8430907,0.84273946,0.8435614,0.8403171,0.8385581,0.8418165,0.8356656,0.84858274,0.82755256,0.8392033,0.84820265,0.84279305,0.84037495,0.8362994,0.839843,0.8432524,0.8378525,0.8419877,0.8393764,0.83901554,0.83991086,0.8369952,0.84449863,0.8387325,0.8387603,0.83667874,0.84076566,0.84949243,0.84338576,0.839504,0.8368799,0.8414684,0.8448335,0.84121996,0.83670807,0.83239084,0.84020364,0.8403413,0.8422829,0.83536613,0.83902997,0.8418401,0.83834285,0.83175045,0.83692175,0.83996904,0.846758,0.8406745,0.83919173,0.84043896,0.8467197,0.84281987,0.8414748,0.843621,0.8396957,0.83167845,0.83311677,0.8424634,0.84300894,0.83988017,0.8389532,0.8397485,0.84250075,0.8433033,0.8496456,0.83704436,0.8384078,0.84083277,0.8340789,0.8407049,0.8432423,0.8428352,0.83892834,0.84080845,0.84156746,0.84601724,0.83578575,0.8408041,0.8372949,0.8386462,0.84047985,0.84518206,0.84468323,0.84327257,0.8426143,0.8414903,0.84163386,0.8439028,0.8376384,0.84648865,0.8382798,0.8402154,0.84101003,0.83719325,0.8430348,0.8407351,0.8376447,0.8426167,0.85066414,0.8418713,0.8399903,0.837923,0.8416196,0.8397761,0.8379598,0.8408804,0.8445824,0.8364222,0.84467274,0.8442124,0.8345267,0.8407739,0.8425676,0.8464922,0.83770883,0.8444283,0.8436726,0.84239864,0.8434207,0.8347532,0.84026176,0.84848493,0.83622223,0.83743095,0.83961654,0.8435905,0.8429667,0.8383052,0.8436436,0.84425974,0.8471716,0.84423506,0.83903027,0.83962417,0.8422142,0.8379837,0.84044826,0.8445243,0.8432937,0.84268,0.84412766,0.84364223,0.8336421,0.83659154,0.8393071,0.83653283,0.83977723,0.8400384,0.840888,0.83764535,0.83882654,0.84034497,0.83617437,0.8374761,0.8423757,0.840198,0.84207207,0.83843714,0.83548266,0.83326524,0.84201676,0.8391809,0.84091383,0.84796625,0.84334964,0.84066564,0.8400495,0.840407,0.8440694,0.8438142,0.8403923,0.8350276,0.8390497,0.83487606,0.84098357,0.8500663,0.8397454,0.8393516,0.8403895,0.8341265,0.8406059,0.84028023,0.8459286,0.8350069,0.83702767,0.84047633,0.8394941,0.84106547,0.8419097,0.84497434,0.8445897,0.8491879,0.8356824,0.8378333,0.8408098,0.83894694,0.84292376,0.8310977,0.8400176,0.8421828,0.835813,0.8391122,0.83527976,0.8396447,0.8459483,0.8415255,0.833856,0.8358652,0.8405711,0.8370418,0.8430731,0.8406112,0.840537,0.83997935,0.83308387,0.83839136,0.8374248,0.8416623,0.8408364,0.84205705,0.8480234,0.84502816,0.8412224,0.83960354,0.83938086,0.83796746,0.84341174,0.8384063,0.8470915,0.8338005,0.842705,0.8387876,0.84430164,0.8380868,0.8345702,0.8392142,0.8365188,0.8388391,0.83730584,0.84605646,0.84418386,0.8451423,0.84507823,0.8418637,0.84652495,0.83971405,0.838311,0.84021115,0.8411296,0.8327329,0.84884375,0.84466183,0.83734834,0.8339244,0.84357196,0.84243673,0.83875763,0.8405973,0.84115,0.8391481,0.8416196,0.839361,0.84360373,0.84645456,0.8485907,0.84483016,0.8406537,0.8418336,0.8307694,0.84465444,0.8475276,0.84400666,0.8411087,0.8391879,0.8431771,0.84156126,0.84115815,0.84259135,0.8355578,0.83673733,0.846787,0.83836204,0.8395903,0.83797425,0.83325607,0.8408777,0.8429597,0.8398118,0.8444526,0.8403981,0.8464398,0.847008,0.83565795,0.8432013,0.8464515,0.84277266,0.83968055,0.83729935,0.83575535,0.84048766,0.8443266,0.834214,0.83515716,0.836623,0.83453643,0.8418438,0.8415634,0.84155273,0.8354936,0.8329683,0.8466091,0.8389655,0.84117746,0.8451269,0.8438792,0.8388238,0.8350228,0.840477,0.846315,0.8393268,0.83779246,0.8399331,0.8422963,0.8483919,0.8484474,0.8427337,0.847019,0.84119934,0.8431818,0.84339774,0.8406204,0.83945495,0.83887535,0.84800017,0.8370417,0.84320956,0.84179354,0.84962803,0.8437964,0.8359249,0.83783424,0.84298617,0.8385662,0.84009504,0.83820075,0.8388477,0.8418468,0.836452,0.8431274,0.840722,0.8388632,0.84486145,0.8400141,0.8415859,0.83435446,0.84311247,0.83480066,0.83952004,0.83616436,0.8394148,0.843498,0.843793,0.8498272,0.84149694,0.8407554,0.8425846,0.8469795,0.8415129,0.8391037,0.8361963,0.835015,0.84144264,0.84311366,0.84933066,0.83438563,0.839832,0.8380788,0.8408015,0.845832,0.8457834,0.8393532,0.8420453,0.83180916,0.84101516,0.8412613,0.83481735,0.83871824,0.83427316,0.8431965,0.83711416,0.83668,0.8397889,0.84080845,0.8477545,0.8460533,0.84322286,0.8451836,0.84371644,0.84831494,0.8435485,0.8400967,0.84208727,0.83894056,0.8351398,0.8455707,0.83529454,0.83707196,0.8427566,0.8400127,0.8420017,0.84151953,0.8365622,0.836549,0.8407045,0.8361317,0.84148324,0.83668965,0.83735085,0.83866847,0.8356544
0.66770256,0.67721915,0.67153615,0.67110544,0.67052263,0.66720724,0.6696308,0.67498845,0.6690242,0.6727813,0.6593161,0.6724059,0.6760313,0.669547,0.6637149,0.6647277,0.6824501,0.6656809,0.6681812,0.6708964,0.67609525,0.6631906,0.670979,0.66831386,0.67153466,0.666649,0.6704376,0.6713473,0.67536956,0.66658473,0.6706438,0.6704355,0.66709894,0.6689853,0.6734629,0.6653505,0.6647692,0.66593987,0.67081255,0.6685013,0.6691484,0.66846645,0.6695859,0.6803361,0.67428625,0.6680225,0.6664378,0.6664194,0.6678513,0.67049694,0.6736411,0.66504276,0.6697844,0.67627454,0.6724798,0.676727,0.67717934,0.6698258,0.6707901,0.66591585,0.6717213,0.6697733,0.6687995,0.6753284,0.66987264,0.6664429,0.6678549,0.66962355,0.667644,0.66737926,0.6774463,0.67189705,0.6717269,0.67666143,0.66740006,0.6680329,0.6644884,0.6691632,0.66712284,0.67133695,0.66604036,0.67114353,0.6630701,0.67318666,0.6725578,0.67105913,0.6675224,0.6721621,0.6742291,0.6672932,0.67264956,0.6665884,0.6634145,0.66554856,0.6661043,0.67284584,0.67352027,0.6641911,0.66677344,0.66917974,0.66963184,0.67582464,0.67463964,0.67445374,0.6720698,0.6621365,0.6754121,0.6734915,0.667896,0.66811407,0.6702227,0.66556996,0.6764308,0.66984385,0.66658837,0.67349696,0.67548335,0.6669183,0.6704573,0.6713328,0.6686148,0.67130065,0.6721671,0.66948116,0.664494,0.669794,0.6720568,0.6737954,0.6725119,0.6729044,0.6728602,0.6679274,0.6690263,0.6715445,0.66915995,0.6727312,0.6715205,0.6753774,0.67491126,0.6672959,0.66900724,0.6744206,0.66609454,0.6787921,0.6789512,0.6748486,0.6696423,0.6710448,0.66323054,0.67096657,0.66684145,0.66248995,0.6669827,0.6644397,0.67003924,0.67089266,0.6732128,0.6728508,0.67573607,0.66471994,0.6706693,0.67115796,0.6665589,0.6744683,0.6723963,0.6743769,0.6782063,0.67402375,0.6740154,0.67155063,0.67537373,0.66876316,0.66988987,0.67271864,0.6619964,0.67060244,0.67326313,0.6689166,0.67048365,0.66888946,0.66804683,0.669786,0.66783464,0.66786695,0.6692957,0.66777474,0.67231214,0.6809965,0.665924,0.67752,0.6731072,0.6738241,0.66659117,0.6672377,0.67119473,0.66437304,0.6733116,0.66733813,0.6698619,0.6632499,0.6711492,0.6690339,0.66705775,0.6753329,0.6731262,0.6778807,0.6685746,0.66824746,0.66803426,0.66490597,0.66761017,0.67002857,0.6725155,0.6760802,0.6719001,0.6616736,0.6733848,0.67306644,0.6733424,0.6701386,0.6723731,0.6715124,0.6746352,0.672616,0.6677399,0.6716137,0.6672893,0.6738912,0.67170656,0.6700756,0.6678759,0.6726742,0.6711115,0.6687164,0.66468406,0.6636627,0.66869164,0.66686213,0.672483,0.67525876,0.6590339,0.6701731,0.66870815,0.67029023,0.6705309,0.66400737,0.6669973,0.668008,0.67224216,0.67160696,0.67432,0.67236435,0.6710506,0.668721,0.6692149,0.6731067,0.6657418,0.6722871,0.6672833,0.66962606,0.6694167,0.6639057,0.6671669,0.67029303,0.67291003,0.6704912,0.6688575,0.6728121,0.6681472,0.6684051,0.67292607,0.66813207,0.6748521,0.6727364,0.67161673,0.6723951,0.6672223,0.6682372,0.671208,0.667969,0.6754294,0.6734061,0.675647,0.6759932,0.6682446,0.66618466,0.67192656,0.6676693,0.67474914,0.6722165,0.66819215,0.6701284,0.6732267,0.6723501,0.6616546,0.66695166,0.67345876,0.66954017,0.6718269,0.6737251,0.6770445,0.67361945,0.66718435,0.67039365,0.6701344,0.66421044,0.6731846,0.67184883,0.67145497,0.6761538,0.67473006,0.6713166,0.6682441,0.66844404,0.6695127,0.670239,0.67125773,0.67282975,0.66865003,0.67717105,0.6685593,0.67191255,0.66428524,0.66849315,0.6724959,0.67223567,0.6699433,0.67638284,0.6722488,0.67168236,0.67617875,0.6676762,0.6717836,0.67130893,0.66449416,0.6760138,0.66953,0.6683482,0.6683271,0.6716778,0.6715852,0.6682624,0.67505413,0.6673612,0.66837573,0.6679129,0.67046773,0.6697223,0.6678107,0.67204326,0.6608271,0.6684259,0.6656912,0.6696751,0.66968316,0.6721148,0.67245954,0.6767823,0.6749158,0.66752815,0.6756163,0.67270964,0.67410815,0.6745317,0.6729809,0.66678447,0.66699684,0.668228,0.669083,0.6734972,0.6679077,0.6747517,0.667885,0.66086954,0.667648,0.66754544,0.6694507,0.6739411,0.66453785,0.6681599,0.6758342,0.67381704,0.66303277,0.66879314,0.67193615,0.66783166,0.68192977,0.6749374,0.67124677,0.6707299,0.6682347,0.6701835,0.67475706,0.6663251,0.67165875,0.6757665,0.66988677,0.6718447,0.6704206,0.67136174,0.67712086,0.6752114,0.666667,0.666504,0.67109483,0.6716154,0.6692822,0.6694949,0.66635317,0.67896885,0.6695246,0.6741937,0.6718907,0.6693751,0.67055416,0.6690167,0.67355347,0.66911954,0.6704592,0.6683948,0.6703631,0.6698329,0.67017704,0.6717546,0.67394733,0.67872053,0.6722206,0.66916686,0.6677155,0.67388827,0.67550164,0.6740354,0.67728835,0.67008543,0.665351,0.6707686,0.67366534,0.6711424,0.664626,0.6715114,0.6677877,0.67006516,0.67603904,0.6700017,0.67156255,0.66737807,0.666504,0.6656507,0.67067397,0.67843753,0.6747762,0.66763115,0.66981184,0.663137,0.6729284,0.669056,0.6719678,0.6769371,0.67302144,0.6742387,0.6751813,0.67210954,0.67002034,0.67003495,0.678929,0.6756156,0.6781456,0.6720614,0.66578585,0.6665675,0.67528784,0.67422193,0.6743453,0.66946286,0.6678734,0.6744935,0.670804,0.6663059,0.67086387,0.67395777,0.6693329,0.6713391,0.67412436,0.6730052,0.6624474,0.6710822,0.66592973,0.66852486,0.6685386,0.66842985,0.6653281,0.6691564,0.66841704,0.67136663,0.6723957,0.6714519,0.67876863,0.6694634,0.66482,0.6709109,0.67032546,0.66951257,0.67064744,0.6772876,0.67329174,0.67356235,0.6727874,0.6702401,0.67074287,0.6724565,0.6762521,0.66999614,0.6758529,0.6703546,0.6694878,0.6748116,0.66993034,0.67332053,0.6778525,0.67023516,0.6705025,0.6730273,0.6657764,0.66501415,0.6719879,0.67090034,0.66657746,0.6715299,0.676783,0.66813105,0.6715968,0.67828554,0.66389245,0.67592305,0.6655834,0.67373526,0.66884583,0.67238104,0.6693967,0.6754243,0.6793807,0.67133844,0.6711309,0.67363614,0.67660904,0.6700002,0.6740628,0.668273,0.6689752,0.6719066,0.67878336,0.67357326,0.6688069,0.66757286,0.6696236,0.67286545,0.6721528,0.66655123,0.6713321,0.67326325,0.67236555,0.67228734,0.66981494,0.6662453,0.66442376,0.67105937,0.6695906,0.6692283,0.66775393,0.6663977,0.6701383,0.6707641,0.6743686,0.67226934,0.6647845,0.6695747,0.6773521,0.6703622,0.66821617,0.67163914,0.6761989,0.6722485,0.67082286,0.6692613,0.6693042,0.6727984,0.6723309,0.6832734,0.6625875,0.6710949,0.6756929,0.67512715,0.6664377,0.6722898,0.6764444,0.6706425,0.67002445,0.6664515,0.6792484,0.6747611,0.6709597,0.667404,0.669908,0.66967696,0.6720778,0.6687562,0.6730471,0.6688401,0.6729303,0.67509776,0.66920376,0.67078096,0.6700515,0.6678388,0.6695021,0.6653478,0.6715899,0.66508543,0.6710519,0.6745678,0.67530537,0.6675878,0.67207044,0.66330636,0.6719478,0.67065704,0.6730765,0.66580176,0.6697352,0.67551666,0.67272913,0.6677603,0.66573995,0.6691444,0.67200035,0.66483206,0.66871697,0.6737885,0.67287284,0.67080617,0.66796094,0.6700578,0.6683458,0.67177236,0.6687801,0.6643045,0.6725696,0.6701179,0.663293,0.66468096,0.6774221,0.6707993,0.6663364,0.6768077,0.6666853,0.67191195,0.67541504,0.66519845,0.66529375,0.6643611,0.6627226,0.673403,0.6701207,0.669313,0.67876494,0.6726725,0.6640924,0.6753386,0.66917527,0.6735684,0.6700123,0.673673,0.67136204,0.66888136,0.6705335,0.6647509,0.6700146,0.6798421,0.6774568,0.6761346,0.6732873,0.6669967,0.6729825,0.6706213,0.669054,0.6741499,0.672947,0.667334,0.67063606,0.6723325,0.6621467,0.6755382,0.6689519,0.66481596,0.66744506,0.6717873,0.6792877,0.6816717,0.6759513,0.66902816,0.6671406,0.6754486,0.6733088,0.6739677,0.6675153,0.67463243,0.6753289,0.66889966,0.67079043,0.66661555,0.6751727,0.6743128,0.66894656,0.6671475,0.6704289,0.66366017,0.6754789,0.6734029,0.67142236,0.6707581,0.6743627,0.66762626,0.6685169,0.67002004,0.66491276,0.6703019,0.6646016,0.6719257,0.67529196,0.67310715,0.6687764,0.6669606,0.6657793,0.6649269,0.6791463,0.6722068,0.6742987,0.669379,0.66827303,0.6686109,0.6704824,0.6672607,0.6645429,0.67567426,0.67049277,0.67428476,0.677609,0.6788197,0.66625756,0.66824377,0.67089474,0.67134535,0.6611267,0.66613406,0.6681217,0.6735738,0.66105163,0.6678893,0.6774293,0.66259223,0.67439854,0.66618884,0.66713405,0.66824466,0.669739,0.66991234,0.66850364,0.6696653,0.6705841,0.6688052,0.6747088,0.6781225,0.67070705,0.67331904,0.6690829,0.67110175,0.66820055,0.66836196,0.6713833,0.6713956,0.67431337,0.6614938,0.66964066,0.66678876,0.6711903,0.66714466,0.6729147,0.6664165,0.67445594,0.66857284,0.6721607,0.66972625,0.6667798,0.66483945,0.6654689,0.66323614,0.6710842,0.66714597,0.6643647,0.6676642,0.675291,0.6691123,0.67098445,0.66523784,0.66863054,0.66709936,0.6736375,0.66604537,0.686137,0.66590816,0.67653984,0.6640656,0.67223066,0.6692034,0.66371286,0.6773662,0.67174065,0.6701889,0.66660285,0.6702318,0.6692242,0.672017,0.67578816,0.66593176,0.6762719,0.6728119,0.66650105,0.6720664,0.6700555,0.66820735,0.67751354,0.6739851,0.6754341,0.66850835,0.67099315,0.67647475,0.67135656,0.6750877,0.6705904,0.66896546,0.6807897,0.6689793,0.67636293,0.6750416,0.66832936,0.6687798,0.6766422,0.66735655,0.6717558,0.6661255,0.67237234,0.67577505,0.666679,0.6711183,0.6679875,0.672691,0.6738022,0.6700484,0.67104095,0.67116135,0.6711889,0.66643226,0.67308104,0.6727029,0.66131616,0.6722354,0.673108,0.6683055,0.6791499,0.6625196,0.67126894,0.6806075,0.6693123,0.6769148,0.6722279,0.6647272,0.66678387,0.66320497,0.67311347,0.6741386,0.66924584,0.6695057,0.66653687,0.6705619,0.6605404,0.66769147,0.66230935,0.6710966,0.66674405,0.6601699,0.6710645,0.66802377,0.6635443,0.66931236,0.6745286,0.66831857,0.6672984,0.6669639,0.6705883,0.6711507,0.66628116,0.66417414,0.67178756,0.677357,0.67181045,0.6651244,0.682746,0.6709409,0.67030025,0.67467356,0.6691669,0.6705461,0.67137355,0.677583,0.6640955,0.6701796,0.6717885,0.679449,0.6723051,0.6686415,0.67574835,0.6714103,0.6680535,0.6599313,0.6747859,0.6703876,0.6730856,0.6721386,0.6735745,0.66748536,0.6755626,0.67637616,0.66546273,0.66801864,0.67368335,0.66735756,0.66496915,0.6677947,0.66800565,0.6752112,0.66875565,0.66943115,0.67231554,0.6656219,0.6714345,0.6688311,0.6740917,0.66962284,0.67468023,0.6674872,0.6710661,0.66412187,0.6746709,0.67264295,0.6654857,0.66444194,0.6689256,0.6680765,0.6735552,0.6741093,0.67193097,0.67326915,0.66374576,0.6663983,0.66862476,0.6717563,0.6734495,0.6674312,0.66833425,0.6688245,0.6702293,0.6689057,0.67755044,0.67456186,0.6727764,0.6730355,0.67455536,0.66304964,0.6765156,0.677854,0.6674501,0.6759002,0.6658044,0.66402346,0.67140746,0.670291,0.6618993,0.6709542,0.6681325,0.66553533,0.67120713,0.6700036,0.67509,0.6729381,0.66517985,0.67208594,0.6645411,0.6660616,0.6708838,0.6661885
0.0,0.0,0.0,0.0,0.0,0.0,0.0,0.0,0.0,0.0,0.0,0.0,0.0,0.0,0.0,0.0,0.0,0.0,0.0,0.0,0.0,0.0,0.0,0.0,0.0,0.0,0.0,0.0,0.0,0.0,0.0,0.0,0.0,0.0,0.0,0.0,0.0,0.0,0.0,0.0,0.0,0.0,0.0,0.0,0.0,0.0,0.0,0.0,0.0,0.0,0.0,0.0,0.0,0.0,0.0,0.0,0.0,0.0,0.0,0.0,0.0,0.0,0.0,0.0,0.0,0.0,0.0,0.0,0.0,0.0,0.0,0.0,0.0,0.0,0.0,0.0,0.0,0.0,0.0,0.0,0.0,0.0,0.0,0.0,0.0,0.0,0.0,0.0,0.0,0.0,0.0,0.0,0.0,0.0,0.0,0.0,0.0,0.0,0.0,0.0,0.0,0.0,0.0,0.0,0.0,0.0,0.0,0.0,0.0,0.0,0.0,0.0,0.0,0.0,0.0,0.0,0.0,0.0,0.0,0.0,0.0,0.0,0.0,0.0,0.0,0.0,0.0,0.0,0.0,0.0,0.0,0.0,0.0,0.0,0.0,0.0,0.0,0.0,0.0,0.0,0.0,0.0,0.0,0.0,0.0,0.0,0.0,0.0,0.0,0.0,0.0,0.0,0.0,0.0,0.0,0.0,0.0,0.0,0.0,0.0,0.0,0.0,0.0,0.0,0.0,0.0,0.0,0.0,0.0,0.0,0.0,0.0,0.0,0.0,0.0,0.0,0.0,0.0,0.0,0.0,0.0,0.0,0.0,0.0,0.0,0.0,0.0,0.0,0.0,0.0,0.0,0.0,0.0,0.0,0.0,0.0,0.0,0.0,0.0,0.0,0.0,0.0,0.0,0.0,0.0,0.0,0.0,0.0,0.0,0.0,0.0,0.0,0.0,0.0,0.0,0.0,0.0,0.0,0.0,0.0,0.0,0.0,0.0,0.0,0.0,0.0,0.0,0.0,0.0,0.0,0.0,0.0,0.0,0.0,0.0,0.0,0.0,0.0,0.0,0.0,0.0,0.0,0.0,0.0,0.0,0.0,0.0,0.0,0.0,0.0,0.0,0.0,0.0,0.0,0.0,0.0,0.0,0.0,0.0,0.0,0.0,0.0,0.0,0.0,0.0,0.0,0.0,0.0,0.0,0.0,0.0,0.0,0.0,0.0,0.0,0.0,0.0,0.0,0.0,0.0,0.0,0.0,0.0,0.0,0.0,0.0,0.0,0.0,0.0,0.0,0.0,0.0,0.0,0.0,0.0,0.0,0.0,0.0,0.0,0.0,0.0,0.0,0.0,0.0,0.0,0.0,0.0,0.0,0.0,0.0,0.0,0.0,0.0,0.0,0.0,0.0,0.0,0.0,0.0,0.0,0.0,0.0,0.0,0.0,0.0,0.0,0.0,0.0,0.0,0.0,0.0,0.0,0.0,0.0,0.0,0.0,0.0,0.0,0.0,0.0,0.0,0.0,0.0,0.0,0.0,0.0,0.0,0.0,0.0,0.0,0.0,0.0,0.0,0.0,0.0,0.0,0.0,0.0,0.0,0.0,0.0,0.0,0.0,0.0,0.0,0.0,0.0,0.0,0.0,0.0,0.0,0.0,0.0,0.0,0.0,0.0,0.0,0.0,0.0,0.0,0.0,0.0,0.0,0.0,0.0,0.0,0.0,0.0,0.0,0.0,0.0,0.0,0.0,0.0,0.0,0.0,0.0,0.0,0.0,0.0,0.0,0.0,0.0,0.0,0.0,0.0,0.0,0.0,0.0,0.0,0.0,0.0,0.0,0.0,0.0,0.0,0.0,0.0,0.0,0.0,0.0,0.0,0.0,0.0,0.0,0.0,0.0,0.0,0.0,0.0,0.0,0.0,0.0,0.0,0.0,0.0,0.0,0.0,0.0,0.0,0.0,0.0,0.0,0.0,0.0,0.0,0.0,0.0,0.0,0.0,0.0,0.0,0.0,0.0,0.0,0.0,0.0,0.0,0.0,0.0,0.0,0.0,0.0,0.0,0.0,0.0,0.0,0.0,0.0,0.0,0.0,0.0,0.0,0.0,0.0,0.0,0.0,0.0,0.0,0.0,0.0,0.0,0.0,0.0,0.0,0.0,0.0,0.0,0.0,0.0,0.0,0.0,0.0,0.0,0.0,0.0,0.0,0.0,0.0,0.0,0.0,0.0,0.0,0.0,0.0,0.0,0.0,0.0,0.0,0.0,0.0,0.0,0.0,0.0,0.0,0.0,0.0,0.0,0.0,0.0,0.0,0.0,0.0,0.0,0.0,0.0,0.0,0.0,0.0,0.0,0.0,0.0,0.0,0.0,0.0,0.0,0.0,0.0,0.0,0.0,0.0,0.0,0.0,0.0,0.0,0.0,0.0,0.0,0.0,0.0,0.0,0.0,0.0,0.0,0.0,0.0,0.0,0.0,0.0,0.0,0.0,0.0,0.0,0.0,0.0,0.0,0.0,0.0,0.0,0.0,0.0,0.0,0.0,0.0,0.0,0.0,0.0,0.0,0.0,0.0,0.0,0.0,0.0,0.0,0.0,0.0,0.0,0.0,0.0,0.0,0.0,0.0,0.0,0.0,0.0,0.0,0.0,0.0,0.0,0.0,0.0,0.0,0.0,0.0,0.0,0.0,0.0,0.0,0.0,0.0,0.0,0.0,0.0,0.0,0.0,0.0,0.0,0.0,0.0,0.0,0.0,0.0,0.0,0.0,0.0,0.0,0.0,0.0,0.0,0.0,0.0,0.0,0.0,0.0,0.0,0.0,0.0,0.0,0.0,0.0,0.0,0.0,0.0,0.0,0.0,0.0,0.0,0.0,0.0,0.0,0.0,0.0,0.0,0.0,0.0,0.0,0.0,0.0,0.0,0.0,0.0,0.0,0.0,0.0,0.0,0.0,0.0,0.0,0.0,0.0,0.0,0.0,0.0,0.0,0.0,0.0,0.0,0.0,0.0,0.0,0.0,0.0,0.0,0.0,0.0,0.0,0.0,0.0,0.0,0.0,0.0,0.0,0.0,0.0,0.0,0.0,0.0,0.0,0.0,0.0,0.0,0.0,0.0,0.0,0.0,0.0,0.0,0.0,0.0,0.0,0.0,0.0,0.0,0.0,0.0,0.0,0.0,0.0,0.0,0.0,0.0,0.0,0.0,0.0,0.0,0.0,0.0,0.0,0.0,0.0,0.0,0.0,0.0,0.0,0.0,0.0,0.0,0.0,0.0,0.0,0.0,0.0,0.0,0.0,0.0,0.0,0.0,0.0,0.0,0.0,0.0,0.0,0.0,0.0,0.0,0.0,0.0,0.0,0.0,0.0,0.0,0.0,0.0,0.0,0.0,0.0,0.0,0.0,0.0,0.0,0.0,0.0,0.0,0.0,0.0,0.0,0.0,0.0,0.0,0.0,0.0,0.0,0.0,0.0,0.0,0.0,0.0,0.0,0.0,0.0,0.0,0.0,0.0,0.0,0.0,0.0,0.0,0.0,0.0,0.0,0.0,0.0,0.0,0.0,0.0,0.0,0.0,0.0,0.0,0.0,0.0,0.0,0.0,0.0,0.0,0.0,0.0,0.0,0.0,0.0,0.0,0.0,0.0,0.0,0.0,0.0,0.0,0.0,0.0,0.0,0.0,0.0,0.0,0.0,0.0,0.0,0.0,0.0,0.0,0.0,0.0,0.0,0.0,0.0,0.0,0.0,0.0,0.0,0.0,0.0,0.0,0.0,0.0,0.0,0.0,0.0,0.0,0.0,0.0,0.0,0.0,0.0,0.0,0.0,0.0,0.0,0.0,0.0,0.0,0.0,0.0,0.0,0.0,0.0,0.0,0.0,0.0,0.0,0.0,0.0,0.0,0.0,0.0,0.0,0.0,0.0,0.0,0.0,0.0,0.0,0.0,0.0,0.0,0.0,0.0,0.0,0.0,0.0,0.0,0.0,0.0,0.0,0.0,0.0,0.0,0.0,0.0,0.0,0.0,0.0,0.0,0.0,0.0,0.0,0.0,0.0,0.0,0.0,0.0,0.0,0.0,0.0,0.0,0.0,0.0,0.0,0.0,0.0,0.0,0.0,0.0,0.0,0.0,0.0,0.0,0.0,0.0,0.0,0.0,0.0,0.0,0.0,0.0,0.0,0.0,0.0,0.0,0.0,0.0,0.0,0.0,0.0,0.0,0.0,0.0,0.0,0.0,0.0,0.0,0.0,0.0,0.0,0.0,0.0,0.0,0.0,0.0,0.0,0.0,0.0,0.0,0.0,0.0,0.0,0.0,0.0,0.0,0.0,0.0,0.0,0.0,0.0,0.0,0.0,0.0,0.0,0.0,0.0,0.0,0.0,0.0,0.0,0.0,0.0,0.0,0.0,0.0,0.0,0.0,0.0
0.9826312,0.9871685,0.9863046,0.98207295,0.9858943,0.98878175,0.9796159,0.9817666,0.98563284,0.9857949,0.97780925,0.9912548,0.9847492,0.98375255,0.98361945,0.9817656,0.9883379,0.98647225,0.9774856,0.9825842,0.9896559,0.9842879,0.9803816,0.9823975,0.98658246,0.9852437,0.9823972,0.9829631,0.9851058,0.9826361,0.98423517,0.98755425,0.9884289,0.98647225,0.98659545,0.98459107,0.98307925,0.9780383,0.9841767,0.98610234,0.98530424,0.9853315,0.9858966,0.99021727,0.9871565,0.98280877,0.9854813,0.98700553,0.9884528,0.9807502,0.9891065,0.98330134,0.98285365,0.9931834,0.9889214,0.9844229,0.99051094,0.9852091,0.9817965,0.98720664,0.98769945,0.98515695,0.9840817,0.9821625,0.98105294,0.98529315,0.98325,0.9817967,0.9825986,0.97853065,0.99124694,0.9812974,0.98747736,0.98470134,0.98184955,0.991053,0.98329854,0.984837,0.9833084,0.9849405,0.98538554,0.9902718,0.97928566,0.9846554,0.98503345,0.98821515,0.9790903,0.9813805,0.98747337,0.9838438,0.98547286,0.984009,0.981414,0.9785451,0.98142236,0.9833514,0.9873255,0.9841696,0.9799286,0.9904432,0.98502034,0.98617345,0.9801216,0.9891941,0.9912845,0.978569,0.9848609,0.98820776,0.9872764,0.98449045,0.992107,0.9832472,0.9929032,0.9839632,0.98656076,0.98768926,0.9916204,0.97958475,0.9851362,0.9858522,0.98471636,0.9877275,0.97998625,0.9832524,0.98360455,0.9831193,0.9788958,0.97505873,0.9811355,0.9851523,0.9904821,0.9889976,0.9812277,0.98234975,0.9813027,0.9859351,0.9836847,0.97900325,0.983919,0.9814342,0.97947544,0.9869442,0.9813377,0.98546803,0.9899711,0.9878927,0.9872927,0.9793091,0.9812511,0.9871502,0.9803299,0.98159975,0.9820435,0.9875024,0.9881768,0.9831512,0.9852294,0.98576254,0.9875244,0.9853251,0.98655105,0.9815942,0.9826157,0.98506236,0.98527914,0.9874531,0.9902986,0.9888313,0.9859363,0.9831749,0.9883438,0.98920304,0.9831511,0.98521584,0.9843897,0.98518723,0.98375547,0.98614734,0.9892715,0.98278487,0.983485,0.98280776,0.97844905,0.9877278,0.99331385,0.9861457,0.9896964,0.9904938,0.97994846,0.98738223,0.98749685,0.98996705,0.98232776,0.9861086,0.9852119,0.9796367,0.9904066,0.98160756,0.98294663,0.9799175,0.98803604,0.9854587,0.97891927,0.9904736,0.9847659,0.98704183,0.98337156,0.98303646,0.9856583,0.98978925,0.98136866,0.9931375,0.97936755,0.9884825,0.98578405,0.98259366,0.9837346,0.9898506,0.9884938,0.9925143,0.9858563,0.9861404,0.9796806,0.9839587,0.9845051,0.9866053,0.98294604,0.9809854,0.9846567,0.9859082,0.9847844,0.9887634,0.98432904,0.98186606,0.97990304,0.9834888,0.9890185,0.98378813,0.98451984,0.98667926,0.9854696,0.9877594,0.9842795,0.9863263,0.98376006,0.9846231,0.9828473,0.9870957,0.9850311,0.98485094,0.98174113,0.9911167,0.9943441,0.9816971,0.9885473,0.9885094,0.9823674,0.9880093,0.98635167,0.98276514,0.9751794,0.97865856,0.9799597,0.9885627,0.98438084,0.9839976,0.9887815,0.99161094,0.98900723,0.9876214,0.9827522,0.982218,0.9860389,0.9835827,0.9843197,0.98672295,0.98193175,0.98375434,0.98666805,0.98329884,0.98813224,0.98562473,0.9849482,0.99146664,0.9789675,0.9770209,0.99147403,0.98453254,0.9850171,0.98366535,0.9868195,0.9875802,0.98627526,0.9854667,0.9809028,0.98000073,0.98961085,0.9900256,0.9879102,0.9859521,0.986079,0.9912113,0.99097216,0.98430246,0.9895753,0.9802485,0.9860793,0.9798028,0.9853317,0.9839638,0.9912836,0.9824959,0.98894507,0.98870254,0.9825587,0.9811053,0.9829496,0.9832717,0.98472106,0.9960019,0.98252934,0.9798907,0.9846465,0.98427755,0.980341,0.98322433,0.9899056,0.9871051,0.9865289,0.98681504,0.9843806,0.98589224,0.98854893,0.9852827,0.9789312,0.9889207,0.9875122,0.9807514,0.9851119,0.98304844,0.9891961,0.98736215,0.9878252,0.9780551,0.9834237,0.9867001,0.98812956,0.9841645,0.9888635,0.9864468,0.9801989,0.987305,0.9836633,0.98660284,0.9838892,0.9860408,0.98081845,0.9821252,0.997077,0.98327965,0.9861721,0.9862588,0.99029493,0.9838588,0.9897007,0.98138326,0.986501,0.98654044,0.980343,0.98533744,0.98004,0.9842348,0.98472136,0.98600256,0.98361516,0.9842275,0.9844369,0.986664,0.98430216,0.98736936,0.990654,0.989103,0.97552913,0.9885593,0.98787415,0.9821349,0.9883024,0.9890324,0.98729384,0.9911104,0.97962123,0.9804812,0.99227357,0.98176867,0.9854693,0.98399615,0.98231995,0.98461,0.9806642,0.9893769,0.99371386,0.9857817,0.9821322,0.9873757,0.9853719,0.98479533,0.98081243,0.9812046,0.98202413,0.9887925,0.9871034,0.9846196,0.98707724,0.9832822,0.987755,0.99145573,0.98117656,0.9868933,0.9910235,0.97849226,0.9813654,0.9785071,0.9872854,0.98964334,0.9832858,0.9838195,0.98488706,0.9885831,0.9821525,0.9855398,0.98356587,0.9856608,0.9838975,0.9833923,0.9821645,0.9855272,0.9877743,0.9837996,0.9809929,0.98766637,0.9872631,0.9896045,0.9934332,0.98068976,0.9864672,0.98298836,0.98481387,0.98232913,0.9850444,0.98981476,0.98474866,0.98651564,0.9835112,0.9787956,0.9815521,0.9806037,0.98306876,0.98347294,0.9822875,0.9865196,0.98761797,0.9815943,0.98518157,0.98234403,0.9853672,0.9891361,0.98728406,0.98946303,0.9821547,0.98448855,0.98727584,0.9877724,0.98637074,0.98599076,0.97859514,0.9893117,0.9831631,0.9827732,0.98629177,0.98487085,0.9824584,0.9854621,0.9825939,0.99669653,0.9873246,0.98166615,0.983743,0.9829167,0.9819124,0.9846727,0.985053,0.9854932,0.9894413,0.98297346,0.9858849,0.98349655,0.98969865,0.9870828,0.98397195,0.98692286,0.9924812,0.9849628,0.98452985,0.98519963,0.9853785,0.98283756,0.98278034,0.9895527,0.97786003,0.9855441,0.983646,0.9855726,0.9888473,0.98473346,0.98947227,0.9823063,0.9842121,0.98404706,0.98479635,0.9830111,0.9856009,0.97908586,0.9859053,0.98213,0.9841081,0.98877543,0.986622,0.98586166,0.98730534,0.98413444,0.9895372,0.988534,0.9855011,0.9879455,0.9833709,0.98723674,0.9895087,0.985159,0.98634017,0.9830722,0.9806501,0.9853434,0.98287195,0.9875902,0.9913848,0.987962,0.9834897,0.9851186,0.98149335,0.9859083,0.99234337,0.9803764,0.98129594,0.98925686,0.9857833,0.98363537,0.98411745,0.98690194,0.97910905,0.9879041,0.9900675,0.9864666,0.9895603,0.97981715,0.9814921,0.99012053,0.99088216,0.9824758,0.9828275,0.97918475,0.9852462,0.9827021,0.9865336,0.98472565,0.9923505,0.9796074,0.99234396,0.9856989,0.9841472,0.9882559,0.9922205,0.9845879,0.9837845,0.9867708,0.98569465,0.98523945,0.98236144,0.9882457,0.9754224,0.98597103,0.98773235,0.98620147,0.9872462,0.98007834,0.98518324,0.98683625,0.9835886,0.98445433,0.98565984,0.9813044,0.9810016,0.9811154,0.9831135,0.9868701,0.98067856,0.98105484,0.98266846,0.9809058,0.98698974,0.9822734,0.9842445,0.9837156,0.9878911,0.979942,0.98011327,0.9805255,0.98415357,0.9805883,0.99219245,0.9829527,0.9894772,0.98038626,0.99043614,0.9792484,0.9826014,0.98812157,0.9901225,0.9862399,0.9866501,0.9824156,0.9887683,0.98451596,0.9861138,0.98784953,0.98779434,0.97477174,0.9845042,0.9898465,0.988613,0.9853344,0.9833582,0.9845594,0.978124,0.98711807,0.9852957,0.97922075,0.9804794,0.9863854,0.9824521,0.98466766,0.9860306,0.9858726,0.98776925,0.9865605,0.9845155,0.9797879,0.98460555,0.97479445,0.9861377,0.98379254,0.9825865,0.9889708,0.9859931,0.9801375,0.98826534,0.98476917,0.9860373,0.9863425,0.9839892,0.9932699,0.97962904,0.9836776,0.9845993,0.9894383,0.98235095,0.9827764,0.9821359,0.9877703,0.98530155,0.9851272,0.9879696,0.9841091,0.9881232,0.98368114,0.98525405,0.97874534,0.99402314,0.9858841,0.9863121,0.98246914,0.9845503,0.9869505,0.98262215,0.9878916,0.98109853,0.98558056,0.9880224,0.9933562,0.98676217,0.9811399,0.98169404,0.9856196,0.9858742,0.9860865,0.9816537,0.98071736,0.98629916,0.9846812,0.9875903,0.9829075,0.9871033,0.9885377,0.9850335,0.98996705,0.98631394,0.9842225,0.98121035,0.98372227,0.9834802,0.9846556,0.9918646,0.9843874,0.9837859,0.98018605,0.9818133,0.98841333,0.98990077,0.98227257,0.98781306,0.9854329,0.9853255,0.98286766,0.98174036,0.9763337,0.99446887,0.98302805,0.98393536,0.9838735,0.98115486,0.9828628,0.9812081,0.98795724,0.98415285,0.98856044,0.98434985,0.98252916,0.98503613,0.9927555,0.9818719,0.9800004,0.98131615,0.9864264,0.97918296,0.9857927,0.9832463,0.98742807,0.9884106,0.9832686,0.98389715,0.9760013,0.9873656,0.98442596,0.98723394,0.98092437,0.98841256,0.9842468,0.98126405,0.9894948,0.98260885,0.9809194,0.98844326,0.98384625,0.9886823,0.986694,0.99171716,0.9835541,0.98251843,0.9776521,0.98706055,0.97945774,0.98212737,0.9811791,0.9855518,0.9845855,0.9853599,0.98579824,0.98325044,0.9788598,0.9870778,0.982448,0.9875221,0.987037,0.9824392,0.98478454,0.9790343,0.98178357,0.9854859,0.9784281,0.98455197,0.98611677,0.99080193,0.98803675,0.9843893,0.97989434,0.98026735,0.97999454,0.9810929,0.98349893,0.99118334,0.9746817,0.9852466,0.9812963,0.98813623,0.98299897,0.9790978,0.9874141,0.9830056,0.98070437,0.9790554,0.9812659,0.9858748,0.9839057,0.987239,0.9818252,0.98849356,0.9859503,0.9815531,0.98505944,0.98876745,0.9827531,0.9882451,0.9878146,0.9825243,0.98932326,0.9868719,0.98557425,0.98253876,0.98573035,0.98458195,0.98209786,0.9940192,0.98185945,0.98754066,0.98592293,0.987087,0.9888382,0.9884608,0.9789421,0.9819353,0.9904534,0.98250854,0.98639405,0.98389506,0.9833333,0.98275036,0.9887183,0.9853114,0.98767006,0.98743856,0.9805328,0.987387,0.98314565,0.9851285,0.9834282,0.97511894,0.9838756,0.98911,0.98257965,0.99064404,0.9832633,0.98670036,0.987127,0.9823884,0.9830298,0.99145997,0.98245525,0.9807778,0.9792367,0.9807095,0.9786878,0.98580706,0.98740613,0.98139846,0.9915379,0.9813869,0.98824394,0.9809521,0.9837937,0.9820323,0.9765708,0.9817033,0.9872999,0.97797894,0.9882868,0.9912793,0.98286134,0.9804306,0.98205817,0.9944495,0.98344415,0.9852061,0.98513633,0.9838132,0.98703516,0.98602796,0.9843435,0.9924905,0.9928152,0.98712814,0.98930264,0.982015,0.9801537,0.98655444,0.9854572,0.9800709,0.98496836,0.98698485,0.9929433,0.98533344,0.9872384,0.9931785,0.9869339,0.9818249,0.98058957,0.9869859,0.97928375,0.9834451,0.9808771,0.98139733,0.98008376,0.98500645,0.9880967,0.9795595,0.9854935,0.9860115,0.98484397,0.9833167,0.9910375,0.98574066,0.9875099,0.98854613,0.98484117,0.99335515,0.9831251,0.9892749,0.9851262,0.9856122,0.98420274,0.9874761,0.98447067,0.98724097,0.9848139,0.9864462,0.9858052,0.9824207,0.9845069,0.9855775,0.9839615,0.9873759,0.9858401,0.9809644,0.98989373,0.98222136,0.9870173,0.98463124,0.9826227,0.98431826,0.9768637,0.98483807,0.9843825,0.98680997,0.98043025,0.989424,0.9827799,0.9877834,0.9897459,0.9796086,0.984861,0.9877229,0.98775846,0.98602843,0.98856074,0.98498374,0.9780197,0.99185985,0.983614,0.9788799,0.9838547,0.9813919,0.9838308,0.9829736,0.9809079,0.985844,0.98398125,0.9825688,0.9834056,0.98149985,0.979346,0.98399436,0.9806454
1.0473588,1.055519,1.0497559,1.0501622,1.0539122,1.053661,1.0435247,1.0491292,1.0548819,1.05267,1.0539893,1.0454116,1.0541362,1.0483363,1.0506552,1.0470595,1.0554997,1.0421093,1.0539474,1.050695,1.0540007,1.0517185,1.046087,1.051639,1.052132,1.0522642,1.0482155,1.0440319,1.0549557,1.041675,1.0488876,1.0483173,1.0500948,1.051374,1.0500963,1.0561411,1.0462986,1.0527495,1.0453616,1.0483549,1.0504978,1.0488586,1.0439078,1.0482726,1.0492837,1.051294,1.0505375,1.0542237,1.0506324,1.0430325,1.0519564,1.0409496,1.0469718,1.0559146,1.0489067,1.0505588,1.0486522,1.0499775,1.0497525,1.051059,1.0500847,1.0548089,1.0598702,1.04703,1.0547303,1.0406486,1.0523398,1.0462106,1.0453703,1.0451992,1.0521642,1.0444185,1.0500185,1.0461645,1.0567967,1.0482961,1.0546002,1.048127,1.0570339,1.0526423,1.0483184,1.0575521,1.043631,1.044332,1.0527394,1.0531595,1.05349,1.0489202,1.0468655,1.0469197,1.0536876,1.0467341,1.044318,1.0485405,1.0488402,1.0475355,1.0444343,1.0532172,1.0516264,1.050246,1.0469778,1.0492748,1.0470878,1.0587844,1.0589145,1.0469259,1.0595976,1.0514736,1.0496528,1.0467623,1.0566478,1.0486113,1.0552083,1.0460163,1.0528708,1.0490518,1.0616524,1.0483419,1.0519623,1.0493451,1.0494156,1.0503644,1.040764,1.0507255,1.0528147,1.0479844,1.0443327,1.0484755,1.0545831,1.0486668,1.0514344,1.0488267,1.0450897,1.0517136,1.0461162,1.0502315,1.0540434,1.0486996,1.0491245,1.0516529,1.0428671,1.0560957,1.0519829,1.051977,1.0545807,1.0555874,1.048624,1.0511084,1.0513358,1.0484612,1.0459791,1.043442,1.0537583,1.0490237,1.0555735,1.053285,1.0469565,1.0518088,1.0588595,1.0453852,1.0543535,1.052262,1.0473173,1.0593204,1.0561765,1.0489684,1.058143,1.0493838,1.0520838,1.052026,1.0517713,1.0488644,1.0461308,1.0548762,1.0395463,1.0459728,1.0522089,1.0445429,1.0480175,1.0477693,1.0463946,1.0465811,1.0478648,1.0549511,1.0512393,1.0486991,1.0513394,1.0593865,1.046851,1.0500827,1.0513674,1.051161,1.0450994,1.0519718,1.048849,1.0509036,1.0515568,1.0457507,1.0459211,1.0519673,1.0497015,1.0483526,1.0487617,1.0402435,1.0538335,1.048177,1.047296,1.047875,1.0563015,1.053542,1.0493324,1.0535688,1.0495738,1.0508282,1.0524153,1.0476612,1.0489866,1.0527945,1.0512341,1.0521035,1.0555693,1.0480103,1.0526491,1.0428052,1.0525744,1.0559433,1.0470551,1.0554776,1.0489069,1.0538775,1.0487592,1.0531384,1.0459714,1.0468786,1.0468028,1.052446,1.0517647,1.0484816,1.0530826,1.0484885,1.0450983,1.0475626,1.0535737,1.0469809,1.0499758,1.0497534,1.0464358,1.0498878,1.0538019,1.0474697,1.0461563,1.0495615,1.0530763,1.0488173,1.0598727,1.0448841,1.0482178,1.0513928,1.051126,1.0443635,1.0552939,1.0473179,1.0438123,1.0582685,1.0476638,1.0547247,1.0532271,1.0522587,1.0449705,1.0588652,1.046774,1.0544715,1.0571355,1.0480552,1.0439738,1.0477129,1.0536494,1.0516182,1.0466311,1.0501995,1.0477556,1.0463588,1.05241,1.0533974,1.0471399,1.0509576,1.048666,1.050321,1.0519137,1.0525043,1.0514379,1.0514975,1.052578,1.0501096,1.0486209,1.0522258,1.0508586,1.0463024,1.0449166,1.0565816,1.0562942,1.0517436,1.0545925,1.0545328,1.0518672,1.0477421,1.048088,1.0445099,1.0515823,1.0506225,1.0589463,1.041027,1.0488092,1.0535309,1.0486517,1.0524571,1.0437933,1.0543009,1.0432296,1.0575354,1.0521241,1.0507855,1.0540501,1.0439111,1.0553712,1.0445913,1.0552871,1.0525364,1.052471,1.0554428,1.0450767,1.0483065,1.0536166,1.0420562,1.0457702,1.0505503,1.0502574,1.053823,1.0554991,1.0468132,1.0424204,1.0425757,1.0548133,1.0365791,1.0437151,1.0537617,1.0480762,1.0475465,1.0507175,1.0510056,1.0474266,1.0490419,1.0600045,1.0487933,1.049954,1.0555401,1.0498433,1.0476764,1.0550854,1.0459882,1.0494162,1.0562584,1.0516006,1.0545292,1.0522547,1.0441412,1.048626,1.049853,1.0503498,1.050421,1.0489178,1.0567704,1.0522369,1.0557886,1.0558224,1.0506855,1.051328,1.0520266,1.0476985,1.050504,1.058816,1.0520198,1.0413923,1.048548,1.0508156,1.0391713,1.0521746,1.0490203,1.0519773,1.0492429,1.0444081,1.0488441,1.0549439,1.0484612,1.0468874,1.0549269,1.0566176,1.0519234,1.0532576,1.0531485,1.0531228,1.0568705,1.0415195,1.0448552,1.0537746,1.0456247,1.051936,1.0438278,1.0483187,1.0547831,1.0556495,1.0500572,1.0433371,1.0500525,1.0468714,1.0573117,1.051722,1.0551538,1.048901,1.0576191,1.0476356,1.0447712,1.053398,1.0532612,1.0528692,1.0486902,1.0551838,1.0509257,1.0490078,1.0452968,1.0485289,1.0418146,1.0519707,1.0467026,1.0487108,1.0501157,1.051629,1.0523514,1.0480049,1.054859,1.0494401,1.0487118,1.0541196,1.0538088,1.0508238,1.0468332,1.0554812,1.0455655,1.0414066,1.0462164,1.050161,1.0514321,1.0552033,1.04993,1.0482901,1.0510408,1.0558965,1.0506583,1.0451193,1.0548425,1.0532638,1.0525261,1.0506766,1.0520675,1.0546514,1.0484194,1.0517113,1.0480839,1.0572355,1.0517967,1.0578694,1.0498005,1.0473667,1.0466095,1.0474094,1.052199,1.0546027,1.0573211,1.0579709,1.0496981,1.0546594,1.0455053,1.0513402,1.0580523,1.0533079,1.0505697,1.0487884,1.0502127,1.050815,1.0564071,1.0508285,1.0476642,1.0501401,1.0481486,1.0505455,1.0492604,1.0492822,1.0474586,1.045756,1.0534894,1.046561,1.0541661,1.0477277,1.0563501,1.0512425,1.0494541,1.0452777,1.050396,1.0493557,1.0551862,1.0580214,1.0500528,1.0487938,1.0542423,1.0533,1.0541418,1.0574992,1.0505357,1.0491563,1.0484015,1.0544009,1.0454061,1.047817,1.0561445,1.0477285,1.0444623,1.0465895,1.0522898,1.0488454,1.0506529,1.0479163,1.0499907,1.0467756,1.0520183,1.0453731,1.0519879,1.0533122,1.0508757,1.0549634,1.0428447,1.0508373,1.0507404,1.0508462,1.048927,1.0493863,1.0516897,1.0499227,1.0467677,1.0524848,1.0464506,1.0488157,1.0538166,1.0494438,1.0478972,1.0585684,1.0504813,1.049703,1.052476,1.0480952,1.0451477,1.0518652,1.0568064,1.0493559,1.0449886,1.0487506,1.0526557,1.053675,1.0500809,1.0510764,1.0535207,1.0461154,1.0478497,1.0565736,1.0478216,1.0553325,1.0432296,1.0511467,1.0567027,1.0527058,1.061475,1.0531538,1.053594,1.0515257,1.0495825,1.0559406,1.0499629,1.0482635,1.055935,1.0449036,1.0522145,1.0577073,1.0506631,1.0506423,1.0506802,1.0480733,1.0552222,1.0481523,1.0493939,1.0496788,1.0434623,1.0445296,1.0469296,1.0507542,1.0496578,1.049792,1.0501368,1.0516375,1.0472335,1.054469,1.0499289,1.0540686,1.0542595,1.0490215,1.0505809,1.0428758,1.0439787,1.0475367,1.0444703,1.0531484,1.0511707,1.04788,1.0426596,1.0450186,1.0485479,1.0487063,1.0508426,1.0512731,1.0536709,1.053086,1.0557706,1.0539783,1.0484818,1.0472652,1.0517826,1.0488689,1.0413641,1.0499263,1.0487003,1.0494542,1.0468619,1.041424,1.047473,1.0499556,1.05141,1.0572014,1.0466391,1.0467225,1.0526208,1.0428058,1.0481637,1.0476434,1.0504513,1.0481788,1.0494871,1.0512096,1.0549726,1.0485784,1.0480427,1.0485471,1.0492606,1.0499303,1.0532969,1.0532358,1.0467271,1.0499957,1.0549201,1.0495746,1.0504481,1.0470017,1.056608,1.0469028,1.0479745,1.0423183,1.0436562,1.0490344,1.0510408,1.0441633,1.0543159,1.0550363,1.0465326,1.0507474,1.0521283,1.0475452,1.0471551,1.055488,1.0532302,1.0465962,1.0535498,1.0537184,1.0495412,1.0483918,1.04847,1.0546683,1.0534139,1.052268,1.0522093,1.0554155,1.0530521,1.049594,1.0430168,1.0490215,1.0530361,1.053494,1.0520685,1.0472635,1.0489556,1.0476272,1.0483955,1.0493371,1.0489031,1.0508989,1.0573128,1.0416572,1.0529174,1.0506774,1.0505874,1.051625,1.0526737,1.0488304,1.0504636,1.0521303,1.0552533,1.0397297,1.0467746,1.047296,1.051477,1.0477885,1.0469347,1.0527084,1.0494963,1.0510492,1.050676,1.055655,1.0434574,1.0552175,1.0489386,1.0499928,1.0416068,1.0442983,1.0478723,1.0511216,1.0494276,1.0547107,1.0597361,1.0546281,1.0482665,1.0509937,1.049102,1.0487533,1.0530058,1.0488983,1.0439199,1.0461386,1.0540189,1.0431767,1.0535235,1.052692,1.0508851,1.0493855,1.0465235,1.0522387,1.05201,1.046532,1.0521697,1.0498961,1.0495131,1.0525973,1.050608,1.0420914,1.0609261,1.0535817,1.0587652,1.0517094,1.0521027,1.0523032,1.0442662,1.0498573,1.0459372,1.0486299,1.0480127,1.0498085,1.0488155,1.0496751,1.0493797,1.0473151,1.050872,1.0505294,1.0450156,1.0536485,1.0510556,1.0567938,1.058288,1.0563265,1.0530103,1.0492198,1.0451256,1.0486339,1.047558,1.0520723,1.0541595,1.0574027,1.0509837,1.0497438,1.051029,1.0521413,1.044852,1.0464486,1.0456964,1.0509309,1.0424778,1.0509521,1.049907,1.0493594,1.0507803,1.0482825,1.0552784,1.0442923,1.0546477,1.0503122,1.0517833,1.049439,1.042146,1.0547985,1.0473763,1.0552104,1.0443636,1.0479109,1.0492051,1.0513328,1.0401204,1.0494744,1.0546414,1.0489683,1.0533047,1.059266,1.0505898,1.050541,1.0521315,1.045967,1.053073,1.0557134,1.0475532,1.0577244,1.0529574,1.0480357,1.0512687,1.0485291,1.0526655,1.0455564,1.0527458,1.050358,1.0502255,1.0597694,1.04735,1.0479347,1.0520791,1.0474426,1.051232,1.0515807,1.0487641,1.0560523,1.0494497,1.0458846,1.0553102,1.0448699,1.050878,1.042279,1.0443531,1.0524617,1.0457757,1.0544301,1.0467066,1.0510272,1.052281,1.0508358,1.051756,1.0486852,1.0426921,1.0491295,1.0510216,1.0560235,1.0490522,1.0512874,1.0458052,1.0439966,1.0543131,1.0474031,1.0491215,1.0423406,1.046922,1.0517863,1.0586411,1.0433965,1.0524507,1.0567746,1.0526608,1.0416535,1.0463384,1.059339,1.0577524,1.0546753,1.0497705,1.0506988,1.0518359,1.05449,1.0544401,1.0499259,1.05386,1.0566888,1.0481082,1.0520672,1.0498334,1.0513575,1.0482109,1.0453337,1.0498526,1.0512255,1.049288,1.046177,1.0575435,1.0493854,1.0516663,1.0426464,1.048849,1.053282,1.0448949,1.0493382,1.048255,1.0476145,1.0585377,1.0421565,1.057009,1.0489285,1.0524871,1.0527947,1.0516447,1.0462449,1.0521052,1.0502768,1.0487759,1.0483128,1.047739,1.0517169,1.0465361,1.0528464,1.0550065,1.0542268,1.0515717,1.0485733,1.0533226,1.0512216,1.056925,1.0462102,1.0476508,1.0391877,1.0439293,1.0482181,1.0450113,1.052688,1.049755,1.0550123,1.0500864,1.0356666,1.0439364,1.0526099,1.0490897,1.0506165,1.0502919,1.0505855,1.0435078,1.0547076,1.0549546,1.0550958,1.0557296,1.0510623,1.0449438,1.0553317,1.0402528,1.0509853,1.04285,1.0535403,1.0512576,1.0522677,1.0452015,1.0540557,1.0448602,1.0463997,1.0514711,1.0489994,1.0454551,1.0499563,1.0429348,1.0458156,1.0465915,1.0500515,1.0524347,1.0515755,1.0496254,1.0459282,1.0495938
1.0594931,1.0682849,1.0626031,1.0566204,1.061815,1.0630736,1.0578588,1.0612675,1.0653852,1.0664579,1.0523568,1.06677,1.0567058,1.0598401,1.0523851,1.0635533,1.0641384,1.0605354,1.0591502,1.0653359,1.0680221,1.067603,1.0605087,1.0609225,1.07007,1.053625,1.065867,1.0627744,1.0615596,1.060342,1.060316,1.0584393,1.062445,1.0604297,1.0643371,1.0637668,1.0648956,1.0591381,1.0599933,1.0631132,1.0555567,1.0586534,1.0559529,1.063061,1.055803,1.0587742,1.0593708,1.0622263,1.0589495,1.0596737,1.058992,1.0598089,1.0623039,1.0608295,1.0664288,1.0554461,1.065501,1.0672369,1.0618604,1.060478,1.060781,1.0555211,1.0630258,1.0645243,1.0728853,1.0662985,1.0530946,1.0596781,1.0621516,1.0600297,1.063281,1.058854,1.0598059,1.0619245,1.0596977,1.0604037,1.0656246,1.0653625,1.0590426,1.0616473,1.0606557,1.0619227,1.0595499,1.0626124,1.06416,1.0669178,1.0610224,1.0590688,1.0692956,1.0588621,1.0631039,1.0603422,1.0616047,1.0599949,1.0632643,1.0580411,1.0660444,1.060544,1.0601175,1.0533438,1.06048,1.0577034,1.0661128,1.0601836,1.056553,1.0619302,1.0602353,1.0647839,1.0672839,1.0560418,1.0570838,1.0562776,1.0679048,1.0546037,1.0583574,1.065204,1.0670388,1.0671704,1.052034,1.0563182,1.062866,1.059121,1.0608209,1.0569125,1.0609947,1.0575869,1.056959,1.0596648,1.0669575,1.056122,1.0606432,1.058804,1.0558306,1.0645428,1.0553074,1.070303,1.0635905,1.0637078,1.0743425,1.0635592,1.062697,1.0683454,1.05404,1.063817,1.0649512,1.0625353,1.0602418,1.0644093,1.05411,1.0632311,1.055682,1.0607507,1.0602638,1.0580137,1.0623602,1.0614443,1.0561812,1.0650331,1.0635673,1.063882,1.0577294,1.0667015,1.052321,1.0553466,1.066976,1.0662738,1.0673908,1.0654725,1.061095,1.0601425,1.067062,1.0652146,1.058113,1.068321,1.0590595,1.0665529,1.0644084,1.0528685,1.0632331,1.0641074,1.0675601,1.051574,1.0610242,1.0638489,1.0595282,1.063422,1.063064,1.0612289,1.057988,1.0632321,1.0619842,1.0642781,1.0595295,1.0634567,1.0571393,1.0588826,1.0677013,1.0589238,1.058732,1.0674548,1.0606337,1.0582384,1.0581902,1.0665667,1.0633509,1.0698843,1.0608231,1.0587946,1.0613437,1.0607237,1.0668187,1.0638548,1.0679832,1.0623022,1.0603673,1.0556808,1.0646904,1.0624353,1.0632223,1.0627548,1.0637101,1.06416,1.0650659,1.0676872,1.056949,1.0648377,1.0636871,1.0658164,1.0604085,1.0619216,1.0576121,1.0579127,1.0583984,1.052927,1.0590509,1.0577793,1.0626,1.0636865,1.0620852,1.0678186,1.058088,1.0604576,1.0651206,1.0612742,1.0587709,1.0616376,1.0624788,1.061361,1.058211,1.0504719,1.0602527,1.0698597,1.0551459,1.0611012,1.0615894,1.0600055,1.0551053,1.0640447,1.0651414,1.060549,1.0691538,1.0559438,1.0600882,1.0581089,1.0663165,1.0615122,1.064327,1.0660672,1.0599604,1.0577956,1.0624663,1.0578797,1.0609946,1.0628836,1.0579233,1.064364,1.0561647,1.0577114,1.0642318,1.0617603,1.0603087,1.0637301,1.0610732,1.0627437,1.0604296,1.0543225,1.0542885,1.0634656,1.0601877,1.0632277,1.0638611,1.0611163,1.059354,1.0594227,1.0618376,1.0535048,1.0645534,1.0654134,1.0612745,1.0605239,1.0640552,1.0579897,1.0584598,1.0576519,1.0643401,1.0546565,1.0645134,1.0618674,1.0567247,1.063084,1.0598805,1.0578786,1.0545928,1.0637815,1.0668278,1.0596931,1.0652,1.0589763,1.0577899,1.0605975,1.0573946,1.0586389,1.0506657,1.0580304,1.0639305,1.05313,1.066893,1.0655859,1.0560784,1.0542418,1.0611346,1.064531,1.0623537,1.0613251,1.0612301,1.0660837,1.060515,1.0577554,1.0549242,1.0592904,1.0659107,1.0573483,1.0641116,1.06159,1.0624652,1.0680516,1.0539607,1.0597719,1.061732,1.0633373,1.0610646,1.0593363,1.0595981,1.0560828,1.0567846,1.0578985,1.0598482,1.0628955,1.0670108,1.053609,1.0565649,1.0586909,1.0612491,1.0555283,1.0624666,1.0513176,1.0517278,1.0551206,1.0656971,1.0570742,1.0557058,1.0595794,1.0618514,1.0675073,1.0595844,1.0638435,1.0521125,1.0620449,1.061778,1.062413,1.0643755,1.0595964,1.0615554,1.0571202,1.0638676,1.0555228,1.0706251,1.0602332,1.0630027,1.0645928,1.0576415,1.0597196,1.065302,1.0616412,1.0641714,1.0607756,1.0583324,1.0611421,1.0619738,1.0624038,1.058762,1.0616245,1.0509831,1.0599058,1.0554835,1.0595237,1.0602883,1.0591798,1.058169,1.0649922,1.0656041,1.0650122,1.0610976,1.0589795,1.0580515,1.0658212,1.0627413,1.0647156,1.0649345,1.0562481,1.0682538,1.0559081,1.0688504,1.0614359,1.0616927,1.0641139,1.0691793,1.0639992,1.0605532,1.0630891,1.0613083,1.0681922,1.0625247,1.0614592,1.0677861,1.0618945,1.0642828,1.0677056,1.0648133,1.0638193,1.0545613,1.0569493,1.0607674,1.0558951,1.0659361,1.0510416,1.0563495,1.0608405,1.067606,1.063441,1.0634214,1.0601773,1.059778,1.0534182,1.0637609,1.0637487,1.05675,1.0639105,1.0673261,1.0694587,1.066875,1.0601962,1.063235,1.0633137,1.0611452,1.0607698,1.0661595,1.0621688,1.067218,1.0558715,1.060635,1.055385,1.0596318,1.0626409,1.0599849,1.0632051,1.0692998,1.0604844,1.0649242,1.0623451,1.0556867,1.0632464,1.0602868,1.0669634,1.0566785,1.0521364,1.0568184,1.0573789,1.055372,1.0589135,1.0575696,1.061625,1.0572243,1.0663613,1.0587852,1.0598911,1.0647429,1.0489676,1.0620656,1.0586882,1.0573714,1.0614156,1.0601256,1.0586338,1.0672128,1.0591731,1.0624958,1.0649798,1.0625362,1.0613269,1.0631917,1.0629835,1.0551087,1.0610465,1.0573437,1.0552024,1.060931,1.056126,1.053785,1.0630214,1.0596747,1.0645075,1.0650226,1.0608541,1.0648783,1.0587107,1.063313,1.0631319,1.0581605,1.0576233,1.0587065,1.0658542,1.0577341,1.0630063,1.0561671,1.061751,1.0554546,1.0616916,1.0615882,1.0609396,1.0635977,1.0643219,1.0607493,1.0593148,1.0636096,1.0662007,1.0616894,1.058642,1.0568051,1.0609223,1.0570176,1.0666434,1.0540844,1.0576141,1.0622622,1.0621527,1.0612483,1.0542691,1.0586345,1.0682646,1.0599922,1.0675336,1.0611119,1.0627311,1.0635755,1.0619007,1.0597491,1.0593522,1.060159,1.0718029,1.0590144,1.0692742,1.0586532,1.0598513,1.0593768,1.0583247,1.0687952,1.068667,1.0549419,1.0592375,1.0638579,1.0592961,1.0591319,1.0572551,1.0616841,1.0663029,1.0617704,1.0694482,1.0549356,1.0598224,1.0638599,1.0620853,1.0597376,1.0619483,1.0610955,1.0656992,1.0573558,1.0571285,1.0637308,1.0713582,1.060258,1.0551599,1.06177,1.0614295,1.0680801,1.0624754,1.0653608,1.0635189,1.0615512,1.061309,1.0606048,1.0644044,1.0618907,1.059006,1.0609635,1.0611551,1.0704476,1.0569711,1.0678648,1.0598545,1.060583,1.064263,1.0618562,1.0597045,1.0596815,1.061559,1.0606855,1.0565791,1.0615256,1.0592437,1.0652053,1.0593779,1.0620915,1.0551457,1.06039,1.0546061,1.0680884,1.0585316,1.0666816,1.063,1.060993,1.0630704,1.0606099,1.0632496,1.0584279,1.063958,1.0650362,1.0699178,1.0630853,1.061729,1.0669857,1.0629312,1.0632387,1.0622946,1.0577358,1.0589695,1.0646176,1.0559076,1.0570209,1.0525782,1.0620033,1.0557353,1.0583369,1.060849,1.0584946,1.0586014,1.0639384,1.0622463,1.0522368,1.0603861,1.0709364,1.0600567,1.0670656,1.0570432,1.0597255,1.0537491,1.0634559,1.0568743,1.0729469,1.0617396,1.0664532,1.0584334,1.0612832,1.0639737,1.0613791,1.0661125,1.0634043,1.0668195,1.0641121,1.0619767,1.0584476,1.0616369,1.0689853,1.0594649,1.0618035,1.0656648,1.061239,1.0641507,1.0630579,1.0555474,1.0593611,1.0701425,1.0589678,1.0631918,1.060297,1.0532606,1.0622475,1.0544621,1.0553991,1.0556656,1.0578667,1.0606703,1.0563662,1.0552254,1.0673728,1.0587536,1.0674675,1.0572504,1.0650868,1.0593475,1.0694718,1.0607728,1.0535679,1.0518205,1.0593698,1.0537295,1.0632777,1.0626907,1.0601894,1.064625,1.0634772,1.0571425,1.0513533,1.0590637,1.0605031,1.0610461,1.0628223,1.0551707,1.0612551,1.0572028,1.0607476,1.0554789,1.0635786,1.0616444,1.0644635,1.0561792,1.0628526,1.0617492,1.0610842,1.0572568,1.0540596,1.0590689,1.057805,1.058671,1.0619353,1.0592538,1.0556519,1.0628924,1.0659236,1.0604123,1.0687387,1.053228,1.0553558,1.0607921,1.0583149,1.0612845,1.0592061,1.0577244,1.0633609,1.0659533,1.0605444,1.0649642,1.0614308,1.0591046,1.054612,1.063209,1.0560224,1.0672485,1.0591457,1.0631921,1.0553651,1.0588473,1.0658389,1.0614758,1.0595407,1.0572459,1.0569927,1.0597926,1.0627338,1.0588045,1.0669662,1.0597134,1.0601927,1.0599693,1.0536336,1.0686375,1.0588686,1.0638721,1.0586648,1.0587001,1.0651737,1.0507733,1.0646783,1.0614177,1.0643601,1.0577556,1.0637182,1.0613701,1.0700591,1.0632459,1.0635103,1.0555986,1.060646,1.0611559,1.0643214,1.0652686,1.0575742,1.0579005,1.0577112,1.0594448,1.0631741,1.0599155,1.0583607,1.0573169,1.0629877,1.0620644,1.0565163,1.0658993,1.0614381,1.061977,1.0613323,1.0546248,1.0572389,1.0612301,1.0632418,1.0620898,1.0592026,1.0575111,1.0597869,1.0645633,1.0617781,1.0556821,1.066637,1.0675588,1.0565442,1.0582335,1.065415,1.0638901,1.0625843,1.0584822,1.0614418,1.0602936,1.0623255,1.062428,1.0607121,1.0596668,1.0608313,1.0563196,1.060591,1.071404,1.0696018,1.0587357,1.0625718,1.0660628,1.058734,1.0593032,1.0563772,1.0574651,1.0657125,1.0583794,1.0630102,1.0605514,1.0617118,1.0650407,1.0688337,1.0607346,1.0620079,1.0586818,1.0610797,1.0531713,1.0624666,1.055684,1.0633864,1.0603194,1.0624467,1.0665054,1.0678402,1.0590355,1.0573308,1.0525764,1.058708,1.0663208,1.0567684,1.0612469,1.0673193,1.0600429,1.0587473,1.0620778,1.0588241,1.0609087,1.0566294,1.0607677,1.0575082,1.0634748,1.0608374,1.0590161,1.0618752,1.0545443,1.0618896,1.0593971,1.059845,1.062888,1.0599161,1.0671309,1.0561717,1.0593867,1.062076,1.0632268,1.065053,1.0584164,1.0625129,1.0591589,1.0623387,1.0626895,1.0626127,1.0609667,1.0618732,1.0641043,1.0621943,1.0626334,1.0639143,1.0641812,1.0617609,1.0591803,1.0569308,1.0612514,1.0560151,1.0585215,1.0632687,1.0662347,1.0572822,1.063827,1.0658386,1.0570078,1.0636998,1.0678085,1.0564108,1.0536263,1.0549788,1.0602481,1.0631528,1.0632142,1.0617746,1.0645393,1.0586342,1.0530165,1.0670165,1.0595733,1.0607905,1.0572977,1.0577251,1.064295,1.0619807,1.0623811,1.0566282,1.0599251,1.0660799,1.0597153,1.0609403,1.0544084,1.0618432,1.0565728,1.0613246,1.0657347,1.0599006,1.060643,1.0616467,1.0614607,1.0582932,1.06564,1.0654584,1.0654496,1.0565783,1.058201,1.0749595,1.0636678,1.0583088,1.0583364,1.063635,1.0611824,1.0574466,1.0598937,1.0654848,1.0637944,1.0648246,1.0595871,1.060668,1.0551283,1.0534554,1.0545368
0.19980526,0.21064305,0.20568894,0.20296088,0.19514214,0.19587179,0.19736443,0.20173548,0.2040305,0.19939137,0.20365827,0.19637236,0.20639147,0.1986131,0.19999136,0.20309615,0.20463622,0.20347953,0.20009077,0.20183982,0.20578891,0.19671041,0.20431498,0.20294097,0.19977549,0.20037195,0.20673032,0.1980018,0.20696783,0.19690698,0.20059396,0.20019998,0.2048166,0.20166208,0.19879988,0.19993599,0.19929315,0.2007653,0.19978896,0.19748122,0.20353873,0.19977969,0.20104983,0.2098863,0.21059556,0.1993775,0.19885328,0.20467709,0.20216425,0.20108883,0.2047647,0.19514476,0.20464306,0.19826198,0.19734254,0.20125513,0.19752634,0.20066103,0.20140645,0.20214042,0.19535345,0.21146744,0.20861942,0.19143671,0.20492074,0.20514464,0.20529532,0.20357303,0.19790539,0.20173925,0.20023209,0.19783604,0.20167425,0.20017464,0.2013195,0.20414275,0.20467111,0.20440474,0.19843821,0.20321822,0.20209415,0.20479731,0.20252487,0.20347807,0.19761555,0.19721326,0.20068602,0.2030782,0.20682544,0.20221779,0.20246376,0.20523322,0.20640346,0.19941284,0.20681605,0.20814589,0.20073543,0.20300062,0.20654246,0.19953571,0.2067209,0.20296845,0.20119968,0.20780139,0.20255885,0.1940518,0.21148631,0.20061208,0.19369236,0.19139627,0.20539401,0.20435941,0.19962801,0.20412402,0.2016291,0.20141129,0.20945545,0.20109625,0.19909535,0.20143074,0.2009255,0.20074265,0.19663852,0.2026563,0.21149018,0.19988053,0.19493257,0.19627777,0.20351036,0.20585357,0.20402393,0.19576393,0.197417,0.19987845,0.20134497,0.20843963,0.20024844,0.20513822,0.19726951,0.20161971,0.19476572,0.20369399,0.20541081,0.20100893,0.20291656,0.20126684,0.19500065,0.201964,0.2041782,0.20264436,0.19945253,0.20662396,0.20120575,0.20719817,0.20156556,0.20646349,0.202417,0.20250979,0.20439519,0.19622883,0.2056293,0.20530021,0.20560867,0.19594958,0.20070446,0.19849727,0.19556977,0.19595376,0.19823684,0.205606,0.20504624,0.19944839,0.203642,0.20276983,0.19468403,0.20198236,0.20097758,0.2056634,0.20484386,0.20355524,0.20266154,0.19885613,0.1942625,0.20553724,0.20799898,0.19642673,0.19883332,0.21343589,0.20944397,0.20256458,0.1962034,0.20662396,0.19584088,0.19633758,0.20109776,0.19864264,0.19988874,0.20083493,0.20636028,0.2096579,0.20484546,0.20070338,0.20229685,0.19880094,0.20072462,0.200194,0.19656718,0.2020347,0.20463465,0.2067529,0.20339309,0.20013264,0.19747767,0.19208336,0.20289582,0.19901681,0.2025738,0.20327573,0.1968761,0.20668986,0.20783223,0.19651957,0.20000687,0.198097,0.20518908,0.20055825,0.19894233,0.20497462,0.20186937,0.20023869,0.19925177,0.19830357,0.1967749,0.20418523,0.1960803,0.20005703,0.20799822,0.20844604,0.21084656,0.19585526,0.2037501,0.1993006,0.19872917,0.20275815,0.20568006,0.19927093,0.20031193,0.1966015,0.21301611,0.20371073,0.19753906,0.20162879,0.20148912,0.2035587,0.2042092,0.20124838,0.2047352,0.20742251,0.20448203,0.20131885,0.20446406,0.19247505,0.19679087,0.20374662,0.20637023,0.20641392,0.1988198,0.19446334,0.20130649,0.20747809,0.20124304,0.20385137,0.20614901,0.20617273,0.20207493,0.19998097,0.20214497,0.19883204,0.19741979,0.19934799,0.20022501,0.20105903,0.20449942,0.20745447,0.19752342,0.20532744,0.20004007,0.19772737,0.1969748,0.20361647,0.19975463,0.19894695,0.2019872,0.20232324,0.20095634,0.20150766,0.20384017,0.19947962,0.20328869,0.20011565,0.20327277,0.1977538,0.2001749,0.2114264,0.20507999,0.20184733,0.2067861,0.20042902,0.20313087,0.19997223,0.20537367,0.19728112,0.19772145,0.20203328,0.20220825,0.19431049,0.19988395,0.19833617,0.20278321,0.20241801,0.19591904,0.2089536,0.20522724,0.1976802,0.2057045,0.20211191,0.19714011,0.19647749,0.20417808,0.20440158,0.19551504,0.20589285,0.20468523,0.20171359,0.20033543,0.20155665,0.202576,0.20313296,0.20819934,0.2001645,0.19965886,0.19463748,0.2006399,0.19925433,0.19209628,0.20016578,0.20294268,0.19487232,0.20498526,0.20487283,0.20927604,0.20188498,0.20448045,0.20437,0.19938,0.20577878,0.19800165,0.19590229,0.20043106,0.20356742,0.19933908,0.20221104,0.19724563,0.20084576,0.20187773,0.20109458,0.19728626,0.20408733,0.19687313,0.20453343,0.20301674,0.20233832,0.19889969,0.19434555,0.20418264,0.20162435,0.20327257,0.20097813,0.20942213,0.2022691,0.19698592,0.20673221,0.19905493,0.19680278,0.2017831,0.20550807,0.1996319,0.19995269,0.20118837,0.19362092,0.20443736,0.2104204,0.1992806,0.1988066,0.20050134,0.20535679,0.20375165,0.20402904,0.20170766,0.20673244,0.20125492,0.20535663,0.2015597,0.1994196,0.19749019,0.19789726,0.2001903,0.19945794,0.19853339,0.20473434,0.2053118,0.20171162,0.2019666,0.20419006,0.20350201,0.2057843,0.20394835,0.20165983,0.21101357,0.20880434,0.20361242,0.20455876,0.20203356,0.1985427,0.20590249,0.20776068,0.20109476,0.20324308,0.20112507,0.20128532,0.19225541,0.20113774,0.20052691,0.20587812,0.20665085,0.19781427,0.20351613,0.20023029,0.19674292,0.20264,0.20462926,0.20627257,0.2023147,0.20691335,0.19816019,0.20122877,0.21187657,0.20017259,0.20037249,0.2044807,0.20975414,0.1984072,0.20299189,0.20548822,0.20474435,0.19727807,0.20374991,0.19825713,0.20073226,0.2059702,0.1957674,0.19732052,0.20288235,0.20044847,0.19758238,0.19704683,0.2041735,0.19890256,0.20365293,0.20309621,0.20146108,0.20610747,0.20855966,0.20037185,0.20330226,0.19915186,0.20008178,0.20118669,0.20895495,0.20625776,0.20161995,0.20519242,0.19955774,0.20492753,0.20485811,0.20398223,0.19856271,0.20873846,0.2012752,0.20766877,0.19879821,0.1983405,0.2036953,0.20307142,0.19722849,0.20397304,0.20006987,0.19587247,0.20850755,0.20048389,0.19891356,0.20380983,0.1976639,0.2033252,0.20315182,0.19928128,0.20057413,0.19956149,0.20911735,0.20600006,0.20681903,0.19197455,0.21071012,0.20714085,0.20419522,0.20609042,0.20198017,0.20804265,0.20492998,0.20204079,0.20253898,0.20572598,0.19960506,0.20713551,0.20118928,0.2020404,0.1985999,0.2019557,0.20302145,0.20229149,0.20112762,0.19982234,0.19960411,0.20270732,0.20083034,0.20965244,0.19830933,0.19797319,0.20848235,0.20576565,0.20328908,0.20192292,0.20029195,0.20380221,0.19519328,0.2058369,0.20498914,0.19814876,0.20133975,0.1993957,0.20250116,0.20602629,0.21162622,0.20131627,0.20319293,0.2026819,0.20829391,0.196807,0.20159593,0.188948,0.19632775,0.19482109,0.199167,0.2002438,0.20020169,0.19922484,0.19463362,0.19626048,0.19971392,0.20195638,0.19857477,0.19933859,0.2066869,0.20345283,0.20356846,0.20375746,0.19879119,0.2002583,0.20314112,0.21008563,0.19675042,0.20001292,0.19747287,0.20756063,0.19630304,0.2028316,0.2035784,0.19935098,0.20218165,0.20260882,0.20878841,0.20319244,0.20031762,0.20056276,0.20247033,0.20478132,0.20225455,0.20467919,0.20610061,0.202829,0.19728012,0.19910598,0.20921403,0.19978578,0.19920467,0.20473114,0.20424154,0.21070652,0.20321095,0.20300663,0.20182243,0.20469652,0.20367803,0.19518037,0.19132988,0.20288552,0.20275065,0.2015534,0.20477395,0.20300423,0.20722423,0.19727564,0.19752552,0.2009365,0.20504767,0.20431459,0.20070224,0.20085268,0.19998357,0.19879536,0.20410301,0.20348826,0.1911249,0.20520452,0.19794378,0.20133027,0.20299493,0.19742757,0.2085606,0.20218462,0.20521349,0.20323247,0.20007388,0.19214138,0.21097085,0.19065942,0.20205392,0.20116267,0.19898,0.20491111,0.1992554,0.19827673,0.1979515,0.19231653,0.21304382,0.20060775,0.19992578,0.20980407,0.20231773,0.20639016,0.20220098,0.19901073,0.20312421,0.19944985,0.20125875,0.2085845,0.20167959,0.19901356,0.2008662,0.19761175,0.20547187,0.19757186,0.20056246,0.19777948,0.19624904,0.20382039,0.20022818,0.20232527,0.20369203,0.2026049,0.20293902,0.19815634,0.2004337,0.19711086,0.20865405,0.2114927,0.1951622,0.20479956,0.20336576,0.19623339,0.20123386,0.20286639,0.19980466,0.20012747,0.19796376,0.20598054,0.19916642,0.19618969,0.20336832,0.1991303,0.20204224,0.1989793,0.20253702,0.20230037,0.2058816,0.20653573,0.20197693,0.19721156,0.2064611,0.20545614,0.19861571,0.20297565,0.20068902,0.19934914,0.20239802,0.20009388,0.2021541,0.19538541,0.20425095,0.20700786,0.19861351,0.20436776,0.19863355,0.20211294,0.20337102,0.20017591,0.20151635,0.19385888,0.20122895,0.20157927,0.19906163,0.20409836,0.20060174,0.20184875,0.20196557,0.19619595,0.20284419,0.20329405,0.19760945,0.19582972,0.19530345,0.19468234,0.20098564,0.20494455,0.20211954,0.19847181,0.20176116,0.20006129,0.20292105,0.21179332,0.20868307,0.1958189,0.2064461,0.20390578,0.19842507,0.19853558,0.20236707,0.19741558,0.20150049,0.2019924,0.20105545,0.20817265,0.20093076,0.20324802,0.20722158,0.20438574,0.2037649,0.19965264,0.20234421,0.20110649,0.2050939,0.21340571,0.19918223,0.20224638,0.19717687,0.2000464,0.20048468,0.2021248,0.20350862,0.1987145,0.20224358,0.1961974,0.2022618,0.19204473,0.20516738,0.20537701,0.20689805,0.19726017,0.20424604,0.2004149,0.20167851,0.19553098,0.20109987,0.20644033,0.20052396,0.19903842,0.20140329,0.19863011,0.20057341,0.20334303,0.19777599,0.20127153,0.20273422,0.20063625,0.21023718,0.20432594,0.20237271,0.19924323,0.20780201,0.20597464,0.20512563,0.19879784,0.19667786,0.20288521,0.20206259,0.19735244,0.19478428,0.1996911,0.20075992,0.20069656,0.19591558,0.20140752,0.20780759,0.19572955,0.20261441,0.19845884,0.19999997,0.1988788,0.20354438,0.19807135,0.20745358,0.20643142,0.20061539,0.20206046,0.20310101,0.19579615,0.20691065,0.20772827,0.20346409,0.19901112,0.20557718,0.2081959,0.20467138,0.20480214,0.20154978,0.20555119,0.20508616,0.20266365,0.20116018,0.19680806,0.21017022,0.20288262,0.20357636,0.2016416,0.20718889,0.20095919,0.19491914,0.1986375,0.19747603,0.19686362,0.20418157,0.20311038,0.19992264,0.20064247,0.20527782,0.20014173,0.2036636,0.20479727,0.20145532,0.20482445,0.2030314,0.20590842,0.20039465,0.20677708,0.20286474,0.2052063,0.20286652,0.20439987,0.2042374,0.20554352,0.20772038,0.20370588,0.2025711,0.20091708,0.20077787,0.19863594,0.20628849,0.20611456,0.20022027,0.20518875,0.20061605,0.20266351,0.2033976,0.20503289,0.20510489,0.20108469,0.20368598,0.20016663,0.19773422,0.20390569,0.20001186,0.19984148,0.20078927,0.20347023,0.20236395,0.20121261,0.2006033,0.1975235,0.19780141,0.19718306,0.20167856,0.20031355,0.20259932,0.19567396,0.20250593,0.20695107,0.20115764,0.20327789,0.19927989,0.20282342,0.20258576,0.20270033,0.1977357,0.20268023,0.20667508,0.2001898,0.2033318,0.200991,0.19114234,0.20555986,0.20474537,0.20223173,0.20312938,0.20333461,0.20186363,0.20799734,0.20257981,0.1991711,0.19462384,0.19680735,0.20227069,0.2033459,0.20267512,0.20606433,0.20061257,0.20774846,0.20148626,0.19722958,0.19161686,0.20224907,0.2012565,0.20331444,0.19481309,0.2041844,0.19460626,0.20086764,0.2034715,0.19607626,0.2037455,0.20512028,0.20411734,0.19894215,0.19713965,0.20176077,0.19959335,0.19284743,0.19847152,0.20549318,0.20493703,0.20353566,0.2067687,0.21086413,0.20800017,0.20212401,0.2017953,0.20163268,0.20418988,0.20154537,0.20328228,0.20120208,0.20554125,0.20631656,0.1970803,0.19489646,0.19906573,0.19315669,0.19401878,0.20722735,0.20186032,0.20030755,0.20521465,0.19875255,0.20106086,0.2040495,0.19751008,0.20710565,0.19560857,0.20110725,0.19909729,0.19773236
