0.6689921,0.65976775,0.65931624,0.6605404,0.6786122,0.6639124,0.66422623,0.6727029,0.6678392,0.65198374,0.68491584,0.6637709,0.6657904,0.6496658,0.6587207,0.66912746,0.6710157,0.66339165,0.64997363,0.66525745,0.6527478,0.6698352,0.664033,0.647447,0.663603,0.65090513,0.6425627,0.6501279,0.66975516,0.6571216,0.65603775,0.67924917,0.6662797,0.6536007,0.6573595,0.656947,0.6558912,0.66508996,0.6708161,0.6614199,0.6473038,0.6469748,0.671998,0.6666824,0.66826177,0.6579892,0.67021805,0.6543349,0.6800197,0.67137825,0.6836558,0.678706,0.6550191,0.6582817,0.66099715,0.65613705,0.6698655,0.6649224,0.6573763,0.6602754,0.6572232,0.679584,0.65398157,0.6608551,0.6627117,0.6642315,0.65739554,0.6706215,0.6604884,0.6753603,0.6692694,0.6719579,0.6640556,0.6787996,0.6791629,0.66410387,0.67196435,0.6683615,0.6679017,0.66617525,0.6606907,0.66563267,0.65786165,0.6562362,0.6630095,0.6643408,0.6505739,0.6738595,0.6630173,0.655852,0.6529375,0.6646337,0.6614591,0.66980565,0.6776623,0.6740831,0.65673196,0.66206163,0.6689872,0.6545263,0.6539196,0.66621435,0.6835803,0.6730819,0.6568315,0.67779183,0.6611476,0.65561074,0.6673829,0.65993875,0.65791893,0.6635549,0.66560274,0.6792048,0.65448606,0.6687401,0.6555376,0.6650431,0.6529029,0.6662099,0.66479087,0.665296,0.6542119,0.6601709,0.65255487,0.6504706,0.65580684,0.6682434,0.66112083,0.6797903,0.66036177,0.6691151,0.6530761,0.66417927,0.6777984,0.66588396,0.68036175,0.65680176,0.68283397,0.66672224,0.66616046,0.65129834,0.65297985,0.6538661,0.66294676,0.6546803,0.6582954,0.6514198,0.6761,0.6763372,0.6596838,0.6710657,0.67346513,0.6529994,0.66984075,0.64979064,0.6764475,0.6554366,0.6572779,0.6781464,0.67063063,0.6750072,0.661371,0.65229523,0.64091474,0.65853924,0.66180205,0.6784736,0.6564535,0.6565596,0.65903383,0.66671675,0.65710694,0.65584385,0.6897602,0.65993756,0.66718185,0.6635361,0.68200755,0.6856264,0.6692424,0.67403144,0.66838616,0.6622594,0.67345476,0.66186535,0.6596388,0.6742016,0.6523425,0.6565927,0.6557973,0.66445214,0.6625652,0.6607435,0.652606,0.66834825,0.65513086,0.66916454,0.6651266,0.6701481,0.66874754,0.65227807,0.6603778,0.66269773,0.65712035,0.66505784,0.6693305,0.6756533,0.6683657,0.68631333,0.66740483,0.6618582,0.6584309,0.6775045,0.66488004,0.6524006,0.6498889,0.64711404,0.6758354,0.6650929,0.67141575,0.66205287,0.684507,0.6666851,0.65733117,0.65527856,0.6583056,0.6470387,0.6700038,0.66586304,0.66909885,0.66224194,0.6517194,0.66886294,0.6518015,0.6562019,0.6597695,0.6629252,0.6475829,0.65363765,0.6586664,0.6621278,0.66960305,0.6524077,0.6644528,0.6521661,0.67663145,0.6819674,0.675746,0.6697647,0.6665203,0.66512215,0.6681345,0.67453426,0.6729848,0.6568008,0.66315407,0.66225547,0.6632217,0.6546722,0.658937,0.65742743,0.6620679,0.6726378,0.66302615,0.6589402,0.6722082,0.6724539,0.67795205,0.6760556,0.66485846,0.65674156,0.664783,0.66848034,0.6555564,0.6557816,0.64934766,0.67108876,0.6589651,0.6752202,0.6652423,0.6530441,0.66029817,0.64370525,0.6577572,0.65520954,0.65970033,0.6655185,0.6550826,0.662363,0.6625171,0.66415733,0.66505075,0.6571312,0.67048085,0.6475776,0.6478635,0.66357666,0.6624608,0.6732872,0.68233854,0.67370087,0.660086,0.6597186,0.65848833,0.6673207,0.6488707,0.6490761,0.67236555,0.6643662,0.67235523,0.65650964,0.686202,0.6711963,0.66396713,0.6630075,0.6628567,0.6763729,0.67290395,0.6685442,0.6581941,0.6699165,0.6600342,0.6722769,0.6631852,0.66855425,0.64965934,0.66069967,0.6650788,0.6579752,0.6759943,0.67882943,0.66926706,0.66613925,0.6737022,0.66582495,0.65056115,0.6632116,0.6640081,0.66893613,0.66729766,0.6660804,0.6434362,0.6712939,0.6616054,0.6520541,0.6648024,0.65791255,0.66526437,0.66116023,0.66395766,0.6607264,0.66556203,0.66663295,0.6765083,0.67313564,0.6710347,0.650486,0.66004384,0.6491516,0.6651734,0.67207295,0.6663596,0.6682765,0.6738956,0.6701547,0.68029225,0.6777057,0.6752636,0.66828656,0.6815859,0.6631882,0.66669273,0.66629565,0.66743857,0.65965873,0.66153777,0.6721161,0.68846124,0.672766,0.6560006,0.6542989,0.64724064,0.6634069,0.6451217,0.64145035,0.64862204,0.6621793,0.6625772,0.67243886,0.6619978,0.6747307,0.6458734,0.6599408,0.6610369,0.6679872,0.6693792,0.661867,0.66960716,0.66184413,0.6689329,0.65719163,0.6643384,0.66204375,0.6607672,0.65788716,0.64088637,0.65316135,0.6598749,0.6664358,0.66967875,0.67062926,0.6633545,0.6585521,0.6665088,0.6806172,0.659828,0.6739777,0.6521651,0.65642565,0.6715752,0.6776997,0.65169334,0.6733208,0.67068726,0.6676209,0.6575904,0.67217094,0.66082436,0.65526265,0.6683738,0.6766644,0.6686813,0.6615579,0.66574186,0.66288304,0.68276405,0.6660993,0.6568383,0.6392196,0.6611972,0.6573365,0.6725502,0.66247624,0.67204946,0.6765011,0.6798701,0.66387546,0.6592787,0.6640607,0.67794317,0.6624679,0.66752464,0.6634958,0.6641341,0.6664281,0.650177,0.6665665,0.6786266,0.66494524,0.66687196,0.6585258,0.66519237,0.6642201,0.67363185,0.68246293,0.64706993,0.6579787,0.6735987,0.6527828,0.66020143,0.6550974,0.64677846,0.6566031,0.6656304,0.67021537,0.6694678,0.6732273,0.6706675,0.6568961,0.6713632,0.66394854,0.6579986,0.6654538,0.6527925,0.67935383,0.65435344,0.68010455,0.6461088,0.6750862,0.6430398,0.65415406,0.65960425,0.6704474,0.6523323,0.659526,0.6757172,0.6706609,0.674584,0.6498344,0.6602021,0.66504955,0.65477884,0.66023254,0.65879226,0.6720633,0.68756,0.66949195,0.6600162,0.67100245,0.66919535,0.6560231,0.66512424,0.6652864,0.6754024,0.67937267,0.67607164,0.65789384,0.65063083,0.678227,0.66430736,0.6609645,0.6619157,0.6745967,0.6778115,0.6717604,0.65820444,0.6538373,0.66331303,0.6517095,0.6476996,0.66111755,0.6522266,0.6697605,0.64820045,0.66741526,0.6571679,0.67160046,0.6756677,0.6735347,0.661677,0.67231715,0.669953,0.6470446,0.6591362,0.6725578,0.6663008,0.67884433,0.65739614,0.66710997,0.6563108,0.6600223,0.6541648,0.66163415,0.66891,0.6621833,0.67419356,0.65078753,0.67242515,0.68135357,0.6770685,0.67180717,0.6518906,0.6648392,0.65137064,0.67080057,0.6717426,0.6489666,0.66254264,0.6468922,0.6779252,0.68135995,0.66463166,0.66142195,0.64756286,0.651159,0.6625671,0.6796523,0.6612837,0.6495457,0.6448843,0.676998,0.6594533,0.6745429,0.64719033,0.6652424,0.67258495,0.6673887,0.67024934,0.6579374,0.6734972,0.6660801,0.676858,0.6726198,0.6684936,0.67326516,0.6566701,0.6636748,0.6461826,0.65982157,0.6696886,0.65365356,0.6579397,0.6582933,0.65030664,0.65901655,0.67011786,0.65953285,0.6615793,0.65673673,0.65869325,0.66556954,0.6669418,0.67000055,0.6745605,0.6706105,0.68252546,0.6625089,0.6709163,0.65263486,0.6753461,0.6601066,0.6556536,0.6605117,0.6508852,0.6586072,0.6672481,0.6625389,0.6714402,0.6589269,0.6562973,0.6852547,0.6551631,0.6373861,0.66963357,0.65873486,0.65385956,0.66234595,0.67736334,0.6492621,0.66633123,0.666501,0.6735521,0.65863025,0.6588621,0.65389335,0.6601527,0.652689,0.6522892,0.6616008,0.6649014,0.671304,0.64720327,0.6681507,0.65575504,0.66739136,0.6691352,0.6879887,0.6544817,0.6614676,0.64563215,0.6552841,0.680957,0.6658429,0.65938365,0.64933205,0.6627567,0.6623633,0.6569539,0.6689185,0.67949814,0.6570278,0.6602794,0.6669859,0.656267,0.66540664,0.6620709,0.6562384,0.6724928,0.6713502,0.6654292,0.6845162,0.64349127,0.6729158,0.680559,0.6534148,0.65759104,0.67620516,0.6629897,0.6556577,0.6698992,0.66603255,0.6750239,0.6347256,0.66518474,0.68704677,0.65142125,0.65576035,0.67438006,0.6827482,0.66553944,0.6651636,0.6467937,0.6589197,0.66290504,0.6439826,0.67508686,0.6649941,0.6720579,0.6751372,0.665848,0.68532443,0.6712563,0.6663416,0.65365666,0.6658126,0.674639,0.6559359,0.6678694,0.67718697,0.67082745,0.6594527,0.65905505,0.660108,0.6670792,0.6540529,0.658519,0.6613836,0.6687181,0.66521204,0.6581559,0.67819107,0.6646299,0.6478662,0.66772354,0.6638768,0.6574541,0.6621376,0.66986644,0.661337,0.67147166,0.6642283,0.6764083,0.6596892,0.6660681,0.6606333,0.6609428,0.65975255,0.66108376,0.6564898,0.6691213,0.65177953,0.68153703,0.66423,0.67551243,0.66964537,0.66405,0.6549367,0.66837007,0.66042465,0.666972,0.6716214,0.6735911,0.6656666,0.6539638,0.6655658,0.6583126,0.67003953,0.6830214,0.6601204,0.66711074,0.6635964,0.6718055,0.67053133,0.67666316,0.672117,0.6731616,0.6614732,0.6672245,0.6692942,0.66429806,0.65859944,0.6550463,0.6693879,0.66039896,0.6798825,0.6643973,0.6731406,0.6670646,0.6663297,0.66947955,0.6632075,0.65737695,0.6753409,0.66084903,0.67071337,0.65995014,0.65587443,0.6617709,0.6755961,0.6705633,0.67131,0.6602002,0.65731716,0.6513442,0.64879555,0.6650648,0.651992,0.66107917,0.6603384,0.6478576,0.6606325,0.66499513,0.6501564,0.6475691,0.66946334,0.6644977,0.64965814,0.66270745,0.6538331,0.6599876,0.66130036,0.6614146,0.66981906,0.66192263,0.67979884,0.64646417,0.6654818,0.6600437,0.6605742,0.6570608,0.6676751,0.67655563,0.6606167,0.67692393,0.6624062,0.67335665,0.65872455,0.66064376,0.6664096,0.6632091,0.664811,0.6672535,0.66660744,0.65438133,0.656697,0.664148,0.65667135,0.6698753,0.6653154,0.66214347,0.669463,0.65834767,0.6579998,0.6694417,0.6637953,0.6668967,0.66093534,0.6598586,0.6569707,0.6647677,0.65858364,0.67952573,0.6724114,0.6849798,0.67005324,0.6571929,0.67296904,0.6567726,0.64617795,0.66856605,0.651356,0.6713507,0.6550609,0.66060585,0.6773748,0.6611943,0.68636143,0.6665597,0.6651094,0.670067,0.65781516,0.6820523,0.6648681,0.64997894,0.65911096,0.6597881,0.66075873,0.6646176,0.64988804,0.66925734,0.65915954,0.66113126,0.66479504,0.6785825,0.66410375,0.6606047,0.67290574,0.6575258,0.6607925,0.66304165,0.66190946,0.6586197,0.6748338,0.66363186,0.6529333,0.6778386,0.67773604,0.6667994,0.68602026,0.67170304,0.6604127,0.6533188,0.6576848,0.6485324,0.6369527,0.6594573,0.66118354,0.6457289,0.6530223,0.6474602,0.6533301,0.65659773,0.6744585,0.6494623,0.6570016,0.67164606,0.6657397,0.67164296,0.6552371,0.6738892,0.67524964,0.64974195,0.66126776,0.6618355,0.6538208,0.6610408,0.6569763,0.6678993,0.6674106,0.656446,0.6689632,0.67488205,0.67956686,0.6508928,0.6799874,0.65168506,0.66755706,0.66454256,0.66496044,0.6649134,0.6702712,0.67678285,0.65595186,0.657301,0.6603099,0.6755108,0.67078316,0.6704351,0.6546045,0.669885,0.6526476,0.6707651,0.6561402,0.67105204,0.6721955,0.66547817,0.6702684,0.658812,0.6619281,0.6759753,0.66095996,0.66605866,0.65876967,0.6451247,0.6612027,0.6719079,0.6594428,0.6545841,0.6641557,0.65796226,0.66721463,0.66280615,0.67694205,0.6580741,0.6642068,0.6687109,0.66598696,0.6698344,0.6579246,0.6699269,0.6670462,0.6660744,0.6601688,0.6686118,0.65757823,0.66521233,0.6770127,0.66962516,0.65117264
0.5816409,0.5818944,0.5796126,0.5844824,0.59415615,0.55717236,0.57120824,0.5704309,0.56554806,0.5664345,0.562641,0.56187415,0.5850516,0.56289583,0.57125646,0.5790624,0.5639054,0.570525,0.55897593,0.57244235,0.5636928,0.57235986,0.5697535,0.57260746,0.5659335,0.56917286,0.56919837,0.5792262,0.5785715,0.582658,0.5693088,0.5802167,0.572098,0.5831055,0.5652652,0.553965,0.56639665,0.5730134,0.56042767,0.5627221,0.5658981,0.5644603,0.58326066,0.5897833,0.559967,0.56718457,0.5710196,0.5705202,0.56942976,0.5684971,0.5726729,0.5729687,0.5592748,0.5641241,0.5682899,0.56119835,0.5819849,0.55884004,0.5729152,0.58631337,0.5834215,0.57261974,0.5742506,0.5775152,0.57174647,0.56367326,0.5733416,0.55478233,0.5759759,0.58228153,0.5816635,0.56705654,0.56915635,0.57519686,0.57007056,0.57167166,0.5691081,0.5700381,0.57642126,0.56307036,0.5731454,0.56726116,0.5649896,0.5668483,0.572924,0.5809471,0.5655712,0.5583212,0.5525779,0.57585454,0.574564,0.5841242,0.5709359,0.5626016,0.57193947,0.5781529,0.5685815,0.58706754,0.57666296,0.56112254,0.57397246,0.576302,0.5825391,0.5747076,0.5722714,0.56066567,0.5713301,0.5705488,0.56794435,0.5833096,0.5733016,0.5618286,0.58076817,0.5727324,0.563344,0.573484,0.5378579,0.57125044,0.576012,0.5533566,0.57938945,0.5611752,0.57231176,0.56822854,0.55410814,0.57150036,0.5631297,0.5707657,0.5558781,0.5617778,0.5668076,0.56633145,0.5641123,0.57534224,0.57859266,0.58362055,0.5701263,0.56593895,0.5827265,0.58611214,0.55807203,0.58274823,0.5680164,0.5713745,0.5773885,0.5582318,0.56988305,0.5792484,0.5711797,0.5835121,0.5785705,0.5619187,0.5654819,0.5755156,0.57143843,0.56366616,0.5830271,0.5626789,0.5734799,0.56922495,0.5654333,0.5751591,0.5748294,0.568238,0.56691515,0.56141233,0.5754518,0.56990695,0.56472033,0.5726459,0.57132375,0.5600339,0.57383317,0.5727362,0.5901755,0.56681705,0.57588863,0.5643438,0.56979114,0.5820494,0.56472975,0.57457674,0.58619946,0.57398707,0.5745746,0.5860203,0.5617014,0.5773898,0.5720053,0.5648598,0.5629491,0.566783,0.5693741,0.57348657,0.55904895,0.56921786,0.56950223,0.5667852,0.5838543,0.5672918,0.592531,0.5750865,0.5758499,0.5661512,0.5774413,0.56121767,0.58350855,0.5825029,0.5760096,0.5763071,0.5619803,0.5570791,0.5788876,0.56771845,0.5744498,0.5695831,0.56809324,0.56479883,0.57272595,0.5671971,0.5702342,0.5601785,0.58297914,0.57253367,0.57346857,0.5774121,0.56825614,0.5585971,0.574451,0.57155484,0.58969826,0.5663579,0.5652063,0.5687815,0.56825244,0.5517472,0.56000453,0.5675888,0.57423913,0.5541732,0.5658145,0.5640029,0.57269686,0.55794144,0.56822205,0.5655659,0.5735373,0.5804477,0.5756305,0.57209843,0.56570363,0.5693796,0.5648541,0.5652093,0.5826694,0.57042336,0.5532283,0.5815473,0.56788015,0.5779256,0.5745961,0.5645694,0.56011987,0.5880311,0.5773819,0.5926144,0.5695292,0.57303977,0.57124144,0.57223684,0.5776296,0.5720297,0.5590209,0.5814558,0.5626954,0.5629983,0.5732611,0.5637759,0.5655203,0.57851964,0.5730531,0.5722932,0.57375085,0.54915506,0.5684249,0.5742715,0.5756458,0.56746256,0.5596491,0.5543981,0.5762828,0.5623574,0.5707524,0.57611215,0.57591224,0.57307446,0.5684572,0.5517482,0.55561787,0.5652574,0.5672974,0.5597284,0.57062906,0.5616515,0.57782745,0.57655895,0.5612132,0.5742835,0.5776253,0.57379115,0.55643773,0.5512252,0.5669277,0.56238806,0.563869,0.56956017,0.5566723,0.5720884,0.5895562,0.5694347,0.56552774,0.56007355,0.5813372,0.57875717,0.5673803,0.5773903,0.5747801,0.5649047,0.56845397,0.5627577,0.568375,0.5851307,0.57254815,0.56292397,0.56345433,0.5751509,0.5756672,0.5657169,0.556654,0.56862116,0.5558574,0.57173485,0.5816264,0.55543405,0.56586915,0.56230086,0.5827365,0.5558878,0.5716305,0.5782396,0.56541234,0.577161,0.5694438,0.5684204,0.58386517,0.56255984,0.5587662,0.5769145,0.57711464,0.56106716,0.5710136,0.5712884,0.5738236,0.5594055,0.5664904,0.57027256,0.5653903,0.5695339,0.5783905,0.5800454,0.57554376,0.54848707,0.56957066,0.5682637,0.5601821,0.5779083,0.57719356,0.5718033,0.5612291,0.5755592,0.5672042,0.5583863,0.5672844,0.5712788,0.5591166,0.57264394,0.5663865,0.5883844,0.5748821,0.58514374,0.56329453,0.5691599,0.5626389,0.58474034,0.56849307,0.5798116,0.5623644,0.5752694,0.55464226,0.57424784,0.56200475,0.55163133,0.565852,0.56925917,0.5857248,0.567721,0.5603123,0.57748777,0.57766247,0.5792163,0.56153804,0.5632285,0.5717188,0.58147526,0.57036734,0.5719629,0.55715555,0.5727532,0.5628429,0.5804562,0.54886055,0.5678855,0.5587224,0.56670654,0.56528866,0.5695456,0.57724446,0.568262,0.55511224,0.57680565,0.5811744,0.5739644,0.56458515,0.58039397,0.57162154,0.5761792,0.58484465,0.57201344,0.57168406,0.57019037,0.5765533,0.5701067,0.5860799,0.5765444,0.58029693,0.5653113,0.56933093,0.58768106,0.5682297,0.5828184,0.5774321,0.5848694,0.58115345,0.57423085,0.5709496,0.56576186,0.57144076,0.57041353,0.5764141,0.58145154,0.5683607,0.55962354,0.56538445,0.5603131,0.5731241,0.57474023,0.5699782,0.5668701,0.572204,0.55809927,0.55936295,0.5753701,0.5526748,0.5598147,0.5856099,0.5696788,0.57347727,0.58394146,0.5759295,0.5810472,0.567595,0.5638662,0.5867282,0.58656317,0.565758,0.5955303,0.5760355,0.57094365,0.5645961,0.572885,0.5668969,0.5858162,0.56306237,0.56321627,0.56076324,0.5735339,0.57054794,0.5742987,0.58675617,0.5597893,0.5595807,0.58773905,0.57147604,0.56385595,0.5634197,0.5717478,0.57841516,0.5643459,0.5659423,0.5704613,0.5699096,0.5789102,0.5792162,0.5632814,0.5934179,0.58312315,0.5842366,0.5538257,0.5591815,0.5761231,0.5742703,0.5729036,0.56847453,0.5807655,0.5517051,0.5878498,0.56131816,0.5619452,0.574902,0.55438495,0.57523257,0.5681516,0.56584114,0.58153075,0.5695354,0.56452346,0.57610637,0.5722042,0.55985504,0.57013756,0.5651005,0.573569,0.5539517,0.5630415,0.55783653,0.57805854,0.5721171,0.579735,0.5678452,0.57702255,0.5638589,0.57194126,0.5699896,0.56146824,0.5654658,0.5652819,0.5661021,0.5677968,0.57391375,0.5805473,0.5734648,0.57687473,0.56073666,0.5898349,0.5800055,0.5812503,0.5714838,0.5670384,0.5657221,0.54614556,0.575312,0.5805068,0.59003097,0.58203745,0.5707635,0.56000656,0.5766262,0.57452863,0.57886887,0.5662977,0.5661312,0.58209413,0.56155896,0.57409954,0.57243776,0.5750195,0.569737,0.57697135,0.568392,0.5664314,0.5889007,0.58113873,0.5717164,0.57789123,0.5649869,0.5797835,0.56633836,0.56031334,0.57319045,0.57123774,0.58249605,0.5751804,0.57283443,0.56777686,0.57035196,0.56026495,0.5861822,0.56613404,0.57457423,0.57389337,0.5889146,0.5672978,0.583199,0.5635285,0.57164174,0.5737202,0.5873431,0.5848739,0.5759521,0.56303066,0.58160514,0.561135,0.55621934,0.5685989,0.5586778,0.57301295,0.5779286,0.5770458,0.57820153,0.5956204,0.5896182,0.5662101,0.5641595,0.58194876,0.57241553,0.55120975,0.57214755,0.56350404,0.5931082,0.56755555,0.56950927,0.5759996,0.5794705,0.5722606,0.5642345,0.5761846,0.57659966,0.56022286,0.5639407,0.5550423,0.58983403,0.5952766,0.5693961,0.5657534,0.5663792,0.5748417,0.57804596,0.57870656,0.579547,0.55992496,0.5612257,0.5574118,0.5574782,0.5592698,0.58662194,0.55399466,0.5674767,0.5770287,0.56617635,0.56697124,0.57463205,0.5826166,0.5642939,0.58479244,0.5647523,0.574058,0.57049644,0.56705153,0.55536044,0.5678272,0.57194614,0.58328646,0.56743985,0.57375634,0.567276,0.5734412,0.58359534,0.5649779,0.5676206,0.57600826,0.5691995,0.5807863,0.5713922,0.5541781,0.56983024,0.57771397,0.5786163,0.57821363,0.55989754,0.57392544,0.5855175,0.5730195,0.5649868,0.5810817,0.5811529,0.564889,0.59419113,0.5748408,0.57254446,0.5776247,0.57026196,0.5796946,0.56417155,0.5675828,0.55794156,0.57149,0.58394617,0.56393963,0.5852495,0.5911903,0.57037574,0.5811551,0.5727972,0.56710446,0.56765544,0.55361557,0.58005726,0.5611458,0.56929916,0.58228016,0.56725776,0.5627197,0.58244973,0.5725198,0.55528545,0.57270867,0.57488346,0.56894416,0.57119364,0.5748193,0.5689822,0.55713034,0.5830971,0.5717239,0.5696714,0.5565259,0.5779785,0.56754977,0.56829,0.5646336,0.58822185,0.57342607,0.5800597,0.5695162,0.5766807,0.5760614,0.5670839,0.5659863,0.56468517,0.5661197,0.58597493,0.5844046,0.5747128,0.56797796,0.57421786,0.56094915,0.5701532,0.5863526,0.58154476,0.5600624,0.5860358,0.56351596,0.57090014,0.58120453,0.5848476,0.56273997,0.5716555,0.57405514,0.57819575,0.5850472,0.56943357,0.5790428,0.5747583,0.5767364,0.56325823,0.57664675,0.5794521,0.5868081,0.5705427,0.5710786,0.5731327,0.5649517,0.5694317,0.5706342,0.567697,0.57705325,0.560662,0.5778414,0.5750274,0.56897455,0.5844189,0.5773894,0.5717683,0.56876206,0.5589467,0.5644368,0.57110345,0.57654345,0.5844437,0.57587814,0.5696237,0.5683275,0.5584192,0.5748816,0.5586171,0.5748957,0.5699659,0.5616248,0.5753434,0.57005656,0.562063,0.5648244,0.5895614,0.5789592,0.5769995,0.5669444,0.5579628,0.55882865,0.57384175,0.5698918,0.56360716,0.56975716,0.5723224,0.57258445,0.57701117,0.5809704,0.5823659,0.5747466,0.57280344,0.5663709,0.5738527,0.5863137,0.5716476,0.55809844,0.56863105,0.5689948,0.56402993,0.5657285,0.56188244,0.59000355,0.5712484,0.5729881,0.56984246,0.570536,0.57197624,0.5775907,0.5721722,0.5701726,0.5794466,0.5652811,0.5637988,0.56258076,0.5741259,0.5702741,0.57615745,0.57555276,0.57868385,0.5776824,0.5691916,0.55986357,0.5639887,0.5666608,0.57740235,0.5703106,0.5714402,0.5867782,0.5772626,0.5663396,0.5714618,0.5791995,0.56097615,0.57272166,0.57051075,0.56765145,0.5568655,0.5735177,0.5700762,0.5682082,0.5762226,0.57583547,0.5669317,0.57704365,0.56705695,0.55958414,0.5720319,0.57064587,0.56393147,0.57616985,0.57932407,0.5502874,0.5760144,0.56729245,0.54673004,0.5724988,0.5774932,0.57802707,0.56695527,0.5783427,0.56959987,0.5706281,0.57407784,0.5722541,0.5640246,0.55705243,0.5810913,0.5631924,0.563621,0.57038903,0.5722959,0.57256246,0.5842566,0.570324,0.5695249,0.58931094,0.57935363,0.5670126,0.57808894,0.552418,0.57756716,0.5610359,0.5617249,0.575474,0.56738436,0.57426256,0.5692451,0.5788358,0.5784792,0.58129764,0.5588115,0.5761061,0.5794918,0.5914551,0.5542972,0.5821443,0.5722343,0.57767266,0.5857516,0.57384795,0.57101494,0.56398016,0.5805955,0.5655102,0.57435197,0.57718956,0.57124317,0.57002187,0.59466964,0.5788751,0.5801407,0.5804349,0.56636953,0.5916739,0.5648103,0.5536771,0.5554899,0.56540895,0.57704157,0.5902289,0.5728936,0.58198184,0.5735347,0.56882316,0.5675674,0.57259196,0.5643419,0.5711817,0.581551,0.5727451,0.5580098,0.58218926,0.5602549,0.5704442,0.5616585,0.57358146,0.56673676,0.5749994,0.5725265,0.57564193,0.56877285,0.5552451,0.5675064,0.5732092,0.5645176,0.56872237,0.55674577,0.5725723,0.57457894,0.54677856,0.57734555,0.57276016
0.618046,0.639702,0.6443878,0.62474304,0.6474128,0.6111357,0.64076453,0.62599796,0.63451225,0.62469095,0.6211236,0.6206795,0.62869865,0.62464386,0.6139517,0.63776696,0.6324341,0.6317241,0.61615247,0.6304117,0.61644727,0.6351345,0.62350833,0.62063766,0.6313825,0.6179643,0.6174943,0.62390965,0.634537,0.6188592,0.6301337,0.63649756,0.630855,0.63405806,0.63301575,0.6171632,0.6272024,0.6390986,0.62037426,0.62673223,0.6257071,0.63021374,0.62201214,0.6220841,0.63849485,0.62024385,0.62940425,0.6171026,0.6356147,0.6379662,0.63666606,0.6202876,0.6322647,0.6284199,0.62628204,0.63316524,0.6356061,0.6193867,0.6317185,0.62447006,0.633953,0.63010067,0.62262195,0.62523466,0.6265249,0.62340087,0.631076,0.61823654,0.6242854,0.6311805,0.6243442,0.60763234,0.6213016,0.6283646,0.619755,0.630174,0.6132028,0.6243077,0.63772255,0.6199782,0.6266865,0.6309553,0.63278365,0.62037396,0.61743426,0.62857103,0.6271849,0.62927324,0.6224328,0.6270858,0.63006717,0.6277073,0.625873,0.62923944,0.6319367,0.6316442,0.6374204,0.62271994,0.62137866,0.6366118,0.62647873,0.6342135,0.6228152,0.6236499,0.6187025,0.61980355,0.6394244,0.6274688,0.6187752,0.625478,0.62329787,0.6288201,0.6510348,0.6316936,0.61923903,0.6348296,0.6267449,0.6337902,0.61194855,0.63547194,0.6379344,0.6100432,0.608642,0.61917996,0.60962224,0.62652665,0.6295415,0.63810444,0.6173263,0.61692464,0.6268779,0.6336751,0.6185559,0.6359027,0.6354742,0.6375525,0.63468176,0.62353134,0.6397013,0.6243627,0.6290264,0.6232529,0.6101528,0.62171054,0.6404119,0.6216149,0.6258798,0.6324107,0.63062775,0.64172846,0.63127,0.63180846,0.6296296,0.6193231,0.6355713,0.63536406,0.62660545,0.61591977,0.62045115,0.62662846,0.62081456,0.6226054,0.63595,0.604181,0.63078743,0.6153805,0.6162176,0.632653,0.625425,0.62147474,0.62404877,0.6223464,0.61836225,0.61413395,0.64002395,0.6265099,0.6187104,0.6375705,0.62709534,0.62652445,0.63862187,0.6341345,0.62870693,0.6302792,0.6298006,0.64354235,0.62438947,0.6442785,0.6246552,0.6158705,0.62098944,0.62498474,0.62550217,0.635381,0.61654115,0.63513803,0.62358856,0.6339846,0.6389424,0.6365729,0.63582176,0.6325654,0.6360693,0.62502736,0.6343685,0.62156427,0.63422954,0.6368585,0.6228967,0.64295274,0.6370773,0.62771994,0.61210454,0.63628757,0.6304458,0.6344438,0.62039894,0.6201895,0.63363296,0.6204239,0.6395082,0.62413895,0.63024306,0.6254718,0.6299425,0.63006717,0.62208825,0.61042774,0.64295965,0.62825346,0.6238387,0.61091423,0.6239949,0.6338752,0.61094105,0.6236237,0.6278982,0.6213925,0.6264622,0.6183249,0.62425596,0.6291364,0.62039626,0.63033897,0.629053,0.6192558,0.61934495,0.6331052,0.623933,0.6212136,0.63238895,0.6334808,0.6344136,0.6324782,0.6365819,0.6210691,0.6295693,0.62264806,0.62986207,0.63341916,0.61659485,0.6205041,0.6223128,0.64838743,0.62344253,0.6297035,0.6162355,0.6349852,0.63784695,0.6344316,0.63763946,0.6353126,0.632511,0.63101345,0.6182938,0.6041549,0.61650294,0.62891746,0.622821,0.62976384,0.6360374,0.6180059,0.61924887,0.60520184,0.62608516,0.6326565,0.6378905,0.63144386,0.62666464,0.61352736,0.6278693,0.61850846,0.63373554,0.6333065,0.630885,0.6238814,0.6228805,0.620591,0.61891824,0.6269408,0.627809,0.6276959,0.6374158,0.62984216,0.63144493,0.6291364,0.6128437,0.6224881,0.63604605,0.63131064,0.62392354,0.6219846,0.63927245,0.6217788,0.62373036,0.62633187,0.61153364,0.63019997,0.6337404,0.6401312,0.6306453,0.621282,0.6350153,0.62646353,0.60744804,0.63344026,0.6184002,0.6312125,0.62432206,0.62803465,0.6310702,0.6280008,0.6200722,0.6278967,0.6286881,0.6283918,0.62451357,0.6246567,0.63476527,0.64090717,0.61710864,0.62120545,0.62856364,0.62463224,0.62654704,0.6232443,0.6148023,0.61510086,0.63446486,0.63209647,0.6233456,0.62351626,0.6251102,0.61552095,0.634966,0.62962824,0.6240148,0.62939006,0.6412365,0.62384343,0.6319236,0.61715084,0.61881936,0.62948686,0.62931865,0.62444913,0.62350965,0.6322814,0.6456287,0.62743676,0.63021874,0.62740654,0.6370745,0.6120692,0.6095662,0.6304878,0.627497,0.62723917,0.6431383,0.63273877,0.6221043,0.6195099,0.62482464,0.6223827,0.6234431,0.6157628,0.62185955,0.634045,0.63020587,0.6240357,0.6337183,0.6351276,0.6067393,0.62938654,0.61716115,0.645897,0.6376816,0.63442415,0.63462126,0.6310556,0.62194306,0.62205976,0.6247324,0.6304636,0.6290828,0.6138908,0.6183026,0.619766,0.6264659,0.63179517,0.6274903,0.6165999,0.6273825,0.61586165,0.6394901,0.6356387,0.62933695,0.63173264,0.6273272,0.62811065,0.62807095,0.6369029,0.6149479,0.6274614,0.62941253,0.6266887,0.6281524,0.615061,0.61676264,0.62516356,0.623107,0.6314189,0.64339244,0.6256301,0.6313913,0.6210912,0.6402273,0.62585306,0.62995046,0.6087971,0.6198923,0.63374865,0.6106792,0.64285374,0.6378908,0.62296927,0.6243957,0.6342414,0.6220979,0.6120217,0.630329,0.63084006,0.63396645,0.622776,0.62509745,0.6326547,0.6201006,0.62933654,0.6314361,0.63671297,0.6283684,0.62491095,0.64133364,0.62039334,0.6313951,0.63460886,0.6274623,0.62461394,0.63530564,0.62247473,0.611258,0.629188,0.609981,0.6349522,0.631066,0.6417797,0.6300342,0.6295991,0.63415354,0.61258036,0.6371925,0.6282014,0.62333614,0.62307966,0.62850094,0.63449794,0.61530507,0.6418271,0.63286126,0.62182873,0.6285915,0.62709326,0.61952513,0.62598497,0.60736567,0.6293499,0.6458824,0.6263759,0.64233756,0.6194259,0.61897063,0.62364244,0.6306392,0.6224645,0.62294614,0.62485445,0.62715507,0.6265904,0.6084221,0.62080735,0.62378246,0.63421315,0.62425655,0.62273324,0.6394783,0.62691796,0.6340463,0.62479895,0.63241434,0.62863,0.6257845,0.62264085,0.6183027,0.62968725,0.63068515,0.63214123,0.6270812,0.62187725,0.6290753,0.62413806,0.618749,0.6218741,0.62630284,0.62246346,0.6218691,0.6179691,0.6144844,0.6458199,0.621945,0.6096483,0.62557614,0.63650215,0.6174879,0.61792886,0.61846286,0.6378006,0.6363185,0.63435566,0.6108608,0.6313223,0.629417,0.63079816,0.63845944,0.61614656,0.6095004,0.6224478,0.6220404,0.60516244,0.6370426,0.64290094,0.6247474,0.6246058,0.6211114,0.61745965,0.6138781,0.62289304,0.62677556,0.62741137,0.61526144,0.61152536,0.620816,0.63411283,0.6336488,0.6260316,0.6260225,0.60658157,0.62455094,0.6237669,0.6303689,0.6410095,0.6166185,0.6278948,0.6158847,0.641472,0.6241622,0.6086975,0.6182281,0.6235388,0.63797045,0.6090456,0.6369196,0.6344483,0.6331137,0.63025945,0.62321186,0.63664263,0.6280192,0.61813945,0.63169754,0.6375314,0.6362198,0.6209764,0.6180433,0.63112897,0.6325131,0.633597,0.6370951,0.62827194,0.62308115,0.6353458,0.62477183,0.61899006,0.622757,0.6234826,0.6205547,0.6295517,0.63984376,0.6413138,0.6263872,0.60896903,0.6350665,0.6309937,0.6140337,0.6236636,0.61248815,0.628505,0.6216587,0.6409125,0.6350707,0.6178817,0.6388194,0.63483363,0.61350924,0.61803406,0.63181615,0.6168241,0.62678736,0.6282998,0.6414747,0.62983125,0.6180384,0.6190287,0.62215567,0.627625,0.62648934,0.6267967,0.6336839,0.6396785,0.63081235,0.6272276,0.62376404,0.63464075,0.63373023,0.6299346,0.6222446,0.6203103,0.64118886,0.6419774,0.6249924,0.61533207,0.61224204,0.61614364,0.62532353,0.6283443,0.62767833,0.63588846,0.61928385,0.6420178,0.62952995,0.60146224,0.6268884,0.62608266,0.6248944,0.6250349,0.6126238,0.6235671,0.61914456,0.63584465,0.62467194,0.628868,0.62062573,0.63969344,0.61834407,0.6419466,0.6348492,0.6288041,0.63041943,0.63494104,0.6332439,0.6228678,0.63230413,0.6358082,0.64570874,0.6207937,0.6244166,0.63591945,0.62770605,0.6240668,0.6386626,0.6337692,0.6246604,0.6290357,0.6422753,0.6300644,0.6317605,0.6199841,0.63566494,0.6251787,0.6359793,0.63984984,0.62965363,0.629714,0.6227281,0.62195903,0.63143015,0.65141183,0.62871283,0.61599755,0.6350825,0.625608,0.6371301,0.6067654,0.6325999,0.62981737,0.6264227,0.61169225,0.61365896,0.62010527,0.6233552,0.62741965,0.62934935,0.62377495,0.62431717,0.6373884,0.6226575,0.6332099,0.62909406,0.63835084,0.6333928,0.6213002,0.62004733,0.6232886,0.62018484,0.62428045,0.6304304,0.6399534,0.6235334,0.63181216,0.626283,0.61564434,0.6292313,0.6166523,0.6223561,0.63597506,0.6289844,0.6226234,0.6188398,0.6198616,0.6279059,0.6311788,0.64090097,0.63398784,0.6300266,0.62454444,0.62024,0.63092864,0.6334234,0.6405869,0.64734966,0.6286143,0.63631207,0.6325611,0.63010657,0.6270155,0.63979775,0.61150014,0.6356472,0.6197148,0.62581176,0.6221376,0.6177768,0.6166288,0.6196217,0.6256237,0.63316673,0.64012027,0.61040735,0.6345527,0.6217635,0.62515,0.6300864,0.62900776,0.6319636,0.6211618,0.61290526,0.64306676,0.63639206,0.6197241,0.6290959,0.62571734,0.62946916,0.63285565,0.6322401,0.61843956,0.6193299,0.6118501,0.6188428,0.6319621,0.64883786,0.6355675,0.61558294,0.61601573,0.6171067,0.62741286,0.617921,0.6298727,0.61206675,0.61604947,0.6279569,0.62375516,0.62408966,0.6155847,0.6281125,0.63146037,0.6318804,0.6117652,0.61708426,0.6166112,0.6266047,0.619304,0.6265139,0.61750394,0.6235332,0.63611364,0.6399383,0.62672096,0.64439076,0.61788875,0.62864864,0.6282978,0.6144073,0.61954427,0.6337828,0.62182814,0.6094995,0.6193102,0.60747373,0.6295212,0.6278855,0.63807297,0.6075756,0.6358504,0.62237906,0.6260741,0.6419215,0.63362825,0.62999946,0.62842834,0.6294072,0.63424677,0.607686,0.614905,0.62971103,0.63268965,0.64197206,0.63344604,0.6279166,0.6425591,0.60956275,0.6223774,0.6416489,0.6257115,0.6279666,0.64137834,0.6289112,0.629423,0.6208226,0.62252784,0.622992,0.63052315,0.60858554,0.614508,0.6220684,0.62631834,0.6280603,0.6269978,0.63055867,0.63399094,0.6380774,0.62726474,0.63022774,0.6282377,0.6142738,0.61914307,0.62421757,0.62811244,0.6292141,0.6279207,0.62417746,0.6123218,0.6298334,0.6304117,0.62044126,0.63545966,0.6269867,0.6126384,0.6387349,0.6338882,0.63101876,0.6275192,0.6202073,0.63119966,0.6175715,0.6056455,0.6213651,0.6146096,0.62219256,0.623991,0.62535506,0.62588125,0.63155293,0.6410359,0.61978483,0.62634283,0.62752014,0.62499595,0.61762136,0.6324982,0.6211673,0.62295485,0.6185695,0.6281097,0.6211351,0.63067484,0.6356725,0.61678225,0.62783957,0.6286874,0.6249355,0.610441,0.63078326,0.63236684,0.6371055,0.6252924,0.6257943,0.6334983,0.6211456,0.62467575,0.63674265,0.62528694,0.6220964,0.6159824,0.6469978,0.62168366,0.6049067,0.63170904,0.63462216,0.64448816,0.62468034,0.6404057,0.6278888,0.63790184,0.62804,0.6224163,0.63084066,0.63290197,0.6187955,0.6253031,0.6148681,0.62768054,0.6258285,0.62929,0.6188015,0.6243893,0.60473,0.61468047,0.63086617,0.63166964,0.6111181,0.6171218,0.6249007,0.6228528,0.61132085,0.62014586,0.6152132,0.6331159,0.6397968,0.63610625,0.62482196,0.6207861,0.624098,0.63091177,0.6286494,0.6258545,0.62547433,0.64367807,0.6303078,0.6294669,0.63298666,0.62553024
0.87109864,0.89350885,0.8810385,0.8862965,0.8929685,0.88747483,0.8774133,0.8779317,0.89282626,0.8755235,0.8923858,0.88199395,0.8943381,0.8912394,0.89261276,0.90758103,0.8963185,0.88028264,0.8871949,0.8737278,0.8989687,0.9002698,0.8930411,0.8814512,0.89181024,0.8846768,0.87650037,0.8890283,0.8942007,0.8774499,0.88993406,0.8814423,0.88943064,0.88388634,0.8776968,0.8689272,0.88453597,0.88636005,0.8937647,0.88098556,0.86299855,0.8853933,0.8874563,0.8956479,0.88796914,0.8880988,0.8954149,0.88834214,0.88913494,0.8899865,0.89201844,0.89199287,0.88722616,0.88019663,0.89005244,0.88872343,0.88637275,0.8746977,0.8909284,0.88764864,0.88597685,0.8949465,0.88984627,0.8894681,0.8742236,0.8871845,0.89515924,0.89413905,0.87150854,0.8685744,0.8789435,0.8663207,0.89358467,0.8946815,0.8946659,0.8834786,0.8858613,0.8745618,0.89263356,0.8810552,0.8870676,0.8913959,0.8749014,0.88701797,0.86540467,0.8806948,0.8929162,0.89104015,0.87516356,0.8931425,0.8738133,0.8834479,0.87958735,0.893292,0.89629245,0.89271593,0.88072777,0.8830589,0.8766482,0.88805664,0.8783167,0.8904392,0.900953,0.8992052,0.8845705,0.8891709,0.88883644,0.88749725,0.8866703,0.892571,0.8891862,0.8963402,0.9063151,0.8924437,0.8818842,0.8974001,0.8647439,0.8941197,0.88557386,0.8785739,0.8924998,0.87686265,0.8767253,0.8935071,0.8706698,0.8756831,0.8750757,0.8824447,0.88560313,0.8954308,0.89831924,0.8799324,0.88447577,0.8892051,0.88838845,0.89015985,0.8906099,0.8907107,0.9049423,0.8934887,0.8838908,0.87804765,0.90153,0.88670415,0.8962334,0.8824616,0.88462,0.8854634,0.89734083,0.88338387,0.8872792,0.90078694,0.88815075,0.8934364,0.8915435,0.8692427,0.8924105,0.8865213,0.8850716,0.8919384,0.9010437,0.8983007,0.8903842,0.87526673,0.8775251,0.8889073,0.88014054,0.88422096,0.8861913,0.88326776,0.88110983,0.8861729,0.89500237,0.8752695,0.89338785,0.8816856,0.8901236,0.8767601,0.89958024,0.8944668,0.88240576,0.8764275,0.88264966,0.89587957,0.8796401,0.8891655,0.8927625,0.8943648,0.88412476,0.89994216,0.8867838,0.8897296,0.88963157,0.90400404,0.880161,0.8639499,0.8679463,0.9036571,0.9051196,0.9061877,0.8803574,0.8762174,0.883607,0.8985043,0.89574045,0.88633734,0.89175344,0.8938035,0.90141016,0.8834561,0.8838681,0.884713,0.88215697,0.8882245,0.8887702,0.8759523,0.8960371,0.8729391,0.8864847,0.87496185,0.88820225,0.88684154,0.88174176,0.8762764,0.88703716,0.8826578,0.8958046,0.8910099,0.8928597,0.8950669,0.87533724,0.8807101,0.89330804,0.88663286,0.8751539,0.8892534,0.8845902,0.88945824,0.88261294,0.87471026,0.88625383,0.8644739,0.8876033,0.88177854,0.88843584,0.87922174,0.88936317,0.89891565,0.8814006,0.88558215,0.8874657,0.8804348,0.87737,0.9004084,0.87994313,0.88349074,0.88441366,0.8825698,0.88791245,0.87990546,0.89070714,0.87761563,0.8836342,0.8881872,0.87835515,0.8826781,0.89846635,0.8974183,0.894284,0.90223,0.89847076,0.87453264,0.8735468,0.87899417,0.88957256,0.88513464,0.877815,0.8800205,0.8646943,0.8755751,0.8936799,0.878892,0.894953,0.86988395,0.87846565,0.8843549,0.8824954,0.8855558,0.8824627,0.8864803,0.8845214,0.87508625,0.8839595,0.8957015,0.8925429,0.8744247,0.89105237,0.8787641,0.9046665,0.87138015,0.88479155,0.892284,0.89712536,0.86723757,0.8840483,0.8985349,0.88445866,0.86109895,0.90561754,0.89659536,0.8966816,0.88658035,0.89159423,0.8704554,0.9022509,0.89276963,0.87939376,0.88949317,0.8816779,0.9003704,0.89298123,0.90011585,0.9022822,0.8904473,0.88706636,0.8858884,0.87942886,0.88519615,0.8889515,0.8945979,0.8833131,0.8944656,0.87343085,0.8887345,0.88792175,0.88721114,0.8678991,0.8892694,0.87826735,0.9036691,0.8802994,0.8748737,0.86536306,0.8822403,0.8815316,0.8861428,0.878173,0.892438,0.8853978,0.88562137,0.87647057,0.88139087,0.8788397,0.8732034,0.8870372,0.8843093,0.88808346,0.8933624,0.89040154,0.87582767,0.88637567,0.8798607,0.89089,0.89527947,0.88508826,0.88674146,0.8762585,0.8868846,0.88375634,0.87720966,0.8825673,0.8775775,0.896075,0.8747732,0.89423686,0.8826281,0.8917488,0.884669,0.8928189,0.89584494,0.8900152,0.87558204,0.88787776,0.8802847,0.8771476,0.87525666,0.88837683,0.87692213,0.88084435,0.8882222,0.88000983,0.89903754,0.87702256,0.8967726,0.88567436,0.8791344,0.8795585,0.88323474,0.8852385,0.88360775,0.8930919,0.89901984,0.8827908,0.8719551,0.8786674,0.8793033,0.8815818,0.88083667,0.8915893,0.89648384,0.8759811,0.8902322,0.90241265,0.8780473,0.885367,0.8812746,0.884079,0.88928074,0.8837975,0.8963999,0.891166,0.8857045,0.87327427,0.896825,0.89151007,0.871694,0.9009476,0.86487544,0.8766427,0.88690394,0.89214027,0.8852867,0.88696164,0.8957122,0.8928375,0.89547914,0.8898709,0.8732494,0.8757408,0.8861581,0.87543386,0.88867986,0.87712,0.9017706,0.8937544,0.8843959,0.8861676,0.8975023,0.87730044,0.8922812,0.8909258,0.892472,0.8792972,0.8896284,0.88363063,0.88754034,0.8871558,0.8720067,0.8787665,0.89587045,0.8792221,0.8818214,0.88736063,0.87982804,0.88239497,0.88972384,0.895295,0.876043,0.88608676,0.88328266,0.8951442,0.8913512,0.87533116,0.8949364,0.89218396,0.8889623,0.89613825,0.89604354,0.88698626,0.88293934,0.89123255,0.8694764,0.8723836,0.8996649,0.88304335,0.88297904,0.8918819,0.8884656,0.88386834,0.876684,0.88503355,0.8953155,0.87766194,0.8899178,0.8827839,0.88110274,0.8829117,0.89159876,0.8937373,0.88662165,0.8831549,0.8813548,0.87046546,0.8789969,0.8845098,0.8720745,0.8960209,0.89809495,0.88208234,0.89123464,0.8953093,0.8754179,0.8875329,0.8817533,0.8908522,0.8947872,0.877427,0.88302237,0.8803871,0.8915207,0.8759703,0.8838899,0.8868561,0.89765817,0.8863422,0.90011996,0.8854914,0.87757045,0.8858301,0.8764287,0.88242483,0.87782425,0.88305163,0.8820596,0.8878833,0.8728177,0.88253284,0.8816415,0.8762999,0.89014465,0.88522303,0.8978126,0.8803115,0.89075977,0.8823412,0.8937671,0.90774214,0.87582767,0.88167983,0.8909707,0.8730412,0.8831016,0.8788029,0.88598716,0.8835749,0.88188994,0.8910226,0.8763788,0.8849093,0.8979135,0.8955059,0.8794488,0.8732086,0.8829036,0.8750345,0.89295566,0.8868948,0.87740666,0.88289344,0.8813263,0.9131479,0.88384134,0.8856391,0.8753488,0.8765173,0.8852001,0.8924161,0.8773948,0.8845696,0.8848038,0.8845643,0.8933111,0.8794747,0.89209163,0.8900094,0.87868637,0.8878913,0.88676214,0.8917772,0.868904,0.89598966,0.8786734,0.8833992,0.89558804,0.8883902,0.89018244,0.8792946,0.88829714,0.87667865,0.88643163,0.8849021,0.8840552,0.8797303,0.87420523,0.876675,0.8874659,0.8745461,0.8940501,0.88214153,0.8819939,0.8897569,0.88129246,0.8867833,0.8804813,0.8844482,0.8874401,0.901853,0.8908696,0.88845587,0.8695507,0.8948137,0.8825564,0.88786495,0.88254577,0.8806969,0.8848331,0.8825851,0.89512336,0.8911972,0.89031106,0.87102884,0.90211964,0.87854826,0.88150954,0.8799697,0.87002414,0.8750631,0.89254713,0.89917886,0.8806684,0.8719508,0.885413,0.9030314,0.88339114,0.8913212,0.87988186,0.8762176,0.88995725,0.89546835,0.87566245,0.88652074,0.8899931,0.8879974,0.8847767,0.87193006,0.88277864,0.90574235,0.90002465,0.8855332,0.87894267,0.87829345,0.88130474,0.90462595,0.88735056,0.8951911,0.87717015,0.8852565,0.8924035,0.88845026,0.8713753,0.88898456,0.891737,0.8961827,0.8941956,0.8846122,0.89561844,0.8935575,0.87806237,0.8938277,0.88103807,0.9006399,0.89340967,0.8655324,0.9068464,0.88301384,0.8823983,0.88622236,0.88639385,0.8872237,0.87737316,0.8983679,0.8796036,0.8957261,0.88855845,0.87902176,0.8958201,0.8804664,0.8852906,0.8846729,0.8958725,0.8797364,0.8956415,0.88483626,0.87452435,0.8993638,0.88321143,0.89414316,0.89245284,0.9063289,0.8798902,0.87283796,0.8806113,0.8933587,0.8711367,0.8747857,0.8956479,0.8957413,0.8898715,0.8724108,0.89563644,0.89569443,0.88537276,0.89702106,0.88675725,0.90146244,0.8690553,0.8833886,0.8814348,0.88197756,0.8915233,0.8905513,0.88488996,0.87941116,0.88716716,0.88473284,0.8717159,0.8876575,0.89053303,0.8875976,0.89247376,0.888902,0.8908639,0.8836474,0.87476915,0.88064486,0.8825858,0.8938539,0.88835186,0.8802109,0.8633484,0.8929998,0.8785156,0.874454,0.87090594,0.8761396,0.9072576,0.86846656,0.90043867,0.9001071,0.8747136,0.8992454,0.8911981,0.88684595,0.8774967,0.8912548,0.8849444,0.88802373,0.89143324,0.8843636,0.88747275,0.8889151,0.8916234,0.9009527,0.8998029,0.8915487,0.8919839,0.890321,0.88318366,0.89333105,0.8811404,0.8819523,0.88063496,0.8611735,0.8727015,0.88285697,0.8931478,0.88678336,0.87818974,0.8705388,0.8783066,0.8868575,0.8922094,0.8872991,0.8722018,0.87829435,0.89061767,0.8921589,0.87401456,0.885749,0.88368344,0.8811362,0.8779216,0.8852546,0.88734376,0.87512904,0.8701197,0.88475233,0.8738684,0.9018714,0.8738907,0.8878202,0.8878649,0.87089777,0.88201684,0.89620996,0.8823962,0.8728559,0.8683186,0.8829031,0.87208277,0.8895817,0.88701665,0.88628656,0.89086837,0.8929611,0.88118416,0.8780448,0.88501936,0.8739871,0.879939,0.8787365,0.8760374,0.8844313,0.88367635,0.88530344,0.89518696,0.89953184,0.88252074,0.8810654,0.87523323,0.89180464,0.87531894,0.9004859,0.8861815,0.88068455,0.88284355,0.88658464,0.88890785,0.90842664,0.8907245,0.8707185,0.89874053,0.8868116,0.89604986,0.8943627,0.88239264,0.8886208,0.9053423,0.8905686,0.86973983,0.8859491,0.8959934,0.893726,0.87884194,0.88842326,0.89074504,0.89481413,0.88872504,0.8983335,0.8821643,0.8898242,0.90426606,0.88974565,0.8771321,0.8884897,0.8994353,0.8825171,0.88848054,0.88706553,0.8868296,0.8769137,0.8797395,0.89568824,0.8925948,0.8729216,0.8888405,0.89502555,0.8795005,0.8944491,0.89111143,0.88834953,0.8868168,0.8715149,0.8791539,0.8843554,0.8865287,0.8881244,0.88769406,0.87751126,0.8791997,0.90390265,0.88821733,0.8766019,0.8815101,0.8784492,0.8848717,0.8928153,0.8867918,0.8852239,0.88177615,0.889091,0.8717098,0.8820146,0.87510127,0.87374973,0.88856596,0.8830175,0.9008905,0.8972779,0.88379157,0.8764948,0.88490075,0.897565,0.89447933,0.87570935,0.88289165,0.8839253,0.8979062,0.8830132,0.879899,0.88582844,0.8793438,0.8880308,0.89678854,0.86987567,0.87616974,0.8875972,0.88309574,0.8738064,0.88888747,0.8849626,0.88700235,0.89051056,0.9010991,0.896429,0.8853139,0.8977454,0.8846941,0.8801191,0.8830935,0.8821108,0.88305193,0.90928566,0.8706498,0.886164,0.868902,0.8919072,0.885206,0.89157915,0.8875183,0.8905878,0.8924313,0.88742125,0.89012504,0.9022441,0.8872697,0.892062,0.90002066,0.88146377,0.8856154,0.89778185,0.8851354,0.8935182,0.8693048,0.8695773,0.87488717,0.87466186,0.89787924,0.87865746,0.8796302,0.8735721,0.8861817,0.8818789,0.8745404,0.8739091,0.88307184,0.89492697,0.8754987,0.8823451,0.88306755,0.8898357,0.880161,0.89442426,0.8807305,0.8930667,0.88271093,0.8650028,0.8851986,0.8704568,0.8858488
0.73936623,0.75234324,0.73968583,0.7384592,0.761698,0.7394475,0.751733,0.74220604,0.74954295,0.7394423,0.746528,0.73333514,0.7491137,0.7460395,0.75149304,0.7474047,0.74952364,0.7548988,0.7305243,0.7272445,0.73813266,0.7437238,0.7484459,0.73677486,0.7371128,0.73815805,0.74977523,0.7371143,0.7566749,0.7394225,0.745478,0.7279916,0.7516468,0.7410563,0.73710024,0.73300993,0.73704594,0.74254143,0.74977815,0.72658193,0.7427742,0.73780906,0.7403212,0.73845714,0.73039985,0.7277898,0.7439622,0.74241525,0.72699714,0.73761797,0.7410199,0.7119823,0.74773055,0.7252405,0.7269834,0.74611723,0.74150914,0.72971666,0.74363494,0.74159825,0.74824274,0.73635536,0.7547091,0.75140244,0.74800557,0.7390379,0.74726725,0.73460543,0.74643075,0.7340931,0.7431163,0.73386353,0.7311577,0.7411178,0.7425204,0.74224687,0.74085194,0.7549743,0.74533707,0.7303637,0.74135154,0.7353364,0.73582655,0.7318565,0.7372749,0.7306344,0.746689,0.73644197,0.7326677,0.7505505,0.7298409,0.743971,0.74127114,0.73715967,0.7427142,0.7499468,0.73638904,0.7257585,0.7315137,0.7531696,0.7329266,0.7444129,0.756353,0.74323314,0.7302762,0.73906016,0.73485094,0.73411494,0.73133916,0.74335223,0.7419209,0.74871254,0.7439795,0.75028515,0.7314671,0.74816513,0.7297462,0.74623907,0.72950584,0.7320427,0.75132936,0.73583823,0.7320137,0.74536216,0.7261196,0.74170274,0.72582626,0.75117856,0.7454796,0.7490907,0.74344146,0.741629,0.7258298,0.74963635,0.75481826,0.7451427,0.75267625,0.7312001,0.7579695,0.7467176,0.7384994,0.7412569,0.72996175,0.73789114,0.7595033,0.73553413,0.743309,0.750991,0.74562263,0.7518902,0.7377109,0.753277,0.74815387,0.7431302,0.7359091,0.7288064,0.7423987,0.73687977,0.7414095,0.7442369,0.7394494,0.7402272,0.7551278,0.7221172,0.7328212,0.7331821,0.7375601,0.7478727,0.73583853,0.7342484,0.7332242,0.7321176,0.76204914,0.732857,0.74999076,0.74502116,0.74455005,0.7369622,0.74125355,0.7370309,0.73062694,0.7316917,0.73093593,0.74016523,0.7455859,0.7435322,0.7360406,0.75073016,0.74108076,0.74462795,0.72879916,0.7451497,0.73003477,0.7468325,0.73821557,0.74524504,0.73775065,0.74423456,0.7358107,0.74603236,0.7511367,0.7360019,0.73514974,0.7408132,0.75209486,0.7426149,0.7543897,0.73764086,0.7359341,0.74622214,0.7305304,0.74740183,0.73435885,0.7425989,0.7447911,0.73533934,0.7467608,0.7358397,0.7410318,0.7459505,0.74605834,0.74068666,0.7391582,0.72857434,0.7384371,0.7311274,0.7385571,0.7405347,0.7506127,0.75142026,0.73139286,0.74521637,0.7371725,0.73581195,0.7362322,0.74225426,0.7390392,0.7547629,0.73787105,0.7372106,0.73283756,0.7289886,0.7441707,0.74799097,0.73864514,0.7420761,0.7296075,0.745317,0.7510587,0.73637867,0.75346845,0.7400458,0.74870956,0.7430408,0.7441592,0.7464491,0.73944515,0.7484221,0.7366779,0.75933325,0.7368055,0.7296898,0.7433938,0.7521832,0.7454793,0.74795187,0.7456847,0.74081576,0.75063264,0.7563321,0.7440865,0.7372397,0.74049926,0.7386642,0.7359374,0.73714024,0.7343514,0.74447423,0.74379206,0.72996,0.73928696,0.74298644,0.7521694,0.7277646,0.74340475,0.7427732,0.7383471,0.7417022,0.7349494,0.74017906,0.7276241,0.7395996,0.741714,0.7473072,0.76035905,0.7351936,0.73709947,0.7285152,0.728885,0.73027635,0.7484947,0.73701334,0.7506407,0.7265917,0.7539268,0.7532146,0.7353366,0.72516716,0.7585243,0.7351873,0.75197816,0.7397567,0.7391404,0.7399214,0.7432723,0.73910785,0.7418156,0.7619525,0.7342235,0.7518851,0.737928,0.7447855,0.7581087,0.75495744,0.7421797,0.7379869,0.73634344,0.73121697,0.732489,0.7348524,0.748044,0.74466383,0.74772745,0.73560226,0.7514896,0.74663687,0.7343989,0.7329893,0.740776,0.7534688,0.73553866,0.7481247,0.73718125,0.7422563,0.7419842,0.72786146,0.74695855,0.72385806,0.729856,0.7445236,0.73418397,0.7558666,0.73938143,0.73862267,0.7422386,0.7564289,0.7266357,0.75478935,0.73615354,0.73360735,0.734292,0.74255306,0.7360977,0.74045664,0.7422725,0.7528267,0.7437777,0.7448786,0.7383216,0.7442234,0.7413469,0.7384091,0.7482571,0.7329703,0.7453593,0.740185,0.743902,0.7467195,0.7566943,0.7463554,0.74191475,0.7328495,0.74061304,0.74736744,0.73495764,0.7392997,0.74577004,0.740122,0.735423,0.75202495,0.74453884,0.7525733,0.73142016,0.7461403,0.7377556,0.7468364,0.7416697,0.7420519,0.75028336,0.7406394,0.74170494,0.74385446,0.7399875,0.7378038,0.73959017,0.7301538,0.74293435,0.7436392,0.7457448,0.7452236,0.7398588,0.74912995,0.7652946,0.73552036,0.74048465,0.7359737,0.741656,0.7481627,0.7374849,0.75010186,0.7423153,0.7460719,0.74090004,0.7483053,0.7454435,0.7473204,0.7483637,0.7411734,0.7547413,0.7384809,0.7370938,0.73793733,0.7482091,0.75688344,0.7517818,0.74725705,0.7425811,0.7469321,0.74432725,0.73838806,0.74545974,0.7359534,0.7494528,0.7376058,0.7337615,0.7361282,0.75044525,0.7478752,0.7357444,0.74284244,0.74965215,0.74022466,0.7380863,0.75768363,0.7356056,0.7394327,0.74585074,0.7416453,0.73919535,0.74695617,0.7524862,0.7373157,0.74471825,0.7422868,0.7362778,0.74800515,0.74681944,0.73690355,0.7482774,0.7464382,0.7414456,0.74122113,0.72102314,0.7472612,0.7562825,0.75327927,0.7447954,0.7359178,0.7442757,0.7395896,0.7371021,0.7366366,0.74377704,0.7352779,0.745463,0.73805887,0.7269935,0.7378842,0.7401008,0.74061733,0.7512494,0.75958526,0.7399528,0.7407922,0.7412457,0.7431708,0.75387686,0.74324185,0.74836445,0.74195576,0.734479,0.73814917,0.7287028,0.7415935,0.7373233,0.7322464,0.7384382,0.74071425,0.73108083,0.7473331,0.7401105,0.74358845,0.74891883,0.7516297,0.7438668,0.74730307,0.7371981,0.739848,0.7520304,0.7304064,0.7383949,0.7388882,0.75036085,0.7222004,0.7359965,0.73597336,0.7266045,0.7365789,0.7283687,0.7297836,0.7502637,0.73655164,0.7499836,0.7514265,0.745891,0.73715967,0.73120105,0.7328789,0.75954384,0.7256491,0.7572925,0.75563043,0.74608195,0.7461237,0.74056476,0.74384594,0.7382445,0.7434245,0.7468334,0.7559278,0.7361125,0.7224707,0.7438099,0.74549556,0.7287485,0.7195337,0.7497976,0.73148656,0.74299526,0.7501095,0.7297065,0.73701096,0.7381127,0.7336544,0.7234626,0.74358886,0.7456584,0.73138446,0.7324245,0.7465385,0.7532571,0.7454823,0.74986327,0.72959393,0.7484798,0.74194425,0.75277466,0.7409496,0.7371156,0.74024826,0.745875,0.75292414,0.71944916,0.7467761,0.74732476,0.7288408,0.7401307,0.7417684,0.73490876,0.74045926,0.75827575,0.74532855,0.74217296,0.7493316,0.7468938,0.73682773,0.74506086,0.7471173,0.74500996,0.74957377,0.7485539,0.7496239,0.7320865,0.7336217,0.72919124,0.73515695,0.730634,0.7419406,0.7417361,0.7450821,0.7372856,0.7454028,0.7510393,0.7271653,0.73654723,0.7488044,0.7605181,0.7429438,0.7446877,0.74395037,0.74859476,0.73920274,0.7429111,0.7393328,0.74043655,0.7245274,0.7507205,0.75015116,0.736634,0.7395551,0.748522,0.7385105,0.74434686,0.7225634,0.7479632,0.72714555,0.73942643,0.73988223,0.73969966,0.71986467,0.73050517,0.74057144,0.7387076,0.74164534,0.74876565,0.7459333,0.72297055,0.74296165,0.743816,0.7334374,0.73062074,0.7470328,0.7501469,0.74984795,0.7398788,0.7353778,0.7491382,0.7576924,0.74311936,0.72622865,0.72468716,0.73768526,0.75460887,0.7360045,0.7440945,0.7288848,0.7495453,0.7460832,0.7570397,0.7331963,0.7351722,0.74680746,0.7391122,0.75043595,0.7405711,0.7413785,0.754934,0.7413432,0.746995,0.7293917,0.74651974,0.74920255,0.72184837,0.7601072,0.7467222,0.74223006,0.7509273,0.7434773,0.7566102,0.734289,0.7392699,0.74137115,0.7501415,0.75678486,0.74550515,0.7402979,0.7469523,0.74874246,0.74134237,0.74368227,0.733601,0.73539037,0.7326874,0.7358851,0.739587,0.73790205,0.7387609,0.74362373,0.7444459,0.7235453,0.7353139,0.7389141,0.7453779,0.7297822,0.727081,0.7476733,0.7351133,0.7409966,0.7492296,0.7463703,0.7449303,0.7255049,0.74234366,0.72498274,0.7447391,0.73694605,0.7245808,0.75105596,0.7470593,0.7399329,0.7488637,0.74706763,0.7403741,0.7377449,0.73842025,0.7393743,0.74756044,0.7549322,0.74799013,0.7351851,0.7406466,0.74958783,0.7334385,0.73656917,0.7437195,0.73808116,0.74716806,0.7358551,0.7482759,0.73445135,0.74754053,0.73322284,0.74064815,0.7378138,0.75099045,0.74100506,0.7383795,0.74576914,0.7476287,0.7557955,0.7592008,0.75262505,0.7324328,0.74764335,0.73894364,0.7268847,0.7469303,0.74660367,0.7392011,0.74652267,0.7508202,0.7334894,0.7421934,0.7479268,0.75456387,0.7425043,0.7652909,0.7316672,0.74532795,0.7353966,0.72303534,0.7441189,0.7284259,0.7450695,0.737907,0.7506811,0.7343427,0.74572057,0.74773836,0.73237383,0.7448037,0.73953956,0.7549064,0.7358322,0.74314725,0.733815,0.75575745,0.72868484,0.73872846,0.7415327,0.7382231,0.7493623,0.73360467,0.7338105,0.73692703,0.73694515,0.73691744,0.7354994,0.75428593,0.7310441,0.73793024,0.7290836,0.73589236,0.74979144,0.73765403,0.7424066,0.7364105,0.7420877,0.7467709,0.73961985,0.7342721,0.7380179,0.7594068,0.7542127,0.7441378,0.73241264,0.7326663,0.7422192,0.7471158,0.7335109,0.7418007,0.73827916,0.75238466,0.73883164,0.74394864,0.74717754,0.7425396,0.7281971,0.7375014,0.7523309,0.7488916,0.74391234,0.7503576,0.738993,0.7393794,0.7390932,0.75073093,0.7406097,0.7393528,0.74187607,0.7264393,0.74833506,0.7261062,0.75001025,0.7590276,0.74410266,0.75593334,0.74105304,0.7324445,0.7319511,0.7357838,0.7424096,0.74048686,0.7512821,0.7490727,0.7371192,0.7386786,0.7362874,0.74012923,0.74391335,0.7390207,0.7500149,0.74479306,0.7464984,0.723685,0.7475041,0.7438071,0.735974,0.73431444,0.74245423,0.7307331,0.7385903,0.74541485,0.74011153,0.7322013,0.7418229,0.74614185,0.7437937,0.7425794,0.73453283,0.74785215,0.74090624,0.74543387,0.7424479,0.7440425,0.745706,0.7287973,0.7383971,0.72939354,0.74434495,0.746884,0.75265247,0.74881434,0.7428622,0.7323668,0.73677295,0.7480055,0.7361754,0.7364794,0.74673516,0.7463033,0.73906314,0.7467934,0.7339083,0.72991395,0.7409869,0.7355307,0.7536245,0.73631966,0.73141074,0.7237169,0.74892503,0.74805427,0.7501992,0.74365604,0.74224067,0.7362795,0.7451877,0.7501463,0.7389277,0.7439666,0.75175256,0.7356484,0.76331115,0.7563234,0.7393167,0.7430788,0.74046063,0.7229931,0.7374041,0.7458069,0.7400173,0.7368782,0.7456752,0.74526507,0.7551851,0.7502618,0.7366003,0.7401388,0.74752486,0.72672445,0.7480627,0.7535565,0.74028516,0.725399,0.7365007,0.7419642,0.7436583,0.7419201,0.7347505,0.7410705,0.74070454,0.73914987,0.73924667,0.7549344,0.7471203,0.7493271,0.7464702,0.7411938,0.7366302,0.73850614,0.7464514,0.7466798,0.73765147,0.748254,0.7350193,0.7383043,0.74118865,0.72762054,0.73212117,0.73207307,0.7629006,0.7417508,0.74016994,0.73429567,0.74735385,0.7533839,0.73769057,0.7495014,0.75282025,0.73761374,0.7448134,0.73267674,0.73867065,0.74421453,0.7400418,0.73848426,0.72764,0.7354861,0.7373081
0.0,0.0,0.0,0.0,0.0,0.0,0.0,0.0,0.0,0.0,0.0,0.0,0.0,0.0,0.0,0.0,0.0,0.0,0.0,0.0,0.0,0.0,0.0,0.0,0.0,0.0,0.0,0.0,0.0,0.0,0.0,0.0,0.0,0.0,0.0,0.0,0.0,0.0,0.0,0.0,0.0,0.0,0.0,0.0,0.0,0.0,0.0,0.0,0.0,0.0,0.0,0.0,0.0,0.0,0.0,0.0,0.0,0.0,0.0,0.0,0.0,0.0,0.0,0.0,0.0,0.0,0.0,0.0,0.0,0.0,0.0,0.0,0.0,0.0,0.0,0.0,0.0,0.0,0.0,0.0,0.0,0.0,0.0,0.0,0.0,0.0,0.0,0.0,0.0,0.0,0.0,0.0,0.0,0.0,0.0,0.0,0.0,0.0,0.0,0.0,0.0,0.0,0.0,0.0,0.0,0.0,0.0,0.0,0.0,0.0,0.0,0.0,0.0,0.0,0.0,0.0,0.0,0.0,0.0,0.0,0.0,0.0,0.0,0.0,0.0,0.0,0.0,0.0,0.0,0.0,0.0,0.0,0.0,0.0,0.0,0.0,0.0,0.0,0.0,0.0,0.0,0.0,0.0,0.0,0.0,0.0,0.0,0.0,0.0,0.0,0.0,0.0,0.0,0.0,0.0,0.0,0.0,0.0,0.0,0.0,0.0,0.0,0.0,0.0,0.0,0.0,0.0,0.0,0.0,0.0,0.0,0.0,0.0,0.0,0.0,0.0,0.0,0.0,0.0,0.0,0.0,0.0,0.0,0.0,0.0,0.0,0.0,0.0,0.0,0.0,0.0,0.0,0.0,0.0,0.0,0.0,0.0,0.0,0.0,0.0,0.0,0.0,0.0,0.0,0.0,0.0,0.0,0.0,0.0,0.0,0.0,0.0,0.0,0.0,0.0,0.0,0.0,0.0,0.0,0.0,0.0,0.0,0.0,0.0,0.0,0.0,0.0,0.0,0.0,0.0,0.0,0.0,0.0,0.0,0.0,0.0,0.0,0.0,0.0,0.0,0.0,0.0,0.0,0.0,0.0,0.0,0.0,0.0,0.0,0.0,0.0,0.0,0.0,0.0,0.0,0.0,0.0,0.0,0.0,0.0,0.0,0.0,0.0,0.0,0.0,0.0,0.0,0.0,0.0,0.0,0.0,0.0,0.0,0.0,0.0,0.0,0.0,0.0,0.0,0.0,0.0,0.0,0.0,0.0,0.0,0.0,0.0,0.0,0.0,0.0,0.0,0.0,0.0,0.0,0.0,0.0,0.0,0.0,0.0,0.0,0.0,0.0,0.0,0.0,0.0,0.0,0.0,0.0,0.0,0.0,0.0,0.0,0.0,0.0,0.0,0.0,0.0,0.0,0.0,0.0,0.0,0.0,0.0,0.0,0.0,0.0,0.0,0.0,0.0,0.0,0.0,0.0,0.0,0.0,0.0,0.0,0.0,0.0,0.0,0.0,0.0,0.0,0.0,0.0,0.0,0.0,0.0,0.0,0.0,0.0,0.0,0.0,0.0,0.0,0.0,0.0,0.0,0.0,0.0,0.0,0.0,0.0,0.0,0.0,0.0,0.0,0.0,0.0,0.0,0.0,0.0,0.0,0.0,0.0,0.0,0.0,0.0,0.0,0.0,0.0,0.0,0.0,0.0,0.0,0.0,0.0,0.0,0.0,0.0,0.0,0.0,0.0,0.0,0.0,0.0,0.0,0.0,0.0,0.0,0.0,0.0,0.0,0.0,0.0,0.0,0.0,0.0,0.0,0.0,0.0,0.0,0.0,0.0,0.0,0.0,0.0,0.0,0.0,0.0,0.0,0.0,0.0,0.0,0.0,0.0,0.0,0.0,0.0,0.0,0.0,0.0,0.0,0.0,0.0,0.0,0.0,0.0,0.0,0.0,0.0,0.0,0.0,0.0,0.0,0.0,0.0,0.0,0.0,0.0,0.0,0.0,0.0,0.0,0.0,0.0,0.0,0.0,0.0,0.0,0.0,0.0,0.0,0.0,0.0,0.0,0.0,0.0,0.0,0.0,0.0,0.0,0.0,0.0,0.0,0.0,0.0,0.0,0.0,0.0,0.0,0.0,0.0,0.0,0.0,0.0,0.0,0.0,0.0,0.0,0.0,0.0,0.0,0.0,0.0,0.0,0.0,0.0,0.0,0.0,0.0,0.0,0.0,0.0,0.0,0.0,0.0,0.0,0.0,0.0,0.0,0.0,0.0,0.0,0.0,0.0,0.0,0.0,0.0,0.0,0.0,0.0,0.0,0.0,0.0,0.0,0.0,0.0,0.0,0.0,0.0,0.0,0.0,0.0,0.0,0.0,0.0,0.0,0.0,0.0,0.0,0.0,0.0,0.0,0.0,0.0,0.0,0.0,0.0,0.0,0.0,0.0,0.0,0.0,0.0,0.0,0.0,0.0,0.0,0.0,0.0,0.0,0.0,0.0,0.0,0.0,0.0,0.0,0.0,0.0,0.0,0.0,0.0,0.0,0.0,0.0,0.0,0.0,0.0,0.0,0.0,0.0,0.0,0.0,0.0,0.0,0.0,0.0,0.0,0.0,0.0,0.0,0.0,0.0,0.0,0.0,0.0,0.0,0.0,0.0,0.0,0.0,0.0,0.0,0.0,0.0,0.0,0.0,0.0,0.0,0.0,0.0,0.0,0.0,0.0,0.0,0.0,0.0,0.0,0.0,0.0,0.0,0.0,0.0,0.0,0.0,0.0,0.0,0.0,0.0,0.0,0.0,0.0,0.0,0.0,0.0,0.0,0.0,0.0,0.0,0.0,0.0,0.0,0.0,0.0,0.0,0.0,0.0,0.0,0.0,0.0,0.0,0.0,0.0,0.0,0.0,0.0,0.0,0.0,0.0,0.0,0.0,0.0,0.0,0.0,0.0,0.0,0.0,0.0,0.0,0.0,0.0,0.0,0.0,0.0,0.0,0.0,0.0,0.0,0.0,0.0,0.0,0.0,0.0,0.0,0.0,0.0,0.0,0.0,0.0,0.0,0.0,0.0,0.0,0.0,0.0,0.0,0.0,0.0,0.0,0.0,0.0,0.0,0.0,0.0,0.0,0.0,0.0,0.0,0.0,0.0,0.0,0.0,0.0,0.0,0.0,0.0,0.0,0.0,0.0,0.0,0.0,0.0,0.0,0.0,0.0,0.0,0.0,0.0,0.0,0.0,0.0,0.0,0.0,0.0,0.0,0.0,0.0,0.0,0.0,0.0,0.0,0.0,0.0,0.0,0.0,0.0,0.0,0.0,0.0,0.0,0.0,0.0,0.0,0.0,0.0,0.0,0.0,0.0,0.0,0.0,0.0,0.0,0.0,0.0,0.0,0.0,0.0,0.0,0.0,0.0,0.0,0.0,0.0,0.0,0.0,0.0,0.0,0.0,0.0,0.0,0.0,0.0,0.0,0.0,0.0,0.0,0.0,0.0,0.0,0.0,0.0,0.0,0.0,0.0,0.0,0.0,0.0,0.0,0.0,0.0,0.0,0.0,0.0,0.0,0.0,0.0,0.0,0.0,0.0,0.0,0.0,0.0,0.0,0.0,0.0,0.0,0.0,0.0,0.0,0.0,0.0,0.0,0.0,0.0,0.0,0.0,0.0,0.0,0.0,0.0,0.0,0.0,0.0,0.0,0.0,0.0,0.0,0.0,0.0,0.0,0.0,0.0,0.0,0.0,0.0,0.0,0.0,0.0,0.0,0.0,0.0,0.0,0.0,0.0,0.0,0.0,0.0,0.0,0.0,0.0,0.0,0.0,0.0,0.0,0.0,0.0,0.0,0.0,0.0,0.0,0.0,0.0,0.0,0.0,0.0,0.0,0.0,0.0,0.0,0.0,0.0,0.0,0.0,0.0,0.0,0.0,0.0,0.0,0.0,0.0,0.0,0.0,0.0,0.0,0.0,0.0,0.0,0.0,0.0,0.0,0.0,0.0,0.0,0.0,0.0,0.0,0.0,0.0,0.0,0.0,0.0,0.0,0.0,0.0,0.0,0.0,0.0,0.0,0.0,0.0,0.0,0.0,0.0,0.0,0.0,0.0,0.0,0.0,0.0,0.0,0.0,0.0,0.0,0.0,0.0,0.0,0.0,0.0,0.0,0.0,0.0,0.0,0.0,0.0,0.0,0.0,0.0,0.0,0.0,0.0,0.0,0.0,0.0,0.0,0.0,0.0,0.0,0.0,0.0,0.0,0.0,0.0,0.0,0.0,0.0,0.0,0.0,0.0,0.0,0.0,0.0,0.0,0.0,0.0,0.0,0.0,0.0,0.0,0.0,0.0,0.0,0.0,0.0,0.0,0.0,0.0,0.0,0.0,0.0,0.0,0.0,0.0,0.0,0.0,0.0,0.0,0.0,0.0,0.0,0.0
0.8882922,0.92325,0.9007998,0.91834736,0.9162297,0.8920142,0.90794486,0.9243573,0.91917455,0.90993005,0.91153985,0.9258509,0.92366785,0.92253566,0.9111827,0.91516876,0.91936415,0.9153261,0.89622796,0.9060911,0.9199483,0.91865426,0.90955245,0.9008648,0.91690767,0.9221479,0.90167,0.8987698,0.9217993,0.91218746,0.9084813,0.91696477,0.91694105,0.9203023,0.91602945,0.9109846,0.9090016,0.92648214,0.9182095,0.9100482,0.9206551,0.91454446,0.90086883,0.9179342,0.90158397,0.9187636,0.92060333,0.91069716,0.91941965,0.9260096,0.9142396,0.91154236,0.9188423,0.906171,0.91216457,0.9154475,0.91746944,0.9103232,0.9164905,0.9204617,0.9214905,0.910239,0.91062045,0.90902174,0.91865873,0.91964453,0.9101494,0.912031,0.9135605,0.92078614,0.91651183,0.9047652,0.91559523,0.90508485,0.91407776,0.91231024,0.9036262,0.91687834,0.91446865,0.9112093,0.90649056,0.91248876,0.9055998,0.9068569,0.90607685,0.9027275,0.90303326,0.9041688,0.90078545,0.92103904,0.9138903,0.91293395,0.9198877,0.913311,0.9108583,0.91875,0.90257573,0.91492087,0.9139287,0.9194776,0.9122032,0.9100503,0.92392284,0.9206535,0.9110644,0.88778204,0.91703045,0.9019038,0.9179989,0.91968334,0.9123349,0.92198217,0.90420014,0.9196597,0.9066361,0.9241707,0.9077177,0.9157978,0.8975859,0.9123658,0.91126895,0.9082606,0.9063597,0.92718786,0.89161897,0.9065355,0.89918613,0.9104285,0.91568315,0.9163993,0.9002496,0.90945905,0.9012639,0.92348534,0.91303736,0.92001665,0.91098994,0.90905106,0.92852765,0.92848,0.91682327,0.9069185,0.91111743,0.9080858,0.9274079,0.9041134,0.9106423,0.91300887,0.9275427,0.9178463,0.92103344,0.924095,0.90263647,0.9175613,0.91451645,0.9091949,0.9157905,0.9139179,0.90795845,0.9156863,0.9073951,0.9096163,0.9175169,0.9048981,0.91396075,0.9100838,0.9050444,0.9184694,0.9079265,0.9097732,0.91527957,0.9058965,0.9182999,0.9103262,0.91947275,0.9137185,0.9196167,0.9238929,0.9230497,0.9202769,0.90403813,0.9082193,0.90391433,0.9124971,0.90901935,0.90978545,0.9120615,0.9233029,0.9046422,0.91136,0.90625316,0.9083061,0.9036386,0.91520077,0.91247004,0.91099083,0.8968439,0.9166434,0.92460763,0.91537714,0.9181958,0.9111255,0.9096029,0.9127014,0.91468084,0.92242473,0.917478,0.91122586,0.90837514,0.90547556,0.9159181,0.90549684,0.91714674,0.91670907,0.9080643,0.9165183,0.9109559,0.90441895,0.9058512,0.90462697,0.91302615,0.90765756,0.91441554,0.9117714,0.9146678,0.90247667,0.9096622,0.91013294,0.91408044,0.9079694,0.90281117,0.9029736,0.902617,0.91032094,0.90534616,0.9174884,0.9042892,0.9051461,0.9154153,0.91531414,0.90245557,0.9039359,0.9071666,0.90853554,0.9095713,0.92159426,0.90516216,0.9161264,0.8980445,0.91485524,0.92386574,0.9093845,0.910048,0.91601115,0.9101101,0.9195022,0.89863145,0.9171011,0.901153,0.9204348,0.91508794,0.90228665,0.90667415,0.9254729,0.90862453,0.9043212,0.90618604,0.92847383,0.90624917,0.91723204,0.91374874,0.9193291,0.9132874,0.90230465,0.9092575,0.91249365,0.9108067,0.91076624,0.9134413,0.90512776,0.9101505,0.91331387,0.923913,0.9023628,0.9039776,0.9130048,0.9080071,0.91127574,0.9005963,0.9099889,0.9027908,0.8950418,0.9210554,0.90536124,0.9147494,0.89779335,0.9158949,0.90426415,0.91091955,0.8975504,0.91107833,0.9071212,0.9253417,0.8994637,0.9241866,0.9166326,0.92311317,0.9019851,0.9238306,0.9172728,0.9172632,0.8977973,0.91798437,0.9193851,0.9012007,0.90795416,0.90533,0.91987747,0.91420805,0.9148338,0.9050142,0.9144959,0.92237926,0.92798805,0.92011875,0.9142819,0.90228105,0.9104725,0.9081518,0.92132616,0.91231793,0.91847456,0.90643287,0.91379166,0.9031489,0.9008721,0.9056958,0.9225239,0.90835613,0.92734736,0.89548004,0.9129805,0.9110033,0.9077633,0.91361266,0.9039394,0.9186153,0.9220926,0.9072529,0.90478915,0.90511847,0.9184768,0.9117293,0.9086306,0.91041034,0.9147375,0.9193648,0.89969844,0.9112838,0.8989305,0.919684,0.9150787,0.91772944,0.92628384,0.9126316,0.9165959,0.90753365,0.91379964,0.90779716,0.90563816,0.91244495,0.9130323,0.92664886,0.9151052,0.91152364,0.91358507,0.90790355,0.914877,0.9191469,0.9205013,0.90580547,0.8983058,0.9182414,0.919374,0.9004956,0.91615117,0.91383433,0.91939336,0.9168422,0.9165397,0.9295071,0.89991677,0.9104846,0.90646476,0.90418684,0.9196671,0.91252136,0.92620695,0.91614133,0.91213876,0.9143465,0.91626894,0.9204904,0.8987532,0.92143136,0.9046616,0.9071327,0.9028547,0.9053196,0.9251673,0.91209567,0.92321706,0.9176106,0.90429854,0.90868104,0.91177887,0.91223246,0.92461,0.9068908,0.90718496,0.91026735,0.92198855,0.9082728,0.9281991,0.9023622,0.8920489,0.91638106,0.90898085,0.909319,0.9049403,0.89012307,0.9128707,0.9159876,0.90775996,0.915795,0.91483366,0.92448896,0.9205945,0.9114228,0.91052413,0.9047898,0.90686995,0.91133356,0.921133,0.8997247,0.91469085,0.9267509,0.90748936,0.91535777,0.91655546,0.9172121,0.9020764,0.92334545,0.9201883,0.9113379,0.9119841,0.9132773,0.9170087,0.912869,0.91767436,0.908418,0.90857977,0.9166546,0.9051036,0.9145815,0.91472054,0.91371495,0.9175385,0.91581887,0.9225441,0.9150328,0.9001329,0.9046273,0.9170695,0.91519535,0.917988,0.9163993,0.9111557,0.9082872,0.89859325,0.91379267,0.9099901,0.9037035,0.9094561,0.9154505,0.90943044,0.90661645,0.9207677,0.9261766,0.9169907,0.91012806,0.9205837,0.92360944,0.9099032,0.90149415,0.91824037,0.9121437,0.92190886,0.91515887,0.90827477,0.90653265,0.9105882,0.921032,0.9173199,0.9120089,0.9172528,0.9131684,0.91448665,0.90930694,0.9113093,0.91178906,0.91129285,0.9110978,0.91918254,0.9113723,0.91029453,0.90339047,0.91431516,0.91911715,0.9181969,0.91293555,0.9129496,0.9108784,0.90857667,0.92488766,0.9125689,0.91113186,0.90191793,0.9078038,0.9138238,0.90004575,0.91795087,0.91385937,0.92417264,0.91556215,0.9089719,0.9064939,0.90527236,0.9102034,0.9151372,0.90023214,0.9013055,0.9093891,0.9166019,0.90474445,0.90996313,0.9093807,0.925156,0.9097339,0.9174343,0.9144393,0.9098207,0.9203733,0.91464454,0.9115197,0.89598864,0.92030454,0.91278636,0.90208334,0.92019635,0.9148275,0.9088722,0.9141893,0.91456765,0.9087292,0.9160852,0.9148769,0.9233757,0.9070753,0.92357254,0.92903095,0.9257529,0.9241921,0.9065984,0.9055208,0.9251673,0.91962796,0.9116075,0.91212136,0.92221606,0.90568155,0.90502346,0.9171437,0.92614025,0.9169464,0.9128713,0.8953939,0.9070006,0.9206151,0.9044441,0.92723304,0.9174963,0.9046705,0.9188247,0.9106802,0.9125452,0.9106859,0.9240034,0.9112699,0.920994,0.913453,0.91764677,0.9046567,0.9100144,0.9230164,0.90153533,0.9059646,0.9046009,0.9136493,0.8953682,0.8961766,0.91035306,0.92511445,0.9053239,0.9050915,0.91009146,0.927744,0.9152974,0.9207182,0.9022397,0.91904294,0.91030705,0.9228303,0.9200415,0.91437286,0.9056129,0.91003793,0.9098342,0.90166646,0.9215935,0.9039345,0.9020602,0.9124056,0.91206884,0.9179577,0.91706187,0.91648245,0.9112871,0.916276,0.90923697,0.90373456,0.9014771,0.9124018,0.91058916,0.91652006,0.9048233,0.9059626,0.90364885,0.9198351,0.91850036,0.9083197,0.9109793,0.8993893,0.9093195,0.9073056,0.91127324,0.92898005,0.91183853,0.92637855,0.9081069,0.90758836,0.92027104,0.9214242,0.9202923,0.9096227,0.90840024,0.9028579,0.91303486,0.9172368,0.9098046,0.9074587,0.9165675,0.9181698,0.9174228,0.90343845,0.90504444,0.9132438,0.90740454,0.90758777,0.92560476,0.9207371,0.9191187,0.91342837,0.9274722,0.9095015,0.92389435,0.9191645,0.911002,0.9167181,0.90813845,0.91670704,0.91173905,0.9167116,0.9096014,0.91111255,0.90173614,0.91340774,0.9123299,0.8969588,0.9079231,0.9062594,0.92090786,0.9139999,0.92413306,0.9108298,0.9147782,0.91663176,0.91003686,0.9067073,0.9211408,0.9094603,0.9093831,0.9053787,0.9066496,0.89794517,0.91535974,0.92135394,0.9179595,0.91320807,0.9133456,0.910917,0.9137633,0.90992063,0.9081175,0.9173223,0.9143016,0.9153998,0.9238959,0.92607045,0.90760696,0.9216837,0.91837955,0.9197726,0.9105049,0.90550494,0.9110195,0.92498875,0.9092691,0.9165655,0.92159146,0.90841264,0.91503865,0.90618736,0.90428746,0.9108373,0.90942985,0.9104026,0.9048413,0.918783,0.90414065,0.92023885,0.92768925,0.9017363,0.90104735,0.90688926,0.9103834,0.91124195,0.91348165,0.92841005,0.91680664,0.92588276,0.91112953,0.90538675,0.9123051,0.90706265,0.8914267,0.92196393,0.9220026,0.9134946,0.9111395,0.9174951,0.9152939,0.9186384,0.91210246,0.90022,0.9194796,0.9203037,0.9135815,0.90629524,0.91655934,0.90618086,0.91156274,0.9118694,0.9160724,0.9115581,0.91916496,0.8935585,0.909042,0.9141508,0.89652175,0.91794026,0.911508,0.9090295,0.9076908,0.9199279,0.90562636,0.9111774,0.91264445,0.90099704,0.9116525,0.9117584,0.91598415,0.92182475,0.9229432,0.9165428,0.9043482,0.90969163,0.9072974,0.9106519,0.9043806,0.90850264,0.9080451,0.9115308,0.90695006,0.9164993,0.9121993,0.91475415,0.9043152,0.91435236,0.90994,0.89724565,0.9083492,0.9103441,0.90492105,0.9197367,0.913713,0.90385455,0.9137186,0.90394115,0.9118253,0.9200544,0.913429,0.8996892,0.91447675,0.90464705,0.91094726,0.91516477,0.9147106,0.90939415,0.921472,0.92163885,0.904704,0.9198328,0.9231904,0.92308825,0.9085451,0.91442084,0.90571105,0.9150138,0.90238655,0.9031984,0.9195143,0.9150723,0.91795874,0.9165296,0.9141656,0.9208537,0.9252819,0.89426166,0.90004736,0.9183997,0.908516,0.91878456,0.9158572,0.92368364,0.9192526,0.8983645,0.91770643,0.923696,0.9150127,0.91155195,0.9164944,0.893275,0.91813064,0.90473914,0.90562654,0.9061688,0.9140416,0.9202541,0.9096061,0.9186105,0.9155415,0.92768264,0.9244997,0.9141708,0.91064775,0.90914595,0.9172543,0.9079601,0.91443276,0.9161128,0.90895176,0.9072023,0.9061914,0.9058978,0.91801554,0.91977936,0.9171239,0.90510035,0.91421324,0.92072254,0.91909313,0.92174834,0.90778214,0.91308445,0.9076323,0.9202717,0.90918773,0.91650397,0.9086746,0.91022813,0.9018482,0.907755,0.8934946,0.90599453,0.9168025,0.9104884,0.9082226,0.90316015,0.9240777,0.90958124,0.920912,0.9156529,0.90811694,0.92878217,0.9065529,0.90804976,0.9155895,0.9058721,0.91016716,0.903583,0.90303373,0.9130875,0.91998166,0.9193391,0.903583,0.9073509,0.9153226,0.9138974,0.91204447,0.905486,0.9151002,0.9097321,0.90799874,0.9220273,0.90893835,0.92304397,0.9139133,0.90470845,0.91792166,0.90549284,0.91749465,0.9164284,0.9127529,0.914573,0.9145853,0.90846163,0.91668844,0.91077983,0.90974814,0.9071667,0.9093414,0.92092067,0.91798764,0.9135779,0.9052903,0.9119219,0.91291773,0.9116763,0.91111267,0.90737975,0.91330546,0.9127423,0.91356236,0.9110525,0.91395545,0.91613615,0.9141955,0.91126454,0.9120904,0.9014165,0.90007424,0.91062295,0.9106729,0.90900075,0.9081388,0.91440713,0.92022467,0.9165186,0.9034651,0.9025147,0.91125166,0.91833186,0.913866,0.9178649,0.9147252,0.9039993,0.917182,0.9089792,0.92479795
0.74311095,0.77449226,0.76133615,0.7611015,0.75679445,0.7546936,0.75208557,0.75813717,0.7645789,0.7624196,0.7687087,0.7755824,0.77557737,0.77017033,0.7453191,0.75611514,0.76335794,0.7598604,0.7582246,0.7702286,0.77979434,0.7718028,0.7665792,0.7620867,0.7651558,0.770519,0.76547146,0.7711682,0.7661733,0.7725927,0.7566758,0.75548124,0.76500946,0.77761847,0.7552597,0.76726896,0.76716936,0.7686762,0.7726944,0.75762606,0.76116586,0.76830566,0.75695336,0.7717674,0.7588577,0.7646902,0.7633705,0.76250464,0.767505,0.7551338,0.76355314,0.77821213,0.774784,0.76413417,0.770299,0.76822644,0.7585368,0.75692487,0.76688665,0.75781155,0.7692777,0.75720984,0.7539744,0.7742268,0.7637024,0.76037717,0.77766216,0.76680475,0.7686118,0.7631857,0.7744731,0.76580536,0.77652335,0.74708706,0.7787772,0.76416546,0.7615305,0.7596719,0.76330596,0.7693062,0.7611056,0.7691626,0.7556959,0.7686472,0.7522049,0.75590223,0.7620668,0.7661843,0.7620028,0.7568315,0.770908,0.76104295,0.7667563,0.7656913,0.7561917,0.7719227,0.7494959,0.76506186,0.7755826,0.7670195,0.7573679,0.7692716,0.7624948,0.76436,0.75900626,0.7657146,0.7729065,0.7728036,0.7777852,0.77157474,0.759391,0.7577707,0.7628689,0.76392096,0.7629468,0.76722825,0.7430029,0.7657227,0.77071476,0.7634967,0.75569654,0.7696925,0.7612229,0.77001697,0.76026344,0.7713874,0.7517024,0.75903124,0.7635611,0.7650382,0.75660187,0.75107723,0.7737015,0.756676,0.7588509,0.768922,0.75979495,0.76189315,0.769586,0.75409836,0.7705356,0.76233447,0.77465135,0.76463085,0.76272625,0.76877785,0.76645434,0.7620284,0.76685816,0.7613656,0.76355684,0.76697135,0.75133836,0.76770705,0.7426053,0.76307994,0.7565178,0.763143,0.7577438,0.7614274,0.7788756,0.77399606,0.7616252,0.7669992,0.7627,0.7668613,0.7722514,0.76800823,0.76986647,0.7602099,0.7698509,0.76411366,0.75143135,0.7531112,0.76015186,0.76663315,0.7581606,0.7562794,0.76190287,0.76603425,0.7510504,0.7677309,0.7611491,0.75782984,0.76064545,0.7716202,0.77756727,0.7760536,0.75899994,0.761703,0.75484604,0.77158165,0.7640864,0.75710285,0.761794,0.7471241,0.7623264,0.75237286,0.7710034,0.7642858,0.76939243,0.76874596,0.7788588,0.75907624,0.7680412,0.7638737,0.7660586,0.7604794,0.77326435,0.75784504,0.76469874,0.7749363,0.7651776,0.7622753,0.7562478,0.756243,0.7595584,0.76681376,0.7620251,0.75769466,0.76840657,0.76283014,0.76156026,0.771776,0.7714724,0.75461257,0.770467,0.7703751,0.76825714,0.7612047,0.7671002,0.7618305,0.7608747,0.7590679,0.7584989,0.75151855,0.753616,0.7525701,0.77644545,0.7649556,0.7613779,0.7709533,0.7612712,0.76239693,0.7711839,0.76064694,0.7669605,0.7672374,0.75565445,0.7642891,0.7696192,0.7703818,0.75121725,0.7545471,0.76114887,0.76868606,0.75726455,0.76119924,0.7643943,0.7659947,0.77411574,0.7668542,0.7503017,0.76521015,0.75767636,0.76186806,0.7588342,0.76147515,0.75285566,0.7657408,0.7502197,0.7583872,0.74670756,0.75107473,0.7539667,0.76541126,0.7665742,0.77391154,0.77124256,0.760259,0.76451343,0.7598096,0.7718426,0.74758995,0.75951445,0.7538134,0.75064456,0.75931424,0.7642164,0.7572115,0.7800576,0.76451015,0.78111506,0.7586221,0.7657757,0.7513979,0.7732314,0.77372336,0.7754148,0.76503646,0.76603407,0.7625577,0.7554491,0.74717575,0.7741809,0.7660603,0.76750135,0.75758314,0.7670393,0.7674234,0.7570485,0.75428,0.7634268,0.7532666,0.7584815,0.7507457,0.75340676,0.76774454,0.78291893,0.7607593,0.768406,0.78091323,0.7560834,0.7733504,0.77570254,0.7651763,0.7575542,0.7661738,0.7676235,0.7788869,0.77321184,0.7634294,0.7641268,0.78415596,0.7463582,0.76492846,0.75707537,0.76256746,0.7606614,0.7688645,0.76510227,0.7723696,0.7607281,0.7679765,0.76398665,0.7712826,0.7557929,0.76810724,0.76447606,0.7714609,0.7656616,0.755634,0.7642959,0.76712763,0.7577568,0.7545338,0.7695162,0.7565516,0.7722705,0.7675858,0.76608527,0.76371,0.7672025,0.76011693,0.7559813,0.75727725,0.7582742,0.75799686,0.75845844,0.7610675,0.75428706,0.7569859,0.7712264,0.7647486,0.76435035,0.76103795,0.7485054,0.75183094,0.76993406,0.7505999,0.7707771,0.7640166,0.76319784,0.76769155,0.76453304,0.76826054,0.7600663,0.75607806,0.77069736,0.75040495,0.7733481,0.76181316,0.7590289,0.7756188,0.7712964,0.75807846,0.75939626,0.74903744,0.76313174,0.7607233,0.75627077,0.7649871,0.7719538,0.76328844,0.7750344,0.7741308,0.75473845,0.7733456,0.7692738,0.7628125,0.75913066,0.7545576,0.76204604,0.75746715,0.76440084,0.7574669,0.77400154,0.7600083,0.7715802,0.7598561,0.7667868,0.7449944,0.76871204,0.7521769,0.7548319,0.7539728,0.76759464,0.7677346,0.7602301,0.76939917,0.77584976,0.75008297,0.77289206,0.7510681,0.7554459,0.7662182,0.7655936,0.7691432,0.7590235,0.7604876,0.7570241,0.7691345,0.7500146,0.76339847,0.76187027,0.7618187,0.76963687,0.7570017,0.75961107,0.75875765,0.7754453,0.7620015,0.75808454,0.7774386,0.76059043,0.7539459,0.7662769,0.7518979,0.76549435,0.76530784,0.75734687,0.76417863,0.76273835,0.76954865,0.7689192,0.76401377,0.76831114,0.7624714,0.7604843,0.7659041,0.7780628,0.76749545,0.7673696,0.7537992,0.7428932,0.74846864,0.77575594,0.7615357,0.76815856,0.75695646,0.75483453,0.75987875,0.7543578,0.76089525,0.76333636,0.76174325,0.76103604,0.76675117,0.767955,0.7634437,0.7598262,0.75789255,0.76399904,0.7500088,0.7611034,0.7587442,0.7516087,0.7628353,0.7376028,0.75730526,0.7436972,0.76061255,0.76620746,0.7662689,0.75997174,0.75643295,0.767707,0.7724831,0.75541633,0.76249737,0.75980175,0.7665418,0.7676125,0.7619077,0.76483804,0.77413756,0.75183874,0.7755979,0.7727979,0.77997684,0.75987107,0.7595966,0.7780728,0.7582614,0.77845055,0.75967336,0.76281303,0.7567272,0.77774805,0.76135355,0.7664583,0.76405233,0.7597083,0.74825555,0.75653476,0.7545629,0.7634666,0.7666821,0.74735934,0.7651851,0.7608476,0.764008,0.75654024,0.7613842,0.77548873,0.75031495,0.7618202,0.7553246,0.76970106,0.7726671,0.75612986,0.76813555,0.7604685,0.76119965,0.7686224,0.7605737,0.7757669,0.77386534,0.76471704,0.75280565,0.78068763,0.76470727,0.75771654,0.76805985,0.7503465,0.76800936,0.7640837,0.7743164,0.7647982,0.7635561,0.7528007,0.7673451,0.7711148,0.76636904,0.761795,0.7546633,0.74865264,0.7590329,0.7722941,0.7619367,0.75696516,0.7617011,0.7677109,0.7554426,0.7581993,0.75113654,0.77475363,0.7630389,0.76569057,0.76502895,0.7708367,0.7691044,0.7704187,0.78001153,0.7546179,0.7513205,0.7658888,0.76975834,0.7670629,0.74789363,0.7641237,0.75407076,0.76801544,0.7723991,0.76224566,0.7608296,0.7594379,0.7641999,0.7653274,0.7460462,0.75882125,0.75792104,0.7568308,0.7724119,0.7524534,0.76876646,0.77410936,0.7628239,0.7684097,0.7621835,0.76089215,0.7748122,0.7790182,0.77405554,0.7779429,0.7701035,0.769623,0.7591308,0.77065307,0.76283044,0.75472784,0.7595642,0.7666098,0.77040625,0.76093405,0.76030254,0.7651666,0.7727082,0.76638174,0.7625651,0.7539163,0.75324976,0.78035444,0.7585787,0.75431657,0.769856,0.7684235,0.76663536,0.7668263,0.76213413,0.7701716,0.7640217,0.767318,0.7632137,0.75981385,0.76322323,0.76316476,0.7586376,0.7596794,0.7768564,0.7587899,0.7663644,0.7491978,0.75832367,0.76158035,0.7452315,0.75664026,0.7697692,0.76916695,0.75064915,0.7618662,0.771023,0.7753865,0.7574485,0.75673205,0.756361,0.76224697,0.7614429,0.7665842,0.7598822,0.7585742,0.75386274,0.7701728,0.76383084,0.75954336,0.7625299,0.75700873,0.75598276,0.7500456,0.7474027,0.76818293,0.764403,0.7589168,0.7713756,0.7579622,0.7562341,0.76645905,0.7770043,0.7498932,0.76494205,0.76870644,0.7751146,0.75830585,0.7647002,0.76876104,0.75968736,0.76597655,0.7715424,0.7650697,0.75640017,0.75542206,0.7579478,0.75946635,0.7508424,0.7587593,0.75978917,0.7727251,0.7786327,0.76142305,0.7727408,0.7664915,0.78900474,0.7529917,0.76236206,0.7451887,0.75864875,0.76970994,0.7689092,0.7608173,0.7668008,0.76249236,0.76127464,0.75411594,0.76400924,0.76237655,0.7534127,0.7716534,0.7516264,0.76785755,0.76688874,0.7635612,0.76474714,0.7565497,0.7587691,0.7615729,0.7628155,0.7680703,0.76666576,0.75194395,0.7634062,0.7659415,0.78017783,0.7537108,0.7543233,0.7524913,0.77685446,0.76085454,0.7673719,0.7604574,0.75240916,0.7650647,0.76088285,0.7494983,0.75482905,0.7617206,0.7716225,0.7632902,0.7553329,0.7745323,0.7627279,0.75927263,0.7547033,0.7654133,0.7532778,0.76725644,0.7597449,0.76648307,0.7639835,0.76176745,0.77360284,0.7552193,0.77349687,0.7534295,0.7497825,0.7554486,0.7648264,0.76582223,0.7740158,0.76490945,0.7681929,0.7567393,0.75968325,0.7558293,0.76754516,0.75268924,0.7717794,0.7577497,0.77307576,0.75203574,0.76268554,0.7719883,0.7609533,0.7621983,0.76613843,0.7736562,0.7598611,0.7750388,0.7625388,0.7496682,0.75824606,0.76362604,0.77222645,0.74553305,0.76614237,0.77434635,0.7650136,0.75336754,0.7480966,0.7661155,0.7638571,0.764727,0.759304,0.7543362,0.75747746,0.7720783,0.7642283,0.7551873,0.76406753,0.77308357,0.7709202,0.7653303,0.7721173,0.7572862,0.76297146,0.75743604,0.7502333,0.7617131,0.76083696,0.7552022,0.7570419,0.76926595,0.7576107,0.77574396,0.75805974,0.7613598,0.7588996,0.75561637,0.759059,0.77260923,0.7636845,0.75238055,0.7553911,0.7652051,0.7784441,0.75179785,0.7512662,0.76465046,0.7573459,0.77001655,0.74479115,0.77023625,0.7601728,0.75906503,0.7737268,0.7606405,0.75145864,0.76228976,0.7597194,0.77617353,0.76824707,0.74789166,0.7574209,0.7506303,0.76403,0.76114434,0.766768,0.761447,0.7604195,0.7657884,0.76162183,0.7619813,0.76547617,0.7685346,0.7707032,0.7686956,0.75048244,0.74950624,0.76038843,0.75090516,0.76227885,0.7691016,0.772001,0.74941516,0.7451543,0.755763,0.7654162,0.75887245,0.7748285,0.7656248,0.7685273,0.76909226,0.76033306,0.775301,0.75316465,0.7766172,0.76597273,0.7595667,0.7580299,0.7666231,0.7701114,0.76444477,0.7606967,0.7517711,0.76504964,0.7718287,0.78368616,0.7703519,0.75829244,0.7659791,0.7580786,0.76060975,0.7532333,0.75555015,0.75761914,0.77006364,0.7637645,0.745557,0.7619036,0.758061,0.7600616,0.7602644,0.7531181,0.7680755,0.7622963,0.7447642,0.76136893,0.7608593,0.77190167,0.76454914,0.7646173,0.7527809,0.7555198,0.75438106,0.76337755,0.7823225,0.76543313,0.75158066,0.7652845,0.76582325,0.76744634,0.76986957,0.7566853,0.75820553,0.7663746,0.77340955,0.7538068,0.7622554,0.7641952,0.76429397,0.76994777,0.7538561,0.7582589,0.7641,0.76500124,0.76520926,0.76307434,0.7656873,0.76701456,0.76936764,0.7525819,0.7613492,0.76715916,0.75996494,0.75607777,0.75962746,0.7640333,0.76267135,0.76486146,0.7645849,0.7751221,0.7552507,0.74955255,0.7627292,0.7626338,0.7498917,0.75788593,0.7568695,0.75994325,0.7593466,0.7630288,0.7480611,0.75656134,0.7756977,0.7663594,0.7572465,0.7542989,0.75219053,0.7637921,0.7616502,0.76873755
1.190824,1.2002175,1.1858925,1.1771903,1.1869627,1.1768589,1.170777,1.18774,1.1739038,1.1842563,1.1816989,1.1829704,1.1883737,1.1922129,1.169366,1.1748325,1.1828046,1.173451,1.1752251,1.1848596,1.1798962,1.1618958,1.1701589,1.1844915,1.1643316,1.1846722,1.1713047,1.1686324,1.1788504,1.1850276,1.1794002,1.1718605,1.1748104,1.1905538,1.1823474,1.1816349,1.1763179,1.1813096,1.175422,1.1768761,1.1863613,1.1762562,1.1744257,1.1721522,1.1707876,1.1656376,1.1848012,1.1825786,1.1766944,1.1791612,1.170563,1.1681162,1.1839912,1.173841,1.1833972,1.177903,1.1869537,1.165604,1.1876875,1.1815065,1.1807165,1.1627346,1.1888715,1.180501,1.1864991,1.1762782,1.1790568,1.1874932,1.1954838,1.1772393,1.169337,1.1791289,1.1873819,1.1849204,1.1927527,1.1839927,1.1798923,1.1955991,1.1810846,1.1710917,1.1743988,1.1753113,1.1657842,1.1738764,1.1632925,1.1751488,1.184708,1.1604174,1.1679779,1.1659434,1.1926024,1.1797608,1.1839061,1.156616,1.1762806,1.1909771,1.1793382,1.1800771,1.1727936,1.1802322,1.1685711,1.1741853,1.1685354,1.1760153,1.1808947,1.1857581,1.1757853,1.1676873,1.1892064,1.1890315,1.1777856,1.1739637,1.1739919,1.1810628,1.1765811,1.1832733,1.1626377,1.184231,1.1730571,1.1821251,1.1860006,1.1845059,1.1796937,1.1825489,1.1723448,1.1896957,1.1863332,1.1651521,1.1726365,1.189093,1.1710773,1.1729983,1.1777675,1.1651205,1.1727076,1.1734215,1.1769998,1.1679317,1.1898371,1.1784767,1.1783557,1.193243,1.1790125,1.1673449,1.176805,1.1754447,1.175358,1.1601102,1.1823153,1.1814892,1.1795408,1.1862193,1.1829983,1.1720884,1.175014,1.165631,1.1780245,1.1744059,1.1727203,1.1947165,1.19463,1.1877346,1.184368,1.1666775,1.1722442,1.1717267,1.1688606,1.1753983,1.1941462,1.1583426,1.1794357,1.1785407,1.1827828,1.1775266,1.1842383,1.1833144,1.184351,1.1761324,1.1768615,1.1846626,1.1632268,1.1756079,1.1785761,1.1748371,1.1751038,1.1828318,1.1794171,1.1893561,1.176196,1.1741247,1.1733055,1.1912644,1.184401,1.2073264,1.1807991,1.1795421,1.1794418,1.1832795,1.1679436,1.1870911,1.1836296,1.1778263,1.1896594,1.162553,1.1729959,1.1801987,1.1873782,1.1814519,1.1872214,1.187129,1.1788603,1.1764855,1.1805613,1.1616694,1.1847353,1.1803868,1.1759557,1.1907948,1.1809001,1.1891395,1.1839439,1.1774893,1.1814085,1.1813499,1.1570209,1.1647809,1.1782413,1.1695532,1.1915992,1.1774422,1.1872839,1.197253,1.1753972,1.1923052,1.1828218,1.1797792,1.16437,1.179797,1.1748952,1.1833493,1.163808,1.179209,1.1716162,1.1680403,1.179142,1.1789719,1.1788659,1.1926633,1.1887548,1.1861335,1.1896003,1.1761167,1.1883559,1.1727468,1.1839225,1.1874233,1.177586,1.1860654,1.1761467,1.1823123,1.186671,1.1640776,1.1794212,1.1761216,1.1830896,1.1749346,1.1866343,1.1764624,1.1705412,1.1933762,1.1775746,1.177582,1.1748823,1.1824181,1.1847101,1.189984,1.1856523,1.1832722,1.1841552,1.1739616,1.1982085,1.1852086,1.1913203,1.1741879,1.1974903,1.1879919,1.183393,1.1815175,1.1899931,1.1721861,1.1839246,1.1822091,1.1772746,1.1838486,1.1851732,1.1936462,1.18934,1.1862564,1.1890028,1.1912793,1.1866453,1.17763,1.1585834,1.17237,1.1835872,1.1594517,1.1659265,1.1720848,1.1719629,1.1873628,1.1669489,1.172628,1.1830428,1.1911198,1.172739,1.1623085,1.1820136,1.187394,1.1836698,1.1781921,1.1766284,1.177476,1.1795975,1.1825671,1.1741426,1.1776296,1.173872,1.183363,1.1820065,1.1656424,1.1838402,1.1873182,1.177435,1.1744094,1.1858969,1.1804409,1.1807102,1.1741854,1.1884357,1.1771055,1.186822,1.1908467,1.1720595,1.1898301,1.1902803,1.1710225,1.1818297,1.1800735,1.183558,1.1846364,1.1903894,1.1719557,1.1821369,1.1893924,1.1815971,1.1870494,1.1653924,1.179835,1.1841182,1.1701455,1.1902845,1.1785878,1.1800039,1.1833689,1.1704136,1.1789117,1.1833631,1.1839577,1.1978402,1.1730608,1.18801,1.1821786,1.174225,1.1800891,1.18003,1.1801903,1.1898316,1.1823126,1.1945546,1.1857313,1.1640941,1.1720318,1.1774772,1.1718175,1.1763424,1.1826724,1.180346,1.1828629,1.1625928,1.1735798,1.1714929,1.1835812,1.1748118,1.1847832,1.1727757,1.1901808,1.1769118,1.1751901,1.161514,1.1911298,1.178502,1.1900697,1.1707026,1.1846424,1.1801025,1.1911819,1.1654453,1.1817663,1.1833404,1.1875234,1.1871388,1.1864507,1.1843612,1.1862272,1.181254,1.171771,1.1801201,1.177376,1.180108,1.1657966,1.1715522,1.195833,1.1653352,1.1718999,1.1708909,1.1705635,1.1848377,1.1834859,1.1870551,1.1752754,1.1620568,1.1554524,1.1865859,1.1687381,1.182976,1.1727753,1.1706041,1.1979934,1.1925828,1.1726063,1.1846845,1.1827207,1.167274,1.1832851,1.1846596,1.1827253,1.1890773,1.1756757,1.1832907,1.1858433,1.1712776,1.1890098,1.1804752,1.199566,1.1649424,1.189551,1.185605,1.1792969,1.1821786,1.1884844,1.1786041,1.1723301,1.1847944,1.1817834,1.1824322,1.1936707,1.1759276,1.1853806,1.1849691,1.1786859,1.1896433,1.1707702,1.178377,1.1781955,1.1921439,1.1793454,1.1785754,1.1878057,1.1878173,1.1751379,1.1857302,1.1849539,1.1774663,1.1926208,1.1774753,1.1818604,1.1815002,1.1914754,1.1779065,1.1843017,1.1775026,1.1824231,1.1837323,1.1941813,1.1809644,1.1819535,1.1923591,1.1977534,1.1855805,1.1785412,1.1729581,1.1748135,1.1841152,1.1738839,1.1635066,1.1774478,1.1925471,1.1793864,1.175451,1.1780137,1.183514,1.1866267,1.1827285,1.1784972,1.1935333,1.1909195,1.1801522,1.1617011,1.1832654,1.1781421,1.1878057,1.1718338,1.191997,1.1646054,1.171499,1.1758443,1.1849105,1.1923985,1.1783651,1.1696051,1.1887081,1.1675826,1.1621345,1.1816578,1.168009,1.1834978,1.1729522,1.1801952,1.1857622,1.1831077,1.1822907,1.1853883,1.179302,1.1808107,1.1719991,1.1748645,1.1837279,1.1846662,1.179854,1.1846257,1.1818298,1.1705945,1.1837431,1.1745987,1.1726569,1.172804,1.1855428,1.1675912,1.1794578,1.1938679,1.1797994,1.1845349,1.1846566,1.1885091,1.1744902,1.1899744,1.1929045,1.1768656,1.1742971,1.1776254,1.1750785,1.1826708,1.1710753,1.1812972,1.183556,1.1761416,1.1799668,1.1951262,1.1856589,1.1673996,1.1752602,1.1682558,1.1777028,1.1841893,1.1705661,1.1837047,1.1976776,1.1830221,1.1831834,1.1705744,1.1888207,1.1820687,1.1856784,1.1771449,1.1884654,1.1771346,1.1712383,1.1803933,1.1889056,1.183653,1.1808566,1.1941504,1.1787932,1.1729898,1.1844016,1.1774628,1.1761512,1.1874753,1.19391,1.1887602,1.1805218,1.1857358,1.1783364,1.179201,1.1872941,1.1812649,1.1858152,1.1743445,1.1767948,1.1674556,1.1846662,1.1850156,1.1699916,1.1880238,1.2009505,1.1757209,1.18293,1.1787269,1.1804967,1.1788417,1.1880964,1.1702181,1.1826476,1.1784275,1.1939378,1.1617153,1.174093,1.1740476,1.1819831,1.1717263,1.1777172,1.1766665,1.1778768,1.1951185,1.1800518,1.192635,1.1806808,1.1818666,1.1821654,1.1627405,1.191734,1.1902982,1.1775857,1.1822023,1.193063,1.1825936,1.1828661,1.2047011,1.1832473,1.192639,1.1782494,1.1846855,1.1674339,1.1805418,1.1995754,1.1565992,1.1724163,1.1932558,1.1852901,1.1681799,1.1756066,1.1752064,1.178056,1.1817453,1.1743838,1.1666992,1.1867692,1.1850232,1.1832532,1.171755,1.1745733,1.1834041,1.1784064,1.1759768,1.1818017,1.1740338,1.1745877,1.1825421,1.1787322,1.1636306,1.1900274,1.1769826,1.179,1.1871457,1.1961608,1.1861995,1.1888484,1.1844486,1.1903093,1.1834725,1.1789651,1.2055203,1.176337,1.1832925,1.1816543,1.1821724,1.1856606,1.1963634,1.1744527,1.17938,1.1838151,1.1906916,1.187881,1.1716783,1.1693013,1.1749661,1.1765355,1.1904491,1.193771,1.1897371,1.1789047,1.203774,1.1710732,1.1805586,1.1761748,1.1767495,1.1848912,1.1893026,1.173791,1.170867,1.1787833,1.1983479,1.1639005,1.181283,1.1794226,1.1893172,1.1806098,1.1863232,1.181114,1.1767564,1.1785266,1.1920996,1.1827426,1.1744015,1.1724106,1.1656941,1.1847569,1.1717924,1.1751444,1.1753922,1.191869,1.1767637,1.2080332,1.1629283,1.18495,1.1924629,1.1974798,1.1779202,1.1670693,1.1690784,1.1796728,1.176176,1.1731449,1.1738573,1.1832573,1.1706089,1.1646254,1.1815357,1.1929632,1.1761518,1.1802669,1.1816186,1.1660731,1.1905068,1.1915157,1.1701784,1.1851878,1.1733931,1.1790483,1.1845752,1.1773291,1.1765355,1.1780392,1.1803117,1.1672758,1.1798002,1.15022,1.1796913,1.18696,1.1689421,1.1661007,1.1736497,1.1824386,1.174318,1.175539,1.1758379,1.1727614,1.1898506,1.187465,1.1720823,1.1773415,1.1794944,1.1706376,1.1732215,1.1705273,1.1783888,1.1868222,1.1869904,1.1711079,1.186735,1.1853901,1.1903917,1.1855432,1.1929656,1.166889,1.177198,1.1868947,1.1939628,1.1953082,1.1846931,1.1651024,1.1805559,1.1900934,1.1818347,1.1865695,1.1838182,1.179254,1.1968923,1.1960467,1.184169,1.1904669,1.1676108,1.168363,1.1735198,1.1754848,1.1865008,1.1669314,1.1723241,1.173858,1.1811309,1.1664381,1.1744738,1.1891919,1.1762193,1.1779189,1.174991,1.1911603,1.1781831,1.1718493,1.19451,1.1792241,1.1783351,1.1775545,1.1841698,1.1937984,1.171937,1.1751213,1.159339,1.1751549,1.1842953,1.1862793,1.185269,1.1755171,1.1871765,1.1799,1.1721551,1.1852765,1.1922566,1.1857951,1.1865569,1.187554,1.1762468,1.1777908,1.1782044,1.173166,1.1834252,1.1915512,1.174836,1.1649268,1.1785325,1.1851225,1.1945105,1.1858715,1.185145,1.1666195,1.1718204,1.1699747,1.1896878,1.1665363,1.1820121,1.1762832,1.1780779,1.1883281,1.1706133,1.1850265,1.190038,1.165279,1.1880074,1.1924007,1.185628,1.1914287,1.1789535,1.1823972,1.1635017,1.1861279,1.179886,1.1813897,1.1867269,1.1642122,1.1940804,1.186404,1.1847869,1.1794112,1.1850448,1.1814797,1.1728275,1.1800841,1.1847448,1.1840905,1.1866298,1.1791052,1.1844985,1.166986,1.1899407,1.178281,1.1879716,1.1753005,1.1808215,1.1799997,1.1736311,1.1870224,1.1783215,1.1858771,1.1918259,1.1730806,1.1786081,1.1680832,1.192479,1.168684,1.1899328,1.184827,1.1686113,1.1695777,1.1929475,1.172538,1.1810338,1.1680038,1.1961948,1.18952,1.1803453,1.1857636,1.1798013,1.1844207,1.192934,1.1774249,1.1895621,1.184479,1.1839472,1.1805518,1.1745541,1.1870444,1.191017,1.184569,1.1757822,1.1881893,1.1816863,1.1820421,1.1827536,1.1818167,1.1717644,1.1824024,1.1828882,1.1786485,1.1662738,1.1822002,1.1784945,1.17423,1.1736212,1.182723,1.1966645,1.1640838,1.1719708,1.1845269,1.1926824,1.1800549,1.1775022,1.1781269,1.1727996,1.1884115,1.1921214,1.1721929,1.1797436,1.1839807,1.1758479,1.1851165,1.1833724,1.1864821,1.1704662,1.1948905,1.1804707
0.1561068,0.17697147,0.1661506,0.17751691,0.16871996,0.16214378,0.17643657,0.18151973,0.18843059,0.17316541,0.16993527,0.15440863,0.15925151,0.1675265,0.16851647,0.17226538,0.18346247,0.15797795,0.17804822,0.17044416,0.17685845,0.18233134,0.18315499,0.16486463,0.1800154,0.17318717,0.16951503,0.16795182,0.18290408,0.17569676,0.1784076,0.16694336,0.17594087,0.18369265,0.17082547,0.174441,0.16771963,0.17667015,0.17189234,0.17101368,0.18014988,0.17776237,0.17203367,0.1572274,0.17798014,0.17126635,0.17468399,0.16759901,0.17181227,0.18019079,0.18224493,0.18120348,0.18624806,0.17946178,0.18314694,0.17649858,0.16391727,0.1674617,0.1665173,0.18397157,0.1734771,0.18606459,0.1711762,0.1762457,0.17086066,0.1843955,0.18074706,0.1735318,0.15882689,0.16194578,0.17601287,0.1628764,0.16719241,0.17804565,0.15656687,0.16438031,0.16027205,0.16171789,0.17825687,0.18335214,0.17608806,0.16895966,0.16555102,0.1795524,0.17545927,0.16873507,0.17954218,0.17299746,0.17038053,0.18289234,0.18089715,0.16028729,0.18446411,0.18438788,0.17815126,0.17889412,0.16462263,0.15667921,0.18863177,0.17115848,0.16696987,0.17128797,0.17891474,0.17634384,0.17988466,0.17485638,0.19234173,0.17054468,0.17066959,0.18382525,0.174928,0.17425917,0.17981544,0.17520148,0.16187112,0.16208158,0.16900179,0.17263728,0.16552642,0.18347088,0.1847344,0.15072894,0.16541347,0.17620768,0.16745582,0.172727,0.16090764,0.18053229,0.1761004,0.1741753,0.16321108,0.18277289,0.16200204,0.16480808,0.16475731,0.17613135,0.17707932,0.17223686,0.17249572,0.1707338,0.17061798,0.17119057,0.1659454,0.16972929,0.17306678,0.171357,0.17279744,0.17125328,0.18403253,0.18328995,0.17436816,0.17463416,0.17960846,0.18282008,0.16957414,0.1674537,0.16297439,0.17886305,0.17083806,0.16795982,0.1778458,0.16874225,0.18250708,0.16841209,0.17506987,0.16362563,0.16158678,0.17277911,0.16566114,0.17772254,0.18039271,0.17878075,0.17847307,0.17009218,0.18268415,0.16290864,0.17753364,0.16533506,0.16743383,0.16573854,0.17467111,0.17630535,0.16546904,0.17221941,0.15915418,0.17866346,0.18234408,0.17796579,0.16858959,0.17265917,0.16450027,0.17329107,0.1554693,0.18062413,0.15568694,0.16580586,0.173505,0.17291427,0.1739379,0.17433056,0.16396241,0.16674621,0.17440537,0.18072844,0.17883588,0.15412322,0.16910759,0.15835778,0.16028659,0.18925641,0.18171884,0.18679665,0.16915655,0.1837866,0.18153949,0.16753332,0.17542347,0.15738115,0.17573097,0.16909266,0.17361975,0.17265974,0.17799063,0.17303893,0.18674047,0.16918974,0.16510081,0.17560293,0.17454518,0.1765682,0.17364125,0.16209437,0.18185264,0.17137451,0.1516809,0.16423027,0.17429776,0.17682475,0.16773282,0.17402366,0.16707562,0.17095433,0.17158753,0.17555842,0.16625589,0.1630245,0.17240453,0.19574024,0.19410564,0.1678762,0.18471587,0.17421867,0.17393097,0.17701313,0.16228761,0.16762649,0.1715266,0.17647335,0.18210939,0.1741676,0.17175739,0.17077218,0.168416,0.1710617,0.16986036,0.17807871,0.1701861,0.18456602,0.17741458,0.17446044,0.17722169,0.17754371,0.17926009,0.17884888,0.16564083,0.17038879,0.16986257,0.1531309,0.17259654,0.17909293,0.18190843,0.17670497,0.16674677,0.16435316,0.17407486,0.1660102,0.17960772,0.17508838,0.16893762,0.17086765,0.17524382,0.17020687,0.18189704,0.17800067,0.18756919,0.17129306,0.18157785,0.1658833,0.17115183,0.17198397,0.16138738,0.16854754,0.17629614,0.18274191,0.18405062,0.17569771,0.18208201,0.17914307,0.17121392,0.17934765,0.18934536,0.16514131,0.18258609,0.15309277,0.17929159,0.16578248,0.16983138,0.1839566,0.15703459,0.18239178,0.17556654,0.17567039,0.18122783,0.16268654,0.16993298,0.17710261,0.18485609,0.1653014,0.17638318,0.1781728,0.15814415,0.16510004,0.16233623,0.18373361,0.17358565,0.18719585,0.15472665,0.1614286,0.17628956,0.19345921,0.17174086,0.17488897,0.17614228,0.15371133,0.1617564,0.16800785,0.17640306,0.1735733,0.17818657,0.17939246,0.17220113,0.17217319,0.16558363,0.1764608,0.17948474,0.17832015,0.16672622,0.18040544,0.1719633,0.17713611,0.17081076,0.17432088,0.16057163,0.16140832,0.16901,0.16567916,0.15257202,0.17199066,0.1564269,0.16851698,0.1816351,0.16456075,0.17645201,0.16171455,0.18232763,0.1677863,0.16442722,0.16166736,0.17919177,0.16951066,0.18084112,0.18164879,0.17925413,0.19944134,0.17113985,0.16670716,0.17014123,0.1668608,0.1631351,0.16955061,0.1745265,0.18491997,0.18260032,0.17978363,0.15875192,0.15891586,0.17425546,0.18096736,0.16878572,0.15803868,0.175574,0.16855091,0.17518756,0.18247604,0.17836961,0.17474915,0.17374203,0.16824602,0.1721789,0.17094074,0.18157503,0.17869323,0.17839198,0.1552879,0.18209246,0.17838567,0.16331594,0.18238226,0.16927809,0.17935374,0.17844409,0.18338637,0.1699565,0.15858923,0.18772693,0.1686619,0.19168557,0.17757308,0.17906539,0.1631004,0.17893748,0.17497662,0.20056626,0.18230905,0.17584288,0.18745914,0.16754608,0.16386643,0.17219369,0.17135413,0.1569363,0.17522857,0.17589761,0.14711243,0.1794031,0.17362273,0.16686182,0.19100568,0.1634359,0.16860837,0.18489318,0.16644844,0.17738819,0.1807324,0.17677523,0.17062643,0.1908756,0.16003896,0.17916407,0.1778731,0.16896053,0.16251746,0.15821034,0.16940658,0.15880574,0.16673596,0.15508848,0.17006038,0.16502802,0.1727847,0.16586193,0.18184958,0.15884888,0.1805918,0.16709559,0.18209656,0.17184398,0.15742485,0.18467413,0.16935979,0.17127044,0.1642781,0.17404717,0.15701641,0.17871852,0.18431087,0.16386898,0.18189462,0.1753631,0.16141662,0.16632177,0.1757708,0.17539212,0.15563887,0.17264251,0.16110334,0.17069077,0.17401028,0.16629769,0.17767154,0.17693648,0.17537278,0.17071442,0.18809791,0.17748475,0.17194717,0.17556988,0.17834744,0.1655359,0.17689157,0.17499366,0.1766364,0.16736646,0.15614662,0.17546412,0.1795735,0.17250621,0.1768738,0.18885624,0.17888877,0.17446284,0.17817919,0.17853022,0.17021658,0.18838324,0.17477603,0.15396005,0.16381602,0.16699658,0.16586316,0.17232558,0.16624834,0.17016676,0.18657626,0.16514322,0.1695687,0.18138619,0.1770107,0.17172424,0.16904336,0.17870085,0.16760299,0.17372186,0.17908265,0.1772757,0.16515844,0.1814328,0.17919402,0.1909206,0.16151479,0.16407299,0.1679523,0.17391013,0.16523996,0.17712438,0.17541628,0.17970341,0.165602,0.16597213,0.17133738,0.18008754,0.1723312,0.1683181,0.16571069,0.16276798,0.17604466,0.16051657,0.17622301,0.17609563,0.17984767,0.17943928,0.16483377,0.16711122,0.168053,0.17730618,0.16499786,0.16781057,0.14275745,0.17635551,0.17400046,0.15653904,0.16255888,0.16549301,0.1705007,0.1678433,0.1612746,0.1779196,0.1607146,0.17495233,0.17884274,0.17790551,0.17101493,0.16009101,0.17149717,0.16107452,0.16872518,0.179917,0.18038714,0.1720295,0.17975225,0.18634047,0.17065129,0.17979276,0.1740508,0.16286422,0.19053985,0.17075019,0.16284063,0.18013594,0.16886078,0.1787286,0.1641834,0.17918095,0.15980224,0.18009445,0.17080455,0.18900111,0.1785702,0.18701275,0.15138255,0.1836339,0.17902349,0.16538155,0.1673986,0.15482259,0.17850356,0.17718282,0.18331268,0.18947542,0.17004566,0.16997705,0.17747392,0.1571003,0.1717749,0.16484581,0.18328348,0.17538148,0.17607036,0.17375046,0.1528871,0.16093731,0.17535685,0.16838291,0.17486465,0.16703707,0.1665121,0.18285356,0.16774237,0.16687475,0.17500162,0.17132103,0.15709369,0.16949733,0.17703427,0.17163455,0.14802164,0.1757515,0.16451314,0.17184433,0.16461448,0.17372406,0.16114569,0.18516172,0.16287215,0.17022619,0.17387933,0.17446092,0.16760024,0.15612999,0.17935002,0.1803739,0.18274668,0.18854004,0.17822017,0.16250716,0.17101091,0.17206466,0.17895499,0.1763616,0.17716542,0.18299815,0.18938376,0.17116056,0.17834501,0.16822867,0.16609736,0.16424765,0.17292482,0.1769112,0.15606639,0.17384997,0.16781846,0.17842968,0.17432553,0.1747009,0.18140753,0.18074208,0.18088186,0.16227415,0.18771052,0.18761492,0.17315024,0.17494766,0.16741267,0.16818154,0.1642106,0.17440957,0.1572027,0.17701167,0.17104472,0.16800421,0.16386867,0.18293534,0.16792515,0.17336613,0.18041034,0.16286908,0.16796513,0.18704402,0.16963795,0.17305763,0.15889138,0.18202412,0.1667839,0.17972335,0.16148429,0.17230463,0.18999694,0.16827735,0.17366008,0.17499045,0.16578528,0.15607366,0.1755002,0.18050583,0.17687422,0.18116641,0.1641364,0.17292413,0.17170483,0.16239578,0.16772288,0.16602974,0.17031257,0.19065508,0.1644365,0.17475171,0.1838696,0.17226608,0.15852013,0.17393976,0.1821461,0.16054028,0.17527561,0.17093812,0.16259007,0.13365455,0.16578086,0.18267098,0.18199119,0.16286068,0.17527914,0.17351152,0.18254156,0.18476042,0.17270723,0.17217705,0.17708597,0.15606423,0.16901925,0.18866767,0.17060456,0.18007414,0.17477803,0.17141789,0.17003138,0.18072051,0.16735528,0.17701772,0.16319211,0.16737205,0.16442607,0.14104863,0.15556733,0.17164926,0.19243903,0.16722146,0.1756111,0.15671986,0.16952455,0.1886928,0.17943534,0.16651782,0.15722348,0.16718756,0.18780503,0.1818342,0.16434872,0.15102914,0.18504623,0.18696618,0.15804306,0.17784163,0.18641287,0.16865319,0.16409305,0.17182842,0.16048728,0.17507379,0.17263743,0.15605922,0.1693514,0.16190308,0.1613191,0.17293885,0.18173675,0.17917368,0.15812474,0.16718717,0.16312677,0.17639048,0.16423024,0.16335544,0.1700876,0.17267093,0.17599854,0.1676156,0.16984272,0.17543985,0.16477531,0.1774991,0.17541793,0.1642008,0.17949316,0.17458557,0.16322842,0.18425009,0.15919265,0.1820676,0.16839565,0.18072778,0.17949699,0.1747545,0.16414088,0.1775291,0.16714242,0.15487401,0.1830713,0.1756432,0.17869326,0.1716656,0.18364036,0.18951833,0.1974394,0.187532,0.17407526,0.15946655,0.18567444,0.15992947,0.17619133,0.16506425,0.17454919,0.19029032,0.17136693,0.18509972,0.18009804,0.16603038,0.17140006,0.18542124,0.16822587,0.1745316,0.17448312,0.16906725,0.17352907,0.17113233,0.17971472,0.17114204,0.17062773,0.17477879,0.16291018,0.17203636,0.16343284,0.1832356,0.17093875,0.18432322,0.16798016,0.17735139,0.16237755,0.17155538,0.16695452,0.1857568,0.17234668,0.16813704,0.17105997,0.16656792,0.17653978,0.18346566,0.17748949,0.15807766,0.17427659,0.18763532,0.18639994,0.15696625,0.17934768,0.18381687,0.17361693,0.1797605,0.18362662,0.1839345,0.17431137,0.17369549,0.15000543,0.17931305,0.16968626,0.15882953,0.17844748,0.1708483,0.1569105,0.16242206,0.18557599,0.15459725,0.16935092,0.1931318,0.16248582,0.16943623,0.18045437,0.14977396,0.1763441,0.17257178,0.17441617,0.16424021,0.17392491,0.16482371,0.17690943,0.18003757,0.16065183,0.18322815,0.17524853,0.18350258,0.16789201,0.17331243,0.1657735,0.17343469,0.16917661,0.18730868,0.17758511,0.17002618,0.17700796,0.17322108,0.15966827,0.18144187,0.17404534,0.17714284,0.17406459,0.17968147,0.16222289,0.17798984,0.16356389,0.16496828,0.17717077,0.16949406,0.17569892,0.18533064,0.16853462,0.186841,0.16345014,0.18428889,0.1772885,0.17588924,0.17235138,0.17276424,0.18727581,0.1774304,0.18274131,0.17498662,0.17210373,0.17794354,0.17035845,0.16217674,0.18095675,0.19182295,0.16801564,0.173781,0.1702455,0.16554561,0.1699274,0.17210342,0.1658566,0.16114351,0.17841515,0.15887035,0.16257696,0.16946507,0.17016451,0.16342385,0.18021289,0.17936687,0.16100405,0.17505446,0.17443892
