0.78360003,0.765523,0.79452544,0.7681917,0.7323202,0.7674803,0.7591736,0.79065275,0.77859014,0.7443691,0.8110833,0.75719976,0.7711377,0.75486934,0.78255546,0.7842325,0.7484188,0.7946325,0.7547922,0.7887221,0.76905304,0.7541909,0.78467685,0.7769426,0.754775,0.7615855,0.7932255,0.77907014,0.759761,0.78013504,0.7557774,0.79630363,0.7957661,0.7760142,0.7794872,0.77119315,0.7546751,0.7721563,0.75641894,0.7909524,0.76181155,0.7572339,0.76689804,0.75789833,0.7786188,0.7592498,0.7593907,0.7751495,0.76352465,0.7848799,0.78052527,0.7653936,0.7686002,0.7463497,0.7636343,0.75219804,0.78481585,0.7751607,0.74713033,0.77611643,0.7664977,0.7565119,0.7884627,0.77945536,0.7748853,0.7809261,0.7685182,0.7843833,0.7745371,0.7665354,0.7939285,0.7835688,0.7742801,0.7630193,0.77616155,0.77096885,0.7800594,0.7733388,0.74799925,0.7840659,0.78034014,0.7614425,0.7535925,0.77151936,0.7680046,0.7771982,0.7882193,0.77674544,0.77447087,0.76648915,0.76188207,0.75727993,0.7968289,0.78446525,0.79325145,0.76375854,0.76248854,0.7774048,0.7673037,0.7854975,0.7616997,0.7648813,0.77140784,0.7656695,0.76768076,0.78016514,0.7804362,0.76744825,0.7787871,0.7754784,0.77799904,0.762072,0.7776257,0.78166085,0.78482,0.77436095,0.74819076,0.75261927,0.7617381,0.7702874,0.76930827,0.7818177,0.7869619,0.761892,0.756207,0.76799184,0.77620804,0.78008854,0.77382064,0.7975917,0.7572394,0.773997,0.7716657,0.75364786,0.82223433,0.80220556,0.7843921,0.7815251,0.76715577,0.770108,0.7880748,0.7798566,0.7536596,0.7852069,0.7779862,0.76791096,0.80964017,0.76316136,0.7824178,0.78814304,0.76445496,0.78391767,0.7692352,0.78996474,0.7620819,0.77778447,0.78661865,0.7517452,0.7645551,0.77803373,0.7839978,0.76642406,0.8022386,0.76043385,0.7939929,0.8026378,0.77309054,0.75789815,0.7849897,0.77479637,0.77758586,0.79408896,0.76215935,0.8010223,0.77431756,0.76872724,0.77737474,0.7706791,0.7675869,0.75367796,0.7658349,0.7819157,0.7864338,0.7947475,0.7854899,0.761771,0.76961225,0.75629306,0.76238567,0.74924064,0.7679861,0.7609079,0.77727574,0.77248955,0.7742416,0.78016824,0.7692952,0.7865545,0.7948034,0.74408686,0.7565555,0.7630992,0.77451426,0.7757554,0.77604884,0.768825,0.7639018,0.7640931,0.7596435,0.7709089,0.7663527,0.7468242,0.78518766,0.7560693,0.77192634,0.7791765,0.7639097,0.75062233,0.7750032,0.77075845,0.7678414,0.7809066,0.78073716,0.7805703,0.75586206,0.7855203,0.7735817,0.7710063,0.7882759,0.7723194,0.7539537,0.79031104,0.7779876,0.7689259,0.76589125,0.7623762,0.7642172,0.74551404,0.8041424,0.75901157,0.7651703,0.7732722,0.7691038,0.7819084,0.76389635,0.7915034,0.77560264,0.7780491,0.7977382,0.7659635,0.78188336,0.7519292,0.7766388,0.77162004,0.76122904,0.7742152,0.7493523,0.76850384,0.77157575,0.77972233,0.77806246,0.76012653,0.77940357,0.76442814,0.7679731,0.74764097,0.7895156,0.78782564,0.7809674,0.75903213,0.767312,0.7427475,0.7765614,0.7805934,0.7700167,0.7662519,0.78828233,0.79913056,0.77834314,0.7508923,0.7650617,0.76110387,0.7922683,0.7781947,0.78132194,0.77710676,0.78360826,0.7762953,0.7681057,0.748371,0.7572393,0.79188764,0.76383805,0.77459264,0.7725155,0.75650096,0.7633821,0.77240473,0.76910347,0.7748218,0.76421374,0.7808846,0.7639482,0.77431303,0.75082815,0.78802323,0.7519064,0.77804846,0.763408,0.76622456,0.7430172,0.7856292,0.79286575,0.78171855,0.75773114,0.7576041,0.76577693,0.7554194,0.76169795,0.78426754,0.770243,0.77710706,0.767369,0.795755,0.76657206,0.78035426,0.7660175,0.756074,0.76987004,0.76671904,0.772953,0.76283115,0.7738366,0.7629724,0.770104,0.7801035,0.78558785,0.7561119,0.7663491,0.79052603,0.78538847,0.76931506,0.7469541,0.77678484,0.7608251,0.786083,0.770873,0.7713333,0.774688,0.7665915,0.77329344,0.75205314,0.7687217,0.75190055,0.77405787,0.7708325,0.7523965,0.75770235,0.7942234,0.78536546,0.7679879,0.7713863,0.7703714,0.77400583,0.76975065,0.78658104,0.7700636,0.75798696,0.75384617,0.795321,0.76579446,0.75498295,0.76688755,0.7810184,0.7677665,0.75975496,0.7626445,0.7627614,0.7917604,0.7803423,0.75898176,0.7922651,0.76951593,0.7844722,0.7497758,0.7799217,0.76805806,0.7845254,0.7684805,0.7515316,0.7800375,0.77766633,0.77933156,0.77021646,0.7725265,0.73545516,0.7773694,0.7641917,0.7630029,0.776248,0.76343274,0.7901857,0.76789445,0.77899915,0.7766189,0.7718629,0.765812,0.78573835,0.79005027,0.778752,0.77486557,0.8004161,0.7616014,0.7865925,0.78629225,0.77193993,0.76637435,0.7734735,0.77891177,0.7928726,0.78058976,0.7667303,0.75631285,0.77994025,0.7704166,0.7825802,0.7750245,0.7763532,0.79271364,0.7888387,0.7805772,0.7646785,0.7817649,0.76748335,0.7605656,0.7751337,0.7795166,0.77263534,0.7454187,0.7602862,0.7553052,0.7920766,0.77998024,0.7728406,0.76944226,0.7636518,0.77829266,0.77966744,0.7859376,0.7909216,0.7403553,0.7702929,0.7500706,0.7727148,0.76870775,0.7689064,0.74580604,0.7760121,0.763283,0.8067497,0.7610363,0.7886217,0.7655438,0.78155166,0.75238085,0.7799443,0.76877254,0.7736593,0.7803274,0.7606976,0.77768314,0.7831562,0.80408204,0.7723657,0.77407455,0.7736596,0.7588716,0.76645285,0.78096247,0.74650186,0.7501506,0.7482966,0.75717133,0.7786861,0.7690653,0.76949495,0.7720884,0.75525486,0.7782641,0.7779418,0.79774034,0.7725493,0.8010548,0.75112027,0.77734447,0.783906,0.79217094,0.76911795,0.79462844,0.7663755,0.7564428,0.77366626,0.7638137,0.75220877,0.7656485,0.7529331,0.8090041,0.8047925,0.78869426,0.77660686,0.8120613,0.7814868,0.7920655,0.77103555,0.7647694,0.78834426,0.7897829,0.7878191,0.7754815,0.7583466,0.79065657,0.78136605,0.7714356,0.7724987,0.7711132,0.7858927,0.72169924,0.7765782,0.75264364,0.7615839,0.743883,0.7911167,0.8060306,0.7914504,0.7950974,0.7819462,0.7772959,0.77978736,0.8082316,0.76224726,0.7842804,0.7872988,0.778527,0.7818401,0.77179,0.7725765,0.77262944,0.77733386,0.7850827,0.7762642,0.78185666,0.7738766,0.77830166,0.7771143,0.768143,0.7736201,0.7559403,0.78129715,0.7787445,0.7418732,0.78365016,0.7904061,0.73119044,0.7771045,0.77138597,0.7892985,0.76405567,0.78082865,0.76441205,0.7624687,0.7710365,0.774614,0.7756839,0.75752455,0.7657243,0.77874583,0.7880911,0.78901243,0.77625465,0.8091187,0.7640485,0.7637476,0.75689155,0.7748825,0.76830375,0.74425125,0.7766725,0.7632177,0.7964594,0.7663064,0.7862067,0.7973677,0.75416315,0.7926512,0.79367733,0.7583653,0.7800042,0.7740482,0.7689668,0.77502507,0.7678145,0.77924275,0.7689146,0.7721769,0.7699863,0.7721754,0.7975521,0.8035693,0.76366985,0.78356594,0.7693421,0.783059,0.7906672,0.7662022,0.7566612,0.7506776,0.7949541,0.7887105,0.760575,0.75872016,0.787782,0.7790052,0.7747149,0.7520732,0.75515145,0.7774671,0.76110375,0.79660976,0.780145,0.7323327,0.7698913,0.78179353,0.7525588,0.77444774,0.78700954,0.7552661,0.7629194,0.7724224,0.7762551,0.76728755,0.7676261,0.77882415,0.78717977,0.78731894,0.7600664,0.7578159,0.7648182,0.7824071,0.77475977,0.77046543,0.76720965,0.77807057,0.77914995,0.7654357,0.7523468,0.76191694,0.77822036,0.7785804,0.80331194,0.77229756,0.7734374,0.78374696,0.7749249,0.7699105,0.7474917,0.75798965,0.75556844,0.75679874,0.7552091,0.76688415,0.76789784,0.74760234,0.7880854,0.7600347,0.75637454,0.7768382,0.7812026,0.7750222,0.75960875,0.7832711,0.78445256,0.76258945,0.7718237,0.7658883,0.7798359,0.77126855,0.7670681,0.7580435,0.7825149,0.75274384,0.76685977,0.7509194,0.76225984,0.7584729,0.7688758,0.76895756,0.77010685,0.7817068,0.7701735,0.7944608,0.76516855,0.75628513,0.78016144,0.7991691,0.7572684,0.7773767,0.79839104,0.7651621,0.7646852,0.77159286,0.7688656,0.7719648,0.74499995,0.7972293,0.76829946,0.7643472,0.80062836,0.7829299,0.78005815,0.75349844,0.75623006,0.7759223,0.7805419,0.77250355,0.75813854,0.78164536,0.75431114,0.77796715,0.76094085,0.7647068,0.7916534,0.7864601,0.7708125,0.78749305,0.7828829,0.7585914,0.7757712,0.7711916,0.7736888,0.75334597,0.79386663,0.7588429,0.77389634,0.78243715,0.768911,0.7869452,0.7655087,0.7805867,0.7897964,0.74759907,0.79047626,0.79789245,0.78088814,0.79059917,0.77778804,0.7955896,0.79752034,0.77118725,0.7831651,0.7659972,0.78304654,0.7714335,0.76775527,0.79613703,0.77417934,0.7930952,0.77328885,0.75501686,0.76773316,0.78427243,0.771375,0.7863234,0.7663281,0.7770528,0.7482127,0.78810227,0.76260495,0.76855975,0.74655247,0.75232553,0.76049554,0.7741588,0.7736639,0.7589054,0.77697706,0.7594935,0.7732096,0.7694091,0.7734958,0.7630194,0.7982753,0.8022123,0.79049766,0.7892995,0.76882565,0.7832448,0.7800697,0.7922181,0.79224765,0.79142874,0.78348166,0.7675003,0.7711674,0.77489644,0.7845243,0.7530738,0.76262236,0.76975346,0.7542914,0.76338446,0.77789575,0.7638283,0.80384624,0.7601356,0.7684279,0.75464606,0.7731443,0.78306687,0.7747058,0.7930185,0.75919884,0.7768532,0.7763783,0.76207906,0.7531298,0.76179314,0.78584754,0.7784108,0.77265275,0.7484708,0.757355,0.7885911,0.7800334,0.7656976,0.7656947,0.7658913,0.77566105,0.76997745,0.77504045,0.7861842,0.7839767,0.75767654,0.77142066,0.78889227,0.7767945,0.7958366,0.79173326,0.7782657,0.7630016,0.7723646,0.7672778,0.7634255,0.7909022,0.76665336,0.78693,0.77249825,0.7799234,0.7660421,0.7725939,0.77448356,0.761621,0.7775286,0.7619341,0.77054423,0.7699012,0.7650516,0.772732,0.78189754,0.76567435,0.7747841,0.7488781,0.76528585,0.7638654,0.78132,0.7937608,0.75394595,0.7765635,0.7874703,0.7889372,0.7792381,0.7840132,0.78764385,0.7894821,0.7677845,0.79428035,0.7730487,0.780535,0.7939697,0.7708318,0.7709186,0.7771678,0.7418897,0.77939886,0.74321514,0.76360965,0.7440808,0.726707,0.7560799,0.75306046,0.7580452,0.793197,0.76858115,0.7827134,0.7642803,0.7510351,0.77753043,0.7556913,0.75248027,0.7875188,0.74634475,0.7660895,0.7594091,0.772592,0.76935863,0.7740412,0.7945454,0.76912475,0.77389675,0.7597016,0.76745355,0.749817,0.77433056,0.75818765,0.7680011,0.8009668,0.77051246,0.7376479,0.7446117,0.77129614,0.7759748,0.7592445,0.7653958,0.7810774,0.7628945,0.7756541,0.779786,0.7895288,0.76576406,0.79356396,0.7700199,0.7786089,0.77239114,0.7766692,0.7723582,0.760904,0.769109,0.77898043,0.76534307,0.79972506,0.7650789,0.7830827,0.78488743,0.7791989,0.7926233,0.77978426,0.77984756,0.775231,0.7726259,0.74539757,0.7830139,0.7478596,0.7647149,0.7660185,0.7645908,0.76405925,0.77528876,0.77616173,0.7577072,0.76209575,0.7411405,0.76042867,0.7695214,0.803253,0.7427828,0.77298504,0.7808641,0.7754369,0.740239,0.77175426,0.774956,0.74317586,0.78878194,0.77161896,0.76887286,0.76121986,0.7668625,0.7692681,0.748858,0.7812113,0.7769448,0.78019536,0.7518168,0.7628546,0.7925361,0.79292625,0.76542234,0.7735245,0.772432,0.7814129,0.7562487
0.7132965,0.7303643,0.73026854,0.7065882,0.7213329,0.7223607,0.729841,0.7346851,0.71221817,0.7234358,0.72061527,0.7102071,0.7145381,0.7156688,0.71151435,0.71674097,0.72755814,0.72978145,0.73491,0.7344338,0.7357321,0.7219716,0.727506,0.700529,0.7317755,0.72343385,0.7189034,0.7307481,0.7315384,0.7307302,0.7467817,0.73702043,0.7337612,0.72683805,0.73705065,0.72631776,0.7061796,0.73535645,0.72236544,0.7178927,0.736328,0.74081177,0.7181653,0.72812235,0.737968,0.73560226,0.7232419,0.74922377,0.70527333,0.7569463,0.7424576,0.7277829,0.727111,0.75820696,0.7252883,0.71201634,0.7105432,0.7277003,0.7263402,0.7284227,0.7134134,0.70771086,0.7215943,0.7381626,0.7391987,0.7224099,0.7292097,0.7199362,0.7352856,0.740936,0.7530891,0.7230757,0.73734444,0.73418266,0.72664016,0.7053597,0.7420959,0.7324293,0.72630405,0.73064834,0.71722573,0.71993375,0.7239883,0.72139347,0.7214508,0.7215967,0.7271496,0.7412286,0.71859753,0.71871984,0.7303016,0.7156056,0.72500885,0.7261251,0.7237699,0.7243166,0.74691355,0.7465574,0.7400799,0.73512375,0.74442804,0.7189076,0.72142714,0.7223425,0.7063113,0.7344121,0.72704697,0.741567,0.733606,0.73588264,0.73388815,0.7222471,0.70894307,0.73106927,0.7216898,0.73640203,0.72971046,0.7073762,0.72428167,0.7222345,0.7344593,0.7468771,0.72036964,0.72508323,0.7313424,0.7228403,0.7440156,0.73147315,0.71531296,0.7315952,0.74672985,0.73784673,0.7358465,0.7237315,0.7246743,0.72671163,0.72486126,0.7154063,0.7276659,0.7444541,0.7240003,0.7264562,0.7130762,0.7255073,0.7440401,0.7189269,0.74121976,0.7192664,0.7166413,0.7433512,0.7018026,0.7589851,0.71503645,0.74790084,0.7158686,0.7176817,0.7214718,0.70537764,0.74027175,0.7494694,0.72742635,0.7026205,0.74038315,0.72959155,0.7401494,0.72210354,0.7385126,0.72555274,0.74004465,0.7070609,0.7268843,0.74331003,0.7230305,0.75132,0.71788186,0.7519821,0.7553994,0.7393957,0.7341592,0.73771787,0.7433396,0.7369501,0.7448191,0.709778,0.74280286,0.72026306,0.73330456,0.7461474,0.7194006,0.7296299,0.7191799,0.7301136,0.7420664,0.71157414,0.73037124,0.7110578,0.72404575,0.7328421,0.7212339,0.6980939,0.71633184,0.7286064,0.7420449,0.7418443,0.72501874,0.7596744,0.728721,0.73867774,0.730574,0.7533658,0.71370393,0.73903704,0.71807295,0.73853534,0.7219365,0.7182908,0.7345133,0.7116416,0.7268191,0.7228292,0.73102945,0.73076385,0.75132847,0.72736347,0.74040234,0.73366493,0.7295586,0.7188372,0.72925645,0.7293244,0.71795607,0.71617246,0.71338785,0.7218326,0.7395106,0.7208884,0.72272414,0.7293563,0.74472815,0.74482423,0.7251045,0.7209465,0.7264314,0.7290918,0.7209182,0.73592716,0.7280072,0.7474561,0.72112,0.7298944,0.73476505,0.73417646,0.7370137,0.74626863,0.7213851,0.7155718,0.7225236,0.73223734,0.7262675,0.74426955,0.72439843,0.7042512,0.71798676,0.7154288,0.746584,0.725673,0.7360452,0.7371318,0.7410507,0.7190517,0.72866845,0.7311576,0.7367925,0.7414702,0.7365635,0.71854174,0.74784756,0.7457131,0.7397627,0.717334,0.70391285,0.7288363,0.7285599,0.72591656,0.7300263,0.71989167,0.73892003,0.73212975,0.7254945,0.7126324,0.7263534,0.74245584,0.7401625,0.7298664,0.71689665,0.7342356,0.71099013,0.7447764,0.71411216,0.74507105,0.733001,0.7211021,0.73812443,0.7397885,0.7158874,0.69383824,0.73599786,0.73360264,0.742585,0.74386096,0.69120264,0.7479114,0.74306846,0.75570583,0.72627467,0.71202093,0.7180685,0.7107153,0.7160168,0.72129345,0.71709716,0.72839916,0.7266561,0.72302824,0.7215959,0.7163872,0.7417914,0.7424491,0.7334257,0.72404414,0.7318166,0.7512641,0.7347496,0.72166795,0.7484676,0.70932806,0.7339961,0.72676957,0.7298003,0.72748214,0.72011375,0.7187194,0.71260214,0.74579173,0.7328583,0.7239341,0.72463584,0.7105285,0.7432621,0.7189521,0.73348856,0.7333995,0.7331588,0.747556,0.7337944,0.73613054,0.71983445,0.7307873,0.74623793,0.739534,0.7307526,0.73028034,0.7393947,0.7440868,0.73144007,0.72081417,0.7495778,0.7127104,0.7199374,0.7347553,0.7314624,0.7306343,0.72672653,0.7229097,0.72383153,0.7216971,0.7193519,0.7491878,0.7392123,0.7097225,0.6937484,0.7584651,0.7448951,0.74690866,0.7264461,0.7098717,0.74170226,0.7123432,0.7274488,0.7344831,0.7395611,0.73556507,0.7607349,0.74387306,0.72785264,0.70371616,0.7276223,0.7129052,0.71495235,0.72069484,0.70574033,0.7499448,0.7311269,0.7506487,0.7242732,0.738136,0.732936,0.72279936,0.7177983,0.7504654,0.7550454,0.7132753,0.70917004,0.71982545,0.71083236,0.7470558,0.73049664,0.7187381,0.7313131,0.74890345,0.73574525,0.7377565,0.71838534,0.7489671,0.72100794,0.7266321,0.7464773,0.7338924,0.73468,0.7338019,0.75496477,0.73065066,0.74729866,0.7273399,0.73772293,0.7325903,0.7352716,0.70809835,0.71860254,0.7313611,0.73202187,0.7382747,0.73106766,0.71760654,0.7121941,0.7384101,0.7288338,0.7218931,0.7335049,0.71576303,0.71929234,0.6968836,0.6980715,0.73467886,0.72867274,0.72985566,0.71634567,0.73317266,0.71808493,0.74971545,0.7466188,0.75496626,0.7260197,0.72624433,0.7374897,0.7438608,0.71143687,0.7036029,0.71489555,0.7355383,0.7365711,0.7199446,0.7350899,0.74706846,0.722321,0.72174466,0.7354746,0.7420701,0.7341095,0.7115777,0.7428667,0.71160847,0.71556216,0.7464185,0.731201,0.7331616,0.72701526,0.7313084,0.7360564,0.7505738,0.73101515,0.73255026,0.73419267,0.7121284,0.7153272,0.74075294,0.7485915,0.70080644,0.72450006,0.69313157,0.7256217,0.7505562,0.72813356,0.730392,0.7329068,0.7465501,0.7274157,0.72817206,0.72575814,0.7506231,0.74222255,0.71448606,0.75568897,0.7207809,0.7291839,0.7155337,0.7117121,0.72651106,0.733363,0.7120355,0.7480656,0.71444803,0.73164105,0.7211574,0.7320725,0.72286034,0.7114942,0.73247457,0.7124994,0.70701724,0.73280287,0.73380977,0.73960817,0.7579204,0.74687356,0.7213708,0.72667485,0.72057164,0.7289123,0.73801774,0.74622035,0.72341,0.7380977,0.7144821,0.71051735,0.71980935,0.7173844,0.731966,0.7147344,0.7222116,0.73577595,0.7525509,0.73640484,0.7292121,0.7355415,0.731567,0.6946327,0.72853863,0.73540723,0.7082514,0.74522877,0.73294586,0.7235612,0.7239686,0.709218,0.7285862,0.71218085,0.7452042,0.732867,0.7202422,0.7249455,0.7219257,0.73672295,0.7116676,0.74228215,0.7432977,0.7295759,0.7442639,0.72838205,0.75225854,0.7211868,0.7313557,0.7207931,0.7395214,0.73862976,0.74339944,0.7311948,0.7182747,0.7474637,0.7334794,0.71892184,0.7470694,0.7389846,0.74886274,0.7375244,0.7474098,0.7092599,0.7061813,0.7356947,0.7432084,0.73726344,0.7287614,0.72831094,0.7405821,0.72546095,0.73169297,0.73461825,0.7208627,0.72371876,0.74835014,0.72313577,0.7365083,0.7165841,0.7266736,0.7088213,0.7188862,0.75561756,0.7142772,0.72784334,0.7222912,0.7350215,0.73332596,0.73096806,0.71904504,0.74369293,0.7528736,0.7389205,0.7051683,0.73515,0.72309256,0.72691584,0.7244912,0.7153096,0.74248385,0.7380805,0.72376776,0.7551317,0.73229796,0.7291972,0.72462416,0.7107706,0.7428785,0.7213372,0.74089295,0.7396672,0.722618,0.7363536,0.75157547,0.72799337,0.7156966,0.72847915,0.71404296,0.73304397,0.7475569,0.72601134,0.72707695,0.7286952,0.7222789,0.7107951,0.7392671,0.7682991,0.747003,0.73405117,0.74105054,0.7100107,0.7282353,0.7371186,0.7232,0.7244587,0.7295334,0.71989745,0.7099889,0.73337346,0.72553366,0.74752855,0.71535754,0.7226821,0.737532,0.72154933,0.7091149,0.72084796,0.70900697,0.7203759,0.7358583,0.72209936,0.7219972,0.70095813,0.71732306,0.71624434,0.72743165,0.7287755,0.7252743,0.7249204,0.7172163,0.7481254,0.7124211,0.72574866,0.7179513,0.723002,0.7162282,0.7364185,0.7325852,0.7318367,0.73400825,0.7593744,0.7266153,0.7541548,0.7299512,0.72704196,0.73394006,0.73234487,0.7445533,0.72577024,0.7177369,0.7193367,0.7164801,0.72848314,0.7151154,0.7372228,0.7212411,0.7322967,0.7220426,0.73294985,0.719023,0.72591716,0.7182406,0.7216664,0.7001818,0.7010974,0.72127706,0.7443669,0.7267836,0.71290535,0.73877513,0.7170938,0.720851,0.7327028,0.71924734,0.72021306,0.73575175,0.735343,0.72845554,0.73304015,0.7186008,0.7415861,0.733512,0.7206819,0.7225798,0.7369141,0.74255776,0.69665796,0.75046283,0.7306965,0.691521,0.7382026,0.7468096,0.7294563,0.73457265,0.7239667,0.73075885,0.72903436,0.7238446,0.7166741,0.74391484,0.7130493,0.7299539,0.7247019,0.7182593,0.73231375,0.721173,0.70169073,0.718572,0.7285803,0.7341128,0.719667,0.72725224,0.7256497,0.7177483,0.74653876,0.71479976,0.7049479,0.732923,0.7301806,0.73465466,0.7242823,0.7423751,0.7241345,0.73254305,0.7175745,0.7102459,0.74354386,0.741416,0.7291771,0.7315165,0.715752,0.7292752,0.7259634,0.7323778,0.7260425,0.74005044,0.71947366,0.71826726,0.7409427,0.7307834,0.76299584,0.73059666,0.7320185,0.7251044,0.7102628,0.7104679,0.7226413,0.7123085,0.74188864,0.7174771,0.7157322,0.7159779,0.71443987,0.7138524,0.74869347,0.725359,0.7244838,0.7504659,0.7444193,0.71486354,0.74109995,0.7241638,0.740786,0.7452068,0.7403065,0.72688776,0.7212394,0.7347033,0.760065,0.7128495,0.75325084,0.7203459,0.7284649,0.71308833,0.73965067,0.70744973,0.7048531,0.7357025,0.7113025,0.74997395,0.7474885,0.7208798,0.73445916,0.74357694,0.7300241,0.7338562,0.73842835,0.72100526,0.73931724,0.7427829,0.73345673,0.7279069,0.7088771,0.72140455,0.752404,0.7272591,0.7266123,0.7382548,0.7006252,0.71508986,0.7354442,0.73535913,0.73158115,0.7340374,0.73674786,0.7482724,0.72361606,0.71167934,0.73675495,0.7162985,0.72521615,0.7289797,0.70890874,0.71088445,0.7179055,0.7314344,0.7219367,0.7383131,0.73865044,0.71852684,0.71017194,0.73180294,0.7122667,0.73085624,0.7418269,0.7091537,0.73106176,0.72139144,0.71728164,0.721813,0.7174443,0.7119858,0.71043646,0.7301191,0.7278623,0.7292775,0.7255087,0.7266882,0.7245935,0.73830116,0.72883517,0.7396009,0.718442,0.7125118,0.7332148,0.69780815,0.73295325,0.73317254,0.72932094,0.7294016,0.7302381,0.7337501,0.7203086,0.7272184,0.72654855,0.74606186,0.7152981,0.7410166,0.70631,0.7157582,0.7209325,0.7244997,0.70663756,0.71192044,0.73242164,0.72788507,0.7243101,0.73492056,0.7183193,0.72393,0.7372878,0.748647,0.729964,0.7345702,0.747118,0.7299724,0.7222272,0.7386305,0.7289644,0.7215775,0.73564273,0.7309103,0.73830116,0.72435844,0.73183215,0.71720403,0.7357863,0.7141644,0.7388046,0.7508421,0.7459494,0.7364123,0.7362491,0.7478468,0.71980226,0.72856945,0.7245597,0.708719,0.7323097,0.74388826,0.74222904,0.74476933,0.7370629,0.7160213,0.7278163,0.73553765,0.7375168,0.7161291,0.73757374,0.72301644,0.7313966,0.73828447,0.7179523,0.7112611,0.7235757,0.73356825,0.7016994,0.7310181,0.75099283,0.7347129,0.7543556,0.7046711,0.7462251,0.7234916,0.7184821,0.74699074,0.7196469,0.7190971,0.733968,0.74513733,0.7440522,0.72681195,0.71460956,0.71693945,0.7451201,0.70904213
0.86077744,0.8758366,0.86123353,0.867085,0.8460569,0.8601306,0.8831647,0.8490357,0.86411196,0.85353756,0.8793011,0.8363273,0.84977466,0.86184335,0.84336543,0.86541647,0.86635643,0.8748493,0.8644738,0.8685811,0.8699258,0.8672363,0.8707844,0.84268755,0.86100984,0.8570372,0.8710203,0.8710069,0.8707352,0.87560266,0.8642057,0.8783607,0.86976755,0.8453336,0.87359685,0.86967343,0.86268806,0.86876035,0.8558025,0.8868095,0.86477554,0.86081177,0.8688487,0.867814,0.8685744,0.8594675,0.8489262,0.8722917,0.84986526,0.86883515,0.85754585,0.8566877,0.8725034,0.861369,0.8512716,0.8501072,0.8691352,0.8669802,0.8595466,0.8806651,0.85645807,0.8490967,0.87808305,0.8712052,0.862743,0.8728427,0.8666142,0.85621005,0.869112,0.85445726,0.87454784,0.87383354,0.87927896,0.85384494,0.85957307,0.8416868,0.8742483,0.8668288,0.85222906,0.8741115,0.8561454,0.85907596,0.8521233,0.8674841,0.8682737,0.8661863,0.8800721,0.8671558,0.85453534,0.85785663,0.85277224,0.8620665,0.86723554,0.8733526,0.8724612,0.8682478,0.8763933,0.867187,0.86169297,0.86133856,0.86293054,0.8541253,0.8346131,0.83823913,0.85322195,0.8806236,0.86265695,0.8745286,0.87367797,0.86098206,0.862021,0.8460169,0.84359026,0.86418974,0.86652154,0.87902904,0.85914224,0.8609374,0.8472615,0.8589874,0.8656451,0.8664416,0.85620695,0.8607101,0.8813913,0.8559905,0.879208,0.8843789,0.86005604,0.8611789,0.87933666,0.8773179,0.85881823,0.86972994,0.87203395,0.8725138,0.8668194,0.86214554,0.87718207,0.8761633,0.87052363,0.8649383,0.86510277,0.85939133,0.882952,0.8539996,0.879673,0.8700072,0.85414124,0.86923367,0.8536685,0.8757195,0.8456791,0.8768408,0.8585641,0.8734005,0.84805137,0.8511579,0.86934847,0.8691574,0.8833383,0.86912435,0.8753056,0.8575184,0.8763778,0.8618235,0.85377216,0.85528034,0.87220764,0.85622996,0.8641218,0.86987484,0.8640711,0.8721053,0.8631171,0.8818744,0.87362486,0.8726688,0.8684976,0.8751857,0.86362326,0.874471,0.879329,0.8741691,0.8807737,0.85601014,0.87068933,0.8725876,0.86794484,0.8568866,0.8448899,0.8547131,0.8734841,0.8486948,0.85665864,0.85916233,0.86812526,0.86825323,0.8678006,0.83612597,0.8461752,0.84533393,0.8775455,0.8517031,0.86873156,0.873369,0.85159683,0.8645656,0.8608762,0.8728171,0.8490791,0.8602603,0.86142045,0.8816812,0.8602254,0.8826605,0.85552275,0.845754,0.84418905,0.8514867,0.84142315,0.8744489,0.876904,0.86970013,0.8587308,0.86601084,0.8561885,0.85964024,0.88140285,0.8564372,0.858353,0.87800777,0.84963757,0.88451004,0.8664345,0.8438501,0.86454046,0.8512613,0.8740065,0.8576315,0.8637843,0.85854053,0.8560496,0.87263083,0.8560419,0.8684475,0.87034184,0.86978704,0.86812997,0.8569822,0.8840531,0.8586096,0.8838199,0.8697602,0.8541016,0.8656853,0.86078167,0.8509431,0.8635488,0.88765997,0.86265856,0.8593776,0.8555531,0.8486972,0.8709263,0.86527395,0.87044513,0.88022226,0.86045843,0.8684191,0.8698898,0.8669806,0.8740186,0.8620522,0.8744995,0.86093485,0.8622099,0.8747444,0.86421525,0.8497569,0.8658277,0.86987925,0.8728109,0.8615589,0.8664765,0.8486115,0.8635682,0.8620213,0.8684696,0.8579122,0.85919183,0.861776,0.85492754,0.8656072,0.8566972,0.87321097,0.86317086,0.8684775,0.8606968,0.8536974,0.8589595,0.87284464,0.89393806,0.89483744,0.85795027,0.8702002,0.85520464,0.8755579,0.86994314,0.8620881,0.8383678,0.88269496,0.8685887,0.86938125,0.87548673,0.85928077,0.84763736,0.8573181,0.86226404,0.86554885,0.8584222,0.8745207,0.84317106,0.8637043,0.85128653,0.8674663,0.86884916,0.85843,0.854916,0.86595017,0.87909734,0.875708,0.8766118,0.8661562,0.86706245,0.849971,0.87091565,0.8752346,0.8627538,0.8891812,0.86617225,0.8463677,0.8657364,0.8695092,0.86466134,0.8609269,0.8538023,0.8755416,0.87823737,0.8568235,0.88414973,0.8751536,0.8590667,0.8544613,0.8570024,0.8637656,0.84785354,0.86363447,0.8617193,0.86570567,0.87353224,0.85119945,0.86629605,0.8773143,0.8777415,0.86721265,0.88209563,0.836346,0.8632546,0.8645793,0.8754089,0.8667545,0.8553634,0.8680546,0.8666086,0.8523499,0.8595995,0.8628269,0.8513715,0.8599425,0.8450735,0.8927416,0.87589633,0.87194365,0.86169744,0.8439779,0.8580167,0.85838413,0.8530583,0.84833986,0.88345593,0.87718546,0.8817801,0.870761,0.8701929,0.8490992,0.85395193,0.85408103,0.8651916,0.85899836,0.8529988,0.8724476,0.84558433,0.8565696,0.8616759,0.86863375,0.8684866,0.86326617,0.85901815,0.87732446,0.87825334,0.87087864,0.8520901,0.8647663,0.856215,0.869612,0.855944,0.8653528,0.87198263,0.8884358,0.8901003,0.86932254,0.8595699,0.8714715,0.86047536,0.88426715,0.8674662,0.86631715,0.850499,0.88193905,0.8833479,0.88097274,0.87429,0.8741529,0.88112175,0.8624449,0.8806727,0.84650683,0.84097993,0.86213565,0.87226343,0.87523794,0.86677843,0.86587954,0.87434626,0.8695043,0.8775922,0.8656012,0.8704902,0.85939825,0.85381025,0.86093247,0.85828835,0.8662593,0.8713317,0.86837137,0.84852886,0.89408594,0.871138,0.88128716,0.86490405,0.8857424,0.8560426,0.87270945,0.86953133,0.8731433,0.85078806,0.8518039,0.8685916,0.87001455,0.85394204,0.86740273,0.8801551,0.8834314,0.8677412,0.8425686,0.8637,0.86981344,0.88058865,0.8403851,0.86125934,0.8509893,0.8504028,0.8896636,0.857408,0.87912124,0.8665746,0.86728585,0.8519464,0.87398463,0.8770101,0.86633015,0.86269647,0.87278837,0.8702224,0.8816793,0.8835645,0.8344611,0.8572924,0.8620448,0.84666526,0.8757412,0.8754202,0.8775565,0.86944866,0.8673546,0.86424977,0.87041056,0.86910415,0.8799497,0.87851846,0.8524424,0.8801534,0.87351215,0.851918,0.87543386,0.86948943,0.88062096,0.86441493,0.85829353,0.8925414,0.8689924,0.86048913,0.85454875,0.8648885,0.84940165,0.83797675,0.8698398,0.84729946,0.8463539,0.84693164,0.8669262,0.88431144,0.8854037,0.87972665,0.8588813,0.85917395,0.876262,0.8675946,0.8605747,0.86781925,0.8669648,0.8621919,0.88567936,0.85675365,0.85758364,0.8457936,0.8612253,0.85890794,0.8604526,0.86443174,0.86777407,0.8651653,0.8726642,0.8664398,0.8649347,0.8350916,0.85449445,0.8816384,0.85311073,0.8643467,0.8914984,0.85251695,0.8619059,0.848804,0.8817913,0.8507773,0.87995946,0.8712359,0.8497546,0.8671598,0.86742234,0.8811374,0.8533336,0.86716187,0.8671636,0.86846197,0.89108866,0.86014354,0.8791982,0.8529937,0.8517346,0.8739598,0.859084,0.87475544,0.88197553,0.86369205,0.849089,0.87561435,0.866414,0.8564482,0.878418,0.8589608,0.867016,0.86935735,0.8648646,0.8753731,0.85103196,0.86795425,0.87113637,0.8769427,0.88742095,0.8753194,0.87437975,0.8662799,0.87612754,0.8728227,0.86587274,0.84109724,0.8852508,0.85203063,0.8815072,0.8731271,0.8422296,0.84790367,0.85652405,0.8865138,0.8684158,0.86234426,0.87263584,0.88502187,0.85657954,0.882422,0.849935,0.87386996,0.8836045,0.8562527,0.8491168,0.8719295,0.8485571,0.85537386,0.86549765,0.84791017,0.8765698,0.86966085,0.84300566,0.854569,0.8571575,0.8714134,0.85256314,0.8590862,0.877815,0.86196494,0.8791804,0.8675701,0.8483123,0.8716329,0.88241655,0.8727789,0.86270285,0.86435616,0.8547428,0.86617154,0.8738401,0.8543677,0.86012304,0.8694559,0.85791016,0.8601499,0.88153577,0.8683185,0.863844,0.86753297,0.8713647,0.8593171,0.860112,0.8523681,0.8589487,0.8618916,0.84447473,0.865246,0.84341925,0.8730478,0.85912293,0.86603236,0.8815105,0.878918,0.8571365,0.84822553,0.8473161,0.8750607,0.8691552,0.8494977,0.8517684,0.8612332,0.8556354,0.85338396,0.86229444,0.8661366,0.8555291,0.85670495,0.8397442,0.86425245,0.8658421,0.8758565,0.8709189,0.86734265,0.8618313,0.8492138,0.8683314,0.86564267,0.87232876,0.8707487,0.8747791,0.861409,0.8682977,0.871722,0.8664889,0.8703397,0.8698499,0.85765177,0.8795379,0.86187357,0.88267654,0.861859,0.8531189,0.88640153,0.86762494,0.8698124,0.8532251,0.857205,0.865437,0.8765413,0.86057526,0.85267913,0.873967,0.851717,0.86923856,0.85085905,0.8611947,0.8829566,0.8494878,0.85631347,0.8708617,0.855646,0.8618345,0.870952,0.8547485,0.8880833,0.8550325,0.8735781,0.84483504,0.85547143,0.87714195,0.8680049,0.8724425,0.8671756,0.8714752,0.8647618,0.8649346,0.8571057,0.89588886,0.847766,0.85935795,0.87002426,0.8625108,0.862967,0.8661865,0.8595736,0.8748563,0.869976,0.85981214,0.865028,0.87759185,0.8694046,0.8633137,0.85438925,0.8435267,0.86741877,0.8561065,0.877118,0.8808415,0.87020284,0.85546154,0.8479592,0.8634294,0.8647052,0.84799236,0.87447995,0.86858135,0.86583734,0.87212163,0.86690307,0.86127865,0.86256284,0.8824036,0.8524711,0.8580522,0.86854935,0.845679,0.8862232,0.8781344,0.8804424,0.85665673,0.84668505,0.88826877,0.85417604,0.86140305,0.87174946,0.8724661,0.87919986,0.877903,0.8886856,0.86115086,0.8989313,0.84247226,0.8597463,0.8610639,0.8486562,0.8477507,0.85660774,0.878124,0.86277795,0.8594444,0.8517323,0.8580424,0.85279554,0.8586415,0.8821246,0.87249494,0.8598139,0.8772821,0.8740386,0.8503105,0.857878,0.84203273,0.8864342,0.87908936,0.8684076,0.86396486,0.84973913,0.87480175,0.87229055,0.8600598,0.87021923,0.85737336,0.86803347,0.8648127,0.87596065,0.8749205,0.86511135,0.8540417,0.84799165,0.8737632,0.8683456,0.86481035,0.8645217,0.86452454,0.86887586,0.87553227,0.8600025,0.86196506,0.8717003,0.88369447,0.8683366,0.87795436,0.86206937,0.85481584,0.8617217,0.8651615,0.8666776,0.86423415,0.8715441,0.8705803,0.8604203,0.8691174,0.85703266,0.8745043,0.84987015,0.875716,0.8518527,0.861673,0.8770056,0.8501133,0.86856735,0.86786854,0.8708974,0.8698195,0.86118156,0.87414414,0.8644992,0.87085366,0.8921658,0.88065344,0.863465,0.8685234,0.8655066,0.8713329,0.8817046,0.86510074,0.8800949,0.86172277,0.86761445,0.85607743,0.8707012,0.8394479,0.83428365,0.8680023,0.851024,0.86882395,0.86031663,0.8692921,0.8609428,0.8774816,0.85850954,0.8732469,0.8555892,0.85424894,0.8790011,0.8641404,0.87391394,0.85033214,0.8781045,0.85914356,0.8665262,0.8878026,0.8661709,0.8782073,0.869012,0.8718722,0.8550196,0.87369287,0.8448495,0.87549675,0.86241966,0.8570352,0.843517,0.8567374,0.86284363,0.8620554,0.8740969,0.8773904,0.87590694,0.860675,0.8667542,0.86798537,0.87080723,0.84712154,0.8861367,0.86893666,0.85947645,0.86441594,0.8675904,0.85256463,0.8524763,0.86951584,0.8863247,0.871884,0.8620618,0.8386642,0.8602046,0.8817737,0.87169886,0.8804541,0.89535785,0.8452922,0.86271656,0.8523602,0.85843277,0.8901176,0.85041773,0.85472,0.87818146,0.88040394,0.87001705,0.88016564,0.8707061,0.86666185,0.8824824,0.8642143,0.862326,0.85995114,0.8690439,0.8559654,0.8791084,0.87493193,0.84872764,0.852814,0.8672103,0.8725405,0.8361734,0.86825573,0.88642544,0.8552568,0.8756534,0.8556661,0.85468304,0.8478506,0.8665536,0.87138844,0.8696921,0.8641418,0.8628625,0.8820343,0.86994034,0.8731444,0.88396496,0.8869722,0.8702746,0.8512852
1.5430392,1.5406045,1.5257626,1.5257157,1.4927372,1.508017,1.5336026,1.5420542,1.5185002,1.4959545,1.5462176,1.5206208,1.4940236,1.5152844,1.5238389,1.5217077,1.5449082,1.536804,1.4882903,1.5250411,1.5370288,1.5384884,1.5354877,1.5179844,1.5350296,1.5563157,1.5414239,1.5241511,1.525237,1.5201102,1.5373666,1.5287342,1.5178248,1.5059216,1.5240841,1.51406,1.533178,1.5190556,1.5041461,1.522998,1.5217974,1.5282228,1.5212919,1.5075651,1.5273396,1.5196114,1.5239688,1.5190614,1.5307035,1.5197955,1.5147249,1.532734,1.5478171,1.527861,1.5187925,1.5167693,1.5176476,1.5353286,1.5017673,1.52127,1.5179496,1.4964352,1.5238826,1.5166887,1.5005015,1.5405775,1.5356777,1.5307246,1.5345534,1.5137423,1.5216688,1.5300982,1.5158919,1.5094551,1.5145056,1.5053571,1.531791,1.5214776,1.5118257,1.5311269,1.5231571,1.5360239,1.5086004,1.5296999,1.5185499,1.5120685,1.5302966,1.5208621,1.5453974,1.5290822,1.5128257,1.5198717,1.5487337,1.5205446,1.5107932,1.5091009,1.5128051,1.5291407,1.4842178,1.5273079,1.5367056,1.5113047,1.5159569,1.5192081,1.5162737,1.5322438,1.5048394,1.53759,1.5185783,1.533623,1.5293581,1.5039194,1.5389489,1.5332205,1.49741,1.5265377,1.5288682,1.5337856,1.5231304,1.5252098,1.5174077,1.5274501,1.5093036,1.5333977,1.4942765,1.5366955,1.5234591,1.5332242,1.512955,1.5646955,1.5354364,1.5150019,1.5273886,1.5195689,1.5381479,1.5338755,1.5362833,1.5137665,1.5187685,1.5083646,1.5512199,1.5240477,1.5080863,1.5038792,1.5349137,1.5204166,1.5480129,1.5204779,1.5224929,1.52326,1.523485,1.5412115,1.5247371,1.5009315,1.4987501,1.5184441,1.530236,1.5160048,1.5172626,1.5212717,1.5090588,1.5240684,1.5522324,1.5077779,1.5445547,1.5378627,1.5117214,1.529165,1.5272385,1.52712,1.5268575,1.5363958,1.5225977,1.5405773,1.5473641,1.5264744,1.519392,1.5060514,1.5227879,1.5294995,1.5320485,1.5201093,1.530584,1.5291891,1.5368822,1.5052167,1.5119656,1.5170476,1.5288236,1.4920396,1.5385556,1.5115465,1.5225654,1.5126203,1.5314634,1.5198938,1.5050557,1.5244616,1.5200884,1.5081904,1.512754,1.5267141,1.5260743,1.498852,1.5195125,1.513399,1.5143787,1.5031917,1.5129027,1.5217037,1.5217189,1.5043752,1.5223124,1.5205864,1.529844,1.5514095,1.5042902,1.5202314,1.5197062,1.5532017,1.5201117,1.5211291,1.5191417,1.5257291,1.5216591,1.541341,1.5394393,1.5492184,1.5417913,1.5118248,1.5209727,1.5191981,1.5267713,1.52686,1.5285636,1.5086645,1.5238559,1.4964403,1.5515692,1.5109074,1.5257411,1.5310118,1.5479832,1.5149499,1.4975064,1.5123646,1.5266894,1.5273223,1.5232724,1.5378238,1.5203221,1.5240458,1.5186476,1.49969,1.5242069,1.5275204,1.508868,1.5072354,1.5239084,1.5047241,1.5145166,1.5310841,1.5177376,1.499259,1.5081346,1.5153776,1.5459602,1.5332,1.5307021,1.505381,1.5295863,1.4903191,1.532263,1.5167699,1.5232003,1.5216038,1.5130186,1.5524884,1.5293893,1.511857,1.5355902,1.5118451,1.529772,1.519811,1.534316,1.4954017,1.532856,1.5322865,1.5372752,1.519262,1.5068756,1.5279498,1.5209906,1.5142993,1.5297929,1.5063215,1.5165198,1.5211147,1.5191084,1.5259206,1.5059729,1.519687,1.5193838,1.5350116,1.535562,1.5213237,1.4955935,1.5219404,1.5009252,1.5189966,1.498461,1.5432559,1.5105388,1.5213854,1.5150071,1.5421851,1.5196636,1.5242715,1.5320194,1.5200427,1.5025607,1.5320231,1.5286844,1.5412446,1.5192238,1.5348055,1.5198365,1.5229781,1.5358516,1.5417408,1.52472,1.5058535,1.5293909,1.5241895,1.5239203,1.5158898,1.5184655,1.5103974,1.527039,1.515017,1.5372556,1.5166031,1.5224526,1.5182317,1.5220739,1.5113268,1.5084335,1.5286961,1.5554993,1.5187985,1.5375347,1.5330545,1.5352374,1.5166858,1.535428,1.5221112,1.5104038,1.5340828,1.5459355,1.5303311,1.4975319,1.5156356,1.525256,1.5416987,1.5284973,1.5505211,1.5365844,1.4946132,1.5269742,1.5355109,1.5318782,1.5068984,1.5364145,1.524916,1.5052565,1.5044781,1.5345196,1.5257442,1.5267221,1.5149697,1.5083345,1.5502189,1.5325394,1.5262963,1.5136515,1.5293673,1.5145128,1.5292678,1.5065585,1.5026976,1.5236859,1.5206801,1.5288057,1.5193594,1.5280266,1.4938132,1.5204959,1.5391283,1.5171291,1.5158064,1.5224669,1.5458575,1.5349969,1.5333492,1.5221236,1.5372429,1.5218579,1.522132,1.5313245,1.5378567,1.5113221,1.5142149,1.5252256,1.5111196,1.5296663,1.5261272,1.5114677,1.5238576,1.5403239,1.5451226,1.5374312,1.5087389,1.5206072,1.5160533,1.5116076,1.5237797,1.5250355,1.5348601,1.5166306,1.53919,1.5081474,1.522248,1.5294706,1.5205746,1.5085354,1.5456028,1.5428264,1.5170779,1.5313356,1.5151582,1.4982396,1.527042,1.5431305,1.5281713,1.5200629,1.5086395,1.5389092,1.5496578,1.521359,1.5347186,1.504645,1.5309867,1.5200285,1.5591393,1.5128132,1.5035465,1.4926012,1.5463537,1.529374,1.5396401,1.5296686,1.5496541,1.503462,1.5421138,1.4955558,1.5228502,1.5228494,1.5181146,1.5095559,1.5256106,1.5414915,1.547184,1.5285662,1.5352478,1.5425732,1.5084841,1.5171105,1.5126032,1.5270998,1.5068215,1.522686,1.5134635,1.504092,1.5295832,1.5229741,1.5177573,1.53283,1.5268273,1.5264417,1.5168494,1.54801,1.5263977,1.535104,1.4989271,1.519633,1.5370176,1.5383886,1.5343528,1.5658023,1.53346,1.5176811,1.5579319,1.5250077,1.5308194,1.5189639,1.5323656,1.5335729,1.5360467,1.5522348,1.5260229,1.5379986,1.5313419,1.5532554,1.5337782,1.5350657,1.5239727,1.5260177,1.5381318,1.5432664,1.5360653,1.5354415,1.5283548,1.5275682,1.5108578,1.5207038,1.522141,1.487035,1.53145,1.5270485,1.5044049,1.4992074,1.5266978,1.537501,1.5202338,1.53225,1.5128762,1.5181278,1.5248274,1.5344994,1.5253743,1.5120791,1.5423329,1.525613,1.5304635,1.5156903,1.5408559,1.5568796,1.5334924,1.5307775,1.5349451,1.5097177,1.507904,1.5281006,1.5269606,1.541234,1.497223,1.5019625,1.5392972,1.5360224,1.5199429,1.5215062,1.5270549,1.5091484,1.5202659,1.5288925,1.5323795,1.523236,1.5321975,1.5234928,1.4966916,1.5203054,1.5232537,1.5281423,1.510167,1.5325968,1.5518856,1.5077735,1.5357326,1.5203046,1.5182214,1.5336726,1.5150791,1.5288016,1.5335093,1.5315394,1.530991,1.5272831,1.524528,1.5231959,1.5261016,1.5368226,1.5211256,1.491629,1.5252461,1.5119095,1.5206088,1.5240546,1.510834,1.4994768,1.5130286,1.5281821,1.5236952,1.5241464,1.5280808,1.534902,1.5427613,1.5231512,1.54932,1.5275129,1.5663805,1.5214251,1.526394,1.5264535,1.5092254,1.5085258,1.5296255,1.5456846,1.5350987,1.5192922,1.5169691,1.5266107,1.5194417,1.5267575,1.5236201,1.5180376,1.532692,1.52126,1.5039485,1.5285256,1.4815356,1.5354053,1.5262649,1.524401,1.5460888,1.5222235,1.5203563,1.5215318,1.534466,1.5336316,1.528474,1.5251212,1.5252159,1.5167656,1.5219957,1.5214291,1.5109519,1.5143722,1.533014,1.5227604,1.5444361,1.5301653,1.5146424,1.5280881,1.4962577,1.5304538,1.5571584,1.5150918,1.4952865,1.5415244,1.5337322,1.5212569,1.5296565,1.5297041,1.5391554,1.5207622,1.5196327,1.5275562,1.5256652,1.5020864,1.5371907,1.5204501,1.5117158,1.5263358,1.5137722,1.5242175,1.5225437,1.5195321,1.5117682,1.4930489,1.5366545,1.5234458,1.5180839,1.519232,1.5230205,1.5299612,1.5230064,1.5211622,1.5106488,1.5398747,1.5093766,1.5188638,1.5365458,1.5305825,1.5260623,1.5404979,1.5305085,1.5149572,1.5128809,1.5111463,1.54523,1.5153812,1.5180818,1.5258749,1.493866,1.521963,1.5321242,1.5403981,1.5152178,1.5209025,1.516409,1.5343934,1.5129247,1.5096755,1.5322869,1.5190872,1.5226332,1.5242218,1.5419664,1.5391018,1.5115722,1.5329471,1.5297208,1.5411004,1.52717,1.524614,1.5148555,1.522755,1.5176033,1.5072291,1.5118558,1.5190213,1.5249515,1.5199977,1.5313928,1.5461292,1.5147535,1.5176699,1.5217054,1.5178273,1.5221561,1.5282251,1.5207916,1.5440047,1.5186265,1.5482804,1.5293882,1.5234039,1.5375307,1.5258303,1.5296513,1.5357536,1.5342581,1.5270432,1.5370855,1.5334221,1.5227377,1.545004,1.5236448,1.524159,1.523608,1.512615,1.5420427,1.5043602,1.5398769,1.5261438,1.532621,1.5116261,1.5193702,1.5117987,1.5119162,1.5303601,1.5183657,1.5185045,1.5298638,1.4879553,1.5103127,1.5289984,1.528181,1.5017503,1.5041407,1.5097051,1.5309432,1.524204,1.5315617,1.517895,1.5291003,1.5216268,1.518948,1.5360672,1.5207994,1.5219961,1.5520555,1.5368239,1.5467402,1.5160835,1.5153074,1.5463,1.5230504,1.5290779,1.525805,1.5456039,1.5139847,1.5306761,1.5389369,1.5265478,1.5199207,1.502436,1.4912062,1.5210451,1.5358424,1.5438212,1.5236815,1.5368781,1.5181009,1.5159781,1.5299889,1.5108575,1.5258198,1.5094633,1.546932,1.5286934,1.5580593,1.5325707,1.5222764,1.5247027,1.4976054,1.5310804,1.5307155,1.5195141,1.5273275,1.5260705,1.5190417,1.5187435,1.5256265,1.5355914,1.5407205,1.5198798,1.5316057,1.5289878,1.5205902,1.5294194,1.5184749,1.5030336,1.5246905,1.536821,1.5339979,1.530172,1.5238165,1.5120009,1.5344375,1.5419511,1.5186555,1.5325325,1.5432364,1.5196215,1.5156419,1.5092325,1.5367967,1.5115238,1.5282905,1.5116811,1.5088661,1.521876,1.5146302,1.5099651,1.493059,1.5149294,1.5356271,1.531523,1.5412059,1.5171782,1.5068352,1.5088781,1.5132087,1.5174553,1.4885805,1.5279133,1.5322077,1.5258353,1.5179707,1.532733,1.5350986,1.5236495,1.5352736,1.5244378,1.5379542,1.5064144,1.5415844,1.5084919,1.5318872,1.5204716,1.5105475,1.5126595,1.5125388,1.5183142,1.5171603,1.5125858,1.508385,1.5035089,1.513086,1.5319715,1.5228779,1.52891,1.5151669,1.5213778,1.5356674,1.51319,1.5087751,1.5362486,1.5225394,1.5256281,1.5148729,1.5281485,1.5198975,1.5322238,1.515387,1.5106109,1.4978025,1.5234095,1.5242728,1.5199423,1.5312089,1.5297838,1.519836,1.5319672,1.5021803,1.4973856,1.5054127,1.541248,1.5209394,1.5306348,1.5309939,1.5300783,1.5196598,1.5214692,1.5390261,1.541436,1.527169,1.5218755,1.5210898,1.5184848,1.5273665,1.5132835,1.5201298,1.5152297,1.5434974,1.5330278,1.5446382,1.5310974,1.5318859,1.5382215,1.5425214,1.5354491,1.540485,1.5187262,1.515356,1.5252312,1.5383897,1.4921862,1.5300931,1.5165035,1.5041609,1.5192462,1.5145601,1.5141691,1.5377679,1.5279198,1.5303682,1.5087228,1.5347705,1.5078164,1.5156126,1.549506,1.5010933,1.530873,1.5386575,1.5147651,1.4919567,1.5143552,1.5199062,1.5108773,1.5475557,1.5533067,1.5096599,1.53152,1.5136502,1.508556,1.5266759,1.5378464,1.5187613,1.531016,1.5113846,1.5179358,1.5344206,1.5679524,1.5136006,1.5564066,1.5193404,1.5171452,1.5319124
1.3151631,1.3209871,1.3058454,1.3211347,1.2959031,1.3171235,1.3247901,1.3318852,1.326655,1.3055286,1.3298658,1.3249638,1.3127823,1.304805,1.3140558,1.3235018,1.3295801,1.3139324,1.2855414,1.3211706,1.3412058,1.3091192,1.3317192,1.3297678,1.3123807,1.3239484,1.3146442,1.3185575,1.3014783,1.3174609,1.3139877,1.3331959,1.3063176,1.3258563,1.3195544,1.3127997,1.3294864,1.3134328,1.2844883,1.3178879,1.3124162,1.3230821,1.3140373,1.3025137,1.3411555,1.3114432,1.3066071,1.329062,1.3318741,1.320726,1.310715,1.3348967,1.3526007,1.3078328,1.3143663,1.3232354,1.3272438,1.3252349,1.3191029,1.3291723,1.309824,1.3070892,1.3398262,1.3279331,1.3179749,1.3230135,1.3113792,1.3138177,1.3098146,1.3235714,1.3128109,1.3104327,1.3078891,1.3052863,1.3132095,1.3097309,1.3109338,1.3005354,1.292292,1.3303518,1.3316664,1.3411988,1.3037722,1.3129265,1.3135169,1.3166555,1.3177159,1.3192744,1.3329923,1.3257297,1.31278,1.3106228,1.335083,1.3197721,1.3121316,1.3256205,1.3201022,1.3259808,1.2943865,1.3217045,1.3422984,1.3106477,1.3194437,1.3242136,1.3169893,1.3164161,1.3036411,1.3310504,1.3279274,1.3095859,1.3240423,1.3044999,1.328083,1.3100464,1.3116043,1.3115509,1.3211395,1.3433284,1.3166344,1.3130018,1.3187217,1.3374228,1.3103784,1.3367392,1.3036978,1.3146312,1.3215225,1.313312,1.334383,1.333429,1.3266282,1.2905576,1.307362,1.3226969,1.3381692,1.3185796,1.3296701,1.3058951,1.3150709,1.2910622,1.3249414,1.315552,1.2955874,1.3135611,1.3275537,1.3176693,1.3416135,1.317734,1.3298383,1.3279526,1.3146614,1.3290699,1.3229074,1.2811601,1.2811618,1.326008,1.3298523,1.291979,1.3199008,1.3198404,1.3139793,1.321275,1.3119762,1.2995534,1.331407,1.3160741,1.305228,1.3136543,1.3396991,1.3162199,1.3224723,1.3345428,1.3201613,1.3459191,1.3328655,1.3272024,1.3125204,1.3227959,1.3119816,1.3261766,1.3242831,1.3307514,1.3232489,1.3323852,1.3275728,1.2942904,1.3012668,1.3089744,1.3242474,1.3036911,1.3392676,1.3283467,1.3342897,1.3115381,1.3142388,1.3201027,1.2992235,1.31539,1.3038836,1.3113456,1.3151441,1.3052274,1.3216811,1.3035865,1.3277391,1.3134719,1.329083,1.3101021,1.310453,1.2988613,1.310924,1.3200653,1.317078,1.3378276,1.3125194,1.3329412,1.3239298,1.3245668,1.3085489,1.3456253,1.3375881,1.322481,1.3280002,1.3387185,1.3169487,1.3306694,1.3135283,1.328677,1.3268709,1.3209783,1.3161,1.3023001,1.3194597,1.3301216,1.3330545,1.3045859,1.3224051,1.3120297,1.335757,1.2981473,1.3101748,1.3201642,1.3361479,1.3149618,1.3074715,1.3107111,1.2995423,1.3324972,1.3330594,1.3381649,1.3211741,1.3085587,1.304056,1.3038772,1.3046325,1.3356384,1.3155395,1.3146716,1.32129,1.3086238,1.293955,1.3260165,1.3278751,1.315854,1.3103001,1.3137096,1.3308657,1.3171892,1.3165295,1.2960514,1.3204654,1.3009768,1.3035434,1.31283,1.3187768,1.3225716,1.2962223,1.3229216,1.3270699,1.3215146,1.323707,1.3100032,1.3089054,1.3214607,1.3315544,1.3032591,1.3251753,1.3337889,1.3366804,1.3066702,1.2879736,1.3061589,1.3209836,1.3099531,1.332342,1.3120838,1.3270551,1.3091711,1.3302697,1.3197545,1.3200145,1.3290768,1.3114315,1.310923,1.3154143,1.3065314,1.2945737,1.3259938,1.326516,1.3004168,1.3069967,1.3351591,1.3137761,1.3059464,1.3041011,1.3547504,1.3062407,1.3191756,1.317699,1.3208373,1.317257,1.321495,1.3309767,1.3326236,1.324921,1.3130416,1.2980752,1.3380512,1.3268089,1.3448962,1.3126924,1.2974106,1.3220493,1.3294635,1.3215872,1.3143185,1.3231281,1.315299,1.3177762,1.3103051,1.3176007,1.3333697,1.3147037,1.3055506,1.3007836,1.2928379,1.3152618,1.3371428,1.3303568,1.3000046,1.3262509,1.3007412,1.3296669,1.3232512,1.3382663,1.309975,1.317442,1.3119473,1.333572,1.3399848,1.323155,1.302641,1.3143114,1.3446915,1.3413949,1.3328184,1.3363533,1.3144388,1.3417507,1.3068002,1.3205986,1.3007045,1.3329182,1.327146,1.3073004,1.3137543,1.3361157,1.3200469,1.3177856,1.3085744,1.314179,1.3437296,1.3217024,1.3243743,1.3008945,1.3242595,1.3060424,1.314115,1.3221474,1.2992151,1.3075403,1.3238282,1.3173935,1.3147821,1.3104854,1.2923281,1.3293539,1.3217877,1.3084042,1.3196049,1.3222556,1.3461375,1.3135321,1.3157955,1.3104559,1.3381504,1.302781,1.3304858,1.3219954,1.3305877,1.3105035,1.316566,1.3050143,1.3026161,1.348369,1.3180456,1.2979217,1.3188683,1.3078878,1.3243389,1.3281895,1.3157184,1.3153021,1.3094072,1.3302506,1.3134493,1.3316635,1.3227304,1.3162166,1.3445431,1.3046575,1.3362226,1.3100866,1.3223506,1.3024734,1.3306738,1.3225349,1.3252674,1.3226916,1.3053405,1.3129076,1.3319068,1.3290148,1.324202,1.3193934,1.3210536,1.3387758,1.3456373,1.3133924,1.313873,1.2921287,1.3131973,1.3208317,1.343392,1.297718,1.3104463,1.2975146,1.3109647,1.3279616,1.3290974,1.3215522,1.315067,1.3090361,1.3234462,1.300336,1.3205622,1.2955852,1.3355582,1.3072598,1.3209217,1.3200045,1.3250072,1.3201851,1.3249213,1.3234842,1.303603,1.32352,1.3203084,1.3033253,1.3142288,1.340952,1.3058053,1.3097808,1.3125019,1.3060696,1.3234855,1.3254614,1.3149775,1.3114169,1.3152664,1.3304477,1.3145722,1.3137001,1.3069006,1.3179997,1.3473284,1.3313113,1.3180108,1.3303831,1.325171,1.3185456,1.3423902,1.3308661,1.3377162,1.3033706,1.3364348,1.3155812,1.3308339,1.3427013,1.3173115,1.3350132,1.3226187,1.3268275,1.3167899,1.3158678,1.3286184,1.2992178,1.3377849,1.3156955,1.3172666,1.3319455,1.314122,1.3153017,1.3193067,1.30454,1.3279767,1.3076487,1.3236719,1.3194016,1.2983375,1.3129095,1.3242744,1.2999455,1.3166946,1.3090144,1.3008103,1.3226912,1.3122722,1.3260951,1.3283173,1.3035442,1.3320051,1.3042693,1.320892,1.30189,1.3205522,1.3479129,1.3116182,1.3026626,1.3123634,1.2988173,1.3150228,1.3359312,1.332279,1.3102282,1.3009696,1.319719,1.32703,1.3214633,1.3161297,1.3178227,1.3264419,1.3146379,1.3140419,1.3250365,1.3338311,1.3230909,1.3314327,1.321909,1.316457,1.3378403,1.3130729,1.3131845,1.3221313,1.3143134,1.3266296,1.3238784,1.3273271,1.309383,1.3338149,1.298362,1.3098576,1.3093271,1.310826,1.3399335,1.3314239,1.3136024,1.3129625,1.3263162,1.3030691,1.3299724,1.3464426,1.3051835,1.3187771,1.2992715,1.3119624,1.3409448,1.3164996,1.3191985,1.3267071,1.3098199,1.3339658,1.3087554,1.3181202,1.332798,1.3411149,1.3027152,1.3515855,1.3105835,1.344729,1.312979,1.3187228,1.3373014,1.3269117,1.298942,1.3207837,1.3376689,1.3156222,1.3110904,1.3262275,1.3239024,1.3443241,1.3325852,1.3085425,1.3205212,1.3301395,1.3065834,1.3072985,1.3055375,1.288439,1.3325385,1.3259336,1.3114417,1.3442823,1.3266463,1.3133276,1.3053097,1.3415257,1.3275094,1.3165845,1.3073094,1.3216183,1.3220769,1.3060678,1.3182789,1.3239418,1.3038324,1.3277893,1.3202758,1.3477145,1.3096597,1.3065767,1.3264347,1.3033136,1.3209943,1.3263876,1.3015497,1.3011297,1.3335295,1.323389,1.323468,1.3171662,1.3369184,1.3262085,1.3100861,1.3101617,1.3203481,1.3125378,1.2976403,1.327842,1.3224839,1.3057973,1.3193457,1.3176534,1.3178751,1.3079548,1.309896,1.3187692,1.3166434,1.3255054,1.3421954,1.3152888,1.3103743,1.3099647,1.3126585,1.3027012,1.3168014,1.3264003,1.3320881,1.3094687,1.3189943,1.3147308,1.2994981,1.3063679,1.3295032,1.3220494,1.3083918,1.3019797,1.3210825,1.3169961,1.3171068,1.3170792,1.317999,1.2974995,1.3269455,1.3119987,1.3138456,1.3249711,1.3070549,1.3277733,1.3275028,1.2993593,1.3024515,1.3257039,1.3187351,1.3158101,1.3147709,1.3352687,1.3455567,1.3102593,1.3230195,1.3080455,1.3261967,1.3268892,1.3136286,1.3152102,1.3267148,1.3233117,1.3093351,1.3048562,1.3239347,1.3173009,1.3279537,1.3121905,1.3205094,1.2993982,1.3380029,1.3141048,1.3207804,1.337844,1.332794,1.3162518,1.3382105,1.3165479,1.3145037,1.3135858,1.3024781,1.3218265,1.3457977,1.3390055,1.3256356,1.3334807,1.3250457,1.3280321,1.3209348,1.3159273,1.3272501,1.3195957,1.3077862,1.3061942,1.298121,1.313897,1.3020102,1.3328193,1.3119733,1.3202218,1.2890986,1.3112211,1.3243264,1.3121331,1.3291833,1.3253944,1.3149359,1.3182774,1.3064457,1.320876,1.3243684,1.3186622,1.2977768,1.3059989,1.3066926,1.3317548,1.3148583,1.3195148,1.3176295,1.3318257,1.3085883,1.3185841,1.3300925,1.3140334,1.3225951,1.3549398,1.3248358,1.3402172,1.3162231,1.3307012,1.3246516,1.3096088,1.3133842,1.3184129,1.3283653,1.31259,1.3135875,1.3335145,1.3090744,1.3031995,1.3159231,1.3017565,1.3221782,1.3089577,1.3036758,1.3108006,1.3229853,1.3399385,1.3193908,1.3234807,1.3143469,1.3152344,1.3055577,1.3298423,1.3243368,1.339203,1.3135608,1.3131679,1.3176043,1.3031396,1.3283596,1.3311079,1.319926,1.3335075,1.3140045,1.3085756,1.3157388,1.3006283,1.3207638,1.3328555,1.2985468,1.298724,1.2964603,1.3318002,1.3325243,1.320502,1.3027928,1.3181278,1.3292674,1.3211671,1.3261733,1.3128374,1.3245369,1.3291446,1.3118886,1.3230195,1.322224,1.3314823,1.3071184,1.3073206,1.3002537,1.32797,1.3135132,1.3055398,1.3026971,1.3046083,1.3149229,1.3085839,1.3253618,1.3031225,1.3094178,1.3246163,1.318069,1.3295434,1.3076853,1.318828,1.3062654,1.3175882,1.3166027,1.3103881,1.3122317,1.3237528,1.3350582,1.3045621,1.3194909,1.3242865,1.3158498,1.3201777,1.3324406,1.3337128,1.2975272,1.3470664,1.311235,1.3183308,1.314044,1.301156,1.3104092,1.2977909,1.3171419,1.3187246,1.2924939,1.331557,1.307295,1.2983723,1.3173513,1.3262781,1.3191956,1.313803,1.3109655,1.327123,1.2904196,1.2882829,1.3296878,1.3251369,1.3042554,1.3195106,1.3245981,1.3167585,1.3390943,1.319418,1.3197677,1.2972664,1.3310488,1.3143152,1.3196093,1.3150893,1.3137137,1.3292923,1.334777,1.3151274,1.3044268,1.3174863,1.3170934,1.3077576,1.3390442,1.3186661,1.2973688,1.306647,1.3135135,1.328692,1.3110279,1.3301307,1.3162087,1.313049,1.3276538,1.317476,1.2997286,1.3344222,1.3024206,1.3359952,1.3264753,1.335745,1.3303006,1.3209356,1.3167847,1.3378426,1.3150446,1.3160092,1.32885,1.3224996,1.3088671,1.3259529,1.2956452,1.3403956,1.3097376,1.3007618,1.3113436,1.3029265,1.3165132,1.3376865,1.329093,1.3115219,1.3228164,1.336212,1.3171511,1.3074931,1.321902,1.2833804,1.307983,1.332137,1.3312862,1.3031164,1.3176377,1.3152344,1.3069108,1.3308777,1.3292437,1.3097507,1.3441315,1.3195928,1.3212953,1.3180895,1.3274193,1.3079267,1.3216324,1.3258822,1.2983738,1.3103375,1.3472375,1.3268249,1.3393217,1.3125699,1.3284315,1.3140461
0.15176755,0.16423663,0.14480768,0.1510709,0.1629583,0.16173905,0.16190293,0.1299853,0.15168448,0.17206208,0.16502374,0.16305727,0.14109354,0.1581798,0.14346316,0.15833472,0.15914465,0.15540096,0.17309251,0.15749331,0.1628635,0.14900604,0.16943775,0.15078679,0.15473531,0.16391878,0.16060416,0.17468353,0.15274751,0.153503,0.15186952,0.17596678,0.16432929,0.12995577,0.16475123,0.15149964,0.15171045,0.16726443,0.15663943,0.1424112,0.16910149,0.17036684,0.16690487,0.16698314,0.15934435,0.15050445,0.14459497,0.1672622,0.16221765,0.15848723,0.14966944,0.17024083,0.17394811,0.15475531,0.15661731,0.14499544,0.15842755,0.15874384,0.17393178,0.16655686,0.14540958,0.15916055,0.17112197,0.16709137,0.1717611,0.1587558,0.14741212,0.15603451,0.15770504,0.15858358,0.1644142,0.16883194,0.16356887,0.14090516,0.16454735,0.14883965,0.15233448,0.15390477,0.1545476,0.16967203,0.15261032,0.15682133,0.1438629,0.1447835,0.14576133,0.14644432,0.16533531,0.17417459,0.16757469,0.15347908,0.16035178,0.15554535,0.17092054,0.15539856,0.1592262,0.16112779,0.16567335,0.15904671,0.1596959,0.14333922,0.15147783,0.15172029,0.15687186,0.16483614,0.15272105,0.15736406,0.16246347,0.156423,0.16380826,0.149784,0.15416253,0.17157388,0.14680678,0.15783593,0.15324014,0.1560854,0.17073627,0.14828816,0.15898967,0.15633726,0.16239125,0.15273722,0.14928544,0.14324251,0.15568449,0.14288151,0.19398785,0.1689319,0.1618454,0.14428067,0.15924737,0.14978524,0.14538965,0.17232732,0.17348568,0.155408,0.16806298,0.15916938,0.16727066,0.1523901,0.1558741,0.1641486,0.1670376,0.15241535,0.16977955,0.14180303,0.17719232,0.14638244,0.17048948,0.16331813,0.16729893,0.16217814,0.14535795,0.15734673,0.16204146,0.13803174,0.16582233,0.1425312,0.16326937,0.18080783,0.17221528,0.15334746,0.16434501,0.15319636,0.16362813,0.14728488,0.15951923,0.15752251,0.16567123,0.15364593,0.16499604,0.16036977,0.16958967,0.1636784,0.15365565,0.17005706,0.16977943,0.17213283,0.15716058,0.17046057,0.16194057,0.16620953,0.1674575,0.16004261,0.155502,0.15349329,0.1741345,0.16171888,0.14475824,0.15832329,0.15298137,0.14954405,0.16643417,0.16519836,0.1564742,0.14562339,0.14553168,0.15143105,0.14820787,0.16278113,0.16066083,0.15696084,0.17230766,0.14825939,0.16628522,0.16282722,0.16562107,0.15987903,0.15409943,0.16538541,0.14733975,0.15040159,0.15595698,0.1711052,0.14223829,0.15879177,0.1509389,0.16891274,0.16201311,0.15295985,0.1651833,0.15285611,0.1710463,0.15732655,0.1623145,0.16498291,0.15857911,0.1645179,0.16284844,0.16409639,0.15988927,0.14716198,0.13838513,0.16814655,0.1658563,0.1626434,0.16636606,0.1495189,0.15426941,0.15307373,0.16171055,0.17511004,0.14628577,0.15301923,0.16753845,0.15214014,0.16538343,0.15365511,0.16680738,0.1528783,0.16382943,0.15387928,0.1789485,0.14464517,0.15868007,0.15519135,0.14902082,0.1555298,0.15542361,0.15403211,0.13835385,0.17478135,0.15315041,0.15322617,0.15786196,0.16046983,0.1527889,0.14972557,0.14417411,0.17081195,0.17392035,0.16036662,0.1534095,0.17119199,0.18138187,0.16653079,0.15896632,0.15819265,0.1573859,0.15953133,0.16857368,0.17851895,0.15479195,0.163911,0.14845343,0.13179454,0.1497153,0.14493658,0.17452106,0.1660465,0.1431571,0.1405609,0.13355783,0.15170172,0.15591583,0.17121744,0.16140693,0.15823093,0.15030879,0.16086052,0.17545395,0.15341271,0.17533514,0.16878405,0.16550411,0.15576772,0.15947062,0.1568467,0.17138608,0.16101731,0.15187846,0.17640647,0.15330648,0.16361201,0.18032119,0.17022155,0.15565196,0.16246992,0.1731163,0.15549381,0.18449749,0.14510536,0.14783686,0.16888879,0.13655707,0.1506565,0.14854425,0.1466161,0.16913702,0.1466595,0.16463675,0.15996712,0.16908403,0.16639036,0.1548703,0.15200391,0.16940813,0.17496002,0.15812916,0.17374888,0.16214062,0.1474606,0.14659074,0.15201797,0.14619087,0.17081612,0.16119248,0.17296065,0.16488951,0.16692744,0.17467731,0.15931322,0.15617858,0.16073754,0.1467756,0.1697151,0.16712672,0.14821132,0.1470243,0.15396932,0.15105054,0.14918047,0.17248437,0.15315229,0.17201105,0.15641876,0.16675779,0.16149762,0.16542484,0.16096324,0.1578549,0.14930877,0.15971147,0.15765859,0.15164092,0.18265556,0.1478973,0.15704146,0.1629284,0.15296012,0.15504491,0.16443688,0.16100353,0.16036773,0.15486072,0.14141306,0.1628761,0.16708544,0.15438434,0.1524015,0.1481702,0.1643335,0.1636564,0.16954339,0.1684849,0.167515,0.15909085,0.14246464,0.16086875,0.15911482,0.17262463,0.15373953,0.13572055,0.15818757,0.16020145,0.17782062,0.14573921,0.15592581,0.14898461,0.15891385,0.15191644,0.13923092,0.16995646,0.1547068,0.16020542,0.15731685,0.15306847,0.14873555,0.16036278,0.16904661,0.17192774,0.16495249,0.15830965,0.16280934,0.15465693,0.16922602,0.15571353,0.15200397,0.15368567,0.1572681,0.16856468,0.19369125,0.16551499,0.16377866,0.15356244,0.17276025,0.15484023,0.1441172,0.13464645,0.14504845,0.16016042,0.16831319,0.15272509,0.14449686,0.17400359,0.1606459,0.15583025,0.1679888,0.16850862,0.16477555,0.14435662,0.15364015,0.17566392,0.16397521,0.16048038,0.14974642,0.16533133,0.17224647,0.17135413,0.15885445,0.15014827,0.16516717,0.18003814,0.14787073,0.16801597,0.16213644,0.15835904,0.14743894,0.1477541,0.16654037,0.16734797,0.16024324,0.15349492,0.15239277,0.14933679,0.17007408,0.17638052,0.1680999,0.16077185,0.15289168,0.14360312,0.16827804,0.15521312,0.16045086,0.15854529,0.16426009,0.15909636,0.16804445,0.1733288,0.16248208,0.16277497,0.17432629,0.14744247,0.17367567,0.15214196,0.16677408,0.16012639,0.15750504,0.1503401,0.16021962,0.14190936,0.16007186,0.16911654,0.17601222,0.14937088,0.1795337,0.13854516,0.16253635,0.16863441,0.16723818,0.14686884,0.16067107,0.15667957,0.16429387,0.13577382,0.17441922,0.1553114,0.15898898,0.13989937,0.14941749,0.1615452,0.17186649,0.14936168,0.15541834,0.1687919,0.155594,0.15848276,0.16204795,0.15015116,0.17620604,0.16562772,0.16356942,0.14976668,0.15922514,0.15866646,0.15067467,0.15806884,0.16333938,0.15322328,0.14986071,0.16129042,0.15218958,0.15006655,0.1662319,0.1629149,0.15523776,0.14581457,0.15525693,0.14434406,0.15839177,0.14396855,0.17368935,0.16464296,0.16254364,0.15793882,0.17761527,0.15725285,0.15097277,0.17393571,0.17349283,0.16784847,0.16237165,0.1655038,0.16314931,0.15845309,0.16219601,0.14345405,0.16056651,0.16258448,0.15557326,0.16661571,0.15906338,0.16068171,0.15339525,0.16559398,0.16134566,0.17357747,0.16121577,0.16615984,0.1562985,0.15482321,0.1445938,0.15879035,0.15095635,0.17727718,0.17619294,0.15806381,0.16111408,0.18048486,0.16831681,0.1570634,0.16581197,0.15881686,0.15442988,0.15758519,0.15393639,0.17849968,0.16234793,0.16222998,0.15550725,0.17168449,0.17500477,0.15793145,0.15905839,0.17015058,0.16266966,0.1629289,0.14705779,0.16267426,0.16464251,0.16619416,0.17833698,0.15726992,0.13768414,0.15553682,0.16436213,0.15959346,0.16406354,0.16019845,0.15996845,0.1687412,0.15519106,0.15842819,0.15956414,0.16679037,0.17413697,0.14134568,0.14651495,0.14633143,0.16205743,0.15236175,0.16736658,0.15413506,0.15981045,0.14955375,0.16227524,0.16174617,0.15771614,0.17875335,0.15649481,0.1455786,0.14132656,0.15960507,0.17427422,0.17499879,0.1600111,0.16583547,0.16360845,0.17469025,0.15605457,0.1743493,0.14771843,0.14980972,0.17564385,0.1637041,0.14593072,0.17067766,0.16587257,0.15687464,0.15485068,0.16821027,0.14493906,0.15066217,0.15463191,0.14572516,0.15554401,0.15012717,0.14010833,0.1576986,0.14836325,0.1565521,0.16606395,0.1550662,0.15118536,0.17487656,0.16694619,0.16698907,0.1521657,0.14560783,0.13793634,0.15945637,0.16526641,0.14551252,0.16587651,0.15989298,0.1497075,0.16526355,0.15865621,0.1548924,0.16597512,0.15913042,0.14336832,0.15051146,0.14602987,0.16143768,0.16115423,0.1544227,0.17156053,0.14783315,0.16003597,0.16825488,0.1614215,0.17242566,0.16398802,0.1586631,0.1573395,0.14862119,0.1638783,0.15695699,0.15551063,0.16250116,0.17086612,0.16971011,0.15503648,0.14070942,0.14841937,0.15669931,0.16217507,0.1588541,0.15781394,0.15843058,0.15730031,0.15465884,0.1687446,0.16145214,0.1562138,0.14185643,0.15343918,0.1390689,0.15201823,0.16148154,0.14481086,0.16075897,0.14120631,0.15378413,0.16127425,0.15791024,0.15933074,0.15809083,0.17105165,0.1496081,0.16028006,0.1441797,0.16482319,0.1689705,0.15684205,0.17457573,0.16429873,0.14563951,0.18182576,0.15307373,0.17667437,0.14869529,0.14923634,0.1586375,0.1701446,0.16110684,0.15685874,0.15010718,0.17023648,0.16079172,0.16844167,0.16185921,0.14118329,0.1611601,0.16375707,0.15674141,0.14358518,0.17793691,0.14761975,0.16130093,0.16672316,0.14834568,0.13837591,0.16403548,0.14344963,0.14370413,0.161394,0.16915108,0.16030233,0.15928124,0.15231362,0.17907274,0.16657595,0.16337101,0.15086511,0.15619235,0.16033937,0.17565984,0.16466023,0.1533162,0.16988063,0.17281714,0.14180878,0.15922892,0.17058395,0.1665503,0.14538307,0.16682586,0.14742102,0.15794483,0.15560974,0.1607244,0.1620503,0.16697939,0.16223997,0.16387129,0.15998213,0.14338969,0.1464237,0.15078607,0.15838745,0.14717789,0.16380559,0.16705693,0.15078476,0.15838371,0.15164432,0.1727526,0.16080262,0.15692568,0.17961252,0.1632661,0.165623,0.165638,0.1675907,0.17947844,0.17226572,0.14792484,0.17709072,0.14954317,0.18118891,0.15814126,0.15201586,0.1641212,0.16034518,0.16901484,0.14024746,0.15447722,0.16539818,0.15519238,0.15620594,0.15628459,0.17562032,0.14220548,0.15578716,0.16653468,0.16161759,0.18063684,0.16051462,0.16582903,0.15754798,0.15369102,0.16082932,0.15272468,0.15940005,0.15187281,0.15216736,0.15332496,0.16361369,0.16358638,0.15519726,0.16249686,0.1647932,0.14992587,0.16359104,0.15593612,0.1589528,0.15554853,0.15177245,0.16864327,0.14661148,0.16146669,0.165747,0.16216075,0.14813028,0.16956618,0.16275674,0.16807193,0.1585861,0.14930537,0.15581776,0.17151016,0.17859903,0.15669733,0.16165805,0.14344344,0.15184112,0.16152163,0.16347815,0.15746501,0.16888821,0.16556175,0.15901305,0.16455457,0.14412057,0.1683195,0.17970526,0.14935714,0.151137,0.15998684,0.17297965,0.14833435,0.16545482,0.16314533,0.17829849,0.14255086,0.15372278,0.15957302,0.1704615,0.1601786,0.15748279,0.16224214,0.15373135,0.15792221,0.17380834,0.16721128,0.17848301,0.16158767,0.15854716,0.14236557,0.14816368,0.15929833,0.16623071,0.16194782,0.15784396,0.15393308,0.16711596,0.15506884,0.1491834,0.16963524,0.17588952,0.15591517,0.14712666,0.16041157,0.14960858,0.14260261,0.16485238,0.17066804,0.17836058,0.17921805,0.15052047,0.15044285,0.15253448,0.1438906,0.154986,0.16734624,0.15306072,0.1517373,0.1475703,0.14571744,0.15726525,0.16398881,0.16553295,0.1914773,0.1357853,0.15678534,0.15887828,0.16503222,0.16592483,0.1455914,0.1426754,0.16160505,0.17363223,0.15624882,0.16401376,0.16286767,0.16752079,0.16748878,0.1715479,0.1670742,0.16848367,0.14886184,0.15509787,0.15865499,0.16184098,0.16387641,0.16814634,0.16855827,0.16283062,0.15209195,0.17339802,0.16720906,0.16611879,0.16482756,0.14696102,0.16950577,0.1622483,0.16164342,0.15926659,0.14935315,0.14851537,0.15171517,0.15093124,0.14108951,0.16192204,0.1672254,0.18026665,0.15358964,0.15035346
1.3875935,1.3600161,1.3823198,1.3875822,1.3720468,1.381886,1.3702897,1.3852139,1.373837,1.3825268,1.3863012,1.3884459,1.3745923,1.37876,1.3707906,1.392113,1.4027436,1.3740352,1.3473641,1.4084866,1.3869313,1.3830029,1.3923525,1.3985655,1.3735054,1.3871799,1.3746321,1.3716148,1.381529,1.381954,1.3720119,1.3838612,1.3707814,1.3734639,1.3773152,1.3760003,1.3982377,1.3820318,1.3795142,1.3794732,1.3765737,1.3858978,1.391696,1.3695508,1.4176663,1.3807349,1.3805221,1.3821034,1.3970115,1.3813648,1.3914776,1.3938574,1.4049871,1.3739607,1.3671398,1.368357,1.3698283,1.3976624,1.3810318,1.3762568,1.3758144,1.3699139,1.3921039,1.3828825,1.359801,1.3866262,1.3699487,1.383999,1.3677372,1.3816507,1.3702683,1.3767986,1.3907598,1.3644038,1.3681052,1.3728708,1.3695527,1.37541,1.3539022,1.3757416,1.3656859,1.397424,1.3604603,1.3766446,1.3884664,1.3679913,1.3899139,1.3676546,1.397088,1.3987945,1.3834394,1.3830543,1.387942,1.3858744,1.3828434,1.3800299,1.3611459,1.3863493,1.3587217,1.379658,1.3764722,1.3735466,1.366841,1.3760116,1.3981841,1.3884143,1.3582498,1.4016992,1.3978832,1.3750753,1.3803632,1.3981918,1.3895639,1.358142,1.369615,1.3715625,1.3823003,1.3694562,1.384432,1.3849438,1.3709137,1.3806708,1.390621,1.379756,1.375905,1.3736968,1.3886628,1.3813803,1.378319,1.380636,1.369562,1.3799435,1.3629876,1.386749,1.3839234,1.3895872,1.3666317,1.3643211,1.3841102,1.3827475,1.3819224,1.3601238,1.3751248,1.3766607,1.3950386,1.388462,1.3631577,1.3643227,1.3874935,1.3873867,1.3913522,1.383503,1.3705645,1.3763708,1.3520299,1.3928931,1.3812445,1.3817825,1.3883284,1.3715132,1.3768907,1.3813381,1.3947895,1.3787602,1.3875935,1.3916869,1.3865651,1.3782113,1.3698854,1.3807958,1.382475,1.3708644,1.3821555,1.3667595,1.404844,1.369641,1.3698822,1.3585347,1.3805615,1.3776448,1.3756015,1.3931533,1.3747373,1.390695,1.3802333,1.3816282,1.375781,1.3882565,1.3852828,1.3670354,1.3799103,1.4008906,1.3883578,1.3749449,1.3782133,1.393782,1.3675206,1.3883971,1.3801997,1.3757762,1.3810165,1.3801534,1.3833493,1.3779902,1.3824526,1.3836057,1.3855705,1.3692561,1.3804251,1.3620958,1.3972031,1.3858427,1.3855292,1.3757267,1.3732347,1.4101694,1.3728029,1.3818818,1.3849876,1.3888538,1.3905352,1.3845012,1.3775523,1.3926165,1.3935096,1.3797908,1.3862715,1.3831589,1.3930224,1.3680754,1.390491,1.3649876,1.3869146,1.3785453,1.3849112,1.3908309,1.380364,1.3788838,1.3810726,1.361783,1.3741791,1.3834484,1.4045124,1.3881894,1.3702933,1.37013,1.381008,1.3728076,1.3759954,1.377569,1.3718284,1.3760809,1.3671682,1.3726283,1.3862419,1.385871,1.3731133,1.368465,1.3717654,1.3741685,1.3842223,1.3898557,1.3703911,1.3715763,1.3602389,1.4042596,1.3911798,1.392249,1.394022,1.3662812,1.3611228,1.3624923,1.3540283,1.3595467,1.365882,1.3815964,1.3793983,1.3755513,1.389109,1.3700163,1.3882169,1.3732647,1.3784263,1.389458,1.4019967,1.3553077,1.3737872,1.3932573,1.3809568,1.3865439,1.3689244,1.3850663,1.3906507,1.3739818,1.3841407,1.388051,1.3803465,1.3717479,1.3968452,1.3982404,1.3870326,1.3955486,1.3618459,1.3746818,1.3716493,1.3682688,1.37334,1.3788095,1.3822205,1.3852134,1.3912698,1.3730445,1.365669,1.3669631,1.358125,1.4116333,1.3679272,1.3787099,1.3941158,1.3827444,1.3831335,1.3920249,1.3902681,1.379618,1.3731071,1.3876791,1.3777025,1.3817607,1.3766624,1.3778806,1.3792828,1.3940192,1.390948,1.3758032,1.3769797,1.3735528,1.3914454,1.3748133,1.3741899,1.3671004,1.3785125,1.3974272,1.384505,1.3748341,1.373348,1.368523,1.3618382,1.3850552,1.4031385,1.3725219,1.3993373,1.367826,1.3925797,1.3756223,1.4028015,1.3637354,1.3965626,1.3651549,1.3791677,1.4051726,1.3785309,1.3743148,1.3797287,1.389434,1.4008176,1.3891779,1.3817463,1.3767893,1.402586,1.3678753,1.378149,1.3673718,1.3940678,1.3767897,1.371265,1.4050226,1.3897934,1.3527975,1.3819314,1.386452,1.3788824,1.4030477,1.374319,1.3723246,1.3708222,1.3931781,1.381874,1.3694607,1.3694966,1.3612428,1.3941046,1.3772576,1.3785967,1.371988,1.3740821,1.360072,1.3920778,1.3694557,1.3886471,1.3859729,1.3898182,1.3910085,1.3919892,1.3814669,1.3653369,1.3900248,1.3654381,1.384829,1.4012027,1.3718543,1.3853954,1.3727988,1.3781404,1.3686775,1.3960905,1.3656403,1.3692067,1.3752528,1.4012372,1.3883436,1.3903732,1.3746483,1.376104,1.370586,1.3717321,1.3658584,1.3650503,1.3821118,1.381546,1.3801041,1.3801146,1.3720926,1.3928703,1.3751935,1.3989058,1.3803447,1.3927815,1.3736545,1.3974043,1.3563594,1.3603367,1.3839662,1.3909751,1.3903855,1.3860378,1.3825864,1.3805906,1.4195845,1.3840985,1.3752081,1.3842071,1.3794409,1.3927152,1.385051,1.3694532,1.3986497,1.3560778,1.3670032,1.3778515,1.4026483,1.366026,1.3879296,1.3701957,1.3879833,1.3724102,1.3815352,1.3748695,1.3869328,1.380991,1.3740797,1.3865876,1.3736833,1.3629048,1.385993,1.3760424,1.3646065,1.3963999,1.3639629,1.3765111,1.3827906,1.3933835,1.3844631,1.375397,1.3718868,1.3901236,1.3887019,1.3843765,1.3847309,1.3874506,1.3797721,1.3815379,1.3671154,1.3781502,1.3760939,1.3810061,1.3922453,1.3902329,1.3747184,1.4073775,1.3748665,1.384441,1.4015956,1.3869638,1.3767395,1.3779348,1.3917129,1.3731205,1.3957819,1.3905112,1.3722992,1.3733488,1.3818678,1.3759037,1.397061,1.377207,1.3680879,1.3664938,1.4019573,1.3655094,1.387727,1.3723178,1.405694,1.3790544,1.3933856,1.3729098,1.3657229,1.3676314,1.3838096,1.3856534,1.3752779,1.3579303,1.3631775,1.3771018,1.3802633,1.3789961,1.365631,1.3830367,1.3811164,1.382603,1.3832515,1.3597436,1.3778977,1.3727536,1.3959601,1.3624924,1.3843721,1.396997,1.368083,1.3707424,1.3803422,1.3603619,1.3714405,1.387131,1.387419,1.3875391,1.3968747,1.38997,1.3664992,1.3772429,1.3727003,1.3668957,1.3686693,1.3672189,1.3735853,1.3730549,1.403883,1.3918281,1.3883177,1.3894527,1.3739649,1.4014866,1.37435,1.4026082,1.3773097,1.3866428,1.3881583,1.3799068,1.3759081,1.3693893,1.3910155,1.3852384,1.3803287,1.3610928,1.368508,1.3824065,1.3900372,1.3848277,1.3698153,1.3858125,1.3751421,1.382607,1.4057771,1.3660495,1.3866658,1.3751838,1.3719466,1.3820841,1.3862455,1.3813535,1.3667413,1.3734974,1.3870448,1.3662285,1.3870841,1.3861217,1.4015173,1.380366,1.3891007,1.3826523,1.4137189,1.3648276,1.3699757,1.3848763,1.3692844,1.3688186,1.3885456,1.3879344,1.378392,1.3824259,1.4037681,1.4092158,1.4018059,1.392991,1.3834914,1.4030311,1.3862607,1.3777287,1.3778,1.3726732,1.3564516,1.3944662,1.3852509,1.3739187,1.3709549,1.387287,1.3836378,1.3851472,1.4007577,1.3706977,1.3781134,1.3717018,1.3820925,1.3762096,1.3768791,1.3962092,1.3931715,1.3775588,1.3833005,1.362902,1.3948901,1.3891883,1.3692104,1.3672096,1.3671671,1.3876588,1.3880768,1.3629069,1.3501568,1.38641,1.4068496,1.3785123,1.3715968,1.3880548,1.3660712,1.3914452,1.3862349,1.3865908,1.3916687,1.3783698,1.3742088,1.3802689,1.3846701,1.3740474,1.3694196,1.3936203,1.4001276,1.3894645,1.3833301,1.3833781,1.3674818,1.3777028,1.3790294,1.3845892,1.3735677,1.3959663,1.3769408,1.3800026,1.3817469,1.37466,1.3776692,1.3964283,1.3747091,1.3729583,1.369954,1.3822881,1.3830858,1.3916149,1.3784022,1.3698912,1.3879946,1.3702796,1.3710295,1.3699063,1.3670232,1.3806295,1.3739208,1.3661718,1.4063588,1.3943881,1.3802736,1.3649855,1.3824779,1.4007492,1.3809344,1.3811243,1.4031017,1.3734812,1.392576,1.3843303,1.3813338,1.386141,1.378596,1.3947957,1.3817731,1.3933954,1.393621,1.3951683,1.3693885,1.3689201,1.3687462,1.3893852,1.3926265,1.3856081,1.3885719,1.383269,1.3746253,1.3811727,1.3778569,1.3901001,1.3734719,1.3668495,1.3992907,1.3881768,1.3737531,1.37509,1.3856962,1.3732126,1.3741269,1.3811022,1.3842999,1.3959019,1.3878857,1.3857571,1.3720492,1.3841407,1.3858467,1.3785106,1.3809006,1.3960248,1.3689709,1.3666874,1.4013374,1.3629727,1.3925205,1.375438,1.3941398,1.3569586,1.3742708,1.3614627,1.3589054,1.4102892,1.3903555,1.3830744,1.377939,1.373704,1.385424,1.3820555,1.3972224,1.3869737,1.3691953,1.3791305,1.3680127,1.3702387,1.375554,1.3829598,1.3841213,1.3792742,1.3796157,1.3802896,1.3750201,1.3895534,1.4147962,1.3723946,1.3777448,1.3602693,1.3858391,1.3673928,1.3640653,1.3713757,1.3795152,1.3919288,1.3704438,1.3810006,1.3956683,1.3739859,1.3689257,1.3594353,1.3728381,1.3783886,1.3800471,1.3846098,1.370238,1.3790307,1.3703576,1.386088,1.397575,1.3645278,1.3653451,1.3651807,1.3808386,1.3910004,1.4035114,1.3786209,1.390992,1.383544,1.3588952,1.3765439,1.3995048,1.3656553,1.3968316,1.3846575,1.3702052,1.378923,1.3742915,1.3609971,1.3844205,1.3607696,1.3772818,1.3769107,1.3763072,1.3777956,1.3827928,1.3848407,1.3712559,1.3747988,1.4033787,1.3684738,1.3693789,1.3754232,1.3887519,1.3787229,1.3814118,1.381,1.3683093,1.3750026,1.383804,1.3765119,1.3704573,1.3666329,1.3884372,1.3649598,1.370077,1.3751024,1.3774815,1.3883972,1.3546553,1.3827331,1.4036763,1.369493,1.3854191,1.3697567,1.3671188,1.3688227,1.4008777,1.3724749,1.3714418,1.3841764,1.3690245,1.3717327,1.3740705,1.3805125,1.3780745,1.3812064,1.3848412,1.3728153,1.3953047,1.3667846,1.4085401,1.3784498,1.364614,1.3900435,1.3813144,1.374309,1.3878918,1.3774223,1.3753213,1.3801914,1.3863124,1.3810838,1.3779218,1.3757843,1.3663423,1.38581,1.3739299,1.3908008,1.3904754,1.3747603,1.374329,1.3804914,1.3716471,1.3693935,1.383701,1.3806738,1.3930072,1.3786197,1.376936,1.3817543,1.3576989,1.3893337,1.383619,1.3721493,1.3893524,1.3845513,1.3854432,1.3760661,1.3724527,1.3701037,1.3911082,1.3750775,1.383919,1.4064772,1.3914188,1.375772,1.3669169,1.3937367,1.387605,1.3800243,1.381796,1.3537753,1.3925802,1.3634447,1.3775228,1.385702,1.3932649,1.375298,1.4070042,1.3729931,1.3844988,1.3902059,1.3905938,1.3942548,1.3930856,1.3833697,1.3938549,1.370405,1.3670539,1.3787622,1.3805209,1.3737206,1.3826402,1.3670926,1.370142,1.3719333,1.3785186,1.3559179,1.4001176,1.3912287,1.3926916,1.3757864,1.3858232,1.3694077,1.3912443,1.3885747,1.3690362,1.3883644,1.3656301,1.3748354,1.3731089,1.384342,1.3820931,1.3842113,1.3834324,1.3931139,1.3795178,1.3841552,1.3623325,1.3716335,1.3787347,1.397121,1.3753979,1.3883705,1.3853277,1.366791,1.3856422,1.3961037,1.3908355,1.3871454,1.3739471,1.3812617,1.390991
1.3795701,1.3438776,1.3775176,1.3936983,1.3554873,1.3691329,1.3478613,1.3850152,1.3538632,1.3558733,1.3767108,1.3751762,1.3493958,1.3749995,1.3663925,1.3618767,1.3773465,1.3800944,1.3580993,1.3546994,1.3797542,1.3811877,1.3866004,1.3823521,1.3669288,1.3832201,1.356295,1.3594189,1.3557274,1.3674971,1.3651209,1.3689306,1.3534579,1.3502042,1.3620833,1.3875328,1.3708633,1.3547308,1.3388922,1.3766986,1.3683543,1.3431736,1.3784163,1.3655897,1.3696455,1.3867568,1.3888369,1.3630719,1.3735219,1.3676915,1.360524,1.3715391,1.3845664,1.3933461,1.3652173,1.3811553,1.360326,1.3638277,1.3573678,1.3546417,1.3610753,1.344619,1.3667072,1.3534368,1.3485955,1.3864542,1.3760617,1.3791794,1.3860115,1.3817996,1.3562033,1.3596581,1.3730745,1.3815252,1.3489969,1.3710608,1.3573945,1.3687013,1.352867,1.3897008,1.35999,1.3640287,1.3495351,1.3740776,1.3816967,1.364698,1.3791026,1.3553989,1.3878595,1.3814151,1.3678418,1.367045,1.3859562,1.3740112,1.3484049,1.3553169,1.3587009,1.3672599,1.3521866,1.366881,1.3864527,1.358083,1.3588363,1.3691871,1.3493975,1.3922842,1.3607612,1.3741963,1.3784778,1.3751554,1.3782763,1.3799891,1.3624823,1.3319256,1.3545462,1.3602957,1.3545486,1.3557396,1.376779,1.3849616,1.384019,1.3792423,1.3910886,1.3990262,1.3647257,1.3795928,1.3719063,1.3709419,1.3649926,1.3680491,1.3808323,1.3664963,1.3613117,1.377161,1.358816,1.3656058,1.3796836,1.3631654,1.3730745,1.3625954,1.3834841,1.3480641,1.3456528,1.3645012,1.3914067,1.3755304,1.3572073,1.3598009,1.3804954,1.3597094,1.3745352,1.3835074,1.3716153,1.3549613,1.3630223,1.373827,1.3562541,1.3655441,1.3607868,1.3570296,1.3467057,1.3704746,1.3788148,1.3777292,1.3632873,1.3766365,1.3726715,1.3606565,1.3610736,1.3663511,1.3599535,1.3647922,1.3657159,1.3606502,1.3917543,1.3529229,1.3507373,1.3532516,1.379093,1.3612124,1.3666217,1.3538347,1.3671134,1.3780631,1.3563967,1.3681927,1.3823352,1.3830472,1.3831795,1.3590268,1.3825594,1.3667718,1.3652618,1.3569605,1.3805864,1.3829004,1.3612932,1.3777306,1.3651698,1.3591156,1.3964152,1.3801953,1.35716,1.3702663,1.3536412,1.37523,1.3445662,1.3511677,1.3704927,1.3863539,1.3792624,1.3700724,1.3634713,1.3620832,1.3611629,1.3801056,1.3599997,1.3515744,1.3556504,1.3750583,1.3720013,1.3636771,1.3447187,1.368115,1.3606892,1.3589909,1.3867426,1.377772,1.3653028,1.3685045,1.3829153,1.3685013,1.3674947,1.3864735,1.3843529,1.3740991,1.3653603,1.3679628,1.3787402,1.358843,1.352463,1.3675672,1.3932502,1.3738194,1.373673,1.3571814,1.3877709,1.3458105,1.3576484,1.3488221,1.3766259,1.363692,1.3421162,1.3635614,1.3825384,1.3748568,1.3733475,1.3666761,1.37048,1.3758227,1.3693998,1.3641723,1.3578656,1.3679434,1.3550117,1.3678381,1.3723669,1.3736571,1.3798673,1.3636996,1.3825214,1.3621175,1.3657105,1.3641429,1.3394039,1.3667005,1.3850071,1.3762238,1.3579972,1.3816129,1.3486886,1.3754365,1.3554461,1.3696585,1.3784152,1.3613708,1.3565651,1.3506665,1.3442054,1.3694373,1.3689864,1.3643745,1.3633542,1.3762177,1.3637626,1.364602,1.364064,1.3930944,1.370544,1.3579881,1.3624424,1.3838671,1.3416173,1.3694063,1.3659362,1.368664,1.3663564,1.3795929,1.3619169,1.3855411,1.3726314,1.3780779,1.348631,1.3584001,1.3610522,1.3871492,1.3660918,1.3441969,1.3701602,1.3863374,1.3708596,1.3881042,1.3704451,1.3819826,1.3524917,1.3842695,1.3659002,1.3741575,1.3645766,1.375995,1.36676,1.3552282,1.375058,1.3576335,1.37238,1.3526418,1.3658143,1.3691124,1.3525108,1.3657146,1.3878102,1.3703014,1.3725989,1.3502259,1.3993552,1.3592373,1.3564881,1.3741263,1.3901314,1.366746,1.3610646,1.3654405,1.3687826,1.3604255,1.3653615,1.3463202,1.3709501,1.3513113,1.3743114,1.3906909,1.3531506,1.3770658,1.372278,1.3776302,1.3575437,1.3749205,1.3701744,1.3627723,1.3653741,1.3604842,1.3628473,1.3672636,1.3767371,1.3568156,1.3598343,1.3801033,1.3949873,1.3587148,1.3636196,1.35675,1.3541209,1.3824778,1.3599863,1.3647833,1.3630383,1.3779621,1.3711545,1.3729182,1.3573239,1.3780986,1.3789617,1.3625126,1.379941,1.3784349,1.3600994,1.3767799,1.3807688,1.3768393,1.36953,1.363949,1.3716502,1.3822343,1.3827871,1.3821079,1.347893,1.3492386,1.3747244,1.3844154,1.3789973,1.3758317,1.387671,1.3576156,1.3925377,1.3934551,1.3452678,1.3734288,1.3577206,1.3706033,1.3801389,1.3601192,1.3826114,1.3679026,1.3729222,1.3624401,1.3651137,1.3738573,1.3637369,1.376165,1.371049,1.359414,1.3778098,1.3508744,1.3886476,1.3702666,1.3664651,1.3677082,1.3898746,1.3628061,1.3933159,1.3708735,1.356249,1.3760246,1.3786935,1.3733461,1.3762382,1.3459132,1.3811642,1.396809,1.3637811,1.3655174,1.3735775,1.372368,1.3879049,1.3861018,1.3673903,1.363904,1.3381866,1.370322,1.3658526,1.3725892,1.3725096,1.3674477,1.3533978,1.3815471,1.3401557,1.3784431,1.373594,1.3785352,1.3475854,1.3538748,1.3683083,1.3692404,1.3630239,1.3661834,1.3712791,1.3738843,1.3558949,1.3647634,1.3748125,1.3823233,1.388742,1.361065,1.364212,1.3638858,1.3639596,1.3766903,1.3918567,1.3602924,1.3543191,1.372606,1.3739555,1.3749923,1.3590245,1.3450403,1.3647134,1.3867004,1.3823781,1.3715746,1.4010543,1.3770242,1.371644,1.3768896,1.3720827,1.3729881,1.3761446,1.371968,1.3541929,1.3802655,1.3608159,1.3516754,1.3698114,1.358113,1.3595768,1.3704158,1.3643749,1.345272,1.3580263,1.3779039,1.3754044,1.3760443,1.3724933,1.3593822,1.3820571,1.3620455,1.3600677,1.36139,1.3622881,1.3704376,1.3784789,1.356732,1.356756,1.3574498,1.3749253,1.3480674,1.381535,1.3578354,1.3755485,1.3647466,1.3673416,1.375559,1.3665577,1.3763199,1.370399,1.3633082,1.3637539,1.3637314,1.3749712,1.3652551,1.3721017,1.3799752,1.3669698,1.3815877,1.3513229,1.3735179,1.3798773,1.3530385,1.3677328,1.3698437,1.4019403,1.3616195,1.3622379,1.3621264,1.3644953,1.3653481,1.3648258,1.3650937,1.3962046,1.374896,1.3564472,1.3818735,1.3749046,1.378972,1.3699607,1.3591571,1.3871746,1.3816836,1.3687013,1.3713222,1.3804584,1.3717,1.3635426,1.3734521,1.3677418,1.3550341,1.3514142,1.363311,1.3667408,1.3573515,1.3485274,1.3721339,1.3661581,1.3713102,1.3590705,1.3747436,1.3528935,1.3750892,1.3549021,1.3777893,1.338683,1.3630655,1.3578541,1.3629506,1.3606924,1.382361,1.3725053,1.3871671,1.366254,1.3796614,1.391359,1.3714255,1.3529563,1.37213,1.3727528,1.3572505,1.3702387,1.3613982,1.3995699,1.3627865,1.3445157,1.3860664,1.377017,1.3767276,1.370675,1.3730506,1.3732411,1.3655996,1.3750163,1.336274,1.3741443,1.3552806,1.4113222,1.3587096,1.3675807,1.3619888,1.378714,1.3742597,1.346065,1.3878943,1.354047,1.3692819,1.3581845,1.3757563,1.3704374,1.3605037,1.3868067,1.3545766,1.3689213,1.3869748,1.3601949,1.3732924,1.3782527,1.347524,1.3829939,1.3721282,1.366425,1.3776785,1.3696917,1.3373456,1.3647639,1.3970336,1.3590322,1.3766471,1.356232,1.3855788,1.3740745,1.3828146,1.3730376,1.3812326,1.3698406,1.3704365,1.3587965,1.3678123,1.3394938,1.3623098,1.3619726,1.3734816,1.3455904,1.3624609,1.3717332,1.3709527,1.364587,1.3540726,1.3702949,1.3593552,1.4089572,1.3792036,1.3603017,1.3612446,1.3684969,1.3692018,1.367333,1.3732773,1.3687943,1.3674845,1.3923827,1.380653,1.3682232,1.35081,1.3803246,1.3836005,1.3540103,1.3638061,1.3633118,1.348446,1.3687828,1.3672174,1.3818604,1.3792169,1.382883,1.3618118,1.3619769,1.3534255,1.3742857,1.380685,1.3728983,1.3887714,1.3525876,1.3843538,1.3520024,1.3824333,1.3597726,1.3766854,1.392605,1.3640344,1.3633264,1.3790339,1.3892604,1.387853,1.3707547,1.3796604,1.3669173,1.3765213,1.3651432,1.3764552,1.3827249,1.3675791,1.3563408,1.3559593,1.369756,1.3817403,1.3565377,1.3775749,1.3734157,1.3654208,1.3606548,1.3848113,1.3626602,1.363423,1.3619112,1.3669533,1.3737085,1.3745229,1.381065,1.3993592,1.383454,1.3533818,1.3415926,1.3973205,1.3834573,1.3709284,1.3789989,1.3676882,1.370626,1.350662,1.3678279,1.3520013,1.3700609,1.3537164,1.3601698,1.343847,1.3852543,1.3690915,1.3677381,1.3669503,1.3627299,1.3637533,1.3665415,1.3841277,1.3840775,1.3536372,1.3649079,1.3644419,1.3734158,1.3801255,1.3897564,1.3610157,1.3856276,1.3678902,1.3838657,1.3747499,1.3654308,1.4054058,1.357991,1.3638632,1.3669829,1.3392636,1.3680168,1.3893865,1.3611784,1.3818573,1.3730062,1.3677596,1.3550609,1.3691169,1.3684864,1.3644505,1.35322,1.3678783,1.3549604,1.3720444,1.3675681,1.3904747,1.3988131,1.3530406,1.3748801,1.3793198,1.3734993,1.3831781,1.363117,1.3594329,1.3523201,1.3722026,1.3533256,1.3700937,1.3752992,1.360325,1.365989,1.3623194,1.3549101,1.377591,1.3647852,1.3685564,1.3804097,1.3755896,1.3453993,1.371232,1.3737112,1.38139,1.3919235,1.3717031,1.368099,1.3654886,1.3401384,1.3681495,1.3720214,1.3675948,1.3699763,1.3851681,1.3639861,1.375177,1.371263,1.3807161,1.379649,1.3505739,1.3665371,1.371279,1.3663949,1.3897846,1.3672726,1.360153,1.3622074,1.3565645,1.3528881,1.3761283,1.3739606,1.3585951,1.3569795,1.3870695,1.3752754,1.3725193,1.3640759,1.3703501,1.3693486,1.381479,1.3640472,1.3505003,1.3610407,1.3701004,1.3583744,1.3705059,1.367943,1.3686469,1.367982,1.3612622,1.3607688,1.3695557,1.3604403,1.3627721,1.3749337,1.3603935,1.3700137,1.3708194,1.390758,1.3893118,1.3837899,1.3694495,1.367106,1.3716741,1.3684647,1.3826214,1.3783792,1.3666854,1.3729349,1.3591063,1.3639705,1.3717372,1.38272,1.360819,1.3861052,1.3692526,1.3661153,1.3503295,1.3765931,1.3610679,1.3830003,1.3545015,1.3526142,1.345194,1.375721,1.3780997,1.3823091,1.3726372,1.3694022,1.3582412,1.3716722,1.3614994,1.3494898,1.3753796,1.3621147,1.372096,1.3637754,1.3732675,1.3643547,1.3671767,1.3692968,1.3708283,1.3676894,1.3739628,1.3677013,1.3857024,1.3624626,1.3766452,1.3608158,1.3483799,1.372866,1.3706596,1.3676996,1.3866038,1.3591368,1.3924329,1.372266,1.3746905,1.3723264,1.3738412,1.3390268,1.3471715,1.362618,1.365744,1.3672858,1.3490624,1.3689315,1.380424,1.3522236,1.3891152,1.347641,1.3551103,1.3634627,1.3818188,1.3763255,1.364127,1.3613429,1.3833266,1.3769255,1.3713404,1.3587682,1.3534846,1.3405379,1.3662571,1.3635664,1.3626195,1.3521987,1.3752166,1.3832945,1.3680948,1.382165,1.3753395,1.3746562,1.3843497,1.3591056,1.3662972,1.3837886,1.3744969,1.3681345,1.3556305,1.3803663,1.3926715,1.3699856,1.3684667,1.3675272,1.3791703
1.4288867,1.4357316,1.4381441,1.4283755,1.4161359,1.4417763,1.4559016,1.4416921,1.4418072,1.4203345,1.4383938,1.4296535,1.4195191,1.4362236,1.433209,1.4264925,1.4297615,1.4304429,1.4151524,1.4219825,1.4075421,1.4298484,1.4200524,1.4235456,1.4363468,1.429939,1.4358985,1.4326154,1.4345586,1.4378173,1.4052297,1.4230441,1.4252722,1.4131573,1.4267442,1.4385091,1.4194989,1.4411958,1.3997076,1.4352653,1.4393314,1.4064289,1.4415926,1.4147289,1.4309304,1.4289571,1.4317662,1.4349031,1.440877,1.4358205,1.4314973,1.4361182,1.4407066,1.4249887,1.417845,1.4292443,1.4383727,1.4234883,1.4416711,1.4247174,1.4489752,1.4061947,1.4261612,1.4230416,1.4307864,1.4342996,1.4272059,1.4270105,1.4363585,1.4361097,1.4201651,1.4231293,1.430883,1.4310962,1.4293718,1.4103041,1.4200907,1.402366,1.4362723,1.449555,1.4183993,1.427625,1.4136386,1.4323397,1.4375302,1.4362053,1.4505302,1.4359608,1.4236658,1.4278309,1.4397376,1.4273803,1.439341,1.4410781,1.4368775,1.4243369,1.4125997,1.4412458,1.4409415,1.4249545,1.438851,1.430593,1.4218988,1.4360871,1.4233803,1.4425299,1.4182862,1.432046,1.4414003,1.421417,1.4330775,1.4294119,1.4244959,1.4253643,1.4595622,1.4335072,1.4312586,1.4350266,1.4283391,1.4271793,1.4345478,1.4366698,1.4400685,1.4309583,1.4236957,1.4215149,1.42763,1.4229852,1.4193317,1.4426627,1.4224381,1.4254107,1.4264638,1.4417375,1.4422898,1.4425597,1.4250911,1.4096833,1.4321706,1.4297866,1.4398875,1.4193231,1.4126174,1.4213876,1.451637,1.4328529,1.4311523,1.4340086,1.4304246,1.4224298,1.4252083,1.4387512,1.4266946,1.4195071,1.4133301,1.4423602,1.4231272,1.4131647,1.4178189,1.430782,1.4087248,1.434564,1.4262195,1.4067775,1.4467671,1.4242084,1.4446532,1.4414877,1.4470856,1.4262571,1.4191598,1.4239501,1.4165179,1.4615133,1.4454107,1.4578207,1.4192948,1.4331738,1.4182234,1.4247441,1.44025,1.4224236,1.4352664,1.4207217,1.4216751,1.415674,1.4244679,1.4250835,1.4250071,1.4204493,1.4340122,1.4226266,1.4428654,1.4150625,1.4350067,1.4427704,1.4098394,1.4555366,1.4321773,1.4242994,1.4343021,1.422583,1.4356292,1.4188222,1.432337,1.443553,1.4178102,1.4164165,1.4255934,1.423569,1.4231397,1.4200792,1.43764,1.4445744,1.4307986,1.4410123,1.4355141,1.4295765,1.42621,1.4463522,1.4243746,1.4265349,1.4320349,1.4334277,1.4314249,1.4397836,1.4364501,1.4346313,1.4267153,1.4302638,1.4300934,1.4212391,1.4375805,1.4480366,1.4253565,1.4096403,1.4214036,1.4004978,1.4398735,1.4263635,1.4243057,1.4120598,1.4549471,1.4297143,1.411913,1.4352151,1.4384675,1.4221482,1.4416392,1.4206842,1.4259027,1.4284734,1.4194822,1.4154285,1.4196686,1.4265673,1.4177557,1.4061837,1.4271581,1.4276628,1.4229654,1.4314995,1.4427195,1.4209952,1.4371215,1.4492056,1.4430333,1.4502267,1.4394013,1.4132668,1.4375888,1.4389129,1.4185675,1.4237312,1.4160345,1.425577,1.4286538,1.4338511,1.4485276,1.4348593,1.4414395,1.4233801,1.4281278,1.4221098,1.4584467,1.42124,1.4164411,1.4243333,1.4280572,1.4125705,1.4420326,1.4277167,1.4235321,1.4242662,1.4224386,1.4298687,1.417315,1.4500619,1.4221238,1.419041,1.4170487,1.4393884,1.4366524,1.4125253,1.4171537,1.4351668,1.4367386,1.4299091,1.4371854,1.4216834,1.4344809,1.4150414,1.433866,1.4363421,1.4025887,1.4247943,1.4134958,1.4255741,1.424733,1.4152524,1.4241272,1.4396683,1.4458392,1.4106349,1.4039937,1.422468,1.4265009,1.4439713,1.4267603,1.443934,1.4147367,1.4214624,1.4377674,1.4316372,1.424665,1.4264334,1.4257234,1.4397665,1.4339672,1.4309126,1.4304053,1.4303252,1.4158282,1.4323063,1.4260513,1.4186357,1.4200071,1.4286491,1.4540808,1.4249241,1.4477744,1.4203594,1.4373596,1.4216744,1.4233316,1.4194163,1.4181798,1.4310682,1.447882,1.437735,1.430452,1.4156909,1.4126794,1.441218,1.4348239,1.4229391,1.4593097,1.4334215,1.4445043,1.4472497,1.433738,1.4227834,1.4086859,1.4325737,1.4385816,1.4036254,1.4299413,1.4493204,1.4147646,1.412093,1.434748,1.4431903,1.4282379,1.4331825,1.4368489,1.4154778,1.428557,1.4183476,1.4341984,1.4244149,1.4346089,1.4247959,1.4246275,1.4257618,1.4190341,1.4220524,1.4357752,1.4232472,1.4332258,1.4336166,1.4255922,1.4314746,1.4385239,1.4281113,1.400116,1.4201928,1.4301249,1.4454972,1.4192876,1.4402176,1.4463524,1.4547527,1.4164598,1.4182081,1.4272325,1.4318091,1.4187901,1.4456718,1.4153193,1.4340632,1.4379346,1.4324908,1.426604,1.4196383,1.4366016,1.4278957,1.4293563,1.4208452,1.4404417,1.4508537,1.4262564,1.419875,1.4422934,1.4140296,1.4423553,1.4527323,1.435433,1.4341933,1.4387319,1.4457568,1.4251958,1.4413577,1.4525691,1.4454435,1.4406945,1.4224873,1.4288982,1.4474714,1.4275033,1.4333282,1.4243501,1.4290191,1.4335086,1.434464,1.4180851,1.428831,1.415679,1.4380264,1.4413475,1.4557879,1.4411303,1.457345,1.4148159,1.449467,1.4133645,1.4227151,1.4130696,1.4464401,1.4068809,1.4151347,1.427497,1.4331833,1.4085978,1.4150794,1.4363734,1.399347,1.422758,1.4135928,1.4137461,1.4386324,1.4500878,1.4437633,1.4043036,1.4473469,1.440764,1.4340713,1.4280387,1.4195151,1.4165711,1.4370872,1.4271085,1.412783,1.4213363,1.4305418,1.4155488,1.4540961,1.4495627,1.4181601,1.4368764,1.4320861,1.4318757,1.4316226,1.4312879,1.4131923,1.4190243,1.4238651,1.4111744,1.4486601,1.4310832,1.4360923,1.4452453,1.432857,1.4170177,1.4246788,1.4350717,1.415481,1.4227514,1.4319484,1.4403967,1.4373542,1.4245306,1.4159658,1.4222901,1.4316059,1.4092205,1.4258376,1.4267628,1.4380323,1.4298654,1.4174335,1.4269097,1.454624,1.4219695,1.4402398,1.4255757,1.4178268,1.4294767,1.4233329,1.4473008,1.4444214,1.4103059,1.4139534,1.4257965,1.4641335,1.4203963,1.4172966,1.4312068,1.4305971,1.4470762,1.4310073,1.4316419,1.4127891,1.4361516,1.4201419,1.4167498,1.4166809,1.4142398,1.437557,1.4204005,1.4098097,1.4375802,1.4339441,1.4271053,1.4387296,1.4247991,1.4317806,1.4261903,1.4463227,1.4414501,1.4139134,1.42777,1.4279785,1.4227017,1.4234139,1.4312701,1.4453617,1.4304509,1.4358028,1.4484229,1.453513,1.4387099,1.4260083,1.406411,1.4112152,1.4381435,1.4320369,1.4251924,1.4128424,1.4349375,1.4058286,1.435715,1.4408908,1.4473574,1.4251051,1.4342097,1.4369221,1.43743,1.4183689,1.4227252,1.4368796,1.4372526,1.4385456,1.4222709,1.4491525,1.400924,1.4257859,1.4531592,1.4392853,1.420009,1.4385182,1.4210289,1.4367303,1.4371498,1.4327365,1.4335568,1.4212,1.4664525,1.3939008,1.4419461,1.4332438,1.4352413,1.4390374,1.4342402,1.4456618,1.4322156,1.4390839,1.4184693,1.4202636,1.4354945,1.3948365,1.43391,1.4293329,1.4319265,1.44129,1.4377372,1.4213297,1.4040936,1.4189293,1.4253695,1.4352294,1.4203119,1.446914,1.4170787,1.4301842,1.4389445,1.4157603,1.4284889,1.4404523,1.4327486,1.4407203,1.4387956,1.4230703,1.4186378,1.4336641,1.4147775,1.437203,1.4208056,1.4086727,1.4250196,1.431073,1.4330598,1.437082,1.4245474,1.4348392,1.4144202,1.437858,1.4381274,1.4248015,1.4320012,1.4285092,1.418686,1.41784,1.4374671,1.4337631,1.4363145,1.4176425,1.4398409,1.4154756,1.4498335,1.429095,1.42698,1.4192554,1.4375665,1.4316788,1.420568,1.4315958,1.4257079,1.4417108,1.4337695,1.4114808,1.4286717,1.4120734,1.4427601,1.4127352,1.4406682,1.4383469,1.4092536,1.4286178,1.4287308,1.4476545,1.4316925,1.4300553,1.423643,1.4194716,1.4249356,1.425411,1.4331222,1.4430023,1.4418303,1.4323248,1.4081054,1.4242326,1.426665,1.4438694,1.4213426,1.4387661,1.4329977,1.4381224,1.4337958,1.437712,1.4324555,1.4146858,1.4335272,1.423296,1.4350768,1.4208294,1.4335945,1.4221327,1.4143504,1.4189101,1.4295796,1.4255623,1.434175,1.4320455,1.4349366,1.4270922,1.4321125,1.4258386,1.421663,1.4297307,1.4372551,1.4430773,1.440311,1.4323101,1.423169,1.4274541,1.4150882,1.4388802,1.4347681,1.4294524,1.4386673,1.426854,1.4332542,1.4268051,1.4232036,1.4107672,1.4480336,1.4367602,1.4271779,1.4297003,1.4218653,1.416105,1.4253176,1.4271898,1.4464345,1.4283059,1.4210602,1.4204184,1.4274923,1.442596,1.4206191,1.4281439,1.4337217,1.431195,1.4124677,1.4506997,1.4274585,1.4420248,1.4241166,1.4314018,1.4257674,1.431914,1.430097,1.4278885,1.4446741,1.4519522,1.4241118,1.4171889,1.4368821,1.4107919,1.4300051,1.4444599,1.4434698,1.426482,1.4328406,1.4261781,1.4168549,1.4342427,1.4471118,1.4448653,1.4435617,1.4227823,1.4364794,1.433334,1.4409412,1.42512,1.4156007,1.4250809,1.4135679,1.4353517,1.420536,1.4371934,1.4273299,1.4165746,1.4213238,1.4283042,1.4016533,1.4264166,1.4312137,1.4224876,1.4134256,1.4371074,1.4187706,1.4280415,1.4383937,1.4250618,1.4368099,1.4371597,1.4292389,1.4270074,1.4440616,1.4328316,1.4364663,1.4299302,1.405405,1.4432056,1.4162176,1.445044,1.4580438,1.4326175,1.4205457,1.40858,1.4118311,1.4199169,1.437003,1.453859,1.4160215,1.4314363,1.4040433,1.435665,1.4474255,1.4440666,1.4299688,1.4311979,1.4565659,1.428501,1.4075345,1.4262036,1.4260997,1.4353323,1.4219203,1.4261938,1.4451792,1.4312896,1.440258,1.4201041,1.4117076,1.4292835,1.4270359,1.4390503,1.4175112,1.4428518,1.4301307,1.4398113,1.4326527,1.4372911,1.4154097,1.4343103,1.4456781,1.4339969,1.42522,1.4389659,1.4363794,1.4005393,1.428054,1.428793,1.4189905,1.4387772,1.4260885,1.4385475,1.4304774,1.4380019,1.4226334,1.4304937,1.4197472,1.4144835,1.408066,1.4323092,1.4196985,1.4199446,1.4265484,1.4166487,1.4195243,1.4326755,1.4163306,1.4322401,1.4282643,1.43995,1.4426755,1.410666,1.4348966,1.417868,1.4358584,1.4460821,1.4375212,1.4232538,1.4235978,1.4189945,1.4327078,1.4175439,1.4298377,1.4244127,1.4314092,1.42939,1.4324332,1.4356489,1.4279464,1.4253832,1.4087666,1.4355959,1.456897,1.4324207,1.4450691,1.4280523,1.42265,1.4497713,1.4371829,1.4403975,1.4250147,1.4282057,1.4256871,1.4251068,1.4346595,1.4314351,1.4164194,1.4371994,1.4299722,1.4231324,1.4216819,1.4134761,1.4199101,1.4072325,1.4225835,1.442671,1.4421128,1.4244812,1.427938,1.4139776,1.4188194,1.4317801,1.4216651,1.4237821,1.4101118,1.423543,1.413774,1.4236878,1.440585,1.4361292,1.4453875,1.4421034,1.4175656,1.4461489,1.427837,1.4259862,1.43222,1.4265026,1.4427836,1.4300675,1.424888,1.4230788,1.4046358,1.4247347,1.4480743,1.4180733,1.4259616,1.4273423,1.4372952,1.417855,1.4440309,1.4504104,1.4304376,1.4411138,1.4389,1.4252607,1.4574639,1.4488803,1.4382713,1.4221075,1.4438833,1.4275358
0.7277178,0.7410744,0.7265095,0.7291801,0.7248396,0.71481925,0.7254647,0.72548467,0.73081356,0.7110421,0.7437849,0.7285141,0.7171312,0.71458834,0.7285626,0.7183812,0.7115751,0.7236122,0.72594184,0.7189137,0.7460988,0.7228861,0.739694,0.71988547,0.73021865,0.75451857,0.72935575,0.7143396,0.70096284,0.7188861,0.71749985,0.72397673,0.7146482,0.7136165,0.7375176,0.7154924,0.7135345,0.7165604,0.70037925,0.7363819,0.70377135,0.7221497,0.7412228,0.73385704,0.7135627,0.7178476,0.72467685,0.7129369,0.71058095,0.7219781,0.7022771,0.7391092,0.7389552,0.72451824,0.7241799,0.7238048,0.71227485,0.7160267,0.72097963,0.7393756,0.7088918,0.72060496,0.7404269,0.7360354,0.71375215,0.7472408,0.7360639,0.737355,0.7393269,0.710404,0.73658633,0.7276924,0.72305334,0.70355296,0.7050279,0.7318454,0.7076927,0.71723145,0.7195028,0.71643454,0.7238517,0.74767756,0.7090881,0.7279101,0.7173071,0.72432506,0.718352,0.71374995,0.74011475,0.7403892,0.71769685,0.70859575,0.75295997,0.7368137,0.71194535,0.7286341,0.7393547,0.73334527,0.7088539,0.7270977,0.722823,0.716504,0.72397214,0.72884524,0.71909356,0.737077,0.7208412,0.7191587,0.7036575,0.74932146,0.7154973,0.7398258,0.72003263,0.7205467,0.68578225,0.70194423,0.71069294,0.70390916,0.724739,0.7526797,0.7361513,0.70953315,0.73054725,0.7380297,0.7082507,0.72853863,0.73006374,0.7310789,0.7076264,0.7585712,0.73881924,0.73490274,0.7306988,0.72016394,0.7362477,0.7208738,0.7225651,0.73227334,0.7159331,0.6897416,0.7398882,0.71406734,0.7183215,0.7134699,0.7185225,0.714372,0.75807613,0.7164297,0.7315122,0.72494394,0.72633183,0.7334053,0.7431267,0.68895817,0.72591805,0.70693773,0.7231008,0.7021777,0.7099216,0.7196294,0.72081083,0.72491467,0.76155,0.7301871,0.73446184,0.7372889,0.71802044,0.70739543,0.7236192,0.72402996,0.71795964,0.74214345,0.74722755,0.73105675,0.73884016,0.7190823,0.7209123,0.71967125,0.7244926,0.74057466,0.72946465,0.7296311,0.7068221,0.7286946,0.7258741,0.6952929,0.73192006,0.72862786,0.7370169,0.7110263,0.7317997,0.71706784,0.72049737,0.7153931,0.7187079,0.71590817,0.71754485,0.72269285,0.711759,0.7272696,0.73273396,0.7118206,0.7285187,0.7019307,0.7152487,0.7293086,0.7260122,0.7102596,0.7263885,0.7246644,0.7445116,0.72251934,0.7239319,0.72205883,0.7201309,0.7370743,0.7248871,0.702539,0.72490793,0.7388264,0.73081917,0.7397728,0.7236594,0.7275331,0.7010026,0.73579687,0.7217294,0.7459535,0.7364654,0.7082326,0.7239766,0.723165,0.73195493,0.7375977,0.7426973,0.70486575,0.72965395,0.69862837,0.7433632,0.7070382,0.7455413,0.74416196,0.72297096,0.72536105,0.7133634,0.7404227,0.7130759,0.71597004,0.7232561,0.72028625,0.73216665,0.7237497,0.72959363,0.7318483,0.72240204,0.7442906,0.6845885,0.71229005,0.7231716,0.7122829,0.71524423,0.7480965,0.73054063,0.72100604,0.7056587,0.7084427,0.7183498,0.70478153,0.7357822,0.7161014,0.71840733,0.6990526,0.7359024,0.71368647,0.72465795,0.72176945,0.72128266,0.7387532,0.7082853,0.72239816,0.69423556,0.73126173,0.722454,0.7295427,0.7123524,0.7088686,0.72140276,0.6956624,0.73310775,0.7164858,0.7150444,0.70469177,0.7299874,0.7218256,0.7446635,0.7209296,0.73364437,0.70032394,0.71883756,0.72615814,0.7064371,0.70822906,0.71160156,0.7361218,0.7420791,0.72749466,0.70433205,0.7214467,0.7122617,0.71915674,0.68933487,0.75452316,0.7302682,0.7202882,0.73057926,0.7337227,0.72028095,0.7248409,0.7171111,0.7314312,0.7284301,0.7270998,0.7125408,0.7447701,0.71767473,0.7273037,0.707785,0.72382987,0.7290416,0.7204537,0.7343457,0.70984566,0.7133676,0.7286908,0.7335051,0.7113624,0.7170189,0.71422994,0.72816974,0.7192151,0.73695797,0.7038379,0.7273245,0.7099924,0.7305993,0.7206775,0.7169872,0.7366661,0.75034595,0.7158697,0.7160073,0.7186503,0.7152019,0.73493147,0.7365127,0.7126604,0.725183,0.7180239,0.7204962,0.7237929,0.69552803,0.7314577,0.73966885,0.72100914,0.7109449,0.7466502,0.7165853,0.6991851,0.7064266,0.72355443,0.7228745,0.7181756,0.7420047,0.7205128,0.7204596,0.7306772,0.72631854,0.7104119,0.72301525,0.7082078,0.69184977,0.74869955,0.7246498,0.73850703,0.7069949,0.7233971,0.7141995,0.72772336,0.6996573,0.70788604,0.7368226,0.7309589,0.712871,0.7201794,0.7183496,0.7292292,0.71407706,0.72310346,0.71444166,0.72531086,0.7144013,0.7378772,0.7283884,0.7378795,0.73507905,0.74226475,0.7316181,0.73663896,0.7362751,0.7128353,0.7159356,0.6923896,0.7292499,0.7453992,0.7177757,0.7207196,0.7286348,0.72872996,0.71846354,0.71606785,0.7303218,0.71971107,0.7225182,0.72912735,0.72650707,0.7254189,0.7150993,0.7271103,0.73025376,0.7263448,0.73178667,0.7464433,0.7428179,0.7335176,0.7077298,0.72646934,0.71144384,0.7217722,0.70999086,0.70748836,0.7115201,0.72627014,0.71550745,0.73459995,0.71802855,0.7167416,0.7341239,0.72019315,0.71653336,0.7420974,0.6984899,0.72722775,0.7474407,0.7500179,0.731293,0.69153464,0.7098711,0.72196674,0.72622114,0.721941,0.72261244,0.73758996,0.73892367,0.7209792,0.7076943,0.7401036,0.7450662,0.7154087,0.7278454,0.72870064,0.7410919,0.73988336,0.7325717,0.71318096,0.71900755,0.7212659,0.71222144,0.70764744,0.73333174,0.6984687,0.72565913,0.7139619,0.71604997,0.7098529,0.70359635,0.7262742,0.73213184,0.72180474,0.72498107,0.7173171,0.7520352,0.7299869,0.72111946,0.7094345,0.7344463,0.7288691,0.73376274,0.7201431,0.7258101,0.74786633,0.7217911,0.73678064,0.72950673,0.71991426,0.7089696,0.76160926,0.7228788,0.69379413,0.73264223,0.7055554,0.72760963,0.7089819,0.7323463,0.74389106,0.7201702,0.7462594,0.7244286,0.7333579,0.7145181,0.7150108,0.7261491,0.7429518,0.71757656,0.71170765,0.7168956,0.718308,0.7030256,0.7257309,0.7209176,0.73851275,0.7086196,0.7207915,0.7333759,0.7100772,0.7336559,0.7080133,0.72662574,0.7189196,0.7334493,0.71295285,0.7162562,0.7208992,0.7252426,0.7061267,0.73679066,0.75692946,0.72317034,0.7185092,0.7163171,0.7303347,0.7079004,0.7246199,0.71668893,0.7422016,0.7502935,0.7289562,0.7358813,0.73205703,0.7307327,0.7256854,0.7353483,0.7269195,0.7160089,0.7030319,0.7305747,0.7206501,0.71151143,0.7279289,0.722747,0.6933432,0.7187031,0.7374048,0.7338121,0.72592163,0.7267292,0.7106784,0.72865283,0.7255125,0.72531426,0.727901,0.70827717,0.7177647,0.7265578,0.7368006,0.7313907,0.7152281,0.7071567,0.71644765,0.7169036,0.73200774,0.7266682,0.713853,0.69818604,0.71773744,0.72408897,0.73036164,0.725568,0.7176856,0.72013354,0.73064303,0.7234504,0.7310563,0.72764444,0.6997916,0.7460231,0.73702896,0.7306079,0.747687,0.75278425,0.72338456,0.7245251,0.7206237,0.7483305,0.71636045,0.7183588,0.72327626,0.7378021,0.7368688,0.7004603,0.71699625,0.74138117,0.7241236,0.7360803,0.70732516,0.7300921,0.73289144,0.69872046,0.7063468,0.7177371,0.70376396,0.745598,0.72996634,0.7340199,0.7474531,0.7382994,0.74184394,0.7203536,0.7404073,0.7309244,0.72520614,0.7214744,0.7152339,0.72773534,0.72067267,0.7288847,0.72636366,0.71865517,0.7373177,0.7125963,0.72343296,0.7305194,0.70866257,0.7294791,0.71714276,0.718248,0.7443481,0.7229204,0.7243473,0.7402219,0.7445719,0.713394,0.71725875,0.71803474,0.7287245,0.7221116,0.7238216,0.7061734,0.73251957,0.7099708,0.74598503,0.70579505,0.7049716,0.71709436,0.7208231,0.7283201,0.7167767,0.6942484,0.72365665,0.7043505,0.7270291,0.72578967,0.7272962,0.72440684,0.71265197,0.7344472,0.73152876,0.7322423,0.6998201,0.7260866,0.7227616,0.72015125,0.7257791,0.7085977,0.7456422,0.7463025,0.71407014,0.7188045,0.72484577,0.7250879,0.7177501,0.71060634,0.7167194,0.7241104,0.71118665,0.745454,0.7196002,0.7333293,0.73811066,0.72178274,0.7196358,0.71735877,0.7176806,0.7228303,0.7229917,0.71214014,0.71801716,0.73669785,0.72693574,0.72600996,0.7177959,0.7380282,0.72065675,0.73275864,0.72443134,0.7136321,0.71318907,0.71660614,0.7224616,0.7299592,0.7231799,0.7251017,0.7144554,0.71974474,0.702532,0.7176296,0.7162267,0.7103471,0.7239935,0.7385097,0.7269287,0.73716486,0.71649724,0.72712594,0.73236084,0.7345271,0.72699285,0.7477703,0.7506831,0.7033654,0.7144122,0.7300215,0.7328954,0.73217076,0.7303768,0.7201474,0.74104697,0.721559,0.7166159,0.70922357,0.7213464,0.7329867,0.728435,0.7333731,0.72993803,0.72336125,0.7044321,0.6999754,0.7045934,0.7334094,0.73041457,0.72903925,0.71652293,0.7224879,0.74155205,0.6973897,0.7118274,0.726409,0.710062,0.7089995,0.7265109,0.7216964,0.719046,0.7173369,0.7119862,0.7231276,0.72611755,0.7229215,0.7183325,0.72231245,0.71678126,0.71743536,0.746934,0.7233783,0.74214226,0.722627,0.724417,0.7165469,0.7077392,0.7360254,0.70420575,0.74198085,0.71908796,0.7346519,0.72602,0.7247321,0.72061193,0.7191349,0.6999172,0.708895,0.7147184,0.73401284,0.74617356,0.7354482,0.7171555,0.7254592,0.71701336,0.7283729,0.7102208,0.7140723,0.73938656,0.71807003,0.7249667,0.73964196,0.71724004,0.72295797,0.71039456,0.7499145,0.7212767,0.70751196,0.748826,0.7154781,0.71590114,0.7316631,0.715031,0.7126249,0.732952,0.7218224,0.71079296,0.6994078,0.73180324,0.739955,0.72803265,0.692696,0.73258144,0.7182345,0.735234,0.7278131,0.72190076,0.718153,0.72432816,0.73792535,0.6947063,0.7198401,0.7276728,0.7109665,0.71228415,0.7398803,0.71953756,0.72254103,0.7017483,0.744058,0.6896046,0.70725065,0.71950084,0.70242965,0.7219909,0.7165747,0.73661053,0.70449275,0.7192877,0.7156547,0.72991157,0.7414986,0.71033514,0.7105235,0.715493,0.7211056,0.7265998,0.7222159,0.70922875,0.7159252,0.72364664,0.72163135,0.72037876,0.71984154,0.72618335,0.7029822,0.73352003,0.72629786,0.73707366,0.7426245,0.7101536,0.73916197,0.71131766,0.7244175,0.72942764,0.73200804,0.71527714,0.7055105,0.7388735,0.73881894,0.7365583,0.71167064,0.72537047,0.72568214,0.7193089,0.70251065,0.70461273,0.74385464,0.74134487,0.7089797,0.70843536,0.7208636,0.72831666,0.7368552,0.7374214,0.7287198,0.7124415,0.718841,0.708747,0.72504544,0.7258318,0.72626764,0.72352636,0.75328094,0.70694494,0.7059973,0.7139008,0.7412634,0.7194853,0.7061173,0.71994483,0.7314408,0.7292301,0.7267453,0.7261923,0.7228719,0.7267158,0.732516,0.7305096,0.7363222,0.71171314,0.7180113,0.71610236,0.72476715,0.74257165,0.7344083,0.74206346,0.71720153,0.7257723,0.7224861,0.731399,0.73901975,0.72199833,0.7126072,0.7186862,0.7335759,0.7228222,0.7092796,0.7289293,0.7161764,0.7162415,0.71768403,0.7255937,0.7370578,0.74335366,0.7036466,0.7071761,0.72320485,0.724091,0.7347413,0.71660596,0.7221804,0.7066326,0.72341466,0.7420009,0.715227,0.70974326,0.73123544,0.714103,0.71086276,0.74025947,0.7327779,0.7334021,0.7370016,0.71455747,0.738915,0.7318226,0.71970606,0.7165936,0.72940886,0.7128804,0.6833025,0.72186136,0.72618836,0.71994215,0.72620094,0.73410976,0.7153968,0.7220722
