0.72403526,0.7102285,0.7145483,0.68779236,0.66125244,0.70150065,0.68039125,0.6855257,0.69279605,0.707054,0.7064375,0.66152614,0.6764941,0.6908863,0.68803763,0.6891541,0.6877748,0.6940644,0.7198388,0.7003964,0.7053022,0.71045226,0.6721173,0.6865778,0.68508554,0.70169866,0.7155063,0.68351275,0.68466735,0.6865191,0.70424914,0.68874824,0.705082,0.70186317,0.70191514,0.68513685,0.7028702,0.6810155,0.6795073,0.7031874,0.7243786,0.68125445,0.6744921,0.6747226,0.71291506,0.7166968,0.6808021,0.71502715,0.69325274,0.69136626,0.707207,0.6814759,0.70981663,0.6865711,0.71896887,0.7051609,0.6778852,0.6911168,0.7048727,0.6880015,0.7182635,0.6717428,0.6822425,0.7027279,0.7061584,0.6896331,0.7013736,0.69204444,0.7291848,0.69765794,0.69654477,0.67232466,0.6877428,0.71989024,0.6806519,0.67254466,0.715812,0.6808812,0.6949206,0.7033476,0.6769418,0.6924978,0.6815206,0.71222603,0.6953277,0.7187948,0.67831415,0.70309246,0.7097452,0.6688165,0.7109978,0.6759004,0.7097787,0.70559686,0.7025439,0.7039939,0.6867424,0.7023485,0.7056299,0.67576915,0.6901183,0.6887179,0.6500904,0.687493,0.7041389,0.6862364,0.7071429,0.6948311,0.6826429,0.70899856,0.69953066,0.7100287,0.706111,0.7043631,0.7163712,0.69887275,0.6996042,0.70097494,0.7131,0.6899917,0.7007197,0.73124367,0.6695917,0.69393885,0.68050146,0.7168144,0.6941637,0.702919,0.7028932,0.7011413,0.71080756,0.7185752,0.6951539,0.70384043,0.6925427,0.6954612,0.68007475,0.6738424,0.70467985,0.6977619,0.67552084,0.68154824,0.68678236,0.69677085,0.69799405,0.7068216,0.71328,0.7012093,0.6668521,0.7142594,0.6720425,0.7090639,0.6879069,0.71061546,0.70512724,0.6968391,0.7215332,0.6996168,0.7048201,0.69401586,0.707288,0.7092025,0.6785571,0.66339844,0.70798105,0.6869519,0.6823106,0.69556874,0.70254016,0.6971619,0.7005947,0.6908842,0.7106094,0.70422965,0.6869027,0.70241606,0.69656026,0.70903444,0.7192709,0.68640107,0.73316514,0.6819995,0.68230665,0.6990297,0.6885142,0.7011037,0.674964,0.69717395,0.68209916,0.6964371,0.6891259,0.71189487,0.7092372,0.71699214,0.6888317,0.7016988,0.71891093,0.68267584,0.6975222,0.7062339,0.7148627,0.6857699,0.7170442,0.7007636,0.6980363,0.6670042,0.7005992,0.6829398,0.69604266,0.7148774,0.6953733,0.6938411,0.6977242,0.6968973,0.6930677,0.72703266,0.69956625,0.68560034,0.6825343,0.69126123,0.7084085,0.68825674,0.6940486,0.6897631,0.6911008,0.7031772,0.7074961,0.68028426,0.68544436,0.71390665,0.7034187,0.689731,0.69469535,0.7073458,0.70086455,0.6958245,0.7077304,0.71608967,0.6976439,0.6965739,0.6962494,0.67532706,0.7076512,0.6936495,0.6824273,0.70208687,0.7078029,0.6904925,0.7010787,0.70928246,0.67583364,0.7017103,0.70409775,0.6946234,0.6877649,0.70851254,0.7170934,0.69904876,0.69403017,0.6918284,0.69520295,0.6976567,0.6978813,0.6958668,0.6916107,0.7129477,0.70004123,0.6971047,0.67579955,0.7259118,0.703887,0.7071359,0.7004435,0.69078493,0.72710955,0.6658744,0.70621544,0.72376657,0.6887552,0.70134544,0.69418705,0.7108872,0.67858744,0.68488806,0.66376966,0.69767505,0.6945488,0.7173025,0.70152783,0.7224572,0.6869907,0.7124753,0.7014143,0.7074498,0.6707367,0.69386417,0.70116544,0.6935068,0.6868808,0.7119309,0.69831926,0.7170014,0.67775524,0.6998145,0.6954153,0.68689275,0.68752486,0.6827883,0.68601686,0.6873171,0.70572436,0.6760198,0.6879926,0.71115386,0.6888552,0.68033713,0.6965532,0.69076496,0.7078804,0.7040731,0.685788,0.7145639,0.715135,0.69584334,0.7204779,0.6983867,0.7064498,0.6847819,0.67431355,0.668033,0.675381,0.67682636,0.66743755,0.71254146,0.70651305,0.7067028,0.69645303,0.6810235,0.71051824,0.70997345,0.70521927,0.6990749,0.69714904,0.7063496,0.69321734,0.71006346,0.6972471,0.7266612,0.6908796,0.7114384,0.68035835,0.72122645,0.68731546,0.6890064,0.6956353,0.72184306,0.6971741,0.7065321,0.68236816,0.71710825,0.68021107,0.66716164,0.67745894,0.7023626,0.6843176,0.6904501,0.68968546,0.6833872,0.7106813,0.6784574,0.68903387,0.6974354,0.7014636,0.6874869,0.7052753,0.71266997,0.6896167,0.68192744,0.6769608,0.68052095,0.70039374,0.69862366,0.6813126,0.69656765,0.69191724,0.68326217,0.68554056,0.68672806,0.7189281,0.70155215,0.6981293,0.70304954,0.6904939,0.70108926,0.68203086,0.709839,0.6889314,0.6890061,0.69965976,0.6759566,0.6899254,0.7136262,0.711629,0.6716285,0.7106543,0.68478525,0.72529274,0.7203347,0.69140905,0.70241284,0.7136254,0.68722355,0.69997483,0.6914085,0.70271575,0.7214919,0.67422324,0.6919028,0.6761606,0.73286915,0.72062874,0.6933511,0.7033678,0.6933752,0.6820085,0.6866921,0.7120552,0.710464,0.68145895,0.69894886,0.6981883,0.6842178,0.7093807,0.6994344,0.6988029,0.6836658,0.6908946,0.6748211,0.6874734,0.7002383,0.71188265,0.71774036,0.69196826,0.69907904,0.72064126,0.7094602,0.7127911,0.7013696,0.70778567,0.7205891,0.723156,0.68643045,0.7016077,0.7130395,0.6591407,0.680914,0.7181698,0.6862742,0.6712036,0.69969785,0.6994154,0.701917,0.6803192,0.69670826,0.7070895,0.72369885,0.68478703,0.7074665,0.70572823,0.70000786,0.7117287,0.7042906,0.6805876,0.69420373,0.6885511,0.6826892,0.70586973,0.6944406,0.68524915,0.68497807,0.7173876,0.73356044,0.678311,0.68571526,0.6928559,0.7023255,0.7124857,0.69759214,0.6928759,0.7096026,0.70898885,0.70100296,0.69652766,0.6959993,0.7134386,0.72636724,0.6912039,0.7093228,0.700033,0.69950527,0.69383097,0.68194,0.65875185,0.6905179,0.6959346,0.70383096,0.71155167,0.69314265,0.70916635,0.71052456,0.69986606,0.6790708,0.703823,0.6973535,0.70865923,0.6987972,0.7088406,0.6828401,0.6853583,0.71464163,0.6747554,0.7072104,0.6874899,0.69458777,0.70233876,0.6893184,0.6905341,0.6958872,0.7035557,0.7105423,0.6613197,0.6909633,0.70798576,0.68817234,0.6790281,0.709768,0.7166057,0.7159578,0.69224256,0.68978393,0.6799587,0.7043856,0.6916879,0.7187188,0.7039494,0.6987503,0.7057643,0.69702727,0.7064283,0.6968633,0.67545587,0.6977016,0.69237334,0.683681,0.70757055,0.7261282,0.69967955,0.7096735,0.7058824,0.70883507,0.6988386,0.68741536,0.70095503,0.69839406,0.69416565,0.7052062,0.70045507,0.7187874,0.71103823,0.68644255,0.6999249,0.7061207,0.6874219,0.68744105,0.70121354,0.6838573,0.7067869,0.7085759,0.69700664,0.71316457,0.707666,0.71928847,0.7155561,0.68747735,0.72470975,0.7161734,0.7227618,0.70269686,0.70229137,0.68849736,0.70827234,0.70646036,0.7046361,0.67899156,0.6805976,0.7338532,0.69879884,0.708079,0.68358153,0.69376427,0.703471,0.69373,0.66731626,0.6771239,0.668309,0.7205517,0.70056653,0.70423865,0.67921257,0.6857067,0.67328924,0.6808375,0.6909453,0.6911064,0.67339593,0.70796984,0.71684015,0.69519234,0.7030692,0.703354,0.70731777,0.67792046,0.6732135,0.6722822,0.69745386,0.71476597,0.6917983,0.6943687,0.7002011,0.70437086,0.7088628,0.69154364,0.6806195,0.7077861,0.6985883,0.68935126,0.7178168,0.7049457,0.6849003,0.6800616,0.68550724,0.70207274,0.6925999,0.68621165,0.69465667,0.6733041,0.6768188,0.6917944,0.6875317,0.6601543,0.70593697,0.698925,0.6883813,0.6858313,0.6927781,0.69581234,0.6866126,0.6883233,0.6957669,0.70097685,0.68865323,0.70552105,0.7165514,0.6972797,0.7075709,0.7089203,0.7067917,0.70638174,0.67368186,0.6912023,0.7005164,0.66831774,0.70414156,0.664359,0.69683754,0.70152074,0.6945415,0.6905235,0.69667304,0.7312831,0.67989606,0.70442194,0.698458,0.6800366,0.6953856,0.6784647,0.6977387,0.7049001,0.70959985,0.68248796,0.70311874,0.70557153,0.7131915,0.7047317,0.6906501,0.7189631,0.7418642,0.6918217,0.7062916,0.6779779,0.6991263,0.71489924,0.68551815,0.6942224,0.6959039,0.68842506,0.71179646,0.7171798,0.6857343,0.6960824,0.71480644,0.710944,0.69740427,0.69814134,0.70013624,0.69194937,0.7131656,0.6594778,0.69519407,0.68529826,0.6891106,0.6995519,0.7064438,0.7105259,0.68208605,0.6864964,0.7209277,0.6871887,0.70474225,0.6787419,0.6966359,0.69172037,0.71093714,0.7134111,0.69170666,0.6835218,0.6952155,0.6639111,0.68005264,0.7063019,0.71097183,0.71993524,0.67365575,0.7008999,0.70469654,0.7226924,0.7064952,0.70614696,0.68410796,0.6683775,0.690274,0.7091525,0.6755583,0.70066184,0.6848871,0.71455234,0.7012776,0.69301707,0.7074978,0.7228216,0.6849715,0.69713235,0.690815,0.6770246,0.6965304,0.7241191,0.6949734,0.67386913,0.67152023,0.70987946,0.69418293,0.6867291,0.7010704,0.6843103,0.68024963,0.72321445,0.71719104,0.71028465,0.6845504,0.67673165,0.7150908,0.7211543,0.705896,0.71257484,0.6892342,0.70091426,0.6660278,0.7002677,0.7022089,0.6885769,0.68385696,0.6822681,0.6851365,0.6858628,0.6917812,0.69992656,0.69985676,0.6955609,0.7119998,0.7021705,0.70958006,0.7229944,0.69262105,0.70641977,0.68337387,0.7167554,0.70261294,0.6902122,0.7036138,0.7078161,0.69998586,0.7004092,0.6812722,0.6805069,0.70139015,0.69206625,0.74018407,0.7019567,0.7099293,0.6873778,0.68807673,0.6999632,0.70276564,0.7116526,0.68726945,0.69845265,0.6933267,0.6907083,0.7083704,0.67992383,0.7052169,0.6957065,0.69470054,0.7053144,0.6823681,0.6950438,0.69093966,0.70654964,0.668032,0.7218783,0.65920395,0.7211332,0.6697418,0.6896924,0.7069012,0.67752504,0.681765,0.71446645,0.6863411,0.70116717,0.6839627,0.69067836,0.6837235,0.70165724,0.72334754,0.71678936,0.7343156,0.6986555,0.72080433,0.68568444,0.7039184,0.7043153,0.7029741,0.6943713,0.7074156,0.68022454,0.70887977,0.684773,0.70287526,0.69462115,0.6958095,0.7151237,0.70689213,0.70439816,0.71140575,0.6841522,0.6991844,0.70115083,0.68538266,0.70599234,0.71435064,0.7317238,0.70383567,0.7065477,0.70497453,0.6850244,0.65696263,0.6928025,0.7176735,0.68043286,0.7075983,0.71027637,0.6910179,0.6919131,0.69415027,0.7060822,0.7050182,0.6986737,0.701056,0.69921684,0.6935797,0.71138513,0.70428777,0.71830416,0.6908746,0.6981006,0.69031006,0.7082686,0.7002444,0.6722147,0.7070267,0.7094661,0.7080346,0.6901189,0.6976978,0.717828,0.71043915,0.69415045,0.6885208,0.6859244,0.7044786,0.70887786,0.7139061,0.69497496,0.679227,0.70339066,0.71115875,0.7159464,0.7232747,0.67777175,0.6953395,0.7017456,0.7164002,0.70929897,0.70695966,0.69987166,0.6869626,0.67960685,0.7046724,0.6944906,0.6956498,0.69628674,0.6929157,0.7295847,0.6975642,0.69534296,0.68094105,0.6758692,0.7378817,0.6950823,0.7157968,0.70013225,0.68612844,0.71471465,0.7029502,0.695135,0.6962817,0.70735717,0.7158785,0.68695056,0.695731,0.7025082,0.721207,0.68648416,0.72016525,0.7174775,0.68578637,0.6917055,0.69025415,0.6918137,0.6781117,0.6857103,0.7189279,0.70401835,0.6790957,0.68060356,0.70532125,0.70279425,0.71410066,0.7023376,0.7014763,0.6916985,0.7055221,0.6928469,0.70226145,0.68495053,0.70608723,0.695582,0.6856555,0.69460994,0.68559897,0.6990712,0.709883,0.69548064,0.69411725,0.68222743,0.7073764,0.6838679,0.6847556,0.705761
0.79853284,0.77185595,0.7825733,0.7640062,0.7552054,0.77401066,0.7661573,0.7793353,0.77928287,0.7585237,0.77137667,0.75413907,0.7613237,0.75580126,0.7420496,0.7658307,0.771939,0.7783612,0.76758796,0.7463062,0.7815299,0.78233904,0.766105,0.73713404,0.7761299,0.7569669,0.7810852,0.77847004,0.76223385,0.7515915,0.77359325,0.7675361,0.76947445,0.7671107,0.781136,0.76932174,0.7705524,0.75795454,0.7663798,0.76804435,0.76499784,0.7605176,0.75659984,0.75072616,0.7780169,0.76848984,0.7630092,0.77028203,0.77086455,0.7759705,0.76678765,0.7721156,0.7684181,0.7529912,0.781722,0.7738548,0.76017183,0.75157094,0.76354057,0.77530843,0.7708445,0.7746376,0.759163,0.76633286,0.7768779,0.76262945,0.7537546,0.77814996,0.7748385,0.755793,0.7859662,0.7686731,0.7655811,0.7682484,0.77462673,0.7440277,0.7798388,0.75642085,0.7527498,0.76658344,0.750284,0.7690918,0.7584915,0.78244996,0.76797247,0.7917872,0.76311666,0.77848625,0.7940868,0.7718028,0.75953233,0.7568395,0.75950754,0.75585276,0.78150064,0.7774422,0.7609137,0.7680954,0.73446786,0.7489755,0.76306605,0.7695433,0.7681668,0.7588355,0.75857055,0.7667631,0.7683344,0.76022995,0.7532768,0.7768866,0.7763374,0.76674306,0.7719153,0.7685926,0.75663173,0.76126105,0.77383775,0.76607305,0.7873619,0.781506,0.7769181,0.76446176,0.7523628,0.7743386,0.7827249,0.77716994,0.7322449,0.7442228,0.777488,0.75722665,0.780288,0.77429515,0.749755,0.77474725,0.7652561,0.78245384,0.76450837,0.7517356,0.77026826,0.7995766,0.765237,0.7750752,0.7752205,0.7772222,0.75587064,0.76008713,0.7727269,0.7776791,0.73756516,0.7676798,0.7560425,0.7578963,0.7449721,0.76928735,0.7822489,0.77530855,0.78293145,0.74489045,0.7675419,0.7488288,0.7553495,0.7933838,0.7671069,0.7757654,0.75658166,0.77878755,0.7319221,0.7516973,0.7783742,0.7570557,0.78854936,0.7607601,0.75067127,0.7763739,0.76264817,0.7500728,0.7566104,0.757617,0.7985675,0.77276325,0.7774992,0.7783551,0.7691595,0.78008616,0.7657348,0.75972617,0.7794015,0.7651729,0.78429645,0.78020185,0.7632746,0.76413244,0.77316904,0.77644706,0.7483452,0.7657394,0.7712324,0.75283885,0.7667998,0.7627679,0.7713393,0.7547921,0.7924594,0.7768831,0.7591331,0.7412827,0.7674855,0.77052855,0.7744714,0.7703168,0.7462194,0.741817,0.7528514,0.75318295,0.7615584,0.75066495,0.7597188,0.7561884,0.7651404,0.7609433,0.7687002,0.7693492,0.7455924,0.7754196,0.7760252,0.76905024,0.77282804,0.76834923,0.7579922,0.80411905,0.75603336,0.74001014,0.76685464,0.7645124,0.7593545,0.7727655,0.7594613,0.7713901,0.76448435,0.7645961,0.77826494,0.75370294,0.78645253,0.7684631,0.72958493,0.76004,0.76163274,0.7718332,0.7771388,0.76703954,0.7539021,0.7880144,0.7694128,0.7617675,0.76332927,0.77520156,0.7580143,0.7794922,0.7616199,0.7552226,0.7590294,0.7881996,0.7661451,0.75668275,0.77784836,0.7776427,0.75528216,0.7567041,0.7772541,0.7777203,0.75742966,0.7697786,0.7799597,0.7560897,0.76797146,0.77081406,0.7788904,0.76119745,0.7539668,0.7738627,0.7529845,0.78023624,0.75391895,0.77431875,0.7407251,0.76218134,0.7789113,0.75553596,0.76044446,0.7733074,0.7749822,0.7645816,0.77580523,0.7646996,0.75595915,0.74230176,0.7737271,0.7803319,0.74297076,0.7664946,0.7719484,0.7688301,0.75379676,0.7554669,0.76501054,0.78088665,0.7705343,0.7704873,0.7490918,0.7702651,0.7708827,0.7626927,0.75823605,0.76824886,0.7723657,0.76414025,0.76703256,0.74293697,0.77949315,0.76962,0.77718717,0.7557853,0.7695714,0.7458127,0.78965056,0.7410444,0.7749151,0.75065744,0.7424504,0.76080394,0.75535005,0.7674806,0.74557346,0.72657496,0.73633784,0.7701403,0.77857786,0.773096,0.7611844,0.7612954,0.74047846,0.7476335,0.76734793,0.76920515,0.7418086,0.76238924,0.76664996,0.7641156,0.7732358,0.7654663,0.7583769,0.77439594,0.76587266,0.74902385,0.75864124,0.766317,0.74042183,0.77240646,0.75826734,0.79044205,0.752576,0.77433336,0.776732,0.78091675,0.7758263,0.7654362,0.78078806,0.77945113,0.7702679,0.7529931,0.7682122,0.8009812,0.76124036,0.7547255,0.77757215,0.7642452,0.7835631,0.7537104,0.7687128,0.7789431,0.75394684,0.7479088,0.7575856,0.76606464,0.7629889,0.7732839,0.7773938,0.7614026,0.7726564,0.7298568,0.77453774,0.7757347,0.7767678,0.7643985,0.75745887,0.76207924,0.76967853,0.7504141,0.76802295,0.78387207,0.74879223,0.76124537,0.7861916,0.7626977,0.77887255,0.7730054,0.76171744,0.7814731,0.77217597,0.7677591,0.7799196,0.76340795,0.8039511,0.77242446,0.77472043,0.778559,0.7631477,0.7736375,0.7512711,0.7862123,0.77226967,0.7631881,0.75100785,0.7669223,0.7596355,0.7610259,0.7618759,0.771148,0.7736177,0.76681614,0.7611074,0.75090057,0.7849545,0.75097907,0.77059686,0.7673748,0.75359434,0.758402,0.770459,0.7544898,0.761839,0.7633014,0.7472755,0.76168215,0.77604085,0.7766585,0.7643025,0.77146286,0.7656906,0.76980066,0.7556742,0.75550675,0.7713165,0.77223647,0.77159464,0.7508599,0.76758,0.7738441,0.7544399,0.7679093,0.7652732,0.7850444,0.74461716,0.7931164,0.76737,0.79629457,0.7780488,0.7760953,0.7657769,0.7741843,0.7796081,0.75564575,0.7599074,0.7847982,0.7407915,0.7523781,0.75056773,0.7630175,0.750027,0.7566823,0.7673725,0.7620844,0.7469269,0.75757366,0.7503662,0.7774021,0.7823029,0.7797043,0.757262,0.7623017,0.7750072,0.7835775,0.76804394,0.7567875,0.7775947,0.78675914,0.76517034,0.77453846,0.73574084,0.7478863,0.7570758,0.7494261,0.7445791,0.75832677,0.7675116,0.7769475,0.758845,0.7631544,0.7683656,0.7587447,0.7762184,0.7556941,0.75084573,0.73864317,0.7906415,0.74339616,0.75681466,0.7674575,0.7501043,0.7647737,0.76359993,0.770052,0.7458392,0.7751643,0.77363783,0.77677816,0.76128083,0.7678432,0.78715193,0.75182974,0.77282786,0.7774103,0.7737559,0.75920284,0.7485049,0.77856183,0.7622816,0.7624124,0.7656397,0.76905084,0.76834345,0.76307994,0.7827048,0.7821003,0.7396655,0.7673704,0.7787404,0.7619139,0.7634729,0.76521635,0.75604177,0.74507916,0.7431085,0.7474731,0.7643566,0.764994,0.78313243,0.7458658,0.75138956,0.775411,0.779005,0.76533,0.7591452,0.7739253,0.7594757,0.75320876,0.7777904,0.7521637,0.7814793,0.7657586,0.76748365,0.7886435,0.76165736,0.75137055,0.770058,0.75219077,0.77131414,0.7609753,0.7580588,0.7986565,0.7770716,0.7796589,0.7642272,0.77987546,0.7884196,0.76446587,0.775506,0.7646817,0.7556357,0.7644751,0.7811936,0.7804437,0.76679456,0.7513298,0.7852758,0.77017653,0.77271336,0.78003746,0.7571806,0.7676082,0.7627672,0.7836772,0.7535628,0.7601875,0.755206,0.7799104,0.7840877,0.7610216,0.7692586,0.77335995,0.7682076,0.76912254,0.7889687,0.768507,0.7394181,0.7714012,0.77254546,0.7510731,0.7636587,0.7690577,0.7624264,0.76387924,0.7648527,0.77463305,0.77549183,0.76099485,0.76231974,0.77160275,0.78062594,0.7754013,0.7843602,0.78127956,0.7550368,0.76379687,0.7714261,0.7753479,0.75459576,0.73904866,0.73965317,0.75976676,0.7528936,0.78275526,0.7650249,0.7803901,0.78280926,0.7941965,0.76065373,0.7573389,0.7633794,0.7501564,0.74156344,0.7578008,0.7669001,0.7444016,0.7677594,0.7665015,0.7567462,0.7608587,0.7628832,0.75449973,0.76945055,0.7758462,0.77155864,0.7809117,0.7783377,0.7794659,0.75238144,0.7684825,0.74903333,0.78615624,0.75346684,0.7580515,0.761233,0.7602636,0.7700606,0.78707564,0.7686083,0.7584852,0.80351835,0.7695731,0.7780982,0.76049614,0.75809705,0.7682209,0.7579972,0.74352074,0.742743,0.7578979,0.7725756,0.7720345,0.7713598,0.7697045,0.7537675,0.7708219,0.80067164,0.74629503,0.7734572,0.7896499,0.74981534,0.76625246,0.7521494,0.73579484,0.747972,0.7657974,0.76840246,0.796437,0.7895888,0.7998314,0.7476369,0.7723091,0.7662524,0.772439,0.7515313,0.761546,0.76114255,0.7515217,0.78053194,0.7614782,0.7796319,0.76685,0.7544635,0.7909297,0.7622812,0.798366,0.75737643,0.75281644,0.77868366,0.781689,0.77186805,0.76815516,0.78114814,0.77279526,0.7626927,0.7667373,0.74011886,0.7527003,0.73752254,0.77220875,0.7648738,0.77203345,0.7546769,0.7775846,0.7607593,0.76674896,0.7565428,0.77739286,0.7692677,0.78129154,0.76112086,0.77781993,0.75200695,0.784899,0.74135417,0.78212243,0.75278,0.76046205,0.76910794,0.7745509,0.77709436,0.76274717,0.75327545,0.75026315,0.7525056,0.7607191,0.7715164,0.77227575,0.7747329,0.7476091,0.7608937,0.76658416,0.7645748,0.7821692,0.72899747,0.75368416,0.7646721,0.7570588,0.7767648,0.7737439,0.77855694,0.7416972,0.789267,0.7916001,0.7708921,0.77795035,0.77013016,0.75388634,0.7438513,0.7492782,0.76685846,0.7577964,0.7440201,0.77438784,0.7631459,0.7666061,0.76260436,0.7807564,0.7600885,0.7590605,0.7642427,0.77763706,0.7665898,0.7700951,0.77949977,0.7696786,0.75445396,0.7785946,0.77388066,0.766876,0.80073535,0.7660479,0.74980336,0.7574159,0.73346734,0.76825947,0.76516306,0.7747999,0.77983785,0.77091515,0.7785465,0.7600944,0.7631958,0.778754,0.7609879,0.7748423,0.7590781,0.76836896,0.767785,0.7747493,0.75951654,0.7559508,0.7685422,0.77994114,0.784319,0.7741188,0.75090444,0.7565954,0.77334625,0.7970597,0.7562897,0.76332515,0.7854901,0.7602734,0.76289535,0.7707403,0.779722,0.7779684,0.765865,0.75796324,0.75320655,0.76195306,0.7729665,0.7930809,0.74686325,0.76127124,0.7664641,0.7651422,0.7907694,0.754073,0.79670686,0.77560955,0.76896536,0.78364944,0.7568826,0.7548288,0.76013166,0.77635604,0.7643482,0.75056493,0.77035946,0.77098435,0.7436725,0.73581326,0.7600501,0.77093,0.761483,0.7701085,0.7564238,0.75259554,0.7705741,0.7697465,0.7607715,0.78317684,0.74822414,0.7769624,0.78158766,0.74735665,0.7685774,0.7768265,0.7913281,0.7521471,0.7759848,0.7715615,0.77800673,0.74039227,0.79011405,0.7539331,0.7876542,0.7735042,0.76113087,0.77471894,0.76768506,0.7911171,0.75139534,0.76645887,0.7823196,0.75429654,0.77169,0.76736933,0.73356175,0.7566624,0.7510402,0.7485353,0.7788796,0.7519717,0.75948113,0.7744178,0.76090765,0.7725862,0.7822788,0.77356005,0.778525,0.7989034,0.75818396,0.7597611,0.7671713,0.77106076,0.765994,0.7784997,0.7641192,0.7606362,0.77046955,0.7578416,0.77049255,0.75647414,0.7718043,0.7713487,0.7470567,0.7662194,0.7741056,0.759215,0.7631583,0.76483667,0.77703387,0.79959995,0.78930146,0.7763179,0.74585235,0.77047175,0.77476984,0.7799859,0.7725233,0.7512346,0.76423675,0.77220196,0.7585921,0.75165313,0.77200645,0.76495814,0.78289866,0.76509434,0.75694054,0.7716969,0.77936065,0.7569633,0.7904565,0.76524776,0.7642352,0.7554139,0.7701734,0.78144896,0.7691217,0.77315056,0.7652009,0.7506771,0.76350397,0.76910955,0.74611944,0.75321084,0.77768546,0.7674388,0.7667322,0.7596588,0.7604458,0.76566815,0.7793083,0.7735073,0.7611654,0.75691605,0.76652914,0.76295924,0.75904405,0.7794239,0.77880514,0.76637816,0.7682608,0.7633772,0.7838383,0.7800148,0.7649136,0.79116046
0.8365864,0.8511872,0.8342558,0.8281987,0.8099251,0.8249014,0.82557607,0.82846755,0.826885,0.83396894,0.8166007,0.8177766,0.8277893,0.84026724,0.8253483,0.81759614,0.8397461,0.8198907,0.8329815,0.8388696,0.8242661,0.84129435,0.8149342,0.82732683,0.8291337,0.8555309,0.8475823,0.8359079,0.82983625,0.8209014,0.84023505,0.81145954,0.8316054,0.8463616,0.8188473,0.8194015,0.83580583,0.81657946,0.82251203,0.8122865,0.82976514,0.8511712,0.8204468,0.8163813,0.82685965,0.83954203,0.82751495,0.81936854,0.8294255,0.8541091,0.83516264,0.8142925,0.8315827,0.819341,0.86232454,0.8483095,0.8236007,0.8198527,0.82804483,0.8299848,0.82131857,0.82634884,0.8231998,0.81719553,0.8340802,0.8368082,0.8271262,0.82463646,0.8322191,0.8343443,0.8335512,0.82607746,0.83577335,0.83803284,0.8107714,0.8188783,0.841072,0.8179094,0.8213086,0.825511,0.81362134,0.82704496,0.83095765,0.8306202,0.82322156,0.81993884,0.8105366,0.8261275,0.8439573,0.8162968,0.81952184,0.8226515,0.83078563,0.8321192,0.83475876,0.84538627,0.8311562,0.83823127,0.80806226,0.8071065,0.84195316,0.8221688,0.8003638,0.8375271,0.8078582,0.8311263,0.824487,0.8200953,0.82615644,0.84771734,0.8462116,0.8328382,0.8329053,0.82721776,0.80977476,0.8366928,0.8470214,0.8233054,0.84174335,0.81876534,0.84049416,0.83164275,0.8075764,0.8528006,0.8287615,0.83780974,0.82423365,0.8214549,0.8390807,0.8448533,0.8369642,0.85767615,0.82954985,0.84040767,0.8258715,0.82124174,0.8181476,0.8346726,0.8275578,0.84044147,0.8168247,0.834724,0.82126534,0.8327088,0.804019,0.83804345,0.83042943,0.83113915,0.82513857,0.83920264,0.81384283,0.8282996,0.82052207,0.83760303,0.83236104,0.84137857,0.82848746,0.8315795,0.8598685,0.8131289,0.8246087,0.83284104,0.802839,0.8283158,0.8242618,0.82944405,0.80388045,0.82780516,0.8324159,0.81652576,0.8396179,0.8429921,0.8353915,0.8264365,0.82625425,0.8123078,0.81129307,0.82481444,0.8484587,0.8299616,0.82878417,0.8123783,0.8079966,0.82727474,0.8416168,0.82429975,0.822199,0.834236,0.8394778,0.8368673,0.82569623,0.82938254,0.84188163,0.8375883,0.8143835,0.8295742,0.8097613,0.8431255,0.8346872,0.8271053,0.8400478,0.8228801,0.8476348,0.8457001,0.8291399,0.7973723,0.81751835,0.83879614,0.83043015,0.84201103,0.82156,0.8229729,0.81361425,0.8401522,0.8312469,0.8366946,0.8318567,0.81240326,0.825614,0.81885767,0.8346352,0.8333314,0.82981133,0.8121435,0.8275802,0.838288,0.7987776,0.8081962,0.8226194,0.8437673,0.81095135,0.8170614,0.817333,0.8208345,0.8190673,0.82671547,0.8364145,0.8396836,0.8187317,0.8371953,0.80973804,0.8144672,0.83104414,0.83465844,0.818274,0.81733763,0.83644116,0.837736,0.8320547,0.83432865,0.84136623,0.8323707,0.8189992,0.8338735,0.817138,0.8633704,0.822935,0.8202274,0.8320311,0.8167436,0.8344853,0.8502776,0.8373292,0.8234886,0.8327123,0.83486724,0.8154094,0.83477294,0.8283909,0.85024565,0.8123773,0.815022,0.83305067,0.8222322,0.8357156,0.84133774,0.83531773,0.83017683,0.84092045,0.83524376,0.8166919,0.8333295,0.8083362,0.8287033,0.823656,0.8270872,0.8341787,0.8445219,0.8196527,0.8267051,0.82547045,0.8056258,0.8180349,0.8309702,0.8163146,0.8227357,0.82702744,0.85081154,0.8159716,0.8160332,0.8237796,0.81542724,0.80539,0.8411937,0.8248516,0.82987154,0.82580936,0.8175534,0.8151141,0.82833236,0.84271866,0.84707016,0.8357164,0.84101576,0.80619556,0.8352456,0.817864,0.8125043,0.8273427,0.8200292,0.8108429,0.8324297,0.84347785,0.8351312,0.8303173,0.81141335,0.8339693,0.8175176,0.8150868,0.8254358,0.82496834,0.8327897,0.8157416,0.8258754,0.8249256,0.84321594,0.84470266,0.8446971,0.833438,0.8364436,0.8276389,0.8211688,0.83443034,0.8254911,0.8317155,0.82267946,0.8408982,0.8246552,0.83373696,0.85322094,0.8241517,0.8269708,0.82880664,0.80538315,0.8225884,0.8542186,0.8050276,0.83408976,0.8282509,0.84147257,0.8161556,0.8152635,0.8398069,0.83371955,0.81911033,0.81773627,0.8194577,0.8179465,0.8261708,0.82134646,0.8261215,0.82489556,0.8443139,0.8208264,0.81890815,0.83486795,0.809872,0.83092636,0.8269395,0.8255707,0.8318745,0.82763624,0.82883155,0.8304634,0.82258826,0.84469575,0.8270665,0.82857513,0.82997614,0.8035826,0.8385451,0.83741343,0.8286232,0.8331273,0.8207092,0.8245477,0.8445397,0.8167957,0.84146607,0.8201217,0.8047795,0.8383928,0.82391584,0.8142229,0.8417857,0.8176856,0.8457672,0.8413927,0.83567244,0.8352008,0.82735205,0.8373476,0.8345691,0.83692276,0.8241951,0.8259712,0.8283873,0.81678075,0.83515036,0.85339123,0.8467915,0.8404396,0.8237705,0.8270839,0.80838245,0.8199628,0.8392226,0.8500956,0.8117544,0.8437101,0.8426927,0.81214553,0.8372447,0.82436657,0.8354582,0.8306335,0.82355404,0.80512273,0.81455624,0.82794374,0.82519656,0.8490249,0.8116329,0.81669825,0.8254645,0.83685845,0.83111864,0.816609,0.83884233,0.8312946,0.83244276,0.81855273,0.8440237,0.82021517,0.8135192,0.8237059,0.8240545,0.83151424,0.8401501,0.822633,0.81274456,0.84305245,0.8189551,0.83359736,0.8311263,0.8488315,0.83600974,0.8304845,0.84532005,0.82576925,0.8413964,0.8319461,0.8335452,0.807323,0.8103718,0.7978735,0.8340399,0.8168986,0.8036525,0.8359073,0.8444933,0.84439176,0.8243085,0.81261444,0.8254053,0.82788587,0.8425835,0.8342862,0.8180256,0.82631296,0.83137476,0.8325974,0.82596266,0.83349913,0.8366492,0.847465,0.8407018,0.8404978,0.80580926,0.8284603,0.8163628,0.8252577,0.799754,0.8330918,0.83367133,0.8031496,0.82942617,0.84015375,0.8320656,0.8139193,0.82695305,0.816639,0.8218491,0.8209774,0.8197867,0.8231419,0.8140173,0.8313408,0.8458263,0.8132823,0.8176306,0.84662724,0.8178558,0.8401234,0.84010345,0.83142126,0.8316854,0.83600444,0.83396906,0.82657856,0.82193345,0.84059024,0.85182756,0.8148625,0.8212683,0.83402026,0.8343847,0.82614934,0.81333363,0.8473538,0.82396144,0.8368846,0.83823264,0.82031673,0.821458,0.83089995,0.828756,0.82683754,0.8432956,0.8319107,0.79459125,0.8233885,0.8161287,0.82092553,0.84765035,0.8334571,0.8129114,0.8173124,0.8352306,0.81575215,0.829491,0.8245617,0.835927,0.815277,0.82361716,0.8279065,0.82975733,0.8179661,0.82503706,0.81545746,0.841828,0.84141153,0.8363719,0.82059664,0.8367138,0.82072026,0.8171681,0.83319014,0.8220591,0.82641584,0.83949834,0.84223044,0.8316599,0.8439388,0.8492218,0.84287155,0.8343064,0.82169944,0.82651013,0.8454213,0.840044,0.84220624,0.84691185,0.8260538,0.8330133,0.84213084,0.83184135,0.8272203,0.8326021,0.8277492,0.8144106,0.8560321,0.79763323,0.80037254,0.8161188,0.83419764,0.809079,0.81843626,0.8301095,0.82538867,0.8190007,0.8251916,0.8239236,0.825671,0.8152869,0.842096,0.8345736,0.8174255,0.8247296,0.82315564,0.84253824,0.82418585,0.81128377,0.8211333,0.83924896,0.8262172,0.81920516,0.82577497,0.8423976,0.85306215,0.8351589,0.8313869,0.8239112,0.83789736,0.8289456,0.82963085,0.80349517,0.82143384,0.82305366,0.82799625,0.8135793,0.8340988,0.8051602,0.828669,0.83650625,0.832285,0.80541265,0.81614393,0.817087,0.81232744,0.81248206,0.8175147,0.8206374,0.8122644,0.81291634,0.8202486,0.8207791,0.8385461,0.82066375,0.8271752,0.8095012,0.8346901,0.8579814,0.82133734,0.8398171,0.83639157,0.82208157,0.82672226,0.81598914,0.83952695,0.8358242,0.8251624,0.8027985,0.831076,0.8243629,0.8360512,0.8258623,0.83110553,0.8331823,0.824333,0.8427385,0.8291693,0.8241393,0.81336695,0.81576854,0.8188944,0.8010899,0.84783626,0.83978885,0.81327814,0.82460755,0.81890625,0.841159,0.82286227,0.8275336,0.83644587,0.83078074,0.8312573,0.82446814,0.8415547,0.8287879,0.8273747,0.81541234,0.8412766,0.8310209,0.8038111,0.8317375,0.8389037,0.8137607,0.8252305,0.83662724,0.8330221,0.8202693,0.825908,0.82301754,0.80534077,0.8336569,0.8107122,0.8390153,0.8394563,0.8178696,0.829679,0.821255,0.85995036,0.812702,0.8411964,0.8260217,0.83273965,0.84006643,0.8351207,0.8322642,0.81862545,0.839428,0.8313445,0.81445855,0.8295197,0.81785035,0.8315213,0.81034327,0.8455886,0.8438274,0.8297505,0.83289695,0.8354391,0.8346381,0.8178434,0.8146373,0.8304664,0.82267565,0.8322543,0.8164873,0.830676,0.8201385,0.84698945,0.8037324,0.83215296,0.8061463,0.8281957,0.8392204,0.84177953,0.8252163,0.82779604,0.8226264,0.8287437,0.8116215,0.83405435,0.8267351,0.81374013,0.81316894,0.8419033,0.82527053,0.84021443,0.8434169,0.8134687,0.8174371,0.8390182,0.83815503,0.8138211,0.83424467,0.82617426,0.82410383,0.84850574,0.82661045,0.8153611,0.82623374,0.83030355,0.79217046,0.838954,0.82431054,0.8199593,0.82414436,0.81089073,0.8367412,0.8218496,0.82278156,0.83296233,0.832713,0.82402384,0.8265585,0.8317108,0.84389335,0.8256886,0.83207583,0.83549243,0.8232226,0.84401625,0.8339226,0.8346663,0.8420602,0.83205897,0.8141931,0.8118405,0.79205513,0.8105339,0.81086576,0.8260998,0.8552572,0.83659667,0.8478126,0.8172731,0.81819934,0.82632905,0.81994265,0.839549,0.8343276,0.82103664,0.8300988,0.81326693,0.85185987,0.8284558,0.83074564,0.84662133,0.82765913,0.8405268,0.81316733,0.8059246,0.8265988,0.8338661,0.8320063,0.8388484,0.82248133,0.83809614,0.8240976,0.8345653,0.8290164,0.83825326,0.82398313,0.82816166,0.82658714,0.8465132,0.8094231,0.8266826,0.8189488,0.81389433,0.8287816,0.808313,0.8484241,0.8314399,0.83403605,0.83165276,0.84269387,0.8281122,0.82634234,0.8201188,0.8329194,0.83067626,0.8295996,0.8203259,0.83520085,0.820172,0.82734805,0.80899495,0.8394174,0.83388305,0.8235531,0.8434701,0.8525523,0.8407901,0.8485623,0.8154368,0.8229751,0.8317447,0.8297586,0.8600708,0.8445455,0.80337566,0.82185584,0.8278818,0.8421836,0.81557167,0.83839315,0.82761496,0.82852817,0.8260493,0.8357977,0.83602196,0.84203285,0.82635134,0.8233571,0.84017783,0.8257904,0.84041125,0.81642765,0.85878193,0.82058054,0.81881434,0.8281663,0.8276603,0.8111592,0.81784415,0.8202009,0.8232876,0.8324173,0.8371404,0.82944286,0.8438216,0.81482375,0.833901,0.83385146,0.8122785,0.825411,0.83812255,0.83315396,0.8307475,0.8307537,0.8375637,0.8312164,0.84192455,0.8271582,0.8311095,0.8187476,0.81290066,0.82878375,0.8584471,0.8407186,0.8123038,0.8245094,0.8291535,0.8459755,0.8347063,0.8284988,0.8339269,0.8089774,0.85653174,0.81962365,0.81773585,0.8176879,0.81636024,0.8350047,0.8258682,0.82376325,0.83303887,0.8252846,0.8295716,0.8290117,0.8323843,0.83297306,0.8254852,0.8324164,0.82076854,0.8162013,0.82001907,0.8326893,0.8105216,0.8417281,0.8345159,0.8194595,0.8171765,0.83609384,0.8277177,0.8184349,0.82383686,0.8391714,0.826596,0.8246348,0.79735416,0.8214319,0.8367105,0.82367873,0.82789886,0.83743894,0.813842,0.83794236,0.83341086,0.84077716,0.8287356,0.83355725,0.82424855,0.81784767,0.83023417,0.8282793,0.8269706,0.85111785,0.8180092,0.83752525,0.8387785,0.836076,0.82753074,0.8243015,0.8271903
1.2860318,1.3104435,1.2926433,1.2934538,1.2828119,1.2907832,1.2772825,1.2990725,1.3083932,1.293106,1.3235518,1.2742412,1.3017765,1.3127575,1.2975172,1.3036108,1.3015399,1.2886705,1.3198158,1.3264047,1.3080338,1.3214227,1.2702225,1.2986932,1.3195196,1.3354509,1.3169774,1.2903935,1.313482,1.2972572,1.2965969,1.3227396,1.2957548,1.3084844,1.313972,1.2922207,1.3151789,1.2834865,1.3241038,1.3044599,1.3108282,1.3051819,1.2950052,1.303604,1.308083,1.2999551,1.2896839,1.2987665,1.2980599,1.2899978,1.2967353,1.3214488,1.3325276,1.2979455,1.3065633,1.3041222,1.2928448,1.305799,1.3029337,1.2910274,1.3063695,1.2950639,1.2746269,1.3003826,1.3271105,1.2813209,1.3047563,1.3034486,1.3164878,1.3088702,1.2858946,1.3039299,1.2969084,1.2950366,1.3025764,1.3051083,1.3264105,1.3101144,1.2831534,1.3178774,1.2937348,1.3084204,1.3140932,1.3188986,1.3268253,1.3210185,1.2863094,1.2971827,1.3079443,1.2899383,1.3146509,1.2922921,1.3086681,1.2847649,1.303919,1.3059436,1.2742558,1.3212111,1.3046306,1.283387,1.307323,1.3197615,1.271881,1.3029785,1.2874862,1.308392,1.3022268,1.2918204,1.3041229,1.3094324,1.3109438,1.2853581,1.3151393,1.3099719,1.2988544,1.3050549,1.299914,1.3134447,1.3153858,1.2885009,1.293612,1.3055996,1.2904685,1.3080372,1.325736,1.3094503,1.2927966,1.2815391,1.3020782,1.3119664,1.3066947,1.3040035,1.3048186,1.2953889,1.2734973,1.2930099,1.313108,1.2924063,1.2815899,1.3098061,1.2893814,1.3073196,1.302521,1.2945336,1.3135079,1.2963009,1.3218961,1.3034914,1.2786866,1.3040915,1.3119308,1.2993169,1.3032743,1.3312396,1.319386,1.3216343,1.3026927,1.2858595,1.3217397,1.2924323,1.3274391,1.3249114,1.2720773,1.3111596,1.2984165,1.294541,1.30907,1.3155534,1.3075085,1.2875097,1.2806491,1.289868,1.3150514,1.3002595,1.3248435,1.2807891,1.3019122,1.3277113,1.3135468,1.2955234,1.3122474,1.2983946,1.3057421,1.288924,1.291065,1.2864428,1.2930865,1.2913588,1.3142047,1.3266975,1.3061395,1.3058374,1.3184649,1.2930635,1.3283862,1.3180588,1.3155749,1.3104371,1.2792304,1.3074249,1.3037916,1.3020856,1.3126864,1.3021764,1.3113421,1.3054698,1.2918199,1.2902963,1.3298028,1.3235202,1.309442,1.3088211,1.3036531,1.2925814,1.3097384,1.3196425,1.3051666,1.2959341,1.3043615,1.3095716,1.3036245,1.3010674,1.3214607,1.2893367,1.3027908,1.285544,1.3092444,1.295589,1.2893418,1.3136643,1.2887369,1.3139853,1.3217677,1.2902437,1.3029112,1.3099896,1.316804,1.3155098,1.2834755,1.2945541,1.301482,1.2846011,1.313118,1.3133551,1.2977918,1.3018403,1.3141602,1.3171107,1.3069149,1.3101795,1.2990227,1.3010089,1.3153905,1.2990559,1.2988685,1.3286109,1.3045682,1.307055,1.3151774,1.3273417,1.3029349,1.2975451,1.3094163,1.3040489,1.3147995,1.3036157,1.3105619,1.3082337,1.3087066,1.3354459,1.3123269,1.3026236,1.2968096,1.3174601,1.3206377,1.2964346,1.2998081,1.3062078,1.2959021,1.2948743,1.3104283,1.3091881,1.2758535,1.293026,1.2985936,1.3084879,1.3127322,1.3251712,1.3092116,1.3062712,1.3102059,1.2970041,1.3334663,1.3108684,1.2789205,1.275813,1.3220854,1.301555,1.28994,1.3025773,1.2959986,1.3061581,1.3105311,1.3132988,1.3002577,1.2939899,1.3045208,1.2856594,1.2748369,1.3069253,1.3154867,1.3005788,1.282579,1.2841654,1.2770652,1.2897239,1.2895241,1.294767,1.3374326,1.3320208,1.3106833,1.2972505,1.3083771,1.3031957,1.3188149,1.2921431,1.3170637,1.2989616,1.2854114,1.3034968,1.299948,1.2963586,1.2923789,1.3005601,1.2894467,1.2999551,1.3037595,1.303295,1.2929265,1.3227872,1.3095345,1.2897646,1.3138667,1.3237603,1.3049598,1.3269548,1.3096547,1.3131703,1.2843802,1.2960801,1.3081446,1.2975991,1.3373098,1.2841437,1.2900532,1.3274329,1.2981595,1.3127453,1.3171376,1.311849,1.3006227,1.2792989,1.3166735,1.296019,1.3078334,1.307045,1.3110694,1.3102683,1.3004438,1.2863481,1.3180021,1.31149,1.3019063,1.30004,1.2866536,1.3119527,1.3041167,1.2970964,1.2814666,1.2660228,1.3278664,1.2869428,1.3094306,1.2984046,1.2966695,1.3080361,1.3152183,1.3009112,1.2937624,1.3135759,1.2999625,1.3178195,1.29769,1.3117192,1.2977061,1.297677,1.295931,1.306735,1.3060936,1.2700034,1.2899911,1.3005887,1.3119348,1.2874117,1.3077182,1.2890399,1.2978038,1.3132412,1.3152379,1.295107,1.2987907,1.3099556,1.2999841,1.2909572,1.3078728,1.2916307,1.297657,1.2914356,1.3078296,1.3212517,1.3059801,1.2904081,1.3390554,1.299261,1.299449,1.3017882,1.3334526,1.3109952,1.2875831,1.3030859,1.3125695,1.2929072,1.31667,1.3123319,1.3073802,1.3191981,1.320363,1.28891,1.3059094,1.3057371,1.3010594,1.3160772,1.2990862,1.2871947,1.309039,1.2949691,1.2840182,1.318225,1.3007606,1.3052361,1.3232626,1.2862271,1.3189255,1.3129499,1.2931961,1.2947562,1.3050328,1.3029246,1.3002318,1.2974466,1.2943594,1.2917091,1.2887921,1.3147844,1.3132877,1.3351209,1.3170532,1.3031381,1.3076453,1.2981149,1.3142756,1.322896,1.2911266,1.3207672,1.2991889,1.3011044,1.2922444,1.3024124,1.2903614,1.3093992,1.3362881,1.3289219,1.3043507,1.2882637,1.2917407,1.3424138,1.2983044,1.3052969,1.3071195,1.3077742,1.3098196,1.2856209,1.3000581,1.2898124,1.2956531,1.3136134,1.3067713,1.3044968,1.3024327,1.3038247,1.3055493,1.2860308,1.285381,1.3135043,1.2896111,1.2982459,1.3233211,1.3012342,1.2971784,1.2853793,1.2994151,1.2998699,1.3114996,1.3074999,1.2971808,1.3075813,1.3099116,1.3092659,1.2965459,1.2906222,1.3076212,1.3007468,1.2775552,1.2963415,1.2788844,1.305252,1.3142185,1.3017676,1.2962369,1.2876027,1.2814716,1.3055855,1.2983562,1.3033895,1.2993696,1.3020314,1.3125595,1.3139648,1.3069006,1.2958511,1.2746265,1.3052843,1.3157018,1.3138012,1.2884208,1.3146113,1.3045381,1.3181447,1.3151957,1.3108603,1.2827773,1.3053657,1.3036741,1.316804,1.3046578,1.319153,1.2973466,1.2934554,1.2846186,1.3057353,1.303713,1.3030943,1.3286455,1.3058563,1.3153441,1.2995095,1.3140271,1.3109962,1.2888083,1.2923887,1.2813942,1.3250567,1.3135257,1.2954273,1.3216254,1.2950938,1.31979,1.3034742,1.3114098,1.3099103,1.3109438,1.2923305,1.2976295,1.3067396,1.3090913,1.320526,1.323175,1.3065631,1.3050022,1.3158405,1.3178185,1.3201014,1.3050106,1.303782,1.2959813,1.3095188,1.2928252,1.2994258,1.306887,1.3061199,1.2941157,1.2798858,1.2934407,1.2727438,1.2933755,1.2963924,1.3123585,1.3052201,1.3050373,1.3031261,1.293539,1.2850417,1.3014458,1.2811791,1.2993168,1.2996538,1.3115995,1.2745787,1.3221397,1.3099996,1.2913593,1.3012005,1.3142985,1.297235,1.290585,1.3088262,1.2910401,1.3041682,1.3065287,1.3053257,1.3127582,1.3251143,1.2836361,1.3491601,1.3181536,1.3183606,1.3204335,1.3134066,1.3163764,1.3253684,1.2977598,1.2970767,1.3193504,1.290015,1.2980807,1.3213779,1.2841886,1.2979908,1.3174942,1.2880174,1.3092053,1.2853252,1.2971795,1.2888716,1.2972314,1.301747,1.2947093,1.3081999,1.3175181,1.3157105,1.2991143,1.2906334,1.3069581,1.3227588,1.2976727,1.3089952,1.2992294,1.3049221,1.2975382,1.3227109,1.3093364,1.295408,1.2977779,1.3104674,1.3196462,1.305035,1.3006396,1.2999281,1.3069332,1.3068509,1.309509,1.3051587,1.3226292,1.2946638,1.3047365,1.2882677,1.3156538,1.3029903,1.3025509,1.2722998,1.2959559,1.3002613,1.3022102,1.3147304,1.2936604,1.319623,1.3183796,1.307722,1.2896829,1.3034586,1.311263,1.3257478,1.3009367,1.2879255,1.3056111,1.294852,1.3201585,1.3122079,1.3010864,1.3134474,1.3092704,1.2887919,1.300766,1.3069822,1.3066473,1.3108487,1.3095127,1.2964513,1.2964573,1.3069077,1.2936624,1.3075047,1.2910444,1.3095376,1.3082541,1.3172537,1.3054119,1.3116785,1.3144069,1.2929447,1.2882019,1.3178812,1.3025627,1.3175402,1.2807804,1.2967992,1.2885085,1.3184247,1.3221519,1.2970905,1.3181373,1.3144531,1.2773048,1.2957348,1.3045332,1.3097407,1.3051466,1.3113773,1.2889837,1.2910376,1.2997543,1.3163229,1.2888026,1.3376456,1.3003883,1.306837,1.3033552,1.294071,1.3163809,1.3055923,1.2949022,1.316883,1.3124319,1.2911823,1.3019531,1.3251652,1.300986,1.2992109,1.2989558,1.3117126,1.2943342,1.3027549,1.3055981,1.3063387,1.3122228,1.3257055,1.2999098,1.3047724,1.2961317,1.3146462,1.3129759,1.3064064,1.3244978,1.3029741,1.3027753,1.2905093,1.3050164,1.299133,1.285348,1.2900099,1.2740194,1.304546,1.317803,1.3017071,1.3020838,1.3111914,1.2908347,1.3077064,1.2992213,1.289933,1.3110315,1.3157777,1.3098348,1.3093079,1.2932984,1.3192749,1.3029137,1.312548,1.278178,1.2972978,1.2896401,1.2998579,1.2920533,1.2986479,1.3031892,1.3038329,1.3134868,1.3031746,1.3158599,1.3082188,1.298737,1.3101084,1.3048716,1.3083417,1.2948216,1.3134178,1.3131645,1.2813206,1.3076152,1.3133018,1.3063303,1.3086317,1.3200552,1.294694,1.2710286,1.2868235,1.3122866,1.2967296,1.2878199,1.2985321,1.2974905,1.298952,1.2939688,1.3255296,1.3096882,1.2921556,1.2924634,1.2928967,1.3179163,1.3147912,1.3105017,1.2978837,1.3168167,1.2780288,1.2707537,1.3170453,1.3295414,1.2936198,1.3251605,1.2996179,1.313016,1.323616,1.3162706,1.2978841,1.3010031,1.2937056,1.3139112,1.2926731,1.3253317,1.325696,1.317211,1.3276896,1.3034341,1.3118812,1.3183444,1.3047758,1.3125427,1.3008744,1.3103069,1.3046529,1.3037788,1.3113445,1.324573,1.3124439,1.3211224,1.2940521,1.2995391,1.2904594,1.319477,1.3017213,1.3185663,1.2781589,1.3321079,1.2985582,1.3098469,1.2937223,1.3094158,1.293947,1.2969033,1.3061042,1.3050107,1.3018209,1.3302029,1.3048267,1.3029824,1.3124065,1.2987885,1.3065331,1.2944324,1.3045086,1.3068597,1.3006171,1.3043091,1.2968878,1.3052062,1.3186897,1.2842304,1.346665,1.3035086,1.292696,1.3012497,1.2959685,1.3079244,1.3162817,1.3255236,1.3247622,1.2930055,1.3028774,1.311524,1.2769607,1.3151175,1.30194,1.3161709,1.3168758,1.3124892,1.2869084,1.2940058,1.294906,1.3205361,1.3227351,1.296124,1.2990733,1.3051444,1.3294787,1.2977762,1.2845172,1.3021559,1.3127798,1.3089887,1.3227636,1.3123227,1.3058808,1.2935283,1.3226815,1.3000071,1.3098702,1.3031245,1.3011694,1.3305417,1.3040774,1.3048701,1.3211303,1.3084329,1.3051203,1.2957251,1.3082231,1.2805252,1.3109362,1.3191149,1.3017801,1.2837803,1.2966126,1.3136365,1.295289,1.3105186,1.2626839,1.3132112,1.3229078,1.3102467,1.3066974,1.3088669,1.3071115,1.3040103,1.3026595,1.305525,1.3086522,1.3098948,1.3082358,1.2858468,1.2975366,1.3021449,1.2923045,1.3226299,1.3077615,1.3007076,1.2983271,1.2989591,1.3183053,1.3003541,1.3169589
1.3108563,1.3092562,1.3118582,1.302767,1.3122452,1.3022205,1.3133563,1.3213464,1.3360347,1.3293382,1.3184729,1.3000337,1.3090411,1.3065895,1.3173428,1.323123,1.3084825,1.3168939,1.3164396,1.3212017,1.3277476,1.3264217,1.2961487,1.2939268,1.3343164,1.335362,1.3149501,1.3105361,1.3205066,1.2972941,1.3154382,1.3260834,1.3143531,1.3055811,1.3080814,1.2999731,1.3276206,1.3180983,1.3199514,1.3004695,1.3119203,1.34159,1.3075585,1.308216,1.3154327,1.3215835,1.3091477,1.3085026,1.307787,1.3052707,1.3254473,1.305966,1.3241315,1.3066086,1.3115355,1.3162967,1.2989252,1.2962953,1.3126743,1.2928147,1.3300372,1.307929,1.3026638,1.3016672,1.3126527,1.2980615,1.3014833,1.3189434,1.3264822,1.3268794,1.3119246,1.3024733,1.307399,1.3016944,1.2896795,1.32326,1.3361194,1.3030454,1.3075898,1.313512,1.321946,1.3181738,1.3184973,1.337804,1.3143816,1.3262019,1.311617,1.3163526,1.3133801,1.3110648,1.3089514,1.3059009,1.2997968,1.314927,1.3264476,1.3210744,1.3107734,1.3310413,1.3108256,1.3019505,1.3248357,1.3338608,1.2870737,1.287966,1.3083786,1.3019397,1.3365972,1.2959638,1.3117917,1.3384173,1.308508,1.2961619,1.3244761,1.3268737,1.3059022,1.3098682,1.3294517,1.303194,1.3193227,1.3043268,1.3134643,1.3243871,1.3119187,1.3301694,1.333805,1.3274322,1.3126493,1.3030033,1.3199159,1.320215,1.3073345,1.3186114,1.2919072,1.3219694,1.2863519,1.3068287,1.3100947,1.2897253,1.2903244,1.3429466,1.3082281,1.3252457,1.3082746,1.3128203,1.3074865,1.3109998,1.3216972,1.3138566,1.3081971,1.3400812,1.3287324,1.3081771,1.312056,1.3264371,1.3206829,1.3332298,1.3098953,1.310869,1.335272,1.3118113,1.3390448,1.3136882,1.2894697,1.313661,1.3004342,1.299134,1.3047727,1.3235747,1.3211384,1.3050883,1.3057287,1.3088104,1.3328161,1.3207047,1.3266351,1.2931547,1.3148608,1.3132169,1.331148,1.2973881,1.323095,1.3210133,1.3124288,1.3129373,1.3056313,1.3099209,1.3248702,1.3106123,1.3235736,1.3164134,1.3133461,1.3057653,1.3147374,1.3067422,1.3540864,1.3008394,1.2919915,1.294256,1.3043063,1.3103933,1.330467,1.3041271,1.3151456,1.3042777,1.3185321,1.2942528,1.3138096,1.2997341,1.3233048,1.329966,1.3125253,1.3259214,1.3125821,1.2922597,1.309294,1.3157973,1.322193,1.3093495,1.3380554,1.3318281,1.3201817,1.3251432,1.3207464,1.3318979,1.316108,1.3026298,1.3191556,1.2828807,1.334199,1.32565,1.2930943,1.307177,1.3171453,1.2857184,1.3172336,1.3047587,1.321727,1.3128654,1.3055631,1.2955003,1.3105832,1.295212,1.3193668,1.3132226,1.2950076,1.3208449,1.3307449,1.3334401,1.3303145,1.3239437,1.3065127,1.3099649,1.303982,1.3071266,1.3181707,1.3133496,1.3106451,1.327856,1.3121582,1.3255206,1.3226638,1.3037933,1.3231286,1.2866518,1.3261458,1.3178595,1.3219894,1.3208835,1.3304936,1.3363853,1.3241444,1.3019805,1.3143387,1.3275137,1.3172269,1.3028185,1.3150496,1.3159046,1.3190587,1.3091604,1.3059636,1.3284158,1.3010281,1.314711,1.3014663,1.3125005,1.3121722,1.324294,1.3119648,1.3098412,1.3184097,1.3031622,1.3365198,1.3349395,1.300915,1.3033516,1.341468,1.3232642,1.2910211,1.3072416,1.3004383,1.3055388,1.3039292,1.3154854,1.307539,1.3103552,1.32961,1.3020806,1.2927865,1.3227569,1.3079523,1.2976952,1.2928011,1.3050294,1.2978702,1.3151436,1.2916236,1.3174541,1.3070791,1.3242786,1.312375,1.3123412,1.3030597,1.31236,1.3393799,1.295571,1.3250352,1.3242637,1.2846006,1.3140604,1.3045075,1.307539,1.2955139,1.3061386,1.320144,1.321086,1.3048301,1.297186,1.294012,1.3218813,1.3186094,1.3034669,1.314429,1.312256,1.3278008,1.3192079,1.3193724,1.3147937,1.2995859,1.3050215,1.3313587,1.3067454,1.3332735,1.3072476,1.2951624,1.3213562,1.3087356,1.3325062,1.3133414,1.309438,1.3122826,1.288173,1.3250363,1.3201635,1.3197061,1.3232206,1.3222368,1.3371774,1.3024157,1.3101115,1.3223351,1.3199462,1.313745,1.3168951,1.3069116,1.3240447,1.311712,1.3068436,1.2935287,1.3055472,1.3249059,1.3215945,1.323661,1.309357,1.3020306,1.3045417,1.3346981,1.3202785,1.2947786,1.3041176,1.3158625,1.3500633,1.3032852,1.3175981,1.303167,1.3018203,1.2931219,1.3095887,1.3057677,1.2955453,1.3023016,1.2879249,1.3020946,1.3082566,1.302132,1.295794,1.3120415,1.3355501,1.3115952,1.3170376,1.326461,1.3234308,1.31999,1.3060739,1.3078125,1.304365,1.3227483,1.3258278,1.3200911,1.34868,1.3340132,1.2907554,1.3284961,1.3175226,1.3073921,1.3322339,1.3165792,1.3275846,1.2925357,1.296533,1.3304257,1.3038183,1.3216705,1.3442911,1.3227026,1.3238442,1.3310492,1.3196557,1.3094441,1.3226273,1.3272635,1.3300736,1.3232887,1.3250625,1.3175771,1.3269643,1.3146126,1.3337692,1.3061135,1.3298724,1.3337055,1.3154407,1.3414465,1.320816,1.3056684,1.2855878,1.3177726,1.3258773,1.3233123,1.319495,1.3204207,1.3102921,1.3049941,1.3363861,1.3249118,1.3151822,1.3094958,1.2972186,1.3206017,1.3075534,1.3052245,1.3175393,1.3152549,1.3200679,1.3146183,1.2944372,1.3127017,1.3145845,1.3108115,1.292588,1.3561801,1.3096492,1.3188813,1.3072319,1.3042101,1.3439496,1.340593,1.3233912,1.3027661,1.3080873,1.3092958,1.310385,1.299099,1.3014971,1.3167038,1.2952943,1.298945,1.306557,1.2939111,1.3276519,1.3069531,1.2866763,1.2879137,1.326784,1.3112171,1.3073368,1.3085026,1.3119044,1.3289441,1.294018,1.3095475,1.2975754,1.3157418,1.3113047,1.3275579,1.3223102,1.3261514,1.2843691,1.3273126,1.2973385,1.308119,1.3220257,1.3038752,1.3091522,1.299026,1.3229607,1.3210914,1.3124415,1.3150141,1.3147266,1.310843,1.3147165,1.3132073,1.305506,1.3263296,1.3125598,1.3112104,1.3132915,1.3213146,1.3237911,1.2925398,1.3312123,1.3209465,1.3053275,1.3111749,1.3214028,1.3367962,1.3412304,1.312576,1.3026547,1.2869468,1.3241011,1.3108579,1.3502085,1.3183649,1.333115,1.287835,1.3192359,1.3295784,1.3202908,1.3151877,1.3108853,1.3224865,1.318394,1.3153119,1.3066406,1.3308994,1.3231302,1.3007507,1.3049768,1.3078858,1.3324931,1.3052394,1.3039261,1.3195997,1.3121827,1.3331167,1.3265094,1.2994323,1.3306757,1.3013645,1.3243436,1.321142,1.320799,1.340258,1.3192625,1.3360668,1.3040909,1.3108963,1.3051231,1.3289496,1.3210455,1.3017733,1.3131357,1.3193787,1.3203496,1.3057277,1.3175348,1.3148987,1.3187102,1.3111254,1.2963293,1.2981018,1.2834711,1.3127099,1.3304647,1.3195329,1.3063813,1.2953559,1.2866893,1.3124058,1.304626,1.3110723,1.2943144,1.2996693,1.2953435,1.3125131,1.3299586,1.3235784,1.3219942,1.3056463,1.3124443,1.316657,1.3124782,1.3033712,1.3071519,1.3078731,1.3242576,1.3120563,1.3322303,1.3302217,1.309537,1.3073289,1.3422781,1.3101248,1.3173318,1.327002,1.3337461,1.3200916,1.3171273,1.3061484,1.3210145,1.3389372,1.3042625,1.3042483,1.3098906,1.3203331,1.3102299,1.3148965,1.3055065,1.3153172,1.3301386,1.3113506,1.3035798,1.2890428,1.3120071,1.3046433,1.3126469,1.3101104,1.3055661,1.2978967,1.3009021,1.3219572,1.3055443,1.2843734,1.3192037,1.3035309,1.3221395,1.3141884,1.3287921,1.3173165,1.3291006,1.32065,1.2950819,1.320096,1.3026247,1.3187853,1.3160691,1.3388729,1.3142942,1.3205875,1.323625,1.3280361,1.3167279,1.3064474,1.2927282,1.2983919,1.3108722,1.3116918,1.2909297,1.3066872,1.3434466,1.3113596,1.330195,1.3135293,1.3028551,1.3207119,1.3060615,1.3035562,1.3248286,1.3212376,1.3189087,1.3024318,1.3164526,1.319596,1.2948883,1.316471,1.3134667,1.327345,1.3146819,1.3275182,1.2836137,1.3060585,1.3154403,1.3276068,1.3228476,1.3302929,1.2845441,1.3126236,1.3378165,1.2975713,1.3041979,1.3308371,1.3300211,1.3148447,1.3025713,1.3120124,1.314649,1.2947346,1.321689,1.3189471,1.3137285,1.3088816,1.3076423,1.2835214,1.285871,1.3059005,1.3372822,1.3275383,1.313365,1.3316954,1.3112994,1.3014014,1.2771231,1.293544,1.3251774,1.305958,1.3060747,1.3034095,1.3014257,1.3186109,1.3040726,1.30662,1.3364524,1.3138419,1.3064837,1.3256187,1.3065472,1.3141444,1.3157836,1.3095176,1.3030498,1.3193276,1.302304,1.2975084,1.3225899,1.3059394,1.2951088,1.3182217,1.3352958,1.308135,1.31969,1.3209792,1.3288208,1.3220879,1.3424693,1.3198833,1.3011439,1.291782,1.3184122,1.3292289,1.3289754,1.3392653,1.316651,1.303609,1.3189588,1.3091778,1.2998542,1.2991036,1.3127574,1.2850493,1.3090045,1.3068292,1.3171425,1.3397396,1.3204588,1.3074129,1.3168068,1.3078868,1.3110894,1.332129,1.3352991,1.3125552,1.3105477,1.3208814,1.3219726,1.3330361,1.3229251,1.3012787,1.3127367,1.2987913,1.316648,1.2875032,1.3112693,1.3053503,1.3026378,1.327323,1.3163047,1.3332418,1.3099498,1.3167182,1.3422425,1.3388069,1.3188598,1.3052838,1.3356731,1.3250399,1.3180103,1.3124909,1.3259383,1.2906835,1.3066303,1.3300098,1.3201516,1.3076872,1.3085688,1.3265827,1.3150605,1.3053392,1.335148,1.3110905,1.3168213,1.3108425,1.3400375,1.2994574,1.3010488,1.3078921,1.315229,1.3184237,1.3380574,1.3027285,1.2917266,1.3167431,1.3055781,1.3039956,1.3191833,1.3177215,1.3185467,1.3365108,1.3125647,1.3348131,1.3345561,1.3209492,1.3022692,1.3188478,1.2958273,1.3270493,1.3261404,1.3300595,1.305653,1.3052937,1.333206,1.3257341,1.3054942,1.3418647,1.3098705,1.315842,1.3283547,1.3192216,1.3086784,1.2994292,1.309287,1.3227985,1.342755,1.3236337,1.3245406,1.309638,1.3123467,1.3029838,1.304096,1.3246971,1.3078898,1.3301299,1.3040934,1.3046396,1.3083217,1.3257458,1.3037124,1.3065498,1.3225522,1.3066509,1.3263844,1.3338649,1.3157651,1.3033271,1.3109107,1.303369,1.327019,1.3064969,1.2998837,1.3125664,1.3111681,1.3227557,1.2863252,1.3330796,1.3266076,1.2936175,1.3422327,1.3022118,1.3060579,1.3001691,1.3047451,1.3201401,1.3138744,1.3363062,1.3060105,1.2899364,1.3145049,1.3393925,1.2932653,1.331126,1.3044792,1.3352432,1.3398216,1.3087616,1.3083775,1.306223,1.3033186,1.3171419,1.3134444,1.3024296,1.3211873,1.308819,1.3237238,1.3092724,1.3185102,1.3214036,1.3155982,1.3314652,1.3113084,1.3149233,1.3109759,1.2990297,1.3363845,1.3228389,1.3194991,1.309835,1.2933564,1.3388057,1.3011711,1.3203156,1.3181894,1.3132012,1.3060603,1.3105103,1.308009,1.2884732,1.3200027,1.3286234,1.3078954,1.306874,1.2980595,1.300162,1.3236433,1.3100256,1.2845851,1.3175077,1.3274883,1.3191018,1.3258002,1.327463,1.3299594,1.3165187,1.3133153,1.312179,1.3111576,1.3231001,1.3218936,1.3015448,1.3141645,1.299385,1.3010931,1.328347,1.3266313,1.2994231,1.3062683,1.3061596,1.3288159,1.3157587,1.3238689
0.31332663,0.32303816,0.28596354,0.30388686,0.28190362,0.3039944,0.30446157,0.28964907,0.31516343,0.30231833,0.2874335,0.29172397,0.30944696,0.2822916,0.29388607,0.30031115,0.28719163,0.30348486,0.2855606,0.29994446,0.29134312,0.30270424,0.28975496,0.28782308,0.29940656,0.30520374,0.30748218,0.29766682,0.28799295,0.28975785,0.30081293,0.28749645,0.28988418,0.29140034,0.27003196,0.30600128,0.2868068,0.28679743,0.29932877,0.2767826,0.29532397,0.32133475,0.3079301,0.30815917,0.28234023,0.30785945,0.31380907,0.29822195,0.30460975,0.33562773,0.30880156,0.29053873,0.2931897,0.31367415,0.3239294,0.30704078,0.286035,0.28927428,0.28567636,0.28817123,0.30048367,0.29420713,0.28994757,0.28737313,0.29342994,0.28829432,0.29788318,0.30370706,0.30444974,0.29791993,0.3021901,0.308014,0.29976135,0.3091912,0.2795967,0.29019815,0.3035494,0.2992847,0.29357618,0.28861877,0.2817656,0.28349853,0.2996903,0.30275118,0.290492,0.2916833,0.2826795,0.29149026,0.3042861,0.27306908,0.2935934,0.29044083,0.28858516,0.29375854,0.29895613,0.29486576,0.30076966,0.30833694,0.27700186,0.2783691,0.28336632,0.30282512,0.28949752,0.28737286,0.29233322,0.2969509,0.3036275,0.2891354,0.31758237,0.30925092,0.31811348,0.2782143,0.29187733,0.2925725,0.2861748,0.31057447,0.3093391,0.2854724,0.30744553,0.29095685,0.31525332,0.30556813,0.2766583,0.29117593,0.30365437,0.3048411,0.30055293,0.29277098,0.2995458,0.2915783,0.27499282,0.3070763,0.2770971,0.3122756,0.27455914,0.32229802,0.27995926,0.29139072,0.2852313,0.3138443,0.29125306,0.28895184,0.2989006,0.2958415,0.28540766,0.29836622,0.29646462,0.28362456,0.2905874,0.29616213,0.28950047,0.2954319,0.30510256,0.29660693,0.28215656,0.29106507,0.27623743,0.3126359,0.31357944,0.2993808,0.31046474,0.28224674,0.27731195,0.2996806,0.2777589,0.28530693,0.28066278,0.29623857,0.29442558,0.28286707,0.3101541,0.3155421,0.2937737,0.30363148,0.30325165,0.29586598,0.2904008,0.29011586,0.31586003,0.29712057,0.29437837,0.29300871,0.3082687,0.30232197,0.31037575,0.30894718,0.2986008,0.31045228,0.29168615,0.30262122,0.3096943,0.30162466,0.28907073,0.30801234,0.30921105,0.28983065,0.27911258,0.30431548,0.2975078,0.2880896,0.28308448,0.27206093,0.2955904,0.29627883,0.29914722,0.2931665,0.29222444,0.30177706,0.29872453,0.29357728,0.29598588,0.29573053,0.29236177,0.2887345,0.29008767,0.2861368,0.2966363,0.27787122,0.30109406,0.2877192,0.30882663,0.3060581,0.29843712,0.2884772,0.3004276,0.2901147,0.28848323,0.2932726,0.30317813,0.29325587,0.30059978,0.28367442,0.28579187,0.28808713,0.2818334,0.29967618,0.2803729,0.32060015,0.29993093,0.29179928,0.2943253,0.28175902,0.28660262,0.28914794,0.28433648,0.29969656,0.29806858,0.3173434,0.29097536,0.30259565,0.2996028,0.28286287,0.305897,0.2872588,0.30027628,0.30674472,0.29289132,0.28190747,0.3084742,0.29053277,0.27855173,0.31131276,0.309331,0.29131696,0.29493147,0.3176117,0.2835774,0.3221657,0.29799488,0.29522792,0.27243152,0.2736043,0.2983381,0.29078418,0.3005336,0.29573515,0.29531896,0.28292683,0.29553685,0.28642944,0.27669442,0.31390402,0.27819824,0.3073207,0.28869638,0.30366737,0.30697212,0.29686737,0.28288096,0.2979279,0.28674406,0.2753834,0.27993333,0.29978138,0.30990693,0.31254238,0.29484916,0.3028232,0.2832529,0.2841605,0.29502875,0.27844155,0.29308158,0.2941064,0.28152487,0.31224647,0.30850783,0.2889752,0.28071895,0.29028928,0.31398124,0.31252015,0.30012766,0.29209933,0.2784522,0.31053808,0.27491462,0.28996906,0.29344934,0.28689498,0.28184855,0.28706065,0.29634312,0.2874312,0.30041635,0.29407716,0.30206516,0.2933419,0.2908121,0.29669437,0.287481,0.2930982,0.2899921,0.29886535,0.3049506,0.30204445,0.2995292,0.30484378,0.29384542,0.32484278,0.29452786,0.29414943,0.29106233,0.299619,0.32117206,0.28505224,0.2963958,0.27840248,0.29394573,0.28982934,0.29773527,0.30640125,0.28961107,0.29848233,0.2931808,0.300116,0.28146046,0.3007691,0.28440583,0.30111864,0.2937407,0.26635253,0.30195802,0.30087855,0.2725647,0.2819572,0.27313167,0.29725724,0.2898553,0.29162306,0.2870981,0.30613652,0.319565,0.29610303,0.2854615,0.29594094,0.28863096,0.30400416,0.29623076,0.2984592,0.2860825,0.2746952,0.30206484,0.29288432,0.2799916,0.29105982,0.3013763,0.2949227,0.30071798,0.2576035,0.30390674,0.30041105,0.2949608,0.3036478,0.27023056,0.28707567,0.3010595,0.29409567,0.2844684,0.29805928,0.27995777,0.28878418,0.30028737,0.30146068,0.3099388,0.29046884,0.31659445,0.3278113,0.28623655,0.29737732,0.29186293,0.32162204,0.28782585,0.29957545,0.28185213,0.3034918,0.29777694,0.30494118,0.29126322,0.30555508,0.3160253,0.29106262,0.2982863,0.29372564,0.29387656,0.30155712,0.3003176,0.29047194,0.28626567,0.30794626,0.2989623,0.2953626,0.2905759,0.29262266,0.31400934,0.2916566,0.2948094,0.30478945,0.29040268,0.30285698,0.27162263,0.30851942,0.28607678,0.27459672,0.30423462,0.2952139,0.2944688,0.3002868,0.29956314,0.30954832,0.2951905,0.3066218,0.30208462,0.28699964,0.3013949,0.28693503,0.29741296,0.30115741,0.32343882,0.29741967,0.2980941,0.3038775,0.2834374,0.29065052,0.28711796,0.31541985,0.29517928,0.28933385,0.29447642,0.2792485,0.29373604,0.28486854,0.31732488,0.26979405,0.29219404,0.275039,0.30205983,0.29745835,0.2918405,0.28696653,0.33529517,0.30434045,0.30117652,0.28138497,0.27950826,0.28950992,0.30972227,0.2809198,0.29743683,0.29731536,0.2963586,0.293324,0.29977435,0.2933971,0.27997014,0.29795235,0.3067532,0.29952726,0.24695079,0.30647445,0.25976357,0.27121168,0.26268056,0.3255907,0.30006927,0.2848739,0.28922635,0.3140454,0.30139497,0.28057513,0.30593875,0.29290965,0.30758196,0.30257872,0.29294258,0.27986652,0.2820163,0.27204913,0.29787564,0.2765185,0.28087172,0.30640113,0.29975122,0.29395542,0.30618778,0.28756425,0.29702222,0.3000124,0.2962363,0.29316312,0.29917186,0.30765393,0.29115245,0.3013426,0.29970318,0.2916784,0.29630262,0.27431074,0.28078428,0.30082634,0.2851081,0.2891367,0.30001205,0.29323936,0.28467944,0.2975452,0.30337825,0.29817575,0.30522043,0.29856336,0.27050906,0.2931916,0.26963413,0.28448227,0.3108868,0.3069091,0.26190493,0.27894092,0.31235754,0.28624558,0.29622972,0.28791797,0.29740745,0.30011207,0.29489064,0.27915645,0.30320737,0.28671893,0.27312157,0.29874322,0.30606908,0.31530172,0.29453227,0.31019324,0.29983863,0.29233637,0.30029044,0.29791832,0.28699464,0.28867394,0.28657505,0.31708124,0.31694525,0.31973585,0.30526492,0.29744095,0.31955925,0.29421368,0.28866568,0.30493873,0.29552707,0.31047484,0.31330928,0.30925032,0.2995558,0.2946064,0.2869838,0.30932397,0.30953446,0.2914063,0.28146935,0.3142819,0.27646828,0.28046525,0.3036183,0.29579967,0.26753107,0.28504422,0.2748917,0.2963448,0.3035398,0.30828038,0.28499538,0.29139045,0.28568822,0.29765528,0.2939309,0.2945308,0.28668728,0.29495418,0.27488035,0.29491273,0.3049014,0.2925506,0.29164553,0.28924182,0.31067818,0.29962498,0.29453912,0.30874658,0.27734414,0.29850948,0.285591,0.29725915,0.28341347,0.29340702,0.27932516,0.29193914,0.2851994,0.2891721,0.30415365,0.30278686,0.27643314,0.28715777,0.2975397,0.29440632,0.2832859,0.29626757,0.2840395,0.27612546,0.28599155,0.3107317,0.28376412,0.3072083,0.28934225,0.2829823,0.311474,0.29201895,0.29595944,0.2684876,0.27731103,0.28712898,0.31947482,0.29282087,0.28800547,0.3026125,0.29165918,0.2848466,0.30122292,0.30918112,0.29667902,0.31006598,0.28045455,0.3004913,0.2854063,0.2816361,0.3144501,0.30941197,0.31678754,0.27260423,0.28354096,0.300788,0.31118405,0.2859539,0.27937025,0.29412386,0.26601732,0.30448857,0.3002624,0.29367888,0.2834597,0.2809912,0.29692376,0.3062198,0.2850774,0.2939833,0.2900534,0.2850736,0.29598653,0.30645773,0.295346,0.28371605,0.2974827,0.3043495,0.31754532,0.29270113,0.29872757,0.28644344,0.29183072,0.2879333,0.30637172,0.2842061,0.2884172,0.3083261,0.29582334,0.28492922,0.31713027,0.25977948,0.29788303,0.30046013,0.28902635,0.28473347,0.28938,0.3248885,0.2740084,0.30053908,0.295932,0.28712273,0.29283965,0.30691722,0.3177305,0.3037962,0.29637307,0.2985775,0.2789755,0.2809933,0.2936404,0.30575773,0.27924782,0.2848039,0.2949642,0.29592586,0.30443105,0.30442783,0.3082866,0.29437587,0.29495385,0.29049897,0.29732972,0.28852868,0.2984805,0.28343567,0.2978936,0.30467683,0.28098235,0.29530224,0.28529033,0.29174668,0.28416944,0.29190445,0.30218428,0.29581925,0.2751761,0.30397195,0.2862955,0.27113977,0.28262675,0.28576887,0.30654496,0.29114133,0.30264035,0.30514273,0.30496183,0.28504434,0.29030856,0.30537075,0.3225083,0.2833125,0.2910868,0.2934821,0.2939818,0.31418577,0.28005245,0.2715996,0.3040127,0.29258817,0.26998642,0.27469498,0.2832464,0.2859105,0.2808366,0.28120923,0.2975251,0.28176546,0.30721614,0.31808472,0.30073687,0.29119754,0.2907015,0.28997356,0.31112018,0.30698973,0.31528047,0.28895584,0.3056546,0.30073094,0.3157737,0.3159648,0.2888965,0.28551236,0.29902303,0.29420948,0.26670134,0.29619497,0.27939266,0.27616987,0.31736976,0.2998637,0.30423197,0.29144642,0.28899878,0.2970742,0.30256218,0.29350507,0.30323675,0.29911423,0.2927268,0.29771444,0.30408174,0.2981913,0.27634558,0.28702545,0.2970669,0.29970568,0.2684906,0.2735089,0.297136,0.31424686,0.3035146,0.3060904,0.3077174,0.3122797,0.30177745,0.30768955,0.28433675,0.29651803,0.29455644,0.30016357,0.3126706,0.30301097,0.2780863,0.28755435,0.28931528,0.28137216,0.29961848,0.28258988,0.28039208,0.3139608,0.29693323,0.2805289,0.31718105,0.30480248,0.28548515,0.28932267,0.29367664,0.29206663,0.29273573,0.30095622,0.3196195,0.27458906,0.27933148,0.30020574,0.32943395,0.29289398,0.28001526,0.30907303,0.30480754,0.30579677,0.3123363,0.28402126,0.27639934,0.29931158,0.27348357,0.32167938,0.29831737,0.28849453,0.29893446,0.28172693,0.30382892,0.27251434,0.29175788,0.3032906,0.29536968,0.29404062,0.3064004,0.31663644,0.29872155,0.28462452,0.28407487,0.29034197,0.31317127,0.31586525,0.2717933,0.30263844,0.29120862,0.2954591,0.30888206,0.28882518,0.28224152,0.28868127,0.28963935,0.29293185,0.26841217,0.29826337,0.30724967,0.28913155,0.2785917,0.2970342,0.29634607,0.28523797,0.30336052,0.3065574,0.29480314,0.29841003,0.2884693,0.29355067,0.28238395,0.31933296,0.31151253,0.29347602,0.2911955,0.28039435,0.3026614,0.32097986,0.29007277,0.29076502,0.31191915,0.29301998,0.31277448,0.28607115,0.28468102,0.3101518,0.2667727,0.31232452,0.29927558,0.29899633,0.31014118,0.27077156,0.29493436,0.27590084,0.29003647,0.28803378,0.29124585,0.29472488,0.30708686,0.30459315,0.3013823,0.28009555,0.29635823,0.27325916,0.27340344,0.27887198,0.28615686,0.2692165,0.28688458,0.30544865,0.293865,0.29761392,0.28677368,0.31886196,0.29553548,0.28276995,0.2944492,0.30195025,0.2967888,0.29655743,0.2898959,0.29218,0.29145566,0.30448878,0.29395688,0.29132453,0.31252936,0.31532672,0.30442923,0.27976537,0.29221764,0.29447454,0.2859202,0.28734326,0.29483485,0.27671447,0.30997112,0.29907846,0.28419566,0.2907803,0.28963926,0.29909453,0.27945173,0.2917097
1.2876452,1.2914993,1.2686121,1.2727808,1.2712396,1.271381,1.2723293,1.3057159,1.3031442,1.2690485,1.2892895,1.2948298,1.2867894,1.2894722,1.3041703,1.2831316,1.2724285,1.2827677,1.2858012,1.2886325,1.3000284,1.2897408,1.266842,1.2771413,1.287046,1.3041903,1.2737448,1.2977043,1.2789832,1.2791971,1.2848696,1.2937679,1.2888664,1.2836258,1.2808487,1.2890487,1.2983828,1.2835627,1.2844548,1.2784235,1.2648244,1.293703,1.2867708,1.2600867,1.2804484,1.2657025,1.2880498,1.2891183,1.2843168,1.2766566,1.277357,1.2938093,1.278473,1.2894226,1.2974955,1.2548908,1.2681822,1.2803359,1.2760675,1.2827251,1.2826983,1.2556714,1.2696885,1.2946454,1.2915475,1.2791497,1.290627,1.2890285,1.2866104,1.2812912,1.2520536,1.2859118,1.2793767,1.2672575,1.2799066,1.2911674,1.2955301,1.28547,1.2773064,1.2913326,1.274363,1.2756904,1.2841829,1.3011092,1.2901474,1.2880018,1.2794368,1.2699136,1.2665201,1.2827697,1.2807076,1.2611657,1.2834113,1.2820756,1.2870407,1.2733115,1.251257,1.2831753,1.281841,1.2890705,1.2877756,1.3022095,1.2658226,1.2864574,1.2864685,1.2648181,1.2809898,1.3039223,1.2800158,1.2813829,1.2864058,1.2821276,1.2842753,1.2844744,1.2773733,1.278547,1.279988,1.290025,1.2908272,1.29345,1.2829716,1.269984,1.2849323,1.2822502,1.3018806,1.2797952,1.2656564,1.2795663,1.2906371,1.2832396,1.288489,1.2814229,1.2785718,1.2796068,1.2859633,1.2742088,1.3003246,1.2919929,1.2796806,1.2651312,1.2995447,1.2854772,1.2789135,1.2781563,1.3009536,1.2767396,1.273988,1.2793924,1.2728689,1.279839,1.2824848,1.3089339,1.2892506,1.28354,1.2833291,1.2876612,1.2789072,1.289346,1.2897195,1.2844943,1.2747728,1.2951019,1.2625159,1.2931678,1.2899302,1.2898415,1.2836632,1.2932774,1.2774318,1.2670301,1.2889646,1.2908319,1.2859675,1.3029591,1.2930101,1.2556983,1.3022006,1.3088022,1.2784891,1.2930917,1.287917,1.2996963,1.284487,1.2795746,1.2702831,1.2803448,1.2778172,1.2610841,1.2898988,1.3021021,1.2942394,1.2884393,1.299931,1.2842336,1.2958752,1.3020127,1.2669274,1.2856772,1.2784085,1.299308,1.2926464,1.2903857,1.2733921,1.275472,1.2719543,1.2677817,1.2807567,1.2747744,1.2976946,1.2598966,1.275375,1.2913889,1.2624016,1.2854882,1.2895719,1.2877967,1.2999432,1.2809618,1.3040129,1.2975314,1.3251009,1.2745472,1.2918214,1.2969398,1.2747314,1.2790023,1.2899222,1.3096979,1.2770803,1.2726912,1.2704201,1.2886164,1.2833484,1.2817756,1.2708539,1.2879812,1.3124257,1.2750682,1.2737472,1.2869989,1.2847441,1.2747173,1.282451,1.2966411,1.2936156,1.2789441,1.2851459,1.2983308,1.2911665,1.2730852,1.263374,1.2918197,1.2997246,1.289592,1.2777824,1.2983922,1.2809672,1.277084,1.288024,1.2771128,1.3006485,1.2631769,1.2806967,1.2757741,1.288641,1.2868364,1.2852348,1.2959005,1.3050294,1.2916855,1.3039274,1.2869074,1.294116,1.2757715,1.2940046,1.2930914,1.2807258,1.2827871,1.29998,1.2502432,1.2861594,1.2916869,1.2840614,1.2734983,1.2920451,1.2727607,1.2736859,1.286144,1.2947866,1.2866504,1.289649,1.2828343,1.2765135,1.2852848,1.2890912,1.2714685,1.2891607,1.2711421,1.2962737,1.2796139,1.2691014,1.2880788,1.281051,1.2888461,1.2834599,1.2509686,1.2636065,1.2877586,1.263392,1.2878718,1.2709935,1.2826685,1.2930326,1.2891337,1.2678463,1.2914034,1.2795115,1.2782077,1.2952511,1.2894061,1.2856058,1.2732077,1.27844,1.2976748,1.2791003,1.2952327,1.3038739,1.2883149,1.2796298,1.3067979,1.2901695,1.2799281,1.2845668,1.2945768,1.257924,1.278374,1.2615547,1.2846503,1.2881917,1.2826023,1.2989584,1.2644671,1.2916272,1.2824876,1.2767105,1.2849208,1.2594409,1.2788769,1.2745147,1.2699627,1.2954489,1.2641648,1.2968804,1.2812526,1.2891426,1.2774489,1.2756449,1.2983103,1.2917897,1.2815219,1.2981108,1.2661784,1.2833456,1.2796689,1.2691015,1.2803377,1.3083746,1.297956,1.2676282,1.2707782,1.2805382,1.2756813,1.2787576,1.2946026,1.2914039,1.2785118,1.2994146,1.3036238,1.2661854,1.2657186,1.2940007,1.2740977,1.2838756,1.264468,1.2635019,1.2735778,1.2970458,1.3042445,1.2846488,1.2954097,1.2657043,1.3051927,1.2869668,1.2570565,1.2833953,1.2688692,1.2788037,1.2798561,1.2875949,1.2782747,1.2590163,1.283337,1.2800747,1.2936085,1.2868572,1.2756971,1.267141,1.2963148,1.2880055,1.2780305,1.2912366,1.2901913,1.2798982,1.2986262,1.273832,1.2804519,1.2853771,1.2757634,1.2946734,1.2761182,1.3190262,1.2714483,1.2959136,1.2702371,1.2812947,1.2909489,1.274181,1.2875675,1.2871658,1.2757797,1.2853218,1.2734774,1.2818729,1.2877733,1.2640173,1.2643275,1.2989175,1.2836602,1.2904408,1.3013383,1.2878398,1.2794647,1.2971557,1.2799556,1.2849699,1.2838721,1.266122,1.297845,1.2829487,1.2937392,1.280519,1.2737012,1.2955655,1.2599041,1.2827449,1.274478,1.2819563,1.2783433,1.2675664,1.2827549,1.3052605,1.2904682,1.275515,1.276174,1.2898768,1.275607,1.2855844,1.2707998,1.2775618,1.2757344,1.2749119,1.2881892,1.2798232,1.2738757,1.2893107,1.2810684,1.286839,1.278629,1.2668352,1.2777566,1.2874871,1.2954953,1.2977204,1.2814028,1.2872854,1.3040541,1.2735192,1.290313,1.2867341,1.2911209,1.253184,1.2934036,1.2914104,1.2805306,1.2917571,1.2857885,1.2763888,1.2784382,1.2837803,1.2752917,1.2815729,1.2641672,1.2820137,1.2966093,1.259081,1.296207,1.3011283,1.2760774,1.2870418,1.2894623,1.2801912,1.2953144,1.2946068,1.285589,1.2784407,1.2806203,1.3039141,1.2729125,1.279236,1.288914,1.2882494,1.2736595,1.2961649,1.291187,1.2778072,1.2665226,1.2990241,1.2883213,1.2682446,1.2710375,1.2927465,1.2782053,1.2666628,1.28493,1.2627301,1.2690632,1.2794235,1.2851216,1.2786304,1.2819985,1.2586917,1.2904425,1.2732363,1.2892137,1.2793094,1.2875352,1.2866905,1.2818966,1.2915503,1.2904608,1.2710304,1.2779535,1.2915435,1.2900597,1.2755132,1.2693509,1.3041431,1.2804345,1.2831358,1.2870474,1.2812592,1.2888577,1.282156,1.2966496,1.2875276,1.2581,1.2851089,1.2870271,1.2623281,1.284754,1.2814332,1.2849396,1.2860754,1.2729048,1.2913616,1.2809906,1.2861302,1.2818445,1.2879597,1.291559,1.2887533,1.2749852,1.3039163,1.2671634,1.2731419,1.2800419,1.2660241,1.2800661,1.2775909,1.2797002,1.2940478,1.292556,1.2899356,1.2968969,1.2913865,1.2798744,1.2854273,1.2859675,1.2780882,1.2876378,1.279313,1.268381,1.2766459,1.2700884,1.2729676,1.2904894,1.2935265,1.2791191,1.2758723,1.2665365,1.2722746,1.3000903,1.2998555,1.2719533,1.2666931,1.2615858,1.2737235,1.2691687,1.2961953,1.2767105,1.2805341,1.2726451,1.2938662,1.2808243,1.2846987,1.2800912,1.2913238,1.2782389,1.2765186,1.2844262,1.2965515,1.2893832,1.2925655,1.3174502,1.2943213,1.2870849,1.2776619,1.2972435,1.3009065,1.301241,1.2890474,1.2692351,1.2992336,1.3021436,1.2865964,1.2827061,1.2860612,1.2901299,1.29098,1.2752734,1.2795407,1.2809774,1.2872697,1.2688627,1.2837355,1.2921844,1.2749274,1.2786069,1.2855886,1.2873361,1.2691158,1.2909966,1.2594182,1.2803963,1.2525756,1.2878168,1.2754339,1.291072,1.2874086,1.2897421,1.2833661,1.2931857,1.2779902,1.2738855,1.298129,1.3032587,1.286228,1.2881685,1.2854043,1.281754,1.2820251,1.2901567,1.2883241,1.2858571,1.3035967,1.2756506,1.294221,1.3023417,1.2740058,1.2808433,1.290523,1.2903455,1.2900869,1.3040681,1.2926174,1.2558273,1.2813977,1.2970774,1.2911866,1.2718028,1.2799525,1.2952601,1.2872559,1.2775882,1.2803211,1.2989537,1.2845592,1.255069,1.2991799,1.2881732,1.2852371,1.2801056,1.2737722,1.2948767,1.2695293,1.280281,1.2734373,1.2743104,1.2933483,1.2912096,1.2753035,1.2708747,1.2748253,1.2897205,1.3008423,1.290335,1.2725124,1.277799,1.290076,1.3005902,1.2804375,1.2987152,1.2741381,1.2969228,1.2798054,1.2882415,1.2785174,1.2947346,1.2733251,1.2799228,1.2979597,1.2924448,1.2583104,1.2625481,1.2603437,1.2986674,1.2946094,1.2885753,1.2691057,1.2719821,1.2877339,1.2924778,1.2964711,1.2848868,1.2797736,1.2850199,1.2960523,1.275002,1.3105581,1.2842145,1.2925482,1.2815819,1.2881472,1.2787108,1.2828281,1.2731949,1.2761735,1.2845094,1.3022709,1.2882923,1.2762841,1.2775264,1.2742358,1.2978384,1.3098018,1.2847679,1.2819457,1.2880232,1.28944,1.2962035,1.2959661,1.2900127,1.3192291,1.2890464,1.2830157,1.2866473,1.2888176,1.2771997,1.2700052,1.2695354,1.2873079,1.2941697,1.2776005,1.2813847,1.2918847,1.2883425,1.2763255,1.3007802,1.2697884,1.2736344,1.2873032,1.2959676,1.2980585,1.276607,1.2826234,1.2815285,1.2972577,1.2743955,1.2543846,1.2893867,1.2896895,1.2834347,1.2886009,1.2741942,1.2745548,1.2616799,1.2661364,1.2744464,1.3144205,1.2938981,1.2649609,1.276968,1.2950073,1.2937019,1.2622099,1.2918277,1.3040464,1.2660215,1.2621177,1.2871656,1.2714325,1.2734183,1.3039564,1.2804582,1.2893515,1.2888539,1.2724811,1.2653716,1.2972205,1.2856878,1.2873465,1.2686892,1.2791779,1.2677562,1.2824253,1.2762192,1.2635862,1.261612,1.2895412,1.2788091,1.2720925,1.2865639,1.2879007,1.2727534,1.2782627,1.2963316,1.2872372,1.2836323,1.2787491,1.2860903,1.3051846,1.2905967,1.2962015,1.2884003,1.2737708,1.2793851,1.3008028,1.283159,1.2945389,1.287912,1.2836955,1.2770823,1.2650274,1.2743869,1.2950432,1.2829009,1.2841725,1.2704453,1.2830563,1.2932163,1.2894348,1.2752881,1.303831,1.2829989,1.2921156,1.2885277,1.2889115,1.2912155,1.2690284,1.2776552,1.2749673,1.2956803,1.2966459,1.2882695,1.2903149,1.265193,1.2724224,1.2807012,1.2698448,1.2716813,1.267791,1.287481,1.2893453,1.2749478,1.2709184,1.2828603,1.2688606,1.2864678,1.280608,1.2861555,1.2806157,1.2795578,1.2726437,1.2835912,1.2920332,1.2898356,1.2634414,1.3057398,1.2769971,1.2831663,1.2558688,1.2877197,1.2879188,1.2646912,1.2870559,1.303582,1.2652843,1.2651631,1.2905592,1.250771,1.2843057,1.29246,1.2845845,1.3031641,1.2742875,1.274187,1.2876711,1.2830883,1.2745869,1.3013545,1.2783151,1.2910005,1.2866709,1.2827067,1.2895834,1.2739036,1.2835002,1.2941178,1.3081563,1.3084531,1.2923653,1.2694032,1.280394,1.2934115,1.2764826,1.271973,1.2917337,1.2937685,1.2854104,1.3017664,1.2816639,1.3011802,1.2645613,1.2853445,1.2702584,1.276596,1.2818627,1.2946067,1.2814701,1.2994847,1.2982932,1.2828243,1.2817519,1.2773857,1.2902036,1.2830534,1.2976403,1.3083744,1.3064039,1.3027459,1.2951667,1.2923155,1.2771739,1.279684,1.2781557,1.2898113,1.2829705,1.291282,1.2620468,1.2763659,1.2750636,1.2812263,1.2945946,1.2887695,1.2819707,1.2900373,1.2724313,1.2903078,1.2917784,1.2788734
1.0388213,1.0658109,1.0633607,1.0705005,1.0603431,1.0688695,1.0610795,1.0877528,1.0758451,1.0850549,1.0554198,1.0780914,1.0613554,1.0726573,1.0985785,1.0727037,1.0594399,1.0464965,1.0950083,1.0782189,1.0637754,1.0621288,1.0574882,1.0790719,1.0752285,1.0798689,1.0709592,1.0750662,1.0827266,1.081764,1.0812637,1.0722939,1.0813755,1.0711765,1.0807718,1.0657748,1.0531486,1.0518736,1.0704265,1.0876703,1.0842712,1.0795826,1.0759759,1.0377038,1.0607786,1.0606112,1.0605102,1.0774515,1.07236,1.0483478,1.0524849,1.0877244,1.0772369,1.0730982,1.0470744,1.0644907,1.05762,1.0731362,1.0619376,1.0811727,1.0602663,1.0887343,1.0758343,1.0820141,1.09811,1.09849,1.076046,1.0940307,1.0673378,1.0660944,1.0635394,1.0717784,1.0690387,1.0786954,1.0861452,1.0838913,1.0737425,1.0861784,1.073859,1.0921593,1.0689553,1.0698391,1.0897381,1.074291,1.0623128,1.0588895,1.068883,1.0635881,1.0654275,1.0859149,1.0655248,1.0780343,1.0893433,1.075312,1.0549318,1.0626898,1.0429318,1.0583977,1.1015493,1.0735059,1.0632985,1.0656222,1.0670131,1.0760922,1.0760078,1.0817384,1.0572724,1.067166,1.0796751,1.0731603,1.0710374,1.0645076,1.0629219,1.07147,1.0693337,1.0705925,1.0611693,1.0858428,1.0636837,1.0707937,1.0629276,1.0497829,1.0766342,1.0580353,1.0674516,1.0608181,1.0650249,1.0608623,1.0647271,1.0625,1.0849166,1.0615103,1.0750732,1.0614341,1.0682704,1.0529643,1.0886312,1.0790668,1.0719672,1.0637742,1.0792876,1.0774367,1.089347,1.0677264,1.0822597,1.0700893,1.0707719,1.0866354,1.0806481,1.0522153,1.0874676,1.0608776,1.0920924,1.0793071,1.1022689,1.0823497,1.0932547,1.0649986,1.0685134,1.0667086,1.0556648,1.0777752,1.0694813,1.0731907,1.0920198,1.0982677,1.095581,1.0925648,1.0850929,1.0657068,1.0604739,1.0508146,1.0774248,1.0698798,1.0711509,1.0448996,1.0573413,1.0876116,1.0624104,1.0789742,1.0585213,1.0738438,1.0612955,1.0511003,1.0635294,1.0636019,1.0566068,1.0466747,1.0756899,1.0926199,1.0709895,1.0813532,1.083703,1.0522599,1.0647459,1.0763879,1.0732161,1.0868311,1.0897363,1.0705194,1.0880504,1.0808868,1.0800827,1.0786405,1.0557396,1.072475,1.0527514,1.0791965,1.0878283,1.059425,1.0836842,1.0970112,1.053706,1.0866477,1.0807784,1.1089106,1.0608684,1.0630214,1.0724193,1.0802662,1.0802621,1.0615361,1.0974362,1.0792876,1.0660814,1.0648718,1.06639,1.0796623,1.073604,1.0629336,1.0519707,1.0822086,1.0934076,1.0643654,1.0657356,1.0658716,1.1064411,1.0566016,1.0551527,1.0923535,1.0684552,1.0770255,1.0754422,1.0826312,1.0692418,1.0857807,1.0697585,1.0720497,1.0751028,1.0689437,1.0643677,1.0610646,1.0906765,1.0529237,1.0800871,1.086649,1.072874,1.0755862,1.0876737,1.0706019,1.0846947,1.0544001,1.0671489,1.0908035,1.0740529,1.0587051,1.0451123,1.0761681,1.094309,1.0740684,1.0653741,1.07449,1.0578454,1.0666313,1.0670902,1.0565606,1.0738354,1.0743898,1.0886725,1.0560669,1.0718338,1.076857,1.0810974,1.0729139,1.09664,1.057305,1.0645946,1.0773374,1.0739034,1.0643647,1.0824898,1.0786349,1.0807339,1.0656176,1.0436685,1.0472816,1.0880282,1.064179,1.0870864,1.0632181,1.0970392,1.0871602,1.0795603,1.0862657,1.0759468,1.0449924,1.0580009,1.0873699,1.0672529,1.0624065,1.0690587,1.0792079,1.0774499,1.0765136,1.0540812,1.0718151,1.0923564,1.0834165,1.0742565,1.081032,1.085384,1.0889299,1.0695629,1.083057,1.0572114,1.0853081,1.069965,1.0745327,1.0851419,1.0974343,1.0772537,1.0816818,1.0804161,1.0734285,1.0751373,1.0789793,1.0655826,1.0860459,1.0868623,1.0750175,1.0696996,1.0847102,1.0770531,1.0710918,1.0650538,1.0690703,1.0712707,1.0695732,1.0696788,1.0641279,1.0625423,1.0456148,1.0866449,1.0805129,1.0742245,1.0614475,1.0668478,1.0718967,1.0652821,1.07975,1.0853716,1.0864546,1.0528603,1.0588944,1.0787972,1.0720465,1.0860426,1.0688677,1.0606902,1.0687844,1.0729978,1.0677006,1.0688713,1.0767404,1.0901966,1.0718167,1.091807,1.0693728,1.0517644,1.0695965,1.0784166,1.072513,1.0406979,1.0640942,1.0668405,1.0791836,1.0819298,1.0546495,1.0654824,1.1053392,1.0784694,1.0777407,1.089478,1.0698081,1.0947465,1.0832157,1.0945784,1.0656965,1.0897057,1.0668783,1.0654619,1.0574934,1.0743973,1.0776745,1.0838017,1.0718814,1.0556208,1.0583037,1.0936319,1.0656532,1.0649176,1.0704399,1.0702579,1.0813966,1.0795958,1.0790536,1.0726144,1.070345,1.0728396,1.0537735,1.0680186,1.0775566,1.0682352,1.0626999,1.0698749,1.0906171,1.0901892,1.0736703,1.085837,1.0609113,1.0661954,1.0630711,1.0768526,1.0626442,1.054432,1.0716772,1.0846391,1.0682073,1.0769458,1.074271,1.0760068,1.0758001,1.0668658,1.0483983,1.0596474,1.0611544,1.0615003,1.0871629,1.0572542,1.0435277,1.0686815,1.082511,1.092893,1.0528047,1.0737617,1.0923616,1.0833478,1.0639404,1.0666871,1.0616593,1.085393,1.0759226,1.0874592,1.0683447,1.0921113,1.0723264,1.0807868,1.0718817,1.0667938,1.0834421,1.0722998,1.0955044,1.0562824,1.0599802,1.070183,1.0931712,1.0824289,1.0875947,1.07494,1.089523,1.0613171,1.086623,1.0671806,1.0722494,1.0908395,1.0741394,1.0355313,1.0932065,1.0667626,1.069701,1.0553089,1.0673221,1.088534,1.0658817,1.0775303,1.0858431,1.0697634,1.0667688,1.0777352,1.076097,1.093727,1.077329,1.093057,1.0767112,1.0539818,1.078627,1.1017472,1.0731292,1.068806,1.0626074,1.0668863,1.0617495,1.0749172,1.0783492,1.0743492,1.0649817,1.08345,1.0850701,1.0610113,1.0805427,1.0819144,1.0666355,1.0646524,1.0856225,1.0696462,1.0740676,1.0638616,1.0763482,1.0710177,1.0645556,1.069246,1.0730175,1.0712813,1.0662878,1.0543249,1.0664681,1.0839802,1.0821753,1.0783169,1.0717442,1.067873,1.090225,1.071361,1.0442848,1.0712491,1.0700135,1.0750283,1.0786837,1.0628816,1.0751078,1.0658854,1.0531365,1.0794648,1.0738393,1.0621773,1.0618684,1.0894777,1.0635403,1.0456176,1.0592366,1.0605767,1.0896028,1.0903254,1.0865474,1.0636119,1.0692216,1.0580703,1.0650139,1.0651484,1.0865486,1.0691758,1.0696607,1.0622127,1.0559111,1.04513,1.0743854,1.0701115,1.0722457,1.0653601,1.0695448,1.0664874,1.0550485,1.0562866,1.0661774,1.0569347,1.0685056,1.0628381,1.0765337,1.0567187,1.0902818,1.0606021,1.0842849,1.0850489,1.0839401,1.0898912,1.0730625,1.062465,1.0673751,1.0638825,1.0813963,1.0665216,1.0482734,1.084101,1.0852239,1.0658356,1.0637076,1.0855557,1.065657,1.0664779,1.0910963,1.0528125,1.0814403,1.0770359,1.0648874,1.0823646,1.0889264,1.0668179,1.0522193,1.0835669,1.0719614,1.0566192,1.0708252,1.0859034,1.0633966,1.0791346,1.0853757,1.0743544,1.0617294,1.0884867,1.0649557,1.0754014,1.0684283,1.0739517,1.1016738,1.0900896,1.0863063,1.071216,1.0809985,1.0982776,1.1072092,1.0802648,1.0646379,1.0788395,1.0868456,1.0703818,1.0965351,1.0680311,1.0676528,1.0896679,1.0753508,1.0783935,1.069845,1.0907323,1.0313755,1.0701174,1.0812564,1.0635164,1.0698166,1.0762088,1.0852749,1.077517,1.0921948,1.0600569,1.0992528,1.0996906,1.0782022,1.0647267,1.0707138,1.0921967,1.0748527,1.0616292,1.0545831,1.0839311,1.079491,1.0777804,1.0886191,1.0757657,1.0680995,1.0544418,1.0763454,1.067769,1.0868793,1.0654316,1.0597801,1.0776302,1.0646718,1.0872496,1.0892407,1.0555444,1.0898722,1.0728137,1.0647748,1.0652791,1.0761724,1.0906516,1.064524,1.0882132,1.0819728,1.0821849,1.0597013,1.0663772,1.0806981,1.0880907,1.0571768,1.0668544,1.0761355,1.0903511,1.0708066,1.0844197,1.0782979,1.0614125,1.0702565,1.059405,1.0673203,1.0743822,1.0807232,1.0736315,1.0784401,1.0866383,1.0523729,1.0887958,1.0639808,1.0608584,1.0606791,1.1109772,1.1010014,1.0759784,1.0674583,1.0972205,1.0831363,1.0579509,1.0771044,1.0598725,1.092816,1.0598292,1.084445,1.0564566,1.0783112,1.0581781,1.0870066,1.0742968,1.0757334,1.070735,1.0821042,1.0699153,1.0716898,1.0771862,1.0856216,1.0930144,1.0792001,1.0857142,1.0870843,1.0901086,1.0880543,1.079833,1.0823038,1.0929159,1.0515482,1.097093,1.0849137,1.0758035,1.0619335,1.0931444,1.0756578,1.06653,1.069046,1.0747074,1.0570966,1.0725422,1.0655738,1.068903,1.0522649,1.0788914,1.0713896,1.0871292,1.075406,1.0601125,1.0832989,1.100309,1.0954324,1.0745245,1.0605985,1.0839624,1.0793723,1.0831258,1.0754656,1.0928198,1.0802276,1.0713362,1.0728856,1.0872693,1.0918032,1.0703899,1.0502955,1.0698,1.0776814,1.0700415,1.0739256,1.0604372,1.0754193,1.0687026,1.0605742,1.0743243,1.0677522,1.0687968,1.07689,1.0538903,1.0672687,1.0423472,1.0843712,1.073649,1.0816405,1.0896035,1.0626523,1.0438387,1.070114,1.0596957,1.0678389,1.0776834,1.0664958,1.0837836,1.0548792,1.0685006,1.0547644,1.055021,1.0734901,1.0830644,1.0731883,1.0593055,1.0776079,1.0731374,1.0639589,1.075096,1.0635417,1.0752988,1.0513833,1.0513353,1.0661983,1.0781655,1.0468421,1.0825375,1.0586882,1.0736926,1.0692201,1.0714587,1.0689527,1.075328,1.0589217,1.0638565,1.0548553,1.0875064,1.0724354,1.0831399,1.0528872,1.0756074,1.0662625,1.0846405,1.0809238,1.0777227,1.0749686,1.0690207,1.0819749,1.0871377,1.0988193,1.0614291,1.0772258,1.0859165,1.0880926,1.0552992,1.0641502,1.0981115,1.0814174,1.0422859,1.0860974,1.078885,1.0458001,1.0880944,1.068,1.0690207,1.073584,1.0767899,1.0603765,1.0844916,1.072861,1.0584918,1.0748558,1.0935355,1.0650246,1.0650458,1.0808651,1.0679669,1.0742958,1.0722162,1.0678185,1.0822637,1.031633,1.0773247,1.0585458,1.072435,1.0768834,1.0675069,1.0559784,1.0733614,1.0508299,1.0852609,1.0573509,1.0754875,1.0848553,1.0982431,1.0659912,1.0711832,1.0765814,1.0687909,1.087196,1.0766166,1.0662819,1.0630593,1.1005056,1.092306,1.0762616,1.0757537,1.0767803,1.0731475,1.0665332,1.0677167,1.1022164,1.0553558,1.0475643,1.048364,1.0675577,1.086962,1.0823703,1.0500145,1.055231,1.0758198,1.0740167,1.0740141,1.0902138,1.0538723,1.0776912,1.065643,1.0523956,1.0862119,1.0658714,1.0720041,1.0697147,1.0727255,1.0941877,1.0841082,1.0908326,1.0888624,1.0592952,1.0951743,1.0738736,1.0841352,1.0622165,1.0708306,1.0771724,1.0839392,1.0769931,1.0709294,1.0917635,1.0667611,1.0812043,1.066215,1.055095,1.0837357,1.080501,1.0941447,1.0625709,1.0688843,1.0699031,1.0656567,1.072841,1.072878,1.0676997,1.0734581,1.0900478,1.0654188,1.0778632,1.0844609,1.0641934,1.0810769,1.0774534,1.0640756,1.088926,1.0984572,1.074906,1.0736928,1.0725831,1.0683303,1.092275,1.0484128,1.0719986,1.0839516,1.0906438,1.0701729,1.082987,1.0878936,1.0575135
1.2814953,1.2865121,1.3174909,1.2750947,1.2977377,1.2795974,1.3019435,1.2995787,1.2777036,1.3009541,1.2871202,1.3001426,1.2855241,1.2961513,1.2918534,1.2856587,1.3083106,1.2926781,1.3172367,1.2912962,1.2958841,1.2971684,1.2976393,1.307247,1.2979207,1.3029315,1.2863169,1.3103133,1.3079877,1.2971455,1.304515,1.308039,1.287646,1.3030075,1.3088967,1.2928152,1.3049918,1.2966026,1.2861403,1.2990175,1.3046583,1.2929186,1.2913449,1.3061595,1.3108002,1.2874533,1.3058963,1.3055745,1.2883536,1.2969167,1.2959576,1.2902824,1.3074766,1.29383,1.2888417,1.2958341,1.2967626,1.2936772,1.3105191,1.2921398,1.3151978,1.3090909,1.2762091,1.2978309,1.2999246,1.2962441,1.305333,1.3022859,1.2751969,1.296889,1.2845056,1.2788041,1.315767,1.3148477,1.2966309,1.2910416,1.3100711,1.2812053,1.2920215,1.3048298,1.2841955,1.2888718,1.3072076,1.2995771,1.299725,1.291989,1.2863679,1.2951161,1.2936895,1.306508,1.2926244,1.2981182,1.2956419,1.2905309,1.3030505,1.2929262,1.3190451,1.2947906,1.307306,1.2886173,1.3096207,1.2989334,1.2801769,1.2930516,1.3067358,1.3213023,1.2966213,1.293426,1.287109,1.3096602,1.2991959,1.2936505,1.2917088,1.3100915,1.3012706,1.2995497,1.2927063,1.2849159,1.3175024,1.288062,1.3137863,1.2947854,1.2988548,1.2897489,1.29889,1.3138771,1.2927676,1.2994655,1.3166095,1.3062446,1.3131255,1.2820626,1.2998548,1.2722785,1.3137875,1.3056142,1.3089648,1.2778968,1.3224347,1.303199,1.2989185,1.3061078,1.3193,1.2945602,1.3040593,1.3014903,1.3141801,1.3156643,1.3079345,1.2915423,1.2924027,1.2837594,1.3077004,1.3123786,1.3354288,1.3074082,1.321186,1.3019028,1.3077486,1.2843473,1.2894231,1.3020158,1.2816368,1.3215988,1.3045202,1.3060435,1.2839462,1.3150226,1.314911,1.2986478,1.2939768,1.2924845,1.3082929,1.3025824,1.3071331,1.2865139,1.2956513,1.3088948,1.2946049,1.3072844,1.3145084,1.3176956,1.2690192,1.3040944,1.2972571,1.2800245,1.3062992,1.2964606,1.3173254,1.3037916,1.2948887,1.3038805,1.3294443,1.2899337,1.2895027,1.300936,1.2898972,1.2939856,1.3001293,1.31644,1.3149846,1.316417,1.3076252,1.3182783,1.2777491,1.2879851,1.2988741,1.3124762,1.3088503,1.3153603,1.2859942,1.2980427,1.3043075,1.3081942,1.3136384,1.3243741,1.299971,1.2770667,1.3183825,1.3017002,1.2950935,1.3152267,1.299663,1.307252,1.2938589,1.2839296,1.2949122,1.2936398,1.2882512,1.2985193,1.2836225,1.2903239,1.3014218,1.2940887,1.3019286,1.3000548,1.3030007,1.2762723,1.2755798,1.2913622,1.2890362,1.2902551,1.3000855,1.3090203,1.2750981,1.3047084,1.2971721,1.3029666,1.3080989,1.3255254,1.28715,1.2794572,1.2994504,1.2951052,1.3002452,1.2906592,1.3015711,1.3032058,1.313413,1.304271,1.315071,1.2993135,1.2840112,1.3044919,1.303314,1.2852714,1.2838798,1.297951,1.3141414,1.312675,1.3002236,1.3077585,1.3004605,1.2773771,1.2984972,1.3117236,1.303627,1.2984431,1.3263636,1.305198,1.3000922,1.305036,1.2875406,1.292474,1.3123827,1.3015767,1.3106219,1.3031203,1.3079146,1.2984532,1.2926329,1.2957364,1.3066206,1.3092942,1.2935035,1.2720189,1.3202854,1.3245965,1.278036,1.2923205,1.2960862,1.2915798,1.2867763,1.3045168,1.3014072,1.2837359,1.2938457,1.2934864,1.2939364,1.3062718,1.2886944,1.2714998,1.2918501,1.2920611,1.2930992,1.2886511,1.2975054,1.2895756,1.3007284,1.3121936,1.3084399,1.310826,1.2917169,1.3035274,1.2874432,1.2960078,1.2811054,1.3021481,1.2884471,1.287028,1.3144336,1.2876586,1.2940937,1.2937669,1.287403,1.3096223,1.2909167,1.3056437,1.2992097,1.3097286,1.2962737,1.2862946,1.2960776,1.2955514,1.2859712,1.3111767,1.2844852,1.3028558,1.2996457,1.322775,1.3161404,1.2815424,1.3195573,1.2747921,1.2956963,1.3077519,1.2962109,1.292898,1.2854897,1.3047563,1.3077977,1.2954996,1.2901007,1.3096422,1.3224093,1.3263563,1.298316,1.3031597,1.3122962,1.3153087,1.3123751,1.2969475,1.3146026,1.2715646,1.303366,1.309859,1.3048087,1.2898711,1.3013433,1.2972236,1.3007191,1.3132519,1.2861972,1.2899104,1.2929587,1.3072447,1.3134367,1.3099405,1.3017249,1.3076215,1.3068014,1.336487,1.3134888,1.2993168,1.3004155,1.3084104,1.2950296,1.2801491,1.3077863,1.2881866,1.2983929,1.2693427,1.292885,1.288203,1.2935605,1.2946987,1.2678103,1.2958343,1.3279332,1.3029104,1.2899028,1.2988704,1.2885029,1.2975537,1.3105133,1.308008,1.2877707,1.298046,1.2991481,1.309099,1.2864197,1.3064232,1.2992177,1.3119605,1.2799131,1.2833432,1.2845964,1.3223871,1.2975366,1.2995137,1.2969762,1.2673068,1.3101183,1.2825129,1.2833761,1.2989432,1.2989024,1.279361,1.283892,1.3003014,1.297401,1.2956545,1.3087664,1.2907718,1.2981274,1.3041353,1.2828401,1.3247991,1.2750869,1.3080308,1.3075292,1.3035035,1.3005773,1.2858053,1.3011423,1.3087919,1.3180646,1.3092986,1.2877544,1.3117602,1.3026505,1.2969806,1.2924509,1.3040874,1.3068697,1.306159,1.3028735,1.2903485,1.3019023,1.3037754,1.3159773,1.2845552,1.278793,1.2887714,1.2913189,1.2883337,1.2822237,1.3067735,1.2934608,1.3053422,1.3029667,1.3125092,1.3113321,1.310149,1.3059357,1.3155622,1.2930764,1.283843,1.3041612,1.2878575,1.2906249,1.2990348,1.2955525,1.2906778,1.2992624,1.3110514,1.2907641,1.2942032,1.2994066,1.2884545,1.322458,1.295211,1.3104122,1.2937398,1.2906575,1.2940809,1.3113369,1.2877599,1.2853113,1.3089664,1.2690358,1.317264,1.2990729,1.2725472,1.3100313,1.2932508,1.2879648,1.3168755,1.3107792,1.30462,1.3029768,1.2854741,1.2957736,1.3059758,1.2941835,1.3014199,1.2917901,1.2917547,1.2938677,1.3105353,1.274932,1.2991197,1.3206327,1.2824134,1.2987047,1.295883,1.3131441,1.3087329,1.320829,1.3165586,1.2902582,1.3179021,1.3016765,1.2955076,1.2990805,1.3060865,1.3000833,1.3125495,1.2920189,1.311613,1.2854975,1.3295178,1.3137172,1.2964803,1.2914733,1.2902122,1.3031014,1.2954978,1.310924,1.3148553,1.3007938,1.2951853,1.2879496,1.308465,1.2855445,1.3088673,1.2992866,1.323096,1.3065196,1.3154304,1.2867466,1.2988883,1.3078411,1.2901186,1.302644,1.3054794,1.2850534,1.31837,1.2992443,1.3012575,1.2973423,1.3151052,1.2912682,1.3019162,1.3118913,1.2862256,1.2827504,1.3060201,1.2814908,1.2822435,1.321132,1.2989669,1.2945857,1.2849033,1.3120146,1.311318,1.3179849,1.2664741,1.2892989,1.2993944,1.2947012,1.2813885,1.2818784,1.3038931,1.2910732,1.308521,1.3016647,1.3221405,1.287013,1.2954097,1.2756479,1.2848234,1.3014668,1.3022395,1.3211097,1.2764095,1.2826611,1.3108946,1.2796419,1.2991092,1.3043046,1.2893056,1.2833457,1.2785926,1.2976106,1.2935163,1.2674778,1.2874467,1.2937745,1.3042352,1.3046246,1.2896986,1.3045132,1.295768,1.3108716,1.2806538,1.312431,1.3153766,1.3055022,1.2983313,1.2843763,1.3012077,1.3196423,1.3173454,1.3019418,1.2966251,1.2982517,1.2877098,1.3133335,1.2790715,1.3140417,1.302773,1.2789445,1.2899708,1.2946037,1.3035909,1.2901447,1.2928945,1.3010519,1.2866353,1.2880536,1.3019595,1.2854484,1.2970569,1.2961082,1.3102454,1.303029,1.2905084,1.2839729,1.2996185,1.2972819,1.28423,1.3122618,1.2998625,1.2986988,1.3192487,1.2864099,1.3005425,1.3087604,1.3112338,1.3158906,1.299711,1.3113384,1.3178278,1.2998099,1.2978375,1.2875794,1.306115,1.296134,1.2997321,1.2978797,1.3040329,1.2786046,1.3065578,1.2976565,1.2927742,1.2954835,1.315986,1.285653,1.2961719,1.2981727,1.311853,1.3155191,1.2930121,1.2952874,1.2991627,1.2866728,1.3023264,1.3003688,1.2908398,1.2957151,1.279984,1.3049543,1.2964135,1.3067381,1.2999341,1.2918929,1.2911953,1.2875017,1.2929541,1.3041418,1.2974441,1.3052766,1.3120638,1.303965,1.2968633,1.3002856,1.32806,1.3101556,1.2935437,1.2779846,1.3074256,1.2930762,1.2932981,1.3036662,1.292265,1.3022099,1.2996714,1.29394,1.2967713,1.3015771,1.3037574,1.288269,1.2880398,1.302845,1.2980754,1.2811714,1.2946963,1.3102757,1.2985214,1.3223448,1.3161541,1.30128,1.3214614,1.2812657,1.2867786,1.2967248,1.3063318,1.3167545,1.2929658,1.3030825,1.3013015,1.3044035,1.2984262,1.2959799,1.3183894,1.3014946,1.2783946,1.2839577,1.2997363,1.2830521,1.2899635,1.2853436,1.3014091,1.3053026,1.2826453,1.304355,1.3002919,1.2955859,1.3140935,1.301566,1.2875924,1.3192519,1.3103083,1.3079239,1.3039513,1.3035247,1.3000448,1.3119503,1.2825612,1.281524,1.3203093,1.2988768,1.3011175,1.3080546,1.2978812,1.3129431,1.3034769,1.282115,1.2911431,1.2931999,1.2937524,1.2941879,1.3183273,1.2848542,1.2945492,1.2927892,1.292408,1.2832811,1.3084215,1.286208,1.2996138,1.2907363,1.3068193,1.3037893,1.3113058,1.3076103,1.2880267,1.283759,1.3030794,1.2998734,1.2933334,1.2928873,1.3032229,1.2952582,1.2959765,1.3109537,1.2850926,1.2859191,1.3021064,1.308142,1.305654,1.3189796,1.3112446,1.3119705,1.2777128,1.2837665,1.2957001,1.2937671,1.3050227,1.3041791,1.2893331,1.302237,1.3159189,1.3122082,1.2857094,1.2974892,1.2708282,1.2928153,1.3126462,1.302825,1.2884303,1.3077608,1.3009372,1.3055867,1.3005098,1.3191329,1.27461,1.2975216,1.307953,1.3058642,1.3132496,1.3265158,1.2882651,1.2995185,1.3140817,1.3214556,1.2917348,1.2916883,1.2916838,1.3176833,1.3043247,1.276466,1.300243,1.3278145,1.3010014,1.310715,1.3111621,1.2979324,1.2871958,1.2882845,1.3030148,1.3078425,1.3147328,1.3018814,1.2986124,1.3311623,1.27938,1.2967048,1.298427,1.3068492,1.2717266,1.3154173,1.3070302,1.2989061,1.2914592,1.2986541,1.289957,1.2985653,1.3109971,1.304853,1.310011,1.2937464,1.2956781,1.3184478,1.3118248,1.2867233,1.3113673,1.3126882,1.3050203,1.3004998,1.2656031,1.2957871,1.2878562,1.3091605,1.3007272,1.2835593,1.298046,1.2995676,1.2843677,1.2932746,1.3057241,1.2960021,1.3040359,1.3056439,1.3184577,1.2974851,1.2774416,1.2890756,1.292679,1.3087718,1.3012974,1.3038592,1.285633,1.2925856,1.2735927,1.2899101,1.2995903,1.3057349,1.3048109,1.291146,1.2975005,1.2988629,1.314606,1.2892761,1.2973636,1.2969435,1.2976633,1.3222754,1.2994708,1.3293682,1.2919059,1.304018,1.3042167,1.2869618,1.2917519,1.3122325,1.3053066,1.319583,1.3184319,1.3133898,1.2997153,1.3069665,1.2983373,1.3260635,1.2929475,1.3014357,1.3057753,1.3135544,1.3035656,1.3012828,1.3012431,1.3004239,1.2888496,1.3038884,1.2653791,1.301355,1.3086188,1.3029798,1.3016635,1.3157825,1.3053167,1.2957337,1.287907,1.3044851,1.3022498,1.2961978,1.313297,1.2896361,1.2943057,1.3007118,1.2963576,1.2981019,1.2697555,1.2975005,1.2902287,1.2929164,1.2973846,1.3122687,1.2954593
0.4861674,0.50795895,0.49282864,0.50694877,0.47738662,0.4900598,0.49001744,0.4983731,0.52176034,0.50419635,0.50998384,0.49423286,0.49254358,0.5119418,0.5073707,0.50082445,0.48912442,0.49445117,0.50679666,0.53150827,0.50032365,0.5051402,0.4960423,0.49349195,0.49788153,0.5086394,0.51736367,0.4921028,0.5054221,0.50701994,0.5002012,0.49655595,0.49667433,0.52450866,0.49972153,0.50448656,0.50683,0.49602413,0.52164876,0.494468,0.4947307,0.494947,0.50601906,0.4785642,0.49172062,0.50507456,0.48984745,0.5053388,0.50266325,0.4930724,0.5017664,0.52926284,0.4906341,0.5126742,0.5022315,0.49819103,0.49792254,0.5043568,0.48833644,0.46901086,0.48707098,0.5068214,0.5153069,0.4953918,0.5097236,0.49208027,0.5024706,0.5161039,0.5053486,0.5169691,0.5066878,0.5039574,0.51003945,0.5095622,0.48818853,0.5088612,0.5147629,0.5116149,0.49703798,0.52008575,0.49493754,0.51580644,0.5206198,0.50201535,0.517576,0.5091103,0.4978465,0.49461737,0.5052538,0.50488293,0.5084499,0.5042475,0.4878948,0.51134586,0.5033946,0.49504337,0.48463333,0.5032297,0.507386,0.48634115,0.49599686,0.4881007,0.49065766,0.5082268,0.49446964,0.5032824,0.52048796,0.47799242,0.4931002,0.5203113,0.49773985,0.501519,0.50650954,0.5107736,0.50732285,0.50960404,0.50479627,0.49930096,0.49876922,0.49785197,0.5081726,0.5050748,0.49942964,0.49879605,0.5030141,0.5132051,0.5208741,0.4955266,0.49483728,0.5092164,0.5037417,0.50230074,0.4915493,0.5122892,0.4858133,0.5006794,0.5070294,0.51416534,0.4867305,0.51724494,0.494169,0.51981705,0.5043911,0.49282494,0.49848565,0.51246005,0.49841586,0.49116516,0.49590334,0.49060053,0.49564028,0.50160325,0.51866394,0.50591534,0.5063931,0.48473135,0.5082872,0.48501512,0.499482,0.49179465,0.5179628,0.5071292,0.4833746,0.5019357,0.49194065,0.507822,0.51851416,0.4934441,0.504531,0.49816048,0.48291323,0.49550503,0.5116945,0.50611454,0.50060356,0.49818832,0.46859008,0.4989406,0.5299367,0.49726227,0.50719786,0.49722752,0.50311923,0.50360334,0.50209,0.49388546,0.49702758,0.49050385,0.4898544,0.5223178,0.50191844,0.4926631,0.51887774,0.49843043,0.5330515,0.51037705,0.51061076,0.5059633,0.5121327,0.50605863,0.49025285,0.48983043,0.48593166,0.4917959,0.5102725,0.50480026,0.502584,0.5197354,0.5108392,0.5194578,0.50896794,0.5082894,0.49363798,0.47887397,0.49097002,0.49974075,0.48872116,0.49852297,0.509926,0.49033114,0.51379484,0.5055436,0.49726805,0.51252943,0.49807113,0.503169,0.48215598,0.49861524,0.49618158,0.51896226,0.5124086,0.49654093,0.50482607,0.4908847,0.49318153,0.50121224,0.5070608,0.50982857,0.5065518,0.51622385,0.5013475,0.49896425,0.5084027,0.5044459,0.50150615,0.4940878,0.5137596,0.4951982,0.49389833,0.5030049,0.52374744,0.50654256,0.5151904,0.4982888,0.4875093,0.5251309,0.5077006,0.5175166,0.5211618,0.49507284,0.497693,0.49069655,0.49745348,0.51745105,0.50636214,0.5108933,0.488262,0.5181259,0.50468665,0.5254438,0.4954625,0.4762323,0.49925935,0.52422583,0.4956245,0.50949824,0.49918985,0.5122387,0.4939949,0.4979095,0.505032,0.5008952,0.51270527,0.49760458,0.51531005,0.4988793,0.5151802,0.4987086,0.49801424,0.47943494,0.5108758,0.48420677,0.5170275,0.49335963,0.50033677,0.49007624,0.5247514,0.5120668,0.4967214,0.48370743,0.5102943,0.49859536,0.5144163,0.52210885,0.5112212,0.5042127,0.5085099,0.5076207,0.47766018,0.49486744,0.5305849,0.5022393,0.5004202,0.4992752,0.4708761,0.5076,0.49815324,0.5173994,0.50798,0.5004684,0.5106742,0.49041718,0.50590074,0.48484164,0.52411205,0.47950992,0.5092456,0.4974953,0.5035062,0.49152383,0.50676924,0.53143835,0.50483096,0.49013495,0.4823036,0.50346714,0.52126694,0.51609516,0.5153508,0.5061363,0.5143902,0.51000714,0.52528113,0.49503288,0.49682015,0.50637025,0.5228092,0.49708766,0.4867789,0.48817062,0.4831928,0.50203663,0.5227945,0.5214014,0.5089718,0.50660723,0.49015963,0.5045963,0.5192104,0.527917,0.49301642,0.50521314,0.5135284,0.49820966,0.50416785,0.4992244,0.5028709,0.49860203,0.49295628,0.47927076,0.49119836,0.5018554,0.5026155,0.50258994,0.50619495,0.51440173,0.50182706,0.49963632,0.49887758,0.5187715,0.49361473,0.49572518,0.50092065,0.51023805,0.48498982,0.5003264,0.49402615,0.50398517,0.5045275,0.502275,0.5028985,0.50265956,0.48913935,0.5046298,0.4968981,0.50542855,0.49677688,0.50645936,0.51133543,0.5031529,0.48817998,0.48027295,0.48574674,0.5054331,0.49760026,0.4921647,0.5187756,0.52577853,0.4934675,0.5171546,0.5060291,0.5125966,0.4941598,0.50217766,0.49427643,0.50314015,0.52063334,0.49277744,0.50885165,0.51058125,0.5316569,0.5070258,0.5065854,0.4935224,0.51409054,0.52520853,0.52050716,0.5036069,0.49998596,0.49954143,0.5149829,0.49928457,0.49984214,0.50942105,0.5208223,0.5179741,0.5107311,0.51058316,0.51794136,0.48796824,0.49428284,0.50628763,0.49416563,0.48731428,0.504521,0.49406406,0.5047114,0.5116589,0.52576286,0.48796588,0.49254784,0.49295858,0.50449413,0.49401382,0.49964252,0.4935747,0.506017,0.50789475,0.5183384,0.5112883,0.49691355,0.51563126,0.51108617,0.50486606,0.5045595,0.5037135,0.49602345,0.50877994,0.5068381,0.5004133,0.48898408,0.52069265,0.5162071,0.5064217,0.50617355,0.47312596,0.5039588,0.5133628,0.5034962,0.5020245,0.5021907,0.50621146,0.49704748,0.48832706,0.50728035,0.5128467,0.48196214,0.5205659,0.49280187,0.49897158,0.5055644,0.5128216,0.49155134,0.49110872,0.48643836,0.50357324,0.5109037,0.51063675,0.4752713,0.5015044,0.47924936,0.49588764,0.49478716,0.5123768,0.4909377,0.49932963,0.5063922,0.5025765,0.5101934,0.47069675,0.5022192,0.5043377,0.5278122,0.50182205,0.50752354,0.49585798,0.5240856,0.5089949,0.50078934,0.4876079,0.51755714,0.5020837,0.46699446,0.49558726,0.49823588,0.4964739,0.5071529,0.49954084,0.49454182,0.50280005,0.4910428,0.52169174,0.4927013,0.5299001,0.5072665,0.4974135,0.5023406,0.49797785,0.500063,0.50508845,0.4856019,0.4785347,0.51745355,0.51071227,0.49815047,0.51169866,0.4852066,0.48168764,0.5087018,0.50360453,0.4903991,0.5023685,0.49427593,0.5076571,0.516004,0.50994235,0.4915312,0.4985727,0.48111075,0.48126927,0.5186117,0.49338472,0.50309646,0.50058573,0.49742815,0.5122143,0.50421333,0.48951885,0.49379587,0.5255973,0.49602056,0.5209273,0.50475496,0.4846928,0.51359415,0.5172858,0.48928654,0.51483727,0.49530044,0.5074011,0.5066968,0.51797336,0.5208639,0.49557483,0.51077473,0.521593,0.5128434,0.49522468,0.52348024,0.5084996,0.5158267,0.5061909,0.4965606,0.5281055,0.5109472,0.5071032,0.49107778,0.5127979,0.5145136,0.5099249,0.49166667,0.5027406,0.49502003,0.4658545,0.4949884,0.5215505,0.4868047,0.49621016,0.48770243,0.5086015,0.50860935,0.5006652,0.49554494,0.49481773,0.49262932,0.5040251,0.50182223,0.48588407,0.5268668,0.49004737,0.4947658,0.4924288,0.5189178,0.5094455,0.49085104,0.51308036,0.49709892,0.50559175,0.51863873,0.5092201,0.49448022,0.5046019,0.48994383,0.52181536,0.48804715,0.52294713,0.49643493,0.4989455,0.4840335,0.5010532,0.5033937,0.49151596,0.49560332,0.49736407,0.47770256,0.5151935,0.48907614,0.48448047,0.5244681,0.49751708,0.49950042,0.5014702,0.4961318,0.49030545,0.5088248,0.48846558,0.51466393,0.4905537,0.50651777,0.5102587,0.4886328,0.51549345,0.49811202,0.5182091,0.5090283,0.50360435,0.49137768,0.5093028,0.51256716,0.50560904,0.49899292,0.49801466,0.5193091,0.5195756,0.51321954,0.4926426,0.5134347,0.51717025,0.49756008,0.5010261,0.49074543,0.4968605,0.5147937,0.4967376,0.50210464,0.5037778,0.48334816,0.5083141,0.53089887,0.48524085,0.49248952,0.49463755,0.51287836,0.5088277,0.4979524,0.5029907,0.5205489,0.50696653,0.5097628,0.4998893,0.5066516,0.49950272,0.48172253,0.5109112,0.5137034,0.49442464,0.5175964,0.5038309,0.50290006,0.49376932,0.49946177,0.48670077,0.49502453,0.51522475,0.5037993,0.5090068,0.51305634,0.48631752,0.49459723,0.5064771,0.5060215,0.4855319,0.48647672,0.5137106,0.50145686,0.52388096,0.49245,0.5163274,0.50249684,0.52364814,0.49204624,0.5056724,0.48312807,0.5062962,0.48463237,0.49160314,0.49102697,0.5091835,0.4940075,0.4959976,0.50361055,0.5118349,0.4975282,0.5107673,0.4960594,0.5055193,0.50295687,0.49663365,0.5083887,0.5041158,0.50434756,0.4964061,0.48187685,0.5234709,0.4895065,0.50693977,0.5123971,0.47874582,0.5040935,0.52236205,0.49868542,0.50744474,0.50449914,0.51375365,0.50401473,0.49586406,0.5159569,0.5032303,0.4954539,0.4910019,0.5176364,0.51188385,0.5048229,0.49321926,0.4998506,0.51384425,0.5208169,0.5196696,0.49904972,0.49481195,0.499572,0.51357585,0.50545645,0.47719604,0.49844864,0.4955823,0.49691883,0.50009906,0.49524298,0.5054843,0.50435895,0.4950477,0.51850647,0.49384713,0.49936888,0.51476645,0.46922356,0.5164546,0.50952613,0.50025576,0.49270293,0.5026444,0.5101165,0.4777694,0.51633614,0.5170301,0.48429328,0.5148243,0.47898406,0.5020083,0.50974977,0.5075758,0.50073075,0.4977931,0.47564474,0.4805724,0.5089437,0.5112047,0.52487224,0.49379492,0.5132122,0.48690373,0.51098025,0.49397272,0.5065856,0.5104198,0.4790026,0.5153419,0.5154284,0.51611966,0.5066481,0.48668846,0.5028749,0.5065823,0.4897055,0.49794218,0.492859,0.5014887,0.49724057,0.51508206,0.49563313,0.49765524,0.513962,0.50603545,0.50660986,0.504908,0.50279146,0.5100953,0.50616056,0.49284637,0.497253,0.51267344,0.49262777,0.47693822,0.49725872,0.49301836,0.49756208,0.5020666,0.5099757,0.4977694,0.5141472,0.49894193,0.49996802,0.50751144,0.5190412,0.50651985,0.50406724,0.5020044,0.50085574,0.4969132,0.48763692,0.5064159,0.5220578,0.51287895,0.49964684,0.500763,0.50561523,0.49281293,0.5079428,0.5280975,0.4975617,0.51968265,0.49091208,0.50259,0.49924088,0.49050212,0.50798464,0.5061033,0.5078657,0.51160365,0.52094615,0.5004972,0.4970574,0.49622834,0.50201005,0.511179,0.53072137,0.496831,0.48750797,0.5000315,0.51146346,0.5022186,0.52260363,0.50716394,0.50248104,0.49229756,0.5175557,0.50644577,0.5020956,0.5026343,0.4935913,0.5016159,0.48600107,0.50649136,0.50380147,0.49556285,0.49082845,0.545447,0.50533205,0.5111003,0.50614613,0.49605492,0.4870429,0.52514684,0.50812775,0.5053992,0.5006716,0.50479126,0.50521636,0.48763806,0.5098026,0.4885895,0.46667442,0.49445274,0.5110851,0.52410924,0.49162346,0.5134544,0.50986856,0.50925815,0.49222708,0.49403352,0.49231538,0.514387,0.5110259,0.5075431,0.5130888,0.4968318,0.50095564,0.4964541,0.50965095,0.4771838,0.49326754,0.5039099,0.5043395,0.5033811,0.49484563,0.52838385,0.50640446,0.49093667,0.5052173,0.49256662,0.49539205,0.502577,0.4873988,0.5105758,0.4937305,0.4991821,0.5182598,0.4962014,0.48692,0.491062,0.50599295,0.50820976,0.49283653,0.5002195,0.5154967,0.5223067,0.5082918,0.5124612,0.50405264,0.4857016,0.5064846,0.5015725,0.500521,0.49954534,0.5046573,0.48643062,0.48826826,0.502181,0.49967358,0.50356877,0.5129628,0.5136511,0.4944529,0.5197702,0.50248563,0.50298804,0.4945235,0.50293314
