0.6328479,0.61148006,0.61601746,0.6309939,0.6104317,0.6297782,0.6210877,0.64758086,0.6138328,0.61127764,0.6201293,0.6377561,0.625493,0.63652474,0.60285175,0.5928265,0.627434,0.6193681,0.6450471,0.632213,0.61191607,0.633026,0.6204195,0.61539793,0.61187464,0.62373555,0.62016886,0.6377587,0.63415515,0.6255623,0.6396148,0.63750225,0.6060068,0.6112867,0.64522755,0.6204685,0.6120386,0.62985975,0.6141127,0.61936927,0.62877524,0.62183225,0.60781455,0.61468685,0.62587905,0.6187017,0.62521434,0.6375783,0.61350495,0.6324993,0.6162324,0.639325,0.6114508,0.63904834,0.60492146,0.61962956,0.6158317,0.60657454,0.61334264,0.605725,0.60191435,0.60159194,0.61843956,0.6302401,0.6285414,0.62328494,0.62824154,0.63027036,0.60599333,0.5959492,0.6099468,0.60751706,0.6405586,0.60125464,0.601531,0.60395306,0.6191787,0.598509,0.63496584,0.6411868,0.60466784,0.63455445,0.6181948,0.6117686,0.6257118,0.61836624,0.61077476,0.6258526,0.6397435,0.59986717,0.6126381,0.6190641,0.6268356,0.60434747,0.6088405,0.61052775,0.6264329,0.6187341,0.6555948,0.6425238,0.62099165,0.6296135,0.6281371,0.6183534,0.6288035,0.6030432,0.6304339,0.6198991,0.6374552,0.59900874,0.63643414,0.6328103,0.6290118,0.61298364,0.61175126,0.62599313,0.6308704,0.6010158,0.61667514,0.59911376,0.6247135,0.6394654,0.6053301,0.63311464,0.6360942,0.6351239,0.6277339,0.63356996,0.63767046,0.6414011,0.6170151,0.638108,0.6332781,0.6380134,0.6029625,0.62567496,0.6319016,0.6093758,0.62759084,0.6508235,0.6112463,0.6380051,0.6064833,0.60784084,0.63150185,0.61223334,0.613328,0.613251,0.6245252,0.6177059,0.63283163,0.64077526,0.6158079,0.6054828,0.6296085,0.63710123,0.64157385,0.6362088,0.62671703,0.60855055,0.61056805,0.61377907,0.61771184,0.6322248,0.63210785,0.62387455,0.65267295,0.6034259,0.6437404,0.6223879,0.6527077,0.63366896,0.6312557,0.61738926,0.61726767,0.6314398,0.6236396,0.6163527,0.6295485,0.59802765,0.5949126,0.6380548,0.61806345,0.6176213,0.6018248,0.6089219,0.6136575,0.60501873,0.6163624,0.62998456,0.6150236,0.63057333,0.5837024,0.6603206,0.60649365,0.6128086,0.5985885,0.6318788,0.63168633,0.63228405,0.64094955,0.62565464,0.62180555,0.63235617,0.6310178,0.629567,0.6272696,0.5971807,0.6176612,0.6186471,0.60256207,0.60172087,0.6234183,0.64033484,0.6336246,0.6122267,0.62235284,0.63301146,0.63044983,0.6320566,0.6262359,0.622206,0.6406738,0.64382786,0.6302658,0.61170304,0.61934704,0.6384394,0.65043956,0.6373123,0.6148483,0.6222371,0.59955096,0.6115689,0.6394191,0.6142263,0.62107944,0.6349893,0.63295525,0.62430805,0.6362576,0.6169155,0.6262895,0.63379675,0.61964977,0.6290609,0.64079756,0.6189799,0.6310134,0.61686194,0.6071142,0.6278873,0.6195857,0.58975685,0.628577,0.60774267,0.6300417,0.61013246,0.62893707,0.61806864,0.6259667,0.6429155,0.63446975,0.63691175,0.618017,0.63754576,0.63018954,0.63040745,0.63768125,0.60824656,0.6317087,0.6252225,0.6027231,0.63057756,0.6372678,0.60325587,0.63439524,0.627335,0.60220253,0.6296793,0.62422436,0.6204531,0.61812854,0.61836916,0.6255221,0.6216391,0.60355705,0.6151265,0.62234294,0.65173805,0.6214138,0.6287931,0.6245928,0.6338781,0.62032384,0.62090075,0.6059412,0.64044183,0.6257714,0.60560375,0.62825483,0.6181038,0.6335019,0.6184869,0.6354272,0.6555155,0.60145074,0.6077681,0.6158906,0.6591596,0.60876906,0.64466435,0.63692266,0.6347282,0.61015195,0.63354343,0.59725106,0.6284326,0.62176985,0.63824683,0.6323497,0.6085344,0.6157203,0.6244776,0.631042,0.61970687,0.62752324,0.65187067,0.63679034,0.61009556,0.6113631,0.61325765,0.6381373,0.6192788,0.6245463,0.6387099,0.6221326,0.62464,0.61780363,0.6371923,0.6245892,0.60976386,0.613566,0.5968649,0.602894,0.64002377,0.62717694,0.6273868,0.6453726,0.6177141,0.6315372,0.63538486,0.6136429,0.6245896,0.6025935,0.61529094,0.63883936,0.6229699,0.619172,0.5876352,0.6306864,0.61042345,0.620714,0.6028509,0.6304998,0.6092115,0.6089973,0.6161436,0.61808556,0.61518496,0.6264871,0.6491962,0.6204552,0.6160058,0.6134826,0.63031685,0.63432413,0.62026715,0.6287133,0.6264612,0.6248687,0.62363654,0.6282946,0.61948454,0.6240399,0.61267257,0.6141618,0.6287799,0.64236283,0.62729543,0.64368576,0.60440445,0.6186308,0.62171155,0.6262754,0.64239293,0.62029296,0.63499254,0.62847245,0.60821426,0.6288181,0.62728095,0.62692946,0.63149464,0.6357033,0.62832135,0.64649314,0.6385328,0.6245094,0.622567,0.60682964,0.62033486,0.62373316,0.62291396,0.5974449,0.61826694,0.6342067,0.61418563,0.62063533,0.6254501,0.6241772,0.6230775,0.6477771,0.62691784,0.6070717,0.60116875,0.62675107,0.6162676,0.5947328,0.5953957,0.62982136,0.6503061,0.5997349,0.6478358,0.65234756,0.61819875,0.6161705,0.62522984,0.63036066,0.61774665,0.6460882,0.5921131,0.6161813,0.63990283,0.6135862,0.63591886,0.61437166,0.61943734,0.61343575,0.6025689,0.635391,0.6201281,0.6131841,0.6147829,0.6268606,0.63038135,0.6088882,0.6176557,0.61552966,0.61986345,0.6029518,0.62869084,0.6050098,0.62540424,0.601982,0.60994256,0.5988348,0.6218332,0.64904857,0.63620174,0.63895196,0.64208204,0.5966217,0.62273264,0.5987265,0.63274556,0.61486113,0.63020533,0.6239033,0.62312037,0.60514957,0.61676216,0.6308763,0.62545675,0.6342089,0.618522,0.64504373,0.6375277,0.61782557,0.64114475,0.61283046,0.5978755,0.6124867,0.6442815,0.6320456,0.64092225,0.603637,0.60838586,0.6197196,0.6228452,0.6220065,0.61734116,0.6286442,0.6300568,0.6144368,0.6346309,0.62061614,0.6072463,0.63767743,0.6249793,0.6607984,0.6322691,0.6388547,0.64257556,0.60174125,0.61418605,0.6135402,0.61875457,0.60938597,0.6055961,0.64304787,0.62115896,0.61284363,0.6100433,0.6081349,0.62469584,0.6298599,0.63874996,0.62843573,0.623018,0.6261677,0.64857334,0.6173521,0.64154416,0.6463541,0.6153068,0.5995948,0.6219313,0.6187482,0.6305757,0.62319064,0.6340045,0.6205261,0.6242539,0.6334341,0.6309024,0.58871794,0.6362296,0.6053189,0.6393278,0.6273,0.6143126,0.6254941,0.614475,0.6164381,0.61028904,0.64564717,0.59632146,0.61953026,0.60853106,0.60189116,0.61644,0.6005282,0.6064336,0.6124515,0.6139997,0.62344104,0.6069631,0.61423564,0.6343365,0.5940834,0.61250263,0.6327671,0.6268438,0.6267353,0.6235298,0.6022085,0.61536044,0.609566,0.6390213,0.61777073,0.6140504,0.61741567,0.6195778,0.63593554,0.6396503,0.6553526,0.62498176,0.6275537,0.60969096,0.6269453,0.5950425,0.61994976,0.6161739,0.6274632,0.6256016,0.64444184,0.6018444,0.640975,0.6118631,0.5946961,0.63686305,0.62807614,0.63435465,0.60867953,0.64728755,0.6244601,0.6344228,0.6254059,0.62772346,0.6495501,0.63915265,0.6227939,0.6402916,0.5915337,0.63311315,0.6429927,0.62733865,0.6340328,0.6086919,0.61520845,0.5986198,0.6161919,0.64015245,0.62392235,0.62361366,0.59646624,0.62734526,0.64958966,0.60681814,0.61681265,0.6229627,0.62990564,0.61592674,0.6038374,0.6246082,0.6466157,0.61091006,0.6089112,0.6088445,0.6263933,0.6193676,0.64525735,0.6263319,0.62028974,0.6135064,0.623181,0.61716765,0.6364201,0.6286398,0.62501436,0.597871,0.6228363,0.6034912,0.59492177,0.6310963,0.6347038,0.61896473,0.617706,0.6155081,0.5864492,0.6246096,0.6082569,0.6248183,0.63075954,0.6297139,0.6257667,0.60031885,0.66041094,0.61554724,0.6303048,0.6467952,0.5860094,0.6393174,0.59528214,0.63108426,0.6436138,0.6516041,0.6144273,0.6170404,0.629547,0.6107423,0.59898144,0.63202125,0.6288904,0.65558106,0.62474954,0.6185072,0.5865317,0.6310211,0.628594,0.6088559,0.6032123,0.5918972,0.62800467,0.6366992,0.6226246,0.62357426,0.62950534,0.61349595,0.5964606,0.62069887,0.60095507,0.6254628,0.6238091,0.625222,0.61070406,0.6313491,0.6158322,0.6112588,0.62850344,0.6306932,0.62962127,0.6207337,0.6127512,0.61375237,0.613738,0.615041,0.6061627,0.6208238,0.63172907,0.6406438,0.6344903,0.6144896,0.62769496,0.62631047,0.6447827,0.61072797,0.6156906,0.60619044,0.6044885,0.6294379,0.60228014,0.615692,0.6272615,0.62696624,0.63462836,0.6133435,0.6146939,0.6176691,0.63288146,0.6495278,0.61920273,0.6394859,0.6338621,0.60250723,0.6115128,0.6292637,0.6327598,0.6113492,0.6135298,0.6064765,0.6168378,0.6358612,0.6276485,0.61121035,0.61833966,0.62739515,0.6037738,0.6047274,0.6181492,0.6211773,0.6299443,0.6074249,0.62660295,0.61468923,0.6246476,0.64558434,0.6192104,0.59743977,0.6358099,0.64009774,0.62385386,0.6122089,0.6242031,0.6262659,0.64656913,0.6089611,0.6230717,0.63883096,0.6290812,0.6509619,0.6382276,0.6140624,0.62501526,0.6216319,0.61698484,0.6208619,0.63123214,0.63205206,0.6376894,0.6230475,0.65236205,0.63144135,0.6157786,0.63802516,0.6360965,0.6386308,0.63685423,0.61569774,0.6268541,0.6049242,0.6187634,0.6250992,0.6232049,0.61395526,0.62478083,0.6261551,0.61728704,0.6430081,0.60653585,0.6513892,0.6252601,0.63266754,0.62720436,0.619804,0.6112771,0.6174438,0.6378314,0.59131885,0.6178059,0.6052629,0.6093151,0.6159346,0.5990958,0.62176144,0.6330725,0.61955243,0.6339699,0.6259149,0.6248272,0.61961347,0.62709916,0.59389174,0.63939214,0.605748,0.61683816,0.601173,0.61571664,0.61841375,0.6089308,0.623476,0.6149478,0.6117031,0.6348091,0.62552845,0.6242553,0.64182717,0.624124,0.64428294,0.62400675,0.6195389,0.6442043,0.62196094,0.63357455,0.6317771,0.60880154,0.62046796,0.6277767,0.6186502,0.62903404,0.62729853,0.60575855,0.63094556,0.647323,0.6270673,0.5999131,0.64295995,0.60604787,0.6384124,0.5994974,0.6116245,0.6206619,0.6324749,0.6069085,0.58287746,0.63316095,0.6184335,0.62314814,0.6365602,0.60858893,0.6023507,0.6027074,0.61071026,0.64065814,0.6174541,0.64148325,0.5934324,0.6052859,0.60854495,0.6235712,0.6320487,0.6264774,0.60506254,0.6346354,0.6133033,0.60844827,0.63947165,0.64613914,0.6350734,0.62849987,0.637993,0.6071574,0.60915744,0.6206884,0.5972129,0.60311943,0.60223347,0.645731,0.62916195,0.6246393,0.6298744,0.6134933,0.64476764,0.59912395,0.62184066,0.63352,0.63721496,0.61638945,0.6260834,0.6369402,0.6344279,0.6283418,0.5988975,0.6214475,0.6183989,0.63320166,0.636039,0.6183256,0.63849956,0.6089726,0.6255347,0.6216271,0.60946053,0.62982094,0.60071146,0.6314844,0.624124,0.6401389,0.6348333,0.6154678,0.60667694,0.63916767,0.63641137,0.6324094,0.6414985,0.6422486,0.633734,0.5977749,0.6117978,0.6290873,0.6301568,0.6124451,0.6405268,0.62344164,0.63297427,0.6400679,0.63619345,0.6284916,0.63660586,0.61734414,0.6227527,0.6171158,0.61166984,0.61584646,0.6174197,0.6089804,0.6375662,0.62279683,0.62079597,0.62339526,0.62386787,0.63325197,0.62231344,0.6161998,0.61927485,0.64071,0.60439384,0.62507695,0.60955065,0.60333574,0.62104183,0.61389625,0.633495,0.637907,0.63109785,0.6118071,0.61892945,0.6286747,0.58742976,0.6189678,0.62899876,0.6295348,0.6081055,0.63493437,0.6056764,0.6017276,0.6240401,0.6232621,0.6189999
0.51118696,0.50324637,0.5036111,0.52064824,0.5096882,0.49532473,0.47132713,0.49861845,0.48922247,0.45657763,0.5017246,0.49080867,0.5045628,0.49444214,0.47691378,0.48861814,0.48816365,0.47850192,0.507495,0.4809163,0.49605012,0.49884677,0.48017544,0.49494183,0.47363654,0.5078822,0.49776244,0.5011427,0.49154058,0.48065305,0.49510375,0.5149195,0.48514333,0.48519185,0.48783657,0.47775194,0.5095604,0.48873234,0.49684042,0.47833523,0.4908015,0.47416946,0.48120746,0.49627256,0.5016267,0.4956278,0.50225955,0.5123903,0.5046054,0.49907523,0.5007185,0.50218254,0.48295593,0.5022082,0.49356288,0.4783317,0.48009104,0.5019235,0.48049876,0.48818183,0.47087198,0.48488545,0.5068801,0.48026583,0.4628683,0.49603483,0.4984028,0.49564824,0.49553588,0.4744665,0.48877615,0.48997393,0.4971488,0.49062556,0.48753256,0.47803456,0.47827443,0.47520462,0.49503192,0.49351293,0.49288154,0.48406088,0.48577914,0.49429837,0.49868727,0.5094464,0.48529762,0.4909407,0.48573846,0.49613076,0.5041862,0.49804527,0.47397986,0.48721105,0.49032396,0.47831267,0.48618257,0.5091687,0.49510735,0.49822533,0.48826352,0.49624422,0.4992691,0.48245922,0.49795544,0.49074602,0.48608518,0.508661,0.50068885,0.46745896,0.4817328,0.49618867,0.49257338,0.49713668,0.46782365,0.47716087,0.49786633,0.49293363,0.48766354,0.47237346,0.5106599,0.5030323,0.48538664,0.48198488,0.48110995,0.4954608,0.48790348,0.49393836,0.5121473,0.49081904,0.47359738,0.4841507,0.5024477,0.4949203,0.4859647,0.4770141,0.50260806,0.48703983,0.49470693,0.4886122,0.46680704,0.48930216,0.4844052,0.4912911,0.4991989,0.4859504,0.49784228,0.48801684,0.486964,0.47873423,0.5078589,0.4940924,0.4905692,0.4788731,0.48947445,0.5140755,0.49174014,0.49034542,0.4984876,0.47823182,0.49595332,0.50203234,0.47387007,0.50498897,0.51026076,0.48178956,0.51650405,0.49972275,0.5121085,0.48360735,0.5271919,0.50777215,0.51072353,0.47901168,0.494211,0.48215052,0.4817266,0.49824345,0.4837893,0.4987746,0.48229167,0.49697566,0.4831296,0.48113033,0.49009234,0.48756066,0.4742423,0.48834527,0.49857008,0.4779859,0.49258265,0.48272043,0.5052253,0.4878767,0.47377673,0.49974164,0.4994503,0.5010726,0.4927569,0.49913478,0.48260543,0.50273985,0.48966825,0.5058204,0.50331724,0.4811113,0.48939073,0.48442864,0.50205356,0.5035454,0.47966483,0.5001195,0.5015576,0.49201208,0.51869506,0.49717775,0.49356234,0.4988485,0.50145274,0.49946505,0.47431576,0.49445936,0.4985809,0.4979229,0.4699065,0.5039632,0.48496532,0.4893563,0.501174,0.502314,0.4956537,0.4827742,0.4692163,0.48979297,0.49992839,0.46753794,0.47995043,0.49376813,0.4973075,0.48736006,0.49396658,0.48729444,0.49199656,0.5053076,0.49178126,0.48703018,0.51356745,0.47945392,0.48771587,0.4870837,0.4792549,0.49470755,0.50337493,0.47489336,0.49605224,0.47299543,0.4847044,0.48314273,0.49333778,0.49286625,0.4735965,0.49529275,0.49340788,0.49029124,0.4793651,0.48424628,0.49025476,0.5036666,0.5145378,0.48574227,0.4955141,0.51189035,0.47886175,0.50000286,0.5115826,0.49402532,0.48602182,0.5076977,0.49542764,0.50596887,0.48432344,0.48396316,0.48491657,0.48760745,0.49518514,0.5002668,0.48276246,0.476582,0.49666512,0.50463146,0.47701266,0.5052706,0.49094605,0.5035512,0.5004444,0.49651074,0.50095326,0.48602518,0.49037337,0.4822291,0.48494104,0.5121518,0.503722,0.4866838,0.47133395,0.49272075,0.49422562,0.47360387,0.48209658,0.48499623,0.48763806,0.49981016,0.5044818,0.51145816,0.49676335,0.5009695,0.48818925,0.4910066,0.4947882,0.5043092,0.48057953,0.47644097,0.4915482,0.48306635,0.48239547,0.4904923,0.49728516,0.51554716,0.48691624,0.50845057,0.48844278,0.49581745,0.50106686,0.51868856,0.48387918,0.49449825,0.48617643,0.4808273,0.4783693,0.50059354,0.48452187,0.49877882,0.49921638,0.47478223,0.49000823,0.4943087,0.49299702,0.4923792,0.49970147,0.48651272,0.490077,0.4985475,0.48756993,0.49251467,0.48401353,0.48535097,0.49417898,0.49950862,0.49028602,0.48000222,0.5016941,0.4966272,0.492714,0.49079558,0.48542145,0.48837134,0.47323176,0.48511967,0.49121326,0.505811,0.47468075,0.5114885,0.51062393,0.51646936,0.5040933,0.48400903,0.5024741,0.50483084,0.48300225,0.48435187,0.48808253,0.49247205,0.49430984,0.50915176,0.5058963,0.48731846,0.47682387,0.49303198,0.49637958,0.50174254,0.4902058,0.48917475,0.49152634,0.50733334,0.4664608,0.5074733,0.4868141,0.47834945,0.48668927,0.46098503,0.5056335,0.49537423,0.5025663,0.51066875,0.51744115,0.50924367,0.5019351,0.49028918,0.47582257,0.51113516,0.49840954,0.5018213,0.48652467,0.49569163,0.48833263,0.5007179,0.51552945,0.50732744,0.505621,0.49455497,0.48592415,0.48819697,0.47866583,0.49052277,0.4794992,0.502117,0.49058017,0.48025042,0.51133204,0.4879513,0.47673553,0.51076084,0.48717293,0.50417805,0.5069024,0.4901027,0.5113575,0.50471413,0.48372498,0.4909871,0.4803931,0.4908658,0.5026696,0.49325213,0.49267378,0.48713323,0.50620747,0.4916826,0.4939834,0.4844966,0.48147509,0.47573805,0.49456912,0.47987932,0.4946347,0.49912125,0.47123182,0.48623964,0.47564435,0.49296618,0.47939864,0.48910537,0.4786712,0.49495184,0.49701422,0.48941228,0.46259844,0.49838158,0.51167226,0.5033674,0.49356914,0.48483393,0.4850773,0.4883512,0.4853808,0.5045441,0.48495597,0.49443525,0.49231595,0.48605505,0.4760834,0.48925203,0.4697193,0.50203335,0.48628277,0.49855268,0.4900792,0.48404163,0.48980388,0.5150425,0.48779416,0.47076935,0.48418236,0.51435536,0.48655882,0.48533547,0.49026173,0.4710919,0.47350806,0.49589053,0.48904362,0.49759778,0.4984714,0.48854086,0.49848855,0.47658718,0.48934776,0.48176727,0.499022,0.48976046,0.5123105,0.5173049,0.49874687,0.51177484,0.47289777,0.48634782,0.4866487,0.48868054,0.48254654,0.46297222,0.507515,0.49727213,0.4683844,0.4710797,0.480117,0.49443108,0.5008287,0.4848194,0.5021447,0.4889154,0.50616395,0.48893806,0.46920666,0.49021667,0.5112696,0.49515775,0.49248713,0.51990056,0.49626818,0.51455724,0.4821667,0.47431928,0.48991174,0.4914828,0.48672396,0.504617,0.47611272,0.49392742,0.48096335,0.47909245,0.502733,0.51529896,0.49917406,0.48994994,0.49966884,0.50128216,0.4967997,0.48117295,0.4707703,0.50579745,0.47439733,0.4942494,0.48744878,0.49618983,0.48225695,0.47786468,0.5096241,0.50312483,0.48498452,0.51388854,0.49784386,0.5257376,0.5154608,0.4808132,0.48582572,0.50223935,0.50108,0.4731379,0.47465035,0.49635848,0.49444565,0.47381687,0.48328474,0.5095122,0.49986544,0.4805449,0.5043502,0.49928808,0.491815,0.45989662,0.46300092,0.47277424,0.5018507,0.48217395,0.48722512,0.5034962,0.48938784,0.49316847,0.50944734,0.49770045,0.48881254,0.49687505,0.50261486,0.50026757,0.4897665,0.49328512,0.5057742,0.4975401,0.48572567,0.49779224,0.5018907,0.4913261,0.4891003,0.50460476,0.4848746,0.48896858,0.49349937,0.47692895,0.4690513,0.4832901,0.48794332,0.49352804,0.49554366,0.47954267,0.49088597,0.5189028,0.4837774,0.48954707,0.49488494,0.47864282,0.47692424,0.4518858,0.50706226,0.49848577,0.4860488,0.51665163,0.49783692,0.48198006,0.4936491,0.49674132,0.5037455,0.49611703,0.51764345,0.49134436,0.49465162,0.47408333,0.49142843,0.49332258,0.48556972,0.49132293,0.48450705,0.50184506,0.48080188,0.50129896,0.48769632,0.49653918,0.48239607,0.5115521,0.5077634,0.48189527,0.5006223,0.48689434,0.48831913,0.48881802,0.50337,0.49623525,0.4726904,0.47423798,0.5059203,0.50387263,0.49285975,0.48816067,0.47178182,0.51479083,0.49638098,0.49565467,0.48349142,0.480559,0.48486888,0.5049352,0.480542,0.48940682,0.48691514,0.47974318,0.5041112,0.4976717,0.48554587,0.49573547,0.48575675,0.47539103,0.49034265,0.509183,0.49078366,0.4933699,0.49924266,0.49202126,0.49235868,0.49579084,0.47517052,0.5039252,0.48727325,0.48594776,0.49108893,0.4930946,0.509215,0.512079,0.4757369,0.49244976,0.4978293,0.49114105,0.48590592,0.49087805,0.4985127,0.4820867,0.4879264,0.49216655,0.4984427,0.48283905,0.47202858,0.48118606,0.483487,0.4942139,0.49745613,0.48659754,0.5271924,0.5192769,0.49820894,0.48369193,0.50172937,0.47858116,0.49090612,0.48743644,0.5013346,0.4850735,0.50996935,0.49788994,0.47996244,0.5021011,0.48838162,0.46517658,0.47776073,0.49473044,0.48182037,0.5022157,0.5123712,0.48295334,0.48597783,0.4826748,0.4920597,0.4835634,0.48496068,0.4881494,0.4915995,0.49090612,0.48385006,0.46575478,0.5029775,0.50274837,0.4758334,0.4608264,0.4922281,0.51024157,0.48951054,0.47483355,0.4920886,0.50170034,0.48811105,0.4725157,0.49481916,0.4801795,0.47911516,0.51587856,0.4812442,0.4836905,0.47201174,0.48548076,0.5289879,0.46388552,0.4908951,0.495816,0.47983894,0.49054492,0.5056716,0.4919542,0.4611131,0.4943843,0.49674264,0.4922333,0.50309634,0.50780076,0.49954623,0.49411157,0.50624955,0.5009535,0.5058325,0.5028518,0.50696117,0.51153797,0.4990965,0.479034,0.4810837,0.47548088,0.47542948,0.48178664,0.5031876,0.49024507,0.49978697,0.4910866,0.4837431,0.4801209,0.47903025,0.49043357,0.48565158,0.51206434,0.49988827,0.5167081,0.48696703,0.48880225,0.49249107,0.498405,0.49786577,0.49397963,0.489091,0.5003233,0.4814606,0.48391527,0.47508562,0.4923176,0.49356923,0.4664732,0.49056038,0.47780818,0.4767225,0.46746224,0.49849957,0.507648,0.4986089,0.47016284,0.47676143,0.49154988,0.48008564,0.50075006,0.47215226,0.49231485,0.47550002,0.48775992,0.49931097,0.47918653,0.4938546,0.512743,0.50390506,0.48553094,0.49034536,0.49740532,0.48990443,0.50659007,0.5032353,0.48689634,0.48527783,0.48651552,0.4914043,0.4716036,0.49142033,0.5059348,0.52363807,0.49232405,0.49578658,0.5067489,0.479163,0.503834,0.48161143,0.4842851,0.48087355,0.4837976,0.48834032,0.4857139,0.50399405,0.5016376,0.4834407,0.47492626,0.49498153,0.49272892,0.46343842,0.49419186,0.50667036,0.4895785,0.5108944,0.48791584,0.47287348,0.50246793,0.5105947,0.5094712,0.46941268,0.49548396,0.4943634,0.4791724,0.48328677,0.49553898,0.49915525,0.4909814,0.5075485,0.49576572,0.499355,0.4851406,0.4662914,0.5031309,0.48886776,0.4826083,0.50855744,0.5109766,0.49997905,0.50140804,0.49858984,0.50733846,0.5017769,0.48961776,0.49028903,0.48836437,0.48637775,0.50609154,0.501781,0.49132916,0.49798435,0.48338997,0.5031853,0.5148607,0.48226315,0.5110559,0.4879728,0.4910891,0.48245588,0.51675385,0.4850133,0.5036765,0.47235474,0.50275,0.49836534,0.50368,0.49141395,0.5006939,0.5067694,0.4911802,0.48038238,0.48873726,0.48173642,0.47505325,0.49534974,0.4905162,0.46756643,0.48371387,0.4881525,0.49746993,0.48186058,0.5023861,0.50161576,0.47585982,0.47060654,0.4924605,0.48707798,0.48249954,0.48626173,0.4992821,0.49662468,0.46887627,0.48460606,0.48008838,0.5163378,0.50459796,0.51567984,0.50406814,0.49575436,0.48414326,0.48667052,0.49901825,0.50712013,0.49636772,0.48009622,0.45669684,0.48535728,0.47411096,0.49578437,0.4869904,0.4950654,0.4972564,0.5051021,0.4998746,0.4830202,0.47001967,0.48734337,0.4810689,0.4978396,0.5073625,0.49568686,0.4985357,0.5023185,0.4977382,0.5030478,0.48831296,0.47380906,0.48000646
0.7167317,0.69658476,0.70064795,0.7141189,0.72949886,0.71392787,0.7013588,0.70561105,0.7018636,0.7099018,0.72222835,0.7161302,0.715189,0.7129938,0.68799794,0.6785901,0.7165889,0.6841493,0.7235984,0.7109188,0.71498317,0.7218289,0.67719805,0.71245635,0.7083562,0.6945196,0.7093752,0.72565293,0.70964825,0.6956906,0.70736825,0.71406233,0.7267171,0.712998,0.72469276,0.7013789,0.7024896,0.7143189,0.70006853,0.6931851,0.70308536,0.7023625,0.7107602,0.7212364,0.6960103,0.72096443,0.70826083,0.71987563,0.7069519,0.70441043,0.7047503,0.73086727,0.68097806,0.71177757,0.7231235,0.719928,0.69931006,0.69961697,0.7082391,0.6736651,0.7027083,0.6915281,0.7344635,0.70423865,0.7012979,0.7236761,0.7005455,0.7009711,0.71093607,0.6930757,0.70246536,0.7153323,0.6995058,0.7216133,0.7038147,0.679046,0.7028775,0.6962149,0.7238767,0.73579353,0.6877719,0.7105013,0.72504413,0.7076128,0.7206215,0.6970651,0.6924189,0.69992274,0.698765,0.7101416,0.71690667,0.71579087,0.7099302,0.67349803,0.7080797,0.6838282,0.6904373,0.723184,0.7106195,0.7110721,0.70630646,0.71424985,0.7313987,0.7074226,0.69774526,0.69412494,0.7102558,0.72370476,0.72897446,0.68691975,0.7280186,0.6977314,0.7061724,0.69866645,0.6844756,0.70463383,0.7165128,0.7127259,0.72333276,0.6853789,0.7142056,0.6998244,0.7096728,0.7265913,0.71406144,0.7210898,0.6956146,0.71222496,0.71611613,0.694714,0.7128827,0.7209064,0.7059845,0.7258853,0.7056224,0.6985634,0.7026698,0.7064592,0.71295154,0.7104024,0.71370494,0.70894367,0.69895536,0.6902455,0.7089637,0.70141065,0.70845264,0.69890547,0.6971006,0.70613474,0.7315976,0.72131497,0.70255536,0.7096424,0.72220325,0.7174721,0.72786283,0.7013748,0.71227086,0.7100755,0.70735735,0.7048564,0.70973563,0.7005074,0.704615,0.69183785,0.7182107,0.68983555,0.73038316,0.70634246,0.7248241,0.7344818,0.7160935,0.68949103,0.7181006,0.70885617,0.71376795,0.7097405,0.7067187,0.7143685,0.7024176,0.71308285,0.7016068,0.70683265,0.71555793,0.7226512,0.685717,0.69802207,0.72497517,0.71744275,0.6977195,0.7085407,0.70557106,0.7238193,0.7012877,0.6886341,0.70482254,0.7226971,0.7074368,0.70857483,0.71856517,0.7022054,0.69884545,0.7045205,0.71288776,0.69097906,0.7039575,0.6966755,0.70659196,0.7068319,0.6762283,0.70255953,0.70313483,0.73514855,0.7224477,0.71253866,0.7050684,0.70257556,0.7278517,0.72239447,0.70616424,0.72293186,0.7124742,0.72081834,0.695138,0.7124185,0.725192,0.72888225,0.70201325,0.71399003,0.69864887,0.699203,0.699242,0.7074119,0.73292196,0.6970279,0.7089885,0.7186773,0.70296836,0.71450895,0.6948822,0.701384,0.72258955,0.70591336,0.7084644,0.70832664,0.72737134,0.70495355,0.6982188,0.6904304,0.69309765,0.7183561,0.6995923,0.6909702,0.71561205,0.7073266,0.69409275,0.7152969,0.7251693,0.7007781,0.7040895,0.712344,0.7015227,0.69820195,0.6958529,0.7281135,0.6928468,0.72096586,0.7147281,0.7001326,0.71144265,0.72031426,0.6938276,0.72937465,0.7240056,0.7029195,0.7045751,0.70752317,0.69814384,0.71728384,0.6971654,0.7071473,0.71557903,0.7087399,0.7009968,0.7239134,0.68052334,0.7110694,0.71594334,0.70456535,0.7171446,0.73591423,0.70764065,0.71161515,0.6977234,0.70493007,0.71156293,0.7218712,0.72777367,0.7094369,0.7112075,0.70511156,0.7232779,0.70527035,0.71143174,0.69603413,0.7068896,0.68952143,0.7061411,0.7161602,0.6935485,0.7230284,0.7357348,0.72205555,0.70131487,0.7169412,0.7073014,0.67485243,0.7019718,0.70319664,0.69360185,0.6877163,0.6916601,0.7168334,0.70959157,0.70550996,0.7227566,0.73585916,0.7082555,0.7192066,0.69808424,0.70332575,0.71554637,0.7285409,0.7188438,0.7294072,0.7023659,0.6933517,0.69611895,0.7207575,0.70992553,0.7059737,0.71162,0.6910134,0.6991937,0.7067813,0.7075424,0.71218,0.71349305,0.6882405,0.7031781,0.7181228,0.7249049,0.7231608,0.69054615,0.7095128,0.7022626,0.7161571,0.7094349,0.72281736,0.70467997,0.71363497,0.7179064,0.7139165,0.7005522,0.7026685,0.6908571,0.7101594,0.710935,0.71939516,0.70377564,0.7324086,0.7281155,0.7171398,0.69842035,0.6947274,0.7233203,0.7089399,0.70956093,0.69922715,0.71657085,0.70841235,0.7232221,0.7108759,0.7197407,0.69935894,0.7152753,0.71829414,0.70598936,0.7118878,0.7152726,0.7138681,0.7025852,0.7083038,0.71229696,0.70394194,0.71474135,0.7131181,0.69999224,0.69257784,0.7149595,0.72204196,0.7093223,0.7336178,0.728047,0.7257246,0.699083,0.71670693,0.7170241,0.7057235,0.7116071,0.71049774,0.7050391,0.69941825,0.7039349,0.7085636,0.69902366,0.6991493,0.7139988,0.7159718,0.71003985,0.7154443,0.7186559,0.7234173,0.6912831,0.7080824,0.70119804,0.6988898,0.7147907,0.6955857,0.6991067,0.7259582,0.7153012,0.7174352,0.7396796,0.7001906,0.710183,0.715308,0.7035768,0.6945402,0.71714634,0.68794304,0.7146495,0.71525466,0.7052085,0.72200537,0.72013205,0.70406234,0.7090272,0.7040144,0.6987644,0.7051831,0.7163947,0.71078336,0.69780594,0.6993502,0.70166194,0.71653044,0.69879824,0.7047078,0.68806374,0.70015883,0.7045971,0.71534485,0.70475274,0.7024502,0.70849955,0.70299196,0.73371637,0.7205809,0.68723303,0.6929853,0.69903296,0.7079195,0.70310384,0.7128575,0.7011999,0.70416844,0.6865164,0.70561266,0.7271409,0.7189541,0.69084007,0.7252877,0.7281488,0.7149316,0.7067252,0.7173262,0.71358305,0.7151188,0.7124482,0.7040813,0.71495485,0.728428,0.740445,0.6996435,0.6912903,0.7089607,0.7221145,0.71203846,0.6873609,0.7090886,0.71083933,0.7073019,0.7071765,0.73051125,0.70401555,0.69558793,0.7262823,0.7151422,0.73131233,0.7260669,0.7176532,0.71958596,0.70284843,0.7060226,0.70024025,0.697397,0.7052414,0.6934674,0.7013708,0.70441574,0.6877539,0.6897507,0.69496197,0.7083435,0.7178557,0.7128974,0.7055526,0.6970244,0.7249627,0.7063296,0.71084625,0.72632116,0.71078473,0.7123596,0.7128186,0.7279259,0.72041637,0.7225765,0.70246375,0.68711907,0.7236741,0.7249307,0.7104327,0.7165935,0.68934596,0.71288824,0.70165443,0.70784616,0.69928867,0.7135016,0.6934742,0.7002629,0.6990139,0.70917076,0.7304641,0.6908146,0.6960985,0.6880318,0.68513393,0.6931899,0.7106066,0.7068081,0.687078,0.6974809,0.7112855,0.69746363,0.7102483,0.71438557,0.6820688,0.71253294,0.7046366,0.7118398,0.7282868,0.7200006,0.69747996,0.69049114,0.68799603,0.7305726,0.7087759,0.68361694,0.70766103,0.7116692,0.72023344,0.69759524,0.7317074,0.7113476,0.7388979,0.6830934,0.6997813,0.678762,0.70392686,0.7151596,0.7189003,0.7281489,0.73243684,0.709507,0.7306494,0.7153885,0.70794153,0.70633817,0.7217414,0.7152238,0.6963245,0.7016294,0.7155707,0.7071651,0.71534234,0.7091753,0.7054913,0.72643864,0.7025041,0.69773644,0.7114116,0.7223567,0.7107407,0.70874053,0.70463216,0.68455577,0.7135689,0.7175854,0.70437616,0.70966953,0.72033817,0.72498906,0.70235753,0.70325726,0.7197391,0.69712263,0.6942743,0.6950322,0.7141916,0.72372234,0.72925115,0.69749475,0.7306938,0.7132155,0.70895416,0.7002636,0.72634435,0.7083283,0.71698785,0.71310455,0.7183449,0.68627775,0.70853245,0.6977395,0.71753967,0.69884723,0.7103193,0.6956297,0.7099396,0.69651055,0.72321516,0.71187365,0.7067025,0.7182458,0.7082962,0.70543575,0.687639,0.7056755,0.70572853,0.7108011,0.68785876,0.71845573,0.69951844,0.7107551,0.7438955,0.7157563,0.7160873,0.70270026,0.6928416,0.7174785,0.6802124,0.7095801,0.7290005,0.7182085,0.69968647,0.71246773,0.703705,0.70693225,0.71120846,0.70080143,0.7203514,0.7245344,0.7098127,0.6929811,0.70780545,0.70332724,0.7145498,0.7101036,0.6894529,0.7000657,0.7080411,0.73192894,0.7038614,0.7011987,0.7192675,0.7212256,0.6974422,0.7098792,0.7014174,0.7114613,0.7173455,0.7145914,0.7207744,0.71481127,0.7123622,0.7063812,0.7182786,0.7306943,0.7089287,0.7186553,0.6946441,0.6937158,0.7207853,0.7005049,0.71071535,0.6954904,0.70666224,0.69593704,0.70850515,0.7235069,0.74048835,0.7124128,0.72053623,0.69459885,0.7072136,0.7131978,0.6771498,0.7014755,0.7025779,0.72619694,0.6912446,0.7102461,0.6967268,0.7145606,0.6950547,0.7030138,0.69993854,0.70757973,0.70578414,0.7059336,0.7256123,0.7145986,0.6998533,0.70249474,0.7236464,0.7008358,0.7175508,0.7206981,0.7100213,0.7227733,0.71687627,0.6969602,0.70413995,0.7326778,0.6851142,0.68530816,0.70673615,0.698172,0.7118243,0.70334476,0.6978274,0.70730555,0.72332466,0.6999458,0.699769,0.6951393,0.7138084,0.72597694,0.70021766,0.7073048,0.69246924,0.6979482,0.7391608,0.6964336,0.68996316,0.7043284,0.6958532,0.6862341,0.7149031,0.71196103,0.69342786,0.70840794,0.7044742,0.6968344,0.7150435,0.7081743,0.7341174,0.68748116,0.71221656,0.7000655,0.7201602,0.7247113,0.73312926,0.73522455,0.7241095,0.7007776,0.72637826,0.7000484,0.6853192,0.7093269,0.7160241,0.70167696,0.71624213,0.7182394,0.7074842,0.7112124,0.70548946,0.71610516,0.695013,0.72790027,0.7239634,0.726358,0.7056286,0.71559066,0.71773463,0.6829746,0.72632456,0.7278924,0.6970988,0.69841105,0.70611,0.69999194,0.716322,0.7168401,0.72332543,0.706706,0.71778715,0.6991568,0.70150685,0.68301535,0.7114798,0.71720564,0.68827945,0.69238406,0.69620264,0.7197673,0.7168344,0.69564235,0.6929015,0.6986525,0.7044008,0.69260156,0.7034685,0.72039133,0.7046043,0.72550184,0.7060342,0.7178536,0.72215915,0.7178869,0.722261,0.72473276,0.7226763,0.7201914,0.7068271,0.69969374,0.71181583,0.7120243,0.684565,0.703927,0.728093,0.7067501,0.6935759,0.70683056,0.6927132,0.7110332,0.69792396,0.70686144,0.6916286,0.7102755,0.690209,0.6767857,0.7068741,0.7148306,0.7055212,0.71492964,0.70882267,0.7223337,0.69636846,0.7080727,0.6981803,0.7088277,0.73734987,0.6977828,0.68914056,0.6847247,0.70293254,0.71774083,0.7153917,0.70209,0.71845883,0.6993375,0.7158829,0.70846695,0.70541537,0.7104962,0.7268135,0.7268652,0.7106316,0.70322746,0.7075592,0.7087211,0.69087136,0.7262004,0.71267605,0.72537255,0.7120827,0.70374024,0.70230913,0.7144621,0.7012156,0.70584965,0.7146505,0.70607895,0.6977774,0.72408175,0.741389,0.73424625,0.70463026,0.69122964,0.7145125,0.699477,0.72077847,0.7017246,0.71224016,0.70221937,0.69637954,0.7063857,0.6985534,0.69149876,0.7142515,0.70077515,0.70078284,0.71595,0.7104311,0.71221787,0.7232476,0.697076,0.6982625,0.7037807,0.70631856,0.7145346,0.7180982,0.7014439,0.69831485,0.6884142,0.70295584,0.7101993,0.70782745,0.7428159,0.7159459,0.6917062,0.7155588,0.6983499,0.70861495,0.7227732,0.7007094,0.71500325,0.7111066,0.6976776,0.6829605,0.7098246,0.7126439,0.7261583,0.7136717,0.7153377,0.7085445,0.71876466,0.70872766,0.6989446,0.7192097,0.7012598,0.70373523,0.6884351,0.6999366,0.70935553,0.69288754,0.6877597,0.70484215,0.7274197,0.7140792,0.7064588,0.6996565,0.6735634,0.71554357,0.68052876,0.7014004,0.7079672,0.6924803,0.7077383,0.7219278,0.7070713,0.70100677,0.7015131,0.7056347,0.7047404
0.7812949,0.75807893,0.74623877,0.7644574,0.78296447,0.78754425,0.75929075,0.77890986,0.7650466,0.7670808,0.7753327,0.760547,0.7691958,0.78007156,0.7668988,0.76008916,0.76256835,0.76988447,0.79332644,0.7625014,0.75879323,0.76985264,0.76722497,0.7548054,0.76209515,0.7601402,0.75950664,0.77392125,0.76770955,0.78415036,0.7811582,0.75882596,0.76345605,0.785163,0.7891555,0.7542034,0.7690442,0.7746914,0.75346684,0.7687897,0.7763212,0.7744467,0.76720077,0.75528914,0.7521269,0.7657217,0.7701218,0.76714903,0.7491143,0.77639055,0.7690744,0.7791516,0.7754985,0.7799797,0.7716705,0.7695241,0.7760234,0.756307,0.755224,0.76601905,0.76542515,0.7671917,0.7571729,0.7843486,0.77482074,0.7751965,0.77918434,0.76218235,0.7587478,0.74938947,0.7604387,0.75702393,0.7694018,0.7698547,0.7508979,0.77635926,0.7714473,0.7740485,0.77206004,0.76716125,0.7562673,0.75265396,0.7513562,0.77690864,0.7706709,0.7666633,0.75814915,0.7700414,0.77496326,0.76063454,0.7647939,0.7648334,0.76237935,0.769693,0.7741234,0.7654754,0.7668807,0.76018256,0.7661295,0.78158695,0.7435452,0.7788038,0.7675414,0.7593503,0.75850266,0.7635809,0.756194,0.76514083,0.7771767,0.773666,0.77802557,0.77548146,0.7789781,0.76756835,0.75734967,0.7737992,0.796278,0.7506591,0.77999175,0.77501357,0.76513505,0.76864845,0.76539207,0.7728616,0.7751154,0.7720966,0.76905906,0.7670093,0.76240146,0.7535318,0.7776819,0.8003255,0.748813,0.7706656,0.7597607,0.76584125,0.7541637,0.76042974,0.7700131,0.7749612,0.75749665,0.7656762,0.779313,0.7793564,0.77754295,0.7644769,0.76484215,0.74743533,0.74645936,0.7660303,0.7811398,0.7615901,0.76275045,0.77821994,0.77063,0.7722993,0.7813906,0.782563,0.76711124,0.7728913,0.76225066,0.7466477,0.7599262,0.7688246,0.75829494,0.74800014,0.7765182,0.7695238,0.7742343,0.76856875,0.7847413,0.7956047,0.76700056,0.76766634,0.7899002,0.78820074,0.7657503,0.76366407,0.7761027,0.75525355,0.772859,0.7848576,0.75666386,0.77436745,0.7718713,0.78049785,0.74130154,0.7581537,0.7813549,0.7787891,0.7735343,0.7599204,0.75494194,0.795468,0.74882835,0.7592447,0.7677828,0.7651633,0.7612587,0.75667155,0.79471636,0.7709506,0.75363624,0.76215863,0.7739938,0.7735271,0.7570257,0.7618314,0.7801727,0.761045,0.7394602,0.74851125,0.7584258,0.79129344,0.7622312,0.7676187,0.7392153,0.7670532,0.79023266,0.76223713,0.772996,0.7742362,0.77514064,0.7818473,0.7810115,0.7677524,0.7723046,0.782662,0.7801665,0.777252,0.7605846,0.7579538,0.7648671,0.77217275,0.7782164,0.76264834,0.7673782,0.7663036,0.77725124,0.77242744,0.7635582,0.7758437,0.7738069,0.7790381,0.76803493,0.75991833,0.7955168,0.7434196,0.79077387,0.7603758,0.76379454,0.77267444,0.7627778,0.75428265,0.7911657,0.74767786,0.76414037,0.77971923,0.77925634,0.76401985,0.7752438,0.7644119,0.76327235,0.78617203,0.78193825,0.7624276,0.78312665,0.7770074,0.76191837,0.7643433,0.74507415,0.7589576,0.7692646,0.76695025,0.77910674,0.76021725,0.7630309,0.7850536,0.76003665,0.7558677,0.77612466,0.76759547,0.76218903,0.76571274,0.7544384,0.786783,0.75790423,0.76481974,0.7600138,0.759489,0.7768479,0.7636131,0.77173537,0.7838452,0.7693342,0.75573146,0.76505876,0.77193975,0.75408363,0.7746361,0.7677748,0.76527274,0.7875582,0.76235914,0.7876042,0.78015435,0.75463283,0.77102107,0.76937145,0.78178024,0.7574291,0.78712857,0.787526,0.7628949,0.7692058,0.7754592,0.7507075,0.76960874,0.7653973,0.78801644,0.76486963,0.76767445,0.767778,0.7878245,0.7760237,0.7582585,0.7822616,0.7902554,0.7709276,0.7776113,0.76276183,0.76267684,0.7872215,0.77786154,0.7710673,0.79191154,0.77428627,0.7426992,0.76353127,0.7933843,0.7869869,0.7665343,0.789182,0.7553116,0.7727193,0.785103,0.7817548,0.7490973,0.7853259,0.7573736,0.7724364,0.78220034,0.784609,0.7848632,0.7378215,0.7792225,0.7768202,0.7605232,0.76926935,0.76167375,0.769833,0.7713281,0.7704033,0.7555966,0.75956005,0.7627041,0.77150714,0.75643384,0.7685763,0.7796084,0.777673,0.7793545,0.76463455,0.7526849,0.75957966,0.76689297,0.77363837,0.7639323,0.7692317,0.7626699,0.7811322,0.73738134,0.77672625,0.7655687,0.7738398,0.75212336,0.75127316,0.7712028,0.7699285,0.7962983,0.7762282,0.7597639,0.7626954,0.76856196,0.77799326,0.76428306,0.7628416,0.77051234,0.7928418,0.76398426,0.7666915,0.7720289,0.7661009,0.7575651,0.76574063,0.7723057,0.77347225,0.76083285,0.76135635,0.74557936,0.7553295,0.7682208,0.7657729,0.7748865,0.7665201,0.7703601,0.7629461,0.7686533,0.7657227,0.76511854,0.75980544,0.7795375,0.78222233,0.77895504,0.7628732,0.7681516,0.7816202,0.7666719,0.75928533,0.75322455,0.76951677,0.76617306,0.7582386,0.7751799,0.7825603,0.76589876,0.7714881,0.7754095,0.78059727,0.7578779,0.784327,0.7438063,0.7593646,0.7682165,0.78045654,0.76837844,0.78015375,0.7508835,0.7663161,0.7581506,0.77603984,0.7533582,0.7645771,0.76282865,0.75046647,0.7786783,0.7745942,0.7791955,0.7557374,0.7723412,0.7702065,0.7621167,0.75958467,0.78043944,0.7606013,0.76883125,0.76060086,0.7858846,0.78409845,0.76000214,0.76676905,0.7720226,0.7734772,0.7657129,0.7747099,0.7615438,0.77912337,0.7571385,0.7587225,0.76340425,0.75887614,0.76055723,0.76445013,0.76794827,0.7819495,0.7816258,0.7764835,0.75170267,0.7656707,0.781234,0.78307897,0.7567395,0.7709026,0.7909824,0.77931875,0.76903045,0.7711336,0.76706564,0.7814946,0.7903003,0.7589514,0.7749332,0.77360207,0.76646847,0.76542443,0.7869928,0.7873281,0.7687894,0.7898749,0.75787437,0.7683872,0.77081954,0.75990826,0.7784625,0.7686046,0.7571919,0.7597783,0.76284575,0.7737651,0.7656714,0.7706589,0.7713271,0.7668528,0.7734831,0.77183235,0.7897209,0.7777879,0.77729315,0.7804224,0.7793309,0.7549062,0.76100045,0.77252376,0.7972974,0.7766141,0.7608857,0.74577516,0.76224905,0.7767859,0.7755339,0.76842207,0.77191055,0.7578488,0.759189,0.77041614,0.7695284,0.7421628,0.7715594,0.78862256,0.7709897,0.76210684,0.760146,0.7653532,0.76384455,0.7559729,0.7706334,0.7668084,0.7782939,0.75960726,0.78292614,0.7846472,0.7506577,0.7900098,0.7815008,0.770596,0.7618821,0.7741837,0.75290126,0.7670122,0.78416306,0.7613846,0.7607407,0.7600281,0.7973465,0.7865411,0.77879983,0.76253617,0.76763606,0.7507584,0.7727575,0.78052044,0.77465606,0.76388204,0.78144014,0.7752375,0.7669236,0.78098834,0.7867415,0.7666468,0.77365834,0.7543126,0.7504139,0.7482973,0.7766009,0.76486766,0.7832304,0.7784075,0.77079654,0.77241236,0.7508286,0.74550194,0.75782484,0.7625508,0.77919537,0.770697,0.77345335,0.7628894,0.7906462,0.7816427,0.7694191,0.78139216,0.76950973,0.7765795,0.7653408,0.764755,0.79271567,0.7688325,0.766149,0.76748556,0.77170384,0.75399405,0.74046516,0.7691783,0.77716184,0.7673026,0.7656802,0.7658119,0.7621736,0.78006154,0.7611351,0.7712768,0.7647544,0.7701336,0.7734231,0.7756569,0.7545341,0.7832345,0.7789435,0.7628155,0.75263083,0.7647622,0.760335,0.7722936,0.7674742,0.77005124,0.7815068,0.7698474,0.76667225,0.7985717,0.7796048,0.75490344,0.74268734,0.76507354,0.7667017,0.7434646,0.7492439,0.754527,0.7540572,0.77682173,0.77669454,0.7418134,0.76711375,0.76419556,0.7638341,0.77063966,0.7797438,0.76968807,0.7579688,0.7884146,0.77134836,0.777984,0.75157803,0.74449664,0.7855424,0.7478898,0.7863807,0.7961129,0.77168506,0.7702511,0.76848817,0.7774822,0.7725472,0.77484137,0.7737998,0.77103674,0.7751029,0.77055454,0.7439259,0.757608,0.7686407,0.77230984,0.7575617,0.74518776,0.7570737,0.764297,0.7957337,0.75894606,0.76497346,0.78101784,0.75239486,0.763636,0.7564774,0.76947945,0.7741829,0.7662125,0.7728908,0.76171684,0.7595899,0.7649305,0.77286303,0.7894806,0.77731884,0.77511454,0.7782843,0.76227117,0.7710623,0.7667346,0.7485346,0.7646015,0.7645928,0.7557724,0.79634786,0.7825658,0.7788306,0.77362317,0.7735434,0.75095487,0.739075,0.7434419,0.76351464,0.7737886,0.7797477,0.7658796,0.78046256,0.7605792,0.7722509,0.7756214,0.75916845,0.7551231,0.76380944,0.7619605,0.781696,0.77268946,0.76736176,0.76423305,0.78131247,0.76575434,0.7644424,0.7705676,0.74913687,0.77441376,0.7732392,0.7682358,0.7733631,0.75012565,0.7640379,0.7712811,0.76186186,0.7505992,0.77409565,0.77062285,0.7589619,0.75722975,0.75846624,0.7657868,0.77348465,0.77335966,0.7762345,0.7675277,0.7621206,0.7695227,0.77329856,0.778211,0.77355397,0.75373125,0.774418,0.778231,0.7795468,0.7707907,0.79392046,0.7762073,0.767927,0.7810364,0.7445771,0.7598637,0.7582831,0.75642043,0.7602167,0.77142143,0.777277,0.76946294,0.76931703,0.786233,0.77577066,0.7539011,0.780852,0.7805341,0.7911217,0.78152907,0.75372356,0.78401035,0.7589113,0.7653865,0.78938824,0.7435883,0.77615994,0.77439284,0.7650182,0.78407216,0.7749891,0.762757,0.7785295,0.7770887,0.766425,0.76664925,0.7738552,0.7505826,0.75584507,0.7828033,0.7545096,0.7542195,0.75021154,0.7483553,0.74968207,0.745128,0.76327497,0.7842102,0.771629,0.79242,0.76790893,0.76989794,0.7620596,0.77655077,0.74753004,0.7614368,0.75671375,0.777565,0.74808764,0.74744654,0.7723741,0.77062625,0.76649696,0.7568227,0.776769,0.7668325,0.7615968,0.750078,0.79406697,0.77597827,0.7682353,0.7713422,0.76524234,0.77913785,0.75929815,0.7840831,0.782221,0.7628819,0.7539033,0.76040226,0.76054955,0.7764788,0.7889885,0.7562317,0.7628747,0.7581835,0.7567219,0.7488677,0.77264917,0.7684891,0.7784935,0.76563543,0.7703069,0.7698963,0.7691016,0.7676102,0.7388005,0.74989724,0.7809216,0.78152245,0.783149,0.76655555,0.76117516,0.7730704,0.7710196,0.77193195,0.77674234,0.77755094,0.75996834,0.75356716,0.7478729,0.76100045,0.75819117,0.7803858,0.7557597,0.7827166,0.7786816,0.7827498,0.77954775,0.76507914,0.78111297,0.7746061,0.78794193,0.76052904,0.746725,0.7751352,0.7683505,0.7625026,0.7776767,0.804389,0.77557474,0.75693446,0.7682424,0.7400743,0.77188826,0.7639292,0.7546152,0.7634011,0.76430225,0.770213,0.7903608,0.7697365,0.78019714,0.7675066,0.75510895,0.7706658,0.75297505,0.7686125,0.76370287,0.7840042,0.77418125,0.7543247,0.7703211,0.76482344,0.7594376,0.76842266,0.7489015,0.77278435,0.7750139,0.78522795,0.7798567,0.77419066,0.7521524,0.76483786,0.7731375,0.759132,0.7919587,0.7550736,0.7716469,0.76571363,0.7623746,0.7716407,0.7841091,0.7572722,0.77329344,0.7684322,0.76792353,0.7873319,0.7520839,0.7627081,0.7694618,0.7624873,0.7567705,0.75835496,0.7402771,0.7762811,0.7651596,0.7710327,0.7775714,0.7784637,0.7716963,0.7782967,0.7611363,0.77967066,0.75407827,0.7507896,0.79438394,0.7846684,0.7721913,0.7644873,0.7468161,0.7468695,0.7825244,0.77107376,0.7822587,0.77518344,0.7570205,0.76863223,0.77418596,0.77800906,0.7446888,0.7725698,0.773824,0.78329974,0.7640028,0.76676744,0.77529764,0.74813384,0.7678312,0.75264895,0.77079654
0.67539424,0.67601955,0.6635776,0.66798615,0.688328,0.6783508,0.6670187,0.6825325,0.6810432,0.65959096,0.67668754,0.67349076,0.65103626,0.6929104,0.67356706,0.63963675,0.68559915,0.65778744,0.6811254,0.6640565,0.6989688,0.67064965,0.6597417,0.6661107,0.67061776,0.67371523,0.6553154,0.68237215,0.68286705,0.685255,0.66535443,0.6698229,0.65801513,0.68947375,0.6896234,0.65585613,0.6602609,0.6787701,0.6640286,0.66614985,0.6906609,0.6761103,0.6782285,0.66781163,0.6770765,0.6770507,0.679801,0.6639976,0.6544585,0.68887264,0.6811223,0.67259014,0.67235464,0.65971595,0.6951145,0.6655645,0.68625396,0.66273654,0.66443753,0.6661433,0.6512443,0.6658685,0.66645503,0.67750293,0.6842285,0.6638371,0.6659779,0.6712351,0.64078057,0.67312,0.6539994,0.654233,0.6712576,0.68744826,0.6575513,0.6544979,0.680694,0.6679074,0.67860484,0.69176346,0.6488571,0.67176807,0.66913456,0.67809784,0.6890005,0.6840357,0.6575784,0.6932194,0.691794,0.66939974,0.6683424,0.67572033,0.6783003,0.6707915,0.6855015,0.66725874,0.68603176,0.672971,0.6793922,0.6804922,0.65327746,0.6669677,0.6811393,0.64959055,0.6740663,0.65948087,0.6510334,0.66694015,0.67205775,0.66949624,0.66793585,0.66851306,0.6679022,0.6745618,0.6624838,0.6841933,0.6766878,0.65488833,0.68048835,0.6653394,0.6845586,0.6606126,0.67219585,0.6773338,0.67383784,0.6654365,0.66240644,0.6774616,0.6596632,0.6714455,0.6897599,0.69752437,0.6615672,0.67372215,0.6596414,0.6692899,0.66176736,0.6685487,0.70016086,0.69071144,0.66850835,0.660284,0.6688568,0.6769868,0.6923318,0.66587794,0.65849864,0.6690206,0.6652118,0.6761713,0.6765575,0.6758433,0.6597037,0.6816787,0.67881125,0.6808215,0.6899432,0.67103153,0.65658295,0.67580765,0.6615144,0.67039233,0.66806203,0.6643296,0.6586475,0.6714929,0.677017,0.6760293,0.67819494,0.66209507,0.68585014,0.67547494,0.6664418,0.6715613,0.67363614,0.68230367,0.6717485,0.6657818,0.6697535,0.66661185,0.6690807,0.6678085,0.6701688,0.6624803,0.6718247,0.68569565,0.6516802,0.6530267,0.6792028,0.66706645,0.6674982,0.66679,0.6764259,0.67570573,0.6580756,0.65245575,0.67147964,0.6712897,0.65820336,0.6537899,0.6834651,0.6829723,0.6589924,0.6779318,0.6741752,0.67215264,0.66289824,0.67116594,0.6535339,0.66030324,0.6593669,0.6659584,0.64946026,0.68492794,0.6963209,0.6755429,0.65988386,0.6973286,0.68264145,0.66502964,0.6619433,0.69546604,0.6762299,0.67788357,0.6760203,0.67424136,0.7019672,0.6901215,0.6880726,0.6635166,0.6682737,0.6626601,0.6772558,0.67612123,0.6729379,0.6688629,0.69283706,0.67187583,0.66439855,0.6603458,0.6465332,0.6768792,0.6665294,0.7004203,0.66484684,0.6656234,0.69447625,0.6634829,0.69216865,0.6479513,0.665432,0.668965,0.6855092,0.6471416,0.6737774,0.66746104,0.6561538,0.68835956,0.65664095,0.6608635,0.6620521,0.6801844,0.6731667,0.68961996,0.666402,0.6691643,0.66489434,0.6749173,0.6860073,0.65708494,0.6657396,0.6691031,0.6715678,0.68265104,0.66472685,0.6533607,0.6683019,0.6907885,0.66672254,0.66390187,0.682315,0.6645909,0.66848683,0.664833,0.66672575,0.67989826,0.66035205,0.6689756,0.68989086,0.6869635,0.68453705,0.6732563,0.6767227,0.69621444,0.6722785,0.66731125,0.65973616,0.6700778,0.65807927,0.6808742,0.66189235,0.68282557,0.6793453,0.6642325,0.6755806,0.6703953,0.68242955,0.6702488,0.6709873,0.6838,0.6491604,0.69075954,0.6799006,0.66909385,0.6812915,0.6721965,0.65860194,0.662248,0.6653236,0.68698734,0.6773745,0.66808975,0.66102666,0.66094536,0.6776406,0.66176426,0.6730287,0.6791108,0.6755016,0.6908022,0.68626815,0.6777436,0.68694425,0.67296433,0.68802077,0.6732223,0.6795514,0.65693265,0.663624,0.69655544,0.672843,0.6781761,0.68787956,0.66696256,0.67999756,0.6829735,0.6792678,0.6597902,0.6806379,0.6615222,0.6825087,0.6699802,0.6843374,0.6750761,0.65812725,0.6796416,0.6917099,0.6646218,0.662858,0.6703993,0.6614291,0.65756357,0.6726761,0.67803514,0.6661375,0.6806416,0.66325533,0.6690269,0.6587307,0.6713929,0.67440957,0.6920013,0.6506182,0.6810589,0.66687554,0.6919489,0.67573357,0.6779712,0.65640867,0.6633097,0.67678446,0.6641459,0.666515,0.6718261,0.6673342,0.6486811,0.663656,0.66950536,0.6728033,0.68722165,0.6635126,0.6839034,0.67710453,0.67136127,0.66456795,0.66266793,0.6799062,0.6766236,0.6813145,0.66424316,0.6847576,0.6741196,0.64798826,0.6575926,0.6733534,0.6794907,0.67410934,0.6661502,0.6736443,0.66977704,0.6596351,0.6719853,0.67378724,0.6698052,0.66175884,0.65416944,0.66863483,0.67977995,0.66907203,0.67701113,0.6621606,0.67042226,0.67416775,0.67283046,0.6846119,0.66234773,0.64978635,0.66735715,0.67801887,0.66023725,0.66673005,0.67119706,0.658582,0.6613487,0.6776842,0.67183244,0.6677623,0.6933857,0.6637484,0.66273427,0.6772811,0.66554505,0.66697854,0.67846024,0.6824751,0.66056573,0.68894225,0.676302,0.6741532,0.66443425,0.6952405,0.65012085,0.6667041,0.6654264,0.66320413,0.6796088,0.6618652,0.6790833,0.6598706,0.6778372,0.67706823,0.6533373,0.65857023,0.67481166,0.6619704,0.65562314,0.6769592,0.68323344,0.6888104,0.6852094,0.67684734,0.68365693,0.6834001,0.67303395,0.68781286,0.6656257,0.6926323,0.6581863,0.65272325,0.6763462,0.65334374,0.65424544,0.6787876,0.6857906,0.6976124,0.6851244,0.68457,0.6541795,0.67707264,0.674744,0.68527234,0.6567036,0.6757608,0.69074506,0.6860809,0.6480379,0.6552578,0.65070415,0.66521627,0.6912033,0.6748781,0.68488336,0.65754366,0.67013305,0.65943134,0.6867053,0.6919947,0.66933674,0.6812433,0.6756474,0.6669113,0.6945443,0.67946875,0.6965561,0.66190827,0.6744346,0.67706215,0.66220486,0.6756876,0.6600501,0.65885556,0.6715493,0.65908766,0.65924084,0.6688215,0.6660834,0.67328244,0.68244433,0.68822885,0.66890436,0.66290057,0.6663018,0.69007117,0.669431,0.6532835,0.6888023,0.66615325,0.68427813,0.6683494,0.67205274,0.6634929,0.6762022,0.66780525,0.66424555,0.6733314,0.687456,0.6580665,0.65373236,0.67050827,0.6762092,0.6653118,0.67935026,0.66850626,0.66380054,0.6724883,0.6701253,0.67263067,0.66285807,0.6633614,0.65721685,0.67367977,0.65517807,0.6793076,0.65776,0.67475694,0.67566746,0.67344344,0.6714802,0.6609104,0.68592674,0.66150093,0.660722,0.65973175,0.6868541,0.69088423,0.6648327,0.6540689,0.6781633,0.6593261,0.6781894,0.6699511,0.6889235,0.6790165,0.683999,0.6952932,0.6644655,0.69142467,0.6691847,0.6757672,0.66232497,0.66656065,0.65055346,0.6727371,0.66391546,0.69186527,0.69254756,0.6762726,0.67029953,0.6684676,0.6961477,0.6643399,0.6726337,0.64029807,0.6930381,0.66391236,0.6660927,0.6818898,0.68468195,0.6887499,0.6550089,0.68803513,0.6874561,0.6906223,0.6797379,0.67980933,0.67393374,0.66901326,0.67023176,0.65497935,0.6565045,0.6623016,0.66011274,0.6527727,0.65754396,0.68009675,0.6736735,0.66810226,0.67662776,0.67654365,0.6676463,0.6799321,0.6663872,0.6868904,0.6965507,0.6652343,0.65059674,0.6861225,0.6806369,0.64943564,0.66627556,0.6786801,0.6650408,0.66980195,0.6744236,0.6852608,0.6785995,0.6727278,0.6717953,0.6785469,0.6670497,0.657681,0.67090374,0.68772084,0.6644423,0.66555256,0.66862684,0.6678913,0.67360604,0.6801261,0.67133003,0.66304284,0.6665905,0.67838264,0.67794424,0.6890817,0.6579467,0.66310865,0.66760844,0.6836548,0.6921897,0.66858697,0.6705289,0.66050005,0.6947572,0.6562249,0.6729447,0.6802037,0.674677,0.66418254,0.6661916,0.6689975,0.64808255,0.6785431,0.6839797,0.6573299,0.6682991,0.678621,0.66176134,0.6549219,0.66801137,0.6637375,0.66040605,0.66498154,0.6658495,0.67781806,0.6782677,0.673699,0.6629903,0.68199587,0.6741955,0.66570985,0.6784956,0.6584978,0.67699414,0.6716434,0.6617128,0.6612974,0.6779316,0.66428953,0.67504174,0.68688077,0.681578,0.6620375,0.6873166,0.6538764,0.6639443,0.69378567,0.6466616,0.6684928,0.6681043,0.664822,0.68777454,0.67057616,0.6665109,0.68194443,0.6788463,0.6592649,0.6519441,0.67379916,0.6613724,0.6749195,0.67339665,0.6733852,0.6747823,0.67317814,0.663273,0.67113155,0.66102946,0.6557148,0.66376317,0.6679895,0.66749895,0.68445295,0.674498,0.6764109,0.683844,0.6592895,0.66649497,0.6827561,0.6600765,0.64787525,0.6827694,0.6800415,0.6629117,0.66800886,0.6565877,0.6644426,0.6747068,0.6575029,0.6665368,0.6658841,0.671699,0.6498837,0.6585477,0.6710002,0.6964501,0.6825352,0.6775891,0.67861515,0.6696096,0.68358517,0.67359287,0.69089204,0.69020647,0.66913605,0.66518354,0.7010133,0.6686315,0.68725073,0.69297224,0.68568,0.6564329,0.6715461,0.6748625,0.6782553,0.66184086,0.6567143,0.65108573,0.683442,0.67939866,0.6758624,0.656258,0.6735267,0.6729169,0.65576273,0.71160996,0.66769767,0.67494535,0.688055,0.65287954,0.6827499,0.67056805,0.66011745,0.6942482,0.6529014,0.6563934,0.6716631,0.6565159,0.67523813,0.6712619,0.6563045,0.6579793,0.68137527,0.67704284,0.6878573,0.68006474,0.6584398,0.6790759,0.68359244,0.6736921,0.6704175,0.66276914,0.64702374,0.66898036,0.6618514,0.66946644,0.6867261,0.6890842,0.6816264,0.6657883,0.6644876,0.6689728,0.6658713,0.65698135,0.6828668,0.67409843,0.6870221,0.65742505,0.65332395,0.67644274,0.6695953,0.6831177,0.6637851,0.679007,0.65897113,0.6595568,0.6674005,0.6820271,0.67072517,0.67506,0.66825,0.6627694,0.6918217,0.6682225,0.65777004,0.6715473,0.6798202,0.6738087,0.68033934,0.68819624,0.6702141,0.67606866,0.6619662,0.6707183,0.66472507,0.66659164,0.6615987,0.6647772,0.66907805,0.6818621,0.6711706,0.66526663,0.67699283,0.669086,0.65181184,0.6509787,0.66995716,0.6739312,0.67808884,0.6747492,0.6707156,0.67696506,0.6877418,0.66674757,0.6748686,0.68652016,0.67806774,0.6361078,0.64083666,0.6441654,0.6745268,0.6566075,0.68002886,0.6733279,0.6785114,0.67446184,0.67156804,0.6847387,0.6800473,0.6809447,0.6729969,0.68395764,0.68196183,0.65590006,0.6667563,0.6800792,0.66094214,0.6650563,0.68613106,0.69149435,0.6653227,0.6776105,0.66319823,0.67245376,0.6619812,0.66634506,0.67196983,0.6720557,0.67538583,0.6835423,0.6855562,0.6830212,0.66862196,0.6662048,0.67390937,0.6604022,0.68205047,0.6709288,0.6730536,0.67978287,0.671638,0.68234146,0.6636506,0.6810231,0.68958974,0.66562223,0.6853643,0.68376935,0.6837791,0.67750883,0.6741843,0.66646594,0.6694747,0.67533225,0.68117714,0.6851108,0.67059296,0.67652476,0.6747475,0.67463803,0.6760306,0.69040453,0.6692558,0.6730181,0.678051,0.65355235,0.68493706,0.6842156,0.67655927,0.68991345,0.65719324,0.6730073,0.67857164,0.64985055,0.6745544,0.68258625,0.66771615,0.66335845,0.6835634,0.66919965,0.660642,0.67958885,0.68825704,0.66547763,0.6628321,0.6925214,0.6812202,0.68165666,0.68258417,0.65462786,0.6606126,0.66512454,0.66533583,0.6729447,0.6883272,0.6826242,0.67067516,0.66899335,0.6811941,0.6645438,0.66265327,0.68077064,0.669585,0.671131,0.6570301,0.69699633,0.64373094,0.6563765,0.6750204,0.672168
0.0,0.0,0.0,0.0,0.0,0.0,0.0,0.0,0.0,0.0,0.0,0.0,0.0,0.0,0.0,0.0,0.0,0.0,0.0,0.0,0.0,0.0,0.0,0.0,0.0,0.0,0.0,0.0,0.0,0.0,0.0,0.0,0.0,0.0,0.0,0.0,0.0,0.0,0.0,0.0,0.0,0.0,0.0,0.0,0.0,0.0,0.0,0.0,0.0,0.0,0.0,0.0,0.0,0.0,0.0,0.0,0.0,0.0,0.0,0.0,0.0,0.0,0.0,0.0,0.0,0.0,0.0,0.0,0.0,0.0,0.0,0.0,0.0,0.0,0.0,0.0,0.0,0.0,0.0,0.0,0.0,0.0,0.0,0.0,0.0,0.0,0.0,0.0,0.0,0.0,0.0,0.0,0.0,0.0,0.0,0.0,0.0,0.0,0.0,0.0,0.0,0.0,0.0,0.0,0.0,0.0,0.0,0.0,0.0,0.0,0.0,0.0,0.0,0.0,0.0,0.0,0.0,0.0,0.0,0.0,0.0,0.0,0.0,0.0,0.0,0.0,0.0,0.0,0.0,0.0,0.0,0.0,0.0,0.0,0.0,0.0,0.0,0.0,0.0,0.0,0.0,0.0,0.0,0.0,0.0,0.0,0.0,0.0,0.0,0.0,0.0,0.0,0.0,0.0,0.0,0.0,0.0,0.0,0.0,0.0,0.0,0.0,0.0,0.0,0.0,0.0,0.0,0.0,0.0,0.0,0.0,0.0,0.0,0.0,0.0,0.0,0.0,0.0,0.0,0.0,0.0,0.0,0.0,0.0,0.0,0.0,0.0,0.0,0.0,0.0,0.0,0.0,0.0,0.0,0.0,0.0,0.0,0.0,0.0,0.0,0.0,0.0,0.0,0.0,0.0,0.0,0.0,0.0,0.0,0.0,0.0,0.0,0.0,0.0,0.0,0.0,0.0,0.0,0.0,0.0,0.0,0.0,0.0,0.0,0.0,0.0,0.0,0.0,0.0,0.0,0.0,0.0,0.0,0.0,0.0,0.0,0.0,0.0,0.0,0.0,0.0,0.0,0.0,0.0,0.0,0.0,0.0,0.0,0.0,0.0,0.0,0.0,0.0,0.0,0.0,0.0,0.0,0.0,0.0,0.0,0.0,0.0,0.0,0.0,0.0,0.0,0.0,0.0,0.0,0.0,0.0,0.0,0.0,0.0,0.0,0.0,0.0,0.0,0.0,0.0,0.0,0.0,0.0,0.0,0.0,0.0,0.0,0.0,0.0,0.0,0.0,0.0,0.0,0.0,0.0,0.0,0.0,0.0,0.0,0.0,0.0,0.0,0.0,0.0,0.0,0.0,0.0,0.0,0.0,0.0,0.0,0.0,0.0,0.0,0.0,0.0,0.0,0.0,0.0,0.0,0.0,0.0,0.0,0.0,0.0,0.0,0.0,0.0,0.0,0.0,0.0,0.0,0.0,0.0,0.0,0.0,0.0,0.0,0.0,0.0,0.0,0.0,0.0,0.0,0.0,0.0,0.0,0.0,0.0,0.0,0.0,0.0,0.0,0.0,0.0,0.0,0.0,0.0,0.0,0.0,0.0,0.0,0.0,0.0,0.0,0.0,0.0,0.0,0.0,0.0,0.0,0.0,0.0,0.0,0.0,0.0,0.0,0.0,0.0,0.0,0.0,0.0,0.0,0.0,0.0,0.0,0.0,0.0,0.0,0.0,0.0,0.0,0.0,0.0,0.0,0.0,0.0,0.0,0.0,0.0,0.0,0.0,0.0,0.0,0.0,0.0,0.0,0.0,0.0,0.0,0.0,0.0,0.0,0.0,0.0,0.0,0.0,0.0,0.0,0.0,0.0,0.0,0.0,0.0,0.0,0.0,0.0,0.0,0.0,0.0,0.0,0.0,0.0,0.0,0.0,0.0,0.0,0.0,0.0,0.0,0.0,0.0,0.0,0.0,0.0,0.0,0.0,0.0,0.0,0.0,0.0,0.0,0.0,0.0,0.0,0.0,0.0,0.0,0.0,0.0,0.0,0.0,0.0,0.0,0.0,0.0,0.0,0.0,0.0,0.0,0.0,0.0,0.0,0.0,0.0,0.0,0.0,0.0,0.0,0.0,0.0,0.0,0.0,0.0,0.0,0.0,0.0,0.0,0.0,0.0,0.0,0.0,0.0,0.0,0.0,0.0,0.0,0.0,0.0,0.0,0.0,0.0,0.0,0.0,0.0,0.0,0.0,0.0,0.0,0.0,0.0,0.0,0.0,0.0,0.0,0.0,0.0,0.0,0.0,0.0,0.0,0.0,0.0,0.0,0.0,0.0,0.0,0.0,0.0,0.0,0.0,0.0,0.0,0.0,0.0,0.0,0.0,0.0,0.0,0.0,0.0,0.0,0.0,0.0,0.0,0.0,0.0,0.0,0.0,0.0,0.0,0.0,0.0,0.0,0.0,0.0,0.0,0.0,0.0,0.0,0.0,0.0,0.0,0.0,0.0,0.0,0.0,0.0,0.0,0.0,0.0,0.0,0.0,0.0,0.0,0.0,0.0,0.0,0.0,0.0,0.0,0.0,0.0,0.0,0.0,0.0,0.0,0.0,0.0,0.0,0.0,0.0,0.0,0.0,0.0,0.0,0.0,0.0,0.0,0.0,0.0,0.0,0.0,0.0,0.0,0.0,0.0,0.0,0.0,0.0,0.0,0.0,0.0,0.0,0.0,0.0,0.0,0.0,0.0,0.0,0.0,0.0,0.0,0.0,0.0,0.0,0.0,0.0,0.0,0.0,0.0,0.0,0.0,0.0,0.0,0.0,0.0,0.0,0.0,0.0,0.0,0.0,0.0,0.0,0.0,0.0,0.0,0.0,0.0,0.0,0.0,0.0,0.0,0.0,0.0,0.0,0.0,0.0,0.0,0.0,0.0,0.0,0.0,0.0,0.0,0.0,0.0,0.0,0.0,0.0,0.0,0.0,0.0,0.0,0.0,0.0,0.0,0.0,0.0,0.0,0.0,0.0,0.0,0.0,0.0,0.0,0.0,0.0,0.0,0.0,0.0,0.0,0.0,0.0,0.0,0.0,0.0,0.0,0.0,0.0,0.0,0.0,0.0,0.0,0.0,0.0,0.0,0.0,0.0,0.0,0.0,0.0,0.0,0.0,0.0,0.0,0.0,0.0,0.0,0.0,0.0,0.0,0.0,0.0,0.0,0.0,0.0,0.0,0.0,0.0,0.0,0.0,0.0,0.0,0.0,0.0,0.0,0.0,0.0,0.0,0.0,0.0,0.0,0.0,0.0,0.0,0.0,0.0,0.0,0.0,0.0,0.0,0.0,0.0,0.0,0.0,0.0,0.0,0.0,0.0,0.0,0.0,0.0,0.0,0.0,0.0,0.0,0.0,0.0,0.0,0.0,0.0,0.0,0.0,0.0,0.0,0.0,0.0,0.0,0.0,0.0,0.0,0.0,0.0,0.0,0.0,0.0,0.0,0.0,0.0,0.0,0.0,0.0,0.0,0.0,0.0,0.0,0.0,0.0,0.0,0.0,0.0,0.0,0.0,0.0,0.0,0.0,0.0,0.0,0.0,0.0,0.0,0.0,0.0,0.0,0.0,0.0,0.0,0.0,0.0,0.0,0.0,0.0,0.0,0.0,0.0,0.0,0.0,0.0,0.0,0.0,0.0,0.0,0.0,0.0,0.0,0.0,0.0,0.0,0.0,0.0,0.0,0.0,0.0,0.0,0.0,0.0,0.0,0.0,0.0,0.0,0.0,0.0,0.0,0.0,0.0,0.0,0.0,0.0,0.0,0.0,0.0,0.0,0.0,0.0,0.0,0.0,0.0,0.0,0.0,0.0,0.0,0.0,0.0,0.0,0.0,0.0,0.0,0.0,0.0,0.0,0.0,0.0,0.0,0.0,0.0,0.0,0.0,0.0,0.0,0.0,0.0,0.0,0.0,0.0,0.0,0.0,0.0,0.0,0.0,0.0,0.0,0.0,0.0,0.0,0.0,0.0,0.0,0.0,0.0,0.0,0.0,0.0,0.0,0.0,0.0,0.0,0.0,0.0,0.0,0.0,0.0,0.0,0.0,0.0,0.0,0.0,0.0,0.0,0.0,0.0,0.0,0.0,0.0,0.0,0.0,0.0,0.0,0.0,0.0,0.0,0.0,0.0,0.0,0.0,0.0,0.0,0.0,0.0,0.0,0.0,0.0,0.0,0.0,0.0,0.0,0.0,0.0,0.0,0.0,0.0,0.0,0.0,0.0,0.0,0.0,0.0,0.0,0.0,0.0,0.0,0.0,0.0,0.0,0.0,0.0,0.0,0.0,0.0,0.0,0.0,0.0,0.0,0.0,0.0,0.0,0.0,0.0,0.0,0.0,0.0,0.0,0.0,0.0,0.0,0.0,0.0,0.0,0.0,0.0
1.0528853,1.047107,1.0417235,1.0517622,1.0709016,1.0681614,1.0500621,1.0601244,1.0509648,1.0386089,1.0570712,1.0632074,1.0527431,1.0688637,1.0507495,1.0287776,1.0550731,1.0379941,1.0755813,1.0591694,1.0532752,1.0560428,1.0361458,1.0451528,1.0413151,1.0523666,1.0501648,1.0529404,1.0578097,1.0730108,1.0656065,1.0463194,1.0417687,1.056457,1.0755844,1.0361495,1.0541642,1.0540192,1.0495982,1.0560673,1.0580326,1.0420395,1.045249,1.0593481,1.0511112,1.047397,1.0492207,1.054528,1.0371987,1.0607767,1.0647355,1.0468819,1.0483853,1.0520779,1.0650128,1.0397094,1.0560969,1.0568333,1.0515099,1.0513929,1.0535619,1.0423472,1.0621779,1.0692527,1.061517,1.0571532,1.0554819,1.0541039,1.031951,1.0559598,1.0287669,1.0284758,1.0721982,1.0613371,1.0523391,1.0383492,1.061552,1.0500005,1.0482314,1.0565346,1.0414112,1.052565,1.0252789,1.0740507,1.0594699,1.0565782,1.0355487,1.060501,1.0624539,1.0384325,1.0424186,1.0417919,1.0644604,1.0480725,1.0402731,1.0374551,1.0694056,1.06037,1.0634712,1.0617111,1.0449175,1.0526183,1.0528115,1.0539796,1.050505,1.0520207,1.047006,1.0439402,1.0579263,1.0472631,1.0521101,1.0438648,1.0528533,1.0441899,1.0361518,1.063797,1.0530483,1.048972,1.0714029,1.0400243,1.060508,1.0446774,1.0597509,1.0544082,1.0450116,1.0454448,1.053405,1.0603924,1.0430757,1.0623085,1.0596228,1.0595219,1.0370834,1.056,1.0414404,1.050209,1.0653824,1.0371419,1.0730286,1.0663229,1.0601572,1.0559325,1.0555111,1.0488191,1.0686268,1.0492644,1.0368441,1.028735,1.0452011,1.063534,1.0588174,1.0553904,1.055285,1.0562003,1.0355306,1.0508262,1.0557015,1.0531317,1.0556546,1.0448804,1.0455197,1.037046,1.0467231,1.0427668,1.0609705,1.0405039,1.0658731,1.0380739,1.0434189,1.0445572,1.0673914,1.0622458,1.051761,1.0459962,1.0626059,1.0531576,1.0664067,1.0542246,1.0548441,1.0363998,1.0487448,1.0733225,1.0449533,1.063029,1.0602119,1.057754,1.0161314,1.0415711,1.0511241,1.0665332,1.0496527,1.0423015,1.0628484,1.0532948,1.0581222,1.0383527,1.0567297,1.0599629,1.0513476,1.0448444,1.06786,1.0553412,1.0530393,1.0644902,1.0544211,1.0542482,1.0572972,1.0455385,1.0342263,1.0450584,1.0366106,1.0334938,1.0296872,1.0726144,1.0647339,1.0635793,1.0431464,1.0652823,1.0579482,1.0338136,1.051476,1.0596282,1.0576801,1.0552499,1.0570942,1.045033,1.0481805,1.075227,1.0667621,1.0467076,1.0401766,1.0366828,1.0450363,1.0555949,1.0686926,1.0242968,1.065088,1.0427088,1.0579106,1.0388378,1.0404505,1.0534662,1.0405589,1.0521992,1.0469682,1.0604036,1.0708135,1.053881,1.0694377,1.0486404,1.0365391,1.0609843,1.0435721,1.0326638,1.0524602,1.0410485,1.0432985,1.0602455,1.0454211,1.0518851,1.06586,1.054865,1.0589018,1.0508361,1.0534619,1.0541596,1.04632,1.0649644,1.0617886,1.0524145,1.0400501,1.0534672,1.057603,1.067203,1.0452728,1.039797,1.0482662,1.0450298,1.055152,1.0505854,1.0621501,1.0500107,1.0413452,1.0516199,1.0524478,1.0651482,1.0493416,1.0437751,1.0633742,1.048141,1.0629157,1.0669061,1.0551237,1.0741503,1.0580934,1.0588857,1.0431731,1.0465901,1.048568,1.064343,1.0416356,1.041863,1.0593741,1.0405108,1.0666152,1.0510237,1.0564013,1.0478045,1.0492891,1.0758861,1.0438962,1.065977,1.0661278,1.0548023,1.0474476,1.0580254,1.0447934,1.035707,1.044606,1.066433,1.0617635,1.0368243,1.0389129,1.0544765,1.0618054,1.0613003,1.0563565,1.0762334,1.0473044,1.0715296,1.0541686,1.0494403,1.0561836,1.0492352,1.0709292,1.0575329,1.0652527,1.047167,1.0621111,1.0527976,1.0640349,1.051926,1.0461429,1.0338783,1.0389943,1.0455871,1.0508714,1.0413792,1.0717841,1.0467054,1.0592457,1.0589995,1.0704669,1.0583528,1.0343215,1.0592155,1.0588505,1.0412495,1.0550795,1.0573856,1.0531441,1.0536107,1.0411942,1.0347705,1.0519608,1.0473845,1.0395068,1.0525421,1.0469036,1.0589061,1.0669428,1.0673398,1.0377948,1.0469934,1.0487549,1.0544738,1.0585738,1.0510294,1.0516634,1.0447023,1.0645634,1.0382949,1.0473433,1.0555378,1.062974,1.038539,1.0467706,1.06059,1.0536004,1.0731806,1.038324,1.052944,1.0492277,1.0514084,1.0525147,1.0541681,1.0575336,1.0542911,1.0448867,1.0380577,1.0695953,1.0721041,1.0481274,1.051537,1.0558819,1.0399815,1.0643637,1.0578942,1.0579457,1.0467008,1.0459993,1.0521061,1.0474986,1.0644609,1.0448657,1.0348552,1.0465673,1.0499775,1.052452,1.0648605,1.054066,1.06572,1.0566572,1.0471572,1.0538435,1.0267742,1.0497897,1.0350918,1.0551206,1.0444925,1.0429074,1.0645905,1.0234368,1.0383065,1.0558903,1.0548714,1.0417396,1.059219,1.0618585,1.0477918,1.0655048,1.0427563,1.0333849,1.0628963,1.0409608,1.0536114,1.0589223,1.040459,1.062781,1.0483574,1.0620223,1.0413667,1.043327,1.0419903,1.0387545,1.0557387,1.0416542,1.0431288,1.0423533,1.0579895,1.0443084,1.041702,1.0388455,1.0555711,1.0331707,1.0351853,1.0668746,1.06419,1.0567756,1.0700423,1.056241,1.0663185,1.0690353,1.0436491,1.065115,1.0493321,1.0569674,1.0445936,1.0304989,1.0516039,1.0435103,1.0453526,1.0548031,1.0600281,1.0656682,1.0560873,1.0560986,1.0464945,1.0545679,1.061216,1.056944,1.0303692,1.0704247,1.0586344,1.0588498,1.0589827,1.0342498,1.04117,1.0428138,1.0614516,1.0412085,1.043293,1.0380998,1.0437373,1.0412933,1.0648681,1.0645978,1.0342195,1.068175,1.0467157,1.0478927,1.072783,1.0499352,1.0754021,1.0349188,1.0395029,1.0428169,1.0547879,1.0539262,1.0303916,1.0475314,1.0580066,1.0457416,1.0323521,1.0498238,1.0507927,1.0607963,1.0715452,1.0527902,1.0439777,1.0492394,1.0609349,1.0688705,1.0548381,1.0462407,1.0644083,1.0482748,1.0547684,1.05391,1.0700587,1.0576673,1.0510547,1.0491148,1.0466257,1.0491608,1.05295,1.0379047,1.0464809,1.0563041,1.0544978,1.0589533,1.0595388,1.0582007,1.0515215,1.0450736,1.0604558,1.0591216,1.0409391,1.0579921,1.0408716,1.0673681,1.0409671,1.0531384,1.0518714,1.0505234,1.0531448,1.0569584,1.0526781,1.0468969,1.0613798,1.0565698,1.0544645,1.0413783,1.0609133,1.0488597,1.0619584,1.0501242,1.0461911,1.0464867,1.0627366,1.0382564,1.0662968,1.0555665,1.0509218,1.0491531,1.0520301,1.0727519,1.0637465,1.0492438,1.05797,1.0559268,1.0255653,1.0518095,1.052716,1.0566757,1.0817796,1.0590402,1.0608554,1.0512406,1.0585245,1.0368603,1.0591342,1.0453391,1.0776694,1.0377976,1.0379918,1.0460298,1.0540385,1.0672601,1.0502311,1.0549786,1.0629214,1.0533131,1.0443486,1.0430527,1.0614038,1.04526,1.0546278,1.0349369,1.0373096,1.032909,1.040698,1.057226,1.0508075,1.0652838,1.047304,1.0459296,1.0530753,1.0601115,1.0427108,1.0408711,1.0446633,1.0579786,1.071905,1.0499591,1.0318935,1.0665585,1.0655721,1.0346258,1.0450466,1.050287,1.0505424,1.0671453,1.0527688,1.067786,1.0562578,1.0401816,1.0438722,1.0736972,1.0513666,1.0314221,1.0442598,1.0518187,1.0512233,1.0400656,1.0609703,1.0411681,1.0542822,1.0521407,1.047543,1.0386151,1.0566568,1.047974,1.0518048,1.0622398,1.0555292,1.0562341,1.0438697,1.0524648,1.0617436,1.0532143,1.0469295,1.038551,1.0777647,1.0370305,1.0531659,1.0653201,1.0740445,1.0509516,1.0310493,1.0518485,1.0275441,1.0603971,1.0580221,1.0498697,1.050938,1.0559992,1.0461217,1.0374904,1.0553607,1.0377898,1.0569432,1.0423864,1.0501049,1.0683237,1.0608994,1.0537642,1.0504993,1.0452505,1.0409137,1.0491637,1.0411009,1.0442181,1.0599139,1.0318332,1.0523953,1.0479325,1.0501708,1.0598898,1.0472146,1.0688694,1.0518779,1.0520848,1.053773,1.0451416,1.0352623,1.0651872,1.011885,1.0421219,1.0435406,1.0369161,1.0710908,1.0501741,1.0529879,1.0459974,1.0431987,1.0438015,1.0474275,1.0591538,1.0367624,1.054055,1.0594387,1.0306643,1.0458454,1.0388982,1.0429949,1.0576292,1.061693,1.0386868,1.0630739,1.058904,1.0569487,1.0576544,1.045602,1.054501,1.062423,1.0328761,1.0672408,1.052962,1.0365897,1.0503236,1.0489067,1.0538169,1.0542486,1.0567101,1.0442926,1.0666847,1.0555639,1.036128,1.0519617,1.0468271,1.0518407,1.0469294,1.0286392,1.0673497,1.0623634,1.0663395,1.0531553,1.0488876,1.04713,1.0605241,1.0561045,1.0546097,1.0578275,1.0391984,1.0562419,1.0678711,1.0363173,1.0463521,1.0571464,1.0643778,1.0469406,1.0485073,1.0465372,1.0582753,1.044105,1.0346026,1.0314952,1.0695814,1.0566281,1.0607972,1.0486344,1.0636495,1.0489845,1.0339669,1.0755157,1.0534133,1.0449399,1.0572298,1.0484201,1.0665115,1.038373,1.0329614,1.0590124,1.0373669,1.0524902,1.0597278,1.0316046,1.0699784,1.0645856,1.0375909,1.0443611,1.0516409,1.0499026,1.0628847,1.0557579,1.0594201,1.0651973,1.0635036,1.0506419,1.0446267,1.0484257,1.0381706,1.0439183,1.0545397,1.0436335,1.0557371,1.066844,1.0488602,1.0445625,1.0547274,1.0343187,1.045422,1.039924,1.0730739,1.0492274,1.0636632,1.0244255,1.0419276,1.0603886,1.0539559,1.0583754,1.0529393,1.0515512,1.042333,1.0369624,1.0459715,1.070222,1.0503117,1.0597168,1.0471586,1.0438079,1.0758734,1.0644724,1.0677924,1.0571996,1.0558065,1.0531538,1.0619353,1.0445323,1.0622782,1.0624875,1.0368268,1.0660275,1.0513374,1.0613915,1.0397975,1.0500023,1.0296568,1.0456034,1.0524273,1.0236796,1.0488816,1.0570053,1.0488054,1.032336,1.0607561,1.04981,1.0409948,1.0510815,1.0686811,1.0590397,1.0404202,1.0477996,1.0585432,1.0461473,1.0824225,1.0232425,1.0382228,1.0458275,1.050741,1.051222,1.0631602,1.0491962,1.0683587,1.0455319,1.0447077,1.0712425,1.05514,1.0495291,1.0484045,1.0748955,1.0463301,1.0441524,1.045105,1.0395741,1.0396526,1.0413728,1.0708469,1.0556396,1.060943,1.0532686,1.0468686,1.0648289,1.0556378,1.0492634,1.0576619,1.0616215,1.0474336,1.0723945,1.0633749,1.0495772,1.0479519,1.0514486,1.0372841,1.0435085,1.0513296,1.0439453,1.0550588,1.046769,1.051058,1.0617439,1.0474204,1.0463803,1.0687506,1.0467925,1.0600871,1.0565811,1.0529708,1.0551864,1.054572,1.0449591,1.0310571,1.0590025,1.0714817,1.0761155,1.0453018,1.0618348,1.0532545,1.0421624,1.0496346,1.0622079,1.0559548,1.0539856,1.0557096,1.0471152,1.0591526,1.0578648,1.0563835,1.0773985,1.033193,1.0499353,1.0425069,1.027283,1.0532598,1.0717096,1.0487431,1.0701207,1.056092,1.0364535,1.0576236,1.062413,1.0636417,1.0460638,1.0497346,1.0671422,1.0524554,1.0515597,1.0472986,1.0491753,1.0362797,1.0359954,1.047724,1.0583968,1.0540043,1.0619745,1.0423678,1.0528775,1.0566179,1.0294849,1.0527006,1.0572971,1.053031,1.0420611,1.0530251,1.0527477,1.0252092,1.0533006,1.0586191,1.0579214
0.9786923,0.9739844,0.96654016,0.97925586,0.9933077,0.9866437,0.97667015,0.9898123,0.99694735,0.976222,0.99338824,0.9688993,0.99150413,0.9800475,0.95591664,0.9536936,0.981429,0.9623944,0.97027963,0.96913314,0.98305523,0.98579186,0.9693576,0.98030585,0.9756628,0.98632747,0.97759867,0.9717505,0.98561496,0.9994113,0.9916884,0.98471564,0.9824661,0.9816791,0.97556525,0.9650535,0.9836468,0.96493983,0.9675792,0.97473603,0.9859226,0.97679704,0.9881341,0.973205,0.9640363,0.97097987,0.98417187,0.9801173,0.9406446,0.9765947,0.9812256,0.9770706,0.981243,0.9796209,1.0056039,0.991133,1.0022601,0.98408985,0.9799243,0.9723534,0.9956745,0.98963857,0.9645654,0.99976754,0.97506064,0.9999476,0.9995267,0.97184193,0.97940683,0.97316796,0.96244365,0.96005875,0.974911,0.9748374,0.9791592,0.99637973,0.9837165,0.9896869,0.9855126,0.9647779,0.9738478,0.9811821,0.95375663,0.9766699,0.98263997,0.96685195,0.98243773,0.994385,0.99768865,0.99013746,0.95390224,0.9860724,0.97522604,0.9857653,0.97448456,0.96866435,0.97881633,0.98101276,0.98896074,1.0039405,0.98070216,0.9736401,0.972384,0.9780283,0.9757163,0.9770184,0.9505502,0.9686133,0.95234627,0.97817945,0.9816222,0.97441703,0.9853205,0.9917059,0.99326384,0.9860552,0.98968047,0.9770348,0.9765691,0.98087263,0.9929348,0.96884525,0.97532165,0.9847516,0.97674304,0.9630649,0.9851267,0.9949343,0.9767664,0.9698429,0.9862685,0.9849433,0.9707937,0.99135923,0.97754335,0.9781938,0.9740208,0.95399195,0.9715414,0.9763873,0.9806069,0.96473885,0.99047244,0.983546,0.9909057,0.97264194,0.97667396,0.9694224,0.9757641,0.9847105,0.9867825,0.9734664,0.98919743,0.976062,0.97404593,0.978312,0.96992236,0.99059176,0.98400766,0.97913307,0.96643746,0.9624408,0.97190267,0.97990984,0.9591317,0.96301377,0.97409385,0.9741016,0.9715022,0.9727737,0.9841002,0.98100054,0.99579406,0.9695214,0.98503,0.9658925,0.97983754,0.9671059,0.972962,0.9593627,0.98483706,1.0067074,0.96904385,0.9717212,0.95856464,0.9937085,0.9593289,0.9650055,0.9890299,0.989554,0.9845667,0.97900575,0.98026097,0.97195464,1.0022811,0.95704275,0.97924656,0.9785012,0.977804,0.9816708,0.9680387,0.99068534,0.9697028,0.98528826,0.9748091,0.973516,0.96956176,0.9675442,0.98034805,0.9694305,0.95355666,0.9607409,0.97110873,0.9928474,0.97135097,0.98884314,0.9667515,0.9793396,0.9850985,0.97052264,0.97780865,0.9739128,0.9708626,0.9696932,0.992655,0.96900225,0.9757116,0.9893099,1.0172533,0.9853328,0.9749999,0.97375846,0.97192466,0.9764181,0.97247994,0.9634784,0.9855579,0.97136563,0.9613417,0.9688282,0.9703032,0.9724179,0.9788685,0.9817867,0.97962457,0.98295057,0.9840077,0.9826308,0.9759867,0.97815996,0.9828583,0.95925504,0.9577544,1.0056624,0.98638225,0.9682457,0.9533703,0.99341387,0.97214556,0.9961678,1.0066216,0.96391267,0.96354544,0.99823,0.9891989,0.9699414,0.98351365,0.98781073,0.9806769,0.9820019,0.97816247,0.97657794,0.9664147,0.9911114,0.97844946,0.9714858,0.9589869,0.98814464,0.99146223,0.95821255,0.98274225,0.96332985,0.97747815,0.97806764,0.9774812,0.9908187,0.9621926,0.97214985,0.9827029,0.9559756,0.9761801,0.98149,0.98002875,0.9874498,0.98745686,0.96352464,0.9862161,0.96456397,0.9778837,0.9908642,0.9839239,0.95574623,0.9904353,0.9758499,0.9822175,0.9734816,0.9708345,0.9802595,0.9997272,0.9809189,0.97954875,1.003816,0.98406553,0.95991874,0.98291343,0.987247,0.96429384,0.98947966,0.9782699,0.9769583,0.97215456,0.9862799,0.9638133,0.97633743,0.9880266,0.9759455,0.9783582,0.99655306,0.9688107,0.99489814,0.97597003,0.9901145,0.98586583,0.9748535,0.97712696,0.97418535,1.0028328,0.9797851,0.9805671,0.983857,0.9856999,0.98802596,0.9903258,0.9545883,0.9711898,0.9864025,0.97065437,0.9723066,0.99498063,0.986513,0.9749257,0.98881316,0.99646324,0.9700806,0.96065634,0.97592384,0.9904576,0.96578026,1.0031818,0.9863527,0.98425454,1.00879,0.977825,0.95648736,0.98994833,0.9616707,0.9961687,0.98484766,0.9782015,0.9801956,0.9724498,0.9930522,0.9685036,0.98087966,0.96600235,0.97414726,0.9721745,0.9683725,0.9749647,0.9673828,0.9821789,0.9547842,0.98516774,0.9783604,0.9741292,0.97334087,0.98917603,0.98677707,0.98621845,0.9928934,0.98091424,0.98269105,0.96718407,0.9910627,0.9918413,0.9844394,0.98125124,0.96604866,0.9933143,0.96638435,0.9955986,0.9941616,0.96833503,0.9606643,0.9726225,0.9948376,0.97311044,0.9670634,0.9798541,0.99707687,0.97275895,0.97733635,0.98453075,0.97527057,0.9696055,0.9807148,0.98135847,0.97602344,0.9812157,0.98036325,0.97672254,0.98236954,0.9944955,0.96997744,0.9818941,0.9646671,1.0030655,0.97693914,0.9861466,0.9725995,0.9774718,0.98061836,0.9713261,0.98172146,0.988226,0.9796283,0.9712857,0.9806271,0.99533546,0.9692634,0.97581935,0.9601243,0.97120094,0.9941744,0.9995956,0.9830899,0.98646873,0.9640129,0.9795397,0.9769495,0.97677094,0.95901155,0.9788663,0.96652853,0.9672618,0.98638165,0.9937021,0.98130655,0.98449457,0.9866255,0.9872159,0.9642863,0.9748222,0.965521,0.9592858,0.9717243,0.981135,0.9999559,0.9792281,0.97319955,0.97515863,0.9813794,0.9813554,0.97360784,0.9777549,0.9780402,0.9872649,0.9830702,0.97249514,0.9742156,0.9835426,0.97940373,0.9911205,0.965998,0.97960585,0.99013567,0.9735417,0.97613525,0.97161114,0.9852194,0.9755642,0.9493786,0.98212385,0.98184466,0.9835516,0.98084015,0.99857044,0.96735054,0.9863453,0.9810013,0.97960377,0.98416686,0.9772956,0.98676395,0.9690704,0.9975188,0.9795114,0.96072024,0.9878017,0.9660977,0.96904004,0.96955895,0.9613434,0.992889,0.97650605,0.9966977,0.9721692,0.9842314,0.9712318,0.96802074,0.96376324,0.972393,0.96595746,0.97426164,0.9708414,0.98952216,0.9817646,0.97069883,0.982365,0.9940052,0.96066505,0.9614793,0.9862188,0.9822938,0.9901216,0.98615414,0.9596354,0.9684273,0.97653687,0.98921734,0.984153,0.96725583,0.97773296,0.9679006,0.9879436,0.9620033,0.97619486,0.9672233,0.9895036,0.9649834,0.9912642,0.97484684,0.98265505,0.97995085,0.9804508,0.9904306,0.967428,0.98047817,0.98021865,0.9761643,0.99119735,0.98177356,0.9955476,0.981227,0.9572652,0.9748906,0.960531,0.9744635,0.9746475,0.98889583,0.9788359,0.9790997,0.9804709,0.9883767,0.9978147,0.98730695,0.97738945,0.98752654,0.96887183,0.96802807,0.95885324,0.9895002,0.9671945,0.9822302,0.96748996,0.9740188,0.9792757,0.9695539,0.9683987,0.9974454,0.9763678,0.9787253,0.9560044,0.97584414,0.97438616,0.9884839,0.9789385,0.9856084,0.9665647,0.9827042,0.9620311,0.97506475,0.97336036,0.972505,0.9938245,0.96093446,0.9802925,0.98181504,0.98389184,0.97347337,0.9526215,0.9840991,1.0126046,0.95093405,0.9611884,0.9798965,0.98446673,0.9950707,0.9657534,1.0001599,0.98057216,0.9699729,0.98715377,0.9787855,0.9858357,0.990336,0.9702262,0.98194665,0.98711324,0.9852511,0.9919687,0.97394127,0.9882816,0.9739441,0.9730647,0.95774573,0.9824633,0.9748968,0.97661716,0.9652754,0.974877,0.9806825,0.986657,0.9780659,0.9943229,0.98856676,0.98945343,0.9693505,0.9793202,0.97309345,0.968708,0.9708267,0.9584343,0.9819959,0.9713928,0.9801982,0.9918854,0.9810511,0.9891853,0.990565,0.985536,0.96531355,0.9672838,0.97974527,0.9772843,0.97051585,0.9846354,0.9634558,0.98845005,0.9751469,0.9918412,0.96562594,0.96714884,0.9799416,0.9665174,0.9904846,0.98609614,0.99048483,0.9703056,0.98456514,0.9886038,0.97881913,0.9830452,0.9839247,0.9833302,0.9799112,0.9772477,0.9622721,0.9590275,0.99593943,0.97719365,0.97411513,0.9713102,0.9831933,0.9772954,0.98203826,0.9696821,0.98319435,0.9966812,0.96763194,0.9794104,0.9692337,0.98809415,0.9922075,0.9554583,0.9788598,0.9757856,0.9726861,0.98300153,0.9848848,0.9747302,0.9727381,0.97858995,0.9747968,1.0059463,0.98979616,0.99231195,0.96466243,0.98448324,0.96839166,0.95266783,0.9964956,0.98021287,0.9918919,0.97690666,0.9742108,0.96965045,0.97113645,0.96705264,0.98149246,0.98785555,0.9939141,0.9725489,0.9892754,0.97771496,0.98035556,0.97531617,0.97555333,0.97422653,0.9805545,0.98227865,0.99264956,0.9767021,0.9804888,0.9763678,0.99407995,0.9827139,0.97448903,0.98619354,0.97385776,0.99138683,0.97075045,0.97198945,0.98553514,0.9824436,0.9770294,0.9845938,0.96232307,0.96636736,0.9804271,0.97432196,0.98445433,0.9372018,0.9757666,0.97176266,0.97781956,0.9882384,0.97497475,0.98091286,0.9786864,0.9886606,0.9739002,0.97702354,0.98819274,0.9676034,1.0063654,0.97969574,0.97761863,0.98256665,0.96110415,0.9991022,0.97574955,0.9886343,0.9733509,0.97024167,0.98576313,0.96144897,0.9599545,0.9778864,0.9886064,0.98547906,0.9794378,0.99467987,0.99907374,0.9777193,0.9894982,0.97208405,0.9571229,0.9876224,0.97134835,0.98098767,0.9754376,0.97484607,0.98198503,0.9753824,0.9760181,0.9832051,0.9670913,0.9686911,1.0059352,0.9796823,0.9601808,0.98169476,0.97371864,0.9728423,0.9642349,0.9965451,0.98084736,0.99577415,0.9773822,0.96698886,0.97981143,0.97385883,0.9587433,0.96408665,0.9774208,0.9823898,0.9924124,0.9915167,0.9709696,0.9778517,0.962094,0.99393713,0.9871609,0.97903943,0.97383773,0.98949546,0.981873,0.9686856,0.9919884,0.9893477,0.983188,0.9742013,0.9783613,0.9634417,0.9662348,0.9782932,0.9913181,0.9803176,0.97774833,0.9869167,0.9767312,0.9938667,1.002737,0.96862364,0.9982736,0.9711846,0.97831815,0.9706472,0.98258823,0.98147595,0.98672503,0.96391135,0.96579295,0.97117436,0.9686194,0.9543946,0.981465,0.98719925,0.98392516,0.9918647,0.9497918,0.9807312,0.9860384,0.97878116,0.98152363,0.96371317,0.9739174,0.9987183,0.9872665,0.9868521,0.98229504,0.97478944,0.9931591,0.9866958,0.9939693,0.9900321,0.9749976,0.9808165,0.99448174,0.9728927,0.9814779,0.97840154,0.96986884,0.9751697,0.98850566,0.996061,0.991084,0.98239994,0.9832308,0.97134477,1.0014677,0.99068516,0.9826915,0.96887237,0.9726167,0.97554415,1.0032346,0.9927459,0.9810029,0.9803079,0.98067,0.96321946,0.97901565,0.980563,0.97143024,0.9847723,0.98117167,0.9809287,0.96251607,0.9724352,0.98322934,0.9797683,0.98613924,0.96348035,0.96663916,0.974402,0.99054193,0.9889668,0.9868739,0.99380696,0.988295,0.9670627,0.97444797,0.97262114,0.96914476,0.9850191,0.9752103,0.9985412,0.99993306,0.97808677,0.9686786,0.95893043,0.9988373,0.9832507,1.0000944,0.9708122,0.98197854,0.9747529,0.9707784,0.9693457,0.96947056,0.9665379,0.9801735,0.97047395,0.9811093,0.9703794,0.98861974,0.979973,0.9937299,0.9842267,0.9731096,0.96507853,0.9505053,0.97249395,0.9836547,0.9849365,0.97293305,0.98352915,0.9786896,0.97581464,0.97183466,0.9874481,0.95810837,0.9874529,0.9840315,0.9766287,0.9847679,0.969666,0.97671443,0.97724277,0.96058714,0.9745036,0.99076116,0.9818575,0.99055946,0.9874735,0.9962109,0.9781239,0.9693873,0.98225296,0.9802846,0.9824448,0.9757029,0.9661939,0.96970373,0.95530146,0.97736734,0.9710263,0.9796289
1.1833367,1.1947649,1.1871562,1.201371,1.1957854,1.1913531,1.1908054,1.1847342,1.1956532,1.176989,1.1793287,1.1932472,1.2105454,1.1796048,1.2038146,1.1712128,1.1957755,1.1798922,1.1845537,1.1939999,1.215918,1.2019038,1.1802876,1.1750094,1.1734842,1.1808883,1.1948805,1.1859435,1.2077605,1.2045232,1.195091,1.1850584,1.1805788,1.1753101,1.1758872,1.1885108,1.1917084,1.1742369,1.1896228,1.1873629,1.1910015,1.1959846,1.195761,1.1728562,1.1945591,1.1829027,1.195363,1.1965574,1.170996,1.1920061,1.1937917,1.1862284,1.1995298,1.202172,1.1801573,1.1849716,1.1730968,1.1955063,1.1907767,1.1899931,1.1844283,1.1955127,1.1928931,1.2078006,1.1913271,1.1899751,1.1818255,1.1930041,1.1879114,1.1735767,1.1814222,1.1901181,1.1841292,1.1876749,1.1755502,1.1784991,1.1875575,1.1880275,1.1883988,1.1975965,1.1775224,1.1962208,1.171036,1.189142,1.2088996,1.1886407,1.1933053,1.193357,1.1954584,1.1883521,1.1817615,1.2011118,1.1799955,1.1902921,1.1856177,1.1925199,1.1786077,1.1954618,1.2019131,1.2015858,1.1781669,1.1891326,1.1981598,1.175843,1.2024298,1.1852576,1.2011064,1.2028167,1.1849731,1.1770828,1.1836246,1.1865973,1.1899226,1.1872467,1.1728652,1.187251,1.1994658,1.1874765,1.1964262,1.1774062,1.1886419,1.1863909,1.1834321,1.2144303,1.1914327,1.195964,1.1877148,1.1951066,1.1883584,1.2031798,1.1826128,1.1838126,1.1730362,1.1834213,1.1962342,1.1973635,1.191079,1.1873184,1.1751873,1.209676,1.18909,1.164055,1.1910061,1.1943811,1.191415,1.183763,1.1731188,1.1909932,1.2106605,1.1884569,1.1791639,1.2121426,1.1989819,1.1981459,1.1756821,1.2010487,1.1930306,1.1984757,1.1752359,1.1880348,1.1958958,1.2075537,1.1742891,1.2101578,1.2097039,1.1741682,1.2124212,1.2026826,1.1928084,1.2102344,1.1928723,1.2071993,1.2120851,1.1924304,1.1721139,1.1999834,1.1881236,1.1791067,1.1799784,1.1745485,1.1771939,1.1901871,1.1919512,1.1642554,1.179593,1.1974523,1.1978902,1.1795427,1.1878254,1.1924394,1.1892837,1.1867379,1.1707609,1.2030092,1.1808517,1.1772963,1.1814928,1.1944356,1.1916324,1.1912223,1.1884781,1.1892838,1.1762811,1.1910185,1.1772393,1.2014568,1.1915759,1.1930226,1.1923043,1.2117076,1.1853781,1.1914268,1.1718079,1.1759397,1.1820505,1.1792008,1.181064,1.1904178,1.1974846,1.206823,1.1900752,1.1969975,1.2061344,1.1810755,1.2039473,1.1978256,1.198156,1.1955569,1.1903552,1.202084,1.178223,1.1836729,1.1994858,1.1812799,1.1748394,1.1831769,1.1785551,1.1829038,1.2028174,1.1913284,1.1869185,1.1846758,1.1921881,1.1961075,1.2044693,1.172802,1.1869795,1.2046313,1.2025547,1.1923728,1.1851605,1.2046819,1.2019414,1.177913,1.2070237,1.1794431,1.2026742,1.1698273,1.1875625,1.2009264,1.189369,1.186428,1.1938279,1.19962,1.1795617,1.1956618,1.2133056,1.2053165,1.2156962,1.2023152,1.200072,1.1987514,1.1867385,1.1941484,1.1867757,1.1869175,1.1766386,1.1769661,1.193226,1.1999224,1.1824976,1.2147449,1.1718944,1.1774447,1.2080075,1.2060962,1.2143736,1.1933349,1.2036867,1.1722987,1.2055571,1.1736077,1.1982751,1.1921299,1.1888547,1.1920742,1.1644706,1.2055078,1.1743035,1.1755002,1.185557,1.2002907,1.1989664,1.1931188,1.1767806,1.1997483,1.1936201,1.1852431,1.1835402,1.173181,1.1928945,1.2006977,1.1887763,1.1923331,1.1978564,1.1951902,1.182799,1.2004321,1.1815376,1.1855825,1.177082,1.1967449,1.1931037,1.1986184,1.189872,1.1734849,1.2122614,1.1990943,1.1925168,1.1926447,1.1737177,1.1704979,1.186782,1.1909368,1.1966239,1.1769869,1.2073872,1.1919445,1.1960233,1.172088,1.1886989,1.1814122,1.1804572,1.1826562,1.2040699,1.1905692,1.1866429,1.1863767,1.1913307,1.1826464,1.2077067,1.1801112,1.1856331,1.2006241,1.1951497,1.1985401,1.1972315,1.1946329,1.1830558,1.1560906,1.1915433,1.1785778,1.1921307,1.1786433,1.2019722,1.1964402,1.1839342,1.1698165,1.1769891,1.208395,1.1886363,1.1888474,1.1871827,1.1986732,1.1790129,1.1853229,1.2083446,1.1753826,1.1948521,1.1711336,1.1758363,1.190299,1.1696471,1.1976943,1.1911105,1.1762354,1.1701381,1.1942264,1.1814451,1.1895516,1.1899216,1.1815292,1.1970583,1.1965618,1.1720203,1.1967679,1.1761225,1.1778214,1.2059268,1.1894484,1.2066039,1.1895479,1.1917077,1.1646767,1.1953987,1.1996161,1.2029103,1.197602,1.1896516,1.208285,1.1993395,1.1912888,1.174737,1.1889001,1.184207,1.1891497,1.2015119,1.1937243,1.2065444,1.1836799,1.1948398,1.1795222,1.1968759,1.187064,1.2054143,1.1940119,1.1835853,1.1945084,1.1826196,1.1894296,1.161561,1.1953312,1.1645942,1.1937056,1.2021985,1.1899323,1.1906599,1.1961958,1.1953597,1.2014313,1.2087156,1.1748444,1.1974872,1.1956211,1.1940681,1.1801206,1.1842078,1.1951947,1.2032064,1.1716008,1.1770325,1.1731398,1.1837597,1.1945311,1.1686914,1.1967185,1.1917312,1.1832551,1.2006303,1.2011213,1.1922483,1.1860427,1.1881317,1.1887035,1.1760532,1.1961097,1.1931013,1.1955298,1.1887351,1.2088119,1.1883612,1.1924144,1.2031415,1.1892817,1.1886066,1.19384,1.1842035,1.1902646,1.1901871,1.190547,1.1923844,1.1799351,1.1967152,1.1961042,1.1864557,1.1854237,1.1676221,1.1885462,1.1897495,1.2225591,1.1943512,1.1613847,1.1889355,1.1896658,1.1920903,1.1893361,1.1652608,1.168921,1.1960877,1.207938,1.1911857,1.1868789,1.1841587,1.1940818,1.1696386,1.2024264,1.1907917,1.2022976,1.1951556,1.1976243,1.1945069,1.2061701,1.1941094,1.2014457,1.1684216,1.1889277,1.1870407,1.2002015,1.1942317,1.1936786,1.1832678,1.1953158,1.1815333,1.1860747,1.1882823,1.1977043,1.1795691,1.1649368,1.1857506,1.1992593,1.1829787,1.186901,1.1811508,1.2005272,1.1967708,1.2003833,1.1941489,1.2071847,1.21308,1.1974251,1.1935922,1.1879151,1.1929005,1.1802721,1.1949207,1.1992033,1.1833694,1.2012963,1.1989654,1.1834332,1.1881222,1.1883221,1.162307,1.1683211,1.1859224,1.1982948,1.1969953,1.2013683,1.1838462,1.1993161,1.1718093,1.1833303,1.1837832,1.1965926,1.2054996,1.1882662,1.1857332,1.1888305,1.178097,1.194438,1.189596,1.2184594,1.2047501,1.183618,1.1926811,1.1973054,1.1987484,1.1682642,1.169463,1.1841565,1.1743993,1.1963011,1.1760502,1.1921859,1.1866549,1.1935843,1.2055699,1.1757793,1.1947743,1.174363,1.1875503,1.1733041,1.1780322,1.200871,1.1946975,1.2014742,1.1755661,1.2077613,1.1943657,1.1833009,1.176765,1.1831911,1.2034487,1.1870339,1.1942886,1.1939709,1.201264,1.1959118,1.1749485,1.1909786,1.2034072,1.1808983,1.1980654,1.2020248,1.1949319,1.1911223,1.2163635,1.1849608,1.1865315,1.2102672,1.1906773,1.1764736,1.1828144,1.19426,1.1757066,1.1944581,1.2082038,1.1770941,1.2169113,1.1881728,1.1859468,1.1816458,1.1781878,1.1769842,1.1840272,1.1973404,1.2099338,1.178315,1.1865443,1.1743869,1.2061076,1.1869341,1.198357,1.1957757,1.1611937,1.1806536,1.1674678,1.1970588,1.1812502,1.1844624,1.1803279,1.1915928,1.203817,1.1741353,1.1880882,1.200358,1.1917582,1.2019045,1.2049867,1.1815149,1.1894791,1.1669323,1.2009387,1.1793704,1.20584,1.2089974,1.1802444,1.1627921,1.19853,1.1868623,1.2086511,1.2028465,1.1784945,1.1764671,1.1781404,1.1804949,1.1920401,1.1848805,1.1702893,1.1952168,1.1871537,1.1667751,1.1860455,1.1817881,1.1872554,1.196755,1.2065859,1.1858184,1.1650429,1.1752632,1.1752242,1.1932634,1.1848532,1.1697077,1.1963348,1.1824998,1.1992258,1.1970019,1.2052501,1.1881326,1.1758468,1.2008002,1.1919442,1.1851199,1.1906378,1.183934,1.1882848,1.1936662,1.1807002,1.1894684,1.1877909,1.1948879,1.175267,1.1857086,1.1751628,1.2157862,1.1907517,1.1902009,1.1634872,1.1737584,1.1990104,1.1854614,1.1849731,1.1922139,1.2101009,1.1846982,1.1812402,1.2243252,1.1790602,1.1857463,1.19977,1.1877112,1.192997,1.1915281,1.187116,1.181279,1.1774135,1.1933354,1.1967133,1.2024354,1.169523,1.1884525,1.1822201,1.192486,1.1948518,1.187071,1.186272,1.1793894,1.1823153,1.1681868,1.1784378,1.19183,1.2034366,1.1979249,1.1806506,1.1953347,1.1824886,1.1771631,1.1759555,1.1719539,1.2033236,1.1863678,1.1811033,1.1881951,1.1705811,1.198322,1.1904408,1.1826389,1.1893189,1.1961187,1.1811583,1.1819268,1.1984476,1.201425,1.1911385,1.1843375,1.2006435,1.1763356,1.1956267,1.2035544,1.1906054,1.1969874,1.2026268,1.1749222,1.1836264,1.2026703,1.1857057,1.1915783,1.1756967,1.199152,1.1997981,1.1818053,1.1961731,1.2089742,1.2111415,1.1857142,1.1603441,1.1911023,1.1848499,1.1885805,1.1703959,1.188594,1.1760076,1.1951407,1.1987062,1.1777669,1.1817954,1.1799049,1.1715578,1.2013519,1.2002071,1.1908582,1.1896788,1.1736472,1.1895828,1.2045425,1.1876475,1.1768426,1.185772,1.1905164,1.1780498,1.1889753,1.1731968,1.188154,1.1879487,1.1834658,1.1988766,1.192794,1.1906716,1.1872625,1.1815957,1.1890801,1.1914208,1.1954808,1.1903516,1.2001003,1.1990545,1.1899077,1.1836523,1.1885895,1.1804808,1.1836772,1.1812162,1.1921992,1.1976162,1.1703771,1.1901177,1.1727394,1.1763006,1.1973414,1.1827458,1.214178,1.1714418,1.1887909,1.159138,1.190316,1.1954824,1.1935809,1.1870723,1.1804895,1.1995177,1.1612225,1.1794511,1.1974334,1.205303,1.176604,1.1691395,1.1879741,1.1828393,1.1905942,1.1902974,1.2009163,1.1837015,1.2075785,1.1702971,1.1848477,1.1932522,1.200456,1.1970326,1.1845208,1.1794912,1.1857789,1.1734419,1.1982474,1.1935472,1.1843305,1.1936256,1.1961938,1.1991777,1.1917658,1.1769891,1.2153711,1.2037903,1.1847357,1.1782453,1.1904945,1.1946473,1.1972593,1.198621,1.1955034,1.2067674,1.20784,1.1857004,1.1745054,1.1818975,1.1810524,1.1836468,1.1934353,1.2067195,1.1898601,1.2011267,1.1691465,1.2039226,1.2198693,1.2007848,1.1951829,1.1664722,1.1811782,1.1909629,1.2030153,1.2041571,1.1712333,1.1996471,1.1994761,1.1953793,1.1993271,1.190223,1.1884983,1.1907943,1.1928675,1.194016,1.2025214,1.2013398,1.1997153,1.190871,1.1894927,1.2066472,1.1888139,1.1909218,1.1997943,1.1847456,1.1931168,1.172244,1.1974093,1.1818402,1.2011175,1.175945,1.1753551,1.1686635,1.2031331,1.1897346,1.1939434,1.1918375,1.1823592,1.2084687,1.1944175,1.1934692,1.2068017,1.1959339,1.1862502,1.1978723,1.1930188,1.2102033,1.1693974,1.1736925,1.1776848,1.1890689,1.170831,1.2139447,1.210412,1.1809062,1.1765088,1.181856,1.1892732,1.1877587,1.189134,1.1881379,1.1954049,1.18745,1.191815,1.1987239,1.197429,1.2071744,1.2061992,1.2012862,1.2011079,1.1732967,1.1978333,1.1943755,1.2055609,1.1856002,1.1926428,1.1868706,1.1795332,1.193042,1.2024472,1.17946,1.1853559,1.1797762,1.1886923
0.10365183,0.10131721,0.08771241,0.103343844,0.10958869,0.10493839,0.10201781,0.11042859,0.11008775,0.12487727,0.11001137,0.10240771,0.086069755,0.09407888,0.08420046,0.10723548,0.10042782,0.0754568,0.10521156,0.09727278,0.07172057,0.115410276,0.09718654,0.08623363,0.10080726,0.09166645,0.08280215,0.11046193,0.095176876,0.08992012,0.106821604,0.09797369,0.11010027,0.099215545,0.111066066,0.10412756,0.07725918,0.093065396,0.09319648,0.08604483,0.11595978,0.10851146,0.10315359,0.09101269,0.085826285,0.08509444,0.096237466,0.09452504,0.089705415,0.096912235,0.10738145,0.095410205,0.08218218,0.10399863,0.11201444,0.09800722,0.11047434,0.09156887,0.10180049,0.1005532,0.094898984,0.09059587,0.10859865,0.10204673,0.102873966,0.09828272,0.099458754,0.08535166,0.09114097,0.08540248,0.087330975,0.114376865,0.0832293,0.11319492,0.10424907,0.08254467,0.10184183,0.10476994,0.1060725,0.11273599,0.07988375,0.092519574,0.120912895,0.08900276,0.123946115,0.086786315,0.10341877,0.096475646,0.11021624,0.08244019,0.078109175,0.09584633,0.09136374,0.09551862,0.07893756,0.074471176,0.096056625,0.08758339,0.10290131,0.094012104,0.09223696,0.091097124,0.11334583,0.1043589,0.08735271,0.10305431,0.096318215,0.09625465,0.09517048,0.10093204,0.10775782,0.09807499,0.086218596,0.09583099,0.1053994,0.10142189,0.111703105,0.10235539,0.11089451,0.09297556,0.09039028,0.066101596,0.09481983,0.10116781,0.107590735,0.10404087,0.08861329,0.105490535,0.09573514,0.08839325,0.09793216,0.110514924,0.09865612,0.108294085,0.089487195,0.09420953,0.09061676,0.10465386,0.0906769,0.105644286,0.122566074,0.113438815,0.08427378,0.07428436,0.10157245,0.083836034,0.09764387,0.10425463,0.10071433,0.10310015,0.11713903,0.09710615,0.09200458,0.09443885,0.11689237,0.091842055,0.119500674,0.1004377,0.108097866,0.10488099,0.10212962,0.07487783,0.107431985,0.08967343,0.08856109,0.11250655,0.10033049,0.0769122,0.11207091,0.101730585,0.09860098,0.10047306,0.095541485,0.08958286,0.09557535,0.09677513,0.09774572,0.10837392,0.108740106,0.09492471,0.100788936,0.105921686,0.08812588,0.10888404,0.104018345,0.0998675,0.10133274,0.093436494,0.10155887,0.092258394,0.081944436,0.11710608,0.111974,0.10785101,0.10656433,0.09850153,0.10407616,0.112520635,0.08872442,0.09920929,0.10321268,0.10423146,0.092368886,0.0920428,0.0886799,0.09091219,0.08994427,0.0664073,0.09627719,0.086315036,0.08473844,0.09439428,0.098664925,0.09598655,0.09277483,0.0936394,0.0882322,0.1101574,0.09681626,0.10246355,0.12305516,0.08658074,0.0917813,0.08950613,0.08786128,0.10385486,0.109377205,0.11832851,0.11279584,0.08516297,0.08716941,0.095833816,0.080786474,0.09447613,0.10221064,0.10672222,0.12543683,0.10553971,0.07031208,0.0870376,0.0925905,0.105673745,0.103243135,0.09458749,0.117980674,0.117486656,0.08636919,0.09957869,0.08541008,0.07599472,0.12092518,0.07591071,0.0857438,0.102412015,0.10450249,0.10983035,0.09421776,0.10616457,0.10787748,0.09776268,0.098195516,0.09130487,0.091841504,0.097158104,0.10846925,0.0853031,0.07457827,0.097066715,0.076683134,0.08117038,0.09265973,0.07067557,0.081128165,0.12294439,0.10726161,0.08056106,0.09509978,0.092742175,0.10699298,0.07166155,0.1082671,0.10709734,0.10781653,0.10042012,0.090965286,0.09222222,0.0848269,0.10489029,0.08184443,0.09404449,0.082839236,0.098517284,0.09229705,0.09222181,0.09420884,0.10051186,0.11259194,0.10377836,0.088298276,0.10796798,0.11739342,0.08061209,0.1029297,0.10544892,0.094248906,0.090592176,0.09453191,0.08670965,0.10856533,0.11159401,0.08357392,0.1129863,0.097775474,0.070745245,0.08988874,0.0968041,0.083770275,0.10552221,0.11395297,0.09217105,0.08102432,0.08645874,0.08863415,0.10112368,0.09525977,0.1135241,0.0921304,0.09875963,0.10718587,0.094922915,0.087285295,0.10241075,0.085242406,0.09982474,0.08647628,0.10485822,0.11316703,0.10157136,0.0763686,0.115299344,0.09771334,0.08885983,0.105813,0.09691833,0.0928648,0.10759756,0.08385264,0.097632274,0.10355995,0.08336377,0.08518402,0.10939124,0.12286256,0.10334231,0.088697836,0.10825986,0.10122308,0.093739904,0.10068075,0.116406366,0.109020665,0.11256713,0.111594476,0.09854081,0.09805152,0.08137053,0.09454868,0.116973825,0.10295959,0.08249962,0.09120917,0.10369405,0.10542375,0.090349585,0.091496736,0.10979002,0.09070538,0.10042486,0.10038996,0.09338108,0.117778584,0.093577474,0.08953199,0.1105608,0.100178644,0.091119036,0.10382527,0.103026204,0.110655144,0.09616607,0.1249236,0.08758367,0.103297606,0.10737841,0.11179034,0.10379639,0.08714336,0.106754206,0.087537974,0.08869146,0.09350243,0.09608229,0.09862538,0.10305041,0.09959544,0.10595761,0.10541551,0.09331961,0.11455059,0.09184061,0.08103838,0.121340916,0.09977403,0.1114891,0.09937613,0.10992599,0.098580316,0.09514149,0.09856889,0.10989806,0.114339575,0.10570581,0.12709905,0.10704406,0.10390935,0.094595104,0.09316681,0.10875198,0.081665955,0.099023364,0.11049863,0.09153093,0.07588254,0.10867202,0.1187243,0.091793515,0.09677157,0.095909104,0.124038965,0.06792097,0.09795539,0.08002863,0.102665335,0.11289792,0.09625569,0.11420664,0.10915184,0.087306984,0.092537075,0.07441085,0.10002698,0.09992029,0.09283677,0.103338644,0.09606391,0.105639085,0.117115304,0.11927869,0.10583159,0.091530606,0.10202032,0.103722334,0.10387552,0.09554302,0.09156395,0.0929389,0.113335714,0.10832947,0.0890865,0.091905445,0.084169425,0.081520446,0.08575613,0.10625836,0.094230056,0.10488143,0.0968715,0.101240054,0.10171396,0.09431798,0.12568167,0.104591705,0.11049477,0.095899165,0.09887299,0.08871715,0.088084236,0.10024784,0.094769746,0.07152744,0.07272146,0.094184145,0.08985197,0.11161573,0.11791428,0.09477972,0.10575272,0.092112884,0.10398484,0.08651289,0.10087288,0.09543711,0.114327684,0.109807886,0.092289746,0.1135508,0.08658914,0.0721941,0.08879216,0.0955683,0.09926858,0.09788077,0.074355304,0.10174903,0.1136142,0.09856196,0.11530087,0.08921852,0.08281761,0.087994084,0.08937499,0.08324167,0.07972576,0.094170645,0.08416876,0.08537826,0.09394084,0.10574955,0.09748444,0.09495797,0.11453342,0.0915675,0.10724293,0.10132518,0.10781084,0.1067172,0.08757373,0.08861766,0.074266545,0.1073681,0.11445995,0.100990765,0.09084447,0.12626024,0.11319844,0.09903344,0.07903628,0.09075338,0.08895225,0.09279011,0.09571329,0.09297511,0.10532082,0.11185579,0.10326555,0.08670387,0.11111459,0.083506845,0.07413854,0.08099219,0.087668866,0.0804582,0.10489696,0.09796867,0.08753094,0.08161756,0.08428855,0.10208872,0.092414245,0.10115653,0.078049555,0.0807033,0.07619676,0.0986498,0.11325303,0.109739065,0.07470825,0.092982575,0.0793509,0.123079315,0.10026751,0.0837256,0.11396067,0.08738928,0.109001115,0.09215909,0.10538037,0.10513386,0.1094458,0.104426935,0.09526064,0.08410039,0.07676992,0.109876975,0.11086829,0.09451175,0.12461429,0.0750381,0.096307814,0.092463,0.123734936,0.090779305,0.100410916,0.08795936,0.09639804,0.090785325,0.093991205,0.10345234,0.10233958,0.09655305,0.08230959,0.11852407,0.120744646,0.102609955,0.07974745,0.10229997,0.09536994,0.10492307,0.115077764,0.09403845,0.1006776,0.078738526,0.121181786,0.08936876,0.12360494,0.10251537,0.08991201,0.09562226,0.11471251,0.10044196,0.08400765,0.11740075,0.10999367,0.111176826,0.115395136,0.081787035,0.10530266,0.10273637,0.098848805,0.089553356,0.10299544,0.10264236,0.074009806,0.10340672,0.10105586,0.08561431,0.12202819,0.08132833,0.110822365,0.07838046,0.11395249,0.09130728,0.105476335,0.09211475,0.07731245,0.09866765,0.108250424,0.0914907,0.103013605,0.103595585,0.0859174,0.11157486,0.09496625,0.11957037,0.07028824,0.11156643,0.11121396,0.11915262,0.10537629,0.109952375,0.10422744,0.10110202,0.09084437,0.08736615,0.096608266,0.10850276,0.12747657,0.117112875,0.09636344,0.10582686,0.09872693,0.13239735,0.06512988,0.11764632,0.099806406,0.10336494,0.08894506,0.085359894,0.09362304,0.115645625,0.09549886,0.08859959,0.08754067,0.09430141,0.103207275,0.11313973,0.0855802,0.08190271,0.11074224,0.11578391,0.1055118,0.1094176,0.10277406,0.11210402,0.07705867,0.10302353,0.10290641,0.10407609,0.09957805,0.08980401,0.105541915,0.09430235,0.09871445,0.11262672,0.09454331,0.12347002,0.09998284,0.09505123,0.095796004,0.09678842,0.0904083,0.09260784,0.10325946,0.12322543,0.10407242,0.07372665,0.10586207,0.078654915,0.08686642,0.09700258,0.09631321,0.12044367,0.085416645,0.099296734,0.099386126,0.08479982,0.08939677,0.099772096,0.08839808,0.10513484,0.09962183,0.10448402,0.0918022,0.087040305,0.097411186,0.11557996,0.09729211,0.08545966,0.11202736,0.10340929,0.12081736,0.11206472,0.08953385,0.09922335,0.10479382,0.088234596,0.09694492,0.087509215,0.10036058,0.10665721,0.09589334,0.096669376,0.099656366,0.1015466,0.09221978,0.084152274,0.098111205,0.10912384,0.082293734,0.070118226,0.11747819,0.09520764,0.09618915,0.09452431,0.12175188,0.12474034,0.1028889,0.109883025,0.07239072,0.07899181,0.09107098,0.10543711,0.10900051,0.08953528,0.09666366,0.09282109,0.096160054,0.08710377,0.11715554,0.104705065,0.11638687,0.0953095,0.1038491,0.11303935,0.1222575,0.10363911,0.12155278,0.095932245,0.10478165,0.07421607,0.10533191,0.077793315,0.10966503,0.088210374,0.094671085,0.09735724,0.103917375,0.10567127,0.09155532,0.09256933,0.117661476,0.09941177,0.06932003,0.10416061,0.09794767,0.10491907,0.0977143,0.109053165,0.09688097,0.07686525,0.07947019,0.09388506,0.102290735,0.09037934,0.104572624,0.11174802,0.10870108,0.07871011,0.121190585,0.107811004,0.096283376,0.09299931,0.09588057,0.08622961,0.08443865,0.08469572,0.08888868,0.09455956,0.09243506,0.11158292,0.11374372,0.099506594,0.089335084,0.07975831,0.093100846,0.086788654,0.09775995,0.11986863,0.08254796,0.10487888,0.09193589,0.08809349,0.1168197,0.09752383,0.10818979,0.10864055,0.093339756,0.098421454,0.08605693,0.10243935,0.10390282,0.1016814,0.07954855,0.07581807,0.105835706,0.09716183,0.09319096,0.1019827,0.088386014,0.104780555,0.08345285,0.089131474,0.10608172,0.10514457,0.10844186,0.082603656,0.09275757,0.09156291,0.10959758,0.092282385,0.10149147,0.09689592,0.11958452,0.09299892,0.08320199,0.108666256,0.1204659,0.09715224,0.100049496,0.092999294,0.0858171,0.07427718,0.08926103,0.10951993,0.1045067,0.108915344,0.0900211,0.10051908,0.09189355,0.090163976,0.09598155,0.10843955,0.10100037,0.10729554,0.096251324,0.09734142,0.09977801,0.109531045,0.105539925,0.12580098,0.10996198,0.11206077,0.096199684,0.08547884,0.090243146,0.09374357,0.117101975,0.09596321,0.08348565,0.11812538,0.07978186,0.11332877,0.074929096,0.10295272,0.08575089,0.095072195,0.10858138,0.0954352,0.11350067,0.09818091,0.104740456,0.10841971,0.089592025,0.07727421,0.09957623,0.08739221,0.09434903,0.09197681,0.09695618,0.088020325,0.10794963,0.0923651,0.10216107,0.10232224,0.10722901,0.08027208,0.14463979,0.090349786,0.110641964,0.090035275,0.08245449,0.10250732,0.099718235,0.11735006,0.086544484,0.08986287,0.088924974,0.110175945,0.105577275,0.1020146,0.11773242,0.09858732,0.09600277,0.10459916,0.09536228,0.10381266,0.09901762,0.0996779,0.088096716,0.084206484,0.08543596,0.10797445,0.11133268,0.077755146,0.101200126,0.068785265,0.09670794,0.10621708,0.08388693,0.110037416,0.086615145,0.070878774,0.108752444,0.0973019,0.09414308,0.08910185,0.10960048,0.08363385,0.09249111,0.069226496,0.09683572,0.093421206,0.096725486,0.09623973,0.1027212,0.080183506,0.09812316,0.09202087,0.10451317,0.08954276
