0.79448223,0.7891167,0.8090153,0.8124231,0.8008378,0.808101,0.8144197,0.8184526,0.8060379,0.8143634,0.80657613,0.81900257,0.84526837,0.7760268,0.8203424,0.79946893,0.81227535,0.82170326,0.80701184,0.79493713,0.7918977,0.8100385,0.8179077,0.82229,0.820709,0.7854279,0.8319633,0.81867045,0.78953516,0.7815904,0.82301104,0.82670844,0.80586565,0.78995013,0.80878484,0.81289905,0.7903348,0.8126247,0.7863946,0.79872584,0.78655046,0.8120111,0.78584766,0.81071174,0.80765116,0.80912286,0.814034,0.802945,0.80089027,0.77477646,0.83523804,0.8063326,0.82228255,0.8093355,0.7981218,0.81715435,0.8090667,0.8178712,0.80873954,0.802753,0.8081668,0.7960208,0.8209004,0.7869421,0.80211323,0.8062018,0.8129513,0.81228757,0.81484586,0.84329426,0.7902939,0.7977119,0.8125913,0.8319662,0.81128114,0.8340593,0.81615585,0.819688,0.7978921,0.8075627,0.797757,0.81903577,0.8011527,0.78884816,0.8092813,0.7837676,0.80405396,0.81150246,0.80380565,0.80927914,0.7964695,0.7956891,0.7848231,0.8272769,0.80329126,0.82022744,0.7993242,0.81254554,0.8022396,0.80061257,0.8129362,0.8026711,0.79692286,0.79084057,0.7940024,0.80000144,0.80831456,0.81189394,0.8093043,0.81062543,0.7866229,0.7979431,0.83318675,0.81295806,0.80945516,0.80998623,0.82322955,0.8066934,0.81495136,0.8085294,0.81658286,0.79180634,0.7987894,0.80513895,0.8224821,0.7929485,0.80213165,0.80928534,0.8073439,0.80802476,0.800632,0.79196495,0.79942393,0.79057276,0.7898354,0.8167749,0.8051726,0.79987156,0.8087657,0.8232186,0.7930108,0.79223734,0.82130736,0.828255,0.8318192,0.8156457,0.8138269,0.8088984,0.8092824,0.8064278,0.79529876,0.8197795,0.81889397,0.82055706,0.79807186,0.79921186,0.7875544,0.78112924,0.81680596,0.81204796,0.8062953,0.7729552,0.803715,0.7934533,0.81373626,0.8280683,0.78809714,0.81754065,0.80514497,0.81302625,0.80630827,0.80676556,0.8132774,0.8034473,0.78254527,0.77705157,0.7812605,0.80808866,0.79760665,0.82580584,0.8050277,0.8017521,0.7904161,0.813715,0.79321784,0.8029189,0.8189673,0.8165116,0.79665196,0.79109305,0.8096076,0.81995153,0.80433834,0.79686713,0.7989428,0.81518185,0.811427,0.7920578,0.7857791,0.7905632,0.796444,0.81148565,0.81395066,0.8021326,0.8202769,0.80098116,0.7989503,0.81971127,0.82481074,0.81832147,0.8242574,0.77533734,0.8029058,0.81224597,0.80745476,0.80140924,0.8111386,0.8143795,0.79987216,0.80864596,0.80202395,0.8316756,0.81291205,0.8298426,0.8077078,0.8233874,0.79609156,0.8007696,0.8235218,0.7959482,0.81346226,0.83938956,0.81525135,0.8259527,0.81608796,0.7951194,0.80811375,0.7924794,0.8394872,0.81369656,0.8090207,0.8042327,0.78589666,0.8167015,0.80194706,0.81216264,0.7996231,0.7903193,0.7901362,0.7790044,0.80600464,0.8099655,0.80270034,0.81356466,0.8037863,0.7954329,0.8022308,0.80347013,0.8111813,0.8192022,0.7633774,0.8051049,0.7585627,0.79251033,0.79989976,0.7885469,0.7914706,0.8167024,0.7931832,0.82480645,0.8365983,0.82580316,0.8021252,0.8147715,0.81330603,0.80644196,0.8010026,0.78874516,0.8034138,0.8125024,0.8041367,0.81458247,0.7955092,0.80463463,0.79571044,0.81128037,0.82020164,0.81067175,0.80045855,0.8166678,0.8002054,0.8051449,0.8121513,0.83183634,0.8331664,0.8188211,0.8196891,0.8075974,0.81706804,0.7938103,0.79230744,0.7956433,0.8094364,0.80929554,0.82356966,0.8078072,0.8316771,0.79558814,0.8049184,0.80939764,0.8066253,0.80612504,0.80114394,0.83989614,0.8216146,0.80066293,0.812866,0.8238193,0.82298326,0.77651465,0.80327064,0.7925976,0.8036019,0.8038675,0.8157927,0.81502956,0.79728454,0.82146704,0.8161013,0.7998234,0.7930248,0.8097992,0.80707073,0.82747656,0.82242775,0.8052159,0.8111061,0.8301922,0.8043406,0.7998177,0.7949583,0.8074221,0.84061146,0.7803075,0.81369025,0.7915409,0.8205786,0.80535793,0.801913,0.80272436,0.78486687,0.8231466,0.8220507,0.80018663,0.7973398,0.8241927,0.81083924,0.8123313,0.8351462,0.813475,0.79225,0.79246664,0.83378834,0.8074836,0.80105126,0.7999699,0.83110446,0.7800998,0.7919515,0.78916055,0.8102142,0.814717,0.7980536,0.80284727,0.8174793,0.79680216,0.81200147,0.83580106,0.8123367,0.8021185,0.82221794,0.80752724,0.81965005,0.8016785,0.80724406,0.82262236,0.8096556,0.8071155,0.8358024,0.8107506,0.78448534,0.79038554,0.8077684,0.792765,0.79461294,0.7883069,0.824786,0.8194291,0.80702907,0.79477644,0.8056859,0.7861799,0.7787968,0.78530407,0.8050602,0.8092966,0.82322097,0.81112903,0.8301566,0.83363074,0.8166646,0.8140842,0.79890746,0.8228574,0.8231996,0.8172029,0.84185547,0.8064866,0.79091173,0.78951466,0.7829925,0.8223766,0.8322202,0.8154087,0.8495152,0.7961374,0.8192328,0.8220013,0.78947586,0.79361534,0.8317799,0.7981288,0.8426084,0.80934894,0.81898504,0.80459243,0.8164081,0.8087346,0.8267424,0.80891246,0.8064474,0.8029384,0.8051301,0.81592363,0.8138476,0.80271715,0.79453975,0.80701745,0.77836233,0.81091374,0.81630933,0.8067802,0.8361804,0.8154083,0.8161185,0.805928,0.81327415,0.7898957,0.80310035,0.8027201,0.8061224,0.7904604,0.8207196,0.800052,0.8066186,0.8374108,0.82717043,0.8056385,0.79937977,0.8044398,0.8117943,0.81777155,0.7901508,0.8124593,0.7833502,0.8230428,0.80624413,0.8197896,0.8087301,0.7904869,0.8060043,0.80846906,0.8171846,0.79313135,0.80357003,0.80701977,0.78872997,0.8183084,0.8131497,0.804698,0.79124576,0.8132707,0.79266125,0.8099763,0.820184,0.8184072,0.8139345,0.82615584,0.80043846,0.8272843,0.82045054,0.8307911,0.81108147,0.7926567,0.82133913,0.81130177,0.80123043,0.8286852,0.81187016,0.815182,0.81068003,0.78023255,0.826523,0.8080791,0.80786574,0.8249952,0.81615835,0.81502205,0.78900814,0.8078597,0.79526764,0.78812295,0.8143578,0.7768002,0.7908293,0.7903489,0.7957854,0.8044557,0.8019863,0.81632656,0.8169318,0.7966629,0.80988437,0.81085986,0.8370628,0.8247606,0.7917808,0.79761714,0.7897788,0.8093545,0.7992692,0.77827626,0.81857854,0.798649,0.8122954,0.8020711,0.78362864,0.80886173,0.80996305,0.8055273,0.81218463,0.79818815,0.8011666,0.7923357,0.78139424,0.8030868,0.8041077,0.79445827,0.8409538,0.79551685,0.8194064,0.7951257,0.7971338,0.8110648,0.79682773,0.8196998,0.8124797,0.8178433,0.79912025,0.7916863,0.80408365,0.82863504,0.80141985,0.8206888,0.8063702,0.79961896,0.79657584,0.8034737,0.7968304,0.817659,0.7891567,0.7781198,0.78203833,0.81966764,0.7871244,0.79938024,0.79948324,0.80380034,0.81238705,0.8137474,0.8092059,0.7923541,0.79530895,0.81766295,0.8216339,0.8177442,0.7757428,0.83321226,0.8081794,0.79911226,0.80491585,0.79886425,0.80686444,0.8067503,0.81792444,0.8113759,0.8268436,0.80712044,0.80187196,0.7902012,0.83256984,0.81360275,0.83022857,0.8316762,0.8227604,0.82233834,0.7797951,0.8106762,0.80427164,0.7786702,0.8200805,0.81210726,0.78781176,0.8244246,0.7966903,0.8061312,0.81945014,0.797108,0.81222904,0.80830085,0.80802625,0.7951118,0.82493025,0.8035586,0.77857643,0.7900678,0.8092422,0.7925819,0.8162597,0.8311614,0.8072127,0.8263542,0.81868994,0.82020545,0.79549587,0.8043574,0.7973571,0.7840995,0.78471637,0.82813025,0.80119425,0.80010474,0.79192984,0.80194294,0.8072474,0.80467784,0.7937186,0.7871737,0.79052806,0.8004833,0.80929136,0.82577497,0.8137418,0.7908857,0.81198394,0.7990382,0.8334838,0.7807646,0.7985547,0.8064293,0.8044535,0.8002199,0.827608,0.8048567,0.80228776,0.7854808,0.7768172,0.8139263,0.8300501,0.81182885,0.78452766,0.81115127,0.82633555,0.80553705,0.8067767,0.8159932,0.8057164,0.8132348,0.79373676,0.78395104,0.78685963,0.7941391,0.8114708,0.79426885,0.8066469,0.8122894,0.79004514,0.81873775,0.79117006,0.83955926,0.81388986,0.81488043,0.8087447,0.79445505,0.78765315,0.8150248,0.8090709,0.8073908,0.8070683,0.79340476,0.81411743,0.825735,0.8117261,0.83023757,0.8398587,0.8145363,0.8066177,0.7910158,0.8247478,0.7973788,0.8006737,0.81301737,0.7982387,0.79514915,0.78854173,0.79891795,0.7989439,0.8059932,0.7916366,0.83883697,0.7878107,0.79548377,0.7945131,0.82865494,0.790274,0.8221512,0.77393204,0.7974619,0.81541854,0.8118435,0.79721403,0.8181331,0.7977763,0.8165776,0.81343776,0.78391695,0.8263696,0.799376,0.80202305,0.80503213,0.7977726,0.79470646,0.8172952,0.8146757,0.7903013,0.81410086,0.8119612,0.80244863,0.7953037,0.80429065,0.8054586,0.8249827,0.7749496,0.78331333,0.8138952,0.79430044,0.8183595,0.8310518,0.81651795,0.8337425,0.76696485,0.8104394,0.8330388,0.8156519,0.8002242,0.81623566,0.7949977,0.79465735,0.7987098,0.7909227,0.79916227,0.80408067,0.796319,0.7949672,0.8037047,0.80610037,0.83876437,0.796014,0.81414527,0.8291612,0.7973156,0.8228361,0.7866752,0.81857765,0.8100759,0.78955853,0.8001927,0.8056265,0.797613,0.8269107,0.8028921,0.78550386,0.7995772,0.80486643,0.81245816,0.7756953,0.8187044,0.80035645,0.79785424,0.7514891,0.80302346,0.78840107,0.81910294,0.81695926,0.81111366,0.83197397,0.800098,0.7961174,0.8108838,0.8137748,0.7951494,0.81127775,0.8402566,0.8018899,0.8026284,0.8013433,0.8090664,0.7987389,0.83313835,0.8430632,0.79468906,0.79174036,0.80449396,0.78875995,0.8197896,0.8242604,0.8094862,0.825911,0.80262005,0.8085975,0.7917211,0.80801284,0.83685297,0.8150523,0.80637133,0.8040249,0.799441,0.79897815,0.7854464,0.80922234,0.8098836,0.80484825,0.8001041,0.8310734,0.8314611,0.80834776,0.823976,0.79553986,0.8228915,0.80789995,0.78534883,0.80912024,0.81873,0.8267649,0.827939,0.81689686,0.8207564,0.8116742,0.7989077,0.80923265,0.80782235,0.8066666,0.8062225,0.82490873,0.81838673,0.80639374,0.78632236,0.802754,0.7891222,0.7782241,0.80585986,0.80223227,0.82174844,0.81351453,0.8050224,0.80706584,0.7855128,0.8008643,0.819794,0.818932,0.82197154,0.8010235,0.80397606,0.7937364,0.81120515,0.81587034,0.8163088,0.830958,0.81998545,0.8318675,0.8319106,0.81015396,0.7873804,0.7981636,0.8063639,0.82593286,0.8231622,0.79293394,0.80295664,0.7822591,0.79846925,0.78960013,0.8324677,0.8140548,0.82039213,0.8146789,0.82501,0.7754951,0.796111,0.78340584,0.8088022,0.8149223,0.82213557,0.8146393,0.8179067,0.7934373,0.80420154,0.8261105,0.8177738,0.8164281,0.8173464,0.8270304,0.7914124,0.81497836,0.79672647,0.81314826,0.8038029,0.8243877,0.80767447,0.8078557,0.817615,0.81051266,0.81290114,0.80246514,0.812778,0.7873835,0.80136395,0.79325336,0.8199739,0.81104064,0.8041664,0.8148887,0.783941,0.8105735,0.80471873,0.78938544,0.81748587,0.79299957,0.8260368,0.81214756,0.81561667,0.79652804,0.82366645,0.8128824,0.8055028,0.7919129,0.78949356,0.7967118,0.80194515,0.7887463,0.81314236,0.81497955,0.82977206,0.8356842,0.7954408,0.82973176,0.7825678,0.8056615,0.8032284,0.8007113,0.7786692,0.80529886,0.8019489,0.82623947,0.793718,0.8175114,0.8137479,0.8164238,0.79789376,0.8208797,0.7909084,0.8285425,0.7925642,0.7945702,0.8069763,0.79938155,0.79657984,0.79530084,0.78464395,0.8141274
0.85460436,0.85293615,0.84451705,0.89201915,0.8618529,0.85884273,0.8828325,0.8595948,0.8758857,0.8336554,0.8499528,0.8550406,0.8859589,0.83909476,0.8614857,0.87409884,0.8559385,0.89125574,0.8463454,0.90090865,0.8390255,0.83843976,0.8807768,0.8525979,0.8603736,0.8698396,0.875897,0.87641877,0.8581212,0.82277364,0.8969873,0.87761337,0.8581991,0.8532503,0.84077096,0.88675326,0.85006315,0.88132393,0.87588716,0.85706174,0.8201962,0.890511,0.8466187,0.8572492,0.8513018,0.85988057,0.8494731,0.8821814,0.8524551,0.8430127,0.8517931,0.85493267,0.88682115,0.863353,0.85163236,0.8599877,0.86464614,0.8666016,0.8865645,0.87121785,0.8460901,0.8780787,0.8607502,0.86240655,0.8675022,0.85440886,0.89550257,0.8635533,0.8428706,0.8394575,0.8707075,0.84560686,0.84717435,0.891989,0.8603812,0.8637515,0.86171377,0.87600964,0.85042244,0.87691385,0.8475453,0.8729221,0.8544822,0.8771704,0.8283772,0.84979427,0.84405303,0.8534915,0.86166495,0.8692037,0.8600463,0.8744634,0.8599169,0.85467243,0.8715135,0.8747898,0.8587923,0.8588125,0.85209036,0.8493034,0.8798832,0.8605358,0.8219223,0.8589875,0.85258925,0.85057753,0.873086,0.8530878,0.8557292,0.8636012,0.8446671,0.85321295,0.87880987,0.8796642,0.8698758,0.8575668,0.85097516,0.85118586,0.84662277,0.8676825,0.8561061,0.8637383,0.8569975,0.8640342,0.8625018,0.8492577,0.88017553,0.85752994,0.855419,0.87389004,0.84936863,0.83743155,0.8523654,0.8663545,0.8492287,0.842341,0.86414963,0.8262566,0.86420745,0.87139195,0.8314949,0.87535805,0.85966235,0.88436955,0.84755385,0.8554811,0.86386174,0.8586353,0.8451356,0.85237515,0.86366385,0.85158634,0.8541033,0.86791766,0.84198993,0.85798407,0.87685347,0.8412743,0.86882347,0.8430951,0.8408778,0.86560464,0.8730834,0.865411,0.88924307,0.86885,0.8664661,0.85163766,0.8323325,0.8489379,0.85270643,0.86117935,0.8606761,0.83707315,0.84955794,0.83469355,0.8639477,0.853716,0.8515033,0.8806443,0.86425316,0.8562083,0.85167617,0.8675002,0.8430396,0.8334657,0.85305345,0.8546635,0.8659255,0.84646523,0.8619085,0.8274891,0.85213983,0.83346355,0.87562454,0.84771776,0.8616367,0.8437064,0.8578956,0.86749715,0.85466194,0.86295885,0.8395621,0.8594981,0.85377085,0.8722908,0.85542786,0.8762412,0.85590845,0.87615633,0.8702794,0.881775,0.8582823,0.8526306,0.8587564,0.8548585,0.86013365,0.8583894,0.87317973,0.87418586,0.864153,0.8593963,0.8535622,0.87053937,0.8434071,0.84733033,0.87463456,0.83695436,0.8738419,0.8432724,0.8728474,0.8681043,0.85540915,0.8516788,0.8528677,0.84198296,0.8482014,0.84545976,0.8796892,0.8632297,0.8777528,0.8849084,0.8638299,0.8500159,0.8635335,0.8430145,0.84601134,0.835389,0.8721482,0.8576018,0.8569865,0.8447309,0.87079155,0.8468563,0.8504726,0.8372595,0.8490604,0.8656897,0.8682459,0.8485768,0.8374147,0.8728801,0.8494554,0.85835385,0.8597455,0.85468006,0.84694225,0.878411,0.8264623,0.8644424,0.89160293,0.8766656,0.85544235,0.8466008,0.88372195,0.86972165,0.8966688,0.8582038,0.8428237,0.85931057,0.85946393,0.86782736,0.8748451,0.8712432,0.831149,0.8466646,0.86925346,0.8650362,0.85077345,0.83377695,0.84152114,0.8699076,0.8410598,0.8702123,0.86869663,0.8595297,0.8723142,0.8747593,0.8484804,0.85618246,0.8556476,0.84326583,0.85040796,0.86168903,0.8624402,0.86725837,0.87308794,0.82739246,0.8557154,0.85211354,0.8571657,0.8759157,0.876916,0.8897647,0.85508543,0.8680892,0.8554575,0.86608493,0.8538006,0.8282493,0.8636137,0.8843532,0.8502454,0.8718483,0.8741421,0.86121035,0.86216336,0.86280066,0.82999,0.8702809,0.8465292,0.87563455,0.8597091,0.8863627,0.879579,0.85333234,0.8606639,0.85060525,0.8711628,0.8513379,0.83233494,0.85642976,0.86381364,0.83970684,0.8405448,0.8430588,0.890037,0.83983475,0.87198526,0.85757565,0.84693676,0.8775318,0.87782985,0.87828,0.8368404,0.876011,0.84091204,0.856218,0.87377304,0.87993,0.8349748,0.8730195,0.85792387,0.8482322,0.8659105,0.8631549,0.8619171,0.8256783,0.85178745,0.8634242,0.8397988,0.8596895,0.8595632,0.8604682,0.85019594,0.8494663,0.8501547,0.8678714,0.8817071,0.85623944,0.8507884,0.86540896,0.8717543,0.8711171,0.8545475,0.87431586,0.87576723,0.8517175,0.86311996,0.86508507,0.8605476,0.8609658,0.8350667,0.85288113,0.8456487,0.85529727,0.86195403,0.85868025,0.8485149,0.8398738,0.875005,0.8608188,0.85527265,0.85459006,0.84629315,0.85299814,0.85961276,0.8513127,0.86917305,0.8548566,0.85097474,0.8778627,0.85709465,0.8674731,0.86035,0.86690235,0.8971801,0.84195423,0.87404984,0.8160656,0.86801004,0.8759651,0.87564635,0.8460603,0.86740756,0.8483126,0.8694818,0.87844336,0.84358305,0.82963395,0.8712911,0.84625185,0.87811935,0.89006853,0.86105156,0.8750404,0.86866426,0.8545854,0.8341258,0.87539697,0.8768742,0.85169315,0.84415716,0.8640391,0.86012894,0.8850376,0.85143864,0.86984813,0.8561431,0.85851556,0.8618776,0.87395746,0.8574969,0.8636751,0.8542367,0.82761335,0.8802292,0.8786423,0.8522073,0.8623191,0.85816294,0.856179,0.8814827,0.8600182,0.8726812,0.86130965,0.8554131,0.8653141,0.84808874,0.8459954,0.8587183,0.86122036,0.860858,0.86374336,0.86107576,0.891952,0.8489264,0.85534847,0.8736492,0.86209124,0.8432161,0.8664063,0.8609981,0.8749202,0.84537315,0.8572253,0.84757465,0.88117146,0.8574741,0.84864265,0.83760786,0.8700051,0.83689475,0.8603887,0.85597914,0.85633147,0.87054646,0.838594,0.8514683,0.8641223,0.8635691,0.87291914,0.8538595,0.8461879,0.86506224,0.847772,0.8415924,0.85066676,0.8445147,0.8633899,0.87613606,0.88233453,0.86493623,0.86992264,0.854527,0.8759587,0.8777322,0.8530633,0.84486145,0.83912385,0.8798465,0.88506764,0.86050725,0.841496,0.8607448,0.83391017,0.860941,0.8740128,0.8775528,0.8601452,0.88544804,0.8495502,0.86413854,0.8795411,0.8522464,0.8629179,0.83346,0.8523129,0.8271731,0.86877143,0.8532713,0.83890486,0.8508591,0.8520766,0.85660565,0.85734683,0.86397475,0.84963393,0.87140256,0.8667323,0.8329148,0.87002003,0.8702555,0.84443915,0.8674733,0.85965586,0.8611884,0.85818774,0.87311184,0.86361325,0.8740105,0.837137,0.8451648,0.8731617,0.8430171,0.8687231,0.86805654,0.8652604,0.8442352,0.8263733,0.87703955,0.8685229,0.8566179,0.87435114,0.86578655,0.87201595,0.8773688,0.8560573,0.8580033,0.8799829,0.8603254,0.8653454,0.8518718,0.8706919,0.8503453,0.8696107,0.8638479,0.84749323,0.8629186,0.880232,0.8489011,0.8574757,0.8708487,0.86735797,0.87089896,0.85605866,0.8532982,0.8334028,0.8727766,0.8582858,0.8435205,0.8566522,0.87074953,0.85201234,0.8630044,0.8601651,0.8451712,0.83658314,0.82873553,0.84317887,0.864593,0.84945196,0.8755328,0.87818396,0.8677504,0.8649601,0.81931823,0.85454565,0.8693839,0.83423245,0.8830145,0.8512085,0.85299754,0.87563765,0.8470109,0.8544593,0.8848619,0.8551985,0.861837,0.8597532,0.85082054,0.8745587,0.86414564,0.85922384,0.83274555,0.8725191,0.8667903,0.8155841,0.8565082,0.861302,0.8497092,0.88119817,0.85411686,0.8593478,0.8693017,0.87272286,0.85773873,0.8577623,0.84608287,0.84866786,0.8496919,0.8541877,0.84432006,0.84762317,0.84027475,0.8677066,0.8526037,0.8492091,0.8447349,0.84892535,0.87697935,0.878155,0.87778515,0.8351938,0.892851,0.8566543,0.8515181,0.8562203,0.8607317,0.8469036,0.84317136,0.8524133,0.87308764,0.86607134,0.86974704,0.8668805,0.8563984,0.87476367,0.87416697,0.8559568,0.8346366,0.87011266,0.8560308,0.84405816,0.8713912,0.86932254,0.858481,0.8715038,0.83475685,0.85777014,0.86061144,0.8414871,0.85903686,0.8411891,0.8508639,0.8528995,0.86723065,0.86287266,0.8641657,0.8823823,0.8618491,0.86366284,0.87170136,0.85325074,0.8478573,0.8703448,0.855751,0.85467803,0.8732277,0.84253085,0.8380577,0.8545362,0.9002856,0.85085166,0.8741347,0.8870709,0.8598964,0.8422302,0.8607835,0.8600346,0.83613896,0.8740167,0.84910536,0.84647876,0.8604675,0.85350865,0.8391286,0.88870054,0.83947843,0.85905474,0.8535317,0.8758508,0.8622256,0.8636382,0.83372945,0.8428028,0.83648497,0.87604374,0.88990265,0.86365795,0.8552673,0.85167354,0.85004085,0.84749234,0.85825056,0.84639335,0.87447155,0.84936285,0.8346256,0.8343742,0.8486572,0.8321047,0.8650255,0.84819907,0.8532546,0.8753788,0.8632373,0.8749677,0.86697876,0.86014724,0.87747955,0.85367215,0.83005255,0.85939056,0.85270196,0.8599182,0.84267443,0.8746906,0.8700879,0.866165,0.8530148,0.85926944,0.87548876,0.8507792,0.8717014,0.8714804,0.8602629,0.8647268,0.8722833,0.8618889,0.8766696,0.8467722,0.8316435,0.855277,0.8262768,0.847498,0.8744275,0.8659363,0.85789907,0.86905086,0.85523605,0.88066864,0.8520565,0.8500829,0.8673713,0.8630632,0.86354804,0.86227775,0.85988134,0.8794944,0.863477,0.8611508,0.83154726,0.84775126,0.85856426,0.8506089,0.85966355,0.8693942,0.8424232,0.84758043,0.8633564,0.88844377,0.8798947,0.8553871,0.84354293,0.8769201,0.8610272,0.8690033,0.8550954,0.8525687,0.85819733,0.85533065,0.8586439,0.8565199,0.84103847,0.873476,0.8591916,0.8797873,0.87323445,0.8810961,0.8488,0.8516078,0.8644378,0.83410525,0.8560744,0.86613005,0.8723692,0.8909454,0.8528908,0.88041914,0.8298787,0.8770497,0.8435063,0.86883754,0.8516682,0.8410888,0.85243505,0.87007517,0.8499477,0.84106624,0.8783395,0.85365695,0.8527416,0.87368876,0.8693871,0.858309,0.8527118,0.8646111,0.8688348,0.8404105,0.84843224,0.8384869,0.85615134,0.88192123,0.8768621,0.8761826,0.869239,0.857449,0.83583355,0.8623737,0.8468102,0.8660104,0.83361834,0.8620141,0.8706009,0.8603577,0.82128525,0.8385264,0.8691786,0.84805876,0.84723973,0.84587586,0.8854093,0.8443365,0.8624128,0.8422438,0.8360372,0.85615456,0.88764864,0.8922999,0.85094196,0.86801285,0.831386,0.84069717,0.82544464,0.85605174,0.8772888,0.8669385,0.85036594,0.8591994,0.8653324,0.86744857,0.88159645,0.86643827,0.84456235,0.8846249,0.86205494,0.8403612,0.85821444,0.84258795,0.839954,0.8532497,0.85725266,0.8601448,0.88455445,0.88109356,0.8692726,0.8580231,0.8462826,0.8473815,0.8409625,0.87455326,0.85426724,0.8420292,0.8560575,0.8736407,0.85174227,0.85431695,0.859745,0.8642013,0.8577534,0.85715574,0.8565023,0.8544331,0.8544441,0.85425395,0.85838324,0.88684183,0.8632736,0.85620826,0.86227655,0.84953475,0.86877996,0.85660154,0.8623301,0.85760003,0.8313537,0.82842857,0.8553149,0.876788,0.8763634,0.8459793,0.8443492,0.8629332,0.86990947,0.8642124,0.8626236,0.8403017,0.8433304,0.85020554,0.8344717,0.82007813,0.8530211,0.8731993,0.87993777,0.86948687,0.8443979,0.8486048,0.8439348,0.83466655,0.8759488,0.84531265,0.85567665,0.8636328,0.86363506,0.8592051,0.847334,0.84017396,0.83968204,0.8392588,0.8395181,0.8674483,0.8716732,0.87183994,0.852997,0.8333728,0.87775075,0.86902726,0.85850775,0.858355,0.85856825,0.8616827,0.8390847,0.8374233,0.88477093,0.84160346,0.84867644,0.8632263,0.843759,0.8729585
1.0186266,1.0386682,1.0300108,1.04364,1.0298023,1.0173461,1.0343465,1.0320352,1.0299525,1.0271801,1.028302,1.0333253,1.0364914,1.021767,1.0308374,1.0442427,1.0190002,1.044739,1.0014098,1.0212815,1.0170901,1.0330994,1.0580056,1.0414264,1.0360351,1.0258088,1.051046,1.0363865,1.0357721,1.016027,1.0294572,1.0433751,1.0209615,1.027358,1.014928,1.0255446,0.9942419,1.0454369,1.038438,1.0278263,1.0021391,1.0511767,0.99327886,1.0285609,1.0114565,1.0228089,1.0163157,1.038697,1.0339973,0.9807162,1.0323739,1.0189111,1.0528116,1.0200003,1.0092888,1.0302567,1.0346991,1.0349125,1.0289425,1.0271912,1.030572,1.0439532,1.0282273,1.0211633,1.0217811,1.0180174,1.0334463,1.0449655,1.0068043,1.0299618,1.0189043,1.0276197,1.0267428,1.0488249,1.0163167,1.0395503,1.0337697,1.024071,1.0312887,1.04177,1.0174878,1.0355384,0.9963759,1.0309889,1.017306,1.0135223,1.0296291,1.0095478,1.0206767,1.0289146,0.99807304,1.0179558,1.0158893,1.0275246,1.0129151,1.0313158,1.023205,1.0266443,1.0187867,1.0102854,1.0242624,1.0181441,1.004768,1.0213416,1.0147023,1.0229185,1.0428026,1.015174,1.0230112,1.0326335,1.0167818,1.0234268,1.0533706,1.0271457,1.0326598,1.0180327,1.0282453,1.0209866,1.0328368,1.0096259,1.0232918,1.0164144,1.036996,1.0099162,1.0390365,1.0185288,1.0408086,1.0154684,1.0173261,1.040237,1.0197481,1.0039241,1.0123694,1.0137104,1.0212339,1.0346594,1.0469309,1.0057789,1.023518,1.0186194,1.0051287,1.0240222,1.0354207,1.0375882,1.0325377,1.0137789,1.0431856,1.0193589,1.0259125,1.0114814,1.0315341,1.0225539,1.0181617,1.0269648,1.022414,1.0109096,1.0183654,1.02099,1.0312881,1.0181881,1.0344164,1.0103428,1.0161022,1.0273852,1.0522646,1.0217183,1.0133107,1.0110536,1.0068319,1.0230808,1.01843,1.0216987,1.0355881,0.99443245,0.9930773,1.00866,1.0356067,1.0184764,1.0221826,1.0465215,1.0228397,1.0216478,1.0064769,1.0248266,1.0187472,1.0197198,1.0261363,1.0369303,0.9995866,1.0219595,1.0313628,1.0326748,1.021401,1.0120914,1.0338293,1.0052317,1.0231683,0.9973087,1.0095117,1.0237912,1.0089244,1.0135353,1.0239038,1.0143692,1.0456406,1.0368876,1.0437081,1.0347586,1.040123,1.0307407,1.0330751,1.0191344,1.0214981,1.0328882,1.0103307,1.0429903,1.0349361,1.0410912,1.0450993,1.0258167,1.017784,1.0342504,1.0326109,1.0356405,1.0308399,1.0287398,1.0329797,1.0306168,1.043438,1.0245743,1.0345321,1.025932,1.0336392,1.0273004,1.023597,1.0157151,1.0201328,1.0123333,1.0264176,1.0130327,1.0291027,1.0541993,1.016947,1.0219495,1.0221913,1.0313003,1.0044514,1.0163245,1.0420815,1.0123982,1.0253123,1.0200942,1.0359617,1.0417336,1.0256436,1.03797,0.995928,1.0405037,1.0315374,1.0081962,1.0017173,1.0244148,0.99489754,1.0100898,1.0243633,1.0194134,1.0133482,1.0391945,1.0202103,1.0334876,1.0462722,1.0114338,1.0290339,1.0336593,1.0332742,1.0311811,1.0428883,1.0129188,1.0216842,1.0152571,1.037837,1.027316,1.0275213,1.030487,0.99325013,1.0018902,1.0420382,1.0400519,1.0023351,1.0186367,1.0177745,1.0343535,1.0269597,1.0507641,1.0267304,1.0292741,1.0558378,1.036956,1.0342228,1.0341583,1.0142711,1.0271075,1.0109184,1.0004044,1.0362409,1.0421026,1.0237303,1.0113373,1.0149394,1.0214938,1.0322087,1.0238465,1.0236613,1.0462502,1.0300778,1.0187103,1.0309108,1.0225747,1.0253152,1.0327514,1.0044988,1.0062551,1.0093815,1.0233032,1.0353726,1.0309172,1.0333341,1.0316535,1.0173868,1.0118653,1.0198362,1.0432283,1.0069067,1.0298731,1.0422429,1.0295706,1.0227705,1.0226129,1.0301056,1.0101986,1.0059229,1.0259576,1.0418494,1.0034682,1.0187204,1.0076991,1.0415684,1.0258353,1.0270104,1.0359224,1.019231,1.0316516,1.0250034,1.0256168,1.017985,1.0438374,1.0117376,1.0159955,1.0389236,1.0403861,1.0032424,1.0342062,1.0258126,1.0138186,1.0248299,1.0421481,1.0354829,1.0179929,1.0112361,1.0146924,1.0313376,1.0369663,1.0216687,1.0215495,1.0280119,1.0320449,1.0120435,1.0378946,1.0287156,1.0210594,1.0233253,1.0229019,1.0606993,1.0302324,1.0164866,1.030125,1.0316029,1.0062147,1.0496862,1.0214789,1.0154078,1.0128845,1.0163329,1.0131141,1.0350493,1.0259006,1.0198666,1.0114616,1.0278771,1.0213628,1.0424687,1.0035526,1.0265613,1.0186157,1.0205798,1.0171394,1.0326438,1.0188506,1.0347766,1.0368023,1.0462345,1.033241,1.0275134,1.0281531,1.0359294,1.0259986,1.0488222,1.0177783,0.9981486,0.9977562,1.0321798,1.0531063,1.0399806,1.0271024,1.046697,1.0114746,1.0273484,1.0255579,1.0131112,1.029416,1.0361315,1.0278603,1.034732,1.0454606,1.0331471,1.0285547,1.0394135,1.0243626,1.0305995,1.04391,1.034623,1.0244389,1.0316731,1.0268699,1.0179695,1.0417886,1.0244936,1.0375835,1.0155993,1.0185846,1.0380588,1.0364321,1.0384425,1.0235151,1.005021,1.0202944,1.0325173,1.019327,1.0348331,1.0110222,1.031142,0.99939173,1.0302943,1.0186796,1.038816,1.042817,1.0395517,1.0170279,1.0079951,1.0178423,1.0242056,1.0359389,1.0111017,1.024369,1.0303054,1.0434045,1.0117484,1.013017,1.0136921,1.0196518,1.0156533,1.0295278,1.0241035,1.0164894,1.0206505,1.0231795,1.01774,1.0428307,1.0323818,1.0071529,1.0052856,1.0251733,0.99784184,1.0238256,1.0162426,1.0491091,1.0261331,1.0095551,1.0305293,1.0482383,1.032162,1.0381165,1.0331653,1.0102535,1.025384,1.0218428,1.0358163,1.032186,1.0079324,1.0493028,1.0315256,1.0388947,1.0275651,1.0388072,1.023524,1.0471152,1.0257274,1.026043,1.022028,1.0026792,1.0256317,1.0357985,1.0283144,1.0060731,1.0117326,1.0035452,1.0293121,1.0413936,1.0397545,1.0296359,1.0343556,1.0368513,1.0374024,1.0523484,1.0420326,1.0417886,1.0200937,1.0199037,1.0063293,1.0187051,1.0178231,1.0042951,1.0305687,1.015731,1.0463253,1.0385804,1.03525,1.0191635,1.0166485,1.034103,1.0037329,1.0331644,1.007529,1.0066829,1.0242186,1.0362822,1.01137,1.0269341,1.038771,1.0311283,1.0187614,1.0063022,1.0106623,1.0308644,1.0091559,1.0195905,1.0220529,1.0389158,1.0113947,0.9826512,1.0431839,1.0347891,1.0431644,1.0272297,1.0344731,1.0311933,1.0433904,1.0242443,1.005926,1.0366346,1.0083195,1.0041952,0.9997816,1.0547547,1.0231097,1.0207798,1.0442591,1.0200925,1.0230908,1.0331131,1.02195,1.0250158,1.0346969,1.0267699,1.012847,1.023031,1.0111285,1.0326419,1.0136256,1.0023613,1.0011458,1.0193081,1.0188808,1.0140069,1.0230459,1.0092206,1.04967,1.0268095,1.0141034,1.0250955,1.0309262,1.0239291,1.0512779,1.0417987,1.0219879,1.0301533,1.0062846,1.0230948,1.027812,1.0151162,1.051911,1.025161,1.0367663,1.035969,1.0055622,1.005951,1.0395913,1.026103,1.0018005,1.0386918,1.0091202,1.0314232,1.034613,1.0251956,0.999938,1.0354693,1.0251305,1.0138376,1.0343175,1.0301108,1.0251821,1.0399477,1.0386127,1.0391811,1.0273786,1.0089784,1.0178957,1.0015783,0.9988847,1.0335554,1.0192701,1.0254977,1.0268444,1.0285168,1.0187967,1.0386832,1.0090878,0.9808642,1.012497,1.0234803,1.0237615,1.0341586,1.0337058,0.9995923,1.0394454,1.0266049,1.0232847,1.0223745,1.0367631,1.0380176,1.0197728,1.0297536,1.0381052,1.0176951,1.0142303,1.0300212,1.0082092,1.0250869,1.0468979,1.0383775,1.0323739,1.0243291,1.028613,1.0271095,1.0316082,1.0351036,1.0176576,1.0281615,1.0354474,1.0050014,1.0177572,1.0188485,1.0353202,0.99918693,1.0264958,1.033754,1.0296735,1.0296648,1.0119827,1.032836,1.0251719,1.0255662,1.0289663,1.0366753,1.0182579,1.0241277,1.01036,1.0234858,1.0191082,1.0269474,1.0115927,1.0259244,1.0480621,1.0238994,1.039619,1.0397426,1.021846,1.0219,1.0418403,1.0351579,1.0036193,1.0298755,1.0282388,1.0256305,1.0337911,1.0200027,1.0287061,1.0432551,1.0152702,1.017327,1.0170319,1.0207374,1.0157061,1.0382668,0.99051535,1.0106184,1.0164281,1.0255662,1.020741,1.0222114,1.003112,1.0212295,1.0224495,1.0129058,1.0364045,1.0136611,1.0182148,1.01401,1.0171252,1.0099804,1.0083933,1.0239258,1.0324342,1.0125821,1.0212207,1.0277399,1.0303212,1.0319363,1.0459294,1.02759,1.031956,1.0169315,1.0122982,1.0228034,1.0068921,1.011024,1.0299025,1.0342907,1.0338106,1.0452601,0.99791354,1.0415895,1.0411068,1.0322173,1.0287814,1.0470148,1.0307505,1.0281738,1.0372946,1.0322474,1.0223029,1.0098898,1.0310384,1.014352,1.009929,1.028348,1.0440581,1.0409794,1.0162605,1.0363841,1.0337484,1.0313905,1.0109488,1.0139654,1.0188205,1.0256733,1.0204898,1.024419,1.0167471,1.0282893,1.0339862,1.0327257,1.0024996,1.0263586,1.0298644,1.016433,1.0252945,1.0414983,1.0029526,0.99084395,1.0229521,1.0285562,1.0423272,1.0349339,0.9989104,1.0382574,1.0263653,1.0176681,1.0222595,1.0239589,1.0092982,1.0132873,1.0298556,1.0339004,1.0064336,1.0067266,1.0388921,1.018611,1.0258005,1.0359796,1.0186249,1.0162923,0.9994044,1.016604,1.0319331,1.0380188,1.0468631,1.0389235,1.023631,1.0190802,1.0220169,1.0393807,1.0310677,1.0282965,1.0358803,1.017607,1.0076177,1.0275974,1.0269809,1.0178963,1.0294707,1.0195167,1.0199262,1.0277957,1.0308489,1.0266358,1.0263277,1.0061135,1.0215731,1.0192877,1.0212644,1.0324358,1.0333987,1.0450304,1.047542,1.0336545,1.0330536,1.0299431,1.0129347,1.0374901,1.0260646,1.0284857,1.0174223,1.0319388,1.0239624,1.031084,1.0014087,1.0268487,1.0093822,1.0217346,1.002831,1.0091361,1.0407223,1.0130111,1.0268507,1.0239569,1.0240275,1.026391,1.0396078,1.0501208,1.0437368,1.0195391,1.0303522,1.0098119,1.0074168,1.0133532,1.0369395,1.0443565,1.032971,1.0332024,1.0500818,1.0191723,1.024225,0.99992836,1.013182,1.0479237,1.0352609,1.0343447,1.0233537,1.0008723,1.0135778,1.0234036,1.0389676,1.026466,1.0470752,1.0537258,1.0310209,1.0110105,1.0160766,1.0213264,1.0145226,1.0309136,1.0326855,1.0273879,1.0262346,1.0096104,1.0314252,1.0155482,1.0337898,1.0403419,1.0343164,1.0258029,1.0088352,1.0384973,1.0226552,1.0524322,1.0186007,1.0581608,1.0261797,1.0124944,1.0280137,1.0282129,1.037451,1.0142311,1.020713,1.0143442,1.0043596,0.9962685,1.0379075,1.0421836,1.0306407,1.0292904,1.0092992,1.027205,1.0047748,1.0205388,1.0406474,1.0273124,1.0307256,1.0206465,1.0054408,1.0095487,1.0263019,1.0412711,1.0326529,1.0091197,1.0119668,1.0119334,1.021334,1.0126939,1.052795,1.0140578,1.0356469,1.0364748,1.0186452,1.0582349,1.0173588,1.0117401,1.0229665,1.0163665,1.0128989,1.0446075,1.008157,1.0358145,1.0230454,1.0193162,1.0245774,1.0401608,1.0354623,1.0297914,1.0148679,1.0186766,1.0138135,1.0314415,1.0212408,1.0238994,1.0273373,1.0130748,1.007586,1.0189793
1.2641622,1.2577457,1.2484359,1.2479988,1.2548527,1.2529913,1.2730613,1.2455682,1.2518742,1.2734921,1.25336,1.2468277,1.2613811,1.2555133,1.270016,1.2419425,1.2309133,1.2619803,1.2421348,1.2650857,1.2586361,1.2658365,1.2553097,1.2469246,1.2737124,1.252224,1.2812918,1.2511016,1.281699,1.2467088,1.2582066,1.285342,1.258897,1.2645578,1.2602057,1.2547909,1.2537166,1.2371668,1.2440557,1.2449234,1.2452593,1.2368588,1.239764,1.2548954,1.2336454,1.251175,1.2658051,1.2634995,1.2430084,1.2470287,1.2479936,1.2592261,1.278091,1.2518536,1.2582804,1.2952116,1.2552463,1.2489783,1.2556454,1.2537733,1.2710818,1.2264458,1.2617459,1.2445939,1.2636405,1.2514911,1.2573658,1.2396697,1.2588196,1.2652884,1.2551882,1.2524194,1.2524924,1.2563004,1.2751693,1.2824786,1.2294046,1.238712,1.2666104,1.2668843,1.2476875,1.2464324,1.2409935,1.2635218,1.2360002,1.242514,1.2511119,1.2283151,1.2484962,1.2598426,1.2398223,1.2506317,1.2713174,1.2605854,1.2409207,1.2673503,1.2510232,1.2451944,1.2538081,1.2358525,1.2623233,1.2784132,1.2649024,1.2524333,1.2513283,1.2640364,1.2557427,1.2527454,1.2535576,1.2689433,1.2648547,1.2633076,1.2598349,1.2612451,1.2622422,1.2507579,1.2865485,1.2677573,1.2567548,1.2468041,1.2318218,1.24435,1.2596719,1.2518154,1.2586552,1.2107459,1.2609242,1.2570202,1.2411622,1.2503914,1.2522289,1.2610209,1.2557603,1.2624863,1.2447633,1.2568507,1.2751776,1.2229409,1.2635311,1.2617515,1.2563307,1.2269607,1.2675686,1.2665286,1.2688988,1.2636245,1.2433397,1.2717135,1.2648779,1.2432237,1.2649258,1.2537625,1.2655438,1.263527,1.2373127,1.2596437,1.232309,1.2439724,1.2736707,1.2464156,1.2458228,1.2442191,1.2584864,1.2464567,1.2640302,1.2683585,1.2341385,1.2602575,1.2486155,1.2761244,1.2675049,1.2528037,1.2422899,1.2399784,1.2435079,1.2472643,1.2544541,1.2510612,1.2567811,1.280387,1.2372181,1.2757486,1.2357497,1.2461103,1.2568196,1.251356,1.2661872,1.2622501,1.2739787,1.2486601,1.24977,1.253746,1.2417942,1.2731106,1.2532146,1.2487001,1.248648,1.244928,1.237232,1.2357566,1.2639403,1.2590178,1.2509291,1.2540156,1.2783824,1.2287371,1.2641375,1.2469816,1.282685,1.2623577,1.2717968,1.2589502,1.2442173,1.2695537,1.2585838,1.2648592,1.2538992,1.2640581,1.2338071,1.2603598,1.2543722,1.2708768,1.2788053,1.2458053,1.2414767,1.2696922,1.2604929,1.2622207,1.2568938,1.2626755,1.2661889,1.2888297,1.2611147,1.263616,1.2623752,1.2518482,1.2395608,1.2564814,1.2706174,1.2456715,1.2528481,1.2670151,1.2346542,1.2567744,1.2440408,1.2569746,1.2481207,1.2767705,1.224651,1.2622296,1.2422857,1.2829884,1.2685089,1.2559661,1.26784,1.2521044,1.2481927,1.2461569,1.240823,1.2686139,1.2316326,1.2761912,1.2475014,1.2364954,1.2752287,1.2392429,1.2340196,1.2421343,1.2615472,1.2620585,1.2726285,1.2692186,1.2573478,1.2400119,1.2463856,1.252595,1.2373569,1.2777448,1.2514429,1.2564402,1.2410343,1.2534947,1.267167,1.2569249,1.2287126,1.2600938,1.253341,1.2511439,1.2393949,1.264556,1.2569938,1.2638017,1.2692109,1.2646766,1.2350833,1.2535381,1.2427492,1.2709581,1.2591374,1.2569274,1.2461412,1.2535712,1.2428268,1.2565974,1.2684467,1.2705796,1.2483705,1.2768166,1.2562485,1.2764494,1.2389903,1.2556279,1.2830623,1.238519,1.2706447,1.2589098,1.2494662,1.2528514,1.2644818,1.2543811,1.2523258,1.2388264,1.2519734,1.2411325,1.2550884,1.2803752,1.2587601,1.2692243,1.2523153,1.2508899,1.2577473,1.2448066,1.2692026,1.2597173,1.2748315,1.2430996,1.2403313,1.2767569,1.2274518,1.2469577,1.2528524,1.2496042,1.2665391,1.2442565,1.2423469,1.255435,1.2606713,1.2711993,1.25334,1.2652855,1.2683202,1.2471994,1.2604429,1.2354203,1.2468692,1.2598864,1.284396,1.2617364,1.255167,1.2503694,1.2691675,1.2517469,1.2684852,1.2349738,1.2558299,1.2530148,1.2818444,1.2416723,1.2475939,1.2710993,1.2512286,1.2551137,1.2468425,1.27381,1.2537799,1.2432677,1.254343,1.2475426,1.2661817,1.2575859,1.2479713,1.2395432,1.2745265,1.2381563,1.2377119,1.2400684,1.279442,1.2609491,1.2732792,1.2628844,1.2605964,1.2538462,1.2408885,1.226485,1.2419938,1.2441708,1.277633,1.257495,1.2659302,1.2538506,1.2656565,1.2654481,1.2377913,1.2576176,1.245007,1.2733717,1.2625126,1.2617395,1.250909,1.2803916,1.2698686,1.2590191,1.2332942,1.2441051,1.2591202,1.2571923,1.2623104,1.2529643,1.2662235,1.2421693,1.2478962,1.2616016,1.2835354,1.2749667,1.2705264,1.2297947,1.2662045,1.2650945,1.2374047,1.236307,1.2635962,1.2669883,1.2492845,1.269116,1.2723258,1.2673975,1.2542208,1.2701284,1.2608666,1.2420437,1.244067,1.2422966,1.2552598,1.2345732,1.2652322,1.2432702,1.2685113,1.261341,1.2542274,1.261492,1.2421355,1.2417581,1.2847635,1.2444859,1.2252991,1.2612362,1.2548454,1.2497979,1.272949,1.2424502,1.2527975,1.2490331,1.2506443,1.2388104,1.2484154,1.2481022,1.2572471,1.2388766,1.240967,1.2486029,1.2472936,1.2555735,1.2643201,1.2127652,1.2286052,1.2363282,1.2482567,1.2606059,1.246933,1.2441108,1.2520361,1.2416399,1.2666311,1.2618943,1.2490481,1.2827916,1.2474464,1.2524823,1.256499,1.252966,1.2405605,1.2673545,1.2734388,1.2596065,1.2543856,1.2519784,1.2594666,1.249446,1.259561,1.2680342,1.2369194,1.2620686,1.2766573,1.2420316,1.2647526,1.2433977,1.2826592,1.2503724,1.2743983,1.2605131,1.2402297,1.2414726,1.2613447,1.2743433,1.2552004,1.2708541,1.2720672,1.2583351,1.2482662,1.2492691,1.2406666,1.2658454,1.2488536,1.2406331,1.2499593,1.2753397,1.2638879,1.2515578,1.2280391,1.273973,1.2732344,1.2398564,1.2775791,1.2694812,1.2495192,1.2603142,1.2504227,1.2697008,1.2491176,1.242489,1.2561611,1.2502037,1.2417215,1.2482677,1.2312139,1.2587113,1.2355316,1.2649765,1.2620906,1.2449812,1.2577314,1.2374015,1.2606108,1.242316,1.2426449,1.2526813,1.2706428,1.2301891,1.2764695,1.2484897,1.2659912,1.2440317,1.2358531,1.2690462,1.2388921,1.2630799,1.2583339,1.2545146,1.2604412,1.2538083,1.280085,1.2667863,1.2564952,1.2629336,1.2585418,1.2473378,1.2617835,1.2771668,1.2414423,1.274069,1.2456706,1.2632085,1.2328291,1.2652372,1.2458644,1.2343438,1.2517729,1.2732687,1.2734172,1.2621354,1.2471575,1.2600862,1.2551843,1.2725179,1.267863,1.2632077,1.2277793,1.2515453,1.235439,1.2505226,1.2363241,1.270175,1.2629851,1.2440916,1.260216,1.2494079,1.2648389,1.2726581,1.255044,1.2501587,1.2498541,1.2624773,1.2707292,1.2638953,1.2363949,1.2494459,1.258354,1.2467101,1.2528185,1.2502717,1.2623591,1.2466985,1.2577457,1.2467761,1.2535628,1.2334406,1.2643532,1.2499527,1.2566177,1.2540329,1.253112,1.2335892,1.2625182,1.2817483,1.2564983,1.2389587,1.2552243,1.2670214,1.2714999,1.2493489,1.251773,1.2549119,1.2734187,1.2515723,1.241666,1.2372776,1.2474872,1.227066,1.2336489,1.2494756,1.267512,1.2620207,1.2513586,1.2532232,1.2561367,1.2459375,1.2374847,1.2446878,1.257793,1.266905,1.2656852,1.2589964,1.2378662,1.2315229,1.2645869,1.256965,1.2594489,1.2457776,1.2768402,1.2557431,1.259797,1.2559725,1.2531219,1.2863263,1.2503626,1.2557405,1.2501256,1.2505502,1.247798,1.2784362,1.2383367,1.2504982,1.2678725,1.2565862,1.261499,1.259239,1.2792103,1.2742035,1.2358106,1.2680889,1.2709875,1.2469501,1.2586396,1.2462842,1.2628356,1.2595919,1.2698566,1.2360932,1.2455301,1.2698337,1.2454563,1.2528831,1.2542652,1.2602531,1.2544074,1.2517568,1.2526441,1.2525159,1.2507324,1.2205266,1.2660388,1.2686303,1.264565,1.2602414,1.2462624,1.2606083,1.2287465,1.2511258,1.2625256,1.2475476,1.2656549,1.2648515,1.2673888,1.2543901,1.2602395,1.2623196,1.2592282,1.2681482,1.2250371,1.2516155,1.2644054,1.2477367,1.237326,1.2616588,1.2602624,1.2388667,1.2443641,1.2364395,1.2754067,1.2474579,1.2498747,1.2488276,1.2432969,1.2399553,1.2430208,1.2649378,1.263111,1.233408,1.2464563,1.2599463,1.2498761,1.256281,1.2708837,1.2525752,1.2609742,1.2741838,1.2570965,1.2654276,1.2509274,1.2474685,1.2428782,1.2454747,1.228232,1.2728946,1.2471263,1.2412374,1.2854607,1.2784595,1.2693928,1.2563167,1.2268366,1.2665693,1.237707,1.2561643,1.2290674,1.2656289,1.2625189,1.2425156,1.2323009,1.2450364,1.2575848,1.2740024,1.2698065,1.250576,1.2493092,1.2578115,1.2736284,1.2641556,1.2684999,1.2741027,1.243091,1.2682054,1.2505043,1.2665325,1.2515718,1.2439419,1.2480772,1.254664,1.2511595,1.2495018,1.2447822,1.2417314,1.2714176,1.2217251,1.2607378,1.242505,1.2784563,1.2677462,1.2489874,1.2521453,1.2627726,1.2502064,1.2488594,1.2807117,1.2588391,1.255695,1.2489227,1.2417008,1.2466372,1.248013,1.2381717,1.2764622,1.2779324,1.2562543,1.2515801,1.2516959,1.248251,1.2631596,1.2309815,1.2719196,1.2791795,1.2598815,1.2713144,1.2517657,1.2698427,1.2520665,1.2486026,1.253777,1.2554817,1.2446492,1.2725145,1.2409298,1.2644113,1.2548364,1.2871156,1.2601728,1.2541221,1.2770875,1.232753,1.2584021,1.2685057,1.2444222,1.2733488,1.2696453,1.243456,1.260359,1.2479402,1.2345598,1.2372736,1.2525363,1.2634617,1.236325,1.2543534,1.284277,1.2733132,1.2433678,1.2777452,1.2671591,1.2499284,1.2467415,1.2635609,1.2566183,1.2690068,1.2591295,1.2496539,1.2432402,1.2588277,1.2386645,1.2640518,1.2478328,1.26629,1.2359163,1.2627244,1.2452753,1.2522776,1.2688107,1.2635868,1.2521459,1.2701615,1.2679759,1.2449825,1.24754,1.2502929,1.2452805,1.2522227,1.2696612,1.2712046,1.2525625,1.2762026,1.2479899,1.2695051,1.2639058,1.2584914,1.2510865,1.243129,1.2524332,1.2614356,1.2337435,1.2495393,1.2523263,1.2549533,1.2604697,1.2490563,1.2724359,1.2274169,1.2476239,1.2622874,1.2570918,1.2755182,1.2556939,1.2599944,1.2803282,1.2597376,1.2521665,1.2400048,1.2649103,1.2598145,1.2370967,1.2488106,1.2641491,1.2569917,1.2631855,1.2702769,1.269019,1.2277877,1.2577242,1.2420832,1.2501571,1.2508446,1.2603911,1.2693049,1.2437402,1.2660686,1.2572436,1.2637975,1.2522833,1.2502956,1.2583549,1.2707338,1.2309213,1.2498956,1.2443713,1.2447076,1.2587951,1.2511532,1.2568233,1.2610266,1.2603006,1.2682296,1.2343093,1.2545892,1.24704,1.2673681,1.272188,1.2589663,1.2502365,1.266521,1.2480912,1.252289,1.2535692,1.2526639,1.2580427,1.2742388,1.2540847,1.2493018,1.2495759,1.2368827,1.2433038,1.2392256,1.2439692,1.2453247,1.2504216,1.2526683,1.2467983,1.2612584,1.252507,1.247645,1.2368989,1.2539461,1.2544388,1.2609991,1.2414802,1.2389579,1.248529,1.2481709,1.3067148,1.2504625,1.2462159,1.2484049,1.2619133
1.211451,1.200988,1.1858665,1.1688932,1.189118,1.1900326,1.2114012,1.1921512,1.1908053,1.2021937,1.1816028,1.1822512,1.1891209,1.2037274,1.2078713,1.189102,1.1764055,1.2008631,1.1793704,1.1785827,1.1979799,1.1864163,1.1816107,1.1738102,1.209905,1.1853427,1.2064686,1.18365,1.1806949,1.1866864,1.1920174,1.2008499,1.1847941,1.1782776,1.1722848,1.2048017,1.1817094,1.1906257,1.1738408,1.1921043,1.1850003,1.1910918,1.1818812,1.2020514,1.1639372,1.1839098,1.1819355,1.2097015,1.1577389,1.1945498,1.1842388,1.1914409,1.1881869,1.1740937,1.1993783,1.1978205,1.1810298,1.1916527,1.2030977,1.1858923,1.1862556,1.1784103,1.1905795,1.1863643,1.1874179,1.2025148,1.1781904,1.17153,1.1888355,1.1922284,1.1976657,1.1834619,1.2066543,1.1898335,1.1932758,1.2127469,1.1714873,1.1940287,1.1835397,1.2028015,1.1781336,1.1880213,1.1674365,1.1808422,1.1738757,1.1777138,1.1619341,1.1688977,1.1786126,1.1856998,1.1876243,1.1793877,1.1942139,1.1767195,1.1730844,1.2176917,1.1894696,1.1742419,1.1991489,1.1849952,1.1846411,1.1961626,1.1961081,1.1715742,1.1924033,1.199733,1.1812885,1.1924491,1.1942896,1.1937827,1.185723,1.2020148,1.1950953,1.1895434,1.2060215,1.1796485,1.1913002,1.1956066,1.1830045,1.1855214,1.1600543,1.1836885,1.211313,1.1870117,1.1834435,1.1729746,1.2000704,1.1791755,1.1978979,1.1890101,1.1611503,1.1823252,1.1742417,1.2058196,1.1951272,1.1990794,1.1973253,1.1685078,1.1921581,1.1730034,1.1944437,1.1725781,1.1933547,1.1847575,1.1916032,1.1841662,1.1758112,1.1868985,1.1896336,1.1867296,1.1822431,1.1912469,1.2026097,1.1838728,1.1778209,1.1932071,1.1661943,1.1795967,1.1930227,1.1798514,1.1796663,1.1574156,1.1865714,1.177339,1.2151245,1.2034736,1.1728042,1.1840588,1.1835403,1.2178725,1.1879021,1.1918854,1.1916047,1.1812506,1.1767089,1.1900566,1.1804823,1.2126734,1.1948112,1.1879519,1.1762141,1.2011956,1.1729311,1.1979975,1.1864288,1.2005033,1.1976906,1.1937952,1.1845843,1.175753,1.1918609,1.2037507,1.1971799,1.2125307,1.1639153,1.1875827,1.1964946,1.1694545,1.1723567,1.180901,1.1953036,1.1952932,1.1855979,1.1931686,1.1907893,1.1642396,1.2099798,1.178577,1.2014216,1.2010531,1.1995869,1.1800133,1.1646624,1.210441,1.1848869,1.1940526,1.1765176,1.1894573,1.1625144,1.1887952,1.1687188,1.2065011,1.1951137,1.1811141,1.1903158,1.2064186,1.1960977,1.1924338,1.1844075,1.2149959,1.2072601,1.2052548,1.2059557,1.1716166,1.2073574,1.1718553,1.182623,1.1813841,1.1969284,1.1613669,1.1801857,1.1960521,1.1837524,1.1846862,1.2032031,1.1750169,1.1675967,1.2062265,1.1675663,1.1909418,1.1989592,1.2021308,1.2074312,1.1833526,1.202863,1.1893669,1.1791394,1.1820936,1.199075,1.1921213,1.1751778,1.1887423,1.1905531,1.1612605,1.1987981,1.1852357,1.1618509,1.1785028,1.193468,1.1948742,1.2088746,1.2127343,1.1886212,1.1829417,1.1834927,1.1962968,1.1949041,1.208331,1.1824331,1.1793585,1.1769923,1.1960963,1.2070782,1.1978283,1.1769232,1.1812072,1.17935,1.1897962,1.1713611,1.1890339,1.2012371,1.1941178,1.1727934,1.1699798,1.1752254,1.1891527,1.1844889,1.2186885,1.2035536,1.203616,1.1918519,1.1817505,1.1683222,1.1942415,1.2083514,1.1902653,1.1862342,1.2172449,1.1988752,1.1998128,1.175574,1.1917603,1.200849,1.1902599,1.2126871,1.1758472,1.1784992,1.1909244,1.2238389,1.1982058,1.1835244,1.1747742,1.1860307,1.1744899,1.2049377,1.2071885,1.1936313,1.198735,1.1929966,1.1914244,1.1880904,1.1804293,1.1935544,1.2018974,1.1789254,1.1566856,1.1769929,1.2099198,1.1779679,1.1882411,1.200124,1.1947603,1.1936172,1.1900277,1.1703357,1.1853842,1.1932808,1.2078898,1.1832601,1.1879141,1.1962078,1.1841948,1.2000303,1.1814687,1.1712503,1.187578,1.1916773,1.1871123,1.1857151,1.1941738,1.1779109,1.1983474,1.1908852,1.1672549,1.1872307,1.2011529,1.1876609,1.1696864,1.1738975,1.198629,1.1806368,1.1746411,1.1890718,1.1905564,1.2029985,1.1739086,1.1985881,1.1849408,1.1795453,1.2068019,1.194001,1.1714404,1.1814891,1.1912528,1.1710384,1.1676853,1.178743,1.2032633,1.174262,1.1993915,1.1929861,1.1941872,1.1819506,1.1897234,1.1854022,1.1928068,1.1997863,1.1892196,1.1833084,1.1891252,1.1913753,1.1865959,1.1826314,1.1804353,1.166422,1.2003891,1.186331,1.1793764,1.2029352,1.1911877,1.2081563,1.2047795,1.1830753,1.1847576,1.1914023,1.1857779,1.19752,1.1904372,1.1903539,1.1559272,1.1876535,1.2071074,1.213211,1.1856102,1.2057171,1.1811361,1.1796561,1.2062973,1.1874075,1.1880739,1.2041947,1.1957141,1.1950928,1.194768,1.1932253,1.1947887,1.2078546,1.1751735,1.180116,1.1860487,1.1721308,1.1901532,1.1874785,1.1798562,1.1948363,1.1844399,1.2084831,1.1842273,1.191061,1.1982095,1.1693943,1.1832677,1.2012123,1.1886805,1.1588852,1.205087,1.1842816,1.1821252,1.1960658,1.1940135,1.1842072,1.180213,1.2007157,1.1612408,1.1878177,1.2064303,1.2041291,1.1830668,1.1811687,1.194463,1.1909063,1.1875552,1.1894361,1.1675092,1.19424,1.1910915,1.1885222,1.1956066,1.1898875,1.1989015,1.1749814,1.1834368,1.2026834,1.1854634,1.1756439,1.2183824,1.1733737,1.1756513,1.1868919,1.2026536,1.2075285,1.198278,1.2068009,1.1923169,1.1967734,1.1759492,1.1892805,1.1977313,1.1904578,1.1879895,1.1850555,1.1872144,1.1819447,1.1845601,1.1902609,1.1778322,1.2096485,1.1850525,1.1855063,1.1891122,1.2004358,1.1738567,1.2047421,1.1807323,1.1791918,1.1919128,1.1997072,1.1838582,1.1756138,1.2007887,1.1698895,1.2088703,1.1960373,1.1889174,1.1876203,1.1840835,1.1879278,1.1610392,1.1605744,1.1985232,1.2013853,1.1892208,1.2025896,1.2004097,1.1921548,1.186639,1.1783875,1.1841601,1.1768535,1.161602,1.1965243,1.167158,1.1813294,1.1770867,1.1848686,1.1868563,1.1801164,1.1935041,1.2016513,1.1914787,1.1907629,1.184866,1.1826134,1.1633835,1.1985172,1.1698706,1.1958313,1.1794482,1.206975,1.1934934,1.2087058,1.187623,1.1752788,1.209884,1.1856421,1.2079084,1.1643156,1.1873606,1.2190946,1.1851633,1.2093674,1.1981893,1.2013872,1.2052267,1.2058145,1.1735314,1.1732631,1.1958811,1.1952765,1.2041873,1.1904695,1.1904241,1.169096,1.2059213,1.1776835,1.1789358,1.190182,1.203426,1.1915276,1.1828076,1.1997657,1.1885273,1.1935681,1.1766211,1.2012552,1.2082378,1.1795107,1.1952543,1.180943,1.1719574,1.1782243,1.2048461,1.1942648,1.1794678,1.1804174,1.1904868,1.2029283,1.1983341,1.1878712,1.1937618,1.1947627,1.1850375,1.2008241,1.2033738,1.1676627,1.1790497,1.1777779,1.205391,1.1922846,1.1772692,1.194296,1.1770883,1.1784977,1.1938047,1.1651566,1.1695253,1.1677568,1.1975118,1.2040459,1.1931068,1.1744746,1.1786054,1.1974516,1.2080375,1.187672,1.190289,1.1926574,1.192797,1.1797421,1.1783789,1.1844229,1.1897701,1.1822116,1.1835593,1.1811053,1.1690781,1.1743883,1.1544867,1.1757534,1.1685059,1.1906408,1.1982135,1.1844511,1.1798056,1.1998427,1.1861122,1.1673876,1.1800827,1.1791182,1.190435,1.1985661,1.1859496,1.1576571,1.1665834,1.1942383,1.2055448,1.1863693,1.1615231,1.2027676,1.1833576,1.2132452,1.1989086,1.168253,1.2083257,1.1901041,1.1845834,1.1792294,1.1947746,1.2110654,1.199587,1.1758623,1.1957963,1.1961017,1.174708,1.1830989,1.1920502,1.2145853,1.2141795,1.1850959,1.1744579,1.1901255,1.1874665,1.1850251,1.1789461,1.1952462,1.182456,1.1892533,1.1948417,1.1907655,1.2055756,1.1789838,1.1886226,1.1818634,1.189661,1.1891345,1.1874325,1.1733835,1.1694572,1.1895818,1.1659075,1.2017405,1.2087482,1.19654,1.1979969,1.1862028,1.1869096,1.1721028,1.1958412,1.19469,1.1931529,1.1952355,1.1944485,1.1834706,1.1821367,1.2060226,1.1861829,1.1871902,1.1974137,1.1668164,1.178926,1.1823449,1.1844541,1.1668596,1.1928473,1.1844345,1.153811,1.1836742,1.1888553,1.1798604,1.1901983,1.182142,1.1734916,1.1878673,1.1901932,1.1693152,1.186914,1.1960218,1.1754702,1.1936895,1.186454,1.192646,1.1647693,1.2013886,1.1900483,1.201883,1.2255816,1.1845051,1.1699125,1.2047254,1.1745632,1.1864301,1.173794,1.1845638,1.195367,1.1879979,1.2005484,1.2149229,1.1991785,1.1890804,1.220347,1.1596173,1.1915905,1.1812658,1.1938593,1.1853905,1.216589,1.1977187,1.1897501,1.1846823,1.1913812,1.186649,1.2003917,1.1972079,1.176043,1.1926807,1.1959198,1.1753763,1.2059164,1.1884885,1.1999356,1.1795388,1.1891863,1.1843115,1.176595,1.1843603,1.1807404,1.1826315,1.1893911,1.1801995,1.1816038,1.1919312,1.1774687,1.1911234,1.1757816,1.1852045,1.1775562,1.212137,1.200864,1.2036208,1.1876069,1.2038121,1.1881224,1.1833187,1.1878307,1.1825699,1.1854653,1.1787815,1.1982044,1.1699226,1.171873,1.1769009,1.212756,1.1987758,1.1745256,1.1709875,1.1685468,1.1935881,1.1785297,1.1957157,1.2162837,1.2019838,1.1976262,1.1852838,1.1494138,1.1903983,1.1821352,1.1872438,1.1925879,1.1797311,1.1741617,1.1878783,1.1760952,1.2005864,1.2131431,1.2339237,1.1915772,1.1785296,1.1842145,1.1679093,1.1699115,1.1957335,1.1900164,1.197084,1.1833122,1.1860179,1.2000966,1.1840935,1.1913003,1.1748534,1.180064,1.2030449,1.1891907,1.1841834,1.2052131,1.2104757,1.1822244,1.1973759,1.2096571,1.1631429,1.1682832,1.195063,1.1905632,1.2027293,1.1651708,1.1824979,1.1886837,1.1880379,1.1774718,1.1873355,1.1959394,1.1755614,1.1712062,1.1804472,1.1706657,1.1939163,1.178749,1.182743,1.1829447,1.201456,1.2119342,1.1891022,1.1724219,1.1999348,1.1655457,1.1677912,1.1918361,1.2045796,1.1849142,1.1844902,1.1852531,1.203373,1.183992,1.195256,1.1837512,1.1769147,1.210881,1.1966934,1.1557481,1.1973467,1.173901,1.2003218,1.1969155,1.1853104,1.2037091,1.1703883,1.1913567,1.2067695,1.170569,1.2052953,1.1725274,1.2005858,1.2098444,1.183612,1.180708,1.1837558,1.1825897,1.2091258,1.1738096,1.1744177,1.2043126,1.1827724,1.1833657,1.1982338,1.1882869,1.2020204,1.1950293,1.1636844,1.1970048,1.1892892,1.1994407,1.1989278,1.1916639,1.191841,1.1872767,1.184105,1.1775265,1.1931261,1.183358,1.2015018,1.1828169,1.1760217,1.1991094,1.1805122,1.1997097,1.1793764,1.1935456,1.2013433,1.1847268,1.1890845,1.1817952,1.1668192,1.2021017,1.1989866,1.2056954,1.1948935,1.1814882,1.1978666,1.1835059,1.1886804,1.1860411,1.1918672,1.1960634,1.1809741,1.1797014,1.1940507,1.1811291,1.1649022,1.1849742,1.1721332,1.1771203,1.1879611,1.192807,1.1838804,1.1757064,1.1814485,1.1955007,1.1893902,1.1726763,1.1856024,1.1876178,1.2054273,1.1817678,1.1656702,1.2021424,1.1855851,1.2136513,1.1770275,1.1799973,1.1998686,1.1832328
0.40495476,0.42257848,0.3957286,0.39558005,0.42245245,0.40115628,0.42046395,0.4097244,0.4130148,0.40944776,0.4224017,0.41571736,0.4156766,0.4051976,0.43441117,0.42473593,0.39184308,0.41821378,0.40039945,0.42114386,0.403855,0.42213202,0.43715087,0.39937842,0.4311914,0.40787047,0.41895705,0.40608305,0.41755688,0.40305406,0.41885325,0.41567475,0.4083719,0.3964647,0.4284197,0.41086936,0.39987683,0.41831166,0.4184386,0.42504317,0.3837578,0.4395372,0.40378878,0.39749104,0.4039501,0.40743032,0.38876763,0.41505674,0.40389973,0.3914246,0.40415716,0.42195544,0.43696636,0.39639825,0.411233,0.3917868,0.42431435,0.4191475,0.41888306,0.41066012,0.4053188,0.45033446,0.40537697,0.41534498,0.39278686,0.40015674,0.39690894,0.4367916,0.39453584,0.4239824,0.39806876,0.41069797,0.39062044,0.41897452,0.39724815,0.41647747,0.41624165,0.41049424,0.4206784,0.40993947,0.4072105,0.42183325,0.39323255,0.41459823,0.40820304,0.41904446,0.4057966,0.40764722,0.40549564,0.4094416,0.401887,0.3977621,0.40398198,0.4020455,0.39817002,0.4101808,0.39872226,0.39487377,0.4150371,0.39274794,0.41724533,0.43011215,0.39541188,0.41439804,0.42174524,0.40009022,0.43576884,0.40466964,0.40801302,0.40890574,0.40896508,0.400552,0.4334113,0.42103523,0.42265025,0.40638477,0.41962856,0.4038379,0.40629846,0.40261847,0.4054561,0.39395747,0.41823792,0.41740867,0.42911986,0.41036797,0.41092885,0.40763974,0.3993997,0.40307054,0.39972487,0.40376347,0.40629,0.41533577,0.39983663,0.4298306,0.4315788,0.3957048,0.39903635,0.4162187,0.40228873,0.42033988,0.41243383,0.3972174,0.40143853,0.3910505,0.41534132,0.4082662,0.40461475,0.40206486,0.42575032,0.39585558,0.39798653,0.401575,0.3925499,0.38917816,0.41000235,0.42125052,0.4220594,0.40799332,0.41797984,0.39708996,0.40588877,0.39586228,0.4246869,0.3940402,0.4002524,0.39776334,0.37463814,0.41345724,0.41023207,0.40134344,0.41272455,0.401422,0.4087627,0.39919057,0.40685523,0.40473926,0.40114927,0.4064118,0.42264843,0.40230316,0.4180921,0.40548766,0.4008863,0.42257467,0.3938846,0.41462213,0.35971737,0.41797486,0.40924138,0.4353534,0.41843975,0.39912653,0.41883937,0.40525723,0.40762323,0.3992985,0.3917411,0.4107188,0.3986578,0.38753167,0.4099018,0.4025884,0.4238325,0.3897682,0.42544985,0.41904002,0.4027476,0.4178031,0.40660632,0.41919696,0.39907324,0.40430057,0.4141024,0.4222539,0.42251438,0.41746607,0.4128262,0.40004268,0.41664484,0.41548762,0.4050226,0.40716285,0.4181415,0.40889657,0.40080628,0.39219967,0.41904116,0.42657682,0.41434157,0.41413343,0.40642577,0.4021813,0.39485312,0.38306227,0.39425248,0.38160536,0.40299374,0.3833424,0.40282884,0.41838416,0.39933228,0.39801604,0.4242553,0.41812265,0.39893928,0.41312516,0.43430585,0.3970551,0.40201062,0.3944528,0.41468033,0.41829267,0.38525802,0.43826053,0.39107102,0.4086906,0.41055503,0.38742632,0.4078186,0.39765543,0.42354372,0.3935948,0.412377,0.4056719,0.40384912,0.42292008,0.412786,0.4202752,0.4437186,0.40969357,0.40298393,0.41467395,0.40767914,0.39694136,0.4167806,0.40594643,0.39959943,0.40576085,0.41697297,0.4086944,0.4327623,0.41179612,0.4000945,0.37531835,0.43812335,0.4206283,0.41072005,0.3960296,0.40115878,0.44082215,0.39245886,0.4207004,0.41900733,0.40074933,0.45232126,0.39741802,0.42590392,0.4294166,0.4129467,0.41462532,0.38856712,0.39158276,0.4162582,0.40669814,0.3833964,0.41587597,0.3940273,0.40071723,0.41130522,0.4361444,0.40764248,0.41982323,0.420052,0.39268747,0.42016077,0.41275585,0.41825792,0.4366461,0.3903032,0.40875104,0.39179435,0.41521242,0.42636427,0.4097472,0.42323017,0.42303616,0.400329,0.39277953,0.3833557,0.42337352,0.41854927,0.41463625,0.40020165,0.41103294,0.4047139,0.417055,0.40193728,0.41368625,0.3922042,0.43451956,0.41351506,0.40578452,0.4184541,0.4124826,0.41878593,0.39219695,0.40003297,0.41658455,0.41519308,0.41903254,0.4288563,0.4123432,0.4097919,0.41467917,0.3888294,0.40287018,0.41775516,0.4119508,0.39017302,0.41193008,0.4080401,0.4102729,0.4096453,0.41976005,0.40573084,0.40897173,0.39486387,0.39170024,0.40247613,0.41752726,0.4107098,0.41906196,0.42054972,0.4248523,0.41704643,0.40843385,0.40338454,0.41697186,0.4062304,0.43329015,0.41021532,0.4201014,0.4148273,0.4118225,0.40480024,0.3885256,0.44101658,0.42244396,0.4089179,0.40258113,0.4123953,0.41736782,0.40867248,0.4120187,0.40429562,0.4019191,0.40503994,0.39801422,0.42644614,0.4163949,0.42254594,0.39049208,0.39815432,0.39967695,0.41272205,0.41205513,0.422199,0.42707404,0.40493643,0.41613308,0.42417857,0.4192976,0.4169506,0.41590267,0.41253942,0.4279365,0.39600262,0.3936244,0.42264038,0.43779367,0.42038235,0.39957762,0.41069943,0.4000906,0.41872373,0.42024097,0.40935054,0.4084534,0.4175098,0.3983887,0.40615383,0.4201303,0.40671244,0.42362508,0.43695018,0.41775718,0.39244327,0.42484805,0.4122556,0.406185,0.39648035,0.41068637,0.40827644,0.42890283,0.41295525,0.41125497,0.4105766,0.4054556,0.41610265,0.41282502,0.40965453,0.3887448,0.40418616,0.40644783,0.42315626,0.39124566,0.41524813,0.4102677,0.4163451,0.3824575,0.4205476,0.39516968,0.4106676,0.42045513,0.4255213,0.41139686,0.41121903,0.39011645,0.39660543,0.4216893,0.40243566,0.4088573,0.41849685,0.43090823,0.40884584,0.41025415,0.42022583,0.4007416,0.38553065,0.40677088,0.3993708,0.40306497,0.4001432,0.4016686,0.4140643,0.4082079,0.4208404,0.39823782,0.41129872,0.39572874,0.3892429,0.39864686,0.4057053,0.40924424,0.4170473,0.39788565,0.41492844,0.4268278,0.40412176,0.41112614,0.40742946,0.41929644,0.39476162,0.39967957,0.42865744,0.39658374,0.40855002,0.42555347,0.4268779,0.42123517,0.42762688,0.42703915,0.4040875,0.42038772,0.4127747,0.39110902,0.41359875,0.4046435,0.42984748,0.40846533,0.41634244,0.40160447,0.38937405,0.40120536,0.40884143,0.41929767,0.4420389,0.40166637,0.38958052,0.417781,0.40849453,0.4384098,0.40450555,0.40882832,0.4172967,0.39512348,0.38707963,0.38601,0.4009808,0.3893046,0.4120196,0.41217697,0.42091453,0.42140982,0.42980108,0.40564284,0.39830136,0.42003074,0.41726547,0.41319,0.389246,0.4123401,0.41315642,0.40872917,0.3908054,0.4223164,0.4214838,0.4058058,0.3955089,0.4106632,0.40358588,0.4168812,0.40839952,0.41267303,0.40225452,0.39663514,0.40534365,0.40055373,0.43173042,0.41384462,0.42947513,0.39789465,0.42416447,0.4112277,0.4318511,0.39915574,0.40399688,0.4101979,0.39801922,0.4099402,0.3873306,0.42483428,0.41807362,0.4201555,0.42075613,0.3965734,0.40868697,0.4147076,0.40919924,0.40755376,0.4194045,0.4041543,0.39946356,0.39337918,0.40592152,0.3956742,0.39771748,0.40159324,0.39498404,0.4024095,0.4017271,0.3836822,0.39737672,0.40425882,0.42239285,0.4097252,0.40607768,0.40664893,0.40362582,0.39990842,0.41582233,0.40989166,0.40349674,0.4002938,0.41111925,0.4062517,0.40780708,0.40758488,0.4145193,0.39062673,0.4198948,0.43216237,0.3988777,0.40196544,0.40545854,0.40498352,0.41424718,0.4170081,0.37851015,0.42474505,0.41507342,0.3989512,0.40471402,0.41589752,0.40382168,0.3873883,0.39121327,0.39725816,0.40791216,0.3999316,0.40653872,0.418231,0.40989655,0.40150666,0.408954,0.41724288,0.38945717,0.41145313,0.39764422,0.42413202,0.3972798,0.39913914,0.41651767,0.42062062,0.41956896,0.39785585,0.4120311,0.3776161,0.41281205,0.4146205,0.4027474,0.4042788,0.4068858,0.41084713,0.40754282,0.4176297,0.4223484,0.4013724,0.4072397,0.40100345,0.39197505,0.4208631,0.40690407,0.4162313,0.3889788,0.41982043,0.44182813,0.39949745,0.40299025,0.39867568,0.42023242,0.4041492,0.4246417,0.41284534,0.40579432,0.42302874,0.40624094,0.3885624,0.4159377,0.4042842,0.40824023,0.40113562,0.4037396,0.39127004,0.42677006,0.41103032,0.38770235,0.4250013,0.4020509,0.4029831,0.42981175,0.3955248,0.40799686,0.4116675,0.40867642,0.41099736,0.42640972,0.4244495,0.40295976,0.40994903,0.42590892,0.3803615,0.4364748,0.41000348,0.4099239,0.3999158,0.42828366,0.411394,0.38209757,0.39771974,0.40276304,0.39359593,0.42004955,0.3877174,0.39439347,0.42722476,0.423449,0.39738718,0.41012034,0.4211068,0.40778664,0.4027736,0.38119465,0.41096008,0.4150182,0.4166718,0.3981163,0.42910168,0.39046428,0.40124273,0.41140178,0.41920352,0.42678514,0.40724152,0.39097875,0.41549313,0.4033251,0.40181294,0.39226738,0.41885138,0.40983555,0.401782,0.40233386,0.4199757,0.40936035,0.40802008,0.4258862,0.40590388,0.42209357,0.4179734,0.42214236,0.40797338,0.4063842,0.40473422,0.41392928,0.40713897,0.40385354,0.42564735,0.41963902,0.42271507,0.41768593,0.42830297,0.40966678,0.42658642,0.4189959,0.4257939,0.4152262,0.42379218,0.42095578,0.40446517,0.41051155,0.40536034,0.40200895,0.4085813,0.3963099,0.41192645,0.39931425,0.42822576,0.41422218,0.4126921,0.40891376,0.3955706,0.41795626,0.40029737,0.41495895,0.42108276,0.40223774,0.41300642,0.41292873,0.41212454,0.4234676,0.41565365,0.4084977,0.4286309,0.4078285,0.41187873,0.39140293,0.39569402,0.40931165,0.4069551,0.40738177,0.39580736,0.40165776,0.4027679,0.39547205,0.4126839,0.40247995,0.39870292,0.40962783,0.39824188,0.40653792,0.40588412,0.40331346,0.40763867,0.42003006,0.4088954,0.39946955,0.41240394,0.3976542,0.3964182,0.41179094,0.39985418,0.416161,0.42425805,0.42598757,0.4187295,0.40417606,0.41159296,0.40319562,0.40912825,0.41184312,0.42512378,0.41004223,0.40448833,0.3942371,0.40159687,0.42047605,0.38683492,0.38784307,0.41591883,0.4033946,0.4026622,0.40059173,0.4064536,0.42720464,0.4114548,0.39808753,0.40062955,0.41499215,0.42213628,0.4198954,0.4196976,0.42025983,0.41567564,0.412712,0.42523146,0.38627452,0.40678066,0.41753268,0.38897154,0.40946278,0.39442524,0.40156454,0.41545647,0.38954148,0.41177315,0.40670186,0.3862499,0.3992407,0.39735416,0.4118442,0.4024263,0.42123204,0.4107055,0.38763714,0.40942216,0.42699122,0.4306228,0.43102464,0.40720594,0.40071276,0.39390388,0.3990975,0.38888466,0.43848053,0.41237423,0.40536085,0.40531415,0.42543575,0.40154052,0.41174442,0.41254085,0.4006829,0.42705244,0.4003383,0.39731807,0.41816384,0.3812521,0.40679562,0.4094402,0.41305503,0.40429533,0.42092204,0.43462032,0.4187764,0.39735693,0.39961168,0.43409663,0.40063003,0.40984124,0.4075145,0.40064594,0.42311722,0.388803,0.42174914,0.3823666,0.40504578,0.4334151,0.39937228,0.40621305,0.40566894,0.41033387,0.41281348,0.43375736,0.4112929,0.42391452,0.4082573,0.40508154,0.41303074,0.41155905,0.41284257,0.39812818,0.4208609,0.40105528,0.39945745,0.3836133,0.41590878,0.41645613,0.39665097,0.41326013,0.39378065,0.41358846,0.39404532,0.40662032,0.41569793,0.40057266,0.41825843,0.4226984,0.39565966,0.39329836,0.4146203,0.4215963,0.4022307,0.40294576,0.39983225,0.43022633,0.41144386,0.40218508,0.4363043,0.39426813,0.394478,0.408697,0.42082125,0.4315265,0.41161108,0.41533595,0.4121679,0.4084496,0.40665355,0.41417706,0.38390884,0.4061346,0.4435879,0.41057104,0.41620994,0.4214887,0.42246595,0.40060878,0.41637293,0.4093529,0.3925001,0.40975264,0.3998824,0.41985774,0.40172634,0.40802902,0.3976873,0.39615998
1.2192079,1.2456815,1.216999,1.217874,1.2217054,1.2274507,1.2206287,1.2308872,1.2178624,1.2476044,1.2138511,1.2143191,1.2095337,1.2238499,1.2496867,1.22872,1.2336818,1.210327,1.2221715,1.219235,1.224704,1.2399223,1.2071201,1.233876,1.2146732,1.2123648,1.2227063,1.2008464,1.2419543,1.2291924,1.228683,1.2177215,1.2241248,1.229916,1.2235295,1.2169827,1.216234,1.2152702,1.2207397,1.2047025,1.2306508,1.2108498,1.2229689,1.2307594,1.2305678,1.2139224,1.21415,1.2201804,1.2090393,1.2336152,1.2163029,1.2349366,1.2032949,1.2140543,1.2313081,1.2261711,1.2218391,1.2308012,1.2331052,1.2230126,1.2300014,1.2124796,1.2261478,1.2221483,1.2094916,1.2318704,1.1940875,1.2135153,1.2409929,1.2190515,1.2412227,1.2220044,1.2209502,1.2261194,1.2425059,1.24169,1.2074012,1.218661,1.2172456,1.227219,1.2154927,1.2387818,1.2152852,1.2324668,1.2033353,1.2175714,1.203576,1.2102007,1.2192904,1.2206256,1.223165,1.2336184,1.2112218,1.2172948,1.2068384,1.2278528,1.2140981,1.2283947,1.2042623,1.2162359,1.2335203,1.2286892,1.2374499,1.2142324,1.2288443,1.2383064,1.2334523,1.2335553,1.2018014,1.235546,1.2285347,1.2260517,1.2259114,1.2235458,1.2175425,1.220877,1.2102014,1.2171845,1.2112793,1.2033815,1.2093917,1.2173568,1.2218329,1.2060391,1.2193394,1.213737,1.2355559,1.2246712,1.2389106,1.2106727,1.2235056,1.2203009,1.208237,1.2416184,1.2082788,1.2284203,1.2302461,1.207983,1.2210028,1.2168052,1.2254649,1.2013329,1.2236223,1.2101314,1.2351513,1.1961975,1.1942843,1.2336605,1.2291209,1.2212319,1.2253085,1.2224858,1.2395859,1.2129226,1.235814,1.2151523,1.2213397,1.2244166,1.21783,1.2312744,1.2162718,1.2018826,1.2253928,1.2276394,1.2348477,1.2212155,1.2260201,1.2045165,1.2241839,1.2314633,1.2279042,1.240361,1.2262545,1.2172267,1.2097054,1.2098039,1.2179732,1.2424328,1.2106239,1.2279265,1.2230252,1.221308,1.2147002,1.2116627,1.2298431,1.2138305,1.2062255,1.2322965,1.2439364,1.2273768,1.2068142,1.2164001,1.2094173,1.2365233,1.2249584,1.2438917,1.2301404,1.2107201,1.2214743,1.2346604,1.2317376,1.2273667,1.1912645,1.229911,1.2226655,1.204765,1.239315,1.2100893,1.2214994,1.2364587,1.2345415,1.2405736,1.1977663,1.228639,1.2253063,1.2389649,1.2282327,1.2261596,1.2054187,1.2262089,1.2074407,1.2325499,1.251586,1.2170899,1.227047,1.2365664,1.2130339,1.2274418,1.2348863,1.2215123,1.2354587,1.2309725,1.2194706,1.2085887,1.2164973,1.2362676,1.2308577,1.2239488,1.2302166,1.2075807,1.2124211,1.2182878,1.2186214,1.2218834,1.2287167,1.2110776,1.231582,1.2384198,1.1997313,1.2189732,1.2115259,1.2431293,1.2177929,1.2226299,1.2181091,1.2178175,1.2201248,1.2119943,1.2210258,1.2457705,1.2253219,1.2266458,1.2343024,1.2293961,1.2328861,1.2122254,1.2176354,1.224768,1.2254533,1.2157024,1.2384667,1.2393793,1.2185196,1.2082542,1.216651,1.2201146,1.2232319,1.2449198,1.2084343,1.2172239,1.2104596,1.2209611,1.2340999,1.2114506,1.2112751,1.2444189,1.2100302,1.2152628,1.2027497,1.2145678,1.2427132,1.2245195,1.2105591,1.2301394,1.1952255,1.2099018,1.2028949,1.2369719,1.2423371,1.2061988,1.2324498,1.2229431,1.2156857,1.2179018,1.2431818,1.2216891,1.2378981,1.2250879,1.2210501,1.2246271,1.2072096,1.2173171,1.2229806,1.2160631,1.2415365,1.2036868,1.2145262,1.2244562,1.2461268,1.2262609,1.2136,1.1860845,1.2125145,1.2126008,1.2200744,1.2420329,1.2404653,1.2311232,1.2162919,1.219201,1.2191223,1.2105178,1.2528213,1.2342314,1.2174494,1.2065969,1.2129234,1.2250531,1.20431,1.2260735,1.2429277,1.233926,1.236122,1.226048,1.2270011,1.226661,1.2289883,1.2321216,1.2332767,1.209405,1.2343713,1.2032591,1.2116201,1.2114402,1.2050738,1.2260538,1.2291948,1.2223312,1.2108246,1.2237141,1.236685,1.2171522,1.2257322,1.2096099,1.2060654,1.2293019,1.2214112,1.2045484,1.2339306,1.213593,1.215713,1.22489,1.2310647,1.2204314,1.2169986,1.2017431,1.212649,1.214606,1.2055069,1.2333505,1.2267414,1.1991161,1.2476238,1.216573,1.2204618,1.2162162,1.2327408,1.240267,1.2257836,1.2040275,1.2456338,1.2274375,1.2274127,1.2173449,1.2394826,1.2029624,1.2446622,1.2296807,1.2412356,1.2351155,1.2203947,1.2050816,1.2091627,1.2323626,1.2030616,1.2201645,1.2255163,1.2069516,1.2304708,1.2212925,1.240737,1.2256562,1.2290163,1.2162287,1.2332661,1.2267557,1.2155045,1.2236512,1.2185296,1.2111058,1.2264076,1.197834,1.2524056,1.2262247,1.2148982,1.2237825,1.2260089,1.2345803,1.2293373,1.2228644,1.2291287,1.2374418,1.2195079,1.2181555,1.2262566,1.2180933,1.2217367,1.239152,1.2430724,1.2114644,1.222125,1.231586,1.2402275,1.2048966,1.2248883,1.2072682,1.2256972,1.2057157,1.2283119,1.2204475,1.213441,1.2229416,1.2241127,1.2244402,1.2273891,1.2365931,1.212871,1.2329838,1.2260112,1.2211967,1.2219421,1.2178878,1.2352632,1.2087171,1.2077854,1.228647,1.210551,1.2263122,1.2143646,1.2264109,1.2473081,1.2253749,1.2256174,1.2102413,1.2364305,1.2199917,1.2062552,1.2084712,1.2400157,1.2321453,1.2216942,1.2274758,1.2559212,1.2106986,1.2315388,1.2460191,1.2128961,1.2121414,1.2167504,1.2406013,1.2501802,1.2419283,1.2306936,1.2355045,1.2279826,1.2195346,1.2454673,1.2220715,1.2322266,1.2065558,1.2125082,1.2323021,1.2268127,1.1955711,1.2174326,1.2228842,1.2436131,1.2191833,1.2142297,1.2294135,1.2077351,1.2158505,1.2339725,1.2166293,1.2095771,1.2156879,1.212999,1.2386423,1.2254456,1.2135786,1.212098,1.2355385,1.2194297,1.2043889,1.2097974,1.2443957,1.2254035,1.1980748,1.2060337,1.2219075,1.2347927,1.2285516,1.2295108,1.2341827,1.2395484,1.2249949,1.2109406,1.2152873,1.2197443,1.2039717,1.2203625,1.2166377,1.2095505,1.1943372,1.2164172,1.2147946,1.2012095,1.2160771,1.2202116,1.2307532,1.2136747,1.215247,1.2352848,1.2122171,1.2317063,1.2140352,1.2253796,1.2093132,1.2262338,1.2170509,1.233385,1.22967,1.2251364,1.2083455,1.2008587,1.2279634,1.2333013,1.2119167,1.2260243,1.2267935,1.2263114,1.2210383,1.2195171,1.231977,1.235793,1.2262062,1.2156765,1.2270205,1.2328418,1.2350705,1.2468287,1.2225491,1.2149988,1.2186295,1.2071227,1.2240157,1.2073522,1.233538,1.2231313,1.2277489,1.203944,1.2168545,1.2240623,1.23061,1.2311735,1.2371328,1.2137642,1.2048182,1.2017664,1.2223386,1.224017,1.2337661,1.220686,1.2150929,1.2272807,1.221159,1.2217711,1.2347881,1.2351311,1.2471795,1.2199086,1.2380849,1.224366,1.2235683,1.2111937,1.2292652,1.2428063,1.226446,1.2310156,1.2230146,1.2128189,1.2302871,1.2170514,1.2056303,1.1969193,1.215965,1.2231964,1.2371271,1.2404268,1.2226768,1.2036316,1.1937386,1.243063,1.2583123,1.234207,1.2058998,1.2184721,1.2322297,1.2223084,1.2061045,1.2186964,1.2302396,1.2239277,1.2197812,1.207316,1.2255551,1.2163806,1.2151742,1.2265202,1.1994909,1.2386571,1.2267985,1.2267275,1.2124789,1.2347647,1.1937222,1.2090619,1.217418,1.2190965,1.2380106,1.2460493,1.2232085,1.2170013,1.216587,1.2334743,1.2452542,1.2211367,1.2130425,1.2363701,1.1984353,1.2241123,1.2406607,1.217879,1.240593,1.2171818,1.2280105,1.2085075,1.218226,1.2171848,1.2383549,1.2199448,1.2358229,1.2200298,1.2234759,1.2063826,1.2385292,1.2267565,1.2497836,1.2080344,1.2289103,1.2353489,1.2326359,1.2079781,1.2297846,1.2257811,1.2129799,1.2224927,1.2261722,1.2077551,1.2042751,1.2218829,1.2168615,1.2121274,1.2420324,1.2260944,1.2381017,1.2385404,1.2184896,1.2097514,1.1986463,1.2404152,1.2319608,1.2219336,1.2215388,1.2151754,1.2064443,1.1985004,1.2379841,1.2174722,1.224448,1.2387078,1.2297239,1.219713,1.230711,1.2246877,1.2447405,1.2396597,1.2155201,1.2167431,1.2075629,1.2312542,1.2130032,1.1974759,1.2200565,1.2222525,1.2272983,1.2105577,1.2201114,1.224838,1.2231838,1.2176679,1.2145641,1.2384962,1.2214172,1.2079616,1.2079383,1.2128514,1.2273457,1.2155505,1.2329975,1.2362005,1.2026124,1.2136155,1.2198957,1.2463069,1.2481219,1.2073637,1.2280504,1.2300918,1.2357496,1.2343826,1.1963636,1.2164733,1.246461,1.2174308,1.2360805,1.232263,1.2327471,1.2164704,1.2217604,1.2110376,1.2172865,1.2303318,1.2491922,1.2303483,1.230313,1.2060789,1.2216846,1.2203089,1.207319,1.2252157,1.2349081,1.2258333,1.2396805,1.2295923,1.2309995,1.2236844,1.2488174,1.2030975,1.2306212,1.2228684,1.2245263,1.2139444,1.210533,1.22346,1.2132767,1.2199571,1.2271255,1.2248591,1.2307698,1.2154232,1.2149619,1.2223911,1.1858674,1.2156855,1.2133602,1.2398293,1.2344118,1.2308917,1.248094,1.2146065,1.2119511,1.2200514,1.2349364,1.2281843,1.2291954,1.2293782,1.2256862,1.2264051,1.2042121,1.2028557,1.2358369,1.2290713,1.2280211,1.2109504,1.2043129,1.2345229,1.2208253,1.2248927,1.2326438,1.2273172,1.2188077,1.215354,1.2007244,1.2214391,1.2183716,1.2133434,1.2103302,1.2306702,1.2237949,1.2480549,1.2330995,1.2379334,1.2351315,1.2477005,1.2389673,1.2202834,1.2309726,1.2252635,1.2248237,1.2262911,1.2162254,1.243298,1.2313621,1.2248125,1.2124832,1.2117795,1.2241066,1.2430823,1.2082126,1.2362598,1.2309582,1.2127542,1.226723,1.2218605,1.2161925,1.2291683,1.2232151,1.2059464,1.2347806,1.2358716,1.2034893,1.2325759,1.1979387,1.2265818,1.2112746,1.2403198,1.2167388,1.2251892,1.2178645,1.2287482,1.2050922,1.2059352,1.2020484,1.2358689,1.2182186,1.2119501,1.2167281,1.2419511,1.2294236,1.2049652,1.2188323,1.2283733,1.2269027,1.2231978,1.2236445,1.2327654,1.212927,1.2240723,1.2128955,1.2290585,1.2165788,1.2221316,1.2102606,1.2017978,1.2108886,1.2203965,1.2156925,1.2149645,1.2309029,1.213641,1.2100393,1.2059453,1.2122637,1.2086638,1.2073942,1.2322118,1.2398577,1.2242548,1.2294405,1.2437413,1.2241297,1.2308204,1.2206372,1.2290851,1.2277914,1.2379878,1.2090687,1.2107424,1.2268515,1.2311926,1.1992894,1.225612,1.2129589,1.226509,1.229481,1.2329042,1.2248775,1.2171923,1.2121431,1.2511617,1.2175082,1.2353127,1.2385852,1.2273896,1.2287533,1.2310437,1.2326143,1.2188869,1.2123718,1.2188303,1.213151,1.2139505,1.2241733,1.2226368,1.2237011,1.2240626,1.2124853,1.2210263,1.2156414,1.2329198,1.2269863,1.227455,1.2158468,1.2193598,1.2206937,1.2260375,1.2185206,1.2274598,1.2313302,1.1986252,1.2197473,1.2307216,1.2092484,1.2195759,1.2054893,1.2080619,1.2353604,1.2071601,1.2181154,1.213034,1.2178487,1.2361494,1.2274348,1.2216759,1.2283568,1.2005491,1.213811,1.2091678,1.2105489,1.2325578,1.2136563,1.2124022,1.2206087,1.2159158,1.2244604,1.2226582,1.2240024,1.22393,1.2335236
1.0875857,1.0923742,1.0859767,1.0880059,1.0628289,1.0875442,1.0686146,1.0939126,1.0820248,1.1091353,1.07534,1.0676193,1.0760843,1.0845292,1.0780032,1.0800492,1.0804691,1.0682256,1.0739397,1.0738859,1.0644866,1.0934422,1.0670037,1.1085471,1.0587068,1.0970417,1.0784539,1.0988028,1.0935231,1.0924258,1.0909154,1.1122856,1.1151681,1.0915086,1.0773213,1.080159,1.0997571,1.0619961,1.082203,1.0762088,1.109004,1.0788254,1.0634034,1.0650402,1.0667017,1.078532,1.0844212,1.0978129,1.056934,1.1050268,1.0739079,1.0708117,1.0732863,1.0816844,1.0857521,1.1044751,1.0742669,1.0791752,1.0798719,1.0842918,1.1122983,1.0447508,1.0847919,1.0881125,1.0884713,1.0877817,1.065573,1.0771375,1.0948884,1.0771526,1.1005895,1.0966446,1.1006552,1.081383,1.1002028,1.0698647,1.0677413,1.0715653,1.0804371,1.1010095,1.0751765,1.0891796,1.0908982,1.0792098,1.0781076,1.0936944,1.0707384,1.0744803,1.0864736,1.0810034,1.081712,1.0904988,1.0881356,1.0862595,1.0660052,1.0840068,1.0861512,1.101089,1.0660752,1.0911912,1.0750808,1.0971495,1.0943615,1.0704337,1.0810807,1.0667753,1.0812992,1.0732001,1.0713494,1.0907933,1.0889304,1.0862871,1.0670538,1.0725224,1.0863262,1.1011009,1.0794588,1.0715264,1.0661199,1.0771086,1.0787525,1.097117,1.0794375,1.066558,1.0789415,1.0864139,1.1037884,1.0845484,1.0904789,1.0835317,1.1021563,1.0652844,1.0894306,1.0877956,1.0796713,1.067247,1.0619414,1.0916097,1.081049,1.0881823,1.0980078,1.0593975,1.0942259,1.0857353,1.1025318,1.0574191,1.066152,1.0922323,1.0846151,1.0923632,1.0939951,1.0970718,1.1118662,1.0878328,1.083639,1.0689654,1.0818585,1.0760998,1.0803356,1.0840231,1.0879976,1.0774399,1.1030065,1.0896063,1.0790224,1.0765443,1.0716811,1.0812029,1.1007779,1.1016632,1.0845116,1.1136758,1.0808649,1.0695324,1.0711927,1.0789509,1.0866206,1.1000181,1.0876896,1.1050758,1.0667087,1.096427,1.0803041,1.0782802,1.0978216,1.081875,1.0864075,1.0925002,1.1080173,1.0795444,1.0721155,1.0691633,1.0763097,1.0918604,1.09088,1.0872669,1.0820678,1.0694542,1.085874,1.0848674,1.0992742,1.0706822,1.0898507,1.0802702,1.1008887,1.0771579,1.0996846,1.0703686,1.0882568,1.1109477,1.1139101,1.1087536,1.0833367,1.0953791,1.0802406,1.0826904,1.1001925,1.1060138,1.084359,1.1047665,1.0865297,1.0892371,1.1015007,1.07615,1.1084591,1.0737941,1.0681642,1.090546,1.0921073,1.0796365,1.085062,1.082353,1.0773829,1.0927728,1.0901054,1.1068951,1.0924742,1.1016796,1.100242,1.0843182,1.0825962,1.0912118,1.0941802,1.0936766,1.0690494,1.0699177,1.0984436,1.0648746,1.0619439,1.0853813,1.1002187,1.1081059,1.0831072,1.0776747,1.0876987,1.0873957,1.082661,1.0717285,1.056554,1.0816612,1.0787313,1.0705707,1.097702,1.0866464,1.1062403,1.0807173,1.0727891,1.0842129,1.0976516,1.0787693,1.0866406,1.0950156,1.0877591,1.0632405,1.0963995,1.1104403,1.0690855,1.1104141,1.0853012,1.0886264,1.0883476,1.0573382,1.0720749,1.0694203,1.0837939,1.1056023,1.0709448,1.0671179,1.0898587,1.097608,1.0935508,1.0738368,1.0743318,1.1074893,1.0707501,1.0852977,1.039519,1.0988126,1.0682077,1.0709095,1.077128,1.0821038,1.0943903,1.0899923,1.0974851,1.0934796,1.0983111,1.0778959,1.0935029,1.0920149,1.0669785,1.0787473,1.1026855,1.0767395,1.0662292,1.0791867,1.0761303,1.1020311,1.075933,1.0910426,1.1056842,1.0665078,1.0851984,1.0795159,1.0632017,1.0754144,1.086961,1.08876,1.0789789,1.068001,1.0922208,1.0624588,1.1037985,1.082814,1.0927286,1.089745,1.075289,1.0867757,1.0916842,1.0641222,1.0932992,1.0844717,1.0782851,1.0853206,1.0746568,1.0888776,1.0866523,1.0859249,1.101656,1.0885861,1.0819784,1.0681621,1.0738084,1.079337,1.0796334,1.0797518,1.0899107,1.0851845,1.0692174,1.0891072,1.1125729,1.0781827,1.0929661,1.0973328,1.0994984,1.0876874,1.0993098,1.0898468,1.0817286,1.0971378,1.0983353,1.095362,1.0893909,1.0766708,1.0741757,1.0674719,1.0796185,1.0882112,1.0708011,1.0978328,1.0608929,1.0737888,1.1032666,1.0610731,1.0866833,1.088174,1.1007475,1.0857028,1.0757837,1.0711366,1.118235,1.074847,1.0958884,1.082933,1.089107,1.0822788,1.0980375,1.0890499,1.0933131,1.1035576,1.074251,1.0710766,1.0836217,1.1020975,1.0899545,1.0737661,1.0829939,1.0869892,1.0955471,1.0942794,1.0983666,1.070729,1.0691023,1.0734717,1.0731686,1.0919757,1.0702741,1.0884715,1.1103399,1.0755546,1.0845711,1.0668067,1.0751742,1.1053402,1.0710559,1.0722845,1.0751929,1.0881064,1.083116,1.0688102,1.0787607,1.0813097,1.0667168,1.065767,1.0968981,1.092456,1.0745647,1.100387,1.092937,1.06472,1.0684077,1.0772252,1.0952882,1.0567961,1.0683029,1.0770087,1.0803107,1.093933,1.0807009,1.0979714,1.0778137,1.0876935,1.1069385,1.0881188,1.0855012,1.1085846,1.0649867,1.0840554,1.0841808,1.0816712,1.068613,1.0908972,1.0647548,1.0852919,1.0824019,1.073599,1.0589681,1.0774862,1.0782514,1.0982225,1.1000572,1.0691395,1.1048433,1.0766342,1.074503,1.0558535,1.0456941,1.0904819,1.1103004,1.1082923,1.0690783,1.0876267,1.091409,1.0763658,1.1043749,1.0806414,1.0778401,1.0717523,1.073709,1.1116134,1.0967026,1.0976163,1.1056871,1.0754635,1.0833839,1.0906924,1.1024579,1.0725935,1.0873404,1.0923331,1.0655551,1.1045573,1.0948789,1.0560191,1.0824324,1.0848966,1.0935194,1.1134971,1.0727401,1.0895927,1.0412023,1.0705365,1.0844105,1.0845443,1.0858232,1.0872045,1.0719239,1.1019554,1.0818869,1.086076,1.0687056,1.0974523,1.0650629,1.0648559,1.0737833,1.0993109,1.1117579,1.0599844,1.0690479,1.085511,1.0983632,1.0768331,1.0607265,1.0734546,1.0973743,1.0955418,1.0847872,1.0890307,1.0957478,1.0931178,1.0781999,1.102452,1.0921419,1.0696989,1.0800953,1.0664477,1.0684521,1.0814674,1.0940661,1.0884562,1.080038,1.0737696,1.0973934,1.0826881,1.0814884,1.0844855,1.0982021,1.0716033,1.0756558,1.0888987,1.1032104,1.0782043,1.1050569,1.0840762,1.0839776,1.0706116,1.1060988,1.0739659,1.0731037,1.101607,1.0670732,1.0787082,1.07245,1.0761704,1.0700642,1.0991633,1.0747541,1.1068873,1.0691206,1.0851092,1.0934007,1.065253,1.082064,1.0936171,1.0899429,1.0835116,1.0605848,1.0895262,1.0951781,1.075196,1.0629599,1.074149,1.0797721,1.1081233,1.0930169,1.0834304,1.0761759,1.0823472,1.0816786,1.0874065,1.0922916,1.0717796,1.0968822,1.0631453,1.0814093,1.0838523,1.0679492,1.1161487,1.0999916,1.0989534,1.083818,1.1030642,1.0828335,1.0657804,1.0699373,1.0925376,1.1040996,1.0938784,1.090405,1.0836253,1.0663469,1.0957496,1.0711731,1.0646645,1.0911164,1.0669051,1.0933366,1.1076428,1.0904261,1.0852567,1.098777,1.0623896,1.1103625,1.1013101,1.0897456,1.0668982,1.0730605,1.1012144,1.0968646,1.0914876,1.0785327,1.0901319,1.0915955,1.0801588,1.0693585,1.0878524,1.0817537,1.0753381,1.1095518,1.0558751,1.0994984,1.0678824,1.0855149,1.0820559,1.0918225,1.069567,1.0741179,1.0922916,1.0913852,1.10308,1.0785289,1.0550715,1.0762053,1.0938759,1.0978163,1.0844512,1.0674926,1.0709096,1.1023036,1.0744137,1.0810313,1.0902191,1.088014,1.0912575,1.0742818,1.0717913,1.0970033,1.0600487,1.0883237,1.09895,1.07823,1.0703696,1.0786436,1.0901836,1.0553751,1.091497,1.0961267,1.0717808,1.0751224,1.1227006,1.0852377,1.0890076,1.0783004,1.0757159,1.0678188,1.091621,1.069471,1.0793173,1.0819874,1.0643761,1.0958565,1.0811934,1.1010671,1.0848868,1.0959722,1.093244,1.1025687,1.0748085,1.0782894,1.0816138,1.0879977,1.0897667,1.0851665,1.0821562,1.0707726,1.0669769,1.0739889,1.1009874,1.0810835,1.0887811,1.1226515,1.0946687,1.1068549,1.0613825,1.0917016,1.0838356,1.0857663,1.090532,1.0731057,1.0679333,1.0964984,1.0801101,1.0692626,1.0907352,1.1039349,1.075869,1.0861813,1.0750428,1.0945033,1.0742736,1.0870212,1.0895408,1.1022866,1.084506,1.0641562,1.0891405,1.0788963,1.0421653,1.0905238,1.0996249,1.1078432,1.0911831,1.0863397,1.0811954,1.0943509,1.0763228,1.0845143,1.0934036,1.0753708,1.0834502,1.0877784,1.0665779,1.0613651,1.0981998,1.0785371,1.0872573,1.082347,1.0773574,1.1085286,1.0634142,1.0977528,1.082722,1.0970887,1.1135964,1.0981871,1.0768459,1.0825872,1.0728575,1.0767751,1.084917,1.0978491,1.1019795,1.090172,1.0952514,1.0880212,1.1005388,1.0875534,1.0973217,1.1008985,1.0934682,1.0907525,1.0862753,1.0689994,1.0958781,1.0616498,1.0806432,1.074887,1.0633453,1.1013298,1.081914,1.0644635,1.074101,1.0850487,1.082073,1.0861173,1.0850255,1.0936031,1.085002,1.083543,1.1234657,1.0750717,1.0839597,1.0772362,1.1225357,1.0804003,1.1060215,1.0869459,1.0703382,1.0729675,1.0717509,1.0608122,1.1038556,1.0785385,1.0694989,1.0723492,1.0921086,1.0925508,1.0876857,1.1035588,1.055955,1.1075109,1.0686762,1.0945171,1.0881397,1.0766761,1.0795801,1.063104,1.0670058,1.0993071,1.0890365,1.0916883,1.0580814,1.0791109,1.0786757,1.089724,1.0813396,1.0904399,1.1001657,1.0681958,1.115824,1.094793,1.0534289,1.1088148,1.0852492,1.0878329,1.049954,1.0776778,1.0853211,1.0816514,1.0925597,1.0915178,1.0710068,1.0645936,1.084551,1.0859668,1.0894164,1.075523,1.0934968,1.0829514,1.0873011,1.0881792,1.0706776,1.0853709,1.0874424,1.0886853,1.0875815,1.1097493,1.0708019,1.073037,1.0904341,1.0923712,1.0874128,1.0774046,1.0943738,1.076851,1.0840127,1.0955359,1.0908768,1.0907402,1.0572232,1.0842066,1.0889295,1.0818611,1.0982428,1.090367,1.0812161,1.0700389,1.0862231,1.0892259,1.0799884,1.0927477,1.0867883,1.0658323,1.0899614,1.0660172,1.0598934,1.0797058,1.0830216,1.0729848,1.0959083,1.0806484,1.0830342,1.0891253,1.0853711,1.070016,1.0723605,1.0907729,1.0899493,1.0874848,1.0878292,1.1124645,1.0892515,1.0718824,1.0839218,1.0754135,1.0867083,1.0737427,1.0882969,1.075953,1.0831121,1.1082872,1.0706897,1.0738868,1.0918504,1.0823404,1.0894357,1.1007072,1.093228,1.0898415,1.0861396,1.0895703,1.0949808,1.0975976,1.1032329,1.0868331,1.0833985,1.0862981,1.1048552,1.0840703,1.0721409,1.0734589,1.0519979,1.0898994,1.1034236,1.0944052,1.0940094,1.0724792,1.100659,1.0752417,1.0818313,1.086494,1.0712347,1.098804,1.0638754,1.0762273,1.0819789,1.0771933,1.0825307,1.081568,1.1131657,1.0545589,1.0817893,1.0919396,1.0845463,1.0762582,1.0598646,1.107605,1.0906011,1.0791727,1.0859932,1.080693,1.0641838,1.1050452,1.0868446,1.0726424,1.1018338,1.0699805,1.0894433,1.0796016,1.0857066,1.0816408,1.0993322,1.0950583,1.0961862,1.0671972,1.0908575,1.0991282,1.0768343,1.0869385,1.0919522
1.31875,1.317842,1.3245304,1.3402631,1.3291718,1.3243115,1.3317358,1.3259217,1.3101212,1.3110514,1.3169341,1.3158005,1.3200312,1.3070391,1.3119556,1.327781,1.3156297,1.3179528,1.3344115,1.3130193,1.3062998,1.3150705,1.2970036,1.3237365,1.3311524,1.2985411,1.341407,1.2966828,1.3318535,1.3279902,1.3379905,1.3172793,1.3425128,1.3229617,1.2784587,1.3117118,1.3137263,1.3303066,1.3033178,1.3031298,1.3102379,1.3136947,1.3135635,1.3324522,1.3065971,1.3267108,1.3280836,1.3069484,1.3231051,1.3325343,1.3148829,1.320479,1.3164513,1.3062559,1.2989641,1.3447858,1.3099506,1.3155087,1.3348325,1.3056085,1.3423711,1.2777522,1.3197708,1.3254263,1.3169261,1.3300904,1.317416,1.3223515,1.319995,1.313812,1.3150902,1.2968733,1.3374543,1.3391095,1.3248143,1.3367662,1.2970592,1.3215742,1.3168404,1.3424871,1.3083518,1.3422849,1.311712,1.3127489,1.3014709,1.3039697,1.2982923,1.3132931,1.3214216,1.3274093,1.308737,1.3202723,1.3055353,1.3216598,1.330378,1.3279902,1.3202647,1.3277848,1.3130178,1.3206191,1.3145151,1.3049613,1.3209182,1.3058016,1.3272614,1.3325965,1.3208457,1.3190335,1.3256553,1.3373709,1.3380849,1.3257259,1.307632,1.3168681,1.317974,1.3271927,1.3241787,1.3215047,1.3196769,1.3350687,1.3257396,1.3021615,1.3142431,1.2986307,1.3200103,1.3255489,1.3084465,1.3266906,1.3273411,1.3198037,1.3124558,1.3199233,1.320296,1.3233888,1.3010435,1.3068932,1.3130784,1.2994213,1.3356547,1.3206363,1.3342128,1.2926352,1.3141506,1.3251532,1.3240465,1.3246831,1.3235148,1.3379246,1.3208833,1.3221613,1.3138081,1.3261545,1.3249229,1.3275644,1.3223217,1.3254082,1.3022211,1.295728,1.3209759,1.2933835,1.3217981,1.3035359,1.3346372,1.3486232,1.3202449,1.3280677,1.3133734,1.3420855,1.316787,1.3325906,1.3230497,1.3143626,1.3313227,1.3348163,1.312481,1.315252,1.3022699,1.3323971,1.3167356,1.3412224,1.3262557,1.3188571,1.3329364,1.2987468,1.3204834,1.3164645,1.327636,1.3438423,1.3341149,1.2909888,1.3167523,1.2969612,1.3186249,1.3345286,1.3006836,1.319559,1.318159,1.3121624,1.3044174,1.3130064,1.3285339,1.3078904,1.3038411,1.3478528,1.321681,1.3361418,1.3234943,1.3007534,1.3332019,1.3530829,1.3229846,1.3191081,1.3028042,1.3269984,1.3106565,1.3081055,1.3128616,1.3099298,1.295396,1.3010178,1.337846,1.3289356,1.317325,1.3103434,1.31928,1.3127013,1.3338778,1.3139013,1.3230642,1.3100528,1.3316693,1.3315371,1.3327686,1.3223639,1.338577,1.3148259,1.3258271,1.32977,1.3448939,1.3237963,1.3364377,1.2959104,1.3243059,1.3207505,1.3063494,1.3190715,1.3273425,1.3214287,1.3026669,1.3112453,1.3211514,1.3247356,1.3162853,1.3059856,1.3254588,1.3130237,1.3215961,1.3339878,1.3416798,1.3222023,1.301278,1.3141809,1.3241181,1.3093456,1.3242759,1.3161683,1.305583,1.315409,1.3168073,1.3213478,1.3168834,1.3129303,1.3295054,1.3180052,1.3132484,1.3246002,1.3160787,1.333975,1.3215672,1.3321879,1.3288704,1.313997,1.3217342,1.3226262,1.3147769,1.3353531,1.3236156,1.3173691,1.3062671,1.3264372,1.3236692,1.3098625,1.331536,1.3191454,1.3224171,1.3161957,1.3012526,1.3331794,1.3168235,1.3240768,1.3116176,1.3089827,1.3110698,1.3239404,1.3245426,1.3229028,1.3363591,1.3134309,1.3115859,1.315797,1.3311573,1.3153021,1.3295358,1.3327663,1.3347127,1.3169278,1.3096998,1.3254751,1.3202895,1.2932968,1.3163226,1.3264848,1.307996,1.3152951,1.3265889,1.332738,1.3171544,1.3086712,1.3220483,1.3155643,1.3553984,1.2842147,1.3180033,1.3356619,1.326512,1.3154708,1.3185544,1.3132212,1.3047303,1.3046548,1.3220651,1.2909698,1.3407085,1.3131613,1.3143246,1.3161436,1.334383,1.3394929,1.3147209,1.3084241,1.3226427,1.3300133,1.3376062,1.3146983,1.2991613,1.3140985,1.3148339,1.2980444,1.3126435,1.3271835,1.3164374,1.3135372,1.3126588,1.3046374,1.3121736,1.3043616,1.3328744,1.3272175,1.3243152,1.3270504,1.3176066,1.3103212,1.326043,1.3282707,1.296231,1.321325,1.3058736,1.3387241,1.3137665,1.317855,1.3298029,1.318334,1.3191528,1.3339446,1.3016907,1.3124075,1.3145776,1.3134608,1.2989542,1.3185338,1.3284827,1.3079009,1.3097792,1.3180103,1.3165525,1.3264349,1.3352695,1.3130969,1.3331398,1.3211297,1.3090578,1.3163406,1.3159057,1.3459996,1.3203721,1.3210045,1.3191442,1.3262165,1.3043826,1.3325384,1.3229884,1.3038125,1.310679,1.3387558,1.3138208,1.315346,1.3169488,1.3331355,1.3178617,1.2865157,1.3072231,1.3360661,1.3236368,1.3306649,1.3062537,1.3113872,1.3217521,1.3245882,1.3134468,1.3142295,1.3099205,1.329181,1.3161128,1.3122023,1.3282952,1.3180797,1.3117181,1.3079193,1.3213869,1.3212165,1.3191056,1.3212272,1.3074323,1.3359008,1.3262459,1.2774059,1.3232845,1.3193628,1.3148531,1.3149266,1.3167872,1.3208088,1.320415,1.3303277,1.3078426,1.3325859,1.3022144,1.3291603,1.3098428,1.3246146,1.2904474,1.3241185,1.3176652,1.307235,1.3128074,1.334858,1.3030165,1.3088881,1.3233762,1.3340403,1.3454082,1.3225837,1.3192399,1.3257508,1.3047932,1.3051841,1.2947465,1.3142334,1.311599,1.3157722,1.3154558,1.3282007,1.3183864,1.3413464,1.3280578,1.3441244,1.3121288,1.3334136,1.3170621,1.331992,1.3238394,1.3315235,1.3126776,1.3216022,1.3302729,1.3262241,1.3273413,1.3221714,1.3173318,1.309072,1.3187994,1.3273709,1.3237615,1.2844471,1.323301,1.31229,1.3120754,1.3364923,1.3061639,1.2981557,1.3141333,1.3206407,1.3175445,1.3160495,1.3071097,1.3307971,1.3210007,1.3453096,1.3086991,1.3340667,1.300353,1.3230507,1.3245356,1.3075204,1.3313965,1.3202152,1.3117936,1.3156908,1.3017752,1.3189692,1.3455579,1.3005766,1.3212517,1.3319305,1.3279332,1.3193258,1.3011023,1.3120602,1.3017783,1.3151227,1.3068893,1.3369765,1.3052391,1.3067423,1.3135456,1.2822914,1.2874823,1.3216419,1.3383057,1.3154273,1.3229344,1.2967914,1.3333946,1.313259,1.3217605,1.3218863,1.332326,1.3196077,1.3149344,1.3178517,1.3355483,1.3025473,1.3208967,1.3342277,1.313754,1.3086144,1.3296294,1.3140378,1.3266367,1.335583,1.3136184,1.3118896,1.3111244,1.3403406,1.3192223,1.328573,1.3143396,1.299561,1.3180381,1.3279026,1.3161167,1.3211151,1.3059008,1.33608,1.3191448,1.3071882,1.3234622,1.3345122,1.3053093,1.3205549,1.3321897,1.3115695,1.32105,1.3457396,1.3305378,1.3294946,1.3030256,1.3308527,1.3216282,1.3345528,1.3061955,1.3332002,1.3342476,1.3323802,1.3190986,1.3377984,1.3139325,1.3324257,1.3156326,1.3218096,1.3304828,1.3141006,1.3321555,1.3072428,1.3145252,1.3062027,1.3237654,1.3150077,1.3270104,1.3089647,1.33098,1.3114204,1.2981225,1.3109046,1.3062494,1.2932165,1.3168005,1.3254073,1.3262058,1.3160901,1.322022,1.3031597,1.3340545,1.34485,1.3144976,1.3198997,1.3315737,1.316429,1.3292419,1.3355992,1.3254006,1.3361136,1.3348659,1.3098457,1.3124216,1.332539,1.2968146,1.3075311,1.3225788,1.3139958,1.2957911,1.3035531,1.3154235,1.3137397,1.3182901,1.3196883,1.2962267,1.3251517,1.3027941,1.327544,1.3244393,1.3202003,1.321959,1.2998568,1.3399518,1.3150204,1.3172644,1.2973013,1.3062546,1.3098311,1.3293049,1.3372681,1.3194332,1.3322465,1.3147652,1.3165863,1.3072927,1.3184443,1.3263242,1.3248726,1.3259715,1.3180496,1.309909,1.307954,1.3163724,1.324776,1.3194673,1.3255241,1.3254689,1.3230933,1.3173666,1.3154423,1.3315389,1.310937,1.333691,1.3309344,1.306189,1.3213701,1.3181282,1.3223666,1.3217843,1.3229886,1.3049042,1.3142834,1.3256131,1.3323522,1.3268436,1.3071291,1.3239048,1.3031515,1.3233887,1.3147359,1.3118894,1.3347592,1.3021739,1.3206533,1.3111933,1.3331301,1.3252789,1.2890687,1.3418633,1.3470292,1.3321551,1.2927165,1.3456712,1.329099,1.3091345,1.3172226,1.3031253,1.3007951,1.3187661,1.3105012,1.3056839,1.3403244,1.3131442,1.2865757,1.3149147,1.3231748,1.3207512,1.2994258,1.3178126,1.2911727,1.348435,1.3097986,1.3046643,1.3291787,1.3535836,1.3038905,1.3041624,1.3115267,1.3243295,1.3254654,1.3106811,1.303611,1.3309457,1.3040637,1.3203772,1.3307697,1.3236123,1.3229637,1.3036822,1.3116121,1.2827857,1.3364767,1.3295611,1.3189232,1.3222383,1.3304082,1.330336,1.3242743,1.3025852,1.3267366,1.3262235,1.3104043,1.3124969,1.3300226,1.3281525,1.3381008,1.3043865,1.3122432,1.3199453,1.2976288,1.3112677,1.3131522,1.3058442,1.3362849,1.3042831,1.324569,1.3500661,1.3213148,1.3237485,1.3365924,1.3083764,1.3087579,1.3015784,1.3203735,1.3163567,1.3232888,1.3128287,1.3178203,1.3286154,1.2965559,1.3107079,1.313762,1.322389,1.3227059,1.3206201,1.3122996,1.3159328,1.3450876,1.3081923,1.3011996,1.3202322,1.3443465,1.3253489,1.3144219,1.3306808,1.3161532,1.3071591,1.318107,1.307743,1.3258336,1.3410702,1.3134362,1.309141,1.2999557,1.3239255,1.3246421,1.3335437,1.3334172,1.3308703,1.3157852,1.3132539,1.2883832,1.3234212,1.306585,1.3227719,1.3107336,1.31245,1.308296,1.3279172,1.3220036,1.3312154,1.3174325,1.3245456,1.3123393,1.3299557,1.3292009,1.3161564,1.3400404,1.3429458,1.3120527,1.3237824,1.3283776,1.3180845,1.310243,1.3042269,1.2976749,1.3164955,1.3127469,1.3196889,1.2942269,1.324934,1.3306888,1.3324534,1.327299,1.312283,1.337129,1.3050284,1.3200748,1.3350468,1.3301014,1.3122046,1.3286359,1.3392471,1.3152494,1.325664,1.3055086,1.3004503,1.3189641,1.3134764,1.3114972,1.3254226,1.2913997,1.324822,1.3129492,1.302121,1.3315077,1.3189702,1.3255914,1.3002796,1.3048527,1.3126221,1.3166548,1.313483,1.3078969,1.3021737,1.3116219,1.324527,1.3385842,1.3369448,1.3203537,1.3230484,1.3297051,1.2974914,1.327065,1.3281548,1.3041565,1.3141218,1.3371457,1.3085139,1.3125288,1.3242983,1.3164924,1.3020706,1.3074303,1.3300647,1.3076859,1.3231676,1.3175879,1.3492315,1.3191468,1.3468571,1.323949,1.3107204,1.3389554,1.3035185,1.3288745,1.329141,1.3181741,1.340109,1.3190441,1.3025497,1.3214056,1.3215977,1.3195812,1.321035,1.3262311,1.3114933,1.3238385,1.3211863,1.2899333,1.3244365,1.3390625,1.3263917,1.305285,1.3178469,1.3231654,1.3101903,1.3232812,1.3346287,1.3239534,1.3276129,1.3276993,1.3355567,1.3155878,1.3115591,1.3141508,1.3074553,1.3128331,1.3195488,1.3323947,1.3223268,1.3150698,1.3361213,1.3081595,1.3154148,1.3176241,1.3116416,1.337746,1.2864987,1.3344032,1.3233005,1.3272915,1.3264912,1.3133332,1.2885834,1.3212969,1.2944381,1.3346671,1.3020321,1.3087507,1.338929,1.3059189,1.3154558,1.3106208,1.3204383,1.3009567,1.3375186,1.3237101,1.3186891,1.3097044,1.3154384,1.3211112,1.3093334,1.3103833,1.3264567,1.2968401,1.3030574,1.3532225
0.65986526,0.67875886,0.66580474,0.65552074,0.65375054,0.64386225,0.6655633,0.6553574,0.67278266,0.663952,0.65145,0.6690642,0.6694019,0.6637647,0.6826547,0.65921277,0.64152503,0.66520524,0.63659215,0.68053687,0.6506763,0.6835068,0.69512874,0.67081106,0.6633884,0.67451423,0.6727418,0.70135933,0.6630426,0.6523411,0.6764879,0.6805974,0.6650858,0.65002316,0.6857703,0.6727761,0.6633467,0.66883296,0.6622624,0.6663261,0.66384953,0.6578576,0.6408332,0.64292043,0.6341576,0.67013055,0.6629904,0.667684,0.63343954,0.62702304,0.64784694,0.6872828,0.67466295,0.647384,0.6640401,0.68371993,0.65241593,0.650958,0.67329025,0.6747714,0.67710924,0.6678289,0.6733771,0.67626953,0.6442342,0.6811739,0.6578411,0.6610883,0.6682425,0.68711716,0.6520846,0.6390157,0.6699849,0.638554,0.64121914,0.65136445,0.669592,0.6902276,0.6531578,0.6612881,0.64789563,0.6462761,0.64592665,0.66308075,0.6729725,0.67892456,0.655091,0.63919526,0.6571584,0.6692042,0.65770197,0.6530489,0.66991925,0.65081775,0.63751966,0.6507793,0.63651687,0.64410025,0.6670146,0.6734166,0.66882145,0.6843854,0.66335696,0.64275366,0.6631222,0.65386826,0.66795594,0.67037183,0.65979797,0.6621736,0.65966594,0.66794354,0.6686954,0.66417176,0.6696624,0.6605753,0.65989935,0.68196946,0.65682125,0.65486515,0.6517825,0.66813755,0.67697316,0.64900357,0.66624963,0.6386156,0.6687125,0.6675496,0.6457958,0.664316,0.6809066,0.6468957,0.6673851,0.66823876,0.652581,0.67682445,0.67756,0.65572566,0.6664046,0.6438898,0.6594521,0.6538317,0.678157,0.6608423,0.6524635,0.64767295,0.65038866,0.66883314,0.65693194,0.673816,0.6797525,0.648306,0.66180193,0.6438059,0.6547216,0.6539994,0.6576652,0.6578845,0.66695356,0.6738241,0.65420926,0.6610093,0.6615004,0.64372534,0.68660504,0.6601579,0.6497216,0.6642156,0.6567959,0.67646635,0.65682375,0.66254944,0.6626117,0.6491018,0.65039843,0.6405586,0.6586246,0.6743437,0.67050487,0.678647,0.65650105,0.6636198,0.640706,0.66568816,0.65757823,0.66412926,0.6774815,0.68220454,0.6486962,0.65666515,0.6631007,0.6702618,0.67482924,0.6602422,0.67630345,0.6481586,0.6804102,0.6630108,0.65009075,0.65061253,0.6604077,0.6525827,0.66579217,0.66722846,0.6700497,0.6601588,0.67452294,0.67185915,0.66807115,0.67271036,0.686938,0.6645738,0.6725807,0.6710396,0.6592192,0.67392915,0.6702619,0.6727247,0.67152697,0.66213846,0.6875594,0.67478544,0.6764281,0.6365495,0.65336114,0.6828557,0.6745221,0.665614,0.6661774,0.6624446,0.66524625,0.6823054,0.6538391,0.6520816,0.6531591,0.6536721,0.65859395,0.6479672,0.6429889,0.64222306,0.6549342,0.68796027,0.6426307,0.6604345,0.6766763,0.672316,0.6599153,0.6635999,0.65945524,0.6575152,0.6615543,0.6626812,0.6544373,0.6735275,0.6558648,0.67100024,0.66276866,0.64293015,0.6352695,0.6474987,0.6341642,0.66009676,0.64848113,0.64237636,0.68825406,0.66242296,0.65713674,0.6611757,0.6567221,0.6606123,0.67187023,0.66466755,0.65011454,0.6253566,0.66373974,0.6645601,0.6508943,0.6619102,0.6462679,0.6668875,0.66215616,0.6521194,0.6783842,0.66742563,0.6503027,0.63563156,0.6779871,0.67947066,0.64928585,0.66167885,0.6562136,0.6599656,0.6484277,0.6737611,0.6489901,0.67181045,0.66744626,0.6579262,0.65105367,0.660457,0.6678114,0.6610161,0.63942677,0.6691063,0.6611123,0.6550997,0.644223,0.65960723,0.6546886,0.66827846,0.66129816,0.6604289,0.65669537,0.65103865,0.6651364,0.63670087,0.6587412,0.65226376,0.6631388,0.6798359,0.6667969,0.65664065,0.6699406,0.656107,0.6711027,0.670332,0.6550862,0.6727582,0.6577772,0.65521646,0.64408237,0.6743203,0.6733207,0.6674891,0.6690067,0.68194854,0.6468329,0.67041415,0.641911,0.65404105,0.64354444,0.6857693,0.66204953,0.6532654,0.6626212,0.66549635,0.6502702,0.6726697,0.6671851,0.6917319,0.6418948,0.67088467,0.67204684,0.6495335,0.67797285,0.6868504,0.6649311,0.66652083,0.662546,0.6524486,0.6583791,0.6680365,0.672321,0.67633486,0.6632653,0.67698747,0.67384255,0.64671075,0.661747,0.66863424,0.6464186,0.6728351,0.6547669,0.6399961,0.6528143,0.6382046,0.6727731,0.6483094,0.65749145,0.6798095,0.6347972,0.6455691,0.6748553,0.66282743,0.6873507,0.67392975,0.6713151,0.67278266,0.68565506,0.6648857,0.65812695,0.6435524,0.6704094,0.6599038,0.6535711,0.65001684,0.64908975,0.66798437,0.654548,0.65096056,0.6779352,0.65571916,0.6633893,0.63178086,0.65809053,0.6665566,0.6540693,0.6543906,0.6746074,0.66708755,0.6731285,0.6837674,0.66924495,0.6582709,0.666733,0.68194044,0.66096383,0.6568965,0.68311214,0.65254945,0.65445614,0.6817271,0.6844093,0.663932,0.6788779,0.63792527,0.6714886,0.68091637,0.6475884,0.65708977,0.66634405,0.6718343,0.66399384,0.67610407,0.65328014,0.66339135,0.6650808,0.65927166,0.66568804,0.6435103,0.6659033,0.63927567,0.6616882,0.64608103,0.6541254,0.6756738,0.6816455,0.67831796,0.6473601,0.65370494,0.6691381,0.67455405,0.6836443,0.6376664,0.65361226,0.6645323,0.67026556,0.6336312,0.67496073,0.6668059,0.6801866,0.6417148,0.6724658,0.66392714,0.6634104,0.66770506,0.6676274,0.6523976,0.6625861,0.6506648,0.6526984,0.6636004,0.6574402,0.65922016,0.657926,0.652568,0.65212065,0.65992355,0.65781206,0.66406393,0.653471,0.64910364,0.66225487,0.65573704,0.64018655,0.6558898,0.66314596,0.6554135,0.6791012,0.68108016,0.65719414,0.6584793,0.64963484,0.65472925,0.6682909,0.68823713,0.6870425,0.66201514,0.66022176,0.679015,0.6570927,0.66103995,0.67497844,0.6811623,0.6292288,0.661149,0.6906496,0.6670797,0.67665285,0.6855625,0.67056525,0.66347706,0.6595443,0.669927,0.6604585,0.6701176,0.6683996,0.64649725,0.644469,0.66079485,0.6547721,0.6789361,0.6646592,0.6551694,0.63776326,0.64223266,0.66106594,0.6695426,0.6798672,0.67828435,0.6575429,0.6801631,0.6666482,0.6760189,0.6656352,0.66721666,0.649747,0.67697185,0.660371,0.6432487,0.65182406,0.65743726,0.65897506,0.65747297,0.66545457,0.6513621,0.6837661,0.63313884,0.6610849,0.67015284,0.66512346,0.6738949,0.65266335,0.6294204,0.65630406,0.6648164,0.6588288,0.6524159,0.6864557,0.6608018,0.65918154,0.6775712,0.65046966,0.6502707,0.65764475,0.66751313,0.6745755,0.66012466,0.66668576,0.6611141,0.65498054,0.6900912,0.66033214,0.6589763,0.6655816,0.6611391,0.6743919,0.677614,0.65131223,0.66185236,0.6401617,0.64241695,0.6529981,0.66195214,0.66586,0.6481125,0.6720419,0.6715612,0.6695553,0.6632948,0.6609358,0.68012804,0.67454445,0.6571025,0.6508606,0.66482663,0.67374265,0.68792534,0.65050554,0.64574784,0.65937924,0.6509879,0.65103525,0.6397419,0.6794813,0.6764788,0.68381804,0.6661839,0.65677685,0.683128,0.65578187,0.6738318,0.6928405,0.687363,0.653871,0.6619011,0.6809772,0.68024313,0.64875144,0.68580246,0.6714986,0.6520611,0.665073,0.66318035,0.6683885,0.66691244,0.67176133,0.6405717,0.66641957,0.6680328,0.66664815,0.6421672,0.6797103,0.6687567,0.6485518,0.669486,0.6676608,0.6505143,0.66579115,0.67254627,0.67135274,0.6593278,0.66986305,0.69203067,0.6641738,0.6316013,0.6475295,0.66795033,0.6447547,0.6675796,0.6727017,0.680574,0.6752225,0.6696384,0.64614534,0.68034923,0.66337943,0.6220224,0.68707687,0.655386,0.6454355,0.6669743,0.65177083,0.67172205,0.6761297,0.6809709,0.6446132,0.65699124,0.684224,0.6653551,0.67549515,0.6698357,0.6606744,0.6622169,0.6421487,0.6736472,0.6482818,0.64154524,0.67846435,0.6660902,0.65999997,0.6574442,0.67394656,0.65653735,0.6664326,0.6680511,0.66645694,0.6843192,0.66830903,0.6738763,0.6705513,0.6688483,0.67409354,0.6605358,0.656816,0.6634672,0.6613507,0.64954334,0.6797267,0.68565434,0.6615148,0.6682771,0.67235565,0.6591978,0.66347617,0.65112615,0.6600897,0.6715048,0.65167964,0.6534963,0.6787869,0.6761765,0.68688524,0.6503134,0.6698812,0.66261274,0.6502952,0.6525707,0.6510391,0.67369545,0.656487,0.6731174,0.6645933,0.65078044,0.64493644,0.6449603,0.6662171,0.6609475,0.65128064,0.6609098,0.67316765,0.6444601,0.6245155,0.6521766,0.6434733,0.6681815,0.66441345,0.6611195,0.67291313,0.6667503,0.67752796,0.6668423,0.65900594,0.6418427,0.6606634,0.6790596,0.64182556,0.6408533,0.65551335,0.6681746,0.6686194,0.67081845,0.65297234,0.6539121,0.6609582,0.68621576,0.67911416,0.65372205,0.6547633,0.6561574,0.66939265,0.6718216,0.66724527,0.6469455,0.6545353,0.6695209,0.6696712,0.64774716,0.6651267,0.6529755,0.6508711,0.67371535,0.66989404,0.6556392,0.6622278,0.6712695,0.6566245,0.663501,0.6589749,0.65408623,0.6579586,0.66346514,0.6667907,0.6578872,0.66756403,0.64878017,0.66580755,0.67001945,0.6580054,0.6644048,0.6427002,0.6863257,0.6650309,0.6670016,0.66761374,0.65142906,0.6459671,0.65950763,0.67114913,0.67342657,0.6564277,0.66269624,0.6570461,0.6690921,0.64892966,0.64787245,0.6790582,0.6665695,0.6343768,0.644862,0.65769106,0.6498932,0.6585406,0.65559447,0.6651982,0.67069906,0.637509,0.6540354,0.6582792,0.66563517,0.6567868,0.6593185,0.676207,0.6560706,0.6366668,0.67296463,0.67034256,0.6611492,0.66189086,0.66583306,0.66312563,0.65789413,0.65716964,0.65636885,0.6603377,0.6725855,0.651894,0.6645976,0.6524216,0.66096926,0.6508043,0.6423278,0.6546575,0.666279,0.68178463,0.68169385,0.6657072,0.64526343,0.66844314,0.6699245,0.6705458,0.6552064,0.68114966,0.6748189,0.65402937,0.66220653,0.6704982,0.6521216,0.6617377,0.6505832,0.66977763,0.69555897,0.666876,0.694795,0.69093776,0.65973353,0.6808088,0.67152905,0.6587201,0.67181885,0.65194273,0.6464163,0.6506549,0.65339017,0.65552586,0.6721775,0.66274846,0.6639516,0.678052,0.6491532,0.65984523,0.66811776,0.650555,0.64822036,0.6460546,0.6665538,0.6637062,0.6558558,0.67005265,0.65161943,0.67333215,0.6574547,0.6546786,0.65139884,0.6564257,0.67562807,0.6662432,0.6961674,0.6701691,0.6578202,0.65485334,0.6591567,0.6584935,0.65170723,0.63492167,0.6798069,0.6709385,0.6409135,0.671613,0.62741834,0.65661657,0.6585402,0.68651885,0.678688,0.6664316,0.69100624,0.67789483,0.6628222,0.65542686,0.67269695,0.6513517,0.66080344,0.6556953,0.64029646,0.6626722,0.66076344,0.6702309,0.65594316,0.65568215,0.6630414,0.65785044,0.6539643,0.6880993,0.65987074,0.6663075,0.6665695,0.65887,0.670122,0.64569044,0.67332685,0.65609425,0.6926931,0.6612454,0.6552481,0.6835871,0.6579122,0.6329587,0.6532542,0.6676608,0.65841043,0.6617914,0.66550225,0.6281717,0.66535425,0.66035175,0.6796877,0.65386504,0.6534655,0.69004774,0.6604864,0.6615714,0.6366019,0.6758839,0.6772554,0.67422616,0.6334093,0.6665365,0.65658426,0.63828623,0.6692182,0.6868618,0.6553325,0.668439,0.6743488,0.6625948,0.67748666,0.6553466,0.67934805,0.65074444,0.6512526,0.6603038,0.6668943,0.6418736,0.6637963,0.6772403,0.6789618,0.6687245,0.6758744,0.66664416,0.6748834,0.66946924,0.6599528,0.6683554,0.6569807,0.6527109,0.7001209,0.64776206,0.6690119,0.6631714,0.6462666
