0.8205322,0.83197206,0.8189785,0.82057834,0.82193285,0.8217295,0.82734716,0.82529914,0.8306162,0.8207325,0.8118919,0.8262682,0.82569957,0.8182281,0.8221474,0.8247576,0.81685686,0.82627183,0.8333044,0.8164476,0.828007,0.8052633,0.81951845,0.822813,0.81002533,0.820634,0.8309761,0.81930006,0.8280437,0.8208149,0.8231788,0.82161516,0.8288252,0.83283854,0.8275638,0.8229937,0.8212688,0.8292623,0.82601476,0.8210887,0.81868184,0.83417845,0.8229162,0.8183293,0.827963,0.8181891,0.81998414,0.8154768,0.8230278,0.8190236,0.8359006,0.8370751,0.8181547,0.8236097,0.8419186,0.81726354,0.82541496,0.8195052,0.8265251,0.82169837,0.81690264,0.81898797,0.82336605,0.8192358,0.8216804,0.8275754,0.83329403,0.8312219,0.8319545,0.8261369,0.81422967,0.8288725,0.8249775,0.82373893,0.8289757,0.829848,0.8283223,0.8257773,0.8175182,0.8280332,0.8203063,0.818092,0.8179747,0.82282436,0.83309364,0.8215852,0.8220098,0.83501285,0.82284206,0.8275548,0.8206776,0.81211746,0.8214714,0.8165812,0.8161718,0.8114988,0.8202403,0.827506,0.82944685,0.82850915,0.825845,0.8221918,0.8216943,0.8230886,0.81818974,0.8311255,0.8105903,0.8286734,0.82544273,0.82386005,0.8203472,0.8280923,0.8228875,0.82277614,0.8179995,0.8210677,0.8281667,0.8304777,0.8199116,0.82668686,0.8189551,0.8275671,0.8173202,0.8241464,0.8244272,0.8259318,0.8218145,0.82434386,0.828697,0.82193094,0.8292191,0.8272487,0.82223356,0.8244987,0.81761634,0.8238548,0.81993484,0.8193143,0.81674117,0.8250295,0.82096785,0.82478565,0.81939507,0.82382506,0.821848,0.8167461,0.8252858,0.8279448,0.8164155,0.8189845,0.82832366,0.8281559,0.8199342,0.8231008,0.8287463,0.8214897,0.8244679,0.82085854,0.8244092,0.823957,0.8231559,0.8222303,0.8265528,0.81713766,0.8328139,0.81709045,0.82354945,0.8310839,0.8185709,0.8229247,0.82876813,0.82239366,0.8208673,0.8359032,0.83186173,0.81659895,0.82610935,0.8304163,0.83191717,0.8230042,0.81582373,0.82623357,0.82492864,0.8152155,0.82991004,0.8235678,0.8231829,0.81967527,0.8252299,0.82196313,0.82428676,0.8280334,0.83499634,0.8172609,0.82727885,0.82110626,0.82020396,0.8299665,0.8393554,0.8241835,0.8289932,0.8295223,0.8288348,0.8138762,0.81858623,0.8176064,0.81880504,0.8193632,0.8329367,0.8272896,0.8225595,0.81694555,0.8185351,0.81308097,0.82640177,0.8225702,0.8244608,0.8258165,0.8226655,0.8213365,0.8207079,0.8378181,0.82877743,0.82230085,0.8229243,0.8283293,0.82395387,0.8261702,0.81722105,0.8213796,0.8311884,0.8328841,0.8150397,0.82448775,0.8253204,0.821899,0.82510227,0.81668866,0.82506347,0.81933624,0.8320306,0.82204115,0.83110905,0.81789076,0.8342807,0.8187041,0.826314,0.8209982,0.826532,0.81348515,0.8211625,0.82041335,0.8268445,0.8259524,0.8281994,0.824944,0.82355094,0.8306755,0.8216608,0.8245965,0.82305783,0.82649183,0.813164,0.81410897,0.8205226,0.8232624,0.8258478,0.82539636,0.8231973,0.81996924,0.8364302,0.8209845,0.81864876,0.82337207,0.816563,0.8290032,0.82689726,0.82972014,0.8237234,0.82984895,0.8282945,0.8338024,0.82955337,0.82677346,0.8237089,0.82644486,0.8198847,0.8220656,0.8234142,0.82555574,0.83216834,0.8274933,0.8208491,0.8222757,0.8247786,0.81171954,0.82758445,0.8190879,0.8158089,0.8308259,0.8220844,0.82888544,0.82704204,0.8278136,0.81625336,0.8322116,0.8217387,0.82563627,0.8157666,0.8222155,0.8335598,0.8250041,0.8237886,0.8274701,0.83156127,0.8300157,0.81998545,0.81848323,0.82945234,0.82727534,0.81763935,0.81767035,0.8232544,0.82975817,0.80862266,0.82133293,0.8151483,0.81526804,0.8258584,0.81631064,0.8129972,0.81468356,0.82142615,0.83515894,0.827521,0.8265199,0.81814575,0.8245405,0.8239935,0.8213284,0.8151011,0.8223494,0.8170442,0.82290727,0.8263104,0.82729673,0.8236099,0.81705564,0.81208485,0.81850743,0.82540125,0.82177556,0.8274867,0.8194786,0.81643665,0.82420725,0.8190567,0.8388373,0.82599205,0.8284556,0.831353,0.8242949,0.8222923,0.8219869,0.8175501,0.8184839,0.82263863,0.8203255,0.82355314,0.81571317,0.8220362,0.8142036,0.8261958,0.83090496,0.81993085,0.8264626,0.81541944,0.82711715,0.8200906,0.82255834,0.8298248,0.822178,0.8257992,0.82188034,0.8289907,0.81508046,0.81475085,0.82738835,0.8199776,0.8256622,0.81874466,0.82597446,0.82125163,0.82057786,0.8274687,0.8290692,0.81561744,0.8212736,0.8207985,0.8167508,0.825655,0.8258185,0.8169132,0.8230799,0.82105345,0.8182712,0.82651037,0.81043875,0.8270785,0.82142097,0.8169361,0.82393646,0.8164506,0.8168095,0.83438337,0.8276206,0.8285221,0.82317305,0.8232084,0.82011664,0.83711135,0.82103175,0.8278728,0.8234968,0.821511,0.8115852,0.83137834,0.81464547,0.8223739,0.82246023,0.8204496,0.8166608,0.8245579,0.8271412,0.8167731,0.8301951,0.82725173,0.81881404,0.8149853,0.8198775,0.82299936,0.8219447,0.8265952,0.8205964,0.81715137,0.82363474,0.8151946,0.8188571,0.82797736,0.82772917,0.8207744,0.8205436,0.8155955,0.82972735,0.8275964,0.82474,0.82666355,0.82732815,0.8236091,0.8178625,0.82821476,0.8243072,0.8237923,0.8293549,0.8202654,0.81408995,0.82228345,0.823242,0.83614546,0.8234076,0.8265021,0.8225731,0.82082576,0.8260125,0.8236204,0.83053523,0.8171412,0.82437754,0.8317536,0.83025867,0.8282373,0.8271056,0.8292432,0.82771736,0.8319102,0.8219943,0.82153153,0.8184636,0.8238564,0.8146616,0.82316333,0.81905526,0.8333973,0.817369,0.81870306,0.8305979,0.8241486,0.81948364,0.82089615,0.8283632,0.8179894,0.82525194,0.8177164,0.8181273,0.8215483,0.82871646,0.82791334,0.81774247,0.8189892,0.8279827,0.82737404,0.815558,0.8235488,0.8252808,0.82784504,0.8230638,0.8104609,0.82851225,0.82339174,0.82218575,0.8239811,0.8251588,0.8174241,0.82296985,0.82282287,0.81988436,0.8301759,0.82409483,0.8239071,0.82432485,0.82213694,0.8147971,0.82858574,0.81795716,0.825189,0.8080805,0.82242405,0.82658625,0.826447,0.8233703,0.8185547,0.8294021,0.81833243,0.8204319,0.8229648,0.8310096,0.82557917,0.82098615,0.8256872,0.82090294,0.8219647,0.8256903,0.8314016,0.82430565,0.82514614,0.82701135,0.82462275,0.8207663,0.8137399,0.824775,0.82930857,0.8163696,0.82160753,0.8224012,0.81923586,0.8228068,0.8216062,0.8226875,0.82215405,0.82931316,0.8152053,0.82749385,0.82838875,0.82753074,0.8296119,0.81987286,0.817688,0.82678884,0.8215995,0.81714875,0.8231482,0.80947083,0.8230094,0.82089716,0.8257802,0.8157899,0.8234874,0.8171163,0.827804,0.8233857,0.8218039,0.82190144,0.82829493,0.8175244,0.8192002,0.8157479,0.8281865,0.8226897,0.8281377,0.81981945,0.8153807,0.82343614,0.83404374,0.8215732,0.8254599,0.8296012,0.82109094,0.8276874,0.82800746,0.821237,0.8327048,0.8218086,0.82241523,0.8220579,0.83186334,0.81330717,0.8279688,0.82364225,0.82787025,0.83125913,0.8242655,0.82590175,0.8254149,0.81836605,0.81289256,0.8167656,0.8220468,0.82403505,0.82118654,0.8242381,0.82826173,0.8297552,0.8272231,0.8158583,0.8319256,0.8300573,0.8251015,0.82289183,0.8226333,0.81729054,0.8217211,0.8178682,0.8189947,0.82044387,0.81446457,0.81599015,0.8173944,0.81980634,0.8214787,0.8210497,0.8279364,0.8300004,0.8283436,0.82170665,0.81998706,0.82392454,0.813486,0.8304261,0.8097741,0.82229096,0.8222824,0.82172716,0.81840694,0.8319016,0.8263264,0.8196639,0.820869,0.82346773,0.8220181,0.8198397,0.8307469,0.81805485,0.8261213,0.81927544,0.82128865,0.82327616,0.8204128,0.8224369,0.82850784,0.8208767,0.81412226,0.817773,0.8303643,0.82387745,0.8155482,0.8169408,0.8261983,0.82239145,0.8214216,0.8177372,0.8191377,0.8252519,0.8267877,0.8256102,0.8252158,0.8339627,0.82295203,0.82089794,0.8208704,0.82351965,0.8238422,0.8238537,0.8150686,0.8278971,0.8209327,0.8225417,0.80901796,0.8219948,0.8146753,0.8245388,0.82168347,0.8167561,0.8237442,0.8227332,0.81838465,0.8204904,0.8227051,0.8189756,0.8327046,0.8245419,0.82354,0.82156205,0.830262,0.8292491,0.82319343,0.8234114,0.8180071,0.81337404,0.8254885,0.8149126,0.8248663,0.82575524,0.82369167,0.82555723,0.829517,0.8230335,0.82168984,0.8165762,0.8273906,0.812392,0.8326328,0.8215441,0.82499915,0.8215398,0.82537997,0.81955177,0.82110906,0.82392013,0.82468235,0.82757306,0.820287,0.825704,0.8182091,0.8148713,0.82588434,0.8152559,0.8247906,0.81941456,0.83704126,0.8289059,0.82742274,0.8232119,0.81984216,0.8312559,0.8193042,0.8103441,0.8232898,0.8292531,0.83539635,0.8231989,0.8193888,0.8190175,0.8159611,0.818708,0.8306984,0.81817824,0.8223215,0.83075017,0.8260413,0.825848,0.8236146,0.8244878,0.8230526,0.8250366,0.8158804,0.82203704,0.8257589,0.8211923,0.8137055,0.8195828,0.82510364,0.83422446,0.8236179,0.8240545,0.82084507,0.8250728,0.8276813,0.8229188,0.8219778,0.8315387,0.82951546,0.8217781,0.8261844,0.82599103,0.82268864,0.82286817,0.81410605,0.8141641,0.818785,0.8245325,0.81877065,0.8194038,0.8179011,0.82509834,0.81821823,0.8238391,0.81735283,0.8200837,0.8221266,0.8206133,0.8290881,0.81149834,0.82165164,0.83542025,0.8191977,0.8148387,0.82550323,0.8260407,0.8224483,0.81842446,0.8354763,0.8288803,0.8322535,0.819359,0.8367314,0.81420773,0.82306004,0.8211573,0.8270915,0.82143635,0.82720506,0.8127527,0.82225174,0.82609814,0.8286359,0.8253987,0.8176234,0.8351176,0.8258415,0.8209761,0.8090101,0.82169676,0.8180893,0.82487077,0.82617027,0.8298587,0.81757367,0.8205179,0.83441323,0.8269042,0.82341313,0.83518517,0.8248619,0.8346761,0.8259124,0.8220352,0.81921804,0.82514644,0.82777256,0.82030433,0.82263744,0.82600427,0.81827676,0.81942385,0.82689023,0.8155462,0.81553185,0.83083516,0.82212937,0.8227071,0.83149,0.82664,0.8253926,0.80954593,0.82181996,0.82248735,0.8305349,0.82348365,0.831015,0.8232763,0.82009184,0.81924605,0.8230042,0.82195574,0.8132686,0.8188751,0.81515056,0.8240232,0.8345725,0.8253352,0.8261602,0.82100844,0.82604474,0.8231675,0.8224764,0.8238548,0.8285202,0.83063966,0.83086187,0.8292712,0.81920916,0.8129476,0.82763135,0.8262085,0.82611,0.82511353,0.8164654,0.82515806,0.81685567,0.8261759,0.82346934,0.8214306,0.8279095,0.8221999,0.8357163,0.82315814,0.8222032,0.8275298,0.82521933,0.8341046,0.81768286,0.8221957,0.82851815,0.81709445,0.8250134,0.8334825,0.83073735,0.8197095,0.82429487,0.83042216,0.8251273,0.8328293,0.82011676,0.8258881,0.82563215,0.8224999,0.8212641,0.82334304,0.8274487,0.82649875,0.8293242,0.8288585,0.8225923,0.8228745,0.82040375,0.83276534,0.8295083,0.82851505,0.8123685,0.8217574,0.8251836,0.82302374,0.81043,0.81898856,0.8224279,0.8183803,0.81953824,0.82257575,0.81965864,0.82701266,0.823466,0.8251238,0.8245862,0.81718045,0.8208573,0.82368714,0.82399184,0.8225584,0.8237217,0.82595724,0.8201498,0.8196862,0.82810193,0.8279535,0.81576467,0.81317496,0.8211168,0.81684965,0.8232182,0.82244384,0.8177257,0.83312434,0.8155358,0.828218,0.8221523,0.8250104,0.8117022,0.8289228,0.8259029,0.8159763
0.7476463,0.7611161,0.74768454,0.75241816,0.75634265,0.7610646,0.7526281,0.7503778,0.75365657,0.7525276,0.74391806,0.75436765,0.7533947,0.7490866,0.7487945,0.75317264,0.75520456,0.7471278,0.7555729,0.7410977,0.7533715,0.7466183,0.75405055,0.745122,0.75352997,0.74069387,0.75845146,0.7458222,0.7534727,0.7524088,0.7559341,0.74983895,0.747057,0.7552896,0.75803703,0.74856603,0.7530221,0.7532464,0.75353533,0.7571281,0.7465888,0.75868213,0.75947076,0.75614595,0.7546603,0.74433273,0.7575275,0.759018,0.74463964,0.7535584,0.7548929,0.7589981,0.7482978,0.74537313,0.76131606,0.74802995,0.7527921,0.7526558,0.74552476,0.7425064,0.7494,0.75791806,0.7523696,0.7593344,0.74565053,0.7558182,0.75567776,0.7524881,0.75998765,0.7575095,0.7536418,0.7554617,0.75567997,0.75985265,0.7581904,0.7510526,0.753613,0.75097173,0.7520426,0.7565937,0.7585753,0.75693166,0.75451624,0.75527143,0.7509431,0.7507136,0.7600477,0.7604563,0.7460059,0.749966,0.7596569,0.7435864,0.7519352,0.75125945,0.75306064,0.74578214,0.75596887,0.757775,0.75423485,0.7516793,0.7452423,0.762195,0.75536203,0.7533614,0.73817164,0.7572397,0.7452593,0.7611756,0.748703,0.75479746,0.74808323,0.76111925,0.74694675,0.75841373,0.75143206,0.7570847,0.75281477,0.74264777,0.755905,0.76091754,0.75564903,0.7545845,0.7519844,0.75488585,0.747798,0.7632275,0.75135154,0.74932325,0.75792533,0.74884313,0.752916,0.75082576,0.7488457,0.75317657,0.7536234,0.7505148,0.75076056,0.7533778,0.7487876,0.7453914,0.74860024,0.75002354,0.75356704,0.7541579,0.75792503,0.75056255,0.7480443,0.75761014,0.7556869,0.74958074,0.76073945,0.74874043,0.7538941,0.74759686,0.75709456,0.7527513,0.74370813,0.7481814,0.75247556,0.7537337,0.75382894,0.7599018,0.7530636,0.758162,0.75406855,0.7541405,0.74638915,0.7519833,0.7483081,0.74994123,0.75763303,0.7546215,0.75085187,0.75699896,0.75835395,0.74904555,0.7489538,0.7601347,0.76059353,0.7463996,0.75651926,0.75421774,0.75888735,0.75021106,0.7497809,0.7524278,0.7494103,0.75569654,0.7510977,0.7532196,0.750333,0.7578397,0.76220465,0.74114484,0.7524274,0.7538761,0.7576478,0.75187075,0.754142,0.75686365,0.7454201,0.74784285,0.7470613,0.74969226,0.75161606,0.7532654,0.7465384,0.7556056,0.7524908,0.75144905,0.7571842,0.7463625,0.74675226,0.7511516,0.7504762,0.7430212,0.7439502,0.760514,0.7568519,0.7472077,0.74677354,0.7590913,0.75228876,0.74584705,0.75177556,0.75510824,0.75034535,0.7475255,0.7594232,0.7497526,0.75617445,0.75083107,0.74918693,0.75195366,0.75718427,0.75128883,0.74671453,0.7534744,0.76063585,0.74795604,0.75269735,0.7504393,0.7551846,0.74952406,0.7608708,0.74472606,0.74970615,0.750422,0.74669796,0.74831706,0.758685,0.74698323,0.75947905,0.75434154,0.7587903,0.75709987,0.7604833,0.75367,0.7573438,0.7506818,0.7543761,0.7544476,0.7511305,0.7500202,0.75759184,0.7555705,0.74262434,0.7557403,0.7510866,0.7532151,0.7531327,0.7466347,0.7524811,0.7399546,0.7495033,0.75773335,0.752393,0.74589944,0.7555498,0.75842077,0.75635177,0.7500484,0.74951535,0.75560623,0.7538174,0.7570175,0.76841307,0.74995637,0.7455044,0.75032896,0.752615,0.7559382,0.75785214,0.74933654,0.7503871,0.75031805,0.74868745,0.75469625,0.75207025,0.7574925,0.756429,0.747747,0.7491459,0.7560763,0.76033235,0.75643605,0.7502878,0.7471302,0.7494156,0.7578595,0.7576527,0.75543445,0.7514047,0.7536762,0.74459505,0.7622374,0.75450546,0.75319725,0.7547426,0.7576003,0.75074303,0.7557869,0.7565353,0.74809724,0.74802524,0.763322,0.7664382,0.75040996,0.75876623,0.753088,0.75517213,0.7486168,0.76006544,0.75589013,0.7622942,0.75412273,0.7518072,0.75119364,0.74854165,0.7529934,0.7500797,0.75679433,0.75545704,0.7584179,0.7545991,0.75691646,0.75580037,0.75915647,0.7530754,0.7580353,0.7337076,0.756363,0.75438076,0.7492764,0.7448409,0.7464168,0.75713134,0.7583541,0.7502592,0.7546548,0.7440419,0.75442046,0.7457162,0.7517619,0.7527107,0.75322133,0.7469714,0.7523007,0.7481323,0.755574,0.75374764,0.7514284,0.74923915,0.75441223,0.7508242,0.75168675,0.7493749,0.74944013,0.7500791,0.7490888,0.74458694,0.7480008,0.76026493,0.7570192,0.7659779,0.748912,0.74993825,0.7494236,0.7512189,0.7544491,0.7493603,0.7531381,0.7507731,0.758604,0.7560483,0.7526313,0.74984336,0.7568586,0.7547741,0.7569829,0.7520802,0.75632215,0.7518527,0.7582079,0.760332,0.7557228,0.76149845,0.74754035,0.74945426,0.747472,0.74800193,0.7551072,0.74171114,0.7488709,0.76048034,0.75467277,0.7554622,0.7531337,0.75490636,0.747785,0.7514311,0.755298,0.7521576,0.7558256,0.7522608,0.7522495,0.7574453,0.75008523,0.7488961,0.7547836,0.7458425,0.7479458,0.7552883,0.74806964,0.75611097,0.7520584,0.7513754,0.746519,0.75626886,0.7510412,0.751993,0.7552245,0.75407827,0.75432414,0.75325227,0.75233585,0.75976354,0.75117487,0.7582045,0.7525956,0.7538588,0.75177103,0.75246704,0.7523336,0.7518181,0.7512735,0.75408566,0.75458646,0.7545657,0.7579271,0.7628744,0.7502057,0.75297,0.7474134,0.7534598,0.75473964,0.7585481,0.7567861,0.7482839,0.7466868,0.7548658,0.7505883,0.75018895,0.7549263,0.75406134,0.75814724,0.75786376,0.755136,0.7605209,0.761004,0.7614137,0.7515646,0.759355,0.75824493,0.7526614,0.7514726,0.7494914,0.75129557,0.75134444,0.7499463,0.7533908,0.7563036,0.75486684,0.7530806,0.7479856,0.7497947,0.75594103,0.7517705,0.75735277,0.7468132,0.75089806,0.7524062,0.7612859,0.7500106,0.7594337,0.75126165,0.75849503,0.75556207,0.7567649,0.763146,0.7594427,0.754451,0.75627977,0.75726825,0.7517249,0.75395447,0.7485604,0.75051284,0.748409,0.752898,0.7526648,0.7579318,0.74224126,0.75905156,0.75276166,0.75297844,0.7513062,0.7516714,0.7620805,0.7551121,0.75035053,0.75442696,0.75748914,0.7569853,0.7552741,0.7585623,0.7452148,0.7553363,0.75765467,0.7526131,0.7453141,0.7541127,0.75031215,0.7518849,0.7539904,0.753021,0.75259686,0.7516134,0.75520974,0.7586928,0.7612263,0.755129,0.7550281,0.75122595,0.7502479,0.75215095,0.75365275,0.74918574,0.7533657,0.7531063,0.754842,0.74288255,0.7497094,0.75983036,0.7518625,0.74842215,0.7529735,0.7449471,0.7521867,0.7513484,0.75833356,0.74756837,0.7550316,0.758405,0.75351256,0.75680786,0.7544578,0.74923784,0.7469858,0.75505596,0.7428486,0.75049394,0.7503972,0.7492392,0.7483811,0.7512421,0.75740415,0.7452898,0.7505028,0.7476099,0.74440074,0.75325,0.7526984,0.7542078,0.74991924,0.7524242,0.75154954,0.75697917,0.7554954,0.7461568,0.74697906,0.75011843,0.7565209,0.7488236,0.7583261,0.75586194,0.7605816,0.74681455,0.7528868,0.7558734,0.76183254,0.76271874,0.75309366,0.7467673,0.7441227,0.7467237,0.75516385,0.7496211,0.75131494,0.7491087,0.7570749,0.75644255,0.7521561,0.7521997,0.75053996,0.752181,0.7607499,0.7565619,0.7569271,0.7524083,0.7526231,0.74807584,0.7522796,0.74447477,0.7645807,0.7524358,0.76111895,0.7489402,0.75262725,0.74610376,0.7574957,0.7605788,0.75619715,0.7502529,0.7525233,0.75993305,0.7520226,0.7599795,0.7518991,0.7488342,0.75554377,0.75576687,0.7523629,0.7581171,0.7510978,0.74912184,0.7540947,0.7477641,0.7396142,0.7477404,0.748804,0.74652654,0.7526733,0.75143147,0.75386554,0.75663894,0.76032984,0.7506711,0.7568265,0.75743407,0.7604468,0.7431311,0.7540959,0.75717014,0.7504851,0.7522098,0.75414103,0.7550474,0.74725676,0.7543705,0.7520136,0.74577975,0.75950307,0.7550355,0.74988174,0.7468511,0.7536816,0.75461936,0.7599523,0.7559072,0.75111365,0.7589161,0.7549898,0.75366676,0.7482564,0.76188755,0.7522399,0.75038445,0.7513497,0.7504439,0.7534517,0.75712967,0.7545022,0.7557878,0.7504718,0.7617628,0.749812,0.75365984,0.74552333,0.7552011,0.7557924,0.7422028,0.7500121,0.75642174,0.75501996,0.75706565,0.75397295,0.75267106,0.7520079,0.75533044,0.7527465,0.7571205,0.75802237,0.7580868,0.7561046,0.7521353,0.7594958,0.75101423,0.7551067,0.753133,0.7529517,0.7491862,0.7422467,0.75650406,0.756765,0.74912983,0.7515456,0.7559654,0.74997944,0.7465649,0.7557825,0.7579499,0.7507073,0.74686223,0.75379914,0.7570748,0.7519897,0.75556266,0.7531453,0.75134975,0.75859416,0.74570674,0.7472827,0.7448973,0.7504376,0.75320596,0.7559038,0.75537187,0.7630071,0.759691,0.7513639,0.7545501,0.7501871,0.7546149,0.7492403,0.75670147,0.74757093,0.7598037,0.76058006,0.7466133,0.7490479,0.7508112,0.7556318,0.7559056,0.76604265,0.7609103,0.74987465,0.7550632,0.7488986,0.75709003,0.7547708,0.7496399,0.75752836,0.75598055,0.7500433,0.7515585,0.75091314,0.7512854,0.7453197,0.74875724,0.760425,0.75507903,0.7470456,0.7516511,0.7531139,0.7586997,0.74745965,0.76046157,0.74770576,0.755164,0.74965507,0.7584657,0.75285494,0.7531882,0.74339336,0.75919276,0.75217,0.74587876,0.75351155,0.75035435,0.7576665,0.75202435,0.74847656,0.7493709,0.7519843,0.751128,0.7501172,0.7534846,0.75641495,0.7503979,0.76150954,0.7483663,0.74747574,0.75940484,0.75458133,0.74807197,0.7548969,0.757123,0.75276923,0.7522319,0.7589862,0.75556535,0.7518363,0.75085926,0.75509816,0.7484447,0.75061905,0.75229055,0.7531578,0.7500722,0.7559159,0.74745524,0.7552889,0.75659496,0.7523374,0.7602091,0.743519,0.7594955,0.7412284,0.7573477,0.75398934,0.7567115,0.7564456,0.75695854,0.75667185,0.7539374,0.74858975,0.75312716,0.75831205,0.7556604,0.75497675,0.7577711,0.7570039,0.758471,0.7503151,0.75126135,0.7495849,0.7441855,0.7578011,0.7512802,0.7522331,0.7543245,0.75518215,0.7582307,0.7539002,0.75257593,0.7520452,0.75443816,0.74662066,0.7551711,0.74773836,0.75527984,0.7565519,0.7496934,0.7582154,0.7529053,0.7677795,0.75107837,0.7462694,0.7516899,0.7530019,0.7543654,0.7492565,0.75016904,0.74232984,0.74542606,0.7530698,0.7545395,0.7569419,0.7552389,0.75685596,0.75160295,0.7557998,0.74595785,0.7522417,0.7519774,0.7646805,0.7490086,0.75231034,0.7476736,0.74706393,0.74598014,0.7480565,0.75328755,0.75022984,0.7472223,0.7471131,0.7584805,0.75739974,0.75957054,0.7520393,0.75015026,0.7495838,0.7465665,0.7537171,0.75006604,0.75280637,0.75943345,0.75202274,0.7517786,0.75039774,0.7504021,0.75563174,0.7498225,0.76412266,0.75226384,0.75301886,0.7484901,0.74837214,0.7563988,0.7535875,0.75289655,0.75013906,0.75080043,0.7554397,0.7549342,0.75373006,0.7500513,0.7535309,0.7515292,0.7500195,0.74804574,0.749764,0.7539466,0.7533006,0.7575513,0.7530221,0.75409186,0.75010127,0.7501149,0.7491664,0.7518295,0.7506523,0.74497736,0.7442574,0.7524048,0.75503594,0.7516075,0.7461046,0.75034535,0.7499919,0.75583106,0.7571528,0.7595871,0.7564256,0.74684,0.7486511,0.75593066,0.7595813,0.7574179,0.75216717,0.7564496,0.74639547,0.7555077,0.7566017,0.75027436,0.75093174,0.75905997,0.751083,0.7531836,0.7553467,0.7584617,0.7526356,0.759822,0.74897397,0.7547828,0.7535633,0.75110054,0.7484217,0.7482664
0.89363045,0.9049456,0.90228105,0.89999926,0.8982658,0.8942184,0.90191513,0.9016803,0.8991607,0.8937973,0.89307594,0.8994717,0.9008591,0.88757175,0.9024297,0.9008293,0.88555896,0.89602256,0.9024923,0.89016485,0.900531,0.88712287,0.8954453,0.8965073,0.89349246,0.89442456,0.9032801,0.8943786,0.8954565,0.8990838,0.9071539,0.89381117,0.8962611,0.9066783,0.901079,0.88848513,0.89957714,0.9039042,0.9001249,0.90023977,0.89799106,0.908173,0.8963552,0.8852994,0.89392567,0.8864696,0.8958122,0.89398664,0.8999939,0.8913657,0.9019429,0.90546244,0.892699,0.8909588,0.9113085,0.88882834,0.89705294,0.89025,0.8922877,0.88964057,0.89135134,0.90056556,0.8974669,0.8941461,0.89675367,0.8954651,0.90549093,0.89503276,0.90571296,0.9003091,0.8966287,0.9091225,0.8951889,0.8934908,0.90247107,0.9063755,0.9021143,0.902848,0.893906,0.8984873,0.89449614,0.8904427,0.8950232,0.8990754,0.90259904,0.89492303,0.89566994,0.9035776,0.8942044,0.90248126,0.8987779,0.8873282,0.8931112,0.8909566,0.89883417,0.8892356,0.9014516,0.9013816,0.8947831,0.90201116,0.8916511,0.899679,0.89131224,0.89106345,0.8975202,0.89721423,0.8823509,0.9006276,0.89620924,0.8922043,0.88804305,0.90006095,0.89374006,0.89650893,0.8928592,0.90267015,0.9084163,0.8957729,0.89437056,0.90190816,0.896216,0.90190375,0.89431846,0.8933968,0.90235084,0.8988544,0.8983164,0.9042301,0.90152997,0.89316493,0.90066236,0.8913326,0.89649534,0.8960174,0.88556874,0.9049189,0.89862216,0.9017319,0.8919933,0.89877105,0.8957579,0.8927837,0.8952301,0.90192163,0.90104187,0.891627,0.8938977,0.9033397,0.89247566,0.8940612,0.8992162,0.895374,0.8940701,0.895215,0.9118694,0.8992708,0.8998304,0.9015673,0.89528006,0.9020535,0.8944088,0.9060599,0.8998274,0.89844066,0.9083641,0.89382064,0.89704305,0.9010908,0.8921299,0.8998164,0.90187025,0.8997969,0.89264745,0.90775573,0.9048861,0.8916108,0.89948684,0.9047375,0.90340054,0.88732535,0.8937345,0.897281,0.8913175,0.8968488,0.9061021,0.898545,0.8996526,0.8927178,0.9007924,0.89737207,0.8957327,0.9050475,0.90498245,0.8851784,0.8952655,0.8908465,0.9017465,0.8997934,0.9056631,0.8977467,0.89502424,0.9028393,0.9030177,0.8939628,0.8975894,0.89205885,0.89056385,0.89987046,0.90280163,0.89326334,0.8915471,0.89174175,0.8898385,0.8933722,0.9003178,0.88586885,0.8936687,0.9041623,0.89860797,0.89518803,0.89083505,0.9045765,0.9001013,0.88960254,0.8872202,0.90819,0.901891,0.8988774,0.89339143,0.89438194,0.89731914,0.9041753,0.89464283,0.8998308,0.8996091,0.8866781,0.89779675,0.8947788,0.89533126,0.8996426,0.89869076,0.89525676,0.9059632,0.8969007,0.90912753,0.8885173,0.9014775,0.8918275,0.890079,0.8930956,0.9000191,0.89836806,0.8979116,0.8990948,0.91263485,0.9021833,0.89870876,0.8997236,0.8979473,0.89621377,0.89780426,0.90121204,0.89571905,0.8923922,0.8947827,0.8955801,0.8991281,0.90134925,0.89523983,0.88784254,0.9045359,0.89564604,0.8920809,0.8935394,0.8903343,0.89714324,0.89849895,0.8939558,0.8978388,0.8908558,0.9021654,0.899154,0.8977091,0.8913888,0.8998024,0.89746994,0.89795476,0.8932343,0.8953847,0.8951319,0.8991573,0.9026113,0.8986169,0.8944334,0.896217,0.8910137,0.90252286,0.9050856,0.8927347,0.9044902,0.8951785,0.8918487,0.8975315,0.90623754,0.8958862,0.89826006,0.90215003,0.8937145,0.8857886,0.8944677,0.9034564,0.90392834,0.89727676,0.9010765,0.8960726,0.897469,0.8995317,0.9010769,0.9021385,0.90514547,0.8972163,0.89408886,0.89103454,0.90528363,0.89388543,0.8962346,0.9037687,0.8898631,0.9012591,0.89685583,0.8910932,0.8993568,0.9020762,0.90255886,0.9008147,0.89952105,0.8925812,0.9054481,0.897154,0.89810944,0.8977846,0.89900565,0.89148533,0.892302,0.894611,0.90015143,0.9014151,0.90172595,0.8899816,0.90546733,0.89228994,0.8980246,0.8993856,0.89009464,0.8891048,0.8981053,0.9040915,0.91108793,0.8971741,0.90413815,0.896272,0.8982788,0.8926578,0.89542574,0.89687806,0.89304376,0.896895,0.89365613,0.9044171,0.89716,0.89148283,0.90242475,0.8912106,0.899723,0.893222,0.8924002,0.8896731,0.89390224,0.8868462,0.8968338,0.8997467,0.88980776,0.9016992,0.89885235,0.9081779,0.89434516,0.8893377,0.8981091,0.8962134,0.90293604,0.8934253,0.9041038,0.8922281,0.89745235,0.8990376,0.9026746,0.88842475,0.900123,0.89778453,0.8980569,0.8941346,0.8987273,0.8958562,0.89762616,0.8922552,0.8970777,0.9013224,0.8960464,0.8921827,0.89708674,0.89032173,0.9043959,0.891228,0.88986754,0.90905094,0.89571,0.9001647,0.89812046,0.9015354,0.8976733,0.904282,0.89068943,0.89803636,0.9041616,0.8922728,0.88704795,0.8987819,0.8945881,0.89049464,0.9033398,0.8863613,0.896505,0.8920013,0.89532024,0.900661,0.90261185,0.8952918,0.9013816,0.8896541,0.89511776,0.89353716,0.89502484,0.89941496,0.89918655,0.8933657,0.8953026,0.8903538,0.89684236,0.8965454,0.8924943,0.8987944,0.8900941,0.8955321,0.89958984,0.8971248,0.8942394,0.9010718,0.8972262,0.8931827,0.8917942,0.9010159,0.8971816,0.9000253,0.90119815,0.90034,0.8962413,0.9001716,0.8970744,0.89554924,0.8907315,0.9002967,0.9009859,0.8903169,0.8993385,0.8972913,0.8937114,0.89109606,0.8993792,0.9010883,0.8994423,0.8977079,0.9032385,0.89986324,0.90382004,0.898112,0.9000181,0.8973147,0.89551806,0.8933592,0.89031184,0.89701563,0.9004045,0.8975298,0.89205426,0.88776475,0.8979711,0.9050544,0.898208,0.9025469,0.89402086,0.89604247,0.90102994,0.89863116,0.89044017,0.8948013,0.89830166,0.89795834,0.898935,0.89720243,0.8976412,0.9067275,0.89171344,0.8917332,0.9037921,0.89145213,0.89642024,0.8952532,0.8987628,0.8951085,0.8995156,0.89984983,0.8961882,0.89358574,0.89737123,0.896366,0.8964228,0.9055747,0.89281344,0.89625597,0.89847654,0.89571583,0.9010135,0.903122,0.8912167,0.8980422,0.88988256,0.9018477,0.9082407,0.9005594,0.89610577,0.88441676,0.8967157,0.892949,0.90006745,0.8929131,0.8963151,0.8969072,0.8934423,0.9043851,0.9021749,0.8999955,0.89905065,0.90185875,0.89372283,0.904616,0.9030336,0.89716804,0.8936365,0.8916785,0.8940209,0.9028503,0.89018804,0.89768165,0.89782006,0.8900355,0.89316624,0.8943322,0.89771664,0.8980012,0.89828414,0.89107585,0.89519215,0.90508485,0.90849876,0.8979495,0.9042174,0.89012355,0.89702225,0.88604975,0.8943312,0.9013906,0.8913723,0.8981326,0.89505196,0.8984382,0.8956738,0.9031095,0.8942703,0.89913976,0.8990134,0.88921183,0.89766115,0.8940868,0.9044267,0.90178967,0.8982667,0.895919,0.9015161,0.9004503,0.89189774,0.88725317,0.89841473,0.90309215,0.8944952,0.9007537,0.8915223,0.9001548,0.9016907,0.8993663,0.90065205,0.8904606,0.9007668,0.8955587,0.89812285,0.89814454,0.8916258,0.89348036,0.892436,0.90181553,0.89964175,0.9013502,0.9033632,0.89484704,0.8885705,0.89297134,0.9008201,0.89693224,0.89787114,0.8952959,0.89871365,0.900016,0.8943011,0.89475334,0.8944962,0.90637165,0.90375924,0.89367115,0.89531004,0.89195025,0.89585555,0.90008944,0.9016179,0.89972866,0.8921425,0.88898927,0.8967472,0.8983212,0.8979031,0.89142466,0.8954932,0.90473765,0.9022222,0.89899814,0.90488875,0.89020514,0.89302415,0.8987969,0.9058041,0.88584435,0.8983405,0.89685607,0.8948705,0.89679223,0.90780485,0.89866227,0.9013994,0.89603704,0.89426756,0.90275943,0.8866703,0.9026411,0.8924005,0.89614856,0.89312816,0.90039665,0.896861,0.89794594,0.90031886,0.89787316,0.8924157,0.89755535,0.8978094,0.90122944,0.89681095,0.89833647,0.8859476,0.9008754,0.8966298,0.8939833,0.9034692,0.89676684,0.89210725,0.90480065,0.90561444,0.88911486,0.90764236,0.8970197,0.8883111,0.89771587,0.8966807,0.8986516,0.8919511,0.89771694,0.8990679,0.89285547,0.90399426,0.8931852,0.89572304,0.89426285,0.89620733,0.8911421,0.8953534,0.90268826,0.9080546,0.8941205,0.8968788,0.89750934,0.8917312,0.89515734,0.8961132,0.8946424,0.8932029,0.9042635,0.89475316,0.89800453,0.8952094,0.8965798,0.8863316,0.9034931,0.89112085,0.90147406,0.90429705,0.8981271,0.9031137,0.89721996,0.88948506,0.9001651,0.89923,0.89840555,0.896637,0.8999943,0.8926423,0.8958893,0.90040964,0.8928235,0.9004075,0.8975937,0.90310496,0.8952007,0.9030787,0.8964996,0.89505994,0.8856669,0.8931709,0.8978765,0.8992021,0.8949403,0.9037599,0.9050027,0.90074635,0.89894086,0.89146066,0.8953703,0.90075105,0.8994411,0.8885516,0.8946348,0.9061938,0.90094554,0.8922119,0.8949545,0.8954147,0.9002388,0.8951796,0.897833,0.893088,0.8926965,0.90458846,0.89771223,0.8971508,0.9044999,0.8940212,0.89793247,0.90179,0.89681506,0.89620256,0.8973285,0.8938976,0.8888852,0.8995523,0.90018404,0.9062115,0.9017393,0.89541507,0.8935752,0.8931567,0.9068301,0.90543693,0.89149535,0.8991268,0.89983463,0.89412314,0.90176016,0.8983988,0.8957623,0.8990278,0.892922,0.8823615,0.8939524,0.8967247,0.89078534,0.89777637,0.89879334,0.9008659,0.89694774,0.89552724,0.9024404,0.89913195,0.8972735,0.8930838,0.9019167,0.8891658,0.8928705,0.899757,0.8969768,0.89151466,0.9022391,0.90226364,0.8978118,0.890235,0.90679634,0.8957957,0.90201014,0.88964224,0.90544635,0.8935581,0.8993631,0.89750314,0.9008258,0.8959886,0.90274084,0.8895909,0.89990115,0.89912844,0.8928331,0.9039316,0.89131457,0.9042886,0.902282,0.9040311,0.89529574,0.897908,0.8941864,0.8966111,0.9024388,0.90505755,0.8875935,0.8980293,0.904363,0.8967123,0.9021645,0.906055,0.9021791,0.9086396,0.89328635,0.89304453,0.89435333,0.89513046,0.8949023,0.89169455,0.899019,0.90176654,0.8921291,0.8945103,0.90178347,0.8902758,0.8949151,0.8938882,0.8855285,0.8996332,0.8989325,0.90009546,0.9044475,0.8932868,0.9029003,0.8949699,0.89841336,0.8970983,0.9058146,0.8993573,0.8936739,0.89980316,0.8922786,0.8914485,0.8927444,0.8956131,0.89166546,0.8998002,0.89980906,0.89811957,0.9018257,0.8946207,0.8977186,0.89356196,0.8925534,0.8993307,0.90909606,0.90890944,0.8966867,0.89525235,0.89019394,0.88627255,0.89913607,0.8920461,0.9025144,0.89471865,0.89298445,0.8991409,0.8980105,0.89983493,0.8946845,0.89589286,0.8989622,0.8921182,0.8992966,0.900671,0.896217,0.90211976,0.9008905,0.90766656,0.8985492,0.89294004,0.9024551,0.9007302,0.90393573,0.9078305,0.89531505,0.89869237,0.9004951,0.9057191,0.8973086,0.9015794,0.8969704,0.89621323,0.9014322,0.896549,0.90014005,0.9001128,0.90067244,0.8949434,0.9122265,0.9004802,0.89583194,0.89568675,0.8964393,0.89925903,0.9066967,0.90296733,0.8890963,0.9025975,0.90231556,0.9021341,0.8848468,0.8862043,0.8891889,0.8968267,0.8922555,0.8960116,0.8943848,0.8924857,0.89112604,0.90020984,0.8980746,0.8982689,0.90387034,0.8896318,0.8920224,0.89957327,0.9007406,0.89730966,0.8997983,0.9030982,0.9003441,0.897608,0.8922731,0.8885869,0.88902336,0.89665335,0.89371705,0.89971817,0.8921054,0.89994234,0.8975572,0.8993626,0.896731,0.90488535,0.89428854,0.90503013,0.9053056,0.8912234
1.0586969,1.0592666,1.0529314,1.0694368,1.0592297,1.0652472,1.0607377,1.0523045,1.0631522,1.0559853,1.0541484,1.0528722,1.0622438,1.0488812,1.0542122,1.0616193,1.0577366,1.0597314,1.0590935,1.0578334,1.063004,1.048643,1.0471573,1.0543262,1.0551331,1.0642734,1.0651338,1.0573173,1.062014,1.0578765,1.0619034,1.0567081,1.0593197,1.0642121,1.0650522,1.0609459,1.054698,1.0567677,1.0536153,1.0522861,1.0611115,1.06053,1.0499045,1.0642368,1.0582416,1.0527467,1.0582619,1.0550133,1.0617709,1.0556538,1.0634204,1.0630347,1.061156,1.0670869,1.0705132,1.0578045,1.0621511,1.0553192,1.0606278,1.0580223,1.0551268,1.0595086,1.0622419,1.0562346,1.0583892,1.0610762,1.061069,1.0688685,1.0597401,1.0669923,1.0549005,1.0677891,1.0675901,1.0564821,1.0603635,1.0628841,1.0546405,1.0619967,1.0645361,1.0682167,1.0635241,1.0548298,1.0542775,1.0642662,1.067063,1.0573682,1.0575897,1.0584041,1.0592358,1.0619636,1.0623709,1.0491143,1.0555108,1.0550765,1.0555265,1.0570431,1.0545838,1.0565239,1.067779,1.0645498,1.056621,1.060389,1.0570552,1.0571755,1.0516218,1.0609757,1.0536438,1.0604687,1.0618962,1.0555573,1.0548987,1.0642402,1.0590905,1.0665023,1.0575967,1.0690502,1.0678078,1.0615588,1.0561212,1.0609745,1.0612236,1.0554388,1.0564638,1.0642687,1.0597165,1.0613693,1.0561903,1.060147,1.053698,1.0580395,1.06038,1.0527002,1.058976,1.06748,1.0580653,1.0612696,1.0611378,1.0604799,1.0515817,1.0548381,1.0600961,1.052942,1.0607086,1.0546787,1.0569669,1.056954,1.0571452,1.0613109,1.0614969,1.061604,1.0583369,1.053464,1.0554321,1.0622618,1.0619712,1.0640336,1.0613744,1.0640563,1.0626519,1.063867,1.067736,1.05935,1.0568664,1.0598259,1.064425,1.0613208,1.056983,1.0615764,1.0618869,1.0568184,1.063163,1.0563067,1.0664796,1.0639662,1.062316,1.0543767,1.0533545,1.0578545,1.0576742,1.0525646,1.0598193,1.0625306,1.0530262,1.0592529,1.0660509,1.0601097,1.0612777,1.0564879,1.0597655,1.0626343,1.0490476,1.0642569,1.0625879,1.0600253,1.0582426,1.0511723,1.065009,1.0585861,1.0672628,1.0642774,1.0479372,1.0647869,1.0669565,1.0531023,1.056551,1.0541958,1.059613,1.0577079,1.0618064,1.0678856,1.0626764,1.0525467,1.0605799,1.0538638,1.067979,1.0600518,1.0568914,1.0609862,1.0650257,1.060059,1.0509949,1.0555748,1.0599562,1.0551271,1.0584024,1.0611439,1.0624219,1.057666,1.0572759,1.046874,1.0653343,1.058035,1.0526057,1.0584885,1.055172,1.0611905,1.061746,1.0487089,1.0571346,1.0603995,1.0539056,1.0587734,1.0614822,1.058211,1.0656484,1.057722,1.0582379,1.0613465,1.0570248,1.053682,1.0667225,1.0595977,1.0642123,1.066006,1.0577203,1.0557301,1.060424,1.0648574,1.06169,1.0583314,1.0572556,1.0660284,1.0597548,1.0563093,1.0609133,1.0599786,1.0669885,1.056262,1.0567056,1.0536524,1.066644,1.0652059,1.0584569,1.0688853,1.0533569,1.0610483,1.0662299,1.0564746,1.0659815,1.0517365,1.0643088,1.0650529,1.0758139,1.0560626,1.0632923,1.0554099,1.0577222,1.058995,1.0562487,1.0645045,1.0561267,1.0606387,1.0538621,1.0542885,1.0621423,1.0557694,1.0621744,1.0680778,1.0664791,1.0679224,1.0622357,1.0488037,1.0570991,1.066443,1.0648557,1.0619348,1.0624635,1.0611222,1.056,1.0560694,1.0650041,1.0601074,1.0640959,1.060516,1.0659895,1.0519198,1.0541321,1.0573317,1.060366,1.0589486,1.0545044,1.0551909,1.0582798,1.0584366,1.0559177,1.0632652,1.0608689,1.0602012,1.062086,1.0521086,1.0563877,1.0631877,1.0658772,1.0675762,1.0571483,1.0618331,1.0573202,1.065195,1.0594556,1.0624504,1.058304,1.0560676,1.0610352,1.0628265,1.0601015,1.0604715,1.0613621,1.0598682,1.0599762,1.0595845,1.0578257,1.057891,1.0617703,1.0596232,1.043347,1.0656006,1.0489187,1.0699933,1.063647,1.0559561,1.0609978,1.0637369,1.0561506,1.0511167,1.0559978,1.0564456,1.0621718,1.0611079,1.0640488,1.0629747,1.0602449,1.0601336,1.0579515,1.0696787,1.0581545,1.06128,1.0600625,1.0576363,1.0573391,1.0627466,1.0611314,1.0570178,1.0568849,1.0607718,1.0566019,1.0572133,1.0582937,1.0596571,1.053623,1.0566139,1.0570871,1.0608939,1.0547171,1.0544155,1.057577,1.0633,1.061649,1.0544066,1.0567272,1.0587733,1.0560342,1.0551056,1.05805,1.0585896,1.0569059,1.0608071,1.0607932,1.0591267,1.0544815,1.0613204,1.05333,1.0662497,1.0549304,1.0565283,1.0669839,1.0560539,1.0665523,1.0614538,1.0607619,1.0544829,1.0732011,1.0615124,1.0695193,1.0599645,1.0651444,1.057396,1.0604942,1.0555168,1.0643157,1.0577685,1.0594885,1.0627688,1.0659972,1.0558151,1.0577812,1.0629507,1.0620633,1.0583553,1.0587571,1.0512482,1.0535192,1.0534317,1.0573158,1.0664158,1.0583414,1.0631917,1.0435116,1.0472046,1.0656542,1.0533992,1.0624864,1.0513928,1.0620203,1.0644594,1.0660095,1.0605,1.0584124,1.0554287,1.0661284,1.05927,1.0611196,1.0549183,1.0602405,1.0625049,1.0646012,1.0561384,1.0593674,1.0572304,1.0593781,1.0573174,1.0554993,1.0546056,1.0667406,1.061967,1.063348,1.0636636,1.0497743,1.0602423,1.0573403,1.0606315,1.0476426,1.0658792,1.0546696,1.060987,1.0544553,1.0661169,1.0626571,1.0595002,1.0610552,1.0581012,1.0596648,1.0601361,1.0634731,1.051962,1.0567862,1.0668392,1.0609457,1.0615233,1.0597008,1.0635583,1.0612916,1.0660872,1.0493426,1.0609871,1.0526088,1.0699852,1.0632266,1.0570837,1.0586592,1.0630512,1.0603697,1.0573993,1.0551602,1.0591081,1.0547224,1.0493445,1.0505672,1.0642146,1.0602695,1.0611564,1.0566354,1.0592806,1.0626776,1.0543052,1.0654708,1.0546929,1.0680532,1.0577658,1.0581193,1.0572734,1.0570444,1.0578706,1.0612998,1.0556638,1.0655376,1.0513117,1.0597945,1.0679504,1.067304,1.0640525,1.0567955,1.0539473,1.0550728,1.0584954,1.0567449,1.0635009,1.0642453,1.0558769,1.0596966,1.060392,1.0608662,1.0615479,1.0545037,1.0578104,1.0640498,1.0645787,1.0659376,1.0486912,1.0569885,1.0586,1.0676384,1.0537467,1.0590026,1.0560877,1.0557444,1.0642575,1.049447,1.0580537,1.0585097,1.0701482,1.0653044,1.0632098,1.0647522,1.0576376,1.0594879,1.0558286,1.047084,1.0626868,1.0636655,1.0545541,1.0564872,1.0559206,1.05065,1.0604801,1.062711,1.0569918,1.0536474,1.0450594,1.064145,1.0652288,1.0614685,1.0650954,1.0597402,1.0661082,1.0665913,1.0606719,1.0571301,1.0589147,1.0552436,1.0528646,1.0552108,1.0598377,1.0627576,1.057071,1.0665323,1.0612167,1.0599829,1.0651336,1.0603546,1.0596027,1.0652375,1.0581354,1.0645707,1.0652456,1.057861,1.057508,1.0622133,1.0572207,1.0634398,1.0586628,1.0588874,1.0570712,1.0546812,1.055332,1.0537592,1.0682061,1.0624067,1.0564173,1.0626222,1.0594647,1.0619103,1.0696951,1.0564835,1.0560817,1.056247,1.0629107,1.0576686,1.0586197,1.064223,1.0574518,1.0636207,1.061707,1.070996,1.0536565,1.0571955,1.055402,1.0604502,1.0618765,1.0580729,1.0655252,1.0646787,1.0592042,1.0673311,1.064824,1.0502328,1.0545759,1.0617158,1.064345,1.0525346,1.0647483,1.063489,1.0589077,1.0530086,1.0626211,1.0703208,1.0646887,1.059218,1.0596684,1.0574827,1.0518541,1.0547593,1.0551553,1.0653148,1.0618664,1.0601269,1.0614588,1.0624732,1.0585699,1.0700967,1.0577716,1.0584712,1.0544448,1.058994,1.0610328,1.0498749,1.0548316,1.0639976,1.0596949,1.0584859,1.0498824,1.0656664,1.059782,1.0649793,1.0666668,1.052266,1.0712185,1.0596068,1.0611454,1.0621405,1.0563784,1.0669223,1.0607096,1.061758,1.0593274,1.0617115,1.060778,1.0532802,1.0595782,1.0534387,1.0599959,1.0564656,1.0586644,1.0637559,1.0584086,1.0520478,1.0595192,1.0584555,1.0547894,1.0534847,1.0575067,1.059457,1.0621177,1.0584663,1.0674863,1.0513896,1.0658919,1.0573033,1.0590575,1.0590576,1.049115,1.0674076,1.0635058,1.066031,1.0616457,1.0658063,1.0554185,1.0553718,1.0592659,1.0576564,1.0668995,1.0595382,1.0611265,1.0611892,1.0615785,1.0591263,1.0580851,1.0612227,1.0587627,1.0554981,1.0657947,1.0582494,1.0536388,1.0538183,1.0616846,1.0601095,1.0597714,1.0606484,1.0525603,1.0656931,1.0635511,1.0668137,1.0555831,1.0547246,1.0638444,1.0513753,1.0510472,1.0537101,1.0646937,1.0598941,1.0546142,1.0553937,1.0555809,1.0653163,1.0583229,1.0648518,1.0591091,1.06425,1.0662998,1.0609487,1.0554818,1.0591916,1.0630401,1.0550604,1.0665263,1.0525048,1.0481937,1.0529917,1.0641998,1.0551262,1.0626128,1.0538609,1.061085,1.065807,1.05652,1.0597838,1.0551392,1.068713,1.0585787,1.0553371,1.0662837,1.0623858,1.0622572,1.0653012,1.0724698,1.0571947,1.0563841,1.0530528,1.0651261,1.0655237,1.0603559,1.0517014,1.0572525,1.0591532,1.0633633,1.0585321,1.0561774,1.0544907,1.0622755,1.0619771,1.0606871,1.0585026,1.052978,1.0640551,1.0636616,1.0576116,1.0563376,1.0581422,1.0694784,1.0685309,1.055779,1.0701694,1.0591271,1.0638505,1.0582489,1.0696925,1.0647707,1.053008,1.0632216,1.0568345,1.0563805,1.0650464,1.0497845,1.0563227,1.0646558,1.0656021,1.0603124,1.053276,1.0613699,1.0657628,1.0556588,1.0535492,1.0576783,1.0533086,1.064548,1.0594305,1.0701307,1.0583128,1.0635694,1.0621884,1.0523759,1.0655729,1.0598634,1.0646057,1.0655916,1.0487345,1.05745,1.0534551,1.062009,1.0586282,1.0522369,1.0601133,1.0619701,1.0563893,1.053629,1.0610851,1.0530221,1.0548624,1.0623755,1.0503438,1.0662686,1.0621926,1.0592046,1.0567383,1.0570246,1.0576606,1.0643166,1.068679,1.0581981,1.0613954,1.068641,1.0614116,1.0570813,1.0679225,1.0602348,1.0618632,1.064094,1.0536325,1.0607133,1.0603037,1.0617486,1.0656738,1.0601221,1.0494357,1.0551838,1.0562797,1.066852,1.0630506,1.067624,1.0575168,1.0576419,1.0596256,1.0583482,1.0568302,1.0555116,1.0618993,1.0646338,1.0529302,1.0553862,1.0578575,1.0602016,1.0593233,1.0553613,1.0663164,1.0557296,1.0634974,1.0554798,1.0581738,1.0602742,1.0625093,1.0643442,1.0556165,1.0602396,1.0640963,1.0569432,1.0603588,1.0635563,1.0572973,1.0568212,1.0701668,1.0618162,1.060814,1.0640377,1.0638648,1.0578444,1.0643187,1.0599645,1.0619049,1.05798,1.0554143,1.056054,1.059312,1.0518274,1.0616207,1.0570321,1.05991,1.0583274,1.0654701,1.0600749,1.0602219,1.0604919,1.0561961,1.0612428,1.0520768,1.0635178,1.0583743,1.0584289,1.0598279,1.0677421,1.061387,1.059113,1.0495347,1.051439,1.0635496,1.0563766,1.0592043,1.0650516,1.0570676,1.0580504,1.0551012,1.0655705,1.0605351,1.0560877,1.06634,1.0581881,1.0563653,1.0549356,1.0565135,1.0574365,1.0619147,1.0583719,1.0669135,1.0699235,1.0500696,1.0556545,1.0634422,1.0568558,1.0581871,1.0615718,1.068542,1.0590916
0.7385839,0.74562544,0.74754673,0.7571059,0.7493711,0.74496067,0.74747026,0.7394927,0.74906087,0.7442265,0.748826,0.74667704,0.7442595,0.7342312,0.7440723,0.74925876,0.74869907,0.7423222,0.7436891,0.7490219,0.74816656,0.74059004,0.74265236,0.74175185,0.74218607,0.7461554,0.7568317,0.7477602,0.74414635,0.7488972,0.7488979,0.7425127,0.74118835,0.74973524,0.7508902,0.7436466,0.751586,0.74683446,0.74627435,0.74019706,0.7476331,0.7501349,0.73715216,0.74322546,0.74167746,0.73860985,0.748354,0.7376502,0.74443585,0.74958616,0.74865264,0.7456256,0.7417558,0.7438147,0.754752,0.7475328,0.7410244,0.74631363,0.74829125,0.73724705,0.74197775,0.7503977,0.7453302,0.7451115,0.75170696,0.74256384,0.7468845,0.7483917,0.7520676,0.7470139,0.74329543,0.7578344,0.75189257,0.74861807,0.75116026,0.74498284,0.74664295,0.7480173,0.7507586,0.7503823,0.7475049,0.7400542,0.7465063,0.7458776,0.7531772,0.7469104,0.7505273,0.74702805,0.745219,0.74871397,0.7452771,0.7358362,0.7434627,0.74855226,0.7427983,0.7377595,0.7375542,0.7366959,0.7488314,0.7532739,0.74362946,0.75589925,0.7416443,0.745102,0.7437407,0.7411087,0.73638415,0.74375653,0.74278325,0.7460319,0.74797374,0.74912596,0.74227434,0.74803585,0.7428407,0.7443769,0.7560486,0.7484461,0.7393952,0.7440464,0.74999416,0.74662304,0.7454445,0.75234383,0.74331087,0.75089055,0.7368118,0.7519631,0.7453376,0.74244213,0.75452757,0.74250746,0.74307907,0.7475502,0.74455464,0.74151534,0.749535,0.7513049,0.74464387,0.7523463,0.74373,0.7481242,0.7503052,0.748736,0.75007504,0.7380043,0.7453596,0.75154555,0.7419104,0.74474573,0.74841833,0.74280155,0.74654335,0.74591625,0.7418633,0.74131083,0.74587184,0.7432224,0.7538587,0.7544832,0.75366586,0.7513533,0.74579906,0.74087304,0.75589734,0.74656475,0.7376737,0.74880004,0.7485166,0.7433458,0.74551237,0.7417343,0.7474114,0.7456926,0.7465382,0.74172384,0.74074775,0.74705917,0.74419266,0.74239206,0.74917275,0.7425506,0.74531436,0.7460483,0.7495081,0.7460032,0.74422437,0.7431684,0.7496726,0.749615,0.748685,0.74492246,0.74897456,0.745512,0.7387061,0.74029356,0.7470959,0.7436672,0.74698627,0.74625534,0.7365825,0.75588787,0.75117826,0.7439458,0.74267524,0.74769694,0.7448734,0.7478385,0.7510659,0.7541892,0.7572469,0.7456984,0.7414928,0.7414034,0.75571346,0.7491379,0.7469516,0.7493621,0.7482277,0.74575514,0.74971575,0.73871756,0.7443191,0.7350659,0.73954123,0.74414986,0.7473641,0.74004936,0.74946976,0.74017626,0.74235636,0.7404405,0.7487689,0.7441155,0.74467194,0.7391428,0.7534028,0.7467776,0.7464861,0.74902546,0.74191856,0.7357057,0.7457416,0.7472705,0.7542279,0.7448786,0.74625003,0.746767,0.74135,0.7443871,0.7510852,0.7435208,0.75097984,0.7481654,0.7479585,0.7446919,0.7454362,0.747771,0.7427995,0.74517524,0.74577194,0.749432,0.7456268,0.7447981,0.7516287,0.74399894,0.75349075,0.7421925,0.7475213,0.7463934,0.74523735,0.74981487,0.74577224,0.7495009,0.7396415,0.7426485,0.74081916,0.7420475,0.75303227,0.74277335,0.75124264,0.75346476,0.75586283,0.745532,0.744088,0.74648005,0.7506895,0.75000125,0.74984497,0.74503666,0.7441807,0.7427253,0.7467582,0.7413059,0.75219756,0.7425194,0.7475765,0.7504752,0.7484523,0.7588658,0.7473321,0.7379851,0.7437053,0.7472027,0.7423548,0.74230933,0.7537913,0.7418736,0.74731237,0.74740064,0.74765676,0.74815094,0.7484383,0.746937,0.74723077,0.74838704,0.73888594,0.7478666,0.7521781,0.75306696,0.73755056,0.74197304,0.741923,0.7476721,0.73989147,0.74698836,0.7528626,0.7444525,0.745403,0.74432826,0.7461169,0.7463252,0.7493133,0.75437456,0.74696004,0.74673635,0.7429447,0.7499798,0.7497903,0.7493659,0.7533658,0.7504708,0.74747705,0.7495487,0.7482178,0.74704766,0.75532943,0.7469743,0.7455313,0.7452055,0.7423118,0.7378261,0.7467583,0.74087703,0.7320693,0.75002223,0.7425688,0.7474133,0.7446372,0.75150996,0.74135154,0.75055504,0.7501755,0.73900425,0.7412588,0.74547833,0.7434816,0.7457036,0.75308794,0.7476132,0.74135375,0.7452516,0.7420994,0.75920105,0.74554616,0.74767894,0.74601746,0.7464741,0.7446737,0.7544275,0.74591285,0.74298584,0.74416167,0.74694777,0.74113286,0.73812866,0.7465107,0.7524881,0.7371566,0.74886674,0.7439669,0.7466299,0.74575806,0.74632937,0.74086434,0.7463963,0.7467077,0.7415701,0.7423551,0.7419133,0.7384721,0.7356422,0.7395809,0.75209594,0.7410319,0.7482705,0.7434929,0.7428313,0.74295586,0.7489743,0.7442289,0.75844395,0.7426989,0.74420315,0.75553423,0.7449533,0.74918675,0.7509668,0.74825543,0.7381278,0.75463176,0.74783224,0.75056165,0.7476322,0.74954563,0.74022686,0.7485263,0.73597914,0.7461016,0.74931455,0.7440302,0.7499639,0.7506797,0.7432233,0.7478794,0.7460985,0.7463001,0.7487445,0.73884994,0.7468659,0.747616,0.74428535,0.74843794,0.7462508,0.7499409,0.74965364,0.7370023,0.7446104,0.7559453,0.7455114,0.7467227,0.73879707,0.74905926,0.75106484,0.74924684,0.74982977,0.7473218,0.73812443,0.74454963,0.7429883,0.7480442,0.74019974,0.74521846,0.7414397,0.744922,0.7390443,0.74589014,0.7479923,0.7457788,0.7466143,0.7434375,0.7396385,0.74641067,0.74973536,0.74768585,0.7528385,0.7363835,0.7462963,0.74644846,0.7488028,0.7397194,0.7508468,0.73965216,0.74185777,0.7423717,0.7553605,0.7510255,0.7418784,0.74483055,0.7387853,0.7390573,0.74027205,0.7453489,0.7453978,0.73984075,0.75135523,0.7474957,0.74522763,0.74167675,0.74591637,0.75141525,0.75456953,0.7394134,0.74341875,0.733152,0.7451856,0.74036384,0.7403432,0.7463447,0.751993,0.7486564,0.7428724,0.7433181,0.74470437,0.7439571,0.7375409,0.74273586,0.7452595,0.73901695,0.74054027,0.74268365,0.7491164,0.74810034,0.74181837,0.75026,0.74594975,0.75572777,0.74314195,0.7425172,0.7541575,0.73847586,0.7475093,0.7439159,0.7404507,0.754137,0.74869466,0.7508575,0.7494183,0.74331695,0.7419049,0.7339618,0.7395222,0.7484993,0.74222445,0.7475362,0.74142253,0.7440691,0.73726475,0.75184536,0.7475128,0.74968296,0.7404488,0.7369628,0.7396717,0.7502347,0.7497866,0.7478769,0.74389905,0.7422195,0.74589705,0.7526173,0.7421514,0.7456674,0.74617606,0.74019027,0.74834585,0.73782665,0.75040674,0.74146783,0.74765044,0.74716896,0.75442773,0.74784297,0.74262285,0.7479426,0.7483139,0.7366426,0.7488997,0.74062043,0.73677015,0.7486435,0.7450955,0.73699045,0.7508086,0.7500197,0.74230796,0.73824614,0.7411929,0.74914885,0.7535136,0.74945337,0.74386644,0.75101084,0.75865257,0.7470401,0.74977577,0.7431427,0.7443647,0.74642277,0.74000674,0.74011266,0.7545408,0.74739736,0.73866075,0.74984497,0.7492347,0.7449461,0.751162,0.74506557,0.75089693,0.74871254,0.7471999,0.7463035,0.7462573,0.74584115,0.7467402,0.7489726,0.73942643,0.7461561,0.75441366,0.74499655,0.74998254,0.7405942,0.74302834,0.7477509,0.754269,0.7433316,0.7468916,0.74676937,0.74247265,0.7432912,0.7584615,0.7431008,0.74330634,0.75170857,0.75222987,0.750964,0.74488723,0.7430981,0.7403294,0.75298685,0.748687,0.7429092,0.7438267,0.7398574,0.740275,0.75023556,0.7443269,0.74245995,0.7432607,0.74441314,0.74469984,0.7536892,0.74799466,0.7482731,0.7466714,0.74784154,0.742463,0.7442386,0.7457238,0.7496018,0.7381925,0.74329823,0.7458546,0.74888545,0.74853396,0.74185497,0.73717624,0.7408806,0.73217183,0.7434544,0.746672,0.7503941,0.7437592,0.7481414,0.7450613,0.75590736,0.7427705,0.75146407,0.7478398,0.7453396,0.746991,0.7481929,0.74560803,0.741006,0.74321944,0.7532549,0.7458883,0.74459416,0.749735,0.75122994,0.74784106,0.7534349,0.749112,0.74376184,0.75795305,0.7473178,0.7420966,0.7457175,0.7383916,0.75032365,0.7489828,0.74451566,0.741844,0.7487654,0.74951804,0.7506363,0.74621385,0.7448349,0.7508837,0.7493699,0.7459326,0.75136644,0.75204825,0.74196786,0.7406546,0.7430769,0.74523234,0.74252033,0.7399869,0.74999744,0.7455677,0.743531,0.74274707,0.73942846,0.75246227,0.74214435,0.7441336,0.7492111,0.73206407,0.74747646,0.750522,0.7486156,0.7527346,0.7526472,0.7471406,0.74366176,0.7443954,0.7456765,0.75241977,0.74397016,0.7396605,0.75037575,0.74986804,0.7434901,0.74818,0.7448266,0.7522902,0.7480021,0.7527131,0.75288266,0.7422483,0.7420451,0.7535391,0.7480439,0.74128056,0.741275,0.74778455,0.7446784,0.75429904,0.7494815,0.7365468,0.7428744,0.7466425,0.7418145,0.74639755,0.7421233,0.7501809,0.74281925,0.738608,0.7450377,0.7348604,0.75300187,0.7445191,0.7437134,0.74709177,0.7498168,0.7591246,0.73822826,0.7450183,0.74493515,0.743024,0.74291253,0.7540526,0.74604696,0.7378821,0.7391864,0.7507701,0.7446371,0.7491699,0.7366129,0.7533019,0.7437148,0.7447421,0.74780995,0.750258,0.7526353,0.74386525,0.7482807,0.7533263,0.7528618,0.74484974,0.743376,0.75026256,0.74458283,0.7418886,0.73257875,0.74685264,0.7430682,0.7463011,0.742056,0.7471017,0.7417968,0.74436784,0.7446863,0.7447177,0.74304485,0.74480325,0.7511232,0.75250554,0.7403748,0.73704433,0.7375585,0.7491945,0.7436947,0.7428978,0.74492747,0.7479468,0.7489732,0.7419249,0.7576648,0.7399794,0.7472789,0.73729396,0.74776655,0.7504685,0.74211586,0.7375384,0.744207,0.74371284,0.7469595,0.739824,0.7491838,0.74565923,0.7522726,0.75304407,0.73682195,0.75424606,0.74206436,0.74624205,0.74078083,0.74422324,0.74362683,0.7481575,0.742674,0.7467955,0.7444376,0.750949,0.7503037,0.7374693,0.7477941,0.7486243,0.7489145,0.7500761,0.7412116,0.74556214,0.74148035,0.7402059,0.7447582,0.734413,0.7414609,0.74489003,0.7463332,0.7397409,0.75017685,0.7347432,0.73947144,0.7444987,0.74025023,0.75306505,0.75229234,0.75168324,0.74519426,0.74431545,0.7475755,0.7491533,0.7537239,0.747318,0.74639404,0.75216806,0.74487394,0.7454058,0.74592376,0.74542385,0.7451969,0.75558305,0.7474956,0.7378365,0.745321,0.7447116,0.7492054,0.7423409,0.73950166,0.7422016,0.7461293,0.74808145,0.7428862,0.7536122,0.74517226,0.7447206,0.7439228,0.74704915,0.7437876,0.7498043,0.75944626,0.7460069,0.75138474,0.74765784,0.7459474,0.74513566,0.7471142,0.7452045,0.75192916,0.7390133,0.7505697,0.74337745,0.743323,0.75127536,0.75492126,0.74880385,0.74239093,0.7452227,0.74885786,0.7477982,0.7467117,0.7485237,0.7452696,0.7401572,0.7532459,0.74353045,0.7531253,0.7485643,0.75308496,0.74173295,0.753723,0.74907553,0.74963087,0.75293064,0.7480705,0.7495236,0.7486573,0.73969823,0.74267775,0.7489788,0.74814045,0.7450953,0.74837357,0.7427241,0.7488725,0.73816204,0.73878336,0.7470464,0.742093,0.7463579,0.7403738,0.74294573,0.74023205,0.7437473,0.74585545,0.7484528,0.7441167,0.73995245,0.74947894,0.74493045,0.74479717,0.7482354,0.74394166,0.7470118,0.7446045,0.7447168,0.74607366,0.7459423,0.7565404,0.7494803,0.7408715,0.7432848,0.7411731,0.7421651,0.7446885,0.7485175,0.75144553,0.7542914,0.7419148,0.7421606,0.74182546,0.74583197,0.7537646,0.74976534,0.7481166,0.74746305
0.0,0.0,0.0,0.0,0.0,0.0,0.0,0.0,0.0,0.0,0.0,0.0,0.0,0.0,0.0,0.0,0.0,0.0,0.0,0.0,0.0,0.0,0.0,0.0,0.0,0.0,0.0,0.0,0.0,0.0,0.0,0.0,0.0,0.0,0.0,0.0,0.0,0.0,0.0,0.0,0.0,0.0,0.0,0.0,0.0,0.0,0.0,0.0,0.0,0.0,0.0,0.0,0.0,0.0,0.0,0.0,0.0,0.0,0.0,0.0,0.0,0.0,0.0,0.0,0.0,0.0,0.0,0.0,0.0,0.0,0.0,0.0,0.0,0.0,0.0,0.0,0.0,0.0,0.0,0.0,0.0,0.0,0.0,0.0,0.0,0.0,0.0,0.0,0.0,0.0,0.0,0.0,0.0,0.0,0.0,0.0,0.0,0.0,0.0,0.0,0.0,0.0,0.0,0.0,0.0,0.0,0.0,0.0,0.0,0.0,0.0,0.0,0.0,0.0,0.0,0.0,0.0,0.0,0.0,0.0,0.0,0.0,0.0,0.0,0.0,0.0,0.0,0.0,0.0,0.0,0.0,0.0,0.0,0.0,0.0,0.0,0.0,0.0,0.0,0.0,0.0,0.0,0.0,0.0,0.0,0.0,0.0,0.0,0.0,0.0,0.0,0.0,0.0,0.0,0.0,0.0,0.0,0.0,0.0,0.0,0.0,0.0,0.0,0.0,0.0,0.0,0.0,0.0,0.0,0.0,0.0,0.0,0.0,0.0,0.0,0.0,0.0,0.0,0.0,0.0,0.0,0.0,0.0,0.0,0.0,0.0,0.0,0.0,0.0,0.0,0.0,0.0,0.0,0.0,0.0,0.0,0.0,0.0,0.0,0.0,0.0,0.0,0.0,0.0,0.0,0.0,0.0,0.0,0.0,0.0,0.0,0.0,0.0,0.0,0.0,0.0,0.0,0.0,0.0,0.0,0.0,0.0,0.0,0.0,0.0,0.0,0.0,0.0,0.0,0.0,0.0,0.0,0.0,0.0,0.0,0.0,0.0,0.0,0.0,0.0,0.0,0.0,0.0,0.0,0.0,0.0,0.0,0.0,0.0,0.0,0.0,0.0,0.0,0.0,0.0,0.0,0.0,0.0,0.0,0.0,0.0,0.0,0.0,0.0,0.0,0.0,0.0,0.0,0.0,0.0,0.0,0.0,0.0,0.0,0.0,0.0,0.0,0.0,0.0,0.0,0.0,0.0,0.0,0.0,0.0,0.0,0.0,0.0,0.0,0.0,0.0,0.0,0.0,0.0,0.0,0.0,0.0,0.0,0.0,0.0,0.0,0.0,0.0,0.0,0.0,0.0,0.0,0.0,0.0,0.0,0.0,0.0,0.0,0.0,0.0,0.0,0.0,0.0,0.0,0.0,0.0,0.0,0.0,0.0,0.0,0.0,0.0,0.0,0.0,0.0,0.0,0.0,0.0,0.0,0.0,0.0,0.0,0.0,0.0,0.0,0.0,0.0,0.0,0.0,0.0,0.0,0.0,0.0,0.0,0.0,0.0,0.0,0.0,0.0,0.0,0.0,0.0,0.0,0.0,0.0,0.0,0.0,0.0,0.0,0.0,0.0,0.0,0.0,0.0,0.0,0.0,0.0,0.0,0.0,0.0,0.0,0.0,0.0,0.0,0.0,0.0,0.0,0.0,0.0,0.0,0.0,0.0,0.0,0.0,0.0,0.0,0.0,0.0,0.0,0.0,0.0,0.0,0.0,0.0,0.0,0.0,0.0,0.0,0.0,0.0,0.0,0.0,0.0,0.0,0.0,0.0,0.0,0.0,0.0,0.0,0.0,0.0,0.0,0.0,0.0,0.0,0.0,0.0,0.0,0.0,0.0,0.0,0.0,0.0,0.0,0.0,0.0,0.0,0.0,0.0,0.0,0.0,0.0,0.0,0.0,0.0,0.0,0.0,0.0,0.0,0.0,0.0,0.0,0.0,0.0,0.0,0.0,0.0,0.0,0.0,0.0,0.0,0.0,0.0,0.0,0.0,0.0,0.0,0.0,0.0,0.0,0.0,0.0,0.0,0.0,0.0,0.0,0.0,0.0,0.0,0.0,0.0,0.0,0.0,0.0,0.0,0.0,0.0,0.0,0.0,0.0,0.0,0.0,0.0,0.0,0.0,0.0,0.0,0.0,0.0,0.0,0.0,0.0,0.0,0.0,0.0,0.0,0.0,0.0,0.0,0.0,0.0,0.0,0.0,0.0,0.0,0.0,0.0,0.0,0.0,0.0,0.0,0.0,0.0,0.0,0.0,0.0,0.0,0.0,0.0,0.0,0.0,0.0,0.0,0.0,0.0,0.0,0.0,0.0,0.0,0.0,0.0,0.0,0.0,0.0,0.0,0.0,0.0,0.0,0.0,0.0,0.0,0.0,0.0,0.0,0.0,0.0,0.0,0.0,0.0,0.0,0.0,0.0,0.0,0.0,0.0,0.0,0.0,0.0,0.0,0.0,0.0,0.0,0.0,0.0,0.0,0.0,0.0,0.0,0.0,0.0,0.0,0.0,0.0,0.0,0.0,0.0,0.0,0.0,0.0,0.0,0.0,0.0,0.0,0.0,0.0,0.0,0.0,0.0,0.0,0.0,0.0,0.0,0.0,0.0,0.0,0.0,0.0,0.0,0.0,0.0,0.0,0.0,0.0,0.0,0.0,0.0,0.0,0.0,0.0,0.0,0.0,0.0,0.0,0.0,0.0,0.0,0.0,0.0,0.0,0.0,0.0,0.0,0.0,0.0,0.0,0.0,0.0,0.0,0.0,0.0,0.0,0.0,0.0,0.0,0.0,0.0,0.0,0.0,0.0,0.0,0.0,0.0,0.0,0.0,0.0,0.0,0.0,0.0,0.0,0.0,0.0,0.0,0.0,0.0,0.0,0.0,0.0,0.0,0.0,0.0,0.0,0.0,0.0,0.0,0.0,0.0,0.0,0.0,0.0,0.0,0.0,0.0,0.0,0.0,0.0,0.0,0.0,0.0,0.0,0.0,0.0,0.0,0.0,0.0,0.0,0.0,0.0,0.0,0.0,0.0,0.0,0.0,0.0,0.0,0.0,0.0,0.0,0.0,0.0,0.0,0.0,0.0,0.0,0.0,0.0,0.0,0.0,0.0,0.0,0.0,0.0,0.0,0.0,0.0,0.0,0.0,0.0,0.0,0.0,0.0,0.0,0.0,0.0,0.0,0.0,0.0,0.0,0.0,0.0,0.0,0.0,0.0,0.0,0.0,0.0,0.0,0.0,0.0,0.0,0.0,0.0,0.0,0.0,0.0,0.0,0.0,0.0,0.0,0.0,0.0,0.0,0.0,0.0,0.0,0.0,0.0,0.0,0.0,0.0,0.0,0.0,0.0,0.0,0.0,0.0,0.0,0.0,0.0,0.0,0.0,0.0,0.0,0.0,0.0,0.0,0.0,0.0,0.0,0.0,0.0,0.0,0.0,0.0,0.0,0.0,0.0,0.0,0.0,0.0,0.0,0.0,0.0,0.0,0.0,0.0,0.0,0.0,0.0,0.0,0.0,0.0,0.0,0.0,0.0,0.0,0.0,0.0,0.0,0.0,0.0,0.0,0.0,0.0,0.0,0.0,0.0,0.0,0.0,0.0,0.0,0.0,0.0,0.0,0.0,0.0,0.0,0.0,0.0,0.0,0.0,0.0,0.0,0.0,0.0,0.0,0.0,0.0,0.0,0.0,0.0,0.0,0.0,0.0,0.0,0.0,0.0,0.0,0.0,0.0,0.0,0.0,0.0,0.0,0.0,0.0,0.0,0.0,0.0,0.0,0.0,0.0,0.0,0.0,0.0,0.0,0.0,0.0,0.0,0.0,0.0,0.0,0.0,0.0,0.0,0.0,0.0,0.0,0.0,0.0,0.0,0.0,0.0,0.0,0.0,0.0,0.0,0.0,0.0,0.0,0.0,0.0,0.0,0.0,0.0,0.0,0.0,0.0,0.0,0.0,0.0,0.0,0.0,0.0,0.0,0.0,0.0,0.0,0.0,0.0,0.0,0.0,0.0,0.0,0.0,0.0,0.0,0.0,0.0,0.0,0.0,0.0,0.0,0.0,0.0,0.0,0.0,0.0,0.0,0.0,0.0,0.0,0.0,0.0,0.0,0.0,0.0,0.0,0.0,0.0,0.0,0.0,0.0,0.0,0.0,0.0,0.0,0.0,0.0,0.0,0.0,0.0,0.0,0.0,0.0,0.0,0.0,0.0,0.0,0.0,0.0,0.0,0.0,0.0,0.0,0.0,0.0,0.0,0.0,0.0,0.0,0.0,0.0,0.0,0.0,0.0,0.0,0.0,0.0,0.0,0.0,0.0,0.0,0.0,0.0,0.0,0.0,0.0,0.0,0.0,0.0,0.0,0.0,0.0,0.0
1.0586163,1.0615399,1.0682302,1.0670296,1.0683863,1.0622927,1.0635947,1.0603914,1.0601037,1.0645757,1.0651413,1.0611937,1.0564747,1.0593284,1.0656124,1.0636662,1.0657188,1.0618056,1.0577531,1.0619881,1.0600716,1.0569777,1.0608011,1.0624745,1.0619671,1.0611323,1.0670102,1.0636059,1.0591918,1.0673108,1.0644293,1.0655042,1.060813,1.0697678,1.0644617,1.060598,1.0625241,1.0642589,1.0571123,1.0652272,1.0694089,1.05664,1.0588795,1.0634578,1.0649655,1.0573341,1.0637559,1.0580566,1.067359,1.0576698,1.06862,1.0687687,1.0623449,1.0625768,1.064465,1.0629907,1.0634967,1.0587523,1.0627613,1.0613534,1.0583493,1.06293,1.0664772,1.0632458,1.0657744,1.0555751,1.0676768,1.0635755,1.0678763,1.0658727,1.0640724,1.064019,1.0669515,1.0624578,1.0638113,1.0652194,1.059708,1.0630188,1.0651321,1.0611537,1.0641111,1.0635132,1.0594846,1.0723375,1.069359,1.0689322,1.0659088,1.064377,1.0639734,1.0652422,1.0623004,1.0571615,1.0628921,1.0592034,1.0664525,1.0599874,1.0637412,1.0616904,1.0593148,1.0644615,1.0606759,1.0603983,1.0638412,1.0594189,1.0567575,1.0619777,1.0616266,1.0640996,1.0669984,1.0653042,1.0609148,1.0692413,1.0634685,1.0618972,1.0666134,1.06763,1.0628359,1.062545,1.0619293,1.0618898,1.0636142,1.065247,1.0564859,1.064996,1.0639179,1.0575634,1.0651792,1.0619203,1.0605888,1.0571585,1.0723107,1.0622789,1.0609086,1.0683225,1.0591549,1.0624073,1.0591958,1.0613364,1.0684263,1.0676402,1.066948,1.0586492,1.0671161,1.0566235,1.0632006,1.061081,1.0674028,1.06447,1.0610869,1.0615314,1.0633335,1.0634716,1.0633044,1.0637507,1.0707214,1.0588099,1.0665869,1.0566913,1.0649353,1.06537,1.0667009,1.063619,1.0642484,1.0620733,1.0659698,1.0688629,1.0684776,1.0625478,1.064749,1.0661323,1.0664483,1.0595931,1.0690435,1.0601119,1.0685586,1.0671945,1.0589988,1.0671225,1.0687814,1.0673411,1.0682813,1.0563958,1.059865,1.0652645,1.0696573,1.0638343,1.0598384,1.0527216,1.0648937,1.0595472,1.0595262,1.06888,1.0736684,1.0651084,1.0537238,1.0583256,1.0713257,1.0577288,1.063359,1.0677893,1.0584399,1.068234,1.0667793,1.0659552,1.0641158,1.0594388,1.0683986,1.0633155,1.0630982,1.068335,1.0650885,1.0605738,1.0672848,1.0562531,1.0677751,1.0636024,1.0619873,1.066022,1.0646986,1.0616275,1.0579939,1.06348,1.0599489,1.0613757,1.0539926,1.0642986,1.0624214,1.0656146,1.0598121,1.0525315,1.063265,1.0605203,1.0583757,1.0650144,1.061694,1.0626848,1.063777,1.0648829,1.0625879,1.0681294,1.0580242,1.059502,1.0637982,1.0645045,1.0707362,1.0602269,1.0707395,1.0642527,1.0678289,1.0698133,1.068451,1.0650413,1.06699,1.0710851,1.0632584,1.0651283,1.0562888,1.0713454,1.0593569,1.0627534,1.066439,1.0606337,1.0663227,1.0568218,1.0650231,1.0633063,1.0645304,1.0625985,1.0605826,1.0589141,1.0639498,1.0639932,1.0617869,1.0762628,1.0599295,1.0581703,1.0602275,1.0654216,1.0661006,1.0573626,1.0655469,1.0687222,1.0708551,1.0619775,1.0622395,1.0648422,1.0588642,1.0623748,1.0616637,1.0711194,1.0655243,1.0701838,1.0584153,1.056753,1.0570319,1.0636836,1.065153,1.0642253,1.066402,1.0642394,1.0650007,1.0632474,1.0612781,1.0667108,1.0644561,1.056393,1.0693194,1.059255,1.0651205,1.0593979,1.063208,1.0585775,1.0627321,1.0658879,1.0653089,1.0647043,1.0651923,1.0607508,1.069272,1.066671,1.0580395,1.0625674,1.0666412,1.0663724,1.0586425,1.0630791,1.0640817,1.070935,1.0623825,1.06351,1.063525,1.0658625,1.0599887,1.0679145,1.0643953,1.061752,1.0578508,1.0680203,1.0619996,1.0687039,1.0604907,1.0638033,1.0674405,1.0730516,1.0627856,1.0685195,1.066365,1.0544043,1.0646931,1.0599895,1.0642335,1.0640008,1.0593133,1.0618571,1.0600574,1.0674384,1.0603744,1.0626403,1.0603012,1.0591863,1.063986,1.0693583,1.0664816,1.0605557,1.0679233,1.0635625,1.0618829,1.0644227,1.0684189,1.0736204,1.0577438,1.0658802,1.0622418,1.0724157,1.0586293,1.0663546,1.0683047,1.060287,1.0632193,1.0694146,1.0650822,1.0652575,1.0628393,1.0652235,1.0591527,1.0624717,1.057791,1.0699291,1.0695674,1.0663404,1.0637197,1.0607414,1.0591743,1.0684422,1.0610139,1.0664989,1.0651721,1.0595815,1.0598377,1.0645438,1.0660287,1.061954,1.05894,1.069561,1.0593915,1.0592902,1.0664381,1.059804,1.0606588,1.0644614,1.0573499,1.0728909,1.0652218,1.0660577,1.063343,1.0619761,1.0685067,1.068592,1.0651944,1.0601451,1.061797,1.064061,1.0651114,1.0631465,1.0584612,1.0673736,1.0656556,1.062172,1.0659368,1.0587378,1.0549017,1.071127,1.071209,1.0610876,1.0606468,1.0625259,1.0640415,1.0641547,1.0572981,1.0580204,1.0626726,1.0569931,1.0568606,1.0663688,1.0665827,1.0674247,1.0599799,1.06272,1.0651046,1.0601056,1.0696834,1.0562481,1.0662553,1.0651875,1.0636317,1.0610583,1.0643997,1.0624498,1.0609654,1.0611899,1.0642242,1.0616219,1.0592866,1.058042,1.0635765,1.0680861,1.0650758,1.063387,1.0625259,1.0726479,1.0658672,1.0643458,1.0588665,1.0699036,1.070367,1.0659416,1.048173,1.0642662,1.0590211,1.0579014,1.0656446,1.0681506,1.0619624,1.0660436,1.0625207,1.0650944,1.0681522,1.0628332,1.0657446,1.0643518,1.0634263,1.0638016,1.059821,1.0564419,1.0670147,1.0584449,1.0665251,1.06128,1.0574317,1.0633703,1.064555,1.0653172,1.0609733,1.0655152,1.0619767,1.0689819,1.0590765,1.0616246,1.0650661,1.069453,1.0653272,1.0615524,1.0608612,1.0645025,1.0604811,1.0532361,1.0610588,1.062116,1.0572145,1.0684123,1.0548239,1.0667969,1.0656278,1.0619189,1.0645543,1.0622392,1.0719981,1.0661949,1.0674335,1.063853,1.0611413,1.0619262,1.0630482,1.0577947,1.0682778,1.0587044,1.0649959,1.0665089,1.0547416,1.0626832,1.0629379,1.0635697,1.067052,1.0639453,1.0628302,1.0573385,1.0623885,1.0508485,1.0649835,1.065953,1.0647491,1.0692636,1.0633547,1.0641198,1.0594229,1.0662133,1.0611297,1.0618013,1.0607525,1.0684211,1.0704266,1.0642611,1.0681119,1.0699558,1.0680329,1.0683794,1.0604205,1.0603113,1.0518689,1.0670257,1.057192,1.0640628,1.064042,1.0663158,1.0660625,1.0670902,1.0633496,1.0639746,1.0685556,1.0638702,1.063364,1.0587426,1.0617809,1.0650686,1.0654217,1.0588458,1.0601195,1.0631524,1.0591763,1.06841,1.0623772,1.0680716,1.0622292,1.0657762,1.068458,1.069608,1.0578198,1.059376,1.0594981,1.063511,1.0575969,1.0697384,1.06,1.0636002,1.0671786,1.0519063,1.0675228,1.0677891,1.0585654,1.0683261,1.0644665,1.0549129,1.0633572,1.0568308,1.0621643,1.0608926,1.0538243,1.0675852,1.0566912,1.06636,1.067166,1.0618079,1.0659617,1.0703409,1.0595021,1.065109,1.0628927,1.0585531,1.0611645,1.0602963,1.0698864,1.0684493,1.0590935,1.0619696,1.0639621,1.0587685,1.0634621,1.0658854,1.0626786,1.0644984,1.0628806,1.0625775,1.0709463,1.0592871,1.059355,1.0592554,1.063932,1.0676148,1.0587153,1.065404,1.0650082,1.0712069,1.0614783,1.0628237,1.0681477,1.0667243,1.0699711,1.0651286,1.061698,1.0684848,1.0680059,1.0617305,1.0607274,1.0655395,1.0699942,1.0669574,1.0649307,1.0676029,1.0558987,1.0642277,1.0622908,1.056295,1.0704113,1.0577401,1.066996,1.0622925,1.0658503,1.0603095,1.0667193,1.0682712,1.0582094,1.0566111,1.0600698,1.0638646,1.0663034,1.0628453,1.0674086,1.0631055,1.0615858,1.0665277,1.0697846,1.0639775,1.0618597,1.0629382,1.0614544,1.069405,1.065756,1.0615829,1.0644555,1.0653625,1.0703394,1.0671164,1.065087,1.0680101,1.0617642,1.0632802,1.0643452,1.0605594,1.0601035,1.0665497,1.0661433,1.0571363,1.0643014,1.0651475,1.0613873,1.0572642,1.0656466,1.0577673,1.0616249,1.0606318,1.0656325,1.0595073,1.0606409,1.056596,1.0561557,1.0658283,1.0668706,1.062257,1.0719393,1.0518583,1.0616288,1.063134,1.0652499,1.0653322,1.0657339,1.0641494,1.0631276,1.0581152,1.0559891,1.0643399,1.0691861,1.0627482,1.063526,1.0691992,1.0613623,1.0658067,1.0553108,1.0656283,1.0604739,1.0586358,1.0601588,1.0691974,1.0593897,1.0690043,1.0595148,1.062718,1.0598708,1.061054,1.0620097,1.062468,1.0684007,1.0584428,1.0583004,1.0631125,1.0566704,1.0589468,1.0605232,1.0660285,1.060563,1.0698338,1.0650585,1.0568898,1.0708921,1.064362,1.0606132,1.0619762,1.071301,1.0704049,1.0614386,1.0629383,1.0609847,1.0675348,1.0650563,1.0692385,1.0650913,1.0564718,1.0577058,1.064104,1.0695167,1.0659963,1.0567532,1.0698692,1.0638682,1.0589684,1.0573428,1.0651925,1.0682847,1.070833,1.0608402,1.0659873,1.0672451,1.0627377,1.0623267,1.0650222,1.0526867,1.0609475,1.061356,1.0660439,1.0672647,1.0609401,1.0563306,1.0620843,1.0666677,1.0608331,1.0603896,1.0599115,1.060601,1.0696261,1.0686126,1.0618061,1.0662812,1.060593,1.0639461,1.056119,1.0652038,1.0742621,1.0676968,1.065152,1.0654404,1.062831,1.0646452,1.0622402,1.0604618,1.065652,1.0687531,1.0665019,1.0596644,1.0642363,1.0603913,1.06453,1.0654259,1.0605341,1.0640082,1.0635087,1.0707754,1.06686,1.0649151,1.0632789,1.0680941,1.0617203,1.0611078,1.0641947,1.062367,1.062129,1.0627384,1.0625447,1.0684232,1.0629289,1.0638456,1.0635812,1.0673097,1.0595328,1.0569763,1.0584444,1.0643803,1.0618868,1.0685694,1.0653105,1.0611044,1.057569,1.0611842,1.0657291,1.0663284,1.0606388,1.0604479,1.0579169,1.0606474,1.0641677,1.0647584,1.0662203,1.0629301,1.0682591,1.058259,1.0625185,1.0680907,1.0626793,1.0685211,1.0690991,1.0680132,1.0671198,1.0664426,1.0595777,1.0605747,1.0647182,1.0693938,1.0663893,1.0649706,1.061898,1.0619433,1.0666971,1.071347,1.0598052,1.0600704,1.0627166,1.0618478,1.0636938,1.0628023,1.063755,1.0692734,1.0586547,1.0600644,1.0595615,1.063234,1.0642596,1.0629334,1.0706061,1.0675144,1.0566378,1.0635486,1.0597695,1.0629456,1.0588695,1.0709118,1.0600877,1.0681906,1.0599688,1.0530283,1.0661869,1.0655572,1.0689296,1.0629563,1.064148,1.0579408,1.0641053,1.0635676,1.066966,1.0600921,1.0678515,1.0714574,1.055843,1.0610974,1.0625333,1.0643814,1.0603255,1.0592483,1.060695,1.0691667,1.071698,1.0664744,1.0605594,1.0648398,1.0601108,1.05984,1.0622975,1.063303,1.0680885,1.0656598,1.0687987,1.0637735,1.0685129,1.0656775,1.0670884,1.0625578,1.0648905,1.0596823,1.058225,1.0590005,1.0602174,1.0630639,1.0653956,1.0637596,1.0619121,1.0660858,1.0693042,1.0657717,1.0630329,1.0626938,1.0622548,1.0662684,1.0667758,1.066259,1.0635743,1.0704403,1.064925,1.0700485,1.0635277,1.0614132,1.063454,1.0557894,1.0573559,1.066995,1.068673,1.0671717,1.0595981,1.0605416,1.0684856,1.0634978,1.0646412,1.0671573,1.0699033
0.99247277,0.9875714,0.9914617,0.9990957,0.99175996,1.0003022,0.994627,0.98574287,0.9914296,0.9846844,0.994616,0.9878396,0.9930934,0.9905158,0.987504,0.9928735,0.9884978,0.99624825,0.9891262,0.994968,0.9949199,0.9850794,0.9882692,0.9882795,0.98912597,0.9959795,0.9853935,0.9975762,0.9943827,0.98746675,0.99121207,0.9893738,0.9937508,0.99170464,0.99438524,0.9933068,0.9821618,0.9936174,0.984621,0.98396903,0.99540824,0.9852308,0.9749723,0.99558365,0.99226785,0.9904537,0.9892468,0.97854227,0.9915498,0.9926891,0.99588764,0.98495114,0.9874872,0.99523145,0.98844635,0.9964446,0.9914866,0.9876881,0.9986734,0.9989198,0.98757195,0.9891414,0.9928062,0.99306434,0.9984711,0.98403853,0.99142414,0.9938563,0.98642075,0.9936206,0.989004,0.98695105,0.9918613,0.99452853,0.9816429,1.0020424,0.9863542,0.9954782,0.99406064,0.9875668,0.9921688,0.99241287,0.9902665,0.99366236,0.98842037,0.99206847,0.9934857,0.99638,0.99254644,0.99156725,0.99061143,0.9979625,0.9925302,0.9873896,0.98997307,0.9905393,0.9866805,0.9868375,0.980711,0.9895222,0.99030596,0.98623943,0.9914047,0.9894542,0.9873796,0.9895915,0.9988765,0.99292207,0.98648846,0.9923692,0.984133,0.9944643,0.99267244,0.99956685,0.9937872,0.9887307,0.99052,0.98423254,0.9949791,0.99455416,0.98743755,0.9895988,0.98970807,0.9900126,0.9940384,0.9835509,0.99200624,0.9936364,0.98441154,0.98580533,0.9932148,0.98685604,0.98627704,0.9944429,0.99711365,0.9945677,0.9945028,0.9979531,0.9926233,0.98908764,0.99912775,0.98974025,0.99777573,0.9858921,0.9936946,0.9896715,0.9940989,0.9872882,0.9953493,0.98688716,0.98872,0.99252605,0.989818,0.9933859,0.98930806,0.9936981,0.98489,0.9857789,0.9891207,0.9905195,0.9979165,0.9827087,0.9884037,0.9896576,0.9927835,0.9908001,0.99152774,0.9915613,0.9963583,0.9937673,0.99659425,0.9932305,0.99565077,0.9886886,0.99154735,0.99783367,0.9898835,0.9932242,0.99644005,0.99394,0.9922342,0.9916205,0.99554664,0.99419993,0.99556947,0.99476033,0.9918303,0.99515533,0.9908085,0.98148227,0.98227775,0.98805636,0.98676634,1.0025728,0.9937194,0.99010384,0.99221677,0.9969354,0.98825675,0.9932925,0.9897275,0.9884935,0.98917574,0.9861101,0.98863786,0.9861091,1.0005469,0.98284644,0.9904337,0.9881232,0.9927876,0.9913641,0.9909609,0.9887363,0.98621863,0.99662703,0.9933901,0.98220754,0.9903189,0.9956722,0.98312336,0.99093634,0.9833462,0.98676074,0.9900279,0.98937505,0.98938984,0.998584,0.9953903,0.98140174,0.99158216,0.984457,0.98625785,1.0007724,0.98528713,0.9860929,0.9909648,0.9918492,0.98292226,0.9886155,0.9967224,0.9916892,0.9902174,0.99328524,0.9916375,0.9834756,0.9946364,0.99532825,0.99736136,0.9942377,0.99290353,0.9900996,0.99649274,0.998505,0.9864629,0.98696584,0.9948041,0.99555546,0.9854848,0.9885207,0.99710333,0.985579,0.9907659,0.9805099,0.992082,1.000313,0.99116534,0.9860195,0.9912177,0.98398817,0.9861596,0.99782825,0.99431205,0.99379003,0.9894394,0.99621713,0.99815124,0.99798566,0.99247444,0.9904756,0.9962568,0.9917893,0.98932344,0.98484886,1.0008813,0.9901789,0.9833971,0.9889498,0.98902786,1.0004699,0.9928751,0.9898443,0.9858309,0.9927645,0.9877475,0.9939872,0.9891153,0.9923895,0.9912024,0.9889493,0.98806787,0.9890899,0.9929989,0.9947119,0.9950075,0.98610497,0.9898645,0.99044746,0.990231,0.98503643,0.9879807,0.9871524,0.9895436,0.99404234,0.9877186,0.9910951,0.9884469,0.99017453,0.9913683,0.98706675,0.99358165,0.9910989,0.98854536,0.9864009,0.984531,0.9920383,0.9867727,0.99290943,1.0002348,0.98720443,0.9959153,1.0002443,0.9888494,0.9895773,0.98213804,0.98598325,0.9941932,0.9935007,0.9881931,0.99419427,0.99113476,0.9912987,0.9856869,0.99289906,0.9888456,0.9942945,0.988358,0.9887739,0.9968511,0.98538893,0.99242145,0.9979723,0.99171835,0.99628663,0.9886181,0.9886758,0.9781941,0.9815563,0.99722826,0.98244965,0.9948717,0.9957287,0.9926492,0.98809165,0.996221,0.9938835,0.9874176,0.98985755,0.999168,0.99342346,0.9913294,0.9891541,0.99719733,1.0008812,0.9851569,0.9876127,0.9855446,0.99082154,0.98697037,1.0010939,0.9920435,0.9882228,0.9902651,0.98745817,0.98730755,0.99545777,0.9880902,0.9922187,0.99508184,0.98490924,0.98716205,0.9931293,0.99236995,0.98921657,0.9834968,0.9902047,0.99526066,0.9823882,0.9887492,0.99597675,0.99239725,0.9897814,0.9911743,0.99534005,0.9924711,0.98998827,0.99264264,0.9911933,0.9893687,0.9933272,0.9914492,0.9903259,0.9958936,0.99520046,0.98870873,0.9850455,0.9936779,0.99121207,0.99011505,0.9896818,0.99373674,0.99868894,0.9998421,0.99588436,0.9974938,0.9965971,0.9918768,0.9870089,1.0014231,0.98618346,0.9936283,0.99506545,1.0028495,0.99125814,0.9888,0.9890618,0.9951154,0.9877383,0.9931717,0.9848337,0.9869315,0.98854494,0.9900646,0.9982428,0.9950688,0.99140835,0.98907745,0.98560804,0.98881555,0.98549,0.99129313,0.98514473,0.9914416,0.9920035,0.9921636,0.9842556,0.98598325,0.9940205,0.998534,0.9871756,0.99045575,0.9916462,0.99652857,0.98831195,0.99792224,1.0012376,0.99551404,0.99457455,0.989045,0.99437284,0.98844415,0.991975,0.98475784,0.99827385,1.0040438,0.98792905,0.98625624,0.98793584,0.98811144,0.98218507,0.98748535,0.99633867,0.9866834,0.9872293,0.98658824,1.0040765,0.9928273,0.9918442,0.99678284,0.99507517,1.0013566,0.9920035,0.9938467,0.99100167,0.9949927,0.99486136,0.98607844,0.9901788,0.9909342,0.9969273,0.9892176,0.9920787,0.99584913,0.9987676,0.9859321,1.000492,0.99187756,0.9887541,0.99118686,0.99449855,0.9967966,0.9965065,0.98958164,0.99505544,0.98262924,0.98693293,0.99262303,0.9911565,0.9929454,0.98996186,0.98930985,0.9885346,0.99470407,0.99083024,0.9897497,0.9871059,0.98605317,0.9916373,0.9930195,0.99131954,0.989654,0.98549604,0.98841035,0.98814356,0.9877764,0.9852751,0.9947976,0.99810565,0.9867983,0.9914002,0.9891917,0.98902816,0.9877557,0.99028283,0.9902486,0.99027807,0.9983315,0.9914995,0.9877889,0.99397844,0.9896156,0.99383104,0.9795436,0.99172133,0.9899831,0.9973639,0.9989783,0.98950994,0.98913264,0.9899971,0.99177545,0.987841,0.99909943,0.99881446,1.0000867,0.99581975,0.9926629,0.9888849,0.99076515,0.9884896,0.990756,0.9873517,0.991343,0.99426436,0.996906,0.98766226,0.9840002,0.98924583,1.0003182,0.9915852,0.9930215,0.99179655,0.9844876,0.98702747,0.98759377,0.98849666,0.99001163,0.98719203,0.99116325,0.989596,0.98928714,0.9933485,0.98584574,0.98805624,0.9918401,0.9892843,0.98833454,0.9869777,0.98319376,0.9979774,0.99937993,0.9900413,0.98829067,0.99346334,0.9943124,0.99816644,1.0006548,0.9968053,0.98802775,0.9937035,0.9856075,0.98430777,0.995704,0.9915891,0.99259156,0.9951946,0.98758495,0.99212146,0.9826589,1.0018454,0.9942749,0.9915387,0.99061984,0.99433535,0.9872126,0.9878233,1.0009518,0.9843484,0.99040824,0.9893088,0.9922057,0.99424547,0.99540544,0.99684626,0.9881984,0.99146354,0.9939139,0.99485797,0.9929433,0.9897314,0.98839,0.9931804,0.9987852,0.98242867,0.98634535,0.9883013,0.99040854,0.99352735,0.9904528,0.99299276,0.99221987,0.99327654,0.9850484,0.9891778,0.98708093,0.98815143,1.0003107,0.99655336,0.9875294,0.9941097,0.9914799,0.98552704,0.98520494,0.9880102,0.9961772,0.989623,0.9853028,0.99716985,0.9889523,0.9878759,0.9915688,0.99063885,0.99000174,0.9869955,0.99123394,0.9881114,0.99223393,0.9932717,0.9937306,0.99268866,0.9835183,0.98516864,0.98837906,0.999666,0.99519056,0.9902329,0.9875634,0.98526126,0.9878753,0.9796996,0.9916266,0.99200416,0.99282503,0.99073434,0.99338895,0.9969817,0.99322224,0.9893066,0.9915872,0.987288,0.9930213,0.9869349,0.99319744,0.9935189,0.99756247,0.9863259,0.99172026,0.9835974,0.9926727,0.98984146,0.9892414,0.9906376,0.9952492,0.99508244,0.9883398,0.9898961,0.9963592,0.99719673,0.98790485,0.9903078,0.99064165,0.99164987,0.9872327,0.9980899,0.9956093,0.9829635,0.9947342,0.9930852,0.9888221,0.9845646,1.0041786,0.99205106,0.99135804,0.99457437,0.9926635,0.9989585,0.9907069,0.993214,0.97451603,0.99982804,0.9860251,0.98712707,0.99049103,0.9935034,0.99749696,0.98948973,0.9915305,0.98034096,0.985437,0.98417765,0.9862597,0.9903135,0.9949646,0.99770373,0.98695064,0.99341923,0.99529314,0.98804504,0.9908505,0.99054676,1.002451,0.9946244,0.9892905,0.9883425,0.98918074,0.99523085,0.9934694,0.99089897,0.9935162,0.9936197,0.98490673,0.9915932,0.9968932,0.99184066,0.99010706,0.9940199,0.999918,0.98738074,0.9980228,0.99038833,0.98717755,0.9965266,0.9830883,0.98861986,0.99274004,0.98943263,0.98365307,0.9984638,1.0015781,0.9893753,0.9863178,0.9864636,0.98867667,0.99106634,0.98936176,0.9841828,0.993653,0.99606705,0.99272287,0.9935807,0.99479645,0.9917001,0.9949865,0.98880106,0.9875988,0.98906267,0.9924489,0.99044335,0.9965292,0.992739,0.9821853,0.98471236,0.99350464,0.99161303,0.9880905,0.9866549,0.9955113,1.000512,0.9931878,0.992657,0.9854921,0.98425233,0.9954454,0.98437715,0.9926886,0.9978971,0.9954175,0.98818475,0.9987049,0.9901993,0.98588574,0.9945839,0.98954266,0.9946958,0.9949546,0.98790884,0.99495393,0.9970347,0.98446095,0.9887341,0.99116063,0.992585,0.9864483,0.9961059,0.9901317,0.9869458,1.0025735,0.9922048,0.99868476,0.9895845,0.99160755,0.9925083,0.9898367,0.98542076,0.99151045,0.9934897,0.9893354,0.98819214,0.9906052,0.99218124,0.9847407,0.9877583,0.9905682,0.9917104,0.9895092,0.9922198,0.9962561,0.99825,0.9894839,0.99029493,0.9898232,0.99323976,0.9930418,0.9914188,0.9877951,0.9876255,0.98628736,0.99267226,0.9917282,0.9944063,0.98732936,0.99059606,0.98423195,1.0010631,0.991747,0.989973,0.9864816,0.98949194,0.9919956,0.9848926,0.9889723,0.985099,0.996502,0.99048007,0.9997572,0.99204713,0.9899366,0.9933826,0.98429334,0.9909511,0.99147666,0.9856377,0.98428327,0.99300414,0.9920434,0.9915883,0.9897758,0.98974144,0.9870799,0.99273837,0.990126,0.9969399,0.9907456,0.99584347,0.9921754,0.99768084,0.9990617,0.98329896,0.9928996,0.9929845,0.99048924,0.99318695,0.99472165,0.9934646,0.9950664,0.9952652,0.9820899,0.9922509,0.9933152,0.9881074,0.9916825,0.9915495,0.9835706,0.98346055,0.9905777,0.98670244,0.98398024,0.99376553,1.0035121,0.9875475,0.9880737,0.9910847,0.9920659,0.98750335,0.9850771,0.9887758,0.9916099,0.9874045,0.9888086,0.9853627,0.98628116,0.9828401,0.989644,0.99777144,0.98837906,0.9920885,0.99550563,0.9901177,0.9933697,0.9968154,0.9889656,0.9853568,0.98972785,0.9931457,0.99391335,1.0069383,0.9906808,0.9919972,0.9920169,0.9907602,0.98901296,0.98321897,0.9944271,0.9928986,0.9960037,0.9976914,0.9860278,0.98916084,0.985351,0.98793817,0.99026245,0.9932533,0.9999192,0.99121386,0.9966967,0.9932167,0.9885949,0.9922724,0.9881796,0.9847823,0.98912925,0.99441594,0.9900271,0.9927671,0.9925846,0.9910166,0.98965716,0.9917591,0.99734366,0.98935753
1.1294348,1.1288791,1.1226444,1.1208009,1.1276124,1.121541,1.1220993,1.1292481,1.1270422,1.1168174,1.1225595,1.1319028,1.1254401,1.1281421,1.1251369,1.1315849,1.1308438,1.1327657,1.1280602,1.1238693,1.1249799,1.1237137,1.123195,1.1212707,1.1264387,1.1292639,1.1266202,1.1212872,1.1253427,1.1267473,1.1251338,1.12581,1.1245469,1.1340042,1.1310482,1.1239763,1.124747,1.1220416,1.1238041,1.1300038,1.1272967,1.1250548,1.1278912,1.1249068,1.1277896,1.1271462,1.1259681,1.1237874,1.129537,1.1308457,1.1345773,1.1261299,1.1263264,1.1276631,1.1322093,1.1300303,1.120733,1.1226386,1.1257565,1.1270348,1.1247568,1.1199117,1.1267604,1.1227268,1.1237468,1.1250782,1.1279144,1.1289618,1.1266513,1.1269296,1.1201739,1.1334459,1.1266881,1.1264158,1.1243235,1.1323887,1.12841,1.1296499,1.1256796,1.127584,1.1244968,1.1263449,1.1327791,1.118776,1.1262867,1.1304631,1.1253548,1.1258748,1.1177639,1.1246401,1.1213721,1.1233047,1.1241262,1.1221671,1.1260654,1.1232322,1.1262034,1.1227869,1.1227851,1.1219144,1.1316712,1.1253706,1.1242576,1.1209012,1.1220329,1.1324337,1.122865,1.1224558,1.124235,1.1282841,1.1188626,1.1272465,1.1229798,1.1266224,1.1327353,1.1219717,1.1261086,1.1266265,1.1273761,1.1257101,1.1202954,1.1316,1.123051,1.1301206,1.1234998,1.1301035,1.1279341,1.1311865,1.1245952,1.1304642,1.1274675,1.1197531,1.1236275,1.1353241,1.1253096,1.1256603,1.1263222,1.126268,1.1250205,1.123013,1.1227863,1.1276786,1.1212139,1.1204087,1.1272087,1.1256031,1.1322204,1.1212459,1.1215602,1.1223782,1.1312631,1.1263586,1.1265179,1.1285117,1.1204948,1.1235391,1.127993,1.1251299,1.1338891,1.1334996,1.1271033,1.1270822,1.1253188,1.119566,1.1326369,1.1257976,1.1210246,1.1265571,1.1293806,1.1307118,1.119126,1.1320643,1.1282774,1.1338823,1.1231657,1.1217248,1.1264659,1.121868,1.1354908,1.1339343,1.1174996,1.1291666,1.1335982,1.1274005,1.127809,1.1166005,1.1263982,1.1320986,1.1322621,1.1224174,1.1258074,1.1266048,1.1313342,1.131162,1.1184976,1.125004,1.1278635,1.130942,1.1252061,1.120131,1.1257882,1.1277353,1.1338434,1.1221303,1.1273553,1.1268055,1.1284972,1.1233132,1.1256778,1.1241115,1.1235715,1.127977,1.1244678,1.1275588,1.1214834,1.1228405,1.1257038,1.1192518,1.1204239,1.1269937,1.1248842,1.1237618,1.125531,1.1260666,1.1335858,1.1282222,1.1224058,1.1329408,1.1243948,1.125521,1.1274831,1.1232216,1.1286756,1.1230669,1.1297494,1.1204264,1.1261215,1.1196947,1.1237171,1.1274915,1.1271211,1.1238124,1.1290978,1.1187148,1.1303293,1.1185693,1.1337565,1.1299506,1.1282468,1.1253526,1.1274992,1.1269196,1.1260121,1.1325902,1.1325005,1.1223979,1.1283046,1.1315696,1.125238,1.1324306,1.1294122,1.1231141,1.1221728,1.1275795,1.1250231,1.1302702,1.1198967,1.1305503,1.1302451,1.1253356,1.1226088,1.1240053,1.1206322,1.1262467,1.1284194,1.1338496,1.122565,1.1325523,1.1285452,1.1394495,1.1220945,1.1269766,1.1233166,1.1255283,1.1288451,1.1298391,1.1219553,1.1286528,1.1219637,1.127034,1.127054,1.1272064,1.1217736,1.1198068,1.1212406,1.1247628,1.1250563,1.1246465,1.1213864,1.1285276,1.1278864,1.1265894,1.1321081,1.1202047,1.123916,1.1327988,1.1217875,1.1264952,1.1186006,1.131235,1.1259837,1.1276459,1.1251215,1.1297839,1.1220764,1.125726,1.1262442,1.12868,1.1284574,1.1190728,1.1255604,1.1259727,1.1287733,1.1251129,1.1247408,1.1190715,1.124019,1.1253283,1.123583,1.1238378,1.1296717,1.1297147,1.1314942,1.1243836,1.1219386,1.1335757,1.1224823,1.1219451,1.1249126,1.1204886,1.1249474,1.1249021,1.1201913,1.1241548,1.1298409,1.1304036,1.1293753,1.1238672,1.1237983,1.1203451,1.1213063,1.1203833,1.1278216,1.1263573,1.1274151,1.1286148,1.1192731,1.1233802,1.1324748,1.1197661,1.1250688,1.1240472,1.1244413,1.1252027,1.1226438,1.1313088,1.1248552,1.1255145,1.120962,1.1157693,1.127368,1.1243643,1.1210897,1.1237701,1.1302228,1.1224065,1.1209652,1.1262705,1.1254305,1.1247422,1.1242594,1.1285852,1.1258534,1.1258404,1.1246223,1.1251278,1.1221443,1.1266466,1.1301873,1.1268734,1.1155797,1.1253469,1.1217744,1.1260612,1.1274538,1.1270074,1.1263063,1.1224741,1.1188537,1.1320661,1.1227471,1.1244689,1.1189502,1.1292564,1.1285099,1.1243118,1.1260022,1.1167345,1.1303807,1.1283276,1.1326272,1.1237262,1.1309543,1.1262295,1.1304902,1.1251594,1.1163018,1.1249082,1.1236148,1.1214709,1.1290524,1.1251802,1.1366465,1.1342635,1.1368779,1.128768,1.1307098,1.1252091,1.1266866,1.1291329,1.1302841,1.1182938,1.1292266,1.1294675,1.1198139,1.1273628,1.129575,1.1184032,1.1293621,1.1278976,1.125974,1.1263205,1.1286929,1.1322106,1.1328986,1.1277609,1.1326133,1.1278837,1.1212932,1.1296138,1.1232721,1.1299403,1.1198351,1.1319004,1.1251614,1.123467,1.1219257,1.122199,1.1212296,1.1278638,1.127062,1.1248603,1.1288074,1.1215669,1.1192521,1.1244372,1.1278341,1.1246481,1.1362305,1.1274579,1.1304573,1.1250974,1.1250135,1.1238605,1.1328917,1.1290646,1.126275,1.1204876,1.1333091,1.125351,1.1235818,1.1264994,1.1236835,1.1267258,1.1221412,1.1263065,1.1250334,1.1107234,1.1279724,1.1198474,1.1266053,1.1266212,1.1264397,1.1345959,1.1256938,1.1196734,1.1168523,1.1306291,1.1245015,1.1248914,1.119646,1.1235216,1.1295205,1.1234373,1.1264595,1.1323435,1.1295257,1.1296117,1.120272,1.1266742,1.1263064,1.1261781,1.1292095,1.1218354,1.1239351,1.1198902,1.1296153,1.1257216,1.1202314,1.123503,1.1214751,1.122747,1.1164597,1.1267067,1.1282814,1.1242088,1.1161258,1.1264495,1.1327124,1.1256093,1.1242185,1.124699,1.1175572,1.1260118,1.1229633,1.1262734,1.1226426,1.1250235,1.1272882,1.124739,1.1231809,1.1228687,1.1237646,1.1218268,1.1222079,1.1229888,1.1317319,1.1284168,1.1260251,1.1242328,1.1311306,1.1245413,1.1187973,1.1301366,1.1318476,1.1296365,1.1250869,1.1252842,1.1251369,1.1271755,1.124696,1.1218587,1.1306106,1.131754,1.126132,1.1223252,1.1331637,1.1215718,1.1311345,1.1303418,1.1271832,1.1266145,1.1261207,1.1278633,1.1263367,1.1213753,1.1228573,1.1202706,1.1208038,1.1292926,1.1322838,1.1214588,1.1277272,1.1271343,1.1273535,1.1212823,1.1354959,1.1234968,1.1227119,1.1204172,1.1317197,1.1183718,1.1240882,1.1284736,1.1213309,1.1208973,1.1229925,1.1240356,1.1265817,1.1276577,1.12838,1.1215837,1.1321394,1.1282932,1.1293068,1.1339058,1.1255248,1.1187128,1.1233277,1.1307174,1.1229689,1.1251757,1.1239396,1.1256667,1.1287733,1.1268418,1.1210095,1.1280367,1.1210678,1.1212445,1.1287005,1.124778,1.1258094,1.130004,1.1238561,1.126336,1.1206466,1.1243299,1.115641,1.1202217,1.1230128,1.1297525,1.1307688,1.1304449,1.1335738,1.1304257,1.132256,1.1249807,1.1331861,1.1285877,1.1246086,1.134374,1.1235452,1.125953,1.1240681,1.128619,1.1266278,1.1215044,1.1188221,1.1265972,1.1155231,1.1250322,1.1279022,1.1312611,1.1243093,1.1203661,1.1327173,1.1256012,1.1337744,1.1213048,1.1314701,1.1235484,1.1227853,1.128551,1.1295081,1.121912,1.1278671,1.1274924,1.124365,1.1242354,1.1286843,1.1254824,1.1215434,1.1283982,1.1314322,1.1270695,1.1272316,1.1196876,1.1267115,1.1232231,1.1298045,1.1218296,1.1279866,1.1298237,1.1164296,1.1235842,1.1154385,1.1246084,1.1282351,1.1161884,1.1237909,1.1310062,1.1285431,1.1237572,1.1292795,1.1268463,1.1234211,1.1296399,1.1329737,1.1254984,1.1251923,1.1311606,1.1266513,1.1246029,1.1289276,1.126713,1.1229241,1.1347687,1.1308167,1.1268284,1.1277255,1.1278757,1.1225324,1.1291397,1.1266891,1.1249309,1.1280333,1.1298941,1.1234511,1.1229271,1.1315895,1.1239969,1.1208078,1.1302761,1.1320455,1.1237079,1.1260453,1.1216087,1.1315706,1.1290467,1.1274977,1.1227843,1.1233451,1.1283791,1.1299919,1.1314191,1.1221673,1.1280566,1.121392,1.128689,1.122473,1.12156,1.1251845,1.1317358,1.1299659,1.1224829,1.131876,1.1220887,1.1318227,1.1277004,1.1183802,1.114287,1.1234874,1.1315289,1.1250726,1.1254352,1.1341064,1.1315427,1.1339058,1.1289726,1.1291084,1.12979,1.1286498,1.125964,1.1210369,1.1297933,1.1261705,1.1342795,1.1269085,1.1225442,1.1201121,1.1330265,1.131357,1.1206717,1.1320505,1.1233275,1.1254294,1.130182,1.1252239,1.130709,1.1262469,1.1295199,1.1261866,1.1317586,1.1258501,1.1267377,1.1206174,1.1279377,1.126365,1.127707,1.1215608,1.1241016,1.1226428,1.1272503,1.1223547,1.1271254,1.1261407,1.1294539,1.120158,1.1336608,1.1283383,1.1248868,1.1296555,1.1249605,1.1202322,1.1269727,1.125068,1.1220336,1.1260241,1.1204439,1.1305275,1.1298541,1.1286019,1.1217272,1.1196272,1.1212891,1.1210415,1.1293929,1.1264257,1.1275715,1.13431,1.1201773,1.123996,1.1317875,1.1314871,1.1233591,1.1309059,1.136153,1.1260935,1.1229516,1.1320633,1.128695,1.1220492,1.1308641,1.1249981,1.1302447,1.133781,1.1230732,1.1336329,1.1269165,1.1277345,1.1209247,1.1317661,1.1237272,1.1296455,1.1252481,1.1243684,1.1262269,1.1249049,1.1229584,1.127742,1.1252611,1.1263299,1.132844,1.131752,1.1282213,1.1254193,1.1262515,1.1312838,1.1230488,1.1287632,1.1296322,1.1279616,1.1351413,1.1275418,1.1243188,1.1260962,1.1212009,1.1352805,1.1281979,1.1270936,1.1276317,1.1315233,1.1280111,1.122713,1.1254141,1.1156453,1.1223,1.1252536,1.1258078,1.1308495,1.1321476,1.1282227,1.1234691,1.1242391,1.1244574,1.1230006,1.1262531,1.12737,1.1288077,1.1224214,1.126125,1.1238228,1.1229981,1.1168326,1.1244379,1.1236186,1.1278459,1.1201625,1.1239946,1.1320461,1.1231447,1.1270826,1.1208366,1.1328559,1.1243285,1.1332278,1.1292745,1.1229963,1.1276932,1.1284019,1.1200012,1.1247154,1.1264598,1.1265882,1.1310723,1.1259236,1.1233406,1.1229789,1.1372278,1.1291561,1.1249858,1.12469,1.1223547,1.1297317,1.1213251,1.124064,1.1297282,1.1242915,1.121153,1.1293054,1.1266279,1.128172,1.1191556,1.1244028,1.132014,1.1326921,1.1251116,1.1338428,1.1209078,1.1243263,1.1287999,1.1246564,1.1213336,1.1249266,1.1274701,1.1289344,1.1207757,1.1236906,1.1227764,1.1280085,1.125366,1.1262347,1.1258506,1.1242528,1.1265563,1.1218377,1.1272484,1.1247349,1.1210291,1.1238483,1.1281875,1.1218574,1.1291518,1.1264439,1.12803,1.1292702,1.1314828,1.1272874,1.1259795,1.1240263,1.1284473,1.1229866,1.1275848,1.1295097,1.1208057,1.1270347,1.1238395,1.1186556,1.1286947,1.1312516,1.1313943,1.1326364,1.126468,1.1303912,1.1267486,1.1268165,1.1240517,1.129657,1.1311855,1.1217703,1.122571,1.129736,1.12947,1.1334662,1.1202654,1.1184216,1.1291001,1.1181346,1.1191417
0.43559015,0.4482849,0.44732425,0.45593578,0.4438609,0.44878483,0.44723344,0.43751374,0.44431862,0.44721806,0.445217,0.44433102,0.4427499,0.44053733,0.447218,0.44830218,0.4427498,0.44181564,0.44847324,0.43848205,0.4472677,0.4365773,0.44479272,0.44767895,0.4413713,0.43802166,0.44718447,0.44822294,0.45108235,0.44410092,0.44887516,0.4431607,0.44629037,0.44888768,0.44443917,0.4402805,0.44507396,0.45633772,0.4423674,0.44596794,0.45240897,0.44442174,0.43323871,0.44686738,0.4399899,0.4439081,0.44437423,0.44181585,0.43655804,0.43866536,0.44380566,0.44673073,0.4338825,0.44814783,0.45111445,0.44191283,0.4460206,0.44131452,0.44780558,0.44501352,0.4436123,0.4430928,0.44526526,0.44147977,0.4528727,0.44750133,0.4475486,0.44608164,0.45127666,0.44519123,0.44553426,0.44065064,0.446352,0.44264737,0.44573626,0.45074677,0.4439199,0.4460666,0.45043433,0.43995434,0.44786468,0.44018435,0.4434762,0.44810325,0.4512256,0.43826354,0.4456018,0.44751403,0.44559374,0.44930264,0.44833672,0.44885203,0.44839853,0.43847615,0.44188213,0.44176608,0.44590512,0.43913662,0.43937713,0.44124898,0.44378105,0.45273316,0.44128084,0.44263664,0.45252126,0.44238105,0.43834823,0.4490554,0.44534117,0.4455866,0.44961733,0.44427866,0.44619918,0.44302323,0.44666404,0.4507395,0.45901033,0.4478118,0.44939762,0.45610917,0.4444651,0.44093952,0.4429559,0.44325173,0.44427335,0.44638392,0.44776157,0.44882527,0.44676864,0.4399514,0.44720545,0.44482842,0.44679105,0.44338462,0.44358096,0.44104347,0.43918538,0.4513782,0.44704014,0.44236004,0.44175714,0.45089546,0.44774023,0.44539902,0.44428888,0.4398556,0.43967408,0.45466736,0.4461599,0.4403292,0.4399079,0.44912708,0.43832225,0.4508377,0.44561437,0.44433737,0.44604114,0.44454664,0.44484916,0.44374785,0.45148528,0.4412704,0.44082808,0.44552186,0.4459778,0.4416612,0.4494803,0.43872005,0.45019853,0.44872618,0.45276088,0.4473539,0.43872356,0.44169778,0.45103353,0.4497887,0.4411609,0.4494968,0.4400957,0.43826145,0.4450062,0.44027388,0.44540116,0.44462886,0.44793037,0.44747338,0.44939604,0.44553626,0.44394863,0.44756827,0.43006787,0.45191455,0.43951938,0.44387296,0.45020285,0.44112286,0.44341505,0.44032216,0.45054588,0.44703522,0.44108132,0.4503557,0.4533285,0.44423753,0.44595197,0.4355594,0.44774094,0.44344607,0.4500715,0.445185,0.44705445,0.45008278,0.43904257,0.44384006,0.45272502,0.44566765,0.44532824,0.45308167,0.44057482,0.45199034,0.43996403,0.44799215,0.44621745,0.4339163,0.4431982,0.4448289,0.4432352,0.4403872,0.44503498,0.4409787,0.43977737,0.44845435,0.43860587,0.45443875,0.44367346,0.43456215,0.4396275,0.4517785,0.4443796,0.44433278,0.44422632,0.44224668,0.4492479,0.43930843,0.4539374,0.4430963,0.44443312,0.43631008,0.44033372,0.44179785,0.44853973,0.44697458,0.44235167,0.4558743,0.44563407,0.44184664,0.4463883,0.44797716,0.4453874,0.4341758,0.44671875,0.4460183,0.441212,0.43681717,0.44134387,0.44176137,0.4528058,0.4399046,0.4418928,0.4417901,0.45309794,0.44454744,0.44613716,0.44796357,0.44278115,0.445902,0.44797367,0.44440344,0.4420587,0.4361713,0.4463285,0.4596973,0.4553718,0.43513915,0.43755192,0.44476613,0.44135737,0.4391927,0.4363541,0.45238444,0.44665515,0.44526124,0.4402915,0.44829676,0.44667068,0.44498482,0.45503232,0.45126688,0.44438812,0.44465595,0.4450657,0.43929932,0.44456562,0.44412032,0.44365874,0.44145668,0.44637865,0.4514607,0.44191083,0.43717876,0.4441938,0.44837388,0.44808576,0.44493163,0.44298264,0.43861252,0.44336626,0.4389969,0.45081416,0.4417735,0.4382457,0.44618225,0.43573818,0.4503515,0.4435521,0.4473943,0.45210525,0.43968707,0.4524514,0.44701877,0.44394377,0.44627088,0.45207036,0.44576615,0.44277444,0.43706292,0.4447742,0.44932324,0.44862348,0.45118216,0.44603384,0.44998753,0.4469971,0.44465557,0.4392292,0.44657713,0.44147152,0.44615895,0.44105718,0.4478254,0.44447157,0.44536006,0.45538405,0.4437767,0.44363213,0.44178313,0.45061278,0.4538671,0.44859445,0.45046282,0.4472737,0.44705513,0.44404358,0.4421408,0.44781578,0.4378983,0.4386172,0.44445202,0.4524959,0.4517729,0.44458565,0.45238578,0.4460646,0.45402133,0.4492343,0.44057488,0.441337,0.4422964,0.43532038,0.44774315,0.45140302,0.44066986,0.44607306,0.43913373,0.45542735,0.433487,0.4393625,0.4462128,0.43727812,0.44595328,0.4448254,0.44496533,0.44652364,0.44490626,0.43717325,0.45304903,0.44426203,0.44552052,0.44705665,0.45049068,0.44594783,0.43891603,0.4406848,0.44141597,0.4424583,0.4422194,0.44110122,0.44405943,0.44716552,0.45153165,0.44518593,0.45483753,0.43903086,0.44098842,0.44744635,0.43897992,0.44170418,0.45110235,0.447053,0.4462688,0.45800543,0.45084983,0.44319355,0.45022455,0.4438621,0.44923833,0.44129655,0.44612658,0.44877514,0.44495624,0.4363492,0.4517848,0.4488732,0.4436485,0.44400033,0.44787315,0.43808728,0.4365081,0.43620247,0.43876708,0.44896552,0.44858778,0.4480634,0.4475748,0.4412715,0.44557235,0.43601692,0.43991724,0.4497499,0.44404772,0.45013365,0.4399445,0.44951963,0.44389203,0.44394657,0.4407082,0.44564846,0.44835982,0.4492553,0.44375482,0.44397664,0.44859084,0.45114243,0.44868663,0.4529843,0.44810218,0.44372776,0.44284818,0.43456677,0.4499818,0.43761873,0.4477846,0.45028397,0.44538838,0.44680792,0.4463708,0.43856394,0.45000598,0.43847364,0.4413423,0.44516867,0.4496046,0.4465087,0.44706053,0.4454053,0.4484082,0.45045945,0.4472321,0.44082794,0.4513499,0.44349107,0.44998363,0.44952682,0.43624207,0.44505757,0.44742903,0.44661546,0.43364662,0.4418547,0.45028794,0.44050685,0.44672838,0.44554585,0.44546238,0.43913877,0.45075506,0.44641802,0.44038498,0.44360232,0.44823417,0.4531557,0.44511163,0.44126397,0.4449163,0.44175097,0.43975914,0.44114542,0.44562608,0.4518646,0.4459534,0.44062704,0.44466254,0.44967288,0.44269446,0.44342458,0.44917786,0.44834203,0.4440701,0.42882052,0.4362553,0.44493207,0.44042394,0.4428438,0.43995726,0.44239005,0.43678713,0.44831413,0.45766276,0.43948656,0.44818094,0.44163916,0.44289055,0.4447399,0.4481954,0.43951818,0.44854337,0.44404718,0.44391257,0.4463344,0.4510723,0.44208324,0.44122058,0.44567207,0.44578597,0.4520027,0.4428857,0.4407227,0.43915322,0.43823102,0.4403952,0.45185685,0.44092584,0.44089386,0.4473387,0.44205686,0.45108214,0.4416226,0.44464672,0.4444434,0.44835418,0.44113183,0.45080215,0.4528669,0.44995636,0.4453827,0.43985948,0.43685988,0.44337687,0.4465673,0.43851653,0.4470164,0.43944466,0.4436232,0.44853503,0.4448427,0.44066098,0.43933052,0.44286263,0.4497918,0.45058042,0.44536477,0.4485917,0.43539974,0.44792232,0.44835725,0.44295573,0.4454995,0.43883297,0.4408118,0.44014406,0.44157848,0.4407422,0.44172487,0.44174388,0.449066,0.43714485,0.44743773,0.45063022,0.4429514,0.44895756,0.44244775,0.43991023,0.44549102,0.44667387,0.45275372,0.44871846,0.4486364,0.436485,0.44102183,0.4568862,0.44329417,0.44646364,0.44710773,0.44474664,0.43182927,0.446276,0.44622174,0.44161364,0.44831327,0.44429722,0.44877884,0.44316798,0.44281176,0.44244286,0.44758818,0.44187447,0.4455402,0.44369048,0.44597065,0.44325495,0.43996468,0.4378004,0.45368442,0.4474253,0.43858397,0.43736988,0.4407672,0.44801867,0.44741565,0.44875154,0.45271608,0.44626376,0.4452255,0.4452992,0.44401988,0.43996963,0.45163518,0.44835174,0.43657476,0.45144877,0.4413594,0.4466231,0.44820902,0.4407582,0.4514031,0.45189905,0.4424081,0.44887102,0.4487201,0.4409613,0.4453011,0.442418,0.44934165,0.4340324,0.45089996,0.439976,0.45841992,0.44625983,0.44787472,0.43751046,0.44626012,0.44518378,0.45055392,0.44436097,0.45160764,0.43865517,0.444683,0.44207788,0.43490878,0.44960058,0.4477552,0.43915775,0.44549507,0.44986197,0.4487333,0.45009738,0.44567034,0.4475642,0.44060758,0.43972608,0.44876602,0.43652388,0.44710168,0.44521198,0.43773454,0.4462874,0.4496851,0.44308645,0.44088256,0.43990326,0.4378182,0.4428932,0.45255,0.45072517,0.43886307,0.4485399,0.44598654,0.44862208,0.44173124,0.44132066,0.44465297,0.44169235,0.44614655,0.44843194,0.4416867,0.44691622,0.44718343,0.43928587,0.44686282,0.44057274,0.4520342,0.44982418,0.45118877,0.44416466,0.44902214,0.43816447,0.4453184,0.44578925,0.44494802,0.44851598,0.44959122,0.44387424,0.44549245,0.44166854,0.44350132,0.4476472,0.44301212,0.4453035,0.4413741,0.44473147,0.44665164,0.4496368,0.44376528,0.4501312,0.44462895,0.4447441,0.44647363,0.44059741,0.44403479,0.4411318,0.4579011,0.4452799,0.43575767,0.44059289,0.45034176,0.43956092,0.44180804,0.4522273,0.4448118,0.44349548,0.4463828,0.44144672,0.45101365,0.44721115,0.43446878,0.4480162,0.44698426,0.44943118,0.45329335,0.44617343,0.44301513,0.4431586,0.44247785,0.45046863,0.4417495,0.44627234,0.4475545,0.44850582,0.4423673,0.44714475,0.44439927,0.45220396,0.45134404,0.4417344,0.44191107,0.44298828,0.453512,0.44777405,0.44511968,0.4412496,0.45319968,0.4445835,0.44196123,0.44167095,0.4409227,0.44003457,0.4447268,0.43448505,0.44666153,0.4472772,0.43750107,0.4394541,0.4412492,0.44335204,0.44963697,0.44134507,0.45776412,0.44868115,0.44402587,0.4441774,0.4485604,0.43864304,0.44670638,0.44261056,0.4459446,0.44631115,0.4402598,0.45029315,0.44978026,0.43740562,0.45548525,0.4440498,0.45382625,0.44151846,0.45215648,0.44963127,0.44518375,0.44349113,0.43870828,0.44164973,0.44251683,0.43732804,0.4498338,0.44004518,0.4446313,0.45210326,0.44878647,0.45479402,0.45296308,0.44679904,0.44423142,0.4432226,0.44704735,0.44789907,0.44277716,0.4507891,0.4453459,0.44622728,0.44841453,0.44245803,0.4459865,0.4411542,0.4464307,0.43577272,0.43910256,0.44321007,0.44575286,0.44698867,0.44806674,0.44277707,0.44161928,0.44770804,0.44094545,0.44079128,0.45096695,0.44054747,0.43858743,0.44634876,0.43501818,0.45122525,0.44935468,0.4505863,0.45038185,0.44616887,0.4467211,0.4485835,0.4506013,0.44446033,0.45158234,0.44574165,0.44485614,0.4424478,0.44833452,0.44455835,0.4435975,0.44664302,0.44058666,0.43544397,0.4431008,0.44497168,0.4456845,0.44550276,0.43165866,0.44733942,0.44128537,0.45071295,0.43403843,0.44892707,0.4450917,0.44617277,0.44306767,0.4453226,0.45552948,0.44019824,0.44343266,0.44467488,0.44672236,0.44159597,0.4407493,0.4434069,0.44075575,0.4389883,0.45089886,0.4359143,0.45148048,0.44877946,0.43821225,0.4477265,0.45235008,0.44774523,0.45013666,0.4514022,0.44269297,0.44705075,0.44713664,0.4417496,0.4433355,0.44620857,0.44531995,0.44852394,0.44695228,0.43840185,0.4438573,0.4448243,0.44905397,0.43977642,0.43985865,0.45381704,0.44906992,0.4489242,0.4562095,0.44130656,0.44448888,0.44018134,0.44652784,0.44983324,0.45286536,0.4459264,0.43931293,0.45019558,0.4432433,0.44280148,0.43112022,0.45368326,0.44212213,0.45348486,0.44832218,0.44385046,0.44222927,0.44589332,0.4450883,0.44643447,0.4419353,0.44402435,0.44946334,0.44067314,0.44269672,0.44518808,0.44719696,0.44241402,0.44376516,0.4423255,0.4552908,0.43780583,0.44305125,0.4385247,0.43768874,0.43858856,0.44538093,0.44218463,0.45078725,0.45428234,0.4419257,0.44449577,0.44213018,0.4494572,0.4494743,0.44306275,0.45200685,0.44573927
