0.33523944,0.29904044,0.30972764,0.29659465,0.3610123,0.3187163,0.31081238,0.32795233,0.30728155,0.3301794,0.28716773,0.29420432,0.30060425,0.25788224,0.32557112,0.3300658,0.29592717,0.29774997,0.3211668,0.31548622,0.3196857,0.27426127,0.28601205,0.28437248,0.3274696,0.31288338,0.27211648,0.31726912,0.3225599,0.28207648,0.27584797,0.30475217,0.3529869,0.3232357,0.3216859,0.3508858,0.31173515,0.34739375,0.28931308,0.31827602,0.32221687,0.31100062,0.32944688,0.32859486,0.3038931,0.31369507,0.3161772,0.31112158,0.30557606,0.30098805,0.3737707,0.23748866,0.34073973,0.31731865,0.3286785,0.3836329,0.30870485,0.3148934,0.31323096,0.33045042,0.3112769,0.3435589,0.3358097,0.35977924,0.32894424,0.2639302,0.31024882,0.28929123,0.33632806,0.33622158,0.27802894,0.33451772,0.32793504,0.2974725,0.33609182,0.3110696,0.30715093,0.2923436,0.36091155,0.3545232,0.3280936,0.32201344,0.27531675,0.29535073,0.30800247,0.27317908,0.33527076,0.32499215,0.35278466,0.29650477,0.29997864,0.2798657,0.3153239,0.3469543,0.32451728,0.303355,0.30930305,0.30966887,0.31925908,0.3218022,0.30085224,0.28477716,0.3374704,0.3075444,0.3188517,0.32641813,0.33568925,0.32502738,0.28546494,0.31193286,0.30146787,0.31472966,0.31860536,0.32719883,0.32940605,0.33743134,0.35816497,0.29544386,0.31680956,0.2773162,0.34072375,0.33581167,0.34141442,0.2943748,0.35000822,0.3638515,0.342475,0.29883456,0.2943368,0.309463,0.3033055,0.33077496,0.35593283,0.33923298,0.34848934,0.28211328,0.35810965,0.3167565,0.31565058,0.306325,0.32618403,0.31113312,0.35637826,0.2667012,0.32524318,0.31562942,0.32441288,0.29761672,0.28857172,0.30340403,0.2660154,0.32382065,0.303777,0.29698947,0.3499174,0.3352461,0.29210305,0.36273566,0.3129246,0.3125575,0.31422856,0.31012863,0.3354929,0.3376709,0.32398707,0.2997855,0.36235648,0.29343465,0.30557424,0.31804657,0.29813716,0.34550467,0.30602702,0.26623723,0.28785175,0.3530268,0.30552134,0.35221633,0.32827112,0.3203887,0.33458266,0.35014772,0.3253212,0.28018373,0.3400662,0.33297232,0.33662722,0.33476302,0.29013985,0.2981968,0.2952485,0.34402767,0.28736004,0.30545914,0.32478797,0.29008615,0.329597,0.28048992,0.32217717,0.29628026,0.3241295,0.3534116,0.32159734,0.29960665,0.34550107,0.31933376,0.3058328,0.32485318,0.2956961,0.33535868,0.3366993,0.2903847,0.30275613,0.29710397,0.3157317,0.30068386,0.27297807,0.31374016,0.30898172,0.3547873,0.26487458,0.29954684,0.3292297,0.35239515,0.3378251,0.31386173,0.36895224,0.3443273,0.33681363,0.2825239,0.3115844,0.2640919,0.31297725,0.2665995,0.3169759,0.376697,0.299204,0.3074553,0.28525013,0.33983395,0.31861344,0.38171357,0.34549138,0.28182918,0.29944527,0.32166213,0.334946,0.32905358,0.3293834,0.32577243,0.34692165,0.28991118,0.30849242,0.32417852,0.29189068,0.32461143,0.30983293,0.29616073,0.34578475,0.32244307,0.30677775,0.31041935,0.342054,0.325056,0.3403526,0.34024927,0.32677308,0.32534015,0.31451946,0.3502126,0.33104384,0.28820077,0.3086266,0.36215514,0.33184147,0.286545,0.29190937,0.30953455,0.24610081,0.32100195,0.3665064,0.3336293,0.32890296,0.3092149,0.3589058,0.28696114,0.30750164,0.32584283,0.3311772,0.3365709,0.3342783,0.32664546,0.35316232,0.28393412,0.33897293,0.36769733,0.30290622,0.3607989,0.28848046,0.2682144,0.35623142,0.35706025,0.32987642,0.34350705,0.33098578,0.2787095,0.33843237,0.34410653,0.32240885,0.3432317,0.3210253,0.34809807,0.3203797,0.2983525,0.3124279,0.31671822,0.27230796,0.28794205,0.27252135,0.29209283,0.3216514,0.29840007,0.32115635,0.2884103,0.26250488,0.36130404,0.33500046,0.33468658,0.3414232,0.30428824,0.30775774,0.30765143,0.3404828,0.35369343,0.31658232,0.31762502,0.2853673,0.3135068,0.30657023,0.32481855,0.3177337,0.35290316,0.3086325,0.3274456,0.33607465,0.35257536,0.30920994,0.32166237,0.31286156,0.32557845,0.28536347,0.2990243,0.32555932,0.33216423,0.3017918,0.3392391,0.30390072,0.32755792,0.31995904,0.32902798,0.35700154,0.302283,0.3617046,0.31056398,0.3368336,0.31780812,0.3036068,0.32501474,0.28203058,0.35408005,0.30832613,0.3579974,0.33346945,0.3722105,0.29055068,0.3104505,0.328193,0.31651473,0.29446507,0.3181268,0.33755136,0.275834,0.32622477,0.33970916,0.3549487,0.28251353,0.2848774,0.31677678,0.33707044,0.3095135,0.32555348,0.34056062,0.34754923,0.2792642,0.31959563,0.2978088,0.31950846,0.3148331,0.33560872,0.32093275,0.3174548,0.33994743,0.31026736,0.3309474,0.35033807,0.35513783,0.31596208,0.2901647,0.3230129,0.3005274,0.3106461,0.31130272,0.32653823,0.3076328,0.3491416,0.2983579,0.31565276,0.30021334,0.3763677,0.30270493,0.29096735,0.2773056,0.3515967,0.29349357,0.39410132,0.32412046,0.29805392,0.33475518,0.28946856,0.31987467,0.38929987,0.3218282,0.2882096,0.3123761,0.3312761,0.30972445,0.31984246,0.3066157,0.28541958,0.31044352,0.30443734,0.31099394,0.32971188,0.28391132,0.33759627,0.30520266,0.3001407,0.3387278,0.30711782,0.314375,0.29750443,0.31187323,0.29783234,0.3014273,0.30055755,0.29339847,0.30481017,0.30712876,0.33587825,0.3379617,0.35169882,0.3194061,0.2931851,0.30190948,0.3308154,0.34696543,0.28443414,0.3474705,0.31248653,0.35462588,0.31419554,0.29545885,0.3098102,0.30912128,0.30994138,0.33213177,0.25251952,0.32210886,0.33053556,0.3581993,0.30930367,0.2898807,0.3050208,0.33851162,0.30951333,0.29577634,0.33994544,0.35581774,0.28787798,0.29392764,0.32955918,0.33334535,0.28935546,0.3361943,0.32927144,0.32949063,0.32004076,0.33489448,0.29336655,0.31456354,0.27083942,0.30130285,0.29627547,0.3177474,0.3385098,0.28573808,0.34363425,0.3240943,0.3002744,0.3236763,0.30731237,0.37025985,0.26641515,0.2767438,0.29820448,0.29534888,0.34378862,0.30439115,0.35622847,0.35383892,0.32655752,0.2868433,0.29180247,0.3282932,0.29541674,0.33168674,0.30754137,0.32153988,0.27183333,0.28305802,0.31963462,0.39184895,0.32705897,0.32529956,0.31144768,0.33366716,0.33162415,0.31690758,0.32236856,0.33250856,0.33704892,0.30969545,0.29840478,0.33625177,0.30364445,0.3213412,0.3086955,0.30870536,0.30309394,0.34266424,0.30221897,0.35827267,0.27521262,0.3112339,0.33165944,0.24254352,0.2747261,0.314721,0.29094246,0.35056105,0.33363602,0.30290073,0.3225456,0.31676316,0.34365195,0.29781476,0.3000623,0.36258954,0.28592533,0.33911833,0.31782442,0.31795847,0.37533832,0.21277478,0.31450677,0.304393,0.39738637,0.333789,0.30179706,0.3252846,0.29719782,0.3171633,0.3257027,0.3396506,0.3121567,0.34437123,0.32601362,0.31491214,0.3422097,0.32011974,0.31230778,0.3622077,0.33233017,0.34844443,0.35300985,0.30858633,0.32242543,0.35273042,0.281923,0.2857359,0.3036841,0.32187727,0.28386146,0.32413787,0.34904143,0.30666023,0.27934363,0.31682062,0.28047705,0.33646256,0.30183515,0.3963551,0.3299437,0.27105793,0.31766558,0.31837797,0.3100126,0.29933047,0.28589895,0.26538074,0.2978027,0.34458566,0.32068077,0.29509866,0.31124094,0.32623032,0.32926813,0.31275874,0.28290585,0.31368983,0.31008464,0.34279868,0.32603532,0.32951605,0.3397992,0.32964894,0.32451946,0.3140587,0.28549373,0.3172619,0.29233694,0.32317138,0.30020845,0.2945357,0.3043852,0.31685776,0.2713701,0.28632286,0.29647508,0.3098506,0.29190663,0.3290301,0.35454237,0.30236447,0.32533947,0.32835352,0.27614704,0.29001713,0.3299235,0.329686,0.28575915,0.3197502,0.28963077,0.31082708,0.33107823,0.29922843,0.31684512,0.29793775,0.31121853,0.30331746,0.29819196,0.33126965,0.28346705,0.31116205,0.3978124,0.33010218,0.25535426,0.33319446,0.3042648,0.288563,0.32286653,0.26872212,0.2952354,0.2809344,0.28308862,0.35309216,0.34471333,0.37347037,0.30850086,0.31635475,0.32026073,0.29489684,0.3187465,0.32946134,0.34100503,0.3292719,0.30437502,0.33338946,0.31946385,0.26591164,0.30186734,0.31227246,0.30085784,0.33618078,0.29782933,0.28581083,0.2918428,0.3295951,0.30626935,0.33981228,0.29777837,0.31868213,0.3520183,0.31568423,0.28835183,0.30635682,0.29450005,0.28052005,0.34621453,0.3319861,0.3368106,0.36370483,0.30572483,0.34228855,0.34550312,0.32082534,0.35048196,0.3010866,0.33249605,0.29777777,0.29347393,0.29678524,0.30988333,0.30618292,0.3145396,0.27446404,0.3461603,0.32651117,0.2930396,0.3499022,0.3204469,0.3624867,0.35209745,0.2726971,0.3472492,0.34006798,0.33208632,0.28115815,0.329616,0.29956,0.3520089,0.30913278,0.32372823,0.35521865,0.3159473,0.30779058,0.2840719,0.32305253,0.27401167,0.32412478,0.3327151,0.32186776,0.28482252,0.2931217,0.32598007,0.2808448,0.3195528,0.3299253,0.33063546,0.33646318,0.344232,0.30076593,0.330494,0.3488962,0.2948255,0.33170563,0.32157043,0.31347635,0.28009278,0.3438379,0.32686797,0.3285608,0.28461713,0.322008,0.28073952,0.30856815,0.32175773,0.34914425,0.26676634,0.31682652,0.28019845,0.2784709,0.3064794,0.31778893,0.28630406,0.3212853,0.31839803,0.2988973,0.300441,0.33826667,0.3270246,0.3191925,0.34354296,0.30207664,0.30268982,0.28598565,0.32183594,0.31994444,0.2940119,0.35836697,0.2895822,0.33489197,0.36058903,0.29677725,0.30652025,0.2619036,0.30045328,0.2971509,0.26191884,0.3284144,0.31468993,0.2960663,0.32789373,0.34397048,0.35142317,0.28953242,0.29049203,0.3537559,0.29517722,0.26484013,0.30005366,0.34556824,0.3212043,0.33705696,0.30132037,0.3410868,0.3124605,0.31441563,0.3103742,0.33528942,0.31481904,0.2927736,0.2890036,0.32999876,0.34277135,0.32206297,0.34474692,0.36495358,0.3186524,0.2894024,0.27018696,0.3254035,0.30466682,0.30725363,0.31486064,0.33540905,0.30285993,0.28913388,0.30859286,0.2961399,0.3100154,0.31587243,0.3188907,0.31122917,0.30884874,0.31219533,0.2973262,0.31939438,0.36859518,0.34510016,0.3069497,0.31203657,0.31467617,0.3120587,0.31748652,0.30319166,0.29597214,0.33276534,0.33879086,0.2882617,0.33660907,0.30727226,0.33178633,0.31435263,0.35235316,0.26681045,0.3273219,0.3962372,0.3212442,0.27352437,0.36321616,0.3326427,0.30968225,0.33859712,0.35518014,0.30071178,0.31641015,0.29310253,0.30013824,0.34440672,0.275005,0.31619602,0.29597828,0.3265863,0.3204403,0.3149266,0.28768098,0.3274549,0.3129107,0.26806644,0.34186804,0.33125842,0.32444558,0.35695386,0.34150147,0.27255356,0.2665766,0.30828172,0.31752634,0.28144586,0.2889809,0.28604323,0.28062147,0.3312689,0.29629987,0.32217202,0.33075303,0.3146664,0.3201442,0.3335793,0.30078045,0.28174922,0.35601398,0.34010214,0.30512565,0.3071484,0.35522,0.25742245,0.2637842,0.32286736,0.3076039,0.3372159,0.31425172,0.35124314,0.31044737,0.24969846,0.36121026,0.3607782,0.2992699,0.35007927,0.33705226,0.2914165,0.31458598,0.2826439,0.2738644,0.3003412,0.3352341,0.31891727,0.32064325,0.3232594,0.32345086,0.28738105,0.3387885,0.3173417,0.35667446,0.29847872,0.34805205,0.3254823,0.28050917,0.330281,0.30626634,0.31574073,0.3087707,0.26399672,0.28393477,0.37206084,0.36954123,0.28768817,0.30805105,0.32417706,0.33818337,0.31024054,0.26838073,0.33118525,0.33212036,0.29001302,0.30245763,0.32209468,0.32797563,0.31183174,0.32066762,0.323423,0.34476453,0.30210462,0.300892,0.33076233,0.30580845,0.30493003,0.3412335,0.2964581
0.4751228,0.43684447,0.42029545,0.45020038,0.45634946,0.46289778,0.44182587,0.4305541,0.45312,0.48758286,0.4333107,0.44573557,0.45084894,0.43128285,0.47732672,0.43784904,0.48001054,0.45714107,0.45566788,0.4299906,0.4373451,0.45510513,0.44121695,0.42494994,0.4612144,0.44831958,0.44993827,0.45724776,0.45428368,0.45808327,0.4510173,0.44461375,0.43793365,0.4466268,0.46322158,0.46777204,0.45116556,0.4790515,0.4634909,0.4753754,0.4363917,0.4716368,0.49850637,0.4226165,0.4068063,0.47009233,0.41208494,0.4379596,0.4439299,0.4710225,0.4660081,0.43835625,0.47130537,0.48334682,0.44368777,0.4847191,0.44705665,0.470051,0.45432118,0.4689188,0.46014336,0.45024532,0.46232426,0.464664,0.45435756,0.441229,0.48286948,0.445868,0.4662748,0.4184042,0.48964632,0.47486132,0.48532662,0.45893776,0.49362513,0.47771984,0.4607694,0.44748616,0.50396,0.47170246,0.46123192,0.49093467,0.43448997,0.4544633,0.440449,0.4294141,0.45804727,0.4880697,0.47476542,0.44477218,0.45043412,0.4059071,0.43008342,0.44339907,0.5015694,0.4283457,0.4364392,0.46415418,0.43648782,0.45187774,0.47786343,0.42165297,0.47513285,0.4390196,0.40793335,0.45833847,0.46724704,0.42982176,0.4806943,0.4369688,0.45357317,0.45785716,0.45702004,0.45276576,0.41841006,0.46106142,0.45042056,0.44319266,0.43307346,0.41242602,0.4703082,0.46863717,0.4617097,0.49005556,0.44990575,0.41645837,0.44916585,0.46618274,0.4481048,0.46249786,0.4820974,0.48496592,0.5205208,0.46085775,0.5059979,0.43976408,0.4423342,0.47918528,0.48513886,0.46936038,0.4356532,0.45684773,0.46065184,0.45701742,0.46173865,0.44617662,0.4887262,0.4356367,0.42188802,0.44503537,0.44823295,0.44371355,0.44724113,0.46653697,0.48180336,0.4556771,0.4409114,0.45557487,0.4460619,0.46180776,0.43525445,0.5056364,0.4419681,0.43655825,0.4726843,0.45706406,0.49159703,0.47078747,0.47280887,0.48623314,0.45891634,0.46801546,0.46695954,0.45740286,0.4626242,0.4814391,0.4343197,0.4691132,0.46624658,0.4536139,0.43375772,0.46557477,0.45451832,0.44396603,0.47973925,0.49103147,0.45335686,0.4498487,0.43005562,0.43428504,0.45304528,0.41489017,0.4655859,0.44213462,0.4722186,0.4559739,0.47287634,0.44696748,0.49554095,0.424702,0.45373392,0.46417058,0.51466036,0.452246,0.43863428,0.40451068,0.4348949,0.43169042,0.42828044,0.41495028,0.44112754,0.46652198,0.457053,0.44645858,0.46903244,0.47404474,0.4646217,0.46284598,0.4499287,0.4354696,0.44012764,0.41438475,0.47972906,0.51217365,0.47245887,0.43028128,0.4850673,0.44867164,0.46856153,0.43713868,0.44627875,0.42956463,0.49439853,0.48137897,0.46034655,0.4880333,0.45030612,0.48322776,0.4302736,0.4458621,0.46196344,0.49426875,0.45790288,0.45386702,0.4523139,0.48208463,0.49099216,0.46736336,0.44482514,0.449415,0.45362765,0.46397042,0.470099,0.4424617,0.4666999,0.4605685,0.455028,0.43750238,0.46256906,0.46304926,0.47096708,0.4601004,0.44945955,0.45349908,0.47167966,0.48257935,0.47827154,0.44718197,0.47385705,0.4301494,0.46838748,0.4491924,0.44793713,0.45377523,0.45191252,0.48878086,0.4523664,0.48563394,0.44959143,0.44551286,0.47276783,0.45593545,0.41852584,0.47060975,0.49050432,0.43128258,0.45486438,0.4802987,0.46045434,0.48341575,0.5001586,0.45244354,0.43667603,0.4430584,0.46347672,0.47740334,0.4472623,0.46910772,0.4418574,0.43992978,0.46558243,0.4501842,0.44944286,0.45739332,0.43214357,0.47830713,0.4207424,0.46918035,0.48198485,0.46457285,0.44921255,0.4515533,0.43638313,0.48233515,0.46068493,0.44485265,0.43064654,0.45305762,0.4558608,0.4970767,0.44259533,0.42414245,0.48385286,0.45029372,0.4362706,0.46836954,0.49265215,0.43093836,0.47518155,0.46116677,0.47146362,0.4486465,0.46369398,0.45872414,0.46539238,0.4330564,0.4706949,0.4221915,0.48574728,0.4682567,0.4125334,0.44746542,0.45179552,0.4516387,0.43928954,0.4622734,0.45723647,0.42046887,0.4752807,0.46439892,0.44702354,0.4568291,0.46178532,0.48401597,0.4126011,0.4518524,0.4819069,0.45770752,0.43890637,0.5020747,0.45145848,0.46782085,0.4412164,0.44073415,0.45622435,0.46227542,0.46478346,0.45569545,0.4417343,0.48406798,0.4661624,0.4496616,0.43892708,0.49094343,0.4532106,0.47700936,0.46371913,0.4474193,0.44413552,0.45213532,0.43401346,0.41998923,0.46113852,0.4525998,0.48968333,0.4231544,0.46561515,0.45683187,0.46736014,0.44403428,0.4430167,0.48417622,0.44677207,0.4557918,0.4849247,0.44532236,0.43317658,0.46852952,0.4716046,0.45006263,0.43599308,0.43906206,0.44116008,0.46855077,0.47245336,0.47552952,0.46754527,0.4635317,0.45838675,0.44005293,0.44183728,0.45774576,0.45331395,0.45838314,0.4412772,0.4637504,0.4501849,0.45372945,0.46337366,0.42055455,0.43150693,0.43864226,0.4574535,0.44243607,0.4970156,0.4620084,0.45993856,0.4715261,0.45230258,0.45756477,0.4951708,0.45242906,0.46374232,0.41714057,0.4864658,0.44842213,0.45610857,0.4843852,0.46996856,0.46885777,0.47446513,0.4826052,0.4823915,0.44059289,0.42196506,0.45117274,0.46163738,0.45652324,0.45119813,0.4118049,0.48618007,0.4598533,0.50001675,0.44840243,0.45723814,0.47181454,0.46648204,0.46488184,0.46967357,0.44497743,0.46741828,0.45377982,0.43390942,0.46086133,0.4478031,0.46863616,0.4422199,0.4904425,0.4393409,0.46600187,0.47261035,0.4529105,0.43428674,0.45509148,0.44507146,0.45829707,0.4562699,0.42890868,0.47387928,0.5080659,0.4522456,0.4581625,0.4690209,0.46366233,0.47853225,0.45654392,0.45438835,0.4981112,0.47376895,0.4443822,0.4895851,0.50319177,0.41888294,0.45585686,0.40964043,0.4762962,0.46125588,0.45691046,0.4697952,0.44319272,0.46295333,0.49556482,0.48003617,0.46503007,0.48810232,0.43608898,0.4190245,0.48266593,0.4289975,0.45939758,0.4604913,0.49939469,0.46837628,0.49485153,0.46604624,0.48392808,0.43633005,0.46939895,0.45179904,0.48644236,0.46131372,0.4495563,0.43541276,0.46980494,0.4652372,0.4581367,0.4861659,0.4677759,0.43704182,0.4533708,0.45396364,0.44347385,0.460568,0.46948886,0.4653407,0.4564731,0.46158844,0.44632834,0.42890474,0.4558201,0.43712646,0.48408836,0.45539385,0.46669695,0.4445653,0.44924396,0.46212754,0.4509702,0.47517723,0.47093445,0.49245006,0.4727459,0.40605938,0.46406263,0.47041193,0.4816833,0.4181385,0.44309863,0.46136627,0.47353283,0.4639964,0.4933835,0.49873355,0.47292143,0.4585292,0.45069993,0.4251566,0.44474134,0.45173338,0.47738624,0.44769442,0.48859894,0.4697323,0.45238167,0.4569447,0.45971084,0.45063427,0.43997717,0.44782883,0.49149463,0.4415274,0.45718694,0.4763474,0.44569796,0.4510696,0.45283434,0.43960795,0.48148206,0.50165385,0.42899346,0.43104547,0.4557616,0.45586425,0.45411333,0.4732114,0.44722286,0.43192652,0.46756065,0.45147878,0.43211222,0.4504463,0.41456056,0.4485818,0.47354484,0.4457565,0.4298993,0.47730184,0.4684437,0.41326648,0.4683329,0.4681674,0.50456524,0.45224047,0.45046508,0.4688761,0.45119464,0.4402212,0.46621692,0.45301414,0.41863775,0.4265766,0.43799266,0.47210774,0.43592292,0.44370413,0.48096126,0.45052865,0.45625815,0.44660246,0.44261274,0.5142613,0.47015324,0.43504998,0.44102818,0.43211362,0.47441745,0.4602153,0.4758209,0.47676933,0.45295402,0.42283052,0.4308028,0.43570977,0.4638635,0.4906825,0.49063918,0.4321738,0.42668828,0.4419923,0.49006748,0.4574418,0.44698292,0.48090684,0.41413754,0.47996867,0.47357997,0.42788357,0.49050775,0.4771473,0.4400628,0.464576,0.4730298,0.4444092,0.48131067,0.47621983,0.44772488,0.4375446,0.49054375,0.46341908,0.47151086,0.44688082,0.48088944,0.47698548,0.4510817,0.48186538,0.4543128,0.4324317,0.51670194,0.43760034,0.46297053,0.5158285,0.41930658,0.4665395,0.43989798,0.45346373,0.45290542,0.45639738,0.48233414,0.41639322,0.49498945,0.49069095,0.4456739,0.453998,0.45057714,0.41630954,0.48215148,0.41313344,0.45710754,0.44561088,0.42206398,0.46590787,0.45515907,0.44682702,0.42426336,0.4862178,0.42634213,0.4690888,0.4439006,0.47009653,0.45788392,0.44974715,0.47965634,0.49358958,0.44537228,0.45433468,0.45483062,0.4410102,0.46130586,0.4772269,0.50002706,0.452199,0.46234196,0.4243179,0.42988625,0.48735952,0.43942666,0.45366108,0.4196082,0.46517193,0.45558414,0.46316513,0.4546508,0.456392,0.44077635,0.4717198,0.4282537,0.46612638,0.4444269,0.42819518,0.44015196,0.44423592,0.49184477,0.46473056,0.44400766,0.47140843,0.46172082,0.46659383,0.49849966,0.48970628,0.44496158,0.44699118,0.4210688,0.45906633,0.48369995,0.48513618,0.48059538,0.45722854,0.443164,0.41060972,0.45699412,0.47088322,0.40963086,0.44681057,0.44911957,0.4276457,0.45604736,0.48021513,0.5026283,0.46770814,0.47146708,0.48490408,0.4643957,0.45714954,0.45482862,0.45262468,0.43534845,0.4444975,0.46094567,0.4232331,0.49212492,0.44724745,0.43031472,0.4286101,0.46091932,0.4333793,0.48732105,0.41897824,0.43286562,0.46808568,0.44429722,0.45455867,0.4529353,0.4603265,0.49780774,0.46156844,0.45383,0.46735227,0.47311383,0.4100585,0.46313867,0.4661234,0.4531739,0.47609314,0.47508776,0.45883545,0.4293741,0.46962026,0.45142746,0.43513075,0.50145435,0.4854078,0.43288776,0.48101705,0.41755554,0.46899307,0.44023597,0.46661928,0.5028475,0.42338398,0.45104566,0.3947039,0.43013433,0.4370653,0.4634355,0.4436452,0.44128352,0.4298839,0.48264194,0.46045083,0.41667348,0.47742566,0.4574614,0.43193197,0.4879402,0.49877304,0.48634633,0.42825547,0.48526803,0.43680146,0.46885565,0.4377179,0.46532097,0.46257493,0.46840078,0.46597221,0.4408667,0.48470247,0.4545068,0.44797978,0.45141453,0.4686829,0.4877737,0.44699648,0.44031382,0.44882348,0.4907909,0.47809145,0.47530195,0.46704718,0.46309638,0.47424835,0.416095,0.43766314,0.43932053,0.49100626,0.4992527,0.45887658,0.44550163,0.49399182,0.4793806,0.43235016,0.46023345,0.47108588,0.44754964,0.45384154,0.43549973,0.48457175,0.43793023,0.47108462,0.4301893,0.4747627,0.41564703,0.48907816,0.44730416,0.48786518,0.45673203,0.46037674,0.49459913,0.4493106,0.44916385,0.45929173,0.4547415,0.42595494,0.44551897,0.43345147,0.416827,0.47259063,0.44073406,0.47726956,0.50543797,0.45375445,0.4246801,0.44082823,0.42049965,0.43434995,0.44177943,0.44071713,0.4522231,0.43401918,0.4460683,0.4223068,0.48234153,0.4491063,0.4469151,0.5071136,0.44795972,0.46132913,0.45913044,0.45113742,0.41391012,0.45062792,0.45051944,0.44779748,0.44584197,0.4336043,0.4292289,0.46373028,0.43897814,0.42421007,0.4079355,0.45000827,0.45199186,0.46615705,0.45592502,0.4234897,0.4676143,0.4844493,0.4385838,0.43437624,0.44606483,0.46898305,0.45003942,0.44875568,0.47912353,0.46018228,0.43884775,0.47540253,0.49501276,0.43818137,0.4467134,0.46318784,0.44195747,0.49646336,0.4535247,0.40510663,0.43610385,0.4368406,0.4655728,0.44571242,0.44978452,0.43224487,0.4628131,0.46089774,0.44459823,0.46400464,0.4707169,0.45902914,0.4300314,0.42533284,0.45140657,0.47762898,0.46577463,0.44867375,0.42645693,0.45875117,0.43109486,0.47716784,0.45215857,0.49202362,0.4904362,0.4577753,0.49180695,0.4064634,0.44387513,0.45478064,0.43557644,0.49580663,0.46497118,0.49419037,0.4360934,0.4590914,0.4652094,0.45678186,0.4316606,0.48494,0.43755424,0.43929657,0.45259976,0.44940293,0.47643235
0.4199398,0.3848601,0.35822892,0.38451034,0.44742188,0.38699937,0.3979596,0.3919279,0.41111907,0.42714968,0.41810876,0.388939,0.37831765,0.37648797,0.40868643,0.41119763,0.4379629,0.40829194,0.41439572,0.39941987,0.41381338,0.42005777,0.40728167,0.34656292,0.38540858,0.41369143,0.38382852,0.3812344,0.37380674,0.38615346,0.4154451,0.41997728,0.42914164,0.38003594,0.4054882,0.42010504,0.39663604,0.40090272,0.41585255,0.4193051,0.3873587,0.42288634,0.44815207,0.38494122,0.40300468,0.415538,0.42174834,0.40413272,0.38640165,0.42305094,0.4494004,0.40659457,0.42206562,0.42694616,0.4176708,0.42230305,0.3774412,0.4011134,0.4038533,0.43701118,0.4147612,0.39752012,0.41116196,0.4283,0.4182403,0.37199938,0.3942849,0.3880564,0.38403928,0.412694,0.40768942,0.41996497,0.46219915,0.37286377,0.4209054,0.41464877,0.42345864,0.40635198,0.4539045,0.42889154,0.41290078,0.41981354,0.38486236,0.42749837,0.4171704,0.3866344,0.38250664,0.43827233,0.459036,0.387868,0.41870648,0.39320564,0.3833808,0.41570312,0.4521036,0.37513927,0.40968633,0.40262297,0.38934234,0.43034273,0.39767444,0.3847366,0.410681,0.3972429,0.3534283,0.40885276,0.43140003,0.39020413,0.39960212,0.40014893,0.41555455,0.4142402,0.4142211,0.4043049,0.39114952,0.38087058,0.40599278,0.39455554,0.4000417,0.39846873,0.41881517,0.42268944,0.42102033,0.43768385,0.38858032,0.4341506,0.39843273,0.39699167,0.4109193,0.4201509,0.41208965,0.4249084,0.43909007,0.41682833,0.46453115,0.38096863,0.4271474,0.41060826,0.42332345,0.40819073,0.3989836,0.4193128,0.39186925,0.3884904,0.42812034,0.43279082,0.42731696,0.37277925,0.37953007,0.42772245,0.39165223,0.39916867,0.40571186,0.3849083,0.44249243,0.43288764,0.3697283,0.4165351,0.41108158,0.42232078,0.4149108,0.40439436,0.42041886,0.41760617,0.41951707,0.41477183,0.44107592,0.40617165,0.38535058,0.39914453,0.42163187,0.41370362,0.40415585,0.41826496,0.44434655,0.43982708,0.3792606,0.45237076,0.39198935,0.39334363,0.42748186,0.45448443,0.3719085,0.40893957,0.40881202,0.4292569,0.41638878,0.4205681,0.40483016,0.3714582,0.38601422,0.411586,0.4096939,0.3821645,0.4228068,0.40179223,0.42451173,0.3776052,0.4219937,0.37370902,0.39783365,0.4257366,0.41926473,0.40684456,0.41890356,0.37965727,0.36873344,0.38775873,0.3855339,0.4172343,0.39547715,0.4245072,0.40163794,0.38569605,0.44512126,0.42148805,0.40562284,0.38929433,0.40892798,0.3929951,0.3549072,0.43602186,0.3762268,0.43134776,0.42631954,0.39340562,0.46321708,0.42772824,0.4013899,0.4035414,0.4036623,0.40842795,0.44479698,0.4131122,0.4076489,0.42851916,0.42635223,0.4212454,0.39870298,0.41792446,0.42259425,0.4244642,0.41815093,0.39131346,0.39690065,0.42466184,0.41394877,0.41177264,0.3987625,0.41208848,0.39297763,0.40758413,0.41207302,0.3930115,0.37674433,0.41352347,0.41551012,0.39649454,0.4085453,0.42549872,0.42530584,0.41349822,0.38298336,0.40736544,0.4185425,0.39807627,0.4341827,0.41303143,0.4002022,0.40666866,0.42669493,0.4038142,0.35929462,0.41948932,0.41344732,0.41444114,0.3954577,0.42261747,0.39503583,0.37955666,0.40264148,0.4293142,0.40654883,0.40929872,0.46049637,0.40625778,0.3982545,0.41693178,0.41402695,0.3925256,0.4383738,0.4174646,0.40115258,0.41071615,0.42643827,0.4353308,0.40344793,0.4263607,0.4000455,0.3536008,0.40905535,0.39267513,0.41458255,0.41339204,0.40962243,0.38193828,0.41141963,0.41302508,0.42453337,0.38067535,0.37154022,0.41688448,0.42098546,0.42036548,0.40713775,0.40840486,0.36840674,0.3764876,0.39438882,0.41874665,0.43301302,0.39536506,0.41431785,0.39640543,0.38248354,0.46152136,0.41803092,0.39707756,0.4114291,0.3918165,0.4432639,0.41167426,0.40148547,0.4335815,0.43874744,0.40557167,0.39565122,0.4007904,0.44583654,0.3783069,0.3953909,0.43595237,0.37809116,0.36778346,0.42275625,0.40532732,0.41485155,0.39961162,0.42077145,0.398037,0.39564475,0.4023954,0.4537893,0.43103424,0.39123183,0.40303922,0.40882027,0.4315915,0.41468665,0.42488226,0.42234486,0.40181383,0.38570827,0.4006673,0.45024535,0.42834732,0.41478485,0.40518984,0.37517536,0.46319023,0.4139738,0.40635383,0.393263,0.42373306,0.44572616,0.39811984,0.40574044,0.39604914,0.3821329,0.4148838,0.40643632,0.37498638,0.43884552,0.41134208,0.45217705,0.39285052,0.38869688,0.45655432,0.4032568,0.4335762,0.4181316,0.44339076,0.43184626,0.41851,0.41744033,0.41180393,0.36519432,0.41265875,0.42138925,0.40755838,0.39930683,0.39853892,0.38152954,0.4289832,0.4666414,0.43377855,0.39838406,0.39781892,0.40413332,0.3799343,0.3936497,0.39218014,0.41599864,0.40113258,0.40955707,0.41060552,0.3833238,0.3959202,0.4477536,0.40292525,0.39217573,0.39189085,0.40225592,0.4297575,0.44963413,0.41597715,0.41429532,0.43667752,0.40022248,0.40905103,0.46507397,0.4023053,0.41125315,0.4361335,0.4192472,0.36627287,0.43054688,0.41929236,0.40756556,0.44073257,0.42021203,0.4315969,0.41999543,0.35871089,0.4220327,0.36907798,0.4040368,0.4060529,0.42315057,0.3916242,0.43177167,0.42823583,0.43468475,0.38487625,0.39497977,0.45035657,0.40718043,0.4229263,0.44361758,0.39790854,0.44802052,0.41682613,0.3833506,0.38425812,0.40925264,0.43720526,0.38657936,0.4747196,0.39308298,0.43302906,0.39561898,0.41303435,0.37074018,0.38421327,0.40868792,0.39652225,0.379937,0.41619813,0.43911096,0.42644987,0.42331973,0.4096951,0.41596505,0.41914678,0.42732272,0.3961171,0.43284398,0.43205595,0.41467756,0.37999415,0.42952508,0.45459437,0.38637915,0.40934044,0.39965576,0.4237427,0.42982662,0.4089229,0.4039935,0.39976284,0.39452335,0.4103461,0.40715277,0.41655594,0.43830192,0.38241518,0.41920635,0.4159633,0.39431784,0.3934958,0.41500214,0.46652946,0.3773653,0.42014807,0.401916,0.4516697,0.38483977,0.41985244,0.41398996,0.4253374,0.409825,0.39608502,0.38203317,0.41758987,0.38604468,0.45297354,0.4314211,0.42896724,0.41294152,0.39444762,0.4198651,0.42914855,0.4358592,0.41243052,0.4330241,0.38631612,0.3882075,0.39729726,0.41720456,0.38008198,0.42392316,0.41055828,0.39994007,0.42401862,0.40840036,0.41561583,0.41064584,0.39129403,0.41994548,0.44664955,0.4017114,0.4096542,0.3624753,0.43120044,0.3930063,0.38767886,0.37714761,0.41726875,0.40414494,0.4489285,0.4414512,0.4104085,0.4411283,0.40783033,0.41651744,0.42298603,0.40565905,0.42660233,0.4477663,0.43109903,0.38927683,0.39676887,0.4195253,0.35371774,0.4054448,0.40408298,0.4299636,0.3992332,0.4030404,0.42376903,0.38828298,0.39604026,0.3972926,0.437688,0.43328416,0.38567233,0.38933837,0.39795005,0.43890953,0.37580737,0.38281715,0.44506475,0.40766037,0.40848848,0.45381,0.41832894,0.39157936,0.4000416,0.41776133,0.37835497,0.4013332,0.39752623,0.40352544,0.41571268,0.43383592,0.41705588,0.39064124,0.426468,0.369797,0.41703135,0.43660867,0.44766298,0.40104127,0.3903598,0.38780132,0.42174807,0.37553066,0.39898974,0.4111254,0.36474472,0.41344675,0.3813807,0.4199657,0.38203216,0.40093786,0.41392156,0.407475,0.36804038,0.3731193,0.41559112,0.4213267,0.40867096,0.3975292,0.39299023,0.4150194,0.439423,0.42385158,0.4007857,0.41481707,0.4055487,0.37122524,0.41751587,0.3931587,0.41570532,0.40851718,0.41948655,0.35559207,0.3835544,0.4048975,0.41365474,0.38150138,0.38013345,0.4242086,0.41578087,0.38632387,0.43385494,0.3877957,0.40635067,0.43315756,0.4277303,0.395015,0.43316463,0.41693377,0.41280916,0.4099751,0.42410636,0.37572372,0.40575433,0.40640813,0.40359956,0.4196608,0.44320202,0.41583925,0.40442038,0.42249188,0.42369318,0.3780855,0.41582394,0.40291578,0.39575014,0.4487642,0.38575533,0.3943358,0.37707776,0.39541924,0.42297834,0.3966154,0.4131098,0.40604106,0.43468735,0.42235118,0.38776398,0.4126249,0.42396206,0.39593956,0.40562952,0.3989252,0.4238399,0.40617895,0.36964002,0.4395459,0.4103511,0.41658172,0.40270826,0.37925512,0.37628514,0.3840205,0.41844535,0.4032133,0.4086682,0.39737558,0.41980562,0.44140342,0.42138484,0.43285227,0.43095094,0.40790552,0.3853328,0.4127581,0.44846222,0.42507517,0.43327305,0.3950779,0.43378073,0.44683743,0.39689052,0.41731206,0.4028305,0.40721974,0.4224053,0.3848602,0.41390795,0.40380764,0.398719,0.38572276,0.3752769,0.40191916,0.39557278,0.3915996,0.4169728,0.39899355,0.43365574,0.4065448,0.35627782,0.4265656,0.42681915,0.4150069,0.39596808,0.41993973,0.39986756,0.4295522,0.37496483,0.43903047,0.40094027,0.40824336,0.38812873,0.394213,0.38107595,0.39361924,0.4501676,0.42634192,0.39054224,0.39984635,0.40673006,0.39362264,0.390859,0.42208093,0.4455867,0.40177602,0.4141949,0.42263967,0.40172154,0.4366095,0.41800624,0.37082008,0.40658388,0.39288026,0.432128,0.35687014,0.43432236,0.3917809,0.41163772,0.38567966,0.40299234,0.39434004,0.43548116,0.37692922,0.42037693,0.42165464,0.41040754,0.3834915,0.39209992,0.39744845,0.39990202,0.39655235,0.42221197,0.42877245,0.4138233,0.40225026,0.3960415,0.4143364,0.41214335,0.4619771,0.4046138,0.42715904,0.39086342,0.39268082,0.4099736,0.4104716,0.4523027,0.4447334,0.41579428,0.4176069,0.39564908,0.39037374,0.37876672,0.41718203,0.44029203,0.36647433,0.42630154,0.38199893,0.3721779,0.40899795,0.39045012,0.3995107,0.40812925,0.35657924,0.45878518,0.3955126,0.3765168,0.43653464,0.40851325,0.4086926,0.43973878,0.4101016,0.43887734,0.40339673,0.4261022,0.41077405,0.42274997,0.40289167,0.413925,0.4181454,0.4330935,0.44243112,0.38498798,0.40652278,0.44478044,0.40081537,0.42598,0.3967756,0.43292478,0.39514685,0.39334428,0.4076217,0.42939484,0.40599173,0.40485895,0.41956508,0.38811198,0.43129176,0.3997777,0.41152686,0.40616065,0.42318168,0.4526286,0.40246406,0.40823522,0.43448442,0.43478343,0.41044396,0.4084923,0.42445928,0.42420235,0.4137231,0.395699,0.43619022,0.3991258,0.3937369,0.42540514,0.46331403,0.38250464,0.39877084,0.39168763,0.41526946,0.38360503,0.44250923,0.43779227,0.3970642,0.40922278,0.41954657,0.4356133,0.37298775,0.38410634,0.41764605,0.37659365,0.41409266,0.4227483,0.41426548,0.45434844,0.38798755,0.3768155,0.40415946,0.39255464,0.4069956,0.40563,0.39714494,0.40009645,0.41797605,0.39871126,0.41742787,0.4246476,0.37475362,0.39321244,0.42832685,0.39025012,0.3605222,0.4210179,0.43167073,0.38801402,0.3878789,0.394853,0.36994407,0.42292917,0.37155733,0.39980778,0.42513612,0.4020021,0.3828363,0.3851839,0.40283805,0.40295398,0.4252314,0.42741767,0.38527688,0.408396,0.4355139,0.3994759,0.3667173,0.41378498,0.41331255,0.4057061,0.39052773,0.42277014,0.43578768,0.39339817,0.41525632,0.43675274,0.39228263,0.40819544,0.4284647,0.40556958,0.4177656,0.40485185,0.38996366,0.41500518,0.41991138,0.40138683,0.39570585,0.40653488,0.42546472,0.3985752,0.40911126,0.38950378,0.42608172,0.4259224,0.39992768,0.39045954,0.378456,0.4206756,0.42383963,0.38670337,0.3823452,0.35864985,0.36245236,0.40293813,0.44180128,0.40253672,0.39878148,0.4146407,0.4285662,0.39290154,0.3530301,0.41789618,0.44486606,0.38467294,0.45035928,0.42920402,0.45781028,0.38210055,0.41410595,0.41211316,0.41147992,0.3807616,0.41481662,0.399648,0.38903886,0.40796858,0.43149093,0.40993735
0.41532263,0.37276176,0.3612873,0.4014579,0.42401463,0.41345388,0.425311,0.41752857,0.40621972,0.423197,0.40198052,0.3862259,0.39757282,0.38788283,0.40493354,0.4205256,0.4187657,0.38643217,0.40484124,0.4294368,0.3904521,0.41259864,0.4059186,0.4096418,0.42080194,0.41571954,0.41336545,0.42388022,0.4265174,0.38031,0.40044534,0.44677538,0.41632223,0.43544787,0.36311015,0.41706258,0.40403637,0.39721727,0.40341786,0.37771845,0.39206284,0.4159872,0.42784,0.41000748,0.4016046,0.3798782,0.45430434,0.4088928,0.41850337,0.41569072,0.45935032,0.41407007,0.42983794,0.41426313,0.40260133,0.4433099,0.3997744,0.39161646,0.41719618,0.45067257,0.4220562,0.39701304,0.4406476,0.4075125,0.43677098,0.38528046,0.42505288,0.4253446,0.43228266,0.43056637,0.45016783,0.43582755,0.4662168,0.36205035,0.3674899,0.42234993,0.4304198,0.4088257,0.4096363,0.4063213,0.4421462,0.43632162,0.4208457,0.43992874,0.42231104,0.42686167,0.42198926,0.46274328,0.4202702,0.4094443,0.41421384,0.3890199,0.41846478,0.423283,0.40352505,0.40559882,0.43835732,0.4015437,0.39085484,0.3997962,0.41669422,0.4246583,0.4076422,0.44860357,0.4489109,0.37029636,0.404944,0.44487804,0.3613942,0.43742123,0.39726672,0.37719536,0.37976936,0.35457474,0.44744423,0.3722565,0.4564983,0.39960572,0.40450323,0.39906803,0.40520066,0.41606826,0.390041,0.39667296,0.41186938,0.4549623,0.45541444,0.38803738,0.4170163,0.45211396,0.3964991,0.3681475,0.43324023,0.42207912,0.44303733,0.40627563,0.43708283,0.40274048,0.41106504,0.37139866,0.42815477,0.4063554,0.42488924,0.3785922,0.40133548,0.43681765,0.4213202,0.445517,0.38776687,0.41325653,0.41131774,0.43599096,0.43720776,0.38300413,0.39313382,0.40519682,0.4670035,0.43560597,0.4249049,0.4319606,0.40069664,0.38429004,0.44746053,0.43293238,0.4093038,0.3954618,0.43963623,0.39379928,0.41422218,0.41115257,0.40989777,0.41681743,0.38236582,0.36840293,0.42469093,0.4536302,0.44729358,0.4299509,0.3964521,0.4203022,0.4537136,0.43291545,0.3955873,0.43462288,0.440702,0.42524835,0.3724165,0.39913684,0.40309238,0.40103957,0.42743385,0.42053887,0.39009675,0.41851926,0.40747356,0.40780818,0.38837478,0.4082405,0.44074076,0.3839766,0.4131614,0.4393311,0.4313162,0.42860457,0.40341258,0.4046978,0.40624833,0.38559985,0.4300412,0.447733,0.41630906,0.41509065,0.42737716,0.42981642,0.41670185,0.41654608,0.42668602,0.37289608,0.39127606,0.4155078,0.39832267,0.38949022,0.42031622,0.45109782,0.4222926,0.37544674,0.4310286,0.42479765,0.41554666,0.44774324,0.3781804,0.39881185,0.38329172,0.39823514,0.35741287,0.4211648,0.4565286,0.39443904,0.39719367,0.42841232,0.43153444,0.46130344,0.4322526,0.39295432,0.40245825,0.41826797,0.38937843,0.43931296,0.44585463,0.41727144,0.39903784,0.41066816,0.39780086,0.41254735,0.4143668,0.42367187,0.4456166,0.41570717,0.44139582,0.4569663,0.40335876,0.36925694,0.4287738,0.37992746,0.47927052,0.41175303,0.3908754,0.41209376,0.3721652,0.39606735,0.41885167,0.4144128,0.3758494,0.45117795,0.4390998,0.42751333,0.40086907,0.38962927,0.40498033,0.44178724,0.43013394,0.45213616,0.45845628,0.4232781,0.4664597,0.43319082,0.4089578,0.37492913,0.43746197,0.42303368,0.40417925,0.44872,0.43453115,0.40089333,0.41482413,0.47161067,0.39688295,0.41701207,0.4138361,0.3983646,0.45346433,0.40948772,0.41179025,0.42363572,0.42479968,0.36973628,0.42494994,0.40657604,0.39609137,0.40092716,0.41442123,0.43230847,0.4205091,0.37952584,0.39536285,0.4198031,0.43760097,0.3737986,0.39666706,0.3933349,0.42261916,0.3732202,0.38862813,0.38619137,0.40595603,0.42960563,0.45029157,0.42506677,0.4273777,0.43420413,0.4279079,0.39443693,0.4385345,0.43157014,0.43629438,0.49726668,0.36640465,0.42078075,0.43445203,0.38565218,0.45194137,0.42414692,0.38548335,0.4207345,0.4155636,0.43429556,0.41195825,0.43566275,0.41448554,0.4561596,0.43717766,0.39140737,0.4437837,0.46023333,0.3962026,0.36818078,0.39411443,0.40666372,0.4017006,0.40280706,0.44585842,0.40547413,0.4416665,0.41197786,0.45252895,0.38632703,0.41184232,0.44528598,0.40483442,0.4549806,0.4690365,0.41562033,0.43259093,0.47795892,0.4403143,0.3821915,0.39504814,0.40929687,0.37491357,0.40766737,0.4084017,0.35982656,0.39855283,0.45205602,0.39243478,0.43715402,0.41992015,0.44571197,0.4090609,0.39170808,0.4413673,0.44435006,0.45673904,0.40569502,0.41940355,0.37906477,0.44971177,0.44466442,0.41001818,0.42962903,0.40537652,0.4487359,0.39221174,0.40933207,0.41214573,0.39890164,0.40365407,0.42632604,0.43268016,0.3994942,0.40153155,0.387943,0.4099428,0.42944893,0.43669304,0.41772124,0.43736744,0.3963207,0.4395304,0.47422883,0.4117412,0.38031507,0.42134675,0.4121809,0.4460999,0.4375179,0.44599384,0.45182124,0.39424115,0.42963338,0.41928825,0.4167022,0.4135127,0.42462713,0.36733893,0.41928324,0.39285052,0.41275606,0.39928612,0.43357015,0.36657178,0.37973598,0.38741714,0.38615054,0.41350377,0.4197932,0.40387425,0.4203661,0.42674586,0.4172801,0.3883801,0.42475393,0.42320782,0.46641707,0.40582633,0.3908046,0.40897104,0.42266816,0.41814658,0.46013343,0.45692784,0.4372071,0.37632966,0.3992939,0.39786363,0.41204962,0.40918395,0.4478453,0.4412411,0.41352722,0.40240908,0.3785969,0.4405622,0.43310654,0.45302537,0.44402006,0.3959821,0.39553893,0.43855727,0.43749127,0.43869132,0.38110358,0.40962735,0.42015114,0.44146448,0.41683948,0.43307292,0.42098865,0.3974542,0.3734019,0.3729193,0.38815832,0.38404667,0.41834873,0.40593314,0.41607216,0.38702098,0.40153745,0.4259219,0.41105005,0.38718325,0.3978327,0.4232321,0.39436823,0.44564617,0.45322222,0.41222498,0.44259834,0.4096457,0.3937192,0.406295,0.421793,0.4141393,0.4303785,0.45707124,0.4417605,0.41900977,0.41703212,0.43965888,0.45055702,0.44852528,0.3843781,0.37288707,0.44495603,0.39503604,0.4635694,0.43583912,0.4651457,0.41986325,0.39605376,0.43184146,0.46996048,0.41498402,0.39082307,0.38960424,0.395484,0.3901365,0.4163585,0.4118086,0.4354779,0.4155939,0.40103018,0.4433474,0.44339037,0.39164793,0.41160738,0.38604516,0.4430365,0.4025081,0.48281613,0.4021554,0.4100849,0.3947042,0.4158677,0.38471717,0.36393458,0.40132904,0.39659688,0.40111968,0.45495325,0.39724666,0.3736569,0.40824336,0.41966993,0.4285948,0.44825447,0.39929974,0.46501583,0.4326752,0.38105443,0.4409721,0.40772176,0.39401007,0.34157956,0.39447454,0.42607865,0.4592836,0.44977176,0.37631404,0.44292912,0.40510368,0.44993272,0.37788737,0.44860584,0.44858843,0.4239374,0.36627686,0.38826078,0.39371043,0.39800242,0.4016118,0.41829896,0.41868463,0.46045622,0.41263378,0.36936986,0.39017677,0.41228712,0.41893512,0.41446495,0.3991951,0.3960793,0.41524595,0.4371833,0.4591485,0.46746415,0.3701491,0.42488918,0.45779452,0.41941822,0.38137174,0.4179709,0.41155875,0.3726781,0.43022582,0.41321862,0.3938008,0.4065928,0.38642013,0.431533,0.4361743,0.39991453,0.3782737,0.4182623,0.3740694,0.40379056,0.44588792,0.4197017,0.4326702,0.3951328,0.43298766,0.43415484,0.44672608,0.4594513,0.41882414,0.39196968,0.41768086,0.41383165,0.38369247,0.41947952,0.41946584,0.39467028,0.4331259,0.3952703,0.4085789,0.39956966,0.36430183,0.40338853,0.37153965,0.41217288,0.4456696,0.40920854,0.41443402,0.44562724,0.4337012,0.41907975,0.38609785,0.36256948,0.44681013,0.43148163,0.38586685,0.4177111,0.42386878,0.39003432,0.4148323,0.4264646,0.44186342,0.41913775,0.43375015,0.4219405,0.4151571,0.4255885,0.4132858,0.37082508,0.41194054,0.4542008,0.39108762,0.45218137,0.41032484,0.3972503,0.43237287,0.42145267,0.45370787,0.42869362,0.37744176,0.47065657,0.44382608,0.43680608,0.45738345,0.4344899,0.36830023,0.41644388,0.410287,0.42104894,0.40527967,0.4157449,0.4461437,0.3953935,0.36976326,0.43459725,0.4113009,0.43056056,0.4241318,0.40876013,0.4116053,0.40283865,0.37484145,0.4090641,0.44470054,0.4183113,0.3853046,0.390129,0.415053,0.3957181,0.42311177,0.4430614,0.37787348,0.42982087,0.4146363,0.38102454,0.44129598,0.49477887,0.43719155,0.42788815,0.42910656,0.42092168,0.4553962,0.415963,0.39097032,0.4249503,0.38664284,0.42354375,0.39209706,0.400637,0.39430505,0.4042537,0.40918726,0.39781824,0.3854698,0.44754624,0.41757396,0.42897183,0.4570495,0.3715283,0.40518218,0.43234295,0.41185993,0.41908187,0.40817326,0.44341117,0.43054622,0.4441305,0.41643327,0.4261665,0.42528796,0.39423436,0.41267893,0.37784922,0.37848234,0.42330584,0.43408406,0.4189944,0.4096659,0.3529477,0.40477997,0.45450142,0.38119492,0.4242524,0.4426732,0.41524,0.42125428,0.40460587,0.39806584,0.40525585,0.3986721,0.46099547,0.42888752,0.35889497,0.39589295,0.39728993,0.44288275,0.39422244,0.4322825,0.41576415,0.39437282,0.3847462,0.3967709,0.45673054,0.4064331,0.42669183,0.39021736,0.38539928,0.44026005,0.4266038,0.4117741,0.42421725,0.453546,0.42423296,0.38518053,0.43637544,0.42972934,0.43310618,0.45457956,0.35730138,0.39788073,0.39901704,0.4193955,0.42645267,0.41824728,0.44142747,0.42087796,0.46901095,0.39079177,0.41422066,0.414118,0.3938478,0.38748837,0.42965662,0.35157198,0.42429265,0.4691561,0.38526917,0.42376852,0.4149207,0.41768092,0.3881505,0.40784612,0.43159825,0.4492884,0.43006635,0.4106194,0.42842537,0.4245086,0.4305861,0.35515848,0.45409727,0.38762206,0.4335323,0.49580213,0.41458836,0.39622626,0.41838276,0.40235972,0.42729384,0.42131165,0.43981582,0.41996482,0.4093179,0.4624374,0.40177795,0.40584838,0.42582512,0.41450125,0.40925258,0.45594037,0.4229351,0.40413386,0.392508,0.4549523,0.3921335,0.37342957,0.4163499,0.41992602,0.4082281,0.39395663,0.42959028,0.4026487,0.38222334,0.450745,0.36997494,0.46213275,0.45500037,0.40125793,0.40988147,0.38796574,0.38420317,0.36331794,0.40887538,0.39118108,0.47547108,0.42436045,0.41133747,0.4329844,0.41015106,0.43521938,0.4053446,0.41177905,0.4372602,0.41272247,0.42646867,0.44116044,0.38287312,0.3686401,0.42273712,0.42726398,0.42959934,0.3579558,0.44528288,0.37479502,0.4394437,0.39390385,0.43293786,0.4177767,0.40483034,0.4079646,0.46562618,0.44112924,0.409631,0.38736275,0.4318522,0.43139637,0.44993967,0.38918376,0.4258565,0.43184042,0.36749583,0.3638395,0.39408216,0.40374482,0.4171301,0.4301484,0.39611816,0.41429672,0.44809195,0.3565619,0.4085555,0.44372323,0.43553296,0.41083014,0.41255632,0.44979078,0.3977856,0.4313079,0.44491905,0.41015458,0.42616156,0.44490883,0.39954206,0.39436138,0.4221248,0.4369948,0.36479914,0.42464092,0.40467227,0.40384248,0.38475287,0.39589795,0.4326606,0.42209178,0.43465072,0.40183762,0.42435175,0.4314576,0.41882497,0.41572067,0.43237725,0.42168278,0.45443887,0.43670422,0.4263133,0.39534515,0.4065888,0.35318264,0.44151753,0.42583066,0.36299232,0.42803526,0.41091922,0.37582424,0.4352514,0.39417505,0.3779236,0.43860382,0.4030032,0.37489015,0.40299466,0.41550982,0.41325796,0.38028988,0.43487746,0.42961925,0.41149107,0.39020413,0.4103136,0.42096806,0.38771912,0.41652074,0.41668916,0.40028086,0.41801,0.38321257,0.4239173,0.45029113,0.37995505,0.40341195,0.4246585,0.403805,0.42714387,0.41493982,0.4375107
0.30819476,0.29341072,0.28944746,0.30947995,0.34139907,0.33384183,0.29653627,0.31596196,0.2934375,0.3008285,0.3123976,0.30238372,0.3398458,0.31410384,0.29669645,0.31055212,0.31169793,0.286439,0.294265,0.33528897,0.30838475,0.2853367,0.3069997,0.31349033,0.29458505,0.30465734,0.30435425,0.29066822,0.32252207,0.29664463,0.29772812,0.33033723,0.2886703,0.30573934,0.31266356,0.32336244,0.30872637,0.32507887,0.30900958,0.31537738,0.29809737,0.3233413,0.30750996,0.30288234,0.30524617,0.2916256,0.36166647,0.31766307,0.3091693,0.30925453,0.35526243,0.29764327,0.3099177,0.30454245,0.32177016,0.32543954,0.2910778,0.31926253,0.3157771,0.338101,0.32328266,0.3146914,0.33756676,0.33349624,0.3195957,0.2734119,0.31418064,0.31498978,0.30303353,0.34680715,0.32506442,0.33281866,0.307714,0.28411984,0.2710024,0.32135978,0.29234004,0.321797,0.31085563,0.30098426,0.3241183,0.2882399,0.29700863,0.26169118,0.30727184,0.2857989,0.28980765,0.3145791,0.3218193,0.303635,0.32942533,0.3016583,0.27834293,0.31395832,0.29280242,0.29874268,0.29646847,0.29216522,0.3087878,0.3116586,0.3058521,0.31745255,0.28934988,0.33717337,0.29409462,0.3198383,0.3182817,0.32022846,0.30303642,0.32362047,0.25866908,0.31389374,0.30010945,0.28352743,0.32664064,0.3234606,0.35013333,0.299694,0.32357594,0.2945937,0.2880114,0.27027786,0.31549066,0.3005923,0.30884612,0.3479881,0.30740902,0.28339246,0.30288434,0.33979365,0.30032164,0.29876193,0.30163497,0.3253968,0.31873807,0.3131046,0.31666696,0.3143835,0.30425024,0.29310793,0.31945342,0.3056847,0.2939318,0.28608268,0.28457302,0.34031326,0.3200732,0.2902802,0.3164568,0.28508475,0.29843682,0.33703667,0.28392643,0.29702082,0.32497936,0.30179173,0.32760847,0.30430508,0.3108304,0.34838206,0.2844607,0.3230789,0.3098213,0.33723402,0.30719626,0.2833127,0.3008594,0.28322154,0.29440922,0.31364667,0.28159726,0.3451591,0.29496205,0.2942992,0.31847566,0.3196989,0.30062267,0.32126582,0.29293954,0.29457027,0.31169483,0.31389135,0.3104598,0.31610566,0.32129836,0.316204,0.30593857,0.30476314,0.32785064,0.28501096,0.3111793,0.29720777,0.2876422,0.31543383,0.3280039,0.31296635,0.31745493,0.2961635,0.33837157,0.31929925,0.29722878,0.35458606,0.3041379,0.34260133,0.3080744,0.32499048,0.2829945,0.29101586,0.3056063,0.32093745,0.29185003,0.2781672,0.29563707,0.30100092,0.30159375,0.30601403,0.32114017,0.31401935,0.30589518,0.3209474,0.3247121,0.3054177,0.31465113,0.31796032,0.31272057,0.29276606,0.29847994,0.33090666,0.34583765,0.29511154,0.32344776,0.28713733,0.28185317,0.2742577,0.27839077,0.3419277,0.3085365,0.3190446,0.31836373,0.32579136,0.3092227,0.33404824,0.34844956,0.31033835,0.30349487,0.32140854,0.33526167,0.34324345,0.3536411,0.33031648,0.30116665,0.2782162,0.27751362,0.31648314,0.33682227,0.3377152,0.32616293,0.2949299,0.3198899,0.34521717,0.29688913,0.27457482,0.31166968,0.29423743,0.35194442,0.30945393,0.28461105,0.2985444,0.33167598,0.29043362,0.31008172,0.29039025,0.28551316,0.31981143,0.3085459,0.32994637,0.29698715,0.32043165,0.29595855,0.3085442,0.3414928,0.35567087,0.32029834,0.3076333,0.3293627,0.3169025,0.3200055,0.31468114,0.3194866,0.31523532,0.31233454,0.3277826,0.33819523,0.32528684,0.32182437,0.31979835,0.31426346,0.3018755,0.29673305,0.30781874,0.27955994,0.32371762,0.33395183,0.3307569,0.291138,0.29123554,0.28694987,0.30640247,0.30480292,0.31040278,0.28288868,0.32305232,0.32595772,0.3028614,0.28164163,0.31268588,0.3224388,0.3160378,0.3372796,0.30877748,0.3068481,0.2914036,0.31511784,0.3111464,0.31611478,0.28871715,0.30724695,0.31401718,0.3114083,0.29668826,0.2970547,0.29512215,0.34320265,0.33609644,0.34342015,0.35543782,0.30932465,0.2946254,0.3132255,0.28110537,0.3156927,0.31071708,0.27053437,0.3028579,0.2982732,0.3165568,0.3091541,0.31121126,0.30362377,0.3078368,0.33415234,0.2928885,0.3039228,0.30016163,0.30009747,0.31204414,0.3181759,0.3112124,0.32668743,0.30956548,0.30371514,0.28948364,0.3071777,0.31189805,0.29958704,0.31484985,0.3262379,0.30870658,0.314658,0.314286,0.30038607,0.30257645,0.29935926,0.34081918,0.315635,0.29951894,0.31029767,0.2817299,0.3186115,0.30413085,0.31886432,0.2729654,0.3019307,0.29483798,0.28445378,0.32120132,0.30914286,0.31157312,0.29933724,0.31483334,0.2920411,0.303224,0.3278265,0.27062213,0.29789084,0.28974035,0.31933877,0.31132334,0.33996767,0.2928479,0.30484676,0.32395038,0.30425906,0.29694474,0.26355225,0.32090154,0.3154686,0.28936365,0.30330974,0.34454063,0.29400438,0.31563354,0.30094135,0.30363423,0.31531614,0.29996192,0.31300318,0.2995244,0.33695385,0.31612515,0.28292704,0.2984233,0.30891466,0.30767232,0.326927,0.32089835,0.3321648,0.3161667,0.3327001,0.343642,0.31336772,0.28826937,0.2898737,0.325841,0.31241855,0.30629045,0.29744047,0.28416073,0.31471193,0.29051286,0.26549506,0.30953646,0.30545634,0.28104034,0.29246712,0.2811365,0.31356826,0.29665992,0.31012487,0.30680636,0.28448325,0.30999252,0.32009137,0.312826,0.31503683,0.27727,0.3218035,0.3182023,0.3005195,0.32463083,0.30790326,0.29970157,0.3165046,0.30485845,0.33295473,0.31914556,0.28687727,0.3111865,0.302575,0.30605116,0.29737076,0.27447367,0.31889343,0.31499237,0.32393032,0.31905702,0.31473887,0.32182026,0.3202428,0.3351537,0.29991502,0.31495497,0.30184633,0.31974044,0.32656324,0.32188717,0.329598,0.31171253,0.29981077,0.29075488,0.28362238,0.28432631,0.28922057,0.29667613,0.2864287,0.3375476,0.28239554,0.30226195,0.34010625,0.29905128,0.28988072,0.30002233,0.3284322,0.30465597,0.32474226,0.31067458,0.29729322,0.287605,0.2924445,0.3091196,0.29812536,0.3376454,0.304872,0.32694218,0.32002118,0.3074534,0.32151872,0.29590216,0.32326138,0.34692225,0.3460068,0.30210826,0.3110193,0.3391338,0.29928827,0.33654264,0.33269423,0.3275785,0.2953963,0.31568804,0.3394087,0.37361178,0.32246017,0.3007023,0.28000733,0.2959083,0.31247112,0.31752998,0.3156505,0.3219661,0.30001643,0.29740372,0.32210225,0.32090756,0.28925064,0.29729912,0.3307699,0.3420119,0.31437543,0.32768756,0.30224323,0.3142888,0.2824382,0.29798853,0.3081482,0.29244897,0.25898743,0.30236417,0.2924575,0.31538445,0.2967092,0.28229314,0.29659227,0.31861523,0.29984456,0.31345913,0.30453727,0.32390496,0.30374473,0.29149103,0.33163926,0.31999803,0.31616828,0.26016665,0.27236542,0.3378474,0.3493561,0.3282303,0.28951433,0.30536503,0.34328008,0.31268328,0.30182713,0.31719828,0.31811762,0.33416927,0.2991268,0.27774617,0.30823046,0.3060943,0.31467253,0.3323835,0.317407,0.31680182,0.3214737,0.28247207,0.31352705,0.32678127,0.3239916,0.33706275,0.3055227,0.32440737,0.32682964,0.32150403,0.32238913,0.32781586,0.30058056,0.30772924,0.3115064,0.32119426,0.31819117,0.31722337,0.31059098,0.2846695,0.3613818,0.2889985,0.31130487,0.28055447,0.29525858,0.29578513,0.33297524,0.29330775,0.30830193,0.30161607,0.27697352,0.33512294,0.33348262,0.3053969,0.30130517,0.32699192,0.32789218,0.28914776,0.3219639,0.33516687,0.30029646,0.30090615,0.31519812,0.30209178,0.3328723,0.32681102,0.29753697,0.3149879,0.32710564,0.31141627,0.2991551,0.3235985,0.30260664,0.2813542,0.29331484,0.29175025,0.31236184,0.3135268,0.32786798,0.33385837,0.30337077,0.29755256,0.2747443,0.28956625,0.32749668,0.3350051,0.29880077,0.33008683,0.30299994,0.30845279,0.30507082,0.33915496,0.32057735,0.31309414,0.32266432,0.30291134,0.3232106,0.31564018,0.31548154,0.322828,0.30001655,0.33501226,0.3130139,0.32602045,0.3003592,0.32386228,0.33059478,0.3018486,0.33571932,0.33613306,0.29379392,0.33286852,0.3138237,0.33185926,0.32882977,0.32268053,0.28540707,0.30535176,0.33498988,0.29760602,0.30589405,0.30183008,0.32466918,0.30273598,0.31597,0.3267167,0.3078986,0.30741298,0.32122868,0.28627804,0.30371028,0.30365685,0.29963076,0.3125499,0.2956242,0.29632178,0.2830122,0.29970366,0.33527356,0.3115697,0.30640987,0.30032936,0.30755025,0.30623615,0.33283862,0.31188986,0.3493381,0.36549258,0.3280056,0.3414974,0.31628445,0.3202971,0.32487327,0.3105841,0.30820498,0.3246392,0.300966,0.32859188,0.30302066,0.29996836,0.28935528,0.29383862,0.32352522,0.32334018,0.29755068,0.3199089,0.32825288,0.31002027,0.3392139,0.278832,0.31888473,0.3253517,0.30203503,0.3004007,0.29346868,0.32440135,0.30024296,0.3157503,0.29160777,0.30545044,0.31299412,0.28741923,0.30956492,0.27694803,0.30027276,0.340557,0.3292187,0.30762768,0.2954964,0.30330905,0.31464666,0.31043133,0.31840593,0.3373398,0.30622137,0.33494562,0.33456624,0.31063533,0.322352,0.30711058,0.31896856,0.32138193,0.296443,0.25374758,0.2965115,0.3236701,0.31561306,0.32732368,0.321177,0.3259798,0.30396155,0.29775178,0.31033075,0.32938698,0.29192317,0.30456266,0.33842325,0.33498618,0.32160616,0.3045452,0.29687536,0.32886958,0.31035903,0.31105033,0.2881865,0.32133377,0.34022826,0.32716402,0.30743212,0.31393796,0.31503174,0.32268345,0.29239124,0.29204518,0.30839306,0.3256903,0.31053182,0.320209,0.3155223,0.3373038,0.30729485,0.27547306,0.31851584,0.3268991,0.27095821,0.32883513,0.31728914,0.29853326,0.32382762,0.32975498,0.3230339,0.29248196,0.30125812,0.3039223,0.3355598,0.2920658,0.3271579,0.30853415,0.31833485,0.3248187,0.31050727,0.33017418,0.3162917,0.3116524,0.346585,0.31409705,0.27360582,0.29485777,0.2942531,0.32336083,0.32558447,0.33430797,0.28554508,0.32234246,0.3434133,0.2902903,0.29535025,0.31693873,0.3015502,0.32653463,0.32188594,0.30030546,0.29812264,0.30813494,0.3008009,0.2800868,0.28706,0.31830615,0.32607105,0.27482262,0.30967906,0.31781158,0.32926998,0.27337116,0.32654592,0.2945296,0.27395883,0.3061085,0.30587584,0.29118466,0.30662054,0.321943,0.30296195,0.31797743,0.2982518,0.30461445,0.306039,0.2959336,0.33103395,0.29927874,0.33443853,0.30680034,0.3338284,0.34504926,0.32183552,0.3130451,0.35986033,0.3238438,0.29439095,0.32024264,0.3183595,0.33631152,0.27389196,0.342318,0.27382696,0.3288408,0.29685324,0.33713502,0.30634835,0.2961402,0.27887872,0.35436255,0.30557123,0.295214,0.2902282,0.33594874,0.32618135,0.3339165,0.30110914,0.32055283,0.31488705,0.28446677,0.3051577,0.30479878,0.30155343,0.30185392,0.30951563,0.28695238,0.30104563,0.33593613,0.29738715,0.32316706,0.30280098,0.32872993,0.31302693,0.30452055,0.3347201,0.3089311,0.32611364,0.29565236,0.28249052,0.29202712,0.3166732,0.28324348,0.2926728,0.29971936,0.27573913,0.35015538,0.32350427,0.3046786,0.31234717,0.31067646,0.2741507,0.3251013,0.32737702,0.34304756,0.28357053,0.2889441,0.3008929,0.28881678,0.32691833,0.32412887,0.30699664,0.32624573,0.30062705,0.32063824,0.3005462,0.27774096,0.27246118,0.29921466,0.34675837,0.29816976,0.2983808,0.3203659,0.28571555,0.32101786,0.30583155,0.31684712,0.28992134,0.28767276,0.2824855,0.32063505,0.33339158,0.31406605,0.33720443,0.3360095,0.3297719,0.3438784,0.30101457,0.3070693,0.33216354,0.284619,0.33254933,0.31648198,0.30549002,0.3046862,0.29325616,0.3092984,0.30568314,0.3206121,0.29273126,0.30126315,0.3050896,0.30366105,0.29897237,0.3207154
0.0,0.0,0.0,0.0,0.0,0.0,0.0,0.0,0.0,0.0,0.0,0.0,0.0,0.0,0.0,0.0,0.0,0.0,0.0,0.0,0.0,0.0,0.0,0.0,0.0,0.0,0.0,0.0,0.0,0.0,0.0,0.0,0.0,0.0,0.0,0.0,0.0,0.0,0.0,0.0,0.0,0.0,0.0,0.0,0.0,0.0,0.0,0.0,0.0,0.0,0.0,0.0,0.0,0.0,0.0,0.0,0.0,0.0,0.0,0.0,0.0,0.0,0.0,0.0,0.0,0.0,0.0,0.0,0.0,0.0,0.0,0.0,0.0,0.0,0.0,0.0,0.0,0.0,0.0,0.0,0.0,0.0,0.0,0.0,0.0,0.0,0.0,0.0,0.0,0.0,0.0,0.0,0.0,0.0,0.0,0.0,0.0,0.0,0.0,0.0,0.0,0.0,0.0,0.0,0.0,0.0,0.0,0.0,0.0,0.0,0.0,0.0,0.0,0.0,0.0,0.0,0.0,0.0,0.0,0.0,0.0,0.0,0.0,0.0,0.0,0.0,0.0,0.0,0.0,0.0,0.0,0.0,0.0,0.0,0.0,0.0,0.0,0.0,0.0,0.0,0.0,0.0,0.0,0.0,0.0,0.0,0.0,0.0,0.0,0.0,0.0,0.0,0.0,0.0,0.0,0.0,0.0,0.0,0.0,0.0,0.0,0.0,0.0,0.0,0.0,0.0,0.0,0.0,0.0,0.0,0.0,0.0,0.0,0.0,0.0,0.0,0.0,0.0,0.0,0.0,0.0,0.0,0.0,0.0,0.0,0.0,0.0,0.0,0.0,0.0,0.0,0.0,0.0,0.0,0.0,0.0,0.0,0.0,0.0,0.0,0.0,0.0,0.0,0.0,0.0,0.0,0.0,0.0,0.0,0.0,0.0,0.0,0.0,0.0,0.0,0.0,0.0,0.0,0.0,0.0,0.0,0.0,0.0,0.0,0.0,0.0,0.0,0.0,0.0,0.0,0.0,0.0,0.0,0.0,0.0,0.0,0.0,0.0,0.0,0.0,0.0,0.0,0.0,0.0,0.0,0.0,0.0,0.0,0.0,0.0,0.0,0.0,0.0,0.0,0.0,0.0,0.0,0.0,0.0,0.0,0.0,0.0,0.0,0.0,0.0,0.0,0.0,0.0,0.0,0.0,0.0,0.0,0.0,0.0,0.0,0.0,0.0,0.0,0.0,0.0,0.0,0.0,0.0,0.0,0.0,0.0,0.0,0.0,0.0,0.0,0.0,0.0,0.0,0.0,0.0,0.0,0.0,0.0,0.0,0.0,0.0,0.0,0.0,0.0,0.0,0.0,0.0,0.0,0.0,0.0,0.0,0.0,0.0,0.0,0.0,0.0,0.0,0.0,0.0,0.0,0.0,0.0,0.0,0.0,0.0,0.0,0.0,0.0,0.0,0.0,0.0,0.0,0.0,0.0,0.0,0.0,0.0,0.0,0.0,0.0,0.0,0.0,0.0,0.0,0.0,0.0,0.0,0.0,0.0,0.0,0.0,0.0,0.0,0.0,0.0,0.0,0.0,0.0,0.0,0.0,0.0,0.0,0.0,0.0,0.0,0.0,0.0,0.0,0.0,0.0,0.0,0.0,0.0,0.0,0.0,0.0,0.0,0.0,0.0,0.0,0.0,0.0,0.0,0.0,0.0,0.0,0.0,0.0,0.0,0.0,0.0,0.0,0.0,0.0,0.0,0.0,0.0,0.0,0.0,0.0,0.0,0.0,0.0,0.0,0.0,0.0,0.0,0.0,0.0,0.0,0.0,0.0,0.0,0.0,0.0,0.0,0.0,0.0,0.0,0.0,0.0,0.0,0.0,0.0,0.0,0.0,0.0,0.0,0.0,0.0,0.0,0.0,0.0,0.0,0.0,0.0,0.0,0.0,0.0,0.0,0.0,0.0,0.0,0.0,0.0,0.0,0.0,0.0,0.0,0.0,0.0,0.0,0.0,0.0,0.0,0.0,0.0,0.0,0.0,0.0,0.0,0.0,0.0,0.0,0.0,0.0,0.0,0.0,0.0,0.0,0.0,0.0,0.0,0.0,0.0,0.0,0.0,0.0,0.0,0.0,0.0,0.0,0.0,0.0,0.0,0.0,0.0,0.0,0.0,0.0,0.0,0.0,0.0,0.0,0.0,0.0,0.0,0.0,0.0,0.0,0.0,0.0,0.0,0.0,0.0,0.0,0.0,0.0,0.0,0.0,0.0,0.0,0.0,0.0,0.0,0.0,0.0,0.0,0.0,0.0,0.0,0.0,0.0,0.0,0.0,0.0,0.0,0.0,0.0,0.0,0.0,0.0,0.0,0.0,0.0,0.0,0.0,0.0,0.0,0.0,0.0,0.0,0.0,0.0,0.0,0.0,0.0,0.0,0.0,0.0,0.0,0.0,0.0,0.0,0.0,0.0,0.0,0.0,0.0,0.0,0.0,0.0,0.0,0.0,0.0,0.0,0.0,0.0,0.0,0.0,0.0,0.0,0.0,0.0,0.0,0.0,0.0,0.0,0.0,0.0,0.0,0.0,0.0,0.0,0.0,0.0,0.0,0.0,0.0,0.0,0.0,0.0,0.0,0.0,0.0,0.0,0.0,0.0,0.0,0.0,0.0,0.0,0.0,0.0,0.0,0.0,0.0,0.0,0.0,0.0,0.0,0.0,0.0,0.0,0.0,0.0,0.0,0.0,0.0,0.0,0.0,0.0,0.0,0.0,0.0,0.0,0.0,0.0,0.0,0.0,0.0,0.0,0.0,0.0,0.0,0.0,0.0,0.0,0.0,0.0,0.0,0.0,0.0,0.0,0.0,0.0,0.0,0.0,0.0,0.0,0.0,0.0,0.0,0.0,0.0,0.0,0.0,0.0,0.0,0.0,0.0,0.0,0.0,0.0,0.0,0.0,0.0,0.0,0.0,0.0,0.0,0.0,0.0,0.0,0.0,0.0,0.0,0.0,0.0,0.0,0.0,0.0,0.0,0.0,0.0,0.0,0.0,0.0,0.0,0.0,0.0,0.0,0.0,0.0,0.0,0.0,0.0,0.0,0.0,0.0,0.0,0.0,0.0,0.0,0.0,0.0,0.0,0.0,0.0,0.0,0.0,0.0,0.0,0.0,0.0,0.0,0.0,0.0,0.0,0.0,0.0,0.0,0.0,0.0,0.0,0.0,0.0,0.0,0.0,0.0,0.0,0.0,0.0,0.0,0.0,0.0,0.0,0.0,0.0,0.0,0.0,0.0,0.0,0.0,0.0,0.0,0.0,0.0,0.0,0.0,0.0,0.0,0.0,0.0,0.0,0.0,0.0,0.0,0.0,0.0,0.0,0.0,0.0,0.0,0.0,0.0,0.0,0.0,0.0,0.0,0.0,0.0,0.0,0.0,0.0,0.0,0.0,0.0,0.0,0.0,0.0,0.0,0.0,0.0,0.0,0.0,0.0,0.0,0.0,0.0,0.0,0.0,0.0,0.0,0.0,0.0,0.0,0.0,0.0,0.0,0.0,0.0,0.0,0.0,0.0,0.0,0.0,0.0,0.0,0.0,0.0,0.0,0.0,0.0,0.0,0.0,0.0,0.0,0.0,0.0,0.0,0.0,0.0,0.0,0.0,0.0,0.0,0.0,0.0,0.0,0.0,0.0,0.0,0.0,0.0,0.0,0.0,0.0,0.0,0.0,0.0,0.0,0.0,0.0,0.0,0.0,0.0,0.0,0.0,0.0,0.0,0.0,0.0,0.0,0.0,0.0,0.0,0.0,0.0,0.0,0.0,0.0,0.0,0.0,0.0,0.0,0.0,0.0,0.0,0.0,0.0,0.0,0.0,0.0,0.0,0.0,0.0,0.0,0.0,0.0,0.0,0.0,0.0,0.0,0.0,0.0,0.0,0.0,0.0,0.0,0.0,0.0,0.0,0.0,0.0,0.0,0.0,0.0,0.0,0.0,0.0,0.0,0.0,0.0,0.0,0.0,0.0,0.0,0.0,0.0,0.0,0.0,0.0,0.0,0.0,0.0,0.0,0.0,0.0,0.0,0.0,0.0,0.0,0.0,0.0,0.0,0.0,0.0,0.0,0.0,0.0,0.0,0.0,0.0,0.0,0.0,0.0,0.0,0.0,0.0,0.0,0.0,0.0,0.0,0.0,0.0,0.0,0.0,0.0,0.0,0.0,0.0,0.0,0.0,0.0,0.0,0.0,0.0,0.0,0.0,0.0,0.0,0.0,0.0,0.0,0.0,0.0,0.0,0.0,0.0,0.0,0.0,0.0,0.0,0.0,0.0,0.0,0.0,0.0,0.0,0.0,0.0,0.0,0.0,0.0,0.0,0.0,0.0,0.0,0.0,0.0,0.0,0.0,0.0,0.0,0.0,0.0,0.0,0.0,0.0
0.52855235,0.5021,0.5072652,0.53271455,0.52876043,0.54187185,0.48979047,0.54251605,0.52430797,0.5249639,0.48441118,0.50271726,0.54953283,0.50560915,0.5384433,0.51676756,0.538785,0.5041457,0.49996695,0.5179333,0.5449491,0.5128244,0.50061435,0.549001,0.54777443,0.53855044,0.52593726,0.47240338,0.55371183,0.4956099,0.4906733,0.53281105,0.5316178,0.5321592,0.52546805,0.50831085,0.49925226,0.5118302,0.49766925,0.5220168,0.5166905,0.5103509,0.55269665,0.5190358,0.5376696,0.4740289,0.5522034,0.519148,0.51985,0.5383364,0.56198984,0.49527922,0.54494905,0.5196594,0.5220253,0.5416354,0.5095904,0.53099495,0.5301945,0.55452496,0.53781796,0.54059535,0.5284544,0.5411246,0.57482326,0.4930461,0.52603555,0.514837,0.5345176,0.5236618,0.53532505,0.5362135,0.56593,0.5100361,0.5161439,0.5448544,0.52302194,0.540103,0.532275,0.5407064,0.5584873,0.52147335,0.53417903,0.5030402,0.5260203,0.5151956,0.5322208,0.5551321,0.54914474,0.53993654,0.52282274,0.5414429,0.5151703,0.5107011,0.49608153,0.51717573,0.52227885,0.5007346,0.4876877,0.53778607,0.55259985,0.5127342,0.5073247,0.5410849,0.5172381,0.48713213,0.517294,0.5931171,0.51598567,0.5264174,0.5171201,0.5151747,0.5118807,0.5044821,0.5185033,0.5013753,0.5484042,0.5188145,0.52301604,0.5168321,0.5179427,0.5276648,0.51841587,0.5052801,0.5373231,0.5577691,0.56621575,0.49372166,0.5214056,0.54846954,0.5027291,0.51901764,0.57121825,0.54912245,0.55047417,0.5177809,0.50131106,0.516778,0.5557091,0.50407577,0.5534737,0.5279925,0.54651225,0.48040187,0.53048205,0.56414914,0.52824837,0.51991206,0.5106624,0.51577306,0.48493725,0.55640393,0.5310333,0.5223249,0.5427826,0.54846907,0.5128454,0.5219903,0.52204597,0.54960614,0.5435592,0.51011527,0.5796272,0.53335553,0.5347461,0.52075255,0.53875554,0.5318351,0.5087378,0.52485925,0.50495005,0.5262778,0.52342033,0.51718265,0.5383916,0.5523392,0.519208,0.5392274,0.5213353,0.53621197,0.52828676,0.53717434,0.5191552,0.51781523,0.50543636,0.52249306,0.5026477,0.49963212,0.5422569,0.5343094,0.5419075,0.50872725,0.49531525,0.5070462,0.5132365,0.51891035,0.501503,0.4868145,0.55320156,0.5179225,0.5246609,0.54144424,0.5074134,0.5460904,0.5397459,0.53211284,0.5002722,0.52032995,0.51191103,0.5290185,0.5383942,0.5015712,0.525998,0.51950955,0.5313515,0.53379375,0.5360399,0.51399934,0.51579666,0.5500405,0.48987806,0.49573106,0.5192728,0.55858564,0.49917644,0.518306,0.5447814,0.5184908,0.5436167,0.4990738,0.5064624,0.50970757,0.50234956,0.5358237,0.48663765,0.55282235,0.5498521,0.51956046,0.5475396,0.5342967,0.53326404,0.56302965,0.5579926,0.5306393,0.49327695,0.5376605,0.5366066,0.52974844,0.54061854,0.5073236,0.5081638,0.51446253,0.5060661,0.5243013,0.5273,0.54241335,0.52580893,0.5062749,0.54465604,0.5357514,0.5454948,0.5334032,0.5479298,0.4917475,0.55473864,0.48075798,0.5316882,0.510585,0.49985796,0.518311,0.5163392,0.49193096,0.5079033,0.54538435,0.54041827,0.5041474,0.5021544,0.5065243,0.5033891,0.5467302,0.5166409,0.5782694,0.55622184,0.52490765,0.52044255,0.5281377,0.5439039,0.50881714,0.5280765,0.5394106,0.5299247,0.5189511,0.54945034,0.525351,0.5423855,0.5461376,0.5023016,0.52915025,0.5263988,0.49784455,0.5258038,0.5273754,0.5246386,0.53980225,0.5212392,0.50859356,0.50574946,0.52201563,0.51988757,0.5006625,0.5082092,0.5188469,0.50797844,0.5150107,0.49613404,0.5262981,0.5461579,0.5012518,0.5458888,0.50053114,0.5171413,0.5096661,0.50573826,0.51275295,0.5181378,0.54755807,0.51506877,0.50355303,0.52517337,0.5260365,0.5253233,0.54042023,0.55844164,0.55925846,0.54707515,0.5431493,0.49334612,0.5019197,0.53867424,0.524438,0.5512761,0.54073244,0.51253605,0.5244537,0.5431573,0.5542751,0.54303175,0.5005464,0.49498317,0.5414001,0.5287719,0.5152767,0.53467,0.52701485,0.500097,0.5373723,0.52597106,0.52245545,0.5218376,0.5098444,0.53759587,0.49376583,0.5500846,0.52454436,0.53249466,0.50082767,0.5163599,0.5469311,0.5498275,0.55197704,0.5462538,0.54436034,0.5312566,0.55623776,0.5383072,0.5172612,0.5316844,0.5283874,0.508738,0.5122274,0.517633,0.4765644,0.5071663,0.51488686,0.5322627,0.5110293,0.5205675,0.54257494,0.5404505,0.53121305,0.51948667,0.52632284,0.5609579,0.5033281,0.5166409,0.5210321,0.5284157,0.5377112,0.54063714,0.50512505,0.51319796,0.51599526,0.54789114,0.5170439,0.51445526,0.53096646,0.5229474,0.50846386,0.5216854,0.5482636,0.53203976,0.5295644,0.5110053,0.52667934,0.5429887,0.51305777,0.51930374,0.51114666,0.5529858,0.5417164,0.52915114,0.4966791,0.4945223,0.5300527,0.5390866,0.5376763,0.5161817,0.56275153,0.5308307,0.5379992,0.5426831,0.52790236,0.49531096,0.5292256,0.51307255,0.5203651,0.5424032,0.52909464,0.51453686,0.5161017,0.46905303,0.51354665,0.48522207,0.49786028,0.54153043,0.49672467,0.496694,0.5263852,0.5152754,0.50895715,0.5098717,0.50219184,0.52781034,0.511052,0.518601,0.51232845,0.53252876,0.49721873,0.53908217,0.539274,0.51848596,0.5311619,0.48628834,0.5054336,0.53007865,0.54187745,0.49373347,0.5433507,0.5036181,0.51330954,0.5179337,0.49291688,0.5240853,0.5453057,0.5564633,0.551054,0.49587947,0.50181645,0.51827407,0.5442434,0.51208603,0.5123261,0.49648684,0.5285119,0.54602325,0.5068378,0.5128237,0.5353352,0.5083459,0.53761345,0.50784564,0.5299182,0.50190383,0.535645,0.52579725,0.5319104,0.49409112,0.534533,0.5205234,0.5115816,0.49533963,0.53473926,0.52705544,0.5093289,0.53993285,0.5217519,0.5214592,0.4863268,0.49730396,0.5117801,0.5086844,0.5486503,0.49172038,0.5226,0.5315807,0.50960284,0.5429371,0.5190328,0.5521423,0.54367393,0.5400217,0.50685716,0.5251221,0.5809391,0.5187839,0.5382932,0.5555028,0.5415502,0.514897,0.54560447,0.53683037,0.5545619,0.5503581,0.5040923,0.53850675,0.5022446,0.51436216,0.5312605,0.5142532,0.55535173,0.5284521,0.52473426,0.52953273,0.53492326,0.5258232,0.52990484,0.51365894,0.55479795,0.4983295,0.55744827,0.5331533,0.5435862,0.5206467,0.54555786,0.49967176,0.4968325,0.50549376,0.5414635,0.5023202,0.5609118,0.5068541,0.48512268,0.51783943,0.52511626,0.5349868,0.5284093,0.5069706,0.54458827,0.5041344,0.49112177,0.54009676,0.501686,0.5331163,0.47306448,0.51583135,0.535863,0.54526675,0.53700227,0.53251016,0.52457947,0.51874423,0.5342525,0.50370973,0.5418515,0.502319,0.5242987,0.5078567,0.49217734,0.48998603,0.5402188,0.4786736,0.51274556,0.52694154,0.5278707,0.54637104,0.52607554,0.5116976,0.5425974,0.5418244,0.5568045,0.5152751,0.52064776,0.5093417,0.513417,0.5684356,0.533267,0.50327265,0.52875555,0.52894324,0.52004313,0.5401046,0.5464263,0.54691124,0.4808748,0.55217546,0.51670754,0.5093373,0.5109167,0.53122234,0.50171876,0.5337374,0.5307375,0.52939564,0.50869745,0.5081603,0.5252353,0.5150156,0.5318709,0.51077235,0.54574406,0.53506374,0.5327764,0.5501022,0.5483895,0.5452511,0.51132333,0.51385885,0.5230137,0.5362468,0.5244515,0.5071965,0.5294507,0.54145604,0.5267998,0.5361966,0.5236894,0.5077537,0.48866454,0.46999705,0.5131993,0.51076484,0.5407504,0.50949454,0.54317176,0.5211676,0.51087606,0.5060567,0.5006178,0.5503461,0.54434013,0.51424706,0.5377193,0.5231339,0.49940002,0.51739824,0.5387181,0.5301417,0.48559836,0.52213705,0.517786,0.55308294,0.51891565,0.47332618,0.5278387,0.5498852,0.5442715,0.50194085,0.56970245,0.5237147,0.54212344,0.52124757,0.53636324,0.5459024,0.5166118,0.5028913,0.5419444,0.53440213,0.5576773,0.5429476,0.5183256,0.5108205,0.54286903,0.54349554,0.519547,0.5287499,0.5155537,0.520591,0.5259429,0.5224451,0.53845793,0.5248524,0.5190191,0.5083911,0.53717923,0.494428,0.51256365,0.5097956,0.5591456,0.5176542,0.52555925,0.51829344,0.5117079,0.54057574,0.53652614,0.5202226,0.5383163,0.52478904,0.5337809,0.5381602,0.5353545,0.53177077,0.58279467,0.52432734,0.5352362,0.5494001,0.5184762,0.5380142,0.5120312,0.5236236,0.55471873,0.52287686,0.5457391,0.5387633,0.49033174,0.5243621,0.51994,0.52426344,0.5084203,0.48391637,0.53259414,0.5032103,0.5165653,0.5664669,0.47363514,0.53302044,0.54743934,0.5198754,0.55091715,0.5330582,0.52444863,0.5043922,0.5138243,0.5406251,0.5407118,0.52350384,0.5015657,0.5041198,0.5246788,0.50034285,0.5461543,0.54450136,0.5393821,0.5180665,0.5172209,0.508793,0.52371526,0.51403695,0.5509932,0.5274365,0.50891083,0.539191,0.49952787,0.52729356,0.48977095,0.5295946,0.54710215,0.5173379,0.4993103,0.50764894,0.5387282,0.5656539,0.54848236,0.5327383,0.5254384,0.5149197,0.5014529,0.4793295,0.5314506,0.4907319,0.57012355,0.5440599,0.5118886,0.5495422,0.551286,0.53303164,0.5364942,0.54721093,0.5463666,0.4866918,0.54578125,0.5555312,0.5295932,0.54119056,0.4988297,0.5327593,0.50986546,0.5159556,0.5204848,0.5331877,0.5519486,0.5224593,0.5238789,0.5316816,0.54557556,0.51555896,0.5076878,0.53897214,0.53901875,0.50043726,0.54355156,0.5495923,0.53106844,0.527451,0.5537638,0.53931475,0.5157219,0.4975866,0.5412779,0.5467342,0.52584875,0.5092651,0.5213707,0.52282935,0.5260749,0.49677545,0.5272162,0.5557806,0.51828825,0.55558044,0.4932207,0.52609557,0.51359355,0.50267655,0.53317034,0.54723334,0.5283674,0.52272403,0.5854219,0.5391218,0.5013092,0.50797075,0.5536336,0.49613702,0.5141294,0.5453971,0.55550253,0.51354784,0.54976314,0.5169885,0.5112602,0.49979046,0.5578595,0.53222173,0.5043862,0.5348171,0.5313305,0.5214731,0.521326,0.5256644,0.48362637,0.5225626,0.54429525,0.5223614,0.5093529,0.53780097,0.5066773,0.489374,0.5219575,0.51554656,0.51942956,0.50329256,0.5262454,0.56195146,0.5269619,0.56729877,0.52093756,0.5143147,0.5547183,0.5487155,0.515606,0.5767419,0.541144,0.54021645,0.5111582,0.53868127,0.5357817,0.51822644,0.54211247,0.52916676,0.5403634,0.4773433,0.53429693,0.49904788,0.5327036,0.4919769,0.5244459,0.5018165,0.5060868,0.50903535,0.5375411,0.52079266,0.5540128,0.50870746,0.53728116,0.50499743,0.5139493,0.5102947,0.5324608,0.52079046,0.53295225,0.5118597,0.53093624,0.51117414,0.53460824,0.506777,0.54746795,0.49966437,0.5463514,0.5186565,0.52386963,0.5410981,0.5086813,0.5461022,0.52611804,0.5262916,0.48727944,0.57844234,0.5236146,0.49827942,0.5390376,0.538209,0.54072994,0.53494275,0.5003473,0.50629723,0.5219066,0.5129546,0.55975056,0.5092699,0.5535195,0.528997,0.5370987,0.51687527,0.5069768,0.5220642,0.52395535,0.5088771,0.54796755,0.54556316,0.566836,0.49812782,0.53201276,0.5259262,0.5233002,0.5482167,0.4916063,0.5122221,0.54811436,0.5045053,0.5197581,0.53507,0.503618,0.510151,0.51757073,0.48222417,0.533204,0.52753854,0.5397914,0.49299145,0.51949924,0.5079929,0.5421307,0.5358974,0.4877886,0.5506848,0.47040367,0.53182024,0.5340228,0.52679706,0.52922535,0.51087743,0.49150813,0.5181206,0.5132241,0.5091289,0.54818606,0.49497846,0.5439637,0.530727,0.54854184
0.61768925,0.55915517,0.56357014,0.6408227,0.5850672,0.61883754,0.6046938,0.56597924,0.6082801,0.6039873,0.6195187,0.62005544,0.6135858,0.61332816,0.62153643,0.57025754,0.6099951,0.5634345,0.5733711,0.6022102,0.58738273,0.58376056,0.633186,0.61749774,0.59516287,0.5956676,0.6188594,0.57772076,0.5855726,0.57777804,0.59327096,0.61405885,0.60279,0.6271145,0.57801527,0.5764084,0.5948217,0.57724804,0.5894147,0.5949779,0.57866037,0.59057635,0.60903144,0.6128216,0.6131134,0.56963384,0.6252495,0.5824578,0.64637387,0.6081827,0.61009943,0.58585644,0.59637535,0.5981139,0.56919867,0.61030823,0.6162667,0.61710936,0.6034636,0.59674954,0.57261074,0.6328885,0.6194668,0.5938728,0.60196996,0.56574965,0.6313795,0.6091679,0.6035435,0.6085917,0.63390124,0.60477656,0.6192506,0.5810443,0.5775674,0.623301,0.6184975,0.6217874,0.6120746,0.61281693,0.6133465,0.6102796,0.6251211,0.6028339,0.6280362,0.60948443,0.62425846,0.602633,0.61221427,0.6015276,0.60029864,0.5984623,0.59370977,0.5644094,0.5631447,0.6010135,0.6088813,0.5823947,0.5953787,0.5869237,0.6333482,0.598497,0.5981,0.6174701,0.5819024,0.60515374,0.60997236,0.63779694,0.6048043,0.62322474,0.5467494,0.5898234,0.55959684,0.5770759,0.5983368,0.5859633,0.619874,0.6047783,0.61500794,0.5935708,0.60677624,0.577197,0.59040993,0.60264814,0.6255429,0.6125698,0.62379193,0.54612017,0.6071461,0.6654997,0.5680981,0.56309044,0.60468054,0.6244347,0.6383258,0.6081654,0.5788211,0.57487917,0.6100591,0.5919579,0.63280904,0.58117574,0.6143034,0.57286674,0.57873285,0.58158755,0.6282139,0.57652694,0.5853945,0.5791536,0.59740734,0.61764276,0.6121032,0.57704705,0.6020916,0.5941282,0.64380527,0.61857855,0.6112726,0.6516874,0.6223265,0.5996584,0.60458136,0.6087937,0.5949846,0.61039937,0.61972666,0.5863156,0.5878313,0.598225,0.61049104,0.5865563,0.59031975,0.5693015,0.63387626,0.62867,0.6188786,0.60282755,0.550895,0.6044176,0.60606784,0.6324085,0.57738805,0.604237,0.6315274,0.58513004,0.58081275,0.6046286,0.61002207,0.6012087,0.6271148,0.615768,0.56875944,0.574191,0.5754323,0.621248,0.61438173,0.5783553,0.63249916,0.57282215,0.61670095,0.621233,0.6181664,0.6290569,0.59526587,0.6196668,0.5825463,0.5676467,0.596366,0.6330448,0.61936206,0.57654035,0.62008667,0.61442244,0.5945795,0.5869029,0.617997,0.5754912,0.57746404,0.6347727,0.59663033,0.58118033,0.5974344,0.6366022,0.5762908,0.5873218,0.57028294,0.60347146,0.62518334,0.57303303,0.6010787,0.58299536,0.57046777,0.61789304,0.5538432,0.62552756,0.62423843,0.5915836,0.60685664,0.60417944,0.6095111,0.6122274,0.6067419,0.6206842,0.5790593,0.6103133,0.60511154,0.66106004,0.6065221,0.57989,0.58487564,0.592663,0.5659426,0.56942785,0.63385797,0.64132464,0.6061072,0.60706407,0.6058315,0.6204684,0.5920813,0.58455396,0.63766557,0.5748017,0.65526026,0.560027,0.6050096,0.59716415,0.5635567,0.5597919,0.6001448,0.59813833,0.56860477,0.5959672,0.6062096,0.5963639,0.6003469,0.6027523,0.61471915,0.6403015,0.5724305,0.6078541,0.63227206,0.6178513,0.6586357,0.6040962,0.6294232,0.5983098,0.6394713,0.6060573,0.6049887,0.5950396,0.6076534,0.60845184,0.6183126,0.62969935,0.57746184,0.6129585,0.60287243,0.6063376,0.59393156,0.561547,0.60121495,0.6259688,0.5780551,0.579301,0.5810871,0.5685802,0.60743576,0.56249064,0.5851425,0.621493,0.6038405,0.586959,0.6110899,0.60914123,0.66363835,0.6056236,0.6233221,0.5856873,0.5873368,0.5766078,0.5906838,0.6290843,0.6030081,0.62271684,0.61584157,0.5861681,0.5846613,0.6220936,0.608979,0.61273235,0.6406254,0.59273845,0.6267604,0.64808464,0.555302,0.60242665,0.61634165,0.6019042,0.6349781,0.63637304,0.59641993,0.62015504,0.5845139,0.5997391,0.6272337,0.5959442,0.6187274,0.61592096,0.63044286,0.6044001,0.6123247,0.62106544,0.60827595,0.59913003,0.60422695,0.6068565,0.6101209,0.5847372,0.6254716,0.63922346,0.6329396,0.591786,0.60185033,0.6077655,0.60867596,0.60867566,0.6053631,0.62543666,0.6603708,0.60362566,0.6099376,0.6119568,0.6393327,0.5735501,0.5920714,0.6256112,0.58519536,0.59720016,0.6064266,0.59390455,0.60769004,0.6073667,0.5905453,0.60718894,0.59248567,0.61068594,0.64203095,0.5981408,0.6134781,0.5923753,0.6180354,0.57784355,0.6048052,0.6140168,0.65218365,0.6246067,0.6194203,0.6106707,0.6086856,0.61961055,0.59565294,0.5734219,0.5966648,0.6179505,0.5924605,0.61060387,0.6099622,0.61338747,0.57914966,0.61924696,0.6147304,0.584742,0.60635734,0.589962,0.6281479,0.6051337,0.60574704,0.608727,0.5987579,0.58557427,0.5904514,0.6537016,0.6208811,0.6242389,0.63440126,0.5820002,0.6009547,0.6095308,0.5913251,0.6160788,0.57611513,0.59894794,0.59803194,0.6056281,0.58156997,0.59513766,0.5682844,0.62477446,0.5662189,0.5800942,0.5751187,0.5824095,0.6071418,0.5854996,0.57101274,0.59791625,0.6260771,0.6191947,0.585469,0.6286221,0.6079173,0.631969,0.58575827,0.58463025,0.61780727,0.60917956,0.6151309,0.6235579,0.59136117,0.5850214,0.5753515,0.5736429,0.5905461,0.6081152,0.59464186,0.62342197,0.59153134,0.5607385,0.627022,0.588815,0.6179387,0.61322063,0.62565273,0.60450506,0.60005283,0.5795297,0.6018428,0.58733726,0.62223756,0.5854357,0.58835083,0.6034274,0.6411482,0.5883887,0.62122464,0.59418607,0.6362342,0.6213367,0.5708254,0.5837558,0.5685201,0.5781369,0.57767624,0.58185226,0.57943326,0.59009546,0.5987965,0.5735438,0.61022687,0.59553444,0.62627685,0.58546925,0.61404645,0.6461514,0.5976391,0.61604077,0.59712756,0.5671585,0.6241886,0.609467,0.6038518,0.6239296,0.62287694,0.5897796,0.5863673,0.57004964,0.5976119,0.59588015,0.62795514,0.5663465,0.5916532,0.66620904,0.572145,0.6090483,0.6228894,0.63276035,0.6142109,0.59531075,0.63056374,0.61295533,0.62430364,0.5882505,0.6127615,0.57099193,0.6149501,0.5889295,0.5810096,0.5852373,0.58597565,0.6025025,0.6259294,0.6068007,0.59311986,0.5940981,0.5859258,0.60403025,0.56648546,0.6403445,0.5883538,0.56665456,0.6179776,0.61095,0.6116646,0.60303664,0.60923254,0.6231866,0.57845974,0.61908364,0.5958401,0.5728336,0.5821495,0.6264633,0.59818715,0.6312013,0.5817772,0.62418175,0.6045783,0.574931,0.6335669,0.59727657,0.6011703,0.5878718,0.588608,0.62089443,0.6236974,0.6273727,0.59166044,0.6232706,0.6060794,0.63962096,0.554622,0.6411355,0.612518,0.56211483,0.57847416,0.57483286,0.5745367,0.6033162,0.58130664,0.6003538,0.6068193,0.63038784,0.60962045,0.59803504,0.5592519,0.593854,0.6431721,0.6199056,0.5575967,0.5676885,0.612048,0.6093208,0.604633,0.60157645,0.59185076,0.5882486,0.5725251,0.5953218,0.6014846,0.56990767,0.62798107,0.5721543,0.6442749,0.61260056,0.6135625,0.5997528,0.605993,0.5951264,0.6104465,0.5956369,0.56154525,0.60624117,0.60835195,0.6061915,0.61254495,0.60718924,0.6296443,0.5519465,0.6331326,0.6026962,0.6390806,0.61880237,0.6241691,0.5784973,0.5977766,0.6057651,0.63556355,0.6107427,0.5920161,0.60811484,0.6335171,0.61211365,0.6200007,0.5778502,0.55746865,0.56218165,0.54825944,0.58041596,0.59428835,0.5949741,0.5770502,0.63120246,0.6220408,0.6059207,0.5578138,0.61500484,0.5992813,0.6278109,0.59253657,0.61793107,0.5902474,0.6028022,0.62135017,0.6157136,0.5868398,0.59718084,0.59945285,0.6095753,0.62174386,0.60388094,0.5619064,0.59946483,0.6145902,0.61586434,0.5823182,0.6535808,0.60593,0.59914577,0.617295,0.6165141,0.6290863,0.6253294,0.5578009,0.65267617,0.5896734,0.63365483,0.64300394,0.6131701,0.61085427,0.62950265,0.6270394,0.59371644,0.59949887,0.60599095,0.58979225,0.6142769,0.5852814,0.5948505,0.6024925,0.58989257,0.6191974,0.6034788,0.5787357,0.6002748,0.59447694,0.5964174,0.59271806,0.60679406,0.5820681,0.5837442,0.5945811,0.5549722,0.5888104,0.6321701,0.6004788,0.6115518,0.62063813,0.5763155,0.611388,0.66521317,0.6299118,0.62884384,0.6082731,0.5918715,0.6337902,0.6028222,0.5847539,0.59883004,0.5875591,0.6035404,0.6198493,0.58828855,0.6024806,0.6001542,0.58531415,0.5913956,0.5696015,0.6053212,0.5857236,0.57767606,0.6240715,0.5692278,0.59705037,0.62568766,0.5887656,0.6301316,0.57570225,0.61222655,0.58602315,0.589252,0.62919456,0.60463953,0.59057516,0.60943735,0.5913108,0.5605193,0.60898185,0.6300198,0.5967757,0.5740233,0.5987811,0.5816208,0.57387626,0.57955676,0.58439136,0.6083934,0.59999216,0.5850273,0.64746493,0.5798216,0.57338417,0.5759284,0.58588165,0.6029746,0.5893525,0.58092904,0.5870651,0.58232486,0.6375665,0.5662626,0.60392284,0.5981815,0.5896778,0.57360524,0.5805918,0.6013122,0.5953585,0.6335556,0.6048684,0.5738235,0.6121049,0.61942446,0.6137045,0.625543,0.6072675,0.61401343,0.57981926,0.6148537,0.6385896,0.60960114,0.62869626,0.594833,0.61645794,0.6163171,0.6291108,0.59444016,0.61234754,0.6469547,0.6282146,0.6335345,0.5740093,0.62961316,0.62540805,0.599376,0.590987,0.6327683,0.54628503,0.6204285,0.6496651,0.62639326,0.60139656,0.6073422,0.62412494,0.6238137,0.57469964,0.6268167,0.663903,0.6201884,0.5956786,0.60379636,0.61167693,0.6003272,0.5613656,0.59977674,0.6108532,0.57608694,0.65544575,0.6082995,0.58364016,0.5900544,0.587666,0.617414,0.60714024,0.6417925,0.59758323,0.6023202,0.62314475,0.58687156,0.59549236,0.6006542,0.5881499,0.59486806,0.5898613,0.5958867,0.6111506,0.58116543,0.6096771,0.57165533,0.57790685,0.617956,0.6117592,0.6144263,0.5828177,0.6432695,0.5903682,0.579668,0.5935903,0.57079023,0.6194966,0.6372615,0.59732723,0.59563965,0.59905183,0.5900456,0.5590149,0.58564645,0.5910847,0.6511717,0.6245639,0.6040716,0.5762472,0.6178989,0.6176964,0.614343,0.5964774,0.6146218,0.60740125,0.58579725,0.64210147,0.58668244,0.6029637,0.60521483,0.59856296,0.6179319,0.5659421,0.6220069,0.6128964,0.6302755,0.56576794,0.60886014,0.57644635,0.63134515,0.589589,0.6275026,0.6181698,0.59164554,0.57260615,0.59967303,0.59840935,0.60780823,0.5895547,0.5988987,0.5871589,0.54993844,0.60031146,0.60651284,0.60076326,0.6227929,0.61874044,0.6005597,0.57532567,0.6098275,0.5672209,0.6080731,0.634716,0.6262084,0.58644825,0.5869649,0.6379502,0.58169246,0.639608,0.60093915,0.57911056,0.57378256,0.6159826,0.61179984,0.55428,0.6235268,0.58489335,0.56044143,0.577112,0.56993103,0.6064365,0.5859266,0.5752362,0.5772724,0.61877376,0.5848606,0.60866034,0.60780466,0.61260563,0.62566626,0.5880126,0.619643,0.5985876,0.6325209,0.6274071,0.61600006,0.56494135,0.61814153,0.55530924,0.576479,0.6117753,0.56614685,0.595482,0.58822364,0.5754611,0.6025991,0.64410603,0.5903561,0.609237,0.60643315,0.594408,0.5788685,0.6149754,0.6217962,0.55758566,0.5883882,0.6225185,0.60494107,0.60394347,0.56790763,0.603809,0.579189,0.57686335,0.6082015,0.5963167,0.6371773,0.5778007,0.5825984,0.60626966,0.58599436,0.605091,0.62324095,0.57276064,0.62971115,0.59532154,0.64396214
0.7801238,0.7695427,0.7362903,0.7673267,0.78842473,0.78595537,0.73221487,0.7848468,0.7519199,0.7947535,0.72220564,0.750067,0.8063757,0.72785246,0.7819689,0.79093283,0.7626948,0.7575642,0.7689045,0.78053457,0.76903397,0.7742546,0.7735055,0.78237826,0.74122906,0.74954224,0.75430393,0.74607354,0.7842318,0.744239,0.74867815,0.79905415,0.7692856,0.7663149,0.7873156,0.76716995,0.7561779,0.7538314,0.7930987,0.7512169,0.76472884,0.7534023,0.79977745,0.7759003,0.7724043,0.76225495,0.77766174,0.76389706,0.73587143,0.7953094,0.8136574,0.7695841,0.80620474,0.7696895,0.80261934,0.8143745,0.78034747,0.73368555,0.77848065,0.77902853,0.7893691,0.7794648,0.7699806,0.7522023,0.76142806,0.7413623,0.7990381,0.7619302,0.77138823,0.7806891,0.7854708,0.80038583,0.80828935,0.75870895,0.7605879,0.7548303,0.7372149,0.78827345,0.79769176,0.77538484,0.79218537,0.76347816,0.75907654,0.7507449,0.7501903,0.7424741,0.7860033,0.7625126,0.7911954,0.75166774,0.7713327,0.761091,0.7744152,0.77366185,0.7609664,0.7890235,0.7764828,0.7672635,0.7370782,0.7657796,0.79283714,0.7738277,0.7555237,0.7735387,0.75405353,0.74844915,0.7683345,0.78617585,0.77448654,0.7568968,0.73795086,0.7851507,0.78408784,0.76481926,0.7629604,0.7750012,0.78183717,0.7578983,0.7587557,0.7476524,0.77623,0.77742517,0.73731613,0.8365511,0.76829886,0.78399694,0.7744231,0.7442264,0.78530735,0.7840731,0.7809583,0.77241117,0.7805864,0.77679837,0.8029884,0.77400655,0.7593912,0.765246,0.7860076,0.79112947,0.7527615,0.77631736,0.750759,0.7609017,0.78348196,0.76937544,0.7915398,0.75240326,0.7724009,0.7769928,0.77579725,0.80590016,0.75248706,0.7611639,0.7894445,0.7988757,0.7938799,0.78585756,0.79475594,0.7685323,0.7431441,0.7820853,0.78716564,0.78081083,0.7467312,0.75581616,0.7864046,0.75567186,0.8036711,0.83486396,0.77460563,0.7791782,0.7689426,0.77621245,0.75825775,0.7725951,0.76923144,0.776611,0.7799234,0.8002101,0.762655,0.80763483,0.75288653,0.76420164,0.7719778,0.7737332,0.7761538,0.74438506,0.7886275,0.7609681,0.78211814,0.7431119,0.7643303,0.76134604,0.7760575,0.7741271,0.79484093,0.7435201,0.7737948,0.7742933,0.7946134,0.8063411,0.81370866,0.7779103,0.7595526,0.7494946,0.7495049,0.7466649,0.76825684,0.7655337,0.7631655,0.77719635,0.73825574,0.7724356,0.7813188,0.7671805,0.7927998,0.7701406,0.7864055,0.79247886,0.7716885,0.7600339,0.7873843,0.77762514,0.7787004,0.73486966,0.7559362,0.8157668,0.774225,0.76657677,0.7699774,0.7710292,0.7858705,0.76191205,0.757135,0.79634285,0.82370603,0.7841055,0.7678758,0.78054494,0.80308217,0.7836129,0.7928385,0.7855139,0.76294947,0.7778856,0.78450567,0.8028687,0.81019956,0.8125652,0.75956124,0.80077106,0.7731241,0.75457275,0.7991057,0.7799044,0.7939764,0.75301164,0.7914881,0.7826371,0.79009247,0.76292264,0.76611227,0.76386845,0.7968262,0.7883359,0.7776653,0.76613295,0.77334166,0.73713887,0.79616845,0.7374669,0.77813256,0.78337955,0.7674839,0.7489356,0.8004856,0.76670927,0.7711788,0.7501609,0.7741564,0.7795281,0.79355454,0.75569075,0.7637073,0.79730237,0.8064481,0.74773866,0.75081146,0.78727454,0.78524196,0.7558731,0.8002638,0.77293897,0.75956786,0.8023081,0.82122815,0.7717036,0.77727133,0.7602704,0.7738864,0.761175,0.74799854,0.7577578,0.7505851,0.7507645,0.77450025,0.7806594,0.800001,0.7592242,0.7569516,0.76408446,0.7494824,0.7675893,0.7601861,0.74087787,0.74645674,0.7802814,0.7890656,0.7863652,0.74040186,0.7426279,0.77503747,0.7768822,0.771227,0.76269263,0.7525913,0.7826494,0.77704537,0.7733993,0.7563209,0.7242458,0.7987131,0.79789126,0.8019653,0.79518,0.76899457,0.75264305,0.7836935,0.7550015,0.7808146,0.7790309,0.72267765,0.76896197,0.76358706,0.793111,0.76731676,0.75219417,0.7547,0.77289647,0.77797085,0.7583369,0.7797054,0.78179514,0.73389196,0.7933865,0.7846383,0.7633003,0.76394165,0.76731,0.75494206,0.7519241,0.7681689,0.7515584,0.7396604,0.7296444,0.8072037,0.7691015,0.7697183,0.74953246,0.7817337,0.7789397,0.77466047,0.8179215,0.81784767,0.76362854,0.79359394,0.763606,0.77893656,0.77850586,0.78421825,0.7349789,0.76857376,0.74729127,0.7779544,0.7608604,0.7794713,0.76001126,0.782258,0.7770004,0.7595755,0.7659905,0.7976046,0.7435308,0.773318,0.76164865,0.74255747,0.77817225,0.7607193,0.7667398,0.7860356,0.7790487,0.76656526,0.7655859,0.76916164,0.77932745,0.7714026,0.7797719,0.7469023,0.767196,0.7778992,0.78362906,0.77278185,0.76764333,0.7548294,0.7797964,0.785575,0.77668643,0.79493123,0.748206,0.75772196,0.7663881,0.7745556,0.782054,0.78137416,0.7816933,0.76566833,0.80712813,0.770981,0.8129572,0.80514395,0.76440275,0.7765503,0.76187205,0.78507894,0.7551599,0.802858,0.7712586,0.7982793,0.76039624,0.7416383,0.7821948,0.79534006,0.7695712,0.7261854,0.7723893,0.7684464,0.74935234,0.74290216,0.7685386,0.76821584,0.73461884,0.80669594,0.7763016,0.79637116,0.7594801,0.8094985,0.76636565,0.7588841,0.7807382,0.8034884,0.76520306,0.7472564,0.7727106,0.7819753,0.7755948,0.7774481,0.79010075,0.74736816,0.79132223,0.7526284,0.7485131,0.76053154,0.78065443,0.76472193,0.80051845,0.75222296,0.7908315,0.8093873,0.76069355,0.76445556,0.7638769,0.7602366,0.78379416,0.7950472,0.76713365,0.7685894,0.7444502,0.77223194,0.75798976,0.77409196,0.76310545,0.73472524,0.8240948,0.7422649,0.78831875,0.7645872,0.78725886,0.80649686,0.73922145,0.77117485,0.8106495,0.786755,0.754248,0.8046243,0.77064055,0.7643447,0.7508173,0.7559434,0.74938536,0.7678658,0.7919534,0.7648699,0.7951955,0.75152993,0.7788695,0.77216804,0.79162157,0.786707,0.78155786,0.7987057,0.76603246,0.7603263,0.7842037,0.79189944,0.7750763,0.76840544,0.7885507,0.76512897,0.77886355,0.7690799,0.80970556,0.79000384,0.7571769,0.731411,0.77427423,0.80509996,0.787265,0.79417956,0.7718366,0.76754564,0.774344,0.7927434,0.7752625,0.7529298,0.7498793,0.77752817,0.7643077,0.7740439,0.7796306,0.7817362,0.80917776,0.7529319,0.7885617,0.7759506,0.75929296,0.7266972,0.74673885,0.74665475,0.7951076,0.7801233,0.7815433,0.7806901,0.77331173,0.7997747,0.7659975,0.75496495,0.778857,0.7953254,0.7726957,0.7948709,0.78543943,0.7890944,0.7215047,0.76563287,0.7756639,0.78997,0.76542294,0.74477935,0.79819936,0.7981707,0.80163074,0.76264554,0.7671027,0.7644939,0.7940718,0.7565491,0.73771304,0.79487157,0.7747876,0.76693976,0.760511,0.7596196,0.7629402,0.81690145,0.77750725,0.76104957,0.7802699,0.7676973,0.76411134,0.79825145,0.7808249,0.7438329,0.79677695,0.762461,0.7990618,0.78384537,0.7942343,0.77892226,0.7657647,0.7750559,0.7618679,0.7686116,0.7427579,0.7860448,0.7672163,0.7233038,0.75897586,0.7585313,0.73888004,0.79259574,0.7604339,0.7865152,0.7756159,0.7542846,0.778484,0.7583013,0.8090368,0.7700789,0.7655467,0.78525436,0.77666986,0.7865047,0.80567354,0.78380805,0.7378171,0.7742058,0.77384365,0.78074604,0.762625,0.74292326,0.75513303,0.7808084,0.8042399,0.7811782,0.7889316,0.7354981,0.7423795,0.75061136,0.75377834,0.80441016,0.7694938,0.8167794,0.7749398,0.76922816,0.8007461,0.73374796,0.74290687,0.808904,0.81191635,0.7711975,0.7897952,0.7775776,0.72922885,0.7894398,0.78621143,0.77367836,0.7814644,0.8147305,0.75600255,0.77154416,0.7787748,0.786728,0.7686058,0.7845672,0.8027505,0.74635816,0.81292826,0.7297589,0.75910026,0.8034049,0.7748908,0.78802955,0.7915404,0.7565326,0.77836823,0.7760339,0.7764953,0.78018045,0.7945873,0.7276949,0.7833839,0.7919736,0.7877941,0.75056124,0.7796048,0.7518405,0.7464649,0.7637272,0.7553858,0.7559362,0.7657366,0.7759199,0.7674466,0.77981377,0.7496433,0.78329545,0.7971146,0.77315634,0.76298916,0.73143804,0.7924883,0.79510623,0.7855165,0.76933527,0.78043914,0.7582971,0.7546252,0.75882065,0.79542965,0.7554127,0.81129014,0.7689102,0.8033536,0.7797369,0.77609694,0.77703196,0.7748557,0.78709936,0.759699,0.7760549,0.7825826,0.7298599,0.77183765,0.7916845,0.7790595,0.7558222,0.76615006,0.77235246,0.7621744,0.7965986,0.73751825,0.7832584,0.7531636,0.7844773,0.8082565,0.75274044,0.77326834,0.7900771,0.7764542,0.7650418,0.7432675,0.7542543,0.7900031,0.77452433,0.7590137,0.76788515,0.77163994,0.73760647,0.80106455,0.78004074,0.7492195,0.78648365,0.7629509,0.77235997,0.77321535,0.79433244,0.7897798,0.8019028,0.7791146,0.80052173,0.7722298,0.7841368,0.7553673,0.782016,0.75852835,0.7662442,0.7230223,0.75784445,0.8256174,0.79577976,0.75848544,0.7792134,0.76633036,0.7672708,0.78928566,0.7500114,0.7941002,0.76718825,0.7645104,0.7664682,0.8076556,0.8087237,0.7514779,0.75075436,0.7528827,0.7890884,0.75785375,0.74315095,0.79414207,0.80515575,0.7735504,0.76155245,0.7758996,0.7675197,0.747145,0.74909985,0.748817,0.7172905,0.8223978,0.7989234,0.7923585,0.8039045,0.7813221,0.73970366,0.75893456,0.7814883,0.79975843,0.72926563,0.7785103,0.76535934,0.7454301,0.7673463,0.79576576,0.7337062,0.763994,0.7212361,0.7540773,0.7472051,0.7678983,0.76927924,0.79581314,0.76990366,0.76966035,0.75318754,0.802381,0.76371056,0.80586743,0.7750862,0.7887374,0.7386897,0.75274944,0.75161654,0.8020018,0.76853526,0.77582484,0.799159,0.7664958,0.80033207,0.7603343,0.7237685,0.79445195,0.7370421,0.77801645,0.7864305,0.74704766,0.78663856,0.7601265,0.76693124,0.75734806,0.7893006,0.75905347,0.75728047,0.7942357,0.77809167,0.79007727,0.77607626,0.75787884,0.76875937,0.7732302,0.7679722,0.8021788,0.7658618,0.7809937,0.78179556,0.7655261,0.7802496,0.790613,0.7715873,0.77929306,0.73571527,0.76977175,0.7758145,0.7438666,0.8144381,0.76070154,0.8118162,0.7841627,0.7942151,0.7681804,0.78957915,0.7595257,0.7305427,0.76732117,0.77318454,0.76392674,0.7190938,0.8012941,0.7647387,0.80357254,0.76797885,0.7958975,0.7795119,0.7690467,0.7412085,0.7961811,0.7529592,0.763261,0.7635841,0.7915152,0.77909446,0.7849,0.7457545,0.79282725,0.79369533,0.731241,0.7596427,0.80790097,0.74269617,0.7514843,0.7678451,0.74728394,0.7650955,0.7821223,0.7495966,0.76417035,0.77040446,0.760042,0.7462292,0.7565016,0.7991626,0.75854063,0.7800398,0.75143576,0.74210525,0.77148646,0.78898495,0.7545214,0.7954898,0.7589835,0.75965065,0.82085973,0.7911961,0.7832271,0.7842343,0.756918,0.7560952,0.79480135,0.7518439,0.7679403,0.77088714,0.7857946,0.77855074,0.75072837,0.7649044,0.77274173,0.7556355,0.75791997,0.749471,0.7563233,0.75809026,0.7428788,0.7568166,0.8016602,0.78140575,0.7577491,0.7824768,0.7817167,0.77672046,0.78320074,0.8172966,0.7668168,0.77546585,0.7814944,0.7543586,0.77492326,0.7900005,0.7732146,0.77846515,0.7875483,0.7955835,0.8079827,0.760622,0.7686691,0.81040466,0.74636424,0.81760186,0.7867353,0.7661545,0.76209664,0.7420306,0.786121,0.76433265,0.74855256,0.78599334,0.74460584,0.7382584,0.7552641,0.7887628,0.7641813
0.026236206,0.024514668,0.0,0.019104842,0.048109625,0.027270146,0.07607368,0.0052454136,0.053774394,0.050422538,0.060334917,0.035792932,0.002717562,0.057318285,0.022488981,0.041273907,0.05917955,0.046932902,0.039319277,0.050259255,0.04493606,0.04913238,0.022393294,0.024290852,0.02724792,0.055919427,0.016972803,0.054103114,0.011290602,0.06566147,0.030722514,0.0,0.049848713,0.04631453,0.024113756,0.065274835,0.05596459,0.033215526,0.038664155,0.06808539,0.04492973,0.06562588,0.055315174,0.065562874,0.040986247,0.043304697,0.016449224,0.05299923,0.06691078,0.016761005,0.03438873,0.027723454,0.010217093,0.0014157146,0.020588398,0.029581904,0.016632475,0.014699198,0.015645273,0.026707053,0.042744607,0.070553996,0.07294275,0.05861996,0.010231145,0.03030008,0.047526613,0.008940339,0.046786223,0.054763563,0.015043583,0.04173071,0.071335904,0.029263057,0.051196378,0.037711278,0.040832534,0.06745376,0.04101549,0.033030286,0.02541738,0.03596717,0.0117356405,0.035560504,0.06567141,0.08917545,0.0698267,0.049572583,0.044170246,0.047901504,0.048432626,0.02011758,0.027937472,0.016814709,0.039074086,0.035729527,0.04794102,0.033376038,0.05507139,0.0024871305,0.03400378,0.014448069,0.06300274,0.03998602,0.027288191,0.054624073,0.04444938,0.030812792,0.04421511,0.08391549,0.018807724,0.024608072,0.033573877,0.020021915,0.028510444,0.044211414,0.047597345,0.04856295,0.02019322,0.048453428,0.036766723,0.009598397,0.028927196,0.042028815,0.04028549,0.09491925,0.042957038,0.040738396,0.045335583,0.06394361,0.014229283,0.021306865,0.03605707,0.04000437,0.08807988,0.0,0.06312543,0.055738352,0.026171818,0.020585407,0.04794751,0.038191628,0.055299103,0.020965531,0.033721462,0.04848573,0.059972793,0.013095178,0.0021964386,0.03009089,0.03835696,0.061810214,0.0243413,0.011506848,0.048004217,0.029110137,0.039885804,0.04451886,0.0401384,0.068677016,0.041799165,0.040509492,0.010502726,0.074657924,0.03755786,0.04355987,0.0537374,0.034361154,0.032767728,0.045987137,0.04903709,0.031390786,0.040107295,0.034887526,0.046069294,0.046835124,0.03780646,0.043081455,0.068801485,0.058666505,0.045604482,0.020355724,0.019145116,0.06183926,0.09782746,0.08379209,0.03909058,0.03428317,0.047300648,0.023732021,0.023511961,0.059875105,0.048677955,0.050991032,0.02009175,0.04260433,0.05700586,0.035557784,0.04469417,0.0,0.062007196,0.061419424,0.07718207,0.041272216,0.014715701,0.06956872,0.018212013,0.00083580986,0.03161891,0.08084728,0.02198521,0.024722494,0.04486648,0.039786004,0.034533847,0.0,0.019996136,0.008927695,0.04639364,0.0,0.035225116,0.05654958,0.058341637,0.085835375,0.043597616,0.028048713,0.033476055,0.014948539,0.06856343,0.061157197,0.024160303,0.018145971,0.03691545,0.028352924,0.041685842,0.060004566,0.051475093,0.019914098,0.011896409,0.052206717,0.0609195,0.047150876,0.04121405,0.029933855,0.019211743,0.058492526,0.028517552,0.06558443,0.0005202666,0.020090222,0.034098655,0.019823492,0.020985223,0.057670463,0.03281874,0.040771745,0.04804614,0.015831143,0.044491246,0.055969667,0.05685887,0.009600431,0.044520807,0.05567906,0.020632863,0.047502972,0.057719793,0.032726202,0.050368447,0.0,0.03305442,0.048014853,0.022255622,0.070136085,0.055797707,0.05249086,0.04081349,0.07289675,0.06930507,0.06335506,0.049548652,0.046661362,0.048484407,0.027188562,0.087560475,0.04200973,0.01774824,0.033911757,0.06474156,0.07171284,0.02224543,0.056224793,0.046964366,0.029810295,0.051022884,0.062657505,0.0233128,0.035022214,0.030362733,0.051710248,0.048320122,0.04410036,0.064271726,0.032304056,0.060114186,0.017053898,0.036167495,0.033405866,0.024472006,0.014723118,0.037102208,0.042403884,0.08983236,0.057298686,0.024642758,0.05291853,0.0470813,0.04402899,0.0111070275,0.010902036,0.04534985,0.046722576,0.0086537525,0.026464026,0.027379528,0.060214262,0.035755232,0.013819195,0.068036005,0.046469122,0.055590216,0.029112943,0.06738056,0.03943166,0.013839968,0.054920312,0.043749474,0.062861666,0.009030022,0.056031767,0.059819095,0.053881332,0.049285278,0.03988915,0.0,0.004282087,0.052645773,0.061373647,0.055663195,0.046051875,0.038871378,0.037710313,0.039218843,0.040200293,0.075232804,0.02842991,0.024619222,0.036578923,0.035575837,0.011313282,0.071301505,0.051529467,0.049020216,0.046711884,0.0625594,0.066337004,0.035488207,0.053918123,0.015224002,0.09742676,0.07622346,0.010984369,0.024098389,0.045825012,0.0554296,0.031220324,0.023338586,0.028422076,0.032825656,0.023664832,0.0450197,0.036158442,0.04501704,0.053904213,0.036223676,0.021802135,0.052774474,0.04572897,0.008299597,0.027239345,0.054318346,0.045679558,0.079886675,0.04141175,0.026701175,0.054258544,0.04540591,0.028449997,0.06177728,0.06330644,0.019531183,0.06814282,0.031573743,0.048885584,0.06511563,0.030593678,0.009395339,0.037367366,0.057363562,0.03390508,0.026431456,0.040169906,0.04906045,0.047935266,0.07099028,0.036422383,0.051099762,0.003550034,0.06401873,0.048997037,0.02679307,0.0,0.03929154,0.0898402,0.04225479,0.05958967,0.049449347,0.041629463,0.04302624,0.069635116,0.03983244,0.061743826,0.024524048,0.028386027,0.054841857,0.02657906,0.034658138,0.07917613,0.024120018,0.069328025,0.060674,0.029068004,0.03712821,0.036831763,0.021426842,0.040597137,0.02826732,0.044957012,0.03959086,0.021149166,0.04123611,0.08087888,0.022826456,0.05718713,0.008065738,0.06593222,0.014722228,0.070710585,0.038048875,0.06566504,0.035856403,0.06958299,0.0,0.05233433,0.051174544,0.07606982,0.061721012,0.062368523,0.074625,0.04224266,0.061747275,0.021006636,0.060319617,0.038118705,0.056100026,0.03452213,0.070555195,0.044068232,0.060942203,0.033383958,0.055020414,0.01915513,0.044330053,0.023534369,0.03774607,0.005995415,0.05530628,0.026382431,0.037251025,0.061502125,0.04931724,0.033910394,0.039256092,0.0,0.042531293,0.034345694,0.035989396,0.032501027,0.046591762,0.054280348,0.021924175,0.04254701,0.048367962,0.063892074,0.043688335,0.037816916,0.04368532,0.058417022,0.046567045,0.044886142,0.02928261,0.050120093,0.06100039,0.020294435,0.06206368,0.041175585,0.05566803,0.037140597,0.046183474,0.028129354,0.05837452,0.03327678,0.012536071,0.056215554,0.025147054,0.022615068,0.050006133,0.04846745,0.057232723,0.055040874,0.04168222,0.05937279,0.07118114,0.060820676,0.07185941,0.025338802,0.033206873,0.017889746,0.02292516,0.016825993,0.01874204,0.051271737,0.070857964,0.079183325,0.04719127,0.04851394,0.036056206,0.063280866,0.02957502,0.035048082,0.0672535,0.040929705,0.0042443126,0.044918824,0.065659456,0.011307724,0.035550803,0.04925271,0.026058927,0.037064992,0.026872829,0.02180431,0.016906194,0.06736497,0.039090544,0.045370527,0.02885067,0.05406023,0.02959451,0.0041419715,0.040589146,0.05857566,0.014203295,0.025399126,0.035263002,0.026460871,0.06738679,0.053560995,0.0070772916,0.04296299,0.021042876,0.059645265,0.055966023,0.038976792,0.054054245,0.04024572,0.019611351,0.06331155,0.0612451,0.009614639,0.023714885,0.03951361,0.02031117,0.07123548,0.058633335,0.028197534,0.05729384,0.030024864,0.047537185,0.026560865,0.022468563,0.0017191693,0.047932763,0.035050295,0.06148805,0.02007901,0.0,0.03987892,0.015531018,0.060196593,0.040687263,0.052739244,0.072544746,0.05725362,0.026293255,0.07274994,0.05231614,0.035127662,0.0,0.049183637,0.013233326,0.06905059,0.04163215,0.035086732,0.04071296,0.04956957,0.063422576,0.045671094,0.038366623,0.037405122,0.063582234,0.042118624,0.00017802417,0.047907814,0.04841422,0.02999799,0.049712844,0.012853976,0.026540391,0.06974369,0.04864657,0.05703629,0.05915721,0.0044309795,0.03722632,0.052308727,0.02277729,0.028089818,0.043421783,0.05598047,0.06744044,0.02073102,0.04346694,0.057274546,0.05570484,0.07900007,0.014060196,0.02943413,0.016176935,0.050574258,0.014547434,0.05274419,0.026111979,0.06590198,0.060644366,0.025648162,0.018265713,0.049768537,0.009184606,0.078613356,0.04551044,0.05747805,0.015124269,0.004328251,0.045752242,0.045725696,0.050732728,0.03563708,0.03685812,0.07909019,0.08481179,0.021486945,0.050040383,0.052984014,0.04886716,0.07237388,0.03581245,0.046640173,0.051957168,0.05862,0.039260864,0.050331365,0.028174777,0.039677754,0.01446978,0.030914024,0.039502513,0.03864318,0.0,0.015157066,0.08469632,0.059107777,0.082791284,0.018549182,0.0393082,0.033263408,0.04274381,0.006233193,0.023474507,0.024839967,0.040190864,0.04810201,0.058181852,0.02056735,0.05065597,0.07026766,0.05171173,0.047012325,0.029604375,0.041815456,0.067329094,0.067831,0.05370176,0.047888577,0.0339264,0.033406667,0.042626813,0.017909192,0.051901005,0.042319305,0.021165613,0.029261235,0.047433995,0.014983512,0.048787735,0.019238994,0.02416858,0.0,0.048109267,0.0541438,0.02537305,0.06946769,0.04371106,0.031071737,0.04646854,0.06581038,0.01338011,0.028338224,0.030568134,0.076645285,0.055419423,0.044720948,0.05775982,0.005909648,0.0518419,0.037514605,0.063575305,0.0,0.07439281,0.053305667,0.04404669,0.027567152,0.029727533,0.007218424,0.035870187,0.033925574,0.014630504,0.030247997,0.037759017,0.0034511685,0.028643414,0.045432135,0.022877447,0.049172036,0.024033971,0.05974364,0.055428088,0.062700845,0.009976406,0.01813579,0.034179725,0.01225619,0.006156843,0.04086296,0.03401173,0.050010245,0.04569088,0.08345461,0.05464219,0.028432377,0.07058092,0.025040612,0.06631269,0.0539211,0.040776238,0.043681882,0.04713408,0.065728456,0.05435051,0.03289692,0.036346048,0.038478646,0.054557495,0.0042431206,0.036938667,0.040351886,0.07838423,0.04950928,0.044097856,0.057638608,0.024850883,0.07400725,0.046058424,0.023633063,0.069420956,0.05569954,0.039401166,0.04129626,0.011745505,0.02824185,0.065144904,0.052556284,0.028343178,0.05158715,0.07428039,0.046003852,0.046709023,0.098183624,0.08514274,0.06391196,0.034470353,0.07452756,0.046164434,0.067387685,0.012832325,0.012746647,0.029712167,0.042616222,0.043979626,0.058471315,0.058977183,0.033657476,0.06672596,0.0572926,0.048490338,0.055550568,0.08551384,0.05392523,0.0068953484,0.059573457,0.051688906,0.058866672,0.029250875,0.034174923,0.04118727,0.046389777,0.031821806,0.03438145,0.072105065,0.07595696,0.014231108,0.04048329,0.047620267,0.052044213,0.019620664,0.06606062,0.036192454,0.050850943,0.027066506,0.04584391,0.05553633,0.04878252,0.057410203,0.057458807,0.045820393,0.04494368,0.0,0.06610376,0.04543236,0.0715896,0.1042599,0.041852582,0.0052355006,0.054161508,0.04517179,0.077920005,0.04233048,0.043897368,0.0362553,0.03817366,0.053523008,0.052108932,0.018662535,0.03508389,0.05511711,0.051022377,0.04985651,0.019903116,0.047064763,0.036690347,0.034632474,0.027148522,0.039157417,0.04569423,0.05368224,0.0798302,0.02998335,0.03390602,0.028322794,0.014513668,0.04584952,0.04873594,0.038856663,0.011098437,0.07409892,0.028659865,0.036825676,0.020292494,0.05522503,0.0037427768,0.08107253,0.016655922,0.009157926,0.04713376,0.0061559156,0.05828041,0.06955482,0.02453667,0.044469215,0.02691158,0.04948058,0.009093791,0.049559962,0.07768984,0.059510328,0.060673542,0.03395631,0.026990227,0.009861931,0.05136193,0.046294093,0.008007824,0.046957627,0.033802733,0.07009752,0.0050943494,0.058820523,0.066702686,0.07357793,0.06022481,0.06938222,0.038877115,0.062851645,0.05213867,0.016886577,0.010538258,0.068170905,0.057330787,0.08032127,0.02069771,0.051219963,0.021730166,0.04380126,0.067275584,0.037323534,0.041640647,0.047411203,0.031106353,0.05469792,0.055817045,0.024849705,0.03175742,0.06244988,0.024344783,0.038527526,0.0458516,0.07510424,0.06414825,0.0043013096,0.058490284,0.07727373,0.032181107,0.03463459,0.045822125,0.057516024,0.05431902,0.04135565,0.047205776,0.028126225,0.01716182,0.035255574,0.051541086,0.04261947,0.016419224,0.0048919395,0.089515105,0.072180845,0.06317935,0.033532567,0.047285065
