0.4023053,0.43430966,0.44771096,0.3929971,0.42862123,0.38067317,0.3866542,0.45258802,0.42955795,0.40515837,0.449352,0.42414606,0.421256,0.41617358,0.39255798,0.41536132,0.43763682,0.42675585,0.4196474,0.38499796,0.41413572,0.36887673,0.39325643,0.388855,0.4155171,0.3689744,0.41272774,0.3968417,0.4262515,0.39897788,0.4552321,0.40039486,0.40779832,0.38452005,0.4163069,0.38502216,0.39352313,0.41673583,0.38692948,0.39994913,0.3929565,0.41156182,0.40429848,0.45099425,0.3840534,0.41734985,0.41713467,0.40650243,0.3794962,0.46153548,0.4226929,0.3634849,0.38341886,0.41601473,0.43147677,0.38552648,0.4374013,0.45270294,0.41530594,0.38079762,0.36751997,0.4462219,0.4031629,0.40920502,0.4212376,0.39334643,0.44223258,0.38763273,0.36059365,0.40679777,0.40809205,0.4006019,0.39098623,0.36112738,0.4117034,0.40767825,0.3765767,0.39410722,0.4122836,0.3602387,0.44183388,0.37838668,0.3868819,0.4250617,0.39383012,0.411638,0.4010034,0.4304008,0.4269283,0.43685228,0.41717696,0.40371764,0.38644356,0.42235944,0.4169522,0.4048391,0.45379356,0.38778952,0.4261449,0.4258812,0.42444783,0.38666996,0.4332447,0.4017666,0.41012907,0.39060155,0.4423827,0.44349918,0.40249953,0.40392256,0.40251625,0.4069255,0.39996773,0.4304434,0.43869165,0.46594286,0.40742028,0.44681552,0.40039918,0.38238102,0.40064204,0.46618173,0.38457188,0.41885176,0.40230536,0.49212974,0.3661376,0.3799953,0.41036305,0.43592775,0.41032943,0.43688262,0.39577815,0.43165338,0.43797213,0.40457976,0.40143487,0.39102906,0.42519483,0.39540115,0.4292986,0.46701425,0.4291168,0.40883103,0.4197951,0.4273551,0.4470786,0.34372607,0.38145772,0.40156674,0.39787823,0.42808464,0.38789248,0.41017705,0.410231,0.41232607,0.4317485,0.48810464,0.40807006,0.40134975,0.44523746,0.40723112,0.3839519,0.40107536,0.43973854,0.39265716,0.39260674,0.3727112,0.40760973,0.4281003,0.40163794,0.4297241,0.40317708,0.4332872,0.41776347,0.38968715,0.35626575,0.3671983,0.45077628,0.37062734,0.4087954,0.37637067,0.4164434,0.3743383,0.3979947,0.41139594,0.4117076,0.43678182,0.4136439,0.40367365,0.4020497,0.44624767,0.42228815,0.40526488,0.4229219,0.42740545,0.37651235,0.42810896,0.37328184,0.38703224,0.42330265,0.41043043,0.48419356,0.3942626,0.34812638,0.41112366,0.47063994,0.3793209,0.40410188,0.4369385,0.42603028,0.385197,0.37522426,0.41373298,0.39474267,0.40248916,0.43496197,0.4153058,0.43097237,0.3712029,0.40950945,0.3747481,0.39214566,0.39246258,0.42355427,0.44792423,0.41004112,0.44375783,0.44017,0.366264,0.38682455,0.36672404,0.40794337,0.42766988,0.40782928,0.448743,0.38781217,0.3753431,0.39398175,0.39022356,0.41071036,0.40052214,0.39826116,0.41468665,0.44413045,0.42028806,0.41096747,0.37804416,0.40277374,0.44359037,0.3447247,0.45522803,0.37196282,0.4339266,0.40311468,0.425546,0.40076804,0.4019428,0.42610008,0.42636007,0.4481981,0.43022588,0.39564893,0.43707553,0.3839451,0.4380789,0.36910334,0.4009665,0.47721663,0.4397149,0.40035105,0.38860518,0.39601427,0.43672606,0.41418582,0.37718448,0.455598,0.39748764,0.39929432,0.42151633,0.399702,0.3733952,0.38098186,0.423845,0.42614076,0.40982068,0.389594,0.44108364,0.39060676,0.3801435,0.41999695,0.4052883,0.41679996,0.42277953,0.4671636,0.42811155,0.39168784,0.35129166,0.37863708,0.46251297,0.42395154,0.44999653,0.43273383,0.45071056,0.43100384,0.42074943,0.4459552,0.39956728,0.39981028,0.45577312,0.39915553,0.38288435,0.3979083,0.41058108,0.4574937,0.40032297,0.41730213,0.3883211,0.39348578,0.4418949,0.42633182,0.4014267,0.38341853,0.38526216,0.37947893,0.4249505,0.39174995,0.37699693,0.42268053,0.42268685,0.39165723,0.41511118,0.42903346,0.44669718,0.4221854,0.43333972,0.4009039,0.44400227,0.38863015,0.47052294,0.41978666,0.4131203,0.42657864,0.39232785,0.43762404,0.41620427,0.36689383,0.4106439,0.39710605,0.38431188,0.4164253,0.43439975,0.41905513,0.390286,0.42385465,0.45261592,0.4062049,0.41197646,0.40349323,0.41984034,0.41012022,0.4036105,0.40642405,0.39578855,0.3936745,0.4638287,0.40177628,0.40653634,0.41974655,0.39931673,0.37204003,0.4527258,0.4252476,0.4311807,0.4465507,0.4042672,0.42172498,0.38998854,0.40682706,0.37602517,0.37403733,0.42121327,0.40868932,0.3548535,0.45842278,0.41562408,0.39191252,0.39206904,0.3902408,0.41608414,0.45000687,0.43594894,0.4123763,0.39862972,0.38138327,0.40826714,0.40238756,0.40683734,0.4108622,0.42457724,0.3581672,0.418553,0.37059444,0.43140525,0.39588183,0.39528325,0.37274003,0.39920932,0.39445007,0.39637595,0.42195836,0.4426066,0.42107952,0.40641177,0.4155438,0.42985162,0.37649876,0.4083857,0.38128912,0.46927497,0.43201047,0.4251318,0.39853364,0.33070028,0.40451625,0.43008655,0.42371428,0.4164561,0.39141682,0.38994288,0.40520495,0.3857308,0.39388812,0.36444414,0.42913687,0.4280062,0.42368343,0.43250865,0.3844868,0.3950423,0.3820561,0.43071774,0.41779345,0.41968364,0.45630857,0.40341368,0.372635,0.39584017,0.38412225,0.41377282,0.43678695,0.4292369,0.43860188,0.3918527,0.4268395,0.4471286,0.39854524,0.41225088,0.33099493,0.4315477,0.4315009,0.40859216,0.39307716,0.4223851,0.35147583,0.42288664,0.4693051,0.40525383,0.40776643,0.35206953,0.38943878,0.41196555,0.4100969,0.42707783,0.4336021,0.3772099,0.37985015,0.40029877,0.38528165,0.3926691,0.42459813,0.47372377,0.38214278,0.412579,0.41654018,0.40890625,0.45115596,0.44005448,0.4485811,0.38839066,0.44459248,0.39466447,0.4309324,0.43881688,0.3702772,0.3536786,0.3879111,0.41160667,0.41370058,0.35953918,0.39532787,0.3824464,0.43502071,0.3598461,0.4204369,0.40467447,0.422281,0.43787956,0.42060167,0.43016618,0.42912945,0.3799233,0.40268987,0.38816032,0.4247581,0.37344635,0.38651836,0.36328846,0.40268046,0.35902086,0.4028124,0.41616958,0.42755032,0.4187879,0.40719157,0.36729127,0.40209314,0.38898247,0.42712846,0.45408756,0.35725707,0.4098445,0.40144286,0.4670703,0.43399033,0.3574312,0.4200893,0.40699056,0.42468753,0.4098752,0.37051964,0.39700082,0.3837223,0.4152304,0.39870414,0.39809272,0.46723112,0.3927338,0.41240254,0.4154824,0.41198978,0.43689552,0.39357287,0.39999896,0.37520185,0.4229694,0.39010602,0.42407206,0.39844716,0.41569188,0.42167792,0.39173895,0.38494557,0.45627642,0.3626163,0.3953872,0.38103035,0.43591842,0.4015957,0.40826857,0.45527333,0.45963472,0.4312333,0.4112884,0.41529322,0.41540417,0.4456652,0.36044613,0.44899568,0.403118,0.4128101,0.41778058,0.41458943,0.4021888,0.4102574,0.46790147,0.42397958,0.40600598,0.38201046,0.41990668,0.44978648,0.39900014,0.40557215,0.39147505,0.37908027,0.3891477,0.38813883,0.37752193,0.425327,0.40234518,0.38295853,0.4041915,0.4250678,0.42923865,0.40907305,0.4131089,0.40822896,0.36546385,0.39109874,0.38097298,0.41699955,0.42606544,0.41550398,0.3938333,0.46614948,0.38077793,0.42006412,0.4438333,0.39929193,0.4162976,0.44573224,0.4201748,0.38275096,0.4285986,0.44689405,0.42641094,0.46609497,0.43370718,0.42306247,0.38371503,0.4503122,0.3769709,0.39124128,0.4092994,0.36325252,0.40519708,0.4112833,0.4513149,0.40062058,0.45878965,0.38470393,0.4258857,0.40952167,0.4455288,0.4206287,0.4065889,0.42533433,0.39077246,0.40875018,0.4324045,0.4219291,0.4290421,0.4475122,0.41266122,0.40332106,0.4472782,0.39779237,0.38164067,0.3827168,0.41732326,0.4064851,0.38365796,0.4412194,0.40406144,0.4266317,0.39771917,0.41221023,0.35933164,0.3954152,0.3427672,0.38003874,0.42842838,0.41162896,0.45122054,0.41484505,0.36233234,0.3795195,0.40138227,0.34413052,0.37216282,0.4041906,0.37914234,0.3984121,0.38259748,0.4393538,0.43391675,0.41439205,0.44238162,0.36868966,0.39269567,0.386164,0.41450426,0.43249258,0.4144936,0.40656275,0.4108812,0.42534822,0.44349796,0.3520185,0.38806552,0.44603097,0.42640406,0.39765555,0.4647643,0.3758248,0.43779474,0.4167486,0.44836652,0.39251858,0.43407813,0.42137736,0.41531104,0.4391057,0.399372,0.4044323,0.40244502,0.4329589,0.37057164,0.3695514,0.39836767,0.39979428,0.42079693,0.43670204,0.3975612,0.4177873,0.41909486,0.38997918,0.45117393,0.4360959,0.41821983,0.41371045,0.43171805,0.37792063,0.39894623,0.39172423,0.3981845,0.37189907,0.43683732,0.39423242,0.44392225,0.41438872,0.3708012,0.46879014,0.34812725,0.39033142,0.4126062,0.40677744,0.4020286,0.37015298,0.3653253,0.42760748,0.42550784,0.40299866,0.39040276,0.36768642,0.39322412,0.4328826,0.39881647,0.38639387,0.46189213,0.45770273,0.45285764,0.3873912,0.431419,0.4020958,0.39292285,0.4258605,0.40947327,0.43191454,0.43224123,0.36463967,0.45673335,0.3669705,0.39475587,0.43561488,0.38892326,0.45729065,0.3776694,0.37424234,0.3947876,0.40556237,0.39728817,0.39510074,0.34479004,0.39539444,0.48171845,0.44583994,0.3342619,0.4061178,0.40501842,0.40820163,0.41693923,0.36884987,0.40751526,0.37997302,0.38332668,0.40101734,0.40044895,0.3946661,0.3896992,0.44194248,0.40161014,0.3915381,0.45960128,0.38263646,0.40439177,0.36619753,0.4310751,0.39479735,0.43367222,0.42595643,0.42979735,0.3610943,0.4311916,0.3932641,0.40440056,0.36470896,0.40316656,0.4543689,0.3656369,0.38964158,0.348747,0.42864725,0.40383154,0.40246558,0.4310125,0.39239123,0.39999583,0.34657186,0.39013672,0.42916527,0.4322352,0.39457482,0.39846015,0.40876725,0.38119173,0.39589107,0.39591634,0.37120822,0.38666812,0.40575677,0.42829254,0.39681023,0.41652662,0.42208058,0.4009549,0.43589234,0.38473654,0.4330593,0.39719772,0.4095371,0.3851703,0.4249972,0.42208114,0.37629482,0.39698422,0.4259033,0.38233492,0.42733163,0.4050959,0.42699423,0.37158006,0.3686214,0.40997273,0.4014093,0.4643024,0.44142985,0.38044482,0.4167929,0.38660815,0.41571203,0.4529037,0.39163956,0.40245482,0.40850934,0.41601652,0.4038831,0.41199893,0.4039962,0.36814415,0.39014807,0.3779418,0.39241743,0.4336979,0.42358962,0.41940218,0.3995449,0.40812597,0.38226497,0.39836574,0.39926982,0.3822946,0.41622898,0.4677437,0.3766504,0.38362774,0.38720775,0.44725636,0.41569388,0.39705193,0.40404615,0.40926093,0.43986475,0.3974539,0.38534164,0.41106156,0.40936425,0.4045303,0.38144872,0.42661583,0.36339018,0.36231655,0.4247179,0.42021525,0.3775806,0.3910706,0.454847,0.43236014,0.41809052,0.38387504,0.41552976,0.41602245,0.3943382,0.42004403,0.4070201,0.40994126,0.3665807,0.45777395,0.39821807,0.4359565,0.4062436,0.40178815,0.41630507,0.40126872,0.41814902,0.40019825,0.39407334,0.39526337,0.40854353,0.41933823,0.40198982,0.40404725,0.43382445,0.43507856,0.38269648,0.42635736,0.45736343,0.39043808,0.40164232,0.4203482,0.3708143,0.41949546,0.39937073,0.40316898,0.43997583,0.36883682,0.4097417,0.4263558,0.38968343,0.43503466,0.43114665,0.42159447,0.38878223,0.4110951,0.43110403,0.378405,0.34526947,0.45212346,0.4135894,0.40728426,0.43014675,0.41467693,0.37854302,0.40019453,0.39772797,0.36529502,0.37897554,0.41162235,0.44359916,0.44320142,0.39176297,0.4078594,0.42189962,0.38104752,0.3610599,0.4113753,0.35309216,0.40063435,0.38933232,0.36979875,0.4451226,0.41976812,0.3939309,0.41839764,0.45054573,0.409454,0.41503838,0.40316403,0.4282999,0.40302062
0.3931281,0.43473732,0.41673028,0.4039647,0.39030603,0.37803128,0.41605753,0.43713504,0.41100055,0.40445298,0.41583544,0.39208373,0.39872667,0.39985546,0.40025014,0.40389392,0.4401172,0.41901153,0.41010618,0.39667505,0.39629573,0.35269403,0.4259292,0.3720313,0.39805895,0.37302765,0.39995563,0.37195486,0.42618972,0.36932802,0.38428536,0.38392043,0.3877336,0.38613033,0.4072442,0.3812709,0.39964283,0.42612535,0.42123744,0.39710537,0.43297786,0.36871046,0.42728955,0.43548188,0.38127282,0.42071885,0.40344986,0.42292166,0.38486555,0.40914834,0.39377528,0.4127811,0.41877598,0.43190926,0.4225597,0.4003717,0.400014,0.3934813,0.35039482,0.39552698,0.40194863,0.3726807,0.36026785,0.40841773,0.39373887,0.3914101,0.41052023,0.388561,0.4129437,0.41946805,0.39897707,0.38579375,0.38904712,0.3573554,0.42292398,0.39185664,0.43972424,0.40152416,0.36199647,0.36666647,0.42773795,0.38288373,0.35880148,0.43110877,0.42836407,0.40904334,0.38754907,0.41324925,0.42213386,0.383396,0.39564553,0.39623615,0.37648752,0.3734225,0.38252002,0.37146473,0.40517288,0.3827314,0.42643845,0.3902862,0.41599837,0.3916872,0.3734368,0.4214811,0.37995592,0.3781036,0.35986304,0.42395043,0.42887792,0.41941378,0.45379117,0.35302517,0.39108542,0.38573158,0.37805125,0.41160876,0.39906278,0.40712726,0.39621544,0.3897429,0.38001275,0.40471917,0.3839283,0.35418317,0.39577538,0.42241544,0.4280908,0.37468863,0.39185074,0.3948719,0.40833944,0.4133782,0.3646936,0.39755195,0.38770923,0.44149554,0.4006442,0.37828773,0.40493274,0.4378632,0.3781076,0.41432336,0.3931602,0.40059283,0.42078927,0.3869036,0.44040516,0.3988954,0.4375384,0.3568015,0.37481886,0.37817043,0.33369756,0.4045021,0.38032925,0.39184594,0.3865315,0.46179795,0.353596,0.37655485,0.43108994,0.36661866,0.3971653,0.41740412,0.40218124,0.38935015,0.42306793,0.39367732,0.3779242,0.3758905,0.38577217,0.39292774,0.37254763,0.353605,0.39588994,0.36984605,0.3360942,0.37805814,0.4018711,0.41127628,0.37158212,0.4118579,0.41931418,0.39638877,0.44391948,0.3960357,0.40444833,0.41317073,0.3980055,0.4012232,0.4172969,0.43451458,0.41357562,0.37223223,0.3583501,0.40776938,0.3543527,0.4184333,0.35829955,0.39879313,0.44020635,0.42561117,0.40263596,0.3823652,0.39226007,0.39823708,0.41706878,0.35349637,0.38616788,0.36137176,0.3945138,0.38934627,0.38037747,0.40256876,0.3881318,0.40904596,0.41253993,0.40025207,0.41030943,0.3802988,0.39714438,0.3760593,0.3938169,0.41536105,0.37673986,0.4141817,0.383309,0.39597908,0.37952593,0.38365623,0.39711013,0.40006554,0.35572147,0.40145138,0.40997803,0.41403565,0.39787582,0.40690476,0.40997344,0.39280573,0.43514562,0.4040863,0.4094251,0.39566326,0.42826,0.4422982,0.40742332,0.3800181,0.4126289,0.4020934,0.35858238,0.43483454,0.34879676,0.39521614,0.3939529,0.41874984,0.39416623,0.3518085,0.42812777,0.3780572,0.40018436,0.4005233,0.3848724,0.4063912,0.3964948,0.4117179,0.3703651,0.35928407,0.39723235,0.41203666,0.36890978,0.40128466,0.41471753,0.352966,0.38863203,0.40924168,0.44207728,0.42897817,0.38654643,0.40423882,0.38848844,0.37234625,0.38261345,0.40035266,0.41297463,0.38691738,0.39968863,0.39285034,0.4046874,0.35980058,0.39984307,0.42083958,0.39455754,0.41180098,0.4145835,0.37711582,0.3803569,0.38549104,0.40188766,0.39961344,0.40186048,0.4375175,0.4257821,0.42050558,0.40098527,0.44384408,0.40754092,0.38169432,0.3831043,0.39515173,0.37412453,0.4013094,0.37890166,0.4145497,0.4230727,0.40056106,0.40559247,0.39867505,0.39807782,0.38709036,0.42181295,0.40230265,0.37457937,0.39756542,0.36441344,0.40268442,0.40317416,0.34256873,0.3741287,0.41206384,0.3837498,0.41410962,0.39381897,0.38785073,0.39372638,0.38561508,0.3574545,0.38623607,0.37944657,0.44454557,0.41676345,0.40113926,0.4100147,0.4062479,0.40358993,0.40108758,0.35665417,0.3961084,0.42861503,0.40219235,0.3551303,0.40484953,0.3787313,0.40678325,0.39766747,0.42153713,0.4149046,0.42672792,0.378747,0.39362884,0.38433868,0.37398985,0.40235743,0.40593702,0.39878488,0.4250052,0.35862648,0.36710915,0.3869159,0.3934362,0.35961166,0.4154053,0.4153334,0.4096709,0.3868881,0.3964803,0.4106201,0.40295866,0.37715682,0.4335782,0.4345593,0.40101773,0.41284025,0.39008385,0.36562005,0.37441838,0.36531103,0.37927148,0.37636328,0.40470964,0.40236866,0.3753487,0.38769907,0.39251375,0.40489683,0.41339752,0.38123453,0.39202055,0.3814704,0.4167326,0.38211465,0.40498322,0.39838082,0.41122377,0.40067878,0.37710506,0.35249215,0.39432484,0.395766,0.3574785,0.38628426,0.39663535,0.36494732,0.39543623,0.38107532,0.38014215,0.39588845,0.3600559,0.38616893,0.38966906,0.4137287,0.42139226,0.408078,0.3539181,0.37258562,0.4177516,0.39874932,0.36798853,0.33731687,0.36515063,0.3785134,0.397402,0.38677758,0.3794421,0.4090271,0.41995347,0.37683293,0.41894683,0.39258638,0.36901206,0.37999466,0.3936382,0.40714,0.40679199,0.40054595,0.3954497,0.3657482,0.401834,0.3960838,0.41403517,0.39036715,0.3770659,0.40598565,0.3986311,0.4180314,0.39911142,0.37620255,0.3752029,0.39897,0.42553335,0.3959753,0.40426135,0.39244708,0.3875337,0.3914328,0.37587687,0.4234075,0.41854185,0.38068432,0.36946616,0.4126755,0.3699779,0.39976364,0.37612036,0.37456033,0.3718807,0.41245025,0.3907831,0.39025033,0.42138952,0.3941729,0.42969856,0.35381746,0.36793402,0.37635276,0.41311204,0.40253273,0.43510765,0.4265644,0.3758749,0.40955448,0.39174616,0.42730895,0.42307958,0.38719705,0.3786215,0.3877185,0.4122116,0.4166759,0.37658617,0.39609706,0.40302438,0.37021613,0.38581827,0.38020957,0.39306608,0.41171253,0.41037953,0.39897805,0.3897183,0.40867615,0.39973497,0.39038393,0.3503221,0.4317377,0.3312728,0.376345,0.37363476,0.3664052,0.3779077,0.39786017,0.4168959,0.39838833,0.421907,0.404803,0.42309934,0.38809052,0.37943247,0.36260977,0.38968772,0.37536424,0.3782338,0.39840183,0.39795125,0.4040056,0.42818663,0.39647713,0.38849247,0.36650893,0.38907862,0.36624444,0.40030932,0.4269374,0.36231065,0.3784631,0.37941667,0.39595932,0.39767203,0.42328596,0.3914978,0.40816885,0.37384918,0.39627016,0.39952922,0.4012042,0.41697586,0.3906197,0.3691735,0.36152843,0.3797137,0.40479803,0.38222027,0.39756864,0.43619785,0.38805825,0.3908833,0.38602126,0.3920415,0.37172914,0.42644393,0.42330393,0.37423396,0.39656833,0.4070772,0.38737044,0.40503597,0.3981887,0.34175754,0.44463068,0.3706231,0.43021634,0.37901813,0.40553313,0.40454122,0.38545942,0.41442174,0.3878637,0.3484586,0.37834743,0.38323146,0.41726634,0.39471152,0.35677564,0.3860649,0.4197193,0.40897402,0.36325085,0.40822184,0.4043044,0.44015738,0.40047634,0.38960096,0.3636042,0.43490753,0.38129812,0.41620508,0.3974048,0.39140713,0.3696344,0.40394726,0.37349874,0.41647688,0.4160763,0.3687554,0.4322182,0.33388868,0.4244765,0.40438372,0.36082354,0.4232919,0.42612466,0.38751486,0.38982296,0.40802968,0.40998548,0.4045959,0.45649606,0.3859983,0.40557045,0.43408704,0.40935522,0.36524183,0.37374836,0.38272235,0.3480822,0.38106737,0.42285824,0.39380395,0.40549865,0.4393266,0.3475858,0.3728938,0.45116845,0.39972597,0.37165436,0.40752596,0.39723954,0.418709,0.36820152,0.42247945,0.37593153,0.42712507,0.43808496,0.39950728,0.40325493,0.39520565,0.40624225,0.37540358,0.39219227,0.39201567,0.39533883,0.3910419,0.42254955,0.3783578,0.40215227,0.40863353,0.34822226,0.37968996,0.4081602,0.350335,0.37295574,0.36402917,0.39619666,0.374668,0.3834182,0.4001734,0.36693367,0.41108507,0.363354,0.40187755,0.42119184,0.3833278,0.4298607,0.38354906,0.38838696,0.37555978,0.4255116,0.40993118,0.39468515,0.41973096,0.39007175,0.4240834,0.40686628,0.3827507,0.3784806,0.36224163,0.38266343,0.43313006,0.37622452,0.38061625,0.43552834,0.37819633,0.40914923,0.38099992,0.39624515,0.4082427,0.40098736,0.37987676,0.39681566,0.39181072,0.41766876,0.38166314,0.3940208,0.382968,0.39695072,0.36756128,0.43527144,0.3981135,0.41602337,0.37486935,0.3744664,0.38223508,0.42035222,0.4211041,0.39249235,0.3577994,0.388479,0.41666928,0.41736123,0.42887443,0.3830433,0.3868525,0.3466714,0.36407334,0.38471085,0.39853385,0.3950024,0.40268502,0.38265157,0.40339667,0.39609846,0.40767166,0.45079917,0.35059413,0.36557543,0.36354986,0.40252486,0.41105533,0.40200606,0.37514555,0.38089493,0.40458012,0.3784389,0.38028085,0.41199487,0.37636587,0.38500166,0.42301694,0.4173609,0.42468566,0.4266121,0.3869866,0.35096455,0.375644,0.36498764,0.40288997,0.4321241,0.42435002,0.39951646,0.39603555,0.41882813,0.41090548,0.39319086,0.42096335,0.35707486,0.36490902,0.41768676,0.38930047,0.36950523,0.4029783,0.39577597,0.39474255,0.3958406,0.36777785,0.41286552,0.40847456,0.3799329,0.38805157,0.394031,0.39078394,0.38805217,0.38674274,0.4019812,0.4005238,0.38215676,0.38315606,0.4141741,0.41674113,0.42310333,0.35314107,0.4049034,0.38099244,0.39567882,0.40825403,0.4049498,0.39707685,0.41908056,0.38655072,0.38058937,0.3990628,0.4002465,0.41331536,0.38160497,0.47082883,0.3775687,0.38381454,0.41554776,0.39809358,0.39764333,0.39151943,0.43175316,0.40432185,0.42417157,0.39119917,0.40277255,0.43006593,0.3866663,0.39729464,0.36958686,0.40756163,0.39823347,0.42951313,0.3994593,0.4036985,0.40856245,0.35532808,0.39004692,0.37945652,0.36123672,0.39450577,0.37915593,0.34813434,0.36509165,0.4149573,0.3734644,0.39369613,0.42561498,0.4193073,0.40531513,0.364137,0.41076362,0.35871875,0.34589407,0.4308226,0.40719584,0.42947686,0.3896064,0.38197985,0.40088075,0.4320877,0.3766306,0.40176317,0.3882251,0.3902373,0.38700238,0.42446986,0.36646095,0.39864707,0.40550184,0.41071805,0.42008722,0.41062132,0.4018309,0.38889933,0.37962294,0.3853161,0.41117775,0.40727535,0.407195,0.43234888,0.3933394,0.39606953,0.43806463,0.38888073,0.36337224,0.36988243,0.4385677,0.42231515,0.41977948,0.43150732,0.38470873,0.4091633,0.4246579,0.401937,0.3896897,0.37851095,0.3822321,0.42243424,0.38546994,0.4156652,0.40254438,0.39637107,0.39009508,0.4201294,0.35831234,0.3690114,0.38467863,0.40319932,0.39886093,0.4054717,0.37775308,0.42678663,0.3935637,0.41585875,0.40481117,0.4201542,0.41488528,0.3708794,0.3860339,0.4216436,0.4053808,0.39027894,0.3656181,0.41774112,0.36638725,0.40589455,0.39248165,0.42805672,0.37299713,0.3543269,0.41135788,0.39915285,0.3837504,0.39631417,0.40411395,0.41994977,0.42536804,0.4152372,0.41336203,0.38724673,0.40835136,0.3612705,0.42226475,0.41244146,0.38409576,0.3883906,0.40988165,0.40758908,0.40387368,0.40958825,0.36183676,0.38912985,0.39298874,0.39610994,0.35887384,0.40133226,0.39315176,0.412063,0.39201993,0.39183617,0.42569944,0.41864797,0.36469725,0.41800004,0.41721964,0.41233358,0.36882317,0.4328773,0.3660512,0.41497347,0.3977014,0.41879237,0.39968103,0.3696671,0.3845517,0.39994377,0.3802334,0.4400909,0.38612318,0.3873583,0.3920937,0.39989135,0.40848517,0.37757275,0.4067884,0.40744758,0.36766705,0.39858392,0.42220092,0.34248468,0.44153878,0.41834658,0.3794883,0.38382387,0.4189302,0.40460062,0.4026473,0.42356944,0.4132704,0.36194903
0.38924366,0.4216389,0.40297878,0.3661615,0.40731007,0.4128439,0.40051013,0.42413014,0.39153177,0.41506693,0.42528895,0.38712478,0.37422156,0.39429015,0.38616547,0.40630677,0.40730387,0.41359383,0.42493477,0.3584255,0.39489004,0.362421,0.40169415,0.39948362,0.39893383,0.3569486,0.3893417,0.3925166,0.39338502,0.382654,0.3606188,0.35395706,0.37938198,0.4068062,0.38894483,0.37505603,0.39403456,0.41793963,0.41392082,0.39927763,0.40904287,0.40044764,0.41499728,0.43310764,0.41721007,0.43535566,0.40318644,0.44071594,0.38088483,0.40790793,0.40310866,0.39010113,0.3761484,0.42811823,0.4178124,0.3808332,0.40359852,0.43222848,0.3696748,0.37590206,0.39466792,0.42582014,0.37053704,0.38974062,0.42390323,0.39284137,0.4158494,0.3433913,0.3998868,0.4207867,0.39738923,0.39089048,0.38914222,0.3718458,0.4385753,0.40062812,0.41489714,0.37706363,0.36979973,0.37305176,0.40877157,0.37778628,0.3890752,0.43454632,0.41615704,0.3567528,0.40419555,0.42386955,0.42930746,0.42963296,0.40105313,0.3765587,0.35957095,0.37419978,0.38492966,0.41391504,0.40863648,0.3753114,0.41199136,0.39071918,0.40050286,0.38446513,0.3691336,0.4205881,0.40312144,0.37621355,0.38437366,0.4345815,0.40254486,0.38662845,0.42596465,0.38279277,0.38583332,0.408389,0.3956135,0.43965864,0.40111047,0.39423454,0.39469808,0.3824423,0.35646188,0.41380376,0.38898018,0.41921207,0.40557852,0.45008516,0.39788508,0.34035605,0.3864694,0.39575717,0.40710145,0.41099817,0.38218156,0.41368997,0.41985047,0.42382854,0.41294953,0.3757108,0.41536576,0.41450647,0.38214374,0.41707543,0.38816676,0.38085157,0.4441759,0.40610254,0.41652107,0.37957996,0.38873768,0.38498855,0.37543032,0.38461056,0.40195665,0.3899227,0.38511455,0.39821458,0.38577035,0.44564632,0.4069195,0.38558596,0.4308573,0.37440977,0.41006133,0.41965246,0.42430523,0.42016202,0.41115654,0.39578396,0.3900243,0.39317322,0.39239904,0.41636002,0.39782423,0.43604636,0.3989781,0.37282917,0.34346446,0.40982017,0.41117305,0.43106535,0.37601125,0.4086259,0.428595,0.37683088,0.40517765,0.42519024,0.39104775,0.4362462,0.39440465,0.4288346,0.38851327,0.4318013,0.41342595,0.38878888,0.39884117,0.4190936,0.38121957,0.41582468,0.3705032,0.3688083,0.4211957,0.4159399,0.42137408,0.4036733,0.34967944,0.39609143,0.43209743,0.36020356,0.39422792,0.39853978,0.39952257,0.393143,0.3776828,0.40289286,0.38417596,0.38576123,0.42222852,0.39781865,0.40528467,0.3810302,0.41105866,0.384059,0.37607878,0.40409654,0.38146153,0.43026105,0.3977988,0.4013222,0.41355246,0.4038642,0.39777908,0.38298225,0.38748568,0.43282396,0.4265975,0.41398993,0.39907232,0.3863448,0.41594926,0.41560715,0.4042208,0.38702077,0.40033546,0.3902508,0.42390734,0.4388562,0.37586227,0.37185472,0.4508719,0.42869025,0.33056667,0.43760225,0.35263222,0.4114561,0.4209451,0.4301917,0.39842692,0.36568254,0.41364402,0.38673154,0.41052604,0.42620504,0.38064107,0.40802708,0.34741858,0.4304825,0.39627665,0.36866555,0.41342568,0.42425373,0.3821134,0.3930242,0.40825635,0.40179503,0.38207215,0.3953147,0.40683746,0.39914623,0.3605725,0.4334689,0.39056844,0.35708258,0.35885096,0.3870342,0.4058498,0.41605234,0.37640524,0.40403137,0.39191502,0.3750245,0.38269338,0.41510355,0.39769036,0.4021399,0.40633866,0.38022435,0.39096522,0.3909611,0.40138713,0.4115121,0.39855826,0.44497532,0.43228316,0.4291102,0.43569532,0.4261165,0.41624656,0.3782493,0.36923608,0.41935432,0.38586867,0.3890254,0.37377417,0.43018243,0.410767,0.40599364,0.4274017,0.39393094,0.39924628,0.41661215,0.4307849,0.4232419,0.39197513,0.41396055,0.37675223,0.4056515,0.39088163,0.3715073,0.37713704,0.41520825,0.35458475,0.41620696,0.4181706,0.3825648,0.39615238,0.4126191,0.36347023,0.36918262,0.37868568,0.4402665,0.43139067,0.36565182,0.41203234,0.38809586,0.39845145,0.4127234,0.3722956,0.41485262,0.4192675,0.37733105,0.36140764,0.43073064,0.39467227,0.39893085,0.38498056,0.440762,0.40990698,0.41516227,0.3854895,0.4008687,0.3809251,0.3993181,0.3889168,0.3809052,0.3939919,0.41675308,0.3585129,0.4020813,0.39361584,0.37338486,0.4078541,0.42425317,0.42791146,0.40518174,0.40416166,0.39264676,0.41327626,0.39416912,0.40879065,0.4146899,0.41116285,0.35892016,0.39526635,0.39144802,0.40845817,0.41213718,0.39973873,0.3966678,0.40673718,0.3814299,0.416995,0.40830907,0.36815268,0.41215208,0.41297853,0.41742456,0.38331485,0.41294736,0.41555572,0.40818655,0.3632924,0.4157849,0.4034795,0.37000108,0.37710378,0.42417905,0.3728302,0.4386219,0.4071433,0.34167945,0.42053413,0.3834503,0.36269724,0.37553877,0.3748754,0.3902113,0.38992074,0.4010392,0.39376462,0.42425972,0.43811604,0.42582145,0.40496022,0.33982015,0.3720379,0.41331717,0.38714653,0.38522193,0.39591923,0.38319674,0.3775826,0.40517634,0.37367594,0.34304225,0.40205848,0.40750557,0.41039062,0.41654417,0.4015564,0.41725993,0.37397212,0.4035642,0.38703823,0.41225362,0.41233873,0.42029774,0.38188267,0.39503866,0.37050283,0.38667536,0.4119751,0.38464347,0.39625326,0.3937865,0.41228718,0.3879217,0.3538307,0.38791466,0.37835407,0.40091747,0.39156914,0.41858864,0.34729406,0.4021836,0.37664127,0.37499446,0.4197806,0.42967194,0.42627975,0.32931942,0.3949871,0.39437318,0.4025108,0.4028048,0.39986452,0.3850532,0.4148608,0.3799702,0.3933233,0.40161863,0.40485665,0.41926175,0.37973756,0.3929023,0.39168793,0.44817638,0.4053601,0.43477857,0.41234103,0.3733087,0.4022844,0.3803835,0.4136727,0.4251117,0.3795907,0.3680264,0.37354004,0.40145922,0.42206126,0.37261117,0.37767723,0.38649386,0.40403396,0.40978366,0.37091205,0.37971616,0.4328693,0.4237584,0.37884036,0.4075051,0.4015293,0.3604154,0.3881658,0.34823707,0.40737817,0.37761533,0.36682263,0.39034772,0.39413154,0.36028293,0.39667207,0.39714402,0.42056185,0.3620932,0.3876708,0.3872284,0.39407206,0.38072988,0.3686343,0.37762794,0.4001439,0.3897058,0.4244892,0.41890582,0.4270353,0.42378289,0.4036228,0.3963665,0.40610194,0.39882463,0.39874616,0.43133125,0.39707917,0.4057154,0.35909465,0.3941586,0.3962288,0.3841505,0.41393113,0.39306113,0.40296212,0.40514892,0.4104504,0.36286175,0.3974483,0.40089568,0.38216168,0.37317115,0.39523852,0.4016867,0.4158768,0.38657987,0.3765971,0.43503278,0.379444,0.3754955,0.37157905,0.39809078,0.35571998,0.42561156,0.40796134,0.38291284,0.41259855,0.4280958,0.39029306,0.39066288,0.38346297,0.37300628,0.45661804,0.36478308,0.3966669,0.39589614,0.35599113,0.39954966,0.3811947,0.4124664,0.41038066,0.36817324,0.37617823,0.3946859,0.4396795,0.39650846,0.37808,0.3908162,0.40873036,0.40334898,0.3702729,0.3593859,0.41415697,0.41127765,0.37984714,0.39036262,0.39206073,0.41655892,0.36351845,0.38479868,0.4083868,0.37358296,0.385322,0.41532296,0.39704752,0.42182127,0.42514428,0.3680238,0.4118505,0.3500483,0.38652414,0.44636992,0.3860904,0.41423872,0.43536794,0.39751318,0.37599412,0.4211584,0.41818562,0.42750764,0.44112647,0.39940202,0.40573466,0.41153795,0.42027184,0.38591474,0.37211624,0.39848563,0.38286436,0.41669676,0.41880384,0.4058486,0.38178402,0.39859426,0.3498745,0.38571703,0.44185615,0.40934795,0.37010866,0.40408176,0.39187622,0.41951466,0.3870182,0.40388376,0.36924884,0.4185217,0.43502218,0.42540044,0.41144106,0.4063539,0.36239588,0.36612442,0.38457865,0.40279168,0.39197206,0.3767981,0.42612305,0.3849795,0.4028116,0.39009416,0.3703164,0.37869185,0.4292382,0.337225,0.38992113,0.37583503,0.3948444,0.38027278,0.3874056,0.37472743,0.40298015,0.39279866,0.37126043,0.4009793,0.4258746,0.4149534,0.40714258,0.4192965,0.4022598,0.38776118,0.38081503,0.40882218,0.3807327,0.39536035,0.4095634,0.40708062,0.4133132,0.39856324,0.37778807,0.37203574,0.39831504,0.4068417,0.3954607,0.38483387,0.42613202,0.4002601,0.40494347,0.41020626,0.40180573,0.4464782,0.40903246,0.39871773,0.37040788,0.40324137,0.4149299,0.39137316,0.38224804,0.38255352,0.40584114,0.37413144,0.43556184,0.39831588,0.37697867,0.38829842,0.3553989,0.40360194,0.3997928,0.40672654,0.39772737,0.36449116,0.39500836,0.42580628,0.39525265,0.39275962,0.42199656,0.41577053,0.35212132,0.40463036,0.4168489,0.40431178,0.38928214,0.41815245,0.38477704,0.40513933,0.4291544,0.37895125,0.43464866,0.35528556,0.39395207,0.39266336,0.38774344,0.39509252,0.4087807,0.35681844,0.40703684,0.41867042,0.42398563,0.3613714,0.39861876,0.36842605,0.41346604,0.41611838,0.4080552,0.4402796,0.438629,0.4002619,0.37020475,0.4154352,0.35621732,0.38486588,0.42567414,0.42981517,0.41667014,0.43786508,0.41476306,0.40704066,0.37693316,0.41477874,0.3855658,0.3867887,0.4374404,0.40622747,0.39055037,0.4049531,0.4033708,0.3771755,0.4046607,0.3655932,0.39906886,0.41117677,0.3865612,0.41164607,0.45608068,0.3924162,0.41226572,0.40165603,0.39043325,0.42246568,0.3725589,0.38402385,0.41848877,0.42081285,0.43055856,0.37472638,0.398938,0.3881888,0.41987795,0.42498592,0.41930228,0.4052108,0.37370425,0.40024367,0.36330652,0.44478497,0.4152118,0.40785465,0.36577553,0.45693237,0.4081948,0.4135267,0.37713933,0.41236964,0.4175016,0.35713434,0.44983822,0.3865103,0.43775126,0.38268244,0.39484483,0.40532774,0.3881803,0.38310793,0.38055748,0.3865171,0.4168985,0.39460787,0.38075674,0.41034025,0.42462116,0.36367142,0.38631943,0.4171635,0.38437963,0.4062234,0.3966471,0.38730666,0.38966757,0.40878066,0.39968896,0.40155312,0.41081822,0.38869435,0.41786247,0.39508992,0.40119565,0.38652697,0.35907152,0.42243,0.41753373,0.42338336,0.3940814,0.38072157,0.41095814,0.4152435,0.38257337,0.383388,0.38645187,0.38539475,0.40163505,0.44098482,0.41004696,0.3867209,0.37719774,0.42725074,0.40195352,0.41349533,0.4020829,0.38247782,0.3801064,0.39267984,0.42777634,0.4371094,0.40900484,0.40570116,0.36061734,0.39182127,0.41310257,0.4155728,0.3618338,0.3688903,0.41301683,0.3715317,0.42324626,0.4069671,0.38758218,0.43319762,0.40917468,0.38944924,0.39123523,0.39476812,0.39351624,0.42776304,0.3804556,0.39664736,0.40590024,0.37309122,0.39371282,0.42245635,0.38902497,0.39582613,0.3756727,0.40307564,0.36738935,0.38985142,0.3705182,0.40684563,0.4052915,0.4201867,0.39322793,0.40092131,0.3971297,0.39979452,0.39310968,0.41501307,0.38536954,0.38085628,0.40840387,0.39850292,0.40338087,0.37246856,0.3868054,0.40214655,0.36756212,0.3763847,0.41350588,0.3641802,0.40918994,0.3882135,0.3889888,0.3932377,0.4065442,0.41941985,0.44029653,0.40310153,0.42004275,0.40461737,0.4150258,0.40524638,0.40320554,0.40485477,0.4172711,0.404696,0.4006021,0.38710445,0.382197,0.39775157,0.3910287,0.39796078,0.38201544,0.38092607,0.40310842,0.40470946,0.3886521,0.3635779,0.4185551,0.41701534,0.36667362,0.4072557,0.41940802,0.4202693,0.3635847,0.4457384,0.39033183,0.41062325,0.43424118,0.42773467,0.39105582,0.3780077,0.40406623,0.3867155,0.38562906,0.4071033,0.42547214,0.3934872,0.37555647,0.41828755,0.40997314,0.40016013,0.4102991,0.39905027,0.36080047,0.38456807,0.40868974,0.3464114,0.45162684,0.42401862,0.37509912,0.39185852,0.4421783,0.38518745,0.44009712,0.402758,0.42504025,0.36687958
0.35581464,0.35105714,0.38423243,0.3776786,0.35563862,0.3503524,0.35567832,0.3743235,0.36475062,0.3796072,0.38528034,0.38826686,0.3789111,0.3809341,0.40702152,0.4110139,0.3962939,0.3587038,0.40170732,0.37191924,0.36375207,0.37721592,0.36329424,0.36553252,0.36390105,0.35382313,0.36252227,0.37146115,0.37666178,0.36801928,0.38313222,0.37364808,0.37951535,0.3676621,0.3515647,0.33684248,0.3554109,0.36736915,0.3724119,0.36265528,0.3834993,0.37370968,0.33702707,0.3710542,0.3814057,0.40032753,0.40498528,0.39783126,0.37074465,0.37971482,0.33427203,0.33688825,0.34206888,0.39450717,0.38528365,0.37759262,0.3322752,0.44034326,0.37690932,0.37283266,0.38124233,0.42014176,0.36702925,0.36731726,0.3612136,0.37233084,0.3705697,0.33130786,0.34073907,0.38812953,0.35516363,0.3797511,0.3938812,0.33303106,0.36843726,0.41332418,0.347621,0.37381262,0.39539477,0.3727351,0.3755619,0.36189207,0.3433439,0.3703425,0.35207585,0.36665118,0.393746,0.35985395,0.36389476,0.40025413,0.38590357,0.346778,0.34848142,0.37189877,0.38629282,0.37900972,0.3908527,0.33633688,0.37013572,0.3635578,0.39184093,0.38753727,0.34175384,0.3774475,0.39024723,0.31539303,0.42357403,0.38015297,0.36037385,0.364453,0.36804453,0.40541875,0.35267258,0.3829798,0.40923634,0.40654218,0.38399842,0.36537883,0.39648297,0.38448578,0.3866872,0.41115966,0.37031195,0.41675323,0.38577807,0.4240958,0.3673613,0.349695,0.36739028,0.39971152,0.39548862,0.33316875,0.4031868,0.38661116,0.3639105,0.3466563,0.38765204,0.3961947,0.36851934,0.35390133,0.4046092,0.3665559,0.40024054,0.32207793,0.36659017,0.38339886,0.3624941,0.3268022,0.34515202,0.3946104,0.397581,0.37578538,0.38690624,0.39469555,0.38584793,0.37179196,0.4117787,0.352777,0.38422477,0.35437414,0.38645557,0.36663398,0.3706206,0.39381033,0.3832627,0.37472308,0.37381715,0.3742748,0.356651,0.39816558,0.33922914,0.39693365,0.36497012,0.42844236,0.3616212,0.38101926,0.3523975,0.39018086,0.36974877,0.37731814,0.36412463,0.35279024,0.3637542,0.36070475,0.3528035,0.40950954,0.37533686,0.3833719,0.3396026,0.40970248,0.36544296,0.39677724,0.37383634,0.37252212,0.35810938,0.39243138,0.34417108,0.35844883,0.37555182,0.3369583,0.3653065,0.38695058,0.41082838,0.38482514,0.33829802,0.40218914,0.43041492,0.37121144,0.38400856,0.40640453,0.4068086,0.36734688,0.3805258,0.36608973,0.35810953,0.35771066,0.38324308,0.37263405,0.40686113,0.3659942,0.3859111,0.33166194,0.36251807,0.32322058,0.3617412,0.40223852,0.3925898,0.40671462,0.42350006,0.35762483,0.37281328,0.34893662,0.37246042,0.39912236,0.3284682,0.38275915,0.35520327,0.32577437,0.3970899,0.38513517,0.35541403,0.34953424,0.35283273,0.34617794,0.39724362,0.35533792,0.35642472,0.32293707,0.36213884,0.38496602,0.368942,0.37142777,0.36898375,0.36448166,0.38947722,0.35946375,0.3616015,0.37351623,0.39572436,0.36263976,0.39522386,0.38202617,0.3423983,0.39178988,0.3378313,0.38040975,0.37192374,0.3780343,0.40981823,0.36961487,0.3516229,0.36248285,0.35692,0.43775102,0.3878864,0.3469907,0.3692615,0.36077154,0.3496734,0.41231984,0.37767988,0.36871627,0.37735274,0.3536887,0.36274004,0.3779778,0.34759665,0.4150633,0.32706508,0.38147593,0.38428885,0.3281487,0.37831432,0.3872322,0.39082205,0.36011827,0.372663,0.3839243,0.3424178,0.3747912,0.42032987,0.36581206,0.38101402,0.40519255,0.37398142,0.37662786,0.41387552,0.35862896,0.3678692,0.40354997,0.3372638,0.34597477,0.36316,0.346404,0.35705113,0.41035005,0.36948898,0.37050074,0.37069714,0.3853668,0.3650501,0.385112,0.37981263,0.37024778,0.3934439,0.36170638,0.35491097,0.37294817,0.36549854,0.40634027,0.3485905,0.39675996,0.42239138,0.38416117,0.3363898,0.4189848,0.41596353,0.4198854,0.38698786,0.3838537,0.38318247,0.38837057,0.36714673,0.34822804,0.36559337,0.37478435,0.33688492,0.3833546,0.36852425,0.32608885,0.37844044,0.39479095,0.38974994,0.33879155,0.35825548,0.38748276,0.35124353,0.34628627,0.3761736,0.3983362,0.37579834,0.4084104,0.35870266,0.33908325,0.35954034,0.38606605,0.3715484,0.3784371,0.40310645,0.3672253,0.42758274,0.4093517,0.37273607,0.37796336,0.406201,0.3984054,0.3731514,0.37567222,0.37377432,0.36028075,0.3829921,0.34959558,0.33009928,0.315162,0.4130066,0.38882187,0.40235355,0.34651342,0.40105918,0.34337968,0.3926237,0.36731482,0.39730147,0.37914717,0.3585269,0.3672435,0.37385064,0.37059456,0.3890437,0.3973962,0.32173204,0.40108913,0.34738415,0.37528044,0.35871834,0.41232583,0.37307706,0.38766244,0.36319506,0.38227254,0.41653788,0.41035765,0.3819313,0.36300594,0.37039003,0.4027949,0.38433573,0.37998018,0.37930655,0.3739223,0.36385792,0.38398623,0.38306445,0.35717708,0.40412173,0.35495806,0.37605458,0.39137393,0.403311,0.39642555,0.38384262,0.37035158,0.35791975,0.32561916,0.40230298,0.40275976,0.36010772,0.38236767,0.35536677,0.40535867,0.3560051,0.37549162,0.37988862,0.38687176,0.38168252,0.40076658,0.38611266,0.35258454,0.35144168,0.37125233,0.41281644,0.41690585,0.39335123,0.37222534,0.41236454,0.36758488,0.35886395,0.42049035,0.31541824,0.38332552,0.3733651,0.37622255,0.30587855,0.34658298,0.34905624,0.37209666,0.39725053,0.355033,0.4118042,0.3047023,0.38033402,0.37508625,0.35179698,0.44370428,0.3830782,0.37545952,0.35438997,0.40185398,0.35271788,0.3545692,0.37265772,0.41019621,0.36959618,0.39906403,0.38981286,0.41063395,0.38669103,0.3630047,0.3486588,0.36642697,0.35620552,0.3871891,0.42050797,0.35783887,0.34717834,0.35353392,0.38716605,0.3856531,0.41135404,0.35513252,0.36059862,0.34384933,0.37975118,0.37870163,0.38761735,0.39050162,0.3962266,0.3742897,0.40060425,0.390545,0.3575708,0.3752973,0.3487519,0.3471513,0.3641453,0.3915491,0.33544004,0.3862097,0.3878184,0.37405908,0.38050225,0.372315,0.40050757,0.36044005,0.3540207,0.34456027,0.4078791,0.34149528,0.351471,0.39164937,0.36830762,0.38481492,0.41252655,0.40528402,0.39586037,0.3599267,0.40390143,0.36826137,0.39315423,0.38004383,0.38808104,0.3639653,0.3566805,0.41370848,0.34940982,0.4085424,0.3971598,0.3778441,0.3989681,0.34880963,0.38886425,0.38862884,0.35579985,0.36004573,0.3518879,0.4004824,0.3762606,0.383323,0.4138928,0.40984067,0.3773625,0.35532635,0.35724968,0.383752,0.3663578,0.32346272,0.3727663,0.38852474,0.38929707,0.37457335,0.33745527,0.41307145,0.37409937,0.36187965,0.3623237,0.36776435,0.36683568,0.390915,0.38138765,0.37425613,0.37711793,0.39084068,0.3898726,0.3858775,0.3530707,0.3812842,0.3495538,0.36693916,0.37756252,0.37934905,0.41048348,0.3384163,0.33039874,0.38267684,0.35580084,0.3737854,0.34949362,0.32837504,0.36688802,0.36277434,0.33520597,0.38246983,0.4363072,0.38233405,0.3369655,0.33876336,0.3775429,0.37804794,0.3373735,0.35077947,0.3825341,0.38149336,0.3750242,0.36348712,0.39733273,0.34521893,0.3470091,0.40855604,0.4008803,0.34606045,0.38095427,0.38913476,0.35142404,0.37444425,0.39221567,0.41298693,0.3795352,0.40405124,0.30827674,0.3896913,0.41659006,0.38565934,0.38344574,0.39039958,0.35086045,0.3926819,0.3721541,0.41141555,0.3473453,0.36203963,0.3262198,0.39750227,0.36896694,0.38047495,0.3733158,0.374222,0.36633483,0.3759047,0.36185175,0.39158267,0.39063656,0.40766862,0.38206482,0.3907257,0.357077,0.39327967,0.367066,0.31178728,0.37525278,0.40078115,0.36483905,0.35418704,0.38247907,0.4093871,0.38489866,0.39347503,0.4012804,0.33650297,0.39371324,0.3504771,0.36459222,0.39622954,0.35180667,0.39214483,0.35759473,0.32108927,0.34180146,0.33528343,0.3167498,0.3360986,0.40107208,0.35645378,0.3605821,0.38576874,0.3880908,0.37431195,0.38740957,0.3583926,0.36009604,0.33693516,0.33701065,0.36792877,0.38979605,0.3726389,0.348954,0.36092472,0.38307709,0.38573977,0.3620661,0.3793624,0.37845084,0.41188595,0.36485896,0.41766092,0.3610489,0.40404597,0.36784887,0.40189603,0.37624332,0.37398487,0.37430963,0.40235007,0.3796893,0.36950612,0.3934241,0.3692968,0.3415075,0.3772658,0.37297833,0.36737075,0.3700813,0.40573823,0.37976092,0.3349563,0.37624037,0.36143038,0.3844095,0.38367796,0.3092972,0.34998977,0.3769174,0.3989305,0.34201315,0.37250108,0.38682595,0.35424405,0.31519243,0.3865244,0.33689022,0.39117956,0.39394018,0.33084878,0.35224307,0.36745572,0.35647547,0.36839443,0.35991994,0.38626748,0.34569627,0.36632472,0.38513926,0.37465537,0.39758962,0.3811378,0.32943505,0.37921268,0.41976917,0.36260128,0.37616748,0.41580728,0.38200003,0.3838129,0.39953345,0.37821054,0.36090174,0.35270706,0.3505267,0.38716835,0.39564896,0.37937805,0.3526052,0.4071092,0.33360025,0.401376,0.3585792,0.36429572,0.36990407,0.3880493,0.3855651,0.3819915,0.3766877,0.38141295,0.38452232,0.35274145,0.37454307,0.38839114,0.4161823,0.3698908,0.43688083,0.38658848,0.39166352,0.36650077,0.34201223,0.38678688,0.34866863,0.3898697,0.37774065,0.3462202,0.40580338,0.370567,0.35634387,0.3825671,0.38653618,0.4032481,0.32942888,0.33524507,0.369719,0.42270565,0.33926445,0.42172927,0.41779527,0.3649238,0.35200122,0.36841938,0.39098218,0.3576772,0.36776373,0.3746875,0.38802874,0.37942296,0.3956543,0.34545836,0.38531938,0.35401884,0.3336821,0.36629748,0.3684631,0.36174446,0.34405118,0.33236554,0.37246144,0.35106924,0.3135221,0.34771284,0.36137205,0.37743336,0.3864705,0.38866305,0.40746564,0.3856471,0.41042,0.40498677,0.380932,0.37373957,0.41876453,0.3958787,0.39069822,0.34822288,0.37862834,0.3666795,0.34591448,0.35041806,0.38781247,0.36669514,0.37406996,0.35375106,0.36293924,0.37640858,0.38607466,0.33935684,0.36759096,0.35741872,0.33936566,0.35298875,0.40506387,0.40994442,0.40047488,0.34663442,0.3398095,0.39309856,0.35694516,0.3220407,0.36611593,0.3404306,0.36928934,0.381708,0.3876648,0.38512698,0.35091949,0.35391116,0.3407132,0.3424354,0.35654292,0.40000612,0.3877791,0.38137653,0.3389222,0.34434444,0.3619679,0.36788186,0.39970908,0.35654876,0.37341356,0.3779931,0.33620778,0.39213613,0.38398722,0.40799487,0.37740147,0.3556074,0.37712893,0.36289588,0.3664324,0.37860984,0.35443783,0.38525003,0.37507623,0.4187954,0.3505395,0.3559877,0.37128103,0.36526185,0.38156024,0.3789981,0.35901278,0.34305304,0.385954,0.3825341,0.37876612,0.3804813,0.37533692,0.38005313,0.37154794,0.374929,0.41734394,0.36020225,0.3240385,0.38339323,0.3479852,0.38579556,0.39357495,0.35635686,0.35698557,0.3436585,0.35731348,0.35242596,0.36356315,0.3807243,0.3711223,0.37560415,0.38136405,0.35538262,0.37972933,0.38976318,0.36424148,0.37598813,0.41062295,0.3454472,0.35080254,0.34850076,0.3618108,0.3770665,0.3668033,0.36943358,0.39920062,0.35944057,0.3468781,0.39124736,0.36446202,0.35600236,0.37457702,0.34126428,0.40423936,0.36844742,0.37534472,0.39254797,0.3749231,0.4451815,0.38762814,0.35955712,0.37554705,0.38700655,0.3949228,0.40509516,0.36429068,0.39480525,0.37843543,0.38330656,0.4070802,0.39585358,0.35122183,0.37350965,0.41613576,0.36497557,0.33779222,0.37772864,0.32350343,0.34929672,0.31402797,0.39015692,0.3984642,0.36797422,0.34612286,0.38664177,0.37656546,0.34589258,0.39931002,0.36187902,0.3444101,0.3518592
0.3059816,0.29295138,0.33893,0.305672,0.29632756,0.28506184,0.31659704,0.3062939,0.3004719,0.31949148,0.31600237,0.2878215,0.28764424,0.3292241,0.32871383,0.3353002,0.33394876,0.2943109,0.3246551,0.32268873,0.31581193,0.32676047,0.24799532,0.32477793,0.28947097,0.2728048,0.31477958,0.31221974,0.29221812,0.30759272,0.32880706,0.30309412,0.30598074,0.31030858,0.3126619,0.27593726,0.3240267,0.3129984,0.27408284,0.30173206,0.3201215,0.29311708,0.28900036,0.2922651,0.32410914,0.32342756,0.34397212,0.33833185,0.31714514,0.3083408,0.2687388,0.28278428,0.3034067,0.32164,0.3035416,0.31717002,0.31407982,0.35303625,0.30300885,0.30697358,0.30697703,0.33088157,0.28955883,0.29267466,0.3288514,0.26518905,0.3104549,0.24450883,0.30528837,0.3201487,0.29830533,0.33151445,0.332347,0.31026614,0.25466537,0.3190551,0.2860313,0.291682,0.32965028,0.3319815,0.32142282,0.27104247,0.301184,0.31038404,0.30431458,0.28959233,0.32264605,0.30449238,0.3318469,0.3123731,0.32941383,0.27144325,0.33185107,0.3145745,0.3081224,0.2882491,0.31109065,0.32599205,0.29949337,0.30162933,0.3189044,0.2800479,0.29604194,0.30467537,0.3086719,0.27962428,0.3348975,0.31902316,0.28026563,0.2917724,0.27159324,0.33315286,0.27662885,0.3411027,0.3350524,0.34395325,0.31351042,0.29842225,0.29626352,0.28587547,0.31462032,0.35580006,0.32716408,0.35437685,0.32142186,0.32602742,0.31729394,0.27932763,0.28786463,0.30618978,0.32097805,0.27403718,0.3019561,0.29921827,0.3180293,0.2957143,0.3142895,0.3158439,0.29870546,0.30410025,0.31354895,0.30007407,0.33756706,0.28466022,0.28051493,0.30515856,0.2753633,0.2794239,0.2909129,0.37178525,0.3280073,0.31494686,0.2876843,0.33914387,0.2834925,0.31177408,0.33797503,0.31067443,0.35027358,0.27729002,0.28657794,0.3120035,0.2627985,0.32897308,0.32242957,0.2905195,0.27354896,0.3395763,0.28019398,0.3345675,0.27758193,0.33221275,0.29553467,0.32049447,0.30198893,0.3143061,0.27830204,0.28270715,0.34038976,0.30719382,0.32096583,0.30238116,0.26160824,0.3219374,0.29195225,0.31699717,0.3088634,0.2982865,0.31445608,0.3266587,0.29484883,0.31951743,0.28711867,0.3110592,0.3208358,0.35562068,0.28772265,0.35204566,0.32319215,0.3188081,0.29123825,0.31247175,0.32822716,0.29442963,0.30104005,0.31076026,0.30110627,0.33221796,0.32337946,0.3230641,0.33141595,0.31159693,0.32868132,0.29427844,0.3032257,0.2615135,0.28964514,0.2993365,0.31949547,0.29838926,0.32941318,0.29355055,0.28424907,0.28408554,0.28819734,0.3071918,0.30900753,0.33857533,0.28390896,0.27515423,0.3234702,0.3070064,0.34515545,0.3049546,0.29650688,0.31005836,0.33073565,0.29482192,0.30727744,0.3142091,0.30402198,0.2855085,0.28216833,0.27627844,0.28581727,0.29522762,0.2867133,0.29768467,0.32809314,0.359172,0.3082831,0.32247126,0.31798625,0.29921567,0.31035867,0.2994495,0.28976032,0.30082577,0.3526805,0.35265207,0.32825541,0.29244676,0.31342003,0.3050002,0.2761339,0.31423736,0.30227068,0.3160836,0.33571818,0.29235816,0.27891028,0.2693532,0.3047116,0.29871026,0.33453128,0.30449447,0.30930236,0.31115207,0.31444478,0.30655143,0.29511833,0.31906164,0.333657,0.30897477,0.28118134,0.28263247,0.2985584,0.32413298,0.3048768,0.30642813,0.3073919,0.26961404,0.30515838,0.3069538,0.31016633,0.29426268,0.31928694,0.280168,0.2768214,0.33350417,0.32963774,0.3073083,0.36972845,0.29838675,0.31313333,0.30831367,0.31417197,0.30441856,0.26940572,0.36760566,0.26701126,0.29097393,0.32515606,0.30425206,0.33731782,0.3164373,0.3364609,0.32397082,0.29283452,0.30485716,0.32189846,0.27853674,0.32618368,0.3124427,0.29675135,0.3075632,0.31233564,0.33594966,0.3367917,0.29095548,0.2890846,0.31752047,0.3140058,0.3319263,0.30320334,0.32257673,0.34533316,0.3424752,0.307504,0.31357673,0.31079203,0.27157208,0.288611,0.29565468,0.3103426,0.30052015,0.29603207,0.32698953,0.28096348,0.3111911,0.3220564,0.331909,0.33868134,0.3069607,0.29927832,0.300432,0.30322,0.3009284,0.3130655,0.29118547,0.3258557,0.33665407,0.29239514,0.26026,0.27685854,0.2939279,0.30976915,0.29564044,0.29532444,0.29432723,0.31748378,0.35977772,0.31681713,0.31395686,0.31793708,0.33375803,0.293887,0.31754458,0.30456245,0.30591366,0.2865631,0.28792933,0.32577956,0.2978365,0.3495364,0.29421338,0.33118832,0.28298765,0.28307912,0.32089388,0.3109035,0.29989344,0.29343906,0.32634354,0.30734903,0.28810042,0.2906065,0.31932676,0.27709344,0.2848192,0.27053636,0.30338648,0.30262816,0.31914568,0.2961434,0.32642716,0.30309892,0.32227278,0.2809145,0.29026675,0.34017146,0.31945336,0.3201461,0.28029612,0.2923576,0.320261,0.33466485,0.28342468,0.28595963,0.33065444,0.31237718,0.3006332,0.2725342,0.32415366,0.32134736,0.3245627,0.3137493,0.31979367,0.30688888,0.3006532,0.26212543,0.31495476,0.3016092,0.2735889,0.32622197,0.31587392,0.29482365,0.30203304,0.3169505,0.2943447,0.3077746,0.30883235,0.30851912,0.29570633,0.35132635,0.3148868,0.3144493,0.28964022,0.31911826,0.30091587,0.34208387,0.32555082,0.34185925,0.3219941,0.31123132,0.31720656,0.29869363,0.31122732,0.3003466,0.3110196,0.3051442,0.3225869,0.29506803,0.30902123,0.26507494,0.31962925,0.31346774,0.30594084,0.35986483,0.25875515,0.29815754,0.3307318,0.2715424,0.33990303,0.28615934,0.30873778,0.30439296,0.32989818,0.2630555,0.28265578,0.3362788,0.32030088,0.2881527,0.3413853,0.3242751,0.3151493,0.3263957,0.3180201,0.31237572,0.27173117,0.28681195,0.30750847,0.3042764,0.30836207,0.28081173,0.31179538,0.3197852,0.33349743,0.31987292,0.30986822,0.29376313,0.25985304,0.3220921,0.29850248,0.31110337,0.32490665,0.30579472,0.32133195,0.30834934,0.30633804,0.32718265,0.3099925,0.2897843,0.32230824,0.28786466,0.3200642,0.2821117,0.2968303,0.2916977,0.31344432,0.32210183,0.30877924,0.33006886,0.27845848,0.31809446,0.2902094,0.29001302,0.3169689,0.32570714,0.31811592,0.3245546,0.28480732,0.32690173,0.29252505,0.36705,0.2839836,0.30799398,0.29119164,0.33236656,0.3319897,0.27654058,0.31041035,0.32390934,0.33128846,0.30254662,0.32912946,0.34877685,0.33574834,0.31784284,0.3005923,0.3322904,0.2998848,0.29073197,0.27006888,0.29760373,0.33424404,0.24689841,0.3129803,0.29949358,0.33114457,0.30536804,0.28061682,0.30437416,0.30832547,0.27564734,0.26914704,0.3136527,0.3096604,0.30599815,0.31184465,0.29726464,0.32646608,0.30104506,0.29487514,0.3345642,0.2943319,0.28879958,0.31981727,0.30897197,0.33507538,0.3627598,0.32959515,0.32475448,0.2806368,0.30232924,0.30727804,0.2811832,0.29463777,0.29544875,0.30708468,0.34041154,0.29008546,0.30100352,0.32553366,0.28098732,0.2917188,0.28696603,0.26647717,0.31562415,0.2900934,0.279359,0.32830453,0.3650485,0.32436866,0.32432598,0.30041116,0.2759276,0.2979996,0.29776326,0.30514938,0.34309277,0.31389612,0.32813436,0.2953324,0.2740456,0.28044617,0.29454,0.33995628,0.31411394,0.31198153,0.32771942,0.3421965,0.279975,0.2991592,0.36439857,0.31203598,0.31142706,0.3382218,0.2956353,0.33338892,0.35387754,0.33014956,0.3461675,0.32975352,0.29713133,0.3133774,0.2755855,0.3303296,0.28336322,0.3142166,0.297433,0.30071425,0.2968387,0.28607327,0.29418844,0.30917966,0.30071366,0.2792223,0.30401066,0.27562463,0.31145614,0.3156674,0.31839314,0.3311137,0.28784627,0.33194056,0.26005304,0.28292188,0.29238975,0.3198774,0.31386232,0.30518526,0.3141784,0.31488675,0.30289358,0.32441178,0.33742493,0.29334918,0.30257264,0.29756412,0.33660766,0.28500772,0.26980162,0.33700895,0.30836385,0.26889032,0.310409,0.29447693,0.27498385,0.27125043,0.3596721,0.32694483,0.31793472,0.29689622,0.32387197,0.33044297,0.31587082,0.33657032,0.32542357,0.3148176,0.32010674,0.29160565,0.33481467,0.33284575,0.3048474,0.31712356,0.3059316,0.33493865,0.3213164,0.30796638,0.34708178,0.34740907,0.313047,0.34025714,0.2820611,0.32206714,0.2852487,0.33320454,0.3300336,0.31321868,0.3555621,0.33937755,0.28697735,0.2874336,0.33517277,0.30332896,0.2952349,0.29692638,0.303428,0.2857483,0.28627446,0.29856783,0.3054324,0.2591663,0.3048739,0.30603683,0.29632992,0.2930447,0.29118314,0.32995877,0.3457597,0.32761392,0.27506623,0.3210718,0.33272886,0.29388735,0.29399863,0.28431767,0.32080206,0.30408424,0.3027893,0.28478205,0.32486552,0.31749514,0.30780396,0.2987548,0.3036378,0.2893509,0.3088643,0.3119911,0.32285577,0.31105232,0.30855817,0.3350894,0.28166643,0.33338508,0.3538663,0.3028223,0.28620788,0.35010928,0.34290594,0.3406896,0.29685348,0.32003784,0.28925177,0.28385836,0.27748477,0.2963205,0.31461582,0.3294549,0.3025494,0.30039415,0.31443483,0.32249808,0.27738148,0.3016422,0.3283989,0.32806537,0.32774594,0.32212764,0.30329287,0.31177962,0.33090636,0.2864876,0.32363987,0.347655,0.32807773,0.29201955,0.31923097,0.3325951,0.30044,0.35836712,0.29042163,0.30887645,0.2983483,0.3147457,0.3138447,0.30618387,0.3006578,0.30286735,0.31892133,0.30157116,0.30309358,0.31903645,0.27664173,0.30140954,0.31074125,0.31343552,0.31215852,0.3268043,0.3425718,0.270877,0.27532867,0.26363325,0.3123184,0.3008596,0.3246233,0.34178805,0.3157077,0.29527763,0.31363243,0.2954978,0.32195362,0.29150784,0.29667613,0.31915107,0.31089336,0.2581948,0.26592034,0.27761868,0.2968632,0.30317032,0.2769971,0.30332375,0.27182138,0.29268456,0.3295511,0.32770383,0.31660083,0.2671688,0.32401204,0.32156634,0.3210454,0.29211897,0.341157,0.29464692,0.30782032,0.36167228,0.3341527,0.29741126,0.274561,0.27258778,0.33555886,0.3052826,0.308268,0.2904886,0.3318349,0.2896597,0.318214,0.2799569,0.38168654,0.2933632,0.2953802,0.2982611,0.3209661,0.3301641,0.31390336,0.3162885,0.284639,0.27924263,0.3020947,0.29364273,0.2847188,0.30245125,0.2942881,0.2927807,0.29407746,0.31628877,0.29504,0.29070884,0.27175772,0.2819471,0.31991154,0.28605565,0.29713356,0.32390752,0.30448866,0.29167664,0.26810324,0.30525628,0.34744617,0.33775917,0.3139907,0.31165057,0.26671198,0.31391132,0.3022154,0.3421344,0.32831132,0.30533838,0.33488914,0.27670375,0.31904945,0.30660564,0.32609943,0.308403,0.352549,0.32559305,0.31198308,0.3031281,0.2776414,0.3012054,0.27886888,0.3181012,0.2789654,0.2751746,0.3198704,0.31670487,0.31815362,0.29632685,0.3339434,0.32778978,0.29293343,0.32382998,0.33271316,0.26831847,0.28033286,0.28341427,0.28778037,0.33980477,0.33308536,0.28288215,0.30258393,0.26719612,0.29731154,0.3308773,0.28782606,0.2962403,0.33562878,0.3069951,0.3218075,0.30525982,0.30357108,0.3300124,0.31325868,0.33468008,0.32278827,0.3057708,0.29252642,0.2998983,0.30176964,0.2909625,0.319,0.27698225,0.31248742,0.2976029,0.30775255,0.30619696,0.34417522,0.32955486,0.30088282,0.28221527,0.35678023,0.28815448,0.31855285,0.31232926,0.3132638,0.3451104,0.32927382,0.27116394,0.2930221,0.32742095,0.3052385,0.32713276,0.3137698,0.29732847,0.28899574,0.3258461,0.3355754,0.3046552,0.29998356,0.30131808,0.3333798,0.31461734,0.2619676,0.33171755,0.26086256,0.3186161,0.29065174,0.31244403,0.32556695,0.31726563,0.27947262,0.3315346,0.33408105,0.30176204,0.31884402,0.2909184,0.30145583,0.33935308
0.0,0.0,0.0,0.0,0.0,0.0,0.0,0.0,0.0,0.0,0.0,0.0,0.0,0.0,0.0,0.0,0.0,0.0,0.0,0.0,0.0,0.0,0.0,0.0,0.0,0.0,0.0,0.0,0.0,0.0,0.0,0.0,0.0,0.0,0.0,0.0,0.0,0.0,0.0,0.0,0.0,0.0,0.0,0.0,0.0,0.0,0.0,0.0,0.0,0.0,0.0,0.0,0.0,0.0,0.0,0.0,0.0,0.0,0.0,0.0,0.0,0.0,0.0,0.0,0.0,0.0,0.0,0.0,0.0,0.0,0.0,0.0,0.0,0.0,0.0,0.0,0.0,0.0,0.0,0.0,0.0,0.0,0.0,0.0,0.0,0.0,0.0,0.0,0.0,0.0,0.0,0.0,0.0,0.0,0.0,0.0,0.0,0.0,0.0,0.0,0.0,0.0,0.0,0.0,0.0,0.0,0.0,0.0,0.0,0.0,0.0,0.0,0.0,0.0,0.0,0.0,0.0,0.0,0.0,0.0,0.0,0.0,0.0,0.0,0.0,0.0,0.0,0.0,0.0,0.0,0.0,0.0,0.0,0.0,0.0,0.0,0.0,0.0,0.0,0.0,0.0,0.0,0.0,0.0,0.0,0.0,0.0,0.0,0.0,0.0,0.0,0.0,0.0,0.0,0.0,0.0,0.0,0.0,0.0,0.0,0.0,0.0,0.0,0.0,0.0,0.0,0.0,0.0,0.0,0.0,0.0,0.0,0.0,0.0,0.0,0.0,0.0,0.0,0.0,0.0,0.0,0.0,0.0,0.0,0.0,0.0,0.0,0.0,0.0,0.0,0.0,0.0,0.0,0.0,0.0,0.0,0.0,0.0,0.0,0.0,0.0,0.0,0.0,0.0,0.0,0.0,0.0,0.0,0.0,0.0,0.0,0.0,0.0,0.0,0.0,0.0,0.0,0.0,0.0,0.0,0.0,0.0,0.0,0.0,0.0,0.0,0.0,0.0,0.0,0.0,0.0,0.0,0.0,0.0,0.0,0.0,0.0,0.0,0.0,0.0,0.0,0.0,0.0,0.0,0.0,0.0,0.0,0.0,0.0,0.0,0.0,0.0,0.0,0.0,0.0,0.0,0.0,0.0,0.0,0.0,0.0,0.0,0.0,0.0,0.0,0.0,0.0,0.0,0.0,0.0,0.0,0.0,0.0,0.0,0.0,0.0,0.0,0.0,0.0,0.0,0.0,0.0,0.0,0.0,0.0,0.0,0.0,0.0,0.0,0.0,0.0,0.0,0.0,0.0,0.0,0.0,0.0,0.0,0.0,0.0,0.0,0.0,0.0,0.0,0.0,0.0,0.0,0.0,0.0,0.0,0.0,0.0,0.0,0.0,0.0,0.0,0.0,0.0,0.0,0.0,0.0,0.0,0.0,0.0,0.0,0.0,0.0,0.0,0.0,0.0,0.0,0.0,0.0,0.0,0.0,0.0,0.0,0.0,0.0,0.0,0.0,0.0,0.0,0.0,0.0,0.0,0.0,0.0,0.0,0.0,0.0,0.0,0.0,0.0,0.0,0.0,0.0,0.0,0.0,0.0,0.0,0.0,0.0,0.0,0.0,0.0,0.0,0.0,0.0,0.0,0.0,0.0,0.0,0.0,0.0,0.0,0.0,0.0,0.0,0.0,0.0,0.0,0.0,0.0,0.0,0.0,0.0,0.0,0.0,0.0,0.0,0.0,0.0,0.0,0.0,0.0,0.0,0.0,0.0,0.0,0.0,0.0,0.0,0.0,0.0,0.0,0.0,0.0,0.0,0.0,0.0,0.0,0.0,0.0,0.0,0.0,0.0,0.0,0.0,0.0,0.0,0.0,0.0,0.0,0.0,0.0,0.0,0.0,0.0,0.0,0.0,0.0,0.0,0.0,0.0,0.0,0.0,0.0,0.0,0.0,0.0,0.0,0.0,0.0,0.0,0.0,0.0,0.0,0.0,0.0,0.0,0.0,0.0,0.0,0.0,0.0,0.0,0.0,0.0,0.0,0.0,0.0,0.0,0.0,0.0,0.0,0.0,0.0,0.0,0.0,0.0,0.0,0.0,0.0,0.0,0.0,0.0,0.0,0.0,0.0,0.0,0.0,0.0,0.0,0.0,0.0,0.0,0.0,0.0,0.0,0.0,0.0,0.0,0.0,0.0,0.0,0.0,0.0,0.0,0.0,0.0,0.0,0.0,0.0,0.0,0.0,0.0,0.0,0.0,0.0,0.0,0.0,0.0,0.0,0.0,0.0,0.0,0.0,0.0,0.0,0.0,0.0,0.0,0.0,0.0,0.0,0.0,0.0,0.0,0.0,0.0,0.0,0.0,0.0,0.0,0.0,0.0,0.0,0.0,0.0,0.0,0.0,0.0,0.0,0.0,0.0,0.0,0.0,0.0,0.0,0.0,0.0,0.0,0.0,0.0,0.0,0.0,0.0,0.0,0.0,0.0,0.0,0.0,0.0,0.0,0.0,0.0,0.0,0.0,0.0,0.0,0.0,0.0,0.0,0.0,0.0,0.0,0.0,0.0,0.0,0.0,0.0,0.0,0.0,0.0,0.0,0.0,0.0,0.0,0.0,0.0,0.0,0.0,0.0,0.0,0.0,0.0,0.0,0.0,0.0,0.0,0.0,0.0,0.0,0.0,0.0,0.0,0.0,0.0,0.0,0.0,0.0,0.0,0.0,0.0,0.0,0.0,0.0,0.0,0.0,0.0,0.0,0.0,0.0,0.0,0.0,0.0,0.0,0.0,0.0,0.0,0.0,0.0,0.0,0.0,0.0,0.0,0.0,0.0,0.0,0.0,0.0,0.0,0.0,0.0,0.0,0.0,0.0,0.0,0.0,0.0,0.0,0.0,0.0,0.0,0.0,0.0,0.0,0.0,0.0,0.0,0.0,0.0,0.0,0.0,0.0,0.0,0.0,0.0,0.0,0.0,0.0,0.0,0.0,0.0,0.0,0.0,0.0,0.0,0.0,0.0,0.0,0.0,0.0,0.0,0.0,0.0,0.0,0.0,0.0,0.0,0.0,0.0,0.0,0.0,0.0,0.0,0.0,0.0,0.0,0.0,0.0,0.0,0.0,0.0,0.0,0.0,0.0,0.0,0.0,0.0,0.0,0.0,0.0,0.0,0.0,0.0,0.0,0.0,0.0,0.0,0.0,0.0,0.0,0.0,0.0,0.0,0.0,0.0,0.0,0.0,0.0,0.0,0.0,0.0,0.0,0.0,0.0,0.0,0.0,0.0,0.0,0.0,0.0,0.0,0.0,0.0,0.0,0.0,0.0,0.0,0.0,0.0,0.0,0.0,0.0,0.0,0.0,0.0,0.0,0.0,0.0,0.0,0.0,0.0,0.0,0.0,0.0,0.0,0.0,0.0,0.0,0.0,0.0,0.0,0.0,0.0,0.0,0.0,0.0,0.0,0.0,0.0,0.0,0.0,0.0,0.0,0.0,0.0,0.0,0.0,0.0,0.0,0.0,0.0,0.0,0.0,0.0,0.0,0.0,0.0,0.0,0.0,0.0,0.0,0.0,0.0,0.0,0.0,0.0,0.0,0.0,0.0,0.0,0.0,0.0,0.0,0.0,0.0,0.0,0.0,0.0,0.0,0.0,0.0,0.0,0.0,0.0,0.0,0.0,0.0,0.0,0.0,0.0,0.0,0.0,0.0,0.0,0.0,0.0,0.0,0.0,0.0,0.0,0.0,0.0,0.0,0.0,0.0,0.0,0.0,0.0,0.0,0.0,0.0,0.0,0.0,0.0,0.0,0.0,0.0,0.0,0.0,0.0,0.0,0.0,0.0,0.0,0.0,0.0,0.0,0.0,0.0,0.0,0.0,0.0,0.0,0.0,0.0,0.0,0.0,0.0,0.0,0.0,0.0,0.0,0.0,0.0,0.0,0.0,0.0,0.0,0.0,0.0,0.0,0.0,0.0,0.0,0.0,0.0,0.0,0.0,0.0,0.0,0.0,0.0,0.0,0.0,0.0,0.0,0.0,0.0,0.0,0.0,0.0,0.0,0.0,0.0,0.0,0.0,0.0,0.0,0.0,0.0,0.0,0.0,0.0,0.0,0.0,0.0,0.0,0.0,0.0,0.0,0.0,0.0,0.0,0.0,0.0,0.0,0.0,0.0,0.0,0.0,0.0,0.0,0.0,0.0,0.0,0.0,0.0,0.0,0.0,0.0,0.0,0.0,0.0,0.0,0.0,0.0,0.0,0.0,0.0,0.0,0.0,0.0,0.0,0.0,0.0,0.0,0.0,0.0,0.0,0.0,0.0,0.0,0.0,0.0,0.0,0.0,0.0,0.0,0.0,0.0,0.0,0.0,0.0,0.0,0.0,0.0,0.0,0.0,0.0,0.0,0.0,0.0,0.0,0.0,0.0,0.0
0.46938205,0.4440057,0.4701308,0.46772873,0.45112368,0.43662655,0.47033688,0.44663322,0.46980047,0.4843144,0.48155162,0.42890725,0.4740505,0.47345352,0.45745128,0.4616145,0.4671337,0.46431157,0.44867647,0.45038235,0.45461756,0.4420126,0.4477135,0.46405035,0.44223213,0.46494663,0.4712969,0.4574958,0.44160137,0.4736422,0.46797204,0.4473536,0.43308264,0.45235547,0.44822422,0.4495897,0.46784583,0.45009395,0.444409,0.44605955,0.47000483,0.43053377,0.42749065,0.45284247,0.4621884,0.44758004,0.48497033,0.44158316,0.47624817,0.46945298,0.44416076,0.42924905,0.44529277,0.46100256,0.4612723,0.46124047,0.4581229,0.48287517,0.45924544,0.4582377,0.44115958,0.4961875,0.4569018,0.47434142,0.47699645,0.44879153,0.44703272,0.4105585,0.42182305,0.4776539,0.45570588,0.47496527,0.47371656,0.46296692,0.4307989,0.4917779,0.4621998,0.4761664,0.46934158,0.47507107,0.47188535,0.43729416,0.4562726,0.46932268,0.47914472,0.45908493,0.4540271,0.43759966,0.43256533,0.45388332,0.47251603,0.38603806,0.44163758,0.46296632,0.45741242,0.46637517,0.46600947,0.46665677,0.45772177,0.43083328,0.4569058,0.45437598,0.4673925,0.44669116,0.46411663,0.45586622,0.47411716,0.46768546,0.4319898,0.45188105,0.45377475,0.46649095,0.44798064,0.4890552,0.4929319,0.45687944,0.45920548,0.41854304,0.4575691,0.46426147,0.45870286,0.49811405,0.49529326,0.48012364,0.44862583,0.50226665,0.4704613,0.46926388,0.4560263,0.46770847,0.45388854,0.4529896,0.47576508,0.4571711,0.45217106,0.4510584,0.44963866,0.44767383,0.44111457,0.4127354,0.4613365,0.45807904,0.47069222,0.45415515,0.4401093,0.45409322,0.45453238,0.4329899,0.46010557,0.5014261,0.4625491,0.46984902,0.47240344,0.4845539,0.45979664,0.46979338,0.47139844,0.46336246,0.47717297,0.45964468,0.46157223,0.4432652,0.44452882,0.4690724,0.459281,0.43736857,0.4448454,0.45746475,0.4402646,0.4712462,0.45801738,0.46112892,0.4461279,0.50663894,0.44866866,0.47987783,0.4456013,0.43957955,0.50092775,0.47361967,0.4730998,0.45092225,0.46495152,0.46923098,0.44284517,0.47332788,0.46544075,0.4605181,0.4480633,0.4990701,0.46238235,0.47036517,0.45616573,0.4653017,0.44750702,0.46389306,0.4391655,0.47102988,0.460864,0.45219886,0.41571206,0.46422607,0.4814489,0.4361849,0.4285633,0.47636658,0.47314274,0.47622633,0.48861104,0.464044,0.45856065,0.43558222,0.46755624,0.44918638,0.45445845,0.43629006,0.4800448,0.46562755,0.48324057,0.45849395,0.4432066,0.4558308,0.47829854,0.43700325,0.43516886,0.4652055,0.46187142,0.4720093,0.4588558,0.4391266,0.4724502,0.43021122,0.46170422,0.4693621,0.44035944,0.4563395,0.4746935,0.4207784,0.47138464,0.4577319,0.4560836,0.44608283,0.4509474,0.45389512,0.46380675,0.44398025,0.42432275,0.4600318,0.45964214,0.5010584,0.47333732,0.45597497,0.45634204,0.45224383,0.46973085,0.4850934,0.46730122,0.45473436,0.47410923,0.4914251,0.47939542,0.4603192,0.4420032,0.47452763,0.4570139,0.49921432,0.4704202,0.43588322,0.4482602,0.44555974,0.44859383,0.46522033,0.4459236,0.4823697,0.48453623,0.4437245,0.4632035,0.4444852,0.42504144,0.47562173,0.46175268,0.46525455,0.45981687,0.49284676,0.4397322,0.44632638,0.45596537,0.4579957,0.44159472,0.43605042,0.4486568,0.4617564,0.46856415,0.47395456,0.44750014,0.4533114,0.46302187,0.44701785,0.4727465,0.49539566,0.4648032,0.45124197,0.4747808,0.46698785,0.45809337,0.46226782,0.50720936,0.43577656,0.43570268,0.47383416,0.43824834,0.45350155,0.45472977,0.45775974,0.48210484,0.4636767,0.46841776,0.45528817,0.45951635,0.46999985,0.5121079,0.45039517,0.46446556,0.48157072,0.43433183,0.4418494,0.4511114,0.487823,0.48179203,0.4523912,0.47306475,0.47270685,0.5119349,0.4940579,0.43656263,0.4585741,0.5007819,0.4827198,0.4831209,0.44601288,0.48610952,0.44986415,0.44190088,0.43905425,0.4512685,0.46701205,0.4406107,0.4773031,0.46556047,0.4233135,0.4810064,0.482297,0.45540932,0.45327705,0.44313005,0.47157174,0.4409211,0.42509064,0.4685127,0.45670962,0.45146677,0.49055886,0.4597227,0.44066092,0.45619226,0.48404506,0.460891,0.46320608,0.44360864,0.43710464,0.48575526,0.49182138,0.45622212,0.4758939,0.47721747,0.44177204,0.45560375,0.46555412,0.4523067,0.4426071,0.4265038,0.4335693,0.45984328,0.40037164,0.5117897,0.5132531,0.45710042,0.43813568,0.45785025,0.49283457,0.47691566,0.44466957,0.4708861,0.44700268,0.42487863,0.44176364,0.46623695,0.4908903,0.44563848,0.4344979,0.4121066,0.43738335,0.45786855,0.45172948,0.43505085,0.49230826,0.47427434,0.47107238,0.4310101,0.43868798,0.45646164,0.48271167,0.46846226,0.4652229,0.45895356,0.46923587,0.48345178,0.46945548,0.46657452,0.47736597,0.47153637,0.43940467,0.45684782,0.44487548,0.49517438,0.48219293,0.4663211,0.46075734,0.45890582,0.46080604,0.45083377,0.4205345,0.42934167,0.4367665,0.49275145,0.48002484,0.44091326,0.4712466,0.47182333,0.4680543,0.46830395,0.444662,0.4493553,0.47517484,0.46566582,0.50039184,0.4224885,0.45555532,0.4575402,0.45062807,0.5010686,0.43338102,0.48884076,0.4453169,0.4740255,0.4902818,0.44605282,0.46612683,0.428202,0.45555323,0.482283,0.47896206,0.415127,0.4371862,0.4444371,0.46888217,0.45319164,0.45277417,0.48739415,0.40677273,0.46331233,0.4721855,0.45656168,0.47771123,0.48222563,0.46311066,0.46656775,0.46986395,0.42963755,0.4674943,0.45080212,0.48971248,0.42752475,0.45190442,0.4432007,0.4460476,0.50360775,0.44901854,0.42776665,0.45090598,0.464973,0.44723862,0.4738214,0.47132546,0.4560178,0.44318473,0.44399664,0.4835204,0.48759043,0.43660355,0.43585116,0.45317855,0.46294174,0.45677733,0.43117437,0.4615897,0.4610366,0.44538817,0.44721973,0.4866082,0.48528478,0.4586905,0.4294837,0.47691476,0.4739374,0.47851402,0.45015952,0.47009555,0.44316465,0.4744379,0.4499145,0.4565204,0.4763375,0.44113892,0.43950087,0.4465991,0.46132296,0.4491376,0.47472832,0.4649458,0.45564896,0.47173905,0.4769917,0.47358233,0.46568102,0.4346199,0.47274426,0.447046,0.47369123,0.4653446,0.4507019,0.45651183,0.47378767,0.48073274,0.44504663,0.47096908,0.45177785,0.44500554,0.47320276,0.4726714,0.47654614,0.4777048,0.46040753,0.46146008,0.45036158,0.44493195,0.44735014,0.49415237,0.4682182,0.47549367,0.43211582,0.44569308,0.44276115,0.48447466,0.4589398,0.44504967,0.48505425,0.46876627,0.45949292,0.45360395,0.4688122,0.47317827,0.46296418,0.47434926,0.45284194,0.4362761,0.45553696,0.47450736,0.44462466,0.44708064,0.5017376,0.49925652,0.4777953,0.4437062,0.4650739,0.48064288,0.44687557,0.46210873,0.46883214,0.47587678,0.46736223,0.44603866,0.46225834,0.48800427,0.44786632,0.46878618,0.42180005,0.43955445,0.47195297,0.43335763,0.4510646,0.45690736,0.46806258,0.44404393,0.49087322,0.45203575,0.45596462,0.46713406,0.46064678,0.45860702,0.4616325,0.46703732,0.48149925,0.45996934,0.46383226,0.43988577,0.43153974,0.47116455,0.48173344,0.44727474,0.4558659,0.46740657,0.45871335,0.46028718,0.46198958,0.46214893,0.4784664,0.46356687,0.45071027,0.48379597,0.4767757,0.45702875,0.45248467,0.46197712,0.44078094,0.4698288,0.45876342,0.48291144,0.43972898,0.46936345,0.46703842,0.44979903,0.46554872,0.46940514,0.4460596,0.46377861,0.4771381,0.45010427,0.44676352,0.451392,0.48342273,0.47189996,0.4499679,0.4550959,0.45674893,0.49289113,0.4772746,0.42618945,0.44743496,0.47332215,0.46358198,0.46649757,0.46766275,0.48798528,0.45309305,0.4770293,0.49058694,0.4544806,0.4729563,0.47105333,0.48195276,0.46048275,0.46111733,0.471996,0.45465228,0.40246594,0.45845088,0.45102757,0.43883148,0.44672373,0.463026,0.44716147,0.46463788,0.4501238,0.4545372,0.47572708,0.4592184,0.4837279,0.44072843,0.45598674,0.44503754,0.43248677,0.44528294,0.478572,0.46338373,0.45520464,0.44495466,0.47721684,0.45291612,0.47225258,0.4929844,0.47324523,0.46840537,0.48280713,0.43537393,0.47977507,0.44950446,0.4854469,0.4647652,0.4618079,0.47589362,0.47076657,0.46946007,0.43093637,0.49267328,0.44915688,0.44799137,0.45739082,0.45716044,0.45430136,0.48834336,0.47435665,0.47934735,0.4093985,0.4360316,0.45959067,0.4280885,0.49622387,0.4530285,0.47028804,0.47563368,0.48645794,0.44239575,0.4581644,0.4671471,0.43989927,0.45996344,0.45448852,0.45886815,0.45100212,0.48985985,0.43026856,0.46232316,0.4425971,0.46857572,0.47457206,0.47357094,0.46959454,0.43780717,0.48681265,0.48874956,0.46949077,0.47148508,0.48352975,0.4465582,0.46420625,0.4446194,0.4717363,0.44209674,0.5042601,0.47526145,0.47891098,0.45721945,0.4620416,0.4707482,0.4444195,0.42833972,0.45623544,0.46009588,0.49035323,0.45802566,0.49427512,0.4496294,0.4711463,0.46680316,0.45062202,0.4709997,0.45680296,0.48858634,0.48845538,0.43929178,0.46688914,0.46554568,0.45151398,0.4581796,0.4954391,0.48827264,0.46621582,0.4877829,0.4875657,0.48965734,0.48128396,0.4288906,0.469145,0.4425525,0.47725075,0.4530599,0.48460647,0.48179957,0.46518025,0.4705528,0.46789536,0.46951452,0.47731084,0.42045063,0.4484938,0.4332248,0.4736694,0.4510366,0.46308845,0.46471643,0.48352787,0.46881497,0.42200962,0.44234595,0.45657495,0.45730418,0.4754362,0.4509045,0.45513427,0.44783968,0.45688212,0.47389752,0.45818985,0.4439981,0.48050684,0.47409457,0.46053827,0.4505584,0.41349646,0.4549039,0.46726993,0.44930187,0.45363474,0.44674325,0.4260851,0.4692233,0.44948372,0.49569362,0.43630582,0.46761876,0.48128545,0.4586392,0.45624763,0.49265918,0.44483072,0.45187166,0.48764506,0.4487008,0.4710238,0.44723088,0.42995334,0.47408235,0.4688709,0.46106222,0.4451564,0.48818138,0.44605586,0.49887535,0.46268237,0.4980984,0.44393638,0.4337617,0.47181997,0.4994066,0.4772967,0.46701393,0.4486551,0.46261024,0.45094088,0.44578707,0.4461758,0.47442377,0.46803385,0.46848115,0.47165456,0.44189984,0.46097872,0.4366468,0.43142322,0.4645903,0.42914212,0.43966764,0.49733174,0.4820771,0.4801864,0.45877227,0.4328682,0.4454945,0.44630635,0.45590514,0.46129194,0.4593696,0.45086318,0.41086072,0.4529839,0.45806193,0.47884715,0.49422392,0.42154688,0.49007505,0.45672348,0.46026483,0.46912947,0.46237883,0.4706147,0.49073213,0.48553044,0.44114494,0.411711,0.43700388,0.44713864,0.47663054,0.4632114,0.41084117,0.45147574,0.48207527,0.4744081,0.4736858,0.45827848,0.45805955,0.464354,0.44593096,0.46760666,0.4915674,0.44328645,0.43026865,0.47625214,0.4328647,0.46039757,0.46859705,0.44396162,0.45603973,0.44246984,0.4550638,0.45494902,0.44241905,0.4660135,0.47385603,0.46943825,0.4433343,0.4589763,0.47676298,0.45278227,0.46462375,0.46586868,0.46015894,0.4580751,0.45248598,0.45297033,0.45089042,0.47599578,0.45531303,0.44157296,0.4659654,0.43660206,0.45365286,0.4800092,0.48417377,0.42388654,0.45721093,0.47220322,0.48102057,0.4422108,0.45355123,0.47219184,0.47300795,0.515919,0.47695145,0.42208415,0.46111947,0.47518998,0.45329022,0.46300173,0.46919772,0.4731341,0.46669933,0.44512945,0.46256265,0.4875499,0.40948305,0.46226004,0.4848421,0.4562903,0.4215146,0.46681815,0.40351516,0.46150357,0.39131272,0.48799643,0.48247683,0.4677635,0.45046872,0.47139317,0.44801152,0.4610183,0.48399734,0.46768522,0.41686925,0.45299578
0.5216874,0.5049135,0.5437095,0.52792853,0.5063463,0.50106233,0.5492663,0.48518398,0.52699697,0.5317972,0.51546717,0.5107317,0.5315345,0.52777195,0.5122346,0.54367876,0.5008981,0.509299,0.48703066,0.5086761,0.5268007,0.49875215,0.54318994,0.53157777,0.5269261,0.53623587,0.55220395,0.5398241,0.50990224,0.51152086,0.5274469,0.49653253,0.4993758,0.48794973,0.5354651,0.5028521,0.525559,0.53483003,0.51081324,0.51374394,0.5116544,0.48320577,0.46079686,0.51342815,0.54725456,0.53300583,0.5427503,0.5048308,0.49143824,0.50995666,0.4808558,0.5220458,0.5118151,0.52795583,0.5551996,0.5055164,0.50926846,0.5200029,0.4964679,0.5350307,0.51736325,0.5463603,0.49715543,0.5068282,0.5032359,0.5273842,0.5082572,0.47686523,0.48231596,0.5255131,0.5177547,0.5177054,0.54645765,0.5430481,0.49402708,0.5471213,0.5388297,0.5121419,0.5412759,0.50926805,0.5365323,0.5195275,0.46174207,0.5287321,0.56300485,0.534755,0.5219076,0.46937582,0.49469277,0.51902187,0.5201921,0.45423302,0.5144964,0.50967693,0.4970965,0.49681273,0.49309456,0.5130448,0.5124926,0.46026912,0.5262613,0.55905604,0.53411484,0.50174534,0.5512557,0.4704963,0.52292246,0.5123529,0.5093327,0.50395256,0.5333075,0.55337536,0.4908051,0.53044206,0.53622043,0.51464546,0.49451917,0.488361,0.5012543,0.52052236,0.52343047,0.5440974,0.55900186,0.54278946,0.47936043,0.54458565,0.5341396,0.53533113,0.5296472,0.51456606,0.51840734,0.5197379,0.51199156,0.4993828,0.5194455,0.48915195,0.52614665,0.5165408,0.49735063,0.48718527,0.5407183,0.5514908,0.5037315,0.50795287,0.4743168,0.5284854,0.50522816,0.4856059,0.50419164,0.5361887,0.49753854,0.5173698,0.534476,0.5256536,0.5118082,0.5323609,0.5252176,0.5140088,0.54062086,0.50157917,0.5332743,0.5076976,0.5204014,0.53596354,0.50206476,0.49922842,0.5012089,0.52279043,0.4799153,0.54518527,0.4674709,0.5599314,0.4921182,0.5658337,0.4816234,0.5398021,0.48884225,0.48907238,0.53859866,0.51458895,0.49901298,0.50332856,0.5110047,0.5333038,0.5359573,0.5367224,0.52443075,0.5307195,0.53021,0.55937034,0.5481212,0.5212509,0.5207529,0.5419873,0.5037931,0.51953584,0.49300426,0.52200085,0.485401,0.49289733,0.50391936,0.5453708,0.5158827,0.5014385,0.5012868,0.5603257,0.5567197,0.5090983,0.5208216,0.5203027,0.53086597,0.5205088,0.5544799,0.4987005,0.47478306,0.5011436,0.5268417,0.54548484,0.55617,0.49156323,0.5204931,0.50676644,0.5188194,0.48482794,0.48712224,0.5034884,0.49761903,0.51519907,0.5216828,0.52163,0.52086186,0.4940298,0.4919247,0.52884597,0.49367905,0.5050398,0.5233958,0.48921096,0.565938,0.5506207,0.49932423,0.5152983,0.5289395,0.5205228,0.5227951,0.5135949,0.50621814,0.53220433,0.5504895,0.5686976,0.5485292,0.5080494,0.5283397,0.49408934,0.50483215,0.5344882,0.5191021,0.5360016,0.53696674,0.5061169,0.54336524,0.5112982,0.48621058,0.54067326,0.4841354,0.5088799,0.4949555,0.47705245,0.52762914,0.48792344,0.5098071,0.51641417,0.5108247,0.5127603,0.50788176,0.48240036,0.5310192,0.50760823,0.50012887,0.5467753,0.4812952,0.5379745,0.5234034,0.49640813,0.49336833,0.5075392,0.5255674,0.5174364,0.525339,0.48651773,0.51326084,0.52090293,0.53412706,0.5174906,0.47884846,0.5069818,0.52673346,0.5543413,0.513624,0.5272358,0.51495457,0.5151002,0.51210916,0.52436024,0.5393768,0.49533403,0.5515644,0.47799015,0.49010104,0.52467656,0.5125093,0.5276156,0.5383533,0.49413672,0.5161081,0.5628656,0.511683,0.49288517,0.51363045,0.57239276,0.54958904,0.4786861,0.5040673,0.53191185,0.5103533,0.5265987,0.55627894,0.55892503,0.5142857,0.5295967,0.5245853,0.53257835,0.55273086,0.55975723,0.49975812,0.52252245,0.53764725,0.53034586,0.5038901,0.5306754,0.5930091,0.50031924,0.50967324,0.5023995,0.50958663,0.5032685,0.49276802,0.51256305,0.54315245,0.48304492,0.50689507,0.53405726,0.49414963,0.54214555,0.4864278,0.548155,0.50682926,0.5153222,0.529362,0.5071937,0.50220454,0.54147476,0.4945639,0.4920116,0.5096823,0.53774273,0.5236233,0.49418586,0.5313411,0.51480705,0.5443367,0.5536068,0.5067368,0.549587,0.5463536,0.5026366,0.50520784,0.51967114,0.50185287,0.49419114,0.521073,0.5122282,0.49903345,0.48358047,0.53848475,0.54655844,0.5259201,0.47800693,0.52184707,0.49629003,0.520617,0.5072784,0.5301144,0.53580445,0.49124482,0.53027093,0.50513184,0.50672716,0.4957054,0.5053855,0.49930403,0.5163264,0.5208039,0.5220517,0.53040224,0.5605931,0.522516,0.5103154,0.48763102,0.49752966,0.5546169,0.55016893,0.51719886,0.49105057,0.5203019,0.5522994,0.520584,0.50968874,0.52156144,0.5080101,0.53279877,0.51563257,0.51821893,0.49896204,0.52086264,0.52775276,0.52016276,0.5197993,0.54303694,0.5200832,0.50728583,0.49880886,0.5336342,0.48212874,0.5273727,0.5649711,0.50116104,0.539706,0.5473948,0.49506658,0.50114405,0.517677,0.5190648,0.50971925,0.4829337,0.52601725,0.51072437,0.5156966,0.549484,0.5349019,0.5489265,0.5276532,0.56825954,0.5034311,0.53958344,0.5510561,0.5055148,0.5397925,0.48525113,0.51266587,0.5402839,0.5302307,0.5095412,0.48440614,0.5073776,0.5358793,0.505782,0.4969657,0.5437129,0.47902155,0.5513925,0.51435673,0.5253258,0.5630492,0.53429663,0.4998266,0.5100352,0.515484,0.50835645,0.5393419,0.5255043,0.5477627,0.5135797,0.5527699,0.5120874,0.49741334,0.5230756,0.5356103,0.5078242,0.48154682,0.5020871,0.51695013,0.537739,0.55984694,0.52046794,0.499651,0.532553,0.5251462,0.5274086,0.53476804,0.5099391,0.47881576,0.52152604,0.5066446,0.50261766,0.50588846,0.5286554,0.4924593,0.5182114,0.4899578,0.49073932,0.5584037,0.5009733,0.5468059,0.5108705,0.52903557,0.50921655,0.49955863,0.5490226,0.5518164,0.4962337,0.5371659,0.5181168,0.48358893,0.49841058,0.51515394,0.52773213,0.4752187,0.48344442,0.50504225,0.52925724,0.51303226,0.5293198,0.55213547,0.5102415,0.5168295,0.5346137,0.5107677,0.53799945,0.52986735,0.5011476,0.5083766,0.5319331,0.5338316,0.52300376,0.50655884,0.54858375,0.51414204,0.5341121,0.5257844,0.5623586,0.5608184,0.52772075,0.49250358,0.5142137,0.5229471,0.48265314,0.54096335,0.55963963,0.5670197,0.48972785,0.5270772,0.540641,0.51525515,0.5365058,0.4739622,0.549695,0.5091118,0.51712656,0.5126459,0.49739003,0.50337994,0.49494419,0.51594204,0.50587726,0.50985265,0.48337078,0.52949744,0.51036155,0.5129162,0.55540925,0.5478136,0.5735147,0.48967928,0.5160342,0.4831651,0.5118401,0.5320247,0.5684734,0.540828,0.46381938,0.48597246,0.50214636,0.54183966,0.51447266,0.5421903,0.49330425,0.51371515,0.51132524,0.5126659,0.5302358,0.51065624,0.53678566,0.5341025,0.5097105,0.47741312,0.5315176,0.48767295,0.52588,0.500002,0.49899593,0.5379784,0.52592486,0.54645026,0.5301906,0.46483284,0.49722275,0.5259818,0.5097159,0.4956308,0.5373852,0.53051454,0.5158425,0.49222803,0.54023385,0.52865446,0.550267,0.5382321,0.50040853,0.5233456,0.57025796,0.500386,0.50673676,0.52899873,0.5134311,0.4955649,0.5297182,0.4977444,0.4857685,0.49176317,0.50057703,0.5556735,0.53684664,0.53182054,0.5093716,0.5333987,0.5339607,0.53557545,0.482835,0.52492195,0.52291954,0.52100533,0.50181127,0.52323204,0.49408627,0.51434994,0.49968427,0.4620603,0.5106035,0.5446598,0.46875644,0.51992196,0.522414,0.5168735,0.5204629,0.55821997,0.5286596,0.506024,0.5392744,0.5398303,0.52891004,0.5236864,0.5511986,0.49850944,0.4647502,0.4585353,0.5076014,0.4962443,0.47406864,0.4878589,0.5131063,0.4979555,0.5249129,0.5078209,0.4989333,0.5267935,0.52087647,0.54314375,0.49596506,0.49178153,0.47863322,0.52358544,0.555703,0.528278,0.5218965,0.51415104,0.52212596,0.5287044,0.56345457,0.5411765,0.5185532,0.5469919,0.5005499,0.5413481,0.51388097,0.5300392,0.51854455,0.55901456,0.48798454,0.5004962,0.55047995,0.53774804,0.5187823,0.5102937,0.5415959,0.512622,0.50699914,0.51350206,0.5141894,0.519319,0.5220567,0.51559967,0.50216186,0.48366794,0.49060997,0.523001,0.4960677,0.5374493,0.4709411,0.5175531,0.544489,0.5490451,0.50407195,0.5132936,0.5396734,0.48496085,0.50001746,0.5228667,0.5012902,0.5480419,0.5611716,0.5008621,0.45384005,0.51171964,0.5364596,0.49941298,0.523014,0.51787156,0.5111295,0.53920186,0.51641715,0.4860834,0.511527,0.5554711,0.4969085,0.5261892,0.5108002,0.5245554,0.4877661,0.55540496,0.5372432,0.52755934,0.5349037,0.51392883,0.5170672,0.49893507,0.46841606,0.49336502,0.49704763,0.54834205,0.48397705,0.53118646,0.53964055,0.52769846,0.47315276,0.49950483,0.46549147,0.5486828,0.519967,0.50133586,0.483428,0.50354815,0.53639966,0.5386048,0.52003354,0.5635089,0.5422596,0.5241921,0.568193,0.53974724,0.5082089,0.51257205,0.5197627,0.53038716,0.48404253,0.52851886,0.51052743,0.5282172,0.5524516,0.53826994,0.49143165,0.53652674,0.5184022,0.52919513,0.47973055,0.4756653,0.53647846,0.5375602,0.4975212,0.5368126,0.5508308,0.5249534,0.5098528,0.4736592,0.50053173,0.49197134,0.52632695,0.5380612,0.4992137,0.48925656,0.513418,0.5215284,0.5200621,0.52323407,0.48706,0.564474,0.5093336,0.5205996,0.48166496,0.47888824,0.48808485,0.5071833,0.47132042,0.5487628,0.50269645,0.5016002,0.5504912,0.5317148,0.5308807,0.514366,0.52222186,0.5208755,0.49332398,0.50863945,0.5402938,0.5024253,0.500383,0.5186296,0.5262137,0.51593846,0.512058,0.5046094,0.5041047,0.5044402,0.51932937,0.49852973,0.5359567,0.53148437,0.55336875,0.49550802,0.5095664,0.516263,0.49521855,0.508995,0.54906297,0.55506295,0.54041904,0.52506703,0.52030265,0.5527017,0.5153832,0.54208344,0.5284201,0.48242554,0.5073423,0.5500577,0.5274228,0.53083134,0.4927725,0.4968686,0.50479656,0.47083104,0.48535883,0.5567438,0.5319658,0.5353702,0.49089125,0.4998976,0.5173553,0.49564728,0.5441141,0.49651277,0.54233944,0.55314386,0.4724768,0.5156278,0.4782685,0.53032637,0.53508437,0.50096,0.54424316,0.51449203,0.5094212,0.53138816,0.49987215,0.5281906,0.5219509,0.5153401,0.5061538,0.46891102,0.50627756,0.53812075,0.5055967,0.52460706,0.52780044,0.49857602,0.53139573,0.5330222,0.5619875,0.5644449,0.50898945,0.54719126,0.48390758,0.5164469,0.5381081,0.51491815,0.46645403,0.5322528,0.5170303,0.51552165,0.5315868,0.49377668,0.50367373,0.4730444,0.50523996,0.5011252,0.5169674,0.5117503,0.50044227,0.5427077,0.47800073,0.53192574,0.5506862,0.5000167,0.50630784,0.5352542,0.4899212,0.51185524,0.4889474,0.4900473,0.50613445,0.508629,0.53598535,0.5097304,0.5221424,0.519613,0.5116138,0.53726596,0.5369056,0.5013864,0.51903963,0.491466,0.56303763,0.49443644,0.5082809,0.54570687,0.49953705,0.54249287,0.546392,0.467743,0.5099245,0.56865925,0.5077893,0.5505738,0.5205742,0.5328918,0.51495093,0.52615637,0.50419,0.53677297,0.48400745,0.5034958,0.5466943,0.489161,0.47849846,0.499394,0.45505124,0.5111938,0.4792357,0.5547816,0.5117294,0.52133685,0.5168902,0.5193676,0.4905305,0.50050426,0.5323288,0.50825834,0.49586678,0.49496287
0.7028445,0.6976378,0.70805436,0.71567464,0.6632791,0.6690334,0.6943208,0.7204888,0.69224614,0.72092605,0.67825544,0.6873951,0.7128284,0.71172416,0.71617985,0.70390844,0.7267257,0.70531905,0.7008166,0.71628547,0.6948954,0.6580901,0.6924495,0.69018084,0.6828432,0.64851,0.68514156,0.6649588,0.7472509,0.70305234,0.6720779,0.6751683,0.6935792,0.66436803,0.7212645,0.6596939,0.6932649,0.70182884,0.647635,0.67548496,0.6835531,0.69519836,0.68303376,0.69167715,0.6801404,0.6864052,0.6758024,0.6937771,0.67300874,0.684925,0.66338694,0.69007564,0.70907325,0.7263828,0.6827683,0.68425447,0.6654654,0.7252378,0.6905532,0.6836984,0.7302055,0.7282547,0.69258726,0.6997373,0.719882,0.6702502,0.6640833,0.63362974,0.7087042,0.697201,0.6749408,0.6748511,0.69563305,0.66147745,0.6871509,0.70555896,0.70169395,0.69412726,0.6820705,0.7280361,0.7101824,0.66405606,0.6727221,0.704198,0.6776001,0.7065321,0.6869948,0.6910359,0.7135224,0.6656294,0.7286856,0.6681125,0.6732176,0.69214964,0.70084524,0.6857023,0.71938634,0.6840007,0.7160112,0.69972634,0.72561204,0.7021237,0.67564255,0.681374,0.6600987,0.6460577,0.7254807,0.712878,0.69938606,0.70086265,0.6745288,0.7066022,0.69086754,0.69581467,0.7035608,0.7208102,0.72264516,0.6770909,0.68761194,0.67996514,0.6770118,0.7440081,0.70634687,0.6913789,0.7259308,0.7049581,0.7340621,0.6653335,0.70719486,0.69793415,0.7037761,0.66956955,0.64764977,0.68733686,0.73006636,0.70022875,0.7153337,0.68458205,0.6999797,0.7011131,0.67900574,0.70514387,0.68512523,0.6720341,0.6533321,0.6877552,0.67720115,0.6591906,0.7009906,0.690536,0.6897156,0.6882155,0.67317486,0.72484344,0.69394255,0.7076215,0.681452,0.70998293,0.6688744,0.67950696,0.71264386,0.6663382,0.6762142,0.7184528,0.70086163,0.6372597,0.67314017,0.70693314,0.6535344,0.7136146,0.7224005,0.6629653,0.67386144,0.6758023,0.68674135,0.7016275,0.6743322,0.70249313,0.72309434,0.710552,0.7014341,0.72569937,0.6701207,0.7018514,0.6911381,0.7149589,0.68390435,0.68466413,0.72371036,0.6963499,0.7022383,0.70746917,0.7404325,0.6738205,0.68597287,0.71661264,0.62367576,0.7037757,0.6824399,0.68431497,0.70684034,0.7215344,0.7197033,0.6835555,0.69879746,0.69205004,0.67922336,0.7057525,0.7035439,0.68635654,0.7058978,0.6831095,0.70714283,0.7282033,0.66963124,0.67586434,0.6730749,0.702278,0.69909436,0.688931,0.6876965,0.6863885,0.66152847,0.6916128,0.6600853,0.6987947,0.6847313,0.6875766,0.68148124,0.68378,0.69188887,0.69835943,0.6976522,0.6961365,0.68242264,0.6788989,0.7228058,0.6998831,0.6967898,0.68697304,0.7105003,0.6934312,0.6926142,0.68423414,0.68843305,0.67326397,0.64975595,0.64465404,0.71115804,0.74426067,0.67558885,0.72296333,0.6747273,0.6699329,0.6819662,0.7069935,0.6579424,0.6803776,0.6929258,0.6782443,0.71207404,0.691024,0.6970207,0.6929609,0.64513534,0.71299756,0.6850825,0.6778756,0.7091534,0.685137,0.6857163,0.671497,0.68921804,0.6976552,0.7154165,0.68628526,0.7374077,0.7339786,0.69263655,0.6647412,0.68271637,0.68938583,0.6969546,0.6896708,0.6533558,0.7067562,0.67798734,0.6872524,0.68827844,0.6886207,0.6942719,0.6976466,0.6907878,0.6853911,0.7124669,0.6966196,0.69933885,0.69631565,0.659172,0.73259526,0.7212912,0.72157687,0.72790843,0.7122717,0.68002766,0.71767175,0.70788085,0.6983036,0.6771585,0.73077655,0.6615559,0.71034616,0.6939173,0.6696755,0.7076717,0.70339376,0.7346039,0.7091035,0.69731003,0.6997864,0.66968596,0.7106933,0.6958202,0.7032257,0.6701798,0.7168386,0.68026316,0.6838368,0.7234714,0.7117008,0.6718822,0.69801587,0.7001728,0.68276304,0.66248655,0.71106577,0.7385142,0.7148954,0.6859603,0.67964876,0.67038506,0.72173476,0.7025816,0.67922777,0.7031103,0.6863055,0.68696916,0.6886356,0.6934773,0.71742815,0.7008508,0.7115653,0.71225464,0.687554,0.704771,0.72233593,0.70987654,0.68734103,0.68296415,0.71748,0.6816141,0.70123726,0.68843865,0.67603064,0.66632676,0.68846416,0.6899111,0.71813977,0.6779516,0.72165644,0.69007516,0.70363754,0.69908226,0.6989496,0.69016445,0.7142133,0.70072657,0.72436774,0.6694724,0.7276876,0.7054313,0.68461084,0.7018093,0.6801719,0.70901805,0.7029121,0.6800126,0.68751204,0.71631527,0.6966136,0.6931181,0.6772932,0.708816,0.6855422,0.65434575,0.68208456,0.664696,0.6938465,0.7040677,0.64154106,0.632443,0.7214424,0.67971575,0.6994524,0.6949487,0.68707955,0.69485223,0.7025278,0.6902922,0.6538602,0.71492106,0.7153876,0.689479,0.6943909,0.658792,0.7086438,0.70507747,0.698211,0.6578085,0.71737736,0.7219073,0.6857458,0.66911304,0.684011,0.74236274,0.70592326,0.70210814,0.69552785,0.6636839,0.68447644,0.69271857,0.703526,0.69152033,0.6500147,0.70352244,0.70274675,0.6754486,0.67070323,0.6958901,0.701865,0.6989248,0.67955065,0.6852865,0.6932285,0.705717,0.7360988,0.66524863,0.67063856,0.66654444,0.72486067,0.7212669,0.6763322,0.7294739,0.6984031,0.6939342,0.7051152,0.69894993,0.7024689,0.67248744,0.72039557,0.71275747,0.68496686,0.6437072,0.69495493,0.6920265,0.6709329,0.7127891,0.67184275,0.68217903,0.6551033,0.70903856,0.6914272,0.6709472,0.6762584,0.7041487,0.7050625,0.71168834,0.68411857,0.6595018,0.67821836,0.6967673,0.7040343,0.6706918,0.7093449,0.6764166,0.7147097,0.7158537,0.724543,0.68663985,0.6638674,0.69127697,0.70246184,0.7063992,0.6789761,0.70405096,0.68759215,0.6883261,0.7017598,0.7617204,0.66683114,0.67604893,0.70420885,0.6560976,0.6977509,0.68193364,0.7389868,0.6908128,0.7035839,0.68378925,0.6890523,0.7177752,0.6509656,0.699172,0.6716572,0.67069083,0.6955991,0.6810118,0.68686277,0.6803912,0.71588594,0.69890696,0.7227793,0.7243783,0.6986035,0.70929855,0.7056454,0.6850488,0.69701135,0.67660797,0.72512096,0.7102344,0.69545174,0.7480125,0.68302697,0.7197139,0.69171214,0.68313956,0.703138,0.70331043,0.6490872,0.66056156,0.69035137,0.6952729,0.6891558,0.6601862,0.7154487,0.72802216,0.68270665,0.71356755,0.67567044,0.68913126,0.67648447,0.6676912,0.68755484,0.6928698,0.7031797,0.6789056,0.6861898,0.6526644,0.7118785,0.69229066,0.6380964,0.66761184,0.7364776,0.63720393,0.6987327,0.6862579,0.66302186,0.6926477,0.6971557,0.6947407,0.7263778,0.6799894,0.66445744,0.6901231,0.6559793,0.6795215,0.6876997,0.7267682,0.6693754,0.7209462,0.6761245,0.71510094,0.6832282,0.6988123,0.69438857,0.6759746,0.7131002,0.67096156,0.6805781,0.7085174,0.6814273,0.649923,0.72235215,0.64612734,0.6948968,0.6308824,0.64441967,0.6946264,0.6954069,0.65885127,0.68467355,0.72411084,0.71608126,0.6365868,0.6949514,0.6691454,0.6912836,0.63049567,0.68348444,0.69365954,0.69326353,0.70060605,0.6615242,0.6862142,0.6654371,0.7064715,0.7491517,0.7215064,0.6969907,0.66403717,0.69466925,0.6873797,0.7073207,0.68262315,0.6706342,0.7060663,0.7287972,0.6806134,0.73512566,0.68040496,0.68317634,0.69059587,0.71197337,0.6711967,0.7135631,0.6612065,0.6979315,0.70423603,0.7345261,0.69019026,0.6617652,0.71796083,0.7384153,0.6745227,0.68823326,0.7029191,0.69510084,0.64437485,0.6879215,0.69134855,0.69768083,0.7041623,0.71097404,0.68571615,0.7285228,0.66775334,0.68477654,0.66020834,0.7120208,0.6983803,0.67657954,0.68625367,0.6845045,0.708228,0.7132788,0.72303605,0.6944907,0.712478,0.6803778,0.7284634,0.6839371,0.67120594,0.6757702,0.69760543,0.67837,0.66666204,0.686114,0.66467834,0.6595883,0.73229647,0.67725503,0.7294983,0.68371236,0.69413906,0.68700916,0.70987105,0.7185078,0.6928535,0.6780927,0.7155948,0.6815571,0.69075674,0.68507373,0.6818689,0.65788054,0.7039644,0.7338976,0.70705104,0.6951387,0.72142774,0.69399625,0.7106029,0.7150534,0.6960661,0.70727795,0.6836864,0.7258371,0.719395,0.7020352,0.70873094,0.70475984,0.6541032,0.6685391,0.6778359,0.6949437,0.7027735,0.6919831,0.68063086,0.6855445,0.6704464,0.7087148,0.72422194,0.687645,0.66903454,0.6514207,0.702569,0.695914,0.70965433,0.678507,0.70844144,0.69306386,0.6735884,0.70764273,0.7164513,0.65250325,0.6891938,0.6554812,0.6817815,0.6724482,0.6829217,0.66478485,0.71359146,0.6735488,0.69587255,0.6773888,0.6942372,0.71658576,0.69927555,0.64873624,0.6649732,0.67126495,0.69130135,0.71128523,0.69408345,0.69487625,0.7096081,0.6842036,0.68564737,0.7236263,0.7117964,0.70905495,0.7193122,0.70039415,0.65711975,0.6686111,0.6893266,0.6964565,0.7632858,0.75585335,0.6895008,0.6883011,0.69910735,0.7276802,0.6998133,0.65765095,0.7237074,0.7240692,0.7049965,0.6935021,0.6895012,0.71102023,0.6843668,0.6756426,0.705759,0.7027099,0.72592616,0.6810888,0.6889544,0.6955028,0.71150875,0.6983293,0.67782974,0.69239604,0.67381006,0.69441134,0.6933589,0.6999052,0.7225367,0.6717404,0.68853897,0.67883015,0.6507061,0.7105695,0.64276886,0.65510213,0.66475683,0.7134054,0.66850364,0.6822784,0.7094716,0.69510645,0.6594446,0.66870624,0.68175167,0.6948155,0.7177471,0.7360953,0.69952965,0.693243,0.68471855,0.6890255,0.7083518,0.67371696,0.7107327,0.71249217,0.6872065,0.69555026,0.6589551,0.68550295,0.6769799,0.7155866,0.6907314,0.67933106,0.6859339,0.65792537,0.6769111,0.6865829,0.7153052,0.70825726,0.7078072,0.66950965,0.6754907,0.68126273,0.70877254,0.7040181,0.684184,0.7237614,0.6986627,0.673833,0.65331143,0.6560443,0.68563133,0.697714,0.69925886,0.671575,0.70700675,0.6473598,0.66423297,0.68656236,0.71316624,0.7098778,0.70372707,0.6926176,0.680367,0.7061723,0.67606,0.70029235,0.6693052,0.69810367,0.64814013,0.67481476,0.6980469,0.652996,0.67571217,0.67679906,0.6869406,0.69141275,0.7066916,0.6800233,0.6776709,0.677354,0.6996716,0.6498096,0.6742557,0.68363035,0.6877717,0.71587044,0.6624677,0.7146429,0.6780363,0.6908524,0.68269914,0.68277985,0.6599745,0.66876256,0.68646985,0.74661267,0.6769389,0.66485006,0.68121696,0.6584545,0.68909895,0.6872603,0.68817,0.71131337,0.731712,0.6927277,0.68107975,0.6988607,0.6936846,0.7084753,0.69341815,0.6944198,0.6601174,0.68177867,0.71591437,0.68124163,0.67119586,0.6942005,0.71965,0.7064003,0.69963765,0.7193226,0.69487566,0.6879389,0.6810913,0.6965089,0.66715497,0.6860219,0.6865911,0.6841087,0.6819068,0.67328,0.6803729,0.6983377,0.66833,0.7006819,0.6721631,0.69109225,0.6812383,0.6700603,0.7043254,0.7095994,0.7045233,0.70755243,0.71317756,0.68771553,0.6951424,0.67404926,0.66881675,0.69614875,0.68254757,0.70734054,0.6846557,0.68244433,0.6966582,0.7076942,0.7132151,0.6993,0.668359,0.683502,0.71908784,0.6751974,0.7058835,0.6947541,0.692802,0.7495691,0.6996588,0.66869044,0.6909677,0.6658755,0.68493,0.69765514,0.670537,0.693542,0.6679343,0.6782686,0.7221254,0.69548094,0.6836635,0.67528516,0.76008546,0.6663048,0.6593338,0.68884706,0.67147803,0.6797852,0.660792,0.6875544,0.72575724,0.6986588,0.6660374,0.69828725,0.7310246,0.6703426,0.70066375,0.7220367,0.69233954,0.689258
0.0,0.0,0.0,0.0,0.0,0.006142527,0.0,0.0005380511,0.010665789,0.0,0.0060993657,0.0,0.017011635,0.0,0.0,0.010642514,0.0,0.0,0.0,0.0,0.0,0.0,0.04429846,0.023790054,0.0,0.0,0.0,0.0,0.003328748,0.0,0.00035315752,0.0,0.0,0.0023664832,0.0,0.0,0.0072574094,0.0026323497,0.0074415244,0.0,0.0,0.0,0.0,0.00033149868,0.00048511103,0.022563022,0.0012285486,0.0,0.0,0.0,0.0,0.01200749,0.0,0.0,0.030326493,0.0,0.0,0.030266859,0.0,0.0,0.0,0.0,0.0032682046,0.0,0.0,0.021879625,0.0,0.0062807873,0.0,0.0,0.0,0.0,0.031551555,0.0416653,0.0,0.0,0.0,0.0,0.017116472,0.0,0.01463861,0.017050292,0.0,0.0008055866,0.0,0.015067853,0.0,0.0,0.0,0.044506103,0.0,0.0,0.0015155599,0.0,0.0,0.0009524599,0.008915398,0.0,0.0,0.0,0.0,0.0,0.0,0.0,0.026669733,0.0,0.0,0.0,0.0,0.0,0.00060070306,0.03286185,0.0018653646,0.0016122647,0.00486451,0.026326925,0.0,0.011254296,0.0,0.0,0.0,0.0,0.0,0.0,0.0,0.0,0.0,0.0,0.0063667893,0.0,0.020592026,0.038123697,0.0,0.0,0.019489482,0.0,0.00016445667,0.0009873062,0.0,0.0,0.0,0.0,0.0007725507,0.006225776,0.0047290996,0.0048403256,0.0027141906,0.0,0.0,0.0033717602,0.0,0.019880839,0.0,0.0,0.0,0.0,0.0,0.010708451,0.023226619,0.0,0.013513841,0.0,0.0,0.0,0.0,0.023106925,0.0,0.0,0.0,0.0064765587,0.0009792224,0.027199857,0.0,0.028020881,0.0,0.0,0.0,0.0,0.0,0.0,0.0,0.0,0.0,0.0,0.018829264,0.024130479,0.0,0.013743825,0.0,0.008548573,0.0,0.0,0.0,0.0,0.0,0.0,0.0,0.023372378,0.0,0.0,0.018745266,0.013786558,0.0,0.041271918,0.0,0.015704475,0.019722141,0.0,0.0,0.023484036,0.0,0.0,0.0,0.0,0.0,0.019102506,0.028269552,0.0,0.0,0.0,0.022448555,0.0,0.0,0.003982246,0.0,0.0056006014,0.0,0.019007169,0.0,9.499118e-05,0.017696746,0.0,0.0,0.0158102,0.0051395893,0.022954993,0.010609955,0.008256778,0.0,0.0,0.0,0.0,0.0,0.008925796,0.0,0.02906423,0.0,0.0,0.017926335,0.0,0.0,0.0048036203,0.0,0.0,0.0,0.0,0.0,0.022482269,0.0004512295,0.0,0.0,0.020263601,0.0,0.017836913,0.0,0.0,0.0,0.0,0.0,0.043499045,0.0,0.0,0.0,0.0,0.0,0.0,0.0026487634,0.0023729503,0.0,0.0,0.0,0.0036316663,0.0,0.0,0.0,0.0020912513,0.0,0.0,0.0,0.0,0.0,0.0,0.0,0.0020812564,0.0,0.0,0.0,0.0,0.0,0.0,0.044410076,0.0,0.019929249,0.008019753,0.019303255,0.0,0.0051995963,0.0,0.018963322,0.0,0.0,0.0,0.004832864,0.0,0.0,0.007442482,0.0,0.0,0.0,0.020533346,0.0,0.0,0.0,0.0,0.0,0.0,0.0,0.0,0.0,0.0,0.00017378852,0.0,0.0,0.0,0.00292027,0.018060029,0.0,0.0,0.0,0.025317833,0.0,0.0,0.0,0.0012624636,0.0022766218,0.0,0.017968874,0.0,0.010420464,0.0,0.0,0.0,0.0,0.012643382,0.003858298,0.0,0.007032413,0.018912487,0.0,0.0,0.0,0.02451361,0.0,0.0,0.0053569376,0.037129644,0.0,0.0,0.028647535,0.0,0.0,0.0,0.0,0.0,0.00026126206,0.0,0.026019782,0.0,0.0,0.0,0.0,0.00849852,0.0,0.0,0.018629298,0.0,0.021488186,0.0,0.0,0.0,0.0,0.0,0.0,0.0,0.0,0.013107754,0.0060789064,0.0,0.0,0.0,0.0,0.0,0.0,0.0,0.027241677,0.00049337745,0.0,0.005581137,0.0,0.0,0.03285968,0.0,0.0,0.0,0.0,0.02207221,0.0,0.0,0.0,0.013752375,0.049414292,0.0,0.0,0.0,0.0,0.0,0.0,0.0,0.029619165,0.0,0.0054911748,0.0,0.015770003,0.0,0.0,0.0,0.0,0.04473368,0.0009842068,0.0,0.0,0.0040955767,0.0,0.0,0.0,0.0,0.0,0.0,0.0,0.0,0.008699559,0.0,0.0,0.00756222,0.0,0.0073182285,0.0,0.03570175,0.0,0.008590322,0.02532627,0.0,0.0,0.0,0.0,0.017859682,0.0,0.0,0.0,0.0,0.0028021187,0.0,0.0,0.03656251,0.0,0.0,0.0,0.0,0.05403781,0.0,0.0,0.0,0.0,0.0014573857,0.015541621,0.0,0.0,0.0,0.0,0.0,0.0,0.0,0.0,0.03667383,0.0,0.0,0.0,0.0,0.0,0.0,0.02300518,0.0,0.0,0.0,0.0,0.0,0.0072455406,0.0010520592,0.0,0.0,0.0,0.0,0.0,0.0,0.0,0.007937245,0.0,0.0,0.0039969087,0.0,0.0,0.0,0.0,0.0,0.0,0.0,0.0,0.0,0.0,0.0,0.0,0.0,0.0,0.025811702,0.009321429,0.0116896,0.015586793,0.0,0.0,0.0,0.0,0.0,0.0,0.004986733,0.0,0.0,0.021877278,0.0,0.0,0.0,0.0040920824,0.037243128,0.017982744,0.0,0.0,0.0,0.0,0.0,0.0,0.004271075,0.0,0.04742428,0.0,0.0,0.004340522,0.0,0.0,0.0,0.017651089,0.0,0.0,0.0,0.0,0.0,0.023334756,0.0,0.0,0.0005240515,0.0,0.0,0.0,0.0,0.0,0.014881972,0.0,0.0,0.018204857,0.0,0.0018492192,0.0,0.0,0.0,0.0,0.009194851,0.007844351,0.0,0.004671648,0.0,0.0,0.019086502,0.0,0.011314385,0.0,0.011241525,0.0,0.0,0.007972822,0.0,0.008592002,0.0,0.0,0.0,0.0,0.0,0.01463183,0.0,0.0,0.0,0.0,0.0,0.041003846,0.0,0.0,0.0,0.02693142,0.0106576085,0.031308934,0.006742023,0.0,0.0,0.0025164783,0.0,0.0,0.018351696,0.000640966,0.0,0.015256628,0.0,0.0,0.0,0.0,0.014671817,0.0,0.019486256,0.021861225,0.0,0.0,0.018628396,0.0,0.0,0.004540451,0.040866114,0.026285306,0.028085448,0.005357556,0.0,0.00790517,0.0,0.0,0.0,0.0,0.0,0.0,0.0,0.0,0.02436648,0.0,0.0,0.0,0.0,0.0,0.0,0.0,0.010782577,0.0,0.0,0.0,0.00016701221,0.0,0.0,0.0,0.001976125,0.0,0.0,0.00030303746,0.0,0.0,0.0,0.0,0.011646859,0.0,0.0,0.0,0.0,0.0,0.0,0.017778128,0.0,0.017688282,0.0,0.0,0.018537894,0.0,0.0,0.021513332,0.0,0.0,0.0039238855,0.0,0.0060932785,0.0,0.00678502,0.0,0.0,0.0,0.0,0.0,0.0,0.0,0.0,0.0,0.0,0.0,0.0,0.0,0.015946403,0.00011438131,0.019266777,0.0,0.0,0.020930469,0.0,0.0,0.0,0.023600992,0.0,0.0,0.005418703,0.0022786632,0.01833351,0.0,0.001636818,0.0,0.0,0.006197028,0.0,0.004806921,0.0,0.0,0.0,0.0,0.0,0.0,0.0,0.0,0.0,0.024400469,0.00059628487,0.0,0.019391656,0.009270191,0.0,0.0,0.008310817,0.0,0.0,0.0,0.0,0.0,0.0,0.0,0.0,0.01580225,0.0,0.0,0.0,0.013982963,0.039329372,0.0,0.0,0.0028345287,0.0,0.0,0.0,0.0,0.0,0.0,0.0,0.0,0.0,0.0026732162,0.0,0.0038419664,0.0,0.0,0.0,0.0,0.0120594315,0.0,0.0,0.0,0.0053037554,0.003371589,0.0,0.022908822,0.0,0.0,0.0,0.0,0.00587523,0.009167582,0.0,0.0,0.009311795,0.0,0.0,0.0,0.0,0.0,0.0,0.0127780065,0.0,0.0,0.0,0.0,0.004505217,0.0,0.0,0.0,0.009770282,0.0,0.0,0.0,0.013169147,0.024045296,0.0,0.0,0.00010936707,0.0,0.0,0.0,0.022636939,0.0,0.02880992,0.02190876,0.0,0.0022851303,0.0,0.0,0.0,0.0,0.0,0.0,0.0,0.0,0.0,0.0,0.0,0.030752305,0.0,0.0,0.0,0.0,0.0,0.0,0.044941828,0.0,0.0,0.0,0.0,0.0,0.032282107,0.0,0.0,0.0,0.010750197,0.040430017,0.0021164864,0.028950252,0.008350819,0.0,0.0,0.0048821867,0.0108472705,0.0,0.0,0.0,0.0,0.0,0.0,0.01720839,0.0,0.010138791,0.005147755,0.0,0.0,0.0,0.0,0.0,0.0,0.0,0.0,0.0,0.0,0.0,0.028686985,0.0,0.0,0.0,0.016094632,0.0,0.007971711,0.010687962,0.0,0.0,0.0033289045,0.0,0.03663783,0.0,0.0064107403,0.0,0.0,0.0,0.0,0.0033775494,0.0,0.0,0.014774866,0.0,0.0,0.0,0.0,0.011810064,0.0,0.0,0.0,0.0,0.0,0.0,0.0,0.0,0.0,0.010282271,0.0036710575,0.0,0.0,0.0,0.002127327,0.0,0.0,0.0018211417,0.0,0.012888424,0.0,0.0,0.0,0.006773323,0.0,0.0,0.0,0.0,0.0,0.01368171,0.013518393,0.017194167,0.0,0.0,0.0,0.0056449026,0.0,0.0,0.027925737,0.0,0.006093204,0.0,0.0,0.0,0.0,0.0,0.0,0.0026912726,0.009293251,0.0,0.004951142,0.0,0.00043342263,0.006406501,0.0,0.020456605,0.0,0.0,0.0,0.0,0.0,0.009146549,0.0,0.0,0.014160052,0.0324767,0.0
