0.6713748,0.66256654,0.67180437,0.67683053,0.6727722,0.6734386,0.67529637,0.67754614,0.66732013,0.6681229,0.6751242,0.6707915,0.6726125,0.66802037,0.6676635,0.6761723,0.6790293,0.67540413,0.67721957,0.6703425,0.67271334,0.67276305,0.67639357,0.67855114,0.6682527,0.6679133,0.67281425,0.6680152,0.6684937,0.67461616,0.6679303,0.6662136,0.6699488,0.6700159,0.6756369,0.68053335,0.68046373,0.67175806,0.6700248,0.6769508,0.67691267,0.6749884,0.67339045,0.6769021,0.6766497,0.67259187,0.6646019,0.67279416,0.6758709,0.6730193,0.6694829,0.6686266,0.67236376,0.67050785,0.67312557,0.66857064,0.6754396,0.67947686,0.67340666,0.6708266,0.67396396,0.67859226,0.6770765,0.6688643,0.67698216,0.67198044,0.670506,0.665423,0.67803323,0.6702323,0.6744683,0.6758279,0.67473066,0.6710769,0.6760737,0.6738315,0.676211,0.67359096,0.6769033,0.6613142,0.67454845,0.6829188,0.6749766,0.67553395,0.6687992,0.6785882,0.6719936,0.6715734,0.6779997,0.6732147,0.67209136,0.67144907,0.67848074,0.67799145,0.6731124,0.6749452,0.67457044,0.66574335,0.669029,0.67442757,0.6623563,0.6745723,0.67305267,0.67400366,0.6703374,0.6720914,0.6763693,0.67366767,0.68310684,0.67663515,0.67718077,0.67712736,0.672909,0.6708654,0.66941017,0.6719236,0.67297775,0.67302644,0.66872096,0.67482674,0.6744996,0.6780518,0.6719365,0.6731495,0.6717028,0.666536,0.66983664,0.6712113,0.67651165,0.66827357,0.679608,0.67513007,0.6709021,0.66941816,0.67461365,0.6684557,0.67616194,0.6731895,0.66930765,0.6789845,0.67033994,0.6703543,0.676847,0.67135227,0.67553383,0.67582923,0.66525257,0.6715982,0.67412615,0.68386006,0.676664,0.67010134,0.6778446,0.6701218,0.66974217,0.6720053,0.66671187,0.67550313,0.6788398,0.66335464,0.67604214,0.67107135,0.6686039,0.66815996,0.6773661,0.6709897,0.67236507,0.6820488,0.66679895,0.6738342,0.6785679,0.6768724,0.6850703,0.67515,0.67157704,0.6785287,0.6692514,0.67677,0.67132163,0.67963034,0.66191024,0.6683447,0.6658528,0.6709452,0.6799192,0.68110836,0.6710442,0.67905986,0.6698602,0.67405826,0.6737803,0.6720113,0.6768846,0.67634153,0.6688757,0.6660889,0.670113,0.6756915,0.6762379,0.6714363,0.6762894,0.6784046,0.6784971,0.67572355,0.674811,0.6816558,0.6786759,0.67023355,0.67380494,0.6679424,0.6758282,0.6720558,0.6716996,0.67380327,0.6778592,0.66982645,0.673035,0.66591483,0.6635205,0.676682,0.6809589,0.66035324,0.67880917,0.665179,0.6727895,0.6698983,0.67651695,0.6696661,0.6690323,0.6753991,0.6778813,0.6811892,0.6678871,0.6672483,0.67356,0.66776544,0.67974925,0.67005646,0.65492463,0.6720016,0.66524047,0.6719741,0.6719683,0.6767323,0.67151415,0.6760879,0.6761888,0.672161,0.6765562,0.671683,0.6658125,0.6735899,0.6734768,0.6694148,0.66964,0.6679692,0.67590237,0.6663651,0.66872185,0.6689425,0.6763451,0.6731295,0.6747851,0.67549044,0.6820253,0.66957235,0.66669565,0.6724717,0.67144865,0.67203534,0.6779528,0.672141,0.6752077,0.6731429,0.67430997,0.67337805,0.6740236,0.6719266,0.67698157,0.6668848,0.67536646,0.6662951,0.67659503,0.67556536,0.6839841,0.67980695,0.67495966,0.67383343,0.67512983,0.67611223,0.6740391,0.67734134,0.6761229,0.67182374,0.67647016,0.67598563,0.6740954,0.67151314,0.66675144,0.6729792,0.6664155,0.68020546,0.67240226,0.6603408,0.6724239,0.68114656,0.6773758,0.6633398,0.6669544,0.67581075,0.67108476,0.6845043,0.6812944,0.6717347,0.6773186,0.67517924,0.6734414,0.67462945,0.6784594,0.6752751,0.6662016,0.6756185,0.67544836,0.67643946,0.6754763,0.6701842,0.6759773,0.6717005,0.6742644,0.67039704,0.6682026,0.6645058,0.6671496,0.67704475,0.67120653,0.6739678,0.67197376,0.67356217,0.67726046,0.68236166,0.678124,0.6776814,0.6673154,0.66790575,0.6713944,0.6712981,0.67637527,0.67475533,0.6712706,0.67172134,0.68052244,0.67114764,0.6802682,0.6674381,0.6715942,0.6752937,0.6757438,0.6737788,0.6632989,0.67436713,0.6660759,0.67490274,0.6733015,0.6718085,0.6785843,0.6763536,0.674947,0.6694215,0.6698868,0.6731982,0.67681396,0.67684627,0.67778844,0.67224604,0.67504346,0.67229,0.6753381,0.67527467,0.67440015,0.66770095,0.67482114,0.6696912,0.67024493,0.6695632,0.6706988,0.66710156,0.67386675,0.67137843,0.6754106,0.681771,0.671988,0.667992,0.6763663,0.6759273,0.6743016,0.67636645,0.6779554,0.6705157,0.67222226,0.6702109,0.67631805,0.6704379,0.67054296,0.6768759,0.6706825,0.67329943,0.67117953,0.67273873,0.6641366,0.6777663,0.6740405,0.6741888,0.6772175,0.6783801,0.678571,0.6704417,0.6730461,0.6692842,0.67635334,0.67027634,0.679024,0.6723033,0.6688864,0.66700613,0.67482346,0.6729508,0.6579649,0.6737157,0.6744876,0.6754973,0.6736488,0.67044544,0.67430437,0.66557175,0.6709783,0.67493534,0.67314976,0.6772424,0.66878074,0.67609096,0.6752632,0.67433804,0.6749143,0.6748887,0.6748571,0.66949075,0.6793417,0.6726423,0.68560904,0.66887677,0.6806084,0.6795575,0.67084926,0.67508835,0.67373556,0.66360396,0.67056763,0.6684886,0.66693294,0.6724088,0.6820339,0.66652924,0.6692622,0.66920054,0.67089117,0.67721325,0.6678565,0.6643493,0.6722155,0.66930646,0.6711878,0.6819562,0.67466325,0.6695673,0.6662089,0.66779894,0.67127067,0.6778387,0.6722419,0.6685635,0.6746598,0.6713343,0.6754554,0.67097014,0.6788994,0.67818373,0.6750776,0.67254055,0.66286284,0.6593731,0.67951334,0.6738157,0.6744383,0.6741715,0.6661545,0.6791278,0.6706156,0.68008006,0.66733646,0.669962,0.66320705,0.6735144,0.67779773,0.67296517,0.6649694,0.67663634,0.67271477,0.6689299,0.67063546,0.6735849,0.674362,0.67103416,0.67735815,0.67486155,0.66578007,0.67937183,0.66910124,0.6752967,0.6715109,0.6680546,0.6731184,0.67964774,0.6697105,0.6713511,0.6751679,0.6644921,0.67490214,0.67422616,0.6730701,0.66487306,0.67974967,0.66666335,0.66909915,0.6794588,0.6647812,0.66819197,0.6686409,0.67004955,0.6775553,0.6739488,0.67307967,0.67431116,0.66620755,0.67639136,0.66738987,0.6676562,0.6718053,0.66839397,0.66702384,0.6696959,0.6709453,0.6713145,0.67749465,0.67354345,0.6742618,0.67343366,0.6664596,0.6738004,0.6679069,0.6715552,0.6669692,0.6721926,0.6730811,0.6798125,0.674864,0.6714794,0.67004746,0.679475,0.66775936,0.6797084,0.6775368,0.6669619,0.67409635,0.6707221,0.6726701,0.6713468,0.6721861,0.6762233,0.6671567,0.6664477,0.67455244,0.67878234,0.66935533,0.6688967,0.67060095,0.67327374,0.672405,0.6748212,0.6637907,0.6762371,0.6614657,0.67799854,0.66722924,0.67783004,0.6649546,0.67061514,0.6783573,0.67308325,0.66798383,0.6815377,0.678922,0.67553365,0.6799371,0.669521,0.67132664,0.663637,0.6746346,0.6655231,0.6746577,0.6737574,0.6794593,0.6833612,0.6745974,0.66812956,0.67620677,0.67693317,0.6657223,0.6710318,0.67090285,0.6725675,0.67171,0.6778314,0.6776455,0.6763383,0.6730915,0.6658947,0.671429,0.6679825,0.6702213,0.6711624,0.6604879,0.67342967,0.67162275,0.6625097,0.6776994,0.6749865,0.6781103,0.67208076,0.67670196,0.67786247,0.6747936,0.6769647,0.6830844,0.6787654,0.6697617,0.67382574,0.6737357,0.6745911,0.66892284,0.67887604,0.67501485,0.6747901,0.6756269,0.6730319,0.6721196,0.6734022,0.6712044,0.6780453,0.67442167,0.6725598,0.6678882,0.6793137,0.66673404,0.67407674,0.67402995,0.668117,0.6761562,0.66793746,0.67449766,0.673021,0.66554165,0.6751455,0.6796472,0.6759285,0.67856884,0.6736085,0.66920847,0.67469937,0.67494756,0.6763672,0.6638537,0.6689781,0.6821191,0.6771297,0.6686487,0.67527854,0.6659392,0.6667188,0.67269063,0.66557443,0.66865236,0.66836256,0.67737347,0.66868454,0.6692725,0.6658695,0.67591846,0.6745369,0.67152125,0.67354006,0.68370897,0.6731308,0.6689988,0.67408663,0.67420894,0.6702284,0.6777721,0.67498296,0.6715288,0.6752059,0.66473424,0.671847,0.67445046,0.6739806,0.66519344,0.6702311,0.67601794,0.67265,0.67593265,0.6668089,0.6700591,0.67009306,0.6729772,0.6752161,0.671024,0.67371786,0.6796033,0.6788937,0.6750871,0.67242795,0.6730533,0.67046285,0.67225486,0.67076886,0.67243224,0.6721183,0.6760439,0.6626317,0.6740234,0.6726294,0.6742005,0.6674864,0.669686,0.6715764,0.6675438,0.67021483,0.6670451,0.6681608,0.6793841,0.67275506,0.6766866,0.6773093,0.677152,0.67696035,0.676393,0.67488486,0.6735474,0.6793023,0.68058246,0.6720666,0.6696696,0.67200124,0.67554426,0.6751221,0.6714158,0.67376345,0.6743445,0.6713309,0.6759144,0.6867895,0.6746354,0.67330515,0.67596215,0.6719216,0.6777142,0.675724,0.6803801,0.67341983,0.6721384,0.67894727,0.6690772,0.6710332,0.67763454,0.6718718,0.67178434,0.6771687,0.6727008,0.67505085,0.6713913,0.66439,0.67027235,0.6712751,0.6778418,0.665802,0.6750173,0.67275065,0.66534114,0.6707638,0.664044,0.67449266,0.66991246,0.6698869,0.6675765,0.6634343,0.6661306,0.6787661,0.67666143,0.6740009,0.67485887,0.6653818,0.67608947,0.6786244,0.67462385,0.675863,0.67414135,0.6798714,0.66706765,0.6671501,0.67236644,0.66677344,0.6631917,0.6688309,0.67899626,0.6836602,0.67192197,0.6724077,0.67574775,0.67912734,0.6745797,0.6752885,0.67320883,0.6739397,0.6759415,0.67192507,0.66672045,0.67480445,0.6713598,0.6747744,0.6777924,0.6742077,0.6698206,0.67024696,0.67155904,0.6700861,0.6738139,0.67165625,0.6817375,0.6742137,0.66781056,0.6649557,0.671264,0.67866486,0.665742,0.6735748,0.66792023,0.66927046,0.6682539,0.6779371,0.6759826,0.67191786,0.6671536,0.67025137,0.66610354,0.6694445,0.6619218,0.67391264,0.68237054,0.671565,0.6705304,0.67432463,0.66911954,0.6699775,0.67319775,0.68010396,0.67742574,0.67117447,0.6760839,0.6721547,0.66719115,0.66710365,0.6781008,0.66710657,0.67694396,0.67084897,0.6774664,0.673513,0.67428493,0.6737967,0.6714591,0.67563605,0.67688483,0.6667041,0.6789065,0.67344,0.67544496,0.6710447,0.6688787,0.6718823,0.6691587,0.6721456,0.67697424,0.67540556,0.6722991,0.67230946,0.67752,0.6647747,0.6749073,0.6758804,0.67458856,0.67370087,0.67043847,0.6790406,0.6647363,0.67029625,0.67377543,0.67604554,0.66831845,0.67861634,0.67023176,0.67366487,0.6735205,0.67348546,0.6649043,0.66979647,0.6736499,0.6796386,0.67183435,0.6739856,0.6715505,0.6731722,0.6701729,0.6705699,0.66954315,0.67589265,0.66997486,0.6730228,0.6832106,0.6675099,0.67604834,0.6683339,0.67003167,0.66886294,0.671333,0.67685944,0.67932737,0.6634144,0.66335285,0.66968024,0.67379826,0.67459834,0.6716721,0.67832506,0.67345214,0.671712,0.6698971,0.6655468,0.6704117,0.672415,0.6698675,0.671233,0.6703399,0.6742889,0.665101,0.6720262,0.67682594,0.6750555,0.6723688,0.6666866,0.67329973,0.6834192,0.67273533,0.672153,0.6771288,0.6749243,0.67552936,0.6781861,0.6674412,0.66917616,0.6754332,0.6730287,0.66922194,0.67842054,0.67251056,0.6747123,0.67512405,0.6716723,0.66631866,0.6754966,0.6617741,0.6748932,0.67535317,0.67063737,0.6755317,0.668592,0.674044,0.66904354,0.6691437,0.67581314,0.6639645,0.6745849
0.5985621,0.5936181,0.5936617,0.59816605,0.5968638,0.59704554,0.59632486,0.5957768,0.5963245,0.5944176,0.6058845,0.6004153,0.5984486,0.600826,0.59678936,0.5923084,0.59618074,0.5979056,0.5971092,0.59969056,0.59724224,0.59840727,0.5990996,0.60026,0.59733814,0.59040254,0.5919773,0.6017147,0.59328175,0.5940853,0.5977467,0.59927833,0.5980906,0.59387213,0.59741956,0.6018563,0.59825003,0.59731215,0.6027925,0.59417385,0.59657264,0.6032895,0.59465504,0.59504825,0.5968671,0.6022038,0.5982029,0.5973981,0.58956444,0.59350824,0.6023854,0.6007812,0.5973633,0.5997434,0.5981546,0.60674614,0.59898144,0.5978585,0.59901935,0.5950703,0.59709936,0.59457123,0.59489965,0.60022324,0.60346043,0.59430504,0.6008641,0.5960042,0.5971742,0.6016517,0.5974724,0.5989633,0.6071486,0.59661156,0.5957654,0.60021293,0.6033095,0.59379995,0.59923166,0.59971285,0.60125285,0.5938706,0.59678435,0.59704584,0.59518284,0.60241294,0.6034491,0.592998,0.5968573,0.5979076,0.59983295,0.60064596,0.58836776,0.60265756,0.60463107,0.5950305,0.5991757,0.5975114,0.59589875,0.59479845,0.5957446,0.60208035,0.594607,0.5958938,0.5925417,0.59498256,0.5955507,0.6015545,0.59591955,0.60092247,0.6015994,0.6047723,0.6028919,0.6014947,0.5986624,0.59350413,0.60428715,0.59425086,0.5971456,0.60059285,0.59870696,0.59260625,0.60690844,0.59439635,0.5980704,0.59668976,0.6048949,0.5972996,0.60042036,0.59166414,0.5930007,0.60010713,0.6012021,0.60431504,0.59612507,0.60206056,0.59312814,0.601061,0.6031392,0.6042606,0.59643704,0.59856945,0.5909664,0.59644455,0.6021234,0.59401023,0.6037905,0.5946428,0.60283947,0.5950896,0.5928598,0.5972788,0.59541655,0.59091777,0.60296226,0.5927955,0.5924012,0.5956218,0.59783953,0.5897996,0.593592,0.5968027,0.60206103,0.59548455,0.59461784,0.5934632,0.59039986,0.59663194,0.59515417,0.5991485,0.60470325,0.592648,0.5978967,0.5949626,0.6014677,0.5975544,0.5878688,0.59789354,0.6001004,0.60038036,0.5986137,0.59774554,0.59409666,0.5961349,0.5976579,0.60524493,0.60644615,0.5998541,0.59846133,0.59974253,0.59853953,0.6029299,0.6032094,0.5990084,0.58930725,0.59672445,0.59814394,0.5911217,0.6056196,0.60148925,0.59042335,0.59801006,0.6018186,0.60074615,0.5912228,0.60149574,0.60398245,0.5949047,0.6017219,0.5995692,0.5936287,0.60191214,0.6006012,0.595909,0.58959275,0.6015806,0.5981325,0.5973234,0.5962433,0.5975344,0.59683806,0.5968007,0.59530866,0.59981936,0.600417,0.5937523,0.60064507,0.592688,0.5935071,0.59764564,0.5963862,0.59820205,0.6022133,0.6061611,0.5945951,0.59636116,0.597403,0.5906898,0.5928203,0.5931015,0.59748876,0.60296744,0.5990874,0.6033647,0.5952479,0.58937776,0.5971349,0.60384476,0.5978915,0.6004094,0.583881,0.5942479,0.6015714,0.6027858,0.59331805,0.5961403,0.6009227,0.59686905,0.5948364,0.60223776,0.59790677,0.6018076,0.6018427,0.600767,0.5996091,0.5917374,0.58901453,0.59774077,0.59206975,0.60008186,0.5992613,0.6007976,0.6037057,0.5980051,0.6000254,0.5962353,0.5982747,0.59589976,0.59866565,0.60198265,0.5973704,0.59143794,0.61011153,0.59547603,0.60141754,0.5989862,0.59540665,0.59659237,0.598093,0.59432507,0.59639764,0.5964339,0.60613453,0.6010348,0.5949404,0.61223507,0.5993731,0.5995042,0.5878974,0.6053838,0.601764,0.60706246,0.5986863,0.5907366,0.59571326,0.5987714,0.5982748,0.5986963,0.5942673,0.5910089,0.59298587,0.60127264,0.59748316,0.59973097,0.5933553,0.59577453,0.5942944,0.5985722,0.59377867,0.59555525,0.5981959,0.59447294,0.60555965,0.6015233,0.5964483,0.5913432,0.6026194,0.6023914,0.60219073,0.5989759,0.6046401,0.59681684,0.592758,0.5922734,0.5914617,0.59798545,0.59464544,0.59725386,0.59498364,0.6015459,0.5968008,0.60373443,0.59551734,0.5931463,0.5955336,0.5911522,0.59796077,0.6016572,0.5964387,0.59501445,0.5964525,0.60046303,0.59781784,0.6037187,0.5959918,0.59614396,0.60068417,0.595066,0.5936303,0.6032524,0.59768224,0.6021773,0.59730643,0.6010909,0.602523,0.59761107,0.5994164,0.5959394,0.5928525,0.60126805,0.59747225,0.60180736,0.5985532,0.59742117,0.59350616,0.597146,0.5988435,0.60085166,0.59837174,0.599205,0.5994736,0.5959902,0.6058747,0.5910583,0.5994556,0.59732014,0.5946587,0.6024466,0.60054815,0.59895104,0.60184944,0.5940886,0.5976905,0.59264433,0.5960283,0.59464407,0.60180855,0.5902277,0.5993679,0.5959387,0.59664047,0.59898376,0.59892696,0.59572524,0.5935022,0.5916381,0.59222555,0.59803486,0.59295905,0.6014425,0.59930634,0.5923566,0.60244733,0.59756345,0.60121536,0.59721005,0.5889643,0.5973218,0.60098386,0.5943029,0.59640497,0.6044898,0.59695673,0.5977547,0.5906096,0.5954802,0.5913441,0.59265685,0.59598225,0.5927299,0.5990119,0.5998458,0.60495967,0.5921529,0.5901967,0.59908545,0.5963675,0.60519177,0.59208655,0.60129696,0.60034585,0.59593713,0.60308814,0.59661615,0.59715736,0.597944,0.58648545,0.5926891,0.6011807,0.5972822,0.5941807,0.5984094,0.59976643,0.59166086,0.60030234,0.5952676,0.5948082,0.59697556,0.59419835,0.59936965,0.5980703,0.59465027,0.59624267,0.5964153,0.59860754,0.60403764,0.6012015,0.59532297,0.59997094,0.59879595,0.5914281,0.5944914,0.6025604,0.6005917,0.5947638,0.5952905,0.59933794,0.6004332,0.6025363,0.5991804,0.59564584,0.5957068,0.5933732,0.6026011,0.5954171,0.6012695,0.59728557,0.5982199,0.59041953,0.6004815,0.5961471,0.6025601,0.5998275,0.58611953,0.5945962,0.60342,0.5904456,0.59552336,0.5998332,0.60188365,0.59469604,0.6002082,0.5994297,0.5954695,0.5974693,0.5963602,0.60300493,0.593701,0.59890264,0.593199,0.5984949,0.59327024,0.6015175,0.59661186,0.5993369,0.6018748,0.6009715,0.59737676,0.60324115,0.59422475,0.59937733,0.5951759,0.59664214,0.59795225,0.5948863,0.59493196,0.60010403,0.60341495,0.598002,0.5966428,0.5995245,0.5896149,0.59740895,0.5930936,0.60226774,0.59719706,0.59599257,0.5997984,0.5964645,0.59701484,0.5948961,0.601394,0.5917152,0.5978732,0.5941345,0.5927781,0.5955885,0.59719,0.6006538,0.6022404,0.5982928,0.59964675,0.60431755,0.59918356,0.5883715,0.6019268,0.5938094,0.59475076,0.59426636,0.59358054,0.5921715,0.6006411,0.5934079,0.59468865,0.60147786,0.5938117,0.6043915,0.5988799,0.60503256,0.60598886,0.5953818,0.59480524,0.5967491,0.59547174,0.5929617,0.59719557,0.59171337,0.5986765,0.5947426,0.6005072,0.60152924,0.5998872,0.6012703,0.58862245,0.59448403,0.59240586,0.604953,0.5901653,0.5946303,0.5903774,0.5982198,0.5998283,0.5922269,0.59541625,0.5927504,0.59544456,0.597549,0.6014733,0.59672093,0.60394454,0.5966178,0.6007855,0.60580415,0.59603834,0.598507,0.59349954,0.59735554,0.59840417,0.5989017,0.60413224,0.59948707,0.5947599,0.59222865,0.595475,0.6027818,0.59676594,0.599795,0.59825057,0.59681034,0.596531,0.5957331,0.5951139,0.5990604,0.59473425,0.59849954,0.5939116,0.59891254,0.58853483,0.60023916,0.6014807,0.6009345,0.5918883,0.5994162,0.5934917,0.6125159,0.5997548,0.60031056,0.5957963,0.5913522,0.59754044,0.60130554,0.6048391,0.6008944,0.60134727,0.6000981,0.60146403,0.6028308,0.6032925,0.59701765,0.6019976,0.59212786,0.59953797,0.6004173,0.5998129,0.59563893,0.59912694,0.5987403,0.5970519,0.6002411,0.59658045,0.59435886,0.5932836,0.5937059,0.5981357,0.59218246,0.59981275,0.5947937,0.5990976,0.59546,0.59761024,0.5923173,0.59727854,0.5977307,0.5944767,0.6008891,0.59462374,0.60019106,0.5917371,0.60451084,0.596622,0.6032649,0.60116357,0.6054186,0.5983975,0.59983665,0.602825,0.5991037,0.59306395,0.60035145,0.5910329,0.59572303,0.6002935,0.59863126,0.6006814,0.5916201,0.60378987,0.6025077,0.5963863,0.58863497,0.5896449,0.60125345,0.6011093,0.59658563,0.6054985,0.6008843,0.600302,0.6003498,0.60285944,0.5976997,0.5969946,0.6044022,0.60160303,0.6022752,0.60380864,0.5843249,0.5975521,0.5975179,0.60343075,0.6001197,0.59475076,0.59983784,0.5927414,0.59951943,0.5909251,0.59568065,0.6028009,0.5946665,0.6018394,0.592591,0.59931254,0.5936942,0.6009619,0.5985516,0.593767,0.59281695,0.6003508,0.6021489,0.5965823,0.6011961,0.5950101,0.6048668,0.6007996,0.59675694,0.59825176,0.59770566,0.5922775,0.600742,0.59872085,0.587818,0.60261196,0.60140747,0.598452,0.5964342,0.60489,0.594687,0.59856254,0.59148824,0.5975885,0.6051681,0.59838414,0.60011417,0.6003024,0.59668213,0.60031927,0.5912763,0.5978301,0.59514946,0.59831077,0.5959343,0.5972953,0.6056965,0.5979774,0.60637224,0.6009752,0.60331786,0.5958247,0.5935353,0.6046087,0.5972794,0.5902421,0.6007815,0.5949126,0.59414744,0.60213095,0.5951328,0.5954202,0.5931578,0.60131526,0.5994359,0.59082234,0.5962111,0.5995377,0.60239273,0.5992813,0.598676,0.59079605,0.599293,0.60414904,0.6013756,0.59754425,0.59014976,0.59638125,0.6016942,0.59436435,0.5958155,0.59622407,0.6026974,0.60790116,0.5969559,0.59136826,0.59584296,0.60886693,0.59802556,0.59417486,0.59221476,0.59025776,0.59107625,0.5969912,0.5980559,0.5920824,0.5934333,0.5987698,0.6023382,0.6083238,0.60262036,0.6000914,0.5941498,0.5957264,0.6073185,0.6038961,0.59859926,0.5960599,0.60357016,0.6029714,0.5950267,0.5960196,0.592666,0.6028463,0.5985793,0.6005867,0.5931742,0.6006628,0.5993684,0.6015397,0.60696924,0.582474,0.60441273,0.5995632,0.5925094,0.59771025,0.5950734,0.5985962,0.5951782,0.60568297,0.59590816,0.60046804,0.60457265,0.5996087,0.59869856,0.5998263,0.5960108,0.59410405,0.5925055,0.5895154,0.5951638,0.5994461,0.5994446,0.6024884,0.5988009,0.5934888,0.6004267,0.60093445,0.6031971,0.5959615,0.5943728,0.59963566,0.5980425,0.5969066,0.5987575,0.5935715,0.5998147,0.5937085,0.59911966,0.59064543,0.5946248,0.598905,0.59944785,0.59755975,0.6019385,0.6002352,0.60827327,0.5992464,0.59691745,0.607136,0.59273416,0.59532917,0.596459,0.5984683,0.592662,0.5924568,0.6040489,0.59892106,0.6017868,0.5973935,0.5921316,0.6009621,0.59354824,0.6006208,0.598076,0.5943371,0.5967241,0.5984266,0.5979504,0.5949859,0.5988625,0.6062482,0.5969686,0.5973217,0.594234,0.5959596,0.6042005,0.6021034,0.5976746,0.60213983,0.59480965,0.6063807,0.59178114,0.59448457,0.5962613,0.5947381,0.6027753,0.5911123,0.5985627,0.5973183,0.6053953,0.5963927,0.6027673,0.5965273,0.5984299,0.60048467,0.59020126,0.59576446,0.5965743,0.5991519,0.59570855,0.5926105,0.59212106,0.5902374,0.6009033,0.60268617,0.5945227,0.59826034,0.59324574,0.59752584,0.59307206,0.59266615,0.59675777,0.60332394,0.59713316,0.59173876,0.59206045,0.59965396,0.5970786,0.60032296,0.5966914,0.5952491,0.59531087,0.6005553,0.59990513,0.60329473,0.5926097,0.60272825,0.5970693,0.59544355,0.5907439,0.60024476,0.6031341,0.59281427,0.59668344,0.59824264,0.6048668,0.5967597,0.600308,0.5935489,0.59528196,0.6008266,0.5954812,0.5944493,0.59927523,0.5949426,0.59653705,0.59436303,0.5956453,0.60294026,0.5956251,0.5992402,0.6005876,0.5914655,0.5946416,0.5980516
0.8531952,0.8530183,0.8549564,0.85153466,0.8538618,0.85465014,0.85277474,0.8597031,0.8456462,0.8527822,0.8599683,0.8543432,0.8472166,0.85304314,0.85680085,0.85610646,0.8512896,0.85285014,0.8559636,0.85182947,0.85159147,0.8529161,0.8474522,0.8514771,0.84890074,0.8503392,0.8545809,0.8597497,0.85190195,0.8472468,0.8459501,0.84449655,0.8451347,0.85523057,0.8583625,0.861529,0.85449517,0.84902996,0.8515636,0.8546443,0.8487505,0.8506417,0.8561731,0.85932595,0.85631186,0.8550038,0.84344953,0.8568731,0.8470239,0.846367,0.8516993,0.8549906,0.8505853,0.8492122,0.8547998,0.860314,0.8626645,0.8646261,0.8516697,0.84356314,0.85916626,0.8479583,0.85194194,0.85202175,0.84861296,0.85782146,0.85400355,0.8429381,0.85436827,0.8532202,0.852141,0.84803635,0.86225665,0.8577835,0.85278744,0.8537793,0.8564785,0.8511004,0.85372794,0.846672,0.854024,0.8587588,0.85831475,0.85559744,0.8526814,0.8597383,0.85814047,0.8578848,0.85729533,0.85263294,0.85956603,0.8607774,0.8462045,0.8551779,0.85729474,0.85478544,0.8551289,0.8505207,0.8504771,0.8523132,0.8516855,0.8601911,0.8501487,0.85436016,0.8530448,0.8477356,0.8503212,0.8620972,0.8540457,0.86050874,0.85442805,0.8561349,0.8573128,0.85570157,0.85384,0.8564798,0.8567158,0.8528201,0.84087706,0.85283446,0.851621,0.85567737,0.85689265,0.856253,0.8576911,0.8605228,0.8556376,0.8512246,0.8599487,0.8458789,0.8549436,0.85415906,0.8472433,0.8607604,0.85424554,0.85393244,0.8492584,0.8608547,0.85173047,0.8634481,0.84955376,0.8595823,0.8563767,0.8599257,0.8630495,0.8554299,0.85506666,0.8530869,0.8469227,0.85860515,0.85295993,0.8579319,0.85495275,0.84468096,0.8607116,0.8551357,0.8438328,0.8575206,0.85288686,0.84856296,0.85797906,0.8540428,0.8594866,0.85217875,0.8573957,0.85655046,0.8556739,0.8571152,0.8566503,0.8534396,0.86039406,0.8547117,0.85547006,0.8460884,0.84587824,0.84939206,0.84659886,0.8565395,0.8543162,0.8572017,0.84784746,0.85341454,0.8534501,0.8556707,0.8507244,0.8655181,0.85989857,0.8549687,0.84990877,0.85262537,0.8562714,0.8588268,0.8522149,0.85291916,0.8475981,0.84781045,0.852595,0.85445553,0.84737474,0.8625357,0.84915483,0.8580823,0.85197365,0.85324013,0.85907155,0.8605953,0.86392915,0.85213804,0.85952127,0.84943867,0.8536164,0.8520588,0.85267335,0.8522687,0.857602,0.8524253,0.84828615,0.8521164,0.85352755,0.8492576,0.85011274,0.84535044,0.8549299,0.85057557,0.8487096,0.8489414,0.8497699,0.85527796,0.8501978,0.8528963,0.85514295,0.85526043,0.85175997,0.8516502,0.850393,0.8509245,0.8574711,0.85283166,0.84465367,0.8503582,0.85854894,0.85396785,0.85318077,0.8573934,0.8550707,0.8484107,0.86046946,0.85900295,0.8550571,0.8538901,0.84361994,0.8498932,0.86211663,0.86175257,0.8491014,0.8539011,0.8557015,0.860743,0.85062367,0.8542654,0.8533481,0.85619426,0.84957695,0.8504272,0.85203326,0.84745765,0.8495994,0.85520583,0.8480691,0.8565729,0.85236514,0.84977144,0.8604465,0.8594626,0.8629412,0.8543992,0.8492216,0.8586453,0.8542432,0.8565567,0.85891074,0.8488126,0.8610514,0.864196,0.8565321,0.8556709,0.8517173,0.85024226,0.8601483,0.86123514,0.85455036,0.85604376,0.85321444,0.8569981,0.8536819,0.85700417,0.85220724,0.8490284,0.8511862,0.8512743,0.85584944,0.85271716,0.85611075,0.8480016,0.8569826,0.8492682,0.8564051,0.8494428,0.84960276,0.84918875,0.8484252,0.86363393,0.8613303,0.8495993,0.85352963,0.8532883,0.85766274,0.85214365,0.8518617,0.85138875,0.84583807,0.8530358,0.8541502,0.85150903,0.860168,0.85091543,0.8634083,0.8493569,0.8599484,0.8562823,0.85891455,0.8523549,0.85075796,0.8489959,0.84611684,0.85518926,0.85171545,0.8487007,0.8558958,0.8606434,0.8505055,0.84974724,0.84717035,0.85379463,0.8554315,0.8507924,0.85377544,0.8571954,0.84995353,0.8490692,0.8607926,0.8487425,0.85215867,0.85144293,0.85219765,0.85086423,0.85767907,0.85788155,0.8524165,0.8607838,0.8576592,0.8528775,0.8533977,0.85219884,0.8544213,0.8498774,0.856793,0.8528923,0.8504933,0.8538011,0.85745555,0.8607735,0.86332273,0.8512915,0.8578925,0.85852027,0.8501921,0.856881,0.8564426,0.85419023,0.85866314,0.85386646,0.8533349,0.8462888,0.85049653,0.8503643,0.85438323,0.8585457,0.85359156,0.8567264,0.8569507,0.849604,0.85848093,0.84919876,0.8554005,0.8582872,0.8495994,0.8504677,0.8609222,0.8487414,0.85088956,0.85731155,0.8522278,0.8538431,0.84843326,0.84929925,0.8517169,0.85399497,0.842491,0.85615975,0.8577882,0.85171735,0.85432035,0.8548789,0.8630971,0.84359235,0.8436647,0.853819,0.86424696,0.84613127,0.8516062,0.85274285,0.85844517,0.8526748,0.8536337,0.8505286,0.8491969,0.8577371,0.85379475,0.8606041,0.8624125,0.85646284,0.85852367,0.8497414,0.8519626,0.8537973,0.8576974,0.8564383,0.848724,0.85001206,0.85173845,0.8467588,0.86168,0.8556867,0.84994906,0.8585414,0.848216,0.8482348,0.8607528,0.85113525,0.8546079,0.8565478,0.8615403,0.8526108,0.8421995,0.85180783,0.852693,0.84826964,0.8488107,0.861046,0.85095656,0.8466447,0.85389155,0.8522992,0.85484666,0.8631912,0.85392517,0.84895605,0.85764265,0.8501874,0.85114735,0.8599767,0.8556415,0.8500705,0.8567703,0.84543747,0.85418785,0.8555801,0.8621303,0.85462594,0.8510928,0.8481793,0.8451645,0.8568169,0.8565562,0.85896766,0.84838694,0.8533974,0.8489483,0.8481284,0.8483027,0.858331,0.8556279,0.8481362,0.85719144,0.8613485,0.8548723,0.85863596,0.85352725,0.85487413,0.8455026,0.8561391,0.8599579,0.85398227,0.85011315,0.8572001,0.86228174,0.8557409,0.8531554,0.8474434,0.859565,0.85262895,0.86953574,0.8551565,0.85677737,0.8557313,0.8505219,0.8574441,0.8595985,0.85971844,0.85670877,0.84902346,0.85183865,0.85097945,0.8561182,0.8520012,0.85541123,0.85478866,0.8573359,0.8575193,0.8533341,0.8482881,0.8541288,0.8547486,0.8514643,0.84693277,0.85522,0.847273,0.8616386,0.8548193,0.8569097,0.8586597,0.84787095,0.8573431,0.84952515,0.84781796,0.8508117,0.8556143,0.8556606,0.84986764,0.8527264,0.8520573,0.85585153,0.85506123,0.85367024,0.8594637,0.8479847,0.84894943,0.850513,0.8567999,0.8525601,0.85955024,0.8590575,0.85256386,0.8513768,0.8534897,0.85846746,0.8573339,0.8580927,0.8547767,0.84912115,0.85658777,0.8591353,0.8533598,0.8522874,0.8549655,0.8519977,0.8504112,0.8534051,0.8499049,0.8537467,0.8577521,0.8524785,0.8475939,0.85190994,0.8544469,0.84783757,0.8484306,0.85204476,0.8515501,0.8537037,0.8590072,0.85053563,0.85875016,0.8460612,0.8501197,0.86740065,0.8596702,0.85383296,0.856444,0.85469717,0.85604733,0.8618121,0.8572216,0.86228037,0.8487979,0.8557613,0.85936964,0.8464848,0.8607819,0.8573816,0.8615779,0.84917897,0.85539615,0.8552183,0.8534156,0.85741884,0.8550503,0.8563708,0.84936994,0.8536028,0.8437405,0.85483515,0.8561287,0.85922396,0.84738845,0.8496072,0.8531341,0.8515699,0.8547568,0.84594,0.8510213,0.8549835,0.8442948,0.86151034,0.8576341,0.85937977,0.8579796,0.8550761,0.8503902,0.85095716,0.85617083,0.8660088,0.85715145,0.85007805,0.8510522,0.85521746,0.8579542,0.856608,0.8624144,0.85085857,0.85084933,0.8541462,0.85530466,0.85456204,0.8591194,0.8473334,0.861016,0.84996396,0.8440068,0.84996563,0.85776544,0.8462021,0.85634923,0.8578169,0.8550632,0.8588687,0.8511179,0.8524886,0.8550837,0.84762204,0.85471827,0.851077,0.8545537,0.85625887,0.85115457,0.85251004,0.85212237,0.8493054,0.8600903,0.86109054,0.8599571,0.8625699,0.8571831,0.8571715,0.8518709,0.8533459,0.8529633,0.85108113,0.8565318,0.85128117,0.8561591,0.8549203,0.8525407,0.84533674,0.8525866,0.8641001,0.8572948,0.8487576,0.8494277,0.85744953,0.85155475,0.8486146,0.8574154,0.85764873,0.854726,0.85442716,0.85287404,0.85773456,0.8612784,0.851367,0.857417,0.85710526,0.8583723,0.8419061,0.845198,0.8603534,0.86613977,0.85074353,0.85391706,0.85241365,0.85360235,0.85546786,0.8610741,0.8495936,0.8583179,0.85046893,0.86035836,0.8582809,0.8580639,0.8520161,0.8541849,0.8546388,0.8482367,0.85097253,0.8548651,0.8551133,0.8426024,0.8578177,0.8532419,0.85523343,0.8484824,0.855339,0.8458004,0.8497831,0.8549345,0.84857875,0.85558635,0.84540546,0.8625819,0.85516053,0.8532792,0.8483918,0.8563883,0.85350376,0.8533648,0.86158395,0.8571727,0.85654616,0.8625717,0.84809124,0.84666955,0.8556414,0.8506793,0.8550411,0.8561664,0.84661156,0.85167545,0.85499924,0.85463786,0.8683079,0.854772,0.8619299,0.8551435,0.8575144,0.8551076,0.85936195,0.85119104,0.85942715,0.8521065,0.8481815,0.84956944,0.857363,0.8563251,0.8475728,0.85242605,0.85471696,0.85172784,0.85269487,0.8498027,0.85033566,0.8566442,0.85459006,0.8550399,0.8555182,0.8444381,0.8469131,0.86112607,0.857155,0.854336,0.8532019,0.84416276,0.8581826,0.8435148,0.8576667,0.86523765,0.8622053,0.85868084,0.8548158,0.85168195,0.84988636,0.8545448,0.8524127,0.8522701,0.8538525,0.855213,0.85137403,0.854022,0.8482396,0.85143244,0.8430922,0.8521136,0.85260695,0.86274344,0.8506556,0.85759276,0.85158837,0.85490406,0.85752505,0.8631958,0.85244834,0.8532178,0.85895866,0.8606005,0.847845,0.8604505,0.84907645,0.8611973,0.852206,0.8598085,0.8496011,0.8561188,0.8459519,0.85220295,0.8526687,0.8460067,0.8600416,0.86049706,0.8459716,0.8544381,0.84932196,0.85872823,0.8546114,0.8569221,0.8554122,0.84753984,0.8498324,0.8593183,0.854085,0.8521853,0.84338665,0.860173,0.84921277,0.8504784,0.8434896,0.85543704,0.8590451,0.8480694,0.85797346,0.84903455,0.85423106,0.85687715,0.8610499,0.8562242,0.8463798,0.84763056,0.8627656,0.8512352,0.85669345,0.84955657,0.860671,0.84739876,0.8524251,0.8517829,0.8522315,0.85322917,0.8638552,0.8587753,0.85793597,0.8582621,0.8558693,0.85367286,0.85272634,0.85634255,0.85357505,0.86198616,0.84778386,0.85481054,0.8493732,0.8557005,0.8620575,0.8561492,0.8596145,0.85178334,0.8531924,0.8517036,0.8526714,0.85597694,0.8559333,0.84947115,0.85080105,0.85942,0.8387639,0.8548013,0.8574719,0.8558247,0.8535899,0.85489726,0.85348153,0.85205394,0.8582161,0.86139125,0.8531241,0.85478204,0.857462,0.8563359,0.8468046,0.8480084,0.85369724,0.85689855,0.8568658,0.8499531,0.8565161,0.85457814,0.8537527,0.85743237,0.8540481,0.8566761,0.8593299,0.8496905,0.84884053,0.8573612,0.8544404,0.84919417,0.8511783,0.8431917,0.84988475,0.85594994,0.8569149,0.85411245,0.8482479,0.85365593,0.85327286,0.85625,0.8568267,0.8467604,0.85782385,0.85631293,0.85159713,0.84683263,0.8494615,0.85408634,0.84946865,0.85014397,0.85466176,0.85535383,0.8527723,0.8557478,0.8475563,0.86139405,0.8477665,0.8490315,0.85504717,0.8514108,0.85402167,0.85786015,0.8594698,0.85056394,0.8576362,0.85985374,0.85951316,0.8569724,0.8569164,0.85827476,0.8562931,0.8493938,0.85023326,0.8559547,0.85516614,0.8482171,0.8637303,0.84530824,0.84712946,0.8512056,0.85121965,0.8529456,0.8616505,0.85238713,0.84996563,0.85516673
0.8617361,0.8561404,0.8520748,0.85915864,0.85341924,0.84680456,0.8555105,0.8537458,0.8600227,0.8530634,0.85456747,0.85305464,0.8528396,0.85112697,0.85369855,0.8567556,0.857825,0.8555294,0.85360485,0.85205746,0.84460646,0.854373,0.8545512,0.8576398,0.8504953,0.85464364,0.8545734,0.85743994,0.8457506,0.8610579,0.8512875,0.8552352,0.84995556,0.85680693,0.86242646,0.8598858,0.8567998,0.8593709,0.8582524,0.8530802,0.8515246,0.8499855,0.8542126,0.8610001,0.8547081,0.8497936,0.85371435,0.8572802,0.8516299,0.8478239,0.8582797,0.8585732,0.84944004,0.8572734,0.85273945,0.8526865,0.8586883,0.8579325,0.8618553,0.8535644,0.8549246,0.85254496,0.8568743,0.8545947,0.85492766,0.8590972,0.8521092,0.85134155,0.8643736,0.8522064,0.8567205,0.8576909,0.8607982,0.85626507,0.8590587,0.8575447,0.8591135,0.863526,0.8556652,0.8544352,0.8593212,0.8631994,0.84932995,0.8562855,0.8494323,0.8567952,0.8468503,0.8591443,0.8569788,0.8571212,0.8598728,0.8517397,0.8586664,0.8610432,0.85745436,0.8519571,0.84920895,0.8521552,0.85999835,0.85628706,0.8606145,0.85585344,0.85725373,0.8484455,0.8533843,0.86050475,0.85002655,0.8540369,0.85734653,0.8563785,0.856166,0.8581469,0.85526156,0.85547394,0.8543395,0.8606757,0.8489758,0.8557196,0.8560471,0.851729,0.86219585,0.86282325,0.8545378,0.8537309,0.85404426,0.85266274,0.857289,0.85234934,0.8559378,0.85885423,0.8642296,0.85999364,0.858343,0.8545671,0.86187446,0.8508734,0.85964054,0.8588857,0.85509944,0.85836506,0.8548917,0.85591245,0.86049145,0.856985,0.85945857,0.8595462,0.8495288,0.8580562,0.84838265,0.8570852,0.8554938,0.84758306,0.8608883,0.85332084,0.8564834,0.8509599,0.8506062,0.85695803,0.85786766,0.8572138,0.85269046,0.84739345,0.8566514,0.8570455,0.85238874,0.85419923,0.85119087,0.8650422,0.8501945,0.8554616,0.8609339,0.8544886,0.860154,0.8539084,0.85169315,0.8583098,0.85594773,0.8541324,0.8609712,0.85420424,0.8564637,0.8546119,0.8553885,0.85815907,0.8622905,0.8551155,0.8511247,0.8639903,0.85619956,0.8516999,0.85536987,0.86028045,0.8613628,0.8512075,0.8467385,0.8479418,0.857349,0.8482863,0.8560978,0.8538498,0.8574241,0.85510504,0.85406137,0.8549771,0.8617622,0.8626236,0.85344714,0.8557962,0.85143805,0.84920615,0.8586494,0.8558254,0.85473216,0.85652375,0.8574566,0.85852236,0.8560617,0.8531847,0.8588658,0.85878146,0.865749,0.84997815,0.8636786,0.8470802,0.8601264,0.8480431,0.8544364,0.8556481,0.8543792,0.85106045,0.8546122,0.8609016,0.8550988,0.8522067,0.85739857,0.8497033,0.8616596,0.8527598,0.85224557,0.8530588,0.8466806,0.8553552,0.8512125,0.8598671,0.8529435,0.860315,0.8595635,0.85298467,0.85352224,0.8543059,0.8547435,0.8594689,0.8621274,0.8548897,0.85014266,0.85701877,0.85617745,0.85521275,0.85603577,0.852401,0.85176945,0.85624367,0.861861,0.85807,0.86026806,0.85540485,0.84965926,0.85832393,0.8553599,0.85386246,0.85196704,0.8543369,0.8583262,0.85568774,0.85452914,0.8557584,0.8580946,0.8604783,0.85601175,0.8550702,0.85722953,0.8568123,0.8579818,0.86314744,0.86270016,0.8559405,0.8577095,0.852448,0.8539153,0.8527083,0.8595118,0.85655767,0.86265874,0.8527355,0.852121,0.8505489,0.8498048,0.85354215,0.85321176,0.85767317,0.8577411,0.8613236,0.8532041,0.8428387,0.85525334,0.856648,0.85446906,0.8535031,0.8561122,0.85785097,0.85525256,0.86626047,0.8600156,0.86001086,0.85201424,0.85926366,0.8562545,0.85493183,0.8661173,0.861006,0.8537323,0.85573274,0.85629725,0.852003,0.85799074,0.85663706,0.85343415,0.8557237,0.85646325,0.85605484,0.85120535,0.8475647,0.8530766,0.85427696,0.85588014,0.86130995,0.8548361,0.853559,0.8594392,0.8616154,0.85774714,0.8527353,0.8504879,0.8505107,0.8544723,0.8498097,0.85431933,0.8492679,0.8562043,0.8474175,0.85949826,0.8561248,0.8564064,0.8451401,0.85308766,0.8564702,0.8540426,0.85631377,0.8535621,0.85504067,0.8474683,0.8574307,0.8534476,0.8597768,0.8535037,0.84950984,0.86165416,0.85657305,0.8598444,0.8598771,0.8550045,0.8550228,0.8579134,0.85151774,0.85522604,0.8583068,0.8563975,0.8480434,0.85610676,0.8444956,0.85240173,0.85273993,0.85549885,0.85701066,0.8538681,0.84318274,0.8601156,0.857191,0.859395,0.86389333,0.8567554,0.8496446,0.8513116,0.86101586,0.85869294,0.8524335,0.8579244,0.84818083,0.8612783,0.8583873,0.8611797,0.8605444,0.8525138,0.85623366,0.8607852,0.8558532,0.8620024,0.8604637,0.84743196,0.86706895,0.85676265,0.8619556,0.86147267,0.86187726,0.8568477,0.8556528,0.8547137,0.854998,0.8615762,0.8591586,0.8647379,0.85496664,0.8518715,0.85686916,0.8475952,0.8501522,0.85085595,0.8550156,0.85954887,0.86777383,0.8512973,0.85433906,0.8571906,0.8574346,0.8523582,0.85377944,0.8595218,0.8547443,0.8543354,0.86038697,0.85033655,0.8549432,0.85999864,0.84982824,0.8631662,0.85838675,0.8557776,0.8514171,0.86230457,0.8600149,0.8601162,0.8613478,0.8533135,0.85537696,0.8535557,0.8456514,0.85688025,0.85266644,0.85327095,0.86021,0.8566419,0.8543227,0.84973425,0.860141,0.8623482,0.86135614,0.853771,0.8571385,0.85936147,0.8518265,0.8560606,0.85269344,0.86083865,0.8604113,0.85285735,0.85263616,0.85911095,0.86180633,0.8524698,0.8600108,0.848326,0.85321283,0.8571178,0.8496694,0.8663719,0.86189157,0.85301554,0.8623499,0.84884495,0.8489035,0.85622007,0.8620338,0.8603679,0.85619307,0.85459644,0.85378075,0.8537073,0.8583111,0.8571052,0.8541195,0.84745264,0.8598201,0.8513667,0.8584462,0.8509288,0.85306287,0.8611846,0.8576234,0.8528647,0.8616693,0.85708606,0.8569585,0.8611523,0.86091745,0.85196483,0.8515241,0.8577481,0.85060304,0.85244656,0.85841864,0.8588807,0.8539164,0.8514424,0.85540956,0.8600016,0.8575679,0.85254514,0.85755384,0.85777694,0.8506504,0.8585947,0.85366946,0.8553985,0.85985553,0.85921025,0.85089463,0.8511512,0.8547896,0.8588172,0.86207896,0.8465794,0.8577295,0.8508326,0.85487354,0.8533328,0.8567589,0.8549134,0.85235316,0.8537341,0.8470386,0.8529254,0.8536933,0.8530626,0.8585725,0.8586379,0.8525537,0.8532984,0.8525443,0.85054225,0.8535653,0.8482494,0.8543676,0.8611608,0.85884607,0.85126513,0.85846317,0.8596922,0.8562412,0.85159963,0.8552704,0.8579639,0.85361695,0.8591744,0.8531139,0.85563594,0.8604655,0.8586256,0.85583717,0.85935366,0.86129725,0.8517991,0.8625335,0.85262436,0.85602295,0.8612675,0.8535823,0.86046314,0.85595804,0.85836643,0.8534544,0.8556471,0.8605524,0.85704803,0.8551544,0.84884214,0.85488945,0.85911787,0.8587203,0.8554031,0.86763316,0.8596639,0.8531683,0.8600304,0.85504395,0.8568145,0.8538711,0.85657763,0.8516562,0.85538614,0.8627337,0.86223084,0.8593984,0.84872967,0.8483073,0.8613108,0.85770607,0.8571052,0.8526077,0.84902954,0.85514784,0.8516515,0.86009604,0.861006,0.8587028,0.85411394,0.8495871,0.85214055,0.8577739,0.8493846,0.85782903,0.853127,0.8563474,0.85636514,0.846543,0.86371964,0.8497204,0.8600169,0.8553462,0.8588512,0.85888904,0.85752827,0.8579433,0.8570082,0.8570964,0.8493918,0.8646681,0.8597678,0.85566473,0.8543463,0.85063505,0.86150926,0.8519914,0.85914874,0.8559528,0.85742956,0.8582907,0.85671735,0.86449337,0.84910476,0.844299,0.8569713,0.8583559,0.85413855,0.8545439,0.8542176,0.8586237,0.85504293,0.8485242,0.8598753,0.85763633,0.85102934,0.8556092,0.8591683,0.852085,0.8510453,0.8512253,0.85926384,0.85627353,0.857783,0.8568469,0.8509151,0.85845226,0.85443205,0.86430454,0.84967476,0.8557712,0.85499054,0.8533678,0.8549376,0.8507814,0.8560834,0.8525899,0.86569077,0.8592052,0.85537785,0.8483598,0.8501979,0.8536339,0.85335207,0.8561486,0.85554683,0.848997,0.85197014,0.8581723,0.85474706,0.8587717,0.8574752,0.85629064,0.8537775,0.85526514,0.85973656,0.85361916,0.85845363,0.8519791,0.84591454,0.85800266,0.8571642,0.8536877,0.8576906,0.8522699,0.8569261,0.86229753,0.8569857,0.8608104,0.853855,0.85727304,0.8598731,0.85679275,0.862964,0.85575396,0.84551066,0.85267097,0.85469383,0.8569256,0.8577858,0.8547881,0.8511363,0.84930843,0.8627872,0.8554601,0.8579628,0.85876197,0.8500393,0.85321546,0.8471644,0.856127,0.8558053,0.85348266,0.865902,0.8531248,0.8592396,0.85888,0.85907656,0.8550751,0.856501,0.8570949,0.85835457,0.8614232,0.8635125,0.86025053,0.8478159,0.8613082,0.86410016,0.85476387,0.8608076,0.85471046,0.8539094,0.8499833,0.85685354,0.8678003,0.8629572,0.8561067,0.85591084,0.8543765,0.8531561,0.85672146,0.856196,0.8569003,0.8587853,0.85691994,0.8528488,0.8560695,0.856592,0.858339,0.8558173,0.863797,0.85335636,0.85443723,0.85425043,0.8526168,0.85564464,0.8536118,0.85503644,0.8497591,0.8527641,0.8561526,0.84501123,0.8576101,0.85155123,0.8474169,0.85534734,0.8549196,0.849515,0.8528568,0.85051906,0.86420965,0.8612673,0.8589654,0.856963,0.86442775,0.85830724,0.86411667,0.85559905,0.85577285,0.85536194,0.85960245,0.8545541,0.8503119,0.8558127,0.8539337,0.8483418,0.8416891,0.8611009,0.8616193,0.84984225,0.8551705,0.8537461,0.85594106,0.85999084,0.853671,0.85133886,0.85092604,0.85629815,0.8555571,0.8498875,0.85124725,0.85339916,0.8595678,0.8613356,0.85331184,0.8549971,0.8500832,0.85254544,0.8583035,0.8519337,0.85715085,0.8646095,0.85576594,0.8565887,0.8539294,0.85242474,0.8531371,0.8532943,0.85403514,0.8530071,0.85139024,0.8536695,0.85798657,0.85924715,0.85810095,0.8549059,0.853785,0.8522922,0.8625898,0.84607005,0.85648847,0.8549199,0.84875023,0.8457408,0.851038,0.8479715,0.849449,0.8627891,0.85380733,0.8570055,0.84734887,0.85639524,0.85188997,0.85240555,0.85259306,0.85106057,0.8525996,0.85908675,0.8526297,0.8560331,0.86058235,0.8604216,0.8579097,0.8552671,0.8634426,0.859332,0.86071765,0.84956247,0.8559517,0.85530347,0.8564974,0.8538068,0.8473104,0.8522937,0.85359204,0.8579543,0.8542989,0.858395,0.8559503,0.8573797,0.8535181,0.8555241,0.8537239,0.85606813,0.84883773,0.86434627,0.8610166,0.85515153,0.8497287,0.85211366,0.85687464,0.8475104,0.8566165,0.8575032,0.8521938,0.86094487,0.86268806,0.8602541,0.8505403,0.86000043,0.84517056,0.8593373,0.85948956,0.8504937,0.8585254,0.852537,0.8501451,0.8419283,0.8562739,0.85825884,0.8558371,0.8556559,0.85380095,0.85567707,0.8617805,0.8536112,0.85900617,0.85661197,0.8619545,0.8549315,0.8516676,0.8529505,0.85267156,0.8514272,0.86011183,0.85990936,0.85989,0.85751325,0.8618561,0.84778684,0.84934795,0.85682565,0.8532437,0.85690945,0.8584484,0.8572943,0.85689527,0.8509884,0.8540086,0.85723066,0.8528476,0.8489526,0.84994096,0.85396874,0.8592016,0.8504757,0.857184,0.8604692,0.858502,0.8503257,0.8613461,0.86277837,0.85663307,0.8581207,0.852288,0.8549559,0.86225796,0.85138184,0.85506564,0.85086644,0.85526544,0.84955287,0.85446864,0.8515997,0.85721356,0.853999,0.8593436,0.8545837,0.86176693,0.8613613,0.85034686,0.85748184,0.8545085,0.8522751,0.85312885
0.7437623,0.727015,0.7382108,0.7414328,0.74121636,0.73406196,0.7385611,0.73927003,0.73921037,0.7358946,0.7449779,0.7323733,0.7357756,0.7325539,0.7409078,0.7389758,0.7379107,0.73994505,0.73595303,0.7354133,0.73110914,0.7371984,0.7337022,0.74068487,0.73700774,0.73369265,0.73514926,0.7385687,0.73347485,0.7379916,0.73243386,0.7311566,0.73158616,0.73806417,0.7372345,0.7415589,0.73877585,0.74112076,0.7364843,0.7386892,0.7362605,0.7367259,0.7349898,0.7340318,0.7398429,0.7330191,0.73743,0.7338941,0.7363122,0.72905946,0.734272,0.7453881,0.7356406,0.74081445,0.7392562,0.7399805,0.7351437,0.74535626,0.74339646,0.73695177,0.7406782,0.7338857,0.7433587,0.735822,0.73420846,0.7349721,0.73649824,0.7335595,0.7400806,0.73641425,0.7341867,0.74042207,0.74260604,0.74410564,0.73731685,0.7370812,0.7345073,0.7348553,0.7350434,0.72902685,0.7303792,0.74481773,0.73404694,0.735526,0.7333292,0.73623526,0.7307813,0.7377109,0.7340992,0.7376767,0.7428743,0.7358603,0.7388803,0.7408768,0.73534393,0.7387068,0.7349252,0.7353627,0.7402868,0.73971313,0.7402314,0.7429936,0.7473646,0.728808,0.73742664,0.7399587,0.72562855,0.7344979,0.73595655,0.7424624,0.73445237,0.7353356,0.7418209,0.7406734,0.7362483,0.7440575,0.73624426,0.7389792,0.73918736,0.73692894,0.74037427,0.7463385,0.73851824,0.7366242,0.73376304,0.7396494,0.7403673,0.741833,0.7436016,0.73541725,0.7408411,0.730571,0.73637086,0.73472273,0.73994243,0.7352031,0.739371,0.7412419,0.7435788,0.74509066,0.7367424,0.73587984,0.74031526,0.74280185,0.7437734,0.74136055,0.7368074,0.73701715,0.7355076,0.7388688,0.73491764,0.7336203,0.7402044,0.73268723,0.73203903,0.7354989,0.7360225,0.741516,0.7297846,0.738904,0.73001844,0.7292072,0.74312735,0.7370602,0.7397976,0.7368519,0.7397389,0.74442524,0.7392877,0.73225087,0.73884463,0.74077624,0.74826413,0.73899907,0.7375858,0.73457927,0.7339908,0.7361959,0.74237293,0.7408496,0.7378952,0.7354527,0.7330286,0.7343718,0.74251205,0.7401235,0.7391073,0.7421543,0.7432206,0.7354989,0.7396403,0.74519455,0.7439133,0.7353938,0.73244363,0.7339336,0.7407056,0.7306337,0.7432375,0.7367507,0.7423095,0.74238324,0.7399593,0.7339024,0.74063116,0.7419291,0.73754346,0.73341095,0.7417351,0.73290026,0.7393608,0.7402516,0.7348259,0.7379383,0.738058,0.73997086,0.7317078,0.73229593,0.7378858,0.73912686,0.7393472,0.73179024,0.74105096,0.73538053,0.73354924,0.74002826,0.7359308,0.73536223,0.74229604,0.73236424,0.74183905,0.7428153,0.7383304,0.7311837,0.7359807,0.74013567,0.74252814,0.73171633,0.7343365,0.73701435,0.7214814,0.73043966,0.7360565,0.7451394,0.7427872,0.73771155,0.7396445,0.73751307,0.7321538,0.73809415,0.7311824,0.7399838,0.7388898,0.737055,0.739138,0.7340218,0.73777324,0.7330914,0.74197495,0.7326021,0.7346537,0.7357438,0.7407031,0.7350773,0.732235,0.73727727,0.7315886,0.73666537,0.74033594,0.73727006,0.7374878,0.73734415,0.7382757,0.7351112,0.7336955,0.73632795,0.73396176,0.7352047,0.7353346,0.73807913,0.74254,0.739127,0.73778975,0.7394875,0.7467894,0.74461406,0.7399854,0.731952,0.7355447,0.73734784,0.7406269,0.7387576,0.7425658,0.7400351,0.73206866,0.739109,0.7337502,0.73807454,0.7363642,0.7377031,0.73582655,0.74570626,0.73761505,0.7313644,0.73121196,0.7374084,0.7387443,0.73249006,0.7328023,0.7317671,0.7336443,0.7433331,0.74458694,0.7463352,0.7372317,0.7387573,0.73628366,0.73700565,0.74161327,0.7370048,0.73888075,0.74300563,0.74147826,0.73961025,0.7396879,0.7391379,0.74190974,0.73535323,0.7428717,0.7393613,0.7362509,0.7306917,0.7338403,0.7366847,0.73753643,0.7395356,0.739246,0.73188114,0.7459053,0.7427626,0.7369794,0.7304168,0.7325793,0.73489434,0.74381584,0.7338574,0.74310046,0.73330146,0.738684,0.7349694,0.74151844,0.7390626,0.74375075,0.73074055,0.74674207,0.7396736,0.73873216,0.740465,0.7376005,0.7425163,0.73722804,0.7401187,0.73146045,0.7363095,0.74230486,0.73472255,0.7389502,0.736216,0.7355337,0.73724586,0.7435848,0.74227107,0.7413576,0.73547345,0.7365279,0.739541,0.7392222,0.7301123,0.7361176,0.73247296,0.7376424,0.73705506,0.7422402,0.73843455,0.7408671,0.7306921,0.7365601,0.73745024,0.7400091,0.7451112,0.7402916,0.7362642,0.73769665,0.74401814,0.7406672,0.7346921,0.7356589,0.73399746,0.7430464,0.7356945,0.7431122,0.7463822,0.7330399,0.73756266,0.74174356,0.73471576,0.7410182,0.743971,0.7364373,0.7546457,0.73914367,0.73696476,0.7490602,0.7418064,0.7345079,0.7364774,0.7396464,0.73265547,0.7440647,0.7376451,0.74106485,0.7372541,0.7384238,0.7353333,0.7379191,0.73268664,0.7319853,0.7344008,0.7376532,0.7446483,0.7433228,0.73496747,0.743594,0.73521346,0.7321742,0.7391948,0.7389318,0.7378091,0.7325463,0.73743975,0.732536,0.73877084,0.74403,0.7357834,0.7322727,0.7339686,0.74015105,0.73285556,0.74407005,0.7367703,0.7425593,0.7465334,0.7330525,0.7382601,0.736699,0.7313866,0.7431539,0.7387451,0.73267025,0.7465543,0.7360501,0.7317119,0.736605,0.74102646,0.7452466,0.7355189,0.7333036,0.73618203,0.7368729,0.7394493,0.7338419,0.74173456,0.7391113,0.7411518,0.73304987,0.74242294,0.74131036,0.7346617,0.7294901,0.74217063,0.7346037,0.73863065,0.7349956,0.7354634,0.7439908,0.73898286,0.7385578,0.73755544,0.7382283,0.73834264,0.7362451,0.7396236,0.7530104,0.7262181,0.73620164,0.7372089,0.7359771,0.73520267,0.74036837,0.7340811,0.7283949,0.73886937,0.738523,0.7339074,0.7386127,0.73699266,0.74178547,0.73762435,0.7347917,0.7418213,0.74147964,0.7409112,0.7370591,0.7393575,0.7322033,0.73180795,0.74031806,0.7322675,0.7380599,0.73888135,0.73623765,0.7354143,0.7381511,0.7345643,0.73917776,0.736951,0.7378322,0.7457748,0.7415833,0.7337951,0.7443577,0.7426225,0.734938,0.7438631,0.73527664,0.7307136,0.73716617,0.7363308,0.7394766,0.739083,0.72997534,0.74180526,0.7360711,0.7320716,0.7308213,0.7401085,0.7416514,0.7450299,0.73629826,0.7381585,0.7393326,0.7387943,0.7352485,0.7389154,0.73734164,0.7372307,0.73028386,0.731612,0.73883265,0.74244165,0.73366094,0.73335046,0.7452974,0.74505305,0.7325296,0.7413022,0.73766863,0.73547405,0.73664397,0.74583596,0.73892534,0.7412842,0.73622304,0.73063624,0.740428,0.7372462,0.7383927,0.73614633,0.7407481,0.7359418,0.7377354,0.7440688,0.7337608,0.7372321,0.7403494,0.7313981,0.7366005,0.7401086,0.7396739,0.7358481,0.7394759,0.73791474,0.7393958,0.74325204,0.7338249,0.74446476,0.7419511,0.7423751,0.7354115,0.7441498,0.73530793,0.7323659,0.7407644,0.7422873,0.73641706,0.7336052,0.7370545,0.73802245,0.74259436,0.74288297,0.7373963,0.7390783,0.73186135,0.7347796,0.7345438,0.7432704,0.740758,0.7426839,0.72930825,0.73339593,0.7332517,0.7473528,0.74667513,0.7366463,0.7381987,0.73826337,0.7336687,0.7387976,0.7360397,0.7338264,0.72723734,0.73599494,0.73617655,0.73012483,0.7418695,0.73554933,0.74719083,0.7411029,0.7394304,0.74292505,0.73429257,0.73836184,0.73812145,0.73789454,0.7364811,0.7478403,0.74112445,0.7363041,0.73564655,0.7388567,0.73253965,0.74740064,0.7352879,0.74156356,0.7415244,0.7437027,0.73078334,0.74340373,0.737777,0.73310274,0.7411843,0.74598086,0.7302481,0.7416044,0.7400112,0.73931843,0.7345525,0.73193437,0.73929155,0.7349225,0.73401827,0.7342148,0.73649037,0.7386834,0.7340099,0.7397261,0.73325294,0.73811466,0.7358063,0.7419294,0.7386752,0.7417194,0.73567903,0.7471011,0.73146105,0.7385281,0.7430118,0.73724246,0.7322569,0.73758334,0.73458356,0.73867595,0.7319156,0.7335292,0.73962104,0.7379309,0.73381406,0.73682845,0.7349347,0.73674124,0.73876196,0.7392896,0.72998583,0.74116886,0.7345308,0.7394255,0.7411725,0.73858833,0.7329845,0.7353923,0.7371917,0.7374769,0.7403427,0.7372656,0.7323747,0.73609006,0.7381728,0.7392336,0.7417975,0.7401015,0.73531264,0.7334393,0.7360709,0.74396354,0.73700666,0.7340272,0.7461148,0.7405622,0.7349563,0.7433396,0.7335478,0.73472124,0.7314753,0.7384175,0.7374559,0.73491424,0.7348867,0.73459446,0.73968977,0.73558205,0.73798394,0.74394464,0.7332028,0.7393665,0.7301976,0.7342109,0.73695976,0.7353145,0.7445274,0.7468455,0.7394131,0.73179936,0.73859596,0.74132985,0.7325702,0.73701024,0.73542005,0.74671596,0.7440392,0.7414415,0.73448753,0.73589283,0.74310744,0.7359447,0.7332064,0.74167204,0.74957854,0.7376233,0.73558915,0.7467761,0.7400806,0.7381905,0.7320184,0.73954946,0.7386777,0.74217683,0.7370748,0.7363101,0.73789096,0.7453745,0.7380104,0.73570585,0.7349032,0.7430869,0.7293717,0.74293387,0.7416177,0.74171215,0.7417009,0.7344897,0.73797965,0.73972905,0.73749006,0.73544943,0.7393001,0.7312649,0.7262921,0.74306256,0.7371471,0.73899317,0.7398836,0.737295,0.7293912,0.72826153,0.7378795,0.74854714,0.7484125,0.7402847,0.7375959,0.7432156,0.7374974,0.7403968,0.72869956,0.73552305,0.7349231,0.73474747,0.73961854,0.730094,0.7461475,0.73243374,0.73008436,0.7356761,0.73463583,0.741905,0.7329966,0.7399515,0.74054056,0.7317501,0.7420403,0.7448867,0.73532236,0.73301935,0.7379507,0.7351765,0.73428434,0.7368596,0.7360173,0.7375853,0.73748654,0.7366967,0.73735744,0.7337372,0.7422516,0.74548304,0.73580056,0.73978657,0.7492776,0.7313227,0.7301755,0.7399695,0.7395853,0.73899305,0.73581463,0.73354757,0.733971,0.7294691,0.7350516,0.74323577,0.7388861,0.7370602,0.735579,0.7358284,0.7380756,0.73908985,0.7390869,0.7380126,0.7393058,0.7342427,0.7388386,0.73650056,0.73562914,0.72801954,0.74389845,0.73404413,0.73546356,0.7367657,0.74587905,0.7356349,0.7382484,0.73514646,0.7372538,0.7442597,0.74050504,0.74112695,0.73938775,0.73716605,0.7470393,0.7408182,0.7370251,0.74474484,0.74112284,0.7390892,0.7312976,0.74358654,0.7363171,0.7363121,0.73905665,0.7331706,0.73116964,0.73459095,0.7426309,0.73682874,0.7404199,0.7346274,0.7394009,0.73611534,0.7421169,0.7354465,0.74394387,0.7309857,0.7447652,0.7416871,0.73605126,0.7421465,0.73657006,0.7374422,0.73992157,0.7411809,0.73695344,0.7409056,0.7372274,0.74803555,0.7397283,0.73649824,0.73638296,0.73701787,0.73800695,0.74248105,0.7348542,0.7423993,0.7428319,0.73995686,0.7334534,0.74098474,0.7389981,0.7348569,0.7369952,0.7403735,0.7397728,0.7448952,0.73345685,0.7389226,0.7343548,0.7424548,0.7390119,0.7313975,0.7361146,0.7286054,0.7454865,0.7469892,0.73578084,0.74220645,0.73646796,0.7434164,0.7420201,0.73153746,0.7394024,0.7384782,0.739035,0.7314955,0.73585236,0.7457721,0.7315569,0.73583525,0.73779136,0.7373783,0.73719215,0.738743,0.739153,0.73880976,0.7348891,0.7392444,0.7344342,0.74062616,0.741497,0.7459017,0.74189776,0.73785,0.73652023,0.7393018,0.7331735,0.7363508,0.73580426,0.74382085,0.73928326,0.7343737,0.7365066,0.7339609,0.7358777,0.73390466,0.737159,0.740624,0.73965436,0.74127966,0.7367868,0.73025435,0.7414057,0.74059594,0.73836654,0.75034493
0.0,0.0,0.0,0.0,0.0,0.0,0.0,0.0,0.0,0.0,0.0,0.0,0.0,0.0,0.0,0.0,0.0,0.0,0.0,0.0,0.0,0.0,0.0,0.0,0.0,0.0,0.0,0.0,0.0,0.0,0.0,0.0,0.0,0.0,0.0,0.0,0.0,0.0,0.0,0.0,0.0,0.0,0.0,0.0,0.0,0.0,0.0,0.0,0.0,0.0,0.0,0.0,0.0,0.0,0.0,0.0,0.0,0.0,0.0,0.0,0.0,0.0,0.0,0.0,0.0,0.0,0.0,0.0,0.0,0.0,0.0,0.0,0.0,0.0,0.0,0.0,0.0,0.0,0.0,0.0,0.0,0.0,0.0,0.0,0.0,0.0,0.0,0.0,0.0,0.0,0.0,0.0,0.0,0.0,0.0,0.0,0.0,0.0,0.0,0.0,0.0,0.0,0.0,0.0,0.0,0.0,0.0,0.0,0.0,0.0,0.0,0.0,0.0,0.0,0.0,0.0,0.0,0.0,0.0,0.0,0.0,0.0,0.0,0.0,0.0,0.0,0.0,0.0,0.0,0.0,0.0,0.0,0.0,0.0,0.0,0.0,0.0,0.0,0.0,0.0,0.0,0.0,0.0,0.0,0.0,0.0,0.0,0.0,0.0,0.0,0.0,0.0,0.0,0.0,0.0,0.0,0.0,0.0,0.0,0.0,0.0,0.0,0.0,0.0,0.0,0.0,0.0,0.0,0.0,0.0,0.0,0.0,0.0,0.0,0.0,0.0,0.0,0.0,0.0,0.0,0.0,0.0,0.0,0.0,0.0,0.0,0.0,0.0,0.0,0.0,0.0,0.0,0.0,0.0,0.0,0.0,0.0,0.0,0.0,0.0,0.0,0.0,0.0,0.0,0.0,0.0,0.0,0.0,0.0,0.0,0.0,0.0,0.0,0.0,0.0,0.0,0.0,0.0,0.0,0.0,0.0,0.0,0.0,0.0,0.0,0.0,0.0,0.0,0.0,0.0,0.0,0.0,0.0,0.0,0.0,0.0,0.0,0.0,0.0,0.0,0.0,0.0,0.0,0.0,0.0,0.0,0.0,0.0,0.0,0.0,0.0,0.0,0.0,0.0,0.0,0.0,0.0,0.0,0.0,0.0,0.0,0.0,0.0,0.0,0.0,0.0,0.0,0.0,0.0,0.0,0.0,0.0,0.0,0.0,0.0,0.0,0.0,0.0,0.0,0.0,0.0,0.0,0.0,0.0,0.0,0.0,0.0,0.0,0.0,0.0,0.0,0.0,0.0,0.0,0.0,0.0,0.0,0.0,0.0,0.0,0.0,0.0,0.0,0.0,0.0,0.0,0.0,0.0,0.0,0.0,0.0,0.0,0.0,0.0,0.0,0.0,0.0,0.0,0.0,0.0,0.0,0.0,0.0,0.0,0.0,0.0,0.0,0.0,0.0,0.0,0.0,0.0,0.0,0.0,0.0,0.0,0.0,0.0,0.0,0.0,0.0,0.0,0.0,0.0,0.0,0.0,0.0,0.0,0.0,0.0,0.0,0.0,0.0,0.0,0.0,0.0,0.0,0.0,0.0,0.0,0.0,0.0,0.0,0.0,0.0,0.0,0.0,0.0,0.0,0.0,0.0,0.0,0.0,0.0,0.0,0.0,0.0,0.0,0.0,0.0,0.0,0.0,0.0,0.0,0.0,0.0,0.0,0.0,0.0,0.0,0.0,0.0,0.0,0.0,0.0,0.0,0.0,0.0,0.0,0.0,0.0,0.0,0.0,0.0,0.0,0.0,0.0,0.0,0.0,0.0,0.0,0.0,0.0,0.0,0.0,0.0,0.0,0.0,0.0,0.0,0.0,0.0,0.0,0.0,0.0,0.0,0.0,0.0,0.0,0.0,0.0,0.0,0.0,0.0,0.0,0.0,0.0,0.0,0.0,0.0,0.0,0.0,0.0,0.0,0.0,0.0,0.0,0.0,0.0,0.0,0.0,0.0,0.0,0.0,0.0,0.0,0.0,0.0,0.0,0.0,0.0,0.0,0.0,0.0,0.0,0.0,0.0,0.0,0.0,0.0,0.0,0.0,0.0,0.0,0.0,0.0,0.0,0.0,0.0,0.0,0.0,0.0,0.0,0.0,0.0,0.0,0.0,0.0,0.0,0.0,0.0,0.0,0.0,0.0,0.0,0.0,0.0,0.0,0.0,0.0,0.0,0.0,0.0,0.0,0.0,0.0,0.0,0.0,0.0,0.0,0.0,0.0,0.0,0.0,0.0,0.0,0.0,0.0,0.0,0.0,0.0,0.0,0.0,0.0,0.0,0.0,0.0,0.0,0.0,0.0,0.0,0.0,0.0,0.0,0.0,0.0,0.0,0.0,0.0,0.0,0.0,0.0,0.0,0.0,0.0,0.0,0.0,0.0,0.0,0.0,0.0,0.0,0.0,0.0,0.0,0.0,0.0,0.0,0.0,0.0,0.0,0.0,0.0,0.0,0.0,0.0,0.0,0.0,0.0,0.0,0.0,0.0,0.0,0.0,0.0,0.0,0.0,0.0,0.0,0.0,0.0,0.0,0.0,0.0,0.0,0.0,0.0,0.0,0.0,0.0,0.0,0.0,0.0,0.0,0.0,0.0,0.0,0.0,0.0,0.0,0.0,0.0,0.0,0.0,0.0,0.0,0.0,0.0,0.0,0.0,0.0,0.0,0.0,0.0,0.0,0.0,0.0,0.0,0.0,0.0,0.0,0.0,0.0,0.0,0.0,0.0,0.0,0.0,0.0,0.0,0.0,0.0,0.0,0.0,0.0,0.0,0.0,0.0,0.0,0.0,0.0,0.0,0.0,0.0,0.0,0.0,0.0,0.0,0.0,0.0,0.0,0.0,0.0,0.0,0.0,0.0,0.0,0.0,0.0,0.0,0.0,0.0,0.0,0.0,0.0,0.0,0.0,0.0,0.0,0.0,0.0,0.0,0.0,0.0,0.0,0.0,0.0,0.0,0.0,0.0,0.0,0.0,0.0,0.0,0.0,0.0,0.0,0.0,0.0,0.0,0.0,0.0,0.0,0.0,0.0,0.0,0.0,0.0,0.0,0.0,0.0,0.0,0.0,0.0,0.0,0.0,0.0,0.0,0.0,0.0,0.0,0.0,0.0,0.0,0.0,0.0,0.0,0.0,0.0,0.0,0.0,0.0,0.0,0.0,0.0,0.0,0.0,0.0,0.0,0.0,0.0,0.0,0.0,0.0,0.0,0.0,0.0,0.0,0.0,0.0,0.0,0.0,0.0,0.0,0.0,0.0,0.0,0.0,0.0,0.0,0.0,0.0,0.0,0.0,0.0,0.0,0.0,0.0,0.0,0.0,0.0,0.0,0.0,0.0,0.0,0.0,0.0,0.0,0.0,0.0,0.0,0.0,0.0,0.0,0.0,0.0,0.0,0.0,0.0,0.0,0.0,0.0,0.0,0.0,0.0,0.0,0.0,0.0,0.0,0.0,0.0,0.0,0.0,0.0,0.0,0.0,0.0,0.0,0.0,0.0,0.0,0.0,0.0,0.0,0.0,0.0,0.0,0.0,0.0,0.0,0.0,0.0,0.0,0.0,0.0,0.0,0.0,0.0,0.0,0.0,0.0,0.0,0.0,0.0,0.0,0.0,0.0,0.0,0.0,0.0,0.0,0.0,0.0,0.0,0.0,0.0,0.0,0.0,0.0,0.0,0.0,0.0,0.0,0.0,0.0,0.0,0.0,0.0,0.0,0.0,0.0,0.0,0.0,0.0,0.0,0.0,0.0,0.0,0.0,0.0,0.0,0.0,0.0,0.0,0.0,0.0,0.0,0.0,0.0,0.0,0.0,0.0,0.0,0.0,0.0,0.0,0.0,0.0,0.0,0.0,0.0,0.0,0.0,0.0,0.0,0.0,0.0,0.0,0.0,0.0,0.0,0.0,0.0,0.0,0.0,0.0,0.0,0.0,0.0,0.0,0.0,0.0,0.0,0.0,0.0,0.0,0.0,0.0,0.0,0.0,0.0,0.0,0.0,0.0,0.0,0.0,0.0,0.0,0.0,0.0,0.0,0.0,0.0,0.0,0.0,0.0,0.0,0.0,0.0,0.0,0.0,0.0,0.0,0.0,0.0,0.0,0.0,0.0,0.0,0.0,0.0,0.0,0.0,0.0,0.0,0.0,0.0,0.0,0.0,0.0,0.0,0.0,0.0,0.0,0.0,0.0,0.0,0.0,0.0,0.0,0.0,0.0,0.0,0.0,0.0,0.0,0.0,0.0,0.0,0.0,0.0,0.0,0.0,0.0,0.0,0.0,0.0,0.0,0.0,0.0,0.0,0.0,0.0,0.0,0.0,0.0,0.0,0.0,0.0,0.0,0.0,0.0,0.0,0.0,0.0,0.0,0.0,0.0,0.0,0.0
1.1770532,1.1733205,1.1783172,1.180309,1.1729696,1.1761161,1.1803544,1.1804321,1.1765909,1.1789708,1.1824656,1.1715043,1.1772518,1.174997,1.1795303,1.181848,1.1786752,1.179533,1.1733698,1.1747485,1.1754458,1.1754069,1.1752005,1.1770492,1.1758842,1.1728824,1.1771501,1.1777606,1.1741588,1.1732385,1.17678,1.1656785,1.1750512,1.1694201,1.1797866,1.1818095,1.1779265,1.1769476,1.1775291,1.175977,1.1810515,1.1711429,1.1769007,1.1792542,1.1743039,1.1760701,1.1757172,1.1738342,1.1775502,1.1793877,1.1747546,1.1854202,1.1723562,1.1736687,1.1794566,1.1756992,1.1782876,1.1797928,1.182035,1.1737974,1.1780406,1.168252,1.175699,1.171913,1.1788273,1.1771573,1.1736898,1.1701949,1.182984,1.1756971,1.1731917,1.1708621,1.1813862,1.1765213,1.177015,1.1744224,1.1770104,1.1769086,1.1794709,1.1770382,1.1765357,1.185012,1.1802838,1.1838846,1.170446,1.1794643,1.1741754,1.1760143,1.1758554,1.1811998,1.1855845,1.1777352,1.1782573,1.1777629,1.1749958,1.1755085,1.1733146,1.17272,1.17891,1.18103,1.1794441,1.1809405,1.1761352,1.174331,1.1739868,1.181143,1.174969,1.1730245,1.1848128,1.1752623,1.1798688,1.1758835,1.1766433,1.1788756,1.1770899,1.181388,1.1733781,1.1727273,1.1734687,1.1793717,1.1819777,1.1843951,1.1736594,1.1761736,1.1775692,1.1800445,1.1795632,1.1772048,1.1791784,1.1757277,1.1794649,1.1745837,1.1741626,1.1777046,1.1824393,1.170153,1.1844269,1.1777105,1.1818362,1.1905235,1.1678523,1.1795107,1.1844474,1.1783756,1.1818335,1.18078,1.1781901,1.1718187,1.1727057,1.175357,1.1816459,1.1761203,1.1817191,1.1729503,1.1695727,1.1761341,1.1704366,1.175764,1.1769994,1.175176,1.1741111,1.1723529,1.1771492,1.1728313,1.1755536,1.1694888,1.1768291,1.1831944,1.1839948,1.1773643,1.1802534,1.1785485,1.1774967,1.17856,1.1760087,1.1715094,1.1768153,1.180734,1.1763692,1.1806533,1.176945,1.17617,1.1717501,1.1707984,1.1802694,1.1753109,1.1755749,1.1763097,1.1774839,1.176679,1.177454,1.1735333,1.1788568,1.1764491,1.1726879,1.1759467,1.1799431,1.1704973,1.1727805,1.1818627,1.1733115,1.1814528,1.1734065,1.1773152,1.1834112,1.179733,1.1770444,1.1758727,1.1703626,1.1771102,1.1736431,1.1809806,1.1753142,1.1773942,1.1741863,1.1674821,1.1736704,1.1765198,1.1766496,1.1791742,1.1784934,1.1697024,1.1774629,1.1719987,1.1811166,1.1735846,1.1786423,1.1792558,1.1801547,1.1704202,1.1809286,1.1839244,1.173733,1.1736779,1.1734515,1.176274,1.1830821,1.1686772,1.1764977,1.1725796,1.1765047,1.1743548,1.1764221,1.178688,1.1864969,1.1751634,1.1781672,1.1726819,1.1708187,1.1783626,1.170696,1.1738535,1.1810087,1.1741499,1.1765735,1.1757246,1.1730839,1.1821657,1.1793265,1.1758684,1.1756653,1.1725025,1.1777664,1.176819,1.1794927,1.1697241,1.1740736,1.1777279,1.1728537,1.1767207,1.1788998,1.1825929,1.1799109,1.181411,1.1711291,1.1710732,1.1744382,1.1789025,1.1774282,1.1704898,1.1811602,1.1776448,1.171663,1.1758053,1.1766118,1.1837159,1.1797605,1.1740545,1.1775928,1.1743251,1.1756889,1.1742309,1.1765003,1.1769023,1.1723037,1.1689761,1.1747493,1.1737827,1.1776114,1.1783159,1.1801343,1.1807345,1.179414,1.164621,1.1707802,1.172197,1.1795472,1.1746101,1.1681869,1.1760734,1.1727676,1.1838605,1.17459,1.1864109,1.1742531,1.1741058,1.1814053,1.174432,1.1789706,1.1799054,1.1735815,1.1819445,1.1796477,1.1787729,1.1805443,1.1778067,1.1776781,1.1718392,1.1765082,1.1797236,1.1854004,1.1678673,1.1744643,1.1783109,1.1746197,1.1804223,1.1713647,1.1771727,1.1788279,1.1851261,1.1742074,1.1723704,1.1769595,1.1825302,1.1816928,1.1729487,1.1760092,1.1730275,1.1755148,1.179124,1.1720203,1.1772985,1.1773934,1.1779386,1.1750809,1.1747825,1.1754335,1.179116,1.1689425,1.1815841,1.1748503,1.1740537,1.1741407,1.1767684,1.17127,1.1771474,1.1806271,1.17246,1.1780764,1.1806005,1.1765776,1.179305,1.1833575,1.1699317,1.1741731,1.1756381,1.1730076,1.1719902,1.1749187,1.1673772,1.1826749,1.1761656,1.1782458,1.1704566,1.1749543,1.1697068,1.1757536,1.1797746,1.1804163,1.1854316,1.1753556,1.170013,1.1799978,1.1815896,1.1756042,1.1763049,1.1738217,1.1762356,1.1764745,1.1770498,1.1766196,1.1793355,1.1750718,1.1805271,1.1777806,1.1707809,1.1741016,1.1811614,1.1734389,1.1850349,1.1771468,1.1783546,1.1796333,1.176953,1.1726832,1.1719576,1.1766571,1.1749687,1.1827174,1.1819596,1.1803739,1.1768646,1.1784414,1.1757737,1.170042,1.1753215,1.171255,1.1786844,1.1742234,1.1803305,1.1752917,1.1808597,1.1707814,1.1740861,1.1784961,1.1715311,1.1773497,1.1741687,1.1670647,1.1773123,1.1767255,1.1777643,1.1853846,1.1671374,1.1766007,1.1789881,1.1781753,1.1716696,1.1791866,1.175672,1.1798809,1.1800257,1.1729789,1.1782465,1.1739801,1.171491,1.1751907,1.1749355,1.1762712,1.1807796,1.1757358,1.1734385,1.1732877,1.1788969,1.1832956,1.173736,1.1750348,1.1755611,1.1770885,1.167581,1.1723799,1.1818866,1.1752396,1.1728761,1.1718397,1.177905,1.1807822,1.1830842,1.1714249,1.1832348,1.1753417,1.1734815,1.1706649,1.1759408,1.178343,1.1765954,1.179787,1.1782559,1.1782938,1.1719922,1.1723945,1.1724951,1.1842201,1.16964,1.1742898,1.1785918,1.1754105,1.1696981,1.1790184,1.1809031,1.172336,1.177317,1.1765208,1.1748819,1.1747608,1.1724769,1.1852697,1.1746787,1.177104,1.1784729,1.1785451,1.1745372,1.1778903,1.1821649,1.1734151,1.1791767,1.1759744,1.1737475,1.171343,1.1754361,1.1750542,1.1712452,1.1728098,1.1707042,1.1722513,1.1739386,1.1785755,1.1792371,1.1792164,1.1777035,1.1811423,1.1725297,1.177707,1.1897991,1.1776766,1.1724803,1.1759975,1.1693101,1.1792481,1.1760911,1.1781691,1.1793988,1.1772369,1.1723883,1.1703745,1.1770904,1.1759858,1.1808527,1.1731158,1.1761731,1.1689401,1.1816722,1.1776494,1.1789211,1.175405,1.1791668,1.1651486,1.1720562,1.1753466,1.1768637,1.1787742,1.1764461,1.1819408,1.174585,1.168019,1.1845936,1.179113,1.1746428,1.1799448,1.1852642,1.1815696,1.1806353,1.1791071,1.170814,1.1748688,1.176522,1.1722627,1.1724783,1.1804142,1.1786449,1.1811558,1.1855421,1.1789864,1.1745218,1.1825593,1.1773655,1.1766005,1.1807357,1.173384,1.1775184,1.1801344,1.1788208,1.1796252,1.1818944,1.1728641,1.1778771,1.1860611,1.1805403,1.171683,1.1792068,1.1729378,1.175973,1.1830276,1.1773772,1.1801164,1.1755198,1.1761354,1.1787949,1.177282,1.1857314,1.1782875,1.1801794,1.1705652,1.1738055,1.1722792,1.1804769,1.1766958,1.178974,1.1712899,1.177246,1.1703086,1.1798065,1.1760756,1.1759415,1.1751138,1.1789371,1.1700927,1.1745496,1.1693534,1.1735373,1.1694158,1.1727436,1.172907,1.1645945,1.178438,1.1785716,1.1780685,1.176526,1.1771699,1.179954,1.1747835,1.1794518,1.1806903,1.1779883,1.1747322,1.1808509,1.1797234,1.17903,1.1732221,1.1773126,1.1812116,1.1772754,1.1807086,1.177772,1.1800072,1.1741521,1.1750324,1.173604,1.1684698,1.1700553,1.175097,1.1840527,1.1708515,1.1789544,1.1805731,1.1781033,1.1765797,1.1725929,1.1699123,1.1762434,1.1766806,1.173338,1.1802285,1.176106,1.172653,1.175865,1.1742523,1.1762747,1.1770474,1.1781029,1.1762965,1.1750603,1.1750946,1.1797911,1.1723137,1.1757565,1.1760061,1.1682628,1.179169,1.173037,1.1737843,1.1774746,1.1763988,1.1678472,1.173135,1.1767468,1.1727556,1.1782776,1.1722767,1.1750634,1.1803613,1.1782457,1.1711048,1.1753811,1.1760677,1.1751213,1.1774857,1.1840978,1.178042,1.1766218,1.1771683,1.1817003,1.1777867,1.1774764,1.1687231,1.1775032,1.178862,1.1822442,1.1751895,1.1757392,1.1681502,1.1814262,1.1737337,1.1850955,1.1726792,1.1721197,1.181037,1.1756595,1.1799493,1.1804866,1.1707933,1.1737095,1.1779842,1.1762035,1.175356,1.1765637,1.1722715,1.1756967,1.1780202,1.1701797,1.1791399,1.180545,1.172839,1.1780204,1.1690401,1.1779746,1.173792,1.1760869,1.1813614,1.178387,1.1819693,1.1793314,1.1776063,1.172943,1.17276,1.1728675,1.1828737,1.17809,1.1803362,1.1800183,1.1760322,1.178156,1.1880124,1.1741369,1.1757604,1.1758381,1.1793798,1.177685,1.1838346,1.1884558,1.1826386,1.1788296,1.1784997,1.1735685,1.1755184,1.1821445,1.181946,1.1754512,1.1793687,1.182373,1.1769521,1.173706,1.1761526,1.1788836,1.1715194,1.1817319,1.178256,1.1790121,1.1711696,1.1755241,1.1773458,1.1776823,1.1777265,1.1694367,1.1803254,1.1723,1.1730651,1.1791962,1.1789907,1.1751835,1.1730715,1.1768132,1.1746184,1.168328,1.1761215,1.1890136,1.1905178,1.1763929,1.1822351,1.1836963,1.1789151,1.1792568,1.1702542,1.1740966,1.1739513,1.1736873,1.1705072,1.172871,1.1815584,1.1701657,1.172829,1.176053,1.1695777,1.181139,1.1730921,1.1798129,1.178224,1.1733154,1.1828163,1.1775056,1.1776502,1.1730995,1.1761502,1.1803156,1.1749015,1.1766936,1.1818283,1.1750507,1.171372,1.177692,1.1739308,1.1715019,1.1751473,1.1816273,1.1773399,1.1734302,1.1841217,1.1714752,1.1740621,1.173603,1.1740716,1.1779279,1.1733894,1.1728258,1.1718817,1.1680522,1.176555,1.1787925,1.1827372,1.1801599,1.1768,1.1748525,1.1721479,1.1761423,1.1812458,1.1734481,1.1723055,1.1776291,1.1771826,1.1716133,1.1703421,1.1740502,1.183849,1.1804746,1.1674415,1.176831,1.1807756,1.1804273,1.1760607,1.1711886,1.1734521,1.1818557,1.1755372,1.1813285,1.1785585,1.1726134,1.1824623,1.1772711,1.1741264,1.177137,1.1734123,1.1801387,1.1723768,1.181731,1.1777823,1.1758951,1.1735408,1.1730458,1.1691643,1.172368,1.1818794,1.179137,1.1797502,1.1731519,1.1777699,1.1838754,1.1758757,1.1787997,1.1760831,1.1729302,1.1807629,1.180912,1.1697989,1.1828079,1.1775647,1.1802294,1.1717441,1.1800536,1.1770359,1.1776876,1.1801147,1.1821538,1.1757904,1.1716533,1.1834838,1.1793926,1.1780868,1.1765556,1.1722705,1.1782194,1.1753967,1.1773752,1.172759,1.1784635,1.1812891,1.178954,1.1737747,1.175201,1.1795987,1.1765622,1.1701374,1.175055,1.1761355,1.1850431,1.1776454,1.1620643,1.1770002,1.1747766,1.180119,1.178611,1.1724627,1.1820871,1.1730485,1.175078,1.1737729,1.1609927,1.1797049,1.177755,1.1718469,1.172951,1.172832,1.17851,1.1672294,1.1762836,1.1736375,1.169051,1.1712471,1.1789261,1.1771427,1.1818963,1.1702449,1.1784189,1.1773525,1.1799902,1.1706256,1.1864085,1.1823244,1.1775424,1.1775995,1.1714516,1.1763036,1.1771302,1.172869,1.175673,1.1754832,1.1735965,1.1719859,1.1720227,1.177216,1.1765008,1.1746105,1.1803428,1.1790062,1.1794778,1.1806418,1.172267,1.1724772,1.1783153,1.1754327,1.1762793
1.2458385,1.2300991,1.2382927,1.239155,1.2335283,1.2251316,1.2302114,1.2322842,1.2354637,1.2252822,1.2290334,1.2252413,1.2305084,1.2280154,1.2276237,1.2354624,1.2359551,1.2294334,1.235302,1.2276778,1.2276124,1.2243116,1.2334503,1.2353458,1.2204015,1.2305478,1.2312208,1.2300628,1.222489,1.2303207,1.2304505,1.2341181,1.2282631,1.2346611,1.2316834,1.2295754,1.2322022,1.2286155,1.2298704,1.2327106,1.2373264,1.2280596,1.2306591,1.2432587,1.2279183,1.2344393,1.2225947,1.2292703,1.2368281,1.224433,1.2400041,1.2417186,1.2276163,1.2340623,1.2299209,1.2247655,1.233883,1.2372162,1.2365749,1.2297584,1.2229617,1.2312245,1.2386502,1.231011,1.2389575,1.2294095,1.2220746,1.228974,1.2325114,1.2238965,1.2364223,1.2323675,1.2309502,1.2169969,1.2242093,1.2316482,1.2326223,1.2358705,1.2321503,1.2223984,1.2338744,1.2422854,1.2274013,1.2348769,1.2263243,1.2268918,1.2156407,1.2314341,1.2306072,1.228321,1.2364063,1.2276713,1.2287831,1.2379727,1.2329444,1.2310268,1.2218817,1.2239403,1.2464203,1.2371289,1.2278376,1.229611,1.230623,1.225548,1.226941,1.229701,1.2274969,1.2277452,1.2371814,1.2263248,1.240261,1.2257065,1.2390772,1.2356329,1.2241526,1.2316524,1.2248911,1.2266843,1.2315049,1.2348149,1.236211,1.2376583,1.2280217,1.2331564,1.2296512,1.226508,1.2300628,1.2273922,1.2224425,1.2289304,1.2378726,1.2315019,1.2321975,1.2308844,1.2223514,1.2190388,1.2327987,1.2345093,1.2304745,1.2311989,1.2300361,1.2299913,1.2320956,1.2286507,1.2284105,1.2382374,1.2247425,1.2238692,1.2297802,1.2397162,1.2296098,1.2324831,1.2335578,1.2278152,1.2310783,1.2325803,1.2223635,1.2364624,1.2390711,1.2241555,1.2241039,1.2317733,1.2288334,1.2363931,1.2300403,1.2263356,1.2252779,1.2342786,1.234814,1.2293518,1.2345072,1.2263649,1.2357035,1.23108,1.2286162,1.2336988,1.2332984,1.2315849,1.2302736,1.2321643,1.2407721,1.2251645,1.2298646,1.2297357,1.235856,1.2320976,1.233642,1.2341038,1.2280788,1.225965,1.2311364,1.2315848,1.239429,1.2283548,1.226546,1.2245318,1.2264788,1.2249836,1.2228658,1.2339057,1.228679,1.2316973,1.2277286,1.2341288,1.2320081,1.2365884,1.2238837,1.232119,1.225946,1.2323242,1.2317561,1.2267187,1.2268695,1.2313273,1.2333561,1.2324237,1.236487,1.2342292,1.2360936,1.2383149,1.238659,1.2292148,1.2337759,1.2274508,1.2309935,1.2283487,1.2331489,1.224259,1.2315499,1.2304351,1.2313526,1.2342136,1.2338518,1.221423,1.2279253,1.2303427,1.233437,1.2251453,1.227894,1.2362021,1.225624,1.2313291,1.2348027,1.2348838,1.2299471,1.2307808,1.2302084,1.2283275,1.2343642,1.2251785,1.2353755,1.2244852,1.2359551,1.2261177,1.2264037,1.2325243,1.230967,1.2256409,1.238406,1.2239344,1.2243606,1.2267536,1.2361635,1.2314836,1.2415202,1.2382771,1.2213112,1.2263721,1.2323712,1.2271763,1.2335858,1.2250707,1.2239076,1.236831,1.229643,1.2349937,1.2322149,1.2409178,1.2343034,1.2277232,1.2389247,1.2338213,1.2285231,1.2293363,1.2392787,1.2411923,1.2351093,1.2267612,1.2214252,1.227194,1.2312577,1.2364705,1.234785,1.223256,1.2283143,1.2224913,1.2323374,1.2397126,1.2243409,1.2277778,1.2223405,1.232634,1.2268292,1.2256881,1.2327912,1.2311008,1.2265358,1.2301854,1.2295264,1.2411906,1.2295548,1.2437929,1.2306268,1.2408764,1.230285,1.2317828,1.2303741,1.2252308,1.2409645,1.2393615,1.2387322,1.2268904,1.2329032,1.2304343,1.2320166,1.2302204,1.2276523,1.233495,1.2355012,1.2297008,1.2264966,1.2275469,1.2294173,1.2328415,1.2323219,1.2443458,1.2279512,1.2276102,1.2329587,1.2303364,1.2348598,1.2281876,1.2190703,1.232569,1.2275665,1.2373313,1.2281725,1.2274152,1.2308013,1.2269092,1.2383378,1.2261139,1.2318457,1.2194808,1.2255421,1.2306675,1.2335922,1.2345552,1.2241468,1.231326,1.2240635,1.2329838,1.2287608,1.2332985,1.2307911,1.2318187,1.23544,1.2245508,1.2336807,1.2334234,1.2277349,1.2348723,1.2219416,1.2255108,1.2338135,1.229801,1.2358376,1.2192391,1.229674,1.2241398,1.2271332,1.2328042,1.2258269,1.2394837,1.2257757,1.2251645,1.2293769,1.2333523,1.2343311,1.2369999,1.2306588,1.2279336,1.2230422,1.2364844,1.2332728,1.2321752,1.2321254,1.2284493,1.2290092,1.2293367,1.2404747,1.2432328,1.2286564,1.2302641,1.2306836,1.2372483,1.2333934,1.225481,1.2208557,1.236982,1.2309626,1.229483,1.2365282,1.227321,1.2307862,1.2258787,1.2279023,1.217339,1.227894,1.2384472,1.2395954,1.2315071,1.225003,1.2281516,1.2245313,1.2231789,1.2253443,1.2283139,1.2309153,1.2431616,1.2285252,1.2306173,1.2259862,1.2292119,1.2277491,1.2301416,1.2403392,1.2309048,1.229141,1.2342566,1.2261518,1.2384403,1.2325866,1.2247471,1.2376865,1.2271605,1.234913,1.2277323,1.2404814,1.2283752,1.2340722,1.2343707,1.2294208,1.2341287,1.2261157,1.2265188,1.2308525,1.2322274,1.233201,1.2387649,1.2290239,1.2337816,1.2310158,1.2357013,1.2331216,1.2340113,1.2261099,1.2296971,1.2266679,1.2226919,1.2267492,1.2289516,1.2341069,1.2313782,1.2256063,1.2294986,1.2345539,1.2412231,1.2339591,1.2376817,1.2321162,1.2304791,1.234037,1.2240144,1.2371053,1.2336668,1.2367798,1.2288197,1.2299658,1.2316601,1.2316018,1.2314265,1.2295134,1.2253135,1.2238955,1.2344143,1.231496,1.225858,1.234799,1.2246355,1.2230908,1.240258,1.2216634,1.2280687,1.2277192,1.2336012,1.234544,1.2397265,1.2341259,1.2379578,1.2309783,1.2343453,1.2283062,1.2369807,1.2301345,1.233905,1.2286177,1.2272236,1.2343524,1.2290523,1.2363417,1.2328373,1.2308593,1.2302165,1.2326673,1.2333368,1.2250705,1.2407835,1.2310656,1.2318316,1.2389572,1.2348205,1.2332344,1.2340047,1.222676,1.226694,1.2225505,1.2286474,1.2362834,1.229157,1.2284088,1.2314708,1.221964,1.2374246,1.227737,1.2332587,1.2240219,1.2323258,1.2318107,1.2273923,1.2318488,1.2336856,1.2252306,1.2381066,1.2318484,1.233921,1.2282112,1.2269679,1.2249025,1.2289025,1.2276448,1.2226814,1.2312143,1.2348949,1.2222239,1.2351657,1.2320554,1.2224509,1.2221861,1.2241257,1.2285068,1.2335054,1.2264062,1.2192231,1.2372167,1.2379849,1.2309381,1.2348481,1.234618,1.2318232,1.2361981,1.2370253,1.2266173,1.2376803,1.2314254,1.2322559,1.2317337,1.2319943,1.2322074,1.2250483,1.2324051,1.240122,1.2338028,1.2347212,1.22753,1.2304016,1.2395324,1.2307233,1.2217284,1.237155,1.2357646,1.2363901,1.2315449,1.2281805,1.2261808,1.2284231,1.2314931,1.2319275,1.2354585,1.2336211,1.2355475,1.2322158,1.2267568,1.2292353,1.2302991,1.2302079,1.2360785,1.2212697,1.2270417,1.2246625,1.2280767,1.2418916,1.2426928,1.2311646,1.2319857,1.226361,1.2292768,1.2312418,1.227617,1.230727,1.2265232,1.2392266,1.2402273,1.2262886,1.2293569,1.2268472,1.2279592,1.2289187,1.2373962,1.2413901,1.2316979,1.2352189,1.2286656,1.2378258,1.2348282,1.2424921,1.2326883,1.2226808,1.2302479,1.2264569,1.2409868,1.227251,1.2317443,1.2195221,1.2377138,1.2347097,1.2324946,1.2303379,1.2237642,1.226293,1.2374139,1.2313489,1.2318295,1.2288586,1.2312785,1.2288673,1.2316117,1.2282003,1.2296395,1.227676,1.231999,1.2236645,1.2368262,1.2294993,1.2317761,1.2286958,1.2318376,1.2343817,1.2322906,1.2394671,1.2269,1.2308558,1.2296035,1.2325072,1.2242386,1.2273701,1.233748,1.2256093,1.2256509,1.2275336,1.2342621,1.228686,1.2361588,1.2323873,1.2335423,1.2284726,1.2292781,1.2272725,1.22945,1.2368497,1.2339443,1.2217363,1.2224647,1.2345049,1.2302163,1.2351996,1.238352,1.2419087,1.2277218,1.2254798,1.2331485,1.2247432,1.2302217,1.2310318,1.226643,1.2372925,1.2264363,1.2275027,1.2246501,1.2277013,1.2221804,1.2386175,1.2266998,1.2387048,1.2328609,1.2332604,1.2299525,1.2302396,1.2280706,1.2355608,1.2311727,1.2364153,1.2260438,1.23173,1.2303503,1.2271883,1.2288078,1.229216,1.2347896,1.2220972,1.2344553,1.243942,1.2314825,1.2324558,1.2281418,1.2327241,1.236425,1.2340431,1.2414765,1.2326641,1.2319657,1.237549,1.2293309,1.2199582,1.2367659,1.2291528,1.2349885,1.2344446,1.236605,1.2282428,1.2210836,1.2384201,1.2498804,1.2298118,1.2275145,1.2292867,1.2249364,1.2299759,1.2349896,1.2384413,1.225524,1.2332336,1.2286562,1.2305799,1.2267499,1.2354704,1.2320875,1.2272394,1.2260449,1.2310759,1.231668,1.2209759,1.2262775,1.2329828,1.2314316,1.2313198,1.2374425,1.2329549,1.2183689,1.2307531,1.2312665,1.2272806,1.2313498,1.2285244,1.2313596,1.2321022,1.2219656,1.2263492,1.2185912,1.228276,1.2284226,1.2303542,1.2213042,1.2337767,1.229715,1.2374879,1.2439079,1.2283282,1.226052,1.2334844,1.2340021,1.2358804,1.2295959,1.2377955,1.229839,1.2286237,1.2280709,1.223616,1.2312179,1.2352118,1.2239273,1.2181375,1.2315747,1.2322329,1.2327896,1.2297584,1.2302593,1.2261376,1.2362826,1.230439,1.2359396,1.2250253,1.2366301,1.2304759,1.2309929,1.2292323,1.2329541,1.2340174,1.2369665,1.2266701,1.237767,1.2252451,1.2295756,1.233978,1.2304692,1.2342218,1.2301165,1.2306281,1.2301813,1.2207326,1.2226347,1.2325073,1.22827,1.2242961,1.2294767,1.230462,1.2231002,1.230599,1.2407991,1.228225,1.2340529,1.226185,1.2232158,1.2360873,1.2243326,1.2313578,1.2374659,1.2311406,1.2307253,1.2307252,1.2280327,1.2290319,1.2404071,1.2265271,1.229303,1.2314581,1.2312789,1.2294909,1.2265455,1.2279503,1.2347939,1.2271063,1.2352904,1.233538,1.2335019,1.2307488,1.2347735,1.2261404,1.2287236,1.2308451,1.2354546,1.2353567,1.2315209,1.2301402,1.227252,1.2263238,1.2347755,1.2311131,1.2297951,1.2250127,1.2313432,1.2257452,1.2253317,1.2302179,1.2353673,1.2288312,1.2350398,1.2211407,1.2327253,1.2357818,1.24241,1.2229524,1.2344168,1.2318264,1.2297946,1.2322282,1.2217032,1.2293451,1.233841,1.2277081,1.2367871,1.2413012,1.2315261,1.227075,1.2384574,1.2222213,1.2362837,1.2419536,1.223853,1.2348897,1.2239885,1.2274269,1.2257501,1.2292575,1.2323303,1.2319325,1.2325385,1.2241971,1.2258373,1.2368327,1.2327139,1.2297368,1.226018,1.2371451,1.2366326,1.2272152,1.2315588,1.2283356,1.2315909,1.2312626,1.2302134,1.2274905,1.232681,1.2400985,1.2291216,1.2228689,1.2283037,1.2246407,1.2322325,1.235999,1.2334018,1.2369577,1.2255125,1.2301817,1.228992,1.2241416,1.2256935,1.2324045,1.2385685,1.2303047,1.223466,1.235656,1.2313358,1.2390262,1.2307639,1.2345943,1.243163,1.2415427,1.2381127,1.2219175,1.2235243,1.2281908,1.224194,1.2326951,1.2273113,1.2216296,1.2211323,1.2325015,1.2258183,1.2360611,1.2336842,1.2379624,1.2285365,1.2316767,1.2402823,1.2196945,1.232735,1.2331051,1.2220688,1.2309711
1.1944544,1.1791161,1.191248,1.1841631,1.1888392,1.1868933,1.1823021,1.1904647,1.1829176,1.1816955,1.1916779,1.1899077,1.1881068,1.1769673,1.1874344,1.1919501,1.1806929,1.188843,1.1931779,1.1873804,1.1928363,1.189876,1.1919903,1.1833211,1.1926737,1.1817768,1.1865014,1.1888257,1.1905103,1.1873808,1.1772684,1.1891972,1.1777041,1.1896203,1.1840411,1.1852493,1.191736,1.1853578,1.1862962,1.1868584,1.1891885,1.1903405,1.187347,1.19158,1.1864473,1.1914498,1.1877799,1.1932884,1.1876404,1.1900434,1.180274,1.1856629,1.1840739,1.1801132,1.1842066,1.1851358,1.185873,1.1920532,1.1851337,1.187784,1.1821337,1.1904545,1.1880629,1.1891,1.1911863,1.1846254,1.189472,1.1818694,1.1895627,1.1839892,1.1857158,1.1908675,1.1878891,1.1878415,1.1845127,1.1851573,1.1879896,1.1902776,1.1872689,1.1859812,1.1854025,1.1866058,1.1887562,1.190023,1.1899908,1.1837225,1.1846559,1.1914941,1.1855342,1.190453,1.1844474,1.1842703,1.1863208,1.1919583,1.1877095,1.1820873,1.1874958,1.1834267,1.1825305,1.1895835,1.1825513,1.1912353,1.1883466,1.1848958,1.188544,1.1890793,1.1914407,1.193457,1.1865319,1.1901542,1.1947281,1.1869342,1.1859511,1.192874,1.186395,1.18202,1.1904157,1.1868795,1.1867671,1.1863703,1.1852524,1.1863381,1.1812589,1.185216,1.1838857,1.1808515,1.1835588,1.1793305,1.1947896,1.1873786,1.181142,1.1865102,1.1956766,1.1859637,1.1812191,1.1916547,1.1898268,1.1893803,1.1827881,1.1888179,1.1902053,1.185169,1.1781714,1.1959219,1.1944131,1.1898268,1.1822348,1.1862298,1.1909161,1.1903082,1.1822988,1.1856371,1.179605,1.183647,1.1894463,1.187178,1.1897668,1.1886672,1.1875601,1.1921749,1.1841806,1.1881349,1.1890395,1.1915362,1.1875714,1.1864759,1.1844358,1.1881363,1.190833,1.1879029,1.1818706,1.1888334,1.186351,1.1894175,1.1867727,1.1879699,1.1888872,1.18036,1.1868705,1.1779029,1.1846889,1.1885784,1.1853559,1.1836399,1.1870421,1.1888813,1.1895938,1.1841553,1.193349,1.1896679,1.196971,1.1927878,1.1929779,1.182224,1.183682,1.1834255,1.1917589,1.1934975,1.1877286,1.1841543,1.1875188,1.1834687,1.1841397,1.1804157,1.1770074,1.1878111,1.1818628,1.1813195,1.195402,1.1837131,1.1834431,1.1872034,1.183768,1.1875193,1.1797173,1.1838578,1.1861345,1.1866565,1.1772703,1.1777577,1.1825621,1.1931419,1.1872332,1.1859957,1.1862555,1.1865809,1.183724,1.1836709,1.181069,1.1855179,1.1856698,1.1765327,1.1939574,1.1945798,1.1888762,1.1906322,1.1835445,1.1802977,1.1880759,1.1866124,1.1914349,1.1815233,1.1900378,1.1901467,1.1877865,1.1778097,1.1881135,1.1863124,1.1872222,1.1925492,1.1869122,1.1846043,1.1875362,1.1798356,1.1871996,1.1888572,1.1914816,1.1917161,1.193895,1.1906797,1.192982,1.1849287,1.1896503,1.1812807,1.1885642,1.1878148,1.1800792,1.1894311,1.1853248,1.1881657,1.1896119,1.1817604,1.1920296,1.1889488,1.1952693,1.1892762,1.1902974,1.1883066,1.1844511,1.1789693,1.1964735,1.1813372,1.1910615,1.182856,1.1904464,1.1898874,1.1869675,1.187081,1.1848041,1.187536,1.1866915,1.1895534,1.1852564,1.1879445,1.1891577,1.1940248,1.1861967,1.1843427,1.1917936,1.1788574,1.1883196,1.1839308,1.19062,1.1900965,1.1819335,1.181386,1.1902776,1.191845,1.1927557,1.1873736,1.1815971,1.1839043,1.1882236,1.1903023,1.1916941,1.1841127,1.1942128,1.1910982,1.1858416,1.1884081,1.1900547,1.1770802,1.1907996,1.184738,1.1818676,1.1865919,1.1905065,1.1963365,1.1863698,1.1862394,1.1922688,1.1860241,1.184666,1.1905506,1.1852493,1.1851572,1.1878963,1.1849976,1.1944814,1.1821492,1.1926279,1.188856,1.1841516,1.1889029,1.1882057,1.1914502,1.1898714,1.188808,1.1853151,1.1796212,1.1843342,1.1834347,1.1926028,1.1884946,1.1918999,1.1831928,1.1878221,1.1831756,1.1807951,1.1873349,1.188614,1.1839674,1.1857545,1.1863917,1.1838554,1.1921227,1.1903588,1.189189,1.1808791,1.1858606,1.1903766,1.1944171,1.1862258,1.1932805,1.1795161,1.18224,1.1895525,1.1922572,1.1833087,1.1889876,1.1892325,1.1887846,1.18598,1.1878183,1.1884985,1.1845729,1.1809651,1.1888094,1.1875525,1.1808242,1.1907134,1.1933309,1.1914157,1.1834421,1.1832665,1.1879014,1.1833634,1.1836385,1.1822115,1.1893831,1.194646,1.1851609,1.1891377,1.1876199,1.1887864,1.191139,1.1915703,1.1897112,1.1736625,1.1820362,1.1837126,1.1798916,1.1938832,1.1888845,1.1903248,1.187647,1.1848125,1.1841613,1.1878388,1.1908652,1.1820282,1.1893172,1.183385,1.183566,1.1860937,1.1871288,1.1837823,1.1914947,1.1897311,1.1877964,1.1914886,1.185932,1.1900738,1.1846496,1.1802492,1.19138,1.1923811,1.1907372,1.1834316,1.1746367,1.1894904,1.1858296,1.1843147,1.1912634,1.1872027,1.1876297,1.1941887,1.1844478,1.1923089,1.1863241,1.1876651,1.1922805,1.1892376,1.182338,1.1932472,1.1868905,1.1923583,1.1816531,1.1844802,1.1864332,1.1900417,1.1832622,1.1881813,1.191195,1.1889002,1.1836947,1.1850151,1.182007,1.1902364,1.1850361,1.180907,1.1771564,1.1881067,1.191517,1.1976866,1.1902226,1.189597,1.1890881,1.1855433,1.1885601,1.1865983,1.1868559,1.1868167,1.1967363,1.1870286,1.1856426,1.1799632,1.1820062,1.1855388,1.1906706,1.1902986,1.1843235,1.1845136,1.1849127,1.1891735,1.1981088,1.1888226,1.1931921,1.1874615,1.1903839,1.1857756,1.1909899,1.1915007,1.1820955,1.1817107,1.184191,1.1825047,1.1929146,1.1841894,1.1874261,1.1891801,1.1895342,1.1858213,1.177337,1.1846902,1.1845242,1.1892039,1.1859049,1.1895932,1.186162,1.1903167,1.1915804,1.1879334,1.180509,1.1885822,1.1894825,1.1814353,1.1940529,1.1821109,1.185253,1.1788001,1.1875132,1.18853,1.1929761,1.1857561,1.1942401,1.1898253,1.1998587,1.1802723,1.1853626,1.1893717,1.1807243,1.1846573,1.1845567,1.1983443,1.1856252,1.1913741,1.1868296,1.1952103,1.1874374,1.1917999,1.1883922,1.1838479,1.1871052,1.1813989,1.18565,1.1855963,1.1880547,1.1865952,1.1833832,1.1820701,1.1931493,1.175802,1.1918163,1.1828569,1.1797013,1.1941116,1.1894885,1.1972991,1.1890377,1.1855919,1.185612,1.1849289,1.1894287,1.1862395,1.1816102,1.1958207,1.2017351,1.1868925,1.1807259,1.1912723,1.1895499,1.1900573,1.1934258,1.188868,1.1929092,1.1879162,1.191902,1.1848832,1.1907811,1.1833194,1.192616,1.1841872,1.1866865,1.1884154,1.1914186,1.1957155,1.1881405,1.1908036,1.1934183,1.1794142,1.1921644,1.188299,1.1829611,1.1913166,1.1907535,1.1847786,1.191271,1.1937488,1.187048,1.1916798,1.1851532,1.1880294,1.1858941,1.1888053,1.1950158,1.1889542,1.1872953,1.1881958,1.187895,1.1864551,1.1982349,1.1868061,1.1920003,1.1881183,1.191507,1.1840329,1.1835793,1.1889483,1.1866928,1.1875044,1.1901494,1.1829584,1.1840792,1.1781875,1.1823299,1.1929508,1.1933692,1.1906034,1.1834743,1.1881847,1.1966823,1.191278,1.1889343,1.1879663,1.1862855,1.186346,1.1897072,1.192314,1.1870263,1.1842097,1.1862137,1.1845145,1.1833363,1.1925853,1.1876422,1.1868454,1.187975,1.1873745,1.185552,1.186739,1.189218,1.1865693,1.1872071,1.1852646,1.1910796,1.1900481,1.1833401,1.1905724,1.187828,1.1774135,1.1882374,1.1829512,1.1915212,1.1928394,1.1915123,1.1807312,1.1888528,1.1867341,1.1929739,1.1866248,1.186535,1.1770658,1.1904024,1.1763573,1.1835665,1.1866555,1.1899594,1.1869279,1.1844732,1.1877835,1.1868409,1.1827248,1.1889142,1.18601,1.1876103,1.1916052,1.1838682,1.187418,1.1890211,1.1828504,1.1827613,1.1818693,1.1827804,1.1886892,1.1913645,1.184942,1.1897101,1.1861279,1.1869595,1.1874956,1.1898278,1.192452,1.196944,1.1852212,1.1938567,1.1891453,1.1867626,1.181628,1.1914488,1.1775696,1.1802458,1.1876888,1.1880336,1.1865371,1.1940193,1.1845956,1.1941334,1.1807674,1.1910462,1.1829816,1.1897681,1.1864119,1.1799946,1.190664,1.177104,1.182963,1.1872095,1.1816028,1.1819668,1.1893498,1.1833397,1.181327,1.1912998,1.1770583,1.1898062,1.1802672,1.1890498,1.1932224,1.1897656,1.1947762,1.1856232,1.1909739,1.1872361,1.1870855,1.18603,1.1903912,1.1833016,1.1838166,1.1927518,1.1834133,1.1882257,1.1852359,1.1916958,1.1911651,1.1906643,1.1911021,1.1855626,1.1837982,1.1842693,1.1893616,1.1915506,1.1919322,1.1911912,1.1863161,1.1896827,1.1834619,1.1876433,1.1854894,1.1929529,1.1853161,1.1815567,1.1907961,1.1850227,1.190239,1.1800022,1.1902822,1.1839792,1.1956939,1.179488,1.1934377,1.1798457,1.1790507,1.1879178,1.187745,1.1882724,1.1856111,1.1890135,1.1880139,1.193472,1.1821796,1.1812164,1.1868587,1.1846985,1.184688,1.1848717,1.184421,1.1937184,1.1906705,1.1862636,1.1861597,1.1802713,1.1890534,1.190517,1.186724,1.1883255,1.1795619,1.1896919,1.1829214,1.1883737,1.1805655,1.1918448,1.1911908,1.1937494,1.19465,1.1839105,1.1957294,1.1938865,1.1821461,1.190545,1.1890367,1.1852673,1.1872925,1.1834446,1.1915424,1.1929258,1.1875861,1.1871929,1.1851577,1.1868063,1.1808844,1.1870564,1.1870028,1.1880436,1.1936129,1.1856439,1.187825,1.1910611,1.1860805,1.1809129,1.1783704,1.1880857,1.177633,1.1869137,1.192978,1.1883441,1.1852171,1.1943839,1.1876886,1.1804346,1.1928754,1.1849048,1.1898925,1.1874532,1.1879007,1.1868336,1.1858995,1.1904821,1.1898731,1.1824594,1.1881659,1.1894772,1.1856254,1.1876115,1.1999128,1.1893986,1.1956612,1.1805593,1.1909667,1.1952713,1.1907698,1.1863794,1.1890937,1.1832527,1.1886935,1.182742,1.1841062,1.183978,1.1890095,1.1863887,1.1848423,1.1850055,1.187838,1.1800665,1.1853681,1.1809238,1.1863645,1.1902859,1.185968,1.1863953,1.1875308,1.187894,1.1897962,1.1809186,1.1882765,1.1836826,1.1821953,1.187978,1.184761,1.1873549,1.1862985,1.1864792,1.1909643,1.1892524,1.1807332,1.1795994,1.1886051,1.1861227,1.1821382,1.1824952,1.1856865,1.1852766,1.1929749,1.1860082,1.1889266,1.1931574,1.1814214,1.1871706,1.190968,1.184763,1.1857666,1.1802472,1.1841471,1.1896836,1.1933459,1.183932,1.1843843,1.1911291,1.1883212,1.190638,1.1817358,1.1830742,1.1969428,1.1844038,1.1829194,1.193559,1.1909757,1.1912929,1.1904156,1.1882987,1.1813046,1.1854528,1.1858189,1.186329,1.1858908,1.1871006,1.1848737,1.1865077,1.1872939,1.1900839,1.1927334,1.1926033,1.1801473,1.1871904,1.1823398,1.1840426,1.1941955,1.1887995,1.1891412,1.1795311,1.1896623,1.1901674,1.1901051,1.1908839,1.1868669,1.1807309,1.1838211,1.1924026,1.1924145,1.1871829,1.1865441,1.184829,1.1813564,1.1889716,1.185919,1.1902083,1.1838766,1.1908009,1.1833581,1.190612,1.1884388,1.189107,1.1891228,1.1894274,1.1861093,1.1886536,1.1966054,1.1828924,1.1842618,1.1884899
0.14997919,0.14593725,0.13647772,0.14846337,0.14414646,0.13479032,0.14771254,0.14311358,0.14605407,0.13894871,0.14029013,0.1439187,0.14009374,0.13896076,0.14249153,0.14342272,0.14992478,0.14071389,0.14512157,0.13894159,0.14331372,0.13585111,0.13662425,0.13994549,0.14276765,0.15495804,0.14846322,0.14788827,0.14297608,0.13911653,0.14544638,0.13791999,0.14219838,0.14232482,0.14812568,0.14356858,0.13918865,0.13935576,0.14740063,0.1450853,0.13765503,0.13638735,0.14225066,0.14738724,0.1416473,0.14405085,0.14172025,0.14565755,0.13673988,0.13671723,0.15217982,0.1434296,0.14208105,0.14490888,0.14188844,0.143523,0.14567271,0.1376947,0.14181358,0.13296099,0.1442765,0.14489071,0.14417684,0.14291388,0.14087443,0.14142348,0.14093022,0.14088172,0.14804952,0.13680446,0.1508045,0.14729309,0.14229791,0.14617585,0.14407504,0.140208,0.14586042,0.14968489,0.14207767,0.1367488,0.14339645,0.15045479,0.14035928,0.14665444,0.13772738,0.14650181,0.13289978,0.140794,0.1440814,0.13711037,0.14907601,0.14585875,0.14534524,0.14651784,0.14484295,0.14917094,0.14080364,0.1417983,0.15054153,0.13679947,0.14638714,0.1452576,0.14582637,0.1327056,0.1468032,0.13927531,0.14404732,0.14553581,0.14388208,0.15020658,0.14216176,0.14084537,0.14446059,0.14240544,0.14147237,0.15024781,0.14018133,0.14659804,0.14365306,0.14665747,0.14200693,0.14155802,0.14167966,0.14665098,0.14016533,0.14609389,0.14532802,0.15072745,0.14856713,0.14185172,0.14589462,0.1458848,0.14215134,0.15042903,0.1479877,0.13816303,0.13898176,0.1426309,0.14868034,0.14123665,0.14381564,0.14197473,0.1500485,0.14012915,0.14149171,0.14727543,0.14273348,0.13627273,0.14022711,0.1407212,0.14336085,0.14103235,0.14687647,0.13941965,0.15169992,0.14829549,0.13718009,0.14521353,0.13929832,0.14312801,0.13970646,0.14159083,0.14229411,0.15187807,0.14408451,0.14118783,0.14742893,0.14994648,0.14855693,0.14098382,0.14969258,0.14071679,0.15217274,0.14028798,0.14406079,0.13622604,0.14293373,0.14696941,0.14305757,0.14701585,0.1456291,0.13894497,0.14342782,0.14294122,0.140001,0.14661156,0.14763974,0.14738375,0.142646,0.1374482,0.13684177,0.13964634,0.14153983,0.14155047,0.14399566,0.13829614,0.15102945,0.14908643,0.13820162,0.15044056,0.14267698,0.13763061,0.14187633,0.14086507,0.14680968,0.14512548,0.14494106,0.14009061,0.14047843,0.13887078,0.1523341,0.14290966,0.1428086,0.1427249,0.14596051,0.13956332,0.14497678,0.14539278,0.13986331,0.1471944,0.14889468,0.13690808,0.1439274,0.1377966,0.14399815,0.14124137,0.14434056,0.14440174,0.14044203,0.13996153,0.13967262,0.15022132,0.140953,0.14788173,0.14274691,0.14468338,0.14130604,0.14173359,0.13874175,0.14570725,0.14193766,0.14214772,0.13308243,0.14275749,0.1402303,0.14586815,0.14916824,0.15017538,0.14905953,0.13797167,0.14098778,0.13788632,0.14616443,0.14791758,0.14945522,0.14443962,0.14429376,0.14657834,0.13916987,0.14365879,0.14266379,0.14926405,0.14436238,0.13489841,0.14182535,0.14395286,0.1440124,0.1371226,0.14571106,0.14409207,0.1376571,0.13915992,0.14265266,0.14561613,0.14370085,0.14640245,0.14119308,0.14967386,0.14315571,0.14750464,0.1366114,0.14104293,0.13918301,0.14931332,0.14121683,0.14395955,0.14572965,0.13583289,0.1477792,0.14974062,0.14310622,0.1473216,0.14338502,0.1381986,0.14106315,0.14281584,0.1353129,0.1432767,0.14248106,0.1434577,0.1447258,0.14504038,0.13568057,0.14187287,0.14176199,0.1458872,0.14035073,0.14138907,0.1351768,0.1424408,0.15149675,0.14596348,0.14931789,0.13874516,0.14125407,0.14140056,0.13592814,0.13902405,0.14501718,0.15255508,0.13950104,0.14542419,0.14179924,0.14045075,0.14747557,0.13661937,0.14516558,0.13470429,0.1476654,0.14075685,0.13531841,0.14678547,0.15060917,0.14540069,0.14209135,0.1510039,0.14382324,0.14060636,0.14758496,0.14711994,0.14919877,0.14114852,0.13523193,0.1411293,0.1493591,0.14447416,0.14570934,0.14598672,0.1402782,0.14335474,0.15739246,0.14571969,0.14427693,0.1389751,0.13706827,0.14370136,0.14108917,0.14865582,0.14356674,0.1455959,0.14447874,0.15086302,0.14518784,0.13971454,0.14784573,0.14461333,0.14633754,0.14499113,0.14573494,0.14402235,0.14928322,0.13937959,0.13476236,0.14145534,0.14515008,0.14359002,0.14353944,0.13943653,0.1441445,0.1494811,0.1385094,0.14179683,0.14055175,0.14595853,0.15122113,0.13967375,0.14721309,0.14806679,0.13912974,0.1438541,0.14298853,0.14100136,0.14098828,0.1442436,0.14763366,0.14840958,0.14267276,0.14048488,0.14250551,0.1414209,0.14353669,0.1463395,0.13741937,0.14009574,0.13961275,0.13465786,0.1449336,0.14413463,0.13834831,0.14493445,0.1432634,0.1396082,0.14420456,0.14517064,0.14502092,0.14950107,0.14907224,0.14407454,0.14678611,0.14326501,0.13718432,0.1449867,0.14077783,0.14812174,0.14796472,0.14059156,0.14878698,0.14402096,0.14507852,0.14920603,0.14740317,0.14459728,0.14352734,0.14130694,0.14414893,0.14394462,0.1521295,0.14186534,0.15038405,0.14651306,0.13591777,0.13983189,0.14659902,0.14317957,0.14210561,0.13741116,0.13830815,0.14410067,0.14901572,0.14722194,0.1453767,0.1483553,0.14130722,0.1375812,0.13158202,0.14442547,0.13970649,0.1459272,0.13964938,0.14522065,0.14204532,0.14355285,0.14365046,0.13961753,0.14107569,0.14281306,0.14882684,0.14645672,0.14232056,0.13776235,0.14258799,0.140679,0.14857624,0.1418319,0.14553417,0.14311919,0.14129363,0.14046489,0.14022145,0.14545092,0.14411852,0.14453831,0.14579624,0.14162259,0.14231837,0.14505738,0.13860129,0.1394386,0.14027864,0.14286953,0.14293447,0.15119356,0.13535888,0.1403393,0.14138895,0.14145023,0.14692509,0.1400854,0.1439911,0.14053655,0.14070414,0.14015518,0.1404607,0.14232539,0.15439585,0.14576808,0.1453428,0.14765379,0.14290445,0.14007343,0.142517,0.14857858,0.1403743,0.15317856,0.14004636,0.1398966,0.14801587,0.14324209,0.14705715,0.14984761,0.14772487,0.14134905,0.14732432,0.14135341,0.14299181,0.13688895,0.14050014,0.14579889,0.13999741,0.14183922,0.14753288,0.14319558,0.14571755,0.13959415,0.1396304,0.141839,0.1394471,0.14191939,0.1490695,0.14716168,0.14532249,0.14773062,0.14685208,0.14862745,0.13525325,0.14288743,0.13838258,0.14215837,0.14280024,0.14034909,0.14004226,0.14223054,0.14447123,0.14542337,0.1436853,0.14845158,0.14325552,0.14686158,0.14146999,0.13919413,0.14715806,0.14252111,0.14438187,0.14885505,0.14365561,0.13626954,0.14625807,0.1437423,0.14935008,0.1517029,0.14113627,0.15275618,0.14565639,0.14025688,0.14963554,0.14900063,0.14141893,0.1456402,0.14555265,0.14342695,0.1489732,0.13779381,0.14096333,0.14616665,0.14580457,0.14228524,0.13788462,0.14433707,0.14791775,0.13451967,0.14587322,0.15198389,0.1460418,0.13468549,0.14552155,0.14294946,0.14462927,0.14514233,0.1403093,0.14152111,0.1443524,0.13518895,0.14825906,0.14530882,0.15072526,0.13808104,0.1441447,0.14416699,0.135251,0.14136843,0.14413893,0.15199278,0.14080186,0.1456869,0.14623679,0.14456975,0.14549991,0.14288339,0.14451595,0.14600895,0.14334488,0.14546728,0.15175241,0.13977998,0.1386089,0.14599945,0.14232147,0.1381777,0.14547986,0.14094101,0.13923351,0.14071463,0.1486619,0.13942137,0.15120327,0.1399154,0.145647,0.14231183,0.14806883,0.14323641,0.14560618,0.1409325,0.13850456,0.14011922,0.14175119,0.14566343,0.1425076,0.14259228,0.14000048,0.13419656,0.14471059,0.14373176,0.14292757,0.14155702,0.13886094,0.14440908,0.1387195,0.14448841,0.13853289,0.1373036,0.14868627,0.1485938,0.15366608,0.13352805,0.1424027,0.14282379,0.14525336,0.13763325,0.14188918,0.14328481,0.14213733,0.14162788,0.14049411,0.1407694,0.14260079,0.14219156,0.14537105,0.14533053,0.14071636,0.14650136,0.14429836,0.13714911,0.1488968,0.1473335,0.14275062,0.14087768,0.14032717,0.14112344,0.13743645,0.14461647,0.14225745,0.1440426,0.14568557,0.150819,0.14710319,0.14104277,0.14944316,0.14524956,0.14609984,0.14134003,0.14216214,0.1460643,0.14418358,0.13733564,0.14402057,0.14799021,0.14425382,0.14188664,0.15013959,0.14583704,0.14477913,0.13813254,0.14483002,0.14497034,0.1421474,0.14336224,0.1383871,0.14786565,0.15139568,0.14161201,0.14473663,0.1439454,0.1427981,0.14540699,0.14704707,0.14150567,0.13755548,0.1393009,0.14344178,0.14572962,0.14051849,0.14407966,0.14944555,0.1476604,0.14101817,0.14748077,0.14095286,0.13757642,0.14390454,0.14980805,0.14353316,0.14901364,0.13970973,0.14681636,0.14148036,0.1378783,0.14751105,0.14823915,0.14020263,0.14716692,0.13849846,0.146034,0.1368544,0.1382642,0.14791363,0.14560305,0.1412539,0.14350937,0.1427576,0.14694978,0.13678716,0.14264612,0.14592321,0.13922973,0.14315988,0.13900882,0.14039157,0.14118862,0.13721557,0.14634916,0.1503354,0.14389239,0.14434424,0.13964398,0.14740768,0.14289385,0.14507744,0.13914633,0.14377129,0.14106007,0.14492641,0.14297332,0.14147235,0.15158768,0.13741218,0.14912222,0.14370349,0.14303014,0.13627027,0.14603744,0.14427227,0.14350772,0.15030351,0.14636458,0.14690751,0.13391669,0.14570965,0.13813487,0.14304385,0.13813905,0.13637516,0.13977018,0.14430358,0.14121301,0.14375822,0.14337386,0.13971938,0.1496664,0.1420681,0.14892943,0.14374205,0.14678705,0.13983253,0.14504945,0.14345413,0.14331508,0.14041206,0.14317983,0.14544642,0.13891456,0.14107424,0.13462994,0.14487042,0.14690135,0.1365339,0.14784133,0.14411132,0.14455046,0.13958608,0.14815733,0.13880447,0.14061952,0.14371492,0.14212184,0.14154318,0.13590562,0.14203367,0.14757223,0.1495159,0.1448906,0.14537854,0.14460845,0.14162034,0.14442228,0.14514567,0.13801111,0.14523129,0.1489249,0.14378561,0.14141172,0.13862202,0.14306733,0.14206295,0.1367088,0.13983159,0.14450549,0.15169439,0.14260983,0.1451757,0.14023554,0.13921079,0.14795452,0.1461193,0.1504467,0.14137742,0.15706599,0.14406875,0.14621532,0.13916376,0.14305669,0.15100272,0.14883132,0.14614303,0.14473464,0.13683118,0.14186585,0.15019043,0.14702511,0.14689812,0.13893092,0.14314467,0.13705878,0.14972933,0.14258938,0.14044847,0.14942674,0.13738689,0.14452471,0.14785963,0.14271684,0.15115067,0.14847873,0.14252312,0.13864529,0.14584157,0.14775115,0.1422232,0.1391944,0.14946559,0.14377804,0.14264005,0.14349738,0.14248359,0.13759372,0.14824575,0.1418685,0.14227612,0.14647767,0.14310876,0.14367683,0.1468237,0.1418879,0.13635388,0.13990952,0.1482231,0.14350739,0.14281148,0.149738,0.13933223,0.14889292,0.14323986,0.14963742,0.14697969,0.14695613,0.14089504,0.1393598,0.14295007,0.1455586,0.14499287,0.14834268,0.14726785,0.14891446,0.13784236,0.14503968,0.14156005,0.14200145,0.14565785,0.14179654,0.15323287,0.14852446,0.14436412,0.1452114,0.14729933,0.1397367,0.14286834,0.14269654,0.13987558,0.14961992,0.14920838,0.14897968,0.1431441,0.1412862,0.1492947,0.15440051,0.14330909,0.14508581,0.14373231,0.13765971,0.14662048,0.13954702,0.13990362,0.14631125,0.14203727,0.14394486,0.14573963,0.13959952,0.14403152,0.14189564,0.14273842,0.15042569,0.13803014,0.14126275,0.14471807,0.14496163,0.13917415,0.15266727,0.14494751,0.13467251,0.14251982,0.14406414,0.1418917,0.1423117,0.14340967,0.14870836,0.14293095,0.14214726,0.14280365,0.14185044,0.14429505,0.14768574,0.14533804,0.14731994,0.14014472,0.14237995,0.14818475,0.13459118,0.14128864,0.141974,0.14051491,0.14281966
