0.53270656,0.53400105,0.5397585,0.53910244,0.5374901,0.53244346,0.5440393,0.53380316,0.5366126,0.5426562,0.541586,0.54334986,0.5304712,0.5407349,0.54107463,0.5330279,0.5336898,0.5353189,0.54074883,0.5311363,0.53711414,0.54329115,0.5356098,0.5392388,0.5343073,0.5418322,0.5331675,0.5314809,0.5431937,0.5356805,0.54239964,0.5422617,0.5435086,0.5432707,0.5340296,0.53712636,0.5375025,0.5346276,0.5426557,0.5406206,0.5351068,0.5390244,0.547772,0.5323737,0.5311118,0.5433947,0.5359187,0.53307986,0.5409225,0.5394879,0.54120266,0.5337711,0.53844786,0.5384761,0.539503,0.5341442,0.54306316,0.5453567,0.54088104,0.5309363,0.5387552,0.53235924,0.53466785,0.53727543,0.53969854,0.5417007,0.5392389,0.5350644,0.5416058,0.5442894,0.53994966,0.5378354,0.5352149,0.5400049,0.52525574,0.54518896,0.53921485,0.5340175,0.53282857,0.54290766,0.5327707,0.54792786,0.53667384,0.534861,0.53964597,0.54059887,0.5369402,0.5431589,0.5379342,0.53959554,0.53844076,0.5426928,0.5327592,0.5368073,0.54208773,0.5366173,0.5352557,0.5392037,0.54760957,0.54623765,0.5299497,0.5373019,0.53472024,0.5395191,0.5415938,0.5387822,0.53676754,0.5372499,0.542814,0.54435074,0.5404044,0.53372866,0.5407477,0.53270924,0.5344456,0.53234345,0.5334296,0.5344593,0.5336233,0.53460157,0.534841,0.5356246,0.5479309,0.54085475,0.53365695,0.54284984,0.54555297,0.53725696,0.5393371,0.5351683,0.53584844,0.5370835,0.54059505,0.53507566,0.5402228,0.53484625,0.53336185,0.53000206,0.5343725,0.5354509,0.54490745,0.53349525,0.53327805,0.54444015,0.53538734,0.5384789,0.53672934,0.54020476,0.5406781,0.53502154,0.5407266,0.53575504,0.53549397,0.53527397,0.53345317,0.5426416,0.540868,0.53255534,0.53443295,0.5429118,0.5389394,0.53166336,0.54328096,0.539527,0.5317731,0.5377089,0.5387903,0.5365576,0.53546214,0.53596884,0.53574955,0.53782666,0.53981286,0.53419846,0.53042394,0.53070474,0.5371045,0.535517,0.54126453,0.52896744,0.5412904,0.54207313,0.53780776,0.5365815,0.5395315,0.53472185,0.55031174,0.5475823,0.5320885,0.53748167,0.539558,0.54470557,0.53717715,0.5301276,0.5407642,0.53777057,0.5338462,0.5331495,0.5382217,0.5312692,0.5417753,0.54072547,0.54048127,0.535665,0.53479224,0.54115885,0.545385,0.5402502,0.54267347,0.5393087,0.5435586,0.53234106,0.5350361,0.5391282,0.53638154,0.53900313,0.5420289,0.53703594,0.535272,0.53838867,0.5400675,0.5452634,0.53698987,0.54228747,0.5466948,0.54443973,0.5433177,0.53723454,0.53523153,0.5417529,0.53546447,0.52674407,0.54322785,0.52940804,0.5331612,0.5408301,0.5394044,0.5416861,0.5339829,0.54021955,0.54578006,0.53831226,0.53548336,0.52850586,0.5427327,0.5445953,0.5334895,0.5424702,0.53804797,0.5425097,0.54283065,0.53937507,0.5339284,0.5348342,0.53854567,0.5463702,0.53592813,0.53743625,0.53252405,0.53556794,0.53839517,0.5357901,0.5480318,0.53966326,0.53210384,0.5361275,0.53864676,0.5465791,0.54051465,0.53730786,0.5302069,0.5372944,0.5418674,0.53668416,0.54266024,0.538044,0.5313887,0.5417921,0.54310995,0.5368732,0.54674983,0.5416442,0.5271566,0.53320336,0.5351832,0.5399306,0.53680605,0.54120827,0.53262603,0.5300474,0.5476253,0.5406449,0.5392535,0.54431576,0.5419619,0.53460145,0.53343505,0.5417303,0.53866947,0.5337067,0.53883255,0.5362603,0.5441796,0.535942,0.5395933,0.5347939,0.5420174,0.5386925,0.5415617,0.5470432,0.5411277,0.5430005,0.53368556,0.54079795,0.53697985,0.5458894,0.54122376,0.5411003,0.5392754,0.5359737,0.54366845,0.5363112,0.54540074,0.5422691,0.53569007,0.539992,0.5397375,0.5348184,0.54818106,0.54003537,0.54091233,0.53849536,0.5349567,0.5389243,0.5341503,0.54426783,0.5425724,0.5445375,0.5351851,0.5435764,0.53095895,0.5479678,0.54565144,0.54211617,0.53265727,0.5447923,0.5395594,0.5261223,0.5365127,0.5250524,0.5463931,0.5372473,0.5476869,0.54501826,0.54930836,0.53494453,0.5388188,0.5424506,0.53726363,0.5427356,0.5432586,0.53515637,0.5292054,0.53412294,0.5414653,0.5417829,0.53724056,0.5449248,0.54204667,0.54452705,0.54466903,0.53255796,0.53466177,0.53681725,0.5400514,0.52956945,0.5336747,0.54090977,0.5368621,0.54328567,0.53442466,0.53806376,0.538567,0.53904706,0.54368705,0.5387458,0.5428931,0.53441876,0.5370868,0.5342499,0.5420627,0.5459143,0.5389175,0.5338845,0.54425,0.5415536,0.5359918,0.53975296,0.534512,0.5394218,0.53839487,0.54215354,0.5303603,0.5418118,0.54078627,0.54113245,0.5436218,0.53081083,0.53251076,0.53435296,0.5414473,0.5447871,0.5430599,0.54215634,0.54113007,0.538841,0.53130865,0.5499829,0.5318831,0.53804505,0.5350591,0.54124016,0.5382755,0.52985203,0.53873944,0.54072106,0.5394648,0.533948,0.5398891,0.54184836,0.5336593,0.5424074,0.53574646,0.5403525,0.54138464,0.5336503,0.53332484,0.5485455,0.54210484,0.5413773,0.5324392,0.5306014,0.5401683,0.533569,0.5420891,0.5434389,0.5401896,0.5433827,0.5388189,0.5407391,0.53650296,0.5372028,0.5384404,0.53345436,0.54059356,0.5409712,0.5393616,0.53684485,0.5396577,0.53853303,0.54258686,0.5449645,0.54114014,0.5353446,0.5376448,0.54298365,0.5386694,0.5406754,0.5447314,0.53215694,0.5460576,0.526656,0.53733337,0.54192716,0.54005104,0.5364142,0.53889185,0.54173976,0.5385496,0.52918214,0.5337971,0.53273946,0.53682226,0.5337154,0.53211427,0.5421298,0.5376812,0.5403328,0.53226703,0.54062605,0.5467222,0.54616743,0.5370453,0.53402376,0.54239476,0.5344235,0.5400187,0.53229284,0.5353418,0.54052055,0.54435325,0.5456989,0.537044,0.53279597,0.5382349,0.52270633,0.53812915,0.54409057,0.5448595,0.5382816,0.5444684,0.5373482,0.5402855,0.5450546,0.53471327,0.53787476,0.54453564,0.5400168,0.5402936,0.5398597,0.5443479,0.5437721,0.5384194,0.5349075,0.53718865,0.5341988,0.54152197,0.5394305,0.5351871,0.53905606,0.5401521,0.5445271,0.54562336,0.5445726,0.53399295,0.5327264,0.53604645,0.5324495,0.5321962,0.53604627,0.53771514,0.5387108,0.5401112,0.5413013,0.5332214,0.5448434,0.5383718,0.54192495,0.5400067,0.5436472,0.5352211,0.5352217,0.53827524,0.54411006,0.53661245,0.53322977,0.53541607,0.53456986,0.5359941,0.5353456,0.53253514,0.5350982,0.5386493,0.539275,0.5374499,0.5356615,0.53014076,0.5422777,0.53390545,0.5448513,0.54007244,0.5358898,0.53986037,0.54006755,0.54145485,0.5284958,0.5401654,0.54212433,0.5340248,0.5391063,0.53382844,0.53450155,0.541005,0.5375278,0.53866273,0.5367507,0.5393608,0.54196715,0.539976,0.5390557,0.5429,0.54178816,0.53425914,0.54567295,0.54365116,0.5344052,0.5329374,0.5399776,0.5409475,0.543192,0.5396773,0.53436685,0.53974456,0.5426014,0.5443424,0.5452044,0.5472615,0.5394639,0.52690864,0.53657085,0.5332102,0.5433845,0.5445127,0.5291834,0.53883886,0.5426066,0.533245,0.5329213,0.54001987,0.5384304,0.5349046,0.5395574,0.54171634,0.5396437,0.5373524,0.53416276,0.5416081,0.5382273,0.5360504,0.53080934,0.53811216,0.5370302,0.53571844,0.5368324,0.5374832,0.54730445,0.54410493,0.52971905,0.54298216,0.5358725,0.5377302,0.53592896,0.53849256,0.5325156,0.53906333,0.5375971,0.538862,0.5386324,0.533711,0.53756076,0.5441279,0.5373596,0.5471698,0.5431707,0.54227513,0.54405844,0.53858954,0.5392055,0.5381133,0.536326,0.5359186,0.53742605,0.536471,0.53013396,0.53866583,0.5385994,0.5352642,0.5300355,0.53967905,0.5380344,0.5436202,0.54232705,0.5369095,0.5435262,0.5335389,0.53537565,0.5300604,0.54251134,0.5378995,0.54181397,0.53471893,0.5400639,0.5376361,0.54059875,0.54199034,0.5511729,0.5411229,0.5408628,0.54049736,0.5320763,0.53126526,0.5359816,0.5422855,0.53722507,0.5330776,0.53558946,0.5373273,0.54024583,0.5340362,0.54272443,0.524912,0.53445077,0.5428947,0.5408576,0.5413514,0.53705996,0.5403352,0.54122156,0.5396311,0.53978753,0.5456174,0.5399868,0.5394811,0.53641355,0.5324888,0.5409336,0.5355845,0.5426534,0.53765583,0.54842514,0.5438559,0.54184115,0.5345024,0.5440084,0.53807455,0.5345511,0.5382638,0.5363154,0.53602177,0.54143363,0.5365808,0.532972,0.5336061,0.53499204,0.5429599,0.5382766,0.53102905,0.5270661,0.5465349,0.52596045,0.5426938,0.5303565,0.5326482,0.5363229,0.54389334,0.5458633,0.54994535,0.5392488,0.5398294,0.5329566,0.53615475,0.54028577,0.53379077,0.53345656,0.5378432,0.54290205,0.5375505,0.5379477,0.54220676,0.5378254,0.5392373,0.5379889,0.5357591,0.5406788,0.53959125,0.53531504,0.533279,0.54593885,0.5393471,0.5433204,0.5419957,0.533149,0.5277856,0.52800024,0.5387114,0.53941745,0.5397067,0.53655195,0.53907365,0.5356753,0.53793937,0.53449804,0.53530914,0.54601884,0.5322173,0.537315,0.5401264,0.54217297,0.5450928,0.54093176,0.5368333,0.5473878,0.5416563,0.5362386,0.54272485,0.5435105,0.5388866,0.54434216,0.5407222,0.5304194,0.5343116,0.5376815,0.5353598,0.5302288,0.5340445,0.53693575,0.5345438,0.54486805,0.53790563,0.54214275,0.53600854,0.5416643,0.53708154,0.5416075,0.5253953,0.54573333,0.53609675,0.55163634,0.54071885,0.5390918,0.53491074,0.537571,0.5394947,0.53483415,0.55065435,0.5381625,0.5394074,0.5411409,0.53966826,0.53839177,0.53935,0.53939915,0.54029506,0.5393145,0.5502287,0.5420843,0.5358794,0.5379643,0.5373345,0.5371189,0.53533715,0.538682,0.54771996,0.53799796,0.53405404,0.5403915,0.5425208,0.5394951,0.5411696,0.5403393,0.53612465,0.5326873,0.539365,0.5298493,0.53595346,0.53601354,0.5453134,0.539851,0.54137194,0.54031503,0.53409237,0.5376642,0.5423054,0.537422,0.53683734,0.5273797,0.53439814,0.53985965,0.5352068,0.5345414,0.5303348,0.526946,0.5425876,0.53556055,0.53745675,0.5359757,0.54424095,0.52533036,0.532546,0.5423392,0.53911746,0.5500211,0.5408817,0.53947115,0.53122854,0.5386925,0.53629744,0.5453229,0.5439904,0.5384592,0.5488988,0.53595674,0.54175156,0.5418791,0.5483427,0.53865534,0.5323898,0.54226977,0.54049677,0.5398301,0.540805,0.54743373,0.5350532,0.53467995,0.5433132,0.54309344,0.53427655,0.5395596,0.53819346,0.5415126,0.54463655,0.5387819,0.53901714,0.5344884,0.5336969,0.53885686,0.5443629,0.53732896,0.5350158,0.5271062,0.5415335,0.5438627,0.540774,0.53517586,0.5377831,0.54277724,0.5439178,0.53655326,0.5424913,0.5389732,0.54072267,0.5391261,0.5437255,0.5463874,0.5358479,0.53817695,0.5380772,0.5357088,0.5369019,0.5281516,0.53999496,0.5400396,0.5402583,0.5466527,0.538629,0.5335041,0.53774595,0.54061764,0.52385247,0.538153,0.5465628,0.54305464,0.5354125,0.53480494,0.54854184,0.53530586,0.5442909,0.53487533,0.5349205,0.5306048,0.54317826,0.5353797,0.5367814,0.53972685,0.5303754,0.542459,0.53949124,0.5392473,0.53692853,0.5452727,0.5455944,0.53213596,0.54222536,0.54693675,0.5330387,0.5355329,0.5353369,0.5477531,0.543928,0.54383224,0.53724617,0.5304716,0.5407311,0.53680193,0.53745073,0.53651524,0.54036653,0.5399925,0.5449055,0.5406422,0.5402947,0.53060806,0.53353405,0.53396857,0.53669256,0.53402877,0.5411904,0.5318697,0.54215986,0.53366214
0.5679411,0.56253994,0.5727302,0.55985796,0.5597795,0.554253,0.55790395,0.5641843,0.56063664,0.57071376,0.5657847,0.57125306,0.57101417,0.56688917,0.5684689,0.56170106,0.55712104,0.5620132,0.5628853,0.5539659,0.560473,0.5682382,0.5637012,0.5600096,0.55986327,0.5558097,0.5542834,0.5638728,0.56698316,0.56536907,0.57015,0.56044877,0.568207,0.5662583,0.56175435,0.5599379,0.563558,0.569161,0.56024617,0.56618047,0.56586283,0.5686754,0.5711107,0.5536372,0.56741375,0.57047325,0.5615814,0.5585252,0.5660122,0.56067896,0.5635713,0.5650234,0.56978506,0.5675398,0.55827355,0.56653184,0.5716001,0.5650026,0.5701963,0.5564196,0.55932176,0.5661469,0.5612202,0.56893116,0.5568176,0.5662087,0.56275356,0.5662032,0.5651481,0.56881726,0.56528646,0.56043154,0.56554705,0.56902295,0.5631832,0.55935526,0.57070565,0.5736622,0.56009793,0.56571156,0.5637347,0.5741401,0.563594,0.56426835,0.55794156,0.56629664,0.5640329,0.5669988,0.5619021,0.5657902,0.5638748,0.5629717,0.56726193,0.56177926,0.5618835,0.5606749,0.5691589,0.57556957,0.5622544,0.57146347,0.56233597,0.565637,0.55862236,0.5614997,0.56677026,0.56757027,0.5636248,0.5636906,0.5622526,0.5665239,0.5637015,0.5619715,0.56208724,0.5644362,0.56147873,0.5635385,0.55957866,0.5553739,0.5587158,0.5654357,0.56285226,0.5584319,0.56196725,0.5655708,0.5576629,0.56367815,0.5585894,0.56253815,0.5659224,0.56002605,0.55553806,0.5605899,0.55551064,0.56702507,0.56241614,0.568801,0.55889803,0.55939656,0.5542636,0.5671739,0.559296,0.5620864,0.56595975,0.5673132,0.5596808,0.5615637,0.5636747,0.5684052,0.5675743,0.554646,0.56542236,0.5662997,0.5672253,0.56515056,0.56509656,0.56304204,0.5660569,0.56535053,0.5657817,0.56473315,0.5638708,0.5635529,0.56798047,0.5569093,0.5612134,0.5557876,0.5598014,0.55968934,0.55338824,0.5627324,0.5571899,0.56370527,0.566416,0.56449026,0.558521,0.5636058,0.5629736,0.57160187,0.56089586,0.5638299,0.56509346,0.56035477,0.56262517,0.5597038,0.5569187,0.55764765,0.56522596,0.5602356,0.5690619,0.56602824,0.56678945,0.5654539,0.56217253,0.5565145,0.565344,0.5633924,0.55879235,0.5626781,0.5603214,0.5685061,0.56475365,0.5588989,0.5659807,0.5667498,0.55854803,0.56964326,0.5637652,0.5593582,0.5534258,0.56252533,0.5629146,0.56788373,0.56719863,0.5664218,0.56545484,0.5600563,0.5684204,0.56103176,0.5603907,0.5648393,0.5642751,0.5687418,0.5619545,0.5627034,0.5721802,0.56981194,0.56543803,0.5672974,0.5669849,0.55989707,0.56247854,0.5658125,0.5728871,0.56428653,0.56076056,0.5678032,0.5679739,0.56320834,0.5699109,0.56655073,0.5594829,0.5632208,0.5682273,0.5649214,0.56615233,0.5593819,0.57287544,0.5663517,0.564856,0.568244,0.566546,0.56152755,0.5584891,0.558358,0.56563103,0.55969507,0.567511,0.55941576,0.5630538,0.56497985,0.55832636,0.5719158,0.55904365,0.56107634,0.56009376,0.5614778,0.5624251,0.5613561,0.56961495,0.56219447,0.55800426,0.5664517,0.5722923,0.5515103,0.56224465,0.5583712,0.55855757,0.56098616,0.56846327,0.56354624,0.5679957,0.55253065,0.56503505,0.5729383,0.56861436,0.5642769,0.56414753,0.5616897,0.56466216,0.56539935,0.5691791,0.56982964,0.5634568,0.5657755,0.57398427,0.56152195,0.56858295,0.5599448,0.5604688,0.56788397,0.57184917,0.5650146,0.55839396,0.5673569,0.56626856,0.5596126,0.5690675,0.5660343,0.5617781,0.5626426,0.5608014,0.5655472,0.5633904,0.56237006,0.5628499,0.5618682,0.5710363,0.57028913,0.570934,0.57095116,0.56715876,0.56195074,0.5693036,0.57162386,0.5558746,0.5604384,0.5596535,0.5619849,0.5630489,0.5715979,0.55761755,0.5551783,0.5640155,0.5685382,0.5675755,0.56595963,0.5650189,0.5661236,0.5653523,0.56521046,0.5626578,0.56063265,0.5599905,0.5605053,0.5634814,0.5641147,0.5677814,0.5625022,0.55964684,0.5650738,0.56424713,0.56241137,0.5717095,0.56297225,0.5679065,0.5603329,0.5684909,0.5699406,0.56313825,0.56704915,0.56021017,0.57563764,0.5642952,0.56086105,0.5661407,0.56716466,0.55771804,0.57111186,0.5629103,0.5597924,0.5618495,0.57065773,0.55964655,0.56485987,0.56732935,0.56424373,0.55789995,0.5598274,0.568796,0.5588555,0.5631032,0.5588446,0.5679923,0.5686859,0.56442255,0.5715762,0.57011646,0.56705284,0.5626909,0.5665596,0.56752664,0.5612059,0.5580757,0.55795264,0.5637469,0.55772096,0.55977404,0.5682545,0.5603451,0.5655228,0.56087095,0.5629764,0.5598326,0.5661875,0.56181157,0.5631652,0.5691616,0.55669016,0.5626784,0.5660905,0.56680936,0.5675094,0.571235,0.5755685,0.5620335,0.5672877,0.5631782,0.56806666,0.56827414,0.56135595,0.56223154,0.5628316,0.56500167,0.5630858,0.55442196,0.563749,0.56654674,0.56425077,0.555451,0.5755551,0.5613474,0.5707743,0.5628806,0.5725311,0.56233734,0.560837,0.5569035,0.5613301,0.56960976,0.56452686,0.5617833,0.5653572,0.5610758,0.55811703,0.5556893,0.56704396,0.5608292,0.5591527,0.5645408,0.5657298,0.5657405,0.56282765,0.5599829,0.5621567,0.57708967,0.56458515,0.5563736,0.5625219,0.56541914,0.567531,0.56829983,0.56951433,0.5683399,0.5642706,0.56398374,0.56377673,0.5695341,0.5625274,0.5675061,0.568622,0.5655769,0.568876,0.56492066,0.56520903,0.55320513,0.564086,0.5676447,0.56292623,0.5591845,0.5621239,0.5580485,0.5611729,0.55800664,0.5636174,0.56448233,0.5668117,0.5646706,0.5644213,0.56323135,0.5622282,0.56120455,0.5644351,0.5664714,0.5638053,0.55967623,0.5624122,0.5608498,0.5550481,0.56429577,0.56226593,0.5669163,0.55637926,0.555448,0.5650171,0.56568474,0.55626476,0.56395566,0.557729,0.5625347,0.5612763,0.5669171,0.56345576,0.56783915,0.5614913,0.56214577,0.56640476,0.5674661,0.55761653,0.5731228,0.5662882,0.56851643,0.5589137,0.5582816,0.56136173,0.56230587,0.56996757,0.5632232,0.5684477,0.5705505,0.55956364,0.5690252,0.56000507,0.5609224,0.56706834,0.5607974,0.56027645,0.56505066,0.5534116,0.56245095,0.55715287,0.5671822,0.5658623,0.56356573,0.5638264,0.56465805,0.5652376,0.563841,0.571009,0.56679225,0.56672627,0.56315196,0.5723761,0.55983824,0.56716055,0.56293464,0.5643532,0.56793743,0.5617635,0.56268305,0.56300956,0.56003606,0.5643212,0.56975883,0.56220025,0.55440456,0.56409025,0.56842256,0.56523645,0.5605763,0.56894374,0.5712809,0.5764953,0.5665029,0.57498074,0.56122464,0.56006545,0.56898236,0.56841445,0.57157946,0.5597111,0.5684142,0.56805664,0.56819725,0.55997705,0.56019175,0.5705415,0.558725,0.5660717,0.5616411,0.5605547,0.5655113,0.5638501,0.5644751,0.5605031,0.5624995,0.56869614,0.5624597,0.5704846,0.5667554,0.5647485,0.5617284,0.5592549,0.5629003,0.5664517,0.56280893,0.56922644,0.5646848,0.5643138,0.5565746,0.56599927,0.5738817,0.5624941,0.571222,0.5657709,0.5688819,0.56535125,0.5648663,0.5644881,0.5626291,0.5666778,0.56909466,0.5673941,0.5665812,0.56067145,0.5632789,0.5633941,0.5637816,0.5671682,0.5661955,0.56866515,0.56117195,0.5649692,0.5629315,0.555585,0.5538303,0.5627904,0.5742496,0.55646586,0.5664127,0.5591525,0.5694723,0.56804836,0.56222266,0.55832267,0.5700092,0.5606695,0.57215214,0.55706334,0.5738691,0.56574607,0.5670376,0.5607967,0.56734496,0.5583551,0.56773067,0.56436944,0.5589888,0.56998837,0.56476027,0.5618103,0.5631303,0.5625424,0.5613326,0.5661578,0.5693271,0.56817037,0.56665534,0.55939466,0.5623303,0.56995827,0.5652578,0.5643865,0.56196564,0.5622468,0.5650918,0.56526345,0.560903,0.5600327,0.5607938,0.56074107,0.56113714,0.56586725,0.56790775,0.5719542,0.57709944,0.5635761,0.5615165,0.5653443,0.55819815,0.5631791,0.5661236,0.560921,0.5574844,0.567928,0.55406684,0.5634292,0.56376404,0.563827,0.5650481,0.5641533,0.5682989,0.55695933,0.5604817,0.55969524,0.5663811,0.5568554,0.57156265,0.5647929,0.5577777,0.5668512,0.5710157,0.5603465,0.55944324,0.5613454,0.5576249,0.56374955,0.5620475,0.56711835,0.56502914,0.5696814,0.562746,0.56169194,0.5618143,0.57115936,0.5741596,0.56744903,0.56548244,0.56251395,0.56024396,0.5668614,0.5674983,0.5678749,0.55831784,0.5638151,0.56314844,0.56133944,0.57089853,0.5600461,0.56737363,0.5611026,0.5679019,0.5619309,0.553041,0.5645177,0.55970013,0.5666042,0.5743935,0.5586915,0.5653324,0.563887,0.5603771,0.56228846,0.5704165,0.5601686,0.5624777,0.57329226,0.56354284,0.5573595,0.5608337,0.56484145,0.5518418,0.5646418,0.5588779,0.56768066,0.56141627,0.56683445,0.5685654,0.5717047,0.5664908,0.5698629,0.56839037,0.56022215,0.56286526,0.5568038,0.5596177,0.5569121,0.56269884,0.56692916,0.5655855,0.5664242,0.5616662,0.5584312,0.55702126,0.5701115,0.56660175,0.5587185,0.56728035,0.56335944,0.5652426,0.5599625,0.5659158,0.5643817,0.55909544,0.5625322,0.5620996,0.5611769,0.56095546,0.56760067,0.56376666,0.56080025,0.56446326,0.5639738,0.5572924,0.5573742,0.56250495,0.567276,0.5639213,0.56423324,0.56538683,0.56919944,0.56673837,0.57363415,0.5630096,0.5631317,0.5653027,0.5668581,0.57113284,0.5646951,0.5681074,0.56359935,0.5596281,0.571979,0.5571167,0.5645961,0.57150334,0.5610651,0.56226635,0.5642883,0.5612638,0.564544,0.5679709,0.5621277,0.5602071,0.56442446,0.5679315,0.56522536,0.5651055,0.56051743,0.5573558,0.56076074,0.56770754,0.55728954,0.5648508,0.5680016,0.54519063,0.56455904,0.5659635,0.5631189,0.5693276,0.5639506,0.56108606,0.55554354,0.56319106,0.5630558,0.56401265,0.5662132,0.5634208,0.5688846,0.56015307,0.5689702,0.55882746,0.56395346,0.5699443,0.5642219,0.55971825,0.55985445,0.5606628,0.55795366,0.574383,0.5646754,0.56572986,0.5611279,0.56929815,0.5568282,0.5696108,0.5615002,0.5629181,0.56160265,0.55518955,0.56575555,0.5690327,0.5670379,0.56164557,0.5651646,0.5593635,0.56598157,0.55750614,0.5648711,0.5697766,0.57154804,0.5651355,0.5613529,0.56528115,0.5613176,0.5621166,0.5617558,0.5480764,0.5663891,0.5614748,0.5685587,0.5647107,0.56967986,0.5708987,0.56003803,0.5631953,0.5630077,0.56426626,0.5669955,0.56418806,0.564311,0.5693708,0.5612262,0.5651636,0.57244986,0.5597489,0.565141,0.56647515,0.56409407,0.560394,0.5714152,0.5573652,0.5643334,0.568056,0.560173,0.5681881,0.5654335,0.56801885,0.5598594,0.5580474,0.5613534,0.5638275,0.5704834,0.5623985,0.5697637,0.5588844,0.562732,0.5633598,0.5653394,0.5641523,0.56165475,0.56687325,0.5597899,0.5687006,0.56137574,0.5592476,0.560884,0.56562215,0.567905,0.562426,0.5680866,0.56777537,0.5588221,0.5629137,0.56129795,0.56564426,0.56010723,0.55566293,0.5602574,0.559124,0.5622703,0.5706756,0.56506485,0.56498194,0.57142645,0.5574929,0.56416637,0.56346506,0.56470394,0.5562691,0.5655859,0.56522197,0.5653833,0.5694436,0.5679042,0.5656376,0.5576013,0.5661594,0.568766,0.56307924,0.559935,0.56442463,0.56530064,0.5517743,0.55946445,0.56212634,0.56537974,0.5709999,0.56375474,0.56497693,0.565233,0.56855243,0.5656891,0.5688387,0.5631072,0.5723571,0.55778414,0.5634742,0.5656055,0.56455576,0.56518215
0.72735715,0.72962123,0.7390467,0.72885615,0.72923726,0.7273248,0.72846156,0.73210233,0.73101914,0.74144167,0.734686,0.73381907,0.73631567,0.72709435,0.73570204,0.7347276,0.7346935,0.7346247,0.7327337,0.72445107,0.7268809,0.73091644,0.7283913,0.7297039,0.73163587,0.7259196,0.7258423,0.7267659,0.73439616,0.73372966,0.7374588,0.7302525,0.73419183,0.73950326,0.73327047,0.7401725,0.72890496,0.725524,0.73604655,0.73623085,0.73345834,0.7345135,0.740893,0.729799,0.7326913,0.7446766,0.7335424,0.729288,0.7397202,0.7290608,0.7292276,0.7360082,0.74152434,0.73311555,0.7332668,0.73659414,0.74780816,0.7431441,0.7349089,0.72600317,0.7275082,0.7294835,0.7296062,0.7348796,0.72757584,0.7262389,0.73878354,0.7280351,0.73402774,0.73283726,0.735044,0.72989464,0.73389137,0.73620534,0.73072493,0.7367532,0.72850454,0.73066634,0.7218813,0.7332175,0.72950196,0.73990005,0.73220336,0.729506,0.7304285,0.7305796,0.7265609,0.7318516,0.7260664,0.7301302,0.72887844,0.73640585,0.7299899,0.73326534,0.72995234,0.73137647,0.73629975,0.73680884,0.74669117,0.7313147,0.72917473,0.72915703,0.7327586,0.73475415,0.7310289,0.7324165,0.73112744,0.7284243,0.7301946,0.73601675,0.7284792,0.72666895,0.73566175,0.7295354,0.7313314,0.7278146,0.73357064,0.7304124,0.72751117,0.7299702,0.7320459,0.73261297,0.7311066,0.73007756,0.73039776,0.72364074,0.72856146,0.73165756,0.72761035,0.7290247,0.72662395,0.725094,0.72917676,0.72652006,0.7322732,0.7345389,0.73295444,0.72900754,0.72838223,0.73155546,0.7311324,0.73105687,0.73488903,0.7332111,0.7316035,0.7289202,0.73202896,0.7332802,0.7345305,0.73225296,0.73912156,0.73298734,0.7357527,0.72785413,0.729832,0.728039,0.7325584,0.7317,0.73373765,0.7349008,0.73132575,0.7301668,0.7293373,0.7278915,0.73302287,0.7329834,0.7325115,0.728252,0.72821444,0.7308019,0.7366501,0.7307094,0.7395799,0.7310512,0.7217019,0.72838247,0.72826403,0.73572534,0.7246926,0.73353404,0.7318127,0.72541904,0.7349794,0.7291389,0.7260976,0.7301717,0.7311664,0.73698735,0.7259695,0.730892,0.73391825,0.7305127,0.7304776,0.73393375,0.72895247,0.73257565,0.73371434,0.7282848,0.725581,0.733579,0.7352293,0.7271986,0.73517805,0.732048,0.7261701,0.7351333,0.72806615,0.7409397,0.730416,0.731884,0.7327808,0.733721,0.72916543,0.7301298,0.73302126,0.7300031,0.7407308,0.73142,0.7261212,0.73066777,0.7358663,0.74329203,0.7385749,0.7288401,0.7334921,0.7251849,0.7317574,0.7256041,0.7275315,0.7275647,0.72210234,0.7242218,0.72580487,0.7338554,0.7320689,0.7424893,0.73703325,0.7330601,0.7378382,0.73223233,0.7309436,0.73058575,0.73773813,0.7240281,0.7308327,0.7385659,0.7297964,0.7332586,0.72757185,0.7341744,0.7384111,0.7346211,0.73325944,0.73206,0.7342596,0.73024565,0.7397162,0.73283035,0.7245281,0.73246765,0.7312532,0.73431647,0.7335637,0.7219075,0.7300614,0.7290567,0.7315261,0.7377178,0.73217416,0.7309524,0.7306674,0.7350163,0.73458266,0.7349031,0.73371637,0.7258895,0.72609866,0.73939854,0.73486084,0.7307605,0.7318266,0.7327026,0.72990113,0.734989,0.7302759,0.73720944,0.7338885,0.7251478,0.72971624,0.7265467,0.736579,0.7336985,0.730287,0.73246276,0.74174434,0.73183995,0.72759426,0.7358981,0.7344865,0.72953475,0.73667103,0.73235023,0.73210126,0.72855526,0.7336634,0.7249627,0.7267996,0.7322731,0.73406017,0.7395189,0.733765,0.73383975,0.73101175,0.7292568,0.73678493,0.73646706,0.7381752,0.7245769,0.73480743,0.737549,0.73168856,0.73444366,0.7311374,0.7327396,0.73319584,0.7335552,0.7333217,0.72987956,0.73655427,0.7449208,0.7340318,0.7274032,0.72688395,0.7302784,0.7390261,0.7351443,0.7331456,0.7350183,0.73328364,0.73139036,0.72807103,0.73223037,0.73664564,0.739947,0.73208517,0.728955,0.7286917,0.7261862,0.7303324,0.7329171,0.74258935,0.7373439,0.7320458,0.7341105,0.7405882,0.72714245,0.7318595,0.73389125,0.7295537,0.7303887,0.73235476,0.73431927,0.72559,0.72415996,0.7339048,0.7316578,0.7340992,0.73403984,0.73277974,0.7381233,0.72267485,0.7287186,0.7285618,0.7337804,0.7326558,0.72557425,0.7230172,0.7282105,0.7381211,0.73317474,0.73089373,0.7268416,0.72929436,0.73440474,0.73071337,0.74465746,0.73476744,0.72676396,0.7349092,0.7351275,0.7291569,0.7348722,0.72440803,0.7282411,0.7364085,0.7363251,0.72930753,0.7311521,0.7307152,0.73203284,0.7264842,0.7346689,0.7266286,0.7302632,0.73798645,0.73214424,0.7388524,0.7293361,0.7311045,0.7307566,0.7354312,0.73902375,0.7398995,0.7341094,0.7352351,0.73734254,0.7278898,0.73284197,0.73081464,0.7264336,0.73211396,0.73884857,0.735914,0.72406954,0.72497255,0.7354502,0.74124515,0.7251765,0.73238957,0.73831844,0.7316318,0.74216986,0.73389965,0.73258126,0.7301437,0.72152215,0.72904664,0.73538333,0.73959106,0.7332605,0.73464423,0.72491926,0.72621596,0.73265135,0.7283493,0.7313959,0.7339393,0.72718024,0.7313056,0.72920114,0.73279387,0.73894095,0.7354931,0.7214294,0.7321509,0.72931194,0.74305975,0.7286033,0.7297482,0.73056704,0.7399651,0.7350438,0.73493856,0.72447556,0.73459053,0.7309661,0.73916686,0.73490995,0.7378514,0.7275787,0.7364772,0.7251067,0.731873,0.7379171,0.73242915,0.72741085,0.72987306,0.7314272,0.7304641,0.7280088,0.72575694,0.73504,0.72728664,0.73139185,0.72991204,0.7458154,0.7315018,0.7361042,0.7358886,0.7283574,0.73006946,0.7306286,0.7369438,0.7214435,0.7357231,0.728961,0.7332498,0.7318354,0.7363141,0.732045,0.7309618,0.7297121,0.73119557,0.7270085,0.73101324,0.7190032,0.73843724,0.7314429,0.73428655,0.73290795,0.7278018,0.72816527,0.7385649,0.73942983,0.7352561,0.72980094,0.7316443,0.7224599,0.7402828,0.7381227,0.73873603,0.7291943,0.7324681,0.73463804,0.7265277,0.7258971,0.72298974,0.7251366,0.724278,0.7359215,0.7225813,0.73095435,0.7307687,0.725076,0.7297967,0.7255988,0.74106205,0.7264138,0.73169756,0.7294187,0.73671633,0.7316995,0.7336593,0.7292093,0.7352214,0.7332783,0.7313758,0.7358522,0.7312946,0.736264,0.7379329,0.7358757,0.7330464,0.7376552,0.72567374,0.73007566,0.7320974,0.73533493,0.73380303,0.7262669,0.7312325,0.73435754,0.7337139,0.72952133,0.73468804,0.72873366,0.73146653,0.7323176,0.7271988,0.7372116,0.73472613,0.73866946,0.73386,0.7346319,0.7342701,0.72624815,0.7282081,0.7375042,0.73762804,0.728811,0.72342086,0.7334592,0.7365073,0.72770625,0.7365948,0.72632784,0.72652596,0.7314699,0.73669124,0.7279542,0.73793685,0.73974013,0.73157203,0.73609215,0.7369577,0.73466647,0.7282366,0.7341732,0.7327782,0.7325791,0.73429924,0.7322564,0.7350431,0.7361949,0.7290635,0.7361739,0.73147285,0.7223636,0.72880226,0.72871643,0.73750174,0.7324239,0.7346153,0.73154724,0.7362016,0.7294645,0.731845,0.7298759,0.7370232,0.7445664,0.7316046,0.7374902,0.73116326,0.7248711,0.72888947,0.7243222,0.7273899,0.74142224,0.73397255,0.7261464,0.7330357,0.7388914,0.7312209,0.728017,0.7348227,0.7354271,0.73629737,0.7287245,0.7292425,0.7273642,0.727725,0.7347288,0.7282735,0.7323237,0.7303414,0.73601675,0.73352325,0.72930205,0.74047714,0.7270601,0.7347452,0.7272324,0.734393,0.7204992,0.73737615,0.7278654,0.73239994,0.73819506,0.73316246,0.7297355,0.7333058,0.7334709,0.72487116,0.7358079,0.7336334,0.74464613,0.7328271,0.7316452,0.725209,0.72810435,0.7328665,0.73162085,0.7327801,0.7338992,0.73587495,0.7343086,0.72427875,0.7311269,0.7290178,0.7333749,0.7281802,0.73470587,0.73729765,0.73838615,0.73767847,0.73979896,0.73128134,0.734822,0.7312801,0.73841363,0.7305107,0.730758,0.72908,0.7355879,0.7285232,0.7269454,0.7226542,0.73331183,0.7268115,0.7394005,0.72765464,0.7327856,0.7345136,0.7262447,0.7330167,0.7363648,0.73346865,0.7331085,0.73364836,0.7325967,0.733397,0.7238013,0.73031366,0.7330344,0.7281893,0.73205435,0.7349058,0.73917884,0.73434055,0.72659224,0.7378775,0.7355451,0.7337868,0.7331334,0.7332134,0.73062587,0.73279023,0.7305755,0.72835463,0.7334076,0.7323884,0.7363966,0.72767305,0.7259823,0.7316899,0.7317222,0.7307024,0.720205,0.7393687,0.73042285,0.72934407,0.7325044,0.72573376,0.7322012,0.73533463,0.7351704,0.73489857,0.7315623,0.741162,0.7311569,0.73486406,0.7356127,0.73216766,0.7262501,0.73107123,0.7324654,0.7297828,0.730501,0.7358481,0.7309484,0.7304886,0.73603874,0.7316435,0.736732,0.7351866,0.73023564,0.7302907,0.7364245,0.72746617,0.7373253,0.73764026,0.7297434,0.72993207,0.7277575,0.72667456,0.73022413,0.73605627,0.7285286,0.7352315,0.7326662,0.72914505,0.72700876,0.73219556,0.73597383,0.73281693,0.73927456,0.73247975,0.7286402,0.7292125,0.73150915,0.7359238,0.73487055,0.73547375,0.73091054,0.72840476,0.73647684,0.7215236,0.7375792,0.72992516,0.72565824,0.73031706,0.72826725,0.7252372,0.72778714,0.7269883,0.73007965,0.7319804,0.7346069,0.7314706,0.73033834,0.7292346,0.7312078,0.7319271,0.72977275,0.7260078,0.72770435,0.733238,0.7383487,0.73445076,0.7365689,0.73124176,0.7357778,0.72856355,0.73227936,0.7365378,0.7247389,0.732882,0.7350215,0.73666734,0.7322069,0.73064834,0.7355281,0.73864657,0.7341475,0.73440146,0.73810196,0.7332275,0.72322917,0.72859627,0.72683775,0.7338809,0.7288145,0.73432773,0.7281741,0.72596157,0.73227584,0.73817915,0.7335547,0.73048395,0.7335216,0.7351584,0.72542393,0.73203975,0.73118186,0.7352221,0.72541577,0.73245955,0.7398458,0.7291399,0.7332322,0.72799855,0.73027265,0.7395578,0.72605747,0.72935224,0.72658825,0.72686505,0.7297893,0.73601013,0.7261851,0.7318851,0.72879165,0.74145216,0.73931867,0.72788125,0.7293404,0.7316747,0.72888446,0.71901375,0.7346669,0.73601687,0.7339031,0.7294704,0.737442,0.7287786,0.73550993,0.73025733,0.73689604,0.7313469,0.7313442,0.7324559,0.7385907,0.7318032,0.7397683,0.7344705,0.7315035,0.72655827,0.7389071,0.7324876,0.7370418,0.7367609,0.7284616,0.7353796,0.7283231,0.73030514,0.7322687,0.7305662,0.7344978,0.73528045,0.73531693,0.7357869,0.7330914,0.7340618,0.7278186,0.73067373,0.7271876,0.7365597,0.7335782,0.7289414,0.7311149,0.73160577,0.72774416,0.7276309,0.7330282,0.73775834,0.73002267,0.7381138,0.73098713,0.7286454,0.73544645,0.74049175,0.7345747,0.73678744,0.73612195,0.7257446,0.7322288,0.73074484,0.7339088,0.72779965,0.7219755,0.73575485,0.7323664,0.73805505,0.72952706,0.73360014,0.72630906,0.73412246,0.72817445,0.73308367,0.7293256,0.73495,0.7337361,0.73622733,0.7313993,0.73471045,0.737511,0.73154825,0.7341035,0.73449564,0.7266534,0.7373961,0.73679245,0.7256974,0.7349698,0.728192,0.7252587,0.7237873,0.7293221,0.7301645,0.72827643,0.7315957,0.7321,0.7330129,0.744148,0.7387021,0.73071396,0.7273301,0.7323086,0.73417443,0.7326308,0.7314986,0.7309547,0.7302651,0.72513336,0.72871566,0.7358586,0.7359295,0.72723323,0.7390325,0.73287654,0.7318654,0.72768146,0.73545533,0.72750694,0.731485,0.72648567,0.7313085,0.723654,0.7355179,0.735242
0.71635044,0.7147198,0.7186845,0.7141923,0.71339,0.7139443,0.72325665,0.70750606,0.71451676,0.7237094,0.72268,0.71445096,0.71753144,0.7187986,0.71734864,0.71421623,0.7187088,0.71961653,0.7158885,0.71421236,0.715034,0.7241095,0.71473384,0.7217089,0.7164269,0.7232158,0.71708846,0.71070784,0.7221563,0.71605396,0.7203442,0.7216713,0.72369564,0.7205176,0.7179017,0.7177392,0.7185952,0.7189176,0.7197066,0.71460253,0.7159691,0.71968824,0.72121286,0.7156869,0.7185932,0.7226937,0.7172056,0.71439195,0.71917117,0.7205889,0.7194801,0.7149594,0.71927696,0.71302235,0.71378946,0.7181469,0.7191556,0.7220557,0.7231392,0.7082653,0.71267974,0.7114979,0.7093503,0.72415566,0.71358675,0.72011685,0.7161806,0.7168915,0.7218626,0.71143734,0.72008234,0.71681356,0.70695645,0.71712077,0.7077229,0.719065,0.715469,0.71625865,0.71625656,0.7196462,0.71341676,0.7233085,0.7191614,0.71396416,0.7225406,0.71847576,0.7176258,0.72776794,0.7150905,0.715709,0.71658695,0.7206497,0.7075622,0.72113746,0.7184945,0.71675813,0.721051,0.7259635,0.72425264,0.7205103,0.7127164,0.7164074,0.7211269,0.7198998,0.7144457,0.7142473,0.7138019,0.7185296,0.72218955,0.7209817,0.7200986,0.7186927,0.7109218,0.7175434,0.7096078,0.7175039,0.71076906,0.7143731,0.7155546,0.71372634,0.72081196,0.7127706,0.7194751,0.7179954,0.71624297,0.714174,0.7238247,0.7187051,0.71102834,0.71314865,0.722411,0.70984733,0.7198818,0.7154691,0.7180491,0.7154671,0.7159759,0.708725,0.712495,0.71360123,0.7204518,0.7241752,0.7143882,0.72489625,0.72465473,0.7148178,0.7205507,0.7209163,0.7180099,0.71380675,0.72320753,0.70908123,0.7189644,0.71104497,0.71742,0.7207657,0.7165096,0.708422,0.7155231,0.7213146,0.71784204,0.72031844,0.72212553,0.71793044,0.7147692,0.7208574,0.7194167,0.71734035,0.7138164,0.7280572,0.7134895,0.7066898,0.7258954,0.71842915,0.71339065,0.71401227,0.7113147,0.7180895,0.7248916,0.7109225,0.71490544,0.71581566,0.7159811,0.7132583,0.71611613,0.7189624,0.72080374,0.7157887,0.7121995,0.71916693,0.7199942,0.72244537,0.7155708,0.7169642,0.7223656,0.7190486,0.70961857,0.71452546,0.714488,0.7175368,0.71995777,0.71855664,0.71639246,0.7167972,0.71278524,0.72074294,0.7188309,0.72109896,0.72013485,0.7166376,0.7171784,0.7179952,0.7118309,0.709712,0.71856195,0.71472436,0.7193335,0.71682656,0.71671724,0.71287054,0.70990556,0.723638,0.7199796,0.7174189,0.72311103,0.7148457,0.7184977,0.7097249,0.71135896,0.7175463,0.71462303,0.7205908,0.721801,0.71940833,0.7086611,0.71900034,0.7177719,0.7189281,0.71470255,0.7230303,0.71920073,0.7236714,0.71632534,0.71642756,0.7166056,0.71960676,0.7129524,0.7233745,0.71683335,0.7203599,0.7134677,0.7106427,0.7181356,0.70983255,0.7177097,0.7253211,0.7147303,0.7182792,0.70865214,0.7121155,0.7189551,0.71776026,0.7208057,0.7168496,0.7112375,0.7150445,0.71607816,0.72075397,0.7209094,0.71318144,0.71483564,0.71775,0.71599054,0.7174295,0.7149663,0.71536696,0.715611,0.7203545,0.7198165,0.7106455,0.72404337,0.7212516,0.7126221,0.71200836,0.7166812,0.7210547,0.71202105,0.71483934,0.71775526,0.7145595,0.7258302,0.7193192,0.71717,0.7151553,0.7176811,0.7116589,0.7180549,0.7210756,0.71608937,0.7116389,0.7166865,0.7110284,0.7197931,0.7160679,0.72616285,0.7200176,0.7171412,0.71304786,0.72479695,0.7186044,0.7158468,0.7177497,0.71807384,0.7148656,0.7181302,0.7197517,0.7185039,0.71898556,0.7190865,0.71260387,0.7219309,0.7130959,0.7180118,0.7205626,0.7164856,0.7143359,0.71787536,0.7131471,0.72359306,0.721319,0.7124272,0.7177454,0.71492535,0.7166028,0.71355236,0.7229174,0.7220599,0.72056323,0.720727,0.7241106,0.71597683,0.7221987,0.7208046,0.71281004,0.7149257,0.721128,0.71236885,0.7169139,0.72283524,0.71513784,0.72564745,0.723926,0.72129625,0.71373713,0.727051,0.7172397,0.7182961,0.7186269,0.71541774,0.72908527,0.7136353,0.7237863,0.70620584,0.7167686,0.72082853,0.71241826,0.7197225,0.7177855,0.7200802,0.7247292,0.7184997,0.7106178,0.7253471,0.7155593,0.71490335,0.7144472,0.7127116,0.71764547,0.71916085,0.7208563,0.71378195,0.71904296,0.7136967,0.7158457,0.72100854,0.7186529,0.7116747,0.7198752,0.712277,0.7226207,0.7197772,0.72388226,0.71743304,0.71656346,0.71931237,0.72486675,0.71420074,0.71353316,0.7095941,0.7218752,0.7155742,0.7155685,0.7141433,0.71230716,0.71949136,0.7206152,0.7196982,0.7229552,0.7163869,0.71526694,0.71700644,0.72716707,0.7176765,0.7211262,0.71909213,0.7251995,0.7146731,0.72701126,0.72007823,0.71898234,0.71371585,0.7140565,0.72276324,0.7142602,0.71976304,0.7182748,0.71892685,0.717254,0.7185592,0.7178772,0.7089374,0.7202326,0.7120439,0.71554863,0.7201688,0.7196375,0.71411455,0.72052014,0.7181733,0.72402996,0.7187648,0.71623236,0.71631014,0.71639323,0.7142962,0.7167989,0.70970494,0.7224614,0.7228716,0.71870685,0.7129011,0.7171813,0.7167873,0.7122483,0.7196706,0.723155,0.71810555,0.7199529,0.72474974,0.7170301,0.71822214,0.72556084,0.7251276,0.7180284,0.72190034,0.7217446,0.7187124,0.72375953,0.72018766,0.7124594,0.71535516,0.7132721,0.71577513,0.7196819,0.72758466,0.7128565,0.7174094,0.7172086,0.7148456,0.7090372,0.7108595,0.72108996,0.7176169,0.70915866,0.71822655,0.71435827,0.7165896,0.7210351,0.71486044,0.72033036,0.7243451,0.7167531,0.71298546,0.7164377,0.71946645,0.7228153,0.7227612,0.70639664,0.71832997,0.7238991,0.71451265,0.71718574,0.71494347,0.70740396,0.70912963,0.71986866,0.7208571,0.72088015,0.71879715,0.71359164,0.7245542,0.7162474,0.72271776,0.7167093,0.71461207,0.7153,0.72446346,0.7218389,0.71827275,0.7234971,0.7210994,0.7188406,0.71902204,0.71465516,0.72046727,0.71768045,0.7207423,0.7190216,0.70763695,0.7187521,0.7164371,0.71561325,0.7201639,0.7196415,0.71557605,0.71343803,0.7180951,0.7154296,0.7191675,0.7093815,0.7196835,0.7171302,0.7151855,0.7160885,0.714892,0.7247749,0.712652,0.7221629,0.7177811,0.7135663,0.71748513,0.71794355,0.721091,0.7237524,0.716988,0.71431845,0.7180665,0.7154808,0.7126715,0.71618575,0.71639955,0.71935886,0.7174547,0.72215176,0.71815205,0.7185713,0.7185269,0.71472734,0.7236258,0.7237984,0.72415984,0.7137405,0.71930176,0.71161115,0.728301,0.71279126,0.72255856,0.72159284,0.7198242,0.71522367,0.7118319,0.7124736,0.7175913,0.7101247,0.71291757,0.7100632,0.714411,0.7202539,0.71553165,0.72107047,0.7224891,0.7179852,0.7142512,0.7176954,0.7225971,0.7179352,0.71018666,0.7181141,0.717891,0.71848243,0.7144663,0.7138824,0.720697,0.7114179,0.72351164,0.7182212,0.71724135,0.71698725,0.7140133,0.7166661,0.7147637,0.71405375,0.7249886,0.7102722,0.7184837,0.72036177,0.7178327,0.72107035,0.7223776,0.7187203,0.71816564,0.7201275,0.7181269,0.7141951,0.7158387,0.7141913,0.712166,0.71970004,0.7191927,0.7145549,0.71476585,0.71871233,0.7135235,0.7113534,0.7118541,0.71658486,0.7219748,0.7184264,0.71486586,0.7092552,0.7162419,0.7129231,0.7082329,0.71470445,0.71637934,0.7143175,0.7203759,0.7199123,0.71843344,0.71411616,0.72368336,0.724836,0.72078985,0.7205319,0.7132526,0.7221908,0.7146586,0.7169851,0.7178124,0.7107634,0.7123253,0.71952397,0.71244013,0.7156772,0.7181573,0.7209058,0.711701,0.71131355,0.71876395,0.70978564,0.71759117,0.7266615,0.70895845,0.7149354,0.71325403,0.71097547,0.71221966,0.71822125,0.71728396,0.71188164,0.7131807,0.7223248,0.7220655,0.71978366,0.7235217,0.72574824,0.72139984,0.71951765,0.7188382,0.71617806,0.7206817,0.715306,0.72133183,0.7237278,0.71657574,0.71585435,0.7162906,0.71587294,0.70914346,0.71907765,0.7117343,0.71564084,0.7129531,0.71956354,0.7114549,0.71248615,0.7157761,0.72435737,0.70903456,0.72429127,0.7148126,0.70894927,0.7071756,0.7236099,0.71206325,0.717956,0.7212426,0.7191868,0.7206008,0.7192014,0.7153211,0.7151678,0.71920866,0.7166005,0.7145497,0.71968204,0.7148243,0.7141611,0.71170056,0.7181703,0.7109367,0.71417755,0.71707404,0.71189433,0.7235264,0.72397804,0.7110302,0.7149336,0.72088575,0.70571005,0.72102624,0.7140861,0.71597135,0.71502954,0.72177315,0.7138494,0.72298616,0.7193374,0.7188197,0.7067983,0.7140105,0.7133107,0.7179933,0.71499705,0.7163659,0.7191871,0.7181342,0.72030383,0.7159264,0.7261652,0.71488667,0.71332985,0.71782255,0.71961576,0.7101413,0.7122947,0.7108422,0.7201761,0.7180191,0.72249436,0.7154791,0.7140008,0.71111566,0.71319383,0.7114422,0.7184872,0.71763426,0.7123915,0.7126999,0.7155271,0.71524256,0.7185105,0.710589,0.7160802,0.7177354,0.7076015,0.7199118,0.7175919,0.72246885,0.7176252,0.71081203,0.7224436,0.7181509,0.7179619,0.7147036,0.71839696,0.7152655,0.7153324,0.7107638,0.71737033,0.7170986,0.72249335,0.71861356,0.71295756,0.7185252,0.717521,0.7159655,0.71707535,0.7191816,0.7149459,0.7178743,0.7112536,0.71928144,0.7164837,0.7108965,0.7174186,0.7144886,0.72572035,0.72149307,0.7175533,0.7151161,0.71890074,0.7163033,0.71724916,0.7194264,0.7177033,0.71636784,0.7223074,0.7118793,0.7157549,0.7171195,0.7193165,0.7136116,0.7105799,0.7158089,0.7194924,0.7146283,0.71275336,0.7161085,0.723965,0.7119995,0.72064275,0.72245806,0.7187532,0.71087766,0.7152339,0.7202977,0.7221054,0.7141357,0.7111667,0.71770835,0.7170936,0.7152454,0.71651655,0.71696967,0.71195054,0.72025913,0.7157804,0.7077769,0.7200401,0.71380466,0.7199118,0.716977,0.71625006,0.71701825,0.70975935,0.7110441,0.71690375,0.7143532,0.7139368,0.72132057,0.71479404,0.7177345,0.7119104,0.71279097,0.7173104,0.71737194,0.72484374,0.71835375,0.7166958,0.7128492,0.7108619,0.7189077,0.71841043,0.71772826,0.71957827,0.7162773,0.72208244,0.72010696,0.7136531,0.72491807,0.7190551,0.7205588,0.71562624,0.71947587,0.70912766,0.7220011,0.7165217,0.7166939,0.7157693,0.7246342,0.72211707,0.71132493,0.7191301,0.71546805,0.7176848,0.71137303,0.71357554,0.7248788,0.7162291,0.72376764,0.723025,0.7133027,0.71593845,0.7161173,0.71440166,0.720581,0.7193781,0.7146748,0.71320635,0.718364,0.7250571,0.72315943,0.7158259,0.7206916,0.7117026,0.71568274,0.7243957,0.71887296,0.71852744,0.7181003,0.719857,0.71671605,0.71724486,0.71586823,0.7145239,0.71587336,0.72020775,0.7186427,0.70492834,0.7189984,0.71895087,0.7120074,0.7092455,0.7173798,0.71399575,0.7159132,0.71526647,0.7110723,0.7172936,0.7185297,0.7220593,0.71229374,0.70932645,0.7219132,0.715794,0.71514404,0.7177959,0.7171236,0.72195685,0.7170234,0.7201214,0.7151175,0.7174044,0.71701753,0.71846104,0.7199894,0.7146332,0.7149423,0.71625555,0.71605,0.7157446,0.7167431,0.7164101,0.72096115,0.7082306,0.71692824,0.71457654,0.72099346,0.72451335,0.71273154,0.7128986,0.71694463,0.7190657,0.71792895,0.7175258,0.7233056,0.722197,0.72623193,0.7176735,0.7196024,0.71423185,0.7198777,0.7106619,0.7195471,0.7161749,0.7095229,0.71227497,0.71871376,0.7109372
0.6234111,0.62133807,0.62607807,0.6276988,0.6266478,0.63027865,0.63342863,0.62688553,0.62553567,0.62868357,0.62850225,0.6271606,0.6192288,0.6244154,0.6212936,0.6284366,0.6246511,0.6262889,0.6188212,0.62247574,0.6266576,0.62985116,0.62476474,0.6260891,0.6195476,0.6293751,0.6273625,0.62637234,0.6244469,0.6244898,0.62939745,0.63062006,0.6335784,0.6262553,0.63298273,0.6233519,0.6273936,0.6280201,0.6310791,0.6239283,0.618549,0.628969,0.62125295,0.62528247,0.6284669,0.6346099,0.61958486,0.62327707,0.63305026,0.6306746,0.62312,0.62891954,0.62186396,0.6224958,0.6245188,0.6220167,0.6291801,0.63101953,0.62898165,0.6203647,0.6229489,0.62758803,0.62232447,0.6254391,0.62001026,0.62814724,0.6235983,0.63476723,0.63107914,0.6272113,0.6216199,0.621938,0.622256,0.62579966,0.62064743,0.6321793,0.62087345,0.6267308,0.62746966,0.6250347,0.6213062,0.63156295,0.6235811,0.62560296,0.6220946,0.6244055,0.62258804,0.6349645,0.62292534,0.6265345,0.62750566,0.625711,0.6213836,0.61165315,0.6217277,0.6248326,0.63004696,0.63319576,0.63186955,0.62868947,0.6186369,0.6231124,0.6197726,0.63206553,0.62036914,0.622585,0.63124573,0.622278,0.62866306,0.62791723,0.62764496,0.622183,0.61771363,0.6181126,0.620496,0.62198156,0.6261303,0.6257576,0.619926,0.6269054,0.62390345,0.6230618,0.63349,0.630841,0.62334675,0.6224296,0.629464,0.62353086,0.6226591,0.62616813,0.6231807,0.6183684,0.6320251,0.62502134,0.6217541,0.6181253,0.6221521,0.62436974,0.6170084,0.6255419,0.62776965,0.62605363,0.6179527,0.63534915,0.6276816,0.62382174,0.6249982,0.62607896,0.6209685,0.623467,0.6284347,0.6164008,0.6214337,0.61992276,0.6236134,0.6240494,0.62363094,0.619863,0.62591684,0.6276848,0.6267151,0.621067,0.62961596,0.62583447,0.62297404,0.6219719,0.6292927,0.6290246,0.62545764,0.63296384,0.62803197,0.6198835,0.62925905,0.6154898,0.62114424,0.6227067,0.6227168,0.63057107,0.6279064,0.62582856,0.63029194,0.62510985,0.62370235,0.61902976,0.62247354,0.63063633,0.62910765,0.61935294,0.6205774,0.6174941,0.6306618,0.62724984,0.62802577,0.63072556,0.6284426,0.62545335,0.619233,0.6189706,0.6228196,0.6287208,0.62957394,0.6258896,0.62668896,0.6220371,0.6220976,0.6201056,0.62500083,0.6327491,0.6262716,0.62887347,0.625152,0.6206249,0.62466335,0.62455285,0.6253979,0.62756264,0.62462556,0.6201004,0.6183065,0.62471837,0.6246538,0.6322641,0.62801635,0.625995,0.6261035,0.63146126,0.6238481,0.6252354,0.62044185,0.62494665,0.62627316,0.62587005,0.6297235,0.6255015,0.62221223,0.6264835,0.6199153,0.6334024,0.6288913,0.62965596,0.6297158,0.6299759,0.62440795,0.62378526,0.62459344,0.6192887,0.63219786,0.63246065,0.627429,0.626745,0.62666136,0.62399554,0.6216521,0.6201683,0.6288128,0.634376,0.6183418,0.621514,0.62732714,0.62229234,0.6245001,0.62359,0.6300409,0.6238652,0.6149512,0.6291134,0.6205906,0.63151246,0.62845147,0.6151173,0.6177021,0.6299558,0.62398493,0.62885195,0.62476116,0.6278185,0.6179686,0.62976056,0.62988013,0.618463,0.6279851,0.6193977,0.6205918,0.6242426,0.6280813,0.62787485,0.623881,0.62389815,0.6244044,0.6176794,0.63197243,0.6252632,0.6174803,0.6302096,0.62805307,0.6177822,0.62900466,0.6272022,0.62530506,0.6218741,0.62961596,0.62409496,0.6316589,0.62380993,0.6272997,0.62672734,0.62253594,0.6274199,0.63099205,0.6304534,0.6243695,0.62440574,0.62492836,0.6253655,0.61936,0.6278943,0.6183611,0.63130915,0.6242846,0.62746036,0.62495404,0.6191896,0.6263127,0.627707,0.62717324,0.6209208,0.62460536,0.62152636,0.62856257,0.63484055,0.6208246,0.6258088,0.6222577,0.6266011,0.62296516,0.63476557,0.6274982,0.6292281,0.6246134,0.63525987,0.61188155,0.62867725,0.62839335,0.6263464,0.62278724,0.623609,0.62546283,0.6211383,0.6296898,0.61917764,0.6292379,0.62696314,0.62879014,0.6245106,0.6305239,0.62879413,0.6275647,0.6318194,0.6216783,0.62853056,0.63299394,0.6299092,0.6182524,0.6284302,0.6293726,0.6260263,0.62138987,0.6235705,0.629317,0.6325385,0.62510675,0.6238716,0.6254829,0.6286506,0.6337357,0.6200086,0.63202345,0.6246844,0.6225241,0.63079584,0.6257372,0.62602556,0.62027526,0.62793523,0.62824625,0.6279623,0.62596786,0.6251704,0.619872,0.62652934,0.63188404,0.62648106,0.61897856,0.62898606,0.62564737,0.6289037,0.6273892,0.6230448,0.6183727,0.62280697,0.621787,0.62552285,0.6190208,0.6194349,0.6273656,0.6260705,0.6290407,0.62720495,0.61984795,0.6287488,0.6329708,0.63782156,0.6238014,0.6351369,0.62902653,0.62829787,0.6226213,0.6300294,0.62873644,0.62643635,0.6268702,0.63035154,0.62441427,0.62241524,0.6237595,0.6299017,0.6226098,0.62749076,0.62894845,0.62525934,0.62078375,0.63335526,0.6211667,0.6228281,0.6225639,0.6227639,0.62074363,0.63091254,0.62912726,0.62982595,0.62206715,0.62054116,0.62120545,0.6259334,0.6238672,0.62870765,0.6204283,0.6300608,0.6233453,0.6212581,0.6264555,0.6209361,0.62121314,0.6200684,0.63622874,0.6253712,0.6328939,0.6278564,0.6300843,0.6314752,0.62763673,0.62791985,0.62879,0.63198096,0.6225649,0.6311,0.6216112,0.62010306,0.6295851,0.6254143,0.6251787,0.62321156,0.62935287,0.6293044,0.6250217,0.62305,0.6241663,0.628297,0.6199837,0.6180734,0.62658405,0.6328328,0.6255571,0.61674356,0.6287455,0.62570333,0.6231652,0.6309786,0.62121093,0.6241457,0.62296057,0.6249741,0.62417746,0.630478,0.62516576,0.62284005,0.6254411,0.62209517,0.62763274,0.6337607,0.62203974,0.6315041,0.6197952,0.6205884,0.6230106,0.6246603,0.62773585,0.62714297,0.62544453,0.6267316,0.6369607,0.62682545,0.6334225,0.6256017,0.62472767,0.61561424,0.62775356,0.62712234,0.6273158,0.63224876,0.6334106,0.62631464,0.6299927,0.6248145,0.62402356,0.62592983,0.6255396,0.6234483,0.61772126,0.6287353,0.6328785,0.6242442,0.6203081,0.6231673,0.6284306,0.6213742,0.6264276,0.62030464,0.62354827,0.6194676,0.6291765,0.626919,0.6283264,0.6298778,0.62368894,0.6300053,0.62626344,0.63111997,0.6261254,0.6166392,0.624512,0.6231299,0.63018405,0.63453037,0.6231352,0.62450224,0.6301643,0.6232956,0.62406677,0.6218825,0.629978,0.6211405,0.63202465,0.631521,0.6263805,0.62921584,0.6257326,0.62296677,0.6249417,0.6288858,0.6264718,0.62082285,0.62762594,0.62083936,0.6287586,0.6204121,0.6272048,0.6248531,0.62513596,0.62283343,0.6212022,0.6177722,0.62098366,0.6191757,0.62165165,0.61771965,0.623365,0.6209044,0.626966,0.62665313,0.6212426,0.6241901,0.6237525,0.6302638,0.62597483,0.62902576,0.6284176,0.6291396,0.62146616,0.62597716,0.6223879,0.6313749,0.6261031,0.62038326,0.6243013,0.6327444,0.6242138,0.6256564,0.62084544,0.6284514,0.622395,0.6296513,0.6327606,0.62244666,0.6276027,0.621499,0.6202226,0.62477624,0.62988967,0.62779707,0.6256601,0.62341475,0.6278701,0.61672276,0.6260167,0.6239765,0.6257537,0.6270556,0.6246171,0.62458575,0.6262676,0.6273671,0.62894225,0.6219913,0.61696196,0.6221277,0.63348114,0.6222367,0.62752426,0.62305355,0.6299253,0.6218669,0.6214634,0.6193397,0.6219177,0.62869865,0.6198105,0.6238598,0.6289493,0.61981386,0.6261287,0.6242268,0.63568026,0.62195027,0.62150115,0.62383443,0.6249307,0.6368608,0.6234585,0.62014025,0.62205815,0.62554187,0.62173516,0.62039924,0.62004143,0.62517595,0.62886846,0.6217775,0.62389344,0.62024623,0.63126206,0.63903373,0.6183047,0.6245545,0.62498647,0.62185824,0.6185346,0.630897,0.62486213,0.62474334,0.61720824,0.62915915,0.62599593,0.62644756,0.6334297,0.6309388,0.63071835,0.6266283,0.6243168,0.6197639,0.62487674,0.62593585,0.6274541,0.6222354,0.6263642,0.6268719,0.62726325,0.62388873,0.6303489,0.6217583,0.6239468,0.62117,0.61749333,0.62748736,0.61822736,0.6138071,0.62470764,0.63225675,0.6249111,0.6259933,0.6309216,0.616858,0.6149256,0.6352016,0.61885476,0.6241649,0.6291673,0.6191649,0.62756467,0.62661546,0.62792385,0.62343323,0.6247801,0.63038546,0.62867916,0.62334144,0.6262745,0.6241993,0.62634134,0.6220946,0.6163226,0.62479997,0.6221988,0.6148021,0.62742686,0.6302198,0.62247,0.6199158,0.62318057,0.6209881,0.6240631,0.63384706,0.62575483,0.6268438,0.62447476,0.6301435,0.63263947,0.62227255,0.6238759,0.62013644,0.63181996,0.62285924,0.6203147,0.62133855,0.62314594,0.6184797,0.61948186,0.6260649,0.62981254,0.62778324,0.6256674,0.62182593,0.6303141,0.6268312,0.62473255,0.6242992,0.62486625,0.635075,0.6262556,0.63217014,0.6247635,0.62235045,0.62165964,0.6164231,0.62170035,0.62446785,0.623399,0.6210191,0.62432086,0.6265959,0.61938816,0.62100154,0.61819696,0.6250182,0.6270332,0.61770934,0.6248036,0.624905,0.62231976,0.62775064,0.62224543,0.62764007,0.6219434,0.6234412,0.6189428,0.6314211,0.62511164,0.6274004,0.6237177,0.63066053,0.6240436,0.62591434,0.62091464,0.61909163,0.6254952,0.6256284,0.6235113,0.62870145,0.62121725,0.6278989,0.62218064,0.6235038,0.6240011,0.6231951,0.6240418,0.6274348,0.6303777,0.63157547,0.6291269,0.6202204,0.6247628,0.6258262,0.6294815,0.6281079,0.6289793,0.623124,0.623088,0.632932,0.6226944,0.6227384,0.62381047,0.6302902,0.6264888,0.62172073,0.6255372,0.62217873,0.62884563,0.62101716,0.62512755,0.6325587,0.62519,0.62152094,0.6304586,0.62876254,0.62494844,0.62437284,0.6287458,0.626044,0.619263,0.61808234,0.6226138,0.6255523,0.6276259,0.62223864,0.6223961,0.6235658,0.62387717,0.62430733,0.62291425,0.62560594,0.62850934,0.62747127,0.62545437,0.62161183,0.62439084,0.6208669,0.6219566,0.6345526,0.6198401,0.62149435,0.6259914,0.62356997,0.62420696,0.62232304,0.6184168,0.62260044,0.62951285,0.62515604,0.6185489,0.624337,0.62722754,0.6204715,0.6276119,0.62661904,0.62928134,0.6294352,0.6220406,0.6222439,0.6317365,0.62643945,0.62651557,0.6272762,0.625331,0.629971,0.62341356,0.62449235,0.6209074,0.6250643,0.62570894,0.6286578,0.62757045,0.6321421,0.6273313,0.6307939,0.6245913,0.62561965,0.61894536,0.6298468,0.6229674,0.6230262,0.6263571,0.6282881,0.62737006,0.6223099,0.6266813,0.62426805,0.63246304,0.62516564,0.62583226,0.6172314,0.62646675,0.62833613,0.6240363,0.6227064,0.62458324,0.62593406,0.6251889,0.62642837,0.62590736,0.62195307,0.62221813,0.6307485,0.6277892,0.62414384,0.6288864,0.61920094,0.62241685,0.62463546,0.62176937,0.61556107,0.6176393,0.629379,0.62594616,0.6255316,0.6230692,0.6239063,0.6254243,0.6227775,0.6187088,0.6305883,0.63338983,0.62791353,0.6268451,0.6168958,0.625929,0.6307986,0.6260849,0.63345194,0.6250531,0.63163954,0.62708586,0.626465,0.6247018,0.6321865,0.62048125,0.6272886,0.62262,0.62026197,0.6244303,0.62543154,0.62811774,0.6247022,0.62514186,0.6262826,0.62341756,0.6162285,0.61994505,0.62347275,0.6219899,0.6230962,0.6232631,0.6211616,0.6256898,0.6232508,0.6278161,0.6250712,0.63575023,0.62891954,0.62570554,0.62433976,0.622698,0.62726915,0.6251764,0.61868554,0.6197136,0.62464327,0.62394905,0.6220615,0.62459964,0.62670755
0.0,0.0,0.0,0.0,0.0,0.0,0.0,0.0,0.0,0.0,0.0,0.0,0.0,0.0,0.0,0.0,0.0,0.0,0.0,0.0,0.0,0.0,0.0,0.0,0.0,0.0,0.0,0.0,0.0,0.0,0.0,0.0,0.0,0.0,0.0,0.0,0.0,0.0,0.0,0.0,0.0,0.0,0.0,0.0,0.0,0.0,0.0,0.0,0.0,0.0,0.0,0.0,0.0,0.0,0.0,0.0,0.0,0.0,0.0,0.0,0.0,0.0,0.0,0.0,0.0,0.0,0.0,0.0,0.0,0.0,0.0,0.0,0.0,0.0,0.0,0.0,0.0,0.0,0.0,0.0,0.0,0.0,0.0,0.0,0.0,0.0,0.0,0.0,0.0,0.0,0.0,0.0,0.0,0.0,0.0,0.0,0.0,0.0,0.0,0.0,0.0,0.0,0.0,0.0,0.0,0.0,0.0,0.0,0.0,0.0,0.0,0.0,0.0,0.0,0.0,0.0,0.0,0.0,0.0,0.0,0.0,0.0,0.0,0.0,0.0,0.0,0.0,0.0,0.0,0.0,0.0,0.0,0.0,0.0,0.0,0.0,0.0,0.0,0.0,0.0,0.0,0.0,0.0,0.0,0.0,0.0,0.0,0.0,0.0,0.0,0.0,0.0,0.0,0.0,0.0,0.0,0.0,0.0,0.0,0.0,0.0,0.0,0.0,0.0,0.0,0.0,0.0,0.0,0.0,0.0,0.0,0.0,0.0,0.0,0.0,0.0,0.0,0.0,0.0,0.0,0.0,0.0,0.0,0.0,0.0,0.0,0.0,0.0,0.0,0.0,0.0,0.0,0.0,0.0,0.0,0.0,0.0,0.0,0.0,0.0,0.0,0.0,0.0,0.0,0.0,0.0,0.0,0.0,0.0,0.0,0.0,0.0,0.0,0.0,0.0,0.0,0.0,0.0,0.0,0.0,0.0,0.0,0.0,0.0,0.0,0.0,0.0,0.0,0.0,0.0,0.0,0.0,0.0,0.0,0.0,0.0,0.0,0.0,0.0,0.0,0.0,0.0,0.0,0.0,0.0,0.0,0.0,0.0,0.0,0.0,0.0,0.0,0.0,0.0,0.0,0.0,0.0,0.0,0.0,0.0,0.0,0.0,0.0,0.0,0.0,0.0,0.0,0.0,0.0,0.0,0.0,0.0,0.0,0.0,0.0,0.0,0.0,0.0,0.0,0.0,0.0,0.0,0.0,0.0,0.0,0.0,0.0,0.0,0.0,0.0,0.0,0.0,0.0,0.0,0.0,0.0,0.0,0.0,0.0,0.0,0.0,0.0,0.0,0.0,0.0,0.0,0.0,0.0,0.0,0.0,0.0,0.0,0.0,0.0,0.0,0.0,0.0,0.0,0.0,0.0,0.0,0.0,0.0,0.0,0.0,0.0,0.0,0.0,0.0,0.0,0.0,0.0,0.0,0.0,0.0,0.0,0.0,0.0,0.0,0.0,0.0,0.0,0.0,0.0,0.0,0.0,0.0,0.0,0.0,0.0,0.0,0.0,0.0,0.0,0.0,0.0,0.0,0.0,0.0,0.0,0.0,0.0,0.0,0.0,0.0,0.0,0.0,0.0,0.0,0.0,0.0,0.0,0.0,0.0,0.0,0.0,0.0,0.0,0.0,0.0,0.0,0.0,0.0,0.0,0.0,0.0,0.0,0.0,0.0,0.0,0.0,0.0,0.0,0.0,0.0,0.0,0.0,0.0,0.0,0.0,0.0,0.0,0.0,0.0,0.0,0.0,0.0,0.0,0.0,0.0,0.0,0.0,0.0,0.0,0.0,0.0,0.0,0.0,0.0,0.0,0.0,0.0,0.0,0.0,0.0,0.0,0.0,0.0,0.0,0.0,0.0,0.0,0.0,0.0,0.0,0.0,0.0,0.0,0.0,0.0,0.0,0.0,0.0,0.0,0.0,0.0,0.0,0.0,0.0,0.0,0.0,0.0,0.0,0.0,0.0,0.0,0.0,0.0,0.0,0.0,0.0,0.0,0.0,0.0,0.0,0.0,0.0,0.0,0.0,0.0,0.0,0.0,0.0,0.0,0.0,0.0,0.0,0.0,0.0,0.0,0.0,0.0,0.0,0.0,0.0,0.0,0.0,0.0,0.0,0.0,0.0,0.0,0.0,0.0,0.0,0.0,0.0,0.0,0.0,0.0,0.0,0.0,0.0,0.0,0.0,0.0,0.0,0.0,0.0,0.0,0.0,0.0,0.0,0.0,0.0,0.0,0.0,0.0,0.0,0.0,0.0,0.0,0.0,0.0,0.0,0.0,0.0,0.0,0.0,0.0,0.0,0.0,0.0,0.0,0.0,0.0,0.0,0.0,0.0,0.0,0.0,0.0,0.0,0.0,0.0,0.0,0.0,0.0,0.0,0.0,0.0,0.0,0.0,0.0,0.0,0.0,0.0,0.0,0.0,0.0,0.0,0.0,0.0,0.0,0.0,0.0,0.0,0.0,0.0,0.0,0.0,0.0,0.0,0.0,0.0,0.0,0.0,0.0,0.0,0.0,0.0,0.0,0.0,0.0,0.0,0.0,0.0,0.0,0.0,0.0,0.0,0.0,0.0,0.0,0.0,0.0,0.0,0.0,0.0,0.0,0.0,0.0,0.0,0.0,0.0,0.0,0.0,0.0,0.0,0.0,0.0,0.0,0.0,0.0,0.0,0.0,0.0,0.0,0.0,0.0,0.0,0.0,0.0,0.0,0.0,0.0,0.0,0.0,0.0,0.0,0.0,0.0,0.0,0.0,0.0,0.0,0.0,0.0,0.0,0.0,0.0,0.0,0.0,0.0,0.0,0.0,0.0,0.0,0.0,0.0,0.0,0.0,0.0,0.0,0.0,0.0,0.0,0.0,0.0,0.0,0.0,0.0,0.0,0.0,0.0,0.0,0.0,0.0,0.0,0.0,0.0,0.0,0.0,0.0,0.0,0.0,0.0,0.0,0.0,0.0,0.0,0.0,0.0,0.0,0.0,0.0,0.0,0.0,0.0,0.0,0.0,0.0,0.0,0.0,0.0,0.0,0.0,0.0,0.0,0.0,0.0,0.0,0.0,0.0,0.0,0.0,0.0,0.0,0.0,0.0,0.0,0.0,0.0,0.0,0.0,0.0,0.0,0.0,0.0,0.0,0.0,0.0,0.0,0.0,0.0,0.0,0.0,0.0,0.0,0.0,0.0,0.0,0.0,0.0,0.0,0.0,0.0,0.0,0.0,0.0,0.0,0.0,0.0,0.0,0.0,0.0,0.0,0.0,0.0,0.0,0.0,0.0,0.0,0.0,0.0,0.0,0.0,0.0,0.0,0.0,0.0,0.0,0.0,0.0,0.0,0.0,0.0,0.0,0.0,0.0,0.0,0.0,0.0,0.0,0.0,0.0,0.0,0.0,0.0,0.0,0.0,0.0,0.0,0.0,0.0,0.0,0.0,0.0,0.0,0.0,0.0,0.0,0.0,0.0,0.0,0.0,0.0,0.0,0.0,0.0,0.0,0.0,0.0,0.0,0.0,0.0,0.0,0.0,0.0,0.0,0.0,0.0,0.0,0.0,0.0,0.0,0.0,0.0,0.0,0.0,0.0,0.0,0.0,0.0,0.0,0.0,0.0,0.0,0.0,0.0,0.0,0.0,0.0,0.0,0.0,0.0,0.0,0.0,0.0,0.0,0.0,0.0,0.0,0.0,0.0,0.0,0.0,0.0,0.0,0.0,0.0,0.0,0.0,0.0,0.0,0.0,0.0,0.0,0.0,0.0,0.0,0.0,0.0,0.0,0.0,0.0,0.0,0.0,0.0,0.0,0.0,0.0,0.0,0.0,0.0,0.0,0.0,0.0,0.0,0.0,0.0,0.0,0.0,0.0,0.0,0.0,0.0,0.0,0.0,0.0,0.0,0.0,0.0,0.0,0.0,0.0,0.0,0.0,0.0,0.0,0.0,0.0,0.0,0.0,0.0,0.0,0.0,0.0,0.0,0.0,0.0,0.0,0.0,0.0,0.0,0.0,0.0,0.0,0.0,0.0,0.0,0.0,0.0,0.0,0.0,0.0,0.0,0.0,0.0,0.0,0.0,0.0,0.0,0.0,0.0,0.0,0.0,0.0,0.0,0.0,0.0,0.0,0.0,0.0,0.0,0.0,0.0,0.0,0.0,0.0,0.0,0.0,0.0,0.0,0.0,0.0,0.0,0.0,0.0,0.0,0.0,0.0,0.0,0.0,0.0,0.0,0.0,0.0,0.0,0.0,0.0,0.0,0.0,0.0,0.0,0.0,0.0,0.0,0.0,0.0,0.0,0.0,0.0,0.0,0.0,0.0,0.0,0.0,0.0,0.0,0.0,0.0,0.0,0.0,0.0,0.0,0.0,0.0,0.0,0.0
0.9653313,0.965746,0.9666927,0.9683141,0.9638697,0.9679636,0.967952,0.96098053,0.9669245,0.9747552,0.9706277,0.96554524,0.9613081,0.95942074,0.96648264,0.97220045,0.9690262,0.9636853,0.9646817,0.9631485,0.9604546,0.9688224,0.97057986,0.9692925,0.9613356,0.9691903,0.9644462,0.9650644,0.9661282,0.9634254,0.9737557,0.9708545,0.9676969,0.9687079,0.9719184,0.9701405,0.97387064,0.96346813,0.97244185,0.9647416,0.96670926,0.97142357,0.9648123,0.9651931,0.9675243,0.97361815,0.9631854,0.96055275,0.970236,0.96931607,0.9583703,0.96941173,0.9615964,0.9682715,0.9689745,0.96369565,0.9715824,0.9714448,0.96489114,0.9578363,0.96848494,0.9627141,0.9618592,0.9730392,0.9623282,0.96488714,0.9635706,0.9721578,0.9770466,0.9643068,0.96324295,0.96848035,0.9618073,0.96836495,0.9572491,0.96475655,0.96565354,0.9644331,0.9628934,0.967179,0.9656901,0.9748537,0.9636953,0.9663091,0.9663928,0.95958006,0.9616771,0.96612316,0.9578412,0.96852916,0.9689447,0.96823955,0.95995164,0.96951026,0.9595721,0.9708916,0.9678792,0.97248787,0.9750877,0.9669975,0.9640384,0.9609591,0.96748793,0.96981394,0.96260864,0.96261287,0.9751239,0.96595865,0.96977806,0.9701266,0.96883446,0.9648921,0.9648889,0.96822155,0.96136487,0.96417,0.96039236,0.9601587,0.96538556,0.96460557,0.9696488,0.96289414,0.9709141,0.971489,0.9651814,0.9635433,0.9725183,0.9678893,0.9628071,0.96014726,0.9609677,0.96167725,0.9688079,0.96390533,0.9618335,0.9632496,0.967425,0.9643916,0.962867,0.9680936,0.96473163,0.96836317,0.9613761,0.9742953,0.9708818,0.9649019,0.96710396,0.9636785,0.967498,0.96340394,0.9618471,0.96041846,0.96290386,0.9614147,0.96475613,0.96380186,0.9642347,0.9664656,0.962943,0.96716243,0.9640513,0.96371365,0.9682008,0.9647532,0.9688896,0.9690711,0.9621587,0.96846145,0.9668428,0.97079253,0.9705473,0.96696997,0.9706043,0.9658542,0.9588511,0.96861047,0.9649449,0.971579,0.97304666,0.9675325,0.9660818,0.9623767,0.9685632,0.96435565,0.96395826,0.96208555,0.96866685,0.96413237,0.966173,0.9644201,0.9695864,0.97178805,0.97171617,0.96278167,0.96474576,0.9702004,0.9593746,0.9669634,0.9631398,0.96492606,0.96676964,0.9671581,0.96307665,0.9656003,0.96249384,0.96119255,0.964817,0.9715888,0.970942,0.9657473,0.9651019,0.9649395,0.9627565,0.9697365,0.9661162,0.9691556,0.9666253,0.97528255,0.96747494,0.96148586,0.9683417,0.9734593,0.97169477,0.9693166,0.96808803,0.97414833,0.968098,0.9600044,0.9632428,0.9629445,0.9666905,0.9602628,0.9661049,0.96210545,0.9669668,0.9658679,0.96091574,0.97531503,0.967398,0.9713794,0.9680121,0.9742026,0.97084564,0.96476054,0.96512693,0.96187705,0.96592987,0.9738372,0.9678733,0.96428514,0.9665822,0.96491915,0.9649938,0.964713,0.9648116,0.97186625,0.9680704,0.96738505,0.9624917,0.96050394,0.96947616,0.96982455,0.9687361,0.96603036,0.9623353,0.9675484,0.9732298,0.97310007,0.96852404,0.95812434,0.96126056,0.96694684,0.9649214,0.97269386,0.96625274,0.9709134,0.9585835,0.9698105,0.9635028,0.96459985,0.9668374,0.9688688,0.96445036,0.96505415,0.9699058,0.96901673,0.96327597,0.964089,0.95952564,0.9523026,0.9736689,0.969398,0.9594315,0.96918243,0.96899205,0.967522,0.97060615,0.9616741,0.96690834,0.9659144,0.9642116,0.96641177,0.96510965,0.9630753,0.96777683,0.96821934,0.96404696,0.9674876,0.96893156,0.97262377,0.96972513,0.9647586,0.96821696,0.96523374,0.95608205,0.96717167,0.9592753,0.96992606,0.9704331,0.96982145,0.9682245,0.96225685,0.9696303,0.9668079,0.96426225,0.9662262,0.968323,0.9608379,0.96677357,0.9696719,0.9679444,0.96916646,0.96043366,0.96148115,0.9682816,0.9677744,0.96854615,0.9659698,0.96714205,0.9738328,0.959849,0.9676829,0.9696679,0.9651358,0.96544844,0.9699243,0.9625139,0.96530944,0.9701492,0.9645001,0.9668717,0.96874356,0.9651825,0.9700655,0.9693199,0.9625077,0.97096807,0.9724662,0.96413445,0.97122467,0.96495634,0.9681034,0.95648634,0.9617228,0.9734549,0.9604626,0.9673559,0.9662992,0.9740267,0.97124064,0.96682537,0.96528643,0.96864593,0.96860427,0.97201973,0.96806437,0.96436113,0.9691022,0.96646196,0.96751636,0.96229625,0.965235,0.9629295,0.96456367,0.96991885,0.9705747,0.9623299,0.96812826,0.96283656,0.9644367,0.9702543,0.96825427,0.9674652,0.9640894,0.9638592,0.9744135,0.96131223,0.9720796,0.96728766,0.9704266,0.96404374,0.9665129,0.9624134,0.95929945,0.96616757,0.964151,0.9660468,0.9643377,0.96770304,0.9609415,0.9689264,0.977046,0.96725416,0.96936554,0.96494883,0.9693444,0.9702714,0.96573675,0.96917063,0.96660364,0.96222204,0.9731096,0.96224225,0.9620814,0.96095127,0.97081554,0.9718013,0.9623352,0.96064085,0.9681092,0.963418,0.9700436,0.96332836,0.9675459,0.9644486,0.96373725,0.966978,0.96998674,0.96908945,0.9770455,0.96534544,0.95911556,0.96806335,0.9668264,0.96440613,0.9643923,0.96059585,0.9695489,0.9662732,0.97378284,0.9649082,0.9644492,0.9689264,0.9591979,0.9710276,0.9687226,0.9708317,0.9612386,0.9706563,0.96281546,0.96747863,0.9692312,0.9735438,0.9699301,0.9670189,0.966842,0.96530396,0.96656543,0.97240365,0.9610534,0.9644751,0.96542704,0.96787643,0.9754268,0.97186357,0.96088266,0.96628654,0.9710061,0.9671919,0.9589029,0.96579754,0.97114,0.9695128,0.9633009,0.96665645,0.96450007,0.96249425,0.967069,0.9664429,0.96955043,0.9709421,0.9680531,0.96856517,0.9675548,0.9688255,0.96726537,0.9669734,0.9650327,0.9661342,0.97120553,0.96346855,0.97044355,0.9652136,0.95904815,0.9604629,0.96678776,0.9765661,0.97116005,0.9711911,0.96854734,0.96837234,0.9642168,0.97250414,0.9787947,0.95929337,0.95901364,0.9687965,0.96368504,0.9689797,0.9687307,0.97451293,0.9645896,0.9732449,0.9711634,0.96774673,0.96427727,0.96501285,0.9657511,0.96596175,0.96874285,0.96634686,0.96540576,0.9692869,0.96774894,0.9613272,0.963225,0.9721254,0.9649813,0.9641385,0.96424216,0.96513504,0.96219516,0.9674583,0.9691486,0.964635,0.9663307,0.9677807,0.9682716,0.97208065,0.96594083,0.9660368,0.96351916,0.97029436,0.971054,0.96170527,0.9654517,0.9696687,0.9648648,0.9647315,0.9603956,0.96566033,0.96411026,0.9734816,0.969226,0.96249014,0.9686287,0.9634065,0.96131706,0.9619177,0.96952087,0.96604824,0.96524507,0.96687704,0.96076673,0.96586746,0.9608352,0.96988416,0.96791995,0.96309525,0.9648603,0.9642094,0.96289617,0.9648336,0.96175116,0.9699919,0.96198434,0.9618317,0.9692197,0.9705832,0.9705029,0.96616083,0.9664627,0.9687439,0.96725065,0.97459435,0.96581393,0.9629918,0.971783,0.9621312,0.9717283,0.9663104,0.9676029,0.9738555,0.95954174,0.96481985,0.9746993,0.9691505,0.9593017,0.9646731,0.96707803,0.96912014,0.961808,0.971085,0.9653917,0.9726459,0.9575446,0.96746236,0.97093326,0.9703563,0.9705055,0.971017,0.9656041,0.96801937,0.9612241,0.9779439,0.96306336,0.9667366,0.9630404,0.9694289,0.9652862,0.9672555,0.96925277,0.9681127,0.965727,0.9664055,0.9663745,0.9743904,0.96027154,0.9676552,0.95941263,0.96597195,0.9660759,0.960875,0.9644877,0.96728784,0.96816266,0.96574324,0.966395,0.9648135,0.9667774,0.9765984,0.9705355,0.96931106,0.9648563,0.96409154,0.9648529,0.9650992,0.97142464,0.9616715,0.9645509,0.96732223,0.97259295,0.95610005,0.97085625,0.96032387,0.9651927,0.9682199,0.9617677,0.96793646,0.95751,0.9736378,0.9759123,0.9684601,0.9642866,0.963551,0.964904,0.9634399,0.9717408,0.9697402,0.96665263,0.9607374,0.96969646,0.9725135,0.96320826,0.9680215,0.9765352,0.9632872,0.967953,0.970087,0.9620457,0.97085845,0.96673256,0.9698547,0.974159,0.9645701,0.96777505,0.9666876,0.9640849,0.96515125,0.9628125,0.9650358,0.962128,0.96935683,0.9658647,0.9651354,0.962395,0.95756376,0.97077197,0.9677187,0.96955866,0.969561,0.9588647,0.96165484,0.96689475,0.9626833,0.9683095,0.969879,0.9692781,0.97502995,0.96365905,0.9666948,0.96808696,0.9657055,0.9650327,0.9657142,0.9686336,0.9693751,0.9670166,0.968182,0.96930355,0.96380687,0.9679239,0.9588556,0.9622517,0.9628569,0.9676476,0.9627982,0.9661636,0.9684366,0.9554333,0.96226585,0.9688313,0.9684897,0.9665526,0.9716983,0.9688125,0.97225857,0.9686769,0.9624958,0.9622847,0.97153157,0.9637887,0.96421134,0.95910436,0.9709357,0.9625848,0.9641284,0.9617738,0.9664951,0.97113353,0.9664485,0.96873933,0.963618,0.9715398,0.9670778,0.9629349,0.963963,0.9723074,0.96875703,0.9743952,0.96186346,0.96464735,0.9696712,0.9545523,0.96668315,0.9630034,0.970528,0.96606797,0.96393853,0.9702596,0.9630658,0.9655846,0.9649031,0.97599906,0.969395,0.96833456,0.9633837,0.9647624,0.9654179,0.9688742,0.9657848,0.96727806,0.96908706,0.96143275,0.96180165,0.9813659,0.9645094,0.9687499,0.9627545,0.97270787,0.965826,0.96142656,0.96691,0.9621969,0.97012305,0.958496,0.96401656,0.9640438,0.9662724,0.9654133,0.96755344,0.96103865,0.9621248,0.9682676,0.96139777,0.96415627,0.9703286,0.96867436,0.9687592,0.9672299,0.964806,0.96760625,0.9663751,0.9698085,0.9689513,0.96772164,0.9588124,0.96668607,0.9616793,0.96144044,0.964241,0.97350883,0.9713855,0.965313,0.9625767,0.96577394,0.9645502,0.963717,0.96781284,0.9722419,0.96655005,0.9650567,0.96775675,0.9640826,0.9671613,0.9708041,0.96788776,0.96701527,0.96439695,0.9642558,0.966031,0.9598787,0.9691462,0.9643967,0.9703955,0.96521586,0.96836144,0.9682751,0.9628371,0.97186625,0.9623519,0.9644373,0.97185665,0.9653294,0.96773344,0.956683,0.96336913,0.96841323,0.9648176,0.9672716,0.9745269,0.9629456,0.96740526,0.9684967,0.9655579,0.971605,0.9709773,0.97542346,0.95959646,0.962315,0.96973723,0.9654283,0.9702292,0.96745634,0.96508753,0.9660572,0.96730304,0.96945924,0.96831465,0.96327484,0.9705727,0.9727531,0.9642574,0.9701109,0.96521044,0.97127193,0.96810025,0.969379,0.96771073,0.96936923,0.97192097,0.9695512,0.96795446,0.97231257,0.9655208,0.966025,0.9666739,0.9662482,0.97024006,0.9675967,0.97670627,0.968512,0.96614075,0.9647464,0.9655065,0.96442205,0.96720463,0.96945876,0.96507275,0.95982254,0.9657982,0.9672954,0.9680058,0.9702408,0.9699555,0.9735413,0.9684902,0.9665163,0.9696,0.96792555,0.967506,0.9661448,0.9685746,0.9672744,0.9657168,0.9661151,0.9662828,0.96537733,0.96797097,0.9617637,0.9643047,0.9727501,0.95972323,0.9670811,0.96844286,0.9660418,0.9634224,0.9640964,0.9667331,0.9659487,0.96529883,0.9668271,0.9725354,0.96815485,0.97248757,0.97298884,0.9645509,0.9667043,0.9692067,0.97709364,0.9718473,0.96170676,0.9626154,0.9656801,0.96764153,0.9654874,0.9603548,0.96322566,0.97187597,0.96591246,0.9705819,0.96643746,0.97098225,0.9703753,0.96397024,0.9590867,0.96140355,0.9634326,0.96717674,0.96919364,0.9654974,0.9636498,0.96701527,0.96516275,0.96375704,0.9667728,0.9751669,0.97162735,0.9715042,0.9651643,0.96756244,0.96087295,0.9623639,0.96310323,0.96510947,0.9646509,0.9673039,0.9696416,0.9632038,0.9660312
0.96149004,0.9623017,0.957237,0.9585526,0.9627015,0.9654259,0.96512806,0.95033586,0.95771015,0.96389186,0.96176445,0.95686156,0.96328694,0.9617827,0.9636272,0.97099054,0.9657042,0.9589379,0.9600187,0.956776,0.95879406,0.96872413,0.95831215,0.9624799,0.96440524,0.9681777,0.9601881,0.95132697,0.96037275,0.9568183,0.96376747,0.96778804,0.9680342,0.9622999,0.9574352,0.961204,0.96200585,0.95528173,0.9664322,0.96357584,0.9558278,0.9686596,0.96716046,0.95982844,0.9555368,0.96031004,0.9610865,0.95689493,0.9604094,0.9670707,0.9610307,0.94925797,0.9572763,0.96428794,0.95805216,0.95422673,0.9647455,0.96355474,0.9584552,0.9598224,0.95790017,0.9601158,0.95502,0.95832235,0.9582168,0.96777946,0.9551089,0.9692052,0.9707224,0.9614044,0.95513326,0.9605964,0.9584206,0.960804,0.96095234,0.9629783,0.95257574,0.95954835,0.9530359,0.9591462,0.9615829,0.96626604,0.9736416,0.96477604,0.9539036,0.9656607,0.9624305,0.9651164,0.9536396,0.96179926,0.95768744,0.9621993,0.960864,0.96582866,0.9620732,0.96744287,0.959215,0.9624393,0.9645902,0.95960253,0.96667033,0.9527863,0.9664824,0.95930576,0.95576257,0.95364773,0.9605389,0.96437407,0.95792025,0.96006596,0.966356,0.95709985,0.9605725,0.9598439,0.9553628,0.96068066,0.9601871,0.95942605,0.96146727,0.9579794,0.9616984,0.9591479,0.96116143,0.95808965,0.96518576,0.9562607,0.96162105,0.95839626,0.9547728,0.95159537,0.954955,0.96840036,0.96504587,0.9586165,0.960495,0.9581093,0.9592012,0.9539494,0.9538043,0.95950097,0.96185786,0.9642015,0.9616151,0.9724034,0.9730884,0.95935225,0.96705747,0.9705233,0.96295184,0.9614448,0.9608799,0.9566046,0.9607371,0.9545658,0.9639595,0.9519309,0.9672331,0.9521754,0.9605907,0.9687846,0.96043557,0.96136475,0.96376485,0.96240765,0.95496553,0.9658779,0.9644025,0.96191406,0.9699595,0.9679095,0.9619571,0.95426923,0.9597599,0.96183395,0.95714635,0.9634348,0.9623359,0.96190417,0.96622896,0.95848507,0.9651959,0.9647055,0.96058697,0.9549057,0.960654,0.9599791,0.9615813,0.9671624,0.9540619,0.95799285,0.9693485,0.963049,0.96025825,0.9572158,0.9653828,0.96260124,0.9554204,0.9631273,0.96248376,0.9562283,0.9591638,0.95906055,0.9599998,0.9631137,0.96453357,0.962154,0.9580797,0.9557523,0.96442807,0.96275043,0.9656554,0.9664465,0.9471559,0.95595,0.9539009,0.9686431,0.9637039,0.9662064,0.9591129,0.9534249,0.9548542,0.96824306,0.9592614,0.9644598,0.9581802,0.9614887,0.9592338,0.95676386,0.9617622,0.9600382,0.96253985,0.9601247,0.95661473,0.95939076,0.9587118,0.95907646,0.95534015,0.96324515,0.95901763,0.96210414,0.9638855,0.9655677,0.96170294,0.9608106,0.96193135,0.9634178,0.95941836,0.95740885,0.968089,0.961531,0.9566699,0.9577591,0.9619937,0.9518535,0.9580262,0.96646845,0.95920026,0.95838326,0.9545868,0.95675546,0.9637152,0.95784634,0.9634297,0.960418,0.96223545,0.95736,0.9602719,0.97373265,0.96577615,0.9540441,0.9660799,0.95613605,0.9565092,0.9621325,0.9543161,0.95837504,0.9544338,0.9685877,0.9578173,0.95580703,0.9679477,0.95945,0.95808864,0.9581894,0.95804274,0.95906335,0.9588223,0.9604478,0.9612649,0.9565847,0.9666897,0.95800334,0.9636123,0.96117795,0.96562487,0.96335167,0.96280366,0.9620897,0.9619301,0.9535004,0.9642415,0.9670101,0.9573282,0.95695996,0.9673076,0.96460503,0.95784205,0.96455115,0.9619305,0.9597948,0.9606686,0.96275944,0.9644618,0.9609591,0.9636208,0.968108,0.960702,0.9606451,0.96870977,0.9599915,0.9635754,0.9610202,0.96056414,0.9713397,0.96924305,0.95208794,0.95887023,0.95892346,0.9656957,0.97041285,0.9650259,0.96069473,0.9571678,0.95878536,0.9625936,0.95762056,0.96238744,0.9611998,0.96361357,0.96623284,0.96587384,0.9604355,0.9584175,0.9564899,0.9555531,0.96337837,0.95771015,0.95757073,0.9650141,0.962099,0.9682199,0.9655146,0.9626143,0.9614709,0.96566284,0.96355283,0.95803565,0.9611158,0.96145576,0.97153753,0.9578698,0.96923804,0.9545112,0.9566614,0.96293104,0.9560798,0.96245956,0.9640338,0.9573212,0.9659549,0.96017534,0.95896643,0.95988774,0.96430576,0.96427137,0.9618911,0.9704267,0.9692859,0.9607643,0.96705306,0.96174073,0.95994323,0.96579564,0.9569484,0.96519107,0.9642148,0.9547371,0.96013886,0.966119,0.9602223,0.9615873,0.96433026,0.96015143,0.9662198,0.96263945,0.958998,0.9606808,0.9653156,0.955727,0.96127355,0.9642201,0.95718616,0.9578969,0.95920455,0.96069795,0.9620591,0.9603995,0.95618,0.9636283,0.9608107,0.9602216,0.9636276,0.9603148,0.9664147,0.96090215,0.9633435,0.9622878,0.96721387,0.9591416,0.9636148,0.95980185,0.95846575,0.96101236,0.95012397,0.96337223,0.9607053,0.96034104,0.9620961,0.9625743,0.96408755,0.95797676,0.9621503,0.9602386,0.95622826,0.95412123,0.96025974,0.96217364,0.9628155,0.9573886,0.9671664,0.9590981,0.96211135,0.9648486,0.9582774,0.9622171,0.9606763,0.95212024,0.96893203,0.96618587,0.9666924,0.95663846,0.9647996,0.96168655,0.9557115,0.9649923,0.96109414,0.96282727,0.9581792,0.9565894,0.9633629,0.9573121,0.959238,0.9686255,0.9688927,0.96746594,0.96140695,0.9656331,0.9716179,0.9637042,0.95780045,0.95712805,0.9655907,0.96182305,0.96378464,0.9660057,0.9678787,0.96685356,0.9649612,0.9630547,0.95721817,0.96549445,0.96900004,0.9579077,0.95463187,0.96707886,0.95643437,0.9611978,0.9619779,0.9608536,0.9640022,0.9648086,0.9691558,0.9594035,0.9591806,0.9613546,0.96070635,0.96418726,0.95484334,0.95373017,0.9654671,0.95871544,0.95967865,0.9648024,0.95281345,0.9614381,0.96037495,0.96653473,0.963971,0.9605569,0.9573378,0.96604556,0.95773935,0.9576065,0.9586947,0.9517292,0.9579429,0.9714332,0.96262586,0.9557842,0.95984125,0.9607482,0.9657316,0.9610559,0.9559763,0.9598369,0.96061325,0.95918053,0.95987713,0.96205795,0.9607384,0.96612895,0.9626366,0.96460503,0.9575244,0.95868903,0.9570863,0.9608351,0.96008164,0.9548636,0.9627233,0.9657747,0.9627857,0.966806,0.96315694,0.9655002,0.95645165,0.96078855,0.96483,0.9531808,0.95778644,0.9664343,0.9601001,0.9647764,0.9685599,0.95723057,0.9574957,0.960662,0.95537955,0.9581972,0.9601795,0.9611063,0.96518445,0.9622652,0.9691373,0.9552145,0.96715254,0.9627347,0.96281374,0.9703353,0.96467614,0.96944016,0.9632614,0.9665976,0.95661706,0.96428204,0.95956355,0.9667887,0.9597368,0.9604478,0.9679417,0.95632553,0.9577157,0.9560547,0.957646,0.95918953,0.96055263,0.9651725,0.9631796,0.96607906,0.9637163,0.9581353,0.9606684,0.9563258,0.9541891,0.96000564,0.96756154,0.955319,0.96505433,0.95926714,0.9609856,0.96853006,0.95860964,0.96129614,0.95730865,0.97159195,0.96934754,0.9595708,0.9586081,0.9608033,0.9673359,0.95599496,0.9632196,0.967249,0.9646198,0.9655556,0.95926523,0.96005297,0.9569033,0.9662384,0.9576879,0.96354085,0.96946275,0.96261835,0.9616806,0.96670514,0.95807266,0.9596724,0.9593241,0.9640772,0.9641833,0.96558154,0.96248776,0.961465,0.96476686,0.9583339,0.96218526,0.9647951,0.9656557,0.95687,0.9650316,0.96222466,0.95778376,0.95733505,0.95611495,0.95909274,0.95781726,0.9638852,0.9622609,0.95639974,0.9632632,0.96363884,0.96728396,0.9669666,0.95982057,0.956142,0.9554907,0.96107525,0.9626163,0.95638156,0.95744896,0.95659196,0.9589029,0.9610962,0.95841867,0.95552546,0.9581405,0.959609,0.9559953,0.96805185,0.95453626,0.96823186,0.9655715,0.95091504,0.9520231,0.96694183,0.95258576,0.95440173,0.9637306,0.95897526,0.9561634,0.9595756,0.9636038,0.96565914,0.9641922,0.9692315,0.9574565,0.9595982,0.9667337,0.96450317,0.9631293,0.9600398,0.95894116,0.9613948,0.96341556,0.9588477,0.95916706,0.9591074,0.96232,0.960543,0.9605284,0.959865,0.95414895,0.9627204,0.97329676,0.9576393,0.9602388,0.9540191,0.9635825,0.9498483,0.965167,0.9595846,0.947276,0.95280355,0.96800053,0.9580318,0.96168274,0.96267223,0.95703346,0.96243334,0.96350324,0.9603239,0.96520776,0.9596738,0.9618112,0.95912975,0.9606429,0.96114206,0.96017396,0.95895916,0.9527615,0.9629567,0.9658655,0.95836556,0.95867556,0.96570915,0.96389866,0.9536259,0.97105926,0.9561542,0.94623303,0.96555936,0.9636968,0.96378756,0.9595016,0.96193033,0.9602366,0.9598669,0.9676772,0.9608945,0.953565,0.9674784,0.95685565,0.96033823,0.96345717,0.9590096,0.96066505,0.9679362,0.962293,0.9578571,0.95928377,0.95926833,0.9617827,0.96481824,0.95622367,0.95886576,0.95010805,0.9595393,0.95875186,0.9642521,0.968062,0.96146756,0.963699,0.95935327,0.9553164,0.96394575,0.9673968,0.9614173,0.9611406,0.95563805,0.96476805,0.963256,0.9636959,0.9574684,0.9580737,0.9599965,0.95766616,0.9709795,0.9613391,0.95826256,0.9675208,0.9548709,0.9706084,0.9684372,0.9625501,0.9637169,0.97001785,0.95492977,0.95836973,0.9589808,0.96241975,0.95669025,0.9574142,0.9637933,0.96600497,0.9634454,0.96597934,0.9600581,0.95495206,0.9664671,0.95571667,0.96211994,0.9650386,0.95630014,0.9611392,0.95530164,0.9699745,0.95420253,0.96296775,0.95907843,0.9566042,0.96467525,0.9571838,0.96226865,0.9637744,0.95328724,0.96076584,0.9603693,0.9643162,0.9512159,0.9604842,0.96030086,0.96375483,0.96091735,0.95946205,0.958322,0.9562082,0.9561677,0.9617695,0.9638124,0.9777199,0.9569406,0.96535814,0.9627788,0.9593487,0.962044,0.9620486,0.95572346,0.9676518,0.95941484,0.95440006,0.9576016,0.9607548,0.95773566,0.96268314,0.9679923,0.95484525,0.96515656,0.96290505,0.94972336,0.9666175,0.96116185,0.96201444,0.9617322,0.956166,0.9589201,0.9506572,0.95325404,0.9635303,0.95445096,0.96281624,0.9720236,0.95488054,0.95992064,0.9605283,0.96006835,0.96414936,0.95632684,0.96115184,0.9562233,0.95897216,0.9570781,0.95139015,0.9614315,0.961774,0.9605256,0.96493953,0.952824,0.9623264,0.96777546,0.9567777,0.966719,0.9639561,0.96975,0.9696803,0.9600951,0.9650461,0.96953344,0.96581405,0.96235067,0.9569091,0.96620804,0.95963603,0.95925283,0.9544602,0.9636893,0.95754564,0.96198636,0.95558614,0.95999146,0.9680266,0.9609029,0.96514744,0.95550185,0.97037625,0.9637165,0.9630861,0.9556959,0.96587586,0.965369,0.96055436,0.96911424,0.9648382,0.95812553,0.95989186,0.96385646,0.96591896,0.96064615,0.96355045,0.958148,0.9647711,0.9636007,0.96189046,0.95482504,0.96063966,0.96174294,0.96029776,0.96141165,0.9631591,0.95833635,0.9491347,0.9600686,0.96204257,0.95817167,0.9572493,0.96051216,0.9606687,0.96102357,0.9569956,0.9562368,0.9575876,0.9579186,0.9586963,0.9644453,0.9650534,0.959514,0.9650662,0.9590054,0.9624728,0.96633863,0.9647764,0.96932095,0.9617402,0.9596557,0.9612501,0.9569759,0.9663629,0.95726633,0.9580902,0.96667445,0.96555954,0.9540738,0.96787125,0.96258307,0.96751344,0.9547089,0.95130223,0.962318,0.96162426,0.96740717,0.97188723,0.9598071,0.9628659,0.96072525,0.96382046,0.96550703,0.9640372,0.964172,0.9687367,0.9591574,0.9583145,0.95848787,0.96224135,0.9543817,0.9611583,0.95767504,0.9553731,0.96668607,0.95625937,0.95546275,0.9598304
1.201658,1.1985097,1.1963533,1.2033703,1.1970031,1.2053754,1.2006631,1.1941841,1.1969835,1.2054275,1.2042999,1.1977983,1.1993936,1.193577,1.2040923,1.201448,1.1940008,1.1996281,1.1996549,1.2015619,1.2013508,1.1907622,1.1924361,1.200718,1.2010128,1.1988668,1.1942269,1.1979104,1.2019385,1.2024192,1.1979278,1.1961583,1.2039965,1.2001806,1.2038313,1.1993618,1.1990064,1.204355,1.1922698,1.205564,1.1956362,1.1992848,1.2064947,1.1991763,1.2013068,1.2027957,1.2002395,1.1944138,1.2010322,1.2001835,1.1946776,1.2087308,1.1939732,1.1978022,1.1934226,1.1994727,1.1989428,1.2038484,1.2006772,1.1960853,1.1971147,1.198638,1.1924251,1.1976676,1.2003449,1.2033244,1.2037861,1.201008,1.2012104,1.1945742,1.1940452,1.1925508,1.1975166,1.2007645,1.2018795,1.2017572,1.203102,1.2019924,1.1977719,1.1967115,1.2019178,1.197755,1.1973366,1.1986414,1.1961197,1.2033314,1.1948365,1.2020619,1.1958287,1.2011188,1.1978854,1.1931732,1.2008227,1.198303,1.1957852,1.2008263,1.1987892,1.2029587,1.2066739,1.2059333,1.2001891,1.2001251,1.196692,1.1953275,1.1960979,1.1971295,1.2060721,1.1980847,1.2003783,1.2025992,1.2024776,1.1927196,1.1999698,1.1933739,1.1985844,1.199373,1.1995639,1.2017332,1.2024238,1.1940714,1.2022567,1.2003355,1.2070912,1.1944653,1.1951683,1.1970752,1.2008332,1.200142,1.2013774,1.199853,1.1931342,1.1931967,1.1922376,1.1991613,1.1981713,1.1978503,1.2020614,1.1980715,1.2013872,1.1972073,1.2038801,1.2047275,1.19894,1.2003231,1.1988904,1.2053753,1.1942432,1.2019998,1.1962409,1.2039205,1.2013521,1.1932058,1.1986897,1.2011626,1.1962256,1.2045698,1.2034521,1.2065212,1.198705,1.2034366,1.2030132,1.1959021,1.2008997,1.2027994,1.1992699,1.2012241,1.200506,1.2031934,1.1964813,1.2076025,1.2017384,1.1965865,1.2030321,1.1987038,1.2020112,1.194949,1.2034426,1.1997423,1.1972563,1.2037346,1.2015766,1.1982431,1.19902,1.1995113,1.2038866,1.2017936,1.1934317,1.1984432,1.1898495,1.197763,1.2051655,1.1970935,1.1963444,1.203596,1.2008092,1.1985838,1.2009877,1.1959049,1.2017859,1.2039332,1.1930807,1.2002739,1.2024986,1.1977968,1.200191,1.1888846,1.1996005,1.2034322,1.202163,1.2064545,1.2048447,1.203524,1.1994797,1.2006685,1.1985161,1.2027072,1.2031429,1.1914134,1.1947415,1.20372,1.2019287,1.1989012,1.2026572,1.2026153,1.1949596,1.197166,1.1999727,1.2056352,1.1988344,1.1982566,1.1985506,1.1981802,1.2034376,1.2078998,1.2013419,1.1979978,1.197664,1.2043241,1.1993971,1.2051177,1.1981245,1.2007326,1.1988287,1.1955011,1.2004193,1.1994141,1.2062805,1.1995022,1.2005384,1.1966457,1.202979,1.2007253,1.1981477,1.2039412,1.1972364,1.2070597,1.2025716,1.1991788,1.1956071,1.201446,1.2024397,1.1994798,1.2015102,1.1946505,1.2044559,1.1946514,1.2018372,1.1987514,1.200891,1.1995494,1.1997465,1.1998785,1.2018747,1.1986372,1.2010006,1.1993706,1.1918468,1.2006991,1.2027651,1.1948214,1.1995691,1.2010553,1.1960361,1.1990812,1.1968787,1.1990923,1.2002237,1.1955178,1.1899493,1.1975406,1.2069191,1.19738,1.1953528,1.1960086,1.2089653,1.1924767,1.1954335,1.2011847,1.2015266,1.1961536,1.200719,1.202847,1.200939,1.20323,1.2004933,1.1969023,1.2038833,1.1974117,1.2016158,1.2117591,1.1985068,1.1978688,1.2007908,1.2013605,1.200112,1.2028046,1.2039869,1.2061844,1.2012849,1.2081807,1.1971176,1.2003441,1.1979444,1.2042912,1.2053744,1.199989,1.1997755,1.2026929,1.2019883,1.2032117,1.2036055,1.1959674,1.2049279,1.1978275,1.1950412,1.2034045,1.1978136,1.193639,1.1943393,1.2039872,1.195264,1.2071962,1.2053665,1.2023349,1.1973255,1.2019954,1.1979252,1.1979753,1.2006726,1.2023597,1.2056481,1.2012887,1.2031988,1.2022744,1.2077115,1.1970896,1.1979228,1.1963623,1.2007298,1.2025927,1.2009408,1.1998162,1.1974254,1.1970028,1.202858,1.1981913,1.1999786,1.199225,1.1985036,1.206066,1.1906618,1.1992022,1.1968625,1.1993786,1.2041475,1.1968117,1.1976466,1.1971554,1.2053562,1.2082887,1.2035344,1.2003177,1.1965958,1.1944607,1.2039403,1.1961005,1.198064,1.1986029,1.1974211,1.1975733,1.1940844,1.2059716,1.1952595,1.2013822,1.2013433,1.1953621,1.2048552,1.1980972,1.1963094,1.1941869,1.2032058,1.2024798,1.1969552,1.1962631,1.1959828,1.2054056,1.1998507,1.1976053,1.2001913,1.2032593,1.1977371,1.1990517,1.2019458,1.2085117,1.2027785,1.1987908,1.1929768,1.2054361,1.1954471,1.1969999,1.2027501,1.208942,1.2075754,1.1973729,1.1991594,1.207119,1.2018325,1.1966401,1.1929965,1.21142,1.2026606,1.2047005,1.2035377,1.1980939,1.2017018,1.2048321,1.2025086,1.2084392,1.1986386,1.1946453,1.1928493,1.1930482,1.2016298,1.2010143,1.2013355,1.1969548,1.2046406,1.1975459,1.1940258,1.1940198,1.2065586,1.2007687,1.1967071,1.1918021,1.2001735,1.1980822,1.1949741,1.2020172,1.1978835,1.1988448,1.1976002,1.2034651,1.1980444,1.2044348,1.2014208,1.19852,1.193093,1.1964893,1.209184,1.1969733,1.201385,1.1887636,1.1975464,1.1990232,1.2036536,1.1862943,1.2035583,1.2032652,1.1976446,1.1959107,1.1985725,1.1976925,1.2024891,1.1980045,1.2089536,1.1976753,1.1940242,1.2066386,1.1907605,1.1973406,1.1982641,1.2004795,1.2028441,1.1994035,1.2008287,1.2056698,1.2045591,1.1952677,1.2025267,1.2016088,1.1963753,1.2010019,1.2045159,1.2004923,1.2026209,1.1963557,1.1946194,1.199984,1.2029928,1.1889045,1.1975229,1.1961532,1.2039753,1.1972579,1.1974803,1.1966765,1.1997524,1.1951663,1.2016317,1.2095244,1.1951334,1.1950493,1.2009728,1.1955173,1.2021526,1.1940463,1.2048712,1.2020197,1.2011275,1.1949067,1.2024415,1.1961956,1.1949611,1.196213,1.1949599,1.195918,1.2022791,1.1886941,1.1950246,1.1976897,1.2054988,1.1995006,1.2065986,1.1943609,1.2031189,1.1990392,1.1952077,1.20801,1.2039126,1.1977766,1.2067016,1.2012693,1.1924441,1.2069958,1.2014722,1.1971432,1.1999093,1.1974112,1.1961412,1.2026615,1.1972532,1.203752,1.2004704,1.1993103,1.1992201,1.2035499,1.1911222,1.1984032,1.193807,1.2033664,1.196632,1.2045083,1.1983894,1.2003671,1.1973555,1.1943544,1.199883,1.1982979,1.1973495,1.1977339,1.1938626,1.1970896,1.1969664,1.1952353,1.2032273,1.1969672,1.2032828,1.1971203,1.2023383,1.2030771,1.2022266,1.2047433,1.2043412,1.2000195,1.2048984,1.1972798,1.1990492,1.2038741,1.2019165,1.2022562,1.1975247,1.2037561,1.1966685,1.2029475,1.2060037,1.198329,1.2036293,1.1989547,1.2017586,1.2001429,1.1967188,1.1994256,1.2007787,1.1979423,1.1983863,1.1967037,1.2027427,1.1966887,1.1966444,1.2008823,1.2025793,1.1943475,1.2068508,1.1980802,1.1995624,1.1995953,1.1984531,1.2000365,1.1983756,1.2050774,1.1984437,1.2070568,1.2002724,1.2037039,1.203109,1.2056085,1.1979612,1.1981277,1.1998516,1.1973511,1.1956087,1.2046219,1.1898929,1.1946139,1.2033294,1.2068295,1.1984199,1.1958193,1.2012085,1.2003348,1.1998007,1.1956191,1.2072217,1.1929878,1.2010301,1.1938974,1.2022715,1.2060963,1.2035576,1.2010696,1.2016995,1.1972326,1.2014811,1.2046481,1.1952525,1.1974542,1.2079422,1.1965158,1.2001593,1.2005147,1.2002075,1.2006623,1.1939969,1.2005012,1.2018661,1.2043414,1.1940967,1.2065747,1.2015198,1.2011297,1.196274,1.1934628,1.1978624,1.199995,1.2080386,1.2047052,1.2012508,1.2069359,1.2006961,1.200952,1.1972963,1.198918,1.1937169,1.193251,1.2028009,1.1997321,1.2007803,1.1952144,1.2029821,1.2010382,1.1978309,1.195597,1.2030275,1.2067175,1.2041694,1.1953238,1.2009726,1.2033356,1.1959903,1.1964334,1.210285,1.2026639,1.2001051,1.1984738,1.2011874,1.1994468,1.2038674,1.1979042,1.2088708,1.1993616,1.2038082,1.2007637,1.2011023,1.2024976,1.2053814,1.1956944,1.1988347,1.1983972,1.1949972,1.1957831,1.201799,1.2035575,1.200289,1.1976023,1.2009687,1.1987431,1.2065535,1.198809,1.2084471,1.2037818,1.2006956,1.1992124,1.1978929,1.2060437,1.2014054,1.1985072,1.2059546,1.1979498,1.2030337,1.2001014,1.2005352,1.2003558,1.1943146,1.2063916,1.2030932,1.19953,1.201473,1.2024525,1.2029088,1.1972839,1.2030561,1.1972952,1.2040524,1.2047882,1.1991307,1.2015967,1.2065021,1.2013917,1.1951848,1.203262,1.2041312,1.2080103,1.1995969,1.198809,1.1959838,1.1990569,1.1928785,1.1957611,1.1986517,1.1980491,1.1965641,1.1973968,1.1998059,1.2003154,1.1991025,1.2049761,1.1971674,1.1947402,1.2033805,1.2062241,1.2074739,1.2008588,1.194734,1.1960192,1.2040651,1.2004901,1.2019856,1.208831,1.1980667,1.1958524,1.1909828,1.1943926,1.2000499,1.1978996,1.1978794,1.198755,1.1979039,1.1960272,1.2018964,1.1967226,1.1947004,1.1979156,1.1991296,1.1977123,1.189564,1.1973169,1.2024553,1.207158,1.2009288,1.2041047,1.2050124,1.2032022,1.201074,1.1984485,1.1992311,1.1988074,1.2014488,1.2032715,1.2030965,1.1965531,1.1957868,1.1930779,1.1960032,1.2009164,1.2033306,1.1936796,1.2035475,1.1983466,1.1983142,1.1984377,1.194738,1.1984563,1.2024745,1.2037632,1.2035023,1.1969037,1.198484,1.1978809,1.1983511,1.1957222,1.1962065,1.2013363,1.1965027,1.1980366,1.2011472,1.1941797,1.1942555,1.199928,1.1991814,1.1990967,1.2008986,1.1991371,1.1962128,1.2020866,1.2000458,1.2012786,1.203268,1.1997182,1.1988922,1.202203,1.2010913,1.1985849,1.2039399,1.2004691,1.194271,1.2054311,1.2027645,1.1927942,1.1936501,1.2020687,1.1980997,1.1986011,1.2014513,1.2049092,1.2008115,1.1979703,1.1988606,1.1976933,1.1952752,1.1993147,1.1976175,1.2029747,1.2008592,1.2070111,1.1928443,1.2026182,1.193983,1.1997107,1.1971971,1.2038337,1.201595,1.1913902,1.2009645,1.2002625,1.194825,1.1876769,1.1984719,1.1975302,1.2061807,1.1986241,1.2056036,1.2005453,1.1988313,1.201944,1.2037202,1.2001617,1.1987846,1.1988584,1.1996909,1.1962109,1.1925238,1.197346,1.2031368,1.1930473,1.19616,1.1938169,1.1952388,1.1981003,1.197132,1.2090096,1.2046734,1.2020105,1.2052531,1.2010448,1.19738,1.1962763,1.1977681,1.1956556,1.1974995,1.1922477,1.198542,1.199292,1.1981596,1.2015774,1.193155,1.1922218,1.1924968,1.2005432,1.1939876,1.1982175,1.2001334,1.2033083,1.2076925,1.2004355,1.198212,1.1970215,1.2040511,1.1956708,1.1997101,1.1954592,1.2057122,1.1971247,1.1997541,1.1959183,1.1953913,1.1984786,1.1993228,1.1978861,1.2063887,1.2019986,1.2014879,1.1948617,1.2062628,1.2045141,1.2025483,1.1992358,1.2002006,1.208892,1.200683,1.1938632,1.2029991,1.1940339,1.2006803,1.2006009,1.1988623,1.1962929,1.1958995,1.2002673,1.1944797,1.2007848,1.1952345,1.1997838,1.1995906,1.1935545,1.1976398,1.2021797,1.1979222,1.1948063,1.1997718,1.2019241
0.14182654,0.14834517,0.14468093,0.1423518,0.13906743,0.1414961,0.14344957,0.14743136,0.14043888,0.14403245,0.14275593,0.14001209,0.15070859,0.14472492,0.14696889,0.14689268,0.14433114,0.13980293,0.14858997,0.14443147,0.14158142,0.14741112,0.14450216,0.15349582,0.14115246,0.14227018,0.13832831,0.15154347,0.14693445,0.14827217,0.14127395,0.14688899,0.1426592,0.13975291,0.14572461,0.14827749,0.14227553,0.14006402,0.14730518,0.15167229,0.14886765,0.14409882,0.14813796,0.14822157,0.14180014,0.14637908,0.14771788,0.14691485,0.14886256,0.14841394,0.14646348,0.13785623,0.14817919,0.15131855,0.15075846,0.15240395,0.15138444,0.14330444,0.14809553,0.14396097,0.1450437,0.14476953,0.14575592,0.14353226,0.13963778,0.14431554,0.15068576,0.14449874,0.15185775,0.15092982,0.1469726,0.14535724,0.14765045,0.14278416,0.14886379,0.14640225,0.14069863,0.1543821,0.14401689,0.14962979,0.14231248,0.15291964,0.14543234,0.14437865,0.14643317,0.14923495,0.14292237,0.14285326,0.1451751,0.14809023,0.14898425,0.14643465,0.14614251,0.14566182,0.14309888,0.14613208,0.14676718,0.14588486,0.1455329,0.14528407,0.14595877,0.14415248,0.152248,0.15171985,0.14751215,0.14303097,0.13926633,0.14379808,0.14042445,0.14736833,0.1437967,0.13960968,0.1453956,0.14635447,0.14942743,0.143284,0.14884073,0.14923012,0.14974067,0.14377731,0.14864019,0.14533012,0.13917929,0.14682241,0.14802104,0.13987352,0.1449244,0.14827341,0.14469057,0.14590846,0.14731939,0.14692011,0.14777954,0.14312975,0.14396288,0.1411699,0.14662006,0.14108226,0.13930874,0.14511502,0.14373873,0.14670078,0.14488292,0.14507683,0.15036944,0.143609,0.14150551,0.14723323,0.14296252,0.14202544,0.14909579,0.14520021,0.1470224,0.14275084,0.14546391,0.14101647,0.14188531,0.14103177,0.14888914,0.15141156,0.14387555,0.1493454,0.14934637,0.14662008,0.1520395,0.14257796,0.14627433,0.14143997,0.14459856,0.14494811,0.14462171,0.14552261,0.1449661,0.14478642,0.14843324,0.14330176,0.14028016,0.14654215,0.14240488,0.14870933,0.15084356,0.14703487,0.14422439,0.13812642,0.14355636,0.14849253,0.14733872,0.14705993,0.14498442,0.14722064,0.14722133,0.14543273,0.14391965,0.1467505,0.14406112,0.14552112,0.14814614,0.14099033,0.14701486,0.14011253,0.14766032,0.13759294,0.14425787,0.14491454,0.14504415,0.14366584,0.14967784,0.14681351,0.14992638,0.15249386,0.14725395,0.13929218,0.13651423,0.14452446,0.14906129,0.14906748,0.15039963,0.15261264,0.14270529,0.13779189,0.14724475,0.15067632,0.1466811,0.14591523,0.14184278,0.14059752,0.14819159,0.14009766,0.14599845,0.1436433,0.13761088,0.1401432,0.13786177,0.15209328,0.15169369,0.15119223,0.14293806,0.1421208,0.14656752,0.14722165,0.14488035,0.14429794,0.14727867,0.13974041,0.14406998,0.14996597,0.14317903,0.14309381,0.14003536,0.14695199,0.14564288,0.1408512,0.14519928,0.14652884,0.14760663,0.13886046,0.14909115,0.14570749,0.1397497,0.14840515,0.14618124,0.14386332,0.14808375,0.1402163,0.14204225,0.1425795,0.14326987,0.15012012,0.15273398,0.1450512,0.14745767,0.14494234,0.13735907,0.14794575,0.14736973,0.14698195,0.15117453,0.14715119,0.15089098,0.15008745,0.1489764,0.14367495,0.14272577,0.1323897,0.14511672,0.15171403,0.14857222,0.1386105,0.14406405,0.1478206,0.13931338,0.14526428,0.14257646,0.14561209,0.15316363,0.15297215,0.145812,0.14495292,0.14925092,0.14561655,0.15018314,0.14664264,0.14583191,0.14826187,0.14622651,0.14184572,0.14164665,0.14571804,0.14539742,0.1464972,0.13918354,0.13755582,0.14888582,0.1448722,0.15019737,0.15067324,0.14889462,0.14402747,0.14249751,0.14651696,0.14818534,0.15280797,0.1472819,0.15151694,0.14719258,0.14774787,0.14204119,0.13390084,0.15060616,0.15057033,0.15267192,0.14375845,0.13947144,0.14566126,0.14572118,0.15019815,0.14941686,0.1419525,0.15096356,0.14485848,0.14514582,0.14624104,0.1461752,0.14591673,0.14510201,0.13891867,0.14551337,0.13557616,0.1412026,0.14148818,0.1440815,0.14767449,0.13340947,0.14114457,0.14051582,0.14445224,0.1364768,0.13676292,0.14525889,0.14865392,0.14781252,0.14600906,0.14215703,0.14583166,0.14099647,0.14057462,0.14748307,0.14760163,0.14608961,0.14513671,0.14396797,0.14259438,0.1470833,0.14628077,0.14538316,0.14581777,0.14415611,0.14419971,0.14488284,0.13979611,0.14261837,0.14502373,0.1472172,0.14470495,0.14870465,0.15093514,0.14736922,0.1450728,0.14572659,0.1395899,0.14668632,0.14605089,0.14648281,0.14588502,0.15105046,0.14618266,0.15557969,0.1521246,0.14126879,0.14777496,0.14407349,0.14082344,0.14819433,0.14246611,0.15045217,0.1420718,0.14425428,0.1503099,0.14680058,0.14972718,0.1427827,0.14892805,0.14435238,0.14472355,0.14588065,0.14281178,0.14304705,0.14324154,0.15139355,0.14395723,0.13790427,0.14628112,0.13788082,0.14144677,0.14507164,0.14888231,0.14961332,0.14559408,0.15541472,0.1458221,0.15059458,0.14924519,0.14846857,0.14540313,0.13858244,0.13767217,0.14681807,0.14532073,0.1484218,0.15127513,0.14853117,0.15122576,0.14439087,0.14369448,0.13986807,0.1420369,0.14245233,0.14647722,0.14885715,0.14690891,0.14432639,0.15225264,0.14650337,0.14257172,0.14035887,0.14297837,0.15352179,0.14421052,0.14711827,0.14732505,0.14792493,0.14043932,0.14790465,0.14780717,0.14289588,0.15661651,0.14792173,0.14484622,0.14878713,0.1400165,0.14999497,0.14336085,0.14974265,0.14995281,0.14628942,0.15352127,0.14057934,0.14497633,0.14076108,0.14925803,0.14465612,0.145133,0.14263617,0.14222912,0.1443687,0.14276622,0.1410705,0.1499673,0.15175247,0.14766118,0.14949441,0.14665203,0.14038704,0.14423953,0.14243475,0.1444024,0.14752822,0.14558747,0.1550631,0.14313464,0.14261788,0.14409871,0.14587785,0.14686021,0.14222144,0.14297637,0.1447453,0.15445822,0.14580531,0.15048702,0.14326845,0.14318736,0.14764975,0.15020536,0.14034921,0.14765584,0.14411137,0.14622696,0.15107623,0.15035555,0.14725767,0.1477864,0.14645408,0.14462975,0.14707687,0.13785031,0.14091761,0.1384592,0.13894066,0.14934343,0.1454996,0.15075971,0.14327696,0.14115316,0.1480322,0.14323099,0.14650929,0.14624608,0.14058624,0.14775957,0.15300019,0.14644398,0.14359558,0.15538603,0.1425645,0.15290937,0.14350685,0.14551905,0.14419481,0.15000094,0.1445636,0.14856097,0.14520809,0.1460016,0.14319807,0.14644668,0.14029261,0.14897107,0.15274149,0.14376637,0.15031664,0.15409848,0.14929426,0.14287533,0.14825018,0.14685638,0.14469479,0.15051469,0.1471084,0.1438695,0.15081856,0.1471217,0.14552328,0.14342085,0.15146457,0.14967676,0.14676963,0.15579373,0.15152243,0.14702381,0.14535333,0.14398788,0.14824827,0.14302838,0.14548115,0.13948818,0.1485145,0.1393866,0.14733748,0.143805,0.14995989,0.14083655,0.14322217,0.14200276,0.15178125,0.14476964,0.14078307,0.14628054,0.14243618,0.14234516,0.14799048,0.13622506,0.14589591,0.14365208,0.14692526,0.14262521,0.14280567,0.14593469,0.14566751,0.14831086,0.14478354,0.1418307,0.14638561,0.14632678,0.14391625,0.14506237,0.13809721,0.15081778,0.15453528,0.14640473,0.14401457,0.14948004,0.14071788,0.14219372,0.14580688,0.14636225,0.14649123,0.15112272,0.15066232,0.14970843,0.14730869,0.14725415,0.15330887,0.13569093,0.142151,0.14541714,0.14753687,0.14850545,0.14232473,0.14536385,0.14715362,0.14449334,0.14995599,0.14866184,0.14504819,0.14311172,0.14537989,0.14562306,0.14288767,0.14038463,0.1469952,0.1456559,0.14371137,0.14701861,0.14454795,0.14685024,0.14843789,0.14166576,0.13983282,0.13773182,0.14491986,0.14829902,0.13921331,0.14505275,0.14326736,0.15865394,0.14951026,0.14353906,0.14087684,0.14203916,0.13738942,0.15505151,0.1466028,0.14730912,0.14788727,0.14746307,0.14506349,0.14272718,0.14517179,0.14167644,0.14648709,0.15194342,0.14487533,0.15125525,0.15087761,0.14177848,0.1436205,0.14442047,0.14509895,0.14814216,0.14720875,0.1424944,0.14922749,0.15141562,0.13888967,0.14082062,0.15176082,0.15130201,0.1382125,0.148834,0.14022925,0.1473524,0.14187798,0.13801482,0.13929637,0.14501096,0.14496806,0.14316839,0.14525595,0.1468019,0.14892189,0.14086968,0.1512387,0.15060166,0.14363058,0.14711107,0.15257132,0.14856458,0.14997855,0.14873958,0.14983584,0.14360335,0.1459775,0.13977316,0.1465102,0.14545846,0.14283864,0.14899543,0.14707631,0.14419779,0.14451,0.14064583,0.1515228,0.14739323,0.15182954,0.15060943,0.14776778,0.1424438,0.14463937,0.14521104,0.14671597,0.14410695,0.14756711,0.144133,0.14664893,0.15117033,0.14308453,0.14681327,0.14939617,0.14280315,0.14805295,0.14899415,0.1469244,0.1412159,0.1383398,0.15049116,0.14528161,0.15182528,0.14657916,0.15359347,0.14773461,0.14841734,0.14346994,0.14520675,0.14372423,0.14550497,0.14165902,0.14170131,0.14012735,0.1434617,0.15012284,0.14422083,0.15119708,0.14115325,0.14429556,0.1521509,0.14143085,0.14959,0.1493994,0.1464263,0.1486762,0.15790221,0.15298724,0.14812942,0.14614835,0.14771326,0.15005396,0.14756055,0.14665982,0.13493472,0.13807559,0.15291946,0.14410442,0.14677279,0.1391516,0.15103875,0.14037625,0.1446993,0.1465187,0.14346302,0.14917786,0.14678459,0.14204715,0.14410754,0.14752786,0.1457257,0.1474745,0.13990529,0.14241922,0.14599213,0.14473864,0.14834908,0.13728406,0.14027525,0.1457094,0.13847497,0.14684601,0.14715289,0.13879466,0.13896047,0.14368193,0.14688888,0.14465402,0.15029536,0.14417857,0.13959801,0.1479878,0.14721099,0.14871725,0.1426437,0.14367406,0.14970648,0.1420253,0.14386193,0.15172018,0.1559978,0.14285126,0.14631432,0.14736687,0.14457355,0.13970676,0.1401368,0.14191076,0.1445135,0.1479708,0.14639433,0.14117576,0.15303807,0.14713743,0.13598868,0.1475465,0.14107351,0.14408,0.14360043,0.14910288,0.14244138,0.14343855,0.15256636,0.14364713,0.14205647,0.14601111,0.15490702,0.14495213,0.14446142,0.14462519,0.14236884,0.14739783,0.14019498,0.15118173,0.1422721,0.1468981,0.14047283,0.14529617,0.14629157,0.14436774,0.14172696,0.14046104,0.14574035,0.14270532,0.14405525,0.14821593,0.14302629,0.1426291,0.15205133,0.14517994,0.14530201,0.14713427,0.15267521,0.14821996,0.14483736,0.14816532,0.14434078,0.14554572,0.15381543,0.14933182,0.14721635,0.14885159,0.14299493,0.14275007,0.14755434,0.14916058,0.14514361,0.15118892,0.14309013,0.15002169,0.15073773,0.14012092,0.14494951,0.14140297,0.14420368,0.14195058,0.14823946,0.14140758,0.14408614,0.14626566,0.14886753,0.14716764,0.14774953,0.15097933,0.14426248,0.15097745,0.14824444,0.13935724,0.1462189,0.15356657,0.14287135,0.14558856,0.14478187,0.14431843,0.1437164,0.1469794,0.14383423,0.14517397,0.1446286,0.1372427,0.15091087,0.14356981,0.14601314,0.13980371,0.13829441,0.14133991,0.14737085,0.14967737,0.14065853,0.1456377,0.14121301,0.14563148,0.13293839,0.14997104,0.14810342,0.14518318,0.1487887,0.14481816,0.14561515,0.15084867,0.14772464,0.14723459,0.14778574,0.15458173,0.14749055,0.13838516,0.15152308,0.1450951,0.14899805,0.1424155,0.14176954,0.14437415,0.1424056,0.14241792,0.14233768,0.13621436,0.143014,0.14731753,0.14846319,0.14678219,0.14412872,0.1491368,0.1448832,0.14564967,0.15220816,0.15012655,0.14462799,0.14958386,0.14650002,0.14685088,0.14802766,0.14621945,0.1511585,0.15343003,0.14647722,0.14632788,0.14200498,0.14665419,0.14534828,0.14823511,0.14323571,0.15118346,0.14372854,0.14453642,0.1439649
