0.7582767,0.8113066,0.75845814,0.79664886,0.7811113,0.79001194,0.77125746,0.77179646,0.798,0.77484536,0.8062265,0.77936876,0.8230401,0.8094239,0.74387646,0.77700424,0.7535405,0.81978035,0.80815583,0.80557823,0.8199144,0.7777911,0.8116918,0.7408217,0.76331735,0.7950863,0.8292711,0.7708629,0.7959064,0.7712691,0.75330937,0.74938655,0.76168495,0.7869923,0.77305806,0.7895968,0.82231075,0.805626,0.79735345,0.811174,0.7861851,0.7840005,0.76356006,0.7726014,0.74697006,0.78954697,0.7687689,0.79398656,0.7602011,0.74893785,0.77401173,0.79117906,0.8077433,0.78909,0.78363705,0.796051,0.8034159,0.7584048,0.73532915,0.7858463,0.7777664,0.74427164,0.72945476,0.82330835,0.7814476,0.7976351,0.8111531,0.7560704,0.7444594,0.7554102,0.77963156,0.7984868,0.77793825,0.8194285,0.7849035,0.75295484,0.7402644,0.76475936,0.8278728,0.7514792,0.7556243,0.81076163,0.79955,0.781646,0.79978186,0.73594254,0.72643155,0.77294874,0.77472466,0.81145513,0.7645554,0.73140275,0.80408955,0.80765563,0.80814594,0.79367316,0.8040746,0.77506316,0.78237927,0.7446698,0.741675,0.7903187,0.7914053,0.7824372,0.8124999,0.7584723,0.7982158,0.77461034,0.7345325,0.77088547,0.7864348,0.73643804,0.7605437,0.74471617,0.7833227,0.78608775,0.8026862,0.7759407,0.748504,0.75805426,0.77481,0.8463314,0.7883439,0.7805201,0.79370403,0.78656924,0.7475199,0.76668185,0.7509959,0.78421557,0.7555538,0.76563,0.79034567,0.71495336,0.8004905,0.7496177,0.7037265,0.76159406,0.7509861,0.8090366,0.748789,0.800638,0.78314215,0.7988709,0.7299183,0.8275604,0.76657116,0.745545,0.8511984,0.73340917,0.75038123,0.75410366,0.74689484,0.75346696,0.7832818,0.7578833,0.7984469,0.7621733,0.8061214,0.7827809,0.77793086,0.7596965,0.74182826,0.7965391,0.771446,0.76219404,0.74849224,0.747835,0.76255226,0.74398583,0.7648413,0.7254181,0.79679585,0.77843255,0.7383108,0.7948013,0.76074666,0.81526566,0.79205203,0.76520914,0.7865728,0.76564413,0.760778,0.79843664,0.7889398,0.7752892,0.7767375,0.788271,0.7870485,0.8001213,0.80696267,0.8007678,0.7699853,0.76043856,0.80390143,0.76580584,0.7635188,0.7423625,0.7878951,0.7789266,0.75086594,0.79611504,0.7937537,0.75832665,0.73457634,0.8027344,0.7906013,0.7973625,0.8085294,0.7973174,0.8111487,0.75299585,0.8119203,0.79994404,0.76263237,0.7883259,0.7912692,0.7849663,0.77170825,0.7939212,0.7965344,0.7469349,0.7718383,0.75002223,0.7626433,0.7963429,0.8106226,0.7913524,0.79998016,0.8050291,0.7904681,0.80495626,0.79696554,0.7522404,0.78391784,0.73663056,0.7626756,0.7969701,0.8197454,0.7561753,0.78875846,0.7841417,0.77265984,0.74043924,0.8080479,0.7682943,0.7843854,0.7648493,0.7837616,0.786993,0.79058117,0.8081472,0.7750554,0.75230455,0.7741064,0.788432,0.81865907,0.8045515,0.7985863,0.7682555,0.7687038,0.7734319,0.7519865,0.75114304,0.78147465,0.81360394,0.81215,0.77414125,0.7896768,0.7254636,0.75358933,0.7790838,0.81599,0.75068724,0.78854716,0.7857147,0.8145429,0.8483034,0.78391665,0.81887746,0.7519516,0.757468,0.81237257,0.7852251,0.75971144,0.75562304,0.7642002,0.78798,0.78830415,0.82859653,0.793114,0.83338106,0.7957008,0.7595405,0.7593925,0.73742247,0.7666897,0.75764674,0.8030271,0.771659,0.76241475,0.7624792,0.7910603,0.75985885,0.79314464,0.7349515,0.82627565,0.779289,0.7697386,0.76060754,0.7458431,0.7765754,0.7706616,0.79715633,0.77754486,0.79616237,0.7468927,0.7765089,0.77777916,0.7789614,0.8094093,0.771122,0.7624905,0.7840364,0.7367319,0.787915,0.77424186,0.7404589,0.7741152,0.7578827,0.78907347,0.79132825,0.801681,0.78147256,0.81222117,0.7398039,0.76893383,0.7919979,0.7715238,0.75749385,0.7847478,0.7764249,0.7494664,0.7597261,0.7645621,0.76896065,0.69352496,0.7705977,0.7748636,0.749063,0.741073,0.78188294,0.7442695,0.8545916,0.7864421,0.68862754,0.78241324,0.79598856,0.76329404,0.7872705,0.71905226,0.7738222,0.81888986,0.7816854,0.8020884,0.7729504,0.7788044,0.78482795,0.78443146,0.7865004,0.79246217,0.82056314,0.81896085,0.7939813,0.766259,0.7429528,0.73230183,0.7820569,0.77814305,0.79269195,0.8307196,0.77294594,0.80909413,0.7253102,0.8068055,0.83389795,0.78510284,0.7905659,0.76804847,0.7643182,0.767148,0.73010796,0.76111585,0.75387865,0.79914576,0.8216292,0.7691524,0.7958007,0.7899409,0.7973357,0.77624345,0.75819457,0.75520635,0.7792474,0.80790377,0.75811106,0.80234814,0.73778176,0.7619523,0.75653106,0.8184378,0.76684976,0.76601,0.79484904,0.78045464,0.74663717,0.7838055,0.7681119,0.75611424,0.7670824,0.74460846,0.7712732,0.7893745,0.7610729,0.7530837,0.8026633,0.7979152,0.7380158,0.7549053,0.81111443,0.75315124,0.7886376,0.81062764,0.7593995,0.7997846,0.7919882,0.7471273,0.7847025,0.789719,0.76398915,0.75348353,0.7890032,0.8294581,0.7825424,0.7326569,0.7801295,0.79718244,0.7590571,0.7919848,0.74115974,0.7996826,0.74806726,0.77542746,0.7595719,0.7718309,0.78845567,0.74816537,0.8156736,0.8028005,0.78451484,0.7828579,0.77668744,0.78038025,0.7762834,0.762941,0.7337137,0.78978807,0.78144526,0.7877309,0.78024435,0.7603775,0.74522823,0.8256483,0.7455108,0.7751573,0.7345119,0.79665786,0.8040673,0.7442286,0.7323372,0.7351216,0.72841626,0.7388687,0.73558694,0.76274145,0.7043637,0.7797049,0.7865367,0.76343715,0.7839585,0.77934504,0.7348487,0.7719136,0.7640163,0.7857167,0.797824,0.79074895,0.7493372,0.80048007,0.7910387,0.76487094,0.8006631,0.7779962,0.7519568,0.78627235,0.7834121,0.79566526,0.78084713,0.7321533,0.755543,0.79554254,0.78682697,0.7702441,0.7827325,0.7544042,0.7711911,0.7633753,0.7687526,0.8490611,0.81325537,0.7732732,0.7836936,0.76207215,0.7740711,0.7963604,0.7895154,0.806474,0.7744647,0.8327102,0.8006996,0.770167,0.76949877,0.764706,0.8302953,0.77479774,0.77145255,0.7895124,0.78736144,0.74985075,0.8084777,0.7884915,0.761775,0.791354,0.7671854,0.7882405,0.7693126,0.77065116,0.76191735,0.7673482,0.7865332,0.79594046,0.8371824,0.7730324,0.78642285,0.71717006,0.82774043,0.7867635,0.7271968,0.8238679,0.79332894,0.74109447,0.7920807,0.7716472,0.7926247,0.74334925,0.73444843,0.7646729,0.7313112,0.79946464,0.72705615,0.75120986,0.7864926,0.7701234,0.76645344,0.8247058,0.75097895,0.7589534,0.7944257,0.7647703,0.7893873,0.79421693,0.78862584,0.80939525,0.7791024,0.77810025,0.7638712,0.7951849,0.8059747,0.78743213,0.7553262,0.7821505,0.77940595,0.78194827,0.78765,0.8265544,0.74183846,0.7535366,0.7377967,0.7517243,0.7945305,0.7914559,0.79691696,0.81114084,0.82380205,0.76388097,0.7749249,0.7696178,0.75803965,0.7991235,0.753122,0.8246629,0.7623112,0.75932956,0.8097323,0.8138093,0.7756767,0.7813997,0.7951947,0.7715406,0.7776189,0.8138987,0.82766086,0.72775406,0.8043784,0.82142985,0.82982916,0.7812488,0.74702656,0.76275164,0.76591367,0.79102236,0.7560547,0.7815081,0.8135381,0.8326229,0.8656115,0.73099476,0.7971985,0.7419122,0.73931533,0.79078174,0.80311304,0.7849983,0.7429876,0.7871028,0.7753775,0.77466846,0.744941,0.7402225,0.78181,0.72528654,0.78018945,0.78033537,0.8054958,0.777087,0.75638324,0.7525601,0.811837,0.802536,0.7987171,0.7852855,0.7944084,0.7986281,0.76700586,0.78790015,0.77316666,0.7720139,0.7671622,0.7601855,0.7719085,0.7826207,0.77737117,0.7853028,0.75239927,0.7816504,0.75843257,0.72663534,0.7692864,0.7703973,0.7915073,0.739512,0.7847673,0.73087364,0.7993839,0.7607139,0.7779503,0.7515944,0.7628479,0.7793525,0.78320163,0.8007699,0.7509394,0.82332206,0.75920033,0.8250921,0.7535161,0.78213835,0.7920365,0.75240594,0.81599224,0.75929713,0.7982093,0.80002975,0.74590594,0.74589276,0.74523735,0.7783021,0.7317138,0.7466546,0.7941273,0.7876814,0.7871811,0.75304973,0.7831937,0.783864,0.8085942,0.7574343,0.7384762,0.74720937,0.77536446,0.80296427,0.82647055,0.7669886,0.7704339,0.75738615,0.7748805,0.7879361,0.75186515,0.7614186,0.7779988,0.7523818,0.7899897,0.77327347,0.7746176,0.7386074,0.7837869,0.7520749,0.7559608,0.74128085,0.7558482,0.7821109,0.7638824,0.766553,0.7759114,0.7154829,0.76377106,0.77193624,0.80687684,0.8152257,0.80213684,0.7752761,0.77829087,0.8295647,0.776843,0.7845753,0.76852745,0.7617961,0.7843969,0.7617648,0.767961,0.78068644,0.7796556,0.7539829,0.7791799,0.771697,0.7960113,0.76415366,0.7596094,0.7939992,0.8375296,0.7687657,0.8060887,0.77418935,0.78190887,0.76924264,0.8139577,0.75836235,0.71369505,0.81122804,0.7629529,0.77506775,0.80821717,0.795649,0.73418903,0.78365034,0.815058,0.7635926,0.8173569,0.82520056,0.8063147,0.8137195,0.7794912,0.7623403,0.7544292,0.79810053,0.78587824,0.75124204,0.7627682,0.80788016,0.7858039,0.7869979,0.753128,0.76392215,0.7963525,0.74024117,0.7815197,0.7685598,0.76471806,0.7176931,0.78289783,0.7811894,0.81235313,0.7857691,0.7653384,0.8082004,0.7873504,0.74932724,0.7517323,0.76248306,0.7981484,0.7493601,0.7588908,0.7718432,0.7958788,0.7714776,0.7937012,0.7939271,0.8063419,0.80320114,0.7295145,0.79961157,0.8063312,0.7725899,0.7816335,0.79776263,0.7739775,0.77403903,0.75289744,0.82907844,0.80327857,0.75356036,0.7566124,0.7868561,0.7971366,0.78305006,0.7597558,0.7552098,0.78683126,0.78023964,0.7549714,0.78299314,0.8157929,0.77449125,0.7403692,0.72488576,0.7481401,0.80604,0.83645046,0.81726635,0.7627868,0.748276,0.73655707,0.80349725,0.8245276,0.7370438,0.766742,0.7463444,0.801682,0.7510178,0.80067414,0.75533545,0.8077142,0.7643743,0.7783697,0.7706286,0.77054334,0.7721261,0.78349644,0.8242954,0.8234283,0.76934767,0.7270464,0.77800894,0.7770381,0.82366425,0.807616,0.8010961,0.7960233,0.7854666,0.8113506,0.7921452,0.76753026,0.7401145,0.7734506,0.82002777,0.7627987,0.770142,0.78172773,0.7819163,0.7410984,0.7658022,0.7574613,0.81272054,0.8051452,0.75583595,0.79204863,0.82231164,0.7566596,0.78397655,0.80717725,0.76815945,0.7892407,0.8188602,0.7628852,0.7925835,0.75825423,0.79793245,0.7593228,0.7779058,0.77091926,0.76738584,0.77292,0.78119266,0.7567159,0.7860332,0.78872114,0.8101699,0.8313648,0.7895328,0.78817683,0.7709758,0.8145089,0.7641473,0.7846633,0.7971305,0.80939084,0.77199745,0.7430133,0.7957479,0.78900397,0.77378976,0.79235125,0.77157885,0.7609812,0.83063525,0.73614466,0.7747852,0.8287904,0.7133284,0.7266695,0.78063256,0.824828,0.77436054,0.7494696,0.8237292,0.7924771,0.81445765,0.777521,0.79996413,0.78356755,0.7307759,0.79091626,0.7726455,0.785708,0.7593483,0.7400889,0.78413725,0.78337383,0.73967475,0.7840391,0.73357034,0.7380722,0.77984715,0.78057814,0.7463362,0.79258287,0.72850955,0.8053742,0.7418943,0.7769968,0.7742786,0.7451397,0.81161535,0.7676844,0.7847739,0.80411166,0.78164196,0.79583937,0.76215893,0.7922415,0.7714191,0.77924675,0.76851606,0.74594134,0.7845089,0.7794542,0.8086878,0.8003732,0.76551384,0.7689789
0.7297536,0.81152797,0.75848603,0.7933925,0.7671074,0.82182586,0.78321856,0.7763796,0.79274297,0.794377,0.7353917,0.76049554,0.7630122,0.78961754,0.7698098,0.7745277,0.78142923,0.77826303,0.78259486,0.7796423,0.76861894,0.8008723,0.77610433,0.735241,0.8064103,0.74919534,0.7514601,0.76631093,0.78511524,0.79525024,0.812745,0.75827414,0.764954,0.7621219,0.75707304,0.7741446,0.78790575,0.77156603,0.81458366,0.7537546,0.794055,0.7916719,0.7617059,0.7645688,0.8018654,0.7704422,0.75902784,0.7843154,0.78241956,0.7848597,0.81401193,0.74176383,0.81054544,0.7806969,0.7929637,0.7933074,0.76324797,0.7731208,0.7728461,0.7779272,0.7742927,0.77423596,0.7664556,0.8156502,0.8005157,0.79814446,0.789646,0.7602967,0.7842033,0.7801767,0.76578605,0.78366095,0.762479,0.7896071,0.77311826,0.73470914,0.72413266,0.8083957,0.74488413,0.74783283,0.7820915,0.73649085,0.7410037,0.78829646,0.7661648,0.809824,0.782051,0.7692371,0.7615142,0.8212861,0.7725058,0.76531786,0.76223594,0.7802785,0.73439693,0.79959035,0.77622193,0.7712006,0.7839571,0.78420085,0.76786256,0.788547,0.7748515,0.7988111,0.7808679,0.7655425,0.7930633,0.7660651,0.7698636,0.80021673,0.7677175,0.7410959,0.7651123,0.76799285,0.72687495,0.771137,0.7776879,0.7675901,0.74180937,0.8080882,0.73922586,0.7818598,0.7797482,0.7748844,0.7859027,0.780891,0.7455726,0.80043197,0.7540179,0.7696985,0.7350699,0.8033885,0.7592784,0.7519179,0.751746,0.7508009,0.70772547,0.760365,0.7722396,0.79364735,0.7592393,0.76323134,0.7705817,0.8023669,0.7656628,0.7704901,0.7711246,0.7733511,0.7733411,0.7853275,0.7421648,0.7755511,0.7397101,0.79608035,0.7536661,0.7279283,0.78650975,0.7425777,0.7713897,0.77981097,0.7629495,0.7884168,0.7444762,0.7638277,0.7442877,0.76276106,0.7312862,0.7605626,0.7646265,0.7454814,0.77317005,0.785486,0.7677126,0.79089403,0.727409,0.8162313,0.80631214,0.77711344,0.7453201,0.78122264,0.78180665,0.79123175,0.7373502,0.7912661,0.8056456,0.7586998,0.7435946,0.8113772,0.7494905,0.7216048,0.7817017,0.786539,0.79293394,0.7937221,0.76329076,0.73462695,0.7875242,0.7866254,0.7689639,0.7768088,0.7488668,0.792114,0.7451754,0.7708248,0.763417,0.7669944,0.7580476,0.77633363,0.7691325,0.7843676,0.8009866,0.7968123,0.766515,0.80595875,0.7839247,0.78205496,0.7597158,0.74811953,0.8019747,0.78096163,0.77125305,0.7676483,0.758667,0.73452985,0.77940166,0.7876496,0.8065243,0.7667732,0.76537967,0.7952012,0.77613723,0.7701446,0.7783998,0.7409327,0.7989865,0.7555679,0.7414148,0.7974958,0.80626255,0.7119844,0.80006343,0.771738,0.7898853,0.7890892,0.7913591,0.7788381,0.7633304,0.8005485,0.7673513,0.75295264,0.7489682,0.78039443,0.7736149,0.7526305,0.7659415,0.76202065,0.81204486,0.7914131,0.79858965,0.7332907,0.7700149,0.75299436,0.7678169,0.7611384,0.77772117,0.76897895,0.7709037,0.74945134,0.7468556,0.7591261,0.74003756,0.7923123,0.7562554,0.77987474,0.78877413,0.76666826,0.7757979,0.7978151,0.7747632,0.7667082,0.777656,0.72990346,0.7394553,0.78501445,0.77706826,0.7678087,0.802577,0.7788002,0.7698025,0.7879267,0.7493387,0.7933265,0.777999,0.7617993,0.769858,0.73435414,0.7823525,0.78043634,0.7841092,0.76228106,0.7627753,0.7506037,0.76462024,0.76723886,0.79371464,0.7579741,0.7914676,0.796186,0.7830855,0.7891064,0.77349126,0.7854493,0.80173445,0.8001864,0.7764515,0.80400825,0.7244952,0.75710505,0.7640536,0.76294225,0.7733678,0.7498695,0.7776247,0.7885609,0.7665022,0.75931233,0.7571854,0.8012657,0.7899462,0.75420535,0.8068188,0.7798668,0.7789513,0.75125074,0.7340508,0.7539444,0.772269,0.7795468,0.7112091,0.77500254,0.7700572,0.78857315,0.75184524,0.78232473,0.7113469,0.7658879,0.75614077,0.7602642,0.78713566,0.81417656,0.74922854,0.8030124,0.74117744,0.7777468,0.7741539,0.72600085,0.7400756,0.7566051,0.7451861,0.75555885,0.7684006,0.7813083,0.77074814,0.7713704,0.76311094,0.7710034,0.80084604,0.79499704,0.76239735,0.763515,0.7670519,0.7392239,0.7854355,0.7705438,0.77921206,0.7760007,0.8065015,0.75666744,0.76519126,0.77904487,0.77878124,0.777416,0.7696577,0.7738121,0.8290663,0.7629471,0.81173766,0.76837,0.7742534,0.7503288,0.76927686,0.71755534,0.75458395,0.7421324,0.7866936,0.7889804,0.7543027,0.80479246,0.7873958,0.759585,0.72805005,0.71379066,0.8154795,0.8011863,0.7555517,0.75016016,0.77921623,0.77001977,0.70447445,0.755518,0.8171076,0.78708106,0.7717844,0.7931292,0.74212086,0.7734356,0.77774835,0.8078675,0.8172371,0.78637826,0.73705953,0.75659585,0.73617345,0.79303,0.7642361,0.7734692,0.782943,0.78345424,0.7906423,0.76958656,0.75509477,0.7907994,0.79633933,0.75389516,0.79567116,0.7568573,0.7893089,0.75605965,0.7684694,0.7660534,0.7576995,0.76350194,0.80351806,0.8066112,0.7630978,0.7712511,0.75540245,0.76042634,0.7703365,0.738577,0.7433625,0.7863598,0.78304535,0.7662535,0.7684424,0.7484532,0.758012,0.81519383,0.7397032,0.77558064,0.77139586,0.7603205,0.75794184,0.74039114,0.7607751,0.72925,0.78382814,0.7765371,0.7678936,0.779682,0.7967874,0.7877131,0.775721,0.77983725,0.7453475,0.7233899,0.812068,0.8093495,0.7459818,0.75815487,0.75019145,0.8066884,0.7260543,0.71946955,0.7944995,0.77305263,0.77881,0.74925137,0.7644091,0.77365035,0.8011125,0.70505023,0.75648975,0.78027946,0.7790311,0.7559848,0.7969441,0.7794783,0.7540999,0.76717496,0.763118,0.7453241,0.78601205,0.74153024,0.7900523,0.74984384,0.77856076,0.7512472,0.7360474,0.8138706,0.81506455,0.76836026,0.80101496,0.7832206,0.7904173,0.764931,0.73362935,0.73115623,0.7718802,0.8067063,0.7726282,0.76201725,0.7846698,0.7511724,0.76845795,0.75759643,0.798062,0.753943,0.72289926,0.79873824,0.7625806,0.7360938,0.7411298,0.79757917,0.72888035,0.7891588,0.78305006,0.79244953,0.76633775,0.7467332,0.80560935,0.75335395,0.78159106,0.7680127,0.77275306,0.7923877,0.75387913,0.72350216,0.75763625,0.78180915,0.78077817,0.79897326,0.763509,0.8078576,0.7273577,0.7473764,0.7846783,0.7598444,0.78775305,0.77921706,0.7600002,0.7577779,0.8210982,0.771443,0.76473534,0.6838454,0.77124494,0.75728184,0.7588991,0.7391384,0.7431116,0.7676387,0.7924545,0.74651647,0.79474515,0.75174785,0.7701018,0.7680689,0.7928461,0.7673296,0.75313205,0.76303244,0.8014685,0.81137186,0.7776594,0.76391244,0.7464978,0.81179935,0.76518935,0.79648757,0.7585115,0.7710241,0.7494942,0.75909865,0.7897522,0.76388943,0.78027314,0.78626335,0.74135005,0.78720826,0.7729447,0.7605952,0.7429779,0.7312695,0.7465515,0.77121556,0.7705554,0.76260537,0.7685321,0.75494766,0.75840056,0.7582175,0.75001276,0.78704095,0.7768164,0.75136364,0.7466826,0.7529691,0.7847705,0.7979224,0.71799296,0.7847537,0.7359879,0.7635497,0.83362323,0.79741925,0.7318716,0.726316,0.7046367,0.76002616,0.784848,0.7705796,0.7601024,0.7904199,0.7603338,0.79896027,0.75161535,0.77257824,0.7447364,0.7658581,0.7922053,0.8213391,0.73855495,0.7680656,0.8173999,0.8303144,0.76497483,0.738535,0.7883839,0.8000262,0.76660764,0.77442485,0.75621325,0.81733274,0.75656056,0.8007555,0.7912152,0.7494431,0.74294925,0.7853167,0.7824187,0.74709064,0.769055,0.77883375,0.7567435,0.7792696,0.7416548,0.7733764,0.71961486,0.7567344,0.7819875,0.7569923,0.7404509,0.75220215,0.7580043,0.7154674,0.79006916,0.75843495,0.7985342,0.7572763,0.758009,0.7585556,0.7437505,0.78718543,0.71845126,0.75393546,0.8005345,0.7723985,0.7936244,0.74459857,0.7498947,0.76575714,0.7441839,0.7623543,0.74670804,0.732782,0.7352987,0.7631066,0.7434746,0.76765245,0.7674397,0.8041505,0.74788195,0.7645376,0.74569654,0.7428626,0.76997036,0.7587236,0.7166545,0.81120247,0.7390571,0.76862574,0.77046984,0.76986253,0.76325125,0.78044546,0.77037454,0.7356904,0.75232846,0.7920906,0.77927625,0.77819043,0.7622473,0.78278995,0.7783958,0.7386881,0.77833146,0.72337794,0.75828767,0.7623849,0.7938293,0.7658741,0.75309473,0.7700204,0.7643185,0.79891425,0.81506425,0.7678671,0.7285138,0.74688405,0.77557474,0.79701114,0.76602125,0.7804137,0.74606466,0.76657337,0.7548451,0.77483994,0.7947796,0.77084285,0.7247145,0.7684891,0.7597561,0.7740606,0.77808243,0.7551203,0.7504271,0.7616019,0.7514097,0.75960565,0.7884078,0.76090497,0.8082536,0.7375124,0.78488916,0.7676369,0.77244496,0.743974,0.7504976,0.77752763,0.7372164,0.78376794,0.8035976,0.7510059,0.7743673,0.8112001,0.7518574,0.78451264,0.77560437,0.7077223,0.7316427,0.7895357,0.74618024,0.7804962,0.7670027,0.7763062,0.7656522,0.75903606,0.77225137,0.777877,0.7896508,0.74282885,0.7684374,0.739707,0.783127,0.77026343,0.7391909,0.7985588,0.78200763,0.7595563,0.7727958,0.7631068,0.7599779,0.7655109,0.7255278,0.7655821,0.80162424,0.7761393,0.7807362,0.8031691,0.7280667,0.77611965,0.77506816,0.80168015,0.74261284,0.7852288,0.79654664,0.7446862,0.8006498,0.7659924,0.743442,0.7407785,0.7581441,0.7797141,0.7587906,0.7793553,0.8112067,0.8054919,0.81262565,0.75018847,0.7565039,0.7696747,0.7643496,0.7775259,0.76595706,0.7638877,0.7845059,0.7280501,0.7814793,0.7585259,0.74441874,0.73203254,0.7668614,0.7790799,0.7656131,0.76822084,0.7780144,0.8005326,0.7502992,0.77091396,0.80027515,0.81163484,0.768661,0.7615025,0.76791334,0.76610625,0.76692647,0.76444674,0.7688397,0.7560299,0.71980596,0.7714199,0.76823837,0.80660504,0.7773451,0.770873,0.7704569,0.8137262,0.7817627,0.7956559,0.77201176,0.81392515,0.8039656,0.79060197,0.7477101,0.7159724,0.7824672,0.7642279,0.75393915,0.79074156,0.759715,0.73144454,0.774538,0.7604986,0.77282083,0.7757672,0.76204735,0.7438392,0.7573543,0.77536964,0.76775306,0.7637645,0.7438309,0.73727363,0.756819,0.74884653,0.7492293,0.7668929,0.75289845,0.75998074,0.73951405,0.79159576,0.76358247,0.75785464,0.74938524,0.78411806,0.7692871,0.8000165,0.7659925,0.75775784,0.80227154,0.7776377,0.78989214,0.7626056,0.7837293,0.7581459,0.7553198,0.8012263,0.75869364,0.79251915,0.76652664,0.76607925,0.76705337,0.7888952,0.8013442,0.78234804,0.751056,0.79434514,0.7958097,0.73987097,0.81246364,0.7395824,0.78269255,0.7636491,0.7547544,0.73745286,0.76078856,0.75303257,0.77317595,0.76179564,0.7635002,0.79826,0.7724206,0.7958764,0.8004317,0.75326484,0.7678966,0.8100194,0.8020952,0.7256169,0.7202073,0.79069376,0.785076,0.7704166,0.7855594,0.7410471,0.80071074,0.8073384,0.77944946,0.77839303,0.76195997,0.73109734,0.76252323,0.75966114,0.75785756,0.7543286,0.7771645,0.7521786,0.753543,0.79237163,0.78102684,0.7310846,0.7829395,0.77308494,0.69694686,0.7613844,0.72724557,0.7930022,0.7516706,0.78981674,0.78195935,0.76753795,0.7742742,0.71455586,0.8041528,0.79548246,0.7585128,0.7497935,0.77137643,0.7761299,0.7858715,0.7811404,0.7341572,0.78005284,0.73331934,0.7451395,0.8040366,0.7813788,0.72336906,0.7461656
0.76011604,0.8456076,0.77844083,0.8060769,0.7692452,0.82565176,0.7952095,0.7732941,0.8220799,0.80997574,0.8196488,0.7796752,0.8048639,0.79523385,0.80362076,0.77375066,0.792127,0.81735706,0.8170787,0.8244596,0.7676511,0.8302354,0.784525,0.75692266,0.8212298,0.7665545,0.81052893,0.780357,0.80387056,0.8176342,0.7929491,0.82141995,0.77137655,0.81701565,0.7729364,0.8084815,0.79304445,0.80836284,0.8125016,0.8013501,0.8118666,0.8257932,0.7719152,0.8111234,0.7511085,0.77443826,0.78066444,0.79416573,0.78188664,0.74000525,0.78208685,0.76365477,0.80972356,0.8421929,0.81551313,0.81379336,0.7820564,0.77850163,0.7809456,0.7958776,0.76743734,0.7985354,0.7733798,0.7882296,0.7808279,0.8291011,0.7828098,0.8001613,0.79837286,0.78662574,0.7730292,0.7981053,0.7850742,0.81280386,0.8030251,0.75509006,0.7725513,0.8225163,0.8261651,0.77341044,0.7723953,0.8011689,0.79749656,0.7836189,0.83536875,0.80079603,0.77465385,0.79391754,0.7443518,0.83455795,0.7891262,0.78379315,0.7861775,0.79406387,0.7854055,0.77541625,0.756797,0.7831138,0.7965314,0.806576,0.8145063,0.7597165,0.81823283,0.80134195,0.8100713,0.7928538,0.81912374,0.7972493,0.797374,0.8190655,0.7957176,0.78134567,0.8267517,0.79218733,0.7747498,0.7923304,0.8170967,0.78126943,0.74563134,0.8047695,0.794221,0.8280774,0.83068645,0.75500864,0.8213047,0.7665574,0.7976518,0.82755667,0.80349255,0.8216963,0.78841186,0.7964897,0.7991672,0.77510536,0.7809229,0.8001249,0.7311821,0.7938081,0.80230564,0.8000893,0.8067553,0.7772521,0.7385224,0.79401165,0.79029095,0.8084899,0.7777264,0.809193,0.7903715,0.79503536,0.76156545,0.8071507,0.77723855,0.7904673,0.7845985,0.7720802,0.7963812,0.7867766,0.8378744,0.8220082,0.82132065,0.80411065,0.7750478,0.8149173,0.78206587,0.7964116,0.7548882,0.80027103,0.780343,0.7780184,0.79530156,0.8110471,0.7653507,0.77883786,0.73838264,0.8204287,0.82955873,0.83419234,0.7707562,0.78305006,0.7923738,0.7775614,0.76681006,0.826261,0.8191603,0.77998745,0.8116362,0.8242656,0.77491885,0.7747523,0.78720284,0.8016356,0.7798892,0.77701795,0.7817576,0.77027845,0.8362205,0.82374334,0.79037327,0.75449693,0.7702677,0.76883084,0.7713702,0.7989924,0.76242316,0.7933203,0.8240986,0.79916626,0.81200165,0.8148243,0.794086,0.7608805,0.8027146,0.83223784,0.7762257,0.8134553,0.8165038,0.77401227,0.78835034,0.81738615,0.8175864,0.77951664,0.75552607,0.7722864,0.7936535,0.79571277,0.79852235,0.75441206,0.7698508,0.77518415,0.78872406,0.82576555,0.8057765,0.7894365,0.82109547,0.81073797,0.7858839,0.80174506,0.80972445,0.7573657,0.7904239,0.7997529,0.8111198,0.82065725,0.7805449,0.7767439,0.80133134,0.7990682,0.81124556,0.78042275,0.7882141,0.81422055,0.7951013,0.76064914,0.816318,0.76737756,0.8132727,0.76974213,0.8393439,0.7525111,0.8059678,0.8048416,0.7788844,0.7316623,0.78152555,0.78733516,0.81500006,0.77424645,0.8211501,0.78209615,0.7983264,0.81239367,0.7932889,0.7772553,0.8063044,0.7788795,0.8137517,0.8194134,0.79178184,0.78137326,0.7910373,0.7584066,0.79606307,0.81417936,0.7627741,0.8144638,0.8048256,0.81500345,0.77919596,0.81700796,0.75669825,0.7801374,0.7600819,0.7831897,0.75080127,0.7603676,0.78847444,0.82271284,0.8236809,0.7781554,0.7785879,0.76063097,0.8167507,0.755231,0.7481432,0.74467546,0.8162047,0.78805083,0.800414,0.7782649,0.82549566,0.8026146,0.8029617,0.81297463,0.8158466,0.80910003,0.7967246,0.78086245,0.80137396,0.8045306,0.80180347,0.7755765,0.7969831,0.7807664,0.7685227,0.7782,0.76549196,0.7909966,0.7986433,0.7589151,0.8452118,0.80862355,0.78752077,0.7685412,0.7813684,0.7718153,0.80065966,0.78873897,0.80488044,0.81215394,0.7882985,0.82103306,0.7843593,0.8017385,0.8088608,0.7947698,0.75311184,0.8169057,0.8075659,0.8195886,0.76349103,0.80858797,0.7632117,0.8035723,0.8024315,0.75730205,0.80561256,0.79820347,0.7848494,0.8202699,0.76890874,0.8235844,0.8054766,0.783395,0.7910943,0.8001214,0.795944,0.78126204,0.8328265,0.7893346,0.81376696,0.75977623,0.8157276,0.7756382,0.7853387,0.75478524,0.79568154,0.76388186,0.7803892,0.78883517,0.8263664,0.80286336,0.81710976,0.7905481,0.8071306,0.79522115,0.8515485,0.8055099,0.78437936,0.7656205,0.7900742,0.7554786,0.778153,0.80832934,0.8272271,0.79791236,0.751976,0.8301338,0.8314477,0.809657,0.75586075,0.78345424,0.7769904,0.77783555,0.7797152,0.7820958,0.77086854,0.8049823,0.77962935,0.8004985,0.8016892,0.8021956,0.7496396,0.7757717,0.7965974,0.79598427,0.82383746,0.8134137,0.7763562,0.8316942,0.78661853,0.7573882,0.7683825,0.75135577,0.78492576,0.7754012,0.8042505,0.76312965,0.7878464,0.7933711,0.78172,0.80562186,0.7852497,0.7915585,0.793641,0.8055193,0.8280579,0.78427947,0.78900385,0.7937066,0.77582985,0.8002632,0.7933367,0.7980344,0.7565719,0.79898757,0.7686674,0.80853987,0.81880534,0.7760888,0.7845018,0.8012743,0.815022,0.81480145,0.78798103,0.8253998,0.8148714,0.848377,0.80786717,0.8197836,0.8060456,0.81757987,0.7874281,0.76754594,0.7846529,0.7709909,0.7955468,0.8207036,0.8116475,0.7981742,0.83289695,0.8087904,0.80901515,0.77263725,0.78020674,0.8030195,0.79186416,0.8305476,0.7821762,0.7614835,0.7502987,0.8099456,0.7847414,0.7652738,0.8311774,0.80216897,0.84562844,0.82113546,0.79199237,0.79385716,0.7905747,0.78112614,0.75911987,0.78030354,0.81698275,0.7909904,0.8166368,0.79790515,0.7965401,0.80573195,0.8069329,0.8075026,0.7765567,0.8127874,0.79264235,0.7815799,0.8188246,0.80339307,0.7802934,0.8232767,0.81473446,0.7937338,0.8055084,0.79605025,0.7810722,0.8076301,0.79292756,0.77923936,0.80506873,0.8017695,0.7579922,0.82746416,0.7738342,0.782353,0.7819725,0.79634434,0.79064333,0.8116468,0.7610432,0.79382026,0.76946807,0.7783487,0.83384275,0.8039149,0.80027914,0.8039531,0.8212903,0.8379451,0.7994582,0.7845231,0.7971273,0.7663171,0.79571515,0.80998343,0.76738054,0.80397207,0.8069725,0.7434067,0.79470104,0.79904544,0.8061031,0.78414077,0.8055637,0.77566266,0.8149579,0.7708094,0.80516714,0.7684096,0.7964386,0.7966869,0.78878593,0.8076232,0.8021814,0.80097175,0.8031789,0.7713316,0.8304061,0.7839705,0.7990771,0.76932687,0.78984356,0.7639641,0.8022875,0.7719642,0.82377446,0.7664627,0.7921938,0.81828105,0.819416,0.8101737,0.79849523,0.8083085,0.80834246,0.82475215,0.8210645,0.7645766,0.80144584,0.84487337,0.790563,0.7957337,0.81016755,0.7852722,0.80347735,0.85175824,0.7949873,0.790609,0.7949262,0.7922858,0.79002744,0.7807598,0.7779401,0.82732445,0.78721774,0.80525684,0.7972627,0.7663278,0.7977166,0.7793033,0.770791,0.7870287,0.80623853,0.7794084,0.8256516,0.8063375,0.83225507,0.7991013,0.7966627,0.7521761,0.78203624,0.80538654,0.7879252,0.83042264,0.7634514,0.7840356,0.84539413,0.80698496,0.81042314,0.7947061,0.7400014,0.7868361,0.80482143,0.8311545,0.7665391,0.80109054,0.806506,0.8083574,0.7943293,0.7805466,0.7990184,0.7737306,0.8293929,0.84060264,0.79146624,0.77862656,0.79652715,0.8014478,0.76706517,0.7629784,0.7947432,0.79851323,0.7564867,0.7751749,0.7884875,0.78687936,0.7887428,0.78261447,0.78104156,0.7800169,0.7661451,0.7745792,0.77749515,0.8042371,0.747953,0.774654,0.78891325,0.8035739,0.7653824,0.7621076,0.78996396,0.7636979,0.82133025,0.8067978,0.8189788,0.7857655,0.7986286,0.75811505,0.7916989,0.7813369,0.7816354,0.7940234,0.7755124,0.77224195,0.80226207,0.7841606,0.8058281,0.78212756,0.77918935,0.7957659,0.77596855,0.8197565,0.7863739,0.8304419,0.8354002,0.7635822,0.8077505,0.7714819,0.78398985,0.79277253,0.78938866,0.8026625,0.79730886,0.8103879,0.8025685,0.7889,0.77484274,0.8162237,0.81297183,0.7944377,0.78039,0.8055206,0.80424535,0.7866664,0.7933786,0.7869539,0.78504,0.7812587,0.7567195,0.74559224,0.80022794,0.79228306,0.79240817,0.8148123,0.802287,0.80030215,0.79374933,0.7749103,0.7966991,0.8009451,0.8055273,0.7982468,0.8383745,0.7769616,0.8121834,0.80804014,0.8089898,0.81664145,0.82324654,0.7798628,0.7691103,0.77569234,0.7970503,0.8041505,0.76630235,0.7857668,0.75113,0.7892476,0.78624827,0.80790734,0.80123806,0.8099447,0.80614173,0.7695302,0.7832223,0.7826017,0.81168926,0.7649412,0.76815844,0.76756465,0.78617305,0.77248037,0.81975114,0.80433965,0.78048825,0.7662679,0.7684729,0.7844763,0.7905846,0.7992708,0.79445577,0.7824613,0.8013145,0.81417,0.8060244,0.81588876,0.79395527,0.80452144,0.77663356,0.8099744,0.8034529,0.75480413,0.7699561,0.81537545,0.7712958,0.78544486,0.7935027,0.8273611,0.76561743,0.82466125,0.8062383,0.77838755,0.82295626,0.79664665,0.7766227,0.7686155,0.78129405,0.779782,0.7947704,0.77778053,0.81109136,0.79076636,0.79240876,0.7889595,0.8129688,0.7900799,0.7663369,0.79801196,0.78896767,0.7895092,0.79756504,0.7761098,0.793133,0.7830422,0.79631853,0.8030134,0.74959254,0.794796,0.79970837,0.7652937,0.7565167,0.7783056,0.76888937,0.7966394,0.78457475,0.8102678,0.7935466,0.8016936,0.82280564,0.78663063,0.82762855,0.77548313,0.7643248,0.81294036,0.8079917,0.8118535,0.8164766,0.7775645,0.76953167,0.76767564,0.8003576,0.8031182,0.7736906,0.7822484,0.8169849,0.8235093,0.81500924,0.80450696,0.7614276,0.8010265,0.8036144,0.78461933,0.7836706,0.81596756,0.7761106,0.79254514,0.7894166,0.79680306,0.7908675,0.78534234,0.79488343,0.7706913,0.76314676,0.7929258,0.76981056,0.8349086,0.78338987,0.78541285,0.8268112,0.819031,0.79698706,0.80650616,0.7718828,0.79327714,0.77877986,0.79258746,0.8142252,0.7644944,0.82901824,0.7897002,0.8283015,0.77399856,0.7836268,0.7384675,0.82089853,0.80758005,0.79005206,0.7864067,0.81277066,0.78872675,0.836403,0.837968,0.80768085,0.77352315,0.7979654,0.77990925,0.767748,0.81106275,0.80112934,0.817255,0.7669579,0.7913618,0.79454505,0.8302955,0.78600943,0.7957112,0.7644735,0.776573,0.8208679,0.79612225,0.80418295,0.7774094,0.7855607,0.796782,0.8057607,0.7471573,0.78967327,0.84558403,0.81339544,0.7998113,0.7798819,0.7708361,0.77928084,0.81105345,0.8064434,0.7976122,0.8410574,0.827061,0.7912562,0.81960845,0.79758936,0.78672624,0.82452625,0.7957364,0.7781726,0.7892374,0.7770796,0.77952117,0.7750156,0.79467714,0.77858573,0.81449914,0.78721076,0.81644225,0.7904678,0.79228854,0.8141277,0.76094663,0.8009045,0.79721224,0.7921018,0.7380588,0.81271654,0.83840495,0.8356644,0.7863583,0.82635087,0.784854,0.8136193,0.81895,0.7793707,0.81203264,0.817862,0.8051304,0.800326,0.75869435,0.80808604,0.7813345,0.77993095,0.824559,0.79070807,0.8028666,0.77490306,0.7839696,0.7753286,0.78207445,0.7718074,0.8111384,0.78665936,0.7694409,0.8337788,0.8000759,0.8039537,0.7899671,0.8202312,0.7698989,0.7954499,0.7848587,0.78286225,0.7670354,0.7697194,0.8135152,0.806768,0.788258,0.7358643,0.7798437,0.7979958,0.7931898,0.8222695,0.7846974,0.7431303,0.7832362
0.9389595,0.9653698,1.0207242,0.9888038,0.98865783,1.0079247,0.9843373,0.9559455,1.0043743,1.0005262,0.9751032,0.9717438,0.99841785,0.9903793,0.96111864,0.98134243,1.0106364,0.98224133,1.0361266,1.0190678,1.0249813,0.9644259,0.9222449,0.9909494,0.99670655,0.9890376,0.9800036,0.9420041,0.9625287,0.98792815,0.9560864,0.97171795,0.965928,0.9633169,0.9805057,0.9394607,0.9879961,0.96694434,1.027333,0.9691906,0.9614265,0.9578669,0.93011236,0.99399006,0.9598602,0.9608502,0.9990343,1.0165322,0.984402,0.9719782,0.9854014,1.0004464,0.9641692,0.9779271,0.9568049,0.99591935,0.96634305,0.97102576,0.93938816,1.0129195,0.97416097,0.942226,0.96135354,0.94961524,0.9634918,0.97587085,0.9682729,0.9658606,0.95913315,0.9631753,0.98762965,0.9905747,0.9579535,0.977694,0.9319953,0.96286243,0.9273248,0.97049975,1.0042558,0.9589659,0.9706667,0.99232006,0.986672,0.97111624,0.99175215,0.98745114,0.98798007,0.9965367,0.9487799,0.9772704,0.95167136,0.96710706,0.9828617,0.9874389,0.9779969,0.97289693,0.96263784,0.98329294,0.9828844,0.9615983,0.92964435,0.9986948,0.9809304,0.9323235,0.9666412,0.9476027,0.97666144,0.95637846,0.935089,0.9882914,0.9839411,0.95162845,0.9714751,0.9660442,0.99666065,1.0229282,1.0357751,0.98955965,0.96109253,0.98448306,0.9421747,1.0204453,0.9916639,0.99278176,0.98027766,0.970965,0.99980485,0.9946696,0.9695156,0.9870177,0.970353,0.9752816,0.99470377,0.95165056,0.986714,0.9604114,0.98691833,0.9296192,0.96752036,0.9620208,0.98528844,0.98713243,0.94355464,0.9462397,0.9786373,0.9944445,0.94175035,0.96239513,0.97353303,0.96692663,0.98241425,0.99830973,0.97515064,0.9293008,0.9300783,0.96077037,0.9517691,0.96722466,0.99792784,0.9697176,0.9558489,1.0184083,0.924217,0.9870315,0.9906522,0.95093066,0.9386089,0.9659501,0.9962936,0.96805054,0.98047733,0.9866787,0.9204492,0.95455784,0.9307518,0.9665438,0.943321,1.0010718,0.9630764,0.95826757,0.9664058,1.0032355,0.95360094,0.9933518,1.0013416,0.96312577,0.9891268,0.9759023,1.0002396,0.9454888,0.9514793,0.9711001,0.98172724,0.95914936,0.97881436,1.0165755,0.93998927,0.97173476,0.98846185,0.9589368,0.9525795,0.9786896,0.9600127,0.97260046,0.965585,0.9454908,1.0239481,1.0486186,0.98434156,0.99845356,0.9433969,0.96911615,0.9974587,0.961814,0.9694328,0.96480465,1.0240643,1.0099782,0.95285994,0.9881364,1.0152268,0.9404121,0.94752264,0.9652535,0.9816555,1.0125543,0.9683949,0.9744426,0.9885283,1.0089879,0.9556798,0.98966587,0.9829075,0.97547615,1.0027065,0.91991144,0.98013186,1.011663,0.9591792,0.9331795,0.98351693,0.9830079,0.99724996,0.97137284,0.9697207,0.96574795,0.9119651,1.0168574,0.9794616,0.9600626,0.99788594,0.9705917,0.97853076,0.9861066,0.97394454,0.97434264,0.97127074,0.9873856,1.0035472,0.9681018,0.9551669,0.99119455,0.9716309,0.99056935,0.95146674,0.99595535,1.0201335,0.97054607,0.97326344,0.97953296,1.0091388,1.0093023,0.9522593,0.97096485,0.9720666,0.9577867,0.9624338,0.98863584,0.96329546,0.9791898,0.94601804,0.9240594,0.9871681,0.9995833,0.9510701,0.9312797,0.9960045,1.0019523,0.9618238,1.0095494,0.95042884,0.9705538,0.9672855,0.93088585,0.9197062,0.91112447,0.98542124,0.9506047,0.96951926,0.9393728,0.9819293,0.9474043,0.9813358,0.9282174,0.970941,0.96793115,0.9330575,0.9771758,1.0056994,0.96656954,0.99714625,0.9869364,1.0112667,0.95800513,0.9745847,0.9705879,0.99945104,0.93835926,0.9513218,1.0081776,0.9906781,0.9867811,0.9464476,1.0244799,0.97360086,1.0014882,0.97677904,0.9892307,1.0033531,0.9869147,1.0066378,0.95577973,0.9912304,0.9404835,0.9671954,0.9792002,0.9768541,1.0051341,0.9562148,0.9636451,0.983274,0.9992068,0.94817996,1.0124344,0.97234094,0.9773739,0.9506999,0.98838234,0.9811074,0.9817192,0.9608298,0.9942587,0.9184371,0.9876008,0.96138954,0.94938445,0.99457693,0.97250795,0.98987496,0.93406796,0.9814686,0.9802418,1.012291,0.92183363,0.9692031,0.97208875,0.9542703,0.98407066,0.97717416,0.96036536,1.0171374,0.9608514,0.9938285,0.98402613,0.9657763,0.96547824,0.9502566,0.94924444,0.97922474,0.96118593,0.9918622,0.95281583,1.0365201,0.93919015,0.9760948,0.992745,0.98104304,1.0065482,0.9717978,0.95434666,0.94651854,0.99973917,1.006557,0.9778549,1.0135463,0.9774861,0.95923567,0.96125865,0.98121893,0.9854898,0.92447186,0.93978184,0.99861217,0.9887772,1.0059502,0.95694435,0.97318304,0.9882215,0.98615843,0.9589856,0.9620501,1.0204504,0.98510545,1.0060782,0.922321,0.96411777,1.0110449,1.0143623,0.97533023,1.0123376,0.9281202,0.93751955,0.9389004,0.97739893,0.95452905,0.9676972,0.97976714,0.94343436,0.9606964,0.9983148,0.9731425,0.9256709,1.0078318,0.94717896,1.00942,0.9769434,1.0130444,0.94996893,0.9626681,0.95426387,0.96351546,1.0058762,0.9887084,0.9672284,0.95209205,1.0045657,0.98575693,0.9673665,0.99023855,0.9696243,0.96739155,0.9506633,0.9916245,0.99827284,0.97578585,0.993727,0.96471256,1.0039427,1.0166594,0.9523641,1.0045666,0.9884207,0.972779,0.9934958,0.9876183,0.967113,0.9729508,0.95203674,0.99440897,0.99706024,1.012351,0.99491656,0.9940679,0.96381044,0.97914696,0.94572294,0.9939613,0.9639047,0.9401115,1.0183356,0.92911124,0.99198455,0.965875,0.94695747,0.98570776,0.9813415,0.96886563,0.9781852,0.9307616,1.0114657,0.9822563,0.98277414,0.97390306,0.9841488,1.0120759,0.9735132,0.9632961,0.9900309,0.9984738,0.9560882,0.98414874,0.9388438,0.97390723,0.96554744,0.9860017,0.9775095,0.9873073,0.9414769,0.9664674,0.9693415,0.9608604,0.9705644,0.92744327,0.9764637,0.97708404,0.9798742,0.96916854,0.9927402,1.0089489,0.9358275,1.008693,0.96299297,0.95171094,0.975417,0.9645396,1.0446974,0.9973981,1.0181198,0.99792314,0.94564843,1.004742,0.99269027,0.98204875,1.0199379,0.94528675,0.967337,1.0086037,0.9925331,0.999448,0.9490648,0.99495304,1.010173,0.9900711,0.97746617,0.9922305,0.9786691,0.99370456,0.9510538,0.98108995,1.0131384,0.9783392,1.0026338,0.98526114,0.9545119,0.9838552,0.9752922,1.0020213,0.9506746,1.0443335,0.9635806,0.95665574,0.9824371,0.9905091,0.97996944,0.97345644,0.9245271,0.9753682,0.9318216,0.9685214,0.93837833,0.9967743,0.9457433,0.91966033,0.96384704,1.0027165,0.9745959,0.95636606,0.976895,0.96788573,0.94391465,0.9795159,0.952426,1.0263921,1.0065604,0.9979346,0.969063,0.9719393,1.0088391,0.97949433,0.9899217,1.0008976,0.9875398,1.0054979,1.0200022,0.9703318,0.9462913,0.981739,0.98752344,0.9946134,0.9460924,0.9962879,0.9648397,1.0078473,0.955198,0.9674405,1.0323151,0.93562394,0.982594,0.97202575,0.9408431,0.98214006,0.9523775,0.9692626,0.981339,0.96733546,1.0066581,0.9517145,0.9667879,0.9922351,0.9658965,0.9594209,1.0599083,0.95944834,0.965918,0.9324921,0.9884384,0.95905006,0.9812093,0.99339396,1.0157733,0.97735196,0.9984545,0.984888,0.9978721,0.96429425,1.0157746,0.93707824,0.9738223,0.9838392,0.9677632,0.97748256,0.9845414,0.99804896,0.97670746,0.9709024,0.9345974,0.9528166,0.9526638,0.96219456,1.0247829,0.95324093,0.98156095,0.99026585,0.9746645,0.9427786,0.99791026,0.9298912,0.960874,0.9891345,0.9741153,0.9830974,0.9851368,0.9979145,0.96649396,0.9546364,1.0147254,0.9915823,0.96749175,0.9981968,0.96973896,0.96870184,0.97340184,1.0134503,0.96781516,0.96826077,0.936872,1.0199323,0.9678533,0.9875053,0.9685973,0.98101074,0.9896039,0.9612566,1.0093076,0.9648442,0.9671049,0.95816827,0.99089473,0.97097933,1.0091251,1.0000132,0.9437331,0.9546862,0.98376673,0.99876326,0.93625665,0.9685581,0.9685097,0.9604478,1.0170805,0.97744733,0.962454,0.9859884,0.9520596,0.9565444,0.9504993,0.97369343,0.9668745,0.9462718,1.0005385,1.0408847,0.94063747,0.9175724,0.9733611,0.9844924,1.0317302,0.9600793,0.94189614,0.97558933,0.988456,1.0205449,1.0161914,0.9270346,0.9640546,1.0054922,1.0041568,0.96608955,0.9737433,0.95343286,0.96350366,0.9815749,0.9685367,0.9749283,0.95184493,0.9610746,0.9849155,0.97118807,0.96054137,0.96468204,0.98876476,0.9716985,0.98102576,0.9693489,0.9936598,0.9357878,0.96064866,0.99014336,0.98945004,0.9879977,0.9580295,0.9592668,1.0056298,0.9180487,0.9450282,1.000721,0.9516648,0.9882746,0.9769248,0.99485296,0.9461727,1.0123333,0.9576098,0.9838553,0.9729791,0.94745123,0.9702729,0.9636102,0.9747679,0.97600675,0.9606911,0.99848485,0.98814225,0.9935996,0.9474807,0.97041786,0.9771366,0.9843488,0.9588904,0.99263805,0.97639227,1.0009049,0.9937605,0.9648351,0.99150765,0.92687416,0.94791424,0.97851324,0.99985576,0.92143667,1.0205498,0.9936102,0.93845356,0.9667539,1.0110439,0.94957626,1.0011142,0.94284475,0.95131403,1.0020434,0.9582695,0.9784929,1.0126841,0.94601464,0.93313575,1.0216975,0.97147423,0.9868884,0.9460367,0.94013846,0.9872695,0.9742836,0.9463751,0.9561116,0.94223833,0.9837784,0.9722254,0.9698714,0.9475548,0.9817597,1.0011685,0.94278514,0.97387326,1.0014247,0.9588293,0.9795212,0.98528403,1.0011622,0.9974064,1.0031645,1.0003263,0.9821945,1.0267355,0.96432596,0.98946506,1.0093879,1.0104984,0.9625005,0.9408833,0.99427974,1.0084039,0.97018427,0.92264855,0.99395263,0.9624401,0.9586866,0.9898081,0.9757696,0.9664661,0.99034214,0.94727176,1.0006808,1.0020953,0.93153954,0.9698451,0.9661016,0.95889753,0.97094375,0.96030843,0.9932271,0.96298575,0.98227656,0.98017204,1.0055317,0.9773496,0.9469029,0.9743129,0.9630371,0.9725144,1.0156361,0.9939677,0.9322355,0.98496395,0.9388082,1.0028485,0.9786307,0.98083925,0.966202,1.010665,0.96509296,0.96002865,0.9790301,0.94477147,0.9685826,0.95891416,0.93080837,0.9901881,1.0204928,0.97618014,0.9693116,0.98499566,1.004683,1.0109328,0.9717996,0.97836417,0.9992231,0.9187099,0.967026,0.96786904,0.9932306,0.9463121,0.9865688,0.97203994,0.9640655,0.9554333,0.9534227,0.9775784,0.97200537,0.97667766,0.98054713,0.9332589,0.9782027,0.9938595,0.9645094,0.92031217,0.9934743,0.99403185,1.0045236,0.97290367,0.9703222,0.9599534,0.9515539,0.93899244,0.9880003,0.99985,0.9402522,0.96047646,0.97211754,1.005315,0.9960679,0.9427738,1.0049534,0.9433892,0.9926431,1.0069584,0.97251105,1.003659,0.974207,0.98293024,1.0122601,0.96953,0.96955955,0.9877747,0.9747318,1.0193987,0.991447,0.9826894,0.94328743,0.9894081,0.99327135,0.9861509,0.96557516,0.98522663,0.9957082,0.9772467,0.9654179,1.0085891,0.97555494,1.0139303,0.9645173,0.94660485,0.99431646,0.9549341,0.9901632,1.0212759,0.9726914,0.96631205,0.9455814,0.94893134,0.91832143,0.96158123,1.0135896,0.93605447,0.9866213,0.99755573,0.9680979,0.9423717,0.9584216,0.96824944,0.9445511,0.99862355,0.97225994,0.9661285,0.98096913,0.95528424,1.0107255,0.9775357,0.9801748,0.97677845,0.9532357,0.98322845,0.9519017,0.9855414,0.9868988,0.94838125,1.014228,0.9882397,0.9900825,0.9794946,0.9546747,0.98142403
1.1783504,1.1752125,1.2271875,1.1757772,1.2092224,1.2339115,1.2083888,1.185455,1.2015171,1.2201152,1.1879486,1.1957769,1.1678607,1.2072523,1.2031653,1.2416667,1.2066604,1.205093,1.2482339,1.2177473,1.2352114,1.1988187,1.1411198,1.1841711,1.211901,1.1987168,1.215082,1.1380699,1.1967075,1.1923689,1.2281317,1.189879,1.1875069,1.2299265,1.2237993,1.1879375,1.2077578,1.227417,1.2528038,1.2119845,1.2021723,1.1487594,1.1856511,1.2186112,1.192467,1.1664473,1.2089971,1.234032,1.1628218,1.1695873,1.17372,1.2015303,1.1700139,1.2339488,1.1807522,1.2132982,1.1838634,1.1992561,1.1792762,1.2090722,1.2114896,1.182564,1.1985332,1.1421617,1.2008322,1.21473,1.1830125,1.183515,1.1967843,1.1762836,1.1778095,1.1929042,1.2085993,1.2118708,1.210848,1.1780341,1.1547697,1.2283602,1.2641542,1.1830127,1.1868994,1.197467,1.2067922,1.1699338,1.2097101,1.204529,1.1704129,1.1736649,1.1675674,1.221715,1.2471335,1.1936456,1.2109329,1.2009348,1.20905,1.2053277,1.2143213,1.1918665,1.1972934,1.1964731,1.1800556,1.2284714,1.1918637,1.1636263,1.161846,1.2011051,1.1983755,1.207211,1.1709807,1.2319584,1.2319311,1.1916271,1.2096626,1.1800201,1.2047737,1.2241837,1.2181869,1.2265698,1.1708562,1.2408558,1.1621858,1.2023742,1.1847227,1.2253379,1.2116454,1.1734418,1.176861,1.2132127,1.2113702,1.2253114,1.1643,1.2155269,1.2191577,1.1511967,1.1676319,1.1913755,1.1904738,1.1589098,1.1898401,1.1874201,1.2196584,1.2420701,1.1478131,1.1771318,1.1656756,1.2186284,1.1963705,1.1825622,1.223083,1.2018344,1.2183596,1.2203734,1.1870683,1.1789569,1.1758223,1.2120268,1.1537852,1.242213,1.2133677,1.1830959,1.1915749,1.216799,1.1732993,1.1844059,1.2042271,1.206938,1.1250756,1.1656235,1.227554,1.1971134,1.2217171,1.1938376,1.1471163,1.1714752,1.1526518,1.2235558,1.2529517,1.2211131,1.1698389,1.1687388,1.2121311,1.2270335,1.1538659,1.218303,1.216656,1.2002727,1.2181482,1.1833163,1.2199588,1.2287167,1.2314137,1.1918712,1.2032778,1.1854289,1.2042862,1.2126545,1.2004755,1.2210093,1.2085954,1.1751283,1.1778868,1.1833143,1.1406581,1.1700592,1.1813542,1.192916,1.2000936,1.239779,1.2041296,1.2106385,1.2032052,1.2180307,1.2235677,1.2292624,1.1434916,1.2097932,1.2407191,1.2055358,1.2166607,1.180058,1.2060602,1.1818924,1.179816,1.1895345,1.1930922,1.2245519,1.204071,1.2065246,1.2105262,1.2635852,1.2120777,1.2041701,1.1675177,1.2082,1.2339503,1.2170484,1.2068179,1.2135564,1.1728027,1.15035,1.223337,1.201441,1.1960294,1.2180836,1.2249496,1.2294056,1.1757582,1.1924593,1.1792134,1.2058227,1.1815041,1.1954345,1.211218,1.1995904,1.2150823,1.2115692,1.2155496,1.1658368,1.2017038,1.1766276,1.1774591,1.2268559,1.198094,1.1813821,1.2273653,1.2035547,1.2255509,1.2025455,1.1929796,1.190241,1.2137542,1.187208,1.1920208,1.1939888,1.2406281,1.1987084,1.1843567,1.2258695,1.1834297,1.1999815,1.2066549,1.1836392,1.1875973,1.167627,1.2127879,1.2032144,1.209656,1.2216756,1.1618183,1.2078277,1.2166616,1.1797966,1.1905301,1.1805403,1.1445271,1.1865917,1.2291149,1.1886337,1.1994828,1.2107503,1.1850119,1.1907567,1.1888522,1.1795588,1.2181158,1.2123541,1.2020524,1.185261,1.2215617,1.1755847,1.2162303,1.2135957,1.2484084,1.1802953,1.2266046,1.2183979,1.2121227,1.1845002,1.1848247,1.2248772,1.2030919,1.2280046,1.2036364,1.2533296,1.2192659,1.1877838,1.1768149,1.2067814,1.180427,1.1903003,1.2255429,1.2011636,1.2139984,1.1772656,1.2054069,1.2113233,1.2250568,1.2296667,1.172273,1.1957192,1.1798637,1.2226613,1.1715345,1.2354243,1.2522844,1.2167373,1.1910801,1.2008126,1.2079501,1.2145909,1.2140033,1.2287531,1.1772873,1.2059326,1.1945537,1.218374,1.2118739,1.1983186,1.1904249,1.1968489,1.1944009,1.2029983,1.1677631,1.2076914,1.1631501,1.2366357,1.1840911,1.2255126,1.1840667,1.1988268,1.2426499,1.195419,1.2621855,1.2057511,1.200578,1.2374258,1.1834354,1.1720836,1.171731,1.197028,1.2006153,1.1971803,1.2339443,1.1553775,1.2070909,1.2288285,1.2393596,1.2284493,1.1716499,1.1598799,1.164041,1.2103658,1.1763238,1.1740189,1.2183778,1.21684,1.2170303,1.182093,1.2135521,1.2073921,1.1559356,1.185507,1.205841,1.2376177,1.2021523,1.1658411,1.1968944,1.1956782,1.204074,1.2166203,1.1915228,1.2178957,1.218937,1.2037146,1.1696459,1.1715063,1.2228402,1.2338945,1.218262,1.2220347,1.1257216,1.1905648,1.1816413,1.2108985,1.1667026,1.1850791,1.2035216,1.1866292,1.1884193,1.2126129,1.2044009,1.1750942,1.2601017,1.2003527,1.2150241,1.172891,1.2010599,1.1927582,1.1753803,1.2015179,1.1644694,1.1959552,1.2077914,1.2214015,1.2017759,1.2154707,1.2170591,1.2003297,1.1827712,1.1928823,1.1889584,1.1880854,1.2241683,1.1959276,1.226319,1.2796581,1.1642169,1.2222315,1.2180312,1.1967744,1.199503,1.2114612,1.2272075,1.2271003,1.1868415,1.1626904,1.2012641,1.1913033,1.1812652,1.2114943,1.2450187,1.1998607,1.2004459,1.1843002,1.1794748,1.1681373,1.2322959,1.195699,1.2125657,1.2344785,1.1791086,1.1922346,1.1736358,1.1918533,1.1909851,1.1949252,1.1973119,1.1868018,1.14889,1.2096512,1.1772767,1.1729436,1.2243967,1.2004219,1.2166098,1.1824327,1.1933756,1.1946507,1.2197665,1.1915777,1.1704609,1.1814481,1.1764678,1.1873624,1.2331045,1.2182803,1.2471281,1.2263091,1.1950338,1.1838033,1.223557,1.1950656,1.1653311,1.2099777,1.178298,1.2261364,1.1877495,1.2248962,1.2219532,1.2143762,1.2179339,1.2409039,1.1869476,1.2031033,1.2032895,1.2228138,1.1456892,1.2169529,1.1937585,1.1743963,1.2106692,1.1931767,1.2039634,1.2507584,1.1891633,1.180174,1.1921166,1.2191286,1.2031717,1.2121451,1.2278689,1.2311076,1.2356293,1.1895317,1.2354814,1.169998,1.2338532,1.1769977,1.1850497,1.2082653,1.2373391,1.2295995,1.1721603,1.198648,1.211365,1.1647013,1.219716,1.1752526,1.23112,1.203535,1.2208022,1.2095222,1.2148551,1.1952353,1.1904414,1.1647726,1.1938237,1.1875572,1.1730214,1.2235279,1.2136406,1.1873064,1.1980221,1.199513,1.223067,1.1825459,1.1706583,1.1889104,1.194434,1.166291,1.1872153,1.2327975,1.2062078,1.1958483,1.2206886,1.1897682,1.1818552,1.2399393,1.1477805,1.2245066,1.1688348,1.2017956,1.2268647,1.2291243,1.2155701,1.164973,1.1899787,1.1811154,1.2060044,1.193484,1.225466,1.1941426,1.188239,1.171549,1.1721659,1.2274381,1.1771076,1.2209746,1.1947567,1.2027618,1.1672179,1.190171,1.2153423,1.2035258,1.2262907,1.203054,1.1823431,1.1982138,1.216993,1.1676315,1.1797745,1.2639636,1.176513,1.1818714,1.1969693,1.2046844,1.1526185,1.1802405,1.1774629,1.2490697,1.2090657,1.2154112,1.2029667,1.2295291,1.1801845,1.2296723,1.1902441,1.2013978,1.1691114,1.2229922,1.2098842,1.219804,1.2032146,1.1672158,1.1966684,1.1684759,1.1738914,1.1399604,1.1880034,1.2292705,1.1552075,1.1805403,1.2048806,1.2132866,1.1763918,1.2176539,1.1752373,1.1963661,1.1972145,1.1875116,1.1983361,1.2184427,1.2043437,1.185233,1.1962221,1.2281501,1.167758,1.1916894,1.201414,1.1848245,1.201155,1.216225,1.2312206,1.1730055,1.1989694,1.151328,1.2129472,1.1632546,1.197298,1.1816187,1.2023237,1.2095301,1.1866728,1.2087834,1.2151504,1.185757,1.1771228,1.1949381,1.1876662,1.2014519,1.1737545,1.183045,1.2203135,1.2368435,1.1829954,1.1491644,1.2325934,1.1850432,1.1920105,1.2512294,1.2189643,1.2232956,1.22357,1.2105815,1.194746,1.1814287,1.1988993,1.1817753,1.1656502,1.217125,1.2297363,1.163013,1.1491021,1.1816366,1.2212781,1.2040405,1.2255558,1.2036324,1.1905369,1.2142773,1.2033749,1.1853167,1.1149895,1.1957034,1.1938643,1.2025235,1.2238859,1.1827159,1.1993909,1.2177082,1.2222645,1.2433469,1.1953177,1.1994332,1.2129152,1.2444721,1.2287718,1.1915894,1.2394493,1.2157407,1.191413,1.2139564,1.1764716,1.225553,1.1900889,1.1937532,1.1762573,1.1989868,1.1983756,1.2010062,1.2024018,1.1895003,1.1793,1.1578808,1.2104,1.2041842,1.2110239,1.194891,1.2396464,1.1689506,1.2072324,1.2042323,1.2224435,1.1894463,1.1909595,1.1948179,1.1825783,1.1855412,1.1913996,1.2007635,1.2307851,1.232358,1.2320882,1.175798,1.2166812,1.217497,1.2134036,1.208424,1.2529532,1.1932883,1.2188051,1.1925874,1.1784751,1.1361109,1.1519163,1.1908262,1.1803669,1.1796077,1.1907381,1.1887528,1.2317026,1.1979709,1.1979733,1.1969073,1.2072151,1.2452755,1.2191482,1.1631515,1.2632585,1.1938008,1.2045641,1.1984516,1.187625,1.1355546,1.2201215,1.2160491,1.2101333,1.1407119,1.2169046,1.2035792,1.203051,1.1962588,1.2102685,1.2262325,1.2015777,1.1747196,1.1672016,1.1764228,1.1851629,1.1836909,1.1920853,1.1994439,1.2382265,1.181,1.1768453,1.1898324,1.2148671,1.155389,1.2122684,1.1592002,1.2287347,1.1865752,1.1823232,1.1960739,1.1879417,1.2341702,1.1834648,1.1975359,1.248847,1.1910065,1.2162255,1.1923816,1.2014506,1.21155,1.169463,1.1844078,1.1955882,1.200131,1.180565,1.2186742,1.2445056,1.2094804,1.1933634,1.2144119,1.1873547,1.192969,1.2208288,1.1937767,1.2245052,1.1865175,1.2122012,1.1992017,1.1898853,1.2152407,1.1489661,1.1852735,1.1992514,1.2297307,1.2451643,1.2101451,1.19018,1.2175132,1.1781404,1.2207137,1.1926665,1.2143055,1.1947417,1.211335,1.1522298,1.1964322,1.2295909,1.1830252,1.2239835,1.2022495,1.1883916,1.178524,1.244936,1.2270343,1.1852057,1.2292602,1.2102984,1.2047255,1.2026451,1.2237406,1.1930926,1.18115,1.1806633,1.2014954,1.1881237,1.1937541,1.1769831,1.2063091,1.1865337,1.2221161,1.1764927,1.198344,1.1798398,1.1771396,1.2049481,1.1934005,1.2106655,1.2088729,1.1891186,1.1919405,1.2032874,1.2258704,1.187824,1.2088475,1.2020998,1.1697319,1.1675438,1.2080469,1.2264988,1.1993647,1.2051318,1.1873935,1.1823972,1.1921667,1.1907436,1.2199837,1.2628009,1.15458,1.2176877,1.2352337,1.2151471,1.2246637,1.159055,1.1691146,1.2237847,1.2074852,1.1946301,1.1900316,1.1887252,1.2325529,1.2366451,1.2108358,1.1542586,1.2288656,1.1759905,1.2201077,1.1598656,1.1852419,1.2324772,1.2140399,1.1941459,1.2215035,1.19304,1.2047634,1.2087793,1.2041452,1.2217406,1.188574,1.1944286,1.195169,1.1628246,1.1651121,1.1602803,1.1482896,1.1962494,1.2172793,1.2071129,1.1895145,1.1701983,1.187052,1.1742067,1.1932957,1.199585,1.1967726,1.2074081,1.2493846,1.2342448,1.2129648,1.1960877,1.1833607,1.2160137,1.1974127,1.198679,1.1876967,1.1730372,1.1950762,1.1875764,1.1947305,1.2138517,1.1825796,1.1834768,1.2116431,1.2200541,1.1997999,1.2100337,1.2217706
0.3404978,0.37840387,0.36707234,0.35414016,0.36541238,0.39844435,0.35855967,0.38456705,0.37736654,0.37545776,0.37907246,0.34173208,0.36127216,0.34181526,0.36512548,0.35273227,0.3869791,0.3604074,0.3729433,0.38249654,0.32598603,0.38201308,0.35382524,0.33168077,0.40181378,0.3387825,0.4090622,0.37841302,0.38198954,0.37584472,0.3777651,0.38327855,0.3806644,0.39512786,0.3496912,0.37707874,0.33198544,0.34879792,0.3459365,0.3604106,0.3781622,0.3761265,0.35743085,0.3761736,0.33909896,0.3745305,0.39378053,0.35155252,0.3472745,0.33299053,0.37126964,0.3423341,0.3902141,0.36092174,0.38098586,0.35576344,0.3762502,0.38514888,0.35060635,0.38672608,0.3889148,0.41757774,0.3776659,0.41502094,0.37215346,0.37868768,0.36130607,0.40554816,0.38322,0.3892241,0.32166213,0.3530939,0.37351397,0.3633347,0.3555851,0.33130795,0.37658024,0.35624018,0.38829613,0.3572803,0.3719914,0.3341384,0.3790844,0.33723113,0.3965479,0.3777405,0.3780129,0.35893947,0.35766476,0.38775197,0.36378703,0.35984308,0.34916642,0.39225113,0.34139237,0.35892317,0.36905265,0.38780388,0.39951694,0.3564684,0.4050838,0.38065803,0.36291897,0.35521588,0.38236728,0.3683988,0.38536182,0.36691618,0.38987356,0.39087832,0.39958045,0.37256306,0.37955055,0.35687816,0.32460633,0.41186532,0.36104214,0.3414851,0.34471926,0.38565612,0.35372865,0.38585335,0.36777812,0.37810767,0.35509562,0.36833704,0.34465325,0.3817755,0.38981232,0.36094108,0.35845867,0.3644157,0.38225132,0.38504922,0.3658271,0.37641385,0.33857983,0.3654276,0.3659923,0.37532166,0.39430666,0.36362702,0.3250053,0.36762187,0.3597262,0.38351068,0.38452727,0.3978092,0.34954035,0.37572587,0.39167255,0.3951717,0.3922689,0.36991447,0.36400107,0.34978,0.38619614,0.4001248,0.37841156,0.40814984,0.40565354,0.38552147,0.35261583,0.4065704,0.36484492,0.3682426,0.3560092,0.34566587,0.36775637,0.3762688,0.36602196,0.3684525,0.34263137,0.34885803,0.37532815,0.40137133,0.37994915,0.39508837,0.3367672,0.34795827,0.36711964,0.33352184,0.36173213,0.41670632,0.37313026,0.38343015,0.35606048,0.39899808,0.33066088,0.34313732,0.3729338,0.3657407,0.3958835,0.3845043,0.3701393,0.34797078,0.39283192,0.40834945,0.3164512,0.37099677,0.3517258,0.35941464,0.35519662,0.37375206,0.348732,0.37472105,0.3390258,0.36957073,0.3913141,0.3575156,0.37729797,0.3454032,0.3691297,0.38890573,0.36380258,0.37377107,0.37480387,0.35816193,0.38470268,0.35173434,0.38102597,0.36630565,0.34124497,0.37451437,0.40199772,0.38316736,0.3478893,0.36690986,0.33771947,0.37550393,0.36155957,0.37822884,0.3334734,0.346846,0.41086006,0.4026302,0.37411648,0.34982336,0.35771656,0.37059364,0.3526634,0.40342057,0.39628446,0.3678723,0.38792664,0.38900188,0.33555442,0.3680519,0.3434314,0.35536766,0.35636547,0.37387335,0.41482118,0.329942,0.42009845,0.39760035,0.41362727,0.32491156,0.3764196,0.36608487,0.38534823,0.35777256,0.33886632,0.35194936,0.3817721,0.38721013,0.37684706,0.3821968,0.3628379,0.36033484,0.40129375,0.3911643,0.3642902,0.3913805,0.3545184,0.36825892,0.37141892,0.37858257,0.36667535,0.34368256,0.33100495,0.3886779,0.3477942,0.33264637,0.37942624,0.38166308,0.36567062,0.34959665,0.3820215,0.3533093,0.34052256,0.3930984,0.38341355,0.37846214,0.38510096,0.37126327,0.37594497,0.36473408,0.3759049,0.39317453,0.35295415,0.36339533,0.38310587,0.3530352,0.37093088,0.35560253,0.3797712,0.3813907,0.391307,0.34299177,0.3906054,0.38021874,0.39615464,0.37167394,0.44940206,0.37486064,0.4014889,0.3266487,0.38119638,0.36752152,0.37894487,0.35054845,0.3744017,0.3485452,0.35505313,0.35038033,0.34418643,0.36207414,0.3923903,0.37286052,0.4024299,0.40145493,0.40073383,0.36358964,0.38395548,0.3473295,0.39179412,0.36131474,0.3882805,0.37160322,0.35911214,0.37255505,0.34589738,0.38150457,0.40010452,0.3567994,0.3573538,0.3509277,0.3820437,0.3665064,0.3842264,0.38078538,0.39156964,0.38279957,0.37148625,0.36980477,0.38307798,0.3642702,0.34955972,0.41522297,0.38209674,0.360275,0.3292988,0.37190264,0.3771507,0.3886966,0.36918274,0.36746174,0.37955612,0.34972924,0.3724491,0.38175958,0.39147317,0.33687612,0.3527451,0.3685324,0.3867795,0.33995372,0.34731928,0.35609922,0.3520383,0.37206328,0.39116853,0.35428846,0.39250097,0.38542843,0.41751122,0.38180524,0.3491513,0.35530242,0.3578937,0.36017895,0.37038738,0.3553683,0.41594982,0.34345448,0.38703075,0.36719504,0.36894774,0.38631955,0.34962645,0.36093843,0.3507946,0.3660103,0.32417348,0.34790206,0.34455284,0.37064436,0.36132497,0.34961382,0.35817426,0.3789907,0.34963962,0.33817208,0.39659145,0.35346708,0.3909446,0.40441626,0.34992495,0.40115708,0.36747205,0.35387093,0.37221685,0.35874397,0.38271025,0.3794208,0.38653663,0.38062507,0.32358852,0.37324876,0.35577387,0.3866892,0.36465603,0.3433162,0.39505106,0.33385134,0.36476088,0.35821936,0.3576348,0.3706184,0.38206506,0.38482076,0.36855498,0.39280242,0.3650216,0.37188876,0.41691697,0.3911246,0.33427772,0.38502336,0.35070282,0.36297154,0.35583884,0.3671896,0.38297945,0.3879531,0.38110948,0.41897288,0.35107115,0.38846973,0.3692671,0.38266236,0.37082347,0.3488385,0.353102,0.31275842,0.34123945,0.37142664,0.34298426,0.3285775,0.3471304,0.40446305,0.35803753,0.37632293,0.35750133,0.3937586,0.37701893,0.3572905,0.35650936,0.36140105,0.39898124,0.382094,0.32545274,0.3542375,0.41191155,0.41350466,0.42734298,0.38750952,0.36234528,0.3736302,0.39877862,0.33788306,0.40446907,0.37250876,0.36759996,0.32695508,0.34176838,0.35812807,0.38383955,0.3677605,0.3682689,0.38869733,0.37289613,0.3822907,0.40855205,0.38054794,0.36975205,0.40235692,0.3482068,0.37233603,0.3694711,0.37997496,0.39900345,0.34754613,0.35997605,0.3827046,0.36229995,0.38823757,0.41598606,0.36035147,0.35424888,0.40715367,0.39161304,0.37669533,0.3474037,0.3704276,0.3424279,0.3927878,0.3285938,0.36835474,0.33015007,0.38126948,0.35484174,0.35940206,0.3575295,0.35535973,0.39157987,0.38211247,0.4116514,0.36289978,0.36188754,0.37338406,0.38863528,0.36645386,0.35329312,0.38462073,0.3915744,0.32251412,0.38944328,0.37088358,0.36470705,0.37901837,0.36830902,0.32081968,0.34421048,0.36448714,0.3952411,0.36743385,0.3511527,0.37440908,0.36607763,0.39996445,0.4027046,0.38129514,0.36865258,0.3724501,0.37681442,0.34994584,0.36200836,0.36319464,0.33689836,0.35977826,0.38156804,0.370654,0.36543855,0.3607477,0.36874032,0.373662,0.41393042,0.38197654,0.37912428,0.36866438,0.3643165,0.36033314,0.39062518,0.39583486,0.36762577,0.38880047,0.3625485,0.40416363,0.373246,0.35934627,0.367647,0.38351786,0.39041775,0.3468642,0.37831068,0.34807652,0.34599712,0.3611291,0.34853393,0.3695592,0.37360972,0.40046805,0.39149836,0.34769863,0.3956999,0.35579228,0.372196,0.36646098,0.34283912,0.33879894,0.36568016,0.3692153,0.41267318,0.35206136,0.3659278,0.35402146,0.35136703,0.36288217,0.37806556,0.32907277,0.37512946,0.3613609,0.38224632,0.38748914,0.37146878,0.36745888,0.35306424,0.38913858,0.36444753,0.36140153,0.38155672,0.36530647,0.39102107,0.39945984,0.387611,0.3745895,0.37164804,0.3580305,0.38347682,0.38384885,0.37511492,0.35377884,0.33862448,0.36753762,0.3736456,0.33931458,0.37901306,0.3893322,0.39014298,0.33837485,0.39599916,0.37844163,0.3616367,0.4127081,0.37302116,0.38677198,0.3512001,0.33996552,0.38406667,0.35796088,0.3634938,0.36773664,0.38787195,0.3893117,0.3745525,0.36156553,0.36094958,0.3360126,0.40434128,0.3772321,0.36456567,0.37975597,0.39136016,0.33819726,0.39868703,0.36721724,0.33602923,0.3406917,0.34868616,0.38483912,0.35213783,0.3512282,0.3698225,0.36006153,0.3771067,0.3851899,0.34835625,0.3686989,0.37671763,0.37069923,0.37872183,0.37191784,0.3533041,0.37808073,0.4227099,0.36125705,0.40588242,0.35898283,0.38845384,0.41891772,0.3440459,0.37070975,0.371356,0.41271463,0.3551533,0.35738042,0.34272367,0.3585168,0.39371473,0.37913916,0.35109872,0.3650921,0.36253902,0.31539613,0.34857026,0.34819275,0.35559976,0.33189517,0.39534348,0.38555717,0.3828064,0.40656132,0.3651693,0.3830167,0.36136204,0.37844074,0.3634501,0.39872938,0.36272517,0.34773672,0.35813606,0.375994,0.3579508,0.37091637,0.40641558,0.3364558,0.3606666,0.35528743,0.36441284,0.41870764,0.35820293,0.38236913,0.3539453,0.382098,0.35903502,0.37258577,0.37645558,0.37977424,0.3668061,0.3446412,0.37427866,0.37447077,0.3798445,0.3612841,0.3494097,0.37109372,0.35060054,0.38038903,0.36098692,0.3902821,0.35394794,0.35109416,0.3607525,0.34365875,0.400041,0.36002663,0.32370925,0.35894686,0.35511062,0.3887412,0.3982149,0.35291004,0.36949867,0.37761614,0.37143797,0.35586074,0.3928519,0.39619446,0.35711023,0.36754477,0.3567505,0.34697884,0.37627968,0.35740554,0.36226472,0.34301242,0.3853626,0.36395866,0.3691025,0.34526324,0.36297822,0.38405773,0.42114538,0.35955113,0.3705728,0.36164647,0.39430904,0.36628464,0.35267997,0.37767294,0.35669494,0.37564892,0.36548245,0.37821686,0.37986094,0.3695764,0.40901363,0.32362038,0.3991245,0.36238515,0.38169858,0.39291355,0.36222878,0.35958177,0.36039647,0.3150535,0.35920703,0.35731286,0.36782825,0.3616423,0.35053307,0.35572445,0.37335616,0.37845045,0.38242087,0.34451962,0.37456045,0.3174495,0.32870698,0.4044323,0.40709367,0.3687443,0.38697928,0.38279986,0.3693513,0.37433088,0.40178734,0.36115924,0.3677198,0.366369,0.40072688,0.3627431,0.37378925,0.40678734,0.3476454,0.38795525,0.35650456,0.3912302,0.3507524,0.35575235,0.3628586,0.37087727,0.38772538,0.3589688,0.36661482,0.37038085,0.3591163,0.3681463,0.35625926,0.36233506,0.3531746,0.37847337,0.3820957,0.3612439,0.35421774,0.41507548,0.37452614,0.388344,0.37614983,0.37300277,0.37881216,0.35503158,0.35869282,0.3272135,0.37553474,0.3663811,0.38143045,0.3979723,0.37483236,0.37745848,0.35267618,0.336314,0.3777029,0.34018624,0.3595717,0.34530318,0.35307494,0.37477583,0.37855285,0.37109697,0.37943727,0.39015678,0.35561556,0.3706126,0.36044502,0.361386,0.3714111,0.37876412,0.33902892,0.3807748,0.3390794,0.3593598,0.3743476,0.37970334,0.38685074,0.38541904,0.3895043,0.3992018,0.37743846,0.37587422,0.37469015,0.3749569,0.35066134,0.4217806,0.36098757,0.411497,0.37336212,0.41034782,0.34762242,0.39784047,0.38181672,0.38144022,0.3886984,0.34493074,0.3746996,0.36121377,0.40315264,0.37973014,0.3932831,0.3606338,0.36324248,0.36132053,0.34994102,0.3912964,0.32359365,0.36014897,0.33293942,0.38439125,0.35216227,0.38390824,0.37583116,0.36555833,0.3830914,0.37244248,0.39579356,0.34135693,0.36885577,0.36739933,0.3793144,0.34433842,0.403966,0.36228204,0.37234628,0.3773744,0.39757547,0.36932725,0.3635215,0.3807034,0.3785386,0.3675512,0.37191355,0.36020797,0.37269503,0.32922548,0.3983515,0.39361772,0.35091737,0.3775968,0.34325245,0.37738246,0.35750365,0.36684594,0.39097685,0.37382692,0.37138343,0.34151042,0.4126964,0.3603136,0.37686732,0.3460977,0.39952806,0.36049667,0.38374388,0.36543655,0.39166316,0.33146977,0.32450607,0.40106454,0.37418193,0.35856032,0.3664739,0.39183325,0.3852397,0.3834318,0.37656543,0.3423873,0.3849033,0.34930426
1.532968,1.5306305,1.5592237,1.5740997,1.5619853,1.5786734,1.5512296,1.5288869,1.5864265,1.5766135,1.5507821,1.5377177,1.5594884,1.5533357,1.5186586,1.5841506,1.5833886,1.5609221,1.5848879,1.5887243,1.5800835,1.5640926,1.5116438,1.5371307,1.5503306,1.5475622,1.5681949,1.5038385,1.5402383,1.5659246,1.5853324,1.5559682,1.544541,1.5643673,1.5683937,1.5381175,1.5797733,1.5621289,1.6029123,1.5414858,1.5557048,1.5236708,1.5195394,1.5524939,1.5347788,1.5410432,1.5898058,1.5596365,1.5374216,1.5260723,1.5483652,1.5358988,1.5131521,1.5972699,1.526696,1.5712845,1.5471616,1.5545052,1.5108306,1.589291,1.5797416,1.5732231,1.5417633,1.5097014,1.5464545,1.5774,1.5882533,1.5460666,1.5427507,1.5270343,1.5085056,1.5652194,1.5645165,1.5649345,1.5158793,1.522905,1.5303056,1.5383868,1.57956,1.5430722,1.527001,1.5546924,1.5462993,1.5107727,1.5785072,1.5625718,1.5508082,1.5140868,1.5323759,1.5758206,1.5483091,1.5384017,1.5576211,1.5735387,1.5771322,1.5823714,1.5727631,1.5649331,1.5742216,1.5216215,1.5575054,1.5762208,1.5594283,1.5169137,1.5810797,1.5817745,1.5753205,1.5320951,1.5420525,1.604759,1.5759697,1.5400249,1.5585911,1.5079846,1.5613205,1.5555749,1.5759051,1.5835601,1.5244422,1.5712392,1.4997733,1.5909227,1.5586594,1.597619,1.5696183,1.5389425,1.5379751,1.5865042,1.5438124,1.5663873,1.5424656,1.5497663,1.5591725,1.5108856,1.549545,1.5597004,1.5309936,1.5037811,1.5469338,1.553925,1.595029,1.5655375,1.5351247,1.5661945,1.5306228,1.5753624,1.5420612,1.5534148,1.563148,1.5539558,1.5764512,1.5920014,1.5502266,1.5347109,1.5336596,1.54225,1.5284425,1.5864941,1.578072,1.5555227,1.5772545,1.5714005,1.5392138,1.5672696,1.5726638,1.5324409,1.5161147,1.5037398,1.5467169,1.5556074,1.5642848,1.5808686,1.509964,1.5461161,1.5153948,1.5769879,1.5471015,1.5657324,1.536559,1.5397493,1.5668626,1.5870591,1.5062051,1.5711026,1.560441,1.5413574,1.5725039,1.5667635,1.5477778,1.5622851,1.5947326,1.564864,1.5526593,1.5237494,1.5388713,1.5863966,1.5457189,1.5329788,1.5376482,1.5071126,1.5424147,1.5509293,1.5525211,1.5560905,1.5831581,1.5412617,1.5878072,1.6008599,1.5709171,1.5693331,1.5905172,1.5408468,1.56599,1.555557,1.5208406,1.5525101,1.6088958,1.5369915,1.5424781,1.5488712,1.5579568,1.5420637,1.5562885,1.5352544,1.5789999,1.6016012,1.5782621,1.5755497,1.5195863,1.5931592,1.5339917,1.5527542,1.5593573,1.5746708,1.5892813,1.5538036,1.5340899,1.5830746,1.5400674,1.5324882,1.5957325,1.5509143,1.5540961,1.5400321,1.5806632,1.5670055,1.5495101,1.5555818,1.5584557,1.6003945,1.5648165,1.5293877,1.5786973,1.5408524,1.552896,1.5811446,1.5610594,1.5387983,1.5831758,1.5462257,1.5358129,1.5404675,1.5209658,1.5581442,1.5575732,1.546783,1.5587722,1.5452131,1.5075454,1.5664674,1.5793173,1.5364726,1.5454735,1.5575359,1.5998762,1.584497,1.5370268,1.5955899,1.5232146,1.5622971,1.5468038,1.5189064,1.5751108,1.5503136,1.5598086,1.5761181,1.588571,1.5911746,1.5375166,1.5614324,1.5723791,1.5947958,1.5410795,1.5364078,1.525515,1.5147958,1.5893791,1.5572317,1.5359777,1.5948781,1.5506178,1.5136026,1.5567681,1.5438055,1.5831208,1.5745447,1.5509412,1.5752792,1.5872301,1.5280184,1.5522342,1.5817192,1.5362619,1.5592078,1.5950147,1.5929655,1.5613518,1.5146933,1.5823091,1.5967805,1.5484107,1.5683079,1.53348,1.5680406,1.572861,1.5489935,1.521175,1.5445831,1.560326,1.5582702,1.601836,1.5300094,1.5654311,1.550824,1.5665023,1.5369152,1.5610181,1.582125,1.546333,1.539176,1.5685469,1.5575265,1.5044212,1.5737702,1.5994394,1.5552347,1.5077968,1.5449166,1.5588282,1.5643471,1.5611442,1.5848731,1.5077866,1.5476724,1.5601133,1.5322343,1.5677165,1.5534147,1.555259,1.5334449,1.5551176,1.5507854,1.553252,1.5363121,1.5308121,1.5711068,1.555512,1.5370487,1.5327065,1.5644925,1.599845,1.5557252,1.6112868,1.5925924,1.5421327,1.5809801,1.5617883,1.5117153,1.5350474,1.5685334,1.5518074,1.5228738,1.635426,1.5202659,1.559526,1.6181614,1.584275,1.5840873,1.5510277,1.516104,1.5208431,1.5233674,1.5351951,1.54868,1.5847048,1.5909746,1.5456586,1.5402924,1.5488573,1.5244116,1.5102026,1.5449942,1.5490222,1.5800442,1.5392954,1.5525593,1.5512818,1.5360638,1.5616431,1.5531476,1.548939,1.582579,1.5610493,1.597871,1.5069327,1.5188364,1.5946932,1.5859188,1.5661055,1.5654237,1.5097823,1.5589676,1.5484452,1.5533394,1.5402427,1.5381746,1.5698866,1.5346959,1.5513453,1.5573591,1.5441693,1.5354637,1.5761254,1.5482861,1.5565,1.5436411,1.5492259,1.5786425,1.5360239,1.5522314,1.5242833,1.5698813,1.5724317,1.5863357,1.5581491,1.555059,1.5596892,1.5266767,1.5520798,1.5553724,1.5723041,1.5528574,1.5667168,1.5416232,1.5802562,1.5917412,1.5337919,1.5986311,1.5800399,1.5354044,1.59158,1.5671362,1.5576415,1.5271668,1.5459818,1.5073283,1.5751811,1.5293677,1.5314431,1.5584973,1.5591576,1.570929,1.5732638,1.5584677,1.5378695,1.5409832,1.6163204,1.5342647,1.543252,1.5884315,1.5582908,1.5267481,1.5449973,1.5364264,1.5700914,1.5793887,1.5731539,1.5253012,1.5268451,1.6035733,1.5733106,1.5244005,1.5790375,1.5633503,1.5811554,1.5575941,1.5605843,1.5575573,1.5373224,1.5363641,1.5388268,1.5349356,1.5566247,1.5532483,1.6107544,1.5845062,1.5779672,1.5517597,1.5338511,1.593887,1.557981,1.5605179,1.5238863,1.5483654,1.5290667,1.5502486,1.5281355,1.5640004,1.5847265,1.5588588,1.5819347,1.5927786,1.5323423,1.5845994,1.5360141,1.5838614,1.5566645,1.5856434,1.565457,1.5262164,1.5658315,1.5589628,1.536987,1.6203214,1.5215495,1.5382723,1.5478232,1.572617,1.5586642,1.5418788,1.5821915,1.5734334,1.59738,1.5344129,1.5992106,1.5311085,1.5987202,1.5442501,1.5622671,1.5703912,1.5776147,1.5746654,1.5742737,1.5724455,1.5253412,1.533097,1.6051021,1.5302076,1.5901071,1.5760757,1.5686016,1.5644748,1.5567403,1.5444602,1.5433378,1.5017327,1.5581554,1.5299435,1.5256016,1.5675468,1.6008935,1.5358528,1.5506089,1.5371516,1.579343,1.5534693,1.515893,1.5459573,1.5443329,1.5619332,1.522821,1.5918881,1.5877159,1.5645145,1.5551643,1.5510342,1.5595273,1.5733622,1.5208086,1.5776887,1.5185409,1.5376039,1.578117,1.5972213,1.5712752,1.5159345,1.556767,1.5324712,1.569834,1.544966,1.5666654,1.5285463,1.5529636,1.5355079,1.5436475,1.582503,1.5796596,1.5365183,1.5574148,1.5393802,1.5799439,1.5654963,1.558676,1.5246929,1.6047161,1.5565068,1.5466729,1.5567067,1.554369,1.5621136,1.5416361,1.6337315,1.5750982,1.5625601,1.5637953,1.5711399,1.5318221,1.545435,1.5282403,1.6123874,1.564661,1.5808358,1.5683924,1.5729035,1.5356369,1.5807902,1.5413984,1.5700295,1.5301677,1.5704894,1.582255,1.5712658,1.5182399,1.564756,1.5747339,1.529697,1.5095836,1.5209672,1.5267667,1.5944332,1.5354642,1.5430509,1.5759383,1.5835315,1.5580835,1.5880177,1.5655099,1.5400075,1.5757728,1.5332847,1.5523224,1.5823076,1.5969458,1.5563095,1.5687044,1.6284772,1.5355833,1.5284532,1.526455,1.5203412,1.5531135,1.5630834,1.5765121,1.5278903,1.5757027,1.5087249,1.5856336,1.5487303,1.5258155,1.5536677,1.5497406,1.5899937,1.5709312,1.5702429,1.5960132,1.5561177,1.5194792,1.5561684,1.5326685,1.5654656,1.5449483,1.5640519,1.5551839,1.5474993,1.5738134,1.5536853,1.5857798,1.5662986,1.5249187,1.5790088,1.5518205,1.577938,1.5508916,1.551795,1.5242163,1.5404272,1.5937493,1.5254662,1.5128921,1.558946,1.5535119,1.5565509,1.4866787,1.5217007,1.5707369,1.567175,1.5184516,1.5323181,1.5695037,1.5765203,1.5352495,1.5705535,1.5207137,1.5968877,1.5653417,1.5640777,1.592955,1.564455,1.5409219,1.5379007,1.5934665,1.5743556,1.5550692,1.5619886,1.5627599,1.5872045,1.5852104,1.5135388,1.5536941,1.5416759,1.5469205,1.5805992,1.5162151,1.57989,1.5303195,1.5391427,1.542862,1.5560188,1.5670433,1.5350116,1.560154,1.5698584,1.5197332,1.5197911,1.5703343,1.5464454,1.5639213,1.5641571,1.5760648,1.5313908,1.5731146,1.5302895,1.5933636,1.567539,1.5341023,1.5397842,1.5593913,1.5390925,1.5337205,1.5540338,1.5677037,1.585931,1.5858742,1.5537986,1.5692459,1.5615883,1.5653429,1.5657732,1.5988965,1.5514048,1.557828,1.5728898,1.5380298,1.508952,1.4981492,1.5839638,1.5194889,1.5293492,1.5614976,1.5943244,1.5821747,1.5468546,1.551916,1.5641855,1.5384097,1.5644248,1.5058957,1.5080947,1.5816345,1.5349958,1.5341495,1.5644705,1.5572852,1.5367386,1.5395515,1.5932872,1.5783446,1.5194443,1.5436275,1.5515866,1.5717586,1.5530541,1.5649608,1.5692835,1.5450307,1.5381663,1.5331658,1.5378289,1.5402986,1.5772518,1.5522163,1.5675044,1.5796865,1.5612763,1.5623657,1.5797532,1.56687,1.5146224,1.5762275,1.5105972,1.5659766,1.6042818,1.5617387,1.5919201,1.5335271,1.5690002,1.5458119,1.5287799,1.6071087,1.5444195,1.5623176,1.5359875,1.5532564,1.5532418,1.5425931,1.5449319,1.5499468,1.5545428,1.5430648,1.5827821,1.586565,1.5656946,1.5416069,1.5675292,1.5263723,1.5517813,1.5298208,1.5502099,1.5622356,1.531744,1.5364546,1.5249238,1.5321097,1.5894386,1.5131477,1.577798,1.5366676,1.5663314,1.589603,1.5480016,1.538778,1.5903066,1.5621139,1.6053715,1.5719166,1.5606593,1.5434985,1.5472835,1.5155914,1.5570469,1.5457141,1.5268098,1.5850596,1.5182819,1.541219,1.5622823,1.592417,1.5773224,1.5371747,1.5572529,1.583967,1.5778534,1.5899204,1.5482925,1.5606678,1.5618072,1.5383801,1.5674602,1.5433471,1.5544326,1.5627929,1.5399191,1.5662274,1.5557495,1.540833,1.5641644,1.5333714,1.5293264,1.566381,1.5106153,1.563741,1.5734121,1.5799353,1.5354257,1.5663371,1.6196959,1.5255457,1.5724591,1.5465013,1.5411654,1.5386624,1.5461812,1.5873199,1.5523003,1.5663952,1.5213363,1.557368,1.5738139,1.5376343,1.5704354,1.6014066,1.525063,1.562082,1.5829808,1.5737207,1.564019,1.5598375,1.5626256,1.5535789,1.5698602,1.5317988,1.5577602,1.5526078,1.5730873,1.5761408,1.5394642,1.5295773,1.5528008,1.5395958,1.5498332,1.5386069,1.5474395,1.6010562,1.5621933,1.5672,1.5807545,1.5561486,1.5986952,1.5522038,1.5482757,1.583497,1.5633578,1.540354,1.5572739,1.5196943,1.5004004,1.5320913,1.5344465,1.5125184,1.532325,1.5347271,1.5401446,1.5717174,1.5546517,1.5604692,1.5610969,1.5372998,1.5312318,1.5565761,1.5871356,1.5612762,1.5620209,1.5673518,1.5296537,1.56794,1.5635304,1.5520872,1.5303246,1.521667,1.5425647,1.5525936,1.551661,1.5617294,1.5051031,1.5468049,1.5670569,1.5878553,1.5072824,1.543451,1.570652
1.0300872,1.0362587,1.0656424,1.0666584,1.0445799,1.0763537,1.0446217,1.0662855,1.0696174,1.0157821,1.0746245,1.0347153,1.0630083,1.0217301,1.0431994,1.0702889,1.0580161,1.0469412,1.058068,1.0803726,1.0557878,1.0641029,1.0511277,1.0652349,1.0530562,1.0651457,1.0200584,1.053423,1.0411,1.0321722,1.0533186,1.0697029,1.0522999,1.0329441,1.0541257,1.0724099,1.0842807,0.9893682,1.060752,1.0605001,1.0427053,0.99843633,1.0168283,1.0612346,1.0716311,1.0092815,1.0714289,1.0666264,1.0199385,1.055555,1.0424011,1.0325072,1.0687387,1.0537938,1.0282228,1.0458087,1.0372225,1.0442787,1.0406693,1.0821141,1.0716537,1.0627835,1.0291027,1.0318666,1.0283511,1.0429872,1.0319769,1.0665764,1.0485349,1.05089,1.0779449,1.041671,1.0741146,1.0624263,0.991939,1.0607604,0.99965274,1.027232,1.0258355,1.079845,1.0144633,1.0579277,1.0290891,1.0185726,1.0582813,1.037175,1.0104383,1.0394515,1.0498844,1.0524669,1.0716206,1.0336282,1.0567224,1.0653269,1.084283,1.0573584,1.0752556,1.0458373,1.0501338,1.0578117,1.0294088,1.0497799,1.0567342,1.0482762,1.02775,1.0159721,1.0536474,1.0796951,1.0218426,1.0374562,1.0211086,1.0715574,1.0256408,1.0430148,1.041716,1.0371164,1.0681599,1.0865577,1.0696822,1.0836035,1.0591203,1.0425628,1.0911852,1.0132774,1.0143477,1.0524088,1.0476276,1.0378187,1.0425514,1.0257127,1.0653211,1.0644572,1.0289022,1.046412,1.0528493,1.0222684,1.0295298,1.0212065,1.0789285,1.0297639,1.0416312,1.0389669,1.0599414,1.0766839,1.083781,1.044884,0.9996942,1.0629982,1.0483441,1.038129,1.0508767,1.0425187,1.056102,1.0201868,1.0254982,0.99895614,1.0592659,1.0403671,1.0486128,1.0546571,1.0538104,1.1040978,1.0200876,1.048726,1.0543272,1.0199823,1.0385051,1.0450994,1.0342708,1.0704544,1.0340426,1.0421793,1.0421934,1.1050391,1.0366362,1.0175829,1.0402519,1.0610679,1.054749,1.0287037,1.0658696,1.0363145,1.0370481,1.0238538,1.0766559,1.0730095,1.0437211,1.0428085,1.0338798,1.048968,1.0162516,1.0877008,1.0198723,1.0443207,1.0695888,1.0509454,1.0209006,1.0304542,1.0152029,1.0571187,1.0080078,1.0324419,1.0238547,1.0520546,1.1074195,1.05387,1.0644567,1.06111,1.0889661,1.0985878,1.0530764,1.0366393,1.0402775,1.045289,1.0398993,1.002624,1.080855,1.0356597,1.0456998,1.0665126,1.0767682,1.0524911,1.0705398,1.0749595,1.0804021,1.0819066,1.0377989,1.0536988,1.0216782,1.0524781,1.0559163,1.0279785,1.050936,1.051639,1.0545633,1.0018159,1.0598909,1.0544024,1.0495021,1.0519378,1.0828099,1.0244691,1.0380496,1.0646656,1.0298134,1.0604656,0.9951893,1.0473635,1.0312314,1.0682167,1.0634838,1.0402083,1.0558314,1.0535932,1.0438068,1.0486984,1.0492201,1.1156191,1.0528871,1.0569489,1.0363219,1.0429004,1.0439875,1.0709069,1.0347383,1.0620482,1.053752,1.041663,1.0286616,1.0505084,1.0564837,1.0746106,1.0598725,1.0291163,1.048592,1.0847619,1.0305946,1.0216461,1.0247297,1.0502267,1.0353452,1.0349516,1.0370029,1.0627698,1.084812,1.0522372,1.0567839,1.0372125,1.0248699,1.054045,1.0326937,1.0488616,1.0219374,1.052383,1.0266848,1.0064527,1.0735116,1.0509884,1.0428926,1.0434859,1.067992,1.041258,1.0288928,1.0213581,1.0445917,1.0579079,1.045369,1.06331,1.0519372,1.0547563,1.0621985,1.0557237,1.047519,1.046835,1.0423081,1.0274379,1.0442299,1.0577576,1.0471941,1.0733408,1.0380601,1.0242895,1.0324097,1.0290083,1.0512086,1.0478468,1.0033636,1.0516114,1.06122,1.058754,1.0317707,1.055208,1.055816,1.0148858,1.0099014,1.0793074,1.0533937,1.0739379,1.0709958,1.0301929,1.0416162,1.062575,1.0168335,1.0836259,1.0326653,1.0768511,1.0387819,1.0446086,1.0563333,1.0689243,1.0451002,1.0460851,1.0404122,1.0250227,1.037016,1.0456656,1.0502424,1.0594826,1.0419468,0.99093586,1.0591241,1.015366,1.0699748,1.0183593,1.0207132,1.0636523,1.1192818,1.0614408,1.0243286,1.0528195,1.089544,1.0606672,1.0502282,1.0937376,1.0517442,1.0887042,1.0534096,1.029863,1.0839866,1.0503117,1.0682793,1.0417472,1.0883957,1.073608,1.0613205,1.0643127,1.0323844,1.0438467,1.0644083,1.0314869,1.0372164,1.070414,1.0224758,1.0864706,1.0906205,1.0547262,1.0314438,1.0149674,1.0376451,1.0111719,1.0103418,1.0100123,1.0363766,1.0572933,1.0360731,1.0541434,1.0429064,1.0241578,1.0590597,1.0736706,1.0324135,1.0607486,1.0311395,1.0957359,1.0281082,1.0479845,1.0493202,1.0322171,1.0445131,1.0678002,1.0051827,1.019931,1.0033354,1.0457673,1.0246902,1.007346,1.0778345,1.054679,1.0512441,1.0292277,1.0138001,1.0288157,1.0686724,1.0367012,1.0433837,1.0361304,1.1339519,1.033791,1.0412787,1.0606143,1.0523204,1.0757607,1.0613538,1.0202628,1.0708134,1.0671972,1.0622884,1.0036799,1.0473447,1.0598918,1.0717791,1.0970579,1.0859871,1.0964656,1.0397807,1.0182422,1.021018,1.0647928,1.0400102,1.0627127,1.0835705,1.0754431,1.0325925,1.0485156,1.072615,1.0494674,1.0574708,1.0731863,1.045297,1.0902547,1.0506703,1.055385,1.071789,1.0660299,1.0624628,1.0361812,1.0363629,1.0529387,1.0772927,1.0714564,1.0353186,1.056662,1.0717918,1.0274085,1.0562834,1.0500051,1.0216216,1.0331488,1.0560521,1.0597279,1.0657583,1.0746748,1.0289303,1.0851479,1.0723019,1.0399435,1.1061682,1.0390264,1.0445704,1.0616035,1.0694731,1.0257223,1.0729574,1.0514365,1.0402743,1.0575681,1.0735836,1.0345559,1.057536,1.0667084,1.0612792,1.0908968,1.0565922,1.0445033,1.0766547,1.0289905,1.0038633,1.0341882,1.0213751,1.0250272,1.055509,1.0662837,1.0113727,1.0700248,1.0499092,1.1162772,1.0807819,1.038147,1.0397189,1.064948,1.0541544,1.0317112,1.0772635,1.0875013,1.0465978,1.025295,1.0479287,1.0590919,1.026076,1.0201179,1.1066805,1.0526506,1.0392511,1.0892202,1.0981754,1.0821587,1.0504233,1.0339423,1.0403208,1.0699289,1.0462121,1.054822,1.0647191,1.0653896,1.0454576,1.0380682,1.0497444,1.0629613,1.0889225,1.0793184,1.0406572,1.0598773,1.0564868,1.027622,1.0409768,1.053749,1.0810001,1.0333738,1.0505234,1.0398325,1.0642452,1.0707637,1.0246725,0.9932656,1.0397854,1.0455234,1.0372834,1.0560434,1.0292989,1.0559244,1.0345666,1.0124216,1.0582839,1.0987766,1.0276904,1.0492637,1.0388466,1.053171,1.0487087,1.071336,1.0573395,1.0565745,1.053138,1.0477552,1.0400821,1.078476,1.0573261,1.0525299,1.0575991,1.0548954,1.062639,1.0302275,1.0619645,1.0565462,1.0088212,1.0630492,1.0651112,1.0801691,1.1072986,1.0450693,1.0581646,1.0562673,1.0289752,1.0234076,1.0118914,1.0537925,1.0683378,1.0131112,1.0835669,1.0667199,1.0312332,1.0552372,1.0869315,1.0378935,1.0165144,1.0408981,1.0505072,1.0164602,1.0588758,1.0584155,1.0628895,1.0317023,1.0691534,1.0792695,1.0252461,1.0446221,1.0319461,1.0546739,1.092471,1.059698,1.0899976,1.0264549,1.0391767,1.0181314,1.0937839,1.043861,1.0403426,1.0373044,1.0589378,1.0843337,1.039888,1.0614046,1.0976499,1.0476418,1.0698627,1.0790396,1.0248909,1.0422705,1.0600677,1.0394934,1.0516309,1.0618815,1.0702991,1.0654849,1.0382134,1.0905006,1.0411826,1.0638596,1.0876343,1.045425,1.051688,1.0484152,1.0793762,1.0234151,1.0537744,1.0518982,1.0346453,1.047611,1.0504773,1.0544096,1.0830814,1.04115,1.0377415,1.0684122,1.0791603,1.0473194,1.061115,1.0615032,1.016772,1.0525212,1.0830586,1.0467682,1.0262257,0.9911224,1.1034198,1.0443679,1.0286369,1.0343939,1.0202341,1.0749385,1.0736916,1.0418571,1.0650239,1.0238929,1.0627384,1.0330772,1.0653219,1.0317279,1.0368165,1.0401539,1.0711377,1.0980612,1.0364,1.0458621,1.0997502,1.0788957,1.0043303,1.0266097,1.0545273,1.0552926,1.045236,1.0566716,1.0281678,1.0261492,1.0492637,1.1151354,1.0574067,1.0627214,1.044034,1.0731803,1.0115343,1.069682,1.0574924,1.050278,1.0869377,1.0584456,1.0691973,0.99824244,1.0445554,1.0846138,1.0807301,1.0223329,1.0809087,1.0316763,1.0598592,1.0560098,1.0570455,1.0903813,1.0638388,1.0252749,1.0358111,1.0812027,1.0399544,1.0298818,1.0250716,1.0207015,1.0680014,1.0053227,1.0437119,1.0179968,1.0508354,1.0595688,1.0407467,1.0925252,0.9989771,1.051189,1.0424558,1.0489613,1.0698094,1.0554756,1.0620906,1.0606271,1.0485878,1.0472246,1.0177443,1.0518212,1.0434959,1.0900185,1.0476719,1.0238252,1.0504131,1.0386791,1.0971717,1.0204276,1.0122057,1.0570737,1.0627961,1.056721,1.0678596,1.0631781,1.0740325,1.0238836,1.0213865,1.0363791,1.0331024,1.0417926,1.0617439,1.0504781,1.0839823,1.022768,1.0021942,1.0870634,1.0648625,1.0697155,1.0642943,1.0677567,1.0793643,1.0630839,1.0502849,1.0552627,1.0440114,1.0609663,1.0459396,1.0634767,1.0569606,1.0391747,1.0594324,1.0633825,1.0571191,1.060358,1.0534842,1.068124,1.057858,1.0283939,1.092815,1.0570645,1.07568,1.0619223,1.0674213,1.0696771,1.0512084,1.0849149,1.0321814,1.0456816,1.0323002,1.0651584,1.0069704,1.0280632,1.0118612,1.0742588,1.0322108,0.99993664,1.0585468,1.0713404,1.0445768,1.0680825,1.0498831,1.0510738,1.0410979,1.0542425,1.041832,1.0596114,1.0359174,1.0523478,1.0515586,1.0829092,1.0872033,1.0568268,1.0361782,1.0696795,1.0888457,1.0797205,1.0927426,1.036463,1.0099707,1.0862277,1.0360128,0.9556031,1.061213,1.0624217,1.009474,1.0479808,1.0769079,1.0732887,1.0468259,1.0557541,1.0587444,1.0684322,1.004125,1.0224519,1.0348248,1.0678339,1.0281812,1.0180836,1.0092359,1.0669056,1.0723505,1.0670974,1.0566369,1.0607654,1.0967206,1.0689683,1.0789983,1.0311936,1.0372115,1.0407078,1.0397553,1.0590614,1.0417058,1.0791273,1.0537931,1.0291828,1.0416422,1.0712425,1.0417775,1.0538689,1.0596778,1.0509104,1.0717729,1.0570688,1.0225999,1.0272295,1.0334656,1.0459999,1.0578272,1.0785539,1.0564185,1.0177698,1.0319611,1.0855929,1.0352492,1.0417387,1.0532885,1.0455362,1.0227234,1.0580665,1.0677451,1.0594778,1.0461274,1.0026371,1.0722371,1.0446382,1.0481755,1.0500537,1.0457786,1.0687034,1.0869272,1.0526125,1.0391746,1.04436,1.0190092,1.0466613,1.0611374,1.041709,1.0450488,1.0609934,1.0666056,1.0153167,1.0546279,1.0264926,1.0893711,1.0474015,1.0581479,1.0163721,1.0564826,1.055744,1.0564706,1.0844015,1.0769264,1.034544,1.0781312,1.039157,1.0518368,1.0529761,1.0548683,1.0498637,1.0262876,1.0574434,0.98548466,1.0661561,1.0666838,1.0731435,1.0435104,1.0586476,1.0299615,1.0373355,1.0350767,1.0293698,0.986143,1.0329185,1.0530084,1.027091,1.0520341,1.0406622,1.0848471,1.0560794,1.0386937,1.0291853,1.0472287,1.0433459,1.0157008,1.0585977,1.065603,1.0685177,1.0397471,1.061871,1.0592183,1.0587777,1.0117093,1.0771465
1.4727648,1.463586,1.5144922,1.4782139,1.4415795,1.5279167,1.4700254,1.4458209,1.5009581,1.5153908,1.4813825,1.5005406,1.4962525,1.4950979,1.4740299,1.5011654,1.4871639,1.512806,1.5226996,1.5352899,1.5295743,1.4782623,1.4657202,1.4868164,1.4995427,1.5099409,1.485749,1.4799486,1.4955071,1.4835128,1.4859703,1.4838896,1.5398735,1.5122797,1.4626663,1.5418229,1.5268008,1.5114449,1.5437713,1.4806155,1.4974835,1.4421479,1.4778379,1.5193238,1.5073639,1.4153206,1.4727309,1.5053092,1.4650617,1.438467,1.5208308,1.5160792,1.5156494,1.5085756,1.4954154,1.527711,1.5179262,1.5284303,1.4954299,1.5184058,1.4395102,1.4769622,1.446372,1.5013049,1.4947026,1.5028274,1.4883738,1.4667329,1.4612637,1.4287055,1.5196235,1.4464227,1.4874235,1.498072,1.4855313,1.5104865,1.4463916,1.4979371,1.5136741,1.4893366,1.4852594,1.5318216,1.475159,1.4404117,1.4822865,1.4761009,1.4871701,1.4404261,1.5175514,1.5253868,1.5095611,1.5114107,1.5230649,1.4757657,1.5211178,1.5016513,1.5044664,1.4734585,1.4852018,1.4998827,1.4644109,1.5233209,1.5133747,1.5215073,1.4949607,1.4673231,1.4900831,1.4947197,1.481087,1.521599,1.5065594,1.516747,1.4687223,1.4907835,1.4837147,1.5496832,1.5294927,1.4952824,1.4759758,1.5166894,1.4870938,1.4801469,1.4827979,1.4660984,1.5071396,1.4829448,1.442363,1.466305,1.4736284,1.5114554,1.5041376,1.5140853,1.520815,1.4632713,1.4893583,1.4959033,1.4955952,1.4726278,1.4540344,1.4800704,1.4765394,1.4582564,1.479174,1.4769886,1.4612662,1.528559,1.4431987,1.4665126,1.5032814,1.4824727,1.4643764,1.4820558,1.4833004,1.4940103,1.4806366,1.4958857,1.4612794,1.4888033,1.5249019,1.5012554,1.5284736,1.5108624,1.4521179,1.4752041,1.4866499,1.48257,1.4752511,1.4468282,1.4787979,1.4676878,1.4947318,1.5271062,1.4429021,1.5001152,1.4811857,1.4876864,1.5307505,1.4846957,1.4620501,1.5103209,1.5184408,1.4989014,1.438073,1.4944541,1.4983518,1.4896939,1.4861367,1.5029114,1.5119313,1.521878,1.5143335,1.5225734,1.4711657,1.4463372,1.5062348,1.481105,1.4807377,1.467377,1.4972386,1.4993598,1.4915513,1.464941,1.4704951,1.5152774,1.5241628,1.4704775,1.5096413,1.5736597,1.4754944,1.5249984,1.4962742,1.4863003,1.4692491,1.5147723,1.4782654,1.4713657,1.5277063,1.4866135,1.5009509,1.5065358,1.5127033,1.4573007,1.4795167,1.475486,1.5075125,1.5402253,1.524509,1.4809005,1.4989445,1.4802896,1.5047255,1.4553201,1.4802166,1.508947,1.5056298,1.4604957,1.4819242,1.5522056,1.5307435,1.4553068,1.4895711,1.559851,1.507213,1.5183024,1.4712819,1.5103015,1.4682797,1.5147909,1.5486284,1.5125058,1.4979364,1.4864714,1.4662561,1.502263,1.4985723,1.4912647,1.474808,1.5266047,1.4964886,1.4759465,1.4678272,1.4708952,1.495916,1.4939,1.49939,1.5262226,1.499845,1.4524736,1.5122709,1.4837818,1.4831834,1.4590439,1.4918001,1.469106,1.502152,1.5190936,1.4830639,1.4929695,1.4545743,1.4908928,1.4848657,1.5044013,1.4763144,1.4985145,1.5085758,1.4952626,1.512018,1.4905779,1.4674883,1.5403295,1.5453109,1.5055294,1.5154632,1.5001855,1.4529798,1.4632691,1.4646375,1.534385,1.5113989,1.4544175,1.4845843,1.4926169,1.4958669,1.4642326,1.499875,1.5346165,1.4946203,1.471053,1.4968448,1.4688444,1.5070786,1.5058687,1.5054536,1.4981205,1.4762677,1.5221448,1.5077356,1.4991624,1.4484195,1.4993823,1.4835657,1.4945894,1.4695411,1.4884819,1.4972856,1.5105759,1.41993,1.4979508,1.5099511,1.4324003,1.5015593,1.4680415,1.5025388,1.4422745,1.4947563,1.5123855,1.4923663,1.5048,1.4919947,1.5048393,1.4627075,1.4720215,1.4559245,1.5057616,1.4949127,1.4606447,1.4480159,1.5022895,1.4763312,1.4997545,1.5095117,1.4860916,1.4647725,1.5044128,1.5034511,1.4749966,1.5142268,1.4769706,1.466472,1.4740772,1.5049492,1.4860858,1.5141904,1.4510713,1.462014,1.5395445,1.4697505,1.5077242,1.5268042,1.4851863,1.4606555,1.4523453,1.5397593,1.5295041,1.4656085,1.5090737,1.49527,1.4625708,1.4910574,1.5010936,1.5171089,1.4982603,1.5287794,1.4924608,1.5074669,1.5203601,1.513069,1.5108594,1.4622482,1.467625,1.5152384,1.5028529,1.4740156,1.5063272,1.515788,1.4556365,1.4961364,1.4695982,1.5001267,1.5003792,1.4309238,1.4989322,1.5261705,1.4807377,1.5156596,1.4974802,1.5061874,1.5217689,1.4858828,1.4723247,1.5212843,1.5003839,1.4516491,1.4799412,1.4280955,1.4697357,1.4969378,1.517769,1.4799535,1.5190847,1.4502301,1.4798867,1.4881208,1.4375725,1.466149,1.4689662,1.4913292,1.4719808,1.5005155,1.4540163,1.448,1.4567819,1.5121413,1.4785149,1.5044597,1.5116655,1.5737854,1.4818034,1.4991739,1.4752479,1.457276,1.4952449,1.4685261,1.514287,1.4664909,1.4818475,1.458856,1.4209286,1.5043544,1.4493961,1.4752821,1.5170143,1.5001287,1.459674,1.4746684,1.4718202,1.4688016,1.5195208,1.4713751,1.4863322,1.5360223,1.4690174,1.4938749,1.4860208,1.4607966,1.5056505,1.4962112,1.4861051,1.4879589,1.5234128,1.5058544,1.491039,1.5298456,1.5023931,1.4954695,1.4793859,1.4827046,1.4990929,1.5056678,1.4572873,1.4583843,1.5171686,1.497391,1.4614644,1.4904886,1.4503481,1.4862821,1.4749388,1.4903078,1.5183988,1.478858,1.4441773,1.4780641,1.5064913,1.5425469,1.5024331,1.5226302,1.4689436,1.4834491,1.4966881,1.4610184,1.4636656,1.4968826,1.4571674,1.4937606,1.4652685,1.5158355,1.4982722,1.4530718,1.4562947,1.5184376,1.4990385,1.4442781,1.4911618,1.4719551,1.4780556,1.4775612,1.4714133,1.4678032,1.4897473,1.5407555,1.4697982,1.4482557,1.4795207,1.5128422,1.526638,1.498072,1.5364921,1.4744538,1.4824463,1.538708,1.4912735,1.5569248,1.5231086,1.5193961,1.4900421,1.5197086,1.5221357,1.4736761,1.4849639,1.5044628,1.4921478,1.4906161,1.5508231,1.4935641,1.461179,1.497833,1.4567274,1.4797424,1.5091379,1.5231152,1.5221505,1.496005,1.5486715,1.4841675,1.473328,1.5528221,1.4850723,1.5566201,1.5610266,1.4769701,1.4369481,1.4535518,1.4932157,1.5024805,1.4766861,1.4989936,1.4943395,1.5382383,1.4727501,1.501085,1.495027,1.5008062,1.5011673,1.4760689,1.477398,1.5166731,1.5282006,1.4702315,1.4722028,1.49203,1.4884017,1.5101833,1.5057883,1.4727101,1.4743468,1.4922482,1.5295937,1.4872954,1.4929028,1.4834585,1.5024893,1.515773,1.5657967,1.4949253,1.5007665,1.5085511,1.492026,1.4977705,1.5075979,1.5091933,1.4648671,1.4645014,1.4694675,1.4580705,1.4904408,1.4731531,1.5184358,1.4693558,1.4747988,1.4995253,1.4816655,1.5028085,1.4629866,1.479284,1.4902936,1.4820504,1.4769017,1.5187753,1.5147502,1.4555668,1.5598522,1.4653001,1.4708966,1.4315776,1.5027041,1.4789968,1.4701753,1.4804116,1.5053052,1.4793632,1.5341612,1.5006266,1.5065565,1.4862498,1.5415841,1.483465,1.4907004,1.5021766,1.4880502,1.5095838,1.5131084,1.4897071,1.4528818,1.4945856,1.4446989,1.4814972,1.4590224,1.5113555,1.5522636,1.4895532,1.4812546,1.4497877,1.4954752,1.5066725,1.5335555,1.4755974,1.4935881,1.4709852,1.5014514,1.4735683,1.4877002,1.500234,1.5420449,1.4825603,1.5180204,1.4877247,1.4627106,1.4796088,1.4693614,1.4901013,1.5004005,1.5595292,1.4906017,1.5079231,1.4486883,1.4789398,1.4377931,1.478613,1.4568168,1.5437236,1.494195,1.5192912,1.4898692,1.5084543,1.5214561,1.5209498,1.5163943,1.473045,1.514003,1.5379285,1.4925535,1.4843506,1.489036,1.5090821,1.4543017,1.4384881,1.4733375,1.4506707,1.5482436,1.4468269,1.4714984,1.4717256,1.4307374,1.4680643,1.4928615,1.4767168,1.461578,1.4713378,1.4961257,1.4959507,1.4855462,1.4790498,1.4461379,1.5067173,1.509511,1.4855961,1.4930491,1.4913846,1.500103,1.4689819,1.4821202,1.4299302,1.4937649,1.5028645,1.4881012,1.5354811,1.489465,1.5040202,1.530136,1.4800463,1.503989,1.50163,1.486573,1.5199121,1.5046996,1.517672,1.4329194,1.4963124,1.5023484,1.5398517,1.5215747,1.4393462,1.4855527,1.4564266,1.5044997,1.499121,1.5241754,1.4642797,1.5051373,1.4888011,1.485314,1.4533613,1.4633386,1.4826446,1.4829729,1.522332,1.4644233,1.5463017,1.4678047,1.4890903,1.4687933,1.4866307,1.4924355,1.5063941,1.5041916,1.5168757,1.5036228,1.511733,1.4851571,1.5623188,1.4729242,1.516862,1.5038216,1.4778156,1.4994347,1.4741235,1.507741,1.5301002,1.4900259,1.497171,1.470764,1.5052214,1.486427,1.4519747,1.5091318,1.4548323,1.5246984,1.5233369,1.4927754,1.5455183,1.4786432,1.4546016,1.4753389,1.4622767,1.4856864,1.4889427,1.4756603,1.5198333,1.5189862,1.4962649,1.4921776,1.4616123,1.4786714,1.4706204,1.5062501,1.4907467,1.4808943,1.5277765,1.5287179,1.4768505,1.5414912,1.5151817,1.4999921,1.4740798,1.4972523,1.4809978,1.4541056,1.4211607,1.4855928,1.5098993,1.4901739,1.4545118,1.4594212,1.488463,1.5001233,1.5062447,1.5243939,1.5132848,1.4677342,1.4901834,1.5025687,1.4584261,1.4382417,1.4815872,1.5067704,1.4618851,1.4809355,1.5207491,1.5193045,1.4585737,1.4765438,1.4915748,1.4959642,1.4919102,1.5281143,1.4754813,1.4718642,1.4659457,1.4683903,1.5352156,1.5182048,1.4595621,1.516355,1.4465094,1.5139006,1.4886786,1.4996798,1.5184972,1.506227,1.5206618,1.4765191,1.5369966,1.5049937,1.4692764,1.4890928,1.4997888,1.4954762,1.4906949,1.5249927,1.4537759,1.514633,1.4663548,1.5259224,1.4747233,1.4822761,1.504551,1.4814569,1.4912629,1.4676017,1.5080422,1.466217,1.492126,1.5145258,1.4321121,1.4747247,1.5165311,1.4850937,1.4925063,1.490028,1.5198803,1.4886694,1.5087677,1.487385,1.4810367,1.4611158,1.48963,1.4997314,1.4903926,1.4713986,1.4850554,1.4531771,1.5086343,1.4886425,1.5099591,1.4982133,1.4537718,1.473911,1.5231996,1.4634864,1.4907714,1.492494,1.4665955,1.4638909,1.524371,1.543541,1.5177134,1.4802741,1.4781905,1.502343,1.4716892,1.4448999,1.4876884,1.4691955,1.5115621,1.4897435,1.4904917,1.5034858,1.4938942,1.507652,1.5251768,1.4573717,1.5382638,1.5304806,1.4642028,1.5086092,1.4800218,1.4873255,1.4479134,1.5276108,1.4866967,1.4761835,1.5204034,1.4856651,1.5065528,1.5161607,1.4661279,1.5015616,1.5193822,1.4698335,1.4898767,1.4994245,1.5108426,1.4582491,1.5357335,1.5055068,1.5413013,1.500425,1.4645226,1.4896173,1.5208094,1.4592545,1.4773525,1.4946014,1.4624511,1.4930481,1.4382277,1.4795511,1.4863476,1.5407519,1.4941039,1.4600437,1.4762846,1.4770048,1.4570333,1.5216453,1.4811798,1.4976369,1.5014709,1.4997687,1.5112995,1.4444741,1.4545823,1.4711603,1.5030819,1.547826,1.4823735,1.4709443,1.4720497,1.5066524,1.4988145,1.4991957,1.474286,1.4848876,1.5088924,1.4792308,1.4780208,1.5052221,1.4889529,1.5394915
0.44358602,0.4433642,0.47205648,0.47330847,0.4735777,0.48629016,0.46337745,0.4827084,0.46531495,0.46451026,0.46345544,0.47440898,0.4530167,0.44370967,0.45293522,0.49031982,0.49359778,0.47274882,0.51587874,0.49037132,0.46186233,0.4835204,0.4463033,0.47410747,0.47133005,0.4733975,0.45747596,0.44373605,0.4581523,0.44070908,0.4626045,0.44811672,0.42605144,0.449939,0.49374297,0.48887062,0.45058435,0.46555448,0.48315975,0.44676688,0.45770016,0.4586049,0.4328776,0.47443828,0.4454246,0.4531359,0.4879234,0.46408135,0.4394388,0.45176396,0.43056187,0.46102518,0.44870567,0.4731027,0.47452185,0.472403,0.44898885,0.44811594,0.46252167,0.47354838,0.47775733,0.45642012,0.45685187,0.4499699,0.46186426,0.47539994,0.43618387,0.49696296,0.4677797,0.4734531,0.47108898,0.49287432,0.42765707,0.47594124,0.47750062,0.45325986,0.44082195,0.47301212,0.48847166,0.42411798,0.44657174,0.44521317,0.47486192,0.45085713,0.44693547,0.45618176,0.4558792,0.46374357,0.46570045,0.49679816,0.473749,0.45135537,0.44590646,0.49347082,0.44593346,0.48191497,0.46498087,0.45265946,0.48409575,0.47132844,0.43470636,0.47344747,0.48909745,0.4202717,0.45748404,0.42311448,0.44261888,0.44053686,0.42891586,0.42879298,0.46923727,0.4562699,0.4669887,0.43381792,0.4487902,0.46997303,0.5085642,0.45838714,0.41695586,0.47054407,0.44379118,0.5046128,0.47800398,0.445553,0.4386885,0.47004694,0.47083962,0.5144723,0.4601608,0.4943226,0.46530676,0.4917557,0.50670743,0.4488694,0.4850814,0.49080247,0.42085758,0.46985942,0.47679088,0.4643957,0.4653956,0.49033123,0.45952332,0.4522958,0.48211825,0.4756429,0.42680222,0.44202396,0.46023694,0.45138782,0.45560718,0.48280004,0.4743106,0.45463538,0.42674217,0.4178497,0.5020962,0.5091153,0.42204803,0.5119278,0.4322088,0.461993,0.44900793,0.50231713,0.4403193,0.4510486,0.45310214,0.4124284,0.46494418,0.45781505,0.47527644,0.45691302,0.40951,0.44918165,0.42435104,0.47645813,0.45848364,0.48727867,0.47035083,0.42792407,0.47702548,0.4802607,0.45891556,0.5205947,0.47100955,0.4660968,0.42984724,0.4666606,0.43413198,0.4456975,0.4560214,0.4607563,0.49151462,0.4845923,0.44949824,0.47892058,0.45479077,0.5109558,0.43271866,0.50478107,0.43525216,0.45957556,0.43308595,0.44264525,0.48224068,0.4644842,0.46452993,0.4807778,0.4890279,0.4849096,0.4534378,0.48195598,0.48627955,0.50160253,0.45936987,0.45497566,0.483557,0.48125908,0.4808012,0.50704795,0.48979083,0.46259972,0.4251582,0.4559986,0.46995562,0.46737355,0.42015767,0.46634644,0.47235173,0.53180397,0.4881552,0.49140173,0.45004582,0.47609594,0.48487532,0.4391516,0.47294173,0.44338837,0.44123736,0.44101322,0.45557082,0.45352066,0.464535,0.4455404,0.48057693,0.45150453,0.401541,0.47286212,0.4152975,0.45574832,0.4755244,0.48590168,0.51021713,0.44445047,0.5026863,0.49098107,0.4889382,0.4510072,0.4952944,0.44577715,0.47758263,0.47958076,0.4461382,0.45980275,0.4459254,0.44310766,0.45316988,0.481516,0.4678674,0.45640457,0.49028522,0.4912162,0.48252854,0.49264497,0.4879859,0.4542302,0.45506808,0.47692236,0.48227078,0.48673552,0.46563074,0.45715493,0.46124598,0.43345502,0.46921587,0.4339712,0.45219824,0.46679422,0.4518161,0.4324643,0.4108224,0.5019007,0.44649768,0.43289712,0.44375592,0.4552947,0.46915495,0.46320823,0.41395852,0.4377513,0.47423464,0.47632837,0.47384375,0.41435403,0.46928716,0.43969065,0.46315554,0.45441392,0.48028153,0.44518432,0.49272037,0.4744579,0.5155091,0.45680505,0.4798754,0.47875223,0.5005889,0.43880653,0.4619728,0.4733247,0.4795274,0.4563163,0.48112398,0.46066302,0.46934342,0.46833253,0.4807364,0.46550244,0.49633887,0.4615321,0.46441373,0.4592264,0.45387745,0.44799936,0.46016282,0.4481609,0.49424154,0.49182293,0.44448948,0.4938884,0.45884517,0.47103852,0.42954752,0.48029867,0.44405875,0.49259344,0.48392177,0.49605262,0.48847467,0.47895867,0.47779617,0.50133437,0.4804751,0.47682297,0.4889243,0.41746768,0.46018755,0.44143817,0.4618309,0.4640387,0.46305102,0.47093517,0.4463131,0.5110228,0.42605102,0.49097818,0.46867442,0.47304797,0.444877,0.43024313,0.50329953,0.47262168,0.49741933,0.46902043,0.46003067,0.48843932,0.46287808,0.44695306,0.4678637,0.43915117,0.4504574,0.48333874,0.48156884,0.43688676,0.4693547,0.4754885,0.49347812,0.44720733,0.4540825,0.46399713,0.4504862,0.48753402,0.46363425,0.43695784,0.5181777,0.45898604,0.4762309,0.45226458,0.50339276,0.46534562,0.45158327,0.4181105,0.4461991,0.48683372,0.46678275,0.43144962,0.44324195,0.4487641,0.44663575,0.49405494,0.46157154,0.5232059,0.45464393,0.4874636,0.45205504,0.44024497,0.45319527,0.4909367,0.46236992,0.49878106,0.44053134,0.40057608,0.4782698,0.45592785,0.43744093,0.4444962,0.48338005,0.45525956,0.46590623,0.4763132,0.45650765,0.47286114,0.5123598,0.47420365,0.4885507,0.41626555,0.45249668,0.44785246,0.46560252,0.48346788,0.4382818,0.45530894,0.49848902,0.43578,0.45982847,0.47517923,0.51435804,0.44992256,0.46423727,0.46291822,0.45033953,0.4614453,0.483489,0.48782918,0.49419636,0.51167697,0.43687192,0.51085883,0.49177843,0.49184462,0.47566137,0.5069473,0.4673074,0.46487507,0.48342708,0.39053985,0.45079327,0.44101563,0.50711346,0.45980743,0.4734487,0.45863897,0.4595686,0.43862084,0.4329841,0.4311424,0.42493826,0.45093986,0.42176625,0.47461462,0.46528757,0.46639955,0.43633044,0.4307592,0.49621192,0.5110815,0.46207216,0.4711205,0.42766032,0.4647506,0.46143618,0.4470318,0.4710381,0.47122505,0.4477039,0.43807673,0.4806661,0.46630234,0.49224314,0.45821035,0.47040933,0.44905442,0.46285933,0.46550095,0.44810677,0.48465765,0.46992478,0.4724856,0.44189993,0.4302223,0.45688823,0.46154848,0.4417855,0.4487469,0.48430446,0.47275758,0.44019198,0.47627604,0.4878743,0.47753024,0.45377877,0.48615515,0.4463473,0.47071183,0.48103932,0.47623122,0.46664903,0.48382413,0.45036662,0.48308018,0.47110927,0.46432808,0.46058646,0.48627067,0.4473411,0.45060784,0.48274916,0.45487475,0.5008552,0.43471622,0.48726112,0.47538203,0.50933945,0.47136062,0.52409166,0.49408966,0.46322268,0.4362986,0.477121,0.47943395,0.4677712,0.4627262,0.45862886,0.42072073,0.4774956,0.45001352,0.47004658,0.4256309,0.47512475,0.43032846,0.45248997,0.4851673,0.50519055,0.44080073,0.4762174,0.4693119,0.47546083,0.44983846,0.45820114,0.44590023,0.41712737,0.4474719,0.45314896,0.44137317,0.4704197,0.45323175,0.39298153,0.47375232,0.45181248,0.44507796,0.4857893,0.4788072,0.48637342,0.48113257,0.49337417,0.4590439,0.4307444,0.48257908,0.4694635,0.4833955,0.4627277,0.45692328,0.45172393,0.45539382,0.5042107,0.4211825,0.42876607,0.4621008,0.47402188,0.46475288,0.46033004,0.47132447,0.45833188,0.45307627,0.4907127,0.47220722,0.452129,0.47547495,0.48158705,0.47902,0.44828802,0.4573752,0.4615831,0.4899782,0.48196808,0.4535679,0.43716875,0.45592576,0.4641676,0.47675806,0.4252883,0.43667465,0.44111556,0.4503307,0.4893534,0.49480125,0.4632735,0.42343837,0.46945292,0.44448924,0.5027497,0.46303925,0.48233443,0.48661572,0.42609707,0.48658448,0.41669488,0.44492298,0.46577188,0.44978708,0.48269966,0.44298106,0.5167672,0.47304475,0.44140506,0.45948496,0.4087028,0.4255903,0.4725128,0.4796607,0.44656563,0.47791654,0.51130766,0.47683907,0.41265908,0.46302664,0.411452,0.46145535,0.4491655,0.47560397,0.48478675,0.44588023,0.46337253,0.42909202,0.45432484,0.46257967,0.48539716,0.46465835,0.4795299,0.4390718,0.47972545,0.43695152,0.47509694,0.45140833,0.48296237,0.43841514,0.48079586,0.4397889,0.4568292,0.46202135,0.4386755,0.4514128,0.43802974,0.47288463,0.45156947,0.46645102,0.45675987,0.4823171,0.44789892,0.45469344,0.4534352,0.43461144,0.46927047,0.48213413,0.48355946,0.4275667,0.48961267,0.47891086,0.46353215,0.50386137,0.49836493,0.47946683,0.45744222,0.4655292,0.4716453,0.45414782,0.45164508,0.4365744,0.44137475,0.48964337,0.5024952,0.48432535,0.4412368,0.44281098,0.46596134,0.45492625,0.4435706,0.4637694,0.45711604,0.46111935,0.49567145,0.51572186,0.44188935,0.4468146,0.44237992,0.48458898,0.468221,0.45363063,0.4673285,0.5021417,0.49152708,0.45475015,0.44469202,0.4577858,0.4576018,0.47494072,0.48022357,0.43840516,0.43985745,0.48275092,0.4980436,0.4750263,0.44538483,0.5096206,0.4401954,0.4730145,0.44832188,0.49741352,0.47379142,0.4767506,0.43876356,0.4575222,0.4470366,0.44850957,0.46030968,0.46987498,0.42678624,0.45087257,0.44627327,0.44238812,0.43846375,0.4825012,0.47380298,0.45396808,0.4621239,0.44128504,0.47944188,0.46186134,0.4616218,0.44480723,0.47233093,0.4740076,0.5058693,0.43251315,0.46224636,0.4533039,0.498467,0.48797512,0.48793882,0.4377336,0.45756522,0.46937355,0.43417343,0.44103628,0.46044093,0.43692052,0.48598242,0.4498348,0.43949693,0.44366968,0.52634966,0.43833774,0.4883405,0.45068452,0.5390904,0.4628863,0.46727082,0.46985954,0.5068234,0.44838297,0.46022883,0.46453887,0.44253317,0.44788563,0.4727986,0.48309788,0.50571895,0.45539206,0.4427722,0.46376076,0.46304765,0.46931925,0.4666372,0.45945862,0.4815765,0.44352657,0.42468467,0.43849543,0.47662395,0.48495755,0.44562447,0.43894386,0.4593832,0.4587734,0.44586137,0.45048836,0.48162618,0.4211443,0.47963533,0.4803419,0.45007992,0.456426,0.4392512,0.47639996,0.51618856,0.47229496,0.47706816,0.48289144,0.49590236,0.46623686,0.49893406,0.45798966,0.49097523,0.4667129,0.4604965,0.4933557,0.44710344,0.4869547,0.4797126,0.4846705,0.45185086,0.455116,0.43310356,0.42359686,0.4767853,0.45239007,0.48970747,0.48001385,0.457865,0.39694932,0.45946488,0.48158544,0.47678718,0.5018603,0.46599635,0.4601885,0.48062837,0.4628678,0.48231104,0.5221182,0.45331627,0.46712396,0.46963078,0.4648612,0.43066096,0.42305452,0.44904634,0.47915804,0.47714218,0.46732828,0.47083426,0.439276,0.4432532,0.44005784,0.44382524,0.47328326,0.50287896,0.4489753,0.43754324,0.4737164,0.48133668,0.47164896,0.44837472,0.46784592,0.47526914,0.43370438,0.47440943,0.4907536,0.45413902,0.47696596,0.4760352,0.49324214,0.44284064,0.44948584,0.4740783,0.4746134,0.4729399,0.47303054,0.4401249,0.4515698,0.4816344,0.4686467,0.46542794,0.45763364,0.46426398,0.47166663,0.5030171,0.47967485,0.48490137,0.47992316,0.4250431,0.47847822,0.5070972,0.47734082,0.4934194,0.45142978,0.47937226,0.46313888,0.46683058,0.4412216,0.5017607,0.45383123,0.44921717,0.45853403,0.47044396,0.46509996,0.45950264,0.4420022,0.48151243,0.47922623,0.4646492,0.45841587,0.46484828,0.4754371,0.48880032,0.42310297,0.4760405,0.46732345,0.46011198,0.47327152,0.4532209,0.47050536,0.49654466,0.4799325,0.45046553,0.46621576,0.45021486,0.47469825,0.45459777,0.47542667,0.4593765,0.45546442,0.4925806,0.44790417,0.44473368,0.4544877,0.49991652,0.47962964,0.43760666,0.47993004,0.43427533,0.45156962,0.46804628,0.4959143,0.44469476,0.42681152,0.45187634,0.4306324,0.46746713,0.4565787,0.45955783,0.46455273,0.4888831,0.45628202,0.45850122,0.47904488,0.47733316,0.44744697,0.44715026,0.49796736,0.47584537,0.45025668,0.45073077,0.48566774,0.48879904,0.4825132,0.46589667,0.47115284,0.47992083,0.44834423
