0.47956154,0.4631727,0.48968807,0.469551,0.46541145,0.48560897,0.46202108,0.47054487,0.46648282,0.4784353,0.47423702,0.47764188,0.46495846,0.48939365,0.46716294,0.4850436,0.4686528,0.4699968,0.46168852,0.46866894,0.48113772,0.46280232,0.4804655,0.46252608,0.46866968,0.47883216,0.46277794,0.4622321,0.47580934,0.47464624,0.47213045,0.45092458,0.46905676,0.4547302,0.4530567,0.46163547,0.46649152,0.4886373,0.4544938,0.4691649,0.46666306,0.47516048,0.4619999,0.47501615,0.47624403,0.46392527,0.4619102,0.48961586,0.46769407,0.4755839,0.47340408,0.48256734,0.49610496,0.47706214,0.46630606,0.46246624,0.48097378,0.4898856,0.46643913,0.4736687,0.49359137,0.48015323,0.46413785,0.46820033,0.46214673,0.46979186,0.47974822,0.46281746,0.4717559,0.47897425,0.48494974,0.48157185,0.48304933,0.47320002,0.46775758,0.47597343,0.475196,0.4764552,0.5015693,0.4841739,0.46692035,0.47312245,0.47105744,0.48132533,0.47030285,0.4844858,0.46700266,0.49601337,0.46621078,0.4737911,0.47802654,0.49350548,0.48186114,0.46939775,0.48080194,0.4602563,0.46938908,0.47492772,0.45063356,0.46513763,0.4864521,0.48194128,0.47374135,0.46513453,0.4739554,0.48145735,0.46639803,0.47764868,0.46944213,0.45626432,0.44368234,0.48412076,0.47016472,0.48823225,0.47608787,0.4744451,0.4739459,0.48140642,0.46635538,0.45955247,0.4809541,0.4752232,0.47474486,0.47147444,0.46464518,0.48485672,0.47833982,0.48303452,0.4671502,0.47894448,0.46061367,0.46292773,0.47842342,0.5009578,0.46477938,0.4765735,0.46736532,0.48809487,0.4703998,0.4978132,0.45679992,0.47127378,0.47394842,0.46537825,0.47730818,0.47131026,0.46459326,0.48727638,0.4770121,0.4903493,0.49155298,0.48124784,0.46071652,0.45763582,0.47912613,0.47908688,0.4733895,0.47031784,0.46065724,0.48873377,0.47153673,0.50173604,0.4591102,0.46965042,0.47820032,0.46464702,0.4864199,0.47739467,0.4734386,0.46711418,0.4870925,0.48758695,0.4834592,0.47453108,0.4667669,0.4760558,0.46462268,0.48109806,0.46665922,0.50343543,0.46940482,0.4798174,0.4536581,0.45307288,0.48768505,0.47880232,0.479956,0.47416908,0.47281003,0.48531243,0.46706533,0.46208075,0.45828685,0.47480848,0.47429767,0.47013932,0.47514412,0.46408084,0.47999448,0.48380214,0.45928872,0.46586862,0.46420047,0.4740868,0.4649885,0.48476183,0.47294235,0.4821769,0.48087528,0.47929156,0.47421458,0.46781993,0.47171518,0.45651808,0.47217426,0.4667506,0.47017586,0.47202232,0.47363827,0.47164026,0.48934278,0.46813706,0.4836224,0.47143984,0.4880069,0.46502593,0.44973707,0.46964493,0.46172273,0.469324,0.46867114,0.4438889,0.49433753,0.46662483,0.46116424,0.48028746,0.48001128,0.47468814,0.47545862,0.46867612,0.47808167,0.46596166,0.47941408,0.4825443,0.4664787,0.48941773,0.4845452,0.47379568,0.4757716,0.46718395,0.46347466,0.4569664,0.45638296,0.47268388,0.4779308,0.4504283,0.49331868,0.47310805,0.4894836,0.4670113,0.48032042,0.46686372,0.48777947,0.47316515,0.46849382,0.47532293,0.47669882,0.47036624,0.46781301,0.4714005,0.48147675,0.49128148,0.47915077,0.4624777,0.46734408,0.48113558,0.47190064,0.4818903,0.47224373,0.48688477,0.47891617,0.47295797,0.47449663,0.46070898,0.48203617,0.48452604,0.47814232,0.46093002,0.46276018,0.46917012,0.48403624,0.47166163,0.4633576,0.4794033,0.49212837,0.47121057,0.46693185,0.48360044,0.4728809,0.47983062,0.4793918,0.47889936,0.47890294,0.48371434,0.4815463,0.47586432,0.46681207,0.47383586,0.46052194,0.48005545,0.48627487,0.46689397,0.4650758,0.483144,0.49904454,0.46596727,0.4565617,0.48521245,0.49008378,0.47220263,0.48611042,0.4706467,0.46532002,0.48079205,0.46755365,0.46542615,0.4625859,0.477686,0.47675085,0.46432287,0.4564007,0.48066947,0.474077,0.46539393,0.47738838,0.47197628,0.47028244,0.48117927,0.47791317,0.48138264,0.4659078,0.45653632,0.45195752,0.4891148,0.46184087,0.475241,0.47421554,0.4764223,0.48758608,0.47919825,0.48325264,0.4682747,0.47582272,0.46982613,0.45986068,0.46960205,0.48419556,0.45985955,0.4614308,0.4545785,0.47877365,0.4722972,0.46251392,0.47009337,0.46511906,0.4711694,0.45866334,0.47885573,0.47721547,0.48026353,0.4730192,0.48408473,0.47683904,0.46347272,0.46550438,0.45707762,0.48135585,0.47757378,0.478742,0.48369092,0.45595273,0.4728758,0.4760698,0.48002303,0.47409436,0.465212,0.47870833,0.47836515,0.48680675,0.46490672,0.4569238,0.46457127,0.48063213,0.4832484,0.4634387,0.4756858,0.47770253,0.4758708,0.4701292,0.4902392,0.4635139,0.4644461,0.46967378,0.48988616,0.45802382,0.48650795,0.5068219,0.4757238,0.48050252,0.4799033,0.48191687,0.46570325,0.47850296,0.48177117,0.46095973,0.45992705,0.5100092,0.47457752,0.49311242,0.48535228,0.48636353,0.47740102,0.46606335,0.4835084,0.46050006,0.4712012,0.46696162,0.47323543,0.46580854,0.47367746,0.48796222,0.4697539,0.4564312,0.46747163,0.48653993,0.47724485,0.4826784,0.47447336,0.4747135,0.45991814,0.4800251,0.4650301,0.48561254,0.46294847,0.46930438,0.4721313,0.48494568,0.47316647,0.4722025,0.46591097,0.4667518,0.47946334,0.47552797,0.47127703,0.4900585,0.49415916,0.4775087,0.46420375,0.46240887,0.46686286,0.47547218,0.46880046,0.45845878,0.4770274,0.48165897,0.48640025,0.4842364,0.4685421,0.48999432,0.46262944,0.45901567,0.47671536,0.4718554,0.47631997,0.46621773,0.46807975,0.47414297,0.47144663,0.46605083,0.4866435,0.4525969,0.4606951,0.48280346,0.47245765,0.46986473,0.49345848,0.4762092,0.46987996,0.47024488,0.48813277,0.47720644,0.4866543,0.4846979,0.47161964,0.46977666,0.46863392,0.46624878,0.48524088,0.485108,0.45829952,0.4850496,0.4593634,0.48059875,0.45989278,0.4714224,0.473889,0.47078037,0.46431667,0.48298493,0.46519113,0.47805423,0.46296608,0.48040968,0.47431248,0.468196,0.47287095,0.4710998,0.47672054,0.49080026,0.48598653,0.46659696,0.47310624,0.44351047,0.46617478,0.4786548,0.48271072,0.4853951,0.4773051,0.4668721,0.45681998,0.47996554,0.47655302,0.48728237,0.4739176,0.47188175,0.48750162,0.47567725,0.473192,0.47355223,0.4680686,0.4673592,0.46467,0.4592642,0.48014078,0.47514147,0.48613948,0.47360116,0.4950445,0.47050178,0.48237848,0.47575095,0.4727413,0.482374,0.46004188,0.47690362,0.46838287,0.4820409,0.4731291,0.4704824,0.48678553,0.48388445,0.47327644,0.4790575,0.4724618,0.50572467,0.48551583,0.4611232,0.47314128,0.47544068,0.47328597,0.46283296,0.47640198,0.4816015,0.45912275,0.4905457,0.4840523,0.48014075,0.46739876,0.4711919,0.48240063,0.47878852,0.47595513,0.48512894,0.47964743,0.47273898,0.48828524,0.45417005,0.47705206,0.45864418,0.46887612,0.47686663,0.4735841,0.45996204,0.4678534,0.47751445,0.48643973,0.47688738,0.4700012,0.47100472,0.50246155,0.47226208,0.46813866,0.4782618,0.45735815,0.48017913,0.47079927,0.44694918,0.4743582,0.46728247,0.4860911,0.48326233,0.47451702,0.48013353,0.48962873,0.46459192,0.48892194,0.48195958,0.47474712,0.47119853,0.47262907,0.47945774,0.45180488,0.49776965,0.4669946,0.48294643,0.46631292,0.47870404,0.47327286,0.4652605,0.46451348,0.45776016,0.47692305,0.45732832,0.4710555,0.4831084,0.46597973,0.4817319,0.45268616,0.47888434,0.4729336,0.48190784,0.4651381,0.46084544,0.48359978,0.47948015,0.46970627,0.47028577,0.4812975,0.46159413,0.47889498,0.47994807,0.4715025,0.47354642,0.46883813,0.47061038,0.46944854,0.46744603,0.46250752,0.48371848,0.46191883,0.45486838,0.47831234,0.4658382,0.47356775,0.46937403,0.46878973,0.4841646,0.4881391,0.49099723,0.47418052,0.48568398,0.50170785,0.47113374,0.46427682,0.47330594,0.48806593,0.47332668,0.4753278,0.45685905,0.45988786,0.47673017,0.47544956,0.48604655,0.45790675,0.46762633,0.46893898,0.46361017,0.4735754,0.47122517,0.48454908,0.463391,0.49653724,0.46923602,0.46499494,0.48100612,0.47830012,0.4848742,0.46859422,0.48360893,0.47275802,0.47459206,0.45576033,0.47597834,0.45008868,0.47673142,0.47998798,0.48930547,0.46300054,0.48788607,0.48315343,0.4742842,0.4704268,0.46427214,0.47359595,0.4675282,0.46324605,0.47284284,0.4674951,0.45905137,0.4641546,0.47125986,0.46012703,0.48334178,0.48148084,0.46003175,0.46048117,0.47294727,0.4786888,0.47698766,0.47853988,0.49153808,0.46650535,0.47520825,0.46133035,0.46465656,0.46664056,0.46504787,0.47607037,0.4705311,0.48198563,0.4687383,0.469112,0.4770723,0.45814884,0.47033182,0.47395808,0.4739212,0.47818565,0.5001515,0.4767889,0.47059852,0.4782292,0.46538094,0.47444436,0.46081626,0.47732142,0.45362732,0.47784117,0.47468904,0.4703586,0.4951657,0.48870635,0.4752639,0.47127703,0.44907576,0.48510626,0.45874238,0.47700348,0.47320274,0.46441698,0.4752333,0.48362008,0.45687357,0.48290434,0.47360557,0.45980173,0.46853393,0.4636739,0.47734797,0.48106685,0.47675487,0.46632618,0.4767605,0.47330755,0.46373615,0.47035432,0.46740228,0.47554213,0.47259033,0.48369923,0.47970042,0.48214844,0.46912253,0.47758913,0.46233517,0.46746284,0.48909202,0.4735022,0.47315767,0.4841754,0.46727735,0.49164656,0.4719632,0.48104757,0.47869894,0.4792381,0.48147762,0.46473685,0.47298425,0.47708294,0.48500094,0.4875106,0.4716419,0.46848348,0.4724964,0.46779978,0.47166967,0.4872126,0.47640663,0.47753078,0.48166174,0.47072774,0.47212926,0.48524964,0.4850194,0.4622769,0.4741717,0.48142785,0.45054334,0.46293944,0.47148365,0.4740956,0.47086126,0.47288975,0.47626787,0.48095435,0.47989643,0.47597775,0.47840524,0.4842147,0.47022292,0.47870335,0.4688332,0.4762046,0.47682178,0.48087573,0.47618014,0.45863572,0.4708306,0.476471,0.46160868,0.4747062,0.46940744,0.46904224,0.45679212,0.46410868,0.4735954,0.4772575,0.45935443,0.4653973,0.48091367,0.46733332,0.46326938,0.48899662,0.4898603,0.46073902,0.4746015,0.48082834,0.47888106,0.47185472,0.47620484,0.45853767,0.4833824,0.47061357,0.46326554,0.46159372,0.48133454,0.48559174,0.46216255,0.47000262,0.4754952,0.46020734,0.47906986,0.48336667,0.4772048,0.47260296,0.48267332,0.47381943,0.4632277,0.4707744,0.4703814,0.4719583,0.48107827,0.4676609,0.48129648,0.48767078,0.47584522,0.48469335,0.46407437,0.4791376,0.47196072,0.45813257,0.46656182,0.48855114,0.4823858,0.45822293,0.4688268,0.47271702,0.47207952,0.47125056,0.4720936,0.46893492,0.47177422,0.46147776,0.48829773,0.48913732,0.48719293,0.47553906,0.46682748,0.46775392,0.4752117,0.4778886,0.48885658,0.47138926,0.46327445,0.4873884,0.4714273,0.47220954,0.46735126,0.47194645,0.4729953,0.48322263,0.48383215,0.47153133,0.46696225,0.49174014,0.47129345,0.48047,0.46048316,0.4860083,0.46649966,0.4762102,0.4612159,0.46837687,0.48096335,0.47399342,0.4793382,0.47635025,0.47658035,0.46641302,0.47555885,0.47470704,0.48536617,0.4832312,0.4783524,0.45445243,0.46280113,0.4749178,0.47049606,0.4716544,0.4526795,0.4833156,0.47305593,0.46337768,0.46829474,0.47070602,0.47292396,0.47155792,0.4755422,0.4784332,0.45802304,0.4703278,0.48404998,0.4838899,0.47476745,0.4799674,0.45863616,0.45223856,0.46530628,0.4839185,0.48884267,0.4554653,0.4713923,0.478034,0.47329578,0.45636332,0.47054386,0.49104398,0.46940392,0.47092715,0.4726671,0.47400478,0.48600757,0.46281835,0.4812325,0.46677017,0.4895948,0.47215882,0.48465085,0.4780336
0.50016505,0.51153857,0.51492476,0.48918754,0.49685004,0.5196067,0.50835675,0.49715522,0.5111501,0.5127013,0.5167665,0.52809745,0.51383746,0.5100901,0.5168317,0.5067772,0.5016971,0.50573564,0.5064961,0.5109676,0.51438004,0.49722448,0.5275419,0.5020296,0.51125395,0.52211434,0.506793,0.5086384,0.51228315,0.48922646,0.51251024,0.50328106,0.5043335,0.50049144,0.5071769,0.50821674,0.50864923,0.50755924,0.5113074,0.5024056,0.50181997,0.49854702,0.51215976,0.5275291,0.5030959,0.49616903,0.50315624,0.52353877,0.5163518,0.5116273,0.5156225,0.51168156,0.5102098,0.50956905,0.5029009,0.50155723,0.51340145,0.49816462,0.5152392,0.5000448,0.51970965,0.5117653,0.5087606,0.5040838,0.49541017,0.50439733,0.51136154,0.49979302,0.51134366,0.5057661,0.49933198,0.51378345,0.49348542,0.5160279,0.5067946,0.5075489,0.51370245,0.5272977,0.5119644,0.4863699,0.5232634,0.50230336,0.49699396,0.5029918,0.5078853,0.5187575,0.50044996,0.5214562,0.4975365,0.50679344,0.5128193,0.49262935,0.5055688,0.5033555,0.51448834,0.51928234,0.51778257,0.5085499,0.4963497,0.505805,0.5141368,0.51056975,0.50852436,0.52364296,0.51190066,0.499809,0.51073575,0.52293575,0.49671477,0.5202948,0.50249463,0.52195626,0.49892852,0.50053555,0.5026167,0.50119567,0.5195536,0.49319962,0.5223233,0.5098398,0.508975,0.49897102,0.50559473,0.5111356,0.49727845,0.50639766,0.49425653,0.5077275,0.49312693,0.49157512,0.49989644,0.517147,0.5300181,0.5196315,0.5072905,0.49764118,0.50326127,0.5024971,0.51022744,0.51088727,0.50605506,0.5034407,0.504393,0.50765014,0.50593,0.5175456,0.5075198,0.50339437,0.5289318,0.50009453,0.51572865,0.51555127,0.5002579,0.5103689,0.50435203,0.51140594,0.52148414,0.5113381,0.5195849,0.51742846,0.49936977,0.5252976,0.49984133,0.5020251,0.5132737,0.518475,0.5085937,0.5053146,0.5120873,0.50584674,0.51965773,0.52002096,0.5163691,0.5021817,0.50851464,0.5188476,0.51778877,0.4893224,0.5088893,0.50705075,0.5150012,0.5069891,0.50335103,0.49585998,0.5159344,0.4998743,0.5122907,0.5061257,0.5025935,0.51800656,0.4991504,0.51283073,0.49620458,0.53072566,0.51916903,0.5148679,0.4944398,0.51015985,0.5024516,0.5064081,0.51699746,0.50447977,0.51222223,0.505167,0.4990911,0.49680912,0.49889767,0.5053796,0.49503142,0.51025563,0.5060603,0.51831424,0.500307,0.51148593,0.51517695,0.5122778,0.49415863,0.50858766,0.4976926,0.5159246,0.52071816,0.5148266,0.5106584,0.5229804,0.5236641,0.52291256,0.50854856,0.52744395,0.51556134,0.51353526,0.5128289,0.5126713,0.5167118,0.5086858,0.509141,0.4923023,0.50734824,0.4925544,0.5091214,0.505739,0.51277584,0.5151001,0.5129659,0.511466,0.50270504,0.51355,0.50183135,0.51963365,0.52197564,0.5115762,0.51807,0.49302232,0.5035528,0.5343748,0.51521486,0.5007789,0.5127421,0.5100098,0.5041818,0.5147327,0.4996834,0.51484424,0.5059852,0.51281416,0.5137622,0.5007148,0.4994136,0.5075182,0.51429594,0.52816486,0.5241131,0.5078383,0.5044522,0.4878664,0.51964647,0.5131442,0.49993852,0.5114249,0.4934439,0.5123173,0.52329344,0.50703037,0.5057574,0.49714425,0.5024666,0.49594602,0.5107647,0.5129,0.4993881,0.5174936,0.509568,0.503082,0.5161031,0.5146369,0.5262548,0.5172928,0.50414866,0.51625246,0.5151304,0.51801455,0.51135504,0.49722376,0.50793153,0.5095687,0.5010249,0.50343734,0.52582026,0.5122048,0.5084304,0.5190233,0.5115162,0.50115544,0.50125045,0.511301,0.5105768,0.52067333,0.4958716,0.51775205,0.512147,0.49252352,0.4970333,0.5006551,0.50859773,0.50336,0.4934569,0.5257427,0.49968728,0.5021369,0.49957323,0.52504253,0.49959967,0.51819134,0.5135715,0.50039923,0.50905776,0.50441056,0.50467956,0.52397597,0.5085878,0.50649047,0.5170145,0.5064957,0.51570463,0.5241883,0.5084107,0.5217777,0.5173155,0.50519955,0.518855,0.5192813,0.5131347,0.51005733,0.49588993,0.50934666,0.5085906,0.5032644,0.5185026,0.5107385,0.5309147,0.49357823,0.5048525,0.5168367,0.50249803,0.5122727,0.50306267,0.50010294,0.5118721,0.51612866,0.49220204,0.52120596,0.51244307,0.50712496,0.488106,0.50794816,0.5142929,0.5107274,0.50016516,0.50204706,0.51549685,0.508552,0.52558607,0.5007259,0.499314,0.4916514,0.5129342,0.52495235,0.5044917,0.51343936,0.5159157,0.5264393,0.50900686,0.503638,0.5121312,0.50756747,0.51665086,0.51486874,0.51578146,0.5187566,0.513986,0.51177734,0.5039344,0.50231475,0.49690768,0.50527763,0.49902576,0.51728624,0.5074371,0.507181,0.5167144,0.4964599,0.52146477,0.5031892,0.51735,0.49992552,0.5121287,0.49724108,0.50428146,0.50850356,0.5219227,0.49905962,0.5069994,0.50360703,0.50490683,0.510013,0.512207,0.50410503,0.5260538,0.50560653,0.51858234,0.50675726,0.5164988,0.5217849,0.51582855,0.51385623,0.5014617,0.50529784,0.50713015,0.50854826,0.52788156,0.5074881,0.50854635,0.5009804,0.5270615,0.4976062,0.5002577,0.50850934,0.4983936,0.5132282,0.50657755,0.5184988,0.50651956,0.5012561,0.5197342,0.5100755,0.51620096,0.53253657,0.50339556,0.51533026,0.5137023,0.5021126,0.5107987,0.5143684,0.5121604,0.49618182,0.5253018,0.5040846,0.50744635,0.5097738,0.5221665,0.5145851,0.5021867,0.5065059,0.5187026,0.5110474,0.50575256,0.5021032,0.49742877,0.5202323,0.5205162,0.51512897,0.51257944,0.5040779,0.5153252,0.5137326,0.51481533,0.507328,0.5109926,0.50623465,0.49893317,0.5092785,0.5028904,0.51723784,0.5124813,0.50315416,0.5203749,0.51027864,0.51185995,0.5085523,0.51498747,0.4872897,0.5046584,0.50912,0.5116126,0.49946648,0.5032309,0.50668293,0.5045321,0.5036543,0.50623775,0.49030942,0.50344527,0.50152665,0.4978863,0.5111442,0.5160763,0.50495523,0.49839902,0.50846165,0.5124851,0.51953465,0.5089952,0.49290007,0.49618712,0.50251156,0.5172556,0.52215225,0.5091044,0.51314294,0.50298464,0.49937296,0.5157706,0.522656,0.49926403,0.5141233,0.5056692,0.52493155,0.5242316,0.52051336,0.5153095,0.5081855,0.5101245,0.51768345,0.49710292,0.50182277,0.49244747,0.5224972,0.50849164,0.51457465,0.48796088,0.50258565,0.5182874,0.50224745,0.5085125,0.5238885,0.50930136,0.51595634,0.5135963,0.5053015,0.50504667,0.5340242,0.5123022,0.508337,0.5042676,0.51121455,0.5128312,0.50818634,0.49554121,0.5099215,0.52097017,0.5087851,0.49670842,0.512,0.5234668,0.49510792,0.51971734,0.50218695,0.5215783,0.5111966,0.51512796,0.51363856,0.5018192,0.5084979,0.5176706,0.51626337,0.51186216,0.50607073,0.50367415,0.5061824,0.5045832,0.51746315,0.51829624,0.5101936,0.51585776,0.5229679,0.5079035,0.5067518,0.52074003,0.5076632,0.51543176,0.5077731,0.5051102,0.51633096,0.50185823,0.49504507,0.518837,0.5143395,0.5137523,0.5156374,0.49768382,0.51993996,0.5015878,0.5012822,0.51480985,0.5127311,0.5106851,0.5139086,0.49576294,0.5084287,0.5275111,0.50899076,0.5099406,0.50135297,0.511655,0.5073027,0.5158655,0.5038406,0.5188626,0.51531035,0.51184106,0.498407,0.51829934,0.5071558,0.49851847,0.50939596,0.5195477,0.5159818,0.50394374,0.506253,0.5185895,0.50898355,0.52374625,0.5133659,0.508141,0.5245079,0.4936911,0.5051835,0.524393,0.50808895,0.4967512,0.514219,0.5034939,0.5170077,0.5197132,0.4989675,0.50571644,0.5043843,0.51560104,0.49999276,0.50740504,0.50316906,0.5060947,0.5093135,0.50337857,0.51798433,0.5059486,0.50550914,0.516645,0.5090099,0.51766735,0.49890578,0.515834,0.52983075,0.5183251,0.51772135,0.5013379,0.51390815,0.51488626,0.50156087,0.5050223,0.49958375,0.51383203,0.52781004,0.51401514,0.5191549,0.50485116,0.50932306,0.49896336,0.5039429,0.5061789,0.5141449,0.50257593,0.5126858,0.5172554,0.5088576,0.52165776,0.5091345,0.50392056,0.510167,0.5120061,0.5197951,0.49168745,0.50236386,0.5088959,0.50933313,0.5041771,0.5065952,0.5322784,0.49980167,0.5012315,0.50549245,0.5097938,0.50688344,0.50725985,0.5144024,0.5275053,0.5121145,0.51562417,0.51789206,0.49220505,0.51518214,0.49776986,0.48952988,0.5216694,0.5187033,0.50000507,0.5112945,0.51582366,0.50986886,0.5077201,0.4998177,0.5221838,0.50535834,0.51727116,0.51571256,0.5130741,0.5201403,0.5186326,0.51769227,0.5185009,0.5090233,0.5204525,0.49880257,0.50349754,0.5179263,0.50689256,0.5086199,0.5155401,0.5174171,0.5105234,0.5069436,0.5170496,0.50847983,0.5205088,0.5166264,0.5071204,0.50752026,0.5074522,0.52098835,0.5069746,0.49438596,0.51336503,0.5194156,0.5035156,0.49802962,0.5102966,0.50852513,0.4895722,0.5225407,0.50472766,0.49730572,0.52000976,0.515344,0.50252813,0.5072682,0.5064807,0.50891894,0.494033,0.49294502,0.51184845,0.5114514,0.50917584,0.49676794,0.50352573,0.51569396,0.5103598,0.507604,0.49919266,0.51717466,0.5088218,0.5188152,0.50461155,0.5080447,0.5130776,0.5065414,0.5033946,0.5111581,0.5145525,0.50635386,0.51841986,0.50208473,0.5203632,0.517987,0.49688712,0.5024227,0.51078737,0.5262252,0.5216174,0.50693697,0.5074146,0.5111936,0.51740396,0.5012397,0.5055269,0.5112312,0.51410586,0.5339835,0.5120044,0.5143372,0.5006787,0.5079082,0.51065326,0.50895774,0.50735253,0.5143638,0.51553315,0.5046289,0.5169046,0.5052976,0.4962961,0.5038188,0.5042505,0.5099983,0.50661105,0.5057946,0.5111886,0.52772844,0.50695616,0.49682504,0.5067818,0.5053503,0.5122208,0.5045965,0.5231993,0.5059956,0.51125187,0.5164774,0.5169654,0.51518327,0.5181784,0.5031157,0.5189665,0.4964805,0.5203402,0.5073911,0.5160923,0.5093185,0.5280084,0.5148758,0.50621164,0.510588,0.52665454,0.5087611,0.4952599,0.510791,0.51597047,0.50318897,0.52041936,0.51647735,0.51204103,0.5161705,0.5204801,0.4871437,0.5061664,0.5116073,0.50043684,0.5087329,0.51907676,0.50659806,0.49410766,0.5301753,0.5294643,0.5021003,0.5173274,0.5138994,0.5105904,0.5067428,0.50598,0.51495886,0.5021947,0.5137608,0.50760216,0.5126883,0.507807,0.49704322,0.48493892,0.5158654,0.5082926,0.5028449,0.5023363,0.5106049,0.50305295,0.50040793,0.51993674,0.5058722,0.5169096,0.5144726,0.4930912,0.50385165,0.5068509,0.5056072,0.5077629,0.5175308,0.5070205,0.51471317,0.5108522,0.50608397,0.49731383,0.49898887,0.5039954,0.51112235,0.5188394,0.50326586,0.50757354,0.4992753,0.49164504,0.5264008,0.51404333,0.5150419,0.5079827,0.50455314,0.51502436,0.49608308,0.4979164,0.50378025,0.4968141,0.5148543,0.50196546,0.5114752,0.5174082,0.5233442,0.5079422,0.5153486,0.50759715,0.5019498,0.5040094,0.49045777,0.5124408,0.50576806,0.5131441,0.49798256,0.51465183,0.5083378,0.5096232,0.50980043,0.49949527,0.49462512,0.51220536,0.5136904,0.5155546,0.51843375,0.5067658,0.48982373,0.50874156,0.5098826,0.5038253,0.5157779,0.5052217,0.51188886,0.516958,0.51862204,0.50727046,0.50258017,0.51585555,0.51557493,0.5109531,0.50512147,0.50116813,0.5089578,0.50865155,0.52133304,0.5250234,0.51039517,0.5053037,0.51281875,0.50702876,0.5002551,0.5017944,0.507994,0.51268107,0.51100755,0.5074722,0.49799407,0.52431697,0.5046824,0.49369198,0.512713,0.5156469,0.5154948,0.49931893,0.51038647
0.7012754,0.691082,0.7049887,0.69419944,0.6909021,0.72273743,0.68936056,0.70044327,0.6869317,0.69837445,0.6985466,0.7057422,0.708763,0.71106845,0.69216365,0.71348804,0.7025756,0.692233,0.6851688,0.70394415,0.69093305,0.68255985,0.6943462,0.69107205,0.7016708,0.6887882,0.6843051,0.69423354,0.7123552,0.6926034,0.69746375,0.68797266,0.7140212,0.6953074,0.6851465,0.69101214,0.6975723,0.7110582,0.6937997,0.6948772,0.6918632,0.70039797,0.6965572,0.70672417,0.68667,0.6818668,0.6906507,0.70460355,0.69756156,0.70605975,0.6891774,0.7123432,0.7187938,0.70121425,0.6812005,0.70974547,0.6931872,0.7175488,0.69500256,0.7064552,0.70651215,0.7083461,0.68426985,0.70158315,0.6926337,0.69864124,0.7037082,0.7006333,0.6895322,0.6955095,0.6925369,0.7074091,0.6949808,0.71528894,0.688935,0.70625883,0.7127834,0.6894336,0.71687835,0.71889645,0.6961413,0.6871722,0.6903346,0.68742484,0.71766144,0.71436715,0.6911245,0.7202658,0.6845712,0.6990613,0.701912,0.7050561,0.6900158,0.6842426,0.6989353,0.70908725,0.69475245,0.69742084,0.6876479,0.6984631,0.68643725,0.6989909,0.70906204,0.7071891,0.69748783,0.701312,0.70397687,0.7216936,0.6897947,0.7136034,0.69908565,0.70554066,0.69113666,0.7085346,0.7074727,0.6931752,0.7053835,0.6745712,0.70504594,0.69165486,0.70835555,0.69965976,0.7037909,0.7019373,0.70731175,0.71299446,0.6996332,0.6910804,0.70233154,0.6965832,0.690326,0.7028419,0.72133714,0.7080764,0.6992114,0.7036016,0.6876,0.7061857,0.69476604,0.7010671,0.68467635,0.69057137,0.70360214,0.69951326,0.6958378,0.70165133,0.6799935,0.7112638,0.71002793,0.69752276,0.7225568,0.7150795,0.6964308,0.687961,0.6928352,0.69999486,0.69617826,0.6951599,0.7130946,0.69790673,0.70586586,0.7125787,0.703663,0.6930926,0.7038313,0.684414,0.71918786,0.6958593,0.7086238,0.69451797,0.70177406,0.6969731,0.7228083,0.69004047,0.696162,0.6995904,0.69475067,0.6906257,0.696638,0.7206515,0.70806444,0.7126746,0.682,0.67786556,0.7001977,0.702005,0.6935438,0.6924397,0.7097896,0.72194695,0.7059284,0.702791,0.6934756,0.69833493,0.7092757,0.7003122,0.7092714,0.70454836,0.69654024,0.7083137,0.6948982,0.68980706,0.69622934,0.6908663,0.6905216,0.69528013,0.70002615,0.6863695,0.6986269,0.70939386,0.70100725,0.70435417,0.68689793,0.7072239,0.7053993,0.69795614,0.70077777,0.6863323,0.68263865,0.695165,0.72259784,0.6895354,0.69508106,0.6925354,0.7015569,0.71108186,0.68273973,0.69350684,0.6957642,0.6790005,0.7109564,0.66081357,0.7071749,0.7017413,0.694365,0.70655644,0.69805646,0.70294404,0.70500326,0.7077469,0.7066728,0.696764,0.7079695,0.69747096,0.68497545,0.7055395,0.7180209,0.6990874,0.7024794,0.71153027,0.6974269,0.6788703,0.6934274,0.7058449,0.7239179,0.6873926,0.7155715,0.7071436,0.70345044,0.6901169,0.71490526,0.69854116,0.7100924,0.7080719,0.68861145,0.6954654,0.7092199,0.7108366,0.6915982,0.71008843,0.70549166,0.70105255,0.72004503,0.6838544,0.6944081,0.6989851,0.7140052,0.7035208,0.70630527,0.70256966,0.7127631,0.6806388,0.7042024,0.7139165,0.69254774,0.71917695,0.7158411,0.70998096,0.69496506,0.71754795,0.7048629,0.69054365,0.6935832,0.72157484,0.7141011,0.6996173,0.6852829,0.71176815,0.69412374,0.6923627,0.6971731,0.68753326,0.7157489,0.69392866,0.70405126,0.7019352,0.7186625,0.7077786,0.69811845,0.7025853,0.70102626,0.6927778,0.6797245,0.7126389,0.7141456,0.71867824,0.70173466,0.70019984,0.70662606,0.6951343,0.7085335,0.6978466,0.689289,0.6993819,0.6865153,0.7009953,0.6875381,0.70086575,0.69829994,0.704524,0.680994,0.699958,0.7102025,0.69544864,0.7053923,0.7197247,0.6847993,0.7101232,0.6928849,0.70945436,0.69822484,0.6903286,0.691976,0.72065973,0.68188876,0.69721407,0.7011506,0.68958026,0.7002826,0.692043,0.7033826,0.70238787,0.6892061,0.6989473,0.6807874,0.7051125,0.7106754,0.69383895,0.7174385,0.68257064,0.7040115,0.693945,0.68588984,0.7067118,0.69229287,0.7083524,0.69356346,0.7119018,0.70839506,0.70039344,0.71565163,0.7040758,0.6984815,0.698776,0.69326705,0.70402503,0.694746,0.6990896,0.70900136,0.7024083,0.70402926,0.6806512,0.7028962,0.69834495,0.69636905,0.709587,0.69193465,0.6946347,0.6892546,0.69615716,0.67990464,0.6998183,0.70768356,0.682476,0.6958805,0.72824675,0.7038966,0.6987351,0.7101456,0.6982834,0.700221,0.6941797,0.6863079,0.6975219,0.70317656,0.7110872,0.717819,0.7015802,0.6936601,0.70725113,0.70376134,0.69406044,0.6995151,0.70455414,0.7011231,0.68776953,0.7204401,0.6865342,0.70761794,0.69409263,0.7028859,0.7019028,0.71190834,0.7004025,0.69122535,0.7032028,0.7169128,0.69752294,0.7006212,0.6935271,0.7072694,0.6891634,0.70234585,0.7005457,0.6962137,0.71518725,0.6772073,0.705725,0.7088471,0.7007205,0.71066815,0.70691127,0.72194666,0.69025683,0.69541526,0.67894334,0.70136726,0.6969274,0.7070597,0.70305,0.6821528,0.70213497,0.70311433,0.70107174,0.70802486,0.7244068,0.70265865,0.6937465,0.70527637,0.70419353,0.6967942,0.7075901,0.6968511,0.68615484,0.70686376,0.6883957,0.7200202,0.6843496,0.6936152,0.6833107,0.69116807,0.69928694,0.7024122,0.70335233,0.70345545,0.70298165,0.68676215,0.69864994,0.70163083,0.71548516,0.6795448,0.68727636,0.71297723,0.71375334,0.6975294,0.7163903,0.69530845,0.6943103,0.6904705,0.7093082,0.69752055,0.7165248,0.7064017,0.7071074,0.6971637,0.70209473,0.6921942,0.7098656,0.7230574,0.6776032,0.70500547,0.6960048,0.7043856,0.67998946,0.7046447,0.6965426,0.70268506,0.68122214,0.69504887,0.702513,0.6981818,0.69256324,0.69024366,0.7033424,0.69338995,0.71428573,0.6965377,0.70068216,0.7033669,0.71650136,0.6979913,0.69383895,0.68852055,0.7073756,0.712333,0.72194874,0.70615345,0.71595484,0.6945473,0.6951479,0.72143114,0.7047971,0.69825125,0.70633787,0.6882219,0.71711636,0.6977617,0.69434863,0.7056788,0.6986593,0.683033,0.705594,0.6952275,0.69513565,0.70373595,0.71750796,0.69449973,0.7160078,0.6897606,0.6969504,0.7002626,0.69409525,0.6890026,0.70553046,0.69150275,0.69134945,0.7173285,0.69555265,0.69634706,0.71567136,0.70403576,0.70943236,0.70070004,0.6941949,0.7173046,0.6948426,0.6713617,0.7090623,0.7050421,0.70331544,0.7090591,0.69991285,0.71510416,0.68161404,0.70758224,0.70616716,0.70205635,0.69118464,0.69962966,0.7127934,0.6955651,0.6939721,0.70827055,0.710667,0.7075183,0.68487626,0.6802839,0.7117776,0.6792841,0.6923503,0.69447523,0.7020972,0.69020516,0.7049882,0.6952622,0.70092267,0.699516,0.70120656,0.7070267,0.70933074,0.69410825,0.7049636,0.69946295,0.69905573,0.7108676,0.69818246,0.68830436,0.703204,0.698999,0.71262693,0.7042686,0.7084216,0.71243256,0.70814747,0.7143006,0.70620024,0.70730287,0.7037149,0.70344347,0.6989678,0.71516323,0.6982779,0.7158431,0.695992,0.694693,0.7056573,0.7029357,0.70478034,0.6932777,0.70183086,0.6950737,0.7145931,0.6904486,0.7044033,0.7046581,0.6863686,0.70131046,0.6848195,0.6979919,0.70092833,0.70945626,0.68553233,0.68727577,0.70505583,0.69256526,0.7013747,0.6878265,0.69770044,0.69937664,0.69273984,0.719746,0.7110393,0.68381387,0.6922188,0.6957808,0.7013813,0.7001682,0.6904923,0.69842744,0.68714976,0.69325006,0.7104225,0.70658,0.69016653,0.68296814,0.68115306,0.70127904,0.69915575,0.71446383,0.69341314,0.70750016,0.7258885,0.70019555,0.6932149,0.68910223,0.70608777,0.7064766,0.6915699,0.68487847,0.68380165,0.7183765,0.714409,0.6925942,0.70072025,0.6873783,0.6947484,0.69609535,0.7052379,0.6926742,0.7005626,0.69232595,0.711976,0.700592,0.71664125,0.7139347,0.6972876,0.69757247,0.7061723,0.70769906,0.6868504,0.686983,0.6778673,0.6983842,0.6956711,0.6931532,0.69917965,0.7031955,0.69260585,0.70008975,0.7095068,0.70407945,0.70101374,0.7021535,0.6970485,0.69694114,0.7093355,0.697795,0.7045676,0.68654495,0.690804,0.7022316,0.7042508,0.69953936,0.71484774,0.67891616,0.69806594,0.69652987,0.69939405,0.69848204,0.6941438,0.7143806,0.69383544,0.6954917,0.6998205,0.69508666,0.69652236,0.68040866,0.68778276,0.6988357,0.71238697,0.70265263,0.6867114,0.6938973,0.7032331,0.7051746,0.6801124,0.683283,0.7024273,0.7055537,0.7063551,0.7082046,0.69735295,0.7040827,0.71895087,0.6941254,0.7067814,0.69704723,0.7114449,0.68657064,0.7071751,0.7172048,0.69957143,0.7073429,0.69266677,0.68581736,0.69982076,0.70785105,0.6954986,0.7030155,0.7027235,0.69453895,0.7178223,0.6768136,0.6968497,0.6942333,0.70039153,0.6950546,0.6927581,0.6955779,0.6975078,0.71285146,0.68996096,0.6899374,0.70791924,0.6958494,0.68496245,0.6914819,0.71197987,0.69472086,0.7196547,0.7036351,0.70287913,0.6991873,0.70518214,0.68123484,0.68832123,0.7106165,0.68686026,0.69417596,0.7093426,0.704916,0.7155979,0.6932498,0.69510484,0.70493513,0.69811827,0.7122612,0.69890386,0.69747347,0.7012199,0.69890505,0.70535773,0.6953673,0.6934236,0.6970566,0.71289414,0.71348566,0.70131326,0.70005417,0.7154892,0.70816004,0.68624794,0.7020868,0.7047961,0.6874444,0.68502474,0.70980537,0.7029753,0.69037306,0.68712986,0.68292624,0.6933838,0.68314874,0.6861317,0.7147631,0.7065205,0.7007771,0.72600526,0.7015699,0.7054599,0.68895864,0.69872147,0.7078795,0.6916715,0.70520324,0.7016747,0.70089805,0.69563663,0.6926441,0.6997367,0.7067495,0.6799522,0.6982457,0.70311,0.6988805,0.69580114,0.6893143,0.70544684,0.69080377,0.6864187,0.7235566,0.6967932,0.68567175,0.7098507,0.7172644,0.7009272,0.7041913,0.702506,0.72602874,0.70501274,0.7006814,0.674407,0.6984591,0.7021554,0.70054364,0.6712099,0.7130656,0.701919,0.6820787,0.7130199,0.7073386,0.6828294,0.7096147,0.70193934,0.69922465,0.7023491,0.7078125,0.69549525,0.7039185,0.7019142,0.70654833,0.6912982,0.7118418,0.69788843,0.6949624,0.7079494,0.6806503,0.69826436,0.6849492,0.6895308,0.6857048,0.7060052,0.7081835,0.702278,0.7037027,0.70449424,0.6976276,0.7060403,0.6818043,0.688295,0.7054336,0.69416404,0.7059189,0.70344007,0.71803665,0.6935197,0.68973225,0.6893357,0.6857912,0.69608504,0.7106827,0.6995736,0.6919701,0.7080461,0.69690716,0.71837175,0.70314187,0.70120955,0.69985294,0.7077041,0.6981057,0.7181553,0.71058476,0.68363863,0.69022775,0.7119496,0.7051042,0.71515775,0.7088027,0.708829,0.69515836,0.71160614,0.69595754,0.6850424,0.7166736,0.6916533,0.6969334,0.6977511,0.69352406,0.67515844,0.6959812,0.7135905,0.69390374,0.7136986,0.6881717,0.70409393,0.702904,0.7078104,0.70040154,0.70578337,0.710139,0.69920987,0.70463437,0.69634825,0.70266724,0.7126784,0.6905266,0.6992258,0.698735,0.7040697,0.6700897,0.7007121,0.7049536,0.7080084,0.7069773,0.6944052,0.70133805,0.6769209,0.69132566,0.70121837,0.6924466,0.6969563,0.6838863,0.6988953,0.69548696,0.70516044,0.7053029,0.71991485,0.7091876,0.69687355,0.70191514,0.70811117,0.71169037,0.69127893,0.6888725,0.69022197,0.7211645,0.69399554,0.713694,0.7156509
0.68025935,0.6725621,0.69223773,0.67447853,0.65569615,0.6860062,0.6508402,0.6880208,0.67155355,0.65827394,0.6915999,0.66886735,0.68369,0.6999683,0.6823848,0.68025404,0.6749517,0.68062985,0.6869349,0.6683152,0.6824117,0.6677243,0.66106045,0.68494445,0.6853848,0.6686661,0.6761227,0.6657113,0.67944276,0.6901627,0.6786547,0.6729856,0.66501355,0.6789509,0.687907,0.67360115,0.6770323,0.67009515,0.6684293,0.6841323,0.68048894,0.689791,0.6763095,0.66854876,0.6725588,0.6582383,0.6789021,0.6768751,0.6711211,0.6681695,0.66457367,0.66209847,0.6713686,0.668485,0.6768737,0.6778597,0.67945606,0.6848818,0.67260057,0.6694024,0.6854907,0.68049574,0.6823728,0.68550587,0.67763996,0.6798494,0.6611546,0.6738978,0.6837223,0.68837357,0.67376137,0.6858077,0.67097676,0.6737543,0.6821008,0.6906002,0.67693937,0.66887003,0.65963715,0.6682483,0.67262185,0.68995154,0.6849642,0.67191815,0.673449,0.67389363,0.6638888,0.6665651,0.68308944,0.68437016,0.68280804,0.66758496,0.6745662,0.67261773,0.6693686,0.67985153,0.68642044,0.67285347,0.69596815,0.66475034,0.6706787,0.6851584,0.6895394,0.6714083,0.67989844,0.677402,0.6813752,0.6871784,0.6824812,0.673431,0.67657125,0.6816894,0.6840742,0.67456377,0.68566674,0.665726,0.68677634,0.66980284,0.68662757,0.66602886,0.6796762,0.68533844,0.6685467,0.67605233,0.67335206,0.68140215,0.6621774,0.69236785,0.67065513,0.67975163,0.6806183,0.6733417,0.6999272,0.6812702,0.6656466,0.6852938,0.6729089,0.69402826,0.66570115,0.67839015,0.6741219,0.68786323,0.68431175,0.6902585,0.68032086,0.6663198,0.6739174,0.6705943,0.67674047,0.6707116,0.6868747,0.6677678,0.66969204,0.67547554,0.6714887,0.68366843,0.6775762,0.6694175,0.6861738,0.6665197,0.680779,0.6803183,0.68471694,0.6645698,0.68897533,0.68068033,0.6700265,0.67881036,0.6688893,0.67607814,0.65993166,0.6541088,0.69322705,0.69393873,0.6721706,0.6755154,0.6849939,0.69516015,0.6669969,0.68983805,0.6834884,0.680211,0.67594784,0.67355144,0.67316854,0.6766759,0.68297267,0.6699463,0.6809516,0.68991804,0.6787551,0.6714244,0.667435,0.683084,0.6771352,0.680572,0.678051,0.67183,0.6738298,0.6835319,0.6808632,0.67918366,0.6773259,0.6720076,0.6698319,0.6861432,0.68053097,0.6683851,0.68311703,0.66804165,0.6802736,0.66249615,0.6913267,0.6716667,0.6707283,0.67775375,0.670224,0.6807647,0.6753482,0.6753128,0.6788828,0.67170846,0.6734468,0.66749036,0.67753595,0.70033574,0.6834012,0.67456025,0.6641683,0.6736108,0.6839948,0.6554388,0.67037964,0.67275554,0.67892355,0.67797107,0.6819031,0.6813517,0.6934494,0.67451984,0.68344593,0.6721381,0.68749076,0.67371756,0.67295367,0.6816788,0.6682598,0.66152304,0.6813373,0.66257536,0.6749515,0.66519314,0.6839285,0.6584256,0.6845715,0.66662157,0.6874484,0.69078076,0.6695088,0.6897911,0.67016065,0.6865215,0.697125,0.6716977,0.66862184,0.67566633,0.70454246,0.68563086,0.67817026,0.67236465,0.6843702,0.67123663,0.6689275,0.68333197,0.67432034,0.67619777,0.6768377,0.6748678,0.66928184,0.6682577,0.6803993,0.67464983,0.6787609,0.6762043,0.6779831,0.67294455,0.67197376,0.6923236,0.66770446,0.6724888,0.6874717,0.66993535,0.67721206,0.6808718,0.6737328,0.677435,0.6647628,0.67020637,0.6663918,0.6613766,0.666617,0.68757755,0.6788492,0.6703413,0.6775377,0.68110174,0.66479975,0.666952,0.6694299,0.6937924,0.6857815,0.6794436,0.6617321,0.68095225,0.686916,0.6818317,0.6834682,0.6738897,0.68298256,0.6776936,0.6706232,0.66887283,0.676668,0.6794755,0.6695107,0.6703651,0.66804063,0.66156304,0.67251164,0.681439,0.6769355,0.67545575,0.67449397,0.67938215,0.68112797,0.6755245,0.67394286,0.66825336,0.6793991,0.6804743,0.67790943,0.6664707,0.667563,0.68883026,0.68050534,0.6686178,0.67280966,0.67113984,0.67727095,0.6705273,0.6804749,0.67794955,0.66642135,0.67786914,0.66082215,0.67982197,0.6870773,0.6807724,0.6628689,0.6749977,0.6777133,0.6729677,0.67011553,0.68095315,0.6820458,0.67564845,0.6692472,0.67510176,0.67382807,0.6600736,0.68254393,0.68432546,0.66381246,0.667234,0.68680763,0.6848824,0.66960895,0.66209894,0.6670442,0.68195033,0.6730301,0.6733258,0.6893375,0.6802246,0.68386537,0.6713464,0.65515035,0.66612554,0.6696738,0.6791783,0.67076534,0.6726503,0.6765144,0.6942753,0.6667678,0.68371105,0.6777979,0.670846,0.6808676,0.67172337,0.6698519,0.6812147,0.6814066,0.67085093,0.6769563,0.6770223,0.6910857,0.67851985,0.67359656,0.6685087,0.6881846,0.6799355,0.6638318,0.6772973,0.67415273,0.67226124,0.68950194,0.6761873,0.6816409,0.66686934,0.6876534,0.68567914,0.6877747,0.67245764,0.66685694,0.6700799,0.67381465,0.67602074,0.6747093,0.69151825,0.6715694,0.6840673,0.6706739,0.6695208,0.6801657,0.6767109,0.68363327,0.66487324,0.66824985,0.6797912,0.6719687,0.68630767,0.69242525,0.65016574,0.6700943,0.67261463,0.67862284,0.6852005,0.6745126,0.6758157,0.676694,0.68102986,0.6951327,0.6756923,0.6779037,0.66835004,0.67553294,0.6920354,0.6761532,0.6702835,0.6818233,0.6717017,0.6666524,0.681853,0.6661058,0.66351956,0.6908474,0.66866785,0.6767326,0.67397374,0.65944946,0.67956364,0.6896795,0.6684928,0.6886747,0.66203177,0.67757416,0.6714091,0.6626341,0.6794605,0.66740507,0.6667339,0.69295573,0.68074,0.6742554,0.6965228,0.67278033,0.67162836,0.67092353,0.6824529,0.67863953,0.6940648,0.6877054,0.6707618,0.6812396,0.65568215,0.6877896,0.6794337,0.67905927,0.67459846,0.67556125,0.6840505,0.6784765,0.66666245,0.68460053,0.67520666,0.6839051,0.67700565,0.6733755,0.67992043,0.69042474,0.6703777,0.6769597,0.6687473,0.67944133,0.66269255,0.6738921,0.68898904,0.6825648,0.6676912,0.6723075,0.6784409,0.674286,0.6815842,0.6715638,0.68337125,0.67352223,0.6728225,0.66891,0.67921096,0.69452727,0.67156684,0.69554144,0.67136,0.6640245,0.68753535,0.6767159,0.6849715,0.6648584,0.67195064,0.68205035,0.6694854,0.68969953,0.6820456,0.67901003,0.6773307,0.66236275,0.67860496,0.6691171,0.66984034,0.675294,0.6717891,0.6799735,0.6796071,0.6723416,0.6615896,0.6679222,0.67549753,0.66537607,0.6779107,0.6761682,0.68332565,0.68092036,0.6726903,0.6874973,0.6865447,0.6710975,0.6816882,0.6838007,0.673877,0.6856584,0.671178,0.6742139,0.68037254,0.6807279,0.68324476,0.6739798,0.66829276,0.6815734,0.6793856,0.6778157,0.6675772,0.66713995,0.6860924,0.6666423,0.67184377,0.6731457,0.6891534,0.6650764,0.6543155,0.6747094,0.66204375,0.67738456,0.67975163,0.6725493,0.6787329,0.6791943,0.67216724,0.6705493,0.6922427,0.66749084,0.6913774,0.66426754,0.677228,0.6740015,0.67741346,0.6672775,0.68659234,0.6783195,0.672567,0.67752177,0.67983675,0.67743486,0.67600405,0.66958886,0.6851883,0.6877836,0.68447006,0.6749396,0.6881092,0.68756485,0.66287804,0.69354916,0.67108697,0.66826195,0.67902637,0.67840093,0.67426425,0.68111926,0.6770483,0.6830889,0.68881595,0.67711467,0.6847259,0.6812538,0.67274725,0.67393154,0.66965425,0.684749,0.6732082,0.6778259,0.6715177,0.6814375,0.6968821,0.69159174,0.6858189,0.6706601,0.69545674,0.6820243,0.6725303,0.69096535,0.68922895,0.66867626,0.65745187,0.67781097,0.67557764,0.6936227,0.6739369,0.6775535,0.65724546,0.66905224,0.66929495,0.6616148,0.67566735,0.66719157,0.6802267,0.68621606,0.6716586,0.6788512,0.66914797,0.6784947,0.6775898,0.6766623,0.67150855,0.6906518,0.6869542,0.6907447,0.6752002,0.68127835,0.67774725,0.6781595,0.67789054,0.6886263,0.6703556,0.69084686,0.6782901,0.6867036,0.65498847,0.66866,0.66870105,0.6732688,0.6755677,0.6749713,0.6764507,0.6721152,0.67601824,0.6709975,0.6886291,0.68405443,0.6766535,0.6586436,0.66655314,0.6693351,0.65896523,0.6602912,0.66689754,0.6761991,0.67931837,0.662531,0.689676,0.6714866,0.6760607,0.6701878,0.6867276,0.67640346,0.66719556,0.6759196,0.6814281,0.6726644,0.67755336,0.68226385,0.6869682,0.6650444,0.6735892,0.67812645,0.67908305,0.657793,0.67322826,0.6946902,0.6739048,0.6766165,0.6698009,0.67796665,0.6653714,0.67705786,0.68832856,0.6879148,0.6797276,0.68098414,0.66715,0.6685643,0.6736542,0.6872457,0.6796993,0.689817,0.6808062,0.6709044,0.6921059,0.6829222,0.68346244,0.67562336,0.6784969,0.6777203,0.67537886,0.68704677,0.66878736,0.6695087,0.68967396,0.673657,0.6801729,0.6923884,0.6830329,0.6791265,0.6734382,0.6692874,0.68803805,0.68154645,0.6685177,0.6530579,0.68457836,0.670172,0.68299145,0.6703771,0.6895144,0.69522864,0.6824779,0.6640183,0.6740483,0.6743833,0.6739668,0.66244763,0.6855899,0.6742622,0.67392313,0.6695811,0.669508,0.6821316,0.67801327,0.6606147,0.68925524,0.6829463,0.6905045,0.6656111,0.6788161,0.67732793,0.69567657,0.65709484,0.67173445,0.6749562,0.6722696,0.6693178,0.68097574,0.677177,0.6716301,0.67262,0.665657,0.6903546,0.67887414,0.67107564,0.6789878,0.68998826,0.6802714,0.68939716,0.68651056,0.6884167,0.6723382,0.67762136,0.6700823,0.6786819,0.6835651,0.6905613,0.6686261,0.6907566,0.68765455,0.66995794,0.67704564,0.68054837,0.6629077,0.66960067,0.6836663,0.6659285,0.67451954,0.6867392,0.68127894,0.67562747,0.6694297,0.67505974,0.6808812,0.6719378,0.68132573,0.681697,0.6757025,0.6653141,0.6683971,0.6699255,0.67283344,0.6692029,0.67012626,0.6674579,0.6742605,0.67989594,0.6767453,0.67107975,0.6882018,0.6630365,0.6764817,0.66687864,0.6578084,0.69427294,0.67408806,0.6692346,0.67701614,0.68462956,0.6704699,0.688806,0.6843322,0.66975397,0.6763558,0.66752434,0.67397034,0.6714411,0.6764605,0.67789555,0.66747296,0.6618816,0.66377205,0.67904496,0.6736414,0.67184025,0.6785363,0.65271145,0.664269,0.6811077,0.6592549,0.6810605,0.6848949,0.6694827,0.67461824,0.66941774,0.67479193,0.670641,0.6858031,0.6712305,0.6660411,0.6949029,0.6704856,0.67739856,0.6889137,0.67727125,0.6651441,0.66750073,0.67803407,0.6869936,0.67749083,0.684954,0.6675534,0.6668927,0.66066545,0.6706386,0.678433,0.67820835,0.6697802,0.67647773,0.6678954,0.6937019,0.6714934,0.6760213,0.6748007,0.6729515,0.6694807,0.6779083,0.67133653,0.6831167,0.66519356,0.6821195,0.6858086,0.6820291,0.6850535,0.6844593,0.6985235,0.673288,0.68308616,0.68194795,0.6786153,0.6709125,0.6791499,0.6881242,0.68856454,0.68864983,0.67098236,0.6754382,0.65943545,0.67174524,0.67380136,0.66720665,0.6807627,0.65942323,0.6823884,0.67169225,0.6786737,0.67391956,0.6765799,0.67762864,0.68901944,0.6767031,0.6881592,0.6688928,0.6776226,0.6621621,0.6797489,0.6809573,0.6798237,0.6820996,0.6708161,0.6784467,0.67577523,0.681137,0.65809983,0.67192644,0.6718581,0.6760584,0.67504513,0.66967744,0.67873794,0.6672736,0.67908055,0.6751267,0.6491147,0.675595,0.6797797,0.6718378,0.6708948,0.65946126,0.6838437,0.6824476,0.6763737,0.6895122,0.683933,0.6812957,0.6805188,0.66641515,0.68667907,0.6887446,0.666776,0.66763455,0.69326717,0.6730578,0.65224,0.67831147,0.6708966
0.5391014,0.5233594,0.53329444,0.5317792,0.52781296,0.52772063,0.5329371,0.53757113,0.52495295,0.5286118,0.5293634,0.5203148,0.5354262,0.5376009,0.532461,0.5308504,0.52337253,0.5292472,0.53936666,0.53719115,0.5332082,0.53635734,0.52069867,0.54097295,0.5347079,0.5255036,0.5254708,0.5335385,0.525326,0.5252011,0.5202175,0.54180616,0.53033966,0.54378635,0.5456578,0.5281374,0.5373044,0.5391937,0.5201198,0.54022866,0.5320208,0.52172244,0.5214819,0.52306676,0.53257865,0.52399075,0.535605,0.5203668,0.5221829,0.52793235,0.53173774,0.52799493,0.5358003,0.5344497,0.5352932,0.5424904,0.52731824,0.52461517,0.5240969,0.52386224,0.5379957,0.53724945,0.51739633,0.5415843,0.5199624,0.53245944,0.53468823,0.5309785,0.53464335,0.5261913,0.5297267,0.53363925,0.5231,0.5393676,0.533738,0.54881275,0.51814294,0.53536975,0.5333135,0.52398974,0.5390218,0.5356337,0.52778506,0.53483856,0.532794,0.53069705,0.5212845,0.5477476,0.52330583,0.5263364,0.54367745,0.5350787,0.51337016,0.5258099,0.5283698,0.5476919,0.52797544,0.5407362,0.546144,0.5246805,0.5273588,0.5335915,0.5201394,0.5249916,0.52332026,0.5342491,0.5395869,0.5269507,0.52870035,0.53391415,0.53414327,0.5292045,0.5449258,0.53075415,0.5344163,0.5296659,0.5243531,0.52100134,0.54193056,0.5238239,0.5367362,0.53178084,0.5358039,0.5270289,0.5513474,0.5213195,0.5245635,0.5429098,0.5245255,0.532075,0.5364712,0.52538574,0.5460676,0.51973885,0.52572167,0.5358059,0.5233107,0.54296523,0.52744544,0.5302915,0.53061414,0.54255646,0.5280962,0.531878,0.5270611,0.52069664,0.5309881,0.52886134,0.5362771,0.5229862,0.54086274,0.52662045,0.53395134,0.5333984,0.5292466,0.5334701,0.5369138,0.51949376,0.5434153,0.51518196,0.5298552,0.533605,0.53502786,0.5272498,0.5273515,0.5200313,0.53512883,0.52246034,0.52641624,0.53751487,0.524016,0.5095812,0.5538403,0.53643,0.5185373,0.52402145,0.5316898,0.5430428,0.52530193,0.52735394,0.53735316,0.53996867,0.5214258,0.5264609,0.52804905,0.52844024,0.5298368,0.53128564,0.533045,0.53559417,0.5431761,0.53125775,0.51996434,0.5239067,0.51942486,0.53312325,0.52061164,0.53082895,0.51945746,0.5170133,0.52629405,0.5269056,0.542666,0.5381736,0.5270335,0.54156697,0.52495027,0.5160551,0.5238413,0.53680617,0.53139496,0.5231279,0.5221825,0.53251433,0.54349136,0.5262057,0.5324456,0.54132116,0.52879167,0.53261185,0.5417066,0.5249607,0.53201276,0.53063196,0.51799905,0.53976494,0.5442163,0.5380861,0.51405233,0.52572095,0.53213173,0.5233457,0.5241224,0.52429265,0.5322176,0.5385821,0.54126495,0.5355045,0.5351306,0.52983105,0.5359549,0.5322387,0.522834,0.5305112,0.53504336,0.5457557,0.52813655,0.5212138,0.536217,0.5249108,0.5244979,0.5325244,0.53379905,0.5163178,0.5296748,0.54052144,0.53065443,0.5328447,0.5257794,0.53942955,0.5217635,0.5380385,0.543503,0.52052206,0.524498,0.53135043,0.54538673,0.5375404,0.5287657,0.5141225,0.53767556,0.5313948,0.5278143,0.54722923,0.5395476,0.52833956,0.53814316,0.5203268,0.5291212,0.52545726,0.51444256,0.5248755,0.5433875,0.54198956,0.52226204,0.54455155,0.5387437,0.5351659,0.5250994,0.5273522,0.5296344,0.5249874,0.5343989,0.5338355,0.5228314,0.52153105,0.52994233,0.5254924,0.5213526,0.51222366,0.541627,0.53725266,0.5358785,0.53168046,0.5305114,0.5391099,0.5364896,0.5136039,0.5154969,0.5381467,0.52620035,0.537139,0.52639264,0.53602827,0.5378125,0.5272623,0.5427329,0.52606785,0.52503526,0.53236055,0.5242452,0.53214234,0.53528243,0.54030955,0.5272603,0.5280759,0.5174787,0.52403253,0.5174677,0.5367675,0.52307457,0.5204173,0.529705,0.53066957,0.52691597,0.5193178,0.5190382,0.5297346,0.5346208,0.53017336,0.5244425,0.52461976,0.54369426,0.5481761,0.52321017,0.5302102,0.52625316,0.5290056,0.5185597,0.5221598,0.5363959,0.52699125,0.5297703,0.53623223,0.5260995,0.52427375,0.5397603,0.53124356,0.5311938,0.5323029,0.52149034,0.5186062,0.532332,0.53317046,0.5381161,0.5318159,0.5212027,0.53059053,0.525475,0.5313747,0.5347404,0.5241275,0.52388054,0.529476,0.52753425,0.5407997,0.519586,0.5283453,0.5240368,0.5202669,0.5132223,0.5182183,0.54367507,0.5357896,0.53659636,0.54663,0.51307225,0.52781886,0.5169216,0.52957493,0.5323504,0.51964307,0.5376024,0.5381442,0.5350002,0.5367222,0.5273345,0.5255588,0.53772956,0.5265582,0.5273239,0.5376454,0.53907984,0.5222099,0.53657913,0.52358496,0.5484776,0.5399397,0.5211608,0.5325467,0.539449,0.52220464,0.5221024,0.54009223,0.53468174,0.5410843,0.53318745,0.5234553,0.5414045,0.53172034,0.5399855,0.5396176,0.53769654,0.52006096,0.52775365,0.5300337,0.5273254,0.52736217,0.53152496,0.52909213,0.53036857,0.52866495,0.5217651,0.54122853,0.5271751,0.54203314,0.5286892,0.5260024,0.5209294,0.5438802,0.54988116,0.5265487,0.5503316,0.5188294,0.5429622,0.51935697,0.53100604,0.53698534,0.526049,0.5405393,0.5344044,0.540705,0.53509,0.5295548,0.52339774,0.51753086,0.52214766,0.52031446,0.5331457,0.5207663,0.5315023,0.52094674,0.5226413,0.53392357,0.52565736,0.52371967,0.53312904,0.5309673,0.5218476,0.5145545,0.5260683,0.53329223,0.54573756,0.51981306,0.54261625,0.52764684,0.54886836,0.52960116,0.5246714,0.5391432,0.51131046,0.51382786,0.54634845,0.5353735,0.5060568,0.53710955,0.5276229,0.5234285,0.5347558,0.5270788,0.52860725,0.53078216,0.54554266,0.53886664,0.52811784,0.52676606,0.5493525,0.53208864,0.5393067,0.5314321,0.52993816,0.5420845,0.52711093,0.5215195,0.5378646,0.51915556,0.53010124,0.5338619,0.5279434,0.541186,0.5395905,0.52999395,0.537531,0.534214,0.526353,0.5212684,0.5229173,0.552262,0.53212255,0.5215033,0.54033965,0.53135335,0.53337526,0.53533596,0.5305043,0.55370504,0.5204589,0.5337121,0.5346571,0.5268174,0.5470739,0.53287,0.5389516,0.5399093,0.53050506,0.54328746,0.5390287,0.5443921,0.5349812,0.5226584,0.5304277,0.5305902,0.5433382,0.5361176,0.5337993,0.5200624,0.5094134,0.5312484,0.53157175,0.520801,0.52622056,0.53029245,0.54162234,0.5253073,0.5260662,0.53227454,0.52419263,0.53542775,0.5251261,0.5220699,0.5399237,0.5300055,0.5252173,0.5177278,0.54354066,0.52995455,0.51857126,0.5364391,0.5396794,0.526494,0.52743787,0.51829046,0.53416896,0.5235152,0.5345914,0.53970194,0.5247325,0.51341593,0.53572667,0.5347479,0.53757036,0.5243865,0.5167567,0.5418751,0.5388784,0.53501976,0.5196895,0.53778476,0.5197111,0.5064736,0.53453225,0.5320579,0.5430889,0.5300767,0.52203286,0.51949537,0.52424914,0.5213354,0.5245213,0.5354047,0.53355706,0.53959495,0.52768785,0.5361084,0.5205326,0.5380708,0.5249437,0.5322742,0.5089965,0.5263301,0.54085195,0.5207206,0.5292122,0.5245234,0.5347504,0.5276386,0.5407957,0.5373385,0.53472054,0.5383987,0.5545017,0.5206333,0.53817225,0.5336107,0.51412904,0.5375074,0.5295252,0.5520704,0.5456138,0.53466797,0.5256701,0.53675675,0.5237402,0.54061973,0.537865,0.53269714,0.52371967,0.5256498,0.5393378,0.5235145,0.5390033,0.52739185,0.52228045,0.52579665,0.5438741,0.53716815,0.53076184,0.53276443,0.53384566,0.5250597,0.5515459,0.5422103,0.51632446,0.5244383,0.53184,0.5303553,0.5381594,0.51595443,0.52729416,0.5298378,0.53018516,0.5244427,0.5051615,0.534767,0.5081964,0.532833,0.53119624,0.5248866,0.5358588,0.5377634,0.5345559,0.537008,0.5179359,0.5337254,0.5270674,0.5375734,0.53617024,0.53682995,0.5218483,0.5369195,0.5342232,0.5342431,0.54192823,0.52839637,0.53852344,0.5372543,0.5386371,0.51828307,0.52509826,0.5200133,0.5209494,0.531655,0.5324661,0.5317744,0.53176004,0.5209706,0.519494,0.53399044,0.54110575,0.5308401,0.5330424,0.52417254,0.5215444,0.5228693,0.52390474,0.5172137,0.52744275,0.5141742,0.53984666,0.5435775,0.5268711,0.5284354,0.5363706,0.53637326,0.5174006,0.5247192,0.5244151,0.52733433,0.5323298,0.53780764,0.53257394,0.52991337,0.52474725,0.5340012,0.52615213,0.53320545,0.5178172,0.52938557,0.55349284,0.5292858,0.5353786,0.53547186,0.5181757,0.53132874,0.52287334,0.5410179,0.54541445,0.53136796,0.5302882,0.5141025,0.5152446,0.53392917,0.5373045,0.5215274,0.54944825,0.5352488,0.53124046,0.5343679,0.53376776,0.5380526,0.5256589,0.5210834,0.5375343,0.52481574,0.5238135,0.5340319,0.529785,0.5460899,0.52576256,0.5304011,0.5341577,0.5301665,0.5448006,0.5242127,0.52937925,0.534166,0.5240978,0.53640175,0.5137883,0.5303687,0.50880396,0.51875603,0.5310083,0.54826695,0.5316775,0.5296034,0.52417564,0.52952045,0.51943314,0.5349987,0.524761,0.54159445,0.523346,0.52654105,0.5223087,0.5169105,0.5335189,0.5433838,0.5274046,0.54592603,0.523814,0.5384647,0.526207,0.5242848,0.5378234,0.5523968,0.5195354,0.528488,0.53182846,0.5328093,0.53924245,0.52629083,0.52964926,0.5270737,0.52645534,0.53020275,0.52880186,0.5268362,0.53014964,0.5198646,0.53852075,0.5262972,0.5240414,0.53141344,0.5411122,0.50894374,0.52841365,0.5278142,0.53797114,0.5341353,0.52846986,0.52185696,0.53278714,0.54420775,0.535456,0.5261502,0.5436747,0.5192329,0.5256671,0.5341403,0.5139239,0.5226726,0.52780116,0.5357199,0.53852856,0.53375995,0.52807456,0.5307474,0.5253214,0.53895086,0.51183003,0.52646494,0.520341,0.5185008,0.514912,0.5405025,0.5238587,0.5235768,0.5156081,0.54407436,0.5337883,0.53006244,0.52631295,0.541254,0.52017295,0.52064455,0.5338753,0.52280444,0.53186506,0.5237925,0.53414625,0.5430496,0.52698207,0.5314127,0.5294767,0.5321595,0.5207623,0.5142195,0.5170238,0.5331115,0.526737,0.52901644,0.52324814,0.515085,0.5364429,0.52467185,0.5382934,0.5397162,0.52672803,0.5403198,0.5103436,0.5293718,0.5218412,0.5145271,0.53905225,0.5348553,0.5259915,0.52383757,0.5286837,0.5297659,0.52798975,0.52653486,0.5370217,0.5228379,0.53549564,0.54040134,0.5321365,0.5431974,0.5269295,0.5055488,0.5290297,0.52642995,0.537228,0.5448963,0.53949434,0.5243801,0.5125659,0.5168458,0.53061515,0.5188991,0.5337819,0.5248301,0.5352003,0.5278069,0.53771317,0.53834015,0.52848876,0.53422475,0.5428326,0.5208068,0.5322159,0.5260501,0.53302974,0.52746296,0.5427975,0.54435134,0.5432346,0.5293677,0.5405342,0.5468891,0.52717346,0.5394791,0.53169185,0.5158974,0.52928036,0.53445923,0.53654206,0.53712136,0.55458313,0.51648676,0.52806735,0.51218146,0.5193514,0.5256503,0.5388704,0.5307056,0.5170248,0.53491384,0.51907146,0.5106519,0.5323355,0.5335721,0.525953,0.5211237,0.5277627,0.5418249,0.54044676,0.5514755,0.5165851,0.5342223,0.5389145,0.53334045,0.5324811,0.5279864,0.5388321,0.5229731,0.5297302,0.5266249,0.5249844,0.5278533,0.5137141,0.53278697,0.52772635,0.533937,0.52265096,0.521025,0.5318244,0.51398563,0.51913965,0.52150714,0.51569235,0.5329352,0.5225334,0.53916276,0.5291852,0.53390455,0.5401941,0.52541137,0.5402389,0.53501874,0.525894,0.53424996,0.53124964,0.5262839,0.5197169,0.5265807,0.5071504,0.51224744,0.53157866,0.53026474
0.21154875,0.19100304,0.2039488,0.20788217,0.21340224,0.22020866,0.20220152,0.20093341,0.20145454,0.2098811,0.21744329,0.2167164,0.22063276,0.18586814,0.21553984,0.21350023,0.20985693,0.21567006,0.1929424,0.21245515,0.22638085,0.23096792,0.20544942,0.20628603,0.21065849,0.22008397,0.20519859,0.21510401,0.22087094,0.19999753,0.21279217,0.21065862,0.21812981,0.22123241,0.2140834,0.21230501,0.20612705,0.20845118,0.20397437,0.20061249,0.22047192,0.2093687,0.20848614,0.22497272,0.20873177,0.20916387,0.20801091,0.22247413,0.19839391,0.21980011,0.22401024,0.19970971,0.20705403,0.20657021,0.21417578,0.21236773,0.19226041,0.19961908,0.21572657,0.20174994,0.22561288,0.2337018,0.20961112,0.20592117,0.22496887,0.20823795,0.22696364,0.20896085,0.20048268,0.21360473,0.20565444,0.21707536,0.20636047,0.21439278,0.19969235,0.20945741,0.2103673,0.20632976,0.21269155,0.2127042,0.20694816,0.1946403,0.2183635,0.20765278,0.22078201,0.2110627,0.20024797,0.20467737,0.19759208,0.21876791,0.21022037,0.20946513,0.20611401,0.21808842,0.20555553,0.207685,0.20341896,0.2015013,0.20240113,0.20907485,0.21713203,0.2189614,0.22329694,0.21827908,0.19411753,0.19998309,0.19938634,0.21844484,0.22364165,0.2343297,0.22092752,0.21185167,0.20832826,0.22083402,0.21009395,0.20002386,0.21160266,0.19937581,0.21281907,0.21713111,0.22334969,0.20002499,0.21926373,0.21959828,0.20239614,0.21826683,0.21062656,0.18876821,0.205059,0.20485948,0.18621577,0.23484321,0.21315636,0.21801023,0.23103738,0.19689623,0.18536022,0.21295902,0.21088468,0.213779,0.20528655,0.21567012,0.21956523,0.20496036,0.2202169,0.21149021,0.21610314,0.2188226,0.2194767,0.22038814,0.22352234,0.2117184,0.2097818,0.20897427,0.2076984,0.21395653,0.2014814,0.22383569,0.2022667,0.23342824,0.22133404,0.21619035,0.20715277,0.20865285,0.2062121,0.19910784,0.2300551,0.23190135,0.21465936,0.20504405,0.21561131,0.20558096,0.21672222,0.20053536,0.20475124,0.20850357,0.20898387,0.20292673,0.20805603,0.22411335,0.23040642,0.21540093,0.21581468,0.19429745,0.21400525,0.22605959,0.20160805,0.1942621,0.2220696,0.23591238,0.21146427,0.20312446,0.1987411,0.20582849,0.22609124,0.21323183,0.20056339,0.2241518,0.21186797,0.20771593,0.2028817,0.21608797,0.21445268,0.21477917,0.2235621,0.21155386,0.182053,0.20571071,0.2065966,0.21314518,0.21129794,0.21839151,0.20120788,0.22219776,0.23651457,0.21660276,0.21267258,0.21634427,0.21698475,0.21702549,0.2318627,0.21819165,0.21951601,0.20518553,0.21281193,0.22076267,0.20403904,0.21130593,0.20844728,0.1970345,0.22178899,0.20106007,0.22009224,0.21946435,0.18950082,0.21445625,0.21956195,0.22274844,0.20074135,0.22262491,0.21530439,0.22840856,0.21676816,0.2007897,0.19796765,0.20802328,0.22697021,0.21604736,0.21860296,0.24378188,0.21266878,0.2126689,0.21863806,0.21347097,0.20349842,0.19817737,0.209444,0.21954432,0.21053818,0.21038403,0.21531755,0.19742762,0.21582963,0.21564268,0.22379118,0.22010763,0.20023027,0.22125609,0.21250941,0.18952005,0.22096553,0.2135973,0.20042866,0.18522145,0.21092069,0.21756302,0.2057265,0.20190796,0.20960313,0.21616217,0.21229094,0.20460744,0.21705714,0.22183278,0.21077293,0.20517468,0.2223138,0.21447244,0.21648805,0.21729648,0.20151532,0.21497612,0.20295608,0.22495176,0.19999185,0.20253386,0.21381012,0.22346239,0.22194564,0.21969748,0.22445758,0.19136088,0.21600217,0.20082973,0.20686194,0.22017135,0.22504517,0.22507358,0.220656,0.20454538,0.19065617,0.20645098,0.20571934,0.21029107,0.20566347,0.22234163,0.19564486,0.25147945,0.19261561,0.1971524,0.21321271,0.2119123,0.2103849,0.21761735,0.21947962,0.19969025,0.20098174,0.21681485,0.21211709,0.20719019,0.19197495,0.21707015,0.22839467,0.21695267,0.21251583,0.20738441,0.18739846,0.21718374,0.19850686,0.20671181,0.1955199,0.2045716,0.21615374,0.22952509,0.20380831,0.22158298,0.21338287,0.20256042,0.19686148,0.21634784,0.20688115,0.20791373,0.20806822,0.20846741,0.20378985,0.21867229,0.20856208,0.20723964,0.23609617,0.20073023,0.21116269,0.2214013,0.21201426,0.20307495,0.21711507,0.2246323,0.20647086,0.23562269,0.22085388,0.22742447,0.22983031,0.21198241,0.21839213,0.22122075,0.2094449,0.20072289,0.19050856,0.20393996,0.22111446,0.20175631,0.22377662,0.20712225,0.20770839,0.21153253,0.20549074,0.22390279,0.21041083,0.21349917,0.21263278,0.20647478,0.22568297,0.21377468,0.19489926,0.1737131,0.18667172,0.22732913,0.2091924,0.2117127,0.21805447,0.21346661,0.21691315,0.20916529,0.19446935,0.21179634,0.22219513,0.22560589,0.22227325,0.22209546,0.19900979,0.2065117,0.20531121,0.19927765,0.22506881,0.20923054,0.20601335,0.20510028,0.20864002,0.210609,0.22412366,0.20195335,0.22093743,0.21679126,0.2087873,0.19949844,0.21954188,0.22647816,0.22669737,0.1990581,0.22225033,0.2166731,0.22149605,0.20549126,0.20741491,0.20096034,0.20411378,0.23408568,0.2024356,0.19861804,0.22389722,0.2113651,0.20757264,0.21978332,0.24122179,0.21952797,0.20640375,0.18814248,0.21923381,0.20013256,0.21581069,0.21669716,0.19317245,0.2188315,0.20418675,0.20601085,0.20165062,0.2129481,0.20034498,0.18672428,0.22206128,0.20907328,0.22271892,0.20410272,0.20882413,0.1921313,0.22532414,0.1963832,0.2141163,0.20358883,0.21315122,0.19646972,0.22187288,0.2160687,0.22161208,0.21886462,0.20370725,0.22365518,0.21019883,0.20487069,0.1966285,0.22599201,0.20665479,0.20878434,0.2066991,0.22142465,0.1968165,0.20874712,0.20658588,0.20035557,0.19420369,0.20558836,0.2108205,0.2174281,0.20596382,0.2229592,0.21151784,0.21318087,0.21484959,0.22507066,0.231089,0.19821478,0.20972846,0.20566072,0.20525631,0.19505411,0.20205607,0.22259231,0.20149909,0.20836231,0.20571871,0.20325139,0.20792335,0.21787013,0.21494026,0.21131153,0.21345603,0.22373779,0.20841447,0.20373991,0.21891798,0.22636443,0.2317811,0.20402469,0.20727664,0.20123723,0.22956848,0.21715555,0.21012804,0.22111508,0.2100856,0.19740507,0.2181282,0.19796307,0.20328645,0.22074433,0.20688865,0.20726694,0.22195864,0.21469769,0.20768969,0.21461518,0.20283864,0.20463942,0.19967794,0.21415398,0.21500786,0.22007558,0.21274774,0.21963474,0.19377775,0.21972013,0.19683318,0.20152447,0.21025033,0.20711924,0.19807005,0.21597362,0.20635837,0.2185558,0.20115407,0.23725384,0.22108476,0.22363655,0.21306568,0.20345144,0.20251344,0.21118641,0.18691058,0.22037247,0.21913722,0.22296272,0.22085108,0.21383885,0.20929085,0.21109985,0.21659279,0.20632608,0.21698023,0.22111455,0.21920581,0.2190136,0.21201408,0.21199456,0.22511446,0.199458,0.21100968,0.2167542,0.22307524,0.2130129,0.21302328,0.22714226,0.20960353,0.2146285,0.21329616,0.2242735,0.21353298,0.19642377,0.19811353,0.20574927,0.22701426,0.21166666,0.2222815,0.19289915,0.21546179,0.19890007,0.21244512,0.2177194,0.21485363,0.21303156,0.21134567,0.20462225,0.220652,0.20392862,0.2153676,0.22457294,0.22199766,0.20581761,0.22750825,0.2046271,0.22099078,0.20024565,0.20497282,0.20666182,0.21295424,0.21656524,0.22568923,0.22723685,0.21939215,0.21093947,0.20731866,0.21283107,0.21071288,0.21594235,0.21459167,0.20582232,0.21345527,0.21829125,0.21012545,0.19245353,0.2197252,0.21501796,0.23281375,0.19451426,0.21352297,0.22297391,0.20005903,0.21140137,0.20098472,0.22055602,0.20802367,0.2147386,0.20919849,0.23748067,0.21389827,0.2167562,0.20808361,0.21518202,0.207027,0.2009417,0.2091071,0.22046602,0.20380011,0.22126386,0.21485905,0.20421527,0.20359185,0.2079859,0.20895624,0.2093478,0.20745409,0.21615234,0.22120057,0.2249846,0.21615733,0.20895253,0.21660548,0.21681176,0.2098864,0.20738274,0.21186118,0.1941177,0.22587375,0.22515583,0.20661624,0.22264466,0.19398251,0.21905771,0.20479864,0.21147363,0.20771258,0.20022753,0.21387771,0.21011858,0.21894275,0.21965939,0.21596965,0.20069012,0.21282744,0.22252217,0.20541659,0.20148776,0.21032539,0.20432031,0.22256842,0.21476546,0.2238551,0.2350395,0.20767875,0.18777417,0.20500152,0.22021051,0.2154637,0.21584252,0.21591505,0.2001281,0.22497688,0.21174338,0.20124356,0.22946246,0.19618906,0.19700898,0.2174372,0.20864102,0.22691374,0.21663292,0.20399866,0.19377653,0.22082493,0.20681287,0.20336463,0.21762894,0.19954188,0.2117679,0.1933613,0.24017859,0.21327807,0.20652181,0.20825174,0.19679865,0.20565699,0.20825529,0.21416341,0.21514457,0.2074817,0.21061286,0.2183512,0.20422006,0.21148387,0.21986598,0.20566852,0.21282147,0.209664,0.2125166,0.19748054,0.22360738,0.22857863,0.22590476,0.2127385,0.21084179,0.19324374,0.21893701,0.20796438,0.20433989,0.19997033,0.2158988,0.21898367,0.20388962,0.20868142,0.21993606,0.22853117,0.2010514,0.19921124,0.24657935,0.18792066,0.20805667,0.19742936,0.21638002,0.22751336,0.21879554,0.20680705,0.23286927,0.22076775,0.19335274,0.21696438,0.22387272,0.20657448,0.20187339,0.22131974,0.21271916,0.21764374,0.22417828,0.21175931,0.20595923,0.22161184,0.20707817,0.20456685,0.19499925,0.2162714,0.22325431,0.21712436,0.21095967,0.20808512,0.217076,0.22407839,0.21194412,0.21586241,0.21491711,0.21660364,0.22032583,0.21138388,0.22672383,0.21592891,0.21935658,0.20487624,0.21327683,0.21996924,0.23526555,0.22727253,0.21314986,0.20840353,0.21679695,0.22215469,0.21264105,0.21418113,0.19760048,0.20486763,0.20914547,0.22839253,0.21315399,0.20247045,0.21098265,0.21000513,0.20580277,0.20459938,0.21118802,0.2181281,0.22093333,0.20453686,0.2218941,0.19648123,0.21850733,0.2072489,0.21061312,0.23025146,0.18595412,0.21103542,0.21503799,0.2229529,0.22336431,0.20269653,0.22476669,0.21531633,0.19930285,0.22086652,0.20577744,0.23477943,0.21123615,0.20798287,0.21711946,0.20812427,0.21125987,0.22452958,0.2123968,0.21800756,0.21610573,0.20137945,0.21063428,0.21347323,0.23199692,0.21993351,0.21940911,0.23037128,0.19401415,0.1989175,0.20821744,0.20950085,0.21005405,0.22272617,0.21077588,0.20500872,0.20367166,0.22826761,0.21745095,0.2058134,0.21883953,0.20446505,0.21278916,0.20932175,0.19520456,0.20020226,0.22396645,0.21344274,0.20526327,0.2170702,0.2173826,0.21791735,0.22396326,0.20792393,0.20644306,0.19880715,0.20087792,0.22306928,0.21228193,0.2244962,0.20332278,0.19386844,0.24108437,0.21294305,0.20616053,0.20537715,0.22122279,0.22120027,0.21829824,0.21418667,0.22192812,0.21924035,0.2121636,0.19163202,0.22660273,0.20861688,0.20465004,0.22604237,0.20533623,0.20425408,0.20641987,0.19948934,0.21875353,0.21238996,0.23235722,0.21918462,0.21564695,0.20901085,0.22093254,0.21506764,0.19940737,0.21177378,0.206177,0.21058598,0.20660858,0.21314177,0.21080673,0.19335233,0.21612394,0.1964417,0.20223665,0.22170538,0.20440023,0.21025582,0.19288208,0.21394953,0.2008143,0.20552108,0.19870253,0.19888048,0.2088899,0.2230676,0.2098042,0.20534478,0.21515062,0.23074487,0.23283522,0.2220613,0.19410422,0.21397926,0.22016138,0.22087063,0.21684638,0.22055395,0.19692217,0.21875474,0.20465332,0.18381676,0.2085732,0.21986961,0.20699185,0.21731523,0.21119204,0.21624571,0.21518661,0.20908129,0.2075411,0.20770536,0.2134139,0.21764748,0.21268865,0.18949267,0.21157275,0.18377203,0.21405753,0.20197709,0.19443844,0.203361,0.21538553,0.20599002,0.2205833,0.2064748,0.1976109,0.22990957,0.2266714,0.22697581,0.23586747
0.7952466,0.7972208,0.79226035,0.7915052,0.7860637,0.79100835,0.7792597,0.8126018,0.8037011,0.78525627,0.7942919,0.79820013,0.79368305,0.80498904,0.792285,0.79628325,0.80359393,0.78841877,0.78852844,0.80767083,0.8053202,0.7872546,0.79480964,0.7969077,0.8040133,0.7925201,0.7866764,0.78965575,0.8043447,0.8013643,0.79190624,0.78879666,0.7908226,0.7967151,0.7999501,0.78939354,0.8021426,0.79601246,0.7947615,0.7877904,0.7863173,0.786588,0.7855772,0.7906137,0.80474013,0.7892585,0.799337,0.79200304,0.78804505,0.7757738,0.7847917,0.79104894,0.7956915,0.78886706,0.7997573,0.7943509,0.8007301,0.7930784,0.793565,0.79649967,0.7989308,0.787005,0.79145706,0.79910064,0.7737957,0.7911603,0.7883656,0.7991296,0.8006126,0.78748035,0.7992264,0.79442227,0.78411424,0.78840435,0.808583,0.81157243,0.7937538,0.78620285,0.7829385,0.78795904,0.7834555,0.80184394,0.7937498,0.79810476,0.7841602,0.7876674,0.7858877,0.80396825,0.795378,0.78195184,0.8019477,0.7916339,0.77414477,0.7937021,0.79253626,0.79733104,0.79629654,0.7953152,0.8025553,0.78352857,0.7937934,0.80318475,0.7916519,0.78970456,0.7838563,0.78547555,0.8003261,0.788947,0.7935517,0.79968333,0.7969544,0.80688894,0.79832906,0.78670484,0.80302304,0.79728794,0.7934767,0.7880125,0.8032709,0.8075222,0.7969586,0.79140687,0.79284364,0.79170084,0.80561715,0.79299444,0.79004204,0.80661666,0.7840045,0.7946165,0.7905319,0.78733885,0.8047275,0.7785452,0.7839571,0.8029306,0.7962848,0.7977054,0.80455786,0.7923432,0.78227705,0.79760283,0.79180455,0.8019159,0.8031338,0.79193896,0.7849604,0.79301244,0.79457664,0.7773112,0.79491436,0.8054184,0.79860413,0.79468054,0.7941162,0.7883993,0.7986878,0.798881,0.8111023,0.7946785,0.77857983,0.79575485,0.7881524,0.7842418,0.7868245,0.79445094,0.7873457,0.79431653,0.78194153,0.79993594,0.80830824,0.7874508,0.8151806,0.79853594,0.7916933,0.79528147,0.78976184,0.8027822,0.79561305,0.7809161,0.7895704,0.79826087,0.78185356,0.8021147,0.78371185,0.79452986,0.79260933,0.79622304,0.7982743,0.78394645,0.80043256,0.79094917,0.77111286,0.79209566,0.77714336,0.79967916,0.79199135,0.8001926,0.80108494,0.7906104,0.8027871,0.7969912,0.8063297,0.7774595,0.78302205,0.80181146,0.7977664,0.7860754,0.79684156,0.7948708,0.7969057,0.79362315,0.7765219,0.78784424,0.800706,0.788623,0.78376365,0.80106056,0.79787636,0.79670715,0.77132493,0.79542506,0.77662426,0.79078853,0.78544587,0.81431025,0.793996,0.8073336,0.78251445,0.78943956,0.79846376,0.79268926,0.78256947,0.7852725,0.799817,0.792793,0.7899553,0.7904872,0.79842174,0.78917146,0.8042418,0.78276086,0.8006651,0.7920704,0.79493946,0.7974547,0.78445655,0.78757834,0.800643,0.7791749,0.78483224,0.7845623,0.7861419,0.782619,0.7976918,0.795209,0.8109705,0.79338086,0.7954659,0.79157645,0.7861322,0.79431385,0.7985886,0.7954188,0.7857001,0.8028139,0.8025955,0.8141459,0.7926289,0.7957061,0.786917,0.7726033,0.78781366,0.80833477,0.8013698,0.8041049,0.80442005,0.7882698,0.78510505,0.78851676,0.76930434,0.7857392,0.80091846,0.7943764,0.79596275,0.7928433,0.7935635,0.801441,0.78654975,0.8029203,0.8029006,0.7957744,0.7932504,0.80241156,0.78975,0.79508543,0.78352666,0.79202306,0.7942133,0.78437537,0.7891733,0.79946196,0.7917043,0.7784325,0.7896188,0.79875135,0.79844505,0.78291994,0.78132576,0.7924494,0.7916255,0.77996874,0.78796595,0.7998855,0.8077382,0.7874805,0.80896884,0.7888258,0.8015947,0.8000679,0.77814955,0.7889164,0.79323316,0.80197185,0.7780971,0.7936519,0.7811306,0.79227483,0.78751546,0.80735725,0.79433197,0.7867618,0.7964187,0.80169,0.7835513,0.79510844,0.78567874,0.7975245,0.7854587,0.80212224,0.7862932,0.7817663,0.7863544,0.8007797,0.7937927,0.78077096,0.7937507,0.78129995,0.78347254,0.7855816,0.79741865,0.7854948,0.7965913,0.7893581,0.7741301,0.788907,0.79068136,0.7876309,0.79929584,0.79849035,0.7779342,0.7853944,0.7872093,0.77372456,0.7992899,0.78042483,0.7761225,0.7930855,0.79511917,0.78568476,0.7943196,0.7868217,0.80584717,0.77936924,0.78975123,0.7858813,0.778401,0.8029672,0.7988155,0.789688,0.77878964,0.7892811,0.80847675,0.79560333,0.79124963,0.7974024,0.79297036,0.7982032,0.7801605,0.8028107,0.7955635,0.79915375,0.7892621,0.8030413,0.783905,0.7881543,0.78413653,0.7989709,0.8075258,0.7798939,0.78418887,0.7942885,0.7980415,0.783991,0.8042975,0.7810069,0.7808206,0.79315764,0.7946222,0.799138,0.8031024,0.78400385,0.7794475,0.7920312,0.7916814,0.78738934,0.80693847,0.797756,0.79610366,0.7929417,0.80161124,0.7897093,0.7866548,0.7895725,0.7959427,0.7861771,0.7872063,0.79307795,0.7953727,0.7931309,0.7882581,0.79207885,0.78198045,0.7937512,0.78754115,0.7972213,0.79357797,0.7870899,0.79022956,0.8091462,0.7939876,0.79204035,0.80904865,0.7774849,0.79666007,0.80610865,0.7951506,0.79497784,0.7985358,0.79591686,0.7946955,0.785786,0.79361165,0.7951003,0.79767126,0.7867045,0.77810115,0.8037737,0.793342,0.7954193,0.78476125,0.8129125,0.78941244,0.8016138,0.79110277,0.78522444,0.7982548,0.8005855,0.78244734,0.78689736,0.77554977,0.79998296,0.7998283,0.78685164,0.80560786,0.7873199,0.80671394,0.7990424,0.7950411,0.7873976,0.785803,0.7857767,0.8006739,0.7946343,0.7772311,0.79994553,0.7848985,0.78419685,0.79908895,0.7894036,0.7788482,0.80528116,0.8135199,0.7881867,0.7840167,0.784565,0.80449295,0.7891761,0.7966986,0.7979805,0.7859044,0.79907626,0.79316306,0.7972356,0.80542856,0.7939739,0.79429847,0.794444,0.7899122,0.8012656,0.79987615,0.78453326,0.79571706,0.79069626,0.7952131,0.7726935,0.79101247,0.80918723,0.78765655,0.7765321,0.7903071,0.79007745,0.78577775,0.7913799,0.7931835,0.7916233,0.78393364,0.78164524,0.7959366,0.8006661,0.802141,0.7920078,0.79610175,0.80397713,0.788277,0.7947228,0.80417395,0.7998079,0.7877788,0.78793263,0.7952001,0.79812384,0.79812044,0.7898879,0.7925138,0.7912387,0.7758317,0.80571556,0.78515536,0.78474593,0.79178345,0.7963191,0.8117537,0.7988764,0.80888516,0.7902642,0.78827083,0.7897938,0.7997234,0.78898424,0.80015236,0.7976265,0.79093695,0.77844673,0.7832489,0.7968981,0.77898055,0.7844847,0.79369736,0.7872129,0.78966135,0.7875947,0.7891012,0.7974124,0.7997561,0.7917814,0.7979622,0.78625053,0.8001214,0.7964289,0.8038611,0.78901803,0.7717136,0.8097136,0.7879347,0.79247403,0.7872534,0.79458135,0.7858603,0.78081995,0.79346347,0.7969665,0.79997236,0.801986,0.7838456,0.7943548,0.78743523,0.78613305,0.79291785,0.7840298,0.7971181,0.79877734,0.7929536,0.80210805,0.78411543,0.8003371,0.7802946,0.7954236,0.7854588,0.79712003,0.7832284,0.79231316,0.7816544,0.7834417,0.78511214,0.7987529,0.8023618,0.7876574,0.8061741,0.79919964,0.8033626,0.77842677,0.7895248,0.78457564,0.78645134,0.7876565,0.7846296,0.8074982,0.80759054,0.80624366,0.8091733,0.7990613,0.7973461,0.8095484,0.7982386,0.79531735,0.7952869,0.788604,0.8007669,0.77106094,0.8027668,0.7888935,0.7920251,0.8038766,0.79462075,0.80498075,0.7781937,0.7946814,0.7952826,0.78597844,0.7996501,0.79540884,0.79378563,0.781901,0.7888018,0.7788898,0.80183846,0.7928698,0.80396265,0.7913078,0.7845342,0.7810366,0.7877934,0.79846436,0.7788663,0.7879522,0.7863779,0.8057082,0.789666,0.7866582,0.799388,0.78542364,0.7923855,0.7836349,0.7962731,0.80142283,0.8078084,0.7925864,0.7888626,0.802209,0.7923772,0.78379804,0.7918084,0.7900906,0.8052956,0.7984496,0.7972905,0.7791345,0.7874345,0.79832196,0.78657836,0.78668934,0.797139,0.78892756,0.80463505,0.7857632,0.77378297,0.79188514,0.805313,0.78623694,0.79309607,0.78339195,0.79449594,0.787764,0.7911281,0.7895407,0.7830544,0.8013545,0.7893036,0.7993157,0.7824376,0.7836725,0.7884133,0.8029891,0.797318,0.78286266,0.79918355,0.79208297,0.79586554,0.7950173,0.7959366,0.78843534,0.79967344,0.79367745,0.80453306,0.79899234,0.7748171,0.80054724,0.80881095,0.7767073,0.7856345,0.8026914,0.7969129,0.7797956,0.7833751,0.80154055,0.79505986,0.7976044,0.7902749,0.7851514,0.7960983,0.7984358,0.80202216,0.791434,0.79384977,0.7947205,0.8042481,0.7976979,0.7984058,0.7877133,0.7924915,0.7877745,0.80248576,0.78605855,0.7961056,0.7946918,0.7791877,0.8019779,0.77904874,0.7849242,0.7809146,0.792148,0.8135564,0.78206044,0.79338616,0.8105869,0.7871696,0.7873128,0.78235674,0.7973713,0.7792036,0.7775325,0.78871167,0.80068916,0.8016553,0.7821102,0.7902299,0.79266447,0.7806365,0.7924379,0.78357875,0.8007636,0.7858853,0.7870736,0.7824479,0.7923659,0.7924005,0.8095363,0.7941799,0.80553836,0.78222555,0.7930869,0.7853507,0.8032943,0.7941593,0.7994408,0.7837878,0.7893971,0.79249585,0.78212625,0.77839684,0.77514875,0.7851931,0.7821723,0.78740937,0.79405856,0.8030293,0.7764172,0.7943735,0.78400326,0.81191885,0.7873042,0.78993285,0.7871929,0.79293597,0.7809007,0.7969656,0.7966823,0.78650784,0.7995097,0.7915475,0.78562677,0.79195815,0.7951008,0.7997771,0.796919,0.7931447,0.7791847,0.77867407,0.7983765,0.7740387,0.7879547,0.7942468,0.79046094,0.7964593,0.8017086,0.78493804,0.7877283,0.7868575,0.79032195,0.8059611,0.79389316,0.80191433,0.7985684,0.7956705,0.80826694,0.7964656,0.7887079,0.7866598,0.79752684,0.80213946,0.7994342,0.7907838,0.80058056,0.7842677,0.7964714,0.78496695,0.77393055,0.7901046,0.78929764,0.79818183,0.7914283,0.7957879,0.7869557,0.795296,0.80057263,0.79319686,0.77643293,0.78418505,0.79841846,0.7936819,0.79296327,0.786432,0.77883345,0.79241943,0.78539,0.8017441,0.79693544,0.7819952,0.81702733,0.7823616,0.78659236,0.79447883,0.7794121,0.7939826,0.7867959,0.7976098,0.7964053,0.795514,0.78088987,0.7878491,0.7880116,0.7954855,0.78981954,0.80534875,0.7959903,0.78745526,0.8049286,0.8077211,0.77662027,0.783569,0.80243963,0.8044424,0.8075261,0.799165,0.78801155,0.7876692,0.7868218,0.797184,0.80253243,0.7843896,0.794012,0.7955412,0.7926121,0.79229367,0.7987322,0.7931394,0.7888333,0.7997406,0.7890269,0.8003302,0.7945076,0.7885407,0.79195684,0.799594,0.7949275,0.8001675,0.79543006,0.78764206,0.8052522,0.793612,0.7899911,0.79212576,0.7858491,0.787927,0.7838632,0.80216014,0.8063225,0.79359716,0.7958668,0.8130581,0.7898043,0.7988508,0.79288656,0.7806683,0.7851137,0.78794414,0.7961336,0.806887,0.7917578,0.7952444,0.80209446,0.7913729,0.7909745,0.78127193,0.7962612,0.79652905,0.8069725,0.78998804,0.79155326,0.7931199,0.796252,0.7898793,0.80190814,0.79893875,0.78628045,0.78934145,0.78328514,0.7796578,0.79510397,0.79389435,0.79174787,0.79154456,0.7915193,0.78985816,0.79125345,0.7922207,0.7898993,0.8049382,0.7875441,0.7808704,0.7838873,0.7936679,0.79368037,0.7904966,0.796694,0.7925649,0.7978507,0.80161643,0.79377747,0.7844956,0.7940844,0.7983199,0.79349047,0.7933912,0.8033279,0.77691627,0.781044,0.7892809,0.77625585
0.769333,0.77205,0.76358134,0.7566665,0.76526433,0.7727096,0.7546337,0.75521624,0.7768162,0.7594967,0.7559714,0.76727384,0.7671914,0.7679054,0.7682014,0.7611986,0.7761661,0.755834,0.7790012,0.76658654,0.7757158,0.75652826,0.7544278,0.78005785,0.7756035,0.7665056,0.7683925,0.75632274,0.75802183,0.7865914,0.77101797,0.77566636,0.76063776,0.7849438,0.76333827,0.76505107,0.7564428,0.7451689,0.77254206,0.76832175,0.7594329,0.7709428,0.7755554,0.7576761,0.7685094,0.7625632,0.7631897,0.76821214,0.75366414,0.75060064,0.75923395,0.7639652,0.7579239,0.7626371,0.7712517,0.76789707,0.76785856,0.76690423,0.7584672,0.7710364,0.7698891,0.7574975,0.77210766,0.76253206,0.76214427,0.76600575,0.7680052,0.7659239,0.769932,0.7727631,0.78053695,0.7648249,0.75492394,0.75164676,0.775414,0.7658703,0.76205146,0.7523763,0.75078845,0.76318204,0.7654542,0.7793005,0.7745317,0.77379894,0.7717123,0.7467877,0.75927955,0.7655162,0.7703803,0.7704786,0.781835,0.7672523,0.75189114,0.77010655,0.7639278,0.7750245,0.76774174,0.78068423,0.7628058,0.76511997,0.7814738,0.78325194,0.7622752,0.76931643,0.77598715,0.7634281,0.7735431,0.7622882,0.77359354,0.76145315,0.7676128,0.7746541,0.7656308,0.77343243,0.76734906,0.76036215,0.777977,0.7771186,0.7670546,0.7752184,0.75883204,0.77063257,0.76041466,0.75782037,0.7724602,0.77910453,0.74844795,0.77730614,0.7619646,0.76597124,0.7810784,0.7636292,0.7589314,0.75133795,0.7725127,0.76364774,0.7778101,0.776728,0.76210535,0.7655575,0.74944663,0.77301663,0.780699,0.7602544,0.7672586,0.78040755,0.76324993,0.74587446,0.7610098,0.759723,0.76082516,0.77324885,0.77065563,0.7657484,0.76267624,0.7744389,0.7717819,0.7605509,0.77093256,0.7508306,0.75666666,0.76129246,0.7580465,0.7712074,0.7751727,0.772253,0.7575279,0.76415837,0.7458497,0.7620594,0.7551979,0.75569063,0.77067673,0.76745826,0.7754651,0.76623994,0.7664106,0.76296985,0.7652002,0.7626289,0.75031334,0.7679909,0.76170105,0.7644566,0.76917446,0.76857424,0.7605678,0.77157503,0.7653863,0.756718,0.7706645,0.7726951,0.7610914,0.7715398,0.7621082,0.76518095,0.77083623,0.7635532,0.7659406,0.7561123,0.77890563,0.7586832,0.7746642,0.7545184,0.76508796,0.77911437,0.7793293,0.7571366,0.76676923,0.7653016,0.7609682,0.7600415,0.7610254,0.7461298,0.7516168,0.7695693,0.7647163,0.77236867,0.76842964,0.766895,0.7614675,0.7641402,0.7457806,0.754314,0.7668894,0.7859206,0.7695121,0.7641872,0.76381654,0.7728458,0.7641936,0.77488583,0.7654657,0.7526444,0.77612007,0.7518483,0.758137,0.761205,0.77740467,0.7516435,0.76914173,0.762493,0.76227325,0.77069336,0.7621344,0.7532259,0.760532,0.75304186,0.76959413,0.76071125,0.75445336,0.76359355,0.76431817,0.7651566,0.76611763,0.7730624,0.76486194,0.75796777,0.7616875,0.7670158,0.76682687,0.77436393,0.7744423,0.7561902,0.764861,0.76118493,0.7703768,0.7787204,0.7619241,0.7696851,0.7532293,0.7530465,0.74684733,0.78545266,0.7575286,0.7545368,0.7674842,0.7573623,0.75220203,0.7595889,0.75355047,0.7554596,0.76045245,0.7706905,0.7636526,0.770054,0.7574533,0.77065253,0.776236,0.7542396,0.7737371,0.77297306,0.7436927,0.76390934,0.784926,0.7639374,0.75910157,0.76054126,0.76122874,0.764621,0.7679149,0.77749103,0.76480067,0.74939626,0.76351976,0.77603704,0.7787914,0.75670236,0.7696551,0.75948006,0.76625556,0.7642309,0.77273905,0.77135223,0.7576927,0.7601155,0.77529776,0.7456527,0.7727481,0.7721682,0.76201636,0.7517757,0.7638782,0.77853227,0.76351637,0.7699022,0.75933623,0.7816291,0.75590295,0.7606915,0.7788027,0.7532507,0.75007844,0.7726222,0.7755878,0.7638493,0.76511776,0.75836617,0.779062,0.76378167,0.76611036,0.76364106,0.76533437,0.7494823,0.7725344,0.75394773,0.7605576,0.76530457,0.7676739,0.76189923,0.7754717,0.77609247,0.7533564,0.7694608,0.75187516,0.7596593,0.76219136,0.7710327,0.761074,0.7661472,0.7606145,0.7696291,0.75548524,0.7650485,0.7685105,0.75280315,0.7541754,0.74951905,0.77135557,0.7576494,0.7504339,0.758282,0.7668455,0.7692768,0.78937066,0.7670233,0.75041634,0.7617532,0.74870956,0.76444376,0.7517851,0.7779001,0.77651846,0.7623236,0.75195456,0.76173055,0.7591207,0.76975834,0.7563449,0.7503452,0.7632806,0.7746922,0.7648824,0.78084874,0.7743951,0.7709743,0.7786288,0.7715496,0.7691676,0.7584965,0.76064986,0.7648312,0.78263175,0.75611037,0.76696974,0.7690132,0.7626476,0.77086693,0.7706989,0.7637812,0.7533076,0.7710982,0.7587682,0.7598569,0.7628099,0.7662069,0.7767207,0.75977254,0.7634412,0.7576955,0.7616043,0.75461864,0.7697863,0.7514133,0.7650264,0.75250673,0.75046027,0.7735176,0.7485417,0.77569455,0.76276296,0.7737722,0.7621835,0.7363275,0.78083795,0.76268363,0.7842613,0.753459,0.7654076,0.7645758,0.741564,0.76259696,0.7597042,0.7483554,0.77773094,0.7935636,0.76759714,0.7586697,0.7722169,0.7696403,0.76008487,0.75990915,0.78210485,0.7678238,0.77183074,0.7633708,0.7533879,0.77783096,0.76412493,0.77846587,0.76261353,0.7693847,0.7632762,0.7823181,0.76572055,0.76314646,0.76753765,0.76044667,0.7604576,0.7767728,0.75908756,0.7627335,0.77284956,0.7664631,0.77863836,0.76820195,0.77883756,0.7702311,0.7617211,0.7565971,0.763835,0.76693785,0.7750575,0.7701479,0.776588,0.7645062,0.76616913,0.7653285,0.76148003,0.764436,0.75253344,0.78105766,0.7756573,0.7677037,0.77362853,0.74464047,0.7654821,0.76974887,0.7455849,0.775026,0.7568781,0.77710074,0.77856857,0.78109586,0.76818055,0.7590865,0.7624375,0.77018124,0.7765399,0.7782142,0.7672706,0.7641659,0.7653429,0.7610661,0.77102286,0.7608534,0.7724481,0.77865314,0.76377827,0.7625296,0.77254486,0.7621622,0.7745761,0.7780361,0.7631843,0.74759084,0.76881856,0.7565022,0.74866813,0.7760622,0.75995773,0.76320916,0.78524214,0.7686753,0.75414604,0.7623976,0.7750763,0.7588905,0.76248795,0.77027005,0.76425225,0.76334673,0.774679,0.76888794,0.76896715,0.7616391,0.75947833,0.76520747,0.7647849,0.7491851,0.76967686,0.7647474,0.77637744,0.78081286,0.78533316,0.7540427,0.7591985,0.75954086,0.7672585,0.7551268,0.7783685,0.7658751,0.7575718,0.7574611,0.75920117,0.7777772,0.7692438,0.76165164,0.75294507,0.74925077,0.7776535,0.76639676,0.7605693,0.776592,0.75760406,0.7623669,0.75935006,0.7640943,0.778414,0.7665103,0.7674429,0.7694987,0.7647421,0.7682072,0.76016945,0.76877594,0.7624785,0.7677047,0.77244914,0.74833804,0.76207733,0.75430477,0.77271575,0.7493305,0.7627761,0.7694041,0.7679241,0.7734122,0.77702016,0.7722412,0.7601218,0.7700736,0.7685709,0.76875037,0.7715398,0.76602143,0.77632564,0.78651404,0.77882475,0.7692003,0.7566869,0.76912445,0.77259177,0.7729569,0.74156165,0.7747907,0.7511112,0.7711499,0.7555613,0.765193,0.77696097,0.7445302,0.7736088,0.75928974,0.7660125,0.74749035,0.76142687,0.77982605,0.7659818,0.7744649,0.77499974,0.77448875,0.76563865,0.755867,0.77182937,0.7604828,0.76934236,0.77780896,0.7632215,0.7636874,0.7641841,0.77429557,0.7542688,0.7712512,0.7644492,0.7555317,0.76082045,0.77477765,0.7629588,0.76826966,0.7647177,0.75500125,0.7658971,0.75607294,0.7709619,0.76469475,0.77166474,0.7728762,0.76870906,0.7620551,0.7730191,0.74561495,0.76734006,0.770681,0.7536147,0.7640065,0.76022065,0.76821804,0.76851857,0.7545855,0.76460606,0.74678296,0.7733877,0.7677547,0.7733025,0.7463609,0.7706977,0.7557828,0.7661341,0.7793154,0.7729233,0.7537369,0.7619398,0.7644437,0.7732547,0.7611953,0.7738321,0.7567468,0.75116843,0.771613,0.7684188,0.7563004,0.7623892,0.7548314,0.76484126,0.77180207,0.7560575,0.7643011,0.75661474,0.75957114,0.7509591,0.7666003,0.76653135,0.75968885,0.7670871,0.75881237,0.7612167,0.7771936,0.76515317,0.768414,0.7694026,0.757741,0.76562095,0.776728,0.76273483,0.75865,0.7718837,0.77180934,0.7734135,0.76885414,0.7593398,0.77077556,0.77036965,0.76535267,0.765839,0.7834065,0.7519687,0.7661304,0.77376795,0.7582159,0.7660443,0.7761265,0.7773448,0.75099194,0.76555777,0.76874804,0.7827737,0.77481455,0.772014,0.7552371,0.7663176,0.7612405,0.77895546,0.7707051,0.76188576,0.76789266,0.7780274,0.7683368,0.76319116,0.7561099,0.75854033,0.7789147,0.77296656,0.73781747,0.77292657,0.77506906,0.7535731,0.7685076,0.7699929,0.7618712,0.7467377,0.763028,0.7826474,0.76389736,0.7642693,0.7928055,0.75139576,0.7763054,0.76273286,0.76825947,0.76610976,0.76098794,0.7741596,0.7715699,0.7882832,0.75844336,0.7791889,0.7649648,0.76382256,0.75698143,0.7502423,0.7809603,0.766042,0.7621473,0.7622911,0.76547605,0.7597949,0.762024,0.75948995,0.7716531,0.7621859,0.7663022,0.7501707,0.77612084,0.76184523,0.76424414,0.7457537,0.7587848,0.77154744,0.76626104,0.74524194,0.7593423,0.76102513,0.7727732,0.7609113,0.75736904,0.7812578,0.76582265,0.76868236,0.7714363,0.7694582,0.7734944,0.7806666,0.7667909,0.7626402,0.76038045,0.76430595,0.7565546,0.78259873,0.7637187,0.7855558,0.76742333,0.77998966,0.7709278,0.7770147,0.7756394,0.76066417,0.76369923,0.77232945,0.77628607,0.7615196,0.76627994,0.78586984,0.7627984,0.7629469,0.76546365,0.7531607,0.7623826,0.7607464,0.75720143,0.78571355,0.7698206,0.76721585,0.7616669,0.7681634,0.771457,0.77775,0.7600747,0.7600126,0.76269746,0.7640918,0.774141,0.766518,0.78338945,0.7556306,0.77444714,0.765054,0.7516283,0.7631456,0.7670841,0.773397,0.75945663,0.78101015,0.7663701,0.75252116,0.7707808,0.76052797,0.76015615,0.749759,0.7721965,0.77164316,0.78788763,0.76471806,0.76578766,0.75379795,0.77458656,0.75311804,0.76336324,0.7642686,0.77187026,0.748951,0.7567965,0.7581507,0.7526158,0.7767825,0.75028354,0.7566595,0.7635438,0.7746311,0.7457339,0.7694719,0.7618077,0.74443597,0.7573176,0.7875475,0.74977785,0.7847976,0.76883507,0.77031726,0.7689856,0.7717211,0.75358063,0.76647276,0.77187914,0.76134485,0.7530893,0.77405405,0.7742698,0.75900716,0.77563286,0.7586835,0.7591446,0.7679715,0.7551501,0.7483592,0.75772643,0.779165,0.7684516,0.77379006,0.75458616,0.7602602,0.7584672,0.7856791,0.78212994,0.767396,0.75882,0.7627018,0.76306766,0.76087373,0.76434904,0.75700414,0.7561621,0.7689601,0.7638668,0.76790047,0.7597369,0.75248,0.75916654,0.7662803,0.7584166,0.7604474,0.76678365,0.7759648,0.7660749,0.74965835,0.7655336,0.76802737,0.7620274,0.76284,0.7772888,0.7788188,0.76777315,0.7699582,0.7707115,0.7614478,0.76552176,0.7493301,0.76987207,0.76613545,0.7662449,0.76416105,0.7761037,0.76275724,0.767611,0.7646032,0.77021664,0.7744813,0.7669269,0.76375306,0.76312697,0.7758971,0.7695405,0.7558224,0.7483581,0.7587319,0.77126884,0.7577776,0.775044,0.78035396,0.77043647,0.7543218,0.7611639,0.76425546,0.7643812,0.7700453,0.7488011,0.7720228,0.7675426,0.7555879,0.7655802,0.7527437,0.7605046,0.7779319,0.75907385,0.7588061,0.75861543,0.75223804,0.7412985,0.7613455,0.7606845
0.72799075,0.7360896,0.70797795,0.71237445,0.72399,0.71531576,0.72688675,0.7248771,0.75426435,0.724465,0.7242036,0.71779853,0.7278879,0.745887,0.72239375,0.7270758,0.73953354,0.7238508,0.74351573,0.7227497,0.726627,0.7219912,0.7426802,0.7321726,0.7334595,0.7389023,0.73910886,0.71972716,0.7313379,0.7389902,0.72280216,0.73527575,0.7190185,0.73695976,0.7148923,0.7125982,0.72143686,0.7272107,0.7252849,0.7197339,0.7376731,0.6963639,0.73164725,0.723923,0.7319694,0.7395633,0.7377876,0.73664993,0.7088367,0.7270734,0.7349518,0.7238606,0.71737564,0.7335235,0.7370892,0.7151464,0.7248244,0.72503877,0.7317193,0.7254459,0.7236364,0.7441819,0.7357018,0.7312114,0.71846443,0.71601504,0.7310689,0.7333218,0.7252883,0.7544042,0.73378193,0.73948485,0.72845006,0.7274034,0.74424577,0.730921,0.7205016,0.73367316,0.72762704,0.72345954,0.7332628,0.7510047,0.7196552,0.73151207,0.72309417,0.7117308,0.72984195,0.7197983,0.7385386,0.74024576,0.746066,0.7356024,0.73881257,0.71702695,0.7399851,0.7358795,0.73733103,0.7432947,0.70889163,0.7368816,0.72984165,0.73970175,0.73414224,0.73966736,0.7266867,0.7089396,0.7236174,0.72051674,0.72623193,0.71390384,0.7100451,0.7377084,0.73249984,0.73457175,0.730195,0.73824584,0.72047234,0.74261063,0.7305175,0.72897536,0.7175915,0.7177524,0.73255265,0.72571236,0.7354898,0.7443213,0.7343548,0.7241312,0.7221403,0.72137374,0.7452397,0.73115605,0.7250545,0.71208644,0.72641075,0.72279215,0.75333637,0.7383205,0.73365706,0.7415662,0.7468635,0.7351944,0.73858476,0.72875065,0.7173066,0.73127836,0.7264187,0.7051561,0.7290345,0.72332585,0.71721506,0.75358045,0.7180852,0.7312416,0.7232116,0.717656,0.7458503,0.7270438,0.74709404,0.73792285,0.72111696,0.7102692,0.71880096,0.7300291,0.7214569,0.73588073,0.733968,0.72802985,0.7003129,0.7261217,0.7362515,0.7279729,0.7227097,0.736903,0.714508,0.7356092,0.73401994,0.7196193,0.72361654,0.71839386,0.7182772,0.743556,0.713826,0.72819567,0.72543806,0.74200326,0.70917904,0.714355,0.7349633,0.74203265,0.7380213,0.7384569,0.71211284,0.7031302,0.73237294,0.7304558,0.7399225,0.72757155,0.7473736,0.7435116,0.7493888,0.73477864,0.735584,0.7409051,0.7262278,0.7382206,0.72929657,0.7512954,0.7211214,0.7373134,0.72990364,0.7193436,0.731162,0.72707975,0.72420263,0.7293855,0.7205448,0.742971,0.720431,0.7245344,0.7356145,0.71269846,0.71812207,0.73280954,0.72957134,0.72517544,0.730911,0.7258573,0.7387409,0.7478893,0.73786044,0.7462561,0.72424614,0.7290365,0.72876996,0.7262089,0.7214468,0.72492677,0.73263836,0.7364551,0.7300171,0.7232564,0.7184539,0.72780967,0.72353226,0.7250935,0.7431392,0.7345985,0.7314838,0.7325445,0.72979105,0.7092176,0.7406027,0.7342826,0.72133946,0.7255994,0.7175009,0.7313566,0.7484442,0.7265234,0.73248273,0.7224423,0.7284059,0.73279214,0.7418493,0.73097306,0.72845274,0.7299209,0.74326396,0.74076617,0.720511,0.7372803,0.7084516,0.73647237,0.73804134,0.7164432,0.729525,0.71727484,0.73695785,0.72989863,0.73412997,0.74060845,0.7385677,0.7260089,0.73128253,0.7332859,0.7134093,0.7227254,0.7412672,0.7284482,0.73378474,0.71698505,0.7224039,0.72522175,0.73537564,0.72842985,0.72857964,0.73019165,0.7217481,0.7191322,0.72268784,0.7381197,0.7239989,0.7395499,0.7305418,0.73827624,0.73269904,0.73102385,0.7291235,0.73766387,0.7413905,0.72877866,0.7393566,0.727171,0.7358992,0.72326505,0.7241314,0.7264085,0.72913843,0.7276301,0.7361962,0.7278646,0.7253061,0.7227031,0.71682966,0.74626374,0.7184869,0.7392692,0.7444457,0.7310635,0.73538715,0.721442,0.70240986,0.72720337,0.72147995,0.72375166,0.73835796,0.72082853,0.7208801,0.7104733,0.73687667,0.7272669,0.72287214,0.72271097,0.74210125,0.7348419,0.7345911,0.7285196,0.72669023,0.7304274,0.73926663,0.74813366,0.71509784,0.7250702,0.73664516,0.72669816,0.72200924,0.7213257,0.7286867,0.720102,0.72776115,0.72772455,0.74598134,0.727837,0.72592384,0.7139259,0.7370759,0.72601664,0.74457496,0.72853065,0.7195759,0.7250024,0.71578556,0.70998883,0.7348726,0.7375889,0.722914,0.73182243,0.7222039,0.7346122,0.7254664,0.73024064,0.75065374,0.7203446,0.7314156,0.73843294,0.7236895,0.72514075,0.7427894,0.7164816,0.7365099,0.72510254,0.72695684,0.7497548,0.7374321,0.7408057,0.7292655,0.72141486,0.73419154,0.74268687,0.71767735,0.73485315,0.7447512,0.70999724,0.727076,0.7414256,0.72948873,0.7216121,0.73854005,0.73348993,0.72240824,0.72626364,0.73111117,0.744681,0.73162365,0.74826366,0.73387814,0.731536,0.7493898,0.72709197,0.73462397,0.7378936,0.7337114,0.7139019,0.7347442,0.733384,0.71683687,0.7112327,0.7153467,0.71260184,0.7279537,0.7357423,0.72158986,0.7291343,0.7410933,0.72994435,0.7407167,0.7283967,0.72408175,0.73125297,0.73801744,0.7348202,0.72574097,0.71784085,0.7266432,0.7529309,0.72710407,0.73100054,0.7325725,0.7369248,0.7248538,0.73536247,0.7297695,0.73398817,0.7319163,0.7212306,0.71842366,0.7392309,0.71451545,0.72935206,0.74391747,0.73447025,0.7355272,0.7482794,0.72043365,0.74234223,0.7264735,0.72724414,0.7331086,0.7347362,0.7270315,0.7297716,0.7308935,0.72848487,0.726143,0.7450199,0.7454356,0.7195965,0.7323472,0.71216154,0.73476523,0.7215218,0.71494335,0.71648955,0.7209607,0.7206961,0.72189546,0.7258776,0.7349757,0.7307683,0.7119448,0.72613764,0.7299,0.72194946,0.72743964,0.7349764,0.72780776,0.7398203,0.714873,0.7277159,0.7402593,0.73061526,0.72358036,0.73449606,0.7166682,0.7057275,0.72678375,0.7341719,0.7365829,0.71849954,0.73275757,0.7243671,0.73032707,0.7239503,0.7301,0.7207721,0.7391718,0.7329331,0.7243781,0.72272086,0.7278334,0.7267994,0.7139458,0.7319756,0.7250971,0.7306993,0.7326769,0.7279831,0.72718775,0.7362755,0.7191006,0.7199098,0.73591226,0.7248646,0.7257892,0.73851484,0.732205,0.73552585,0.72406805,0.7351214,0.72188145,0.733774,0.7326105,0.7194288,0.7160205,0.72044915,0.7164142,0.7213433,0.7168868,0.72311634,0.73815614,0.7269276,0.73503023,0.7308088,0.7438809,0.7265952,0.72548383,0.7252636,0.7225032,0.74719656,0.72168046,0.7277784,0.73949105,0.7394274,0.73595345,0.73976475,0.7196935,0.7156671,0.73596334,0.7150869,0.7209474,0.7319962,0.7284279,0.7189557,0.7272386,0.72522116,0.74099666,0.74004126,0.7427601,0.73799556,0.7409125,0.7458885,0.71666116,0.72991383,0.724009,0.7398438,0.7215695,0.7363011,0.7357416,0.7371997,0.7254265,0.7351482,0.7294321,0.7130159,0.73261255,0.72323716,0.73486996,0.73630613,0.7285663,0.7262559,0.7240462,0.7452134,0.7331101,0.7162382,0.7210729,0.7407996,0.7262344,0.7158169,0.73711437,0.7291074,0.7060553,0.72347975,0.7222824,0.7320454,0.7059675,0.7343778,0.72923046,0.7185447,0.71380264,0.716478,0.72225666,0.7227872,0.71849203,0.7232113,0.7341426,0.7203561,0.7167153,0.74,0.72860086,0.7233736,0.72909504,0.7212081,0.7277919,0.7199187,0.7364935,0.7196187,0.72998375,0.73787886,0.7354324,0.72885543,0.73035234,0.7318179,0.72322416,0.7380157,0.7476701,0.7295965,0.7159557,0.72123,0.7343567,0.72074634,0.7257998,0.7346836,0.72719514,0.72209877,0.7441477,0.7235301,0.7145567,0.7341642,0.7238549,0.7306332,0.7371799,0.73452675,0.72427917,0.725124,0.72060394,0.71783084,0.7178035,0.72470856,0.71931005,0.734941,0.74252397,0.7325613,0.7277496,0.71269053,0.72085667,0.72175056,0.73441404,0.73045385,0.7293063,0.7254225,0.7223188,0.72651505,0.7320446,0.73316556,0.73220164,0.7381226,0.72283226,0.72329754,0.7186088,0.72611105,0.7381405,0.7340779,0.7230078,0.7214953,0.7290899,0.7238275,0.72640574,0.7225608,0.7171717,0.7347401,0.732429,0.7492716,0.72567976,0.72714984,0.7224446,0.7216216,0.7203161,0.73441976,0.72984755,0.73502445,0.7208773,0.7368462,0.7170652,0.72225076,0.7339352,0.7140744,0.72242206,0.7313294,0.7182881,0.7346725,0.72775847,0.7422101,0.7322427,0.7349826,0.73825353,0.7327241,0.72397035,0.7301795,0.72425044,0.7210306,0.7331795,0.7301427,0.7299099,0.7110544,0.74281293,0.73057365,0.7412686,0.73451114,0.7351726,0.70270723,0.72974706,0.7353378,0.7362951,0.7144947,0.7287726,0.7479771,0.74302477,0.71961313,0.73333997,0.72348046,0.7258512,0.7144811,0.72868824,0.71237284,0.7148363,0.7362984,0.71294624,0.74004406,0.7346854,0.7205773,0.7100305,0.73351383,0.7313948,0.72886735,0.7374816,0.74852145,0.71549594,0.72344637,0.7161781,0.7235885,0.71951133,0.7183144,0.75150245,0.72272,0.7366495,0.7226983,0.7405978,0.7170289,0.723361,0.7241366,0.7297626,0.72214454,0.72985256,0.7205369,0.73541605,0.7214705,0.7261067,0.73693544,0.72725517,0.7217201,0.71917033,0.730685,0.73259646,0.7289896,0.7357167,0.7270736,0.7280996,0.7322122,0.7367522,0.7303165,0.7336273,0.70976335,0.71227294,0.7310749,0.7337715,0.7235237,0.74397284,0.73694324,0.7309257,0.711074,0.7484432,0.7222365,0.74055237,0.72710896,0.7176057,0.7237069,0.7297162,0.7267519,0.7365787,0.7236931,0.7249859,0.72583944,0.72821,0.735195,0.73492414,0.73292774,0.7329111,0.7292493,0.7302787,0.7332841,0.7279831,0.74021184,0.7263842,0.7379045,0.7345245,0.7368564,0.73781383,0.704227,0.72989225,0.72273266,0.72393984,0.72495604,0.71701425,0.72918105,0.71845585,0.7376063,0.7287404,0.7163397,0.73099655,0.722464,0.71444196,0.72885144,0.7335402,0.7287288,0.7335716,0.7368541,0.73652995,0.7133698,0.71242446,0.7259695,0.73733765,0.7426154,0.7305503,0.72152495,0.71470416,0.73171276,0.70941144,0.729211,0.7361489,0.7391997,0.7303262,0.73692125,0.73478204,0.7279545,0.719499,0.72759134,0.7335624,0.73389876,0.73514354,0.73717487,0.724001,0.7273489,0.73457384,0.73198384,0.7245065,0.70526165,0.71812433,0.72790575,0.73161685,0.729547,0.72831637,0.73246026,0.7288413,0.7276168,0.74231225,0.7288512,0.72395,0.7179663,0.7357657,0.73331845,0.73945826,0.7079914,0.72005576,0.7347684,0.7219275,0.7331501,0.72790474,0.7202592,0.7291772,0.7427807,0.7331551,0.7344847,0.73340154,0.7202136,0.70905197,0.7252055,0.74471813,0.73245484,0.7349521,0.7212436,0.744451,0.74223554,0.7420019,0.73569787,0.7366551,0.74297035,0.74471885,0.7353041,0.7159659,0.72346014,0.7338985,0.7158138,0.72125906,0.7296255,0.72532487,0.7233653,0.72817004,0.72510815,0.7320947,0.73129034,0.73416466,0.73824334,0.73731196,0.7395591,0.71121013,0.72291267,0.7252646,0.73920304,0.731574,0.73380375,0.7311058,0.7274598,0.73603666,0.7368553,0.74500084,0.73096156,0.72898555,0.70576745,0.7203035,0.7385736,0.72733855,0.7258812,0.7289011,0.72307956,0.7201958,0.7261815,0.72964513,0.7252008,0.7343012,0.7316543,0.73661554,0.72759515,0.7358738,0.71181947,0.71195376,0.7229707,0.7235174,0.73580074,0.73716295,0.73721844,0.72091967,0.7314077,0.72722244,0.713609,0.73502195,0.7169172,0.71995854,0.71643156,0.72931993,0.7183679,0.71914035,0.7263941,0.73253626,0.7204035,0.72655463,0.71969396,0.72838867,0.71970963,0.7479919,0.7118922
0.38310468,0.3717686,0.38382697,0.38674802,0.37646115,0.3859666,0.37429106,0.38129237,0.35480878,0.37616038,0.39274168,0.39088887,0.40269142,0.37934384,0.38617977,0.3952668,0.37051773,0.38532412,0.36785248,0.3809811,0.39395198,0.37657472,0.376189,0.3813836,0.37958276,0.39173374,0.3673354,0.37846982,0.3796354,0.38735515,0.39807937,0.3699131,0.38661808,0.390185,0.40582243,0.3913006,0.38732496,0.36057547,0.38435525,0.38940006,0.38715252,0.3932647,0.37865105,0.3851956,0.3761085,0.37420028,0.3855786,0.38600376,0.38466042,0.38823044,0.37720838,0.3882671,0.40747824,0.36871347,0.3786167,0.3868356,0.3720391,0.3920652,0.3793441,0.37662616,0.39465073,0.3829845,0.35986578,0.37965408,0.40036196,0.36598644,0.39686975,0.3704126,0.38253498,0.3768386,0.37623486,0.37969434,0.3800663,0.38729113,0.3595507,0.37657464,0.3902163,0.38295934,0.39965975,0.38102785,0.36881033,0.38146836,0.39423215,0.3856975,0.39927542,0.39761156,0.38118064,0.39948973,0.3780187,0.38011003,0.38477728,0.3875549,0.3695528,0.3842482,0.37828395,0.39617902,0.37068355,0.3668586,0.386479,0.36661553,0.3727269,0.37212956,0.39397097,0.3788384,0.38691664,0.3982788,0.38280255,0.4025727,0.39189562,0.3781605,0.38283172,0.38604715,0.38374865,0.3839137,0.387894,0.36709818,0.3849664,0.37913892,0.3710038,0.39096728,0.40095702,0.40037146,0.3943934,0.38375384,0.38036692,0.3773837,0.38080198,0.37795568,0.3789057,0.39809066,0.36702085,0.40095526,0.38651007,0.39634207,0.39449096,0.37871993,0.36246133,0.37629032,0.37216347,0.39795625,0.3712225,0.3861793,0.38625896,0.3774343,0.4007278,0.39770105,0.3806471,0.39580265,0.37406272,0.39261997,0.39932996,0.36880186,0.3902111,0.3842709,0.3873704,0.39465815,0.36031103,0.37813282,0.38176647,0.39983892,0.39644322,0.39931166,0.38562587,0.37700018,0.40851995,0.36096853,0.38595003,0.37503386,0.40712777,0.3811042,0.37671283,0.37880224,0.39647475,0.38250178,0.3841432,0.37178084,0.39313832,0.3952901,0.3839887,0.40663037,0.38816673,0.37240005,0.39127588,0.3553779,0.39813486,0.38536364,0.3760665,0.38540003,0.3968953,0.409878,0.36611262,0.362714,0.38852158,0.38897875,0.39442262,0.37191975,0.39081702,0.38286102,0.37088466,0.38260657,0.37956658,0.37545294,0.38489044,0.38366532,0.38389462,0.3889806,0.38011953,0.37522715,0.3944419,0.38187373,0.38681042,0.3807393,0.37894586,0.38073704,0.39468893,0.3840141,0.3981759,0.37945658,0.38664123,0.38849834,0.39348197,0.383099,0.4027129,0.38122576,0.37916583,0.40110397,0.39091465,0.3601225,0.37428433,0.37322327,0.38743192,0.36749712,0.3863259,0.3915659,0.3821981,0.3785112,0.3865078,0.40134132,0.391968,0.388424,0.39527303,0.39508894,0.39449623,0.37507832,0.37001967,0.3942057,0.38221443,0.38590774,0.39926314,0.3857448,0.39365003,0.3710993,0.38727617,0.37387395,0.3879308,0.38827002,0.39215788,0.3879181,0.37973,0.40061918,0.3953172,0.38017032,0.39490092,0.38305804,0.3817266,0.3794719,0.3840731,0.3933341,0.37582597,0.36375985,0.38896778,0.3797308,0.38509545,0.38344258,0.35789624,0.38678586,0.3663108,0.37964222,0.38421342,0.3944741,0.37468356,0.38859925,0.37458256,0.39080808,0.38345668,0.38702217,0.3977441,0.38687015,0.37172616,0.37977254,0.37483692,0.3723252,0.38165498,0.41481167,0.38301757,0.39120388,0.37257275,0.39266995,0.3774214,0.3906235,0.38813484,0.38084656,0.38221362,0.36873904,0.39154452,0.3750617,0.38363466,0.3780469,0.3795137,0.38076603,0.37978002,0.37319088,0.36090055,0.38541535,0.3820628,0.39410782,0.3754204,0.39138612,0.3827384,0.36935145,0.37861705,0.37815708,0.3855717,0.3731391,0.38001007,0.36577976,0.37474623,0.39229512,0.36804175,0.37891725,0.3693864,0.38257617,0.3925156,0.39079472,0.39493382,0.37738436,0.3654612,0.37749857,0.38593715,0.39083096,0.37805688,0.3747577,0.3773646,0.39792028,0.3462867,0.3847481,0.38235,0.36756846,0.38132766,0.38160136,0.39829686,0.3830386,0.3872864,0.40210202,0.37448287,0.36784932,0.40028796,0.38915753,0.39695346,0.37359142,0.39563835,0.38052315,0.3737768,0.40162373,0.38434416,0.40355313,0.36746415,0.3905515,0.3857961,0.39174303,0.395097,0.37855926,0.3921787,0.38177133,0.38451186,0.3845895,0.37135246,0.3789298,0.37521055,0.36945856,0.3733405,0.37366915,0.38257354,0.37931973,0.37895554,0.382298,0.3741937,0.37944052,0.3766473,0.36916587,0.36749327,0.38266665,0.38976815,0.37270355,0.38936493,0.3847987,0.4054707,0.39108717,0.38701802,0.36759058,0.3775494,0.37833372,0.37616754,0.39809293,0.38308042,0.3882212,0.40462187,0.40194535,0.37221625,0.3882111,0.38178492,0.3830298,0.39002973,0.38742054,0.38554108,0.3622523,0.40217292,0.37277228,0.38076183,0.3646792,0.38542953,0.38016677,0.3735863,0.37205926,0.3810975,0.3841669,0.3858542,0.40028143,0.38721025,0.38277638,0.38362992,0.37807375,0.3788601,0.366147,0.38619164,0.38716587,0.3715141,0.37613532,0.3863739,0.37597904,0.375259,0.38664633,0.4072256,0.37203744,0.3757544,0.3654327,0.38578597,0.37021807,0.39195368,0.38674837,0.37943417,0.3835118,0.38471746,0.37457484,0.36873385,0.40125832,0.3929242,0.3482616,0.40094596,0.37381467,0.37131655,0.38921878,0.37734506,0.37831262,0.39787328,0.35282734,0.40009892,0.3667996,0.38409206,0.36459234,0.38626674,0.38812354,0.38172778,0.39436203,0.38646102,0.3876294,0.3828084,0.38035783,0.35661784,0.4053335,0.36500996,0.37327003,0.40379792,0.39400738,0.3816709,0.38371083,0.38721585,0.38085765,0.3727654,0.3903272,0.38772446,0.40438113,0.3814111,0.39088297,0.37936693,0.38137192,0.37950915,0.37466186,0.40203187,0.3739757,0.37924358,0.3951167,0.39097056,0.37217277,0.40177444,0.40223947,0.37590566,0.3898266,0.38859755,0.39618826,0.38065526,0.39444733,0.37957922,0.37712112,0.37266493,0.38401365,0.38301992,0.38486105,0.392632,0.37956727,0.39863726,0.383735,0.37328285,0.38630545,0.388534,0.3950193,0.39001307,0.3815054,0.38700998,0.37426907,0.3824024,0.3853907,0.39033806,0.37588787,0.38535088,0.39679232,0.3874286,0.37039182,0.37812805,0.38630083,0.38115254,0.37588865,0.3831708,0.38839823,0.38689074,0.3664606,0.3871727,0.39457434,0.38633165,0.39679968,0.37766007,0.38207924,0.37700915,0.37638208,0.36525863,0.3818146,0.38236853,0.39900032,0.3702677,0.38280594,0.39513412,0.3831432,0.38224453,0.3658244,0.39371353,0.38257244,0.37516698,0.38169038,0.3939282,0.3927894,0.39736223,0.3853005,0.38399777,0.38663405,0.398826,0.38769582,0.383812,0.39284885,0.37738383,0.37928867,0.37462658,0.38258487,0.3955849,0.40459338,0.3756739,0.3818243,0.37526697,0.39272597,0.37582108,0.37732252,0.38478184,0.37683773,0.37167516,0.39198825,0.3827936,0.3730094,0.39120352,0.3800472,0.38433212,0.4018414,0.3831322,0.38094634,0.3811568,0.38675818,0.37825084,0.38690352,0.36590987,0.3896121,0.37978092,0.3955775,0.39995256,0.38409603,0.3763438,0.3978166,0.39069214,0.3865137,0.40616438,0.39446285,0.3799264,0.39095864,0.40305564,0.3767814,0.40505224,0.38319957,0.39471692,0.40138644,0.39238483,0.37725866,0.3658964,0.38314864,0.38074365,0.4016107,0.38135183,0.38105237,0.39172423,0.38198036,0.3814601,0.3683486,0.38283974,0.38711765,0.39746377,0.36806044,0.36491862,0.38849357,0.3785368,0.38161138,0.38625684,0.40627694,0.36086148,0.3773199,0.39867216,0.40169758,0.37636307,0.3775751,0.38521588,0.3803172,0.39545992,0.3833439,0.37881842,0.37960136,0.3823674,0.37980658,0.393002,0.37678048,0.36962005,0.38616905,0.3961639,0.39858875,0.392672,0.364312,0.39148146,0.39301494,0.37896138,0.39295998,0.39864045,0.38293457,0.39232972,0.365514,0.3692897,0.37790895,0.3935352,0.39088205,0.38368326,0.37255722,0.3732797,0.38110545,0.39465642,0.39106783,0.38883352,0.37661555,0.37825596,0.39588967,0.38546342,0.3810371,0.3845304,0.40132156,0.39231372,0.39664862,0.3953902,0.3784342,0.38079807,0.36711773,0.3805213,0.37672353,0.38548458,0.38021615,0.39829916,0.37683597,0.37612978,0.3875482,0.3801692,0.37992924,0.38336635,0.3823828,0.3834888,0.38141686,0.38387793,0.3841238,0.373145,0.3748287,0.3940646,0.38777542,0.37987986,0.39872307,0.37794048,0.3756044,0.37196872,0.3681269,0.40086496,0.39200318,0.382707,0.3793253,0.3726166,0.3955578,0.3711043,0.38357762,0.38858184,0.3711356,0.38200182,0.4102494,0.37959042,0.37308842,0.3948237,0.39741006,0.3843326,0.3812197,0.36476457,0.39632887,0.39779824,0.37206256,0.38901442,0.40152004,0.37495857,0.40736258,0.39337575,0.38296422,0.3846345,0.3811499,0.39402333,0.39732593,0.413445,0.39166954,0.36743906,0.37421775,0.37440863,0.3797179,0.37559938,0.38287747,0.39334896,0.38491625,0.37578097,0.3995255,0.35829076,0.41538116,0.38540938,0.39070654,0.39073408,0.39159304,0.39601803,0.3985134,0.38665605,0.38468403,0.38141763,0.39094004,0.3843001,0.3807139,0.39253658,0.38540664,0.38792038,0.40182972,0.40617758,0.3833584,0.38013473,0.39727145,0.36584702,0.36932966,0.37783295,0.3862695,0.38225043,0.3951465,0.38641167,0.40818566,0.38892192,0.3780767,0.38378543,0.39529034,0.38759634,0.38589814,0.37579608,0.3905148,0.387487,0.3928176,0.3786376,0.37901038,0.38023752,0.3942623,0.3762372,0.39524743,0.3929739,0.39514697,0.4018626,0.36189544,0.39724267,0.37985444,0.38597876,0.36798656,0.40203133,0.38249692,0.3731839,0.38100514,0.39846113,0.3701507,0.38852572,0.3860556,0.38073868,0.3878284,0.38069394,0.3979548,0.37316933,0.39002365,0.37965146,0.38152543,0.3897829,0.36035132,0.38188037,0.38535178,0.3945984,0.38509434,0.3599685,0.39435998,0.38897732,0.37795776,0.38113713,0.38797438,0.38358682,0.37989745,0.3712567,0.37223905,0.39259517,0.37181646,0.39116564,0.3859179,0.3903916,0.38629568,0.38976893,0.37018868,0.38648376,0.403127,0.38499817,0.37505117,0.38591784,0.38231453,0.36988634,0.3873949,0.387702,0.358644,0.38554838,0.37725616,0.3769634,0.38191068,0.37019652,0.38320795,0.38495478,0.39196715,0.39402795,0.38664275,0.38000607,0.3787862,0.37213558,0.39638898,0.3787571,0.38286975,0.382414,0.36997408,0.39376384,0.40493158,0.38843578,0.3951642,0.37641215,0.37919587,0.3894091,0.39114684,0.38693804,0.38122636,0.3804486,0.3814794,0.38897926,0.38950408,0.38245738,0.37650055,0.3895093,0.37464088,0.39624906,0.38523123,0.3946289,0.38551918,0.37843835,0.3969181,0.36457026,0.37555,0.38403466,0.3597105,0.38056383,0.37483782,0.38020313,0.3867792,0.3767307,0.388763,0.39126453,0.39002684,0.36918834,0.40775654,0.38584328,0.3921063,0.3828497,0.38499287,0.37592226,0.39937344,0.3991573,0.37484345,0.35945624,0.38191235,0.37646434,0.3837597,0.3929179,0.38598746,0.37215,0.37467042,0.37944195,0.36591697,0.37889326,0.3664601,0.3716775,0.3891791,0.3843513,0.38258857,0.3798861,0.39373246,0.37592715,0.39038354,0.40588823,0.385532,0.3831661,0.39437363,0.39992395,0.3776287,0.38908133,0.37931335,0.3818462,0.37528563,0.37568486,0.38796255,0.3799111,0.4029871,0.3876258,0.39924797,0.36766315,0.36306894,0.3826456,0.3854417,0.37074834,0.39054486,0.38477248,0.39886433,0.38110873,0.38711858,0.39175913,0.3904712,0.37832865,0.38828826,0.37622628,0.37571868,0.3984189,0.38317198,0.37899825,0.37214935,0.38594225,0.38705984,0.38000867,0.40115744
