0.54242295,0.53654605,0.5530255,0.5486194,0.5407406,0.5622613,0.58908546,0.55173534,0.5719368,0.5589402,0.5597492,0.54944366,0.57237244,0.547478,0.55457306,0.55937177,0.56869864,0.57177997,0.5638475,0.54365456,0.56789297,0.5586657,0.5428101,0.55962735,0.565038,0.5609334,0.5438909,0.56119883,0.55558497,0.55279875,0.5476739,0.5627171,0.57363105,0.5612521,0.5577069,0.58182806,0.556824,0.5425997,0.53735816,0.5536274,0.5583664,0.5544662,0.53363276,0.5477047,0.56033915,0.5695704,0.57038987,0.55069226,0.54248214,0.5605283,0.57809246,0.56166375,0.5641369,0.55451006,0.5454051,0.5543808,0.54966366,0.5604766,0.5549398,0.5434208,0.5580716,0.5542679,0.5690518,0.5665503,0.5537461,0.5562729,0.5563973,0.55669475,0.5512301,0.5499607,0.55078554,0.56794286,0.5616218,0.5547313,0.5469743,0.5591702,0.5424011,0.5383824,0.55203533,0.55643475,0.5639206,0.5512776,0.5577672,0.56746507,0.55802566,0.55679816,0.56307614,0.5619301,0.56367564,0.554584,0.5481134,0.54496074,0.5636005,0.5480932,0.5537582,0.55791336,0.5432554,0.5532583,0.5589801,0.5532318,0.5578388,0.5751678,0.57063293,0.55974275,0.5657269,0.5505952,0.5479735,0.5564657,0.5604044,0.5633814,0.5602362,0.55560195,0.54999536,0.545069,0.567834,0.55574703,0.5604294,0.5539003,0.54823124,0.5574814,0.56738895,0.5574774,0.54927224,0.55339265,0.55788445,0.5588759,0.5407717,0.56123036,0.55318826,0.5816836,0.57926327,0.56733584,0.5572162,0.59226245,0.5546865,0.56858,0.56313527,0.5718022,0.5654905,0.56700677,0.55643827,0.57365084,0.54970413,0.5564736,0.5365498,0.5490484,0.56899416,0.55790335,0.5437074,0.56476325,0.542756,0.5579157,0.559028,0.5688229,0.5653226,0.5757296,0.553363,0.55759996,0.563238,0.5757905,0.5479193,0.55368507,0.5754898,0.5423251,0.55938244,0.55021966,0.55871844,0.55816585,0.5609521,0.5765663,0.55419326,0.56373614,0.5606882,0.5489755,0.5552914,0.5717773,0.5582909,0.5730302,0.5607233,0.5700929,0.5463157,0.5402887,0.54909414,0.56572086,0.5729514,0.56273395,0.5442054,0.55238295,0.54653925,0.55822444,0.5578923,0.5474666,0.5774977,0.5541429,0.5518219,0.55664104,0.5591311,0.55484915,0.55039096,0.55924684,0.5851845,0.544553,0.56460965,0.547741,0.5474982,0.56659716,0.5637391,0.57140505,0.5492144,0.5560241,0.5560517,0.56225604,0.55620307,0.56905437,0.54896694,0.534097,0.55286175,0.56837046,0.55694544,0.57759833,0.55714023,0.5601074,0.5745455,0.57714105,0.56550664,0.57056624,0.57723004,0.55541867,0.5550566,0.5606229,0.55524355,0.5563575,0.55672425,0.56626725,0.5654449,0.5559072,0.5286124,0.5545818,0.5620837,0.5682446,0.56916904,0.54649204,0.5353483,0.55067647,0.56215996,0.5600795,0.5534369,0.5625924,0.55665666,0.55622727,0.558234,0.54364073,0.5772353,0.55641216,0.5540072,0.5624393,0.55494326,0.55139166,0.5412538,0.54780835,0.58371294,0.5534238,0.5580906,0.558737,0.5696233,0.5664151,0.5571692,0.56383544,0.56283534,0.55971336,0.54774827,0.55316114,0.5493019,0.56078917,0.55712754,0.5702391,0.55600274,0.5788777,0.57786053,0.569247,0.5627078,0.5611697,0.5586296,0.55605674,0.56443006,0.546632,0.5294294,0.5654388,0.55403924,0.54981333,0.5511725,0.55612314,0.56288016,0.5522059,0.5684292,0.54582274,0.57833505,0.57124037,0.5727394,0.55617267,0.5535525,0.56402403,0.55224067,0.5527073,0.56750304,0.57040936,0.56541103,0.55171275,0.55792767,0.5514692,0.5531858,0.5437284,0.55287266,0.56458837,0.5545043,0.55381864,0.55715144,0.55310714,0.5633631,0.5641805,0.56854695,0.55724406,0.5813486,0.55555844,0.5537078,0.58216643,0.5562323,0.5754089,0.5576323,0.5533058,0.57391006,0.5580524,0.5477695,0.55640894,0.5650832,0.5448808,0.5624195,0.5604759,0.53911495,0.54012764,0.56192756,0.5724648,0.5520779,0.56032145,0.5690702,0.5503284,0.55908245,0.5423897,0.5690207,0.5718277,0.55383646,0.54609287,0.5557132,0.5447789,0.5592056,0.57519186,0.56338924,0.55672973,0.56327933,0.5765692,0.5636675,0.5585592,0.549905,0.56103367,0.57239014,0.54386973,0.5529865,0.54518414,0.54582465,0.56994194,0.53891414,0.54974836,0.55908215,0.5535218,0.5471607,0.5513743,0.5749003,0.5707102,0.5479998,0.5662035,0.57189465,0.5655868,0.54646593,0.5590659,0.5628335,0.5605987,0.56821555,0.5456007,0.563375,0.5500194,0.55448663,0.5606652,0.54399997,0.56308216,0.56251353,0.5598042,0.56297934,0.5630259,0.57001114,0.5480737,0.54803705,0.56376916,0.55629873,0.54468554,0.57110703,0.56219554,0.5545149,0.57590264,0.54324394,0.56275225,0.5525379,0.55117726,0.55067354,0.5782484,0.54518163,0.56485337,0.56024146,0.57542443,0.5475029,0.55856574,0.55787534,0.53702754,0.5765598,0.56525934,0.55229485,0.5752263,0.5355161,0.5583175,0.55558246,0.55627394,0.55332637,0.56106126,0.5722467,0.54318434,0.55417955,0.5423606,0.55739474,0.5461328,0.55999875,0.5737013,0.56565297,0.56306636,0.55109084,0.55340415,0.55693716,0.5610148,0.5591981,0.56093115,0.5385572,0.5651883,0.55044216,0.53769976,0.55491745,0.5605239,0.5589908,0.5494863,0.5596723,0.5590928,0.57540035,0.55711675,0.5764087,0.53172445,0.545874,0.54706746,0.5575254,0.55796444,0.57905126,0.5573452,0.56868064,0.5592498,0.5768356,0.53704983,0.5589272,0.5618592,0.564152,0.5607614,0.57075924,0.5534954,0.565107,0.56044567,0.5495037,0.559295,0.5706403,0.56879556,0.5803939,0.5735407,0.5551672,0.54798293,0.5509848,0.5763658,0.5509921,0.5711823,0.55256814,0.53335303,0.5603285,0.5576026,0.5591369,0.5508495,0.56603765,0.5509332,0.54721117,0.5462513,0.5501621,0.55425775,0.55792516,0.54939353,0.5714467,0.55746835,0.5574311,0.5442766,0.5717275,0.5618257,0.5673259,0.556045,0.56456596,0.539289,0.5641205,0.54997295,0.5454458,0.5614215,0.56861126,0.5493613,0.56481665,0.5526855,0.56192714,0.56226885,0.5625529,0.5600187,0.5402711,0.5513057,0.5524362,0.55974376,0.5633661,0.5709759,0.55648786,0.57492507,0.5245476,0.5697354,0.5563348,0.5499608,0.54879844,0.55152893,0.5642354,0.55031276,0.55794287,0.55759406,0.5606089,0.57237536,0.55838025,0.54493374,0.5668466,0.55090183,0.5653085,0.5648196,0.56178,0.5611095,0.5570852,0.56760937,0.55109406,0.5401739,0.5593965,0.5633605,0.5550845,0.5556207,0.5422588,0.56959826,0.5570411,0.5526357,0.5500222,0.5475936,0.55347997,0.55510694,0.5664579,0.5719622,0.5286941,0.5498342,0.56152755,0.56452084,0.5727177,0.56587946,0.5530525,0.55023074,0.5526038,0.5628138,0.5649038,0.54553914,0.5524587,0.55267304,0.54110956,0.56363505,0.5479126,0.57261205,0.5488964,0.56424165,0.55160147,0.5621786,0.55491006,0.5644871,0.57033396,0.55654776,0.5605706,0.55963075,0.5525303,0.56204015,0.5642346,0.5427542,0.52473634,0.56013316,0.56710213,0.55296683,0.55675054,0.5662671,0.5478491,0.5498482,0.5555609,0.5569053,0.5552822,0.5528062,0.55988204,0.5504219,0.56428,0.5520404,0.55444866,0.552966,0.56580794,0.5613609,0.55933404,0.5586811,0.5617704,0.56905913,0.56688786,0.55660474,0.5634903,0.5393981,0.54749966,0.5627247,0.56986415,0.5552152,0.5624256,0.56861126,0.5731318,0.5472565,0.565418,0.55829006,0.55814254,0.56466186,0.5762145,0.5708558,0.5649993,0.5514937,0.54111916,0.5560625,0.54836607,0.56644523,0.5466119,0.56093335,0.55845076,0.56333864,0.55044425,0.56371915,0.56807387,0.56510967,0.5476175,0.5544813,0.5556445,0.55810493,0.5644643,0.5528416,0.56702507,0.57213414,0.54328436,0.5497706,0.5597411,0.5444993,0.5593582,0.5437977,0.5443073,0.5615458,0.5695814,0.5580784,0.5544182,0.55736315,0.5471674,0.54216975,0.5614771,0.56395507,0.5631845,0.55182153,0.5807255,0.54187846,0.5534008,0.552752,0.55426353,0.5653362,0.5526354,0.56425226,0.57121897,0.55015355,0.5737603,0.5619659,0.56484425,0.55692506,0.55899185,0.56001747,0.5707839,0.5567939,0.549437,0.5587067,0.5526532,0.54246694,0.5623691,0.55715525,0.56674176,0.5656404,0.5563484,0.5553711,0.554785,0.55108374,0.54914,0.55915445,0.58357036,0.5753288,0.5665838,0.5417316,0.55651295,0.548477,0.57318246,0.56176835,0.560758,0.55835974,0.55090946,0.56936264,0.5618296,0.54840076,0.57943964,0.5551523,0.54828745,0.55313194,0.5752009,0.5560281,0.57103735,0.54732877,0.5612256,0.56216687,0.56220686,0.56551164,0.5595454,0.5571465,0.574271,0.58216196,0.56380105,0.5618193,0.55779284,0.54811126,0.5607706,0.5571539,0.581657,0.56754416,0.5629852,0.5656738,0.55206394,0.5591143,0.54925865,0.5625726,0.55661666,0.5552188,0.56210935,0.55637836,0.57207793,0.5444572,0.56281173,0.5652191,0.54676926,0.5565554,0.5625592,0.55251676,0.55310196,0.54814094,0.5609312,0.5595882,0.54489315,0.57806027,0.56085885,0.55670387,0.56827253,0.55137193,0.5577425,0.54117596,0.5608932,0.5627985,0.5488482,0.57937455,0.5479632,0.5554256,0.5458899,0.5679166,0.56857574,0.55411154,0.55791175,0.5694757,0.5663923,0.5485486,0.5490719,0.5522563,0.5784233,0.5472287,0.554275,0.5659619,0.5553584,0.5664315,0.563039,0.55197495,0.5578384,0.570707,0.55137855,0.55823976,0.55869335,0.5782347,0.5687672,0.5555531,0.5712638,0.5687346,0.56023604,0.5573267,0.5559864,0.5585531,0.56378996,0.5677391,0.5473117,0.5762158,0.55806094,0.5534061,0.5686896,0.5696483,0.5440131,0.5470126,0.5646288,0.55788445,0.5665019,0.5604203,0.553997,0.559099,0.5542332,0.5539675,0.5637319,0.5564538,0.54072803,0.55087525,0.56198215,0.5475019,0.55533606,0.56003183,0.5532912,0.5678743,0.55930704,0.5533214,0.5599456,0.5587348,0.5809582,0.55262816,0.556214,0.5578767,0.54611516,0.5666222,0.548469,0.57573336,0.5560913,0.5585859,0.5589754,0.5509875,0.5607119,0.56558186,0.55632204,0.55944324,0.55090904,0.5674377,0.56148195,0.5520321,0.56199604,0.5384771,0.57993245,0.5641489,0.56711566,0.54658276,0.552805,0.56500673,0.5469016,0.5294231,0.56415457,0.5531078,0.5451371,0.55196947,0.5600821,0.5401513,0.54804385,0.5590156,0.558383,0.5570968,0.5495996,0.572769,0.5428657,0.56666243,0.5749869,0.56407315,0.54757476,0.5407663,0.55495644,0.55926925,0.5609892,0.56589055,0.5779878,0.55418414,0.5564563,0.55053085,0.5611429,0.56450415,0.54160434,0.545683,0.54453135,0.56756717,0.5598608,0.53301716,0.5676925,0.5736291,0.5545704,0.55706567,0.553721,0.52695996,0.57142836,0.5678727,0.5537367,0.5506562,0.538798,0.55270255,0.56125057,0.5606242,0.5549392,0.5649985,0.5541293,0.5668906,0.547411,0.5761659,0.5641278,0.5645194,0.55334604,0.55842113,0.5548149,0.53662044,0.5652856,0.55406594,0.56078374,0.5507176,0.56288093,0.54855376,0.5584958,0.54114103,0.55464804,0.5579046,0.55522037,0.55141354,0.53937,0.5410378,0.54520226,0.5457968,0.5655897,0.56047314,0.5759261,0.54238683,0.5518605,0.55748755,0.5604761,0.545149,0.5612478,0.56834036,0.5384028,0.5514443,0.5551163,0.5673093,0.55518144,0.5424902,0.54933375,0.56322235,0.5541763,0.5400596,0.54621726,0.5652176,0.5567674,0.56135374,0.5580175,0.5566224,0.5454858,0.54753095,0.5436074,0.56683004,0.5755864,0.56430596,0.5431166,0.55592245,0.5716576,0.5718067
0.55784136,0.54209733,0.55318695,0.55296516,0.5414145,0.5545394,0.5594562,0.5358539,0.5487129,0.5591016,0.53595155,0.5520101,0.54980177,0.54633236,0.54967886,0.5568751,0.5567962,0.5506285,0.57008475,0.5462661,0.56792825,0.5290418,0.55871177,0.5479201,0.53892475,0.5563137,0.5495344,0.56175655,0.52759045,0.54083145,0.5417748,0.5553017,0.555628,0.5467477,0.54212224,0.5542491,0.5400732,0.5396713,0.5457227,0.54747486,0.5521015,0.5342936,0.54030794,0.538043,0.5586485,0.5648829,0.5427438,0.5554883,0.5505587,0.555598,0.55654615,0.56726754,0.54555285,0.55464715,0.54791063,0.55340743,0.566643,0.54041636,0.5584031,0.5430966,0.56307197,0.5479941,0.54774636,0.5543988,0.56733036,0.54768074,0.55580205,0.56694835,0.5377363,0.557463,0.55994886,0.5466183,0.55263036,0.5490641,0.55159473,0.5710863,0.5480736,0.5453307,0.55972344,0.563206,0.55635446,0.566881,0.54453725,0.55118954,0.5555768,0.5441843,0.5470587,0.5452001,0.54023063,0.5350333,0.53659016,0.56383246,0.5510639,0.56808656,0.5627728,0.5502016,0.55200434,0.54877484,0.541757,0.53983396,0.56241155,0.5555417,0.55303746,0.55537856,0.5448702,0.5632426,0.5378142,0.5619494,0.53897446,0.5571272,0.5466711,0.5428088,0.5572305,0.5651098,0.57586455,0.55971676,0.53468597,0.56131357,0.5555859,0.522288,0.56506526,0.5364546,0.55791765,0.54442245,0.5603144,0.54816115,0.5502335,0.5678044,0.5653541,0.5631938,0.57149875,0.5486877,0.54662466,0.57731116,0.55543786,0.57425237,0.57428765,0.55622333,0.5512823,0.5514688,0.55096126,0.54464275,0.55192363,0.55782175,0.5521422,0.5597495,0.56349176,0.5507244,0.5383285,0.5473722,0.54793996,0.5359276,0.5591965,0.5390222,0.583139,0.5509917,0.55197006,0.5531911,0.563923,0.5656786,0.56467175,0.56895417,0.5441985,0.53628695,0.568385,0.5571333,0.5500245,0.5564225,0.5495953,0.560465,0.54216045,0.55440897,0.5539703,0.5569585,0.56222254,0.53524965,0.5534476,0.5556023,0.56442535,0.56417084,0.55225587,0.5466061,0.5501764,0.5485557,0.5449196,0.56982785,0.54318714,0.55965984,0.56084347,0.55520344,0.5447734,0.5517441,0.54728687,0.5632639,0.5473237,0.53570825,0.5511357,0.5525002,0.564553,0.535792,0.5606524,0.5414421,0.55055135,0.5527323,0.5501863,0.56320566,0.5477479,0.5667425,0.5707138,0.56602806,0.5527917,0.5516582,0.55534524,0.54313374,0.5498634,0.5448889,0.5574353,0.5602268,0.5504296,0.5717052,0.5441635,0.5410434,0.54615295,0.57497686,0.5695852,0.55333143,0.57895184,0.54204714,0.5636794,0.54100937,0.5525719,0.53884083,0.54390746,0.56401354,0.54429245,0.53545004,0.5320571,0.55653834,0.5425849,0.555428,0.53299665,0.5550189,0.5562979,0.54011774,0.5669994,0.5723436,0.53921455,0.54850525,0.54220957,0.56650114,0.5616372,0.5497139,0.56578904,0.5600772,0.55282384,0.5587793,0.5498256,0.5486223,0.554826,0.5494636,0.55304307,0.55261457,0.5595994,0.563702,0.5703322,0.55413467,0.5537574,0.5539331,0.5342266,0.54833454,0.5532434,0.54135513,0.5424425,0.557135,0.55053264,0.5495546,0.5633284,0.5316938,0.5559818,0.5610758,0.55227846,0.5594645,0.5480497,0.54677933,0.5568707,0.5549059,0.5373432,0.54931533,0.5533632,0.5370171,0.53171533,0.55756795,0.56733114,0.543684,0.5493718,0.55082595,0.55117595,0.5584425,0.553473,0.5624619,0.5396781,0.540165,0.5303836,0.5499429,0.555013,0.5525227,0.55652076,0.5640039,0.5553328,0.57007354,0.5571387,0.54833543,0.5524374,0.5325621,0.55304646,0.5538644,0.5508849,0.5651388,0.57188934,0.5568217,0.5425329,0.5528204,0.5545221,0.557838,0.5643739,0.56950855,0.55198735,0.58169913,0.5501609,0.554803,0.55598044,0.5456235,0.5441728,0.5714217,0.54299533,0.5388256,0.5400969,0.55946034,0.5434168,0.55843574,0.5634923,0.5622339,0.55122334,0.5617652,0.56043243,0.53931314,0.5457554,0.5416543,0.551571,0.55587274,0.5604128,0.5465405,0.5529067,0.5559221,0.54529816,0.56745744,0.56536067,0.5485083,0.56633437,0.5509816,0.5677075,0.5483264,0.5535123,0.5552999,0.57300663,0.55729145,0.54615855,0.5506472,0.55136275,0.5555486,0.54750943,0.5437166,0.54180497,0.5581345,0.56340456,0.53889114,0.54740894,0.55618614,0.54052293,0.5712693,0.5543932,0.5519616,0.5200313,0.55335814,0.54835075,0.5389031,0.55473566,0.5501165,0.5597134,0.5466508,0.5427045,0.5479253,0.5545274,0.54353076,0.5407791,0.5511521,0.55812,0.53824544,0.56040967,0.54874456,0.5500499,0.55051994,0.5459371,0.53854746,0.5650618,0.54704344,0.54336375,0.54306066,0.5539245,0.54777133,0.54592365,0.5748316,0.55567914,0.556044,0.55371654,0.5535052,0.5534543,0.5750843,0.54452235,0.5633485,0.5587294,0.53775686,0.5659424,0.5686617,0.5670499,0.55816007,0.54572546,0.5701036,0.565411,0.5410306,0.5506624,0.5528008,0.56195974,0.56061846,0.55837625,0.55114037,0.5496407,0.55771923,0.5622296,0.5553426,0.54940116,0.5453733,0.5624442,0.5569076,0.5534927,0.5421516,0.5542167,0.55292994,0.5476361,0.56125224,0.52969545,0.5422455,0.549862,0.5584616,0.55912596,0.5452335,0.55140215,0.5554414,0.57563996,0.5563939,0.5596086,0.5654656,0.5419909,0.5506348,0.55431825,0.56429535,0.56889737,0.54948074,0.5505171,0.55063367,0.56947803,0.549918,0.5402663,0.5517646,0.5600474,0.5623602,0.5666757,0.562891,0.5588913,0.57009655,0.54881966,0.55950534,0.5484425,0.56428975,0.55261457,0.56419975,0.54704267,0.55668825,0.5612513,0.55847025,0.5457499,0.55269164,0.5471167,0.5338634,0.54575455,0.5253392,0.54752064,0.55702513,0.55391234,0.54826456,0.5447071,0.53594744,0.54448944,0.5629962,0.54965556,0.54895395,0.54448307,0.5436769,0.54551214,0.5371132,0.569915,0.5543239,0.5647952,0.55755126,0.54777896,0.5536492,0.5557626,0.5405727,0.5598422,0.5565811,0.5550427,0.564037,0.54868567,0.54383063,0.5590978,0.5520239,0.58364326,0.54968154,0.54053897,0.5643922,0.5411954,0.5485026,0.5366177,0.55092674,0.5413496,0.5532887,0.53390974,0.57471704,0.5489023,0.55419505,0.53927153,0.54599446,0.539865,0.5512115,0.5424255,0.56744534,0.5665252,0.5589228,0.5493024,0.5417309,0.5596449,0.54722613,0.56481004,0.54383105,0.53630346,0.5636319,0.54978865,0.5504227,0.54577017,0.537107,0.55703175,0.54688853,0.5587083,0.5552135,0.5499108,0.5414436,0.5613072,0.53702533,0.5586834,0.54390126,0.5588407,0.5546734,0.55597126,0.5507887,0.5477795,0.56480104,0.55475354,0.54833376,0.5765412,0.549646,0.55274695,0.5348592,0.54308194,0.5473341,0.5637101,0.5400259,0.57065594,0.5572844,0.54413074,0.5701892,0.544886,0.5546741,0.54876006,0.55261356,0.55546623,0.5569501,0.5431911,0.55000955,0.5531548,0.55420315,0.5523065,0.5390399,0.5482642,0.5489804,0.5418253,0.55223584,0.53738695,0.54060537,0.5545026,0.53565276,0.5401401,0.55403453,0.54106253,0.55720454,0.55249524,0.55360126,0.5575361,0.5389301,0.53527206,0.5502366,0.5499892,0.5475993,0.53650874,0.5630158,0.56985974,0.551815,0.54658574,0.57404727,0.5590753,0.5695137,0.5473655,0.55680054,0.5545127,0.54245955,0.5382417,0.5614179,0.5563552,0.57142484,0.56259125,0.55982405,0.57502943,0.55409575,0.55024886,0.5572791,0.5590027,0.5319998,0.55099475,0.5469282,0.5507042,0.5549592,0.5528306,0.5561253,0.53185266,0.5551436,0.5462517,0.55637074,0.5568697,0.53442967,0.5537465,0.5558952,0.5594961,0.55045885,0.55778545,0.5358957,0.5708253,0.5674228,0.5430447,0.56030726,0.55327785,0.55951965,0.5277311,0.5605223,0.5494547,0.5576939,0.5552116,0.5605956,0.5491572,0.5632867,0.5625322,0.55045855,0.5550207,0.5581682,0.5555209,0.54016244,0.5577811,0.5522335,0.53495586,0.5407074,0.5545213,0.55786926,0.55328995,0.5477401,0.56038386,0.55883867,0.5522106,0.56322,0.55328876,0.5649009,0.55379,0.5448297,0.5566289,0.55260456,0.5571576,0.57655245,0.5564967,0.5429439,0.56006837,0.5614241,0.54297334,0.5327897,0.55337286,0.5533791,0.55797523,0.53948605,0.53325176,0.545617,0.55141294,0.5483049,0.54087174,0.5563704,0.56744325,0.5584342,0.5550825,0.53930944,0.54340243,0.5569875,0.568461,0.55172575,0.5565747,0.5549432,0.5473075,0.54743814,0.5457799,0.5591145,0.56073976,0.55975515,0.55752295,0.54765606,0.55609787,0.54592454,0.5530294,0.5562222,0.5566829,0.5477924,0.5606932,0.56225395,0.5461212,0.54908067,0.56741834,0.55857235,0.5461983,0.55026007,0.55089074,0.55155104,0.56658953,0.5380486,0.5586441,0.5498588,0.5635845,0.57710767,0.54285234,0.55442756,0.55315626,0.55050504,0.5552241,0.5602555,0.53876245,0.5618087,0.5727758,0.5568753,0.5403961,0.555824,0.5570829,0.54116714,0.5394695,0.54721206,0.5305409,0.554354,0.5536825,0.5488008,0.51500213,0.5544938,0.5577737,0.570654,0.5586102,0.5483963,0.56855726,0.5343132,0.5566528,0.5521104,0.57344615,0.55760515,0.5379472,0.5491208,0.56101817,0.55902237,0.54953575,0.5576265,0.5349214,0.5627636,0.5466545,0.5566416,0.55549896,0.5393683,0.55549055,0.54540074,0.5690507,0.5505131,0.55550116,0.5559073,0.574183,0.5458811,0.5564861,0.55737305,0.5585375,0.55488634,0.56076556,0.55648905,0.5464187,0.5562821,0.5769488,0.55048835,0.5529628,0.5498115,0.55655897,0.5576681,0.54264975,0.55234534,0.54918647,0.56514686,0.5679612,0.56218797,0.5656338,0.5403878,0.5607876,0.5471992,0.54809445,0.560775,0.55866843,0.5409582,0.55898005,0.56228584,0.55318445,0.54402405,0.5500783,0.5417087,0.5511376,0.5460415,0.548125,0.5443325,0.5301294,0.5471913,0.54229957,0.57163274,0.5591322,0.5577111,0.5523244,0.5698854,0.557053,0.5546739,0.56220716,0.55343133,0.54867667,0.54182005,0.5565672,0.5595642,0.5665896,0.5529427,0.53935647,0.5550294,0.56647503,0.5545807,0.5385565,0.54603046,0.56334203,0.545683,0.53623855,0.56593746,0.54932463,0.53625304,0.57007474,0.5581389,0.556869,0.54730546,0.5678781,0.54970944,0.5647913,0.55516577,0.5566076,0.5547804,0.548586,0.5665446,0.563139,0.55412734,0.53995395,0.5410444,0.56189156,0.55225116,0.5551205,0.55042565,0.5451586,0.54467756,0.567465,0.55547446,0.55554616,0.55387795,0.55987775,0.56318086,0.5463195,0.560975,0.58145446,0.5610127,0.54752094,0.5549549,0.5715836,0.55402267,0.5455223,0.5573349,0.5623511,0.5494939,0.54597455,0.5656134,0.5525407,0.5610392,0.53052616,0.5543375,0.5545042,0.54435545,0.5661376,0.5467883,0.5521735,0.56063867,0.5436953,0.5494533,0.5581902,0.5680667,0.55724263,0.55264324,0.55861866,0.5553075,0.5387122,0.5693239,0.5419809,0.5447715,0.56398743,0.5633622,0.5565944,0.5437756,0.5612768,0.5562374,0.5441617,0.5632771,0.5521722,0.564002,0.5597075,0.5550162,0.5595365,0.54537445,0.5568701,0.55410326,0.566653,0.5537129,0.53362083,0.5606972,0.5488956,0.53710526,0.5577801,0.5625771,0.5694579,0.5400695,0.56497514,0.5440575,0.5471637,0.5493298,0.5597443,0.5554728,0.5529447,0.5586263,0.54749215,0.54065096,0.54786724,0.52794677,0.55179596,0.5470644,0.5504126,0.54944897,0.560236,0.54909724,0.5522214,0.54952466,0.522053,0.5525399,0.56267667,0.5507124,0.55752313,0.5440664,0.554388,0.55433273,0.5569941,0.567829
0.5443956,0.5386645,0.5442257,0.53835857,0.5302119,0.5470941,0.55541855,0.543547,0.55371815,0.55495906,0.5466516,0.5518532,0.54627377,0.55617446,0.5497197,0.5403146,0.56661046,0.55888253,0.5595993,0.54857594,0.5627725,0.5367694,0.55534905,0.54292995,0.54232955,0.5382873,0.556363,0.5437417,0.5313789,0.54276645,0.54137415,0.55795443,0.5527926,0.5385704,0.5407245,0.5703489,0.5528712,0.5398418,0.5505997,0.5491578,0.5530023,0.5489211,0.5515466,0.5466223,0.5565978,0.5550856,0.54347056,0.5550186,0.54395527,0.5670576,0.5465911,0.5487945,0.5462006,0.5585395,0.5464278,0.5337563,0.55094796,0.5367511,0.5682347,0.55574304,0.5553944,0.53963107,0.55144346,0.56398183,0.550046,0.5525075,0.55631953,0.54747677,0.5431467,0.53603506,0.5549951,0.5617841,0.56222725,0.55308837,0.5465837,0.5502754,0.5447344,0.5381864,0.5537262,0.5546586,0.5541303,0.56264985,0.5508484,0.55115527,0.5602378,0.56117254,0.5476882,0.54844695,0.5507855,0.5480722,0.54526037,0.53796756,0.55119026,0.5550487,0.5479304,0.56348485,0.5414793,0.54811597,0.5481166,0.5509682,0.5524463,0.5489342,0.5607123,0.5592228,0.53700083,0.5548832,0.53816396,0.55637103,0.5513407,0.547108,0.56358606,0.5596077,0.5574668,0.5513423,0.55059046,0.54428715,0.551223,0.5401523,0.5413246,0.55526966,0.55085135,0.5597646,0.546872,0.5415374,0.55783784,0.5464175,0.549739,0.54583853,0.55901486,0.5555592,0.5649556,0.5634333,0.55007875,0.5548774,0.5383534,0.55896336,0.54109436,0.5612179,0.54733986,0.53918403,0.5456884,0.55114335,0.5610626,0.54048705,0.5330673,0.5475721,0.5559297,0.5479443,0.5315502,0.5571774,0.5569095,0.53569573,0.54456735,0.54671776,0.5654031,0.5449285,0.5501234,0.5410976,0.5599082,0.5587448,0.5498185,0.5413919,0.5599173,0.5451807,0.5448761,0.5429965,0.55729806,0.5515226,0.54151845,0.56422347,0.5366603,0.54616755,0.5660471,0.54902375,0.5517324,0.55993813,0.55494374,0.5600245,0.55998605,0.5577238,0.5336668,0.53484356,0.5574383,0.5389915,0.55325645,0.5588342,0.54226494,0.54728997,0.5587834,0.5518403,0.54157573,0.53942657,0.559072,0.5521342,0.5575915,0.5623317,0.54634875,0.5491015,0.5572281,0.54149085,0.5768771,0.5363093,0.5530594,0.55246866,0.5404571,0.56758595,0.554839,0.5539233,0.5451252,0.5709423,0.5404986,0.54366887,0.5475154,0.5478346,0.5515844,0.5245194,0.55163103,0.54959863,0.54948187,0.5731527,0.547004,0.5410123,0.56708616,0.55900323,0.56306416,0.55661875,0.54533935,0.5461015,0.5521885,0.54471004,0.55018073,0.556234,0.53919774,0.54735506,0.5505371,0.55035585,0.54117787,0.55885637,0.5466961,0.5436659,0.5452259,0.5685718,0.5235962,0.55307853,0.55224264,0.5545236,0.55167353,0.5506565,0.5389322,0.5425805,0.5478433,0.55733716,0.5527734,0.5631891,0.54424554,0.5640824,0.54931486,0.547422,0.5412489,0.54156303,0.56751305,0.5546032,0.54162955,0.54834247,0.55866313,0.55071515,0.54391444,0.55652,0.5553409,0.5464116,0.544121,0.5423943,0.54258645,0.5488878,0.5436823,0.5608813,0.55376375,0.5589293,0.5487597,0.55206645,0.5538218,0.5572482,0.5560317,0.539337,0.54977095,0.54297036,0.5406639,0.5479983,0.55081844,0.54496413,0.54120487,0.56080014,0.5499654,0.55448747,0.56068766,0.54239523,0.55954975,0.56120497,0.55622005,0.5586771,0.5439986,0.5443852,0.5409313,0.5460919,0.5558431,0.5610562,0.5520355,0.54471517,0.54502094,0.55296713,0.5351508,0.5453818,0.54200417,0.53545064,0.5418011,0.5573358,0.5455836,0.5630277,0.5584315,0.5366851,0.56390685,0.5428136,0.53741467,0.53499097,0.54944617,0.5634972,0.54036903,0.54595166,0.5470326,0.5527101,0.56456745,0.53766084,0.5370692,0.54667014,0.5426808,0.5375889,0.5484057,0.5547817,0.53574955,0.5525279,0.5500024,0.5402452,0.5486924,0.5572178,0.55123276,0.5517405,0.54443574,0.55041105,0.552817,0.55898464,0.54721093,0.55232507,0.5312488,0.53271395,0.55503803,0.5455688,0.5552913,0.5417166,0.5689087,0.5586741,0.5546965,0.5624167,0.5638853,0.5426841,0.55815274,0.54887885,0.53939277,0.5556099,0.5571332,0.5474578,0.5462442,0.5506428,0.54377645,0.5509281,0.55022436,0.54745084,0.5483292,0.5405715,0.54746324,0.5609223,0.5484378,0.54441464,0.547358,0.5667876,0.5435863,0.5399653,0.5600643,0.5363301,0.54709715,0.549448,0.5526603,0.55106485,0.54085225,0.5445984,0.536118,0.5448906,0.53890526,0.5481206,0.5603313,0.5531846,0.53434885,0.54850036,0.5386084,0.5524489,0.5607351,0.54816777,0.5430622,0.5477298,0.5553094,0.55348146,0.55969465,0.5530401,0.54694796,0.55016154,0.5431764,0.5485065,0.54530174,0.560352,0.54941756,0.5461609,0.5577269,0.5403638,0.5685223,0.5458416,0.54884696,0.5466261,0.54493994,0.5532586,0.55216104,0.542958,0.5537169,0.56036603,0.5588722,0.53935874,0.55520225,0.5453602,0.5577509,0.5371689,0.550943,0.55144846,0.55697656,0.56513387,0.543739,0.54346836,0.5510987,0.5384763,0.5625382,0.54614943,0.54602844,0.5505452,0.5379491,0.539118,0.5648265,0.5396017,0.55557525,0.5376546,0.5479082,0.55470246,0.55267996,0.5599432,0.5574688,0.5383065,0.5398358,0.5390932,0.5418157,0.5531519,0.56162506,0.5552924,0.54848397,0.54489493,0.5580001,0.53930056,0.54105914,0.5556153,0.5526164,0.54368556,0.55639553,0.5619308,0.5565125,0.5593302,0.5435101,0.55218077,0.55662143,0.54673016,0.5599369,0.5639833,0.54199374,0.5584928,0.5560691,0.55496055,0.5476634,0.55634147,0.54444873,0.5405816,0.55210775,0.5459511,0.54388714,0.54173046,0.55183357,0.5522247,0.55191946,0.54742616,0.5439513,0.5463755,0.5354572,0.5477099,0.5468821,0.5481563,0.5531802,0.54367614,0.5720264,0.5557426,0.5694654,0.550005,0.54818064,0.5458136,0.5546305,0.54789394,0.55308396,0.54881364,0.56115144,0.54311764,0.53585595,0.553319,0.55533475,0.5458068,0.5640478,0.55793303,0.5500334,0.5570692,0.5315732,0.56352836,0.5449706,0.55166113,0.53886026,0.55899143,0.5358359,0.5639932,0.5373477,0.5565319,0.5473637,0.56344914,0.5598983,0.5456245,0.541765,0.54760146,0.558795,0.55365187,0.5480039,0.5613079,0.53876853,0.5542084,0.55353427,0.5459393,0.55548775,0.55230933,0.5477013,0.5444276,0.5447319,0.5226526,0.5473047,0.54338425,0.5529094,0.5341938,0.5376272,0.54730475,0.55231863,0.5413895,0.54206926,0.5449923,0.5605793,0.5469414,0.54572725,0.55513316,0.5523405,0.5370517,0.54619825,0.54994,0.55953646,0.53722286,0.54596084,0.5333079,0.548746,0.54715866,0.5626007,0.55360186,0.5514991,0.54945475,0.52743155,0.5533529,0.5485008,0.5467346,0.5490544,0.5545341,0.5456717,0.5598479,0.5397728,0.54789096,0.5435771,0.5469441,0.54904693,0.5400279,0.54349667,0.5345758,0.53658456,0.5423808,0.5479519,0.55060756,0.5531088,0.5509479,0.53559124,0.54477835,0.5490812,0.5440592,0.550082,0.5609251,0.5556049,0.5515631,0.5434464,0.5522531,0.54297173,0.56531775,0.5344613,0.54164934,0.56677634,0.55689245,0.54083806,0.5488869,0.5464232,0.54529095,0.5488957,0.5464811,0.5527792,0.5355472,0.529634,0.54935527,0.55137694,0.55451965,0.5729426,0.5572466,0.55256444,0.5475242,0.5586882,0.5550196,0.53559214,0.5606841,0.5573379,0.55072075,0.5435546,0.5468387,0.53242564,0.54187274,0.53244287,0.5590626,0.5382174,0.54760396,0.5428767,0.5514626,0.5611156,0.5501886,0.55314547,0.54732263,0.53583986,0.5451813,0.5453665,0.5512441,0.5427559,0.5498201,0.53923756,0.55493486,0.52615,0.5488556,0.54225785,0.55291975,0.54922897,0.5482729,0.5416643,0.5590017,0.5536455,0.55893385,0.55367994,0.566437,0.5407794,0.5409686,0.5563771,0.5593903,0.54471445,0.54707986,0.56133735,0.5418737,0.5572336,0.54419893,0.5635019,0.56049484,0.53626263,0.5476943,0.5575573,0.5431246,0.55684453,0.543815,0.5534396,0.5469867,0.5508555,0.5636112,0.56009316,0.5618912,0.5262039,0.5594316,0.5500348,0.5442998,0.5428374,0.5463001,0.5453728,0.5675527,0.5421936,0.55120677,0.53411204,0.5539878,0.53606266,0.5378921,0.5684896,0.54251677,0.5542183,0.5410943,0.5366871,0.5246798,0.56079483,0.5424259,0.54859,0.5540894,0.55038124,0.5593613,0.5511181,0.54067993,0.5620421,0.5574482,0.54573447,0.55130273,0.55708146,0.55688834,0.5548635,0.5500153,0.5571517,0.5457252,0.54405797,0.55794585,0.5424674,0.5433643,0.5678417,0.55236256,0.5433497,0.5456795,0.55901736,0.5322519,0.5489149,0.54899853,0.55248797,0.542228,0.5459721,0.5556359,0.54213613,0.55483544,0.55307144,0.53669274,0.5466587,0.55582565,0.55563617,0.5499531,0.55964524,0.54454273,0.5543406,0.555489,0.5412386,0.5554818,0.53877145,0.54830897,0.5375904,0.5405061,0.54908144,0.5544128,0.5339456,0.5598404,0.5583936,0.5614571,0.5538734,0.54392475,0.56210226,0.545484,0.55213445,0.55522543,0.5596284,0.550457,0.54520214,0.53844726,0.5381772,0.56392616,0.55671054,0.5550363,0.55440694,0.5595184,0.54573494,0.5457513,0.5516034,0.54667383,0.5576726,0.5381197,0.55488455,0.55256534,0.5395722,0.5525783,0.55830723,0.5444189,0.54393166,0.5524174,0.55333644,0.5510529,0.55289894,0.557173,0.5471049,0.5506249,0.562971,0.5438128,0.5530932,0.5545121,0.5396682,0.55297506,0.5472071,0.56501305,0.55221355,0.551419,0.5553406,0.53635895,0.55731326,0.54380137,0.53899914,0.5437289,0.5504428,0.55408937,0.54849577,0.55076844,0.5425276,0.55265117,0.5505615,0.5687694,0.54063684,0.5448442,0.5354834,0.53364056,0.5500142,0.5614017,0.5367688,0.5481949,0.548473,0.5429363,0.55051166,0.54263765,0.5430424,0.546662,0.5590381,0.5527926,0.5514883,0.5557266,0.5558808,0.55180943,0.5451602,0.56706035,0.5483552,0.54567176,0.5551333,0.54005206,0.5528291,0.5561733,0.5472274,0.55407715,0.546645,0.53981775,0.5526376,0.5541112,0.56570506,0.52845365,0.5445972,0.5487231,0.5592731,0.54701155,0.5569768,0.5428843,0.5499434,0.55045587,0.5479999,0.554256,0.54264456,0.54702985,0.55099046,0.53837305,0.5497217,0.5429508,0.548109,0.5468612,0.55370516,0.56839114,0.54939175,0.558555,0.5513484,0.5584481,0.54180074,0.5413845,0.5508448,0.5539479,0.5528513,0.560565,0.5749498,0.5581455,0.55412644,0.56145406,0.55850625,0.55359733,0.54692495,0.5392042,0.55585486,0.5308246,0.5532075,0.5446154,0.5683526,0.5571208,0.53260976,0.54923433,0.5460877,0.55202484,0.5566212,0.5362411,0.55763423,0.5520072,0.54764706,0.55118066,0.5456493,0.56047636,0.5537457,0.56242347,0.5393518,0.53937465,0.5363172,0.5529426,0.5566211,0.5532381,0.537611,0.56017876,0.565447,0.5356623,0.5546121,0.54610467,0.5391466,0.53891975,0.56174314,0.53944707,0.549565,0.54819095,0.5571999,0.53981805,0.54715353,0.5461414,0.5340301,0.5386053,0.53958184,0.558758,0.5479546,0.54179806,0.544599,0.5530778,0.54768384,0.5402747,0.53962386,0.54465157,0.5501559,0.5611624,0.549991,0.54902154,0.5434547,0.55651945,0.5529387,0.5476452,0.5513314,0.54074967,0.5497859,0.5478846,0.5292414,0.53793883,0.5467476,0.5573638,0.5448428,0.5566632,0.54234624,0.5444801,0.54048383,0.54966825,0.55989975,0.54284,0.5403855,0.5500125,0.5514225,0.5612209
0.7390372,0.7506546,0.74912566,0.74305916,0.74310946,0.75911653,0.75939405,0.74625766,0.7433551,0.76508963,0.7452256,0.76026267,0.77683014,0.75252974,0.76193166,0.7703102,0.75095665,0.7481433,0.7663164,0.7476993,0.7568537,0.7564764,0.74260074,0.7488447,0.7526386,0.7488419,0.73527604,0.7509882,0.74590594,0.7453413,0.7435042,0.7425626,0.75940037,0.7408706,0.74049103,0.76691914,0.75567377,0.7394224,0.75051737,0.7399478,0.75530046,0.757101,0.74821275,0.7474131,0.7713761,0.75302684,0.76253504,0.76007956,0.73934615,0.7616491,0.76892644,0.7399032,0.7576293,0.7283989,0.7453282,0.7464737,0.7562564,0.74326724,0.7596062,0.72824544,0.76518506,0.7597954,0.7471194,0.7503124,0.7799196,0.7556527,0.7469618,0.7505678,0.75020087,0.7458916,0.7459978,0.7399615,0.7527361,0.7508789,0.7515694,0.7451759,0.73870915,0.736301,0.7316243,0.7529987,0.75562686,0.75864136,0.7365775,0.7467225,0.7438443,0.74612635,0.7408341,0.747482,0.7402574,0.7322954,0.7504011,0.7584066,0.76001555,0.7614437,0.7569293,0.76700324,0.7419848,0.7616932,0.74798316,0.731604,0.758688,0.74501413,0.75611997,0.763591,0.7549653,0.7339311,0.7449357,0.74268585,0.7571213,0.75338584,0.7656864,0.762933,0.75162166,0.7551474,0.75645304,0.7608583,0.74615604,0.7470074,0.74567515,0.7599533,0.7533815,0.74194956,0.7351102,0.7546733,0.75294554,0.7551622,0.7379362,0.755712,0.7358954,0.74052614,0.7649348,0.7456329,0.7426405,0.75834703,0.7473786,0.7466667,0.75417215,0.748225,0.741895,0.7617791,0.746766,0.7536805,0.74282277,0.75556606,0.7492345,0.7398868,0.7593126,0.75381064,0.7532452,0.7456812,0.73999846,0.75900084,0.7515241,0.7468865,0.7619684,0.7593211,0.7651198,0.7431688,0.74906933,0.75434947,0.74338543,0.76816666,0.75498533,0.75151885,0.7413736,0.7544664,0.7510642,0.7498105,0.751873,0.7646799,0.76904446,0.75535446,0.7450089,0.74832577,0.7507289,0.7541517,0.75289774,0.75985676,0.7631075,0.7554403,0.76103896,0.74053144,0.74927974,0.7486709,0.75927347,0.75947076,0.75473297,0.7673978,0.7521414,0.74597526,0.75644755,0.7367101,0.7637377,0.74739856,0.74490625,0.7592395,0.74474275,0.7568448,0.7492312,0.74740857,0.76870036,0.7382882,0.76441115,0.731223,0.7582018,0.75654805,0.76950854,0.7451821,0.7437979,0.75992835,0.74245733,0.7503501,0.7566809,0.74798286,0.7577047,0.74446326,0.75499105,0.7548514,0.7450916,0.76567596,0.7417233,0.74254495,0.7464904,0.75414675,0.7617275,0.74932766,0.7530813,0.7510549,0.74213725,0.7530722,0.75532764,0.756935,0.74881124,0.7529122,0.762175,0.76002115,0.748053,0.7360581,0.74605983,0.75208783,0.7544407,0.7410231,0.7588954,0.7600285,0.75318456,0.75347865,0.75170404,0.7468256,0.7518756,0.74129266,0.749241,0.7348456,0.74101347,0.7510588,0.75798297,0.75141233,0.76475656,0.7441639,0.7378787,0.7419118,0.7693947,0.76136684,0.7615834,0.746197,0.7697646,0.7438916,0.76747304,0.7522695,0.7527451,0.754383,0.7538762,0.73151934,0.7461584,0.75261337,0.7563955,0.77229697,0.7423656,0.7582475,0.7479765,0.7530341,0.77302253,0.7449594,0.7574862,0.7526436,0.75505775,0.75060797,0.7498228,0.7685517,0.74628264,0.7576001,0.74911505,0.7573334,0.7496842,0.7521391,0.75126797,0.7520604,0.77362466,0.7541535,0.7702066,0.76336265,0.7579544,0.7636463,0.744002,0.74545896,0.7593978,0.7557369,0.75588363,0.76122564,0.74852186,0.75465876,0.74442637,0.75426954,0.7477426,0.7467555,0.75868356,0.7456928,0.7468338,0.7567572,0.75606275,0.7372418,0.7654324,0.7509037,0.7551408,0.744062,0.75562495,0.75909173,0.75670713,0.7543036,0.74929166,0.7437977,0.7658664,0.7416955,0.7503251,0.7542843,0.7500381,0.75259024,0.7523218,0.7616358,0.74249774,0.7441039,0.7475561,0.7696659,0.75776875,0.766868,0.7637212,0.74522036,0.7459453,0.74587697,0.7655292,0.75017375,0.7466016,0.74725085,0.74359405,0.73745286,0.75026166,0.7520151,0.75065696,0.75077975,0.7625409,0.74986553,0.7502886,0.7697075,0.73210084,0.7619215,0.75276005,0.7536226,0.7455413,0.7395398,0.7476203,0.7344932,0.75039953,0.7629902,0.7476938,0.7658958,0.7526515,0.7510846,0.7599094,0.7583524,0.75065356,0.7433955,0.7557621,0.7434269,0.73495173,0.75472367,0.74946827,0.75751084,0.7533693,0.74936104,0.7533665,0.7517367,0.7379593,0.7415076,0.7611163,0.75693476,0.74659884,0.7492446,0.7482158,0.74492455,0.76290596,0.74734634,0.7463895,0.7579951,0.75189024,0.74188614,0.7652629,0.7640244,0.750641,0.76426333,0.74940187,0.75009096,0.7654672,0.7467602,0.7564109,0.75100327,0.7481711,0.75099975,0.72849435,0.76755357,0.7496485,0.7623811,0.75159013,0.7462084,0.76090074,0.7593086,0.75749755,0.7554585,0.74386895,0.75390583,0.7475113,0.7519915,0.7490857,0.754525,0.75813323,0.7423965,0.768043,0.74780715,0.76084346,0.74960756,0.7529425,0.74267393,0.754791,0.7447498,0.75220084,0.7533535,0.7560136,0.73516893,0.7475695,0.7520501,0.74035543,0.7487402,0.73355305,0.7488077,0.758355,0.75308603,0.7365507,0.74559426,0.732441,0.7552584,0.7558337,0.7490976,0.7525761,0.75280243,0.7515235,0.75397885,0.7491612,0.75047195,0.7616847,0.7576347,0.75279695,0.76249236,0.7723526,0.74056214,0.75298357,0.75226426,0.7549075,0.74850726,0.7399331,0.74705696,0.76451534,0.741596,0.74040496,0.75430316,0.7516169,0.77149665,0.75843966,0.7542256,0.7484706,0.7573424,0.74367476,0.7476305,0.74125034,0.76564777,0.739602,0.74130464,0.74766254,0.74224687,0.7504513,0.7579956,0.75914717,0.7598968,0.74243397,0.7544052,0.7362615,0.7317036,0.75659347,0.7568722,0.7458269,0.7478497,0.75252396,0.7247721,0.7609872,0.75577503,0.7517444,0.75263005,0.7525644,0.74381524,0.7619768,0.7527023,0.7622086,0.7357291,0.76994216,0.76649183,0.7491366,0.7496657,0.76533586,0.7527185,0.7570467,0.75019526,0.7488023,0.74118596,0.7502131,0.760207,0.7483279,0.7619863,0.7391347,0.7446296,0.7291163,0.7436154,0.7497138,0.75546867,0.7473367,0.7598513,0.7507289,0.7330119,0.7529941,0.7388643,0.73936176,0.7579806,0.7499104,0.7544755,0.7504706,0.7400747,0.75904375,0.74727464,0.74344116,0.73443156,0.76187867,0.7401062,0.7481537,0.7338882,0.74643743,0.74018306,0.7429917,0.7535137,0.74730396,0.7575652,0.7623143,0.7445775,0.7505398,0.75220597,0.76959354,0.7644664,0.7490946,0.7519768,0.7454216,0.7517912,0.7350446,0.75778055,0.753718,0.7523327,0.7554891,0.7514195,0.74517906,0.7560169,0.7569232,0.75383884,0.7411671,0.7506492,0.73689646,0.74491626,0.7458209,0.7466571,0.74126565,0.7561864,0.74643576,0.74294627,0.7440409,0.7699703,0.7506165,0.7567617,0.74524385,0.7480002,0.7500861,0.7393578,0.7468788,0.7598088,0.73696554,0.7513716,0.7606693,0.75997084,0.7566035,0.7544506,0.7558068,0.74894357,0.76847684,0.7585592,0.74330986,0.7698639,0.7586541,0.75121576,0.7510593,0.74957657,0.7481974,0.749937,0.7589215,0.75342894,0.74904925,0.7457361,0.75868857,0.7489758,0.7507942,0.76587486,0.7376597,0.73921674,0.75016624,0.75584906,0.7531876,0.7472309,0.7458049,0.7651599,0.7443829,0.75676936,0.7671235,0.7524958,0.7466421,0.75212395,0.7549486,0.7593151,0.76089424,0.7598553,0.74749756,0.76328707,0.75178313,0.7479566,0.74219865,0.75332344,0.7450781,0.74693584,0.762399,0.7481645,0.7614958,0.7478352,0.7573171,0.75606203,0.7686008,0.7501402,0.7408462,0.7501475,0.7547996,0.7654519,0.7516108,0.7512463,0.74454665,0.7470511,0.7576835,0.7544287,0.73961544,0.76249397,0.7575478,0.7476593,0.75965214,0.7606756,0.75990194,0.7443809,0.75514585,0.76474273,0.7536047,0.74031806,0.7623627,0.7521665,0.76518834,0.74451125,0.74491227,0.7680174,0.74769145,0.7498945,0.7566081,0.74721205,0.76446235,0.7487612,0.75016344,0.7393249,0.7417447,0.74631554,0.75538325,0.75710726,0.7512196,0.7400048,0.74550074,0.74057794,0.7487213,0.7520225,0.7678019,0.755323,0.749226,0.7526047,0.75606304,0.74605536,0.7436145,0.7510888,0.76022476,0.7588931,0.75636303,0.7569077,0.7409361,0.75083965,0.7580193,0.74803674,0.75164294,0.7436025,0.7528472,0.748677,0.7502691,0.75574934,0.7682801,0.7636327,0.7385245,0.7422712,0.7515772,0.74487156,0.75844324,0.7506266,0.760906,0.74642605,0.74910676,0.75762266,0.7508109,0.742659,0.7596507,0.7502256,0.76510596,0.7404601,0.7427566,0.75384533,0.74450064,0.75555587,0.77851754,0.7578957,0.75872093,0.7543515,0.7579957,0.7541893,0.7639248,0.7490209,0.73564273,0.7627416,0.7513573,0.74440664,0.7564034,0.7437386,0.7522389,0.75131685,0.7688457,0.753373,0.73665684,0.74661654,0.7569877,0.7409226,0.7428691,0.74805945,0.74732816,0.7586123,0.7668249,0.7547809,0.7543371,0.7575177,0.75153995,0.7483574,0.75760144,0.75230795,0.7598171,0.75629675,0.7486572,0.7550905,0.7511026,0.7480923,0.7439395,0.7663478,0.7368287,0.75930446,0.7559014,0.74697024,0.7524535,0.74201876,0.7643435,0.7508106,0.7431627,0.75412565,0.74770236,0.7498376,0.7703992,0.7452001,0.75022495,0.76274705,0.7459377,0.7413248,0.7572714,0.76580375,0.7473762,0.7349461,0.7529617,0.7703909,0.77135384,0.7495951,0.75016785,0.7489958,0.76143473,0.7641341,0.733159,0.7610041,0.73629385,0.73647195,0.7539551,0.7602436,0.7420758,0.7443185,0.76419944,0.75947523,0.7478164,0.7548937,0.7499474,0.7580633,0.74927866,0.7560946,0.75078195,0.75515646,0.7378609,0.7524638,0.7437881,0.75983006,0.7508744,0.72986656,0.7511033,0.7592183,0.74507135,0.7417393,0.741722,0.7516176,0.7610552,0.75313354,0.7399533,0.75758773,0.75487113,0.7388431,0.748058,0.7687289,0.7436002,0.75224215,0.7592537,0.7556197,0.7615963,0.76079667,0.7482136,0.74337417,0.7544215,0.7372121,0.7466636,0.7536898,0.7591333,0.74307334,0.78310233,0.7552508,0.7484023,0.7414514,0.77434564,0.74698335,0.7496573,0.7384855,0.7515623,0.74778765,0.75462115,0.7578982,0.75531614,0.75624794,0.75993735,0.75127035,0.75282043,0.7612569,0.74598145,0.75276893,0.7530876,0.7466681,0.7702985,0.768187,0.73959404,0.74763036,0.74098593,0.76334524,0.76635575,0.7404102,0.74976814,0.73825705,0.7406762,0.74608517,0.74338317,0.7586846,0.7480676,0.76387125,0.744707,0.77090394,0.7557016,0.74321645,0.75487,0.763442,0.7531877,0.7536178,0.73803884,0.7204376,0.7589084,0.77056974,0.7542572,0.752312,0.75006646,0.75976783,0.7501044,0.7603218,0.7613752,0.75597745,0.759557,0.7480916,0.7548346,0.7651285,0.7571369,0.7479972,0.75710285,0.7637573,0.75455964,0.7520225,0.7510549,0.7437307,0.7411507,0.738175,0.7498244,0.75936776,0.7502674,0.7424566,0.7614179,0.7365703,0.7516402,0.7519677,0.74272233,0.75052434,0.7408847,0.7419845,0.7414803,0.7422228,0.75953895,0.7611806,0.7587368,0.7498867,0.75950223,0.7435611,0.779662,0.7624707,0.76221013,0.7428681,0.7469484,0.7537731,0.74964744,0.74715924,0.75024736,0.7469321,0.7380153,0.7479296,0.74508524,0.74891394,0.7642874,0.75820553,0.76334035,0.7582583,0.74626756,0.75762266,0.7597488,0.76237255,0.7508851,0.72852814,0.7507536,0.7566641,0.747651,0.75769585
0.586712,0.599326,0.6099833,0.5956479,0.59495926,0.59359497,0.6121162,0.59097886,0.5987042,0.61587286,0.6022347,0.6018796,0.60466206,0.59283316,0.6040779,0.61127967,0.6008775,0.60762525,0.59585965,0.58872104,0.5969292,0.60613143,0.5907624,0.59887373,0.60258216,0.6052557,0.5963345,0.59436524,0.60096675,0.60418886,0.593699,0.5898032,0.6260717,0.5875454,0.61270976,0.6060881,0.61083543,0.59552747,0.58668715,0.596309,0.5980093,0.59534013,0.60064834,0.5837517,0.6107545,0.6010724,0.6068524,0.59424853,0.583889,0.6016654,0.60247415,0.59102297,0.62246704,0.58197135,0.59195924,0.61219186,0.60128987,0.58966273,0.60835266,0.59395534,0.6178257,0.59581244,0.58283883,0.59309554,0.612316,0.61388594,0.5935556,0.59813327,0.602769,0.60361654,0.5932486,0.5936003,0.5952045,0.6002069,0.60430545,0.58752155,0.594234,0.5951767,0.58334714,0.60522187,0.6094811,0.61492944,0.58959144,0.6066796,0.60930526,0.5938675,0.59892076,0.59132946,0.59473264,0.58530134,0.5981286,0.6133929,0.6160651,0.6050866,0.5944437,0.611579,0.58894813,0.61243105,0.6001764,0.59213704,0.60232383,0.5916867,0.59556377,0.6101846,0.6034659,0.587311,0.6037895,0.5941343,0.610773,0.60893965,0.61349976,0.6091768,0.598658,0.6058073,0.6148957,0.6128492,0.60425746,0.5952616,0.5998872,0.60425323,0.5972067,0.5936519,0.5892051,0.6056782,0.6016755,0.6117249,0.5963764,0.6037227,0.59230196,0.6019569,0.624097,0.5970331,0.58124214,0.6090007,0.6164623,0.59923613,0.58726925,0.5962395,0.58847886,0.59421253,0.5888567,0.6246137,0.6023179,0.5854204,0.5962375,0.6008868,0.60531247,0.6042525,0.5973505,0.60783225,0.5850861,0.5941878,0.6002105,0.5989429,0.601057,0.61574787,0.618813,0.6088,0.58949196,0.5890063,0.60128,0.6070387,0.6088098,0.6002765,0.59356457,0.61332786,0.59158504,0.60348904,0.5975039,0.5908257,0.6032669,0.6021566,0.5971565,0.5967983,0.60391515,0.6108242,0.6066971,0.61299217,0.6080201,0.6038199,0.6090491,0.6052607,0.6016635,0.591691,0.6207553,0.6054496,0.5811809,0.59978014,0.59400415,0.5981682,0.6087964,0.5887121,0.6104914,0.6072326,0.6036203,0.6125486,0.58821344,0.6083001,0.60451025,0.6072867,0.6049801,0.59093124,0.6108575,0.5764173,0.60023654,0.60290194,0.6156425,0.5990414,0.59597796,0.6034724,0.60002875,0.5996629,0.60021734,0.6056345,0.59380823,0.59733313,0.6160123,0.6172727,0.5921584,0.61474526,0.5974589,0.5825132,0.59353125,0.60948,0.60412955,0.6018916,0.60280615,0.6111279,0.5897033,0.5979684,0.61500794,0.5938382,0.5991532,0.59354377,0.6010119,0.5968759,0.60572153,0.60599244,0.5889298,0.59568,0.5928284,0.592947,0.59362316,0.6047127,0.6035119,0.5997653,0.6064387,0.59544164,0.585603,0.5999002,0.59549814,0.5969819,0.58705354,0.5900836,0.60032165,0.5935258,0.5987754,0.60077953,0.5879042,0.59932697,0.61475945,0.6010518,0.607316,0.59676874,0.6063998,0.5869513,0.61409307,0.5957588,0.593643,0.5910766,0.607153,0.59840053,0.5920555,0.6011565,0.59698975,0.5991687,0.59515816,0.6056307,0.5992669,0.5937793,0.60678446,0.5947765,0.6131403,0.5948203,0.5961398,0.58998877,0.5883372,0.60667026,0.61476624,0.6055393,0.6013719,0.59372884,0.6085152,0.6086901,0.5922204,0.5842838,0.60368174,0.61403126,0.6065263,0.61331505,0.5820241,0.61271566,0.5911226,0.59241945,0.6018291,0.59966123,0.598027,0.59961224,0.58740383,0.608962,0.59781283,0.6138075,0.58076644,0.5941349,0.6110151,0.5899229,0.59896725,0.60799944,0.5970078,0.6044011,0.60857874,0.60285664,0.6109683,0.5875982,0.6053541,0.60433936,0.59956133,0.5902185,0.5950603,0.5859959,0.61213535,0.5896476,0.5961941,0.60982496,0.60883385,0.59548545,0.59645265,0.6066464,0.5829811,0.58871126,0.5834249,0.59993076,0.6131103,0.59744734,0.5993623,0.59391224,0.6067163,0.5929958,0.62037724,0.62378836,0.61341757,0.5969812,0.5956924,0.59580237,0.58746547,0.581048,0.6048605,0.59540546,0.6114615,0.60202575,0.6147294,0.61055344,0.5917513,0.59845114,0.6028567,0.6062402,0.5864673,0.5935202,0.5857503,0.58694935,0.5914269,0.6120269,0.6036532,0.6128747,0.59188807,0.6010809,0.6077566,0.6118725,0.61178833,0.60874945,0.61379373,0.5903607,0.5940619,0.5973612,0.6012501,0.6020905,0.60181546,0.6036591,0.6076125,0.6075509,0.58775795,0.6085687,0.6044488,0.6061469,0.597005,0.6008199,0.582134,0.59893227,0.60021544,0.5973261,0.59048307,0.610697,0.60185236,0.5921544,0.6225847,0.5949567,0.60564214,0.58415794,0.5888137,0.597315,0.6066599,0.59142756,0.6109892,0.5931527,0.5795862,0.60682976,0.58866477,0.61367,0.6067386,0.60064167,0.60275936,0.6091117,0.6256042,0.59764963,0.6002958,0.61246157,0.5981062,0.59467673,0.6059649,0.62316567,0.5767093,0.5957259,0.62037313,0.5904763,0.5971625,0.5865506,0.61551756,0.59794414,0.60497755,0.5994148,0.6089844,0.5969145,0.60726553,0.6036052,0.6144682,0.5943122,0.5931228,0.6093042,0.58789486,0.59920144,0.5887047,0.5945822,0.60022914,0.598587,0.61055017,0.59476197,0.5971521,0.5942095,0.6093722,0.597533,0.6087919,0.6099564,0.60027206,0.5998048,0.59004974,0.6140836,0.61078924,0.61722505,0.60609984,0.6095764,0.61247754,0.5949851,0.59793293,0.60412365,0.6101223,0.5826397,0.5963586,0.5903975,0.61230505,0.5935479,0.5943371,0.6018307,0.61743754,0.62031955,0.61990654,0.603808,0.59709185,0.607299,0.58560103,0.60629493,0.59155184,0.6061433,0.58487386,0.58919173,0.60414636,0.60511804,0.588343,0.5915954,0.59942615,0.60488653,0.5851485,0.58019596,0.5907257,0.5941275,0.59029996,0.60374343,0.59991544,0.59396696,0.5869395,0.5880853,0.6027255,0.599639,0.6072814,0.60681015,0.60914946,0.59815145,0.59989166,0.60927606,0.6188544,0.5908422,0.60742396,0.6077962,0.60320807,0.5963854,0.605956,0.58615655,0.6030053,0.58023953,0.59730446,0.6001738,0.5983532,0.59630793,0.5886447,0.60488665,0.5871218,0.5951736,0.57810503,0.5914866,0.59711814,0.5988862,0.59842056,0.60357344,0.60466933,0.58703005,0.5909972,0.59063464,0.6013438,0.6016276,0.58129025,0.60225654,0.58923596,0.5939866,0.5975345,0.59296536,0.58044446,0.5894223,0.60923475,0.5896562,0.5921152,0.58094895,0.6011847,0.5729334,0.6005367,0.607392,0.5930304,0.59886736,0.604994,0.5952097,0.6142368,0.58715993,0.6128512,0.6199588,0.5960249,0.59408516,0.59143215,0.57417446,0.5995891,0.5972796,0.61251986,0.59891456,0.5951728,0.6009186,0.5960913,0.5974489,0.6032555,0.610517,0.5862155,0.61090326,0.5792632,0.59676784,0.5929709,0.59910285,0.59913826,0.6011977,0.59433395,0.589062,0.5872253,0.6122051,0.6084419,0.59810454,0.5940065,0.59184456,0.6149026,0.613378,0.60217524,0.59826636,0.6030759,0.60608727,0.6155118,0.60561526,0.602954,0.6129245,0.6027412,0.5887123,0.60687166,0.60419226,0.5892804,0.59231406,0.6064739,0.61505,0.60127634,0.6038475,0.5903116,0.6049491,0.60083115,0.58780926,0.6040301,0.5923589,0.59868616,0.6064439,0.5952718,0.60505384,0.5897373,0.5860514,0.58985037,0.6066458,0.59853303,0.595383,0.59570765,0.59590447,0.6086081,0.5961742,0.6044353,0.5957594,0.597513,0.6039419,0.6067886,0.60569656,0.5823384,0.59743565,0.5943682,0.6069305,0.59966373,0.5857982,0.5867456,0.6002344,0.5955904,0.5873108,0.6107578,0.5949004,0.59831744,0.5966626,0.60010916,0.6047194,0.6007866,0.59462154,0.5987244,0.6028776,0.61562496,0.60811585,0.60574013,0.6001262,0.593239,0.5888188,0.5992101,0.6050819,0.5900376,0.6050624,0.6055237,0.5910234,0.5820584,0.599872,0.5963346,0.58639914,0.6172925,0.59880906,0.5869123,0.5811519,0.59628373,0.6037573,0.59712243,0.59343725,0.59339726,0.59963495,0.59449697,0.60105354,0.6003788,0.59028685,0.5984573,0.5937821,0.5951665,0.6065974,0.6085594,0.59755087,0.6022358,0.59073293,0.60561335,0.62064946,0.5865876,0.59615177,0.59552634,0.6045414,0.6075909,0.59145814,0.6025828,0.5880108,0.58073294,0.5913447,0.58948606,0.59359825,0.6016949,0.6201709,0.5950453,0.6002171,0.5910077,0.59782565,0.61483055,0.5994007,0.6011347,0.5997248,0.6015225,0.6045266,0.60371256,0.60819626,0.62294227,0.60077757,0.58668226,0.59079254,0.6047314,0.58766973,0.6029245,0.5839769,0.62062037,0.5948387,0.6014723,0.60765433,0.59180737,0.59551686,0.6042662,0.5939819,0.6078663,0.59731513,0.60728776,0.583241,0.59582275,0.5975454,0.62256944,0.61522377,0.6059655,0.60954547,0.6028896,0.5974964,0.6067861,0.5955563,0.5960838,0.6156035,0.58714056,0.59530306,0.6027011,0.60476446,0.5995715,0.6099028,0.61538965,0.59733844,0.58120865,0.6031079,0.58940977,0.6032424,0.5912876,0.6117786,0.59316796,0.60018116,0.603809,0.6183847,0.6138318,0.6104733,0.604427,0.5880196,0.60476273,0.61391556,0.60005534,0.61351305,0.6203862,0.59222764,0.59394675,0.59974945,0.59985304,0.6044279,0.5983602,0.6137747,0.59518254,0.5949162,0.6084993,0.59839743,0.60870165,0.59734374,0.59620464,0.59121823,0.59623533,0.5948168,0.58156455,0.5896929,0.5946254,0.5961798,0.59807223,0.59419495,0.6111533,0.60964763,0.6084832,0.57648724,0.6004295,0.61713237,0.61126214,0.5990527,0.60301286,0.59412,0.61416256,0.60743,0.57217956,0.5961087,0.5877503,0.5823985,0.61415625,0.59893304,0.58313227,0.58911675,0.6045824,0.6055667,0.5971504,0.60337234,0.59598196,0.59796983,0.6016053,0.5970293,0.6066923,0.6088933,0.58696014,0.59503365,0.5935615,0.6024842,0.58469975,0.5864428,0.6127223,0.5955195,0.6006864,0.596385,0.60397434,0.59698373,0.6019594,0.5918709,0.58933496,0.60461175,0.59775853,0.6037342,0.6107489,0.60021615,0.5945033,0.60858214,0.5970049,0.6006114,0.62836933,0.61438483,0.5902643,0.6131902,0.6034604,0.6071176,0.60076684,0.6007442,0.611341,0.61105037,0.617281,0.61687404,0.6030021,0.5967272,0.6105515,0.59919596,0.6025488,0.59189105,0.6036485,0.61133575,0.6108192,0.60378057,0.6059601,0.59746593,0.5844512,0.60607785,0.5967311,0.5931448,0.5938964,0.60133654,0.60640764,0.5987964,0.6154466,0.6023961,0.6099958,0.6115913,0.5918809,0.60853493,0.6009815,0.5901935,0.59522885,0.6035779,0.586951,0.6026042,0.59549683,0.6145928,0.59974664,0.60742027,0.605118,0.60077286,0.60373414,0.59190637,0.58059686,0.62384534,0.60235035,0.6098961,0.58793384,0.5898893,0.6125162,0.6020686,0.59226596,0.60025054,0.60261315,0.5989739,0.61637306,0.60802823,0.59316355,0.60616165,0.60055435,0.6083688,0.59722626,0.59626925,0.60315925,0.60125434,0.61130655,0.6136924,0.60381216,0.5929945,0.60626346,0.5829489,0.60269433,0.59477574,0.6091393,0.5863898,0.6135951,0.60316706,0.59561664,0.5854347,0.60030055,0.6102718,0.5862103,0.5936998,0.59796304,0.59155923,0.60659367,0.5865474,0.60279447,0.60386014,0.6088309,0.5926133,0.6042701,0.6060193,0.6172509,0.6004881,0.60070306,0.5834426,0.5921511,0.60746306,0.59085774,0.5809614,0.5916859,0.60953903,0.5878021,0.5894272,0.58097506,0.604611,0.6124882,0.5969797,0.6115458,0.6158668,0.5967407,0.59938097,0.6051917,0.5929465,0.6085735,0.5832975,0.6004693,0.6106487,0.5949828,0.61738765
0.0,0.0,0.0,0.0,0.0,0.0,0.0,0.0,0.0,0.0,0.0,0.0,0.0,0.0,0.0,0.0,0.0,0.0,0.0,0.0,0.0,0.0,0.0,0.0,0.0,0.0,0.0,0.0,0.0,0.0,0.0,0.0,0.0,0.0,0.0,0.0,0.0,0.0,0.0,0.0,0.0,0.0,0.0,0.0,0.0,0.0,0.0,0.0,0.0,0.0,0.0,0.0,0.0,0.0,0.0,0.0,0.0,0.0,0.0,0.0,0.0,0.0,0.0,0.0,0.0,0.0,0.0,0.0,0.0,0.0,0.0,0.0,0.0,0.0,0.0,0.0,0.0,0.0,0.0,0.0,0.0,0.0,0.0,0.0,0.0,0.0,0.0,0.0,0.0,0.0,0.0,0.0,0.0,0.0,0.0,0.0,0.0,0.0,0.0,0.0,0.0,0.0,0.0,0.0,0.0,0.0,0.0,0.0,0.0,0.0,0.0,0.0,0.0,0.0,0.0,0.0,0.0,0.0,0.0,0.0,0.0,0.0,0.0,0.0,0.0,0.0,0.0,0.0,0.0,0.0,0.0,0.0,0.0,0.0,0.0,0.0,0.0,0.0,0.0,0.0,0.0,0.0,0.0,0.0,0.0,0.0,0.0,0.0,0.0,0.0,0.0,0.0,0.0,0.0,0.0,0.0,0.0,0.0,0.0,0.0,0.0,0.0,0.0,0.0,0.0,0.0,0.0,0.0,0.0,0.0,0.0,0.0,0.0,0.0,0.0,0.0,0.0,0.0,0.0,0.0,0.0,0.0,0.0,0.0,0.0,0.0,0.0,0.0,0.0,0.0,0.0,0.0,0.0,0.0,0.0,0.0,0.0,0.0,0.0,0.0,0.0,0.0,0.0,0.0,0.0,0.0,0.0,0.0,0.0,0.0,0.0,0.0,0.0,0.0,0.0,0.0,0.0,0.0,0.0,0.0,0.0,0.0,0.0,0.0,0.0,0.0,0.0,0.0,0.0,0.0,0.0,0.0,0.0,0.0,0.0,0.0,0.0,0.0,0.0,0.0,0.0,0.0,0.0,0.0,0.0,0.0,0.0,0.0,0.0,0.0,0.0,0.0,0.0,0.0,0.0,0.0,0.0,0.0,0.0,0.0,0.0,0.0,0.0,0.0,0.0,0.0,0.0,0.0,0.0,0.0,0.0,0.0,0.0,0.0,0.0,0.0,0.0,0.0,0.0,0.0,0.0,0.0,0.0,0.0,0.0,0.0,0.0,0.0,0.0,0.0,0.0,0.0,0.0,0.0,0.0,0.0,0.0,0.0,0.0,0.0,0.0,0.0,0.0,0.0,0.0,0.0,0.0,0.0,0.0,0.0,0.0,0.0,0.0,0.0,0.0,0.0,0.0,0.0,0.0,0.0,0.0,0.0,0.0,0.0,0.0,0.0,0.0,0.0,0.0,0.0,0.0,0.0,0.0,0.0,0.0,0.0,0.0,0.0,0.0,0.0,0.0,0.0,0.0,0.0,0.0,0.0,0.0,0.0,0.0,0.0,0.0,0.0,0.0,0.0,0.0,0.0,0.0,0.0,0.0,0.0,0.0,0.0,0.0,0.0,0.0,0.0,0.0,0.0,0.0,0.0,0.0,0.0,0.0,0.0,0.0,0.0,0.0,0.0,0.0,0.0,0.0,0.0,0.0,0.0,0.0,0.0,0.0,0.0,0.0,0.0,0.0,0.0,0.0,0.0,0.0,0.0,0.0,0.0,0.0,0.0,0.0,0.0,0.0,0.0,0.0,0.0,0.0,0.0,0.0,0.0,0.0,0.0,0.0,0.0,0.0,0.0,0.0,0.0,0.0,0.0,0.0,0.0,0.0,0.0,0.0,0.0,0.0,0.0,0.0,0.0,0.0,0.0,0.0,0.0,0.0,0.0,0.0,0.0,0.0,0.0,0.0,0.0,0.0,0.0,0.0,0.0,0.0,0.0,0.0,0.0,0.0,0.0,0.0,0.0,0.0,0.0,0.0,0.0,0.0,0.0,0.0,0.0,0.0,0.0,0.0,0.0,0.0,0.0,0.0,0.0,0.0,0.0,0.0,0.0,0.0,0.0,0.0,0.0,0.0,0.0,0.0,0.0,0.0,0.0,0.0,0.0,0.0,0.0,0.0,0.0,0.0,0.0,0.0,0.0,0.0,0.0,0.0,0.0,0.0,0.0,0.0,0.0,0.0,0.0,0.0,0.0,0.0,0.0,0.0,0.0,0.0,0.0,0.0,0.0,0.0,0.0,0.0,0.0,0.0,0.0,0.0,0.0,0.0,0.0,0.0,0.0,0.0,0.0,0.0,0.0,0.0,0.0,0.0,0.0,0.0,0.0,0.0,0.0,0.0,0.0,0.0,0.0,0.0,0.0,0.0,0.0,0.0,0.0,0.0,0.0,0.0,0.0,0.0,0.0,0.0,0.0,0.0,0.0,0.0,0.0,0.0,0.0,0.0,0.0,0.0,0.0,0.0,0.0,0.0,0.0,0.0,0.0,0.0,0.0,0.0,0.0,0.0,0.0,0.0,0.0,0.0,0.0,0.0,0.0,0.0,0.0,0.0,0.0,0.0,0.0,0.0,0.0,0.0,0.0,0.0,0.0,0.0,0.0,0.0,0.0,0.0,0.0,0.0,0.0,0.0,0.0,0.0,0.0,0.0,0.0,0.0,0.0,0.0,0.0,0.0,0.0,0.0,0.0,0.0,0.0,0.0,0.0,0.0,0.0,0.0,0.0,0.0,0.0,0.0,0.0,0.0,0.0,0.0,0.0,0.0,0.0,0.0,0.0,0.0,0.0,0.0,0.0,0.0,0.0,0.0,0.0,0.0,0.0,0.0,0.0,0.0,0.0,0.0,0.0,0.0,0.0,0.0,0.0,0.0,0.0,0.0,0.0,0.0,0.0,0.0,0.0,0.0,0.0,0.0,0.0,0.0,0.0,0.0,0.0,0.0,0.0,0.0,0.0,0.0,0.0,0.0,0.0,0.0,0.0,0.0,0.0,0.0,0.0,0.0,0.0,0.0,0.0,0.0,0.0,0.0,0.0,0.0,0.0,0.0,0.0,0.0,0.0,0.0,0.0,0.0,0.0,0.0,0.0,0.0,0.0,0.0,0.0,0.0,0.0,0.0,0.0,0.0,0.0,0.0,0.0,0.0,0.0,0.0,0.0,0.0,0.0,0.0,0.0,0.0,0.0,0.0,0.0,0.0,0.0,0.0,0.0,0.0,0.0,0.0,0.0,0.0,0.0,0.0,0.0,0.0,0.0,0.0,0.0,0.0,0.0,0.0,0.0,0.0,0.0,0.0,0.0,0.0,0.0,0.0,0.0,0.0,0.0,0.0,0.0,0.0,0.0,0.0,0.0,0.0,0.0,0.0,0.0,0.0,0.0,0.0,0.0,0.0,0.0,0.0,0.0,0.0,0.0,0.0,0.0,0.0,0.0,0.0,0.0,0.0,0.0,0.0,0.0,0.0,0.0,0.0,0.0,0.0,0.0,0.0,0.0,0.0,0.0,0.0,0.0,0.0,0.0,0.0,0.0,0.0,0.0,0.0,0.0,0.0,0.0,0.0,0.0,0.0,0.0,0.0,0.0,0.0,0.0,0.0,0.0,0.0,0.0,0.0,0.0,0.0,0.0,0.0,0.0,0.0,0.0,0.0,0.0,0.0,0.0,0.0,0.0,0.0,0.0,0.0,0.0,0.0,0.0,0.0,0.0,0.0,0.0,0.0,0.0,0.0,0.0,0.0,0.0,0.0,0.0,0.0,0.0,0.0,0.0,0.0,0.0,0.0,0.0,0.0,0.0,0.0,0.0,0.0,0.0,0.0,0.0,0.0,0.0,0.0,0.0,0.0,0.0,0.0,0.0,0.0,0.0,0.0,0.0,0.0,0.0,0.0,0.0,0.0,0.0,0.0,0.0,0.0,0.0,0.0,0.0,0.0,0.0,0.0,0.0,0.0,0.0,0.0,0.0,0.0,0.0,0.0,0.0,0.0,0.0,0.0,0.0,0.0,0.0,0.0,0.0,0.0,0.0,0.0,0.0,0.0,0.0,0.0,0.0,0.0,0.0,0.0,0.0,0.0,0.0,0.0,0.0,0.0,0.0,0.0,0.0,0.0,0.0,0.0,0.0,0.0,0.0,0.0,0.0,0.0,0.0,0.0,0.0,0.0,0.0,0.0,0.0,0.0,0.0,0.0,0.0,0.0,0.0,0.0,0.0,0.0,0.0,0.0,0.0,0.0,0.0,0.0,0.0,0.0,0.0,0.0,0.0,0.0,0.0,0.0,0.0,0.0,0.0,0.0,0.0,0.0,0.0,0.0,0.0,0.0,0.0,0.0,0.0,0.0,0.0,0.0,0.0,0.0,0.0,0.0,0.0,0.0,0.0
0.85473305,0.8595706,0.87427324,0.86176497,0.86275303,0.8485224,0.8660345,0.8635872,0.86086595,0.8570613,0.8563076,0.86736465,0.8665063,0.86507034,0.8552082,0.86277634,0.85501635,0.8625356,0.8633572,0.86234134,0.85898125,0.86171824,0.85412556,0.864086,0.8426123,0.8648953,0.8631852,0.8485441,0.86276114,0.8618612,0.8619253,0.85468745,0.8620771,0.85268104,0.86123717,0.8577812,0.86291325,0.8635564,0.86634153,0.8660169,0.8670364,0.8622866,0.85872936,0.8466078,0.8584878,0.8557067,0.8462691,0.86791867,0.85448295,0.8631436,0.85393274,0.8639159,0.86379087,0.85388017,0.8398295,0.85961056,0.85249376,0.85263777,0.8527901,0.85788804,0.8640113,0.8519537,0.85793614,0.8616322,0.86099386,0.86861765,0.85595846,0.85457665,0.8628646,0.8513416,0.85721123,0.8605626,0.87064385,0.86824596,0.86647683,0.8590259,0.8556711,0.85454965,0.84715533,0.8660409,0.8542192,0.84921193,0.8510005,0.85608304,0.8543125,0.85990137,0.84798044,0.86980367,0.8537518,0.85824776,0.86712503,0.8609603,0.8675488,0.8627334,0.8585526,0.8625966,0.8512091,0.87022626,0.86751014,0.85424393,0.85432005,0.83952683,0.85617894,0.8728431,0.85663664,0.8537198,0.8475635,0.85580754,0.8488968,0.8507641,0.85437644,0.85394305,0.85268706,0.8547736,0.86467665,0.8547664,0.8659613,0.8589119,0.8710632,0.8589914,0.86583287,0.85352474,0.8488379,0.8658195,0.8588365,0.8526134,0.8647996,0.8663692,0.8630123,0.8465116,0.86757433,0.85772985,0.84005225,0.85573906,0.8603473,0.8569793,0.86449003,0.86251104,0.8472778,0.8712058,0.85687715,0.8487617,0.86084163,0.85894257,0.85841644,0.8464392,0.8624769,0.8621093,0.8519627,0.86486644,0.8465914,0.8563286,0.8614809,0.8693044,0.85652155,0.8676603,0.86254776,0.87111884,0.8541266,0.86143315,0.8637116,0.8594128,0.8624432,0.85620034,0.859201,0.85437167,0.8512208,0.8645671,0.8686371,0.8450765,0.8667305,0.8596216,0.86404544,0.8617067,0.8497093,0.85320854,0.84766,0.8579993,0.8474137,0.86149305,0.86206627,0.86276597,0.86325806,0.8453879,0.8764764,0.84288687,0.8687846,0.8727352,0.8613739,0.86400115,0.8574192,0.8417334,0.85953665,0.8556284,0.8498916,0.87076676,0.8507948,0.8556188,0.8634731,0.85776615,0.85357594,0.8538328,0.8700393,0.84826493,0.8591586,0.86617327,0.845441,0.8486755,0.85715675,0.8561404,0.8518307,0.8520983,0.8499851,0.8616112,0.8510363,0.8430598,0.8554709,0.8760971,0.85155845,0.8577427,0.8635375,0.85924155,0.8481494,0.85539186,0.8588968,0.86559355,0.8545637,0.8626746,0.8548086,0.8511347,0.86271715,0.8694398,0.8590895,0.8521027,0.8502885,0.86179245,0.8508967,0.86082786,0.8495661,0.8625977,0.85788834,0.8614159,0.852175,0.8727144,0.8501698,0.8504948,0.85281086,0.85648465,0.8606739,0.8589741,0.8527452,0.85699356,0.87609965,0.860213,0.86423224,0.8651988,0.8543322,0.8444212,0.8528274,0.8589756,0.8650142,0.85842603,0.85864425,0.8519825,0.86489624,0.86758757,0.87253547,0.86340773,0.8499942,0.86075985,0.8514154,0.84656817,0.85796565,0.84511125,0.85300577,0.86788404,0.8467396,0.86701065,0.8520604,0.85406625,0.84915614,0.85530573,0.84983927,0.8538089,0.8451327,0.8554255,0.86652195,0.8628344,0.8621979,0.8600333,0.8692252,0.86340535,0.85835755,0.855242,0.8561032,0.85006154,0.8705648,0.86337626,0.8604135,0.86447644,0.86389804,0.8637516,0.8564342,0.8571235,0.8690565,0.86347324,0.84799445,0.85776246,0.8668099,0.8717699,0.8466156,0.8642456,0.85473305,0.8570343,0.86030936,0.8600094,0.85862035,0.86887145,0.85927993,0.8511129,0.86943495,0.8686881,0.8715832,0.8586678,0.860106,0.85726976,0.8696974,0.8584488,0.8495051,0.85476327,0.8691158,0.85375714,0.8658043,0.86839545,0.864775,0.8524238,0.8599966,0.85089904,0.8501784,0.8527053,0.85611576,0.8574543,0.86468667,0.8646678,0.8553921,0.8612386,0.839909,0.86673784,0.8592754,0.8662062,0.8567318,0.85774606,0.86197174,0.86082834,0.851091,0.86029,0.8593494,0.85224146,0.85200363,0.866844,0.8594585,0.8798728,0.8480572,0.85669684,0.8566573,0.8634426,0.86537683,0.8628941,0.83854353,0.8678521,0.8506655,0.8523857,0.86316085,0.86821234,0.85418314,0.8505633,0.85968655,0.86996585,0.857553,0.8579841,0.86799914,0.8599906,0.8565282,0.85369927,0.8692423,0.8737733,0.8476991,0.85369676,0.86952305,0.8673404,0.8605153,0.8601254,0.8633873,0.861297,0.85567886,0.85476226,0.84434766,0.850126,0.8525543,0.8595157,0.86359197,0.8537056,0.8691556,0.85049427,0.87081593,0.85471034,0.8482484,0.86063576,0.86106193,0.8657637,0.87798136,0.85556006,0.859335,0.858916,0.8562119,0.85775036,0.85040873,0.8580793,0.8578921,0.86179036,0.8581155,0.86169297,0.85872626,0.8583162,0.8504214,0.8681845,0.8607145,0.85588986,0.8556498,0.875051,0.8587728,0.86674416,0.8554101,0.85591143,0.86212987,0.8575068,0.8633762,0.8522608,0.8494169,0.8608753,0.85761124,0.8498423,0.8555559,0.8613384,0.861988,0.85035765,0.8573737,0.8645829,0.84152234,0.8558945,0.855216,0.86079574,0.8440218,0.85680085,0.8535965,0.85021913,0.8581039,0.8540538,0.85797864,0.8732016,0.8536354,0.8694824,0.85360974,0.8535684,0.84322786,0.86430734,0.8490626,0.86657697,0.8652391,0.8636692,0.87164485,0.85512465,0.8387469,0.8506384,0.8618192,0.8487329,0.8465965,0.8628995,0.86577886,0.8560986,0.86071104,0.86309135,0.8499242,0.84903556,0.85283035,0.8490758,0.86176914,0.84853435,0.8497693,0.87075955,0.8538106,0.85843885,0.85598946,0.8570557,0.8534986,0.8630948,0.85319716,0.85598916,0.8667341,0.86173433,0.85671514,0.86621904,0.8506766,0.85468173,0.85660195,0.8574516,0.85729444,0.86230165,0.8622624,0.8524576,0.85907394,0.8617079,0.8605895,0.8670231,0.8515664,0.8584698,0.86348087,0.8666046,0.8594147,0.85198146,0.8666649,0.8710384,0.84501106,0.85036993,0.8591681,0.86168206,0.87139064,0.8611573,0.8619529,0.86349255,0.850073,0.85164034,0.86662716,0.8575299,0.8569056,0.85783434,0.8579786,0.84220916,0.8630677,0.8526651,0.8588714,0.8606693,0.85137624,0.84668523,0.84945005,0.8492634,0.85469645,0.85377073,0.86604697,0.8663522,0.8530876,0.8621102,0.8622937,0.85063297,0.8570748,0.856426,0.87437624,0.86018395,0.85520506,0.8501734,0.85427034,0.8519801,0.85726154,0.8542868,0.85415906,0.8520624,0.867833,0.84509194,0.87011015,0.8524582,0.86973,0.86210644,0.85165596,0.85397744,0.858845,0.8532092,0.8545709,0.85750836,0.8556311,0.8524524,0.8594567,0.85296476,0.86082214,0.84909433,0.8482507,0.86326337,0.8551564,0.84659135,0.84302324,0.85020435,0.8516297,0.84937894,0.86204755,0.8526208,0.85615844,0.85270524,0.8526869,0.86210424,0.8542755,0.85898155,0.8576997,0.86054146,0.85473114,0.8565127,0.8593788,0.86054575,0.858659,0.86583394,0.86173105,0.85509795,0.8614538,0.86135286,0.8641302,0.84952885,0.86650604,0.872786,0.8591779,0.8563281,0.857783,0.8576134,0.856877,0.8646409,0.86626846,0.85992914,0.85775083,0.8551904,0.8491371,0.8678395,0.84616035,0.8668458,0.852444,0.8597255,0.862545,0.85508734,0.8542404,0.8580345,0.86170447,0.8523397,0.84561443,0.8571263,0.86200434,0.8607389,0.860448,0.8522062,0.8631666,0.8513294,0.87065,0.85872227,0.8553467,0.86580765,0.8471231,0.8544018,0.8560576,0.8692291,0.85015756,0.8715107,0.8679253,0.8515097,0.8553493,0.86932766,0.8569257,0.8665934,0.866298,0.8654518,0.8567575,0.8623057,0.8639679,0.8570106,0.8546466,0.85106903,0.85899025,0.86058277,0.8596701,0.84258497,0.86439127,0.8639217,0.8524455,0.8708379,0.8683515,0.85056293,0.8584648,0.866215,0.8525768,0.8559227,0.85679615,0.8603343,0.84895825,0.8619702,0.86372054,0.8436945,0.8608853,0.82909435,0.85546434,0.8525726,0.8618806,0.85655504,0.85887474,0.86565125,0.85483193,0.8688784,0.85243845,0.8665216,0.8611804,0.84630233,0.8504172,0.867373,0.8651621,0.8684417,0.8461542,0.867732,0.86042064,0.8655326,0.86270756,0.85918605,0.86141807,0.8614485,0.85705996,0.8700242,0.8623503,0.86491257,0.8544529,0.8705922,0.87097466,0.86363304,0.853283,0.8600441,0.8562228,0.85805804,0.86915654,0.85339314,0.8654518,0.85838175,0.8586841,0.8697403,0.855455,0.8670781,0.8469563,0.8503664,0.8528572,0.8528097,0.87180924,0.85279673,0.858024,0.8624124,0.8479473,0.8712753,0.8637422,0.85162,0.85466117,0.8553561,0.8680232,0.8542603,0.86659765,0.8582446,0.8454128,0.8597673,0.8555376,0.86892796,0.86662,0.85902905,0.8585064,0.87253064,0.86625856,0.8506886,0.86939216,0.86173284,0.85964537,0.8508432,0.85972595,0.83628684,0.8600226,0.8614692,0.8554019,0.8608808,0.8502309,0.85840154,0.8413041,0.8605849,0.8402415,0.85141814,0.85340655,0.8656623,0.87352794,0.8704794,0.85729533,0.8667743,0.85697615,0.8727921,0.86381286,0.8584736,0.8665902,0.86636126,0.8555021,0.8489785,0.8589497,0.85767794,0.85672855,0.84867555,0.84247553,0.8601213,0.86620504,0.85220784,0.85541517,0.8713696,0.8599,0.86954254,0.8551768,0.86117136,0.84974074,0.8529102,0.8439126,0.8433391,0.86037356,0.86662984,0.857269,0.8415327,0.85574704,0.85798067,0.8554797,0.8446056,0.85283065,0.8574277,0.86596334,0.8749077,0.84907997,0.85295457,0.86011577,0.85728264,0.8452416,0.86505824,0.851386,0.8427117,0.86844796,0.8639771,0.8530511,0.8559995,0.8593503,0.8700847,0.8442296,0.8589875,0.8619303,0.85662574,0.8508256,0.8721344,0.8597627,0.86258197,0.8350825,0.8630531,0.8591866,0.8445034,0.85923326,0.845011,0.864177,0.8471202,0.86624163,0.8699309,0.8451299,0.8636013,0.86289126,0.8687974,0.8383288,0.8586905,0.84763026,0.8645985,0.86993986,0.85839665,0.84962225,0.8638153,0.8595025,0.8647175,0.873971,0.8616142,0.86109334,0.86794996,0.8610065,0.850206,0.8641074,0.85890824,0.8641275,0.8614513,0.8511142,0.8676254,0.84713495,0.8551259,0.8603872,0.861205,0.8621097,0.8453368,0.85868025,0.8656721,0.85718983,0.85621506,0.8593527,0.8601798,0.8536908,0.8496825,0.85752434,0.8600105,0.85998106,0.86032605,0.86042005,0.8586673,0.8626752,0.84788376,0.8577123,0.8585558,0.85911864,0.8557107,0.8682698,0.8439704,0.8461528,0.8578591,0.85789275,0.8419985,0.8678273,0.8716985,0.85982466,0.8644917,0.86342776,0.86531264,0.8768607,0.8489085,0.85564846,0.8533556,0.86331683,0.8564209,0.8601657,0.85975385,0.85597533,0.8674919,0.8436852,0.85268086,0.8657365,0.8562352,0.85280406,0.85561204,0.8583216,0.8642751,0.85692686,0.85322016,0.8608298,0.8512121,0.86526865,0.85896236,0.86387444,0.848577,0.86747843,0.8534128,0.86217093,0.84896594,0.85810196,0.86586595,0.87580216,0.860578,0.863182,0.8409862,0.86065364,0.85987914,0.8545383,0.85854316,0.84743,0.8554262,0.8594142,0.8509258,0.8616631,0.85743684,0.86013114,0.86477345,0.8681452,0.8606626,0.8563915,0.8613724,0.8657875,0.85745615,0.8751936,0.83601296,0.8704285,0.86078805,0.8683002,0.84181166,0.8576126,0.8594229,0.863831,0.8493354,0.8437797,0.88269746,0.8764622,0.85608625,0.8685353,0.86926687,0.85554206,0.8531699,0.86580104,0.8533616,0.86059636,0.85523385,0.85420555,0.8426665,0.87371093,0.8583117
0.8864383,0.8831149,0.8944218,0.8839763,0.88730156,0.89239,0.88084126,0.8943423,0.8813116,0.88536584,0.88663024,0.8769987,0.89864135,0.8882606,0.8947671,0.88862807,0.88841647,0.8824245,0.8804047,0.88705635,0.88529533,0.890262,0.8756417,0.8669887,0.87970394,0.8847597,0.8893003,0.8785371,0.8822292,0.8797835,0.8759886,0.8738809,0.8903326,0.87721056,0.8948517,0.87329155,0.89202946,0.88282907,0.89486283,0.886145,0.8837379,0.88673013,0.89501256,0.8855803,0.8828969,0.88048846,0.8862244,0.8912576,0.8747409,0.8848079,0.89755845,0.8762838,0.8954912,0.877337,0.88908505,0.8844158,0.8870433,0.8644989,0.8797151,0.8769085,0.8929801,0.8906328,0.898635,0.8803119,0.8794626,0.8920442,0.87102675,0.88454515,0.8886886,0.8724241,0.88757527,0.8818883,0.8862274,0.8815873,0.88268524,0.88289016,0.8765869,0.88983923,0.88511574,0.90205216,0.877077,0.8602569,0.8812868,0.8808802,0.8796169,0.89426714,0.8827745,0.88930166,0.881843,0.8856925,0.89399827,0.88786125,0.87771195,0.88992065,0.88646495,0.8935833,0.874193,0.890318,0.88324785,0.8835683,0.87864524,0.8678415,0.8723018,0.88296944,0.8834245,0.8818059,0.8787489,0.87704337,0.8857528,0.8974097,0.87449694,0.86522764,0.88244885,0.8899531,0.8888683,0.8932837,0.8918233,0.8951572,0.8984377,0.8900419,0.8834216,0.88516706,0.88551795,0.8888082,0.88729495,0.88165,0.8855581,0.89672446,0.8780632,0.87038875,0.8916839,0.89164317,0.8758469,0.889187,0.8861135,0.88405335,0.8829575,0.8970711,0.86900145,0.89881796,0.88857037,0.8619177,0.8667083,0.8895713,0.8861348,0.8769564,0.88993365,0.90150654,0.8803782,0.88108915,0.87415045,0.88969386,0.89430267,0.8882988,0.8929431,0.8793785,0.88392127,0.8891073,0.87723607,0.8777638,0.8995373,0.88976425,0.8682451,0.87072563,0.88559467,0.8971078,0.8895618,0.8847631,0.8909853,0.88119376,0.8967245,0.8882153,0.8728579,0.8928253,0.8825752,0.8812542,0.87451893,0.8745374,0.8905668,0.87787306,0.8949002,0.8862127,0.8903382,0.8720793,0.87790114,0.8666714,0.8797183,0.88557184,0.8844722,0.8914185,0.90049845,0.8790947,0.87366533,0.88664097,0.8830687,0.887362,0.8711792,0.87068534,0.88468236,0.8937171,0.8702487,0.88722664,0.894634,0.8839294,0.8860033,0.8999813,0.87344354,0.8809297,0.8817116,0.86777043,0.8729327,0.8831788,0.8864536,0.8758139,0.88563776,0.89401615,0.8992401,0.89372486,0.8835852,0.8862299,0.8902009,0.88148737,0.88586974,0.88098305,0.8899076,0.88212216,0.87944067,0.88792443,0.8858999,0.87970495,0.8780492,0.89074177,0.8913634,0.8961325,0.88615686,0.8832719,0.88340956,0.8953166,0.87608135,0.88226897,0.8791142,0.8839265,0.88048834,0.9032691,0.889589,0.8874208,0.88290703,0.88183945,0.88889164,0.8853693,0.87640005,0.88406724,0.8919456,0.87436587,0.89140105,0.88203305,0.8855152,0.8689904,0.8853634,0.8822052,0.8804457,0.9041353,0.8887938,0.88474524,0.88472813,0.9035351,0.90323114,0.88156974,0.8814414,0.8934823,0.8853987,0.8806669,0.8879953,0.8776426,0.8805133,0.8885096,0.8723155,0.88423383,0.8921347,0.8722388,0.8944937,0.8820233,0.8901306,0.89982873,0.87609625,0.88707775,0.9046215,0.9016928,0.8967017,0.8938061,0.892523,0.889072,0.8576708,0.882424,0.882418,0.87743974,0.89547956,0.88441527,0.8856456,0.88055575,0.8970344,0.87179303,0.8815061,0.893535,0.89241743,0.8934484,0.8731978,0.8987634,0.89006454,0.8762628,0.87582284,0.8789415,0.85970926,0.8908897,0.89004,0.8725791,0.87603766,0.905996,0.8830787,0.88433164,0.9014987,0.89365655,0.8982341,0.89010066,0.8916019,0.8800693,0.8878368,0.8802734,0.882928,0.8775667,0.8766086,0.88121754,0.88072056,0.8818043,0.88688827,0.8754007,0.88652265,0.8790131,0.89337105,0.88662386,0.8802661,0.9001717,0.8911003,0.8886686,0.8891665,0.8805421,0.88136446,0.8897188,0.87407434,0.8819276,0.86914873,0.8865857,0.8930519,0.89088166,0.87117267,0.89411604,0.8754904,0.8821764,0.88069046,0.89278626,0.8785866,0.9019153,0.88047767,0.88981813,0.88240016,0.87837654,0.8966371,0.88776916,0.8900718,0.8836978,0.8867453,0.8860359,0.8907193,0.89083886,0.88343155,0.8861127,0.88666415,0.88686436,0.8880568,0.8642227,0.88457745,0.89140904,0.86887616,0.877836,0.89694446,0.8934057,0.8832805,0.88195896,0.8823697,0.90090126,0.877712,0.8850092,0.8986347,0.9029523,0.8905533,0.8722592,0.86777467,0.88082224,0.88805187,0.8801741,0.8825423,0.88158286,0.8886324,0.8826864,0.9009544,0.88519466,0.8867731,0.89439964,0.89411426,0.8991084,0.907681,0.89076537,0.88537854,0.88392735,0.8805053,0.8830197,0.8812206,0.8874108,0.8811972,0.8950258,0.8839011,0.8821742,0.8703113,0.8766698,0.8845994,0.8833089,0.881162,0.8815601,0.8875915,0.8880493,0.8837322,0.8804635,0.87850803,0.87530935,0.8878201,0.8716355,0.8820503,0.88335544,0.86936975,0.88554585,0.870561,0.8729401,0.87420076,0.88800937,0.88868684,0.8805427,0.88550776,0.88241154,0.87538785,0.8749379,0.87804973,0.88953465,0.8733459,0.87283444,0.88000834,0.88674206,0.88757116,0.87748516,0.87501484,0.8952521,0.87852687,0.90045995,0.89103365,0.8869028,0.8805678,0.8864471,0.86747175,0.871262,0.86665475,0.88829064,0.88211954,0.8889092,0.8662171,0.8912597,0.892014,0.89041376,0.8735125,0.8861471,0.89731747,0.8854965,0.8905496,0.9033597,0.8622848,0.86718917,0.86601645,0.8765728,0.89714664,0.8798463,0.88547903,0.889967,0.87577343,0.8798282,0.8776796,0.888317,0.8839155,0.89111364,0.88086146,0.895264,0.8798219,0.89024794,0.8786151,0.87641835,0.8721226,0.8729741,0.8857534,0.8897016,0.88232756,0.8782826,0.88744897,0.8678029,0.8812578,0.890356,0.872233,0.8945884,0.885265,0.87847507,0.8953291,0.9018541,0.8777174,0.88220936,0.87428707,0.88503504,0.87188286,0.8775662,0.8846711,0.897289,0.8811778,0.89171344,0.88486636,0.882895,0.876378,0.8713429,0.8925163,0.89334095,0.891651,0.8717003,0.8879444,0.880193,0.8887361,0.8946648,0.8824535,0.8791465,0.88808084,0.8870984,0.8867606,0.871886,0.88569146,0.8912985,0.8866019,0.8852457,0.8838999,0.8763274,0.89205205,0.88207394,0.88534343,0.8798914,0.88887054,0.89081454,0.88131326,0.8749631,0.8841116,0.88548225,0.8832634,0.8833164,0.86857355,0.8869673,0.8943265,0.8856798,0.8818826,0.8882364,0.8945439,0.89690745,0.8763221,0.8846532,0.88100904,0.8809881,0.8773528,0.8880191,0.87264043,0.889653,0.8828231,0.89020354,0.8822377,0.8811094,0.88453424,0.892231,0.8897603,0.8711085,0.8801657,0.8764321,0.88614374,0.88310516,0.88229245,0.880753,0.88771474,0.88685983,0.87289596,0.8859439,0.877788,0.88967544,0.8882251,0.8945806,0.8797553,0.88490725,0.8797378,0.88663083,0.8836732,0.8822105,0.8846302,0.8780862,0.88141096,0.8852511,0.88397795,0.87485844,0.9009938,0.8963024,0.88514006,0.8713114,0.89889693,0.88563216,0.8863826,0.89076525,0.88066906,0.88368416,0.8910836,0.87711394,0.87414354,0.8743182,0.8707658,0.89875525,0.880461,0.88543916,0.87819046,0.87439877,0.88488007,0.8820738,0.8884647,0.8816907,0.8797555,0.87512964,0.8878798,0.88759476,0.8869466,0.8757173,0.89755994,0.87807536,0.8927564,0.8902898,0.9000857,0.9002755,0.89534724,0.8897297,0.8713025,0.8798774,0.8824152,0.89663035,0.8767133,0.8736006,0.87013113,0.8914655,0.88602775,0.89506996,0.8909465,0.88273185,0.8686912,0.8858771,0.8727427,0.8930703,0.8703719,0.8862224,0.89487886,0.89617735,0.89175963,0.8816836,0.8947073,0.8920818,0.8885152,0.8928322,0.898483,0.8731928,0.8954777,0.89505774,0.89294946,0.8758438,0.890252,0.9003536,0.89173394,0.89339566,0.88583803,0.88763803,0.89675194,0.87458134,0.88771224,0.87745535,0.88293064,0.8847698,0.8776165,0.8953965,0.8711432,0.8920594,0.8625078,0.8811194,0.88111997,0.87040037,0.88502926,0.89191324,0.8910173,0.8869358,0.88266695,0.89813375,0.8833256,0.89620346,0.8977601,0.88400817,0.87698615,0.8897512,0.8866127,0.8877281,0.8958466,0.8818162,0.8808199,0.8911224,0.8951853,0.89239246,0.87713593,0.8823677,0.87073916,0.89291525,0.9051821,0.8883156,0.8916658,0.8765144,0.8785538,0.89213324,0.8793456,0.89736044,0.86987376,0.8855583,0.88904244,0.88285697,0.89024013,0.8946554,0.89170945,0.8774389,0.8840592,0.8933419,0.8787998,0.87909687,0.8726141,0.88106406,0.89030045,0.8893136,0.89297503,0.88007617,0.88225985,0.8876917,0.878775,0.8899984,0.88581157,0.8860808,0.8945374,0.8980272,0.8906252,0.8788545,0.87487817,0.8901918,0.8875739,0.8767844,0.8819928,0.864487,0.886006,0.88962054,0.87733805,0.88308203,0.87582725,0.8783878,0.88782144,0.87860036,0.8778292,0.8801886,0.89543676,0.8791697,0.88546526,0.88780403,0.892343,0.881575,0.87873554,0.8852735,0.8842654,0.88188225,0.8885615,0.88856834,0.87984395,0.87205136,0.87737274,0.8780667,0.87583715,0.89871085,0.8590095,0.8779268,0.88651276,0.8855089,0.8942081,0.8914811,0.8882402,0.8858414,0.87724525,0.88409233,0.88521075,0.88184214,0.8817069,0.86694175,0.896326,0.88414705,0.8758093,0.8673707,0.89385396,0.8894662,0.88231105,0.8903552,0.87924254,0.8781413,0.89625204,0.88556284,0.8791121,0.89100665,0.8938109,0.9046713,0.87614435,0.8910034,0.8740672,0.8744622,0.887536,0.87773734,0.88517493,0.88948274,0.87752265,0.88474804,0.8649402,0.8871717,0.8876153,0.8826167,0.8658543,0.8865621,0.8853337,0.8697045,0.88128734,0.8966284,0.88176614,0.89338905,0.88207936,0.88032484,0.88049847,0.88307714,0.88540655,0.88149655,0.8663061,0.87870693,0.8904848,0.8779676,0.87197113,0.89170575,0.88314986,0.8695111,0.88404393,0.8839302,0.88786966,0.8841823,0.89441943,0.8990127,0.8754077,0.89676493,0.878646,0.8802867,0.8953606,0.87750983,0.8951681,0.87439585,0.8875249,0.88255966,0.8767432,0.9022483,0.8778219,0.88499624,0.8960889,0.88034916,0.87949777,0.8787187,0.88300574,0.88904196,0.8927103,0.8891614,0.878458,0.8869011,0.88258004,0.8851627,0.87238884,0.8904851,0.88695955,0.86702627,0.8793282,0.8879661,0.88989305,0.88136345,0.8878463,0.88523287,0.87555593,0.87549055,0.88852245,0.871673,0.87709284,0.89616024,0.8787848,0.8711651,0.8869774,0.90428483,0.8842309,0.8963951,0.88754225,0.88846684,0.89086026,0.8823284,0.8945725,0.87557316,0.87567896,0.89603543,0.8754192,0.87268865,0.88023466,0.88829064,0.89436597,0.86182636,0.8867152,0.8877709,0.87291723,0.8651003,0.89668256,0.888757,0.8974148,0.8789947,0.8780752,0.8783525,0.87669486,0.8749454,0.87859845,0.86476594,0.8973295,0.8840569,0.8770709,0.8723754,0.8810172,0.8854377,0.89347315,0.8863808,0.88103896,0.86954015,0.88605106,0.88069624,0.88824284,0.89311415,0.87134856,0.88962287,0.8823116,0.88415945,0.877988,0.8838399,0.86814994,0.89363945,0.8843499,0.8864285,0.8782434,0.87465525,0.8905633,0.88702816,0.901982,0.8799259,0.8805101,0.8864435,0.875217,0.8853092,0.89943886,0.88259745,0.8858633,0.87535274,0.8782926,0.89834565,0.88915783,0.8914278,0.89314765,0.89052737,0.8841816,0.88176334,0.87534684,0.88050675,0.8851964,0.8846942,0.8849211,0.87115705,0.88072944,0.8818329
0.8442883,0.85709924,0.8561294,0.8530355,0.85029095,0.8509973,0.8499169,0.84996814,0.85975647,0.84315825,0.85041595,0.8505955,0.84670305,0.8417711,0.8491404,0.8426756,0.8622321,0.850932,0.84293675,0.84219277,0.8285393,0.85170215,0.82824516,0.8450811,0.8481062,0.8491736,0.83844143,0.84549963,0.86166793,0.855755,0.8290355,0.8577384,0.86031157,0.84786034,0.8413921,0.85162044,0.83137316,0.8574313,0.84331375,0.8623778,0.8543083,0.84507215,0.83067685,0.8488996,0.8578178,0.849998,0.8367296,0.8442007,0.8539774,0.8467593,0.85413307,0.84221363,0.8566906,0.8451797,0.84535426,0.84981817,0.84127885,0.8439162,0.86134136,0.8541106,0.852593,0.8472298,0.8314846,0.84573317,0.8457019,0.841162,0.8466833,0.85402626,0.85079205,0.8295486,0.85860944,0.84340316,0.85879886,0.83643913,0.8391984,0.83726096,0.83741975,0.8344292,0.84717673,0.85425127,0.8500281,0.83517,0.8392901,0.84556854,0.8487862,0.8574535,0.8535246,0.8447274,0.84907687,0.8523913,0.84493214,0.8474258,0.84353864,0.84115535,0.8361926,0.8481077,0.8472797,0.84342164,0.86371857,0.8439656,0.8427394,0.84863055,0.8369979,0.84064513,0.84752667,0.8440653,0.8476738,0.848758,0.8339992,0.8467084,0.834002,0.84018743,0.8329495,0.8518071,0.8558445,0.8510085,0.84750605,0.8344393,0.84639573,0.8408059,0.86097753,0.8398617,0.84806055,0.85477245,0.8676275,0.84324175,0.8527576,0.8548586,0.85517573,0.83774567,0.86906713,0.86139005,0.83999944,0.8423201,0.86528206,0.85039043,0.86490935,0.8625792,0.83901256,0.84794414,0.84049845,0.8434332,0.8507245,0.8459998,0.8531058,0.84523636,0.8512178,0.86439013,0.8441803,0.8640537,0.8471629,0.84195936,0.850669,0.8349713,0.84019274,0.8374923,0.8558555,0.8332405,0.83972317,0.8528486,0.8488447,0.83826274,0.84040385,0.8326044,0.84839535,0.8489359,0.82981366,0.8498011,0.8480551,0.8626643,0.84462047,0.8498773,0.8585483,0.843563,0.8501333,0.843137,0.8554547,0.85124457,0.8346241,0.84005094,0.8277827,0.8379469,0.84969115,0.8456873,0.8452682,0.84469754,0.83107954,0.85460925,0.84660345,0.8608469,0.85773283,0.8622107,0.8357557,0.85488236,0.86572874,0.8622244,0.8492128,0.8441529,0.84219277,0.8495236,0.8501003,0.844185,0.8525484,0.85257745,0.84911245,0.86425966,0.8238269,0.8292368,0.84470165,0.85009015,0.84453946,0.8570478,0.86114675,0.85140824,0.84843934,0.83169293,0.85282665,0.8611065,0.8309222,0.8559566,0.8279198,0.8433578,0.847992,0.8483206,0.8604512,0.85895914,0.84705085,0.8424215,0.8520541,0.84844506,0.844546,0.83387506,0.8396518,0.8461433,0.8432993,0.84448487,0.8357606,0.8618687,0.85634124,0.8425047,0.84357256,0.8643205,0.8439558,0.8452526,0.84686565,0.8470802,0.8482652,0.85582304,0.84427077,0.84869653,0.8488559,0.8440734,0.84230053,0.83095795,0.86574215,0.8451896,0.842232,0.8416504,0.8217599,0.84081763,0.8458504,0.8475279,0.85948914,0.8458942,0.8404364,0.8548285,0.84015757,0.8646607,0.8542263,0.8495472,0.849644,0.8563278,0.85507715,0.8568002,0.8397331,0.865023,0.8439265,0.86003417,0.84526336,0.8430255,0.8657311,0.85842067,0.8538251,0.83610725,0.85002106,0.83152187,0.84115463,0.85491014,0.8393947,0.8306367,0.86027014,0.84151834,0.8361746,0.8634029,0.8458521,0.85724896,0.8484786,0.8551338,0.85459954,0.8450675,0.8488575,0.841142,0.8429001,0.84491754,0.8574312,0.84797585,0.8558701,0.8337985,0.84636766,0.8452694,0.83849937,0.8483545,0.84939873,0.84387994,0.85413104,0.84063756,0.84599394,0.84469724,0.8425694,0.8467219,0.8473502,0.8515395,0.85411817,0.8395634,0.8565577,0.85419863,0.84486264,0.8310274,0.84141874,0.8409634,0.8424244,0.8558719,0.8379144,0.8466077,0.8275863,0.8399944,0.8432604,0.84527,0.8511689,0.8529128,0.84736735,0.844229,0.8616722,0.8445404,0.844524,0.84339726,0.83562046,0.83346105,0.85779303,0.85355985,0.8432681,0.8517727,0.8587773,0.8434104,0.8500598,0.83812624,0.8545619,0.84775317,0.85618544,0.8443322,0.82781243,0.84750843,0.846659,0.84330875,0.85786515,0.8448648,0.83842593,0.8500112,0.85287964,0.8415295,0.84914213,0.8420866,0.84311765,0.84502995,0.8501248,0.84679216,0.85434,0.8609041,0.8374301,0.85299057,0.8471342,0.84316987,0.8447292,0.8468448,0.85057807,0.8555061,0.84532404,0.8380163,0.85348773,0.8504203,0.8559405,0.8585996,0.85183924,0.8373084,0.8475711,0.83316815,0.8380565,0.8370726,0.8436957,0.8418077,0.8236173,0.83824295,0.84897697,0.8538997,0.8484021,0.8398455,0.84718174,0.8371752,0.84311855,0.84643143,0.86247414,0.85651195,0.838864,0.84158987,0.85524094,0.8404302,0.8589294,0.8340223,0.83898836,0.8436633,0.85148275,0.8538874,0.84467465,0.84198046,0.8472608,0.8556129,0.85458475,0.83266294,0.8487118,0.8622575,0.84101415,0.85162735,0.8356008,0.8456158,0.83552986,0.8473875,0.8452022,0.8544656,0.84144795,0.8473792,0.8502831,0.85653603,0.8513264,0.84494334,0.83806807,0.8654702,0.8437643,0.84602654,0.8421225,0.8454031,0.83162344,0.83737063,0.8436014,0.8233253,0.84969276,0.8383352,0.85039467,0.8530925,0.84991103,0.84769356,0.8546377,0.8605391,0.8406871,0.8381213,0.852275,0.8538097,0.85334647,0.8399074,0.8564439,0.8587138,0.8369376,0.8468174,0.8511185,0.8439516,0.87249714,0.85189337,0.8463752,0.84880567,0.8360264,0.8514062,0.84480464,0.85363424,0.858236,0.84429073,0.85050917,0.8656944,0.8552618,0.8435928,0.85716534,0.84522754,0.85081315,0.8513523,0.84645486,0.8439824,0.8375659,0.8433938,0.8550932,0.85505503,0.8430592,0.8328244,0.8452655,0.84562975,0.85463065,0.84898454,0.832186,0.84743094,0.8521702,0.8416467,0.8420216,0.84581035,0.83532274,0.86303973,0.8561959,0.8625135,0.8495805,0.84199715,0.8519335,0.8535155,0.8674769,0.8553985,0.84959865,0.8414892,0.84245396,0.8358703,0.8587421,0.8440984,0.8474301,0.85371125,0.83703876,0.85539985,0.86423767,0.85660195,0.86535925,0.84361917,0.8494138,0.85424274,0.8556882,0.84745485,0.8261561,0.85397637,0.8346687,0.84627324,0.838822,0.84289455,0.85025066,0.85996246,0.83754164,0.85432017,0.8407336,0.8499624,0.8449521,0.85664207,0.8573659,0.83595914,0.8453855,0.847709,0.85495335,0.84122765,0.83836854,0.82235616,0.8532305,0.84165245,0.8452863,0.8485323,0.83910096,0.8447929,0.846004,0.87018883,0.84382975,0.84307724,0.8469585,0.8329186,0.85296667,0.83407557,0.8413692,0.85081637,0.83509237,0.8420663,0.8577657,0.8381747,0.8399425,0.82819897,0.8513664,0.8389177,0.84983873,0.8566018,0.84483725,0.84591544,0.83848906,0.84533155,0.8350435,0.8462314,0.83561254,0.85702586,0.8381617,0.84919715,0.83948845,0.8450483,0.8447088,0.8498424,0.8619296,0.8461037,0.847067,0.8455082,0.8501484,0.84750503,0.8560124,0.85003555,0.8373239,0.83998394,0.8346797,0.84983176,0.84872055,0.84155655,0.8494547,0.8385739,0.83477753,0.8401021,0.8451903,0.85261846,0.83137953,0.85456234,0.83742356,0.84344923,0.845248,0.8461959,0.8572453,0.8560991,0.8313509,0.8379398,0.8457463,0.8527618,0.83824307,0.834242,0.83161026,0.8567031,0.84181446,0.8410413,0.84071934,0.84905595,0.8511868,0.8645343,0.85075307,0.8452985,0.83700216,0.84958345,0.85536003,0.8534984,0.8504112,0.84337914,0.83741325,0.8523564,0.8350708,0.836617,0.83684725,0.85023844,0.8524141,0.8404543,0.8423233,0.85767686,0.85306555,0.86697096,0.827491,0.8444067,0.8489387,0.8432082,0.85795295,0.84289885,0.8452551,0.84459937,0.8470862,0.83971524,0.8475279,0.8562113,0.83612275,0.85533935,0.84965825,0.84654593,0.84155214,0.8246984,0.8518522,0.8610582,0.85791683,0.842467,0.83920896,0.8473687,0.8560886,0.8467786,0.8472441,0.8394016,0.8376437,0.8493393,0.84878576,0.8548982,0.8427767,0.85709065,0.8495131,0.83600956,0.85014933,0.8508843,0.8426347,0.83997345,0.8523881,0.8483935,0.8406068,0.8524241,0.8487875,0.85107356,0.8368214,0.85347706,0.84303147,0.85383874,0.83555335,0.85065603,0.8533972,0.8434868,0.84910065,0.8576869,0.8526798,0.8426787,0.85413766,0.8599956,0.8431558,0.8371024,0.8340809,0.8498515,0.84346676,0.85894257,0.8286725,0.8553807,0.8414764,0.836265,0.8444925,0.85882574,0.8493378,0.833184,0.8431142,0.8463768,0.84865505,0.8599393,0.85610783,0.8461667,0.84467363,0.854654,0.8524499,0.8429649,0.85463715,0.8389712,0.8360585,0.84318304,0.8479944,0.8430467,0.8517091,0.8478954,0.852911,0.8441935,0.86707443,0.8468782,0.83811903,0.8563648,0.8494503,0.85756904,0.8451627,0.8479763,0.85359323,0.8440033,0.8630169,0.8485544,0.85517037,0.8410999,0.85226375,0.8433018,0.8462553,0.84085596,0.8214669,0.8511645,0.8412394,0.856093,0.8360503,0.8649319,0.8413791,0.85400146,0.8563009,0.84305,0.84758645,0.8375852,0.84501433,0.8650139,0.857353,0.8557063,0.84335804,0.8542626,0.8338751,0.84783703,0.8388491,0.85202247,0.8437764,0.8490064,0.84835213,0.854116,0.8545212,0.84630364,0.84167093,0.8614295,0.8473702,0.8372521,0.85593075,0.83296573,0.8364766,0.84889185,0.8574708,0.83547616,0.8368882,0.86259407,0.8647955,0.84389496,0.84024054,0.8509998,0.85745865,0.8429495,0.8462479,0.8375404,0.8553446,0.8561943,0.8447104,0.8355643,0.85398,0.85220927,0.8349527,0.8424398,0.842503,0.8426905,0.8478716,0.85571337,0.83927655,0.8408215,0.83676153,0.8464248,0.8420886,0.8410192,0.83958375,0.84764445,0.8454126,0.8569081,0.8511914,0.8539333,0.8319873,0.864773,0.84143263,0.83878803,0.8432776,0.8425498,0.8516453,0.82682806,0.8385877,0.8517753,0.8499372,0.8333213,0.8482337,0.85699844,0.84287304,0.8396302,0.85031575,0.8366868,0.84727246,0.83856595,0.85082984,0.8349737,0.8490426,0.8430028,0.8428085,0.85159594,0.8506324,0.83839804,0.84610903,0.8530743,0.85262144,0.8394203,0.835896,0.8497863,0.8482297,0.8510099,0.8455688,0.8500076,0.8450358,0.83953846,0.8530915,0.8506086,0.85956204,0.8482167,0.83680344,0.84177905,0.8444466,0.8414466,0.85032207,0.84582645,0.85742474,0.8563433,0.8509502,0.8496233,0.8653303,0.8548586,0.8436702,0.8433874,0.8373279,0.8563467,0.84601164,0.8565746,0.85839224,0.84518373,0.8575196,0.84895736,0.8433682,0.8428606,0.85443187,0.8323377,0.84683543,0.8466042,0.84494936,0.834765,0.8544491,0.84495324,0.8503824,0.84466255,0.8425825,0.8361902,0.8447832,0.84536797,0.8407631,0.8604803,0.84322095,0.84198105,0.8385365,0.83449143,0.8336095,0.84120417,0.83050495,0.8527833,0.85259557,0.8324638,0.84650135,0.82162356,0.84594345,0.8452022,0.847468,0.83796686,0.8408722,0.8355355,0.85112125,0.84662706,0.8621392,0.85774106,0.86608154,0.8461911,0.835984,0.8491723,0.86084586,0.8363344,0.8595358,0.8629658,0.8514216,0.855695,0.8487895,0.85430044,0.8421393,0.84698915,0.84871525,0.83471054,0.8431088,0.85213804,0.84780365,0.8446999,0.8429064,0.8532115,0.85354805,0.844507,0.834627,0.85367495,0.8589018,0.85219467,0.85197765,0.84526724,0.85157406,0.85768056,0.8591365,0.84745103,0.8328879,0.8420197,0.84598637,0.8543945,0.85179955,0.861796,0.8386761,0.8479623,0.8500893,0.8412727,0.8432759,0.84459317,0.84892887,0.8471542
0.19452198,0.18982907,0.2053918,0.19873227,0.19812724,0.21272546,0.2089802,0.20399565,0.20885909,0.20389368,0.20316175,0.19206835,0.21771729,0.1911037,0.22139733,0.21666875,0.19668041,0.19506928,0.19765872,0.20456164,0.2180869,0.19930673,0.20410945,0.19932555,0.20485832,0.19993798,0.21358438,0.20127794,0.2073303,0.1943248,0.19295266,0.19287592,0.21184526,0.20297104,0.20715156,0.20551765,0.20570686,0.18797605,0.20448235,0.20376329,0.19422884,0.20282072,0.21453325,0.20248426,0.2000102,0.1942121,0.20368521,0.21530493,0.20465924,0.19568604,0.20417836,0.21770418,0.21492028,0.19622077,0.2028961,0.19665827,0.20405197,0.19418791,0.2177734,0.2136644,0.20568185,0.20517689,0.22428259,0.22285624,0.20363419,0.20923707,0.17522036,0.20147708,0.20477262,0.20027335,0.1939391,0.19171472,0.19495581,0.2084868,0.1895806,0.19215891,0.19770853,0.2072374,0.20663953,0.20697682,0.20899786,0.19540182,0.19897628,0.20924743,0.20211376,0.20102006,0.20307253,0.20994054,0.19791488,0.18773948,0.2184385,0.20566168,0.1902211,0.20670554,0.20669287,0.21546878,0.18678685,0.21672155,0.20190287,0.19983833,0.19570193,0.20357844,0.20159018,0.21289997,0.19370279,0.19999214,0.2144283,0.20073757,0.20702082,0.21064213,0.20954879,0.21064006,0.20970623,0.2142333,0.19923998,0.21048647,0.20990846,0.21266086,0.21271126,0.2073407,0.2103075,0.21402541,0.20887002,0.19311514,0.20078067,0.2035141,0.19164044,0.19912052,0.21326034,0.20540014,0.20348151,0.19805987,0.20612848,0.19709717,0.19681127,0.20378464,0.19655745,0.19657934,0.19830327,0.20466852,0.20979686,0.21297453,0.1888282,0.21685584,0.20337237,0.20571895,0.21569754,0.19867688,0.21035519,0.19336322,0.20862412,0.20254664,0.21302241,0.21411338,0.21135725,0.2190552,0.2050324,0.20590483,0.2067999,0.20853445,0.19776994,0.21086769,0.21266568,0.19391766,0.1957534,0.20385797,0.21480265,0.195314,0.19409014,0.20179473,0.2159279,0.19934544,0.19049448,0.22542983,0.20428698,0.20812187,0.2081134,0.19047625,0.20426641,0.21314567,0.19894314,0.2065769,0.20806156,0.19981584,0.191545,0.20464237,0.22021364,0.199446,0.19708061,0.21330461,0.21414496,0.20846239,0.21358684,0.21305299,0.20217915,0.2031137,0.20801876,0.19299029,0.20575048,0.19772333,0.20949402,0.20269538,0.20278919,0.2092209,0.19339028,0.19048813,0.21217641,0.20173632,0.20613378,0.1947219,0.18820658,0.20551898,0.1986603,0.2027824,0.20574825,0.20762968,0.20917812,0.20035157,0.21029238,0.20590913,0.20868003,0.19084857,0.20903417,0.1991551,0.19694614,0.19327366,0.19502975,0.20246077,0.20438233,0.20163691,0.20229511,0.21823305,0.20093495,0.20886588,0.2146348,0.2093588,0.20095193,0.20415157,0.20200421,0.19929774,0.19905482,0.19724461,0.20227838,0.20326556,0.2002466,0.20271544,0.2098562,0.19475847,0.20596981,0.20589843,0.21357784,0.20238991,0.21124506,0.19722807,0.20613095,0.20547107,0.19323522,0.1945418,0.21233934,0.20550628,0.19839115,0.2206916,0.20428342,0.19771285,0.20719282,0.20847185,0.20401436,0.20107773,0.20094553,0.2074978,0.21156521,0.19552393,0.20826355,0.20255257,0.21015571,0.21459809,0.20783484,0.20013975,0.20630907,0.2071467,0.2070646,0.19752479,0.19940443,0.22658257,0.2095921,0.20984107,0.20012411,0.20230931,0.20131904,0.21390355,0.21328038,0.19820027,0.20589817,0.2026645,0.20893304,0.20376895,0.20583384,0.19245574,0.21145938,0.20570895,0.20393312,0.2003541,0.20927891,0.20714603,0.20012265,0.21216239,0.20218033,0.20923421,0.20350794,0.19688231,0.1920081,0.19530699,0.19420679,0.20062482,0.1988439,0.19546288,0.19947414,0.20176463,0.20021158,0.20149298,0.20411977,0.19846061,0.2162453,0.21000984,0.2052008,0.20803998,0.20820107,0.1965938,0.2010618,0.21404748,0.21330866,0.19718406,0.21662733,0.2015379,0.22501434,0.20721364,0.21594872,0.20363796,0.20282848,0.2035486,0.19317813,0.21417223,0.18459433,0.21012057,0.21018033,0.19292705,0.20237996,0.22082587,0.2012403,0.19914918,0.21593663,0.20461266,0.1912028,0.19874963,0.20671366,0.21118423,0.20264786,0.2038825,0.18830946,0.22084501,0.19953868,0.21299872,0.18762247,0.21816437,0.20203945,0.20672975,0.21388319,0.21551037,0.20138814,0.20091455,0.19836351,0.20111397,0.20904237,0.19349273,0.20121196,0.19942805,0.19706121,0.2010495,0.2046902,0.20160924,0.21434096,0.20613867,0.21228147,0.20027208,0.21482153,0.19670478,0.20781496,0.202575,0.19968048,0.21861516,0.20674233,0.20065388,0.20459567,0.212015,0.19509552,0.2023309,0.1932618,0.21453843,0.20314938,0.20684302,0.20114568,0.2106311,0.19969207,0.19686055,0.20373219,0.19908622,0.20020154,0.20417343,0.19790055,0.20909506,0.20071325,0.19986151,0.21368478,0.2115207,0.19181752,0.22273585,0.18698752,0.20094068,0.1999485,0.21172732,0.19229724,0.18564273,0.19522737,0.20526633,0.20860328,0.19222465,0.19515537,0.20576984,0.19710842,0.2064636,0.20433797,0.20103903,0.21549727,0.20016216,0.21885768,0.20510279,0.19596666,0.20660374,0.1933968,0.22203743,0.20185564,0.20070902,0.20747913,0.21762267,0.20069256,0.191745,0.20649001,0.21008632,0.20198438,0.20643185,0.2147727,0.20610455,0.20595877,0.21586478,0.20793366,0.2076612,0.20282616,0.20399109,0.1979724,0.20251334,0.21018334,0.20037329,0.20711589,0.19157207,0.19058275,0.20027041,0.1995585,0.20193642,0.1876145,0.2020888,0.2089717,0.19171502,0.19549021,0.19688724,0.20740749,0.20677358,0.20421554,0.2107524,0.21180475,0.2142569,0.20334174,0.2052911,0.18674049,0.19316742,0.2126289,0.1955629,0.19422641,0.20373745,0.21499284,0.21326965,0.19542007,0.21639514,0.19726834,0.2104059,0.21161745,0.21446651,0.20775759,0.20366746,0.20297746,0.20489794,0.19683479,0.19302528,0.19121596,0.19693153,0.19079849,0.20068586,0.2017706,0.20284657,0.20655487,0.20161828,0.20868824,0.19458266,0.2108647,0.19738132,0.19392936,0.20859735,0.20861036,0.2113625,0.19549023,0.1991929,0.20094913,0.1998562,0.21058829,0.19657712,0.19946235,0.2069612,0.19856337,0.20926858,0.20913707,0.1870487,0.20576668,0.20451044,0.20085588,0.20624135,0.19178209,0.19826967,0.19842696,0.19854152,0.19613333,0.21167201,0.19685203,0.19378668,0.20903859,0.19846308,0.2113476,0.18542066,0.20156641,0.20063797,0.1944223,0.20245141,0.19630511,0.19480059,0.19885066,0.20052014,0.20912708,0.19769327,0.20633689,0.19674528,0.2122679,0.20922336,0.20107973,0.19295797,0.21025044,0.1928835,0.19992903,0.21436238,0.21198826,0.1956636,0.2121562,0.2097361,0.20632678,0.19858716,0.19823216,0.20943409,0.2028958,0.19518869,0.20833251,0.20796785,0.21159095,0.21136822,0.20571552,0.21617484,0.2019247,0.20006457,0.20818138,0.1999904,0.20650232,0.18754636,0.20616479,0.19639708,0.20070145,0.20515364,0.21121737,0.184451,0.20673016,0.19540694,0.20348589,0.19951919,0.19204222,0.20856428,0.20521864,0.20923239,0.19879761,0.18585247,0.2030143,0.20520422,0.19999592,0.19550389,0.1981334,0.20857516,0.2092614,0.2020513,0.19728412,0.19204009,0.2064683,0.21295506,0.2036373,0.19490248,0.2058949,0.212348,0.21289672,0.2016771,0.20163532,0.20519172,0.20598625,0.20815164,0.19175635,0.19115956,0.19597957,0.209725,0.2204033,0.18725783,0.20484796,0.20204984,0.21016154,0.21628056,0.21270728,0.19773066,0.21183418,0.19110629,0.19980533,0.19972077,0.19123557,0.2120055,0.20744066,0.20031129,0.2062283,0.20946825,0.20491047,0.18948208,0.19663124,0.1970144,0.19797303,0.20351043,0.20689447,0.21526054,0.21102946,0.21324423,0.20519552,0.20741263,0.20522782,0.20210211,0.19789548,0.20059125,0.19982329,0.20344535,0.19149625,0.20318085,0.20301178,0.19962242,0.20508164,0.21131873,0.2029086,0.19797373,0.21090351,0.19939218,0.19568646,0.2006443,0.21599498,0.20718141,0.2078796,0.22277707,0.19689588,0.19125414,0.2131715,0.22734538,0.2059515,0.21106446,0.20057452,0.19448595,0.20445475,0.19203384,0.19299018,0.20990501,0.19303949,0.20036224,0.19833134,0.20665254,0.19472533,0.21775381,0.1955631,0.21175334,0.20370194,0.2153098,0.20457385,0.2194111,0.19883338,0.19273943,0.19778302,0.20606023,0.21108665,0.20605272,0.20988548,0.21693036,0.20443499,0.20520179,0.20647494,0.1907289,0.20779565,0.20283926,0.20669115,0.20191675,0.19996624,0.1856846,0.20465964,0.1931729,0.19614422,0.20039782,0.20610055,0.19109857,0.19818895,0.19921646,0.20922218,0.19177744,0.2119708,0.21287507,0.19953017,0.21317808,0.2072815,0.20195328,0.21561794,0.21575223,0.20874421,0.19278672,0.21070172,0.19986193,0.2018129,0.2196011,0.19768552,0.20224975,0.1999282,0.20521002,0.19547257,0.20280093,0.20584783,0.20909327,0.2004786,0.20374824,0.19596274,0.20836633,0.2017569,0.20244837,0.20992702,0.19464256,0.19580282,0.21341668,0.2030866,0.1915602,0.2142246,0.20630856,0.21009037,0.21755642,0.2072473,0.20974754,0.21012652,0.19852701,0.20454,0.19109343,0.19176568,0.19647418,0.20856924,0.20229626,0.21105187,0.20190491,0.21245825,0.20466645,0.21378423,0.1834867,0.19313362,0.20027076,0.20996605,0.20265031,0.20566052,0.18905678,0.2032121,0.19365776,0.20749076,0.21416482,0.2038411,0.1995762,0.20967588,0.19592857,0.19505547,0.20311217,0.21494456,0.2091186,0.19587654,0.2127761,0.2071166,0.19638084,0.20119801,0.20480296,0.20355521,0.20580147,0.19615243,0.20335692,0.20786074,0.19430459,0.19862299,0.21171275,0.22475347,0.21066426,0.21612807,0.20472072,0.19356146,0.21631204,0.19947097,0.19325781,0.20066628,0.2041581,0.18651336,0.18852736,0.21129233,0.19292246,0.20995101,0.20848197,0.21911335,0.20098239,0.19849305,0.20662679,0.19262296,0.1972461,0.20893459,0.21557157,0.20159037,0.20439386,0.19928724,0.20597985,0.20002657,0.20435357,0.19791329,0.19657317,0.2068848,0.21570943,0.19447163,0.20302492,0.19311117,0.19666575,0.21980612,0.21309805,0.208029,0.2132027,0.19050936,0.19912876,0.19604304,0.20453244,0.19893867,0.21878274,0.1963372,0.20603298,0.19955225,0.20715564,0.21058244,0.19504425,0.21080363,0.19910587,0.19737539,0.19686794,0.20732751,0.19776142,0.21335264,0.20736073,0.19649743,0.2001013,0.21358535,0.21329395,0.21067446,0.20822226,0.20056364,0.20217633,0.20787495,0.21219756,0.19626024,0.20478961,0.19191258,0.20689286,0.18779358,0.18689625,0.20955692,0.1945196,0.19287018,0.20762703,0.21509945,0.21088707,0.20190151,0.20557928,0.21625744,0.20385906,0.20752458,0.19880249,0.19832079,0.20973417,0.20401046,0.20216264,0.21051595,0.20088327,0.21026452,0.18937705,0.20879601,0.19537064,0.20179951,0.20418319,0.19776943,0.20349556,0.20637032,0.1974026,0.19189315,0.18766873,0.18851423,0.21537688,0.22082332,0.2091058,0.19200265,0.20725915,0.19437519,0.20556207,0.21324576,0.20157646,0.19948055,0.19328868,0.19767404,0.20833883,0.2055188,0.21312167,0.20315339,0.21476927,0.21367359,0.20287621,0.20165268,0.18767057,0.20123082,0.20872132,0.20957857,0.18971232,0.19893888,0.20605138,0.19388977,0.20426445,0.1969216,0.18710189,0.18885657,0.19419014,0.20812804,0.19151336,0.20338683,0.20078075,0.19729432,0.20548722,0.21046425,0.20811065,0.2015519,0.20873894,0.20152844,0.18671441,0.20801681,0.21240991,0.20020999,0.20517972,0.19896904,0.20996907,0.19408466,0.21316615,0.19484289,0.19124736,0.19592972,0.20515123,0.19855453,0.20409791,0.19771188,0.20472616,0.20231934,0.19561511,0.19370735,0.20594612,0.21049178,0.20971115,0.20347032,0.19023941,0.20185633,0.19748309
