0.6245611,0.6301883,0.6339258,0.63747823,0.6359012,0.6284337,0.6423081,0.63512415,0.6349603,0.63523424,0.6366454,0.63084424,0.6403791,0.6293585,0.6383711,0.63159513,0.63077635,0.62499064,0.6354233,0.6343026,0.6391325,0.6277543,0.642139,0.63045585,0.6281322,0.6302044,0.6322862,0.6297909,0.63461244,0.631188,0.6317834,0.634322,0.634467,0.625858,0.6398493,0.62567466,0.63010633,0.6314743,0.6255091,0.6386242,0.62991005,0.6296683,0.6338115,0.631004,0.62770224,0.63357884,0.62963384,0.6355582,0.63612896,0.63042074,0.6430007,0.6182659,0.6350385,0.6346172,0.6226287,0.63300794,0.6270647,0.631302,0.62245065,0.6441413,0.63283503,0.63506246,0.6387225,0.6371571,0.6329893,0.63620424,0.63014203,0.6332617,0.6254026,0.62852347,0.6282487,0.62647,0.6325762,0.6333161,0.627634,0.6387922,0.63570887,0.6206001,0.62788004,0.63622755,0.6375477,0.6324,0.6325337,0.63732415,0.6342058,0.6410994,0.6405386,0.637293,0.62304324,0.63213104,0.6294535,0.6345483,0.62424004,0.63495815,0.6350602,0.62700105,0.6366751,0.6282795,0.62832135,0.64234704,0.6369999,0.6320733,0.6295666,0.6356297,0.6350976,0.6319105,0.6345011,0.6341468,0.63732064,0.6347766,0.63556606,0.6421702,0.6439702,0.62801576,0.64689237,0.63113827,0.6366962,0.63076293,0.6321735,0.61605227,0.6282562,0.6295983,0.6307158,0.6344483,0.6276828,0.6241292,0.63181937,0.6274583,0.6392868,0.6360989,0.6396434,0.62963355,0.6368617,0.63969344,0.63521254,0.6441921,0.6435536,0.6260809,0.6388918,0.6296514,0.6345072,0.627624,0.6314406,0.6368325,0.63085383,0.6359723,0.634353,0.6289692,0.6289201,0.6378549,0.64120203,0.63890034,0.62878054,0.6341705,0.6215896,0.6340565,0.6359971,0.6397172,0.6379775,0.6318307,0.6288089,0.63227886,0.6341847,0.6285333,0.6286243,0.6352185,0.6413575,0.640629,0.63622564,0.6330477,0.6330239,0.6370158,0.6295945,0.63476735,0.6317642,0.63498735,0.62944144,0.63182247,0.6424629,0.63229036,0.63782513,0.6268881,0.6346628,0.6341733,0.6310571,0.63386667,0.6262096,0.6226091,0.6490492,0.6328851,0.62235504,0.6353681,0.6267684,0.62686634,0.63394594,0.6324436,0.6322765,0.62062997,0.63328403,0.62728494,0.63565475,0.6407025,0.6415622,0.6365258,0.6301047,0.62276655,0.63310635,0.625826,0.63554263,0.631599,0.6377333,0.61890996,0.64116544,0.63313854,0.6446433,0.6317141,0.63132393,0.6350968,0.6345095,0.63147455,0.62823355,0.63137996,0.63683724,0.63254875,0.64515376,0.6308076,0.6399953,0.63185745,0.62820303,0.63881767,0.627525,0.63359874,0.63195866,0.6417414,0.63486445,0.6299589,0.6485266,0.6384324,0.6315205,0.6446589,0.63140833,0.63147837,0.63925517,0.6301563,0.64345956,0.6339463,0.63163775,0.62695694,0.6377436,0.6311629,0.63142276,0.63696617,0.6350724,0.63855726,0.63698137,0.6263792,0.63867974,0.6336938,0.63240254,0.64253616,0.63028944,0.63206446,0.6330837,0.6411799,0.6374137,0.6301235,0.641949,0.6269163,0.6362993,0.6279692,0.63402045,0.6437315,0.63203454,0.6348407,0.62884974,0.63468826,0.6380483,0.62642133,0.6310594,0.63252765,0.6243411,0.6367385,0.6261257,0.6307227,0.62107015,0.63575447,0.631847,0.634422,0.6406198,0.6349797,0.6419006,0.6313692,0.63054246,0.63074595,0.6300165,0.6283536,0.62899643,0.6278983,0.63600945,0.6249599,0.6334792,0.63235223,0.6300348,0.63755393,0.62278503,0.63190645,0.6391492,0.62866986,0.63204914,0.63533217,0.637464,0.6337679,0.63931084,0.62748843,0.6389337,0.6304524,0.63957494,0.6396363,0.63128513,0.6320133,0.63074464,0.6333851,0.6361694,0.6239863,0.62528765,0.6273,0.62647927,0.6286914,0.6348621,0.6356783,0.6370907,0.63050866,0.6369833,0.6314107,0.62933,0.6334968,0.64262664,0.6440227,0.6281551,0.63072133,0.6323761,0.6322202,0.63100886,0.6266296,0.6323863,0.62312466,0.6386562,0.6371031,0.6304274,0.6355925,0.63623196,0.6337552,0.63402027,0.63817006,0.6218952,0.63043845,0.6324794,0.6290981,0.64152974,0.6410813,0.6399846,0.6238406,0.6292082,0.64251804,0.63569933,0.6353171,0.63683105,0.62679523,0.63400483,0.6329478,0.63175374,0.6279175,0.6299089,0.63076466,0.63740623,0.62979853,0.629258,0.63837504,0.6386133,0.6225842,0.6412605,0.62947357,0.64082235,0.6351732,0.6414137,0.6389742,0.63597673,0.63591325,0.6383179,0.6336818,0.6339007,0.6474662,0.63351834,0.62580264,0.6383375,0.63704985,0.6328412,0.6361489,0.6279116,0.62602645,0.6378127,0.6343193,0.633159,0.6321933,0.6385469,0.6336752,0.6325957,0.6323551,0.6384322,0.6326815,0.63376784,0.6350184,0.62875885,0.6286857,0.6281199,0.63346404,0.6342853,0.63178337,0.63687813,0.6300695,0.6308649,0.63583446,0.6408627,0.63633823,0.63899255,0.6340548,0.6325952,0.63805896,0.6396512,0.63863367,0.629644,0.63891464,0.64178693,0.6344197,0.634899,0.6365434,0.6341703,0.62742454,0.63054603,0.62973875,0.635631,0.6351324,0.6275327,0.634328,0.63992566,0.6357731,0.63363564,0.6232882,0.62929875,0.6256709,0.6328529,0.62886757,0.63655066,0.62303025,0.62648034,0.62995166,0.6368076,0.6342758,0.63531584,0.63051784,0.6321897,0.63441193,0.63270724,0.6333699,0.632027,0.63534147,0.63510484,0.63313824,0.6332354,0.641116,0.6266796,0.63874495,0.64167595,0.6305073,0.6328901,0.6386109,0.6367418,0.6365564,0.6367373,0.63768226,0.64259124,0.6353431,0.6357093,0.6255712,0.6334155,0.63944817,0.63362235,0.63653743,0.63619906,0.64279145,0.6347237,0.6321913,0.6357851,0.632745,0.6293795,0.6342346,0.6294305,0.6313969,0.6338262,0.640512,0.6217684,0.6361908,0.6340241,0.6396266,0.6319921,0.63719267,0.6287007,0.6328294,0.6356132,0.63306236,0.6302908,0.6442197,0.6364602,0.6327292,0.63964707,0.63620436,0.6320936,0.6485389,0.63262796,0.6427777,0.64081275,0.63507587,0.62175184,0.63850236,0.6334199,0.6311395,0.636683,0.6347897,0.6384638,0.63623005,0.63706535,0.63826686,0.63432246,0.6381704,0.63301975,0.63237214,0.63307834,0.6291731,0.63508934,0.63503844,0.63475907,0.63428026,0.636835,0.6266694,0.63260883,0.6290907,0.6304878,0.64185494,0.631599,0.637777,0.63222325,0.63322365,0.6314012,0.6317641,0.63625693,0.63030154,0.6290929,0.63235325,0.62973773,0.6318733,0.6270345,0.6323019,0.6311505,0.63185763,0.633845,0.62875384,0.626317,0.6347465,0.6302847,0.64043194,0.6347243,0.6259099,0.63734055,0.6415059,0.6205361,0.6319784,0.6311793,0.6367471,0.6282069,0.63567555,0.6265206,0.6384002,0.634076,0.624851,0.6324892,0.6279612,0.62778294,0.6367624,0.63208234,0.6473908,0.6321031,0.6292319,0.6246666,0.63821805,0.63261604,0.63892627,0.62750405,0.63743687,0.6284701,0.6282583,0.63764596,0.63006884,0.63487333,0.6319138,0.6441536,0.633461,0.640235,0.63285804,0.6252985,0.630014,0.6310787,0.63302654,0.62888056,0.6262405,0.6181187,0.6330325,0.62823516,0.6301362,0.6290183,0.63974917,0.6390019,0.63327706,0.62887716,0.62809,0.6361295,0.6324826,0.6222176,0.63233584,0.63596517,0.6257298,0.6310764,0.63800395,0.6304878,0.6297381,0.6351772,0.63679534,0.6292431,0.64045733,0.6379642,0.6347641,0.6350412,0.6225712,0.6305868,0.63512486,0.62722605,0.63165754,0.62506425,0.63126737,0.6327946,0.6272459,0.6296006,0.62997806,0.6272871,0.63238865,0.6296424,0.6311687,0.6269653,0.63247186,0.6319686,0.63713473,0.63249236,0.6351118,0.63174707,0.6307919,0.636139,0.63871086,0.62990296,0.6298304,0.6379632,0.6288364,0.6284953,0.6284405,0.630319,0.6373401,0.6284248,0.6288243,0.6380847,0.6252739,0.62564373,0.6372216,0.6352613,0.6327423,0.64095956,0.6358871,0.6322437,0.6232658,0.6323073,0.6344112,0.63466734,0.62676597,0.63090575,0.6343572,0.6425096,0.6290248,0.6285694,0.62965417,0.6434438,0.63133514,0.630656,0.6427382,0.6283476,0.63278085,0.6247752,0.6377362,0.63306403,0.6375492,0.63125896,0.634511,0.64087087,0.6352284,0.6311757,0.62479174,0.63288486,0.63541234,0.629295,0.63037795,0.63963866,0.6346564,0.6323333,0.6284473,0.63083404,0.6425885,0.6384827,0.62432534,0.6224845,0.63010967,0.6284027,0.6309355,0.6390583,0.6374797,0.64048123,0.64637554,0.6268172,0.63904536,0.63292783,0.63882256,0.63622475,0.63623005,0.6311369,0.63346493,0.6372862,0.6369893,0.63503736,0.63602597,0.6278113,0.6370689,0.6334792,0.63296497,0.640389,0.6212982,0.62796557,0.62928164,0.6313202,0.6283392,0.6376557,0.62634724,0.63128364,0.63610727,0.6357646,0.62914383,0.6388157,0.6324109,0.63049763,0.6367237,0.6374291,0.6296631,0.6279474,0.6326831,0.63065314,0.63550925,0.62389964,0.6270612,0.6377547,0.6374005,0.6344379,0.63153535,0.62899756,0.6360942,0.64200336,0.63085,0.6404693,0.63732535,0.6358102,0.6261077,0.6326047,0.63572055,0.63793397,0.63070107,0.6322563,0.63314986,0.633343,0.63381994,0.63920414,0.631655,0.6370029,0.6297585,0.6368802,0.63247406,0.6342077,0.64110005,0.62593096,0.63307893,0.6238502,0.64068645,0.63246626,0.6261707,0.62830526,0.63469625,0.62682664,0.63941795,0.63800144,0.6268323,0.6348,0.6353225,0.629107,0.6349986,0.6368894,0.63203835,0.6263951,0.63195485,0.63552016,0.63071144,0.64869845,0.63416,0.6346478,0.6311047,0.6429237,0.62461776,0.63765395,0.6289603,0.6387882,0.6297601,0.63199764,0.6320078,0.63616306,0.6316627,0.6361179,0.6310163,0.6283799,0.6384213,0.63047534,0.6401359,0.6326339,0.6264534,0.63344157,0.62975645,0.63639075,0.63612485,0.6324834,0.62859154,0.63811755,0.6329383,0.63194454,0.62880206,0.635355,0.63729715,0.62788445,0.6343864,0.631111,0.63499564,0.621695,0.6433426,0.6365105,0.63476944,0.63192415,0.63250434,0.6342056,0.629673,0.6188699,0.6304273,0.63596725,0.63275963,0.63816607,0.62918633,0.62865037,0.6336492,0.63415426,0.64443463,0.63808745,0.6330751,0.63963133,0.6389151,0.62493163,0.63017863,0.6340604,0.63605726,0.62941664,0.62969637,0.6283588,0.638076,0.6338599,0.6342864,0.6288712,0.630476,0.6309792,0.6402925,0.63885486,0.6405766,0.6259368,0.6334747,0.64228845,0.6296672,0.6346122,0.63614374,0.63602,0.6274483,0.6269046,0.63023806,0.6367798,0.6364463,0.6375193,0.62863976,0.6375552,0.6246069,0.63492626,0.6433567,0.63127136,0.6318693,0.6468692,0.63872427,0.63661677,0.63647026,0.6319807,0.63793,0.6320467,0.63507485,0.6343327,0.6319571,0.625513,0.63665557,0.64214027,0.63318413,0.6285689,0.6296664,0.6361196,0.6291057,0.6365319,0.63804895,0.63409865,0.63493586,0.6286509,0.6289747,0.6311121,0.64342463,0.6262781,0.6422169,0.630081,0.6449988,0.63476396,0.6245188,0.6225546,0.6385655,0.6229399,0.640025,0.63116103,0.63364285,0.6353153,0.62930286,0.63593715,0.6370351,0.6386343,0.62962943,0.63279426,0.6439468,0.63917226,0.64002585,0.6350618,0.6367382,0.6422136,0.61742747,0.6304882,0.6314229,0.63879395,0.6344068,0.6330417,0.6280633,0.63042307,0.63932157,0.62356323,0.6234298,0.6381243,0.6392089,0.6387817,0.633823,0.6354703,0.6389647,0.6338591,0.6345078,0.62919647,0.62480134,0.6327772,0.6351485,0.640314,0.6384199,0.6289651,0.6238528,0.6330386,0.62999874,0.6267863,0.63055736
0.6441442,0.6493582,0.64141965,0.64938164,0.6520755,0.64870936,0.64768076,0.64518374,0.64217377,0.6467311,0.644672,0.64387184,0.661715,0.65591854,0.64824,0.640489,0.6480419,0.65032965,0.650097,0.65165335,0.65487325,0.640806,0.65876365,0.6429882,0.65127635,0.6527146,0.6514969,0.64295876,0.64341766,0.6494748,0.6410021,0.64741695,0.6526325,0.6363493,0.66135585,0.6405367,0.64847225,0.6449688,0.64919084,0.6584327,0.6476137,0.64663506,0.64580667,0.64976484,0.64587516,0.6519447,0.6480681,0.6475947,0.66141653,0.65093845,0.6547884,0.641408,0.64329517,0.6507473,0.6405848,0.64931554,0.6521243,0.645965,0.64509356,0.65045744,0.64351463,0.6509,0.6426849,0.6473306,0.65015215,0.6491949,0.6458493,0.64510804,0.6453504,0.6428464,0.65561104,0.6602673,0.6494604,0.6451536,0.65288574,0.65335506,0.6453696,0.6564598,0.638687,0.6522363,0.6514726,0.65188587,0.64606714,0.6549946,0.6501809,0.654273,0.65379184,0.6488447,0.6378635,0.6453676,0.64705575,0.6475792,0.65247476,0.6493515,0.65265095,0.6502486,0.65895146,0.6456578,0.6436094,0.6501322,0.6500806,0.64384645,0.65009844,0.64875233,0.65078306,0.6513245,0.643754,0.64193547,0.65178937,0.6470299,0.6519695,0.6521184,0.652077,0.63700944,0.66122454,0.6518372,0.6439115,0.6508618,0.6574632,0.64756036,0.6473938,0.6436651,0.6484265,0.64770645,0.6407153,0.6509534,0.6449057,0.64501655,0.64869046,0.6482943,0.6498742,0.64908224,0.64007264,0.6481127,0.6478167,0.64983684,0.65710634,0.6473365,0.653457,0.6492295,0.64810216,0.64806354,0.644974,0.6516238,0.64023584,0.64771855,0.64639074,0.6518913,0.63604873,0.6481233,0.64878076,0.65402776,0.6473264,0.6524556,0.64085644,0.65153545,0.6491571,0.6579386,0.6471753,0.6488169,0.63759005,0.6610217,0.6476597,0.64040846,0.63573885,0.6414314,0.64459693,0.6520687,0.640851,0.65334845,0.6540801,0.6570266,0.6430733,0.6508179,0.64403826,0.6451387,0.6505507,0.64054894,0.65210515,0.6464716,0.65001464,0.6496109,0.64457136,0.65118676,0.6534768,0.6504842,0.63989055,0.64427,0.65237844,0.6420082,0.6433173,0.6546002,0.6383952,0.64245754,0.64734745,0.65322524,0.6449357,0.6445751,0.6509818,0.6522682,0.6488644,0.6510767,0.65235215,0.6478149,0.64992064,0.64183825,0.64468044,0.6487329,0.65023124,0.6452204,0.64735353,0.6424573,0.6497695,0.64692515,0.6547813,0.64761436,0.6603329,0.653511,0.64601594,0.65447015,0.65142775,0.6369607,0.6444879,0.6465301,0.6507197,0.6463282,0.6530425,0.6493187,0.6495601,0.6551248,0.65077263,0.6541741,0.64623564,0.657932,0.6519917,0.6525469,0.64868623,0.64345855,0.643105,0.654771,0.65315866,0.64716655,0.65233254,0.6405669,0.653332,0.64799035,0.643333,0.65186846,0.6430822,0.64648485,0.65057474,0.6545556,0.639712,0.64685225,0.646235,0.6401651,0.6462643,0.6454743,0.65999043,0.654848,0.6607015,0.64311796,0.6469037,0.65761477,0.64678895,0.65082014,0.6482242,0.6485948,0.6434933,0.64455074,0.652,0.6436475,0.65470254,0.645342,0.6427474,0.64999616,0.6558807,0.64976186,0.64533603,0.64903104,0.6443986,0.64727974,0.6441201,0.650252,0.6471637,0.6567975,0.64748985,0.6433447,0.64970624,0.64847153,0.65048844,0.65271026,0.645899,0.64635694,0.6468407,0.6504972,0.63859236,0.6476262,0.6545443,0.6469224,0.6393862,0.64890707,0.6450705,0.6446526,0.647184,0.6509127,0.6536035,0.65183103,0.6402337,0.6446547,0.6553344,0.64512867,0.6429208,0.6406566,0.6496963,0.65270925,0.6496183,0.64343804,0.649596,0.64955443,0.6502553,0.65735567,0.65071434,0.6451185,0.63880163,0.64977944,0.64363414,0.64481467,0.6515831,0.65567535,0.65675175,0.63808846,0.64593923,0.6528057,0.64486015,0.6560736,0.6457988,0.6530412,0.64471567,0.6527511,0.6503376,0.6536132,0.64287347,0.6462524,0.6548684,0.64142823,0.6549382,0.6555616,0.64580774,0.652386,0.6458996,0.6486324,0.6554073,0.6449676,0.64454585,0.6475512,0.6475731,0.6463027,0.6466788,0.647284,0.64046866,0.6553518,0.6497695,0.6554307,0.659319,0.6508201,0.64449793,0.6481857,0.649508,0.6527796,0.65329695,0.6424037,0.64842904,0.6460038,0.65610594,0.6501351,0.64074916,0.6503115,0.6550583,0.652479,0.6507968,0.64673996,0.6435861,0.6563004,0.6576972,0.64982265,0.6527559,0.641713,0.64484835,0.64088184,0.65319914,0.64808744,0.649244,0.640327,0.6441618,0.6412915,0.6504145,0.6494278,0.6428504,0.64191306,0.6465932,0.66198343,0.6484985,0.64824975,0.6547724,0.64604187,0.65380657,0.63972694,0.6446202,0.65485066,0.6522959,0.6510943,0.6566639,0.64632267,0.64156497,0.65043765,0.6504192,0.6553363,0.65162027,0.6465492,0.6415115,0.647158,0.65073067,0.648998,0.65298957,0.6499363,0.64895576,0.6503549,0.65550935,0.6534768,0.6469044,0.6445896,0.6592625,0.6472556,0.64655644,0.6462899,0.6386547,0.6466326,0.643689,0.650405,0.6536127,0.6474313,0.65032184,0.6451891,0.6530933,0.64556354,0.64696634,0.6517233,0.6438634,0.63716835,0.6408482,0.65134555,0.6521713,0.64527494,0.64775145,0.6595769,0.6370416,0.6485879,0.6407317,0.6512853,0.6404328,0.6425484,0.64438766,0.637648,0.644935,0.6426653,0.65196466,0.64889026,0.65975577,0.66118664,0.65774226,0.65255374,0.6608875,0.64520913,0.6504341,0.6484255,0.6521052,0.65987223,0.6434286,0.64326435,0.65563804,0.63864964,0.6450147,0.638609,0.6464574,0.65280706,0.64491725,0.65160364,0.64885867,0.6515765,0.6455519,0.64346325,0.6497774,0.6399519,0.6402582,0.64481854,0.6487711,0.6487936,0.6536142,0.65616065,0.64670485,0.6472394,0.6513694,0.6451839,0.64425975,0.6561901,0.6505289,0.65127224,0.64457834,0.6409939,0.6406333,0.65699714,0.6582102,0.65091884,0.64517945,0.65379643,0.64280635,0.6535619,0.6487892,0.6604705,0.64393675,0.64189667,0.645995,0.6428427,0.6523134,0.64166665,0.65603924,0.65211976,0.65028965,0.641639,0.65530777,0.66040355,0.6485869,0.655588,0.64764816,0.64215714,0.64938784,0.64046293,0.64208245,0.6474035,0.6574639,0.654776,0.65743697,0.6467853,0.64698166,0.63966364,0.6534754,0.65216386,0.64324236,0.6504549,0.64258695,0.6377118,0.65647095,0.6411836,0.6439549,0.65076137,0.64758235,0.64723706,0.645339,0.64684355,0.6452305,0.64584845,0.6433623,0.6528919,0.6500102,0.6462054,0.6511858,0.6618243,0.6481536,0.65090317,0.65458006,0.63697964,0.6454362,0.6474535,0.6437005,0.6513277,0.6410394,0.6424229,0.6435039,0.64527035,0.648897,0.6445093,0.6483206,0.64785135,0.6540333,0.6447276,0.6527113,0.6490452,0.65378726,0.6527856,0.6444264,0.6515089,0.6402257,0.65050465,0.6504269,0.66220105,0.6424978,0.64721495,0.6397249,0.64759994,0.65152985,0.63752824,0.646996,0.65157396,0.64426434,0.6419021,0.65404296,0.6362628,0.64587736,0.6481498,0.6466828,0.64761645,0.6546803,0.64320815,0.6437474,0.6482417,0.6457795,0.64373875,0.6442317,0.6533575,0.6579094,0.64873046,0.6473929,0.6484118,0.6604989,0.6451808,0.64077663,0.6485269,0.6528447,0.64164567,0.64521235,0.64333826,0.6468769,0.65138304,0.64976794,0.6550865,0.64237636,0.6540598,0.6569952,0.6462866,0.6521893,0.64080536,0.64067584,0.6559783,0.64324385,0.63894105,0.64583313,0.65084296,0.64872473,0.6434953,0.6553943,0.6561753,0.64776623,0.6548874,0.6428338,0.64876145,0.6445122,0.64724195,0.65093386,0.6511402,0.64541316,0.64104575,0.64581597,0.6402464,0.6543965,0.6588421,0.64592594,0.6455666,0.6481928,0.6491374,0.6336659,0.6530543,0.6449571,0.6423273,0.6511187,0.6572927,0.64621717,0.6423538,0.6404612,0.6478787,0.6486866,0.6529885,0.650925,0.6599919,0.64615834,0.64965016,0.65322006,0.6504745,0.6484647,0.64794695,0.6428422,0.6439371,0.64859545,0.64953834,0.64660126,0.6424881,0.652029,0.6510779,0.64757025,0.6570443,0.6446417,0.65235615,0.6517742,0.645926,0.64690584,0.652558,0.6446926,0.63832474,0.65599626,0.64103067,0.6554368,0.65713376,0.6451817,0.65489054,0.65690464,0.65326065,0.63850564,0.6441025,0.64497405,0.6447467,0.651111,0.6447488,0.6534645,0.64302945,0.64086276,0.6379028,0.64917344,0.6415713,0.6599529,0.6514282,0.6357051,0.654017,0.65233034,0.6492331,0.6498137,0.6431201,0.64593816,0.64369816,0.6532349,0.65423894,0.65360415,0.65337193,0.6526485,0.64791274,0.6415532,0.6483457,0.65515053,0.65568244,0.64961165,0.65398383,0.6510914,0.6471633,0.6538544,0.6460089,0.64726585,0.647802,0.65311897,0.6527443,0.65306884,0.6455338,0.65772426,0.6482742,0.65099066,0.65369904,0.65511614,0.6461646,0.6395576,0.6445319,0.6555107,0.6557238,0.6503464,0.6449297,0.6495261,0.6454795,0.64682984,0.64206415,0.64313686,0.65517145,0.6546557,0.63819647,0.6491091,0.6503776,0.6408417,0.6447167,0.64857167,0.6523764,0.6451901,0.6426698,0.64731586,0.6467989,0.64768404,0.6453612,0.64903593,0.6488178,0.65346056,0.6523063,0.6554034,0.65452456,0.64388025,0.65045106,0.6474283,0.64681846,0.64164406,0.6461835,0.65398926,0.63454324,0.6442871,0.6478984,0.6451038,0.6533397,0.65780586,0.63993585,0.64912534,0.6514249,0.6483613,0.6540525,0.64943886,0.64793414,0.64801943,0.6484369,0.645048,0.6478679,0.6457974,0.6466623,0.64957225,0.6539244,0.65187484,0.64989024,0.6428146,0.647967,0.65754104,0.63953376,0.6504237,0.6440166,0.6482122,0.65370744,0.65339524,0.63951,0.6372111,0.6525104,0.65250754,0.65392274,0.64763165,0.6380702,0.6465931,0.64733744,0.6448659,0.6519018,0.64986795,0.63700616,0.64513296,0.6449044,0.64917654,0.6501558,0.641687,0.65256935,0.65402734,0.6436471,0.64686215,0.6516375,0.6520508,0.6592094,0.6433593,0.6492715,0.6523622,0.6422875,0.6548375,0.65580183,0.64604026,0.6495712,0.6540772,0.6553872,0.6566917,0.64430076,0.6502993,0.63854206,0.6483758,0.6526974,0.64687526,0.64308983,0.651874,0.6468126,0.6523274,0.6419276,0.650668,0.64344335,0.6502947,0.6572829,0.6347937,0.6452866,0.6535705,0.6478296,0.64996487,0.6440633,0.64248973,0.645149,0.6508797,0.64691556,0.64244276,0.6465264,0.6514795,0.6497916,0.6512504,0.65329635,0.6438184,0.6386835,0.646112,0.64400184,0.65894574,0.64233637,0.65732044,0.65658706,0.6481952,0.6489998,0.6455904,0.65455616,0.64671963,0.64667153,0.65333885,0.64360815,0.6410774,0.64983994,0.65142035,0.6509535,0.6488445,0.6452343,0.6543086,0.6421105,0.6377102,0.66027874,0.6511011,0.64387345,0.6447071,0.63901263,0.6622714,0.65960145,0.64806515,0.65045196,0.65442353,0.65212876,0.6340444,0.6431497,0.6465175,0.6534433,0.64875287,0.64760107,0.64858794,0.65060294,0.64282775,0.64171624,0.6493343,0.6544981,0.6472505,0.65538275,0.64564884,0.64824826,0.65170234,0.64174676,0.64263594,0.64804935,0.6532551,0.6505951,0.6547566,0.6514601,0.6532799,0.65202624,0.6506513,0.65551704,0.6426556,0.64868057,0.64057076,0.64142346,0.65438336,0.6445003,0.6477963,0.6465143,0.64728427,0.644613,0.6454722,0.63946176,0.6532574,0.64169705,0.65567946,0.6495013,0.6449415,0.6445798,0.6531987,0.6401409,0.6396675,0.64104,0.643332,0.6460572,0.6511547,0.64613694,0.6471623,0.6373363,0.6493992,0.6439023,0.6518915,0.6454104
0.69842327,0.7006292,0.70220095,0.7036138,0.69276386,0.7004737,0.7042889,0.7004282,0.692677,0.704165,0.7096187,0.70304054,0.7054001,0.7042687,0.7064383,0.7013233,0.7011259,0.69686234,0.7016796,0.69713974,0.6993471,0.7052922,0.7021326,0.692691,0.7056595,0.697392,0.70041275,0.6961371,0.70466423,0.70319325,0.70007265,0.6970655,0.7061932,0.7033659,0.7079033,0.6962221,0.70050806,0.70249367,0.6921297,0.7065582,0.7028698,0.70137465,0.6990461,0.69803715,0.70077,0.7033762,0.6974944,0.6992776,0.7078896,0.7005859,0.7034219,0.69523764,0.696899,0.7037133,0.6950088,0.69242185,0.69991827,0.70438695,0.6971808,0.71277624,0.7015083,0.706552,0.70040715,0.6962138,0.70626235,0.6997663,0.7018247,0.70331764,0.6985998,0.70472795,0.7000614,0.6956313,0.70199955,0.70143884,0.7001707,0.6984757,0.69394577,0.70014274,0.70027727,0.7096969,0.7070197,0.6974542,0.69986135,0.70465386,0.6992143,0.7048499,0.7065507,0.71270955,0.6974653,0.6958949,0.7026538,0.69557893,0.6946369,0.6989857,0.7054556,0.699551,0.70587534,0.693637,0.6930383,0.7038161,0.7082297,0.693571,0.6971587,0.704061,0.7007108,0.70534396,0.70186186,0.70156974,0.69932306,0.6974745,0.69293344,0.7072633,0.6988771,0.6925369,0.70986587,0.6991579,0.7055671,0.69243073,0.6966907,0.69526595,0.6974896,0.6934094,0.6966042,0.6995553,0.70053,0.70463645,0.6985478,0.69478124,0.71225893,0.69720334,0.7002278,0.70165616,0.703218,0.70040923,0.69545364,0.70609504,0.71155083,0.694304,0.7094568,0.7066722,0.70082426,0.69293445,0.70029235,0.70157874,0.69680446,0.70137274,0.70431006,0.7037433,0.6899661,0.70179045,0.70174104,0.7092538,0.6996001,0.6997397,0.6954318,0.7040082,0.7106163,0.7125922,0.6999432,0.7041197,0.69886255,0.71222544,0.70009375,0.69725543,0.70549273,0.704334,0.7082103,0.7087691,0.70667183,0.70174176,0.69901305,0.699184,0.7051923,0.69908506,0.693264,0.69871145,0.6966625,0.6889707,0.70360947,0.69793147,0.6979249,0.69985926,0.6987759,0.7041513,0.7054542,0.702739,0.7027297,0.69346106,0.7067422,0.70596284,0.6946957,0.6976606,0.6960575,0.70038486,0.69822824,0.6973799,0.6949123,0.688876,0.6989026,0.6965041,0.7004742,0.7064425,0.69741786,0.70692074,0.7043974,0.6894136,0.69227374,0.7003298,0.70366776,0.6978842,0.70348966,0.69849473,0.70644534,0.7048709,0.7018977,0.7046133,0.7038388,0.7017628,0.6969754,0.70798016,0.7009367,0.6968097,0.70224684,0.69625854,0.70302665,0.69649845,0.7052721,0.69960403,0.701067,0.7062676,0.69435215,0.69717264,0.7004478,0.70557725,0.70581686,0.69493765,0.7132101,0.69856256,0.6873526,0.70406836,0.6989287,0.69539434,0.70284766,0.6982375,0.7057504,0.7013582,0.70241004,0.70259845,0.70453817,0.6935207,0.70324886,0.7012434,0.7020687,0.70439976,0.7093596,0.7057473,0.7043954,0.7001234,0.7089783,0.7074751,0.70376354,0.6908168,0.69332695,0.7084334,0.69462913,0.7073581,0.7002376,0.6940422,0.69558257,0.6998974,0.698503,0.70814306,0.69502693,0.70228434,0.708102,0.709471,0.7084033,0.702138,0.69695383,0.7014527,0.695282,0.7073068,0.69067824,0.6970219,0.6984187,0.70867735,0.7019828,0.6949741,0.70873445,0.69820005,0.7103127,0.70330304,0.69884133,0.70206547,0.70552886,0.7002699,0.70222354,0.69745,0.7052522,0.7021984,0.7060715,0.70697737,0.69514287,0.70299107,0.6984059,0.7011465,0.7061725,0.7085553,0.700855,0.697814,0.70783025,0.70378536,0.7029011,0.69587094,0.7005377,0.7066796,0.6995683,0.70385563,0.7109964,0.70251185,0.69784135,0.70273215,0.69859695,0.6949115,0.691211,0.7055671,0.6968787,0.693703,0.70090866,0.7043732,0.7033462,0.69547564,0.70344406,0.70366865,0.70043516,0.6961257,0.70393884,0.70427084,0.69879043,0.7014472,0.6967387,0.70083725,0.69677097,0.6979324,0.70325273,0.7036703,0.698361,0.7049625,0.70057476,0.7076543,0.6978416,0.7017146,0.6959995,0.70538664,0.70108813,0.6941283,0.6920234,0.70662594,0.70110005,0.7040648,0.69921726,0.69948024,0.70787513,0.70751655,0.7024084,0.6970691,0.7065506,0.7002956,0.6960785,0.697451,0.70407057,0.7081559,0.7047525,0.7006596,0.7025967,0.7030756,0.69917977,0.70442396,0.69738114,0.6972421,0.7029354,0.69278866,0.7037233,0.7030366,0.70538986,0.7014931,0.7074985,0.699797,0.69694763,0.69538456,0.70120394,0.70674914,0.7026963,0.6992749,0.7022575,0.6962943,0.7072251,0.6988336,0.7015516,0.7008897,0.7031943,0.69572085,0.6928357,0.6977642,0.7025557,0.7061001,0.70637494,0.7040439,0.706901,0.68824923,0.7046933,0.7011876,0.7007912,0.7047129,0.6946428,0.70369637,0.7037984,0.6960728,0.7074029,0.6925026,0.7042694,0.7005862,0.7083654,0.7006103,0.70229816,0.71105707,0.6977201,0.6999813,0.69886994,0.7023089,0.7065517,0.69899917,0.70637274,0.7031864,0.70288694,0.6951077,0.7008123,0.6936731,0.69651484,0.69961333,0.7113498,0.69429964,0.69961226,0.70587415,0.697765,0.69850916,0.7082034,0.6915226,0.7016566,0.6929704,0.70052814,0.69765234,0.7004183,0.699828,0.70406806,0.6958994,0.6929392,0.702236,0.6965901,0.6920512,0.7021961,0.7016532,0.6997721,0.70431364,0.69895047,0.70263124,0.70712817,0.6991554,0.7001955,0.7081422,0.7051777,0.70250815,0.70680654,0.70666564,0.6981603,0.7009686,0.698507,0.7064373,0.6960112,0.7043625,0.70386213,0.6948134,0.7019608,0.6917941,0.69846296,0.70667195,0.69721,0.7070578,0.6991405,0.7083544,0.7011376,0.70422035,0.70054704,0.7048383,0.6983677,0.70343053,0.7018513,0.6991514,0.69819885,0.7012049,0.6969186,0.7076316,0.7077871,0.69439995,0.70112884,0.70373017,0.695329,0.6966205,0.7074787,0.6951873,0.6960242,0.7103502,0.7032489,0.69785154,0.7081637,0.7010393,0.698007,0.7025025,0.6995059,0.7120039,0.7035077,0.6953526,0.6949168,0.7096416,0.7057429,0.6970383,0.70785713,0.70452595,0.7031054,0.70502436,0.70229644,0.7047687,0.6978794,0.70220804,0.7023825,0.7060944,0.6932939,0.70259726,0.70553637,0.69708055,0.70858496,0.7038156,0.7083674,0.70237005,0.69838303,0.7026499,0.7032142,0.6989614,0.6967964,0.6957617,0.7103506,0.6982513,0.70096475,0.69742364,0.69614106,0.6994144,0.7053094,0.6977537,0.6926032,0.69617444,0.6978627,0.69512206,0.70180327,0.69457066,0.6962523,0.7040766,0.6962596,0.704067,0.70435345,0.7065185,0.70309466,0.69835246,0.70086616,0.6971789,0.6978814,0.692046,0.6911307,0.7033683,0.69637877,0.7053651,0.7038059,0.70126736,0.69650865,0.6992522,0.6971901,0.69921684,0.69407636,0.70192754,0.70894337,0.7066027,0.704226,0.70028704,0.7016962,0.7037119,0.7041871,0.708914,0.69436145,0.7008689,0.6974737,0.6997084,0.6974639,0.7038383,0.69617414,0.70002097,0.698472,0.7051143,0.7004593,0.70222974,0.6967378,0.70001644,0.70670474,0.7047809,0.6967958,0.695932,0.68739164,0.6972871,0.6885052,0.7010422,0.6954552,0.7055291,0.70173323,0.6955501,0.69187146,0.7036306,0.7112191,0.7013678,0.69511765,0.70731956,0.70255023,0.6917085,0.69743097,0.7036467,0.7016603,0.7036729,0.71339375,0.70014167,0.6935117,0.7032445,0.6992934,0.69576186,0.7116453,0.70092535,0.70053416,0.71026766,0.69688535,0.69901085,0.70580214,0.7025629,0.69876844,0.6941959,0.7045032,0.6981902,0.7049949,0.6998505,0.70528996,0.6962212,0.69756967,0.7027391,0.7006271,0.7035287,0.70409423,0.7010489,0.6963879,0.69999677,0.7008298,0.7005501,0.7020151,0.6919944,0.69707364,0.70149165,0.697352,0.69869626,0.6996613,0.70030475,0.69817686,0.70453805,0.709924,0.7009876,0.6998568,0.7013364,0.69663364,0.6988714,0.70289946,0.6983292,0.7032953,0.692754,0.70320994,0.7051784,0.69525975,0.6999484,0.6946933,0.70271724,0.7055261,0.7017815,0.68596685,0.6885596,0.70598465,0.7018171,0.70297146,0.701266,0.6934718,0.7021684,0.69767743,0.7053259,0.7035979,0.70543677,0.69399935,0.70404035,0.7083147,0.6931348,0.7078595,0.6954776,0.69953054,0.6981039,0.7063955,0.7008587,0.7007596,0.69308895,0.69972146,0.70585537,0.6995467,0.6971722,0.6936685,0.69965184,0.6887524,0.70327103,0.6956851,0.69966215,0.70405364,0.7063663,0.6952257,0.7066169,0.70010513,0.69554234,0.6984264,0.69877934,0.6990204,0.7034577,0.69666785,0.6985335,0.7067801,0.7045687,0.7107795,0.695958,0.6927918,0.6981776,0.6994619,0.6987017,0.7110436,0.69006395,0.69456136,0.7013525,0.698848,0.70037687,0.69867826,0.6982621,0.6961014,0.702069,0.70183516,0.698117,0.70003426,0.7012195,0.6968851,0.69717556,0.7073462,0.69442356,0.6957526,0.6930194,0.70214736,0.7040942,0.6948603,0.69674593,0.7056352,0.7019964,0.7018708,0.7005915,0.6961416,0.70223606,0.7045472,0.69912195,0.6956905,0.7028101,0.69658005,0.702841,0.69527435,0.7079009,0.7063341,0.69101286,0.7050072,0.7073084,0.6981365,0.70396876,0.70913756,0.7016151,0.70445657,0.7018604,0.7085801,0.69803345,0.7067789,0.7015759,0.69716084,0.7021442,0.69681865,0.70470965,0.6911419,0.6920311,0.7024043,0.7036618,0.6995604,0.7106231,0.70311946,0.6911158,0.70381695,0.69633406,0.69123435,0.7030134,0.70092994,0.7001951,0.69451064,0.6999033,0.70955306,0.70041966,0.708297,0.70176536,0.7071099,0.7003049,0.7027133,0.69816774,0.7013855,0.7006243,0.69920194,0.6971755,0.70539874,0.6960499,0.7018826,0.70087725,0.70768476,0.7001848,0.69952744,0.70189655,0.6952228,0.70812184,0.7037688,0.70272344,0.6971694,0.7015283,0.7064673,0.70117813,0.7028638,0.7003656,0.7047946,0.6949399,0.6940588,0.69481295,0.70130515,0.70509595,0.7008096,0.6942018,0.7050163,0.69791627,0.69654894,0.7058468,0.70364255,0.7044771,0.70421696,0.6978845,0.6990213,0.70470417,0.69342095,0.69479746,0.70245403,0.6963605,0.71279126,0.7031439,0.6955772,0.7018758,0.69522566,0.70641994,0.70712256,0.69516623,0.7071419,0.71018344,0.699383,0.6975489,0.69538814,0.7016369,0.69760346,0.69610196,0.69476706,0.7058161,0.7079333,0.7071512,0.70275307,0.6995735,0.6965542,0.7062669,0.707186,0.70566696,0.69417757,0.6984822,0.7110059,0.6983286,0.7085682,0.7032065,0.7038083,0.70015246,0.698734,0.7047851,0.70866215,0.69858646,0.7069023,0.6993977,0.70080715,0.6946227,0.70664775,0.7135859,0.7017149,0.6964472,0.709535,0.70571446,0.6974128,0.6996325,0.6917341,0.70092124,0.7102518,0.70162845,0.70133275,0.6967471,0.6992488,0.7058154,0.7140181,0.69969404,0.6971743,0.69649667,0.70206314,0.6974753,0.7029124,0.7042803,0.7018797,0.709387,0.69299334,0.6971797,0.7038313,0.7180672,0.6989352,0.7072233,0.694763,0.70719874,0.6982667,0.6961608,0.6963097,0.70342153,0.69507635,0.70260173,0.69546485,0.7029595,0.7016025,0.6937207,0.69511425,0.7013679,0.7066713,0.6884358,0.7045983,0.69772804,0.710502,0.69632816,0.70013624,0.7058762,0.7022688,0.6903719,0.7012589,0.69947666,0.7061644,0.7004882,0.70817953,0.69264436,0.6982607,0.7040796,0.7001723,0.69854534,0.7040975,0.70803314,0.7058069,0.6994841,0.700218,0.7002812,0.69915766,0.7032625,0.69710654,0.6950383,0.69558823,0.6989413,0.70278686,0.69837654,0.69694144,0.6940198,0.7025437,0.70160836,0.6998164,0.698882
0.9162925,0.92104304,0.91648865,0.91863203,0.9214847,0.918913,0.9284096,0.9274196,0.91626406,0.92108476,0.916043,0.92589206,0.92441934,0.9212202,0.9263162,0.9197219,0.92044854,0.9154292,0.92328787,0.928569,0.9242871,0.92400634,0.9245054,0.9254053,0.91793877,0.91282165,0.9201393,0.9158639,0.92507344,0.9271732,0.92086685,0.9282285,0.92078906,0.91451216,0.91889644,0.9177302,0.9143702,0.9184445,0.9166016,0.9234458,0.91779983,0.9276654,0.91899866,0.9239231,0.92147994,0.92235315,0.91624486,0.92155385,0.91505307,0.9175314,0.93167984,0.917044,0.9174144,0.9204586,0.9172771,0.9197645,0.9115696,0.9155653,0.91804254,0.92044336,0.9139905,0.92369425,0.9203472,0.92108625,0.92569673,0.92115575,0.9252652,0.922773,0.92347723,0.9285656,0.9148575,0.91774815,0.9234297,0.9234145,0.926327,0.9187078,0.9319102,0.9190766,0.91934234,0.91880065,0.9251655,0.92285115,0.92522705,0.9185088,0.91532683,0.9250632,0.9211837,0.9275193,0.9218042,0.9197028,0.92614,0.92602015,0.92038816,0.92329353,0.92324543,0.9184599,0.9227431,0.9188325,0.914226,0.92725587,0.9253923,0.9284441,0.916346,0.9204784,0.91954505,0.92816955,0.9179365,0.9176255,0.9285521,0.92643434,0.91369724,0.9215414,0.91327506,0.92332655,0.9208366,0.92914087,0.91541326,0.9190782,0.91754884,0.91579926,0.9144614,0.9275304,0.9174496,0.92539376,0.9194786,0.9160913,0.91558266,0.9241085,0.9304604,0.9218827,0.9165425,0.9232515,0.9245628,0.92103666,0.9165886,0.9267752,0.92421526,0.92160314,0.92394054,0.917301,0.91842645,0.9200709,0.9129101,0.9208339,0.9179057,0.9189582,0.92283714,0.9245808,0.9214077,0.91760653,0.9200679,0.9299878,0.92283463,0.9200177,0.9197538,0.91774696,0.91979885,0.9223887,0.9343529,0.9204402,0.92553157,0.9139171,0.9164416,0.9115204,0.9266904,0.92397445,0.92537886,0.92292714,0.9183297,0.9173876,0.91243196,0.9244452,0.92056173,0.92493993,0.92070615,0.91548115,0.9273653,0.91249156,0.916546,0.91794527,0.92199236,0.926228,0.91903883,0.9294235,0.9203055,0.9217636,0.9241173,0.9107076,0.9255211,0.9262847,0.9169681,0.9259245,0.9223953,0.9213479,0.93067664,0.9268183,0.9158532,0.91933197,0.9211697,0.9296176,0.91309106,0.9315904,0.9314047,0.91925776,0.91496605,0.91077787,0.9229753,0.91583186,0.9215246,0.9216351,0.9203134,0.9201215,0.9228545,0.92269254,0.934038,0.9157475,0.9247339,0.91703874,0.92032844,0.9221752,0.92292273,0.9222592,0.9230476,0.9220543,0.9256186,0.92474365,0.9299532,0.92734176,0.91498303,0.9164075,0.9179264,0.91986966,0.9249558,0.93528557,0.9267586,0.92161596,0.92402405,0.9298244,0.9216259,0.9252526,0.9183471,0.9217464,0.92534775,0.92353576,0.9212872,0.92126185,0.92108595,0.92788357,0.9226735,0.92083514,0.91964364,0.9230122,0.922924,0.918485,0.92368615,0.92353475,0.9215261,0.9171351,0.9125995,0.9211475,0.9201851,0.9195463,0.9244527,0.9271818,0.9274112,0.91840273,0.9210564,0.9172965,0.9213558,0.9190402,0.9196044,0.9277691,0.9205802,0.9258559,0.92833877,0.9279782,0.9246342,0.90859365,0.9199723,0.92992955,0.91397065,0.92655146,0.91803914,0.9215225,0.9199505,0.92496866,0.92264384,0.918514,0.92700326,0.9262778,0.9218495,0.9239207,0.92473054,0.9157623,0.9219679,0.9225434,0.91453874,0.92441154,0.9267892,0.9178495,0.9131323,0.913261,0.91328186,0.9229534,0.91558975,0.91956735,0.9189927,0.92121977,0.92229605,0.92191726,0.92957735,0.9144149,0.9135293,0.9171404,0.9243422,0.91860384,0.91951215,0.9165049,0.924775,0.9286643,0.9163319,0.918278,0.9128659,0.9215572,0.9103785,0.91714907,0.9236781,0.9122727,0.92375076,0.92318493,0.9196185,0.91492236,0.9226433,0.9134501,0.91396403,0.92111695,0.91954577,0.92127097,0.9175396,0.9197291,0.9175489,0.91595143,0.9226248,0.92624235,0.9249256,0.9212743,0.9134855,0.9225089,0.9187877,0.92030215,0.9161473,0.928988,0.91797453,0.92033195,0.924704,0.92001754,0.9221197,0.91928214,0.92015994,0.9293465,0.920184,0.9230882,0.9161399,0.9237528,0.919759,0.923336,0.93504256,0.9186701,0.9198601,0.92023176,0.92120206,0.92198133,0.91905934,0.9165473,0.92475486,0.92749065,0.92692417,0.92112875,0.9259147,0.92511725,0.9279224,0.9227694,0.91904247,0.923242,0.9211614,0.9244164,0.92287755,0.9228227,0.9269339,0.91340625,0.92839396,0.92329437,0.9293875,0.924092,0.92746246,0.92439044,0.91691667,0.92010486,0.91782147,0.9164125,0.9232476,0.9174306,0.9235608,0.9139856,0.9237213,0.9199914,0.92135185,0.9090735,0.93107194,0.92021984,0.92276007,0.91975397,0.9124287,0.92666435,0.9094302,0.92737764,0.9286374,0.9194918,0.92716205,0.9213797,0.92184025,0.9198123,0.92605233,0.92067087,0.9239144,0.92292595,0.91729677,0.92315114,0.92287624,0.9159948,0.92255455,0.9242396,0.92184955,0.92419446,0.93103933,0.9230878,0.91765213,0.9196553,0.91894066,0.91945386,0.9283274,0.92207325,0.92033935,0.9173062,0.9231452,0.9156341,0.91949207,0.9105523,0.92180365,0.91732526,0.9146305,0.9258899,0.9139912,0.9237552,0.91721153,0.92046833,0.9163885,0.91772556,0.9146696,0.918214,0.91559136,0.9233469,0.9149355,0.92416114,0.92484,0.9235285,0.91943157,0.92090106,0.9229805,0.9178644,0.91473085,0.9223856,0.92795414,0.924298,0.9217079,0.92307127,0.9258269,0.9238578,0.9183264,0.91481066,0.91964626,0.91966254,0.9226672,0.91902435,0.9160883,0.92753017,0.9252388,0.92502767,0.92108893,0.9216298,0.9181669,0.92470765,0.92192703,0.9250619,0.9193899,0.92247087,0.9234298,0.91721416,0.92150575,0.9234533,0.91705126,0.92353135,0.9151479,0.9255418,0.9181473,0.9235546,0.9195054,0.92375433,0.9264187,0.9264534,0.9232904,0.9275795,0.9137326,0.9200905,0.9270994,0.9250754,0.918773,0.9221594,0.9200202,0.9232614,0.9193726,0.92543817,0.92080647,0.9209971,0.91486853,0.9144773,0.92313397,0.91636264,0.9316888,0.9160455,0.9206743,0.9204712,0.9191358,0.9276772,0.9175846,0.91719455,0.92428416,0.9307727,0.91486216,0.9248054,0.9186749,0.91372186,0.934931,0.92034173,0.9226707,0.91981125,0.9190005,0.9196232,0.91755956,0.91314095,0.9215233,0.92093754,0.91793585,0.92722344,0.92110324,0.9223309,0.9194066,0.9266568,0.9214814,0.917552,0.9238083,0.9268328,0.92181706,0.9143705,0.9210787,0.9313915,0.92148066,0.91948396,0.9273199,0.92531663,0.92310876,0.9197504,0.92577434,0.92140645,0.9220274,0.9234356,0.92208475,0.9206652,0.9174939,0.9193734,0.9267924,0.91870135,0.9194249,0.9210944,0.9288671,0.92044216,0.91705406,0.9157765,0.9176107,0.9258092,0.9251103,0.91541463,0.92049897,0.92560345,0.92397225,0.92428076,0.91951805,0.92174447,0.9193164,0.9225376,0.92107797,0.9224135,0.91624033,0.9169138,0.9225518,0.9182691,0.9265631,0.9207868,0.9234975,0.92439145,0.9134644,0.92666554,0.9154133,0.92532533,0.91430765,0.9250148,0.9229023,0.9190334,0.912471,0.93243,0.912475,0.9121364,0.9175059,0.9242549,0.92419726,0.92626494,0.91931665,0.92151606,0.91964036,0.91773784,0.92324746,0.9226642,0.92404485,0.91881466,0.92174894,0.9191926,0.9180881,0.9214362,0.9278391,0.9164859,0.9300166,0.92125374,0.9163967,0.9250063,0.91548604,0.9201747,0.91947454,0.92244124,0.91927165,0.9211027,0.9224324,0.92191195,0.91951674,0.9192556,0.9215822,0.9330005,0.9108119,0.92281145,0.9283847,0.9180751,0.9219373,0.9225481,0.91720116,0.9215168,0.9225355,0.92116654,0.92733586,0.9232104,0.92284787,0.9190413,0.9148821,0.91545117,0.91542727,0.9233285,0.9124117,0.9177604,0.92003167,0.916092,0.91861725,0.9220552,0.91815305,0.9178963,0.91847026,0.9174142,0.9226996,0.9234702,0.9209365,0.91537017,0.92756355,0.91735584,0.9206222,0.92319655,0.92449284,0.9173712,0.9278432,0.9173074,0.92040247,0.9229661,0.92122114,0.9239451,0.92485106,0.92034864,0.9240224,0.92450285,0.9186467,0.92579997,0.91902035,0.91621375,0.9238392,0.92283946,0.91844803,0.91785765,0.9252764,0.92994165,0.9242207,0.9105896,0.91686267,0.9250467,0.91061264,0.9174629,0.9219087,0.91680604,0.92018807,0.92440057,0.91655564,0.91474247,0.9193666,0.92867833,0.92992485,0.92253715,0.9190545,0.91420394,0.9200134,0.92312175,0.9233257,0.9241072,0.9289515,0.9277799,0.91914773,0.92487615,0.9239674,0.9158255,0.91472214,0.92372537,0.9202881,0.91922086,0.9188285,0.9102772,0.9178316,0.9253914,0.92053056,0.9177973,0.9241916,0.9238576,0.92262757,0.9174672,0.9164483,0.9270794,0.92224807,0.9229145,0.91874653,0.9253138,0.9204465,0.9236629,0.9250737,0.92727995,0.9212986,0.9268924,0.916803,0.92209774,0.91487586,0.91250765,0.9184784,0.92243177,0.9172677,0.9223554,0.920424,0.92467433,0.91608083,0.9254661,0.9207607,0.9160948,0.9258226,0.9232889,0.9191247,0.9267974,0.9287729,0.9235498,0.92375845,0.92183954,0.9170088,0.9173288,0.91531575,0.92258584,0.92535263,0.9302724,0.92308587,0.91920686,0.92492455,0.92063534,0.9177456,0.9250853,0.92552304,0.9252963,0.92061275,0.920984,0.9259911,0.9213543,0.9197574,0.921124,0.914663,0.9167175,0.91369295,0.9166156,0.9192392,0.9256837,0.9232105,0.9186561,0.92479736,0.9209191,0.9308645,0.9175526,0.92162067,0.92332107,0.9227426,0.9151592,0.9248896,0.918018,0.9234948,0.9179042,0.9230016,0.92683905,0.924864,0.916558,0.91758275,0.92091787,0.9244116,0.92347866,0.9137031,0.918055,0.91698635,0.92023945,0.9241563,0.92066115,0.9211408,0.918562,0.9228539,0.9177503,0.9306018,0.9197147,0.92541975,0.9224071,0.9212299,0.9251069,0.9287665,0.926802,0.91969335,0.9279283,0.9235934,0.93108225,0.9257548,0.92607045,0.9223815,0.9121037,0.9245495,0.924878,0.9177321,0.92715216,0.9141107,0.92425996,0.9208206,0.9218704,0.9255324,0.9155723,0.91400224,0.9200732,0.93104565,0.91754913,0.92861336,0.9159527,0.9221095,0.92403585,0.9250731,0.9249678,0.92050886,0.92395484,0.91932976,0.9151535,0.9172184,0.9144021,0.92474633,0.9200763,0.91470253,0.9166286,0.9109996,0.91247576,0.92653334,0.9201532,0.9241436,0.92264473,0.929666,0.9123218,0.92753595,0.92290515,0.9265754,0.9188309,0.9191541,0.9258436,0.9211504,0.91569734,0.91984075,0.92408264,0.9224784,0.92032313,0.9206615,0.9251115,0.9184929,0.9196895,0.92535454,0.91487926,0.9266771,0.92609715,0.9252652,0.91848683,0.9247115,0.92263424,0.91933155,0.92770046,0.92450744,0.9288753,0.9207455,0.92357177,0.9141045,0.9169125,0.910233,0.9211041,0.9261914,0.92172384,0.9245182,0.91928625,0.9132441,0.9238271,0.9169964,0.92467856,0.92187375,0.920616,0.9249245,0.9192132,0.9225545,0.91861343,0.92112964,0.9206236,0.91726273,0.9217783,0.91088605,0.9266971,0.920225,0.9154919,0.9186082,0.91783744,0.92881244,0.9185262,0.9290867,0.9163453,0.9188621,0.9251078,0.9221438,0.9241656,0.93194914,0.92042905,0.91809464,0.92404246,0.91738474,0.91682327,0.92662555,0.91645545,0.9173522,0.92823005,0.9175042,0.92276824,0.9168684,0.93628675,0.91382974,0.914433,0.92160696,0.92471397,0.92206174,0.91693777,0.9165342,0.91449505,0.917919,0.9227111,0.9297891,0.92294407,0.9247999,0.9141386,0.9249034,0.9131559,0.9146786,0.921814
0.6968999,0.6980578,0.70270836,0.6972082,0.7012024,0.696694,0.70093226,0.698354,0.69334394,0.7019287,0.6914884,0.7054488,0.7029267,0.70850664,0.7072207,0.70135885,0.69630384,0.6930047,0.70965385,0.7010277,0.7018952,0.70004475,0.7065722,0.70256835,0.7034307,0.6930754,0.70331645,0.69883436,0.7044644,0.7072895,0.7005911,0.7079152,0.70679945,0.7001384,0.7091445,0.69266135,0.7005037,0.7045747,0.6944022,0.7064627,0.70117486,0.6965419,0.6911713,0.7012413,0.701632,0.7075236,0.7017058,0.7034453,0.69920605,0.7032244,0.70689,0.6960752,0.6944186,0.70549005,0.699282,0.69828874,0.69829816,0.69767636,0.70249474,0.7113067,0.70546293,0.7107189,0.69996893,0.71071887,0.7077752,0.69633245,0.7088816,0.7020308,0.7040207,0.704429,0.70181274,0.7022526,0.7061413,0.7046205,0.6992007,0.69726896,0.704566,0.6991952,0.70193297,0.6976832,0.70876217,0.7001174,0.7110372,0.7078282,0.7001981,0.7083211,0.70566297,0.7066341,0.71096104,0.70537436,0.705903,0.70216674,0.698259,0.70436865,0.6994992,0.70364493,0.7069357,0.70156014,0.6911416,0.69785166,0.69986063,0.70027626,0.69666165,0.7026958,0.6957706,0.7041067,0.69813013,0.7061352,0.70400774,0.699582,0.7009864,0.7038346,0.69401574,0.70602614,0.69865745,0.70418125,0.693024,0.6985581,0.7002629,0.69509715,0.6948545,0.70081246,0.69551635,0.7035609,0.7060188,0.70220006,0.7027393,0.7007301,0.7055098,0.7000675,0.70682585,0.6982136,0.70057034,0.70129204,0.699688,0.7057761,0.7017083,0.7008894,0.70144707,0.6939613,0.69708174,0.6969298,0.6967863,0.7025582,0.69243395,0.70531654,0.6998606,0.7058303,0.69868743,0.6991077,0.7090737,0.7099608,0.7014871,0.7002826,0.697317,0.70135194,0.69844806,0.7051957,0.70596975,0.7064498,0.7067529,0.6956144,0.69444317,0.69091415,0.71309173,0.70137304,0.6995175,0.70025563,0.70182973,0.70163876,0.69466203,0.70139897,0.7011217,0.69928366,0.7016318,0.69555676,0.7036732,0.6954923,0.69548446,0.6952798,0.6967319,0.7039547,0.7072419,0.70538217,0.703178,0.7004294,0.7035538,0.6939654,0.7042294,0.7041071,0.6954133,0.7074422,0.699165,0.69730026,0.70972043,0.71146935,0.6939592,0.69598407,0.6916348,0.7027027,0.6966401,0.7144577,0.7045072,0.69693357,0.70310384,0.6930429,0.7015549,0.6979537,0.69655997,0.7029124,0.70428276,0.6973399,0.7021569,0.6974412,0.7183345,0.7023212,0.7010036,0.693611,0.700074,0.6987621,0.7092421,0.7036296,0.6989003,0.6975149,0.7034092,0.704387,0.7121593,0.70369774,0.695407,0.700536,0.6942666,0.7010588,0.7069759,0.71421444,0.7026157,0.69530904,0.70267373,0.70472187,0.70703864,0.706837,0.6962495,0.6975068,0.70855683,0.70330185,0.70236707,0.70463914,0.696117,0.7040226,0.6958606,0.69758934,0.6961222,0.70121926,0.69782346,0.693463,0.7002624,0.69885457,0.7059561,0.7013973,0.6960836,0.7028895,0.70751184,0.70166206,0.70164025,0.70912796,0.70244014,0.69614553,0.69769865,0.69761467,0.701441,0.6992759,0.70479167,0.701011,0.6929624,0.70425016,0.6960842,0.7047093,0.7044104,0.69831926,0.699859,0.7000592,0.69261676,0.7015421,0.68981004,0.7030117,0.7023911,0.70400286,0.6951356,0.69362247,0.7019258,0.6993916,0.7055063,0.7072248,0.6984249,0.70535856,0.6958977,0.7000247,0.7028729,0.7074188,0.7040668,0.7007953,0.6944396,0.7021731,0.6969397,0.6999059,0.701045,0.69607055,0.6933865,0.70603377,0.70078117,0.7020129,0.6987059,0.69952416,0.69802445,0.69179076,0.70260304,0.70872134,0.69682324,0.70187247,0.70506114,0.7040015,0.70128584,0.70062083,0.69187605,0.6995881,0.69383067,0.69579923,0.70297796,0.69966745,0.7047858,0.70147973,0.7007947,0.6948647,0.70464844,0.695357,0.6941364,0.69367445,0.691334,0.70047593,0.6931411,0.7008764,0.6984819,0.70741385,0.69655657,0.6996394,0.70274645,0.700739,0.6964799,0.6983851,0.69806707,0.6957706,0.70322144,0.70050323,0.7042645,0.7016467,0.69814837,0.6937486,0.7009621,0.7001977,0.6970474,0.7002896,0.70877314,0.70473427,0.70386565,0.699899,0.6948206,0.7031898,0.70783556,0.7040102,0.7022496,0.7003064,0.69853526,0.6954301,0.6994494,0.69760334,0.7007899,0.7009789,0.69729704,0.7045505,0.705313,0.7038292,0.7074386,0.7039244,0.69831264,0.7051912,0.7010002,0.70092297,0.70238656,0.7052982,0.70037407,0.6976026,0.7153355,0.6959696,0.7049172,0.69972724,0.70842946,0.6995558,0.70518166,0.70405537,0.6962286,0.69266796,0.7005094,0.6911803,0.6970191,0.69300485,0.70507973,0.70121974,0.7023033,0.6974716,0.7045258,0.7002188,0.70128745,0.70064634,0.69452506,0.698457,0.70085484,0.70500666,0.7015105,0.69359374,0.70041335,0.69772166,0.6995411,0.69374263,0.7025039,0.7058368,0.69774014,0.6998336,0.6988701,0.69799846,0.70680255,0.7042423,0.70632493,0.6991739,0.70715433,0.7027267,0.707116,0.705643,0.69849503,0.6973638,0.7037821,0.7034085,0.7007729,0.70338815,0.693069,0.6995541,0.70176476,0.702692,0.7010465,0.6982596,0.7053756,0.70051116,0.69606316,0.7005485,0.70164365,0.7048106,0.69733834,0.70063454,0.6986573,0.70087045,0.69655055,0.6988193,0.69139373,0.7006997,0.69122195,0.7036579,0.70918083,0.6992129,0.7000884,0.6984174,0.70599407,0.69871026,0.6941902,0.6966014,0.70996755,0.7018315,0.70325005,0.7027338,0.70290977,0.7005961,0.69487256,0.692772,0.7087202,0.6953617,0.6989421,0.6968015,0.6992906,0.70421374,0.7000536,0.7086479,0.7002219,0.69853556,0.7005945,0.6993838,0.70152026,0.6990266,0.6937023,0.6995888,0.6995888,0.6993347,0.7025553,0.70154077,0.69199514,0.7032327,0.70343524,0.70379704,0.7025597,0.70493984,0.700688,0.7046667,0.70885473,0.6985074,0.6929357,0.7046166,0.70091224,0.69949085,0.70320517,0.6994518,0.7013058,0.6999836,0.6954408,0.70274895,0.69985676,0.7084335,0.6947238,0.69257563,0.6910926,0.7018024,0.6994277,0.6979095,0.7051667,0.68983024,0.7036331,0.7004845,0.7014429,0.704855,0.6959689,0.6959018,0.70510286,0.7082989,0.70556587,0.70424545,0.70465034,0.6969416,0.70998293,0.6990218,0.7120055,0.7045782,0.7000689,0.70162225,0.7071927,0.6976299,0.70227754,0.70805895,0.7063699,0.7015867,0.695016,0.6921358,0.7009565,0.7032409,0.7068169,0.70275193,0.7056397,0.7065287,0.7030673,0.7015239,0.7013991,0.7036088,0.7004476,0.6977469,0.704249,0.70416814,0.70139134,0.7032865,0.7031963,0.6985896,0.69975173,0.7095222,0.6985005,0.6929075,0.6942857,0.6981404,0.70485127,0.6981326,0.70289946,0.69405794,0.7037624,0.6982715,0.6870354,0.6972937,0.699393,0.7026025,0.7011083,0.6967769,0.70997167,0.70751476,0.70592964,0.70682317,0.70201194,0.697417,0.69620657,0.7065244,0.7037231,0.70059216,0.6993005,0.6905386,0.7057172,0.7031988,0.70562434,0.69500256,0.689503,0.702045,0.69784325,0.7058304,0.6994337,0.69665956,0.6948071,0.7048082,0.6938003,0.70200455,0.69419104,0.7073669,0.69446933,0.6974125,0.699949,0.70137644,0.7069799,0.6997276,0.6999382,0.7041594,0.69754136,0.69854206,0.69725275,0.6976915,0.7076639,0.7066627,0.6973599,0.70368344,0.69685644,0.6976208,0.6995102,0.6968828,0.711089,0.6970181,0.6905708,0.70505273,0.69818234,0.69684935,0.69958675,0.70187485,0.7030361,0.6998672,0.70100963,0.70374346,0.69944644,0.6964067,0.69761556,0.70164764,0.6987821,0.70328635,0.7030535,0.69922304,0.70170236,0.70601964,0.6977333,0.69655085,0.69855434,0.69511086,0.7075943,0.6957378,0.70469713,0.70421773,0.70237106,0.701735,0.6961583,0.69810784,0.69323134,0.6992609,0.6986694,0.70070475,0.70034075,0.70000917,0.6975743,0.6988107,0.6967234,0.69818664,0.6986156,0.6998553,0.7032153,0.69741386,0.69925344,0.6922374,0.70231825,0.70232934,0.7010873,0.6921902,0.7000049,0.697954,0.70158136,0.70176196,0.70208293,0.7016669,0.6943147,0.6959851,0.7023594,0.6986806,0.70238805,0.7050587,0.6999996,0.691172,0.69714785,0.7043893,0.6917174,0.6994462,0.70454067,0.6984276,0.70648986,0.6969034,0.69805765,0.7038614,0.693986,0.6991293,0.69788575,0.69281495,0.69932115,0.69972044,0.70059705,0.6950202,0.7016693,0.6976381,0.711532,0.69849545,0.70613134,0.6937255,0.7009019,0.700622,0.701589,0.7059564,0.7089688,0.70511013,0.6970068,0.7041439,0.70358497,0.7002666,0.6935135,0.70310974,0.6944074,0.6975785,0.70103174,0.69202656,0.7012724,0.7081541,0.69816077,0.6979741,0.7084617,0.698214,0.69700676,0.69753224,0.69477594,0.70606655,0.70117575,0.7091988,0.69852334,0.702881,0.69787514,0.6962396,0.70355785,0.7124576,0.7028559,0.7024641,0.6985655,0.70815665,0.70002854,0.69817454,0.70179266,0.7017313,0.69963896,0.70128727,0.7032765,0.699792,0.6913348,0.69842386,0.7007015,0.6956404,0.7021611,0.70067924,0.6987658,0.70101213,0.7046319,0.70063764,0.7041696,0.69799685,0.70000607,0.70256644,0.6940795,0.6993648,0.7021677,0.7041483,0.70098346,0.6970592,0.70290244,0.7044715,0.69864887,0.7050084,0.70976615,0.7085204,0.7018496,0.7023861,0.7010326,0.7084356,0.69909453,0.6992484,0.68776137,0.69554335,0.6959388,0.7014777,0.69329286,0.70349014,0.7036849,0.702983,0.6998893,0.69922686,0.70928836,0.70071423,0.70404196,0.69500554,0.7052475,0.7064103,0.6987047,0.7061448,0.7013141,0.68926764,0.6998122,0.7093401,0.70797944,0.7029152,0.6996689,0.6934004,0.7084305,0.6959756,0.69708806,0.69888955,0.696477,0.70486546,0.7003229,0.6978708,0.69810075,0.69890517,0.69850796,0.7000851,0.70753175,0.70169336,0.7061489,0.70018244,0.6952245,0.7061204,0.70928305,0.7046976,0.7059086,0.7030483,0.70610285,0.70705336,0.7012446,0.7056023,0.6973447,0.69580925,0.7011405,0.70589036,0.6897368,0.6963968,0.6894066,0.69814503,0.70449305,0.70595884,0.7049049,0.6989189,0.7033418,0.69643486,0.7049624,0.70261365,0.69728506,0.69787526,0.7020826,0.6961402,0.70321906,0.701078,0.69601387,0.70547044,0.69813144,0.69204575,0.6924665,0.69884866,0.70252544,0.6986465,0.6977267,0.7017964,0.6949436,0.6999023,0.7104681,0.70192176,0.69302875,0.6998304,0.7073781,0.7054635,0.7049546,0.6987288,0.7047799,0.69613355,0.6981377,0.7059516,0.69989115,0.6953978,0.70001054,0.6972873,0.6962725,0.6933923,0.70414335,0.70924026,0.700446,0.69810957,0.69956934,0.6976246,0.6988815,0.6994751,0.69754946,0.69841945,0.70575553,0.6965205,0.7021762,0.7036908,0.7072353,0.704449,0.70128477,0.7024704,0.7016599,0.6911252,0.68880796,0.69663036,0.7094625,0.7029529,0.7067033,0.70508665,0.69373065,0.70774966,0.6936139,0.70764804,0.69835943,0.69634426,0.7023931,0.69146097,0.69926053,0.69775426,0.6994461,0.7042098,0.6970212,0.70444375,0.6938273,0.71068543,0.7018876,0.7005307,0.69940746,0.69504213,0.70468366,0.70155066,0.6989608,0.70396894,0.70534617,0.7053493,0.6969705,0.6918729,0.70987046,0.6942306,0.70031965,0.69846046,0.6970276,0.6972437,0.70157623,0.7013452,0.7057653,0.7128478,0.69895834,0.6976798,0.70258635,0.7099409,0.6989471,0.6969352,0.6997825,0.6989507,0.7047436,0.6941622,0.69710076,0.70072407,0.69386005,0.70627415,0.7009566,0.70646757,0.70504624,0.69668657,0.6998659,0.68654484,0.6930936,0.7040262
0.029959872,0.044600964,0.025329746,0.033653017,0.02918649,0.030886881,0.025334254,0.037375126,0.0316746,0.032029033,0.033928424,0.028943088,0.03556954,0.035710447,0.0270071,0.034152832,0.034509417,0.027237397,0.019686386,0.027662098,0.034783166,0.033540595,0.02834532,0.025471225,0.03790521,0.037660345,0.044119574,0.02692715,0.033320483,0.029004939,0.030303175,0.030249499,0.03862584,0.039014917,0.036353562,0.035344556,0.04120656,0.033832673,0.028642498,0.038013224,0.038284663,0.03639685,0.032286353,0.039552372,0.028783001,0.039969966,0.035973947,0.03044101,0.038998127,0.038419288,0.035922848,0.03948035,0.022371441,0.037373737,0.026572961,0.023232969,0.041409384,0.039440256,0.03227796,0.032899845,0.0439149,0.03071625,0.025431106,0.033542976,0.03630133,0.031110663,0.033623718,0.032158684,0.040251084,0.0333467,0.033229444,0.040506735,0.031267267,0.03216433,0.035015095,0.037841648,0.025881879,0.038187,0.0272679,0.027635388,0.03251532,0.032297723,0.038905017,0.034456115,0.02850366,0.03323002,0.033678964,0.03523859,0.030351143,0.033554662,0.03384736,0.025683843,0.03500975,0.03281115,0.02717474,0.03505265,0.04088267,0.028246079,0.033919103,0.024484066,0.039753366,0.03234102,0.030079694,0.03088174,0.037370775,0.03694748,0.036759675,0.03126313,0.030945648,0.018874405,0.04037324,0.03811146,0.04004484,0.026797654,0.039717052,0.033717945,0.032091305,0.033086248,0.028125007,0.033683155,0.030680154,0.039590575,0.032121055,0.033741962,0.031265102,0.038477004,0.036080863,0.03413133,0.031172477,0.03602733,0.042431436,0.03918567,0.036474437,0.037022613,0.031127658,0.032541394,0.029359654,0.030182162,0.03631004,0.04019209,0.035254408,0.03664457,0.028455198,0.041676067,0.026739236,0.031950034,0.039837137,0.036541477,0.028105687,0.03637756,0.035940275,0.024291467,0.029665824,0.03319154,0.02311296,0.03748753,0.031123836,0.039914943,0.030442655,0.038001295,0.03163713,0.040042147,0.032588787,0.0353755,0.038756352,0.03167803,0.03822606,0.03545276,0.033733953,0.027946897,0.03628587,0.03005464,0.033855256,0.03677036,0.035862807,0.034970228,0.0356441,0.027375909,0.030952066,0.032128528,0.031593688,0.03600564,0.03733539,0.03315527,0.041414052,0.03492964,0.031607866,0.037190437,0.035968136,0.031116525,0.032468617,0.025902882,0.026797473,0.032736618,0.03248882,0.023874938,0.037829585,0.026051328,0.029490158,0.033157196,0.040582355,0.034554463,0.02780556,0.031197462,0.040253542,0.028905874,0.02744065,0.038919702,0.032546073,0.029415559,0.036041275,0.033963084,0.03524614,0.027961796,0.03096436,0.03942762,0.025135208,0.04211221,0.042121407,0.040243022,0.02497805,0.029123697,0.037542313,0.030235577,0.035419792,0.033223975,0.025812207,0.029793447,0.031030878,0.036407273,0.037162185,0.034711774,0.04150724,0.029480683,0.034174405,0.03119963,0.03986051,0.03112832,0.027964681,0.03406309,0.03069115,0.027896442,0.03389142,0.024493022,0.043036874,0.039378967,0.033860363,0.04491017,0.034187723,0.029185971,0.03838963,0.030972622,0.024674347,0.03117166,0.029181922,0.025948193,0.02587726,0.03315777,0.038836133,0.040279374,0.033305228,0.03284939,0.024457095,0.033108,0.023312112,0.030742023,0.04123056,0.02959942,0.034137487,0.032792382,0.036073744,0.031895313,0.029009853,0.036351636,0.04024881,0.027886268,0.03132055,0.042529877,0.036848787,0.03734858,0.034425218,0.036979496,0.032845113,0.02974078,0.037684105,0.038040362,0.024576124,0.03896498,0.028595123,0.028028384,0.0411988,0.031046288,0.029825233,0.03099119,0.03432704,0.03121759,0.03730295,0.02688229,0.029214881,0.031174779,0.03671271,0.03665766,0.037298836,0.031507798,0.033077568,0.035886437,0.03496881,0.03589079,0.03450436,0.032561585,0.022820871,0.035515238,0.033410084,0.033394974,0.03310274,0.042328343,0.039968338,0.033907782,0.03734718,0.033496693,0.03624813,0.03541364,0.029900447,0.027457897,0.0336885,0.035588704,0.020410795,0.037123024,0.04001677,0.03130679,0.04008025,0.034410875,0.0337025,0.036949225,0.029194992,0.032429036,0.036616676,0.032142162,0.029832887,0.03432508,0.032906413,0.041062757,0.03192461,0.02701198,0.033290487,0.043507986,0.0374772,0.0390914,0.033199854,0.037566673,0.030137857,0.026574932,0.034073964,0.034724414,0.02971246,0.036024056,0.027114537,0.033566948,0.029667746,0.034361325,0.029450063,0.029411731,0.03732428,0.036329843,0.0369981,0.03067058,0.038356878,0.030346775,0.040310625,0.033469476,0.036313638,0.02693515,0.042091586,0.031117117,0.03771698,0.038524166,0.027761884,0.033736624,0.027403554,0.02923244,0.02668028,0.019977417,0.029659383,0.045485653,0.03658457,0.032245517,0.04420794,0.03505921,0.03240405,0.031568404,0.03458926,0.028550172,0.025296418,0.030764632,0.040596835,0.020365525,0.03991059,0.028759262,0.03408225,0.033506352,0.029361852,0.034547064,0.023240952,0.028800877,0.028510418,0.033066746,0.03566173,0.042078808,0.026438758,0.027471494,0.03466905,0.03647045,0.03233771,0.036369428,0.039590135,0.023210615,0.035271708,0.03725662,0.028316509,0.022551525,0.043161873,0.023087308,0.039252706,0.038399052,0.027189404,0.03472776,0.027675254,0.037828136,0.04395746,0.039582174,0.04308337,0.032090932,0.028384577,0.038898442,0.037833326,0.030177075,0.029344495,0.036933083,0.03265688,0.035278343,0.03652955,0.033942662,0.029676687,0.035417702,0.028279588,0.028909955,0.0398423,0.030403808,0.04088144,0.033659678,0.03547799,0.038948786,0.041163586,0.043232247,0.03855854,0.026722077,0.02984035,0.03645463,0.03197354,0.028784651,0.026106482,0.03238713,0.031306084,0.03544525,0.03624938,0.03538564,0.04068709,0.030710515,0.038591843,0.03810872,0.03357964,0.037552282,0.034030072,0.04114025,0.027520359,0.034845985,0.032644298,0.033818744,0.036202982,0.033162724,0.03875118,0.029070262,0.032859083,0.033888876,0.04552175,0.035966285,0.029293988,0.044942018,0.029812612,0.036401436,0.034578584,0.033014182,0.038986504,0.030225566,0.028265847,0.035222024,0.028531693,0.03209018,0.026839163,0.030529419,0.02925573,0.036259517,0.038606517,0.030250302,0.037292708,0.030018538,0.03280615,0.035908073,0.036954463,0.032436132,0.03143498,0.038121045,0.03643114,0.026558343,0.032777157,0.0349765,0.037624612,0.033520017,0.029585026,0.029390138,0.036010686,0.02598376,0.031006338,0.033167046,0.04128887,0.029320858,0.031797953,0.036027916,0.03727784,0.029269954,0.038002893,0.04031731,0.033519853,0.032334484,0.03206902,0.026354525,0.026918737,0.030508367,0.04482464,0.02724546,0.039901063,0.037302513,0.034138635,0.03495061,0.029673181,0.04371649,0.036924697,0.029750127,0.033071812,0.029090818,0.042952213,0.039216265,0.035244547,0.029600222,0.035413645,0.029379075,0.031544164,0.036226258,0.03642472,0.031010088,0.030643139,0.035497647,0.035637304,0.031354763,0.039053768,0.038180713,0.029570898,0.036627248,0.033463605,0.03150418,0.028673781,0.024621928,0.029852292,0.032092746,0.034711935,0.039680578,0.02854113,0.036433063,0.031207733,0.03799259,0.031062879,0.03603991,0.02900396,0.02949776,0.023932744,0.042504344,0.030064076,0.036569357,0.038933147,0.040574282,0.033975452,0.034715425,0.031666305,0.031201493,0.032584894,0.040860187,0.039412193,0.033939518,0.027279373,0.030746754,0.03260716,0.039262712,0.031050134,0.027296068,0.03671009,0.036305133,0.03581737,0.03485532,0.029690437,0.030046102,0.04217965,0.03711699,0.040213276,0.03035679,0.024647795,0.03605414,0.021693395,0.03199841,0.03419505,0.028115213,0.038480822,0.033185292,0.04198375,0.04009869,0.04415417,0.041499082,0.030837264,0.03413164,0.038462993,0.030461982,0.034938097,0.031950254,0.03045861,0.038313985,0.033668444,0.028487436,0.032053273,0.040872775,0.02885066,0.025564972,0.036821544,0.03808443,0.034765273,0.034165908,0.030430185,0.030364256,0.037107937,0.03418991,0.035107516,0.03424158,0.027393397,0.038038693,0.034341514,0.03281764,0.032985784,0.026820607,0.04154525,0.034062285,0.031849813,0.037432425,0.027255755,0.027098365,0.030844435,0.03426338,0.031828493,0.026441442,0.03393286,0.03238758,0.03170859,0.03287745,0.03407027,0.034709837,0.03245879,0.033521667,0.034739226,0.04082102,0.031677827,0.032185152,0.03940907,0.036923513,0.0358357,0.029411502,0.034363545,0.039490256,0.034094132,0.02716517,0.036222633,0.03703773,0.027717203,0.036444474,0.034218695,0.031735763,0.041354828,0.030580228,0.022960357,0.02885895,0.037588954,0.02504105,0.031079305,0.025271697,0.026518092,0.030330699,0.029337956,0.040916,0.040762637,0.033053547,0.029663822,0.029721342,0.032726664,0.040126458,0.039992116,0.03223023,0.030210447,0.026602786,0.032177538,0.035806306,0.036237035,0.026267879,0.03327848,0.03747303,0.040697277,0.034897827,0.03298171,0.037538975,0.022765985,0.03934375,0.034408774,0.026747864,0.028050378,0.035761718,0.03413784,0.03712691,0.040186204,0.030965187,0.034899525,0.03578612,0.02507997,0.026481144,0.0330111,0.020610943,0.035492435,0.035502218,0.03920856,0.022958098,0.025248226,0.031380497,0.027691698,0.029911403,0.03804256,0.031704716,0.029584015,0.041376032,0.030916665,0.031332854,0.034383766,0.03596736,0.031407103,0.02605268,0.035362974,0.029980142,0.038000505,0.038360383,0.02861762,0.03083754,0.04407938,0.030029684,0.030517418,0.032608278,0.03840093,0.030323703,0.030019663,0.03409592,0.031616442,0.032740995,0.029457353,0.024760716,0.036356732,0.036875166,0.031831406,0.024581388,0.032069124,0.030155186,0.027936377,0.030728446,0.035412,0.034950793,0.034324553,0.035876483,0.03375381,0.028265612,0.033892438,0.029349618,0.03973623,0.03104867,0.027847447,0.031896688,0.03857748,0.03319519,0.03496006,0.029688997,0.036301196,0.034838155,0.02825703,0.03003174,0.034413062,0.032423135,0.029996857,0.032924548,0.036931746,0.043443132,0.03682312,0.026306033,0.04185825,0.0363639,0.033577055,0.04230242,0.033918414,0.033215392,0.027574955,0.02354107,0.03474837,0.03525439,0.035738364,0.036636405,0.03273048,0.038986504,0.027643502,0.03522777,0.034468193,0.040068097,0.023184605,0.03365664,0.034138072,0.037792202,0.03867777,0.036037955,0.031875297,0.03501826,0.03385114,0.039489225,0.03040559,0.040979423,0.032864995,0.032248758,0.035250515,0.04241439,0.034756728,0.0354053,0.041163765,0.027872702,0.03850799,0.0356014,0.027116213,0.030217689,0.01983827,0.029532725,0.032309547,0.02193722,0.03484623,0.022787523,0.029211015,0.03428263,0.038805075,0.035838626,0.037840825,0.03364107,0.036529012,0.032798726,0.03957841,0.0328643,0.040487275,0.032879505,0.03640947,0.034884065,0.039372034,0.03254708,0.030302828,0.029623017,0.03155443,0.030190123,0.029407494,0.03319007,0.035754398,0.028972344,0.031523794,0.034673758,0.031448983,0.02580952,0.032077074,0.038813576,0.0385493,0.03340867,0.034956343,0.033472892,0.033047516,0.035357744,0.03612303,0.03639195,0.028481927,0.031106334,0.027110953,0.028597364,0.03653409,0.02523147,0.028840855,0.03025789,0.03294739,0.029441625,0.03340551,0.029440822,0.031769324,0.03477873,0.032529596,0.0312853,0.048136443,0.038938567,0.038122296,0.032435045,0.037614647,0.038026996,0.024883619,0.029463205,0.031647675,0.030377034,0.036610767,0.037216313,0.040312946,0.036974214,0.03633568,0.037866402,0.03249805,0.036047824,0.039280225,0.027382458,0.034236304,0.04047521,0.030243006,0.0342358,0.023119822,0.04202443,0.040919043,0.040734906,0.040204875,0.03266167,0.027971415,0.03504383,0.031430572,0.034575086,0.029376147,0.030651536,0.028054213,0.03961368,0.034918178,0.0363535,0.040225286,0.027168546,0.038032904,0.03444042,0.03346041,0.03349437,0.027523665,0.032785915,0.030557955,0.034862638,0.041925892,0.028557323,0.041093078,0.035401337,0.04045299,0.032113984,0.029198505,0.03441213,0.036943506,0.026881076,0.035267144,0.03475193,0.03799599,0.03459125,0.032657668,0.031635657,0.034581535,0.02698612,0.04141939,0.038257673,0.03642983,0.035069317,0.040562797,0.0314522,0.038238514,0.02977842,0.026787538,0.02968122,0.033026323,0.034053836,0.036158446,0.0355117,0.033672493,0.032822628,0.03161919,0.027843354
0.99724334,0.99366844,0.9944712,0.99726003,1.0009948,0.9999521,1.0023736,1.0012451,0.9959192,0.9948504,1.0004523,1.0064199,1.0007592,1.0049543,1.0016139,1.0011268,0.99785125,1.0030589,0.9990008,0.9966063,0.99907124,1.003047,1.0014035,1.0012459,1.0030029,0.9923406,1.0030903,0.9970287,0.993675,1.0061815,1.0014955,0.9962918,1.007837,1.003979,1.0002576,0.9994595,1.0030255,1.0017185,1.0014956,0.999096,0.9968187,0.9980275,0.9943413,1.0046672,0.9988624,1.0006207,1.0003588,1.0073564,0.99628943,1.0024892,1.0018117,0.9992839,0.99530715,0.99497163,1.0002657,1.0000148,1.0016977,0.9864629,0.995172,1.0018562,0.99568474,1.0027424,0.9980134,1.0010144,1.0042017,1.00309,0.9983648,0.9997175,1.0032811,1.0074366,1.0016317,1.0007925,1.0107079,1.0017818,1.0032035,0.9989899,1.0032078,0.99760395,0.99957794,0.99803215,1.005786,1.0021948,1.0106337,1.0008639,0.9984408,0.9984576,1.0029244,1.0033717,1.0054377,1.002339,1.0064348,1.00074,0.9954929,1.0035311,1.003765,0.9994676,1.0002527,1.0022676,0.99816346,0.9989559,0.9968374,0.99634564,1.0000807,0.99518234,0.9972641,1.0012604,0.997219,1.0019063,1.0032963,1.0008922,0.9994356,1.0036834,1.0014668,1.0033911,1.0020208,1.0029105,1.0013083,0.99762017,1.0035602,1.0037743,0.9964961,0.9925104,0.9969251,1.0041414,0.99731517,1.0084946,0.99845827,1.0034593,1.0031385,1.0001637,0.9962267,1.001762,1.0012141,1.0029596,1.0005001,1.0067874,1.0018264,1.0039839,0.99937135,0.99660915,0.9977964,1.0069236,1.0025239,0.999934,0.99804884,0.99830467,1.0013397,1.0052652,0.99599504,1.001374,0.9949494,1.0073539,0.9915201,0.9967638,0.999946,0.999968,0.99466974,0.9993062,1.0093311,1.0013674,1.0023817,0.99475443,0.9956029,0.99338305,0.99826264,1.0018343,1.0028629,0.99869925,1.0000913,1.0027331,0.9937011,0.9968607,0.99835044,1.0006669,1.0002608,1.0016227,1.003795,0.99956095,0.99751526,1.003561,0.9953262,0.99884146,1.0041789,1.0009756,1.003031,0.99701583,1.000607,0.9994404,0.99345815,1.0014027,1.00461,1.0026612,1.004183,0.99930024,1.0091298,1.0017778,0.99490494,1.0013846,0.9986919,1.0005103,0.9982027,1.0030619,1.0022111,0.9922722,0.9913079,0.9991291,0.9974112,1.0014493,0.9962259,1.0061985,1.0022968,1.004426,1.0005547,1.0024782,1.0027562,0.9946101,1.007712,0.9936797,0.99720013,1.0054137,1.002549,0.9927231,1.0021056,0.99622315,0.9998348,0.9984204,1.0099325,0.99842936,0.9977439,0.99704885,0.99880606,1.002642,1.0058627,1.0004752,0.99512315,0.99545586,1.0026044,1.0032127,0.9977409,0.9973901,1.0046623,0.999554,1.0013121,0.9998294,0.9921204,0.99798834,1.0040551,0.9990609,1.00125,1.0017688,0.9993845,0.9951448,1.0021466,1.0014611,1.0000329,0.9961059,1.0072463,1.002173,0.9963194,0.9989147,1.0008411,0.99815917,0.99887323,1.0003926,1.0039696,0.9985304,0.9926925,1.003554,0.9974722,0.9992676,0.9988739,1.0003357,1.0068566,1.002657,0.99872875,0.998222,1.0031582,0.9948317,0.9984555,0.9986931,1.0022936,0.9953148,0.99936306,1.0000683,1.0069255,0.9977969,1.0011716,0.9972306,1.0010852,0.98934686,1.0022641,0.9996613,1.003423,0.99819416,0.99681795,0.9974014,1.0023028,1.0055997,1.0019978,1.0000223,0.9968581,0.99398565,0.9974122,0.99803185,1.0005449,1.0016296,0.99698883,1.0013636,1.0042607,0.9996502,0.9979977,1.0011581,0.99980867,0.9978316,0.9976583,0.9998636,0.99840385,1.0007737,0.99999666,1.0002989,0.99674517,0.99429667,0.9944865,1.0010586,1.0057791,1.0001992,1.0047121,1.0078038,0.99626905,0.99980617,0.99806136,1.0011646,0.99267066,0.9977396,0.99775696,0.99893665,0.9957612,0.99627995,0.99350756,0.9934564,0.9982373,0.99887055,0.9965672,0.9982089,0.9967971,1.0033321,1.0026423,0.9972736,0.99669045,0.9978037,0.9993213,0.99595046,1.0025916,1.0006256,0.9982071,0.9927803,1.0017157,1.0001789,1.0046211,0.9997937,0.9994748,1.0015843,0.9940213,0.99424565,0.99768496,1.0044669,1.0079904,1.0040717,1.0021374,0.9976182,0.9995237,0.99434996,1.00095,0.99987006,0.99540335,1.0026705,0.9977258,1.0026982,0.9984049,1.0045588,1.0042582,1.0031272,0.9917794,0.9953882,0.9985915,1.002367,0.9935693,1.0006502,0.9965927,0.9933545,1.0062174,0.9969374,1.0043174,0.9994274,1.0011264,0.9970962,1.0021011,1.0048949,0.9990173,1.0013059,1.0070338,1.0010083,1.0059291,0.99500173,1.0002081,0.9959945,0.9926984,0.9967993,1.0017155,0.9947932,0.99906194,0.99648976,0.994137,0.9970278,0.9973748,0.9984421,0.99839604,1.0003921,0.9991159,0.9995659,0.9973987,0.99647367,0.9995876,1.004045,0.99420506,0.9997521,1.0032583,1.0041298,0.997846,1.0008851,1.002195,1.0031295,1.0037556,0.9962902,0.99688154,1.0000519,0.99734825,0.9936593,1.0018084,1.003927,1.0028809,0.99703956,0.99946535,0.9988633,1.0013903,0.99253696,0.9942014,0.9966628,0.9993144,0.99873006,0.99323547,0.9963083,0.9926721,1.0077978,0.99974614,1.0005286,0.9994301,1.0042589,0.99714327,1.0062335,1.001821,1.0006107,0.98672026,1.0014147,1.0020275,1.0042783,0.9995951,1.000941,1.0017204,0.9962856,0.9987993,0.9974201,1.0085086,0.9996757,0.9958896,1.0016447,1.0038003,0.99427205,0.99386907,0.99848807,1.0044137,1.0047705,1.0008937,0.9974214,1.0001523,1.0049561,1.0080363,1.0012233,0.998206,1.0012523,0.9973667,1.0027093,0.99890524,1.0011154,1.0055957,0.9955801,0.99458426,0.9943724,0.99964833,1.0017987,0.99464583,1.0043082,0.9965636,1.0020509,1.0048965,1.0046118,0.998373,0.998087,1.0067761,1.002226,1.0037574,1.0006857,0.99349725,0.9980722,1.0090793,0.9982158,1.0006856,1.0031097,1.0006696,1.0044571,1.0020059,1.002648,1.0020835,0.99802274,1.0006924,0.9998248,1.0024649,0.99769294,1.0022862,0.99809474,0.99549085,0.99822664,1.003633,1.0011877,0.9954148,0.9992652,0.9996676,1.0033984,0.9977973,1.0048915,0.99974513,1.0003066,1.0039409,0.99758315,1.0038675,0.99872315,0.99498814,0.99679065,0.99985206,0.9905934,0.99434936,1.0098755,1.0044317,1.0031155,0.99507195,0.9926503,1.003382,0.99800557,1.0021818,0.9991864,1.006115,1.0012827,1.0025359,0.9973462,0.9998047,1.0000757,1.0026798,0.9986115,1.0040741,0.9985489,1.0054945,1.0030473,1.002749,0.99595916,0.9953197,1.0001289,1.001296,0.9943502,0.99371856,0.99884844,0.9975338,1.0037429,1.0027148,1.0024549,1.0055884,0.99473554,0.9952482,0.99869466,0.9957414,0.99422026,1.0046599,0.9928748,0.9964991,1.007875,0.999415,0.9977166,1.0066047,1.0022768,1.0004466,1.0059711,0.999154,0.9983555,1.0018352,0.99957603,1.005139,1.0014147,0.99861324,1.0015525,1.0006486,1.0045217,1.0026574,1.0030768,0.99238443,0.9921092,1.0028999,0.99804413,1.0040662,1.001066,0.9959864,1.0030999,0.996897,0.9976006,1.0050144,0.99879843,1.0019014,1.0011603,1.0056573,1.00142,0.9996708,1.0016145,0.9966928,0.9971909,1.000509,1.0010327,1.0001262,0.9978469,0.9984959,0.9945661,0.9944796,0.99914134,1.0139778,1.0016181,1.00235,0.9984286,0.9971455,0.9948862,0.99840057,1.0015745,0.9984352,0.9968434,1.0025214,0.9973027,1.0001404,1.0020128,1.0008798,1.0012618,1.0055474,0.9972672,0.99678797,0.99855274,1.0040402,1.001294,0.99942815,0.99539346,1.000949,1.0018162,1.0012575,0.99826884,1.00063,1.0020891,1.00133,0.9976515,0.99408376,1.0005935,1.0014479,0.9891239,0.9952281,1.0010405,0.9936617,0.9986586,1.0024712,1.0043391,1.003832,1.0003866,1.000155,0.99261427,0.99828464,0.99392945,1.0011109,0.99485606,0.9963149,1.0045522,1.0017384,1.002807,1.010112,1.00157,0.9964811,1.0023099,0.9958327,1.0046922,0.9973334,0.99553335,0.99564254,1.0050043,1.0025424,1.0002221,0.9993921,0.9928749,0.99476856,0.9989684,0.99948686,0.99946475,1.0054592,0.99707526,0.99414355,1.0023131,0.9977216,0.99902,0.99343973,0.9952596,0.9974663,0.99873775,1.0012151,1.0043638,1.0000463,0.99379414,0.9991043,0.9962226,1.002953,1.0028164,1.0026,0.99449885,0.99491477,1.0054742,1.0061728,1.0068682,1.0032235,1.0033293,0.9934718,1.0090878,0.99834514,0.99963266,0.9988559,0.99942833,0.99727494,1.0015512,0.9970743,0.9982794,1.0063184,0.9951223,0.9973199,0.9975393,1.0033302,0.99763215,0.9969558,1.0028571,0.9994051,1.0055023,1.0016471,0.99706256,0.9911635,1.0002979,0.9997371,1.0070698,1.0007813,0.9987445,1.009324,1.0003451,1.0009649,1.0010365,1.0058101,0.9992711,0.99631524,1.0026405,0.9992126,0.9964126,0.998265,1.0053829,0.9961813,1.0090308,1.0020589,0.992831,1.0001491,1.0051411,0.9925972,0.9954266,0.9996724,1.0035781,1.0036509,1.004101,1.0015632,0.9955878,1.0023142,0.99785984,1.0035433,1.0000895,0.9992307,0.9955299,1.0010068,0.9995545,1.0067366,1.009134,0.99939805,1.0035912,0.9948019,1.0048319,1.0022762,0.9975782,1.0000197,0.99959767,0.99641085,0.9977164,0.9981988,1.0031204,0.99854255,0.99963367,0.9999751,0.9964597,1.0028476,1.0018537,1.0023805,1.0010763,1.0023707,0.9967381,1.0014757,0.99622643,0.9970428,0.9965817,0.9982133,1.0069007,0.992888,0.99746037,0.99992275,1.0024309,1.002975,0.9946704,1.0034544,0.9979157,1.0024137,1.0032939,0.99992853,1.0022987,0.99988395,0.9929175,0.9959538,1.001509,1.0005573,0.9938242,0.99232095,1.0019115,0.99950683,1.0070449,1.0005672,1.0002154,1.0038185,0.99399674,1.0031277,1.007502,0.99943525,1.0035326,1.0002532,0.99738765,1.0041579,0.9904186,0.9977792,1.0038307,0.9890318,0.99503183,0.9937038,0.9958269,1.0003232,1.0090916,1.0000474,1.0030601,0.9982172,1.0038283,1.0074924,0.99658746,0.99722975,1.0023199,0.99226373,1.0007715,1.0003874,0.9989654,1.0021489,0.9978106,0.9981549,1.0014886,1.0043751,1.0010401,1.0048735,0.99912816,1.0019102,1.0025841,1.0007731,0.99948645,1.0003023,0.9962294,0.99820155,1.0036914,1.0042485,1.0043634,1.002962,0.99635947,0.99928147,1.00434,1.0062001,1.0015297,0.9968994,1.0027134,1.0009049,0.99859554,0.99398595,0.9977377,0.99731445,0.99596983,1.0023035,0.9952396,1.0088725,1.0029771,1.0049524,1.0009239,0.99983317,0.99519557,1.0032464,1.0001737,0.9976592,1.0059806,1.0065514,0.998118,1.0026834,1.0047535,0.9994678,0.99872047,0.9924439,0.99614775,1.0021875,1.0016916,0.9968396,1.0046088,0.9977852,1.0007477,1.0007529,0.99167305,1.0054163,0.9965684,1.0026752,0.9977338,1.0008688,1.001248,1.0007939,1.0007071,0.99662,1.0032017,0.9955469,1.0034101,0.99606866,0.99351776,1.000411,1.0009453,1.0044059,1.0016466,1.002275,0.9971199,0.99424714,1.0061123,1.0019774,0.99746037,1.0060875,0.9957064,0.99686354,1.000446,1.0003026,0.9962459,0.995035,0.9948762,0.99854064,0.99862874,0.9991135,0.9977693,1.000831,1.0054997,0.9957585,1.0032129,0.99971926,0.9972767,1.0009474,1.0009108,0.9955527,0.995257,0.99518114,0.9994235,0.99691594,0.9925107,0.9977644,1.0057101,0.999369,0.9980887,0.9983398,1.0078812
1.0331099,1.0272781,1.0317595,1.0306386,1.0322919,1.0393655,1.0376327,1.0316032,1.0355822,1.0275648,1.0365311,1.0316626,1.0320857,1.0358174,1.0332989,1.0359784,1.0288217,1.0419984,1.0353831,1.0352981,1.0298997,1.0354325,1.0237304,1.0302092,1.0315057,1.0301683,1.0250397,1.0391625,1.0308442,1.0378739,1.0366755,1.0384582,1.0269462,1.0305496,1.028167,1.0328503,1.0326413,1.0293635,1.03135,1.0376676,1.03853,1.0233699,1.035808,1.0330187,1.0303097,1.0259713,1.0313454,1.0336034,1.0310272,1.033331,1.031356,1.0403703,1.0314894,1.0314946,1.0345628,1.0369473,1.0257123,1.0324749,1.034956,1.0317199,1.0267692,1.0301867,1.0243695,1.0287497,1.0335224,1.0367285,1.0336282,1.0241102,1.0371176,1.0370238,1.0304317,1.0317144,1.0363662,1.0308933,1.0387917,1.0313057,1.0362908,1.0362208,1.0364131,1.0328604,1.0296743,1.0393612,1.0312103,1.0308914,1.03624,1.0239398,1.0251864,1.0282847,1.0368321,1.0271137,1.0332978,1.0368594,1.040448,1.0371796,1.0374347,1.0281589,1.0245651,1.028788,1.0389402,1.034948,1.0290815,1.0320294,1.0342605,1.023585,1.0315013,1.0302656,1.0372727,1.028058,1.0387398,1.0379338,1.030603,1.0296438,1.0344615,1.0337893,1.0322117,1.0345191,1.0269191,1.0228868,1.0327885,1.0412381,1.0311097,1.0335902,1.0341983,1.0392549,1.0311234,1.0395383,1.031684,1.0354037,1.0320449,1.0310205,1.0284722,1.02843,1.0326858,1.0261,1.0306838,1.0288179,1.0306245,1.0297216,1.0360849,1.0281492,1.0327653,1.0300692,1.0312544,1.0293461,1.0384518,1.033085,1.0298482,1.0349262,1.0281405,1.0266669,1.0301844,1.035523,1.0258502,1.0348825,1.0387756,1.0273237,1.0280945,1.0320772,1.0400009,1.0275198,1.0327705,1.0241325,1.0277792,1.0246675,1.029063,1.0351566,1.0354002,1.0363615,1.029646,1.0305673,1.0301832,1.0299459,1.0311662,1.0310405,1.0355904,1.0308808,1.0372396,1.0366639,1.0265813,1.0431117,1.0355957,1.0357099,1.0406183,1.0346423,1.0391419,1.0229887,1.0370988,1.0305432,1.0249466,1.0340314,1.0269749,1.0366511,1.0317128,1.031577,1.0393376,1.0306724,1.0304391,1.0369062,1.0394564,1.0370362,1.0242375,1.0300939,1.0340044,1.0283247,1.0227879,1.0301712,1.0296432,1.0317997,1.0346901,1.0352087,1.0271715,1.0315903,1.0415201,1.0334541,1.0387976,1.0207404,1.041878,1.0249978,1.0286635,1.0371331,1.0287085,1.038468,1.0277809,1.0401119,1.0369778,1.0325749,1.0349388,1.0297624,1.0376353,1.0321158,1.0305389,1.0337625,1.0377841,1.0345315,1.0365369,1.0343572,1.0319788,1.0315844,1.0334028,1.0308286,1.0362208,1.0282296,1.0360628,1.0333312,1.0289531,1.0202371,1.0331851,1.034475,1.0312364,1.0427272,1.0372525,1.0326267,1.0346713,1.0280899,1.0321922,1.0330288,1.0315042,1.0326735,1.0264591,1.0289978,1.0322572,1.0314043,1.0362988,1.0239978,1.03375,1.0310624,1.0312063,1.0305828,1.0269998,1.0324477,1.0431131,1.0374471,1.0395458,1.0348246,1.029395,1.0320705,1.0351512,1.0286427,1.0353303,1.0341702,1.034827,1.0356548,1.0359411,1.0351169,1.0327929,1.0318745,1.0343623,1.0271218,1.0307763,1.033684,1.0332392,1.031548,1.0303794,1.0256265,1.0311426,1.0378368,1.0307497,1.0400624,1.030491,1.0361902,1.0256456,1.0363865,1.0327473,1.0301589,1.038259,1.0309728,1.032322,1.0283093,1.031441,1.0337282,1.0294307,1.0319402,1.0257214,1.0343584,1.0324632,1.0356762,1.0338764,1.0277687,1.0292351,1.0325223,1.028721,1.028834,1.0286332,1.0372741,1.0278747,1.0296617,1.0394478,1.0327055,1.0321301,1.0272192,1.0341609,1.0376307,1.0238355,1.0311265,1.0291076,1.0301751,1.0340587,1.0290809,1.0278842,1.0302457,1.0344774,1.0246457,1.0275786,1.0331457,1.0355705,1.0365181,1.0376326,1.0280805,1.0304887,1.032689,1.0368735,1.0372533,1.0307426,1.027344,1.0270917,1.0382346,1.0334575,1.0288419,1.0357912,1.0324727,1.0285796,1.0327897,1.0314039,1.0260936,1.0350809,1.0343839,1.0347899,1.0289576,1.0289088,1.0366089,1.030774,1.0324837,1.0277258,1.0371784,1.034151,1.0342675,1.0382378,1.0404,1.0233996,1.0388128,1.0322715,1.0424403,1.0302677,1.0366217,1.0344623,1.0355215,1.0257956,1.0330572,1.0294728,1.0243344,1.0430351,1.0371246,1.0401224,1.0312811,1.0278168,1.0329925,1.0273995,1.0309464,1.0365773,1.0287455,1.0286586,1.0355784,1.0380697,1.030794,1.0313815,1.031559,1.0285554,1.0243182,1.0371525,1.0372804,1.0343053,1.0335088,1.0265945,1.0323606,1.0222127,1.0361891,1.0379609,1.0329933,1.0393212,1.0347335,1.0305369,1.0330241,1.0290767,1.0323516,1.0326511,1.0300751,1.0298212,1.0408176,1.0298434,1.0294831,1.0326027,1.0339295,1.0290165,1.0336714,1.0366876,1.0293897,1.03182,1.0363775,1.0296282,1.0320988,1.0364457,1.0292252,1.0328746,1.0360607,1.0354079,1.0308117,1.0258108,1.0263299,1.0320936,1.0327923,1.0324866,1.0300955,1.0303515,1.0273768,1.036052,1.0355706,1.0321413,1.0334556,1.0348622,1.0360005,1.0308766,1.0313677,1.0234239,1.0333633,1.0283505,1.0308565,1.027955,1.0337378,1.0326109,1.0247786,1.030288,1.0231881,1.0328884,1.0321658,1.0293669,1.0355078,1.0319371,1.0318259,1.0372441,1.0446934,1.029637,1.0270342,1.0343583,1.0366967,1.0342022,1.031138,1.0463555,1.0271695,1.0425875,1.0360197,1.0253896,1.037579,1.0355225,1.0336295,1.0386227,1.0347207,1.0244914,1.0304056,1.0277482,1.0288401,1.0398753,1.0239571,1.026054,1.0359902,1.0356952,1.0337508,1.0334753,1.0278556,1.037137,1.0385553,1.0387641,1.0311759,1.0239984,1.0371381,1.0340936,1.033022,1.0408509,1.0331651,1.0347483,1.0318476,1.030618,1.0353327,1.037952,1.034297,1.0239199,1.0325038,1.0316602,1.0302788,1.0303195,1.0296502,1.0316077,1.0304554,1.0374365,1.0399865,1.0250316,1.0351095,1.0393296,1.0353488,1.0272301,1.0387583,1.030903,1.0270329,1.0428137,1.0263951,1.0370944,1.034582,1.0235063,1.0301784,1.0246762,1.0269057,1.0311915,1.036722,1.0419965,1.0360894,1.0279313,1.0330267,1.0341798,1.0386071,1.0316703,1.0343661,1.0370485,1.0287021,1.0291435,1.0312037,1.0408899,1.0326912,1.0384952,1.0287571,1.0330871,1.032204,1.0280161,1.0398746,1.0441,1.0270411,1.0293478,1.0300072,1.0351943,1.032487,1.0402005,1.0304374,1.0305737,1.03548,1.0373805,1.032459,1.0393828,1.0249312,1.0308496,1.0341324,1.0242416,1.0302827,1.0389038,1.0349692,1.0307536,1.0370631,1.0312855,1.0221579,1.0304999,1.0323147,1.0375111,1.0325826,1.0280882,1.0346905,1.036385,1.0416771,1.0310526,1.035539,1.0306208,1.032823,1.0462661,1.0339142,1.0358865,1.0327059,1.0303228,1.0377207,1.0356514,1.0309801,1.0324571,1.0415992,1.0335548,1.035024,1.0282875,1.0269539,1.0353681,1.0317225,1.032603,1.0378836,1.0402691,1.0367204,1.0326055,1.0325613,1.0289937,1.0318481,1.0331504,1.030859,1.0268443,1.0256492,1.0344852,1.0333899,1.0302151,1.034057,1.0344139,1.0357982,1.0306263,1.0362763,1.0285952,1.0338655,1.0326371,1.0317925,1.0379369,1.0269642,1.0332054,1.0331653,1.0385218,1.0366226,1.0357873,1.0470395,1.0346788,1.030273,1.0334189,1.0303309,1.0306035,1.0274192,1.0325708,1.0348125,1.0292265,1.0354321,1.033921,1.0335487,1.0348169,1.0329823,1.0331315,1.0233635,1.0282694,1.0292394,1.031221,1.028508,1.029081,1.0298733,1.0261185,1.0306084,1.0339769,1.0277804,1.0403498,1.0282542,1.0341231,1.0355533,1.0321085,1.0319058,1.0340029,1.0371909,1.0318286,1.0367644,1.0282913,1.030687,1.0404311,1.0301657,1.0338185,1.0317891,1.0312613,1.0364807,1.0424352,1.0346149,1.0326427,1.0386287,1.0334666,1.0377932,1.0310687,1.0285995,1.0322843,1.0318441,1.0287391,1.0282457,1.0347782,1.0365913,1.0325288,1.0380517,1.0276996,1.0283709,1.0339608,1.036339,1.0300846,1.0316262,1.0302873,1.033353,1.0346527,1.0330602,1.035237,1.0367191,1.0312465,1.0295593,1.0351425,1.0302198,1.0326157,1.0339411,1.0266634,1.0365971,1.0351689,1.0332656,1.0300843,1.02741,1.0309616,1.0369475,1.0273869,1.0259777,1.0326866,1.0341451,1.0315524,1.0262061,1.0283731,1.0349765,1.0365669,1.0241098,1.0333049,1.0282112,1.0267133,1.0366951,1.0388292,1.0369139,1.0378022,1.0306526,1.0323026,1.0324813,1.0391073,1.0362691,1.0371857,1.0268387,1.0441632,1.0298151,1.0351394,1.0296731,1.0354437,1.0257878,1.0338875,1.026157,1.0300623,1.0331014,1.0347992,1.0419586,1.020163,1.042511,1.0286496,1.027974,1.0384538,1.0419658,1.0309992,1.03251,1.0376644,1.0404423,1.0383536,1.0330536,1.0297999,1.0248907,1.0353488,1.0280762,1.0376664,1.0368602,1.0284034,1.0258852,1.0333387,1.0331589,1.032053,1.0336285,1.0350418,1.0279713,1.034412,1.0347884,1.0408984,1.0329694,1.0320716,1.0231622,1.0228735,1.031123,1.0314846,1.0311054,1.0295151,1.035365,1.0314227,1.0294496,1.0339094,1.0341245,1.0302429,1.0305117,1.0351853,1.0307082,1.0305183,1.0228891,1.0289527,1.0273191,1.0330384,1.0376081,1.0310435,1.0317206,1.0251558,1.0278548,1.0304446,1.028091,1.0350151,1.0363885,1.0319328,1.0311644,1.0358542,1.0321212,1.0352939,1.0283685,1.028807,1.0336224,1.0237169,1.0312319,1.0319445,1.0246867,1.0339409,1.0361276,1.0368724,1.0282124,1.033316,1.0336401,1.038841,1.0416907,1.0310636,1.0395075,1.0273684,1.0262977,1.0268722,1.0263981,1.0300964,1.0343393,1.0303246,1.0338601,1.035334,1.0368564,1.0322208,1.0372214,1.0261697,1.0374067,1.0365543,1.0305598,1.0318987,1.0281539,1.0345354,1.0317929,1.0283085,1.0331998,1.0393828,1.0368212,1.0379757,1.0362918,1.0313222,1.032969,1.0347416,1.0307542,1.0278622,1.0362384,1.0305897,1.029699,1.0289204,1.0286624,1.0323269,1.0279975,1.0368662,1.0319872,1.0360905,1.0239707,1.0414826,1.0280764,1.0339066,1.0348535,1.0322082,1.0229585,1.026418,1.0346034,1.0315661,1.0288272,1.0305967,1.0314043,1.0299734,1.0287467,1.0295863,1.0267103,1.0280011,1.0299474,1.0342,1.0311097,1.0358835,1.031736,1.033767,1.0346497,1.019852,1.0355486,1.0314313,1.0297072,1.031942,1.0370001,1.034071,1.033294,1.0294458,1.0394988,1.0340358,1.0391657,1.0342717,1.0264735,1.0333668,1.0359501,1.026364,1.024379,1.03437,1.0323436,1.0401825,1.0295492,1.0353227,1.0377276,1.0304312,1.0399948,1.0321792,1.0262942,1.0339004,1.0359747,1.0268182,1.0316044,1.0312285,1.0279261,1.0389687,1.0363027,1.0375246,1.0298198,1.0275636,1.0395148,1.035942,1.0340617,1.0356028,1.0343529,1.0301791,1.0295149,1.0353353,1.0306785,1.0343757,1.0344979,1.0324935,1.0221227,1.0370125,1.0417781,1.034647,1.0416768,1.0236458,1.024375,1.0343179,1.0319467,1.0325098,1.0326991,1.030654,1.0313271,1.0362078,1.0374762,1.0354941,1.031135,1.0382706,1.0322129,1.0328057,1.0290074,1.0324855,1.0419853
1.0951579,1.1035612,1.0994087,1.1030368,1.1093512,1.1049582,1.1084014,1.1119527,1.0979345,1.1044552,1.1099628,1.1051177,1.0968612,1.111085,1.1031883,1.0946133,1.0975724,1.10356,1.1093926,1.1042526,1.1103116,1.0976694,1.1102808,1.1034893,1.1079515,1.1071192,1.103495,1.0986516,1.1003115,1.1068834,1.1011295,1.1090195,1.1074095,1.1045578,1.1000564,1.1007403,1.1068038,1.1023409,1.105293,1.101754,1.1112719,1.1016355,1.1051307,1.1040689,1.1072665,1.0990835,1.1103544,1.1080526,1.0995216,1.1084598,1.099743,1.1033458,1.106423,1.1026893,1.0975502,1.1022295,1.1061726,1.1036603,1.1009289,1.1014681,1.111949,1.1080062,1.1077168,1.0973058,1.101572,1.1037688,1.1018604,1.1023608,1.1030518,1.1105685,1.1025417,1.108331,1.102455,1.0965594,1.1006397,1.1025611,1.1028403,1.1089774,1.1064063,1.0998517,1.1008178,1.1033875,1.1036774,1.1068312,1.1037679,1.1071947,1.1008472,1.0959275,1.1033301,1.1042616,1.0978312,1.0992588,1.1123458,1.1044005,1.1083937,1.0996134,1.1073842,1.1099398,1.1088045,1.0972147,1.094789,1.1041095,1.1030682,1.0934423,1.1093488,1.0966984,1.0995426,1.099832,1.1029321,1.0980088,1.1067227,1.1076844,1.1074728,1.100489,1.0998837,1.0978621,1.1002527,1.0956568,1.0995877,1.1041093,1.1061869,1.1050396,1.0990083,1.1050996,1.1024959,1.1049271,1.1064695,1.1059548,1.0949427,1.0988277,1.1076285,1.0989413,1.1031312,1.0981233,1.1060667,1.1049265,1.1091279,1.0979867,1.1056931,1.0966856,1.1040937,1.1030506,1.1012596,1.1034471,1.1026399,1.1064045,1.1031078,1.1081498,1.1080991,1.1053467,1.1044545,1.1019104,1.098541,1.1042072,1.1138321,1.1028428,1.1054127,1.1059293,1.1054753,1.0994169,1.1004572,1.0985938,1.1047215,1.1001614,1.0972433,1.1005628,1.0973414,1.1085862,1.0960262,1.1040927,1.0968671,1.107288,1.0933753,1.1044767,1.1060548,1.1018869,1.1074978,1.1051476,1.0983111,1.1045947,1.1125016,1.1029216,1.101008,1.1022518,1.1044518,1.1086253,1.1045841,1.1027693,1.1015546,1.1047039,1.1070904,1.1046065,1.1096507,1.1084372,1.1029243,1.1004652,1.1057484,1.1064814,1.0922078,1.1103588,1.1042327,1.099237,1.1112126,1.1017681,1.1089526,1.1071521,1.1070806,1.1004084,1.1026695,1.1038384,1.0973232,1.0996324,1.1013912,1.0997314,1.1105235,1.101801,1.1111522,1.1003278,1.1011646,1.1019173,1.1004198,1.1056215,1.1062036,1.1112307,1.107892,1.104288,1.0968361,1.0979718,1.1007994,1.1080627,1.1086167,1.1112467,1.1068374,1.1030673,1.09727,1.1058202,1.1010711,1.0981076,1.1034863,1.1063012,1.1110122,1.1038444,1.1008213,1.0981625,1.1055804,1.0996999,1.0983741,1.101777,1.1019982,1.1060934,1.1089525,1.1056147,1.106122,1.0988443,1.1020737,1.1007484,1.1032132,1.1016713,1.0953581,1.10367,1.1090882,1.1060215,1.0990127,1.1007367,1.0986912,1.1009157,1.1071755,1.1011969,1.1019927,1.0955377,1.1056931,1.1062452,1.1086519,1.1083423,1.0993803,1.1045914,1.1012354,1.1042181,1.0978107,1.1024466,1.1027246,1.1097142,1.1071584,1.1009294,1.1048348,1.0938591,1.1036838,1.10673,1.1104919,1.107655,1.104596,1.106612,1.1012896,1.1015042,1.1016755,1.1111208,1.0985518,1.1111829,1.103933,1.112971,1.0932521,1.1081768,1.1060585,1.1056502,1.1034373,1.1087188,1.107869,1.1041112,1.1066391,1.102837,1.100361,1.0991268,1.1049777,1.1007873,1.1083751,1.1036215,1.1031206,1.1068347,1.0934349,1.1092838,1.1029361,1.1050123,1.1053002,1.1035444,1.0999281,1.096909,1.1002163,1.1051676,1.107944,1.1000462,1.1019597,1.1017083,1.1104764,1.1087892,1.1093109,1.095881,1.0997291,1.1026428,1.1112325,1.1099138,1.1026556,1.1088136,1.1045675,1.0997072,1.0967577,1.1094354,1.1015112,1.1042317,1.0964402,1.1043102,1.1074933,1.1088014,1.0997458,1.10943,1.1037537,1.1040722,1.1054788,1.097342,1.1029592,1.1060269,1.1019541,1.1098603,1.1006778,1.1044583,1.106217,1.1054877,1.1058758,1.1013715,1.1102519,1.1034088,1.1076461,1.1030706,1.1031246,1.1087583,1.1018088,1.100119,1.1056656,1.1071612,1.0995518,1.1106144,1.1063915,1.1032825,1.0939387,1.0997624,1.104634,1.1089225,1.1051892,1.0920247,1.1008251,1.1006346,1.1044617,1.107927,1.1072276,1.1047618,1.1085594,1.1102483,1.1070145,1.1024363,1.0937136,1.0987365,1.0960491,1.1099015,1.0985508,1.1022092,1.108198,1.1052464,1.0986049,1.0968213,1.1004529,1.1102628,1.1047132,1.1041378,1.108762,1.0963064,1.0977457,1.10029,1.1057165,1.1073002,1.1130061,1.1089612,1.1025739,1.1006178,1.108946,1.1075194,1.0980519,1.1142527,1.1078788,1.1026014,1.1040903,1.1019213,1.1001165,1.1051284,1.1066347,1.1037776,1.0988764,1.1069374,1.0989643,1.1108147,1.1058868,1.10234,1.1131997,1.1012949,1.0961924,1.1063951,1.1123321,1.1066234,1.0914683,1.1032575,1.0980332,1.1018835,1.1007226,1.0995705,1.1005251,1.1041507,1.1134022,1.1004908,1.1020724,1.1057546,1.1058851,1.10309,1.0969833,1.1079342,1.103824,1.1076818,1.1079276,1.1020705,1.1061512,1.1141855,1.1066521,1.094398,1.1064168,1.1017741,1.0998583,1.0992192,1.0972686,1.1017406,1.1040374,1.1019017,1.1010777,1.098686,1.1117369,1.1011498,1.1026316,1.1030324,1.098418,1.1102755,1.1032292,1.112133,1.1053667,1.1011449,1.0979499,1.1099112,1.103647,1.103934,1.1067338,1.1025794,1.0987959,1.0987233,1.0951968,1.1123897,1.108052,1.0954735,1.1031784,1.1064717,1.1041797,1.1072937,1.1100398,1.10355,1.1001868,1.1030912,1.097014,1.1024797,1.0945295,1.1042219,1.1055727,1.1050733,1.1107444,1.0951548,1.1020494,1.1063552,1.1087599,1.1029284,1.1029172,1.0977544,1.1014683,1.1033725,1.1058154,1.1062983,1.099868,1.0979658,1.1040585,1.099151,1.1040639,1.1067104,1.1082357,1.1079872,1.1049612,1.0996393,1.0955242,1.1070247,1.1059661,1.1095295,1.1104805,1.1030643,1.1034831,1.1120741,1.1063402,1.1022644,1.103232,1.0970101,1.0993067,1.1027135,1.1122787,1.1022733,1.1084713,1.1152269,1.09558,1.098479,1.105026,1.1022409,1.0947905,1.0988973,1.1055461,1.0968932,1.1001168,1.0988888,1.0983974,1.1089728,1.1122711,1.1080939,1.1022485,1.1053044,1.108386,1.100704,1.0985689,1.1068628,1.1007881,1.102326,1.1059916,1.1034598,1.101881,1.101654,1.1004521,1.0935005,1.0985017,1.0962975,1.1088538,1.1056865,1.1014371,1.0994312,1.1063147,1.0955336,1.0995034,1.1090643,1.1092378,1.1062304,1.1024476,1.101728,1.1032416,1.1114117,1.1022712,1.1096749,1.1129607,1.1042415,1.101259,1.101056,1.0984868,1.1001924,1.1035426,1.1031214,1.1002502,1.1099855,1.1009531,1.1139258,1.0969176,1.1081144,1.1094023,1.1118575,1.0982741,1.1069632,1.1017437,1.1013921,1.103339,1.1053822,1.0990909,1.1059085,1.0998222,1.1019437,1.101434,1.103243,1.0967503,1.1029286,1.1055921,1.0994661,1.0998209,1.1057945,1.1068088,1.1005824,1.0991071,1.1053143,1.1092877,1.1024722,1.1055999,1.0943365,1.103816,1.0996779,1.1039724,1.0999607,1.1072587,1.1003289,1.0996447,1.1076102,1.0990373,1.1026814,1.1112543,1.1063752,1.1033306,1.105572,1.0966218,1.1049113,1.114357,1.0985893,1.1055045,1.1069261,1.1024231,1.0985068,1.1020919,1.1032736,1.104053,1.1032145,1.0927938,1.1002655,1.103444,1.1022266,1.1084955,1.1045996,1.0948912,1.1029692,1.1002637,1.0896946,1.109339,1.1058146,1.1103803,1.1084291,1.1051713,1.1059725,1.1041101,1.0978247,1.1102422,1.1110569,1.1002522,1.1013738,1.1073798,1.0970179,1.1060857,1.1054202,1.1017584,1.1039943,1.1001894,1.114019,1.0994112,1.1004889,1.0992514,1.1020734,1.1018497,1.0946469,1.1017485,1.0977972,1.1108131,1.1033043,1.111156,1.1051439,1.1007876,1.1061434,1.1037704,1.099596,1.1002424,1.0971195,1.1045007,1.1049265,1.099301,1.1000346,1.1030482,1.1017346,1.1052788,1.1112998,1.1028621,1.1011869,1.1044526,1.0990003,1.1092051,1.105598,1.1011717,1.1029118,1.1062703,1.1099272,1.1069833,1.0982708,1.1045631,1.1073275,1.1074436,1.1089712,1.1009272,1.1053731,1.1016461,1.0973893,1.1035497,1.098281,1.0956887,1.1077758,1.1043211,1.1008028,1.1053873,1.096786,1.1064514,1.1087835,1.0992277,1.0989088,1.1117444,1.102625,1.1103562,1.1035868,1.1068376,1.1062151,1.1048359,1.1057488,1.0995313,1.1033034,1.1075709,1.1004946,1.103988,1.111604,1.1084508,1.1012865,1.1094759,1.0967338,1.1159585,1.1015024,1.099406,1.1087008,1.101131,1.1053525,1.0968202,1.0980954,1.1032399,1.1012424,1.098328,1.1091481,1.1005623,1.1025062,1.1001691,1.096934,1.1069981,1.0964259,1.0973563,1.1034201,1.1037259,1.1076964,1.0931159,1.1010562,1.1034268,1.1054299,1.0990992,1.1012611,1.1095282,1.1011208,1.1029246,1.0945897,1.095197,1.0993783,1.1062905,1.1038035,1.1091433,1.1016598,1.1083577,1.1043037,1.1115396,1.1084278,1.1051767,1.094856,1.0972192,1.105526,1.110654,1.1089095,1.101386,1.0983166,1.1054703,1.1040858,1.0996351,1.1045121,1.09618,1.1012099,1.1078391,1.1033834,1.0950854,1.0959642,1.1107996,1.101454,1.1027731,1.109912,1.0935926,1.0969433,1.1085167,1.1030083,1.1058608,1.1003975,1.1055565,1.1088417,1.1031573,1.1002976,1.1050702,1.1040406,1.1013029,1.0977218,1.0971395,1.1030062,1.1066283,1.1097821,1.0941432,1.1035787,1.1087241,1.1025375,1.0998738,1.0953839,1.1017642,1.1086066,1.1048763,1.1018701,1.1021799,1.1058539,1.1057837,1.0961572,1.0991707,1.1032455,1.1057192,1.1094693,1.099641,1.1019892,1.1007228,1.1033131,1.0955949,1.0959609,1.1032941,1.1055439,1.0999181,1.1027899,1.1004667,1.1033428,1.1058933,1.1040992,1.0936487,1.1060933,1.1055939,1.097928,1.1011565,1.1110027,1.1062123,1.098139,1.103112,1.1009797,1.1068292,1.0981683,1.1045766,1.1020375,1.1028625,1.096048,1.104015,1.099747,1.1076651,1.0947175,1.1047664,1.1075503,1.1059365,1.0982158,1.0944006,1.1008722,1.1040779,1.0961988,1.1080166,1.1068512,1.0972363,1.1048752,1.1044011,1.1099616,1.097998,1.0995198,1.1048175,1.1021258,1.0950103,1.1012869,1.1115505,1.1073855,1.1067238,1.1003599,1.1044377,1.1007668,1.1038254,1.0989305,1.1018622,1.0984352,1.0974084,1.1061789,1.1044669,1.0962362,1.1057401,1.1032642,1.1081604,1.1065246,1.1012969,1.1021162,1.0977898,1.1057633,1.1082425,1.1028094,1.1005852,1.104381,1.1036286,1.1027578,1.1043751,1.1062129,1.1030401,1.1015849,1.1031073,1.1010284,1.1030648,1.0981792,1.1083568,1.0977098,1.1044353,1.1008717,1.1074622,1.1027154,1.0982466,1.0952078,1.0976075,1.0995142,1.1048675,1.1035892,1.1029271,1.1078911,1.1127545,1.1048958,1.1101936,1.0962548,1.1056299,1.100324,1.1027311,1.0984722,1.1016417,1.1018567,1.1034229,1.0953635,1.102548,1.1028079,1.1059599,1.1059902,1.100653,1.1002959,1.1025035,1.1022353
0.32556623,0.32692233,0.32947975,0.3264409,0.32532546,0.32915354,0.32635927,0.3339855,0.32597166,0.32278275,0.3297218,0.33378208,0.3339792,0.33155957,0.32942334,0.3273367,0.33761892,0.32905257,0.3304656,0.3289438,0.33334568,0.33428288,0.31939483,0.32331318,0.32890883,0.3270319,0.33004874,0.32880187,0.32909915,0.33087248,0.3293803,0.32658046,0.33279288,0.32667214,0.32991013,0.33024248,0.3288608,0.32996058,0.32147768,0.32628682,0.33254865,0.3304976,0.3299825,0.33123642,0.3269323,0.33277613,0.32431683,0.32157207,0.33353528,0.32989916,0.33297133,0.33511165,0.3273389,0.33199733,0.32808265,0.32658908,0.32335842,0.33003977,0.32411608,0.3357892,0.33076262,0.31929666,0.32747513,0.32723475,0.328194,0.32948682,0.3303858,0.3222252,0.33087912,0.32369158,0.32366344,0.33161756,0.32558852,0.33129433,0.33122486,0.32666734,0.32608005,0.3259008,0.32530606,0.32706878,0.3400944,0.3230654,0.333819,0.3261279,0.3317852,0.32904643,0.334019,0.33298165,0.32666528,0.32646525,0.32993323,0.3271103,0.32513943,0.3252454,0.32273114,0.32489693,0.33230564,0.3198489,0.32205737,0.3256266,0.33413747,0.32554793,0.32748038,0.32615846,0.32243496,0.3270375,0.32766157,0.32789853,0.33218148,0.3307525,0.33151463,0.3334142,0.32699326,0.32699293,0.33373684,0.32764235,0.33211848,0.3295406,0.32547474,0.3232421,0.32118067,0.32695204,0.3273771,0.32530367,0.32976836,0.3325474,0.32742187,0.3240038,0.3302006,0.32861638,0.3302487,0.3318491,0.33159447,0.3232985,0.32020405,0.32484692,0.3293418,0.3272815,0.3278851,0.33382794,0.33307603,0.3291057,0.32667083,0.32921323,0.3280319,0.3295227,0.3344513,0.3282735,0.32191107,0.33003667,0.32664,0.32718012,0.32272136,0.33371836,0.330355,0.32287273,0.3262663,0.33759448,0.32702962,0.3372681,0.32394487,0.33074397,0.32148966,0.3338724,0.32742408,0.32998452,0.33604002,0.33288983,0.32652637,0.3286221,0.3229273,0.32782432,0.33125782,0.32588252,0.32263163,0.32867822,0.3278645,0.32489792,0.32827246,0.329944,0.3254629,0.32971576,0.34101608,0.33253863,0.33165175,0.32227635,0.33468634,0.32531568,0.33330074,0.3337734,0.3272508,0.32233185,0.3311184,0.32672334,0.33326373,0.32760412,0.32283688,0.3278386,0.33219475,0.3271183,0.3316241,0.3316009,0.32227704,0.32450995,0.33107576,0.32128635,0.327457,0.32866034,0.33422422,0.3304487,0.33328816,0.32641062,0.3336893,0.32572007,0.32083708,0.32252657,0.32011372,0.33528134,0.3301016,0.3293835,0.31996858,0.3290757,0.32406628,0.32932597,0.32141253,0.3281251,0.33247936,0.3320588,0.33094093,0.33060905,0.32531628,0.32853752,0.32616132,0.33013445,0.34312448,0.335398,0.3305808,0.3299127,0.33218616,0.32709575,0.32271564,0.3265996,0.32941094,0.32699063,0.3270507,0.32644358,0.32893804,0.3314631,0.3327558,0.32388738,0.33445874,0.32553214,0.32791546,0.325833,0.33189064,0.33477393,0.33018747,0.32674643,0.3323397,0.32763368,0.32606813,0.32526377,0.3328811,0.33380795,0.32298777,0.32834244,0.33191463,0.33130485,0.32920086,0.32673258,0.3258806,0.33686057,0.3317672,0.33341244,0.33442494,0.32964146,0.32887048,0.32788876,0.32797292,0.3300634,0.32652098,0.33381796,0.3220964,0.32196388,0.32956114,0.3307628,0.32689133,0.33063534,0.3293948,0.32703498,0.3366227,0.327408,0.3329953,0.33011004,0.3332159,0.32463485,0.32861322,0.3220515,0.3212029,0.32611296,0.33207238,0.33457053,0.32921958,0.32738408,0.32935375,0.3273359,0.33191612,0.32722422,0.32707718,0.32327774,0.33133006,0.33256802,0.32532966,0.33211964,0.32853284,0.32476115,0.3339312,0.3312105,0.32894915,0.32955697,0.3324428,0.32460168,0.3304246,0.32950646,0.3280935,0.32665026,0.32893685,0.32507554,0.32937127,0.33356342,0.3333055,0.32178882,0.32875016,0.3266676,0.32495663,0.3245075,0.33257642,0.33147404,0.32735142,0.33061513,0.32505465,0.3260703,0.3291971,0.3241299,0.33757985,0.33525062,0.32939425,0.32674196,0.3256503,0.32773122,0.32930118,0.32425565,0.32845098,0.32920834,0.3292094,0.3226891,0.33215547,0.33174202,0.32976085,0.33080077,0.32457718,0.3246541,0.34161153,0.32680035,0.32836166,0.3291333,0.33206725,0.32248208,0.327131,0.32447982,0.32435158,0.33027047,0.32948178,0.33373326,0.32967928,0.33626708,0.33181366,0.33436626,0.33212975,0.3263503,0.3324918,0.32414758,0.33101362,0.3280092,0.3263825,0.3293935,0.33557284,0.32982507,0.3309124,0.33104807,0.334963,0.3332913,0.32580557,0.32893205,0.32938868,0.3257724,0.32640862,0.32268837,0.3277524,0.33052137,0.3281757,0.31843257,0.32716236,0.3301126,0.32655644,0.32343864,0.33040288,0.33262247,0.32865936,0.3267002,0.32745555,0.32493007,0.3247573,0.33955485,0.32642463,0.32287186,0.32601243,0.32346258,0.33038908,0.32357442,0.33527938,0.33026814,0.33326748,0.32824588,0.3249018,0.32903114,0.3301325,0.33307126,0.33181983,0.3276748,0.3345342,0.3321564,0.3252367,0.3289493,0.33341637,0.32499063,0.3303195,0.331514,0.32555538,0.33082563,0.33113608,0.32626858,0.32490212,0.3257762,0.31861362,0.3251915,0.32858357,0.3216469,0.3345532,0.3277113,0.33327097,0.32649082,0.3349097,0.32822552,0.32726353,0.32754815,0.320112,0.32587087,0.3251725,0.32609242,0.32695612,0.32822388,0.32264623,0.32799023,0.33022588,0.3292355,0.32615387,0.3181096,0.33025926,0.32784307,0.33271205,0.33227342,0.33767253,0.3376664,0.3272939,0.32934156,0.32406214,0.33060297,0.3303444,0.3313942,0.32564083,0.32421693,0.33067092,0.3281336,0.33202502,0.3224031,0.33092606,0.32838237,0.32707205,0.33201352,0.32915998,0.329279,0.3281899,0.32997885,0.32078212,0.33605585,0.33124256,0.32145125,0.32557228,0.32478914,0.32651386,0.32964206,0.32659698,0.33350706,0.329658,0.32425997,0.32732788,0.32743052,0.33253178,0.32863796,0.33729926,0.32646856,0.32339707,0.3375075,0.3326286,0.3264574,0.32797402,0.3316603,0.33226505,0.3353114,0.33484766,0.32769054,0.32957062,0.33313623,0.3337288,0.33182228,0.32718694,0.32291368,0.32789847,0.33210155,0.33259156,0.3330439,0.3281516,0.3328367,0.3293604,0.32488167,0.33060047,0.32575625,0.33432892,0.32276392,0.3293776,0.32697803,0.3233146,0.3257195,0.33027756,0.32630086,0.3271579,0.32716954,0.32730535,0.32847983,0.33901235,0.32855076,0.332596,0.3248489,0.3270282,0.32862923,0.33041883,0.33218768,0.32343182,0.32751524,0.3280553,0.32868358,0.3268001,0.3234135,0.32311782,0.3334763,0.32784936,0.32869995,0.33416864,0.33101606,0.32560092,0.32388282,0.32413223,0.33080664,0.3275626,0.33415788,0.32829836,0.33156484,0.32605547,0.32867575,0.32891026,0.3279018,0.3260063,0.33430734,0.33267283,0.3267033,0.3315555,0.32549363,0.32980633,0.33336446,0.32605594,0.33046144,0.33847588,0.32727572,0.33159494,0.32921484,0.33183825,0.33043954,0.32473645,0.32541096,0.33363634,0.3289293,0.32857794,0.32281333,0.32585886,0.3336957,0.33096686,0.32824564,0.3238536,0.33472234,0.32824048,0.3334023,0.32750407,0.3223271,0.3218249,0.3299854,0.32163733,0.32840353,0.33257583,0.32485422,0.32443097,0.3230391,0.33365732,0.33181205,0.3316322,0.33015183,0.32830095,0.3349243,0.33763775,0.32560503,0.3241461,0.33015513,0.32728347,0.3326707,0.3263657,0.32580745,0.3225408,0.3342235,0.33194494,0.32248953,0.32893506,0.3250851,0.32545966,0.32655644,0.32628772,0.33022836,0.33107916,0.327696,0.32744876,0.32103178,0.3354477,0.3251621,0.33000743,0.33645058,0.32723606,0.33456567,0.3312444,0.33438253,0.33664417,0.33295816,0.3303224,0.32816136,0.32965407,0.33125073,0.32923946,0.3178585,0.3317614,0.32928687,0.33107445,0.32233614,0.32991564,0.32128084,0.3271049,0.32993174,0.33331558,0.32651594,0.32741365,0.32540596,0.32554296,0.3390439,0.32733852,0.3237972,0.33012155,0.3224296,0.32890183,0.3279683,0.33523276,0.33276716,0.331352,0.32220486,0.3234833,0.32965395,0.3317626,0.3355455,0.32507303,0.3170846,0.32820138,0.3291163,0.33170152,0.32838997,0.32175207,0.32299182,0.33014548,0.3336743,0.32776174,0.3276155,0.3251845,0.32955468,0.3298564,0.33266997,0.33257934,0.32312196,0.33419475,0.32066154,0.32465538,0.3243999,0.32842338,0.32856545,0.31800604,0.33608747,0.32981756,0.33149576,0.32926866,0.32847756,0.32127592,0.32391128,0.33087385,0.33345902,0.33390898,0.32694268,0.323887,0.32451314,0.32730475,0.32375735,0.33052245,0.33158496,0.32888028,0.33375442,0.3248033,0.32709923,0.32299533,0.33479443,0.33218572,0.33011135,0.3256544,0.3330462,0.32987463,0.3227553,0.3325906,0.32678717,0.33029822,0.32299635,0.324684,0.33000872,0.33004624,0.32317442,0.3274224,0.3343672,0.32770398,0.33311513,0.33109486,0.32969645,0.3294261,0.32303345,0.33791596,0.32986927,0.32545227,0.3350108,0.33100247,0.32831216,0.33006924,0.32367083,0.32628188,0.32705382,0.3277397,0.32875282,0.3228468,0.33836728,0.325434,0.3235067,0.32901686,0.3279985,0.33415896,0.33581388,0.32792327,0.3406318,0.33629113,0.32977957,0.33335027,0.32943547,0.3241087,0.32716942,0.3283832,0.32486054,0.33329588,0.33276552,0.33247668,0.3304834,0.33560184,0.3313732,0.32182366,0.32500815,0.33494312,0.32972383,0.32845396,0.3285877,0.3340978,0.33140522,0.3258314,0.3329844,0.33248794,0.32957128,0.32372627,0.3344949,0.32478645,0.32950738,0.32446864,0.33296323,0.32560465,0.32815927,0.32730442,0.3239687,0.33380252,0.3273417,0.3264722,0.32794297,0.32388946,0.332736,0.33596998,0.33500102,0.32207203,0.33170322,0.3312229,0.33170125,0.33185318,0.33068848,0.32352743,0.33264384,0.3336112,0.32961038,0.3310901,0.3390432,0.3299595,0.32416317,0.3247225,0.33404982,0.33135802,0.328686,0.33071318,0.32315788,0.33111116,0.32127327,0.33197206,0.32450533,0.33138406,0.33215946,0.33389807,0.32510775,0.3357564,0.32743186,0.32464772,0.33141533,0.32988244,0.32848257,0.32705176,0.32968196,0.32969725,0.33238333,0.33551338,0.33638027,0.33137935,0.33210412,0.33216807,0.34219274,0.32611448,0.33262703,0.33123508,0.3284037,0.3310623,0.33164108,0.32613027,0.33415437,0.33079392,0.33444697,0.32930493,0.33098713,0.32520944,0.33057383,0.32393152,0.33636168,0.33679032,0.32565555,0.3258405,0.32014728,0.32037807,0.32719946,0.32618496,0.32873648,0.32642898,0.32903245,0.328986,0.3250528,0.33570555,0.32681063,0.32996196,0.3295062,0.3300541,0.3327708,0.32587597,0.33374658,0.3307507,0.32478935,0.32551536,0.3239384,0.33791652,0.3296673,0.32751614,0.33187202,0.3305681,0.3312351,0.3327062,0.3296232,0.3326632,0.32436103,0.32991767,0.33032373,0.32769063,0.33167878,0.33321315,0.3333393,0.32825235,0.3349316,0.33060503,0.3287839,0.32843763,0.32854617,0.32747218,0.33496946,0.32195428,0.33321548,0.3211971,0.33191356,0.3327803,0.32560328,0.32397944,0.32170558,0.32582894,0.32501602,0.32921755,0.33214656,0.3204803,0.32661635,0.32519037,0.31967592,0.3305264,0.3316995,0.32357353,0.3245413,0.3252044,0.32906315,0.3270353,0.32510784,0.33657044,0.3256314,0.3312344,0.32924584,0.33360726,0.33205938,0.3334628,0.3298888,0.33098677,0.33133036,0.33181137,0.33081824,0.3323486,0.32880777,0.3337775,0.32877567,0.31948623,0.33292642,0.32655126,0.3282167,0.33040544,0.3248165,0.3341083,0.3278093,0.32596317,0.33228508,0.3285333,0.32985508,0.33015254,0.32847148,0.33019713,0.32521132,0.3279535,0.32878172,0.3243931,0.3275924,0.32751772,0.3331585
