0.6704373,0.667645,0.67850184,0.6664094,0.67032725,0.6531738,0.6684249,0.6692494,0.6736048,0.6616966,0.6698315,0.67076087,0.6533417,0.6548947,0.6743914,0.6677518,0.6566652,0.6461275,0.67915034,0.6682911,0.6690777,0.6334586,0.66401494,0.6681154,0.66414857,0.6548335,0.66009617,0.6604036,0.6832841,0.66878337,0.6839392,0.6636789,0.66415226,0.67748034,0.64939994,0.675226,0.7038998,0.6765856,0.6656094,0.6619059,0.64913666,0.6523716,0.6659837,0.6750597,0.67465246,0.6696912,0.67654663,0.6918751,0.6668279,0.672626,0.6800157,0.6749479,0.6650643,0.6458461,0.6794464,0.6531117,0.68369585,0.64760953,0.67885417,0.67069745,0.6755943,0.6826245,0.65634197,0.6480534,0.65495497,0.6781094,0.63233584,0.67655957,0.66491336,0.6530149,0.6597262,0.65172863,0.6507168,0.65816015,0.6656259,0.6709154,0.6857591,0.6675775,0.6701759,0.68490285,0.6582004,0.67652166,0.66726696,0.6472902,0.67580813,0.6690258,0.6697073,0.66076535,0.66463035,0.6440319,0.683579,0.6840185,0.65318584,0.67272145,0.6846191,0.69971055,0.6855372,0.6670649,0.65569896,0.65622604,0.6716892,0.6646557,0.68889874,0.6698575,0.6503268,0.64581704,0.68807006,0.64459735,0.67622054,0.65960246,0.64967155,0.66698825,0.6577672,0.6746754,0.675526,0.6472945,0.66458416,0.6534811,0.6602119,0.6544951,0.67918026,0.63358045,0.67643565,0.68189526,0.64072156,0.6680412,0.66305274,0.6688488,0.67693186,0.6679092,0.69396096,0.6798977,0.65536803,0.65454495,0.6836009,0.6840278,0.6641763,0.6831162,0.66699415,0.6594718,0.6781449,0.68075246,0.6628118,0.6489907,0.63530755,0.653895,0.7011681,0.6796376,0.6786544,0.68303233,0.66560876,0.6838294,0.65709597,0.675132,0.6541974,0.6472214,0.6541334,0.6508131,0.6406629,0.66736615,0.6690729,0.68619615,0.64929366,0.66199714,0.6563966,0.6704313,0.6711001,0.66031057,0.6667086,0.66734856,0.6565328,0.65675783,0.66495645,0.65682536,0.67258376,0.66075504,0.6670325,0.6674864,0.65129524,0.66359824,0.64368075,0.68240833,0.67454,0.66070974,0.65547127,0.669002,0.63575405,0.6702618,0.63772434,0.663292,0.6541715,0.652517,0.66948634,0.6937701,0.666396,0.67218995,0.66737455,0.6665351,0.67559695,0.6503048,0.6745877,0.6683283,0.6722927,0.67014575,0.6502536,0.64883435,0.64923555,0.6521112,0.6610835,0.6694117,0.6835567,0.66597724,0.64879894,0.6766495,0.6840077,0.68567556,0.66298896,0.67531556,0.66600955,0.6493171,0.6815761,0.6754258,0.6461186,0.6787342,0.6657972,0.6634197,0.66657126,0.6655083,0.6565126,0.6659316,0.6738846,0.68179065,0.67598164,0.68431616,0.63781416,0.66851217,0.6617211,0.68820554,0.66357017,0.67906934,0.64381987,0.66764396,0.6693374,0.6548662,0.6639056,0.6746606,0.66237885,0.6526809,0.6927352,0.68005323,0.6678281,0.6700087,0.67417264,0.67082524,0.6641121,0.65618354,0.6550084,0.659486,0.64733857,0.6577871,0.6855062,0.64579105,0.6763864,0.6633759,0.6628591,0.6659011,0.6647217,0.64023924,0.68023,0.66556543,0.6599882,0.6764347,0.6648526,0.6594646,0.66309404,0.6477945,0.6582773,0.6535791,0.6493778,0.65729237,0.65573347,0.6500249,0.6749135,0.6673972,0.6653242,0.6587048,0.6721261,0.6646829,0.65788156,0.6702038,0.6457691,0.6667563,0.6559064,0.67008287,0.6571646,0.66161835,0.6797937,0.6393728,0.69031096,0.6733878,0.65626675,0.6624001,0.6704743,0.6469735,0.66497797,0.6717008,0.6585531,0.68032205,0.6568727,0.6567448,0.6595,0.69085985,0.6655359,0.6724838,0.67799807,0.66305447,0.6745992,0.6615492,0.6582384,0.6387022,0.6879239,0.65212756,0.6462008,0.64175093,0.6592697,0.69155383,0.6592112,0.6732695,0.66924316,0.67169213,0.6744672,0.6790113,0.6831362,0.68827975,0.676925,0.6553785,0.65117,0.64766276,0.6725522,0.6964198,0.63009673,0.6602799,0.6727838,0.67937076,0.6749608,0.66387945,0.6568379,0.6735998,0.6547481,0.65663075,0.6524342,0.6423389,0.667536,0.674251,0.6869423,0.6660611,0.67701113,0.65250105,0.66022545,0.68036836,0.6626664,0.66229457,0.6849978,0.6649531,0.6723259,0.6704375,0.65760416,0.6724869,0.6695297,0.67511255,0.6594736,0.67016035,0.66957784,0.67881924,0.6537201,0.65303475,0.654387,0.68494827,0.6812171,0.6710128,0.6740589,0.65790045,0.67200583,0.6658725,0.67737323,0.68650943,0.6531238,0.66990495,0.6975897,0.6658307,0.6730072,0.6791428,0.67113656,0.67144674,0.69105226,0.6574236,0.67211413,0.6454903,0.6454399,0.6675348,0.6793902,0.67649513,0.6674929,0.71024203,0.6820755,0.66264004,0.6738513,0.6677768,0.68943965,0.68127376,0.6701748,0.6392243,0.6395852,0.64875895,0.6610059,0.6930446,0.6462047,0.66264224,0.66494167,0.65042055,0.67220515,0.65398216,0.67416614,0.6516283,0.6584182,0.66566956,0.67891896,0.6685233,0.65647274,0.67098075,0.65535915,0.649171,0.6695647,0.66623217,0.6826752,0.67322326,0.6688357,0.6814026,0.6762722,0.68682086,0.6666836,0.6724255,0.68433726,0.67683256,0.66638106,0.6357817,0.6836813,0.66048616,0.6670866,0.65249515,0.6517815,0.6695134,0.6267686,0.6610046,0.6582553,0.6591976,0.69000083,0.6450283,0.65222687,0.6442384,0.6553891,0.6598101,0.68104696,0.6716737,0.66654855,0.67789936,0.6543609,0.65890723,0.66763484,0.67086655,0.65572584,0.64179236,0.67784405,0.66209817,0.6713053,0.67487466,0.6692205,0.65239054,0.6861457,0.65059596,0.6402835,0.695937,0.6721086,0.67221415,0.67940235,0.6695398,0.6582176,0.6544005,0.64885837,0.6702289,0.67117214,0.66334397,0.64133537,0.68460834,0.66771096,0.6576042,0.6607526,0.6924256,0.6712867,0.6815337,0.6744393,0.6690823,0.6846842,0.6599709,0.6602388,0.68447083,0.6702098,0.65605295,0.6326472,0.67010534,0.66567016,0.6809281,0.6613957,0.67584556,0.68197864,0.6664296,0.67250645,0.6851577,0.67795867,0.6595416,0.66579914,0.6818868,0.6653984,0.6623879,0.64695656,0.6695353,0.6902961,0.68080956,0.6659528,0.6839168,0.6667219,0.6717926,0.67178166,0.65470505,0.6756174,0.6537821,0.6428636,0.680783,0.6799814,0.6643337,0.6732323,0.6511269,0.6692114,0.6518461,0.66625094,0.6708419,0.6376211,0.6541537,0.65294665,0.6614739,0.6625973,0.67663276,0.6867576,0.6720654,0.6644336,0.6711524,0.67132676,0.65237063,0.6726379,0.65568596,0.6712476,0.66697776,0.68614906,0.67347074,0.6665693,0.68352485,0.64989465,0.66999936,0.65380204,0.6588524,0.6749482,0.67079586,0.647979,0.6690602,0.6461908,0.6693609,0.6512683,0.65811443,0.6753417,0.6523245,0.64429,0.6597924,0.66883624,0.67639637,0.68175834,0.6610333,0.6717169,0.6685277,0.67432153,0.6745138,0.68477476,0.6744907,0.6781717,0.65850145,0.6715501,0.6502576,0.6647948,0.6496327,0.6595584,0.6705856,0.6798088,0.65466505,0.6748097,0.69005996,0.67879224,0.6509964,0.679667,0.6755804,0.67480594,0.64637935,0.6884238,0.6482682,0.669224,0.6738488,0.66939753,0.6484569,0.6489694,0.67745525,0.6590896,0.67235744,0.6531097,0.65080696,0.65573925,0.6651727,0.66818166,0.6403259,0.6655454,0.6767692,0.66402614,0.6587994,0.6843785,0.6862939,0.6591463,0.666165,0.6620753,0.68056774,0.66955864,0.6733405,0.6387626,0.65888226,0.66702557,0.6660317,0.6583919,0.67146224,0.6585735,0.67959726,0.6347409,0.66528606,0.682588,0.64271134,0.6819132,0.68957216,0.6736315,0.65435064,0.675868,0.67168146,0.6730775,0.684804,0.6780643,0.6753686,0.68207026,0.66437745,0.6672926,0.65612596,0.6651784,0.6683889,0.6607789,0.6621025,0.6762223,0.6608484,0.67415375,0.6626431,0.68430847,0.671235,0.6520663,0.6687401,0.6633548,0.6446116,0.6613101,0.6879962,0.64596945,0.6637281,0.648421,0.6455218,0.65151024,0.6648133,0.6695684,0.65418845,0.6696151,0.69703966,0.66079533,0.69226635,0.67554766,0.67651445,0.6558957,0.688688,0.66222084,0.67489254,0.6819064,0.6710186,0.65470594,0.6779935,0.67228657,0.66620624,0.6590451,0.6676848,0.672295,0.6809162,0.6705522,0.6699265,0.66367584,0.6689525,0.66293305,0.6473566,0.66855687,0.6880866,0.6792823,0.66065514,0.68999654,0.68541557,0.6939453,0.66323936,0.66816825,0.67036986,0.65025204,0.63396126,0.6686925,0.663443,0.65130544,0.647603,0.67440295,0.68020684,0.669772,0.6529012,0.6762932,0.69620776,0.6428676,0.6933696,0.6463078,0.69164574,0.6655382,0.6759306,0.6818533,0.6700193,0.6972204,0.6940742,0.66019034,0.6599491,0.6853535,0.6574232,0.6653564,0.675279,0.67469037,0.66695833,0.67931,0.6703053,0.64761746,0.676965,0.65689987,0.6771109,0.6658385,0.69161516,0.6689007,0.66534126,0.66905934,0.6663777,0.64589983,0.6632056,0.6664248,0.66272146,0.67275923,0.65533024,0.64177454,0.6886586,0.66140324,0.67703444,0.66903865,0.6610404,0.6740187,0.658935,0.66597146,0.6826971,0.64967865,0.656737,0.65752274,0.66066754,0.66405725,0.65771735,0.64241165,0.6616502,0.65810096,0.65927356,0.6505767,0.6809498,0.65427226,0.64820975,0.6501749,0.6572596,0.6607304,0.66868883,0.66084874,0.6662487,0.6607932,0.65814763,0.6691022,0.67239773,0.6573799,0.6722076,0.6655824,0.6486732,0.6566957,0.676927,0.6536765,0.68204516,0.6530587,0.6507205,0.6922799,0.66013575,0.6707933,0.6807457,0.65131134,0.6806525,0.6503285,0.6547261,0.6793752,0.65930164,0.66542417,0.65537506,0.69167334,0.6764265,0.66853124,0.6843039,0.67702025,0.6815359,0.6705272,0.68806416,0.6903869,0.6570085,0.684965,0.651692,0.6494502,0.6809475,0.6600956,0.680796,0.68247706,0.66099006,0.6779611,0.65612805,0.67396164,0.67412424,0.67073554,0.66213703,0.6532793,0.65152353,0.6506462,0.6565373,0.64105904,0.6395684,0.6467065,0.66871125,0.6412624,0.6634663,0.6683347,0.66674745,0.6402585,0.6531026,0.6494238,0.6425539,0.670218,0.6537729,0.6565301,0.6685142,0.67843455,0.67554104,0.6812873,0.6790333,0.69277245,0.658514,0.6496594,0.6717138,0.66643417,0.6742163,0.6491712,0.66072,0.6933111,0.65857244,0.66882193,0.6672008,0.6675858,0.68816316,0.67394173,0.67867875,0.6413927,0.6755515,0.68391913,0.6765324,0.67894864,0.6653449,0.67614126,0.6800372,0.6625221,0.6624467,0.67271173,0.6567271,0.65902746,0.6795734,0.66396767,0.6736377,0.63843524,0.66584843,0.64921683,0.666416,0.67169535,0.6596809,0.6855751,0.6709429,0.6747517,0.6825781,0.6740376,0.6525022,0.65308297,0.68753386,0.6893105,0.6457507,0.6790109,0.6558196,0.6615292,0.6787674,0.6587914,0.66050184,0.65158165,0.6675794,0.65474224,0.6599552,0.6810782,0.66618127,0.6682489,0.6511625,0.6590936,0.6675664,0.674195,0.65972775,0.6668112,0.6676325,0.6602144,0.6554752,0.6590864,0.684406,0.6560149,0.66642827,0.6264015,0.65627426,0.650777,0.6427716,0.6502961,0.67657346,0.67241883,0.67705655,0.6450154,0.66602623,0.6660673,0.65506333,0.6726209,0.6601609,0.66417766,0.66762394,0.67372805,0.64275944,0.6949335,0.6585221,0.64967024,0.6702704,0.65410405,0.66501313,0.6631618,0.65451133,0.6828579,0.652428,0.67752707,0.6781388,0.66928893,0.6751778,0.6902116,0.65828735,0.6799187,0.68249196,0.6766054,0.6519726,0.6540305,0.65830326,0.6537269,0.6496044,0.64794,0.662729,0.6658749,0.67733073,0.64101106,0.6765253,0.67364746,0.65941817
0.55701137,0.53952706,0.53808665,0.5309367,0.5319481,0.5206747,0.5336614,0.5302743,0.52230746,0.53716785,0.52165073,0.5450854,0.5333849,0.5606173,0.53273976,0.5412677,0.55601054,0.5194092,0.53841436,0.518808,0.544307,0.517729,0.53368354,0.51626414,0.5511813,0.540598,0.5503079,0.5198131,0.5369743,0.53625333,0.5401683,0.5260419,0.52508926,0.5377148,0.5468455,0.53706384,0.54214215,0.55408907,0.5223386,0.49431247,0.5347896,0.5509595,0.5218761,0.5116644,0.54643255,0.5427503,0.5432347,0.5428185,0.548247,0.5458054,0.55192405,0.53802216,0.5491307,0.5288101,0.5552796,0.5289741,0.53361756,0.52528495,0.5415356,0.5455741,0.5341598,0.5478704,0.54122376,0.5249817,0.53580767,0.5228672,0.5226201,0.52525103,0.52889186,0.55250317,0.5379475,0.5279704,0.5353097,0.5250659,0.5288382,0.5498804,0.5293689,0.52843016,0.54372954,0.5367216,0.5187508,0.52574885,0.5343632,0.5259764,0.53078836,0.5530197,0.52039534,0.5429229,0.53109455,0.5164063,0.5330494,0.5536696,0.53752875,0.5244631,0.54503846,0.5429565,0.5352735,0.536182,0.51089925,0.52393067,0.54767615,0.5252511,0.5480552,0.548503,0.53650004,0.5327739,0.5485423,0.51402557,0.5365725,0.53012985,0.534486,0.50911164,0.5346813,0.5369446,0.54394895,0.5300738,0.5176143,0.54049397,0.53809834,0.5226551,0.5526881,0.5199635,0.54368126,0.54103225,0.5232798,0.57357687,0.5135713,0.5273598,0.535074,0.52196974,0.5458226,0.52670556,0.5300665,0.5278627,0.5392394,0.5209156,0.5384348,0.54998964,0.51558155,0.5209533,0.5389432,0.5432667,0.52747244,0.5216296,0.51290846,0.5143307,0.5483902,0.5276746,0.53947514,0.5260287,0.510064,0.537207,0.5299092,0.52698445,0.53580445,0.5222764,0.5334763,0.5416608,0.53725016,0.52809376,0.54811215,0.54638606,0.5332441,0.54252154,0.54106843,0.53851515,0.5263797,0.5284393,0.51130146,0.52580196,0.5093486,0.5490064,0.53730345,0.5115688,0.51850116,0.53486276,0.5339723,0.5241171,0.52924615,0.5481471,0.54645437,0.52264154,0.5340444,0.5176563,0.5334009,0.52087754,0.53215766,0.5458174,0.539965,0.5559304,0.531089,0.5204861,0.5279696,0.5569441,0.5470335,0.5553535,0.5419618,0.5163578,0.5397564,0.53714985,0.5380111,0.5188941,0.54095286,0.5373529,0.50522876,0.5274,0.5187295,0.5397339,0.5264979,0.5380042,0.52189237,0.54811347,0.51280195,0.56796396,0.53808254,0.56457776,0.5246052,0.5220213,0.5376875,0.53165984,0.5515637,0.51830024,0.5272187,0.528717,0.544713,0.5434527,0.52564394,0.53340054,0.5259283,0.5047219,0.5399463,0.5339149,0.5397556,0.529853,0.529779,0.5319523,0.5291079,0.51056,0.5439947,0.52899903,0.53074515,0.54682195,0.5340213,0.52769184,0.5365937,0.5391129,0.5462153,0.5270526,0.5455146,0.54293007,0.52091944,0.53895116,0.5348541,0.54560935,0.540996,0.51650834,0.5166711,0.5329038,0.51409054,0.52713746,0.5521471,0.52189195,0.53956896,0.5558464,0.5300041,0.5301454,0.5176805,0.50332826,0.544123,0.54074407,0.53585345,0.54158306,0.52097213,0.53343815,0.5361793,0.51924706,0.5097876,0.5331342,0.5306686,0.55156094,0.5362966,0.524369,0.53356,0.5319101,0.5451325,0.52353704,0.5337074,0.5443366,0.528129,0.5284009,0.5206486,0.542674,0.5446093,0.52991545,0.52626914,0.5392211,0.5273545,0.5397696,0.5352662,0.5419853,0.5342938,0.52890795,0.5423304,0.54252976,0.5430182,0.5460361,0.5396366,0.5561881,0.53441447,0.52396536,0.5465086,0.5515562,0.534792,0.5323848,0.53137976,0.5147515,0.5699133,0.55608517,0.5456934,0.50864816,0.5185203,0.51444817,0.51811266,0.5223034,0.54956126,0.5369951,0.5260586,0.53441304,0.5413455,0.5320746,0.5406172,0.5204962,0.54947007,0.5483353,0.5553826,0.5320973,0.5285245,0.5440709,0.53043956,0.5338162,0.5345602,0.52227163,0.5322396,0.5360754,0.5265437,0.5340085,0.50659305,0.5494295,0.50626093,0.5356834,0.5368436,0.524785,0.5471742,0.53822,0.51710886,0.51677775,0.5477689,0.54001975,0.5346494,0.5333277,0.5299566,0.54886687,0.52818584,0.5647979,0.5571204,0.5356901,0.52231205,0.51963335,0.5403137,0.5486915,0.5152979,0.52924395,0.52434844,0.5399899,0.53473735,0.54189104,0.5501319,0.54735965,0.5290152,0.56590176,0.508147,0.52672434,0.5355597,0.5519154,0.5225958,0.5480554,0.5343266,0.5320784,0.5441762,0.5464777,0.53443086,0.5448072,0.5220525,0.5334351,0.56292987,0.5351255,0.53240615,0.53370863,0.55127645,0.5446255,0.5513443,0.5225541,0.5432666,0.56796455,0.525727,0.5431449,0.5273256,0.53011376,0.5540759,0.5458041,0.53377074,0.51078224,0.52970415,0.5365525,0.52624655,0.5370745,0.5618617,0.5409412,0.5358285,0.53850156,0.52814716,0.5467719,0.54730225,0.5143007,0.52718383,0.52231556,0.5173464,0.5267232,0.5270181,0.53013355,0.52357876,0.52157325,0.54259026,0.53865993,0.51986116,0.5582297,0.5355681,0.5450837,0.5344316,0.542462,0.51370794,0.5321487,0.54982626,0.52240133,0.5291026,0.5271107,0.5306924,0.5127463,0.52890986,0.5265318,0.5190238,0.52569705,0.51556194,0.5237066,0.5105942,0.52667516,0.54276294,0.5290134,0.5490641,0.5210661,0.53293395,0.5149028,0.5506976,0.5296691,0.5313203,0.55221057,0.5332866,0.5412012,0.56474924,0.5261858,0.54822594,0.52701324,0.53592277,0.5177202,0.5449502,0.53356487,0.53769094,0.506945,0.55908674,0.5245057,0.5353754,0.5463925,0.5321787,0.55714285,0.5605765,0.5620625,0.54373294,0.5488533,0.5160161,0.5548999,0.54611886,0.5202398,0.5034163,0.5606886,0.542421,0.538906,0.52171326,0.5532223,0.5090399,0.53439724,0.5286572,0.52511555,0.57066435,0.5338707,0.49864477,0.5469323,0.5571323,0.5384752,0.5237764,0.52546245,0.5423954,0.52585435,0.53934944,0.51663226,0.5451783,0.53500205,0.55168897,0.53788704,0.5359164,0.52826816,0.53672826,0.52928936,0.54112643,0.5462222,0.536071,0.54110914,0.52280295,0.52893126,0.5455613,0.5375052,0.54900074,0.52648115,0.53788465,0.53675556,0.54174346,0.53375727,0.55204016,0.53423107,0.53553987,0.5117676,0.55795115,0.55466646,0.52288043,0.54703474,0.550728,0.53504807,0.5502988,0.5347106,0.5260536,0.5049068,0.5405321,0.5105721,0.5442799,0.528267,0.5378384,0.54376304,0.5445066,0.52047557,0.52184683,0.53458124,0.5252779,0.53291446,0.5271531,0.53076833,0.5513726,0.5260325,0.5239795,0.545208,0.5394193,0.5498525,0.5555895,0.5413114,0.5441234,0.54792863,0.5296101,0.537991,0.5319433,0.5402951,0.5417797,0.52836823,0.5499972,0.5347761,0.53202134,0.54862887,0.5370414,0.5349864,0.52490395,0.55470234,0.52268386,0.5652155,0.53979325,0.54580826,0.54249996,0.5289709,0.5389528,0.5295362,0.5315055,0.5473295,0.53619236,0.5317362,0.5266541,0.5430155,0.5068538,0.5412154,0.5485804,0.52377707,0.5352913,0.55598235,0.5366734,0.53046304,0.5418276,0.52011126,0.51807094,0.54596055,0.5438888,0.54240537,0.5466025,0.5217075,0.54871905,0.5312615,0.54767567,0.5353336,0.5449811,0.5417369,0.5365037,0.54821074,0.5202208,0.5523515,0.5503103,0.5134228,0.53890884,0.52379,0.5128327,0.52994806,0.54845935,0.55693775,0.5261347,0.53434765,0.53017324,0.5286345,0.55955887,0.52001524,0.5427492,0.52717,0.5210496,0.53941923,0.53867847,0.5350497,0.5197363,0.520304,0.54294044,0.5288534,0.53015465,0.5263837,0.56497264,0.5291352,0.5030047,0.55150026,0.5387917,0.5174168,0.52732897,0.5114244,0.5333143,0.5207047,0.5290102,0.54517204,0.54322535,0.54241663,0.5342052,0.5069845,0.52607673,0.5301043,0.51243675,0.52996093,0.53404415,0.52558,0.535668,0.53237534,0.5490812,0.5493724,0.53685725,0.51550835,0.514054,0.5401406,0.5406632,0.54607356,0.5224342,0.5217127,0.551364,0.54629123,0.5543783,0.55097026,0.54535246,0.5367618,0.5338483,0.53849155,0.5579241,0.5542627,0.5283187,0.52416265,0.507089,0.5547037,0.54006964,0.5196388,0.53306663,0.52752554,0.52426,0.5293958,0.5141333,0.52149,0.5429496,0.5449345,0.54130524,0.5363302,0.53157645,0.5475136,0.54593253,0.53088874,0.53247696,0.52728015,0.54345965,0.5405258,0.53511196,0.5487235,0.54002404,0.5191508,0.56261665,0.5163671,0.5081525,0.50515085,0.5414574,0.5285502,0.55001736,0.52963495,0.5522577,0.5375425,0.54604137,0.5364647,0.53449076,0.54828215,0.5534347,0.54099476,0.5312591,0.5377143,0.5379918,0.52731556,0.5097807,0.52175504,0.52798265,0.5313066,0.53568566,0.55907035,0.5429471,0.5254612,0.52510583,0.5582275,0.52771324,0.55925274,0.539472,0.5389826,0.5330513,0.5414251,0.5315113,0.5318809,0.52791363,0.5366411,0.52677137,0.50159204,0.5331772,0.5331967,0.544109,0.53715026,0.50797665,0.5440226,0.52806336,0.5388568,0.5293263,0.53461456,0.5308877,0.53479695,0.5340147,0.55134654,0.52647465,0.52636296,0.5267186,0.53143024,0.540828,0.5201745,0.5451493,0.52561253,0.5342992,0.55421,0.53827435,0.5439881,0.52451295,0.5382126,0.54221725,0.5307517,0.522136,0.5572141,0.5219156,0.5341964,0.5135426,0.52140015,0.52845055,0.52677196,0.5281269,0.54276943,0.5319615,0.5118125,0.5384378,0.5506933,0.534538,0.5238397,0.5436672,0.5162619,0.54566634,0.55234414,0.5381486,0.51915145,0.52008253,0.5460273,0.53824246,0.54838014,0.52153146,0.5342291,0.5367294,0.52247185,0.5402424,0.5169633,0.53464663,0.54516876,0.5305187,0.52769697,0.5321071,0.566873,0.5376748,0.5320541,0.53973097,0.52535707,0.52116615,0.5438558,0.5133422,0.5340393,0.5369776,0.52199817,0.5410234,0.54043406,0.5392424,0.535674,0.54018575,0.53516346,0.53966844,0.5272337,0.53387,0.5338825,0.52953017,0.5114455,0.5302576,0.5305138,0.5000393,0.53891796,0.54742813,0.52008444,0.52627844,0.52721894,0.52139,0.533545,0.54258937,0.5303502,0.5408466,0.52972496,0.5202067,0.53405625,0.54123443,0.55080444,0.54791766,0.5284509,0.5284384,0.5489382,0.519356,0.5380319,0.53259945,0.5420416,0.55232334,0.5241947,0.55645174,0.5458566,0.52213335,0.5226592,0.5310021,0.56072515,0.53822976,0.5365044,0.5461352,0.5436176,0.52140343,0.53986806,0.53155327,0.5436065,0.5293866,0.5249426,0.53145736,0.5141725,0.5316071,0.5470565,0.54079014,0.5237164,0.5495394,0.5354103,0.51825196,0.52363217,0.53844327,0.5394379,0.5425074,0.549634,0.5401494,0.52776086,0.53813744,0.53465414,0.5473541,0.54553187,0.5370713,0.5145602,0.52886176,0.5181185,0.5384071,0.5303588,0.5583045,0.54603153,0.5378835,0.52290547,0.54457164,0.5128345,0.54697186,0.5353653,0.5325329,0.5232235,0.5183672,0.536134,0.5291882,0.54348284,0.5209538,0.55709136,0.52265626,0.51500136,0.5447854,0.53826576,0.53347015,0.5440764,0.51973027,0.5326409,0.510367,0.542648,0.527501,0.5189983,0.5305902,0.5143598,0.5036426,0.5109597,0.527674,0.5324439,0.52267325,0.528131,0.52512634,0.547327,0.52493054,0.5234883,0.5549144,0.52493954,0.5483865,0.55029964,0.52912885,0.5280836,0.536598,0.533025,0.5390829,0.5242311,0.5439411,0.555383,0.5337945,0.5408427,0.55007035,0.5245422,0.54710245,0.533725,0.52682334,0.5106217,0.5072732,0.5225446,0.5248137,0.5138468,0.5441365,0.52053523,0.53779566,0.55241024,0.5135118,0.53351,0.53045595,0.5284492
0.69112223,0.6514846,0.6650308,0.653078,0.66057277,0.6684217,0.66543144,0.65711594,0.65460074,0.67169744,0.6866146,0.67114764,0.67621195,0.669487,0.6626543,0.66343045,0.6638414,0.66545016,0.6858511,0.65058625,0.68268055,0.65943176,0.67765373,0.63916266,0.6863305,0.6599487,0.663916,0.6524225,0.6809568,0.6604117,0.6734115,0.6629906,0.65855294,0.6697525,0.66011673,0.68911415,0.6816908,0.6786889,0.66859293,0.63528144,0.665076,0.6754111,0.66073203,0.6510676,0.6632988,0.667105,0.6733222,0.6863524,0.65724784,0.65249145,0.67478645,0.670033,0.6511849,0.65576684,0.68358225,0.6469759,0.67051584,0.6569002,0.67459947,0.66707695,0.6510115,0.66233695,0.66444004,0.6512001,0.6408295,0.66292334,0.6546566,0.6677172,0.6650501,0.67394537,0.6772376,0.6624431,0.6480311,0.66375905,0.649659,0.6755379,0.6616637,0.6807476,0.6853428,0.6956272,0.6733013,0.6558602,0.6862183,0.66958904,0.67016655,0.67956394,0.6645215,0.6770363,0.66009825,0.66437733,0.66205585,0.68905264,0.6580626,0.6637416,0.6836077,0.68254447,0.67215866,0.6696867,0.6500711,0.6452239,0.6873331,0.6632829,0.6771667,0.6783642,0.65428364,0.66500396,0.66048276,0.6734184,0.6627035,0.66956717,0.67139554,0.66254365,0.6682775,0.683491,0.65197605,0.65366554,0.67714405,0.68372875,0.6521077,0.64686644,0.691221,0.65617985,0.6660403,0.65969884,0.65448153,0.6795965,0.6676451,0.6630044,0.66646075,0.6864793,0.6719501,0.6662761,0.67841905,0.65758944,0.6652132,0.6574793,0.66990626,0.6765881,0.6434363,0.65730625,0.6771515,0.69037753,0.66236454,0.68042403,0.670545,0.6487943,0.6750174,0.6711488,0.6856373,0.6634705,0.6514963,0.67830294,0.66973376,0.66186315,0.6599177,0.653245,0.67463183,0.6650568,0.647606,0.6663822,0.6629725,0.67681205,0.6719363,0.67359245,0.66394687,0.68211734,0.6600649,0.66901606,0.6750608,0.6665154,0.66177946,0.6824267,0.6673273,0.67590076,0.6477836,0.6578622,0.6596174,0.66952705,0.6731365,0.69329584,0.6817836,0.67746365,0.66090524,0.65688455,0.6613336,0.6706116,0.65256035,0.67516685,0.6656414,0.66031027,0.6720257,0.64868367,0.6671502,0.6905476,0.6689491,0.68266374,0.6870325,0.6685444,0.6816799,0.66570425,0.6487166,0.6611569,0.68138295,0.66465557,0.6651605,0.65121305,0.6592472,0.6700815,0.68301576,0.6790175,0.6600775,0.67049503,0.64927804,0.6832564,0.6615769,0.6837317,0.663307,0.66346115,0.6610207,0.65031147,0.6823751,0.66880476,0.6446943,0.68502516,0.68279415,0.6451962,0.65797776,0.664685,0.65485597,0.65032476,0.6624995,0.6739663,0.6867891,0.6690045,0.6541539,0.66974765,0.6585012,0.66281086,0.70022756,0.6734361,0.6545424,0.67778885,0.67170286,0.6515668,0.67382,0.6434598,0.6856758,0.65825933,0.6577542,0.66538376,0.6736842,0.68401444,0.6621287,0.66390306,0.6730687,0.6570187,0.66251016,0.6540686,0.6547361,0.6627135,0.6674201,0.67762244,0.66920096,0.6763853,0.6610345,0.67254037,0.6965766,0.65336937,0.68016833,0.6568558,0.6803846,0.68456554,0.6590669,0.6752223,0.6687083,0.66856414,0.6446061,0.6499811,0.6801593,0.67022693,0.65298915,0.6599342,0.6709351,0.67698294,0.65408933,0.6636732,0.67648065,0.6742488,0.6697763,0.6638715,0.658951,0.681968,0.66981196,0.6683248,0.65472275,0.656175,0.6675988,0.67560756,0.6683131,0.6529352,0.66324,0.67184925,0.6657012,0.6893762,0.6796065,0.6787681,0.67565846,0.69382983,0.6709096,0.6754144,0.67451334,0.6542027,0.681338,0.6611943,0.65591174,0.6513731,0.6820476,0.66084516,0.66254336,0.65769446,0.68498373,0.660749,0.66880023,0.6621989,0.6739034,0.6801182,0.6516898,0.6726843,0.64870584,0.66219646,0.6644945,0.6874508,0.66130584,0.6605073,0.69212794,0.65181875,0.665265,0.6744012,0.6624463,0.69419044,0.6615255,0.6524962,0.6812099,0.6779054,0.66607285,0.67055243,0.65443337,0.65434116,0.6689821,0.66292846,0.65256363,0.6578475,0.6702555,0.67636853,0.69026464,0.6685011,0.6638157,0.66961616,0.6664525,0.6805925,0.6430308,0.67938405,0.67651784,0.68542814,0.66205835,0.6638939,0.6559603,0.66743577,0.6771446,0.6696469,0.6658387,0.670299,0.6576699,0.68442166,0.6769502,0.6441511,0.66175747,0.6776005,0.68106794,0.6796121,0.6492313,0.6517816,0.67442924,0.6801643,0.66965127,0.6831812,0.67888016,0.6769748,0.68822396,0.67038566,0.67289424,0.6777615,0.6606168,0.67980796,0.69407505,0.6726484,0.6844469,0.68506604,0.66328716,0.6851487,0.6764196,0.66914755,0.6664188,0.6918986,0.68785846,0.6669967,0.66043806,0.6388708,0.6810956,0.66691697,0.66710335,0.6525639,0.66471845,0.67579573,0.65445906,0.6822171,0.6502618,0.67255765,0.66310835,0.6703336,0.6659077,0.6808511,0.6709428,0.6566832,0.660633,0.6491035,0.650842,0.6648806,0.6714569,0.66364133,0.65035665,0.6701518,0.6676243,0.64950925,0.6441855,0.68887854,0.66326547,0.65506154,0.6637845,0.678423,0.6767083,0.66488504,0.6700894,0.6759288,0.6647481,0.6759997,0.6628135,0.6574806,0.6618943,0.6711477,0.6409751,0.66284907,0.6556528,0.6634614,0.6660143,0.67813575,0.68874514,0.6554623,0.6904708,0.6585447,0.6368045,0.67257375,0.68916225,0.6676934,0.6767647,0.66317046,0.65861017,0.65923446,0.68372047,0.6648119,0.6726311,0.6396721,0.6680669,0.66952384,0.6791551,0.668075,0.6790268,0.6418877,0.6958501,0.67359924,0.6676007,0.67580247,0.6927379,0.6778595,0.69212013,0.6944175,0.6762858,0.6734713,0.6812046,0.68375397,0.6605525,0.64770013,0.6512978,0.6802187,0.65308744,0.6764363,0.65744865,0.6776021,0.6557369,0.66403645,0.6775895,0.6703051,0.6834454,0.6734582,0.64973676,0.6677109,0.6845125,0.6604978,0.6410882,0.6801682,0.6793132,0.65304047,0.66986394,0.6745368,0.6831257,0.66855776,0.6672238,0.67636806,0.67993474,0.67892087,0.6610578,0.67748713,0.68193847,0.6916179,0.6699393,0.6636963,0.67461663,0.669746,0.6650969,0.684438,0.6802401,0.66362643,0.6793828,0.6500797,0.6907161,0.6650784,0.67595917,0.67151105,0.6652467,0.6674045,0.6774214,0.6733195,0.6894312,0.6622702,0.672554,0.65205115,0.66718227,0.67142844,0.65819746,0.641369,0.6814563,0.65560883,0.66937363,0.6755982,0.668886,0.69095933,0.66728723,0.65297544,0.6847555,0.66824454,0.66447765,0.67351615,0.66554886,0.68443245,0.6782769,0.6544472,0.64173657,0.68540233,0.664314,0.6389169,0.67443764,0.6608401,0.6700469,0.6649741,0.6611073,0.6715451,0.65863794,0.660322,0.6795204,0.65671265,0.67202437,0.67623174,0.6575272,0.6743162,0.6710865,0.6613585,0.6500797,0.67270905,0.68014055,0.6871196,0.6764967,0.6767233,0.64955515,0.68720484,0.6689605,0.6725295,0.6642294,0.6752946,0.6624686,0.6671285,0.67480683,0.6716895,0.678043,0.6738531,0.6609955,0.6454132,0.66626513,0.67008704,0.651227,0.64222014,0.6864304,0.65686905,0.6738272,0.6873962,0.66151804,0.66715235,0.66900676,0.6827807,0.68076724,0.6496344,0.6621767,0.6744977,0.64507145,0.650324,0.6787755,0.66186774,0.669204,0.6886832,0.6826152,0.658837,0.7026549,0.67264515,0.67277884,0.6630595,0.6838255,0.6904672,0.644554,0.6739131,0.6549122,0.6508885,0.6634254,0.65395886,0.67239827,0.65491813,0.6530128,0.67508125,0.66434544,0.67271227,0.66279435,0.653773,0.68053985,0.67478365,0.67298245,0.648927,0.68184286,0.67337006,0.6555401,0.6789307,0.67891383,0.6463538,0.6666714,0.67433643,0.67407453,0.65093124,0.66126883,0.6698695,0.63955986,0.6825616,0.675397,0.6682477,0.6755401,0.67127466,0.6450574,0.6765431,0.6575023,0.6923994,0.67959255,0.66264075,0.66202676,0.6660761,0.6549965,0.67066264,0.6580234,0.67004746,0.6676836,0.6998163,0.6661698,0.6398535,0.66225475,0.6729438,0.6716082,0.68010366,0.68164414,0.6584328,0.6710383,0.67554075,0.6840802,0.684557,0.6845856,0.6618577,0.65853804,0.68181586,0.66059625,0.6637923,0.6585662,0.6695572,0.6634147,0.65218854,0.65858066,0.6721008,0.6637406,0.6960389,0.66172117,0.6564073,0.68386054,0.68756205,0.6792899,0.6846895,0.6652734,0.6688653,0.6670856,0.69434226,0.65826577,0.6705985,0.67091334,0.67186874,0.6929337,0.6712932,0.6527343,0.6455585,0.6721504,0.6679938,0.6634997,0.6562969,0.66432476,0.6745009,0.66932493,0.67924416,0.6724547,0.68621564,0.66948986,0.6821017,0.66677856,0.6606893,0.67945963,0.6625931,0.6554909,0.6569927,0.70019996,0.6642705,0.65896386,0.6618721,0.68562996,0.6664053,0.66814876,0.6836917,0.68481123,0.6764873,0.67075557,0.65850323,0.65985435,0.6714538,0.66824806,0.68215096,0.67240584,0.6717298,0.6605877,0.6509102,0.6756257,0.67089534,0.67419,0.6534603,0.637766,0.6689552,0.6701107,0.66598547,0.6633251,0.6640856,0.6843988,0.6542686,0.65341854,0.67802405,0.6651402,0.65829265,0.66945297,0.66261685,0.6864578,0.6790294,0.6514534,0.6584272,0.6549791,0.6680622,0.6716975,0.6659519,0.64792794,0.6686963,0.66824013,0.6716205,0.63876915,0.6691395,0.68383974,0.665562,0.6496351,0.66274196,0.66579497,0.6679456,0.6522514,0.6735572,0.67947096,0.660929,0.6681657,0.67000747,0.67290515,0.6831367,0.66393197,0.6906139,0.67173946,0.67224276,0.6660467,0.650481,0.6610008,0.68330705,0.6680983,0.69599825,0.67678666,0.66784847,0.6710245,0.6527249,0.69890225,0.6822374,0.6674813,0.67162305,0.6771305,0.6590563,0.6525806,0.66292274,0.6577383,0.65215755,0.67489696,0.6815939,0.65547204,0.661981,0.66683835,0.67472816,0.66573,0.6479717,0.66408294,0.6710439,0.6577821,0.6614281,0.6702486,0.6645463,0.65882,0.6720979,0.6779256,0.6476483,0.64962506,0.6565273,0.66506356,0.6561325,0.6534793,0.68740803,0.6729545,0.6732891,0.6705538,0.67044127,0.6495491,0.6438631,0.6840512,0.6512333,0.63851064,0.67908126,0.6740002,0.65237564,0.6663591,0.69364417,0.68439764,0.6675461,0.64866674,0.6818809,0.6608842,0.6557142,0.66941345,0.67032856,0.68966925,0.6561048,0.66695774,0.6914969,0.6691054,0.68867123,0.67729366,0.67197204,0.6533858,0.68831694,0.67334944,0.67218965,0.6621118,0.66674143,0.6646905,0.66910714,0.65588266,0.6612762,0.66060334,0.6444101,0.6645478,0.65701056,0.66313285,0.6598198,0.6674105,0.6619039,0.66325283,0.6672276,0.6799279,0.6629254,0.66688514,0.6647227,0.6743275,0.678469,0.66453266,0.654394,0.6866866,0.6663039,0.67947525,0.6606222,0.66361547,0.65333194,0.68110836,0.6730258,0.67376006,0.6704745,0.6834774,0.6574237,0.6699611,0.6479148,0.6631669,0.66739464,0.65141916,0.673814,0.678974,0.6704899,0.65951043,0.6623925,0.6554542,0.6745516,0.65832394,0.6645801,0.6673036,0.67590547,0.6592756,0.6729207,0.64766705,0.6674756,0.66309035,0.66259015,0.65623164,0.6445393,0.6778673,0.6639471,0.6550304,0.6453855,0.69691974,0.6492919,0.6639941,0.6648465,0.66962993,0.66914034,0.66848314,0.66761535,0.6729148,0.65036106,0.67805266,0.68492955,0.6613,0.66205627,0.6642023,0.65726775,0.67776406,0.67167306,0.6655807,0.6787087,0.6644141,0.6556312,0.67808294,0.6867254,0.6746195,0.65292305,0.6726883,0.64601326,0.6678379,0.66674316,0.6439408,0.64611804,0.67129356,0.6511142,0.651055,0.67410564,0.64914376,0.6852951,0.6771106,0.667108
0.7085189,0.7029912,0.71525156,0.70589876,0.7175877,0.7185665,0.72098166,0.7246004,0.7195854,0.7191446,0.7223518,0.72696775,0.7053108,0.7037004,0.71493965,0.71130544,0.71482176,0.7162978,0.7146255,0.7095815,0.7286994,0.68744886,0.7259074,0.7313643,0.7182924,0.70623714,0.70657,0.71337366,0.7040184,0.7105895,0.7279359,0.6847185,0.7228308,0.71275645,0.69340885,0.71551865,0.72613114,0.71205026,0.71233046,0.7112635,0.7047433,0.6973723,0.7111529,0.7153744,0.6999366,0.7013868,0.72292805,0.7387765,0.7182527,0.7027432,0.71268344,0.7118219,0.71356314,0.69660753,0.71983844,0.70191574,0.725568,0.717475,0.7288666,0.71183956,0.72193134,0.71845853,0.69637835,0.6798393,0.6933533,0.7097623,0.7003106,0.7148145,0.71304715,0.71854126,0.71779037,0.7061334,0.72090465,0.70839053,0.7318945,0.7114656,0.72283345,0.7165781,0.7244208,0.72685087,0.7009057,0.69931316,0.7276269,0.6897936,0.7148612,0.71797854,0.7192607,0.70663184,0.70704114,0.7227898,0.71554387,0.7159625,0.7175105,0.73868126,0.7054997,0.7257897,0.7078904,0.7290225,0.7036888,0.71063393,0.7248004,0.7291824,0.7453226,0.7236917,0.7124186,0.7036323,0.710489,0.7014232,0.7002876,0.7061062,0.7149094,0.71867806,0.7011603,0.71614903,0.7191532,0.7203412,0.7073716,0.70626676,0.6851067,0.7143896,0.7237452,0.6867768,0.72049594,0.69881046,0.6945214,0.722966,0.7066408,0.71949595,0.727581,0.73511857,0.70895404,0.7343566,0.71654034,0.72297513,0.70302427,0.7199046,0.7162229,0.7308612,0.72396505,0.7119218,0.7164618,0.71813715,0.7240735,0.7217617,0.71383786,0.721189,0.7159717,0.7279784,0.7284988,0.71931946,0.6967898,0.7298937,0.69707453,0.7254514,0.7278344,0.7152482,0.7153846,0.7061729,0.71981657,0.71638423,0.69732565,0.713302,0.6988104,0.71485096,0.6957227,0.71612895,0.71554655,0.6932141,0.7120987,0.71687365,0.70670766,0.69871974,0.7229259,0.7040039,0.721782,0.6964128,0.70873743,0.7198473,0.70948946,0.7287872,0.715153,0.72469395,0.72099626,0.7132729,0.6877367,0.71322256,0.6934027,0.707189,0.7199904,0.7120091,0.71935135,0.6994062,0.7117653,0.71681815,0.70540184,0.70051056,0.7196313,0.71294093,0.74292547,0.6902136,0.72937363,0.71679115,0.68665487,0.70154196,0.7031881,0.7021834,0.70657057,0.70988446,0.71178347,0.70271796,0.70952964,0.68397665,0.7218093,0.7047508,0.7103521,0.72177213,0.710881,0.7263213,0.7135988,0.7113732,0.74417853,0.72314954,0.68454856,0.7334438,0.7215795,0.71108764,0.69794047,0.714745,0.7001203,0.72388583,0.69628215,0.718841,0.7367012,0.7320042,0.7018101,0.7200163,0.6971616,0.71719646,0.71463966,0.7305703,0.7146276,0.74202096,0.7038651,0.7227013,0.7325936,0.703052,0.68585443,0.7017056,0.72476715,0.71474403,0.7293635,0.6997283,0.7049713,0.7034539,0.7217013,0.7025399,0.69563,0.6874902,0.70684904,0.6987306,0.71004003,0.7090183,0.7258418,0.70700026,0.6986484,0.728794,0.7222753,0.69151586,0.71702933,0.71114564,0.71677846,0.71077454,0.72070795,0.72523224,0.7124159,0.700179,0.7153655,0.7048525,0.718866,0.7030019,0.70581275,0.72093064,0.7369985,0.70424044,0.7082708,0.69509315,0.72461516,0.7233314,0.7038019,0.7022811,0.71361244,0.7270757,0.7044555,0.68535835,0.69372994,0.7037296,0.71720666,0.6909942,0.7265966,0.71928835,0.71090096,0.71469307,0.71992004,0.6883123,0.7172525,0.721973,0.7132343,0.72048014,0.7081681,0.7237471,0.72855914,0.7141545,0.70111495,0.69990003,0.7360903,0.70268226,0.71920246,0.7192851,0.7153204,0.7043701,0.7206585,0.6957836,0.7131874,0.6897996,0.7155364,0.7168465,0.7075211,0.70805687,0.70034456,0.7128185,0.73554647,0.73462605,0.7319405,0.72561,0.71806955,0.7131081,0.7306668,0.71118194,0.73373026,0.7357923,0.69507533,0.683081,0.72498906,0.71908724,0.7131895,0.7267832,0.712046,0.71240693,0.71380836,0.6970483,0.7070834,0.6987946,0.7187021,0.7208992,0.7458501,0.7173584,0.7116361,0.7053446,0.72456676,0.7205221,0.69939375,0.7005401,0.73082143,0.7094402,0.7282796,0.72642386,0.7038766,0.7175863,0.7118268,0.70147866,0.7075397,0.69343203,0.7152488,0.73254573,0.72085565,0.6958344,0.6910493,0.7293096,0.72062385,0.7147496,0.71954745,0.72218114,0.70770943,0.7207008,0.72397,0.7100579,0.71039444,0.71215326,0.72252905,0.7211384,0.72958297,0.70326275,0.7224695,0.720095,0.72942036,0.727047,0.7314225,0.69583964,0.69198143,0.7294683,0.72061735,0.71552855,0.72973824,0.7319226,0.7262569,0.73467636,0.7276145,0.69928414,0.7241032,0.7100284,0.72540104,0.70595825,0.707387,0.6976738,0.714631,0.71851414,0.70042557,0.7100722,0.69846123,0.7024261,0.70256495,0.7139462,0.6911325,0.7152135,0.70736134,0.70626086,0.7187436,0.7179147,0.718084,0.7040227,0.6998381,0.71066177,0.71384525,0.70938194,0.7293746,0.69458646,0.70912045,0.71988565,0.7187553,0.72511345,0.69825345,0.7124319,0.7191814,0.7242243,0.70310533,0.6893712,0.7013142,0.7151871,0.7391999,0.7309723,0.6956767,0.7079999,0.685253,0.7108059,0.719232,0.7282057,0.7227656,0.69348186,0.7429196,0.71253943,0.6923344,0.72827953,0.72512484,0.7124133,0.7242291,0.7137199,0.7049361,0.71758634,0.73487467,0.70758003,0.6872383,0.6903392,0.72683203,0.72573805,0.72952193,0.7003482,0.7275232,0.7217991,0.7005626,0.7196542,0.7138929,0.7253821,0.72402865,0.7226184,0.7196418,0.72897935,0.7177425,0.7302733,0.6985432,0.7194683,0.7021683,0.7001052,0.70690244,0.7191542,0.7207985,0.69728506,0.69157934,0.7038522,0.7360656,0.73598176,0.71184987,0.7305342,0.7177668,0.7066911,0.70362985,0.70731956,0.71438104,0.6892915,0.68811977,0.7188815,0.7345769,0.7156336,0.6948799,0.7138028,0.71251,0.7101946,0.70292085,0.7163246,0.7300578,0.71977884,0.7247987,0.72996414,0.72801054,0.70916855,0.71111816,0.7103503,0.71054906,0.7233645,0.69504434,0.727065,0.7301863,0.7213273,0.71226543,0.70495844,0.71992344,0.71840864,0.71503544,0.7198706,0.7245835,0.70820916,0.692214,0.69960165,0.7121157,0.7045028,0.72364324,0.7194268,0.6910775,0.7066651,0.70690346,0.70986116,0.71342844,0.71402186,0.72202617,0.7217196,0.70469564,0.72737145,0.7226854,0.7122398,0.714628,0.7169119,0.73264086,0.72816366,0.7239831,0.71288824,0.6997149,0.7150214,0.71912503,0.7199211,0.7138181,0.6896988,0.70738584,0.7089888,0.6817636,0.7174707,0.7140038,0.73005265,0.6916104,0.69096434,0.7193942,0.72093415,0.7216937,0.7103625,0.70611393,0.7083438,0.7097618,0.7002142,0.7233173,0.70981455,0.7196023,0.6971769,0.71244204,0.69331676,0.7290151,0.7024841,0.70430404,0.6919457,0.703414,0.7059803,0.7012351,0.705744,0.72935337,0.70413023,0.7274068,0.7009662,0.6961457,0.6959539,0.7110366,0.7276475,0.72291785,0.6913844,0.7325903,0.69188327,0.7298237,0.7009397,0.72570574,0.7003733,0.7056365,0.7268181,0.70761037,0.7226767,0.71067566,0.7155732,0.7198199,0.7120134,0.7203456,0.6971299,0.7209835,0.70461845,0.71331745,0.72609705,0.7265681,0.71405244,0.70551324,0.7065201,0.71454036,0.7254878,0.7234171,0.7255238,0.7011003,0.71557426,0.7219848,0.70674163,0.70693,0.7090971,0.7019068,0.7200992,0.7036554,0.7075479,0.7205018,0.7047624,0.7466519,0.72952247,0.7202489,0.692956,0.71908176,0.71737176,0.7148401,0.7158158,0.73203945,0.72767276,0.7236271,0.72102463,0.7208832,0.70061314,0.7145133,0.7361305,0.70177054,0.7140619,0.7159763,0.7105967,0.7155967,0.7077544,0.7053124,0.7074344,0.70152205,0.7318668,0.71386373,0.68763626,0.6896916,0.71768254,0.6927364,0.7106356,0.72534835,0.703794,0.70542604,0.7214043,0.70726454,0.7030302,0.70638907,0.7212858,0.71761954,0.7202461,0.7186889,0.72063136,0.69760764,0.73044795,0.7321213,0.7031432,0.73136055,0.7241579,0.71234334,0.7206156,0.6918876,0.71532845,0.7207462,0.7321484,0.7131019,0.71856797,0.7222393,0.70436984,0.702161,0.72794485,0.71394867,0.67921036,0.7100808,0.7106497,0.71542394,0.7199239,0.7123627,0.73588884,0.7226352,0.70961493,0.6994393,0.7250478,0.71804374,0.70763844,0.7208489,0.712114,0.7028057,0.70475864,0.7054498,0.7264287,0.7216762,0.70544463,0.70267093,0.7073108,0.7069231,0.7409624,0.70614994,0.7282243,0.7132452,0.7239386,0.7192894,0.7063137,0.74609536,0.7161163,0.703879,0.71856034,0.7341587,0.7044057,0.7261018,0.7008028,0.7359128,0.7262015,0.7280274,0.69642824,0.70104164,0.7142012,0.71169525,0.73382545,0.7245763,0.72838426,0.7157502,0.7066812,0.71667725,0.7184052,0.6943819,0.7117684,0.70560193,0.728267,0.7210035,0.7118649,0.69866514,0.71881473,0.729398,0.720741,0.72033846,0.70171314,0.7195655,0.7066278,0.7273412,0.72817355,0.72042614,0.7131621,0.7244142,0.6929613,0.70370966,0.7217326,0.7060892,0.7374981,0.7050689,0.7080612,0.71180224,0.69085264,0.7151292,0.70942205,0.7176198,0.71097094,0.7246789,0.70940113,0.73099905,0.70962036,0.71799415,0.72087985,0.7178416,0.7275783,0.7261631,0.72110915,0.71509194,0.71249676,0.7139686,0.7127108,0.7040366,0.7251479,0.7126125,0.7070225,0.7064732,0.68761045,0.7194125,0.7301113,0.6936159,0.70860374,0.7066779,0.7008506,0.7313139,0.69879013,0.6995726,0.68753695,0.7335854,0.740517,0.7103155,0.7253576,0.723973,0.7121042,0.7158853,0.71022016,0.7063247,0.71538687,0.7385296,0.7167323,0.7121513,0.726111,0.69643337,0.7182793,0.70857656,0.70178854,0.73136586,0.7158235,0.7084273,0.7108567,0.6992935,0.7127327,0.6817376,0.6966897,0.70886326,0.7120796,0.7278647,0.696404,0.6999072,0.71605057,0.69450325,0.7229146,0.7181496,0.72682625,0.6958402,0.7111254,0.72346085,0.7003631,0.71085346,0.69759697,0.70134634,0.7250632,0.72994065,0.718736,0.72795707,0.72014534,0.7213805,0.701003,0.71756667,0.7109739,0.7186127,0.7070014,0.70247567,0.70540476,0.717349,0.6868726,0.7262389,0.7110087,0.7180221,0.74043256,0.7243548,0.72472924,0.69208324,0.7205759,0.723159,0.7202621,0.708663,0.72374773,0.7406513,0.72523504,0.72385126,0.7209794,0.7088673,0.71788347,0.6999061,0.7194294,0.71383446,0.7046795,0.68546444,0.71999246,0.6997186,0.73638344,0.71624255,0.7042713,0.70594066,0.7175545,0.72648454,0.72963107,0.71453184,0.70077145,0.6962308,0.71800953,0.7224569,0.7127128,0.70738775,0.7310341,0.72602826,0.7281033,0.71908545,0.72443414,0.72128487,0.6908544,0.6920906,0.6991256,0.7200033,0.6938379,0.71189284,0.7021872,0.6976907,0.70725954,0.6998584,0.72472006,0.72291046,0.7216446,0.6961345,0.6948835,0.71099883,0.7149477,0.7081032,0.71402895,0.7180899,0.6973644,0.70349467,0.686771,0.7195553,0.7119031,0.71773297,0.73038644,0.7128168,0.7229864,0.71938145,0.7134294,0.7138363,0.7108496,0.7152874,0.7265042,0.70186603,0.7067525,0.7275527,0.70472944,0.71236926,0.6938112,0.7163676,0.7189904,0.72454715,0.7038729,0.71187544,0.7066779,0.7224462,0.7243381,0.6950386,0.6862193,0.7211114,0.7288308,0.71992815,0.70788467,0.73079824,0.7196284,0.7229784,0.7083352,0.72208184,0.72203004,0.70375526,0.70625377,0.7054634,0.71239483,0.7134805,0.71770024,0.727653,0.7234984
0.57565117,0.56106293,0.59127533,0.5654902,0.57123697,0.5749871,0.58442897,0.5833167,0.5949576,0.5960784,0.5990108,0.57979536,0.56393856,0.5948242,0.5792693,0.57483387,0.5984812,0.5917584,0.59216696,0.5705172,0.5747153,0.56416607,0.59238863,0.5899355,0.5902981,0.5624997,0.55981934,0.5795419,0.5777458,0.577112,0.61251885,0.5620127,0.61198187,0.5675087,0.5857195,0.57828534,0.59681475,0.5842494,0.58504146,0.57853764,0.55562985,0.5848978,0.5647226,0.591444,0.58111167,0.5706744,0.57528496,0.59911686,0.5791537,0.5844456,0.5863498,0.60822266,0.57941204,0.5733164,0.5851996,0.563924,0.56516063,0.5976508,0.61128294,0.5914717,0.5851724,0.5851433,0.55103517,0.5629916,0.5704304,0.5967642,0.56457096,0.5671391,0.5860123,0.60089797,0.58745337,0.57042027,0.5892325,0.58049303,0.58411,0.5962473,0.5705062,0.58276063,0.5857198,0.58951586,0.57397836,0.5708948,0.5830931,0.5783717,0.59139436,0.6049878,0.5809181,0.5799804,0.5786884,0.57121885,0.598684,0.58189005,0.5818053,0.5966905,0.5843566,0.58277005,0.59690404,0.5946247,0.5660457,0.5862283,0.58798903,0.581141,0.6039463,0.597338,0.55416393,0.56367785,0.58146113,0.57747585,0.57076204,0.5957238,0.5768153,0.5829227,0.57477415,0.57753175,0.5762575,0.57100403,0.58636975,0.5745087,0.5688388,0.57556206,0.60116637,0.56451374,0.5765488,0.5817752,0.581441,0.59398466,0.5830764,0.5657506,0.61035234,0.5954538,0.58911145,0.60823256,0.57535124,0.59513324,0.5771638,0.58715,0.5837403,0.6091045,0.57982296,0.575137,0.58714837,0.5975884,0.574039,0.5865674,0.58415073,0.57159245,0.60200036,0.59117174,0.5856618,0.6012962,0.5690116,0.60839266,0.5794159,0.58711666,0.5947349,0.57686275,0.59455264,0.5875829,0.5985569,0.5868535,0.58525825,0.59348893,0.5895022,0.5794146,0.5758097,0.5878027,0.5680075,0.57102394,0.5642156,0.58023816,0.57369286,0.56818545,0.5847833,0.5624415,0.59001684,0.5738327,0.58591837,0.58245856,0.5801268,0.58566236,0.5873117,0.610606,0.58072174,0.574285,0.5802393,0.60226625,0.5804051,0.5899601,0.58130497,0.5939869,0.5713708,0.5677593,0.5780579,0.59158,0.5796163,0.597548,0.5839792,0.5766823,0.5893247,0.58018816,0.5864159,0.59227633,0.5660283,0.5718904,0.5886459,0.57686555,0.5652293,0.5758419,0.5797462,0.57710034,0.56545603,0.5615748,0.5757761,0.5827311,0.5715055,0.5755245,0.5817792,0.5767602,0.58298945,0.58348113,0.601748,0.59220934,0.5694549,0.6147388,0.6006805,0.58939403,0.56925446,0.58668923,0.5768014,0.5949647,0.5812414,0.578007,0.5956251,0.60439664,0.57435113,0.57890975,0.5680744,0.58409125,0.58331907,0.60480344,0.57912076,0.5920039,0.5847167,0.5664753,0.6028848,0.5818617,0.56645703,0.57098186,0.5858842,0.5818502,0.5890716,0.5712942,0.58971834,0.59213114,0.5870727,0.5722143,0.56995034,0.56818867,0.58850586,0.59438866,0.5922237,0.5761578,0.5785899,0.5766286,0.58571035,0.58573586,0.5681844,0.5675022,0.5925818,0.57267094,0.58837384,0.5806354,0.58115107,0.57023525,0.5553441,0.55696917,0.58282614,0.58785653,0.598316,0.5714168,0.58495927,0.587289,0.5923032,0.5675666,0.5584061,0.5641646,0.5938429,0.62228686,0.5689795,0.5835656,0.5965047,0.5892582,0.5844236,0.56974626,0.5699529,0.57690656,0.5804701,0.5866629,0.59968585,0.5948936,0.5974994,0.5773664,0.5867927,0.565746,0.58809423,0.6026027,0.59835404,0.6103354,0.56977797,0.57481825,0.5884938,0.5742675,0.5799804,0.5787967,0.5918437,0.5819881,0.60192865,0.588072,0.58143276,0.5649455,0.59310275,0.5509444,0.57950777,0.55439216,0.5927771,0.5832654,0.5714348,0.5769558,0.58833826,0.57384187,0.59309596,0.58539546,0.5817748,0.5940961,0.5865763,0.5947759,0.57028806,0.5761128,0.59243834,0.5892997,0.56987697,0.57954353,0.57597566,0.5758853,0.5838829,0.579625,0.58580905,0.5986062,0.57834464,0.578567,0.58857685,0.57393646,0.57718,0.5842408,0.6021966,0.5844702,0.5894743,0.5701328,0.5840508,0.5959328,0.57407045,0.5693331,0.597256,0.57234186,0.5694139,0.5701152,0.5708098,0.5923218,0.5761214,0.5833333,0.5793024,0.5614443,0.58438057,0.5749688,0.5891543,0.5762267,0.5649951,0.5849381,0.5860477,0.57413703,0.5694465,0.57425684,0.58356845,0.58285457,0.5856291,0.5863979,0.5925051,0.5615798,0.60059154,0.57199895,0.5950177,0.5684453,0.5976479,0.5735822,0.5863184,0.59267163,0.59974056,0.5702737,0.5816526,0.6010576,0.60147876,0.57837343,0.5747448,0.60566866,0.58628535,0.59519047,0.5996909,0.5661853,0.58429545,0.5704201,0.5802158,0.58266246,0.5745823,0.5774417,0.61177635,0.58703315,0.558233,0.5962465,0.5915951,0.5658988,0.57059693,0.588001,0.56637204,0.57491434,0.57737064,0.5724934,0.5694459,0.58147633,0.5956407,0.60122347,0.57177734,0.5696948,0.59176713,0.58764434,0.5877705,0.5707088,0.5739708,0.5951711,0.588392,0.5927462,0.5856422,0.5812475,0.6017031,0.5774491,0.5951006,0.5664033,0.5871998,0.58530813,0.5931801,0.5787294,0.5722244,0.5813608,0.5747352,0.5783932,0.5866961,0.5774648,0.58710206,0.5772037,0.6026776,0.56748855,0.56646055,0.5977843,0.5974598,0.5833204,0.57644194,0.59963536,0.5764414,0.60018975,0.60260403,0.56688803,0.57554567,0.5654553,0.5779346,0.5873133,0.602418,0.56500053,0.58348185,0.5783577,0.56794184,0.57834697,0.57882655,0.5996379,0.5838231,0.6002319,0.5924962,0.58791304,0.59880203,0.5802835,0.5604402,0.5881587,0.5646864,0.5761096,0.56519043,0.6033739,0.5736929,0.570944,0.5783875,0.582384,0.606053,0.57814574,0.5823588,0.5952314,0.60811245,0.558538,0.57028306,0.5924206,0.59044707,0.57024974,0.55984944,0.5739522,0.59645545,0.5666507,0.5638462,0.5869354,0.56270504,0.5849661,0.5802835,0.6043293,0.60367,0.58742326,0.5874047,0.58292,0.5884365,0.59568477,0.5782934,0.5708883,0.5829493,0.5929398,0.57965326,0.57672507,0.6006028,0.59391165,0.58647746,0.5796507,0.60469043,0.5939256,0.57412684,0.59225106,0.56900203,0.59218144,0.5780122,0.58804685,0.5698915,0.5813946,0.5796329,0.58956945,0.55567473,0.5660831,0.5798539,0.58401257,0.59766686,0.5702838,0.57553923,0.5770365,0.58734494,0.5943561,0.58742076,0.5859042,0.5741999,0.57697237,0.60319215,0.59121317,0.60955924,0.5929784,0.5699223,0.6009909,0.5908187,0.5716525,0.58750546,0.570872,0.5721636,0.593786,0.5733396,0.59758556,0.58154124,0.5849038,0.5957841,0.57943726,0.5747436,0.56821316,0.5802044,0.57522106,0.5892993,0.5830118,0.5811676,0.569237,0.56865656,0.58625615,0.5860562,0.569705,0.5698485,0.5544855,0.6075641,0.58930755,0.5729797,0.55886203,0.5693495,0.58337694,0.5755649,0.5895439,0.58420366,0.5952117,0.58823967,0.5804047,0.56918347,0.5874268,0.58486474,0.5976001,0.5950005,0.56994003,0.6051302,0.562437,0.5937342,0.5904902,0.5855429,0.5600821,0.5762329,0.5945223,0.564918,0.5876702,0.5902689,0.57875353,0.59497803,0.57320905,0.5785232,0.57584155,0.5698428,0.57405424,0.5863935,0.60715145,0.6007322,0.5980678,0.59950167,0.5782965,0.57433265,0.5745541,0.56447494,0.58494747,0.56495297,0.59053767,0.5947363,0.56702274,0.5776719,0.58914024,0.58249265,0.6040594,0.5760019,0.58114094,0.5965248,0.5682841,0.6115119,0.5867962,0.5976616,0.5418778,0.6014261,0.5621059,0.59890765,0.5847843,0.58408356,0.58662695,0.6014977,0.56886643,0.58758485,0.57391846,0.57963,0.60781866,0.5787352,0.5825967,0.5891717,0.5733439,0.57206124,0.5917107,0.58304626,0.5916358,0.58519673,0.61670494,0.5925675,0.5630515,0.579524,0.5967641,0.5640583,0.5967311,0.59291595,0.5750385,0.58524704,0.5852891,0.5866736,0.58581394,0.5901585,0.5895118,0.57840407,0.59166336,0.5898741,0.592835,0.56701416,0.6028314,0.58304465,0.6051258,0.59520155,0.60006046,0.57563287,0.5916312,0.5799455,0.5875303,0.58424866,0.601763,0.60022676,0.58301616,0.5875231,0.58496463,0.5670283,0.5988,0.5794078,0.5588868,0.5943692,0.5911192,0.58970654,0.5731349,0.58440185,0.5981062,0.5844065,0.5783219,0.58289903,0.5898763,0.57719445,0.58060604,0.5716516,0.5889858,0.5768228,0.58820003,0.57288647,0.59359,0.5876938,0.5880854,0.6058046,0.57537764,0.57834524,0.60512644,0.57072055,0.5887934,0.5724015,0.5713877,0.592395,0.56429344,0.6056197,0.5833,0.58034813,0.57669526,0.5919358,0.5923365,0.58625925,0.5810736,0.5997372,0.5972814,0.58934355,0.5882093,0.5901888,0.5564718,0.5702448,0.5907261,0.591755,0.5929823,0.5775863,0.5791768,0.5900436,0.6023553,0.5745162,0.59336054,0.5768842,0.60393214,0.57285035,0.5610613,0.5641126,0.59385264,0.59827805,0.5827659,0.5899297,0.58533937,0.586929,0.59115475,0.5904974,0.5844189,0.57587886,0.5866922,0.5855249,0.5773523,0.5938926,0.5886053,0.5885098,0.5728025,0.5761028,0.58050567,0.6044452,0.5788348,0.58661556,0.5765837,0.5833106,0.5631697,0.58760154,0.5910688,0.5964739,0.58346695,0.5988459,0.5914796,0.5792229,0.5818998,0.59631085,0.57338107,0.59686136,0.5833609,0.5642178,0.60213095,0.57743466,0.5832211,0.58709836,0.5819232,0.5708473,0.5658376,0.5942417,0.57046175,0.55657524,0.58213973,0.57885706,0.5649982,0.59187454,0.5889047,0.5808845,0.5697888,0.60653,0.5819429,0.5897744,0.5972282,0.60053897,0.5827631,0.5901096,0.59745705,0.5877895,0.5672126,0.593173,0.5835649,0.55551356,0.60357666,0.5842605,0.57192737,0.5949394,0.5867187,0.5658145,0.5869679,0.59599954,0.6108107,0.57516044,0.5805764,0.5572095,0.570205,0.57509774,0.585328,0.59297824,0.55898225,0.56984466,0.59326744,0.56756777,0.591832,0.5868965,0.5786783,0.54102176,0.57631266,0.5799392,0.56324136,0.5801717,0.55909705,0.57528996,0.59776884,0.5781539,0.5865123,0.5878651,0.586925,0.5717418,0.58147734,0.5772576,0.5883095,0.5846444,0.5829123,0.5956488,0.5592836,0.5775603,0.56906617,0.5784164,0.59358555,0.5964347,0.6003123,0.57614094,0.5897629,0.5659684,0.5906571,0.5796184,0.6103977,0.5775757,0.5999481,0.5748201,0.5846155,0.58113575,0.5863722,0.5903791,0.57916903,0.58182746,0.57508844,0.582592,0.5643048,0.56513876,0.5726693,0.57906175,0.59222174,0.5873607,0.5723861,0.58465457,0.59421694,0.5961408,0.58316797,0.58584315,0.55934554,0.56425846,0.591655,0.5814931,0.5725311,0.56267345,0.5852469,0.58535117,0.59586525,0.56479174,0.5880686,0.58158356,0.57343054,0.56723213,0.56892467,0.60310817,0.56778955,0.57365847,0.582071,0.5965442,0.5704562,0.5793382,0.5878452,0.57347715,0.59371775,0.5613591,0.57956344,0.58089775,0.5891327,0.567093,0.5679627,0.57384557,0.5787726,0.5782984,0.5580872,0.590711,0.5643857,0.5884853,0.58977026,0.579422,0.57189196,0.5659502,0.57986605,0.5847118,0.5823313,0.5840509,0.5967917,0.5635491,0.5633505,0.593108,0.5872815,0.58035725,0.5612167,0.5651229,0.58996373,0.59093827,0.58867425,0.58726954,0.5619046,0.57535243,0.5857721,0.5825304,0.57325727,0.5932557,0.58762395,0.579998,0.572266,0.5916373,0.5871707,0.57742745,0.5885449,0.59405965,0.5939582,0.5659826,0.57661843,0.5804165,0.5713663,0.58582145,0.5677118,0.5962705,0.59353876
0.0,0.0,0.0,0.0,0.0,0.0,0.0,0.0,0.0,0.0,0.0,0.0,0.0,0.0,0.0,0.0,0.0,0.0,0.0,0.0,0.0,0.0,0.0,0.0,0.0,0.0,0.0,0.0,0.0,0.0,0.0,0.0,0.0,0.0,0.0,0.0,0.0,0.0,0.0,0.0,0.0,0.0,0.0,0.0,0.0,0.0,0.0,0.0,0.0,0.0,0.0,0.0,0.0,0.0,0.0,0.0,0.0,0.0,0.0,0.0,0.0,0.0,0.0,0.0,0.0,0.0,0.0,0.0,0.0,0.0,0.0,0.0,0.0,0.0,0.0,0.0,0.0,0.0,0.0,0.0,0.0,0.0,0.0,0.0,0.0,0.0,0.0,0.0,0.0,0.0,0.0,0.0,0.0,0.0,0.0,0.0,0.0,0.0,0.0,0.0,0.0,0.0,0.0,0.0,0.0,0.0,0.0,0.0,0.0,0.0,0.0,0.0,0.0,0.0,0.0,0.0,0.0,0.0,0.0,0.0,0.0,0.0,0.0,0.0,0.0,0.0,0.0,0.0,0.0,0.0,0.0,0.0,0.0,0.0,0.0,0.0,0.0,0.0,0.0,0.0,0.0,0.0,0.0,0.0,0.0,0.0,0.0,0.0,0.0,0.0,0.0,0.0,0.0,0.0,0.0,0.0,0.0,0.0,0.0,0.0,0.0,0.0,0.0,0.0,0.0,0.0,0.0,0.0,0.0,0.0,0.0,0.0,0.0,0.0,0.0,0.0,0.0,0.0,0.0,0.0,0.0,0.0,0.0,0.0,0.0,0.0,0.0,0.0,0.0,0.0,0.0,0.0,0.0,0.0,0.0,0.0,0.0,0.0,0.0,0.0,0.0,0.0,0.0,0.0,0.0,0.0,0.0,0.0,0.0,0.0,0.0,0.0,0.0,0.0,0.0,0.0,0.0,0.0,0.0,0.0,0.0,0.0,0.0,0.0,0.0,0.0,0.0,0.0,0.0,0.0,0.0,0.0,0.0,0.0,0.0,0.0,0.0,0.0,0.0,0.0,0.0,0.0,0.0,0.0,0.0,0.0,0.0,0.0,0.0,0.0,0.0,0.0,0.0,0.0,0.0,0.0,0.0,0.0,0.0,0.0,0.0,0.0,0.0,0.0,0.0,0.0,0.0,0.0,0.0,0.0,0.0,0.0,0.0,0.0,0.0,0.0,0.0,0.0,0.0,0.0,0.0,0.0,0.0,0.0,0.0,0.0,0.0,0.0,0.0,0.0,0.0,0.0,0.0,0.0,0.0,0.0,0.0,0.0,0.0,0.0,0.0,0.0,0.0,0.0,0.0,0.0,0.0,0.0,0.0,0.0,0.0,0.0,0.0,0.0,0.0,0.0,0.0,0.0,0.0,0.0,0.0,0.0,0.0,0.0,0.0,0.0,0.0,0.0,0.0,0.0,0.0,0.0,0.0,0.0,0.0,0.0,0.0,0.0,0.0,0.0,0.0,0.0,0.0,0.0,0.0,0.0,0.0,0.0,0.0,0.0,0.0,0.0,0.0,0.0,0.0,0.0,0.0,0.0,0.0,0.0,0.0,0.0,0.0,0.0,0.0,0.0,0.0,0.0,0.0,0.0,0.0,0.0,0.0,0.0,0.0,0.0,0.0,0.0,0.0,0.0,0.0,0.0,0.0,0.0,0.0,0.0,0.0,0.0,0.0,0.0,0.0,0.0,0.0,0.0,0.0,0.0,0.0,0.0,0.0,0.0,0.0,0.0,0.0,0.0,0.0,0.0,0.0,0.0,0.0,0.0,0.0,0.0,0.0,0.0,0.0,0.0,0.0,0.0,0.0,0.0,0.0,0.0,0.0,0.0,0.0,0.0,0.0,0.0,0.0,0.0,0.0,0.0,0.0,0.0,0.0,0.0,0.0,0.0,0.0,0.0,0.0,0.0,0.0,0.0,0.0,0.0,0.0,0.0,0.0,0.0,0.0,0.0,0.0,0.0,0.0,0.0,0.0,0.0,0.0,0.0,0.0,0.0,0.0,0.0,0.0,0.0,0.0,0.0,0.0,0.0,0.0,0.0,0.0,0.0,0.0,0.0,0.0,0.0,0.0,0.0,0.0,0.0,0.0,0.0,0.0,0.0,0.0,0.0,0.0,0.0,0.0,0.0,0.0,0.0,0.0,0.0,0.0,0.0,0.0,0.0,0.0,0.0,0.0,0.0,0.0,0.0,0.0,0.0,0.0,0.0,0.0,0.0,0.0,0.0,0.0,0.0,0.0,0.0,0.0,0.0,0.0,0.0,0.0,0.0,0.0,0.0,0.0,0.0,0.0,0.0,0.0,0.0,0.0,0.0,0.0,0.0,0.0,0.0,0.0,0.0,0.0,0.0,0.0,0.0,0.0,0.0,0.0,0.0,0.0,0.0,0.0,0.0,0.0,0.0,0.0,0.0,0.0,0.0,0.0,0.0,0.0,0.0,0.0,0.0,0.0,0.0,0.0,0.0,0.0,0.0,0.0,0.0,0.0,0.0,0.0,0.0,0.0,0.0,0.0,0.0,0.0,0.0,0.0,0.0,0.0,0.0,0.0,0.0,0.0,0.0,0.0,0.0,0.0,0.0,0.0,0.0,0.0,0.0,0.0,0.0,0.0,0.0,0.0,0.0,0.0,0.0,0.0,0.0,0.0,0.0,0.0,0.0,0.0,0.0,0.0,0.0,0.0,0.0,0.0,0.0,0.0,0.0,0.0,0.0,0.0,0.0,0.0,0.0,0.0,0.0,0.0,0.0,0.0,0.0,0.0,0.0,0.0,0.0,0.0,0.0,0.0,0.0,0.0,0.0,0.0,0.0,0.0,0.0,0.0,0.0,0.0,0.0,0.0,0.0,0.0,0.0,0.0,0.0,0.0,0.0,0.0,0.0,0.0,0.0,0.0,0.0,0.0,0.0,0.0,0.0,0.0,0.0,0.0,0.0,0.0,0.0,0.0,0.0,0.0,0.0,0.0,0.0,0.0,0.0,0.0,0.0,0.0,0.0,0.0,0.0,0.0,0.0,0.0,0.0,0.0,0.0,0.0,0.0,0.0,0.0,0.0,0.0,0.0,0.0,0.0,0.0,0.0,0.0,0.0,0.0,0.0,0.0,0.0,0.0,0.0,0.0,0.0,0.0,0.0,0.0,0.0,0.0,0.0,0.0,0.0,0.0,0.0,0.0,0.0,0.0,0.0,0.0,0.0,0.0,0.0,0.0,0.0,0.0,0.0,0.0,0.0,0.0,0.0,0.0,0.0,0.0,0.0,0.0,0.0,0.0,0.0,0.0,0.0,0.0,0.0,0.0,0.0,0.0,0.0,0.0,0.0,0.0,0.0,0.0,0.0,0.0,0.0,0.0,0.0,0.0,0.0,0.0,0.0,0.0,0.0,0.0,0.0,0.0,0.0,0.0,0.0,0.0,0.0,0.0,0.0,0.0,0.0,0.0,0.0,0.0,0.0,0.0,0.0,0.0,0.0,0.0,0.0,0.0,0.0,0.0,0.0,0.0,0.0,0.0,0.0,0.0,0.0,0.0,0.0,0.0,0.0,0.0,0.0,0.0,0.0,0.0,0.0,0.0,0.0,0.0,0.0,0.0,0.0,0.0,0.0,0.0,0.0,0.0,0.0,0.0,0.0,0.0,0.0,0.0,0.0,0.0,0.0,0.0,0.0,0.0,0.0,0.0,0.0,0.0,0.0,0.0,0.0,0.0,0.0,0.0,0.0,0.0,0.0,0.0,0.0,0.0,0.0,0.0,0.0,0.0,0.0,0.0,0.0,0.0,0.0,0.0,0.0,0.0,0.0,0.0,0.0,0.0,0.0,0.0,0.0,0.0,0.0,0.0,0.0,0.0,0.0,0.0,0.0,0.0,0.0,0.0,0.0,0.0,0.0,0.0,0.0,0.0,0.0,0.0,0.0,0.0,0.0,0.0,0.0,0.0,0.0,0.0,0.0,0.0,0.0,0.0,0.0,0.0,0.0,0.0,0.0,0.0,0.0,0.0,0.0,0.0,0.0,0.0,0.0,0.0,0.0,0.0,0.0,0.0,0.0,0.0,0.0,0.0,0.0,0.0,0.0,0.0,0.0,0.0,0.0,0.0,0.0,0.0,0.0,0.0,0.0,0.0,0.0,0.0,0.0,0.0,0.0,0.0,0.0,0.0,0.0,0.0,0.0,0.0,0.0,0.0,0.0,0.0,0.0,0.0,0.0,0.0,0.0,0.0,0.0,0.0,0.0,0.0,0.0,0.0,0.0,0.0,0.0,0.0,0.0,0.0,0.0,0.0,0.0,0.0,0.0,0.0,0.0,0.0,0.0,0.0,0.0,0.0,0.0,0.0,0.0,0.0,0.0,0.0,0.0,0.0,0.0,0.0,0.0,0.0
0.9014062,0.9044551,0.8936132,0.8939132,0.90714496,0.8833075,0.9074331,0.9054543,0.90012777,0.89416325,0.9028971,0.91341585,0.8927847,0.9023367,0.91281396,0.9017461,0.90035725,0.9007467,0.90823215,0.8862736,0.9125037,0.8728034,0.92006713,0.9081144,0.9191156,0.8869845,0.8879875,0.90703386,0.90497327,0.89864117,0.9188314,0.896403,0.9313222,0.9137145,0.8961915,0.90478617,0.9159176,0.89763314,0.89634496,0.8992504,0.87853396,0.8950701,0.9032857,0.92287874,0.90040416,0.9102993,0.90359294,0.9145535,0.89348537,0.91461873,0.9107815,0.91873807,0.90889996,0.892914,0.90048206,0.8889988,0.896228,0.9097828,0.90608037,0.9037695,0.9073286,0.9073368,0.887105,0.88638055,0.88705313,0.90764445,0.8838931,0.90233004,0.90678895,0.9057883,0.90749365,0.8823605,0.9098548,0.8848333,0.89941263,0.90859056,0.8938509,0.8926271,0.8877319,0.9084783,0.8902644,0.88832086,0.9086346,0.8893093,0.9048818,0.91229326,0.9112066,0.90114903,0.8919339,0.8904137,0.9149373,0.90155184,0.8941972,0.9218934,0.90913016,0.891308,0.8989031,0.9085772,0.89062923,0.8975779,0.9190923,0.89985853,0.92381185,0.9153419,0.89329666,0.88447344,0.88006526,0.8850706,0.903046,0.9114113,0.904755,0.91107273,0.8976571,0.9050861,0.90157527,0.8888651,0.89678633,0.8979534,0.8925711,0.90776247,0.9098737,0.90174913,0.9004276,0.88022316,0.90027106,0.905984,0.9128278,0.88388574,0.92109114,0.92331845,0.92041695,0.9227534,0.90662175,0.9192859,0.9001968,0.90956664,0.88665557,0.927365,0.89828765,0.9030247,0.90298074,0.902649,0.8974036,0.9041204,0.8792981,0.9091556,0.92186385,0.9090369,0.9195659,0.9078702,0.9084873,0.9294705,0.90110046,0.8966238,0.9102779,0.89317715,0.9158031,0.8974619,0.8941313,0.9078884,0.89653087,0.90313464,0.8892294,0.9051205,0.8997822,0.9025022,0.90025234,0.9016301,0.8906321,0.898797,0.9130558,0.88287973,0.89558786,0.88750064,0.91283643,0.902022,0.9066352,0.9175457,0.9068493,0.89146644,0.89901996,0.9216764,0.9006829,0.89147055,0.89305496,0.9105868,0.89572453,0.89694625,0.8988307,0.9084304,0.8782654,0.887142,0.9097973,0.92015344,0.9098687,0.925084,0.9049136,0.8995764,0.9079933,0.9009697,0.9130997,0.9118052,0.8938168,0.906592,0.9041868,0.8941495,0.8921134,0.8924852,0.9091352,0.8982491,0.89881086,0.8886933,0.90488017,0.8939402,0.90329635,0.9100417,0.90385514,0.9052449,0.90004736,0.90242136,0.9074282,0.9119232,0.8913245,0.926567,0.9195389,0.8935667,0.91023314,0.9016408,0.8747231,0.91346437,0.89414334,0.8971275,0.91074675,0.9059146,0.8780435,0.90121055,0.8924274,0.90231997,0.9022261,0.91926736,0.9008622,0.9182509,0.9008005,0.90509903,0.9300727,0.9171244,0.88778156,0.8959893,0.915651,0.9043975,0.916213,0.89748,0.8942196,0.90295005,0.90825063,0.8950796,0.8975714,0.88858914,0.91051465,0.9059692,0.9031511,0.8989984,0.92315805,0.90881616,0.89194757,0.9176362,0.90313154,0.8824628,0.91418743,0.89296395,0.90779346,0.8972462,0.896793,0.89937276,0.88955367,0.8910928,0.91363,0.8878977,0.91058517,0.89521253,0.90003425,0.90633744,0.9191522,0.8937326,0.8855259,0.8759494,0.92349434,0.92595285,0.8902727,0.9195135,0.9106848,0.91927993,0.9011072,0.893983,0.8883428,0.9017375,0.91232723,0.89874446,0.9058292,0.9192682,0.9085701,0.90273136,0.9120859,0.8740529,0.9207403,0.9075039,0.9027217,0.9111198,0.899796,0.89991593,0.9010888,0.9050288,0.9075634,0.8965291,0.91750246,0.90702975,0.91272247,0.90719646,0.9097237,0.89801836,0.91086996,0.88345873,0.89069927,0.86476827,0.91015863,0.9144366,0.89811885,0.9033617,0.89893687,0.90503275,0.91182405,0.91971433,0.8999088,0.9023843,0.9070985,0.89577216,0.90333664,0.9070785,0.9147906,0.93138385,0.88686615,0.89537203,0.88969624,0.8904277,0.9251414,0.90854084,0.9187292,0.9142828,0.8885212,0.88794607,0.90167946,0.9005221,0.8995866,0.9177669,0.9168414,0.9127163,0.90300965,0.8942462,0.9041335,0.91261256,0.89248765,0.8897037,0.9172879,0.90188664,0.9238647,0.90463513,0.90333295,0.90034515,0.91046953,0.8992951,0.9009602,0.8933424,0.9050634,0.925668,0.8931255,0.89457,0.8844695,0.8999759,0.9116593,0.90660775,0.8973616,0.8988287,0.8813815,0.8924416,0.9122003,0.92191863,0.9102613,0.90200245,0.9206466,0.8992394,0.91708744,0.8969476,0.9235974,0.8916813,0.91170484,0.91013247,0.9135393,0.89786977,0.88397664,0.8986496,0.9069239,0.9105492,0.9144311,0.9150359,0.9162341,0.9055563,0.9146674,0.89909613,0.9182384,0.8947046,0.9035549,0.90453744,0.89758635,0.9005208,0.9102634,0.91867065,0.8951962,0.9013539,0.89615744,0.89583516,0.89296716,0.91198456,0.8985568,0.8974521,0.896573,0.89950687,0.8803265,0.8890739,0.91014415,0.8940996,0.89574426,0.9030196,0.91632295,0.9059707,0.908902,0.8931264,0.9033392,0.91501284,0.9169534,0.9129817,0.9048595,0.90411085,0.91305417,0.91421545,0.9099844,0.8793217,0.88728356,0.90923476,0.9039103,0.9059596,0.89906865,0.91256523,0.88954437,0.9070634,0.8914133,0.9073407,0.9030806,0.89658177,0.91426075,0.9041228,0.88135326,0.9046832,0.90247804,0.8882886,0.9040102,0.91925645,0.9032588,0.91323847,0.913646,0.8830508,0.87497306,0.88757783,0.9134875,0.909392,0.92209244,0.8777965,0.90554976,0.8998563,0.8852964,0.90269715,0.8980309,0.9111081,0.91283834,0.92069894,0.9068096,0.9118652,0.9190945,0.89627755,0.8860556,0.90912485,0.89261675,0.89606345,0.8970567,0.9095375,0.893428,0.88928,0.89647377,0.8999121,0.9144324,0.90465385,0.9063764,0.9132314,0.9284132,0.8908695,0.8895387,0.8893389,0.91455996,0.88425714,0.8913533,0.9134372,0.9256681,0.89193386,0.882211,0.9006269,0.8986723,0.90674067,0.8867798,0.907813,0.9255754,0.9043969,0.9216009,0.93041867,0.9053825,0.9146676,0.89610416,0.8998735,0.89130664,0.90763,0.8896364,0.9074093,0.916875,0.91137713,0.91160643,0.8939148,0.9207585,0.9131315,0.8965917,0.9081702,0.9072008,0.90378606,0.90633315,0.9122216,0.8955143,0.9025525,0.91103315,0.90050155,0.8780261,0.8894784,0.90583766,0.90468204,0.91100883,0.89791936,0.9099951,0.9067617,0.9079293,0.90561914,0.8948716,0.91113335,0.8939523,0.897654,0.90863025,0.90850234,0.90919197,0.91096544,0.88396513,0.9100857,0.8939234,0.9062437,0.9115191,0.8924061,0.89757407,0.91932476,0.895,0.89553964,0.90221554,0.902451,0.9095419,0.88473654,0.89957786,0.892843,0.8970186,0.913202,0.9042346,0.89161646,0.8952034,0.8924198,0.9022958,0.89969903,0.9167098,0.8927993,0.88865775,0.89148366,0.90664876,0.89920187,0.90833175,0.88576806,0.8967402,0.9019376,0.8817105,0.89880764,0.9111351,0.90458924,0.90955526,0.8977956,0.8976773,0.8870873,0.8955596,0.9224969,0.9254144,0.9043521,0.9230889,0.8791278,0.8961436,0.90836453,0.91661185,0.88508475,0.90057665,0.91124094,0.8919153,0.8981479,0.8957276,0.89717585,0.90557426,0.9013908,0.90590084,0.8791325,0.8938152,0.90996045,0.90687484,0.9148115,0.9034471,0.9098373,0.9029001,0.9062988,0.8970045,0.90800124,0.9040139,0.9174995,0.8949656,0.9079263,0.9009427,0.89756393,0.9078163,0.9237713,0.8959677,0.9163173,0.893798,0.87965405,0.9090301,0.88001317,0.9226689,0.9013643,0.89009124,0.8770899,0.8971456,0.8964513,0.90454686,0.8921646,0.90378433,0.9050321,0.9017266,0.91051006,0.9090137,0.892755,0.90661407,0.91877484,0.9118414,0.91328716,0.911817,0.9051426,0.90099895,0.914017,0.91197115,0.9164522,0.9085348,0.9170521,0.90818447,0.8967412,0.8948795,0.9184144,0.8916298,0.90335804,0.91240036,0.89105666,0.89964104,0.9093679,0.90118307,0.8929961,0.8950526,0.89403737,0.88013434,0.90678865,0.9213575,0.913952,0.9011,0.91452813,0.9189247,0.9100383,0.8918033,0.91217756,0.89478594,0.91367006,0.9041672,0.8874373,0.9026629,0.919726,0.9079807,0.9073867,0.9067395,0.9018159,0.89849913,0.92003447,0.90441567,0.88689506,0.90158665,0.91151077,0.9114589,0.89691556,0.90956604,0.91948664,0.8982676,0.90389806,0.88463694,0.9014734,0.8976539,0.88841283,0.89958143,0.911161,0.90421945,0.88548285,0.90119433,0.9226535,0.9038442,0.89252216,0.90523237,0.9102549,0.8988782,0.91639185,0.8950389,0.91207594,0.9105879,0.9088224,0.9167954,0.89717007,0.93275553,0.90605754,0.91227746,0.90495706,0.90532243,0.8983041,0.8923366,0.90217507,0.92754585,0.912304,0.9242391,0.9065734,0.9035943,0.90032,0.889235,0.9055241,0.91106844,0.91864043,0.9023211,0.9142765,0.9229393,0.89871144,0.9071946,0.8839316,0.90270287,0.89942116,0.89844286,0.88398725,0.8965826,0.9214813,0.9117108,0.8959125,0.8868265,0.9030323,0.9125781,0.91708326,0.9041365,0.91605836,0.89112526,0.907387,0.91256744,0.9030441,0.9165539,0.9058578,0.89695406,0.9023219,0.9082018,0.90495014,0.9052882,0.8845865,0.91708624,0.9007707,0.9079555,0.90446234,0.90295523,0.8879,0.9126701,0.9113396,0.91018444,0.90009975,0.915909,0.8967551,0.92019403,0.90713805,0.9175252,0.9176141,0.88848627,0.91027105,0.8991858,0.91086006,0.9026571,0.89443576,0.8933974,0.90498894,0.9026305,0.91448706,0.8881052,0.9106763,0.90161073,0.8924385,0.8999106,0.89344907,0.9019938,0.89390385,0.9151244,0.90702486,0.8943554,0.91602135,0.91043717,0.911776,0.9199599,0.9104788,0.9120639,0.9028779,0.90984803,0.8918167,0.87779915,0.9177989,0.90252733,0.9035389,0.90058017,0.88425124,0.8983982,0.9018511,0.90800905,0.91318107,0.89355433,0.90732116,0.8841213,0.8903762,0.90405357,0.88867205,0.91124976,0.8929023,0.89263016,0.9099701,0.88974965,0.8993104,0.8919793,0.89723873,0.8755431,0.88120615,0.9004113,0.89255005,0.90663266,0.884727,0.8939367,0.9243767,0.9139007,0.91928285,0.90647036,0.8992577,0.8962795,0.9036383,0.91216373,0.9235404,0.91572976,0.89827704,0.9069714,0.886631,0.9110212,0.89721924,0.90669817,0.91625416,0.903305,0.93283457,0.9057947,0.9073495,0.8873333,0.90944123,0.91064394,0.908883,0.9098196,0.91374403,0.9300654,0.9000872,0.90526307,0.91874725,0.9018926,0.9163372,0.8823453,0.90777063,0.90538925,0.8894421,0.8715336,0.91555965,0.88684773,0.9244551,0.9058264,0.9035292,0.90248597,0.9099065,0.92573786,0.91524243,0.9115823,0.88250965,0.89595807,0.9195779,0.9173225,0.911138,0.8993655,0.89967364,0.91016775,0.90990686,0.8879669,0.926791,0.9068974,0.8961366,0.8991867,0.8998207,0.91691595,0.8937543,0.88547915,0.90163845,0.8974371,0.8929026,0.90581274,0.9024788,0.9146033,0.91904783,0.88423115,0.8976142,0.9004324,0.90145564,0.8923094,0.9126349,0.8906582,0.91307455,0.90974635,0.89292294,0.90036345,0.90586585,0.9192948,0.9125998,0.8920724,0.8936509,0.9095838,0.8923277,0.91345644,0.89413345,0.89523524,0.9154449,0.8976957,0.8840442,0.92447305,0.9124417,0.9062332,0.9112909,0.9073468,0.90973234,0.90218437,0.8965837,0.8983791,0.88509035,0.90670645,0.8996084,0.903317,0.8826649,0.91733646,0.8902169,0.8963491,0.8912089,0.91567487,0.90773135,0.9119332,0.9008315,0.9056266,0.9162061,0.9001805,0.895129,0.9018705,0.88898426,0.9045136,0.9164728,0.9152422,0.91719604
0.91243356,0.92717886,0.91826683,0.9286916,0.93337935,0.9278658,0.93056214,0.91635954,0.91882354,0.9122644,0.93010956,0.92753345,0.9387007,0.9354488,0.92305696,0.9201245,0.92837614,0.930406,0.9530857,0.9214969,0.95019865,0.9111117,0.95654285,0.92968035,0.93105495,0.9068991,0.9294379,0.9283385,0.91830355,0.9329418,0.94577473,0.93669605,0.9468704,0.94626385,0.9127221,0.9478859,0.94366604,0.93695027,0.9200279,0.93766356,0.9300285,0.93952835,0.9341938,0.9324518,0.93756974,0.92568165,0.9286672,0.9409996,0.9145539,0.9234941,0.920501,0.91854745,0.92809623,0.9411493,0.92845875,0.9370797,0.91420346,0.9228858,0.9208537,0.94489264,0.92359686,0.92068017,0.92024446,0.9076729,0.9286586,0.93894297,0.93061525,0.93767434,0.92964685,0.9276185,0.94374293,0.91658264,0.9235834,0.91432106,0.9341637,0.9462789,0.9480473,0.931235,0.93804896,0.9412649,0.9173972,0.9182477,0.92862356,0.92738056,0.93098456,0.9317558,0.9309274,0.9365927,0.92946804,0.94693744,0.92869765,0.92765987,0.9314046,0.92696524,0.9268319,0.9178019,0.92057294,0.9328483,0.9389374,0.92962915,0.930298,0.9221401,0.9284763,0.9176879,0.9072825,0.91297835,0.9258726,0.929304,0.9227586,0.92808867,0.93556887,0.93102115,0.916392,0.93429786,0.9357267,0.90665483,0.92650735,0.9310014,0.9339146,0.9512505,0.9338285,0.9167852,0.9228118,0.93713754,0.9410388,0.91740215,0.9290189,0.93933535,0.93884546,0.93280053,0.94756544,0.9585295,0.91620696,0.92853224,0.91978633,0.92652625,0.92220306,0.9607175,0.92054343,0.9369205,0.93531466,0.91833234,0.91830933,0.9275464,0.93354964,0.9271106,0.9478812,0.93894905,0.94235784,0.9378124,0.9279149,0.9316939,0.9361049,0.9307941,0.9346797,0.9426601,0.9202467,0.9319023,0.9121933,0.94724876,0.93380857,0.9221084,0.9181288,0.9191982,0.92437357,0.93242764,0.9303044,0.93037844,0.9162213,0.92144156,0.92951167,0.91571546,0.9137874,0.9326759,0.9366364,0.93923354,0.9312215,0.9378334,0.91708046,0.92128694,0.9210947,0.9454077,0.9236205,0.9278143,0.9170923,0.9369733,0.9262905,0.92887145,0.92564017,0.9446491,0.9066357,0.9214623,0.9262789,0.9425193,0.9402064,0.9503576,0.9187438,0.9284196,0.92850715,0.92699885,0.9318078,0.93584675,0.92603856,0.9423352,0.93502486,0.91622394,0.9344752,0.93958133,0.9546683,0.92145544,0.9220931,0.9003584,0.9345045,0.9274617,0.9192305,0.9384993,0.9408569,0.93794996,0.9271466,0.91586477,0.94356567,0.92876434,0.92896396,0.94868356,0.9398607,0.92493415,0.91887784,0.9433666,0.90673316,0.93831617,0.9139309,0.92906624,0.93766725,0.94428813,0.9153676,0.93437237,0.92370766,0.9291824,0.910021,0.9478389,0.92803466,0.9399619,0.9071527,0.9373761,0.93989146,0.91341424,0.9118034,0.92175204,0.9453412,0.92530787,0.930053,0.936607,0.92387134,0.9236825,0.920407,0.9240902,0.93237495,0.9030133,0.92885184,0.9354959,0.9133718,0.9204504,0.93245494,0.94282293,0.9246587,0.94393027,0.9365219,0.91081804,0.9369065,0.9192012,0.93693984,0.9382886,0.9316464,0.9295912,0.94545656,0.9225198,0.92246497,0.9227317,0.93906724,0.9228791,0.92622596,0.9403043,0.95008695,0.93285716,0.91667855,0.9136062,0.92090654,0.95566875,0.93356186,0.9409998,0.94173265,0.9388059,0.9288223,0.9120033,0.9116138,0.9164578,0.93592036,0.9330506,0.9299257,0.94588107,0.9218578,0.9363701,0.93052673,0.89907295,0.91930676,0.93462944,0.92533535,0.9498272,0.92621404,0.9443859,0.960145,0.94767386,0.9226385,0.9174482,0.94353914,0.93210745,0.94234544,0.9214127,0.9337837,0.9169346,0.92319787,0.9000089,0.92627233,0.91479254,0.94073266,0.92740756,0.9130725,0.9310798,0.92896044,0.93097395,0.9457317,0.931677,0.92728716,0.92912734,0.9526465,0.9272167,0.9289389,0.9244871,0.9393203,0.935139,0.93397045,0.90675074,0.9210074,0.9285446,0.9280452,0.9316436,0.9242822,0.92485154,0.9227986,0.9153923,0.9226036,0.93050516,0.93952274,0.9391129,0.93127716,0.9430139,0.92893696,0.91764694,0.94410205,0.95381,0.9095222,0.91620076,0.93090224,0.91160595,0.9376585,0.9258845,0.9382125,0.91972893,0.9421958,0.92398876,0.9350085,0.93960875,0.9222548,0.9415463,0.9112685,0.9085705,0.9062372,0.91474897,0.9282682,0.92471945,0.92045456,0.92302465,0.9186197,0.93023366,0.9417191,0.93680316,0.9420405,0.93617314,0.930676,0.93524164,0.9366599,0.9303261,0.95329654,0.93304294,0.9202925,0.9219781,0.92379665,0.92604077,0.914279,0.9499178,0.947483,0.93140256,0.95522344,0.93382704,0.93242216,0.93341744,0.9540564,0.9315082,0.940151,0.93203855,0.91855115,0.926063,0.92881,0.92716664,0.9483459,0.92748857,0.92165935,0.931268,0.9346111,0.9241023,0.911771,0.92010474,0.9258661,0.9220024,0.93128645,0.92242384,0.9336942,0.91435766,0.9358187,0.91229564,0.92219675,0.9411865,0.93625534,0.9393796,0.93101096,0.9297473,0.9367138,0.9289379,0.92275095,0.9219199,0.9261272,0.9205118,0.93432605,0.9332756,0.9244975,0.9358081,0.91522217,0.94397724,0.95283836,0.946891,0.9176272,0.9242463,0.9178749,0.951073,0.9217642,0.94919443,0.9317047,0.91572964,0.936059,0.93212116,0.93418455,0.9428188,0.9350085,0.92083514,0.92985016,0.92340326,0.93286103,0.9300775,0.94328594,0.9115098,0.9200605,0.8925976,0.9273024,0.9521836,0.9395461,0.90457994,0.93624777,0.94152564,0.91619426,0.9377219,0.94183767,0.938962,0.9214163,0.95115125,0.93825454,0.94114625,0.9249344,0.9437621,0.9106305,0.9466424,0.9257741,0.9151665,0.9067458,0.91312313,0.92587864,0.91753787,0.9249536,0.9377473,0.9265411,0.9376282,0.94287384,0.94166094,0.94814426,0.9296155,0.9411598,0.94834906,0.91687167,0.9430961,0.90677464,0.91204345,0.93391204,0.92372364,0.93179697,0.9161723,0.907375,0.9439798,0.92807555,0.91795325,0.9440348,0.9397756,0.95340955,0.931919,0.941196,0.93595946,0.9246797,0.93838346,0.94451666,0.93596643,0.9169476,0.929341,0.93976724,0.930076,0.93689495,0.9380414,0.9288595,0.9311286,0.93000543,0.9203824,0.9432657,0.9237216,0.9146949,0.93825245,0.908526,0.9236489,0.9367494,0.9085806,0.9083415,0.9275735,0.93587077,0.9292835,0.9405749,0.94235146,0.9425946,0.9125297,0.95351154,0.9465339,0.9306146,0.92415375,0.92672276,0.9280928,0.9237915,0.9283191,0.947649,0.94530743,0.9164619,0.9320758,0.91563463,0.92537415,0.9351536,0.9199596,0.9311147,0.9333099,0.90471625,0.9411946,0.9253175,0.93821,0.91770744,0.8916013,0.93634844,0.927241,0.9317313,0.9420481,0.9270475,0.9463102,0.93602335,0.9212882,0.9212615,0.93029183,0.935518,0.9114438,0.9089578,0.91436595,0.9357568,0.9169652,0.92327005,0.912819,0.932987,0.9347574,0.9246462,0.91610616,0.9405401,0.92076236,0.9373114,0.9269682,0.93661904,0.9277637,0.92548203,0.92676604,0.93232745,0.94169337,0.93024606,0.9172774,0.92757213,0.92232215,0.94241273,0.914639,0.9227984,0.9349556,0.94049954,0.9268759,0.9244718,0.9206015,0.93033147,0.910048,0.9364599,0.8988967,0.9345637,0.93987584,0.92572355,0.9452372,0.9384834,0.9255023,0.9224397,0.93484116,0.9175862,0.9226113,0.9493637,0.95823616,0.9246925,0.95457405,0.94322,0.9261542,0.9442169,0.9274524,0.9251875,0.96318495,0.9234941,0.9308583,0.9375718,0.9335722,0.9279096,0.9396415,0.9173359,0.9126474,0.91529524,0.9228315,0.9193123,0.91035,0.93524486,0.9147512,0.93474686,0.9373657,0.948769,0.9235565,0.92997265,0.9353453,0.9441383,0.9419687,0.9327241,0.9244797,0.94409716,0.9296964,0.9286644,0.93978363,0.92655313,0.9420512,0.93585545,0.9197402,0.9181079,0.9237993,0.9315479,0.93389785,0.9346822,0.92651653,0.9317275,0.94380474,0.9207725,0.9108716,0.90540683,0.92495507,0.92838013,0.91235864,0.91994184,0.94392264,0.9303068,0.92012274,0.9444421,0.9400164,0.9147903,0.9328345,0.9282639,0.9310613,0.91225463,0.9406319,0.9323756,0.94308114,0.94391805,0.95731276,0.94139975,0.8979285,0.92275155,0.9422016,0.936127,0.92280895,0.920593,0.92104685,0.9296731,0.9333453,0.9368218,0.9514578,0.93009216,0.9426495,0.9254129,0.95215595,0.9297115,0.93209213,0.90881664,0.9239584,0.9258573,0.94102204,0.9310214,0.9382673,0.94196504,0.9317081,0.9330942,0.92092943,0.91038936,0.93601966,0.93531424,0.94450235,0.93262637,0.9329363,0.93592185,0.93674254,0.9547138,0.91180044,0.94499147,0.9353973,0.9127941,0.9193897,0.9258625,0.91614974,0.94881505,0.9378133,0.9255877,0.92133975,0.9202785,0.9181552,0.91284186,0.9339718,0.93902135,0.94048166,0.9323419,0.9406184,0.9649949,0.9057351,0.9232131,0.9245018,0.9435927,0.937986,0.9481882,0.91952896,0.9407975,0.9310352,0.9216953,0.9364828,0.9148163,0.91679513,0.9436436,0.94006294,0.9274171,0.9248688,0.9262266,0.9323179,0.93152094,0.91498077,0.9311468,0.9237781,0.91634315,0.95070815,0.9369541,0.93978935,0.91976726,0.91525275,0.9385868,0.9300476,0.93827385,0.951491,0.9492464,0.92140007,0.9385982,0.92877626,0.95258075,0.92455834,0.92853653,0.92364186,0.9452288,0.94379926,0.9398178,0.93377423,0.9351874,0.91883105,0.92604685,0.93161887,0.9318599,0.9443984,0.9376395,0.9141697,0.92841595,0.96858627,0.91426724,0.9253496,0.9259647,0.8958377,0.9383505,0.914731,0.9309539,0.9266468,0.9361996,0.9380718,0.91695565,0.94036615,0.94380194,0.93288374,0.9545362,0.9100945,0.93065387,0.9302129,0.95939857,0.9193665,0.9373081,0.9302251,0.9124187,0.93271595,0.90325344,0.9270558,0.9328669,0.94152844,0.9386201,0.924741,0.9132869,0.9259709,0.89630395,0.9120433,0.92171973,0.94291127,0.9492422,0.9134055,0.9178278,0.9332615,0.9096377,0.9306782,0.9243211,0.93280804,0.9234283,0.9282956,0.9250471,0.9348538,0.9093372,0.91301095,0.9258379,0.9184431,0.9340547,0.92982596,0.9363764,0.9222082,0.91981727,0.92472124,0.9235623,0.9405824,0.92173266,0.9271852,0.9241797,0.91895515,0.92534584,0.9145601,0.9256284,0.9217529,0.9445931,0.94209194,0.91320294,0.9360976,0.92808914,0.9365935,0.924343,0.92887217,0.92377824,0.939891,0.9385123,0.9376511,0.9427529,0.94545084,0.92703843,0.9467926,0.931357,0.93599355,0.9414116,0.91923183,0.9129451,0.938721,0.9307381,0.937471,0.93752676,0.9143489,0.93201673,0.946598,0.9516731,0.9339835,0.9364607,0.9023588,0.9448292,0.9347628,0.9442363,0.94020313,0.92506075,0.9429271,0.93573135,0.9410635,0.92454815,0.9395551,0.93913203,0.9087338,0.9348898,0.9209751,0.9397768,0.9284421,0.9402287,0.9106515,0.9455462,0.9219274,0.90399605,0.9396854,0.92688215,0.94761086,0.9214487,0.9072445,0.92847455,0.9271764,0.91583943,0.927868,0.90891266,0.91225475,0.93316925,0.9200446,0.9309543,0.9188367,0.9421093,0.9341623,0.9302709,0.92721444,0.94298166,0.92422783,0.9378296,0.93410814,0.9058748,0.9252001,0.94205356,0.92975575,0.93713987,0.928113,0.9316533,0.9242537,0.92762834,0.92747116,0.91434616,0.9308618,0.91338617,0.914776,0.92883265,0.936221,0.92493,0.9191161,0.92362225,0.949335,0.91650593,0.9246079,0.9433448,0.9272322,0.96024275,0.9269361,0.93948835,0.9348159,0.9388127,0.9223054,0.9285155,0.9247432,0.9388911,0.924839,0.9432466,0.9472712
1.1645693,1.1480402,1.1705525,1.1584499,1.1691625,1.1591524,1.1793919,1.1694888,1.1573703,1.1325611,1.1705191,1.1471144,1.1591351,1.1610839,1.1669129,1.1569552,1.1701231,1.1533931,1.1733356,1.1663519,1.1586776,1.1639946,1.1488472,1.1654761,1.1577643,1.1506342,1.1612651,1.1707313,1.1390903,1.1588036,1.1663226,1.1555394,1.1738504,1.1568402,1.1602153,1.1704657,1.1592516,1.1729139,1.1878349,1.144659,1.1593448,1.164425,1.1728045,1.1566616,1.1582056,1.1727467,1.1612648,1.1611279,1.1428157,1.1561848,1.1611618,1.1606525,1.1663541,1.1563078,1.1708074,1.1643252,1.1782883,1.172854,1.1796108,1.1986413,1.1510569,1.1735306,1.1408533,1.1369609,1.1642158,1.1709384,1.1447389,1.1405028,1.1519024,1.1829348,1.1728221,1.1470861,1.1615736,1.1446145,1.1816316,1.1643038,1.1634866,1.1674645,1.1671414,1.1762547,1.1476629,1.1613234,1.1656921,1.1714145,1.1596386,1.1761897,1.1599642,1.1798948,1.1544772,1.1597521,1.1674654,1.1779411,1.1642454,1.166195,1.1705226,1.1631366,1.1909811,1.1639025,1.1211258,1.142016,1.1705735,1.1532279,1.1685753,1.1727219,1.1527336,1.1455685,1.1810257,1.1462716,1.1608281,1.1638513,1.157414,1.1442615,1.1643848,1.1539258,1.1721075,1.1700004,1.1778572,1.1537356,1.1638592,1.1484442,1.1724674,1.1301465,1.1532617,1.1475708,1.1491109,1.1942394,1.1499828,1.1626371,1.1722157,1.1741505,1.1748914,1.1793981,1.1719662,1.181413,1.1683025,1.1484408,1.158381,1.1922381,1.150309,1.1621335,1.1718596,1.1520787,1.1545908,1.1837711,1.1601909,1.1499878,1.1773071,1.1610345,1.1609458,1.1641071,1.1619402,1.1678771,1.190163,1.1550566,1.1785351,1.1405661,1.1604412,1.1614516,1.1546427,1.1613065,1.1628196,1.1769176,1.1453345,1.1597468,1.1594828,1.1545757,1.1610645,1.1569513,1.1602044,1.1503284,1.1630489,1.1683077,1.1763113,1.1408454,1.1714002,1.171959,1.1722119,1.1473377,1.15609,1.1743691,1.158897,1.1825613,1.1588227,1.1596171,1.166304,1.1745887,1.1437298,1.1705259,1.1457334,1.1764303,1.1403185,1.1662916,1.1580139,1.1711537,1.1633881,1.1693295,1.1645919,1.1509564,1.1670854,1.1473122,1.1719857,1.1523749,1.1680434,1.1609226,1.1695001,1.1637839,1.1484044,1.1508406,1.1537226,1.1517195,1.1699553,1.1690774,1.1631237,1.1659498,1.1595765,1.1756779,1.1492705,1.1497568,1.1598774,1.1497166,1.161489,1.1734339,1.1655577,1.1858736,1.1631049,1.1614511,1.1495596,1.1718934,1.1582317,1.1851592,1.1721714,1.1770177,1.1825299,1.1688882,1.1729919,1.1568544,1.1541233,1.1651326,1.1605425,1.1499807,1.1474496,1.1552664,1.1595114,1.1516019,1.1571784,1.1617393,1.1662737,1.1513375,1.1756088,1.1606297,1.1606737,1.1659428,1.1782658,1.1604733,1.1736046,1.1653694,1.1592321,1.1547874,1.1618669,1.1517404,1.16704,1.1514239,1.1811649,1.1669152,1.169487,1.1690142,1.1615735,1.153764,1.1829909,1.1434397,1.1639556,1.1638123,1.1556524,1.1644907,1.1637747,1.1267242,1.1598164,1.1640872,1.163275,1.1461993,1.1591402,1.1683108,1.1679317,1.149132,1.1478822,1.1585187,1.1579738,1.1797198,1.1525733,1.174788,1.15024,1.1543626,1.1535181,1.1524278,1.1619977,1.1476201,1.1744335,1.1551219,1.1632451,1.1552446,1.150723,1.1518033,1.1645533,1.1406478,1.1550184,1.2064197,1.1595085,1.1761297,1.1571474,1.1589569,1.1633502,1.1593572,1.1735208,1.1691772,1.1656256,1.1482174,1.171637,1.1566167,1.1655841,1.1479452,1.173416,1.1391983,1.1511661,1.1597408,1.1668918,1.1813273,1.1724869,1.1523267,1.1805882,1.1641177,1.1584048,1.1653771,1.1567721,1.180504,1.1931461,1.1695756,1.1563942,1.1468302,1.1627734,1.199145,1.145802,1.1658374,1.157776,1.1558979,1.1560442,1.1465238,1.1581374,1.1623703,1.1707952,1.1585164,1.1642205,1.1523201,1.1434425,1.1488811,1.1806139,1.1677511,1.1584694,1.1452368,1.1847152,1.1715856,1.1456835,1.1598458,1.1464838,1.1471742,1.1646904,1.1620904,1.1708473,1.161452,1.1527045,1.1727022,1.1640826,1.158204,1.1659315,1.1541463,1.1667496,1.1460203,1.151809,1.1687747,1.1627867,1.1770334,1.1525664,1.1523426,1.1837491,1.1555027,1.150098,1.1510859,1.1645548,1.1438886,1.19547,1.1638744,1.1744554,1.1543663,1.1600653,1.178449,1.17746,1.1506168,1.1771216,1.1391681,1.158517,1.1744115,1.1748483,1.166648,1.1908346,1.1793028,1.1768596,1.188246,1.1848749,1.1440316,1.1679496,1.1608696,1.164169,1.1463416,1.1676259,1.1476362,1.1690466,1.169262,1.1502323,1.1575856,1.1724675,1.1643274,1.1364452,1.1670719,1.1513157,1.1387078,1.1565232,1.1693522,1.1456722,1.1548333,1.1788654,1.1726732,1.166969,1.1626468,1.1837536,1.1510782,1.1739981,1.1520394,1.1677091,1.1890527,1.1567101,1.1691154,1.1580825,1.1715121,1.1565081,1.1515361,1.1852638,1.164497,1.1705602,1.1609259,1.158,1.1772488,1.1575751,1.1481326,1.1536624,1.1715568,1.1705104,1.1551706,1.1872057,1.1632931,1.1764225,1.1604456,1.1686884,1.1447501,1.1665969,1.1786561,1.1493244,1.1723032,1.1682391,1.1664463,1.173701,1.1641165,1.1533324,1.1424135,1.1591674,1.1772387,1.1666081,1.1499879,1.183513,1.1605076,1.184542,1.1632457,1.1551458,1.182511,1.1779736,1.1838644,1.1603788,1.1705437,1.1659228,1.1645424,1.158451,1.171916,1.1323068,1.1415625,1.1422534,1.1849058,1.1556767,1.1411271,1.1255416,1.158988,1.1586792,1.1636308,1.1457438,1.1699356,1.1802461,1.1609354,1.1566255,1.1560307,1.1621002,1.1446264,1.1373686,1.1425002,1.1665332,1.1571925,1.1706204,1.1613935,1.1759362,1.144115,1.1680843,1.1740453,1.152795,1.1605488,1.169551,1.1667846,1.1611469,1.1738422,1.157952,1.1614823,1.1726707,1.160963,1.16551,1.1595064,1.1600765,1.1729419,1.1546164,1.1453259,1.1711669,1.1621612,1.1758837,1.1508043,1.1505933,1.1644844,1.1652774,1.1687081,1.1754516,1.1721045,1.1675221,1.1762602,1.1627762,1.1562481,1.1613393,1.1573198,1.1768392,1.162989,1.1693674,1.1560062,1.1689576,1.1672432,1.1740303,1.163058,1.1575853,1.1756716,1.1602882,1.1706004,1.1761513,1.1656612,1.1645601,1.1753885,1.1664351,1.1585283,1.166635,1.1407313,1.1678017,1.1642908,1.1500608,1.1627561,1.14837,1.1674985,1.1632814,1.1686966,1.1513133,1.1582294,1.1648856,1.1574135,1.1769667,1.1645314,1.1667411,1.1539519,1.1544017,1.1541916,1.1780702,1.1579531,1.16985,1.145053,1.1687793,1.1535381,1.1632639,1.175822,1.1497631,1.1694695,1.1523772,1.1559258,1.1662631,1.1710769,1.1484777,1.1468179,1.1754612,1.1633515,1.168123,1.1722075,1.1771883,1.1727473,1.1671512,1.1548302,1.1629039,1.1809711,1.1761048,1.1489712,1.1679415,1.148485,1.1824671,1.1614873,1.153749,1.1702416,1.1629266,1.1530337,1.1499615,1.1565138,1.1509583,1.1848683,1.1836615,1.1749674,1.1682302,1.1670662,1.1656659,1.160253,1.1585956,1.1448628,1.1769279,1.1850455,1.1457129,1.1890928,1.1682312,1.1611047,1.1564726,1.1568351,1.1592404,1.1728027,1.1588776,1.1618572,1.162222,1.1672376,1.1570777,1.1832144,1.1688129,1.1372803,1.1625646,1.1467483,1.1650083,1.1738464,1.1659944,1.1497786,1.1726869,1.1359357,1.1693314,1.1732568,1.1461713,1.1622758,1.1620961,1.170375,1.1614124,1.1493449,1.1647841,1.1657711,1.1551539,1.1673671,1.1648321,1.176899,1.1566299,1.161026,1.1612319,1.1637344,1.1491982,1.1595111,1.1791263,1.150731,1.1705936,1.1700655,1.1469561,1.1507295,1.1576215,1.1783956,1.1750654,1.1769496,1.1430795,1.1632946,1.1597512,1.1832461,1.1617378,1.1586549,1.1570233,1.1814016,1.1520991,1.176354,1.17892,1.1511858,1.1705884,1.1731141,1.1882701,1.1712065,1.1662532,1.1583499,1.1634216,1.155555,1.1653762,1.1701791,1.1651299,1.1694584,1.1852963,1.1623623,1.16814,1.1847038,1.1826444,1.1624751,1.1684531,1.180823,1.1485555,1.1832188,1.1820062,1.1528075,1.1553311,1.1577708,1.1651701,1.1747653,1.1685412,1.153318,1.1740806,1.1716181,1.1677744,1.1580087,1.1405618,1.1721153,1.1807323,1.1723758,1.1740935,1.1713953,1.174806,1.1462986,1.15721,1.1693221,1.1353548,1.1647849,1.1630269,1.1818427,1.1575016,1.1608628,1.1537293,1.1532061,1.1592261,1.1584162,1.1610688,1.1630064,1.1622701,1.1699598,1.1676707,1.1570189,1.1831958,1.1682725,1.1669255,1.153533,1.1594129,1.1580014,1.1767216,1.1519666,1.1393214,1.1544422,1.179006,1.171803,1.1801898,1.1286893,1.1644092,1.1593187,1.1695035,1.147562,1.1625141,1.164257,1.1604853,1.1609317,1.1837556,1.1681674,1.1486382,1.1642905,1.1410872,1.1601121,1.1785573,1.1661873,1.1557851,1.1482569,1.1617159,1.1654996,1.1688339,1.175328,1.1778069,1.1579658,1.16269,1.1625624,1.1745886,1.1645433,1.1641788,1.1606939,1.1572849,1.1603196,1.1534307,1.1704241,1.1608865,1.1658788,1.1678388,1.1640643,1.1469787,1.1672424,1.1480905,1.1659718,1.1554997,1.1685176,1.1675183,1.1632437,1.1711543,1.1726527,1.1746831,1.1438905,1.1532547,1.1717808,1.1597326,1.1854836,1.1896715,1.1623791,1.1569201,1.1604882,1.168157,1.1830385,1.1528711,1.1559511,1.1466839,1.1863732,1.1378927,1.1546375,1.1701442,1.1637145,1.1704452,1.153032,1.1898568,1.1696001,1.1562666,1.151343,1.1507901,1.1423289,1.1554364,1.1797845,1.1539955,1.159436,1.1686368,1.1744273,1.1376628,1.1690812,1.1690934,1.1675004,1.1618552,1.1737267,1.1496927,1.1510332,1.175984,1.1719009,1.1715717,1.1641779,1.1472188,1.1713264,1.1591718,1.1833068,1.1551272,1.1766315,1.1551558,1.1854794,1.1631204,1.1509737,1.1579559,1.1553245,1.17311,1.1548026,1.1540272,1.1709257,1.1571748,1.1770475,1.1477652,1.1735462,1.1314338,1.1791601,1.1517789,1.1685482,1.1374178,1.1716241,1.1552131,1.1736572,1.169402,1.1776611,1.1756018,1.1534791,1.1672959,1.1512177,1.1508162,1.1522036,1.1489629,1.1703435,1.1549311,1.178332,1.1858399,1.1598121,1.160333,1.1536582,1.1880833,1.179515,1.1680005,1.1504369,1.1617655,1.168833,1.173415,1.1607676,1.1628464,1.1546527,1.1628345,1.1598834,1.1634521,1.1684618,1.1634047,1.1683252,1.156375,1.1488773,1.1617049,1.1524785,1.1481403,1.1639233,1.1701267,1.1405723,1.1476521,1.166045,1.1755365,1.1756676,1.1410216,1.1734512,1.1788931,1.1837654,1.146067,1.1723171,1.1484035,1.1545525,1.1554989,1.1418792,1.1540884,1.1745408,1.1687514,1.1453054,1.1415237,1.169533,1.1460637,1.1728624,1.1516167,1.169913,1.1845456,1.1597177,1.1447264,1.153723,1.1747713,1.1485444,1.1633614,1.1522363,1.1475817,1.1642202,1.1423901,1.1608697,1.1639487,1.1587108,1.1531878,1.1768545,1.1464903,1.1490549,1.1662331,1.1572541,1.1483551,1.1676844,1.1794766,1.1466393,1.1479748,1.1590177,1.1653781,1.1486701,1.1670607,1.1533331,1.1669518,1.1677926,1.1621759,1.1452066,1.1826242,1.1663573
0.07533987,0.07216726,0.08588882,0.090620786,0.08000733,0.078408465,0.08021301,0.08536956,0.09006822,0.083124965,0.09107867,0.086833544,0.08068828,0.0783103,0.077167876,0.075562276,0.08466305,0.07591209,0.080352105,0.061463054,0.07236779,0.09187712,0.08864541,0.09423615,0.08337453,0.0604487,0.0759996,0.08206765,0.075296424,0.0789754,0.07784058,0.089651085,0.07858502,0.075815156,0.06444886,0.057437856,0.08586834,0.068840235,0.06737819,0.07093673,0.09780446,0.084996626,0.072411574,0.07975953,0.08554278,0.07087301,0.091362305,0.0899421,0.06176747,0.043623194,0.07607559,0.08422857,0.081157416,0.063385785,0.07148591,0.08772496,0.072186194,0.056932755,0.073781945,0.07365772,0.085428596,0.07265578,0.066575006,0.07307535,0.07053149,0.0709958,0.08854331,0.07866603,0.07877888,0.091615796,0.06690666,0.08304746,0.058666304,0.059924737,0.07634899,0.08704613,0.08180915,0.083411686,0.06915824,0.07453012,0.07143217,0.06954485,0.06615698,0.07369067,0.08081568,0.07863119,0.08621662,0.07854364,0.080811925,0.089055,0.069189444,0.051131424,0.067511186,0.068439946,0.091671735,0.0792017,0.06370697,0.07898505,0.07353705,0.06690697,0.06341649,0.07891114,0.07224466,0.06895876,0.056275167,0.06757878,0.07741955,0.08356243,0.06535086,0.078603804,0.07707901,0.07688353,0.080056965,0.075802326,0.06959819,0.0494252,0.08470345,0.075926065,0.08337272,0.07815333,0.097077,0.06667417,0.07190426,0.080916435,0.07816531,0.07654227,0.08459282,0.08010463,0.08826865,0.082319245,0.07442041,0.07905446,0.0867685,0.056595523,0.06784628,0.08958042,0.078630984,0.070826426,0.06433446,0.08685384,0.08399612,0.08595182,0.09003556,0.07007547,0.07857328,0.07494201,0.07332142,0.07710706,0.07908368,0.0570758,0.07556699,0.08590366,0.08315969,0.07254121,0.06489454,0.09157489,0.06986341,0.07530272,0.0726083,0.08263452,0.055601284,0.07474166,0.08656441,0.05661616,0.07745759,0.09266122,0.07767135,0.10021911,0.086329885,0.092705995,0.06788458,0.051526114,0.08335473,0.092538364,0.08358294,0.08486445,0.08785211,0.087243974,0.063383184,0.08138527,0.07120064,0.09550467,0.07072507,0.069022685,0.056391668,0.06720482,0.061774176,0.07111752,0.060766872,0.08446346,0.089787304,0.07821841,0.07214633,0.086714104,0.073304825,0.054353286,0.05354319,0.09723559,0.092928186,0.073759556,0.0904564,0.09427814,0.07211422,0.07716639,0.081565306,0.06563932,0.08936924,0.0820203,0.08587295,0.06352888,0.070862606,0.059157774,0.0684119,0.09003249,0.067929514,0.082937,0.087014705,0.096617036,0.0811156,0.06545186,0.0896458,0.07985005,0.06764646,0.08222282,0.08624901,0.06593994,0.060653325,0.071846664,0.052361466,0.07479906,0.06407796,0.085085794,0.076576225,0.081292,0.050790668,0.08175276,0.057869256,0.07512635,0.083202176,0.092552796,0.07525139,0.07564854,0.0774709,0.06038716,0.07906857,0.07372197,0.065563634,0.07906625,0.07972085,0.0697993,0.07503337,0.08339788,0.0825402,0.081929654,0.06897398,0.07449937,0.08524829,0.059454795,0.066175215,0.0795455,0.06105566,0.05526571,0.07221539,0.08114455,0.08099888,0.084644035,0.07142539,0.086019725,0.07184023,0.08219246,0.06826481,0.06586179,0.06651732,0.08719067,0.07728277,0.09050071,0.09124464,0.06866911,0.081561685,0.07190566,0.071491584,0.07886706,0.07669783,0.076601475,0.06261031,0.05243276,0.08101669,0.079128295,0.08319707,0.081968956,0.096473694,0.082724646,0.07965773,0.069522336,0.08268367,0.07752897,0.082094416,0.06613427,0.096179,0.07497299,0.08112859,0.08335385,0.07375133,0.07284385,0.06664011,0.068576545,0.07608066,0.0836952,0.07481951,0.077372804,0.10157257,0.086262695,0.07012988,0.08169612,0.06646639,0.08105117,0.081467465,0.07056878,0.08341529,0.07317686,0.07660557,0.079362914,0.077946775,0.089619294,0.07571122,0.07664186,0.08215984,0.090343945,0.08661513,0.083257966,0.0829017,0.08154088,0.07516487,0.07757354,0.08090326,0.074189775,0.07338624,0.06563772,0.06852326,0.06998156,0.070989504,0.07508401,0.10180472,0.085944295,0.09037632,0.08487257,0.06632553,0.080408156,0.091176905,0.0687404,0.09089008,0.06241539,0.07980253,0.08438504,0.08168619,0.08942517,0.053583108,0.079623185,0.0800118,0.08097337,0.06548243,0.058574766,0.08762929,0.079257905,0.07350147,0.077613436,0.085467115,0.06793733,0.084709674,0.06678787,0.07395064,0.09400322,0.06219733,0.07249651,0.08635861,0.08783008,0.07759722,0.07694574,0.07894493,0.053277075,0.070910476,0.07922746,0.09106314,0.073185965,0.09535803,0.07747814,0.07856654,0.080190316,0.080699086,0.09433667,0.072349824,0.0849856,0.07838301,0.081429034,0.08243107,0.079591185,0.06852392,0.06626031,0.059885133,0.08788259,0.09235211,0.0681227,0.07861555,0.09107469,0.07649715,0.063694134,0.08137025,0.09844016,0.07451148,0.088189654,0.07550696,0.07979065,0.06333339,0.07061369,0.09199454,0.06731209,0.05628582,0.081593685,0.07429007,0.076461956,0.06724082,0.0679235,0.085186884,0.08099193,0.06837292,0.046388883,0.08322458,0.078793995,0.07298158,0.0749584,0.069394685,0.06732835,0.070141435,0.07334772,0.08787521,0.07265445,0.079632655,0.08202222,0.082101256,0.061122227,0.09127526,0.064038664,0.062363192,0.06849276,0.06368095,0.060122415,0.063571446,0.088313304,0.0941716,0.07720545,0.06364373,0.06596182,0.073925346,0.07619946,0.06719221,0.08542051,0.101607665,0.058515996,0.092453524,0.07723285,0.06960468,0.07892674,0.07456249,0.09037268,0.08370072,0.07030854,0.073357955,0.08215736,0.08260371,0.07153115,0.06177042,0.051246107,0.09177235,0.07567763,0.073460326,0.08092131,0.061858725,0.081211254,0.069716945,0.10196982,0.08348721,0.0683323,0.08539066,0.07141848,0.07226713,0.082170464,0.074292615,0.07389358,0.07998558,0.084242344,0.055368345,0.07233942,0.082816996,0.05545834,0.07319848,0.08118571,0.08925164,0.09351431,0.08420065,0.07386805,0.08269539,0.09122129,0.07860201,0.08372664,0.084673315,0.087020114,0.06797836,0.069672465,0.0825624,0.06730282,0.08553977,0.09020302,0.08067833,0.07130319,0.08268333,0.088417456,0.08614281,0.06754398,0.082476154,0.082725406,0.07291828,0.07002903,0.07031763,0.07778116,0.07680082,0.06541255,0.08368697,0.09387554,0.053499058,0.08655082,0.08400503,0.07019831,0.07808402,0.07534297,0.08245477,0.07625489,0.06602074,0.07682364,0.06981205,0.08174431,0.08840982,0.07260916,0.07824575,0.061537944,0.07016168,0.0839612,0.078097574,0.09730229,0.07240865,0.07467125,0.0695464,0.09387843,0.08473234,0.068910256,0.07202625,0.07157978,0.068460405,0.069937244,0.08077836,0.09133059,0.07073851,0.065427035,0.08457437,0.09462121,0.09365556,0.072178975,0.07594175,0.08681749,0.079063565,0.06865812,0.060423743,0.07258198,0.060812004,0.07967639,0.070210114,0.08313674,0.06289157,0.08176661,0.0889005,0.06749545,0.069593385,0.10283129,0.07601552,0.081420094,0.06503295,0.08306094,0.0555613,0.07661493,0.09512983,0.09257966,0.07897541,0.08140892,0.086232916,0.062139492,0.07127194,0.05064529,0.079870194,0.0520905,0.1024902,0.06338428,0.104854316,0.06497812,0.06660597,0.08449018,0.079177216,0.08071834,0.07762454,0.04929917,0.07307151,0.054386713,0.07867573,0.06640385,0.06921136,0.0819871,0.062427375,0.077311665,0.065967344,0.0770839,0.08415341,0.07861141,0.061186027,0.08001984,0.07799855,0.09446806,0.081527054,0.083059885,0.06502147,0.07882884,0.07060356,0.084128484,0.06271884,0.0775044,0.080010936,0.085189804,0.07261084,0.063166715,0.08794272,0.07610953,0.06912277,0.06803776,0.07907043,0.07482588,0.09386038,0.07382902,0.08277225,0.08481666,0.0695336,0.071971364,0.09837711,0.09603804,0.09631487,0.08369247,0.08911842,0.070713215,0.074548714,0.08310862,0.077774025,0.06615925,0.07238525,0.06957848,0.08038669,0.09185172,0.075576425,0.07459538,0.087986976,0.08245802,0.08189334,0.061926242,0.07418103,0.075686954,0.09196766,0.06362502,0.073868535,0.081453726,0.06704987,0.076489806,0.07031946,0.08722595,0.080495626,0.07149815,0.07825164,0.07526685,0.09053829,0.09417148,0.07091507,0.078568965,0.071994625,0.06365935,0.07711282,0.093144245,0.06097217,0.06327774,0.06482363,0.060835965,0.064937904,0.0654182,0.09204574,0.08544701,0.085073195,0.067435265,0.07882635,0.062358823,0.07105194,0.09769821,0.0803996,0.08751558,0.090914875,0.06609276,0.082580686,0.08542311,0.07505268,0.08697748,0.07211646,0.074789375,0.0748665,0.07128735,0.07011249,0.083098345,0.08833586,0.07383075,0.08463168,0.090049446,0.0711953,0.071667254,0.056226507,0.08320883,0.0726157,0.07509775,0.08065814,0.079037,0.074446306,0.09498982,0.089708805,0.07365289,0.06153175,0.08557311,0.08796814,0.09213239,0.07727437,0.08277166,0.07958935,0.0717829,0.078895584,0.06922229,0.06721395,0.073575415,0.06660518,0.08137146,0.07773411,0.07317853,0.057182595,0.082123965,0.084107265,0.08312544,0.07975941,0.073447645,0.0683009,0.07292384,0.09174647,0.081660375,0.073691085,0.08472082,0.086265415,0.07162811,0.078283906,0.07203553,0.06240721,0.073702246,0.08361064,0.069393724,0.07046619,0.07163341,0.083519764,0.07168311,0.07045631,0.0769479,0.07244751,0.094946116,0.09201904,0.07502367,0.07777661,0.09125501,0.073865145,0.06336807,0.06691835,0.07332645,0.084327504,0.07302111,0.07276076,0.08585897,0.08630258,0.07413387,0.07946995,0.076448426,0.07873419,0.07058078,0.061431915,0.07884316,0.06950948,0.0729928,0.07590872,0.050356902,0.080563076,0.09529669,0.06900075,0.08089568,0.07588452,0.089386135,0.07633318,0.07324441,0.07145126,0.057464097,0.0864014,0.08230296,0.06472986,0.083720185,0.08037855,0.07515012,0.07610601,0.09100729,0.079418786,0.06962894,0.07565147,0.05399772,0.08870764,0.07695083,0.073796116,0.0727436,0.071738854,0.07947818,0.07614737,0.083902985,0.08185084,0.06848644,0.083803415,0.07118621,0.06573822,0.06969595,0.09325284,0.07358031,0.07669683,0.08436924,0.082963705,0.07662739,0.073168695,0.07923251,0.07914459,0.0711146,0.07568303,0.09068958,0.07372637,0.078757614,0.076456025,0.08399859,0.072916806,0.08403914,0.085768275,0.05511805,0.08435033,0.09028077,0.059793416,0.08706612,0.07421704,0.09447245,0.08574875,0.084548876,0.08253966,0.06871511,0.06969945,0.07047413,0.059714396,0.065835245,0.086405665,0.07074885,0.0819058,0.07206551,0.083989404,0.054393835,0.07140966,0.07849108,0.08112432,0.07088201,0.07298982,0.06269753,0.093953,0.059661303,0.06819806,0.08582829,0.093906194,0.08274217,0.065925814,0.071981125,0.09517571,0.07797098,0.08272129,0.10083318,0.07855264,0.06258409,0.07269631,0.07366268,0.09712373,0.06410636,0.07470121,0.09266491,0.08453198,0.06383734,0.07025653,0.07331637,0.06587375,0.08217286,0.08364447,0.07805087,0.06705001,0.08106741,0.092658386,0.07306095,0.075841814,0.082845114,0.06586106,0.08911186,0.080939636,0.0697892,0.08587396,0.08122249,0.0768047,0.07375556,0.076063916,0.09245214,0.072310895,0.08376059,0.08559902,0.07258493,0.082426354,0.061243597,0.07355711,0.075704396,0.07839483,0.07010754,0.07562432,0.07933469,0.07456383,0.07543562,0.06694589,0.07450875,0.10285863,0.056032807,0.059657868,0.08743528,0.06558148,0.075872794,0.056682393,0.06956858,0.08772125,0.08284822,0.07731788,0.05313868,0.0919343,0.082929954,0.10019486,0.077956595,0.09931758,0.08088138,0.09026627,0.08640024,0.065228336,0.06459494,0.08726928,0.054280747,0.06516138,0.077644855,0.080108136,0.07845639,0.09099202,0.07027424,0.09614083,0.09443911,0.07872764,0.06989624,0.10337411,0.07893467,0.09256295,0.080626816,0.07718824,0.083742395,0.06989227,0.06300922,0.086425155,0.070852526,0.06496314,0.082345605,0.08677028,0.07877648,0.07629988,0.079230666,0.0602468,0.07595617,0.08387367,0.06833632,0.07125536,0.08805854
