0.594793,0.59930724,0.6033514,0.60000235,0.595089,0.5993029,0.6039205,0.60234386,0.59794575,0.6002586,0.59745646,0.6078779,0.59875244,0.5944661,0.5918815,0.597778,0.60146505,0.5975339,0.59795517,0.5958115,0.59803504,0.60739994,0.6031276,0.58908886,0.59404135,0.59367,0.605048,0.5964799,0.6009647,0.59314644,0.598203,0.60136074,0.5988627,0.6080135,0.60395163,0.5930498,0.59313685,0.5997806,0.6032875,0.59412307,0.6025143,0.6034198,0.5993371,0.5953953,0.5906659,0.5870379,0.5944621,0.59795284,0.5992727,0.60028046,0.6046983,0.6007677,0.5965396,0.5995439,0.60246223,0.5927641,0.588555,0.6037452,0.5838113,0.59244466,0.6019711,0.59446347,0.6032698,0.5938881,0.5927788,0.6045772,0.60247624,0.6023397,0.5917322,0.5924623,0.60390496,0.59797245,0.59819454,0.6009317,0.5898759,0.6081298,0.5960141,0.5979927,0.5964955,0.5941742,0.60054415,0.5924838,0.59452474,0.6044277,0.59447694,0.5971243,0.60100937,0.59691495,0.593631,0.60224295,0.59539884,0.60474145,0.59098613,0.5915591,0.5940848,0.6128713,0.60106814,0.6053872,0.5969384,0.5912376,0.5912705,0.60251594,0.5970356,0.59546953,0.60370964,0.59156835,0.59913707,0.6030253,0.60075504,0.603005,0.6020635,0.601038,0.60709274,0.6040589,0.6024499,0.59898865,0.59890056,0.5994385,0.59891456,0.60048854,0.60429645,0.5949729,0.600282,0.61175114,0.59572464,0.59870505,0.5993002,0.598945,0.60589385,0.598458,0.6010269,0.5897542,0.6053229,0.6069804,0.5957066,0.59535533,0.5965537,0.5947264,0.5998797,0.6003492,0.59626377,0.596039,0.6041514,0.5905029,0.59806067,0.60226035,0.602923,0.6041094,0.6060318,0.5923779,0.5967282,0.5987042,0.5964785,0.60150546,0.58615977,0.6097972,0.5968934,0.5980512,0.59334606,0.59664047,0.6058675,0.60073215,0.60631895,0.6045737,0.59076816,0.5895438,0.5888588,0.5985161,0.59556895,0.60536784,0.6040229,0.59474283,0.599277,0.5937497,0.60590047,0.59978795,0.5929991,0.5963505,0.59724367,0.5971662,0.60654706,0.5927595,0.60072935,0.6007528,0.587163,0.60015005,0.6030737,0.60485697,0.59778225,0.60853237,0.59507275,0.5996243,0.60333,0.59869975,0.5990868,0.60214466,0.5983878,0.5923983,0.6010556,0.5947553,0.5957395,0.5933325,0.5978757,0.592574,0.5957729,0.59626144,0.60664004,0.5984404,0.6003598,0.5936727,0.5976076,0.5929576,0.60001355,0.5973317,0.5957034,0.5962126,0.5957319,0.5920131,0.59476113,0.59465784,0.5909868,0.60031354,0.6042322,0.5985999,0.5949771,0.5909109,0.59946436,0.5971197,0.5976163,0.59318614,0.5860875,0.60022223,0.6007675,0.60105526,0.59923106,0.59236085,0.60359997,0.591475,0.5936056,0.60806644,0.59700555,0.59448063,0.6035753,0.5891351,0.5939265,0.6001758,0.5968033,0.60310614,0.5970498,0.59662014,0.6074406,0.589775,0.5953589,0.59930456,0.6047792,0.5934664,0.588915,0.6020422,0.6004723,0.59650666,0.5946569,0.6053762,0.60345733,0.60748637,0.5917203,0.58942,0.59106237,0.59721416,0.589761,0.59286076,0.6062008,0.59839696,0.5887772,0.5987192,0.59817594,0.60091394,0.60711545,0.60250413,0.5907345,0.6008655,0.5873537,0.6002274,0.59497994,0.6036483,0.60056937,0.6078765,0.6059948,0.5950685,0.6007244,0.599712,0.59250325,0.5956836,0.59298146,0.5962938,0.5949096,0.60071295,0.60237277,0.58934414,0.6052859,0.6045212,0.5989665,0.60016936,0.5963162,0.5931647,0.5914209,0.59799653,0.5942287,0.59684724,0.60337406,0.5997439,0.5935365,0.6020462,0.5881704,0.6017733,0.6043815,0.5983369,0.5996939,0.5953479,0.59943914,0.5989559,0.6026589,0.6024344,0.60980314,0.59532917,0.60427237,0.6029592,0.5947448,0.59224075,0.5894466,0.59805894,0.5906147,0.6003389,0.5985708,0.5985138,0.60263205,0.5938545,0.59861076,0.5939062,0.600063,0.6041083,0.59852284,0.59655577,0.59948057,0.6030344,0.5988077,0.59084344,0.59043086,0.592274,0.5949854,0.6014883,0.5978822,0.5998154,0.60598946,0.59799683,0.5917299,0.6028772,0.6016575,0.5875062,0.60704994,0.60099316,0.5953767,0.60626364,0.59609723,0.5995766,0.60147834,0.60144943,0.5998032,0.59020144,0.59735465,0.6004205,0.59359574,0.59539974,0.5955665,0.5983039,0.6085565,0.60969245,0.60290444,0.6005199,0.5995772,0.59710145,0.5990887,0.6087714,0.5982975,0.59382135,0.604781,0.604433,0.60271597,0.59054106,0.59080726,0.60539716,0.5901009,0.60018665,0.6049455,0.5990104,0.59856474,0.597882,0.5921923,0.60424787,0.59840703,0.6065484,0.59354955,0.59806436,0.6043995,0.6028619,0.597782,0.60999924,0.5951297,0.5988883,0.6023802,0.5992529,0.6006827,0.5894964,0.5975529,0.6111988,0.59516144,0.59902495,0.5901209,0.60220176,0.60186774,0.6066156,0.59452415,0.5977852,0.5971615,0.5948326,0.6087926,0.60535544,0.6002458,0.6024239,0.5950598,0.6010127,0.5973913,0.59907234,0.58893836,0.5973943,0.5892082,0.599654,0.59872365,0.59056044,0.5976468,0.5892152,0.59245515,0.5979448,0.6072456,0.59995675,0.5965061,0.5942392,0.5990733,0.6030099,0.5935566,0.5979469,0.5933302,0.59512776,0.58929783,0.6003108,0.60252804,0.60374385,0.60078293,0.5960703,0.6087893,0.5959705,0.5944254,0.6050661,0.59790134,0.5983984,0.61080897,0.5980746,0.59650785,0.5943089,0.60142237,0.6036353,0.5959606,0.5976968,0.59902257,0.59809,0.59908,0.5952909,0.5975395,0.59052724,0.5948991,0.59616196,0.5989564,0.59999174,0.5971622,0.59734327,0.6024113,0.6049403,0.60427344,0.6046437,0.6018537,0.5934377,0.5987437,0.6010485,0.5910426,0.5895877,0.5936539,0.5952804,0.60139614,0.5990629,0.5969242,0.59618264,0.59700197,0.5994907,0.61034906,0.59328675,0.59781635,0.6052475,0.5963886,0.5976338,0.59162265,0.5963749,0.59521586,0.598615,0.5963768,0.60810345,0.5984879,0.59483165,0.5973197,0.59541595,0.59421945,0.5978736,0.59690386,0.6035893,0.59718853,0.5973108,0.59254193,0.59221894,0.5980866,0.59310186,0.60326964,0.5911756,0.6057924,0.5959999,0.5996444,0.5985113,0.6068747,0.59827226,0.5956936,0.6017528,0.592589,0.597024,0.6001245,0.5958281,0.6068937,0.60133153,0.59066886,0.59905016,0.59222764,0.58901525,0.6002056,0.58862627,0.60186684,0.59840685,0.59768516,0.5860293,0.59664714,0.60003376,0.5942393,0.5907386,0.6026061,0.59041876,0.6036864,0.6071864,0.5961011,0.6091935,0.5922251,0.6072713,0.6000397,0.58656126,0.5922045,0.6058502,0.5992512,0.59845877,0.59344304,0.59536093,0.599398,0.5960584,0.6070905,0.5982553,0.59374565,0.58878577,0.6012289,0.5924833,0.6007768,0.6027678,0.60746497,0.5914808,0.5954745,0.5897732,0.5953072,0.59582627,0.59708804,0.593796,0.5980561,0.59168893,0.6082772,0.6023095,0.58814335,0.60074675,0.6013468,0.599412,0.6057475,0.59759927,0.5890003,0.61120635,0.59861475,0.59920496,0.60161793,0.59590113,0.60072345,0.5928092,0.5895409,0.5993034,0.5948846,0.5897334,0.6006333,0.59536964,0.59755415,0.60099953,0.5987392,0.5917511,0.5964925,0.5967763,0.6081626,0.58943313,0.6005636,0.6004286,0.5986381,0.59325147,0.6052661,0.5989657,0.5959695,0.59598386,0.59750897,0.6041808,0.58901083,0.59081346,0.60420865,0.591111,0.5932552,0.6002706,0.59812456,0.60321057,0.5983298,0.6044915,0.60384077,0.59227294,0.60532784,0.59763664,0.59162575,0.59475136,0.6003369,0.59686744,0.5921012,0.6054539,0.5954322,0.59073037,0.5991008,0.5899284,0.6062475,0.59952,0.60742074,0.5964607,0.5937872,0.59626716,0.6033962,0.6019826,0.60212195,0.5977476,0.5882489,0.5984062,0.60367686,0.6030375,0.59773004,0.59901494,0.5960257,0.60351026,0.5978966,0.5970224,0.5988124,0.594513,0.6062863,0.59702045,0.59270996,0.5936266,0.59423125,0.59626323,0.6024213,0.59338933,0.6013613,0.5941113,0.6040019,0.5963503,0.59240395,0.59764344,0.5968912,0.5969527,0.6098616,0.5980713,0.6013195,0.5958226,0.59842503,0.59111637,0.5940512,0.6066232,0.6001532,0.5969759,0.59909713,0.59055406,0.59566015,0.5997548,0.5865339,0.59953237,0.6012511,0.5997015,0.5967886,0.5976862,0.6004888,0.5937013,0.588694,0.59931284,0.5883339,0.59500885,0.6037646,0.60033804,0.60251015,0.6013729,0.60997605,0.60310805,0.59590566,0.5993446,0.59945333,0.59456867,0.60368294,0.6020392,0.59862345,0.594959,0.60176945,0.59561396,0.59456444,0.58858407,0.60311425,0.5989841,0.5861771,0.5992259,0.6009816,0.5955841,0.5989982,0.597898,0.5977311,0.60131484,0.5943701,0.6002267,0.5999442,0.6018752,0.6034528,0.58810943,0.5907093,0.5978892,0.603748,0.5937412,0.6004927,0.60442525,0.5999751,0.6010802,0.5998797,0.60324246,0.5995316,0.5955289,0.5930249,0.59835017,0.6035596,0.59894735,0.5929512,0.6084254,0.60435,0.5873793,0.6014056,0.601211,0.5922665,0.6004003,0.5982361,0.5963979,0.59512097,0.60046446,0.60248625,0.60161734,0.6070935,0.60606575,0.5954396,0.5913005,0.6002584,0.6024595,0.60131353,0.60246766,0.60548824,0.6021,0.61320746,0.5966319,0.5935234,0.6072986,0.6002223,0.60723853,0.5921582,0.5899286,0.5985452,0.5968394,0.59524107,0.597985,0.5997613,0.59843415,0.5853921,0.5942001,0.59551436,0.59385043,0.6030378,0.59645694,0.5935678,0.5976089,0.59931767,0.5953128,0.60282105,0.5936534,0.5975622,0.5995606,0.6010582,0.59667164,0.59616053,0.5902955,0.5888265,0.59077865,0.5956994,0.5974636,0.6045638,0.59889,0.5977628,0.60207963,0.5926494,0.6035352,0.60451585,0.60156995,0.6032573,0.596705,0.60029286,0.59421265,0.6015843,0.5975146,0.595799,0.5921443,0.5982548,0.6059495,0.5922155,0.60187745,0.6021644,0.6000162,0.5956785,0.6046658,0.60425967,0.5898616,0.59850925,0.60390973,0.6020658,0.60026217,0.59284633,0.60190743,0.6015765,0.58798796,0.5970576,0.60094887,0.6015379,0.5960176,0.59845644,0.5935346,0.601381,0.58988994,0.5846569,0.6042595,0.6021745,0.5928682,0.5924087,0.59795207,0.58776754,0.5901879,0.5944296,0.58780855,0.59001195,0.5917416,0.59335744,0.5978554,0.5852727,0.597368,0.5925426,0.6038548,0.59323734,0.5918788,0.5919541,0.59621036,0.594851,0.60351205,0.589369,0.59372264,0.6007763,0.6114528,0.59236294,0.59836924,0.6016308,0.6075839,0.6007734,0.59837013,0.5921246,0.60087293,0.59448165,0.5967856,0.5945742,0.59972006,0.59555835,0.60023487,0.5932452,0.59556276,0.6029204,0.594514,0.5981413,0.5996631,0.5981925,0.59887815,0.590624,0.58521724,0.5987354,0.60718346,0.59576595,0.5932758,0.6015846,0.60571706,0.6026085,0.5978736,0.6041739,0.6061364,0.59728104,0.5993767,0.59477127,0.60169464,0.5863383,0.6042083,0.60650516,0.607641,0.60274065,0.59925646,0.60308754,0.6085287,0.5924676,0.6019437,0.60167706,0.59142137,0.58798194,0.60265905,0.6017502,0.5930284,0.594143,0.589607,0.58901805,0.59509236,0.6002179,0.5890581,0.59929305,0.60543454,0.58836997,0.6033593,0.6020043,0.5980801,0.5990745,0.6030247,0.5962107,0.60559464,0.59801704,0.59910357,0.6051659,0.6023645,0.59993607,0.6033525,0.6039339,0.596581,0.6031055,0.6032747,0.6003148,0.59330225,0.59741443,0.6043408,0.5963991,0.59222573,0.59875137,0.5861693,0.6078289,0.60071164,0.6098169,0.6027756,0.6038253,0.60102254,0.59677005,0.6032866,0.59849745,0.59423167
0.7870878,0.78161496,0.79472595,0.7753425,0.78829664,0.7839532,0.7914079,0.7846078,0.79674447,0.7932584,0.77838916,0.78945994,0.77677685,0.78481376,0.7810324,0.780775,0.78359723,0.78649163,0.78878874,0.78132,0.7854491,0.7812759,0.78592485,0.78249806,0.77953696,0.7929045,0.7963328,0.78512365,0.77651304,0.78550303,0.7734477,0.7878001,0.7888211,0.7906219,0.79045534,0.7835644,0.7850046,0.7880771,0.784885,0.7797224,0.7938194,0.78313684,0.78277093,0.7844924,0.7817879,0.7849779,0.78476244,0.7891691,0.7882092,0.7888342,0.7805417,0.78355366,0.78617924,0.7828993,0.78516525,0.7835827,0.77887,0.79219985,0.78599,0.7916594,0.78051114,0.77851886,0.7874219,0.77963686,0.7935237,0.78712696,0.7925987,0.78178585,0.7870369,0.79105484,0.7864308,0.7795707,0.78021246,0.77828556,0.7768759,0.7910015,0.7863265,0.787916,0.783639,0.7818675,0.7903477,0.77258104,0.78564066,0.7808717,0.7743813,0.7876242,0.78052384,0.78737575,0.7841126,0.7899149,0.78807056,0.80032426,0.78670824,0.7871724,0.7974965,0.77846783,0.7818581,0.7918561,0.7849962,0.79122627,0.78194284,0.7908585,0.7926317,0.78332263,0.78545755,0.78498924,0.7823458,0.7788888,0.7906295,0.7875439,0.79370517,0.78574854,0.79692215,0.7834588,0.786972,0.78735036,0.7951702,0.7965606,0.7923591,0.79567987,0.78495985,0.7823794,0.7892544,0.794832,0.7794697,0.7895571,0.79142827,0.78046083,0.7908101,0.7890508,0.7932804,0.783871,0.79009104,0.7907566,0.7770859,0.77974224,0.78302425,0.7820601,0.7943788,0.78334755,0.79058474,0.7830836,0.78402585,0.7806353,0.78929347,0.7845899,0.793403,0.78532857,0.7883029,0.78810626,0.7897842,0.781079,0.78470796,0.7922413,0.785648,0.78871393,0.78073967,0.78636706,0.78266126,0.78097457,0.7913701,0.78783655,0.7960264,0.7954838,0.7849786,0.779606,0.7842771,0.78674644,0.77754426,0.78492546,0.79304975,0.7857591,0.78010476,0.77539194,0.7837554,0.7861991,0.7865842,0.79268956,0.78659326,0.77566594,0.78110826,0.77961576,0.7855341,0.78159887,0.78624046,0.7836025,0.78572476,0.78533775,0.77965814,0.78797376,0.787167,0.7945947,0.789606,0.78726965,0.7861522,0.7945441,0.78184396,0.7827728,0.77832556,0.7826454,0.7895348,0.7780365,0.7856267,0.7909425,0.77839816,0.77721465,0.78049636,0.7857325,0.7808464,0.7894066,0.787997,0.7920851,0.7859651,0.7808851,0.77617836,0.7912356,0.7781653,0.7821723,0.7794154,0.7867259,0.7798938,0.79275817,0.79078925,0.78784895,0.77880555,0.77785474,0.7859353,0.7805377,0.7791297,0.7903216,0.7826002,0.793477,0.78734857,0.78241223,0.7847351,0.78713536,0.7884666,0.7817173,0.7833666,0.78586715,0.78833055,0.7917741,0.7938094,0.77768487,0.78315926,0.7909378,0.78562146,0.78467584,0.7855659,0.7921977,0.7864294,0.7824591,0.7794218,0.7838699,0.78904366,0.7758831,0.77720815,0.79501045,0.7862012,0.78338605,0.7822057,0.79008234,0.78007126,0.7821743,0.78268915,0.7892024,0.78864616,0.7822978,0.78560877,0.7856912,0.78389543,0.78319025,0.78110313,0.7844082,0.78039944,0.792386,0.7877068,0.7866941,0.7756249,0.7864119,0.78199375,0.79019487,0.77949077,0.7864249,0.7881352,0.7889054,0.7890853,0.78361905,0.7899571,0.7791135,0.7783286,0.78266907,0.788908,0.7882685,0.7778075,0.7880484,0.78459275,0.7864373,0.79096496,0.7915903,0.77905875,0.79332215,0.78112286,0.77973986,0.78593665,0.78625965,0.7836786,0.7816072,0.78574735,0.7860496,0.78054845,0.78004843,0.7815872,0.79276633,0.7859403,0.7898378,0.7916096,0.784862,0.7841668,0.7957176,0.79928815,0.7916126,0.7960112,0.78230345,0.79132324,0.7853674,0.78225374,0.7816577,0.77638763,0.79290885,0.7842088,0.78075415,0.7820307,0.78447866,0.794711,0.7815763,0.7825875,0.7818053,0.78397614,0.79230976,0.7816336,0.79025435,0.79169047,0.78736746,0.7883215,0.7868678,0.77990097,0.7845181,0.7858172,0.77937615,0.7800179,0.7903577,0.80150133,0.7859929,0.7868081,0.77884793,0.77682006,0.781854,0.7866622,0.78536135,0.7856781,0.7845327,0.78846544,0.78658783,0.78480583,0.7922272,0.79304576,0.78905267,0.7807334,0.7943927,0.7841871,0.7817366,0.78525764,0.7815534,0.7867802,0.7935628,0.78725576,0.7802178,0.7894613,0.7843755,0.78936464,0.78202516,0.78739244,0.7782774,0.7908816,0.78543186,0.7880796,0.7816653,0.7815449,0.79166573,0.7907135,0.7758507,0.79150116,0.7887785,0.7822007,0.78383994,0.78063005,0.78491807,0.786124,0.79126763,0.78714675,0.78072375,0.7845871,0.78066415,0.7918013,0.7847767,0.7777306,0.79223776,0.7891591,0.78220063,0.79290056,0.7820546,0.7739346,0.78889674,0.78594655,0.78765094,0.785771,0.776531,0.7828653,0.7905985,0.7843084,0.79524887,0.78951776,0.7859561,0.7847601,0.7882975,0.7836586,0.7836972,0.7856109,0.7829839,0.7906674,0.78370535,0.7822816,0.774966,0.78318596,0.78893775,0.7839376,0.7788673,0.78388375,0.78914064,0.78489286,0.78542095,0.79374224,0.78092927,0.78265357,0.7913362,0.78339005,0.78921354,0.7859676,0.78552353,0.78242093,0.7897992,0.7813208,0.77530944,0.77821934,0.7870201,0.7846835,0.7880689,0.79315054,0.7779802,0.7840518,0.7807724,0.779258,0.78682494,0.78832954,0.78756166,0.7925346,0.778869,0.7849276,0.789793,0.78507245,0.78300226,0.79392034,0.7864526,0.7906187,0.78044105,0.77846336,0.78264076,0.7774448,0.7839789,0.775434,0.7879174,0.7863714,0.79304117,0.7840549,0.791904,0.7920771,0.7928536,0.7844833,0.7809353,0.78664696,0.78495455,0.7769685,0.7790162,0.77931,0.7958541,0.7895001,0.7784363,0.77948225,0.79129195,0.7811904,0.78857476,0.78665894,0.7816143,0.78961915,0.78640985,0.77467245,0.7877666,0.7794618,0.7842567,0.7823282,0.7877343,0.78356063,0.7901793,0.7853037,0.78799397,0.77869976,0.7892865,0.7813788,0.7882304,0.78728086,0.79383945,0.7790652,0.7844042,0.78463805,0.77623665,0.78625077,0.79122853,0.7865193,0.77985984,0.7866652,0.7840173,0.7808756,0.7826931,0.7875612,0.78252554,0.78492314,0.7806816,0.784118,0.7794016,0.7823421,0.77654016,0.77825135,0.7758125,0.7842095,0.8016126,0.77066284,0.7880887,0.79193217,0.7817492,0.7986383,0.7915968,0.7950865,0.77966845,0.7875208,0.78899866,0.78915083,0.7827674,0.79813975,0.7790556,0.79153395,0.79192954,0.7745778,0.7898589,0.7805698,0.7986342,0.7840391,0.7822465,0.78267634,0.78527457,0.7934729,0.7848601,0.7863773,0.78842926,0.792102,0.78067577,0.7949233,0.78418654,0.7759129,0.78620446,0.7997119,0.79050004,0.7900852,0.78938854,0.7836883,0.77781415,0.786791,0.7877439,0.7788692,0.7820867,0.7847214,0.7796104,0.7837797,0.7822429,0.790933,0.7926934,0.7837847,0.7832324,0.7818426,0.7899987,0.78049636,0.7811018,0.79269326,0.78784394,0.7895815,0.7912673,0.7801522,0.79075384,0.79261637,0.79027927,0.7790097,0.77630776,0.78603923,0.7906902,0.7746872,0.79078865,0.7860352,0.77896184,0.78124833,0.7862454,0.78234816,0.78522956,0.7866054,0.7802814,0.7814142,0.7824233,0.7953805,0.7796761,0.7824807,0.7844094,0.78903633,0.78049505,0.7893066,0.7905611,0.7830259,0.78564876,0.7874458,0.7825857,0.7821778,0.7863298,0.7883249,0.7815854,0.7828229,0.79326916,0.78557205,0.7826259,0.7904099,0.77839375,0.7878776,0.7851779,0.7867336,0.7868877,0.77836835,0.7873199,0.7803997,0.77806246,0.7963886,0.78717893,0.7894168,0.7893783,0.7867827,0.7823678,0.7864068,0.78819066,0.7924819,0.7867868,0.78183013,0.78117096,0.7873192,0.7872826,0.7798842,0.7915585,0.7896955,0.7851162,0.7776421,0.781252,0.7733682,0.78080255,0.79058915,0.77820116,0.7870424,0.78349406,0.7888605,0.7852261,0.79022205,0.78912336,0.7916604,0.78361493,0.7852484,0.78056854,0.7981927,0.77972853,0.787751,0.78217983,0.7707527,0.7939027,0.7872785,0.7876679,0.7857189,0.7800382,0.7800914,0.78808177,0.78477323,0.78260165,0.78399396,0.7901239,0.7949847,0.7880952,0.78334093,0.78166735,0.7797126,0.7862871,0.78187245,0.78369117,0.7816288,0.78977656,0.7734525,0.7798906,0.7816084,0.78475773,0.78123236,0.791525,0.7828043,0.78150475,0.78095245,0.7863861,0.78773504,0.790311,0.7844004,0.78474283,0.7918442,0.78366464,0.7878389,0.78848696,0.7925606,0.77825654,0.7901293,0.7812307,0.78311986,0.7875024,0.78981864,0.7831512,0.77309763,0.7797689,0.79422796,0.78932977,0.79348737,0.7889144,0.785771,0.78152823,0.7863593,0.7847207,0.78153145,0.7938475,0.79244846,0.7761779,0.77681786,0.7840973,0.7811034,0.78174365,0.7872635,0.7782121,0.78811824,0.7776688,0.7796249,0.78932536,0.7819569,0.78565925,0.7907667,0.78831017,0.78889054,0.7882958,0.78571993,0.7968269,0.7868256,0.78827083,0.79206854,0.7930931,0.77552885,0.7834945,0.7870568,0.7795217,0.79247636,0.78018165,0.7891866,0.7846458,0.78274834,0.79230773,0.7923922,0.77669793,0.7792734,0.78709406,0.782454,0.7870735,0.7873554,0.7841255,0.7881281,0.77887744,0.7908068,0.79045236,0.78322375,0.78481525,0.78042024,0.7812883,0.7769694,0.79076505,0.7888254,0.7871965,0.78367305,0.78284335,0.78142226,0.7875656,0.78425777,0.77598315,0.7864855,0.78876567,0.7905708,0.78571534,0.79918337,0.7885172,0.7856116,0.7876274,0.78280437,0.7934005,0.7838181,0.79821813,0.7776406,0.7774178,0.78223443,0.7799991,0.7838815,0.7928221,0.7837538,0.7869097,0.7890548,0.7936955,0.78075105,0.7877253,0.7988268,0.78925467,0.78674465,0.7777209,0.78840184,0.7850137,0.78390473,0.78015447,0.7751267,0.7848799,0.7854668,0.797777,0.77855724,0.79333514,0.78574705,0.7855304,0.78709626,0.78208584,0.78563946,0.7784159,0.78457034,0.78416574,0.79126185,0.7790767,0.77757555,0.79155046,0.7771761,0.7771803,0.78297275,0.78896594,0.78857356,0.7771708,0.7850677,0.78326863,0.7923378,0.78106046,0.7872528,0.7839807,0.79474866,0.7816495,0.7763907,0.77953386,0.78849006,0.77210945,0.77860403,0.7795179,0.7739395,0.7841991,0.7860431,0.7754817,0.7869823,0.7862348,0.7842654,0.78236806,0.78767484,0.7831585,0.778334,0.7825354,0.77768,0.7941956,0.78206563,0.78380555,0.7895267,0.79312015,0.7796661,0.78873175,0.7810725,0.78832346,0.78509,0.786845,0.77739334,0.7852334,0.7751623,0.7901533,0.787519,0.7810908,0.7845859,0.78134954,0.7843057,0.7805628,0.79047096,0.79297477,0.7815223,0.7831484,0.78035736,0.7779426,0.78781277,0.78173333,0.7859575,0.78468895,0.78593713,0.79014283,0.78301793,0.78398454,0.7935904,0.7808534,0.78442025,0.79022866,0.78967315,0.7880095,0.7873682,0.80068856,0.78660107,0.7904536,0.7922707,0.78535426,0.79385203,0.7822077,0.79080474,0.7849652,0.78861606,0.78727067,0.79666513,0.77979386,0.7878505,0.7792907,0.7922598,0.78384346,0.7837279,0.7837283,0.78256506,0.7801821,0.7847609,0.79282784,0.7796631,0.79245347,0.7744156,0.79528534,0.78439945,0.78671306,0.78878087,0.7899587,0.77816373,0.7869047,0.78484714,0.785989,0.78856987,0.7904456,0.7816886,0.7905718,0.785755,0.78099704,0.79934704,0.78259355,0.7830423,0.78043365,0.780646,0.790927,0.7844007,0.77904135,0.7807997,0.7841615,0.7890784,0.77909595,0.7942025,0.78243953,0.78592473,0.7866084,0.78504175,0.78965646,0.7898189,0.78515726
0.90106994,0.8920838,0.9040855,0.89192516,0.90079427,0.8942829,0.8994962,0.8973562,0.902361,0.89845115,0.8889789,0.8960609,0.8977158,0.89495397,0.90004975,0.9000454,0.8937245,0.8985177,0.88848925,0.8942416,0.8968833,0.8949085,0.9007828,0.89334816,0.89149225,0.89119554,0.897321,0.8986197,0.9001533,0.8938025,0.88800603,0.90452474,0.89917487,0.89801264,0.89000386,0.8945757,0.9007399,0.900456,0.898168,0.89321625,0.90839607,0.90026826,0.90383995,0.9005329,0.89255077,0.88628566,0.8970138,0.8999578,0.90112096,0.8970208,0.88762754,0.8927543,0.8854197,0.89836895,0.898136,0.89191955,0.8917512,0.90289915,0.8904749,0.8978892,0.88763666,0.8937384,0.8961731,0.8919494,0.89366376,0.9021152,0.8996632,0.9014222,0.88402504,0.8940357,0.90268993,0.89437526,0.8951002,0.8970003,0.88845736,0.9045293,0.8904565,0.89340496,0.88957644,0.8911317,0.8966123,0.88630605,0.8995492,0.90834236,0.89517665,0.8992908,0.89508086,0.90143484,0.8959415,0.8967138,0.9010125,0.9059832,0.8976494,0.8948871,0.9009773,0.8962826,0.90308875,0.9042394,0.9036013,0.9013629,0.89217645,0.8966081,0.90030897,0.89243805,0.8966523,0.8842296,0.89707464,0.90371776,0.9018278,0.89015985,0.89472777,0.89307207,0.90618104,0.8946435,0.9029554,0.89868164,0.8970381,0.89920944,0.90057206,0.9003786,0.8965202,0.8945632,0.90212375,0.9024375,0.90064055,0.89944464,0.89987993,0.892677,0.9021698,0.89482963,0.8984155,0.90082914,0.89842397,0.8978274,0.8906195,0.8919286,0.90137833,0.89893496,0.8889318,0.8940549,0.89711016,0.88740134,0.9043451,0.8900495,0.899623,0.89959425,0.8976146,0.89854103,0.89946973,0.8819481,0.8982956,0.90071833,0.9059277,0.89951986,0.89060634,0.9006808,0.8839421,0.8989235,0.8920419,0.89056903,0.8991841,0.89930433,0.9021052,0.9051905,0.8879255,0.8897903,0.8936317,0.89918303,0.88925207,0.90109783,0.89445406,0.8962718,0.8988574,0.89406264,0.9003189,0.89936036,0.8906056,0.8898145,0.88903815,0.8972093,0.89687747,0.8842629,0.9084077,0.89952487,0.89194065,0.89915895,0.9072208,0.9027095,0.8968242,0.8912016,0.89792895,0.89818853,0.90016454,0.8947994,0.89471424,0.9014943,0.89216936,0.8906638,0.8963293,0.89603657,0.8977675,0.896145,0.8982379,0.8995222,0.89214474,0.89365435,0.89462787,0.89686716,0.8923323,0.88850456,0.8983932,0.8986749,0.90031064,0.89741385,0.88999987,0.8889615,0.8877941,0.8945212,0.8909935,0.89435905,0.8917856,0.9039807,0.8980941,0.89404804,0.8889329,0.89476496,0.90134937,0.89166236,0.8941136,0.89438957,0.88549966,0.8936455,0.9024586,0.89915484,0.8947001,0.8931763,0.89336634,0.9010145,0.8933888,0.8974369,0.8989984,0.8919028,0.9071776,0.8918076,0.89558744,0.89474374,0.89651394,0.8989168,0.89698476,0.9053851,0.89917547,0.8928902,0.8891195,0.8903173,0.89310217,0.89274085,0.8932021,0.89584625,0.9011204,0.8947245,0.89802444,0.9015965,0.89962184,0.8975035,0.891599,0.8882169,0.90279377,0.88726276,0.89439124,0.8937701,0.89587283,0.88810813,0.8903824,0.8968135,0.8982089,0.8970357,0.8980199,0.9006638,0.90291303,0.8997865,0.8851064,0.900935,0.89070326,0.9005721,0.8991139,0.9055993,0.90208954,0.89506567,0.8954079,0.89796036,0.8873458,0.89097077,0.90371484,0.8870421,0.8832143,0.89876187,0.8904661,0.88622844,0.9005604,0.8941506,0.8839909,0.89575696,0.8928823,0.895996,0.8943115,0.8976648,0.89105046,0.8933676,0.90054166,0.8996249,0.89205813,0.9005377,0.8936277,0.9031669,0.90500903,0.89981705,0.9017017,0.9029267,0.8993625,0.9034373,0.9067241,0.9004804,0.9041167,0.89659876,0.8999876,0.8945786,0.90020055,0.9014215,0.8905286,0.90435886,0.89495647,0.8957058,0.8948824,0.8959803,0.91028833,0.89997447,0.89152706,0.89913577,0.8988743,0.9069509,0.89456826,0.8888296,0.8997807,0.9023574,0.89853173,0.8975176,0.8814662,0.8941655,0.8980447,0.8980121,0.89452994,0.89545214,0.8976732,0.88947093,0.900632,0.8946308,0.8944214,0.8986495,0.90308446,0.8931719,0.8908278,0.8970704,0.8948073,0.89548486,0.8998207,0.9043719,0.8947471,0.88959736,0.8974862,0.90212685,0.89615536,0.8967486,0.8953739,0.8974477,0.90230876,0.9047433,0.8936065,0.89669776,0.89599496,0.89457756,0.901553,0.9055358,0.89724505,0.89221585,0.89985436,0.8963044,0.89166915,0.8896544,0.88653725,0.90101767,0.89627814,0.88975066,0.89786243,0.8921401,0.8941004,0.8963185,0.8909805,0.894582,0.88772655,0.90273726,0.8961052,0.89079696,0.8988487,0.89814943,0.8997049,0.8965086,0.88981926,0.8993141,0.89398974,0.9003147,0.89787394,0.8927813,0.8900723,0.8992814,0.8858997,0.8908018,0.8929647,0.8916035,0.90155095,0.90133417,0.8951369,0.89963377,0.9030265,0.8985303,0.8980144,0.89685595,0.9028405,0.89344245,0.8928203,0.90491176,0.90003383,0.9003532,0.89007735,0.8948955,0.8998089,0.9015494,0.8938078,0.8921097,0.89524287,0.8974749,0.89416176,0.89539135,0.90136147,0.8964766,0.8944213,0.90097815,0.8959874,0.90636295,0.8967833,0.90163535,0.8920264,0.8926856,0.88980716,0.8919089,0.8950753,0.8947354,0.8949153,0.8960848,0.9012515,0.8980484,0.88902116,0.8987791,0.8975253,0.896833,0.8986355,0.89095443,0.8982494,0.89396954,0.90255195,0.8990256,0.8992987,0.89531094,0.8961674,0.8905407,0.8993016,0.89219445,0.89850616,0.8902171,0.89389366,0.89453053,0.89426744,0.8947978,0.89454806,0.8986412,0.9027852,0.90003455,0.8979527,0.8994195,0.89797837,0.890055,0.90522283,0.8989829,0.8862783,0.89147013,0.8912325,0.90139717,0.89401364,0.8923805,0.89381576,0.894652,0.90296805,0.9002001,0.9027195,0.89491826,0.89351946,0.8968774,0.891474,0.89688057,0.8967075,0.89682627,0.8865596,0.89584583,0.89279443,0.89687544,0.89590174,0.90085673,0.8956512,0.89251345,0.89809674,0.9017781,0.89877456,0.8983678,0.8914259,0.8945339,0.8985447,0.8941865,0.9009577,0.8912191,0.89356786,0.8933115,0.9010672,0.90350765,0.8988344,0.8910941,0.8986936,0.9037372,0.8885837,0.8981457,0.90234643,0.9021351,0.89221394,0.8937798,0.89904255,0.89036447,0.8928267,0.8977136,0.89687526,0.8934627,0.9043188,0.879343,0.9121993,0.90029436,0.89509577,0.8914354,0.90138525,0.9038365,0.8904056,0.8953571,0.9097237,0.8911089,0.8980176,0.8994508,0.8952218,0.9042527,0.89945465,0.89924365,0.89780366,0.89722484,0.8935368,0.89778554,0.90541893,0.8921677,0.8982944,0.89851373,0.9028861,0.8898419,0.89115995,0.9018357,0.88579345,0.8917686,0.9014567,0.8958949,0.89597225,0.8988947,0.89732677,0.88859075,0.8893432,0.89189637,0.89711857,0.89163774,0.8971178,0.89797217,0.89205223,0.88496315,0.90181315,0.8986877,0.8934633,0.8909296,0.8972489,0.8954993,0.9006003,0.8927372,0.89518607,0.9014195,0.8930357,0.8983203,0.8971838,0.89209425,0.8953701,0.8975538,0.8926957,0.8988865,0.8945455,0.8920797,0.8928588,0.8968503,0.89478105,0.8995103,0.89550894,0.8932044,0.90046275,0.89131916,0.8990553,0.8937964,0.8920485,0.898446,0.8950881,0.90546995,0.8965662,0.89590997,0.9013362,0.8931914,0.90401024,0.906708,0.899158,0.8939179,0.89792484,0.89457977,0.89071244,0.8983662,0.89548373,0.8955163,0.89574844,0.8901582,0.8939379,0.89306796,0.90186,0.8828648,0.8946959,0.8943606,0.8960469,0.8987178,0.89352554,0.9029702,0.90060097,0.89356446,0.90515846,0.8969514,0.90190107,0.8925512,0.90265447,0.8947031,0.8998282,0.8969267,0.89252186,0.89597076,0.9009008,0.8912889,0.8980312,0.89663965,0.89131856,0.89895946,0.89860016,0.8895257,0.89834756,0.8927069,0.8925953,0.89601594,0.89552855,0.89219445,0.9027788,0.88538796,0.89075935,0.8933034,0.89497817,0.90201664,0.89877087,0.8974833,0.9025751,0.89561576,0.8997138,0.89033383,0.89770097,0.89411306,0.89847904,0.89128715,0.8979725,0.9046591,0.8938921,0.89170223,0.9005249,0.8990399,0.89173955,0.8982471,0.8927313,0.89906883,0.9044501,0.8960906,0.89427614,0.89460963,0.88381845,0.88872534,0.8923847,0.8897943,0.89107877,0.89778817,0.8996561,0.8940017,0.8924501,0.8919222,0.8911352,0.8939352,0.89273494,0.89377487,0.8952527,0.89704573,0.89149654,0.89000577,0.8938012,0.90018535,0.89602566,0.89299124,0.9038444,0.9003737,0.89831865,0.8929332,0.8974992,0.8963919,0.89955956,0.8901798,0.9031942,0.9008995,0.88943875,0.88673806,0.8996984,0.90060925,0.88989717,0.89684284,0.90473264,0.8941742,0.89144164,0.8934797,0.9009555,0.90459126,0.89505446,0.89131933,0.8911671,0.89447916,0.8863159,0.89127606,0.89833635,0.89335614,0.9012469,0.8954695,0.9014345,0.899641,0.8928832,0.8912808,0.8937418,0.8907303,0.89799064,0.8924723,0.89908653,0.8965607,0.89736265,0.89305323,0.8922608,0.90495956,0.8921536,0.9011924,0.90190876,0.8991697,0.9006276,0.89301336,0.9032599,0.8978503,0.8994023,0.9031127,0.892215,0.898952,0.8999656,0.8930764,0.897621,0.89624715,0.8905471,0.9037928,0.90324605,0.8911019,0.8923001,0.9043911,0.89609396,0.8995929,0.89312905,0.88961685,0.8902691,0.89343584,0.89203876,0.8996167,0.90146595,0.9021854,0.88970745,0.89189065,0.8991618,0.8844063,0.90389997,0.8958964,0.90142024,0.89432395,0.900614,0.9061082,0.89905685,0.8957658,0.89133507,0.89021426,0.89945054,0.898469,0.8924007,0.89100355,0.89102924,0.8860979,0.8885013,0.89669067,0.90206045,0.8919775,0.906579,0.89898735,0.8949609,0.9000735,0.90027094,0.8951003,0.90175897,0.8968317,0.8958012,0.8969786,0.9017622,0.89711356,0.898508,0.9040272,0.89504445,0.9013798,0.88642454,0.896335,0.8954955,0.89555067,0.8849447,0.900528,0.8999528,0.887177,0.89812034,0.89528364,0.9024511,0.89676607,0.89254224,0.8962689,0.8982246,0.8906774,0.89667076,0.9033135,0.9058883,0.8976192,0.8918219,0.90268266,0.8999776,0.89152354,0.8931351,0.89615536,0.8988954,0.8970759,0.89421237,0.897549,0.9003594,0.8915834,0.89759123,0.8977655,0.8895616,0.89420736,0.89528906,0.8978362,0.8975545,0.9029594,0.8937709,0.8890877,0.888374,0.88886285,0.88786685,0.8990299,0.88669896,0.89413244,0.8979635,0.8944425,0.8995344,0.9065977,0.8849276,0.8912901,0.89434004,0.90772367,0.89427936,0.8952605,0.8893295,0.90197176,0.88934064,0.8957874,0.8938268,0.89322686,0.89801073,0.89564246,0.89059174,0.89664376,0.9008121,0.90595484,0.89648825,0.89777654,0.89075,0.8968284,0.8945285,0.89365554,0.89084214,0.9052219,0.89352864,0.8934862,0.8924548,0.88145965,0.9026328,0.89617527,0.8977187,0.898682,0.8978896,0.9003564,0.8959771,0.8988894,0.8882622,0.90381974,0.9009004,0.8974419,0.89075226,0.8920807,0.8983341,0.89746886,0.8973051,0.903416,0.89905137,0.89402515,0.89389837,0.896066,0.895542,0.8927191,0.8938191,0.8988366,0.8930667,0.8921149,0.8982208,0.89117205,0.8939681,0.8991546,0.8920497,0.89971584,0.8880998,0.8931511,0.8963361,0.8995266,0.89920366,0.90307194,0.8922557,0.8910187,0.89791614,0.895256,0.8982446,0.9006842,0.8996518,0.8999794,0.8993285,0.9004697,0.8993197,0.8968168,0.8909206,0.8942773,0.9000725,0.89802235,0.89732754,0.8937367,0.90258306,0.8892842,0.90344524,0.89457375,0.8964735,0.8990883,0.8991781,0.8979629,0.90047306,0.89284295
0.9863044,0.99525154,0.9823629,0.98286784,0.98028415,0.984868,0.9930444,0.99507946,0.9873707,0.9912305,0.9810569,0.9887071,0.9885679,0.978445,0.9942112,0.9918568,0.99118584,0.9896592,0.9800782,0.9873692,0.9819962,0.99547493,0.97866225,0.98764193,0.9890355,0.9860179,0.9864746,0.99376965,0.9935268,0.9855334,0.9832641,0.9898033,0.98615706,0.9958122,0.9945738,0.98203665,0.9850172,0.9953321,0.98796433,0.98705393,0.99071175,0.9868796,0.9841544,0.98845536,0.9860265,0.98206735,0.9933922,0.9932327,0.9928058,0.9995923,0.9839739,0.99577814,0.9845822,0.9789779,0.99007976,0.9870828,0.99279565,0.9970887,0.97778094,0.9868273,0.9875228,0.98161644,0.98751706,0.99659336,0.9825758,0.98571086,0.9852568,0.9894689,0.9899235,0.9908736,0.9904765,0.98371196,0.9880689,0.98377,0.98027587,0.99079084,0.9888598,0.98539317,0.98084724,0.9845085,0.99044406,0.98755014,0.9923084,0.99053866,0.98065007,0.98431677,0.98150575,0.98676413,0.9811462,0.98796564,0.9969407,0.9897219,0.98609835,0.9870531,0.98673624,0.99210006,0.9835518,0.99099463,0.99202096,0.99011946,0.9855776,0.98268133,0.98611385,0.9839804,0.9891276,0.9827069,0.9886967,0.9905237,0.99535567,0.99210304,0.98606247,0.9843177,0.99082536,0.9942397,0.9799724,0.99588376,0.9966958,0.9881387,0.99320287,0.99135953,0.9860253,0.9904543,0.9932561,0.9936216,0.9853039,0.9887029,0.9848604,0.986326,0.9868945,0.98099285,0.9812961,0.99182,0.9843468,0.98529834,0.9908159,0.9914582,0.98569,0.9905319,0.9794982,0.99268466,0.9842435,0.9827685,0.99121785,0.9867841,0.98619586,0.9918803,0.98691535,0.9855796,0.98795736,0.98428285,0.98611766,0.9874823,0.9835659,0.98720825,0.9800472,0.9952183,0.99685097,0.98171675,0.9868864,0.9817139,0.9885886,0.98678225,0.98456126,0.9863652,0.9879339,0.9821086,0.98864496,0.9893981,0.9921341,0.9894366,0.98932606,0.9886144,0.9864568,0.9868053,0.9854681,0.98263234,0.98963696,0.9806218,0.98743963,0.9950641,0.9808151,0.98748803,0.98595107,0.98278177,0.98425883,0.99890625,0.99148905,0.99106455,0.9899852,0.99099743,0.9905692,0.9850387,0.99386716,0.9873066,0.98822516,0.99001783,0.99160266,0.9892281,0.9911061,0.9868459,0.9876883,0.99208003,0.98658866,0.99515367,0.9869789,0.99030757,0.9982156,0.9920067,0.9837858,0.98858327,0.9887107,0.99042493,0.9835649,0.9889257,0.99015254,0.9872059,0.98880816,0.98051286,0.9854694,0.9880367,0.9855541,0.99666363,0.98765326,0.990453,0.9892853,0.9867924,0.99264586,0.9941785,0.9924486,0.98725116,0.9822117,0.9836505,0.9903222,0.9878761,0.99224967,0.9790593,0.9942269,0.9859481,0.9833815,0.99113816,0.98255396,0.98005867,0.99174035,0.9882915,0.9885032,0.9875164,0.992668,0.98818535,0.9850275,0.9875621,0.9819019,0.98803806,0.9951538,0.98762625,0.99021983,0.9861442,0.9902677,0.9884099,0.9827818,0.9914215,0.9893771,0.98591805,0.9816379,0.98348886,0.98788756,0.9821992,0.9908266,0.98730487,0.9917204,0.98610604,0.98746604,0.99309987,0.99435264,0.9878435,0.9890966,0.9828282,0.9940064,0.9850755,0.9920972,0.9908168,0.98811275,0.9816309,0.98639846,0.99587286,0.9851557,0.99683064,0.9891308,0.98240143,0.9921845,0.9935179,0.9899223,0.98923063,0.9919141,0.97744423,0.9815508,0.9881141,0.9791823,0.9925377,0.9857054,0.98145396,0.9862498,0.98914385,0.9833051,0.9991522,0.9867344,0.98254216,0.98693526,0.9885883,0.99305433,0.9870438,0.9917139,0.9858142,0.98472375,0.99054134,0.9965369,0.98523116,0.9933279,0.9944008,0.99038386,0.9880837,0.98935366,0.99058497,0.99376124,0.99121994,0.98767704,0.9814015,0.98456633,0.99388385,0.98258966,0.9822277,0.9903221,0.9879513,0.9949176,0.99304783,0.99402285,0.98618835,0.9925422,0.9840396,0.99121696,0.9881887,0.9864502,0.99103963,0.99020624,0.984478,0.9874094,0.9895431,0.9915058,0.9852942,0.98936844,0.9934257,0.99616784,0.9818945,0.9802837,0.9831998,0.98432475,0.9892392,0.9818785,0.9857746,0.98617905,0.98541194,0.98916405,0.9919544,0.98431116,0.98038393,0.97887176,0.99683785,0.98970276,0.9789388,0.98557264,0.98494726,0.9893616,0.98140943,0.98516893,0.9955029,0.9883315,0.9959127,0.98103154,0.99735296,0.98837453,0.99102324,0.99224764,0.9961873,0.9868402,0.98639387,0.98929656,0.986219,0.9897566,0.9835425,0.99013054,0.988421,0.98197734,0.98562163,0.9879453,0.9824987,0.99199736,0.98885006,0.9887111,0.98211443,0.98073703,0.9895431,0.9991589,0.98594666,0.98652124,0.98990005,0.97626716,0.9987382,0.9879211,0.9886315,0.99099064,0.9856781,0.98206675,0.97629285,0.99180984,0.9868908,0.98721904,0.981427,0.9908479,0.98756135,0.9956357,0.9856356,0.98860174,0.9850733,0.98797774,0.988392,0.99392635,0.990637,0.9910178,0.9943631,0.98236835,0.9872043,0.98379403,0.98726195,0.9871304,0.9925347,0.987345,0.99107903,0.98896587,0.9832733,0.9979858,0.9887928,0.99042976,0.995928,0.9918291,0.99001545,0.9914539,0.98459506,0.98753333,0.99526304,0.9912743,0.98899245,0.9904492,0.9860979,0.9848972,0.991474,0.98223823,0.98956877,0.9923993,0.98148537,0.9946708,0.9881051,0.98099667,0.9850337,0.9926354,0.9914772,0.9941614,0.9922363,0.98732334,0.9937997,0.98615545,0.99689066,0.9855784,0.9835395,0.9931942,0.97679406,0.98941296,0.9934171,0.9894284,0.9880159,0.98559165,0.99290186,0.9870189,0.9883736,0.9840882,0.9909406,0.9905345,0.9926212,0.9884411,0.98083055,0.9834612,0.9819913,0.988091,0.99176025,0.98020947,0.9857977,0.9904525,0.9862801,0.98545676,0.98618233,0.98587006,0.9891774,0.9915412,0.988273,0.99211663,0.9823674,0.9894574,0.9925175,0.98887646,0.9927446,0.9879872,0.98882693,0.98749155,0.98826,0.9961303,0.99068344,0.97975874,0.99511325,0.9814236,0.9877614,0.98990726,0.9894129,0.9869779,0.99204487,0.9892674,0.98898166,0.9880367,0.9882375,0.9935784,0.9806727,0.9797827,0.9875779,0.9960885,0.985454,0.98565656,0.98096806,0.9899669,0.9944576,0.9936609,0.99284726,0.9875071,0.99322236,0.98863006,0.988548,0.99351186,0.980745,0.9827237,0.9795356,0.9908148,0.99119896,0.9921346,0.98610085,0.9937249,0.99104553,0.9824508,0.9826094,0.98656684,0.9920387,0.991046,0.9882358,0.99498165,0.9805602,0.9830973,0.9867198,0.9885262,0.991824,0.9915415,0.99292594,0.9838395,0.982375,0.9862457,0.9919368,0.98691547,0.9887138,0.99044263,0.9822559,0.9844083,0.99391806,0.9762723,0.9974228,0.9906653,0.986265,0.9851731,0.9856024,0.9946387,0.9820166,0.9890726,0.988171,0.9794522,0.98702955,0.99005586,0.98412126,0.99172753,0.990501,0.98668474,0.9902606,0.9954971,0.9879269,0.98708344,0.9869174,0.985191,0.9906412,0.99122775,0.98784107,0.99187285,0.98644173,0.99083346,0.98568743,0.99057996,0.98135835,0.9937415,0.98913306,0.9833294,0.99002194,0.99308926,0.9883816,0.99005604,0.98586684,0.994598,0.9916606,0.9857044,0.98526114,0.9897519,0.99119747,0.9834754,0.98613834,0.9873141,0.988483,0.9872134,0.9907399,0.9893909,0.99613166,0.9812382,0.98939854,0.9878305,0.9899654,0.9872557,0.990254,0.99188197,0.98588073,0.9857976,0.9951501,0.9849576,0.9926834,0.98226434,0.98758507,0.9825124,0.9921069,0.99493927,0.98606676,0.9861539,0.98933595,0.9869789,0.98934436,0.9869308,1.0001582,0.98832583,0.9842776,0.98058754,0.9867298,0.9912999,0.9819451,0.9906333,0.9938607,0.9937629,0.9873974,0.9845594,0.9981897,0.98653555,0.9814783,0.99282646,0.98682326,0.98738897,0.9858717,0.99879205,0.9795331,0.99197936,0.9812727,0.98990816,0.98444617,0.98952657,0.9883503,0.9829352,0.9915488,0.9787457,0.9871425,0.979273,0.98965687,0.9886403,0.9874816,0.9898075,0.9813601,0.9846627,0.9886719,0.99512714,0.9849824,0.9909648,0.98125577,0.98831385,0.9878212,0.9816283,0.988465,0.9962219,0.9823383,0.99092126,0.99426407,0.98474246,0.98593104,0.99057645,0.9893641,0.9827093,0.99306285,0.98048145,0.98885226,0.9892832,0.9953629,0.98459363,0.9819477,0.9905784,1.0008986,0.98133147,0.98469454,0.99394226,0.98986024,0.9980228,0.9843752,0.9826235,0.98731804,0.9989777,0.9915862,0.97738177,0.9881106,0.9886262,0.98499155,0.99189544,0.9894613,0.9922482,0.9804574,0.98311186,0.9892444,0.9891015,0.9838442,0.99406934,0.98983866,0.98835003,0.98839825,0.99108356,0.9903082,0.9850117,0.98688847,0.98238415,0.98949593,0.99296033,0.9865996,0.9884459,0.98932374,0.991054,0.986415,0.98644316,0.98771846,0.98929954,0.9907818,0.9909702,0.98404384,0.98752576,0.98435646,0.9880687,0.98966956,0.98621434,0.9923108,0.984893,0.9893421,0.98890984,0.98200417,0.9897629,0.995286,0.9874506,0.9814463,0.9899807,0.98426133,0.9987869,0.98937196,0.98776287,0.98951817,0.9847791,0.99084055,0.9890395,0.99060714,0.9944189,0.9897164,0.97454524,0.992443,0.9947583,0.98515993,0.9902011,0.9830719,0.994881,0.99320143,0.9932535,0.9883209,0.9934774,0.9931567,0.9945497,0.989216,0.9885795,0.9900011,0.9835347,0.9883475,0.985866,0.9870329,0.99163175,0.98775834,0.9860378,0.9839391,0.99281144,0.9893477,0.99427426,0.9837066,0.9913244,0.98032516,0.9852183,0.98515224,0.9894413,0.9873622,0.99002427,0.98102754,0.9960601,0.97886044,0.99015605,0.97959715,0.9899902,0.9860291,0.9865841,0.99750525,0.9906978,0.9896202,0.9953039,0.98474145,0.9969219,0.98702306,0.9878037,0.9746878,0.9929989,0.9887504,0.9870342,0.98614925,0.99162054,0.995181,0.98387825,0.98520154,0.98919404,0.98578024,0.9916408,0.98563594,0.9738172,0.9899679,0.98696524,0.98993653,0.9846834,0.9853311,0.99222314,0.99045163,0.994051,0.9957223,0.9878283,0.99097997,0.9884871,0.9893064,0.98918474,0.98742217,0.98439455,0.9857615,0.99357045,0.99352956,0.9925367,0.99408394,0.98635685,0.99078697,0.9778627,0.9868527,0.99351823,0.99620605,0.9897638,0.9919644,0.9942255,0.98938566,0.9898928,0.98886204,0.98826885,0.9937387,0.9858444,0.99564946,0.9901902,0.9852169,0.98291826,0.98365474,0.9826441,0.9899492,0.98848724,0.98026794,0.99004054,0.9811768,0.98413575,0.9927526,0.9877804,0.98251545,0.99283856,0.98627406,0.9882856,0.9842504,0.9855258,0.99080724,0.99487305,0.99301946,0.9807897,0.9957997,0.9854446,0.9906117,0.987971,0.992923,0.98195714,0.9955717,0.99011856,0.99023414,0.9868285,0.9914959,0.98833776,0.9866946,0.98548734,0.9884368,0.98984957,0.98833036,0.9899527,0.9856697,0.9887062,0.9840147,0.9886312,0.9953638,0.99074143,0.9894738,0.9845963,0.98752123,0.9823061,0.98929524,0.99138784,0.9818955,0.99437934,0.9833082,0.9833027,0.9981387,0.9888968,0.98613673,0.9869463,0.98699266,0.98706937,0.9979694,0.9864472,0.98052275,0.9944838,0.9883151,0.98643494,0.9856654,0.99115354,0.9905167,0.99229395,0.99123025,0.9887754,0.98848635,0.9798748,0.98881376,0.9879319,0.98638135,0.98953974,0.99077517,0.98186964,0.9923215,0.98312634,0.9835078,0.99998474,0.99318975,0.9902195,0.99151665,0.9910948,0.99207693,0.98344797,0.9888949,0.9868916,0.9888549,0.98308825,0.9932347,0.99545014,0.9792868,0.99140894,0.9976839,0.98906785,0.9909061,0.9877424,0.98309,0.992419,0.9905468,0.9863245,0.98140657
0.90901023,0.9062853,0.8993838,0.90009797,0.8957318,0.90175134,0.90660524,0.90792066,0.90382147,0.90572923,0.8991403,0.9085483,0.9083648,0.8914652,0.9093201,0.91301805,0.90660137,0.89547735,0.89899105,0.8914282,0.89602613,0.9138835,0.9013442,0.9030665,0.9080396,0.8986321,0.8983682,0.9042827,0.90011376,0.90621805,0.8947754,0.9050154,0.9007211,0.90916985,0.9112615,0.8945661,0.89812696,0.9095716,0.90311533,0.90238255,0.89640677,0.9023358,0.90635395,0.89923173,0.90458983,0.8953646,0.9139931,0.90877026,0.90647024,0.9047712,0.90148,0.8987471,0.89839286,0.90033954,0.895346,0.89848113,0.90578395,0.90878713,0.90588355,0.90225726,0.8989784,0.9016311,0.9058885,0.9103472,0.8977451,0.90459347,0.8980943,0.9017149,0.9014732,0.89876294,0.896456,0.8942901,0.9057461,0.90396285,0.8981351,0.90550256,0.9037819,0.90913296,0.89502716,0.9048495,0.9088822,0.90519017,0.90291905,0.9063375,0.8998021,0.8969942,0.9011399,0.9010308,0.8974375,0.90029484,0.90924394,0.9018258,0.90638644,0.90014225,0.90798235,0.9046,0.90619993,0.90230864,0.9054509,0.90887064,0.90071917,0.9061965,0.89937824,0.8973637,0.89903086,0.8969669,0.90739006,0.9018236,0.90607613,0.9074454,0.8932782,0.89325804,0.9048404,0.90627354,0.903332,0.90958565,0.9116397,0.8932492,0.9008042,0.9053312,0.90468496,0.9061561,0.90877205,0.90860313,0.9078039,0.89339,0.90145075,0.90189075,0.90095496,0.9032226,0.90266293,0.90286213,0.9048484,0.907219,0.90446085,0.9020041,0.9044497,0.8990198,0.90160465,0.90507984,0.9060782,0.9007882,0.9077495,0.90118825,0.90316796,0.9092868,0.90350664,0.9033201,0.897091,0.9018453,0.8951361,0.8990507,0.9008311,0.9029213,0.90181416,0.9061209,0.90062916,0.9061527,0.9001075,0.90083694,0.89970183,0.9007248,0.9028929,0.9002544,0.90861124,0.89522976,0.89755076,0.90020514,0.91056633,0.903179,0.9049245,0.9051181,0.90054655,0.9043346,0.9002627,0.90181524,0.9101376,0.8942339,0.9036923,0.9060718,0.8936227,0.90024996,0.89899856,0.89748937,0.89792705,0.90449405,0.91142786,0.9026913,0.9013384,0.90872157,0.9067889,0.90168977,0.90494317,0.8956151,0.9022032,0.9037475,0.90487885,0.902056,0.90128356,0.90804446,0.899822,0.89932567,0.9027112,0.90285814,0.9028406,0.90687484,0.9089007,0.9035406,0.90167034,0.9071428,0.9070093,0.9054234,0.89723444,0.91112494,0.9057296,0.8969002,0.8924685,0.90780747,0.90165347,0.9053376,0.9033475,0.9122144,0.9056333,0.9040852,0.9028419,0.90621066,0.9032421,0.9065581,0.9039946,0.8984874,0.89457285,0.8995083,0.9035498,0.9088594,0.90210646,0.8955127,0.90084136,0.9077043,0.89873785,0.9017197,0.8992203,0.896276,0.90823454,0.8993955,0.89888096,0.90078276,0.9024208,0.89930105,0.90230876,0.89721584,0.89798564,0.89714587,0.9030253,0.8987646,0.90436506,0.9014723,0.9085168,0.8988638,0.9022105,0.90785825,0.9018454,0.9016464,0.8991025,0.90592843,0.9010272,0.8993344,0.90839535,0.9045344,0.9141204,0.8956291,0.9027542,0.89876765,0.90781134,0.90096754,0.904599,0.888389,0.9028364,0.9023067,0.9039913,0.9013071,0.904053,0.8986877,0.90272677,0.90956974,0.898468,0.9099305,0.90043515,0.89948726,0.90980214,0.9025413,0.8976744,0.9010294,0.8990223,0.90040964,0.89836705,0.9040353,0.8981337,0.89928985,0.9016963,0.8992289,0.8991817,0.9019887,0.8979789,0.91480213,0.8970194,0.899768,0.9056207,0.89756024,0.9021461,0.9075943,0.8996879,0.9081669,0.90203726,0.90350664,0.90498877,0.89883727,0.9090787,0.90082717,0.900312,0.9046303,0.902828,0.9078978,0.904711,0.9025165,0.9065276,0.89461976,0.90426344,0.90276337,0.89895326,0.8992772,0.9117507,0.90634894,0.90486825,0.9024879,0.9024265,0.9086563,0.9029489,0.9034809,0.90354717,0.90794975,0.90910244,0.90546143,0.902977,0.9039058,0.8999256,0.90248775,0.9070265,0.8976021,0.9033357,0.8985115,0.9074398,0.90061516,0.89399505,0.89729756,0.90479356,0.9053182,0.9021233,0.90398633,0.9020467,0.9054198,0.9034112,0.9053465,0.89776176,0.9006715,0.8934047,0.9081258,0.90314317,0.8924091,0.9070385,0.89920443,0.9034137,0.8982796,0.8993077,0.910049,0.905069,0.9070403,0.8990944,0.9049864,0.9002622,0.90458083,0.90501964,0.90936834,0.8986541,0.9000641,0.90495676,0.90021557,0.90484506,0.90343994,0.90154177,0.9042103,0.9049755,0.90008575,0.90586877,0.89204824,0.9056759,0.90162385,0.90436333,0.8985293,0.8949591,0.903154,0.9062446,0.90612715,0.9046408,0.90731573,0.9086336,0.91067445,0.9049543,0.9060334,0.9032086,0.90483284,0.9011668,0.90566343,0.9040085,0.9000359,0.8992899,0.89418507,0.90344363,0.90678173,0.9089832,0.9083393,0.90738547,0.90070254,0.9031564,0.89994645,0.90450615,0.9033312,0.90562564,0.90217465,0.90623295,0.90964997,0.902446,0.9079629,0.90510833,0.8975616,0.90225685,0.90326273,0.90877545,0.9041038,0.91090363,0.90423965,0.9037779,0.9102421,0.9052035,0.90082514,0.90652764,0.90350163,0.9025169,0.9120608,0.90882593,0.9107667,0.9096086,0.90234464,0.905613,0.9078562,0.90201336,0.9005179,0.9061628,0.8967432,0.90504986,0.907021,0.8992172,0.9031096,0.9024755,0.9050068,0.90184367,0.90041745,0.90004826,0.9029251,0.9078514,0.90366197,0.91171443,0.90492916,0.9129587,0.89613545,0.90847474,0.9052853,0.904502,0.9058405,0.90215504,0.9110263,0.90258944,0.90524703,0.9003093,0.89776635,0.8987684,0.9064143,0.9005891,0.9046258,0.9043913,0.90559745,0.9067834,0.90740764,0.8984464,0.9050613,0.9019766,0.9025112,0.90005356,0.9017799,0.9066624,0.900523,0.90494204,0.9054336,0.90190786,0.90002555,0.90496004,0.89841795,0.91372454,0.90384537,0.8994809,0.8998687,0.9020239,0.903444,0.91145486,0.9055761,0.90263474,0.8982552,0.8997108,0.90734994,0.91017336,0.9003797,0.9088242,0.90546083,0.90354407,0.90723306,0.90231836,0.90539,0.91315925,0.90173674,0.8987931,0.9018619,0.9099802,0.90086013,0.9078245,0.900501,0.9023254,0.90414476,0.90597117,0.90028477,0.90410143,0.9099846,0.90411294,0.90218765,0.909112,0.89986175,0.9009597,0.9011473,0.90315956,0.9043327,0.9033325,0.90657055,0.90795845,0.9037487,0.9019489,0.9036329,0.9006659,0.90886885,0.90464103,0.897687,0.912815,0.8974427,0.899853,0.8999675,0.89873236,0.9030184,0.90798825,0.90598583,0.901097,0.8974707,0.8935866,0.9099521,0.9078889,0.90197486,0.90202534,0.8991213,0.90426844,0.9016354,0.9007943,0.90905744,0.89568764,0.9063529,0.9041482,0.90599424,0.90472025,0.89942354,0.9043172,0.9047809,0.8939934,0.9018581,0.9054796,0.896177,0.91395503,0.9041519,0.90178275,0.9030348,0.91164577,0.900006,0.90746444,0.90000963,0.9023744,0.90021354,0.905387,0.907227,0.90931064,0.9036092,0.9046167,0.8971707,0.9044753,0.89300483,0.9089498,0.90798813,0.9040405,0.9011805,0.9092464,0.90640146,0.8994313,0.91072315,0.9035861,0.9040599,0.9008477,0.8947126,0.89949644,0.90834635,0.898473,0.89767194,0.90277123,0.90078574,0.8975173,0.89840794,0.8983693,0.9104275,0.9070812,0.9102748,0.9090231,0.9041226,0.90217274,0.90533125,0.90210754,0.8974132,0.90213984,0.9008814,0.9053487,0.9022715,0.9014796,0.9036923,0.90831214,0.9116808,0.9025778,0.9034303,0.90490144,0.90549266,0.9036138,0.9000242,0.9047921,0.914176,0.9025046,0.9068569,0.9021266,0.9070462,0.90447664,0.9086996,0.9066933,0.9058141,0.9050948,0.9047607,0.90373385,0.91069025,0.9055304,0.90280527,0.90491056,0.91020745,0.90708196,0.9086357,0.91298693,0.8967063,0.90580446,0.9025977,0.90493643,0.9035178,0.90474576,0.9002187,0.8969377,0.9022496,0.893471,0.9057287,0.8960081,0.90821165,0.90127534,0.905088,0.89939505,0.9078998,0.9075439,0.89672506,0.9103221,0.90499115,0.90427303,0.9026691,0.9002326,0.9004988,0.90145624,0.9064614,0.9106401,0.90002024,0.90532637,0.90396696,0.90360194,0.90478355,0.9036832,0.90288943,0.8996904,0.9088757,0.89506984,0.8981952,0.8996646,0.9012628,0.89682317,0.90491754,0.90326864,0.903996,0.9011341,0.9042452,0.9083625,0.90117645,0.90953004,0.908015,0.89844126,0.9145453,0.9000754,0.90241617,0.89794105,0.9017739,0.8954145,0.8996433,0.90293103,0.89726883,0.90993434,0.89545226,0.9038348,0.9063639,0.90267926,0.9045337,0.9086202,0.9032087,0.90233624,0.89528394,0.9036945,0.9016369,0.8984618,0.90783864,0.91161686,0.9036823,0.90029657,0.9044825,0.91136533,0.9038693,0.90214455,0.9020067,0.907771,0.8975409,0.89498675,0.9054703,0.90578055,0.9057313,0.9029216,0.89831585,0.9025184,0.90743834,0.8965985,0.9031794,0.8955073,0.8999118,0.9042856,0.9014238,0.9036761,0.90877223,0.9065125,0.89933443,0.8968965,0.8960951,0.9114001,0.902277,0.90515,0.9062955,0.8946492,0.9066032,0.90555316,0.89802945,0.90154845,0.9059383,0.89234465,0.9075691,0.90846837,0.8997103,0.9047272,0.9007741,0.89906,0.905853,0.90309894,0.90417874,0.90880156,0.9040297,0.89987797,0.9053768,0.91031265,0.898293,0.8980431,0.90118384,0.90557,0.9009908,0.90406185,0.90580404,0.89706314,0.8955641,0.9014156,0.90304387,0.9109875,0.90319437,0.9014231,0.90206033,0.8985998,0.9058196,0.89950603,0.9111921,0.89313257,0.89854985,0.91011477,0.897102,0.8984122,0.89188224,0.9111588,0.8965629,0.9019893,0.90088993,0.90329504,0.9054282,0.90796936,0.90241146,0.90586305,0.8973837,0.9005836,0.89669,0.9110056,0.904629,0.9023698,0.9054202,0.9005715,0.90597963,0.9026054,0.89833087,0.90707594,0.90824294,0.9062227,0.8977582,0.8963726,0.9043426,0.8962814,0.9107241,0.90021676,0.89869153,0.9109849,0.9070433,0.91077644,0.9115363,0.9030044,0.895222,0.9045238,0.90259767,0.9056849,0.90365505,0.90310836,0.90536535,0.90596175,0.91276395,0.9090225,0.9075905,0.9005335,0.90062016,0.8947172,0.9072225,0.9106125,0.9056677,0.9051233,0.912481,0.91102433,0.8991003,0.9041993,0.8995847,0.8965319,0.9055412,0.90074116,0.9093814,0.9026523,0.90617996,0.8965044,0.906518,0.90415186,0.90985805,0.909181,0.89989036,0.90440744,0.9020474,0.9062422,0.90903735,0.90078974,0.90368503,0.9086195,0.9102064,0.904315,0.905905,0.8987331,0.9053667,0.9052744,0.90465987,0.89824116,0.91114336,0.904074,0.9043733,0.9038259,0.9053682,0.8956064,0.90542215,0.90520555,0.9074621,0.9028677,0.91515374,0.89897126,0.9031707,0.89231604,0.90361315,0.90138113,0.9021151,0.9028315,0.8997798,0.9048474,0.9021914,0.89389616,0.9005642,0.9043186,0.9010797,0.90291256,0.8945398,0.8996217,0.9024327,0.9024985,0.89602757,0.90129536,0.8981157,0.8994576,0.912074,0.9079842,0.9023491,0.90743667,0.90182704,0.9090009,0.90981334,0.8983875,0.89982754,0.90157706,0.9037084,0.90060955,0.8976175,0.9038028,0.89775306,0.8997332,0.90337336,0.9059951,0.9047924,0.8982455,0.90169185,0.9069823,0.89579284,0.9119528,0.89920723,0.89639324,0.902866,0.8959605,0.89791596,0.90285075,0.9073744,0.90108395,0.90748924,0.89890474,0.90819335,0.90494,0.90101117,0.9046666,0.90005666,0.898626,0.90754414,0.9073166,0.89490235,0.9029051,0.9069199,0.8977373,0.9033131,0.9069822,0.90878487,0.90648407,0.90572554,0.90142626,0.89808905
0.26279533,0.2563478,0.25320315,0.2552214,0.25335866,0.2569584,0.2598405,0.25070465,0.2630092,0.2540135,0.25428927,0.26673537,0.25474834,0.25082812,0.25473982,0.26753366,0.2526949,0.2539131,0.2537382,0.25152656,0.2555153,0.24549846,0.2615197,0.2508478,0.25323942,0.25658563,0.25053376,0.2571121,0.25570375,0.2591971,0.2594616,0.25988165,0.25515127,0.25382257,0.2519116,0.2579846,0.26032084,0.25060204,0.25577113,0.25779468,0.25258106,0.25989488,0.2588905,0.25548646,0.2574998,0.25918722,0.25880694,0.2527689,0.25945324,0.2456873,0.25126332,0.25814375,0.2537491,0.24902871,0.250895,0.2581876,0.2522061,0.2526173,0.2515726,0.25881097,0.24967915,0.26620048,0.2531861,0.248431,0.26409867,0.26125556,0.258066,0.25467473,0.24978067,0.25051332,0.25535148,0.2550263,0.2534605,0.2582288,0.25018454,0.25912213,0.2464363,0.25575006,0.2545986,0.2517861,0.25412783,0.2475123,0.26219884,0.25990608,0.25810125,0.2575552,0.2528175,0.25864953,0.2592907,0.25550225,0.2542211,0.26636216,0.25280496,0.25765756,0.25691688,0.25454977,0.26257768,0.26457384,0.26166123,0.25718182,0.2556168,0.25177255,0.25229287,0.2549249,0.25214908,0.25099477,0.2584489,0.2543859,0.2571339,0.2544168,0.2541792,0.24873862,0.2624364,0.25662863,0.2535783,0.25245136,0.2581721,0.25817668,0.2542895,0.26071942,0.25321794,0.25566444,0.26213032,0.25673515,0.25887406,0.25692514,0.25897956,0.2566812,0.26173696,0.2618501,0.2556619,0.25515628,0.25642085,0.2545156,0.24762394,0.2548158,0.26038182,0.25474653,0.25467187,0.24880633,0.25411838,0.2539179,0.25994712,0.25212944,0.25515318,0.26016116,0.255286,0.2591376,0.26206696,0.2530143,0.2647776,0.25762933,0.25449777,0.25066793,0.25296938,0.25038037,0.23780245,0.25590593,0.2568539,0.25841078,0.2522182,0.25826558,0.2581732,0.25548887,0.25060034,0.25751895,0.25075513,0.26062042,0.25090972,0.25452596,0.25680676,0.2537765,0.2592541,0.2529471,0.2559549,0.2628736,0.24897076,0.25259966,0.24732654,0.25373676,0.25998852,0.2505458,0.25914747,0.25586307,0.24784482,0.2512613,0.25564364,0.25679246,0.24698487,0.25385034,0.24715824,0.25705484,0.26193208,0.25299427,0.25670552,0.2545733,0.2482124,0.24674813,0.25038436,0.25367698,0.25394544,0.248142,0.25302666,0.25824222,0.25087652,0.25664514,0.25002497,0.24957064,0.2554697,0.2579313,0.25402653,0.26404014,0.25489768,0.25406328,0.25834292,0.2534397,0.25551796,0.25538728,0.25295916,0.25327897,0.25666583,0.2596588,0.2556592,0.25888616,0.25113302,0.2534288,0.2556548,0.25280914,0.2587278,0.25866744,0.24954602,0.25526914,0.2548155,0.25623026,0.2500878,0.25457975,0.25797445,0.2620226,0.24425909,0.25648874,0.25951558,0.25463966,0.26324773,0.25506505,0.24894874,0.2552772,0.25949547,0.2556503,0.2536116,0.26220474,0.25984487,0.25591433,0.25432074,0.24646093,0.2600597,0.25411415,0.25892034,0.25823188,0.2576703,0.26238015,0.25530967,0.25161913,0.25591215,0.24938102,0.25585416,0.26004314,0.26195714,0.25552008,0.25585952,0.2467547,0.24995893,0.24877112,0.25020713,0.24263401,0.24990645,0.25659996,0.2524609,0.25776097,0.25495622,0.2549904,0.24725054,0.25604817,0.2499311,0.25981116,0.26105294,0.25861287,0.25427458,0.25183028,0.25852215,0.25647125,0.25767386,0.25535303,0.25421432,0.25187048,0.2451331,0.2593432,0.25457168,0.24732688,0.25507674,0.2621145,0.24592488,0.25274882,0.2505976,0.25342634,0.25521472,0.25866804,0.2538786,0.2506893,0.25643614,0.2620297,0.25280592,0.26029402,0.24665715,0.2577261,0.26024327,0.26119816,0.26067293,0.25693706,0.25970444,0.26039234,0.25882563,0.260829,0.25077823,0.24879564,0.2502751,0.24972583,0.25370497,0.26122385,0.2576311,0.26173624,0.25617424,0.26252422,0.25773215,0.254514,0.26066554,0.2560997,0.24737702,0.26487243,0.25140414,0.26070842,0.2618413,0.25053075,0.25814587,0.25240022,0.25330162,0.25713733,0.24477084,0.25538468,0.25144577,0.25017768,0.24831372,0.2550079,0.26335165,0.25987926,0.252354,0.2603287,0.25065705,0.25705943,0.25466663,0.257537,0.25276572,0.25432414,0.2508344,0.25718358,0.26500058,0.26304895,0.26407164,0.26230073,0.25984496,0.25921997,0.25118944,0.2635173,0.2503624,0.2625422,0.25768328,0.25665933,0.2555025,0.24989273,0.25249746,0.25221375,0.26253596,0.2516977,0.25410873,0.25502148,0.26297978,0.25265685,0.25140005,0.25392938,0.24781945,0.262373,0.26105458,0.24886398,0.25166598,0.2552694,0.25318903,0.2539938,0.24823803,0.25221017,0.25443548,0.26104233,0.25328657,0.24908014,0.25832477,0.2575242,0.2593229,0.2543996,0.25545117,0.25024685,0.25346905,0.26062816,0.25795513,0.25329664,0.2539549,0.2575119,0.2555912,0.25812948,0.25110883,0.26117906,0.25636503,0.25904855,0.25970113,0.25336424,0.26142555,0.2577909,0.25570962,0.2494227,0.25850043,0.25859433,0.24301074,0.25462416,0.2544605,0.2603854,0.25196785,0.2575746,0.2594107,0.2545629,0.25923306,0.25280637,0.25637934,0.25738913,0.25497073,0.26112556,0.25176907,0.25157005,0.2555391,0.2569403,0.2529615,0.2587836,0.2509908,0.264417,0.24981578,0.2564475,0.24755071,0.25125718,0.25834468,0.25672722,0.25467297,0.25918454,0.26132017,0.2556814,0.25040835,0.2560628,0.2515438,0.24968062,0.260989,0.24907275,0.25188223,0.25376454,0.25920302,0.25047597,0.26075697,0.25522617,0.24907447,0.24910156,0.2546141,0.250085,0.25178054,0.25477177,0.25756568,0.25152647,0.25475278,0.2519347,0.25198805,0.260261,0.25711706,0.2525633,0.25713217,0.25241026,0.2565506,0.25609866,0.26724467,0.2466266,0.24485356,0.25243154,0.24974301,0.2544426,0.2535221,0.24563271,0.25318152,0.2545967,0.2574092,0.2559915,0.25237563,0.26256984,0.25538388,0.25290647,0.25246564,0.25512964,0.25086153,0.25641766,0.2572406,0.25001448,0.25275892,0.2556651,0.24777058,0.25409934,0.26087898,0.2499514,0.26013654,0.2595583,0.2525705,0.25186253,0.2534363,0.24770786,0.26031545,0.25867504,0.2619353,0.26019737,0.24481107,0.25569385,0.25807527,0.26604903,0.25749987,0.25767517,0.24968661,0.25046518,0.25073224,0.25518927,0.25824636,0.25169152,0.2571323,0.25361016,0.2557688,0.25494015,0.2619029,0.25538075,0.25264475,0.2602257,0.253521,0.2537344,0.26072273,0.25825334,0.2559846,0.2501329,0.25535363,0.26024032,0.2575407,0.2517544,0.26501483,0.25432834,0.25764284,0.25827813,0.25548136,0.25279543,0.260471,0.2592818,0.25960785,0.26010314,0.24815534,0.25187612,0.2629899,0.24986294,0.24910662,0.26195577,0.25208703,0.25582007,0.25976846,0.25609767,0.2546538,0.2516032,0.26669943,0.25172797,0.2566529,0.26338103,0.25633308,0.2571203,0.25517863,0.25392663,0.2526681,0.2524641,0.2566302,0.25442955,0.24861448,0.25079978,0.2564774,0.25617024,0.2521072,0.24402097,0.25518218,0.26129484,0.2597115,0.26022786,0.25955355,0.25982675,0.26029274,0.25657398,0.2537701,0.25854176,0.25148097,0.25147197,0.24564582,0.25552523,0.25942624,0.25276116,0.26289082,0.25471097,0.24956584,0.26048946,0.24686296,0.25256655,0.25248194,0.25433764,0.25595412,0.2503656,0.25170365,0.24815206,0.2592837,0.26214236,0.25155774,0.25633875,0.2551283,0.26007524,0.25290564,0.25268817,0.26084936,0.25995794,0.25020078,0.26923612,0.25577036,0.25261766,0.25284225,0.2520233,0.260285,0.2555037,0.25528795,0.25580665,0.2464613,0.25813207,0.25414592,0.2533107,0.25772163,0.2506707,0.25346637,0.25916174,0.2569114,0.25349903,0.26087174,0.2560648,0.2549399,0.2553501,0.26225042,0.25527087,0.25383672,0.25389653,0.25174275,0.25226748,0.262513,0.25952718,0.25725156,0.25978214,0.25348514,0.25543854,0.24749587,0.25116915,0.25285214,0.2532984,0.25605318,0.25398645,0.25118577,0.2534495,0.25870124,0.25622353,0.25030324,0.25538677,0.25989032,0.26062053,0.24867243,0.2531516,0.26276955,0.2601223,0.25580236,0.25774643,0.254304,0.25851062,0.25786865,0.25051826,0.25203887,0.26043183,0.2604698,0.25245973,0.25258213,0.25220168,0.24589674,0.25889066,0.2564442,0.2677208,0.2577062,0.25801516,0.26187056,0.25078732,0.25826254,0.24599317,0.25938916,0.24944083,0.25568742,0.25347438,0.25283745,0.24860854,0.25623617,0.24619931,0.256641,0.26090634,0.24839324,0.26149374,0.26155242,0.2572944,0.2538372,0.2525955,0.25822917,0.2523938,0.25414434,0.25573474,0.26591626,0.26095706,0.25608665,0.25609216,0.25900054,0.25459278,0.25534204,0.25249463,0.25875327,0.25666004,0.25786301,0.25040862,0.25219992,0.2562352,0.25122184,0.25342542,0.26293543,0.24986073,0.26000002,0.25121856,0.25018698,0.25569242,0.25446346,0.25403994,0.25376588,0.25544325,0.24754632,0.25913543,0.25723073,0.25981948,0.26203042,0.25285652,0.25989145,0.2566153,0.24937615,0.25656798,0.25594315,0.24893688,0.25293127,0.25991637,0.25768146,0.25594172,0.2576898,0.2540407,0.2505712,0.25088632,0.2532927,0.2655707,0.251557,0.25650644,0.25737023,0.24961463,0.2531459,0.25823197,0.2573435,0.2601723,0.25359234,0.2561832,0.25305602,0.25427067,0.25183252,0.2523893,0.24876614,0.24966688,0.25719702,0.24898556,0.25510967,0.26288402,0.25281388,0.25619277,0.25897786,0.24497132,0.25302553,0.25428435,0.2550999,0.2599381,0.25365248,0.25863722,0.2534647,0.25145638,0.25337672,0.24931452,0.24982095,0.25794002,0.24962139,0.26105586,0.26158756,0.26530424,0.2532059,0.2612276,0.24638976,0.24873132,0.25466996,0.2514125,0.25596097,0.2590244,0.25064784,0.24892467,0.24473377,0.25883192,0.24934408,0.24969429,0.2568289,0.25773236,0.25443512,0.25576696,0.25438762,0.26344025,0.2655117,0.2558855,0.24918167,0.24898575,0.25519434,0.25346693,0.2450081,0.2615416,0.2506533,0.2585669,0.25238034,0.2557845,0.2659261,0.25753668,0.24633525,0.26159605,0.25248033,0.25292206,0.25306866,0.25434142,0.253983,0.25037363,0.25873196,0.25888732,0.25938112,0.2543821,0.25633118,0.25666696,0.25964072,0.2590929,0.25010622,0.25215557,0.25592816,0.2541512,0.2583906,0.24864571,0.25398102,0.2563031,0.2523703,0.25221902,0.25726014,0.24828643,0.25283644,0.26106375,0.25053358,0.2526058,0.25130266,0.26220736,0.25619793,0.25697494,0.25338125,0.24753273,0.2561649,0.2529255,0.2501561,0.2572429,0.2465743,0.2526064,0.25885993,0.2543906,0.26123327,0.2615171,0.24721289,0.25677964,0.2579785,0.25449544,0.24996878,0.2602771,0.24983215,0.26062077,0.25533065,0.25563586,0.2613988,0.24899052,0.25220358,0.2539252,0.25402853,0.25695574,0.25445858,0.2558304,0.25562486,0.25878912,0.25018176,0.2560547,0.24759999,0.2546137,0.25450876,0.25460196,0.25176844,0.25862578,0.25014558,0.2506759,0.26167214,0.24914901,0.26422033,0.25097623,0.2627336,0.25547993,0.250178,0.2494355,0.2579486,0.25795406,0.2537757,0.2616479,0.25201938,0.25216186,0.26059398,0.2499595,0.2597447,0.26737362,0.25953662,0.24703932,0.25508428,0.24992053,0.25624087,0.25347614,0.2569291,0.26010025,0.24695188,0.24767777,0.24916656,0.24934836,0.25084695,0.25656375,0.25453028,0.2590097,0.2512231,0.2503508,0.26009172,0.2527538,0.26033407,0.25343978,0.25759387,0.24962048,0.2627859,0.25600284,0.25703898,0.25345862,0.25276488,0.25130153,0.25635517,0.2556902,0.262125,0.2605199,0.24663788,0.253822,0.26582643,0.25310162,0.2512897,0.25768113,0.25349858,0.24722427,0.25490755,0.25083882,0.25183558,0.26232693,0.25700963,0.25042635,0.25609332,0.25181428
1.0594428,1.0562661,1.0464095,1.0483286,1.049827,1.0512214,1.0502247,1.0578912,1.0481905,1.0526239,1.0487322,1.053367,1.0566504,1.0506328,1.0576688,1.0527402,1.0563949,1.0448167,1.0572699,1.0522195,1.0543339,1.051533,1.0502821,1.0538315,1.0555493,1.0546805,1.0509784,1.0544759,1.0548546,1.0595335,1.0514373,1.0502912,1.0523673,1.0572642,1.0541694,1.0532883,1.050973,1.0548217,1.0592171,1.0566853,1.0438774,1.0533003,1.0474076,1.0555773,1.0556136,1.0526084,1.0617415,1.0581824,1.0565102,1.0566971,1.0480685,1.05667,1.0556756,1.0437235,1.0488021,1.0535363,1.0524706,1.0588506,1.0589533,1.0558704,1.0539567,1.0467427,1.0559288,1.0582595,1.0518526,1.058827,1.0554093,1.0564926,1.053592,1.0551968,1.0555302,1.0477931,1.0544293,1.0491014,1.0525056,1.0587457,1.0577059,1.0477742,1.0566941,1.0545079,1.0529896,1.0544459,1.0491447,1.0458606,1.060122,1.0597668,1.0530727,1.0571638,1.0542407,1.0503094,1.0593915,1.0475632,1.0578849,1.0573244,1.0533148,1.0482252,1.0507132,1.0531527,1.0535749,1.0527303,1.0533607,1.0518265,1.0541866,1.0451823,1.0509462,1.0511651,1.0543151,1.0572091,1.0587415,1.0586145,1.0423613,1.0421488,1.050404,1.0581088,1.0510218,1.0513296,1.0546992,1.0493025,1.0541618,1.051811,1.0498018,1.0559438,1.0533154,1.0521605,1.049126,1.053423,1.0552907,1.0482428,1.0531354,1.0523885,1.0513846,1.0530992,1.0523509,1.0476799,1.063445,1.0587816,1.0582182,1.0573088,1.0497459,1.0544367,1.0561618,1.0433881,1.0519958,1.0512366,1.0530488,1.0479112,1.0539178,1.0518032,1.0524828,1.0616416,1.0437231,1.0524722,1.0606946,1.0553541,1.05501,1.0581886,1.0546659,1.0551523,1.05568,1.0509096,1.0476787,1.0513409,1.0504191,1.0494272,1.0545743,1.0557917,1.0511173,1.0568845,1.0563731,1.0492499,1.0585102,1.0565201,1.0523281,1.0468242,1.0508245,1.0535307,1.0603551,1.0519323,1.0515298,1.0522053,1.0469549,1.0543072,1.0566499,1.0553553,1.0553907,1.0570778,1.0549341,1.0567282,1.0495924,1.051934,1.0537587,1.0458053,1.0608591,1.0497271,1.0566715,1.052492,1.0497035,1.0575262,1.0504136,1.051841,1.0542533,1.05721,1.0519685,1.0638001,1.0558861,1.0566815,1.0531932,1.0521617,1.0507088,1.0538175,1.0529852,1.0483453,1.0572982,1.0615776,1.0542481,1.0492406,1.0547534,1.0496606,1.0510613,1.0563737,1.0554895,1.0613805,1.0498343,1.053801,1.0544751,1.0593518,1.059519,1.0568964,1.0484955,1.047253,1.0540017,1.0412698,1.0514647,1.0527476,1.0546149,1.0507103,1.0546411,1.0542266,1.0550964,1.0556264,1.0488237,1.0537426,1.0513619,1.0532715,1.0559868,1.0551444,1.0502067,1.0518022,1.0571012,1.0546227,1.0494841,1.0477834,1.0557609,1.0569979,1.0540252,1.0525038,1.0593241,1.054346,1.0483161,1.0557917,1.0537294,1.0549377,1.0558503,1.0566521,1.0496858,1.0559176,1.0619984,1.0582538,1.05766,1.0546036,1.0522528,1.0486214,1.0562551,1.060464,1.0587505,1.0498884,1.0519742,1.0499843,1.0577971,1.0458419,1.0550028,1.0442908,1.0562596,1.0584509,1.0557747,1.0507799,1.0529913,1.0559775,1.0577179,1.0531907,1.0482479,1.0540043,1.0464896,1.0519842,1.0459708,1.0501593,1.0462011,1.0522285,1.0541037,1.0418671,1.0471195,1.052628,1.0510466,1.0583429,1.0489565,1.0402572,1.0497388,1.050875,1.058432,1.0547266,1.053299,1.0597645,1.054295,1.0512484,1.0486987,1.044684,1.0496641,1.052075,1.058221,1.0483406,1.0500184,1.0565412,1.0524247,1.0524126,1.0570017,1.045445,1.0605851,1.053877,1.0598648,1.0511473,1.0566531,1.0472802,1.053752,1.057235,1.045888,1.0603758,1.0613649,1.0541694,1.0555772,1.0531175,1.0555469,1.0496476,1.0541619,1.0552552,1.0597638,1.0572252,1.0627171,1.0539382,1.0571967,1.0565228,1.0567691,1.0505918,1.0515922,1.0563741,1.0612679,1.0506593,1.0521855,1.0557349,1.0497172,1.0513114,1.0517881,1.0565583,1.0577731,1.0531178,1.0500928,1.0516958,1.0494304,1.0481818,1.0595284,1.0500954,1.0586725,1.0518018,1.053491,1.0584047,1.0587909,1.0543134,1.0476155,1.063566,1.0480927,1.0579517,1.0544388,1.0567287,1.0530317,1.0536096,1.0507213,1.0471916,1.0495874,1.0503777,1.0565106,1.0500779,1.0535088,1.0461669,1.058767,1.050823,1.0574911,1.0519811,1.0534085,1.0502093,1.0479369,1.0557044,1.0565838,1.0566303,1.0525669,1.0495379,1.0564623,1.0571605,1.052714,1.0588641,1.0584831,1.0486379,1.0573732,1.0528855,1.0547103,1.0513698,1.0513227,1.0452975,1.048553,1.0547618,1.0604949,1.0506384,1.0537559,1.0507915,1.0580251,1.0505818,1.0534562,1.0570371,1.0559716,1.052499,1.0611428,1.0503983,1.0492119,1.055566,1.0481625,1.0534804,1.0523739,1.0490562,1.0591396,1.0584122,1.0604875,1.0580323,1.0537586,1.0549395,1.0553122,1.0510843,1.0551435,1.0490401,1.0587422,1.0546451,1.0560677,1.0586104,1.0606077,1.0638163,1.049708,1.0529263,1.045289,1.0545318,1.0604821,1.0471387,1.0528632,1.0553406,1.0543922,1.0538158,1.0554439,1.0534438,1.0515251,1.0522997,1.0500894,1.0535517,1.0576627,1.0498332,1.0535249,1.055233,1.0508314,1.0542841,1.0587802,1.0615275,1.0535922,1.0494283,1.0463507,1.0616533,1.0469275,1.0582224,1.0498114,1.0559427,1.0518146,1.0572894,1.0493194,1.0419616,1.0496178,1.0564842,1.0586419,1.0545892,1.0496849,1.0482603,1.0570478,1.0492818,1.0526497,1.0578837,1.0590405,1.0484592,1.0531424,1.0552782,1.0599408,1.0544654,1.0502864,1.0516638,1.054782,1.0502558,1.0455554,1.0503861,1.0520878,1.0586376,1.0602643,1.0564257,1.0528007,1.0516106,1.056637,1.0495907,1.0587888,1.0514374,1.0529559,1.0563703,1.0514433,1.057144,1.0498493,1.0518875,1.0494704,1.0506015,1.0573568,1.0539496,1.0512922,1.0523139,1.0563488,1.0508796,1.0508368,1.0499988,1.0612943,1.050704,1.0536728,1.0604092,1.0508556,1.0506057,1.0566251,1.0491813,1.0452815,1.0514791,1.0541222,1.0497038,1.054786,1.0537753,1.0444165,1.0524673,1.046854,1.0569791,1.0546147,1.0550845,1.058736,1.0567423,1.0620205,1.0556787,1.0470232,1.0560496,1.0539815,1.0508343,1.053331,1.0552024,1.0476264,1.0525314,1.0563836,1.0536776,1.0551083,1.0520517,1.0556597,1.0449241,1.0555857,1.0516831,1.0511982,1.0617093,1.0544689,1.0527663,1.0499508,1.0569428,1.0522494,1.0450894,1.0537215,1.0609093,1.0460429,1.0535115,1.054723,1.05538,1.0597011,1.0565805,1.0579946,1.0498977,1.0608408,1.0490276,1.0528286,1.0571543,1.0503358,1.0535188,1.0534524,1.0576224,1.05496,1.0417186,1.0529147,1.054641,1.0577106,1.0498257,1.0537678,1.0555164,1.0498872,1.047066,1.0526929,1.0487205,1.057386,1.0496093,1.0515783,1.0581087,1.0524882,1.0422163,1.0505538,1.0521735,1.0496463,1.0449828,1.0531845,1.0599331,1.0537329,1.0483214,1.0510861,1.0571524,1.0501049,1.0556366,1.0559763,1.0496597,1.0530931,1.0608789,1.0572163,1.0512598,1.0559878,1.0536128,1.0498955,1.0510625,1.0522956,1.0492262,1.054208,1.0601953,1.0576626,1.0550735,1.0566034,1.0532131,1.0491384,1.0464371,1.0584979,1.0576094,1.0528623,1.057119,1.0443474,1.0507278,1.0507925,1.0537217,1.052767,1.0536925,1.0588515,1.0521282,1.0541409,1.0496869,1.0500156,1.0479994,1.0553056,1.0546659,1.0519363,1.0548706,1.0547158,1.0546734,1.0503232,1.0473788,1.053246,1.0523297,1.0516856,1.0501865,1.0533003,1.0488712,1.0572021,1.0562123,1.0532908,1.0471277,1.0645317,1.053442,1.0514754,1.0531238,1.0529495,1.0549498,1.0621452,1.0547161,1.0514896,1.0579478,1.046828,1.0523771,1.059021,1.0585048,1.0596496,1.0533527,1.0508761,1.0557446,1.0554703,1.0515268,1.0515952,1.0565209,1.0541083,1.0557612,1.0552768,1.0524067,1.0542023,1.0587052,1.0499808,1.0505443,1.0613682,1.0598302,1.0519599,1.0571272,1.0561311,1.0503776,1.0577246,1.0509567,1.051087,1.0563258,1.0525134,1.0500382,1.0484645,1.0570883,1.0490592,1.0553114,1.0499445,1.0448322,1.063151,1.0497808,1.0527714,1.0564134,1.0517753,1.0498171,1.0480509,1.0554649,1.0533029,1.0561446,1.0521257,1.049001,1.0532303,1.0518501,1.0534396,1.0518295,1.0519142,1.0537758,1.0544093,1.051807,1.0509604,1.0522654,1.055312,1.0523866,1.0510765,1.0565828,1.0567718,1.0442708,1.0585,1.0559461,1.0545944,1.0532489,1.0594125,1.0572156,1.0513337,1.0536364,1.0627497,1.051645,1.0528896,1.0555761,1.0500662,1.0572435,1.0496715,1.0472168,1.0588335,1.0534456,1.0486023,1.0536062,1.0544024,1.0480022,1.0469639,1.053282,1.0548795,1.0563959,1.0433848,1.055865,1.0634453,1.0550108,1.0579646,1.0556884,1.0506598,1.0570533,1.0515909,1.0527347,1.0566082,1.0522468,1.0514958,1.0540518,1.0596386,1.054372,1.0465952,1.0582033,1.0503635,1.0560927,1.0627586,1.053386,1.0512214,1.0549322,1.0531117,1.0512652,1.0580608,1.051785,1.060803,1.052674,1.048174,1.0533223,1.0552263,1.0564172,1.0500695,1.0477353,1.0557282,1.0503571,1.0518363,1.0572886,1.0625961,1.0525869,1.0531389,1.0509994,1.0488349,1.0532793,1.0584748,1.0494108,1.0635188,1.0556781,1.0493319,1.0426043,1.062292,1.0558485,1.0509828,1.0523543,1.0526714,1.0592192,1.0612409,1.049745,1.0535169,1.0602461,1.0495998,1.0482699,1.0454527,1.0560021,1.0568395,1.0556308,1.0545813,1.0462161,1.0577028,1.0566851,1.0534784,1.0581237,1.0579203,1.0470669,1.057295,1.0563763,1.0533143,1.0524509,1.0568486,1.0569167,1.0528127,1.0571288,1.0537949,1.0540496,1.0491408,1.0536267,1.0430888,1.0544971,1.0587648,1.0568973,1.0568513,1.0537843,1.055403,1.0567818,1.0591075,1.0502344,1.0511872,1.0550157,1.0593295,1.0555449,1.0572411,1.0511096,1.0497873,1.0476849,1.0508771,1.0509729,1.0490285,1.0485382,1.0570142,1.0451922,1.0542201,1.0539937,1.0520451,1.0478772,1.0557042,1.0614566,1.0531611,1.0552471,1.0526726,1.0550916,1.0599445,1.0515003,1.0537882,1.055478,1.0545415,1.0518652,1.0555967,1.0558082,1.0479016,1.0576735,1.0599403,1.0524005,1.0464952,1.0514443,1.0517876,1.0567312,1.0528218,1.0535958,1.0577548,1.052851,1.0501922,1.0537785,1.0539297,1.0555632,1.0467958,1.051522,1.05847,1.0518334,1.0575657,1.0500551,1.052564,1.0564694,1.0483716,1.0421841,1.0522016,1.0519084,1.0446826,1.0552092,1.0539016,1.0520124,1.0523518,1.0529375,1.0530813,1.0579891,1.0456702,1.0469371,1.0544329,1.0603985,1.0553266,1.0491046,1.0515914,1.0494715,1.05619,1.0581034,1.0500555,1.0539927,1.0505183,1.0482881,1.048821,1.0520362,1.0531764,1.0548066,1.0531853,1.055144,1.055299,1.0475372,1.0522461,1.0496156,1.0497073,1.0562469,1.0479723,1.056908,1.0534472,1.0507358,1.0495179,1.0531803,1.0576533,1.0501872,1.0522546,1.0508943,1.0549636,1.0584344,1.051925,1.0481529,1.0530574,1.0492172,1.0501001,1.0555372,1.0562809,1.0476636
0.9230326,0.93159246,0.9184813,0.9210257,0.92154574,0.9281451,0.917833,0.9327155,0.9173385,0.923614,0.9252714,0.9163452,0.9166678,0.92834747,0.9249216,0.9261837,0.92103064,0.91701,0.9279241,0.9330422,0.93193126,0.9232705,0.9166446,0.92841136,0.9270507,0.9241402,0.9231889,0.9287903,0.92462695,0.9314888,0.92290837,0.92275274,0.92436373,0.91911864,0.92326045,0.92205125,0.9200834,0.9281337,0.9237784,0.9264384,0.92142576,0.9189312,0.91187006,0.91967463,0.92762464,0.9354578,0.9264771,0.9232672,0.92702395,0.9306149,0.91651815,0.92704266,0.92928684,0.9112996,0.928389,0.9239225,0.9266493,0.9329031,0.9240646,0.9267398,0.92238295,0.9148918,0.92903423,0.9319813,0.9206073,0.9243452,0.9272817,0.9258521,0.93436784,0.9297423,0.9246137,0.9229939,0.9297508,0.92196834,0.9262311,0.9227602,0.93010634,0.92403907,0.9267145,0.92293245,0.9224618,0.92316806,0.92385983,0.92119575,0.92436624,0.9239391,0.9237675,0.9242684,0.9311078,0.9333342,0.9258717,0.9161782,0.9288539,0.92832756,0.92640823,0.91786325,0.91801053,0.917778,0.92346793,0.919991,0.9284568,0.9168271,0.92474264,0.92371327,0.92522615,0.9329825,0.9234469,0.9254918,0.92907536,0.9244023,0.9221806,0.9154749,0.9159497,0.92850584,0.9252206,0.9262273,0.9313364,0.91721386,0.9331436,0.9218625,0.9238872,0.92436564,0.917296,0.9249741,0.9266636,0.9302392,0.9203072,0.9257526,0.927436,0.9237053,0.91646785,0.92787397,0.9212575,0.9157057,0.9339155,0.93407595,0.9213744,0.9383914,0.92445886,0.9296927,0.9226514,0.91477466,0.9205987,0.9247639,0.9209675,0.92295164,0.9222385,0.91410834,0.91985136,0.930086,0.9196492,0.92185444,0.9187706,0.92752373,0.93299466,0.93046707,0.9288687,0.92381763,0.93573433,0.9221297,0.92069095,0.92023593,0.9236891,0.91792023,0.93546474,0.9323688,0.926376,0.92537075,0.9293622,0.9234949,0.927168,0.9282587,0.9278957,0.9149238,0.91878086,0.9227776,0.93275046,0.92848456,0.9285465,0.92415434,0.92098683,0.9346396,0.9210736,0.9230121,0.93151176,0.9297206,0.9252363,0.921291,0.92727697,0.92345446,0.92715883,0.92483896,0.9301049,0.92155975,0.92812556,0.9253193,0.9238521,0.926467,0.926876,0.91957974,0.922412,0.936854,0.92413974,0.93386453,0.9333486,0.9275635,0.92079747,0.92417896,0.9297409,0.92887896,0.92364144,0.92272663,0.92864734,0.930227,0.9227417,0.926712,0.93545806,0.9211464,0.9273229,0.92097676,0.9247962,0.91867304,0.92933697,0.9162204,0.928088,0.9285446,0.92645025,0.9299621,0.920659,0.92736274,0.9277108,0.9156853,0.9212732,0.91624796,0.92645633,0.92362934,0.92364854,0.92368144,0.92377156,0.9225614,0.9241188,0.92516154,0.92106783,0.92134506,0.93040735,0.9274595,0.9226534,0.9166454,0.92459196,0.92185616,0.92097545,0.93089134,0.9284595,0.93253624,0.9235611,0.9204569,0.9285242,0.9262922,0.92086834,0.92332834,0.92263705,0.9276988,0.92317355,0.918822,0.9246437,0.9254489,0.92438596,0.91532415,0.9299298,0.9284331,0.9212287,0.92425597,0.93219984,0.9312263,0.92585236,0.92307264,0.9225313,0.92434174,0.93417144,0.9232694,0.9284996,0.91874987,0.9296236,0.9208782,0.9244296,0.9190512,0.92259574,0.91363007,0.92646503,0.92979616,0.92551583,0.92354876,0.9247404,0.9222878,0.9258108,0.92138124,0.9230749,0.92814153,0.92787784,0.91306096,0.91917837,0.9287342,0.9207333,0.92978173,0.9222578,0.91658336,0.9217529,0.92110825,0.9330506,0.9208931,0.9308787,0.9191457,0.9263325,0.9169863,0.9211743,0.9245287,0.92569166,0.9224751,0.92445004,0.91518,0.91750467,0.9250771,0.9268137,0.91913325,0.9181272,0.92322063,0.9257693,0.9317753,0.92895013,0.92510015,0.92129666,0.9162339,0.92883533,0.9257786,0.9196762,0.9262153,0.9313375,0.9236541,0.9236076,0.9252737,0.9211813,0.9258041,0.91942495,0.9247929,0.93170315,0.92807883,0.93536144,0.9251839,0.9274646,0.9331121,0.9311259,0.92173344,0.9205287,0.9197581,0.92761844,0.9234829,0.9239497,0.92618674,0.91411793,0.9195596,0.92754924,0.92055714,0.9314611,0.92422,0.9171629,0.9173516,0.9292482,0.9246325,0.9195079,0.9160723,0.93011194,0.92084897,0.9238771,0.9262394,0.9256903,0.92420506,0.9216706,0.9321745,0.9227148,0.92175055,0.9346951,0.9269398,0.9246466,0.9227801,0.9249391,0.9221249,0.9224312,0.9191722,0.9282898,0.92246336,0.92171913,0.9214124,0.9271412,0.92113924,0.92735255,0.92134964,0.9246795,0.92886364,0.9170288,0.9155903,0.9278323,0.9280704,0.92448235,0.92504054,0.91734326,0.93202484,0.92160535,0.9270943,0.9251613,0.92609125,0.9245873,0.915454,0.9267511,0.9210537,0.92839235,0.91622376,0.92804694,0.9255501,0.9300812,0.9236879,0.91951454,0.92544496,0.9241817,0.93231773,0.927497,0.9269037,0.9194464,0.9254577,0.929596,0.9225859,0.9181091,0.92592883,0.91953886,0.9239575,0.9265334,0.92534244,0.9299491,0.92734593,0.92632157,0.93017554,0.92528707,0.9306467,0.92127234,0.92658955,0.9214156,0.9186541,0.92968833,0.92317533,0.92926353,0.9251978,0.9221768,0.93320173,0.91050243,0.91675687,0.9171934,0.9255005,0.9298417,0.92422104,0.92048943,0.9269064,0.93217593,0.9299172,0.9316259,0.9288937,0.9290735,0.9264205,0.9247426,0.93271595,0.92342395,0.9189037,0.9205749,0.9301577,0.9292326,0.93090624,0.93108916,0.9305908,0.9289036,0.91681564,0.9247044,0.9305332,0.92634696,0.9248326,0.9289366,0.92714155,0.9207933,0.93208927,0.9309853,0.9157497,0.9226683,0.9287078,0.91820264,0.92933923,0.9271413,0.9207156,0.927535,0.9211736,0.91892564,0.9290426,0.92703617,0.9254564,0.9214218,0.92261124,0.92734355,0.92133975,0.9328697,0.9207196,0.9270165,0.9190349,0.929045,0.9306522,0.91944724,0.9267574,0.92776895,0.9258963,0.9181396,0.93272763,0.92395645,0.9200857,0.9252936,0.92701465,0.9215491,0.9173828,0.9279576,0.92497766,0.9243842,0.92534304,0.9148902,0.9232197,0.925558,0.9304135,0.92520374,0.9206204,0.9230457,0.9164124,0.92556167,0.923154,0.9209276,0.9320345,0.922266,0.92951965,0.9224255,0.92019856,0.92201465,0.914225,0.9225899,0.92024904,0.92582947,0.9302808,0.92991567,0.9243621,0.91705775,0.9287346,0.91498715,0.92896956,0.92408115,0.91868174,0.92882496,0.9314224,0.92072487,0.9295593,0.9145424,0.92513007,0.9202141,0.9271923,0.92288613,0.924808,0.92315704,0.92079836,0.9276519,0.91676295,0.91902363,0.9148107,0.9280835,0.9195275,0.9246092,0.92587775,0.9223813,0.926258,0.9331392,0.91789144,0.92496306,0.9321446,0.92761165,0.9205292,0.9298108,0.9302815,0.9246302,0.9263905,0.9255798,0.9277705,0.9276994,0.93249977,0.92429346,0.9279701,0.93031716,0.92240834,0.933696,0.92419,0.91845083,0.9218599,0.9175963,0.9292029,0.9250174,0.918194,0.9268762,0.93598795,0.92642003,0.9272647,0.9189799,0.9255826,0.92356986,0.92061305,0.91754794,0.9269408,0.9221224,0.9218152,0.9267525,0.92892355,0.9263328,0.92396677,0.92825645,0.9264944,0.91699374,0.92717624,0.9241963,0.9299912,0.9248569,0.9272533,0.9255471,0.92153287,0.91774076,0.9199609,0.92400885,0.9167212,0.92414886,0.9263193,0.9281703,0.9158462,0.9248152,0.932211,0.9269554,0.9247487,0.91911906,0.9225333,0.9103521,0.9282016,0.9333845,0.92542636,0.9195527,0.9256408,0.92402554,0.9220397,0.931449,0.9256741,0.9238187,0.92358285,0.9164813,0.9185022,0.9314165,0.92379117,0.92568433,0.9265065,0.92505306,0.9232341,0.9228469,0.92089826,0.91760504,0.9176271,0.9244828,0.92009443,0.92045987,0.9243925,0.9267093,0.9285783,0.92323124,0.9186025,0.9228747,0.91838115,0.92674226,0.92008394,0.9213525,0.9304844,0.93167293,0.9272867,0.9218398,0.91430205,0.931545,0.92788005,0.9228893,0.92237705,0.9214284,0.92720944,0.93185854,0.9286973,0.91960424,0.9276422,0.9247956,0.9236536,0.9249432,0.92409045,0.9238896,0.9242416,0.922885,0.92727697,0.923592,0.91757745,0.92535526,0.9281462,0.9284024,0.9248497,0.9289348,0.92221177,0.9217586,0.93315697,0.9197373,0.9221897,0.9234099,0.9324149,0.9242347,0.9243034,0.92818815,0.9241081,0.91963726,0.9210612,0.9115127,0.92489815,0.928584,0.92413026,0.9265322,0.92527574,0.92512476,0.9275449,0.9270266,0.9270925,0.92672265,0.9216111,0.9246318,0.92995906,0.9266729,0.92367435,0.9220828,0.92566967,0.92724293,0.9218138,0.92599267,0.91996515,0.92741406,0.9211641,0.9181042,0.9248006,0.9298495,0.9260435,0.9211929,0.9271323,0.9261173,0.93257546,0.91990924,0.9265234,0.9266337,0.93402684,0.93241227,0.92084306,0.9231469,0.92459214,0.92729086,0.9198454,0.93108976,0.92293435,0.92154557,0.9277962,0.92750853,0.9200671,0.9266884,0.9283676,0.916247,0.92356807,0.9221269,0.9257161,0.9315072,0.9245162,0.92601347,0.9248256,0.92189556,0.91820514,0.92461723,0.9213787,0.9276137,0.9233514,0.91962504,0.9161476,0.9287507,0.9203852,0.9301339,0.92588997,0.92967916,0.92500746,0.92493176,0.92421687,0.9285702,0.9220087,0.9255464,0.9177498,0.9222593,0.9261497,0.9256181,0.92779326,0.928489,0.93078303,0.9274994,0.9174735,0.9253613,0.9270325,0.92133904,0.92218834,0.9276036,0.9303119,0.9296209,0.92048764,0.917628,0.9237004,0.92242324,0.91876125,0.9309999,0.9177684,0.92302763,0.9269493,0.93146765,0.9292981,0.9250083,0.92492676,0.9252645,0.9277457,0.9250008,0.92366636,0.9261576,0.91962534,0.9298917,0.9265295,0.9191933,0.92040956,0.9271604,0.9282014,0.9235213,0.92113763,0.9253627,0.9293235,0.9324729,0.92568284,0.92833847,0.9277715,0.9262422,0.91463083,0.9171739,0.93098104,0.9290469,0.91907555,0.9177078,0.9269675,0.9267257,0.9238507,0.92475057,0.9279958,0.9279609,0.922078,0.9271174,0.9235967,0.92071074,0.9211473,0.9228395,0.9172239,0.93181807,0.93111575,0.9228285,0.92426026,0.92381525,0.92070633,0.9199153,0.9200547,0.92528135,0.92566985,0.9252292,0.92266995,0.9282706,0.93127954,0.9311002,0.9305614,0.9214301,0.92880994,0.92792684,0.92619795,0.92508787,0.9207484,0.92609584,0.9192697,0.93152523,0.9184186,0.9259262,0.92475075,0.935442,0.92112666,0.92544377,0.9223247,0.9263393,0.919268,0.927814,0.9245576,0.9245479,0.9221322,0.92920524,0.9250841,0.9361671,0.9294399,0.92703396,0.92981714,0.9224927,0.91755587,0.9259611,0.9298799,0.92173785,0.92823833,0.925017,0.92222893,0.92110455,0.91853523,0.9213439,0.93087405,0.9279329,0.92384374,0.9265785,0.93008465,0.92121166,0.923354,0.9237078,0.9183539,0.923867,0.9266074,0.9227882,0.9275509,0.92403877,0.9193235,0.92745066,0.92245835,0.93238103,0.9249534,0.9285031,0.92444825,0.921876,0.9347782,0.917751,0.92299855,0.9241452,0.9270442,0.9250153,0.92524475,0.9236001,0.92565197,0.92360544,0.9328169,0.93240845,0.92171615,0.9251168,0.9252494,0.92516506,0.9307511,0.92519945,0.9198637,0.92877823,0.9210179,0.92381936,0.9229178,0.92128533,0.9223023,0.919813,0.9294309,0.91549635,0.92487496,0.9218633,0.9217951,0.9252425,0.9309839,0.92607766,0.9275532,0.9321279,0.92116755,0.92839336,0.92652243,0.92839223,0.9251962,0.9319834,0.91949224,0.9205622,0.9262568,0.9274539,0.92009735,0.92494863,0.9209697,0.91827154,0.9218586,0.9284379,0.93374944
1.0668443,1.0627638,1.0660005,1.0596471,1.0605814,1.0632472,1.0640157,1.0663941,1.0674545,1.0719715,1.0617672,1.0539569,1.0676734,1.0566733,1.0625153,1.063958,1.0558398,1.0582501,1.0658901,1.0671692,1.0642275,1.0700701,1.0644288,1.0586927,1.0644424,1.0649775,1.0648121,1.0663397,1.0647718,1.0608056,1.0642686,1.0624909,1.0631808,1.0664433,1.0670958,1.0606885,1.0673757,1.0641576,1.0684794,1.0620558,1.0662774,1.0592488,1.0560045,1.0658206,1.0642341,1.0667949,1.0675204,1.0673872,1.0661949,1.0688514,1.0612656,1.0691447,1.0683111,1.0603125,1.0720172,1.0659386,1.0576521,1.0667074,1.0679752,1.0652221,1.0622057,1.0645759,1.062935,1.0657531,1.0603175,1.0622282,1.0732154,1.062927,1.0616844,1.0630507,1.0606478,1.0505215,1.0599694,1.057431,1.0563692,1.0620131,1.0720084,1.0614452,1.060496,1.059945,1.074141,1.0656927,1.0537391,1.063125,1.0557553,1.0579605,1.0667256,1.0634608,1.0648588,1.064973,1.0638515,1.0699806,1.0586501,1.0642917,1.0666991,1.0638852,1.0515792,1.0637203,1.0636946,1.0588942,1.0604246,1.0608205,1.0665979,1.0668851,1.0692521,1.0682204,1.0619413,1.0633518,1.0587978,1.062784,1.0691905,1.060065,1.0629276,1.068953,1.056215,1.070228,1.0728375,1.0594049,1.0665745,1.057996,1.0620456,1.0654957,1.0582008,1.0646243,1.0661583,1.0672419,1.0631438,1.0582863,1.0630691,1.0574322,1.0588996,1.0594175,1.0608815,1.0618138,1.0635107,1.0664119,1.0622327,1.0726136,1.0680505,1.0718567,1.0659102,1.0595254,1.0548606,1.0648268,1.0663148,1.0617614,1.0688262,1.0620307,1.0602205,1.0666445,1.0582312,1.0641178,1.0657113,1.0684159,1.0630662,1.0683147,1.0658575,1.0618317,1.0626439,1.0561332,1.0621108,1.0550361,1.0605053,1.0598829,1.0659541,1.0716274,1.0666598,1.059534,1.0671587,1.0614914,1.0677388,1.0602326,1.0592388,1.0555191,1.0645667,1.0645442,1.0673708,1.0694519,1.064378,1.0634458,1.0601283,1.0695562,1.0664611,1.063733,1.0700043,1.0613229,1.0638454,1.0587995,1.0613767,1.0675334,1.0643651,1.0614485,1.0637647,1.0586534,1.0632105,1.0641432,1.0655178,1.0666842,1.066271,1.0608987,1.0635082,1.0706129,1.0700034,1.0661808,1.0746797,1.0650688,1.0643615,1.0654914,1.0563571,1.0644284,1.0672299,1.0654593,1.0605026,1.0634354,1.065889,1.0631956,1.067664,1.0683064,1.0648184,1.0627028,1.0627674,1.0650184,1.0680017,1.0573661,1.0658779,1.0539719,1.059773,1.0639145,1.0618957,1.0543691,1.0642544,1.0597563,1.0603282,1.0580721,1.065709,1.0630364,1.0695572,1.0653334,1.0659115,1.072528,1.0693578,1.0634375,1.0607533,1.0634239,1.0639843,1.0706457,1.0581441,1.0599263,1.0621094,1.0606624,1.0627328,1.0676717,1.059197,1.0702382,1.0689317,1.0624623,1.0734891,1.0597258,1.0682391,1.063096,1.0637863,1.065424,1.064658,1.0683025,1.05913,1.0684876,1.0602891,1.0649234,1.064751,1.0627983,1.0641577,1.0606054,1.0675396,1.0660517,1.0645878,1.0602325,1.0671979,1.058199,1.061023,1.0667472,1.0610187,1.0641816,1.0734059,1.0630951,1.0645295,1.0709153,1.0619935,1.0591046,1.0565827,1.062303,1.0690694,1.0646673,1.0666463,1.0654316,1.0634257,1.0644369,1.0630958,1.060872,1.0603496,1.065152,1.0736506,1.0694625,1.0655693,1.0635489,1.0546931,1.0632542,1.0699099,1.0579795,1.0674263,1.0664073,1.0651487,1.064202,1.0702428,1.0598934,1.0668067,1.0694392,1.0646265,1.063271,1.0630983,1.0544305,1.0621035,1.0590825,1.0651461,1.0524365,1.068407,1.0646088,1.0662141,1.069516,1.0597042,1.0655214,1.0650207,1.0635678,1.0589988,1.0670757,1.066391,1.0612401,1.0665946,1.0738606,1.0620713,1.0694687,1.056532,1.071218,1.0658723,1.0595825,1.0617045,1.0603361,1.0706233,1.0614148,1.058989,1.0618896,1.0677292,1.0694087,1.0666963,1.0588416,1.0649844,1.0619023,1.0637145,1.062747,1.0659288,1.0576895,1.0685297,1.0602137,1.057719,1.0566645,1.0593245,1.0631951,1.0666598,1.0590427,1.0552226,1.0582906,1.0612719,1.0599289,1.063037,1.0712718,1.0615367,1.0628316,1.0663416,1.0561388,1.0659298,1.0754976,1.0687342,1.0656414,1.0673845,1.0653344,1.0608958,1.0649447,1.0651569,1.0631534,1.0667514,1.0682726,1.0584735,1.0590475,1.0586121,1.0669676,1.0666076,1.0685667,1.0606033,1.0653536,1.0636555,1.0633799,1.0624361,1.0583775,1.0642633,1.0664848,1.0619617,1.0657544,1.0661082,1.0675726,1.0716494,1.0662237,1.0623156,1.06154,1.0548666,1.0710602,1.0721511,1.0688877,1.068456,1.0638195,1.0661172,1.0626898,1.0601878,1.0692581,1.0626706,1.071191,1.0671011,1.0658107,1.0526798,1.0639018,1.06724,1.0692239,1.0557076,1.0631677,1.0576391,1.0559993,1.0700718,1.0609795,1.0662446,1.0636822,1.0670483,1.0637653,1.0574259,1.0673314,1.0660951,1.0594014,1.0663598,1.0552362,1.059201,1.0650458,1.0708903,1.0591475,1.0657855,1.0672778,1.072613,1.0616198,1.0595838,1.0629697,1.067897,1.0655327,1.0650866,1.0606086,1.0597235,1.0680232,1.0654832,1.0648216,1.0598491,1.0573446,1.0620589,1.0672715,1.0591501,1.0635332,1.0614362,1.0679338,1.0610062,1.0689917,1.0685964,1.0650908,1.0703428,1.0592073,1.067826,1.0715424,1.0631288,1.0709797,1.0588375,1.0607885,1.0563663,1.0647995,1.0617499,1.0710478,1.061511,1.0642996,1.0586174,1.0636271,1.0570228,1.0627329,1.0620311,1.0622702,1.0710639,1.0671705,1.0706183,1.05996,1.0711088,1.063519,1.0579815,1.0622904,1.0639955,1.0673985,1.0646677,1.0599668,1.0653872,1.0678765,1.0625044,1.0650418,1.0601275,1.0687151,1.0636876,1.0621365,1.0675653,1.0641971,1.0670322,1.0667745,1.0646191,1.0611937,1.0621952,1.0637907,1.0631216,1.0660051,1.0592151,1.0639615,1.0647147,1.0616534,1.0708984,1.0634927,1.064421,1.0616589,1.057188,1.0552164,1.0605361,1.059169,1.0598835,1.0724483,1.0631311,1.0628811,1.0603225,1.0676141,1.0638078,1.0661932,1.0626335,1.0636722,1.0619287,1.0631721,1.0648996,1.0661992,1.0638659,1.0580027,1.0638906,1.0661856,1.061269,1.067511,1.058415,1.0646585,1.0592546,1.0591136,1.058804,1.0641986,1.0589736,1.0642632,1.0643454,1.067026,1.0664989,1.0602014,1.0665752,1.0687426,1.0630434,1.0631859,1.0645534,1.0764191,1.0701814,1.059687,1.0624568,1.0600035,1.0642731,1.0655738,1.071045,1.0633221,1.0598,1.0625205,1.0592585,1.0663648,1.0573133,1.0678444,1.0589349,1.0635248,1.0726119,1.0651517,1.0686806,1.0671856,1.070661,1.0653614,1.0700392,1.0629847,1.059177,1.0678246,1.0637053,1.0712314,1.0689514,1.0666076,1.0637474,1.062065,1.06314,1.0694703,1.0615596,1.060757,1.0615638,1.070787,1.0573229,1.0691504,1.0602247,1.0589403,1.0601926,1.0557294,1.065447,1.0653689,1.0646702,1.0657463,1.0671939,1.0608232,1.0636771,1.0624236,1.0599893,1.0669773,1.0566438,1.0590364,1.0607057,1.0613805,1.061575,1.0678339,1.0593288,1.0586101,1.0691606,1.0662671,1.0561569,1.0643228,1.0653507,1.0670532,1.0684812,1.0667012,1.0655024,1.0669881,1.0621569,1.0641234,1.0696161,1.0635288,1.0661664,1.0693614,1.0651871,1.0620823,1.0600846,1.0603398,1.0617831,1.0634723,1.0679218,1.0687281,1.061467,1.0620123,1.0664573,1.0637107,1.0571847,1.0690827,1.0572189,1.0625732,1.0595475,1.0694621,1.0648808,1.0673054,1.0569769,1.0704572,1.0583334,1.060447,1.0596431,1.0688424,1.0529381,1.0662602,1.0604944,1.0571463,1.0644046,1.0565544,1.0734831,1.0609499,1.0681354,1.0616834,1.0663058,1.0606003,1.0645936,1.0653571,1.0577936,1.0673828,1.0640335,1.0725709,1.0700425,1.0574912,1.0565108,1.0634514,1.0676584,1.0733112,1.0712116,1.0656551,1.0625547,1.0649931,1.0708274,1.0627912,1.067987,1.0663059,1.073335,1.0571258,1.0593134,1.0634267,1.0646552,1.0736605,1.0578089,1.0668247,1.0689265,1.0623394,1.057954,1.0678328,1.0529978,1.0695271,1.0698543,1.0767454,1.0641432,1.0581677,1.0697724,1.0673138,1.0658325,1.0640553,1.0579634,1.0593276,1.064101,1.0688796,1.0621812,1.0585,1.0696126,1.0671169,1.0602422,1.0598799,1.0698223,1.0617532,1.0644275,1.064648,1.068032,1.0560858,1.0622599,1.0627925,1.0601181,1.0561737,1.0647997,1.0657285,1.0596863,1.059401,1.0588446,1.0673221,1.0725191,1.067104,1.0559312,1.0615766,1.0593739,1.0646813,1.0657952,1.0615647,1.0597687,1.0658032,1.0629758,1.0639011,1.0656052,1.0740033,1.0601279,1.069958,1.0603081,1.0705811,1.0688646,1.0664513,1.0701491,1.0607904,1.0682681,1.0649171,1.0636683,1.0624661,1.0606045,1.0608602,1.0647509,1.0649518,1.0613315,1.0638103,1.061796,1.0676638,1.0685186,1.068475,1.0690408,1.0548185,1.0649443,1.0614176,1.062226,1.0694855,1.0505065,1.056184,1.0589807,1.0651376,1.067685,1.0658175,1.0674496,1.064005,1.0623792,1.0649701,1.0592527,1.062959,1.0559317,1.0665963,1.0614052,1.0586022,1.0586568,1.059072,1.0565565,1.0666379,1.0728348,1.0720409,1.0739743,1.0623262,1.0678134,1.0592866,1.0575576,1.0553854,1.0681359,1.0671132,1.070893,1.0604074,1.0597843,1.0587255,1.0688218,1.0634273,1.0642126,1.0596763,1.0655398,1.0670676,1.060317,1.0626578,1.0612848,1.0637338,1.0639168,1.0578725,1.0585679,1.0707564,1.0635527,1.0740812,1.0644821,1.0592766,1.0615877,1.0538191,1.062395,1.0647273,1.0686591,1.068941,1.0582073,1.0614464,1.0528852,1.0620546,1.0610102,1.0624858,1.0590645,1.059327,1.0569677,1.060437,1.060488,1.0686036,1.0657234,1.0672966,1.0588789,1.061014,1.0634788,1.0639275,1.0681514,1.0629514,1.0651063,1.06371,1.0618976,1.0674824,1.0635238,1.0634013,1.064243,1.0627846,1.0606521,1.0595623,1.0578004,1.0595443,1.0607795,1.0549456,1.0699419,1.0595961,1.0683564,1.0670542,1.0652125,1.0715753,1.059921,1.0603086,1.0603921,1.0628971,1.0615076,1.0627104,1.0683056,1.0584098,1.0605851,1.0582682,1.0729605,1.0569317,1.059237,1.0637903,1.0724676,1.0684608,1.0633652,1.0570445,1.0626305,1.0642477,1.0651875,1.0561508,1.0638589,1.0620409,1.0706903,1.066049,1.0654341,1.0701588,1.0669355,1.0637983,1.0632141,1.0625504,1.066478,1.0604256,1.055851,1.0637734,1.0647908,1.0729228,1.0623558,1.0690898,1.0659649,1.0553312,1.0662129,1.0618324,1.065323,1.065297,1.0608249,1.0694892,1.0558994,1.06514,1.06354,1.060477,1.0620826,1.0598987,1.065516,1.0634912,1.061667,1.0649445,1.0609771,1.0630654,1.0735676,1.0623232,1.0602742,1.0726132,1.0620744,1.0574133,1.0626289,1.062546,1.0678276,1.0583739,1.0581369,1.06996,1.0653561,1.0643915,1.0590926,1.0610452,1.0594865,1.0686917,1.0679817,1.0630169,1.0708436,1.064728,1.0633608,1.0593992,1.061163,1.0666201,1.062994,1.061783,1.0686011,1.0569259,1.062563,1.0720364,1.0601321,1.0628732,1.06168,1.0601091,1.059895,1.0677663,1.064077,1.0633475
0.41856033,0.42481613,0.41922954,0.41909498,0.41955742,0.4199006,0.42793697,0.42142653,0.42558905,0.4151088,0.41845983,0.42647535,0.4226746,0.42558774,0.4229845,0.42653042,0.43106624,0.42016205,0.4194018,0.41791493,0.41887134,0.4206174,0.41603372,0.42293224,0.41783988,0.41417167,0.41470897,0.42348695,0.42060116,0.42116666,0.41615847,0.42492113,0.4243025,0.42236096,0.41211453,0.42024422,0.41276112,0.41840073,0.41709337,0.42332172,0.42557484,0.42604515,0.41662547,0.42128763,0.42473423,0.4175605,0.41896632,0.41801354,0.42615816,0.4236763,0.42159653,0.41645563,0.4143752,0.42296734,0.4218586,0.42507958,0.4220826,0.4216714,0.41533312,0.42306024,0.41952845,0.42068806,0.4196872,0.42084095,0.41741556,0.41939682,0.4179725,0.42513153,0.41521895,0.42209813,0.42636165,0.42390856,0.42757744,0.42391557,0.41908836,0.42634985,0.41565743,0.42311722,0.41913345,0.42645332,0.41438496,0.41870055,0.42611745,0.42503712,0.4203597,0.42421007,0.41971782,0.4242879,0.4241092,0.4233646,0.4172374,0.41910487,0.41947573,0.41953918,0.4195383,0.42433745,0.43063813,0.42835823,0.42261407,0.41865125,0.4199458,0.4215396,0.4214106,0.42251408,0.41799715,0.4206904,0.42696783,0.4223515,0.4307522,0.42286956,0.41491467,0.4161267,0.42849627,0.4304474,0.4215618,0.4226683,0.42196432,0.4210425,0.42066568,0.42556652,0.4226842,0.41835493,0.42337233,0.42657453,0.42267984,0.419917,0.4256425,0.41932434,0.42353743,0.42285565,0.42146006,0.4207123,0.42322117,0.42310864,0.41883865,0.42407522,0.42367917,0.41749936,0.4130551,0.4198248,0.42203346,0.41272363,0.42388266,0.41505295,0.41900924,0.42344618,0.42062083,0.42239544,0.4250747,0.42281243,0.4190121,0.4213872,0.41325375,0.41980052,0.42296898,0.42235506,0.41754276,0.4260127,0.42719203,0.41703597,0.4207445,0.42014927,0.4235287,0.4239297,0.4227533,0.41842857,0.41952634,0.42875153,0.42003945,0.42787156,0.4258431,0.41670144,0.4221745,0.4206294,0.4197287,0.42323172,0.4222365,0.416343,0.42799973,0.4266412,0.42216864,0.41465673,0.4209983,0.41690263,0.41554716,0.42221457,0.42518815,0.42198628,0.42769146,0.41902268,0.41682258,0.41964927,0.42245108,0.42343852,0.4213403,0.42312655,0.42525983,0.41398865,0.4192443,0.41445437,0.42503628,0.41969308,0.4171653,0.42553708,0.42292082,0.4171476,0.42441586,0.4226627,0.42183512,0.42138898,0.41491944,0.42277572,0.42024964,0.42167822,0.4170467,0.42149743,0.42026696,0.41511622,0.42680633,0.41664565,0.4252954,0.42602822,0.42384395,0.42021376,0.4200194,0.42317054,0.42960876,0.41715312,0.42665628,0.42308176,0.41270185,0.4155362,0.41893318,0.42054912,0.42209086,0.41789684,0.41469404,0.42471352,0.4233782,0.4167328,0.41961965,0.4139817,0.42378113,0.42360175,0.42010003,0.420881,0.4226222,0.421068,0.42503706,0.42581132,0.42020538,0.41330823,0.42594635,0.4141389,0.415133,0.41946554,0.4211566,0.42086408,0.4290515,0.41872686,0.41948888,0.42361176,0.41983348,0.41422915,0.42263258,0.4136047,0.41877055,0.41634652,0.42121664,0.41727865,0.42139745,0.41872916,0.41484013,0.41905445,0.42221525,0.41841528,0.42190072,0.42529467,0.43157127,0.42187434,0.4153602,0.42370144,0.4135591,0.42279765,0.42259702,0.42391145,0.42273307,0.42081663,0.4265473,0.42218393,0.42145792,0.42205322,0.42802617,0.41835663,0.4105912,0.4240308,0.4125056,0.42003086,0.42109323,0.41835153,0.4099689,0.41574568,0.42005384,0.42762175,0.42317754,0.4143405,0.4183321,0.41367814,0.4254673,0.4162081,0.4150537,0.41903955,0.41809574,0.42595127,0.42152122,0.4232634,0.4213681,0.42903376,0.42637375,0.4232646,0.4269621,0.42573413,0.42213002,0.42046753,0.42215458,0.41151574,0.42646235,0.42064723,0.4202375,0.42460904,0.4226378,0.4212049,0.424577,0.41888845,0.4208848,0.42627943,0.41817024,0.42076188,0.41814855,0.42470697,0.4278577,0.4212294,0.41716492,0.425454,0.41751415,0.42512295,0.41528666,0.42702368,0.42539355,0.42610732,0.42035183,0.42203313,0.4146908,0.41850942,0.42206243,0.42747208,0.41720754,0.41919455,0.4161178,0.42290184,0.42399567,0.42219436,0.4226802,0.42437565,0.4198673,0.43394166,0.42168674,0.41914895,0.42966032,0.42235595,0.4284998,0.41540945,0.41902512,0.41858092,0.4144511,0.42983708,0.42236826,0.4282172,0.41924447,0.4243917,0.42384276,0.42271867,0.4226389,0.42014235,0.43069652,0.42531264,0.42566606,0.41139194,0.41487026,0.42320293,0.42525744,0.42346862,0.42070326,0.41038272,0.422214,0.42158005,0.4240503,0.4168493,0.41349098,0.42085633,0.4219087,0.42405054,0.41623178,0.42398593,0.41822538,0.4288055,0.41343957,0.41748977,0.42472878,0.42697695,0.41886026,0.41528514,0.42228174,0.41721115,0.4160869,0.4126361,0.41940537,0.4171835,0.43309987,0.41611615,0.42290634,0.41647196,0.42637932,0.41875228,0.4200189,0.42056406,0.42931804,0.4211987,0.411694,0.4214942,0.41671827,0.42452955,0.41419798,0.42757237,0.41350862,0.42159006,0.4171585,0.41910022,0.42519423,0.42239958,0.4240923,0.43047202,0.42422235,0.42347178,0.4201425,0.42160273,0.42318457,0.42892867,0.41806367,0.42760724,0.42557243,0.4213273,0.41484874,0.41859567,0.41962346,0.42029643,0.41421673,0.423813,0.4267632,0.42466915,0.42147642,0.42860708,0.4165487,0.4278427,0.4267045,0.42472592,0.42473635,0.42273372,0.42276752,0.42541867,0.425043,0.41588008,0.41945863,0.4136075,0.42152563,0.42148373,0.42192876,0.41811478,0.4197759,0.42467877,0.4253495,0.41957727,0.4217148,0.41982326,0.42572019,0.42519578,0.42342064,0.41618538,0.420481,0.41923946,0.41936368,0.4184347,0.41995537,0.41469595,0.4169891,0.41894194,0.41428456,0.4113666,0.41885662,0.42385224,0.41159102,0.41900706,0.42201492,0.4193008,0.4251722,0.42244446,0.418152,0.4229821,0.42340967,0.4214573,0.41681573,0.41860867,0.42478383,0.42232224,0.41368932,0.42057726,0.42047995,0.42351067,0.42497647,0.4207243,0.42203933,0.4221585,0.4220708,0.42195186,0.41593933,0.42481524,0.42954358,0.42315057,0.41947728,0.42521057,0.43133605,0.42168808,0.42438063,0.4236124,0.4210083,0.425933,0.4201411,0.42564708,0.42540208,0.4200465,0.42205557,0.4179402,0.42868072,0.41512066,0.42556122,0.41250265,0.42116913,0.42597547,0.43042094,0.41412187,0.4303912,0.4212948,0.41388077,0.42331696,0.41984522,0.42171732,0.42632455,0.41410005,0.43099132,0.42394617,0.4141429,0.42889634,0.42262295,0.42251283,0.4277907,0.4226808,0.42212683,0.41415098,0.4222287,0.42903093,0.41692746,0.40817666,0.42710963,0.41870317,0.42591625,0.41656673,0.41458893,0.42437685,0.4182486,0.4193308,0.42361683,0.4185131,0.4234697,0.41447327,0.42252436,0.41778213,0.4211239,0.41840923,0.4211265,0.42018807,0.43423563,0.42989808,0.41474283,0.42129603,0.42074397,0.41947547,0.42008117,0.41866806,0.41559303,0.42452115,0.42746067,0.4211992,0.43141514,0.42114198,0.41466644,0.41585392,0.41951385,0.4140543,0.4251345,0.42746457,0.41181764,0.42260158,0.4192772,0.41486743,0.41968518,0.4190572,0.4194396,0.42760077,0.4152333,0.42168534,0.43162704,0.41744345,0.4239192,0.41305062,0.41433027,0.426358,0.42167497,0.42106915,0.4213997,0.41801172,0.41419044,0.41972673,0.42655724,0.43011734,0.424592,0.42079434,0.42026642,0.42406026,0.41852096,0.42847642,0.41899908,0.42067626,0.41402668,0.42144027,0.4193572,0.4236885,0.41960692,0.42164794,0.41548786,0.42386293,0.41887373,0.42529267,0.4229446,0.4289159,0.42054504,0.41665682,0.4227835,0.41686147,0.4278506,0.42641762,0.4253502,0.42008647,0.4170722,0.41955408,0.42154694,0.42520922,0.42878807,0.4160355,0.42471516,0.42408493,0.41747585,0.42273602,0.4226084,0.4127688,0.42887056,0.41628534,0.42598006,0.42159542,0.4203789,0.41826674,0.43231955,0.424243,0.4227455,0.42083785,0.42070866,0.43143108,0.4173445,0.4301771,0.42045397,0.4271239,0.42413336,0.42327654,0.42529708,0.42665753,0.4276802,0.42330095,0.4208529,0.4315796,0.41965047,0.41964564,0.4319035,0.4147458,0.42437905,0.41715333,0.41582426,0.42421192,0.418728,0.41961646,0.42080712,0.42357856,0.41242945,0.41334772,0.4197472,0.42416185,0.42186624,0.42231804,0.42157924,0.41758516,0.42075437,0.41263208,0.4201771,0.4170686,0.42050654,0.41722783,0.4214901,0.42163375,0.42621222,0.41132402,0.41547537,0.42655885,0.4147164,0.42312804,0.42544067,0.42218316,0.42467728,0.41268608,0.42583352,0.42618522,0.41645563,0.41472802,0.41759118,0.41289303,0.41917473,0.42213607,0.42050645,0.42404613,0.41969585,0.4208086,0.4178858,0.42475462,0.4244791,0.4177412,0.4259224,0.42568332,0.419032,0.41735166,0.42190447,0.41862652,0.41844496,0.42087248,0.42560956,0.41486114,0.41502512,0.4201581,0.4247539,0.41878077,0.41464812,0.4213463,0.42474145,0.42264622,0.42829952,0.42184907,0.43442363,0.4123842,0.41836122,0.42454872,0.42030212,0.41782108,0.4220844,0.42464015,0.4131832,0.42479086,0.4206937,0.41849717,0.42425755,0.4255096,0.4235322,0.42750418,0.40864134,0.42215288,0.42746443,0.4239596,0.42187518,0.4201542,0.42136526,0.41772074,0.42372227,0.4147191,0.43044832,0.42646325,0.41804114,0.4178486,0.43012825,0.42172205,0.41656068,0.42533007,0.41931662,0.41995066,0.4173384,0.42469728,0.42074466,0.41469204,0.42028636,0.4194513,0.4271375,0.4228908,0.4273697,0.42572966,0.41912198,0.4305297,0.42904693,0.41956645,0.4157291,0.4127226,0.41293424,0.41809708,0.42376554,0.4235726,0.42087924,0.42136508,0.4216001,0.42239586,0.4201013,0.42445457,0.42406288,0.42540136,0.42359045,0.42096925,0.4180614,0.41430348,0.42830843,0.4217287,0.42533076,0.4199208,0.4239133,0.42466035,0.4180975,0.423182,0.41784745,0.42575884,0.42170557,0.41880438,0.42290244,0.42676196,0.42111158,0.4226003,0.41994214,0.4178677,0.4208639,0.4196646,0.4248126,0.4192456,0.4226893,0.42385465,0.42250845,0.4244534,0.42302126,0.42864597,0.428918,0.4172278,0.42685848,0.4171313,0.4267841,0.41728395,0.42174345,0.42126682,0.41497493,0.42148647,0.42512673,0.42965913,0.42031083,0.42148036,0.42310518,0.41743168,0.42591223,0.42316288,0.41699454,0.42515165,0.42833674,0.42067727,0.4271625,0.41475043,0.4204495,0.42317006,0.41747954,0.42079613,0.4154529,0.41219908,0.42558524,0.41695863,0.41756865,0.42880282,0.41881242,0.4157765,0.42224017,0.42386413,0.42711222,0.4205019,0.4141097,0.4304059,0.42195553,0.41843742,0.42178988,0.42355412,0.41971433,0.41741335,0.413882,0.425779,0.42517045,0.4221499,0.42423463,0.41901538,0.42028418,0.42188078,0.40979946,0.41935587,0.41959605,0.42136002,0.42657837,0.4255261,0.41632596,0.42606616,0.4229038,0.42443943,0.41722825,0.4242781,0.4273461,0.42482474,0.42633715,0.4185903,0.41396484,0.43287995,0.41961673,0.42490336,0.42621025,0.41711727,0.42019215,0.42528167,0.4281225,0.41769478,0.42188555,0.4160139,0.4287483,0.4234524,0.41868854,0.41959527,0.4163724,0.42531076,0.41368818,0.42584696,0.41763297,0.42161977,0.4294331,0.4173504,0.4258212,0.42373258,0.41921988,0.41278732,0.4232282,0.42734724,0.4213172,0.4261042,0.42153668,0.41715673,0.42138654,0.4179198,0.42665365,0.4236632,0.4098751,0.41672024,0.42152426,0.42579967,0.42714098,0.4225893,0.41946465,0.41885987,0.4227822,0.42040768,0.42499694,0.4223323,0.42619327,0.41965112,0.42153147,0.4136961,0.42907566,0.42480135,0.43099368,0.41877705,0.42693847,0.41715708
