0.62714875,0.62917185,0.63995045,0.6374924,0.6331825,0.6325572,0.6415982,0.63129824,0.6419608,0.6433524,0.63194484,0.63262606,0.63872045,0.63448703,0.6346069,0.63149565,0.63653463,0.6356045,0.63155496,0.63098633,0.63626885,0.6345647,0.6308249,0.6370632,0.633061,0.6374186,0.6389497,0.62616765,0.63893706,0.6306426,0.62870544,0.63597053,0.6247941,0.63649005,0.6446257,0.624693,0.6365765,0.6381156,0.63778454,0.6297094,0.6348777,0.63044846,0.62675756,0.6321585,0.6308819,0.6373203,0.6331303,0.6337863,0.630047,0.6327608,0.6250552,0.6437618,0.6333047,0.63544357,0.64525914,0.633041,0.63545966,0.6354476,0.6451651,0.6311146,0.63151246,0.62892,0.6324943,0.62387407,0.63626915,0.6376869,0.63969886,0.640856,0.62739813,0.6406398,0.6333988,0.63379097,0.6273604,0.62983125,0.63410056,0.62967616,0.6328371,0.62592596,0.6362541,0.6342282,0.639255,0.62921494,0.6350433,0.64143205,0.63960207,0.64486134,0.6423854,0.62262136,0.6341263,0.6294461,0.6443051,0.6428403,0.6360198,0.63252294,0.63792145,0.6414963,0.64611864,0.6290192,0.64030886,0.63828695,0.64216465,0.6384302,0.636921,0.640929,0.63461405,0.63011235,0.62484,0.6434654,0.64066464,0.64709544,0.6424892,0.6353744,0.6268099,0.6404952,0.6309946,0.62622344,0.6404713,0.6410579,0.6300177,0.63625365,0.6436038,0.6322694,0.6316096,0.6383567,0.6315295,0.6296083,0.6376237,0.6350646,0.6342441,0.6365713,0.6352755,0.6339593,0.63172144,0.6324766,0.6334077,0.62606174,0.6289073,0.627229,0.63663435,0.6368684,0.63743156,0.62922364,0.6306967,0.6363444,0.6314339,0.63576275,0.6438383,0.6287667,0.637484,0.63002235,0.62861377,0.6270087,0.63383657,0.62424034,0.63452923,0.6357672,0.63977635,0.6382273,0.62582713,0.63854444,0.63412744,0.6392392,0.6355379,0.6282916,0.64327925,0.62510437,0.6418955,0.62862635,0.63598883,0.61622494,0.637873,0.63999194,0.6381321,0.6347306,0.6469387,0.63649464,0.6319606,0.6336754,0.6364486,0.63528925,0.6394719,0.63936096,0.62899846,0.63013536,0.63349956,0.63616604,0.64086246,0.64156026,0.6388895,0.6313145,0.63426405,0.62796354,0.63468874,0.6317697,0.6372947,0.6409258,0.64130026,0.6354459,0.6292645,0.6257665,0.6314669,0.6303033,0.63521194,0.6394154,0.63469285,0.6334943,0.62896943,0.6451059,0.63292634,0.63257015,0.6337403,0.6391849,0.6338556,0.6283523,0.6353163,0.6262559,0.6376012,0.629461,0.6312971,0.63112146,0.6370101,0.6452113,0.64148325,0.6333132,0.63787097,0.629704,0.63734853,0.6272344,0.64152855,0.63621926,0.6314199,0.63433,0.6328984,0.63364047,0.63851935,0.636671,0.63127273,0.6310832,0.6357397,0.6301841,0.63150406,0.6344305,0.6378008,0.6285848,0.64082557,0.633472,0.63693714,0.6337758,0.6295967,0.6340603,0.6351718,0.630924,0.63579553,0.62350523,0.6326734,0.6309618,0.6338928,0.636386,0.63751954,0.6375385,0.6458976,0.63185483,0.635272,0.63159424,0.64129186,0.6337027,0.64390296,0.63653845,0.64047164,0.63538754,0.6243326,0.63590175,0.6409986,0.6332055,0.6430935,0.6304808,0.63533723,0.63042474,0.6249236,0.641283,0.63086206,0.6362861,0.6338716,0.63541746,0.6362199,0.6355687,0.62599856,0.62858754,0.6384636,0.6443231,0.64718235,0.6277041,0.6341842,0.63206536,0.63957536,0.6386879,0.6330711,0.6359084,0.6345051,0.6297853,0.6443953,0.6424358,0.6372513,0.63319695,0.6346575,0.63134176,0.6204688,0.6475385,0.63071537,0.63930637,0.62655777,0.6341778,0.639948,0.6247199,0.63669634,0.62906945,0.6328943,0.6363151,0.6314952,0.632829,0.62783825,0.63776654,0.633865,0.6404792,0.62893593,0.6283671,0.63423365,0.634894,0.6340734,0.6301313,0.6325701,0.6334014,0.63489175,0.6387648,0.63860744,0.64002556,0.63491035,0.6449151,0.62880087,0.6254886,0.6336939,0.6268606,0.63786846,0.6278018,0.6395881,0.6355285,0.6266232,0.6258871,0.63515663,0.63114464,0.62799335,0.63553315,0.6402426,0.6377995,0.6333815,0.6326312,0.63494116,0.6344454,0.63302505,0.63400817,0.6301147,0.62879956,0.63793266,0.626374,0.6383815,0.63419604,0.62631404,0.6387069,0.64039123,0.6387986,0.638695,0.6365281,0.6413003,0.6375288,0.6414783,0.63075906,0.6414569,0.6364091,0.6331107,0.6315045,0.63955957,0.6388498,0.62753034,0.6249681,0.63793415,0.6346465,0.6348383,0.6328839,0.6413642,0.6306255,0.6358463,0.6354357,0.6308441,0.62740004,0.629436,0.63580835,0.62680924,0.6312965,0.63531536,0.6281789,0.6310623,0.6328172,0.6318133,0.6291667,0.629645,0.629735,0.6235119,0.630963,0.63544565,0.6349835,0.6317445,0.64089084,0.63131654,0.6292284,0.6460021,0.62576896,0.63623995,0.63869315,0.6362226,0.6373543,0.63099253,0.6281757,0.6403379,0.6261882,0.63315773,0.6369682,0.62931746,0.628466,0.6316709,0.6335066,0.636192,0.6287648,0.63573396,0.6175678,0.63965267,0.64411896,0.6203694,0.6322486,0.6357982,0.6368968,0.6357376,0.6274112,0.6340936,0.6313055,0.63597256,0.6273982,0.63890535,0.63507164,0.63472605,0.6421453,0.6392386,0.6322512,0.62879246,0.6258029,0.634992,0.6338228,0.62646,0.63351756,0.6369499,0.6325918,0.64061564,0.6410198,0.6285057,0.629592,0.628622,0.63352376,0.62377524,0.63413453,0.6417885,0.63548774,0.63804734,0.6361301,0.63777906,0.6311644,0.63560003,0.6334839,0.6283672,0.6308464,0.63971114,0.63615614,0.6381831,0.6324679,0.6381646,0.62771654,0.6362409,0.6223994,0.63906115,0.6307332,0.62703115,0.63716304,0.62980044,0.6402908,0.6382274,0.6302151,0.6329929,0.64364666,0.6426801,0.6305878,0.62175256,0.6367476,0.6230714,0.6362013,0.6375249,0.64454097,0.63041633,0.62979627,0.62702453,0.64718366,0.64246655,0.6334736,0.6430817,0.6311256,0.6404445,0.6399476,0.63597083,0.6346562,0.63613194,0.63527083,0.63311666,0.6383152,0.6322579,0.63665754,0.627942,0.64000934,0.6450032,0.6272437,0.62685937,0.6410985,0.6355408,0.6360992,0.6321825,0.63677436,0.63162434,0.6327828,0.6319629,0.6387456,0.6386856,0.6438604,0.6391105,0.6272955,0.63901925,0.6365111,0.6363381,0.6389266,0.6407607,0.6372026,0.6360333,0.6363617,0.6368904,0.6351149,0.6328063,0.6405761,0.63673764,0.634857,0.63743174,0.6271429,0.6373331,0.6441656,0.6394806,0.63736653,0.64544517,0.634144,0.63389325,0.63293076,0.63411033,0.62917817,0.64127815,0.637422,0.63101506,0.63447607,0.62880725,0.63317305,0.6292677,0.63110805,0.6337881,0.6314923,0.64168096,0.63666666,0.63840944,0.6330289,0.63249403,0.6362241,0.6424479,0.629618,0.622134,0.6356454,0.6355166,0.6465229,0.6385177,0.63081586,0.631769,0.6294542,0.64203185,0.630064,0.6305333,0.6348636,0.6340319,0.6356006,0.6312821,0.6347442,0.63002384,0.6386758,0.6322334,0.63285774,0.63802844,0.6387841,0.6342885,0.65195036,0.63839597,0.639934,0.64447975,0.6315888,0.6383527,0.62775075,0.634542,0.6424206,0.6336537,0.6369472,0.63545096,0.638988,0.6323892,0.64193904,0.6469315,0.63541824,0.6311193,0.6273406,0.62483126,0.6393829,0.6410306,0.63870627,0.6380576,0.63091576,0.6422397,0.6294499,0.632889,0.63270724,0.63217413,0.6325406,0.63986117,0.63981086,0.63477546,0.63411695,0.6305733,0.6342557,0.63503104,0.63279706,0.63247,0.6310212,0.6335428,0.6332845,0.63548726,0.6383847,0.64058316,0.63942456,0.64035517,0.64148325,0.6301072,0.6324515,0.6312843,0.6432308,0.6294955,0.62908137,0.63781244,0.63269997,0.6429613,0.62977386,0.6338928,0.6267071,0.6289996,0.6372081,0.63299114,0.62953573,0.6360608,0.63268524,0.62510276,0.63861746,0.6330271,0.6366102,0.6342235,0.640077,0.63966715,0.6370935,0.6411849,0.6339073,0.64159113,0.63594323,0.6398461,0.6363677,0.62866926,0.64459044,0.632155,0.63124865,0.63861424,0.63299924,0.6355776,0.63446146,0.62904054,0.63350815,0.630502,0.63401127,0.63598156,0.64471215,0.63643515,0.631127,0.6289025,0.6298355,0.62564284,0.6259055,0.62923723,0.62793416,0.63378847,0.6208706,0.6381032,0.6323096,0.63199234,0.6347207,0.632297,0.63333803,0.64171034,0.629137,0.6263436,0.63411665,0.6341969,0.6380491,0.63339424,0.6396643,0.63190734,0.62525284,0.63210666,0.63356537,0.63011193,0.6412037,0.63336277,0.6457534,0.63703686,0.6319293,0.6360212,0.6389894,0.6350373,0.62617475,0.6352845,0.6337225,0.62291676,0.6187896,0.6312626,0.63262767,0.6347356,0.6452797,0.64162034,0.6395492,0.6326232,0.6264296,0.63560677,0.6387004,0.6283817,0.6344811,0.64088774,0.6318076,0.6300465,0.6283876,0.6356413,0.6294203,0.6376802,0.6377375,0.62728643,0.63304186,0.6312987,0.63189167,0.6306912,0.64101076,0.6358939,0.6346293,0.63654745,0.6310611,0.63370824,0.61677504,0.6307827,0.6308352,0.6353168,0.63643,0.6271948,0.63678163,0.6399223,0.62866956,0.6354513,0.63775194,0.6391945,0.6338644,0.6326216,0.63498485,0.63723147,0.6400981,0.63249207,0.64081216,0.6289394,0.63770616,0.6285233,0.6357425,0.64117944,0.63092166,0.63647205,0.64184433,0.6376412,0.634984,0.6359034,0.63326085,0.63687706,0.63951015,0.6261586,0.64416355,0.63995403,0.633499,0.6347125,0.6343051,0.6350177,0.63700783,0.6338683,0.6399484,0.6327859,0.6227495,0.6360662,0.64263755,0.6277837,0.6317836,0.6333879,0.6363839,0.63192546,0.6465255,0.63685614,0.63480026,0.6417104,0.6349971,0.6282347,0.6307466,0.63775474,0.632954,0.6275723,0.6303762,0.6349265,0.62021595,0.63674074,0.6309062,0.64126337,0.62486446,0.6298491,0.6377853,0.6381936,0.6388654,0.6326849,0.6274923,0.62547576,0.6386057,0.64428705,0.63615483,0.632926,0.6391777,0.62578744,0.6396871,0.63850576,0.63857824,0.63938135,0.63434803,0.6383815,0.63881356,0.6409547,0.63748264,0.6306347,0.6339688,0.6405181,0.63569736,0.6450628,0.63582957,0.63172245,0.63925856,0.63300836,0.638469,0.62753344,0.6367034,0.6222974,0.64480275,0.6296105,0.6257512,0.632957,0.6327041,0.6367307,0.6313713,0.64472026,0.6365726,0.62546575,0.63443637,0.635074,0.6372804,0.62572247,0.63345206,0.6338921,0.6305031,0.633949,0.6408441,0.6321978,0.63728786,0.62941784,0.6350583,0.635958,0.6376468,0.62791383,0.62969553,0.6422327,0.6430455,0.64000666,0.6429604,0.6359743,0.64188015,0.6339977,0.6316078,0.6330898,0.6278442,0.6371634,0.62785935,0.6348355,0.6336086,0.6428705,0.6368416,0.6231192,0.6331714,0.6338197,0.63239545,0.63339096,0.63708603,0.63000447,0.6392101,0.6401435,0.6414002,0.62698525,0.6373882,0.6332317,0.6320663,0.63427085,0.6309693,0.6373688,0.6328503,0.647154,0.63057894,0.63213116,0.62983936,0.6470811,0.63624066,0.63675594,0.6389076,0.6348601,0.6417302,0.6327566,0.63180465,0.6343987,0.63714755,0.62892234,0.6346341,0.6345696,0.6342119,0.6396646,0.6320138,0.6284184,0.64046484,0.6379133,0.6335414,0.62626755,0.63202924,0.6353476,0.637853,0.63135713,0.629223,0.626663,0.630491,0.63760555,0.64047456,0.62651074,0.63987684,0.6409216,0.6363618,0.63039297,0.64230585,0.6324732,0.63569266,0.63000304,0.63874924,0.6331364,0.6328464,0.63024914,0.63243306,0.63102174,0.63613355,0.63930863,0.63439965,0.63021815,0.63116544,0.63138074,0.6271644,0.6405492,0.63799185,0.6325633,0.6262421
0.6329319,0.6377369,0.6355045,0.63421524,0.6270199,0.6273462,0.6346386,0.6178747,0.62999123,0.63828003,0.63567615,0.6331844,0.6296938,0.6388347,0.6344381,0.6271228,0.63346636,0.62768155,0.6374197,0.63160306,0.6322151,0.6273307,0.633017,0.6415407,0.63818544,0.63019234,0.63077205,0.6341765,0.6350017,0.63602805,0.6266974,0.63505924,0.63417405,0.6342712,0.63513887,0.62741303,0.63549554,0.63448465,0.638462,0.6226051,0.6357435,0.628103,0.6291378,0.6295563,0.63093156,0.63092107,0.6247697,0.62774056,0.6250385,0.62570703,0.63158256,0.633347,0.6318007,0.6356144,0.6373767,0.62635946,0.63387144,0.63031274,0.625291,0.6500354,0.6169021,0.63057685,0.6341502,0.63335615,0.6385,0.62628573,0.6318135,0.63706446,0.6314031,0.6252143,0.6342,0.62334794,0.64146763,0.63458246,0.6312213,0.6289614,0.6348291,0.63646466,0.6342466,0.6329335,0.63166404,0.6310687,0.6384466,0.6384889,0.63522905,0.6233035,0.63245636,0.62941766,0.63286746,0.6324386,0.63446033,0.63596,0.6296728,0.6313369,0.62858254,0.6343775,0.63487923,0.63300616,0.63432264,0.6271908,0.640168,0.6324365,0.64023066,0.63018405,0.6329045,0.6332375,0.63552046,0.6377324,0.62811303,0.636995,0.63717335,0.6249395,0.6358419,0.63251853,0.63703907,0.6328318,0.6312366,0.63848865,0.6322654,0.62625617,0.6375676,0.6253941,0.63504666,0.63074225,0.63106656,0.6328034,0.6320787,0.63790154,0.6470162,0.6283809,0.6329492,0.62689006,0.63224876,0.6274028,0.63070107,0.630669,0.62887615,0.62356675,0.6312241,0.62694526,0.63364303,0.6399894,0.6277023,0.6428873,0.62781453,0.6304897,0.6463186,0.625639,0.6266931,0.63260907,0.62788993,0.6274833,0.63797164,0.63260525,0.6296532,0.6366238,0.63337266,0.6331515,0.62889576,0.6322781,0.6343238,0.62925494,0.6324387,0.6292488,0.63033247,0.6348683,0.63987696,0.63083905,0.6318965,0.6286583,0.6256348,0.6306806,0.63922805,0.62264776,0.6305215,0.64439875,0.6330682,0.6300301,0.62863886,0.628962,0.6356536,0.62860507,0.6215128,0.6331474,0.62176013,0.6307172,0.6360829,0.63549066,0.6369849,0.63497037,0.6356764,0.6312426,0.63102907,0.6296735,0.63464266,0.63077897,0.62682503,0.63386965,0.6332551,0.6225339,0.64478624,0.63109857,0.63661045,0.63736916,0.6390464,0.6339137,0.62652934,0.6305011,0.62243956,0.6273259,0.62784654,0.6426822,0.62657946,0.6358423,0.631885,0.6259931,0.63391924,0.63181937,0.633686,0.63710576,0.62697417,0.6347236,0.6425885,0.6269093,0.63211113,0.632779,0.64110255,0.63218,0.6317703,0.6288471,0.6347214,0.62707406,0.6276594,0.6317477,0.62476635,0.63826877,0.6343263,0.62970704,0.6236876,0.63435686,0.6355346,0.63034874,0.6252972,0.638077,0.6385241,0.6398822,0.64052796,0.62706524,0.6262807,0.63200206,0.6414637,0.6383758,0.6412068,0.6307477,0.6334371,0.63439536,0.63344723,0.63841856,0.64136904,0.6273152,0.6426233,0.6295321,0.63619393,0.6324249,0.64018536,0.6401815,0.6380474,0.63061535,0.6256103,0.63488656,0.6257221,0.62127316,0.63771456,0.62665427,0.63472235,0.6281273,0.63291913,0.6260148,0.6273206,0.6300203,0.62291867,0.6221304,0.6420014,0.6336499,0.634713,0.63462543,0.6324762,0.6356606,0.6358578,0.63522536,0.62679636,0.6367523,0.6300347,0.63599175,0.63586545,0.6393905,0.6179471,0.6325051,0.6299071,0.6332129,0.6233031,0.6356864,0.63676286,0.63323414,0.6267571,0.631062,0.62887233,0.636565,0.63103014,0.6316865,0.6231718,0.6428815,0.6298723,0.6218637,0.62778336,0.6342892,0.62811905,0.6339815,0.6385933,0.6361106,0.63432544,0.6272125,0.63346785,0.6359146,0.6274118,0.63223135,0.63484824,0.62677824,0.6310828,0.63091964,0.62483144,0.6343811,0.6398628,0.6305853,0.641372,0.6348863,0.635359,0.6268213,0.62894374,0.63068175,0.6347525,0.6382123,0.63868535,0.62182254,0.6395829,0.6249472,0.6316709,0.6242253,0.63562435,0.62783813,0.62785804,0.6330158,0.63605046,0.6310228,0.6375265,0.63240176,0.6262865,0.62470853,0.6296151,0.6325381,0.6244259,0.6214451,0.63351846,0.6289584,0.63375854,0.627075,0.62595433,0.6345656,0.62967455,0.634772,0.6341258,0.6362848,0.6333186,0.6341672,0.63043934,0.6333096,0.63648784,0.6329606,0.6284397,0.6323878,0.6461058,0.632616,0.630696,0.6249549,0.6360243,0.63476187,0.630004,0.6274245,0.6397543,0.6260601,0.6304199,0.638541,0.62806076,0.6272776,0.6372907,0.63382673,0.61655104,0.6266141,0.6298431,0.6229585,0.6223581,0.63424516,0.6285205,0.63796824,0.63548756,0.6341059,0.6251034,0.63523626,0.6362499,0.63441324,0.62920606,0.63164574,0.63485575,0.63022363,0.63820165,0.63125646,0.6412936,0.63207823,0.6234805,0.62937945,0.62924963,0.6365684,0.62953764,0.6184454,0.63156134,0.6309889,0.6350591,0.63393927,0.6286836,0.62859577,0.6339279,0.6311006,0.6274085,0.6267913,0.6259852,0.6334265,0.62459594,0.63063645,0.6391188,0.63560855,0.6402522,0.62495804,0.63106966,0.6313338,0.63159865,0.6303722,0.63250476,0.63636553,0.62934786,0.64105934,0.6319367,0.62316436,0.62914836,0.62822527,0.6304031,0.6306894,0.63254434,0.63471437,0.63595384,0.631535,0.6408374,0.6283688,0.628649,0.6286045,0.63076544,0.6251968,0.6345798,0.6342351,0.6293004,0.63192564,0.63239485,0.6333484,0.6296179,0.63915575,0.6315204,0.63509834,0.63215965,0.63084173,0.6285995,0.638722,0.63668936,0.6413451,0.6256608,0.63940203,0.63831395,0.63046116,0.629143,0.6278784,0.620711,0.6383863,0.6256334,0.6400944,0.63468075,0.623615,0.6333299,0.630347,0.62838274,0.63537467,0.63050145,0.6337162,0.62564766,0.6315673,0.63407815,0.6365112,0.6282303,0.6318093,0.63595015,0.6460286,0.64456075,0.6341173,0.6367186,0.6409024,0.62887937,0.63953936,0.6344971,0.6222432,0.6307645,0.62898666,0.63837606,0.6384828,0.6306426,0.6355016,0.6303526,0.6245239,0.63385105,0.6337365,0.6268934,0.6330321,0.63262326,0.6316134,0.63252795,0.6256204,0.6318575,0.63129485,0.63381237,0.62379616,0.62456954,0.6358064,0.6371183,0.62979764,0.636159,0.6308159,0.6375127,0.6392965,0.6343309,0.63244045,0.631222,0.634749,0.63316214,0.63602173,0.6292523,0.6283343,0.6317632,0.62909585,0.6266723,0.626642,0.63419807,0.641993,0.6385368,0.63521427,0.63224447,0.63181317,0.62916183,0.6325823,0.6257787,0.62408626,0.62306726,0.63498706,0.6276268,0.63171923,0.6405027,0.62951875,0.62833583,0.6349334,0.63503927,0.63597214,0.63233674,0.6300013,0.63670474,0.6344655,0.6331705,0.6358489,0.63486326,0.6215761,0.63470125,0.6273805,0.6437691,0.6321098,0.6400932,0.6351728,0.6328843,0.629735,0.63296473,0.64138174,0.6340815,0.6329425,0.6367345,0.6304022,0.62818533,0.6363603,0.6358555,0.6323226,0.62364805,0.6248133,0.6372813,0.6386136,0.6327173,0.6395136,0.64064264,0.6321209,0.6378288,0.6307729,0.63384986,0.639273,0.62950367,0.6343763,0.63055164,0.6280765,0.6280941,0.6322506,0.6384707,0.63720995,0.6320296,0.63224334,0.6261182,0.6317398,0.6298192,0.6297669,0.6330377,0.6347472,0.64026576,0.62502897,0.63346165,0.6380102,0.6267683,0.6350546,0.6279064,0.627012,0.6336281,0.64331764,0.6321954,0.63019377,0.63195693,0.63494813,0.6278998,0.6333446,0.6354725,0.6346525,0.63643205,0.62963855,0.6299618,0.6341034,0.63016665,0.6369674,0.6376439,0.63145506,0.6306711,0.6384761,0.63083065,0.6432109,0.6306525,0.63638,0.6479382,0.63136154,0.64368844,0.623925,0.63124,0.6318999,0.6370141,0.6328772,0.62545294,0.6262895,0.6247891,0.6292399,0.6309027,0.636305,0.6368561,0.62706286,0.63565767,0.638798,0.64290416,0.6372101,0.64291584,0.629969,0.63377315,0.6255788,0.63192934,0.625182,0.63563037,0.6423057,0.62461656,0.6341165,0.63058376,0.62985355,0.63188154,0.6319347,0.6334189,0.63625497,0.6327235,0.63336444,0.6333613,0.6250975,0.6312394,0.6399133,0.63054425,0.6341611,0.6315112,0.6383273,0.6268109,0.6305932,0.6294939,0.6256952,0.63639754,0.6273881,0.63243175,0.63346845,0.6376037,0.63115174,0.63085043,0.63169163,0.64077383,0.6240056,0.63743275,0.63477576,0.6400852,0.64026153,0.63972247,0.6352267,0.6274825,0.6361919,0.6428817,0.6363884,0.6271754,0.64194965,0.62736195,0.6352193,0.6279868,0.6437707,0.6319624,0.6323471,0.63072336,0.630832,0.62585646,0.63109547,0.62461406,0.6274229,0.62773925,0.6243711,0.633011,0.63243,0.6286127,0.6309254,0.63147885,0.62797743,0.6263177,0.6367058,0.6293644,0.6360275,0.6293435,0.6250735,0.63368535,0.63645846,0.6303399,0.63361776,0.6291067,0.6285058,0.6368255,0.6285236,0.6349012,0.64282167,0.63480204,0.6329974,0.63569945,0.6325919,0.63115525,0.6218646,0.6367543,0.62989134,0.6221327,0.63583493,0.6291261,0.6402539,0.63876754,0.62985504,0.629372,0.64428014,0.64094305,0.6269091,0.6281424,0.6357959,0.62445074,0.633013,0.626508,0.63129467,0.63769424,0.6305903,0.62971014,0.6285545,0.63549507,0.62864655,0.6411327,0.6309409,0.6378522,0.6309701,0.631504,0.6329502,0.6226296,0.6301916,0.63058525,0.6328075,0.6254761,0.62773085,0.63292533,0.6272639,0.63579357,0.62785864,0.63260096,0.63411725,0.63368756,0.63359964,0.63472795,0.633128,0.6344958,0.629378,0.6306481,0.63136476,0.6258214,0.6452463,0.63363874,0.6299745,0.64704996,0.62989664,0.63271517,0.63418233,0.6440697,0.62953085,0.63215196,0.63937616,0.63211846,0.6333317,0.63696367,0.6323455,0.63711673,0.6244409,0.6352556,0.6310554,0.6399671,0.6312353,0.6291449,0.6315497,0.62953687,0.63455784,0.630943,0.63380045,0.62563294,0.6356972,0.61975706,0.63335943,0.6344817,0.6466258,0.63416165,0.6438812,0.63025063,0.63008094,0.641619,0.64251435,0.6319517,0.63409317,0.62964827,0.63849056,0.6250361,0.6302419,0.6352783,0.62709165,0.6285436,0.6386738,0.62644786,0.63127655,0.6330536,0.6418662,0.63396585,0.6304697,0.62739086,0.62263,0.63374823,0.63509464,0.6362598,0.6358984,0.6256783,0.63729066,0.6323769,0.63200194,0.6307094,0.62813467,0.6312374,0.63027936,0.6383507,0.64201653,0.6309437,0.6293164,0.63430566,0.63127756,0.639702,0.6341293,0.6343983,0.62984425,0.63619524,0.6348374,0.62780696,0.63557273,0.6401135,0.6370599,0.6278529,0.6268375,0.6309265,0.62719697,0.63124096,0.62230843,0.6324224,0.63514984,0.6232341,0.62703264,0.6292693,0.63718945,0.6314715,0.6372219,0.6338957,0.6255308,0.6331074,0.630528,0.637039,0.6323165,0.63191694,0.6285119,0.6271732,0.6294734,0.63972664,0.6306663,0.6399007,0.628678,0.6370404,0.6305244,0.63385856,0.62611836,0.6402126,0.63407046,0.6275858,0.63512075,0.64369273,0.62859845,0.634283,0.6395227,0.63252556,0.62857634,0.63188994,0.6391205,0.6366805,0.6357218,0.63280755,0.6371423,0.6289348,0.62943834,0.6332202,0.6257997,0.6180009,0.6268998,0.6355071,0.63845974,0.63271725,0.6274321,0.63217163,0.6235486,0.6305123,0.62601465,0.63002384,0.63052005,0.6388677,0.6374482,0.6230421,0.63295317,0.63761884,0.6315034,0.6302418,0.631114,0.6256561,0.6304717,0.6363821,0.6398793,0.6275897,0.6347816,0.63890296,0.6301695,0.6328411,0.63298494,0.634064,0.62474257,0.63109577,0.63189083,0.63241106,0.62920564
0.7560255,0.75534165,0.76086783,0.7544621,0.75122404,0.7476009,0.75501585,0.7441853,0.75832886,0.76100785,0.7559914,0.7531405,0.7568732,0.7510643,0.7557745,0.75174624,0.7557156,0.747251,0.75179064,0.75095296,0.7472554,0.7595916,0.7483059,0.75299245,0.744843,0.7499048,0.74940467,0.7513667,0.75930905,0.75366914,0.74226594,0.75842386,0.75114214,0.7537428,0.75114834,0.749003,0.7592689,0.74985784,0.7485186,0.7458479,0.7538374,0.7572029,0.7514768,0.75309557,0.7493907,0.75049996,0.7473609,0.74954224,0.754803,0.7491246,0.7505902,0.76298577,0.75182354,0.749776,0.75539905,0.7539726,0.7583364,0.7554862,0.76049,0.7521856,0.7494946,0.75226873,0.74968654,0.74992776,0.749231,0.7496687,0.7519065,0.74968624,0.75426584,0.7528521,0.75702703,0.7531773,0.7541231,0.74848294,0.7485159,0.7460077,0.74610084,0.7488621,0.7498394,0.75049067,0.74853134,0.75044143,0.76019263,0.7495449,0.75879765,0.7525344,0.76132035,0.75025076,0.74762744,0.74842507,0.75905234,0.7506517,0.75096697,0.75503,0.75321656,0.75186825,0.7583958,0.7471041,0.74963254,0.74621,0.75752723,0.7525997,0.759292,0.7637609,0.7467968,0.755136,0.7505115,0.7518181,0.7579058,0.75601757,0.7559152,0.75389165,0.7605034,0.7561376,0.7570809,0.7490925,0.7566981,0.75640386,0.75332147,0.7496992,0.7569482,0.7494521,0.7616643,0.75401384,0.7508922,0.7505052,0.7544037,0.75359625,0.7541177,0.75783676,0.75853956,0.74764997,0.75157505,0.7456024,0.74555093,0.7466485,0.74682945,0.7512768,0.7508344,0.7509152,0.7528871,0.75597143,0.7520538,0.75595546,0.74651045,0.7531099,0.75637966,0.7528129,0.74920774,0.75401723,0.7506733,0.7522961,0.7528241,0.75213885,0.75203496,0.7572631,0.7605958,0.75490934,0.75144416,0.7488742,0.74660796,0.7538187,0.749494,0.74602675,0.7492118,0.7421524,0.7606703,0.7490275,0.7491471,0.7486759,0.74841005,0.75632143,0.7616894,0.75123614,0.75237536,0.7556207,0.7517826,0.75476164,0.74968684,0.75453055,0.7500822,0.74891293,0.7473156,0.7566517,0.7516156,0.752349,0.7531554,0.75598943,0.7541805,0.756321,0.7532646,0.7435846,0.75326407,0.7485797,0.750028,0.7605289,0.7530565,0.75754774,0.75617826,0.74475557,0.75328654,0.74746597,0.74848723,0.7509685,0.7463131,0.75756025,0.75291884,0.7502611,0.75049317,0.749244,0.7543799,0.7559495,0.74391806,0.7560963,0.7541458,0.75411975,0.7583964,0.75826615,0.75570786,0.74910504,0.7535315,0.74918395,0.75883067,0.75220376,0.75566536,0.749205,0.75526476,0.7508481,0.7470539,0.7533178,0.75788635,0.7492625,0.7549493,0.74875855,0.75813735,0.7539542,0.7554949,0.7438818,0.74752504,0.749329,0.75456,0.7572679,0.7488279,0.7533283,0.75555825,0.7566938,0.749659,0.75437915,0.7463291,0.74911946,0.7573087,0.7614369,0.76247245,0.7472042,0.7562641,0.75246304,0.7558223,0.75805986,0.7592297,0.7574854,0.76058906,0.7607186,0.75212675,0.74926513,0.7605156,0.7638368,0.7440762,0.75078905,0.75049734,0.7624116,0.75138944,0.74958956,0.7598164,0.74645317,0.7616047,0.7456604,0.7502715,0.7406549,0.75271314,0.76477903,0.74651605,0.7553807,0.75699776,0.7592581,0.7548978,0.7445208,0.75175804,0.75318533,0.7499881,0.75267756,0.7571895,0.7452204,0.75359225,0.7530807,0.7474297,0.75790733,0.7451185,0.7524014,0.75030637,0.7535539,0.7563418,0.7551888,0.7544598,0.7539013,0.7552903,0.7427573,0.74395096,0.7582068,0.7523096,0.7566456,0.7497468,0.7469913,0.75934416,0.7492205,0.7530742,0.75324035,0.7531361,0.75190985,0.7501462,0.7515958,0.7525772,0.75170326,0.75912833,0.7580671,0.7477459,0.74863297,0.74651015,0.74662083,0.74786556,0.7529453,0.7475174,0.75767183,0.7561395,0.7515511,0.7592976,0.75540954,0.7543953,0.757091,0.74880856,0.7495698,0.7499482,0.7491401,0.7579669,0.7402176,0.75262284,0.75185806,0.75000525,0.74221826,0.752263,0.75056875,0.7479628,0.75023896,0.749767,0.7484968,0.7529928,0.75176156,0.75303084,0.7481336,0.75482404,0.75626385,0.7448611,0.743415,0.7585518,0.74772197,0.75388604,0.75453466,0.75402665,0.7554479,0.7511052,0.7575918,0.75658536,0.76107943,0.75644857,0.75428766,0.7534181,0.75527084,0.7583331,0.75311166,0.750917,0.7507137,0.76487094,0.7517863,0.74577016,0.7496438,0.7485299,0.7572526,0.75033826,0.74055266,0.7538286,0.7568826,0.7529407,0.75338346,0.746057,0.75187445,0.7508373,0.75295526,0.74819845,0.75165355,0.75384015,0.7533624,0.74769735,0.7481559,0.74598455,0.76062864,0.7490281,0.74082345,0.747265,0.7540077,0.7633534,0.7530994,0.7537461,0.7603918,0.7401542,0.74627745,0.75692916,0.7496777,0.7546801,0.74920833,0.7491522,0.7647389,0.7566121,0.75160956,0.74685806,0.7443209,0.74304754,0.74676085,0.7496372,0.7513124,0.7538282,0.7473971,0.75330055,0.7482982,0.7533821,0.73859775,0.7532952,0.7491947,0.74572444,0.7462745,0.7551862,0.7506731,0.75443465,0.749281,0.7537407,0.7552504,0.7508915,0.7487143,0.75580305,0.74895793,0.75299656,0.75191796,0.75329775,0.7474514,0.7444673,0.74777806,0.7527121,0.75153667,0.7497156,0.7554399,0.7536166,0.7524141,0.7608214,0.75522953,0.75045633,0.75174147,0.7491246,0.7494609,0.74408877,0.7559831,0.7529944,0.7531663,0.74667805,0.75721717,0.7568348,0.7583788,0.74735314,0.7580246,0.74228805,0.7542172,0.7604088,0.7549439,0.75270885,0.75334764,0.7486989,0.75006366,0.74836177,0.7501361,0.74952227,0.7566851,0.7524654,0.7561661,0.7450941,0.7493246,0.75239307,0.7495787,0.7576925,0.75206256,0.7485438,0.75555676,0.75172246,0.75794584,0.74903107,0.7504874,0.7463709,0.7609225,0.7478842,0.75292593,0.7522776,0.750063,0.7554102,0.75559306,0.75020736,0.74954367,0.75745094,0.75677896,0.7532666,0.75911057,0.75129443,0.74678546,0.7610404,0.75458485,0.74907494,0.74915534,0.75136775,0.7560289,0.75178987,0.75319326,0.7462916,0.7536578,0.74945414,0.7528298,0.7470911,0.75177646,0.76006466,0.74960816,0.7521895,0.7484026,0.7539439,0.7620851,0.75237083,0.74589247,0.7572633,0.7566038,0.7539283,0.7488848,0.7544327,0.75212055,0.75418174,0.75877094,0.75492203,0.75845647,0.7483808,0.7556782,0.7482403,0.74357796,0.7538748,0.7500053,0.75133103,0.76218253,0.75835204,0.7512592,0.75395834,0.7632404,0.7500288,0.75378513,0.7530161,0.75261647,0.7539242,0.751101,0.7457209,0.74224466,0.7565855,0.75435966,0.74871993,0.75577927,0.75093484,0.74490106,0.76029724,0.7612271,0.75776243,0.7501795,0.74999624,0.754379,0.755944,0.7437016,0.7456017,0.74637127,0.7536942,0.7562747,0.75504535,0.74512655,0.7494442,0.7430617,0.74884826,0.7458987,0.752032,0.7515463,0.7542011,0.7522294,0.7440554,0.7514489,0.7498839,0.75800115,0.74530953,0.7509486,0.7489757,0.7521503,0.7554963,0.7580002,0.7588755,0.7524165,0.75703484,0.7486614,0.7527859,0.7605253,0.7581282,0.7564273,0.7573614,0.74811536,0.74765354,0.7630159,0.7526777,0.7530068,0.76057005,0.74918646,0.7527839,0.74942213,0.74251354,0.754015,0.7532648,0.7563802,0.74912494,0.75014293,0.75762516,0.7518327,0.7470915,0.74769604,0.749386,0.74265313,0.7545995,0.758003,0.75469714,0.75382155,0.7494459,0.7573859,0.74899966,0.7527443,0.75891113,0.75348943,0.7510375,0.75660443,0.7553224,0.7492305,0.7452164,0.75676805,0.75936896,0.7628304,0.74814856,0.7561723,0.7462654,0.7584182,0.745965,0.75628024,0.75551444,0.7527976,0.7516536,0.74587166,0.74957114,0.74688375,0.7592583,0.7585469,0.7509515,0.7502618,0.75474465,0.75685203,0.7493668,0.7550149,0.7530945,0.75175714,0.7471169,0.75866127,0.750777,0.756812,0.7524662,0.7592046,0.75500727,0.7464695,0.7580157,0.7554658,0.7472318,0.75512314,0.75047106,0.75207496,0.7524809,0.75060505,0.75198936,0.74883616,0.7518285,0.7462596,0.75430226,0.7598937,0.7563279,0.7520362,0.7508026,0.7488502,0.748145,0.75975215,0.75073683,0.7575152,0.74829954,0.7442163,0.7542585,0.75021315,0.7477822,0.7522442,0.74178874,0.75226563,0.74966645,0.74758655,0.7543826,0.7549514,0.75026965,0.74897796,0.7535564,0.75698334,0.7496828,0.7565393,0.7490005,0.75546604,0.7532056,0.7454474,0.75729686,0.75591505,0.746523,0.7509116,0.7488914,0.74326503,0.75796014,0.75540036,0.7445294,0.7441685,0.75767267,0.75525504,0.74765253,0.7514188,0.7549102,0.74725366,0.7519191,0.75326055,0.7518587,0.7567506,0.7494631,0.744633,0.75006455,0.74784106,0.7522734,0.7572012,0.7573203,0.7489195,0.7482167,0.7518204,0.7495094,0.747129,0.7579276,0.7553723,0.75211143,0.7525426,0.7512067,0.7522547,0.7506925,0.75536627,0.74773735,0.75053996,0.7480184,0.75093395,0.7510844,0.744678,0.75117844,0.7572132,0.748169,0.75306004,0.74566233,0.7583006,0.7502512,0.7501364,0.7546808,0.7531508,0.75100595,0.7493809,0.752952,0.75390095,0.7599686,0.75907165,0.75176364,0.75255483,0.7530041,0.7505872,0.74710643,0.75541997,0.75561106,0.74561983,0.75411355,0.7467513,0.7527762,0.75444335,0.7517782,0.7544776,0.7481386,0.75248367,0.7532294,0.7542044,0.7445265,0.74695206,0.7555991,0.74562305,0.7489381,0.7560793,0.75149465,0.75641054,0.7539176,0.7465551,0.7552471,0.75654125,0.7538793,0.7523017,0.75440484,0.7519975,0.7513491,0.7619897,0.7585366,0.7448594,0.7547656,0.7560668,0.7507265,0.7510334,0.75746185,0.7509713,0.74903727,0.75784266,0.7541175,0.7471411,0.7409518,0.74669826,0.7598369,0.7480098,0.75027907,0.7543308,0.7497949,0.7647523,0.7521661,0.7530828,0.74338305,0.7512124,0.75322086,0.75164133,0.7483667,0.7568947,0.74783593,0.7554321,0.7622049,0.7575074,0.7613012,0.7603552,0.74807817,0.7458403,0.7582916,0.75316554,0.7440873,0.7472294,0.7490021,0.7547739,0.7496345,0.75378543,0.75167114,0.7554593,0.753559,0.75551486,0.751404,0.7475875,0.75550723,0.7575156,0.7500546,0.74996644,0.74451876,0.7471018,0.76097566,0.75714326,0.75091946,0.7515851,0.75054836,0.74697965,0.7559999,0.75028247,0.7586709,0.7547908,0.7457666,0.74739593,0.7552466,0.749758,0.75091463,0.75287247,0.75598854,0.7485035,0.7572987,0.75795585,0.7467918,0.7523406,0.75475603,0.74933696,0.7508521,0.75453,0.7597537,0.75796074,0.75465727,0.7558954,0.7504542,0.7501248,0.7547231,0.7493,0.75241154,0.7493429,0.7465512,0.75276357,0.7485919,0.74778837,0.7544493,0.7590619,0.753558,0.7488247,0.7591018,0.759601,0.7589551,0.75552124,0.75641227,0.74886066,0.73983836,0.75006366,0.74713147,0.75278765,0.7664632,0.75283957,0.75862974,0.7480268,0.7533086,0.74791396,0.7535277,0.7582062,0.7476654,0.76189905,0.75020033,0.7498775,0.7491674,0.7505721,0.7541327,0.7506544,0.7491784,0.7507136,0.74132794,0.75662494,0.74896735,0.7488847,0.754546,0.7521298,0.7547425,0.75031596,0.7464548,0.75028634,0.7546471,0.750496,0.7507394,0.75391763,0.7450766,0.7430318,0.7521147,0.7514798,0.753577,0.7530122,0.7547831,0.745704,0.75306886,0.7540784,0.7570409,0.7556557,0.7518555,0.7554137,0.7593356,0.75997615,0.747917,0.74706805,0.7463595,0.7509629,0.7499759,0.75704396,0.75163966,0.75241053,0.75059855,0.7522196,0.7541566,0.7555916,0.75272995,0.7479717
0.8806819,0.87697023,0.8896352,0.8697643,0.87622774,0.8723335,0.88146347,0.87939495,0.8816396,0.8796529,0.87440526,0.88102835,0.8778306,0.88407576,0.8776786,0.8771972,0.8781592,0.8871376,0.87470454,0.86680067,0.88228565,0.88843054,0.8784301,0.87419266,0.88110036,0.8712115,0.88187414,0.8806854,0.88446283,0.88010395,0.88083273,0.87944305,0.87487817,0.8780674,0.8765101,0.8862096,0.87990725,0.88443434,0.8812711,0.87981313,0.87182903,0.8802908,0.8794485,0.87787324,0.87362033,0.8755971,0.8767268,0.8778814,0.8785371,0.87616843,0.8725372,0.88357055,0.88327855,0.8722921,0.87944144,0.87772894,0.8806329,0.8868981,0.8800379,0.8806667,0.8809719,0.879482,0.8771678,0.8812342,0.87428606,0.8795719,0.8790834,0.8717199,0.8706796,0.8845229,0.8748982,0.8807022,0.8753466,0.87535733,0.87650603,0.87287873,0.87213624,0.8845358,0.87492937,0.8815241,0.88127744,0.8795735,0.87452054,0.87803245,0.8863127,0.8788976,0.8772879,0.87815005,0.87825,0.88146394,0.88541937,0.875954,0.8817676,0.8763356,0.8815244,0.8840303,0.879761,0.87491757,0.8787613,0.8780212,0.8756361,0.873819,0.8812454,0.882101,0.87219214,0.87578285,0.8711809,0.8761695,0.8758803,0.87437135,0.8711927,0.88522834,0.8762252,0.8765602,0.878625,0.87243545,0.87654066,0.87276,0.8751147,0.8807325,0.8802636,0.8732087,0.8814137,0.88090974,0.8801225,0.8761128,0.8804561,0.8813651,0.8736008,0.88324517,0.87792164,0.8877044,0.8798521,0.8753991,0.87259066,0.88018805,0.8746618,0.8672394,0.87792116,0.87806726,0.88513106,0.87446946,0.8746979,0.8749007,0.8732674,0.8867039,0.8776902,0.8707993,0.88004094,0.87184906,0.88111776,0.87607634,0.8711607,0.8778435,0.8850239,0.88075083,0.88589144,0.8765711,0.87239134,0.8746598,0.88,0.8820471,0.88594764,0.88015616,0.8803281,0.86766267,0.8779873,0.87703276,0.8773712,0.87772,0.8737811,0.8785447,0.8768967,0.8856318,0.87749046,0.8842173,0.87614757,0.8754515,0.8772882,0.88400155,0.8797828,0.88895935,0.8805161,0.8802106,0.8857316,0.88547885,0.8859091,0.8796855,0.8780457,0.87455505,0.88042206,0.88585585,0.87757427,0.87888443,0.8758418,0.88379896,0.8876058,0.8859557,0.87822384,0.8777446,0.8767566,0.88392395,0.8761721,0.88187337,0.8829882,0.87956315,0.87438756,0.8777895,0.8841534,0.8816751,0.87933725,0.88245165,0.8783741,0.8795894,0.8816525,0.876102,0.880107,0.8810392,0.87585545,0.8697171,0.87954956,0.8813236,0.8738179,0.87887126,0.8770433,0.87635124,0.87691176,0.8825706,0.8747697,0.8802076,0.8771722,0.8760065,0.8742062,0.877119,0.87544847,0.8790826,0.8835699,0.87305385,0.87099344,0.8814937,0.8807896,0.8756394,0.887132,0.88514036,0.878223,0.87731326,0.88098717,0.87983364,0.88124686,0.87871045,0.8799592,0.87646693,0.8744561,0.8765082,0.88303375,0.8816198,0.87908095,0.87121254,0.8807273,0.8832091,0.88573533,0.8787376,0.881804,0.8790456,0.8788992,0.88893926,0.8686744,0.8805732,0.87940514,0.8815428,0.8815013,0.8773582,0.87452507,0.87310994,0.8803549,0.87657833,0.8848319,0.87895364,0.87649506,0.8824791,0.879464,0.88292694,0.8771015,0.87632036,0.8792607,0.87845963,0.8720369,0.88238466,0.87540525,0.87681484,0.88476616,0.8766805,0.88277364,0.87623936,0.8793253,0.87326276,0.87792957,0.8796742,0.88615024,0.87459713,0.8840267,0.87025774,0.87811655,0.8718979,0.87877023,0.87395823,0.8783279,0.8826541,0.87956893,0.88173616,0.8783814,0.87638134,0.88276815,0.8822251,0.879923,0.87371045,0.8803727,0.8800774,0.8745463,0.8792603,0.8747804,0.8790377,0.88087165,0.88016814,0.8732189,0.8732068,0.88282514,0.88749903,0.8772253,0.87465554,0.87968695,0.8770583,0.8812731,0.89268374,0.8787528,0.8768711,0.8777895,0.8823263,0.8791755,0.873024,0.880368,0.8828009,0.87143093,0.88213366,0.8706003,0.8819173,0.8740841,0.8749298,0.8712017,0.8744528,0.87658083,0.8770649,0.8829114,0.87771046,0.8802612,0.888024,0.88805133,0.8812551,0.87698364,0.8737508,0.8759331,0.88223505,0.8785785,0.8773807,0.8795091,0.878899,0.8813232,0.8850134,0.87634385,0.88078296,0.875388,0.8836186,0.88040024,0.88572884,0.8798649,0.880671,0.8813602,0.8783504,0.870532,0.87746173,0.8760207,0.8840193,0.8809407,0.8839776,0.87906647,0.87237895,0.8820204,0.8759742,0.8784104,0.8837589,0.8755074,0.8760476,0.8828941,0.8822447,0.8778843,0.87489045,0.8776343,0.8788886,0.88220507,0.8719147,0.8829378,0.87244767,0.8856023,0.8774608,0.8795858,0.88032115,0.87978035,0.878895,0.8782744,0.8772305,0.8836786,0.89280987,0.87578267,0.8821897,0.882206,0.88100165,0.8726567,0.87600136,0.8811433,0.87693566,0.87870103,0.8730149,0.8711486,0.877551,0.87711245,0.8734434,0.87201124,0.8798946,0.8866853,0.87307405,0.8853637,0.87287897,0.8732615,0.8807108,0.87689435,0.8793178,0.88143426,0.8812414,0.8762546,0.873263,0.87454426,0.88384175,0.87938195,0.87932587,0.8817718,0.88065827,0.8779677,0.88623565,0.882831,0.8712519,0.87988263,0.88335294,0.8783732,0.87184405,0.87668175,0.8736689,0.87259877,0.88562554,0.88501143,0.8843322,0.87712187,0.8850969,0.86740553,0.88421154,0.86903673,0.8754082,0.86711544,0.8784577,0.8827411,0.88623375,0.87783927,0.8838164,0.87686473,0.8868046,0.88033736,0.8859392,0.8701109,0.8855711,0.88370013,0.8800783,0.87158287,0.8745292,0.8767226,0.8778368,0.87889224,0.8812002,0.8785067,0.8831694,0.8783388,0.8782711,0.87183696,0.8815228,0.88076776,0.8814938,0.88100916,0.8779102,0.88687855,0.8769155,0.87744373,0.8765299,0.8800892,0.8810559,0.88335395,0.8816105,0.8763149,0.87796426,0.87618476,0.8809436,0.8801228,0.8762182,0.8821805,0.8763352,0.8771319,0.8756749,0.88027483,0.87902975,0.8813663,0.8861478,0.8810009,0.87895846,0.8762842,0.8705234,0.8853524,0.8800522,0.87540054,0.8799414,0.8773067,0.8796434,0.87665606,0.8717138,0.8736986,0.879969,0.8806076,0.8726855,0.8706152,0.87416416,0.88226616,0.88752675,0.8793272,0.8826246,0.8778936,0.8831101,0.87768817,0.87856466,0.88513285,0.8763678,0.8765291,0.8785603,0.87877494,0.8840345,0.8819149,0.88115543,0.8754073,0.8784021,0.8830988,0.88042206,0.87953115,0.882491,0.8794603,0.88601154,0.885342,0.88220304,0.8857273,0.87998384,0.8836754,0.8826439,0.87569827,0.8741516,0.87891966,0.87576187,0.8757146,0.88093317,0.88456327,0.88712424,0.87836105,0.8759308,0.8794086,0.8904369,0.88109195,0.86640126,0.8790189,0.88350904,0.8861098,0.8801024,0.8808796,0.87995094,0.8768686,0.88301265,0.879138,0.883814,0.8790693,0.88012516,0.8842508,0.8735397,0.8759766,0.881855,0.8768896,0.87342256,0.883041,0.8736321,0.8866156,0.8832285,0.8745305,0.884026,0.8791326,0.881831,0.8860152,0.8796966,0.876596,0.8761134,0.8807116,0.8731683,0.8805188,0.8708397,0.8785824,0.8764407,0.87419635,0.8756214,0.88049984,0.8861404,0.87330604,0.8820605,0.8792356,0.8790504,0.8814878,0.8768787,0.87363607,0.8782192,0.87151426,0.8751297,0.8844341,0.8839313,0.88129026,0.87122416,0.874219,0.88199294,0.8773218,0.87197423,0.88254625,0.8838129,0.8723454,0.8792214,0.8755744,0.88650244,0.88178897,0.8784084,0.87173885,0.87918293,0.8811737,0.8813399,0.87411636,0.88502085,0.87732023,0.87701344,0.8791712,0.8869042,0.87627095,0.88536936,0.8801804,0.87448853,0.8726048,0.86778504,0.88353735,0.8753024,0.879605,0.8811659,0.8713762,0.8725916,0.8754436,0.8790503,0.8823497,0.8759902,0.88232225,0.8750118,0.8683008,0.881748,0.8843086,0.88379794,0.8755618,0.8807312,0.8785113,0.8795545,0.8761828,0.87691694,0.88389474,0.88094825,0.88380337,0.88719517,0.87229574,0.87492675,0.8773844,0.87937653,0.8781686,0.88344115,0.88083935,0.8870319,0.88296473,0.875787,0.8752734,0.8797861,0.87951326,0.8833281,0.87998134,0.8738185,0.8721924,0.8744732,0.8888696,0.87324816,0.8812112,0.87898785,0.8825431,0.8728228,0.87755555,0.8821702,0.87353617,0.8765517,0.8695401,0.87621945,0.885363,0.88255423,0.8749173,0.88057727,0.88169295,0.8821722,0.88133097,0.87200546,0.8728418,0.8771139,0.8795024,0.87758833,0.8724025,0.8830337,0.8756532,0.87888855,0.87481594,0.87479573,0.8745538,0.8829669,0.87520564,0.87224275,0.8789321,0.87996036,0.88602346,0.870509,0.8893983,0.8862325,0.88392425,0.88591146,0.87959564,0.88246244,0.8720302,0.8747127,0.87850636,0.8799023,0.87349564,0.8701663,0.87846667,0.8860296,0.8869509,0.8827836,0.8828325,0.8830129,0.87202984,0.87850803,0.8729075,0.8857589,0.8677685,0.8810798,0.8752696,0.87797356,0.88161236,0.8790049,0.8811117,0.88422006,0.8836885,0.8782101,0.8792279,0.8731151,0.88515806,0.8737547,0.8704951,0.8815276,0.87733465,0.874331,0.88592255,0.87097925,0.87185806,0.87499267,0.8800306,0.8702687,0.87978643,0.87663007,0.87621444,0.87907434,0.8801158,0.88086617,0.8760482,0.8864768,0.88165635,0.8714316,0.8755804,0.8747707,0.8831381,0.88373965,0.89025605,0.8813391,0.8843434,0.88343465,0.8780238,0.8780117,0.87447006,0.8761955,0.8805811,0.877466,0.8741385,0.87288445,0.8760263,0.87859094,0.87437606,0.8798383,0.87643176,0.87719613,0.87730366,0.8731339,0.88927263,0.8738744,0.87115395,0.88491374,0.8777623,0.8698983,0.8837768,0.87368286,0.8761239,0.8804266,0.8762105,0.88220614,0.8821334,0.8747946,0.8680438,0.8797883,0.8738751,0.86956316,0.8786751,0.8795078,0.884039,0.8767145,0.885307,0.87742645,0.8782775,0.88362825,0.874253,0.8898094,0.8770511,0.87995493,0.8813164,0.8831719,0.87350905,0.8791344,0.88456154,0.87412953,0.88362837,0.8838275,0.8753824,0.8801071,0.8814103,0.88500065,0.883467,0.8746454,0.87887925,0.87534857,0.87819105,0.8822291,0.88102174,0.8788466,0.86929196,0.8778764,0.88577086,0.8771932,0.8795747,0.8811085,0.878698,0.8811959,0.8806361,0.88545,0.88373446,0.8798883,0.87447095,0.87842005,0.8786101,0.87301296,0.8814784,0.88198936,0.8811133,0.8824188,0.87836134,0.87487334,0.8737639,0.88071513,0.8760278,0.88189566,0.8741163,0.87377185,0.8765146,0.871521,0.88024735,0.8717608,0.87003183,0.8857024,0.8800306,0.8847921,0.87867653,0.8808688,0.88232625,0.87531507,0.87613267,0.8731461,0.88553417,0.88483053,0.87655765,0.87254775,0.8868747,0.8768925,0.87146115,0.87257445,0.88140196,0.8750981,0.8759332,0.88234323,0.8787881,0.8779218,0.8736208,0.8797349,0.88327104,0.88551897,0.87739176,0.8838315,0.8732113,0.8731603,0.8785848,0.879581,0.88187903,0.8705192,0.87250507,0.8795522,0.87844366,0.88683313,0.87946725,0.8753898,0.8717009,0.8799569,0.8796352,0.8738484,0.8706498,0.8765024,0.87615144,0.87012976,0.8736175,0.8811299,0.8823675,0.8865005,0.8795287,0.88087666,0.8891874,0.87649995,0.8851366,0.87702346,0.87890154,0.8888005,0.8783403,0.8745252,0.8778344,0.87215954,0.87546766,0.8788179,0.8765643,0.87886965,0.87961614,0.88404375,0.87637496,0.87734413,0.87551457,0.87469524,0.87970454,0.8733276,0.8783533,0.8781625,0.8865334,0.8697834,0.8766718,0.87523955,0.8728599,0.87738156,0.88046896,0.87415814,0.8754054,0.8714223,0.88002056,0.886227,0.87662923,0.87422323
0.860641,0.8592161,0.8705043,0.85742456,0.8579989,0.8546202,0.861887,0.8602186,0.86112,0.85765207,0.85860264,0.8570184,0.8691431,0.8542607,0.86217415,0.86099887,0.8592586,0.8649186,0.8624481,0.84985894,0.86481047,0.8640057,0.8541765,0.8470453,0.8583669,0.8594421,0.8584579,0.8619137,0.8668767,0.85844666,0.85614425,0.8614693,0.8533607,0.8601035,0.8603355,0.8565446,0.8614678,0.8553923,0.85729957,0.8593564,0.8579275,0.8637312,0.8547771,0.8562693,0.8593951,0.8601392,0.862536,0.8576078,0.85497594,0.8581281,0.8516888,0.8658864,0.8634721,0.8491394,0.8676521,0.8664409,0.85568625,0.8634309,0.8566744,0.84510607,0.86197567,0.86090976,0.8584125,0.8555816,0.85756356,0.8571538,0.8648898,0.8610338,0.85810024,0.8596391,0.8560809,0.8658066,0.8580229,0.8581732,0.846729,0.86500305,0.8590767,0.85235953,0.8629339,0.86206263,0.86002487,0.855847,0.8572312,0.85722935,0.86932707,0.84958684,0.86410266,0.85727596,0.86578953,0.856929,0.8654188,0.8556021,0.8646618,0.8575159,0.85664374,0.8569597,0.8544885,0.86758345,0.8603291,0.8556647,0.8566801,0.8602894,0.8571445,0.8568501,0.8561662,0.855765,0.8576946,0.86258066,0.8606802,0.8559839,0.85253465,0.8673975,0.85364693,0.86765313,0.86269754,0.8562375,0.86634576,0.85331064,0.85868466,0.8649655,0.8632313,0.8573675,0.85733396,0.8659494,0.8631047,0.8580074,0.86399835,0.86252564,0.84982467,0.86572623,0.86367446,0.8736609,0.8628642,0.85221326,0.85651433,0.85544324,0.85878485,0.8515827,0.8540048,0.8552167,0.86527526,0.85127455,0.8578352,0.8622737,0.85374093,0.868249,0.8638244,0.8590448,0.8627353,0.85645276,0.8607658,0.8592117,0.8645779,0.86064297,0.8674563,0.8632484,0.8712561,0.85794795,0.85537857,0.8603003,0.85883135,0.858246,0.85964763,0.86690646,0.8556559,0.8547591,0.8657872,0.86131084,0.84758544,0.8619841,0.8513082,0.8603563,0.85296303,0.85728145,0.8569764,0.860831,0.8542189,0.86148036,0.8595482,0.8558088,0.8539647,0.86887234,0.86103845,0.8626128,0.86221147,0.86353135,0.8666113,0.8597334,0.85743594,0.85844547,0.8669704,0.8663152,0.8623073,0.85642695,0.8519166,0.8707284,0.86009413,0.865046,0.8586249,0.8592527,0.8628873,0.8564979,0.86592263,0.85605526,0.8599927,0.8565797,0.8518842,0.8645011,0.8635552,0.8607985,0.86038494,0.85638785,0.8555297,0.8627014,0.85075086,0.85016984,0.8590005,0.8597573,0.86670977,0.85441136,0.8569436,0.8632819,0.8640135,0.85976404,0.86004215,0.855671,0.8506844,0.8581681,0.8550945,0.86166996,0.8579238,0.85592157,0.8575312,0.86447406,0.8616525,0.86437213,0.8578284,0.858491,0.85420257,0.86653286,0.85667694,0.8598558,0.8673463,0.856455,0.8622535,0.8619863,0.8690796,0.85872394,0.8535762,0.85868704,0.86159736,0.8631445,0.8601312,0.8582509,0.8624422,0.8618645,0.86127317,0.8565219,0.8637702,0.8634161,0.86148,0.86630905,0.86626905,0.86100787,0.86719966,0.86051387,0.8505001,0.8612449,0.86258495,0.8629016,0.85728246,0.8570433,0.8602474,0.8523602,0.86100084,0.8560226,0.8607894,0.8528269,0.85663754,0.8709755,0.85912645,0.86224717,0.8576559,0.8589472,0.8634681,0.8548768,0.85731304,0.86189026,0.8520459,0.86059153,0.86761266,0.856373,0.86494744,0.86371744,0.85802966,0.8511717,0.8611061,0.86280596,0.85958624,0.8557792,0.8609973,0.85770816,0.8642774,0.85529083,0.8591649,0.851628,0.86224204,0.86404914,0.8504811,0.85210925,0.860556,0.8617339,0.8716506,0.8623786,0.8597802,0.8592117,0.866709,0.85131,0.8473078,0.8630712,0.8606829,0.8599777,0.8582655,0.8616751,0.85397816,0.85769695,0.86054397,0.858305,0.86240923,0.86110157,0.86668587,0.8590531,0.8657192,0.8656366,0.8614771,0.8558659,0.85963327,0.8593723,0.8561181,0.85446703,0.8585914,0.8592017,0.8580419,0.8539213,0.8522357,0.8594208,0.85393536,0.8558744,0.8582637,0.851039,0.85780257,0.85817564,0.86963433,0.8584504,0.8661911,0.86304706,0.8654421,0.8595461,0.86425006,0.86328405,0.86449516,0.858359,0.86711997,0.8650092,0.8637963,0.85755396,0.85726225,0.85869133,0.8567815,0.8593582,0.85973984,0.8621164,0.85547745,0.86041206,0.8655929,0.8584627,0.8539521,0.85958016,0.8488292,0.8631098,0.8600501,0.85467416,0.8572737,0.8573955,0.8611952,0.8604332,0.8654555,0.85938936,0.8641744,0.8665165,0.8545133,0.8610658,0.8593928,0.8651455,0.8554213,0.85829043,0.85576016,0.8609236,0.85553086,0.85432845,0.8626978,0.85702604,0.864854,0.8665119,0.86058486,0.8577453,0.85855675,0.86498535,0.8574364,0.85376835,0.85588694,0.86379176,0.8569284,0.8576798,0.86141986,0.8557931,0.85393274,0.8611131,0.85704035,0.86033803,0.85524714,0.8541695,0.8624245,0.85656786,0.8590641,0.8556225,0.8544725,0.860335,0.8619741,0.85132164,0.8619165,0.8410028,0.85707504,0.8615925,0.86060655,0.86070764,0.86662525,0.8587466,0.85435885,0.8537179,0.8605855,0.86782616,0.85554963,0.8610103,0.86884284,0.86060476,0.8630679,0.8625157,0.8619902,0.8525962,0.8625761,0.8676371,0.8649942,0.85820496,0.8566445,0.8581067,0.85240483,0.86527365,0.86078805,0.86636865,0.85503757,0.87405246,0.8553272,0.864315,0.85606694,0.85738415,0.8497666,0.864847,0.86081105,0.8617293,0.8505568,0.86171323,0.85264826,0.8651448,0.85334015,0.8612092,0.85456675,0.8548239,0.86249053,0.8495552,0.8577365,0.85229456,0.85965455,0.8645119,0.85584277,0.86486214,0.8617579,0.86245966,0.861124,0.86177063,0.8575414,0.8595806,0.86358535,0.85288143,0.86550134,0.8520233,0.86351424,0.8489766,0.86569905,0.8579798,0.86527795,0.8579141,0.86211634,0.8611815,0.85679847,0.8610397,0.8569224,0.86496764,0.86073273,0.85609484,0.8630107,0.8573715,0.851291,0.8634044,0.86016035,0.8614776,0.86574686,0.8608619,0.85826224,0.86018,0.8539048,0.84774405,0.86568147,0.866253,0.8593463,0.86739224,0.8620885,0.86160856,0.85858995,0.8575564,0.860706,0.86197424,0.8633201,0.8554639,0.85298526,0.8675418,0.86623436,0.87184787,0.86090654,0.8598348,0.8574916,0.85953337,0.85864764,0.8593757,0.86234474,0.8695633,0.86515313,0.85506713,0.869362,0.8709504,0.86258054,0.8550382,0.85665315,0.860101,0.8562761,0.85923666,0.8625451,0.863546,0.8595067,0.8629703,0.8663469,0.8681646,0.8698448,0.8527978,0.85488003,0.8599826,0.8581463,0.8531127,0.85476637,0.8593596,0.86026996,0.8598411,0.8652093,0.86213416,0.86009556,0.8625601,0.8665691,0.8617704,0.8637405,0.8511413,0.8513554,0.85846776,0.8618756,0.8544124,0.8545335,0.8577214,0.85751235,0.86193043,0.8584402,0.8609826,0.8568424,0.85314655,0.86469305,0.85115355,0.85204417,0.85775566,0.86183715,0.86084515,0.8578545,0.8568905,0.8632221,0.8579466,0.85466164,0.858889,0.8610089,0.8633071,0.8616391,0.8639654,0.85611176,0.8552545,0.86110574,0.8550895,0.86161286,0.8516641,0.8666537,0.8540714,0.85761833,0.85031945,0.8552078,0.86263365,0.8561147,0.8586396,0.8570639,0.8560572,0.85675085,0.8606759,0.8563492,0.8556239,0.8580243,0.86090446,0.857856,0.8587452,0.8647817,0.8552242,0.8605585,0.8575405,0.8562938,0.85709274,0.8576407,0.85906947,0.85825527,0.8550208,0.858516,0.8613752,0.8609262,0.8509235,0.8608539,0.85888296,0.8591748,0.85890484,0.85333,0.8674502,0.8571283,0.8599667,0.8600176,0.86255246,0.8523121,0.85909915,0.8530635,0.85616547,0.858661,0.858944,0.86210376,0.85354835,0.86192995,0.85844105,0.8551224,0.85756093,0.85996294,0.8616115,0.8611989,0.85170585,0.8566085,0.8600665,0.8529665,0.8586683,0.852782,0.85720295,0.8599453,0.85870427,0.8566705,0.8552933,0.85949934,0.8565928,0.8665106,0.86653525,0.86599916,0.8670001,0.8529382,0.86087,0.8627163,0.855338,0.856084,0.8655288,0.85658205,0.8598651,0.85931474,0.859844,0.8552072,0.8577015,0.85659754,0.86289024,0.8642612,0.8576596,0.8492288,0.85716957,0.86539394,0.859952,0.86184615,0.86572593,0.859312,0.8512495,0.8629111,0.86720484,0.8473284,0.86212385,0.8539606,0.8625427,0.8606157,0.8602799,0.8537875,0.86179847,0.8554041,0.86412215,0.86348206,0.85701317,0.852469,0.8593536,0.8567096,0.85655004,0.8564581,0.8654438,0.8532068,0.8615122,0.86052567,0.85101867,0.86277515,0.8675318,0.8590485,0.8574087,0.85718036,0.86312217,0.86119723,0.8514046,0.8658072,0.85861045,0.8666024,0.86185235,0.8546765,0.86106175,0.85535187,0.8557767,0.8596524,0.86588126,0.86329174,0.86029196,0.8640612,0.86152583,0.8606375,0.8648027,0.86418635,0.8535623,0.8587598,0.8629067,0.8591506,0.8632428,0.84994984,0.85881984,0.8537707,0.8644405,0.86085546,0.8645435,0.8532808,0.85767204,0.8672416,0.8562998,0.85918176,0.86182904,0.85963964,0.85909075,0.86001444,0.86283875,0.8511295,0.85778004,0.86271435,0.85695505,0.855981,0.8440438,0.85387164,0.8552403,0.8592646,0.854099,0.8616701,0.85859436,0.85853857,0.86492527,0.8584946,0.866918,0.8563946,0.8587377,0.8575595,0.85182214,0.8578453,0.8598316,0.86625403,0.86124927,0.8643766,0.8645583,0.8583678,0.855342,0.8544643,0.8476407,0.85761076,0.8515797,0.8520992,0.8507157,0.85393083,0.85647786,0.8561745,0.8632274,0.854347,0.85557705,0.85587126,0.8523669,0.8706963,0.85699916,0.8476925,0.8705617,0.8542158,0.85611326,0.8688828,0.8513428,0.8615204,0.8511096,0.8591213,0.8601821,0.85188365,0.8586407,0.857859,0.8506737,0.8507864,0.8619353,0.8579062,0.8617487,0.8590631,0.852915,0.85985535,0.85722107,0.85632706,0.8666008,0.8561842,0.8611891,0.86165094,0.85801744,0.8523679,0.8603705,0.8594692,0.8686237,0.8690031,0.85938007,0.8617825,0.8616018,0.85600936,0.8639525,0.86523706,0.8657142,0.8570557,0.85357827,0.86235327,0.85274905,0.86102176,0.86507344,0.86123806,0.86295843,0.8581609,0.8607189,0.8544519,0.86158943,0.8617816,0.86178964,0.8628955,0.8553896,0.8579394,0.86695474,0.8632774,0.86460143,0.8546912,0.8575867,0.8576934,0.84717506,0.86522555,0.85956573,0.8569732,0.8527055,0.85900754,0.86157674,0.8569172,0.8552886,0.8645693,0.86163014,0.84976625,0.85696745,0.85796803,0.85754496,0.856972,0.860191,0.86116755,0.8609599,0.86235166,0.86239105,0.86788976,0.8734188,0.85815454,0.85494024,0.8629575,0.85101587,0.8630481,0.85749334,0.8595341,0.8624334,0.8674831,0.86054033,0.8567411,0.8597785,0.86182463,0.8572625,0.8571384,0.8611196,0.857112,0.8542142,0.8574697,0.86825645,0.86333776,0.8591927,0.8591475,0.86082345,0.85881436,0.84843004,0.8616973,0.8587099,0.8565625,0.85693884,0.8526096,0.8606484,0.863934,0.86777335,0.861374,0.8625265,0.84877,0.8556796,0.8642878,0.85577476,0.8559282,0.8539188,0.8598461,0.86382204,0.8569208,0.86149794,0.8603781,0.86973447,0.85681504,0.8599823,0.86723995,0.85368556,0.8556663,0.8561378,0.8558497,0.8659024,0.85874104,0.85641074,0.85861135,0.8537165,0.8596092,0.8581684,0.8597907,0.86413866,0.8597042,0.8506357,0.8632991,0.8578886,0.8560475,0.85747594,0.8527455,0.8532702,0.8628901,0.8624114,0.86063635,0.85392356,0.86080444,0.855295,0.8631116,0.85548806,0.86334026,0.8567962,0.8532097,0.8592575,0.8625356,0.8627332,0.8640788,0.85538495
0.24262825,0.2566964,0.25579157,0.25891018,0.25728962,0.25227004,0.26140016,0.25318557,0.26129752,0.26361617,0.25745323,0.2525756,0.26236212,0.25577587,0.2579455,0.26254416,0.25524765,0.25366846,0.2494261,0.26565138,0.25329426,0.26192635,0.25580746,0.25897965,0.26122862,0.25768998,0.25405958,0.24844268,0.25747022,0.26388246,0.25129303,0.25626653,0.2511722,0.26297373,0.25939986,0.2573951,0.2698682,0.2492709,0.25227877,0.2643598,0.26196906,0.25972188,0.24814151,0.25307226,0.2525866,0.2631609,0.2591706,0.25406232,0.25989133,0.2552926,0.25829148,0.2630436,0.26007548,0.26251605,0.26652098,0.25664735,0.25703907,0.2561155,0.25519282,0.25725037,0.2586734,0.24715096,0.2531196,0.2579836,0.25784737,0.2551115,0.25838885,0.26684222,0.2640679,0.25861582,0.26020965,0.25418395,0.26565105,0.25569767,0.2509494,0.25802243,0.25582632,0.26681453,0.2574717,0.25933376,0.25385645,0.25054383,0.25807196,0.2531987,0.25377682,0.25899252,0.25684944,0.26418406,0.25513637,0.2487351,0.25871938,0.25473276,0.2558318,0.26350468,0.2593224,0.2628197,0.2555596,0.2568423,0.25530404,0.25763595,0.26361352,0.25855625,0.26400012,0.2577794,0.25639316,0.25810352,0.25427896,0.26198563,0.26112464,0.2611491,0.25446597,0.25697386,0.27024657,0.26417485,0.25994796,0.26146606,0.26536158,0.26104578,0.25559297,0.24958162,0.24974312,0.26116297,0.2623165,0.26244453,0.2529238,0.2586872,0.26973754,0.2570794,0.25566795,0.2595077,0.2625948,0.26054865,0.25229657,0.24887568,0.24732044,0.25254008,0.2584703,0.25801796,0.2497345,0.25675726,0.2536822,0.2656034,0.26178125,0.25569034,0.2562787,0.26000687,0.26545867,0.26209646,0.25863928,0.25959504,0.2558252,0.25678217,0.25204557,0.2546346,0.24543257,0.26771188,0.26236632,0.25526637,0.26117122,0.25094345,0.24224152,0.25709787,0.2531573,0.25296417,0.24710254,0.25627166,0.27391705,0.25419772,0.25522396,0.257161,0.26127258,0.26167652,0.25682485,0.25680873,0.25728798,0.25909576,0.2550537,0.26254582,0.25705037,0.25979578,0.25005183,0.25593722,0.2482895,0.25534594,0.25776693,0.25509632,0.25194204,0.2597497,0.26191148,0.25535408,0.26132947,0.26148942,0.25081006,0.26099724,0.2605319,0.2639458,0.24739975,0.25468427,0.25204,0.25655022,0.26077864,0.24837331,0.25949913,0.25493032,0.24837592,0.259377,0.2565545,0.2587368,0.25607198,0.25208712,0.26329947,0.2597378,0.2526935,0.26316842,0.25440076,0.25519595,0.26074916,0.25091174,0.2699478,0.26064533,0.25384945,0.24996981,0.25858775,0.2614109,0.26124346,0.25709397,0.25742093,0.25667894,0.26078218,0.2595427,0.252013,0.25818163,0.26419142,0.2624044,0.25713956,0.25453794,0.2597881,0.2462431,0.26026437,0.26190177,0.26128003,0.2575604,0.25369957,0.25590366,0.25941908,0.25954092,0.25504604,0.2564759,0.25852206,0.2540489,0.25679567,0.26259133,0.26323506,0.24916203,0.2554794,0.2546807,0.2595173,0.26424962,0.25596237,0.25445363,0.26208034,0.26271597,0.2548749,0.25277096,0.25526074,0.24900211,0.2601738,0.25185367,0.2509598,0.2564218,0.2526622,0.25840375,0.25846502,0.2523535,0.26386288,0.2614128,0.25483257,0.25081033,0.26053962,0.25412256,0.26191595,0.254047,0.25372046,0.26737094,0.25819913,0.25149482,0.25955686,0.2503312,0.25126234,0.25874,0.24773064,0.2537706,0.2562967,0.2548734,0.25357562,0.2597563,0.2506272,0.25693125,0.25024575,0.2573918,0.25122777,0.2562928,0.2636759,0.25004268,0.26220936,0.2504681,0.25998408,0.26528051,0.2608677,0.25430757,0.25627,0.25531283,0.2677216,0.25973344,0.25713724,0.26447555,0.25621822,0.25520104,0.2562891,0.25763667,0.26124844,0.25594363,0.25845638,0.25788125,0.25398114,0.2571148,0.25009885,0.24798383,0.25223738,0.25433826,0.2560773,0.24949847,0.25665033,0.25514582,0.25976902,0.25797302,0.25561714,0.26245964,0.25692436,0.2584325,0.25921822,0.25818273,0.2592906,0.24787737,0.25802222,0.25223273,0.25866348,0.25677142,0.25981447,0.25615814,0.26250982,0.2557329,0.25567493,0.2597944,0.25578123,0.24630694,0.25745037,0.2563056,0.2708661,0.25554848,0.2579618,0.2503114,0.266535,0.2625645,0.26195577,0.2539734,0.25594223,0.26088846,0.25740305,0.26001382,0.26225403,0.25394797,0.25044617,0.25558004,0.2545304,0.25177497,0.2546915,0.25629902,0.25515568,0.25520283,0.2653275,0.25765684,0.25785664,0.25035706,0.24897033,0.26517874,0.25320688,0.2594377,0.25741106,0.2633525,0.25800514,0.26201722,0.25269663,0.25741908,0.25479418,0.2642745,0.24793376,0.260343,0.25975472,0.2582284,0.25524414,0.2599041,0.2534427,0.2633759,0.24828461,0.24722119,0.2546139,0.25915706,0.2610076,0.2630099,0.25709844,0.25495696,0.25184974,0.2622848,0.25395867,0.25102136,0.25485888,0.2550557,0.24980597,0.2612421,0.2623229,0.26531315,0.260875,0.25152415,0.25229102,0.24958947,0.25325423,0.25572088,0.2577731,0.2594997,0.2608304,0.25664076,0.25778487,0.25121385,0.26477796,0.2504478,0.25110587,0.25995946,0.25454158,0.25356725,0.2589304,0.25029585,0.25928447,0.25911796,0.24973606,0.25043458,0.25327805,0.25121143,0.25764093,0.253225,0.25723165,0.25648808,0.25184435,0.25926578,0.25839075,0.26016897,0.25282866,0.25496578,0.26485044,0.25782934,0.25949535,0.25394547,0.2542903,0.2602753,0.2593632,0.2559361,0.2521904,0.25484714,0.26014265,0.2484601,0.25873432,0.25671867,0.25581685,0.2590755,0.25592896,0.25429866,0.25804028,0.25613686,0.26397115,0.2544699,0.25421926,0.24577083,0.26525134,0.25764737,0.2626767,0.25786513,0.25947288,0.2577011,0.2576009,0.25602952,0.25459394,0.25173613,0.2630194,0.25932014,0.25768474,0.2555784,0.24874152,0.25694528,0.2597432,0.25290066,0.25219318,0.26688477,0.25493276,0.26600397,0.25454652,0.26526827,0.25295326,0.24870443,0.25960687,0.2581751,0.25568044,0.25486574,0.2631892,0.26527873,0.2564267,0.26167142,0.2552242,0.25218517,0.25752398,0.2582617,0.2508842,0.25709045,0.2545917,0.26599067,0.25762254,0.2551607,0.26179227,0.26201507,0.25413862,0.25872347,0.2641347,0.25605276,0.2574116,0.25445926,0.25679192,0.25112924,0.25726297,0.25727364,0.24801889,0.2535287,0.25639707,0.25583583,0.25593585,0.25677094,0.2519323,0.25399294,0.26909631,0.25416917,0.26739144,0.2649743,0.2537519,0.25389892,0.25381127,0.25778362,0.2521893,0.25267535,0.26104012,0.25367755,0.2494614,0.25680995,0.250619,0.2594324,0.25446314,0.25854233,0.26017195,0.257168,0.26089686,0.25174496,0.2495251,0.25776052,0.25989163,0.25603676,0.25378326,0.26440156,0.25799748,0.25981876,0.26013595,0.26349163,0.2680894,0.25684914,0.25496942,0.26351056,0.26228386,0.25129727,0.25514704,0.25457382,0.2587797,0.2616762,0.25520054,0.2532718,0.25331858,0.25225914,0.2530421,0.25738543,0.2564227,0.2614151,0.2594609,0.25954226,0.24899927,0.25506327,0.25229165,0.26024836,0.2507438,0.26494747,0.26190302,0.26130334,0.26116824,0.26204544,0.25507042,0.25730655,0.25781006,0.25387096,0.25631326,0.26238486,0.2609181,0.25890273,0.25417632,0.2562553,0.25445893,0.2580629,0.26109257,0.26125515,0.25926974,0.25911608,0.2568492,0.256208,0.24998397,0.26006097,0.25992167,0.2594887,0.25132146,0.2544038,0.26393718,0.25766847,0.24771875,0.2547534,0.25733247,0.25955072,0.26258054,0.25523663,0.25626698,0.26158053,0.25484842,0.25269672,0.25062177,0.2599672,0.2694583,0.24971995,0.258239,0.25538585,0.25638577,0.25290865,0.26051232,0.2637292,0.2606212,0.25713217,0.26476297,0.25381622,0.2447471,0.24965182,0.25696486,0.25891224,0.25503367,0.26294932,0.2558402,0.25551897,0.25561878,0.25155327,0.26101777,0.2623716,0.25567922,0.2475634,0.25566417,0.26972714,0.24710932,0.2543464,0.25224173,0.25956255,0.2596662,0.25746384,0.25457698,0.25725308,0.2568594,0.25409764,0.24951652,0.2508901,0.25550303,0.2586691,0.25443667,0.2600326,0.26129177,0.25929537,0.2569896,0.25763667,0.25879702,0.2526104,0.25786462,0.26000464,0.24771719,0.25320107,0.26863748,0.25529772,0.2576069,0.25819457,0.25449342,0.26314855,0.2558307,0.25957608,0.2568433,0.25564426,0.25877646,0.24821264,0.2526288,0.25734973,0.2531618,0.26291943,0.26137996,0.25410846,0.25971526,0.2552073,0.25874078,0.25545666,0.25313392,0.2537556,0.26219985,0.26240245,0.25838766,0.2569509,0.26212418,0.24872234,0.26079994,0.2588162,0.25713083,0.25644463,0.25165513,0.2516624,0.2607745,0.2603501,0.2595008,0.26001748,0.26042128,0.26520798,0.25172055,0.25637305,0.2569184,0.25764522,0.25583693,0.2514756,0.25239947,0.2555148,0.25521153,0.2496768,0.25534266,0.25750002,0.26030803,0.26267967,0.26011065,0.25478047,0.25341776,0.25890148,0.2510833,0.24996488,0.26670587,0.2560953,0.2562511,0.2621604,0.26080117,0.25854674,0.2639158,0.25779396,0.25925556,0.26214468,0.252898,0.24987449,0.2554698,0.25264028,0.25282836,0.26546037,0.25923067,0.26095247,0.25564754,0.25768292,0.24951345,0.25514323,0.25967678,0.26262993,0.2681262,0.26283255,0.2480225,0.25735444,0.2609155,0.25987017,0.2638086,0.2482809,0.25448018,0.25351778,0.25740176,0.25676,0.25104535,0.2555404,0.2613795,0.25700873,0.26534012,0.2581886,0.25845635,0.25571096,0.25722867,0.2544968,0.25648087,0.26099408,0.2516692,0.26139852,0.259186,0.24139796,0.26038578,0.26710773,0.2587367,0.26402935,0.26389244,0.25380498,0.26208243,0.25374535,0.26008776,0.2636134,0.25817698,0.25421312,0.25283486,0.26235244,0.2512683,0.25861493,0.25699988,0.2665843,0.2674617,0.25663298,0.26072526,0.25324458,0.251391,0.26246175,0.25682652,0.2567188,0.24690266,0.24835306,0.25232598,0.25540406,0.25941372,0.25521246,0.2503308,0.25914216,0.26423198,0.2529244,0.25776914,0.24774961,0.25517687,0.25716147,0.25877574,0.25716475,0.25391737,0.26305944,0.26457372,0.25599238,0.26564214,0.25595987,0.25306094,0.24059312,0.2548849,0.25944883,0.254614,0.2634721,0.25122508,0.26684138,0.25805205,0.25862232,0.25873956,0.2573172,0.2695271,0.25601113,0.25278923,0.25506508,0.2622194,0.25901034,0.25481334,0.25658658,0.25805324,0.25508276,0.2521854,0.2567932,0.25129497,0.24897212,0.25848958,0.25028807,0.26162702,0.24879573,0.2600906,0.25964618,0.2593553,0.26189914,0.26088282,0.25896475,0.25170276,0.25974375,0.26042247,0.25769973,0.25325933,0.26014176,0.2625765,0.2631627,0.2615107,0.2540206,0.25214517,0.2550288,0.25859225,0.26935756,0.25987196,0.2587258,0.2620275,0.2574859,0.2581581,0.2515575,0.26494572,0.25080314,0.25500646,0.2563569,0.260462,0.25494537,0.25993657,0.26180375,0.25228012,0.26265892,0.2586786,0.2635922,0.25961247,0.25564727,0.26063204,0.2577249,0.25234205,0.26729107,0.26514012,0.25718385,0.261572,0.25696418,0.26110575,0.2571615,0.26115453,0.25705487,0.26214266,0.2581554,0.2630825,0.26918527,0.260045,0.25869796,0.25539318,0.26404136,0.2587382,0.26141006,0.25653732,0.25741336,0.2579846,0.2616441,0.24898319,0.25771338,0.25716352,0.26042604,0.2565396,0.24916324,0.2551051,0.2525847,0.2648669,0.2537851,0.2548273,0.25484204,0.24583852,0.26586777,0.25264248,0.25476256,0.2562833,0.2547426,0.2613201,0.24574175,0.2603718,0.25987238,0.2629832,0.25328937,0.25490624,0.25631642,0.25091565,0.26054657,0.25702623,0.25481045,0.26118982,0.25743213,0.25368103,0.25802946,0.25896657,0.25970408,0.2490387,0.25577137,0.25331843,0.2619179,0.261333,0.25136855
0.9558987,0.954512,0.96003735,0.94788826,0.957689,0.95226765,0.9594726,0.9551693,0.9527582,0.9547072,0.95087427,0.9562736,0.9615664,0.95698,0.9576873,0.95691097,0.9654907,0.9584096,0.955541,0.95067215,0.96323645,0.9523817,0.96450424,0.95157665,0.9535327,0.9565829,0.9581247,0.9590218,0.9530958,0.95224196,0.9526855,0.9580476,0.9465536,0.9544499,0.9568034,0.9595798,0.95558405,0.9586914,0.95595765,0.95657194,0.9540344,0.9566708,0.9548293,0.9606576,0.9563737,0.95826733,0.961486,0.95209527,0.9487616,0.95236444,0.95937264,0.95420295,0.9549197,0.9548749,0.95179045,0.9543709,0.9601571,0.9628706,0.95977783,0.95422405,0.9577747,0.96024734,0.96239644,0.95671535,0.9540908,0.9603734,0.95470244,0.95496243,0.95154065,0.9592756,0.94875056,0.9608579,0.9550398,0.9503973,0.95867574,0.96311325,0.9507276,0.96356016,0.95535946,0.9557167,0.96045464,0.9478068,0.9433682,0.95827276,0.9566446,0.95093745,0.95732707,0.9646639,0.95487165,0.9623029,0.9595019,0.9499959,0.954852,0.9578483,0.9574384,0.9557446,0.95439756,0.95937157,0.95935005,0.95710456,0.9591903,0.9537693,0.95459324,0.96020275,0.9526653,0.95781904,0.9434188,0.95592314,0.9515421,0.9506535,0.94724745,0.9631731,0.95742154,0.95114493,0.95620424,0.96318483,0.95388347,0.9523593,0.9572989,0.9587002,0.95647067,0.9511925,0.958557,0.95198125,0.96186423,0.95558405,0.9575093,0.9568131,0.95632917,0.9575058,0.9585365,0.9659013,0.9493049,0.9564338,0.9541143,0.9527682,0.9528559,0.951572,0.9614055,0.95680493,0.95352626,0.9570792,0.95055646,0.9548686,0.95706743,0.96368045,0.9565106,0.96205056,0.95621186,0.95157933,0.95699686,0.9580616,0.9545924,0.95908993,0.9512177,0.9601984,0.9582207,0.9582199,0.9545574,0.9633792,0.9540871,0.9576524,0.95634276,0.9565068,0.95049393,0.95452213,0.9525193,0.9579458,0.9490641,0.9532776,0.9499849,0.95692855,0.9526168,0.95516604,0.9518234,0.9564325,0.9543443,0.9542613,0.9553775,0.9552736,0.95386934,0.9641436,0.9652475,0.9534108,0.9613129,0.95486516,0.957115,0.96018636,0.95110327,0.9557754,0.9591333,0.9650487,0.95358187,0.9560347,0.95102257,0.9597926,0.9609525,0.9624754,0.960702,0.96162397,0.9538967,0.9606675,0.95728827,0.9557645,0.95900774,0.95770484,0.9547876,0.9535418,0.95414215,0.9537575,0.95880157,0.95912147,0.9552359,0.96122175,0.95049965,0.95081764,0.9581896,0.96179146,0.9580483,0.9617079,0.96011406,0.9558851,0.9515856,0.96163076,0.95023453,0.9541069,0.95930755,0.95008683,0.95295703,0.94877684,0.9593381,0.95829266,0.9518729,0.95805484,0.9594317,0.9522105,0.95914775,0.9586694,0.95860636,0.96293724,0.951322,0.9631169,0.9646063,0.95597,0.96052235,0.96061504,0.95376503,0.95350057,0.95574373,0.95808065,0.9552594,0.9513876,0.9592781,0.95863456,0.9553194,0.9611784,0.95448947,0.9571517,0.956748,0.9618918,0.95227927,0.9514982,0.96613806,0.9604659,0.95759755,0.9581416,0.948996,0.95575833,0.9569831,0.96191984,0.95714974,0.9511883,0.9565834,0.9596741,0.9561695,0.9455047,0.9633592,0.95773846,0.95466226,0.96086985,0.9536015,0.96126884,0.951162,0.9615445,0.95702845,0.95879173,0.95770574,0.9655367,0.9549702,0.9547582,0.9649451,0.9545367,0.9587654,0.95682544,0.962499,0.9533093,0.95710695,0.96009904,0.9623227,0.9590262,0.95993507,0.95133525,0.9575913,0.96486366,0.95512223,0.9593146,0.9564401,0.9572267,0.9592206,0.9560341,0.95961833,0.9590439,0.9574146,0.96062744,0.9560728,0.9543526,0.96069556,0.9572166,0.9496183,0.96426815,0.956928,0.96010953,0.9561276,0.9579778,0.95480853,0.9576227,0.9555882,0.95883197,0.9568066,0.9589058,0.9593927,0.95663005,0.9611486,0.9638468,0.95599216,0.953544,0.9521914,0.9534152,0.9593872,0.9528292,0.9492488,0.9586758,0.955876,0.95633894,0.95249295,0.9618837,0.9523687,0.9575168,0.956948,0.9530948,0.95173,0.95693487,0.9677396,0.9629267,0.96095484,0.9608995,0.9563392,0.9507008,0.9600008,0.9528387,0.9553881,0.95398855,0.958411,0.9576483,0.95821536,0.9548423,0.9590479,0.95895076,0.9524914,0.95283556,0.95283324,0.9655068,0.944069,0.94778746,0.9595942,0.9597147,0.9584273,0.95280415,0.96027625,0.9578239,0.9559433,0.9540287,0.9513909,0.95891917,0.9603915,0.9535373,0.96060365,0.95792454,0.95470357,0.95755446,0.9547145,0.9581094,0.9592364,0.9558863,0.9515319,0.958123,0.95682317,0.9589581,0.95388836,0.9541823,0.9629233,0.9588481,0.95861524,0.9576411,0.9634961,0.95626825,0.9550111,0.9573834,0.9603802,0.94952583,0.96436995,0.960679,0.9579556,0.95715857,0.95445925,0.95676094,0.9554394,0.950751,0.9616496,0.958122,0.9651836,0.9533533,0.9554086,0.9554934,0.9625179,0.95862675,0.9560881,0.9531775,0.9603998,0.95443153,0.9594369,0.95516694,0.95550746,0.95415306,0.96061957,0.963407,0.9634747,0.95999014,0.95186996,0.9512312,0.96091497,0.9608125,0.9535187,0.95696586,0.9561554,0.95445275,0.95319456,0.95429975,0.9584477,0.95273745,0.9621253,0.9593655,0.956758,0.96056014,0.9509424,0.9493894,0.95304644,0.9605713,0.94365567,0.95804965,0.9500681,0.9586884,0.9463052,0.9607505,0.95321953,0.95849144,0.95339745,0.95304865,0.9562436,0.95471597,0.9580177,0.95592225,0.95140857,0.96537596,0.951351,0.9582235,0.9511029,0.95583946,0.954227,0.95231503,0.95376736,0.95349413,0.9581757,0.95835763,0.9595007,0.95421875,0.96098304,0.9605328,0.9617356,0.9590974,0.9574962,0.9573843,0.9670709,0.95764786,0.95932156,0.9578325,0.95611113,0.95558476,0.9630491,0.9569098,0.9599611,0.9592444,0.94992477,0.9584074,0.9532056,0.9549685,0.95795524,0.95480585,0.9612324,0.951091,0.9671975,0.9631038,0.9523221,0.9523357,0.9628698,0.961662,0.9608468,0.95014834,0.9524639,0.9476859,0.955748,0.9493583,0.9544466,0.95142734,0.9526535,0.95952594,0.95878077,0.95478016,0.95343775,0.9520256,0.95265955,0.9579675,0.9584091,0.9540351,0.95282614,0.95158184,0.96496546,0.9575431,0.9591784,0.9633342,0.9525269,0.949171,0.9532863,0.9555743,0.9544149,0.9584903,0.951518,0.95655537,0.9613893,0.96130306,0.955177,0.95375705,0.9582399,0.95165265,0.95787114,0.9549029,0.95791465,0.95385,0.9536099,0.9526507,0.95099527,0.9659222,0.95943654,0.9520057,0.95066583,0.9607192,0.9537598,0.95713425,0.9587579,0.9599519,0.947784,0.9568577,0.96163076,0.95730287,0.95225716,0.9545381,0.9540035,0.95822597,0.9590876,0.95611656,0.9524375,0.9592116,0.9521202,0.9532818,0.95582336,0.9543474,0.9542438,0.9533059,0.9606845,0.9571491,0.95298773,0.9604391,0.961011,0.95282215,0.9610248,0.9532127,0.9509837,0.96156657,0.96259284,0.9524144,0.95653224,0.96178406,0.95396084,0.9517892,0.9508623,0.9541693,0.9571954,0.9470097,0.9522453,0.95277536,0.9589869,0.9523229,0.9524944,0.95023185,0.96069515,0.95691204,0.95905995,0.95009226,0.9597066,0.9597221,0.95058435,0.95719045,0.952004,0.95756066,0.9554337,0.9514498,0.95335966,0.9529227,0.95365137,0.95599073,0.9536619,0.9579016,0.95272857,0.9496039,0.9586209,0.9596455,0.94969994,0.9516115,0.9536106,0.96135366,0.95209026,0.9553324,0.95638263,0.9552919,0.95377386,0.9610477,0.9611038,0.95397276,0.94869614,0.9546284,0.9547934,0.9626553,0.94814223,0.94920206,0.96145856,0.9524632,0.95020044,0.96460336,0.9565352,0.9594241,0.9502929,0.95162755,0.9575251,0.9509479,0.951963,0.9510818,0.9580704,0.9603816,0.9588558,0.9589442,0.9606449,0.9558611,0.9569189,0.9584322,0.9502524,0.9585683,0.9528688,0.95784736,0.95670384,0.9522164,0.95764816,0.95128894,0.95987725,0.9584312,0.9600621,0.95858175,0.956704,0.9502342,0.9521155,0.95133954,0.95264715,0.9555637,0.9512184,0.9584639,0.9541915,0.9557603,0.9498194,0.9597724,0.9613093,0.95516115,0.95903295,0.95420855,0.9588459,0.95401037,0.9550288,0.9563498,0.95636684,0.9588772,0.9618027,0.9641259,0.9605627,0.9519199,0.95549536,0.96551704,0.95470685,0.9537323,0.9511539,0.9561834,0.9576274,0.9594266,0.95718616,0.95951915,0.95729834,0.96048903,0.9563897,0.9554083,0.95374507,0.9536519,0.95405287,0.95775557,0.95017695,0.9535137,0.9462985,0.9540706,0.9561953,0.95548785,0.9599705,0.9714009,0.9601083,0.9599189,0.9575756,0.95841604,0.95775187,0.959546,0.96527797,0.95607173,0.94959795,0.96243453,0.95262057,0.9624507,0.9559482,0.95739096,0.9622071,0.9621022,0.9635129,0.95236886,0.9574192,0.9609845,0.9556577,0.96643585,0.95495224,0.96549416,0.9605416,0.9576076,0.9551562,0.9560794,0.95021176,0.9626164,0.95768505,0.9485783,0.9546124,0.9623527,0.9551224,0.95526516,0.9545358,0.96014965,0.9613491,0.95181996,0.95589465,0.96417725,0.96007687,0.95534015,0.9549382,0.9610048,0.9596303,0.9585377,0.956035,0.9588858,0.9632104,0.9603033,0.9642513,0.9516642,0.96577376,0.9571741,0.9576594,0.9572485,0.95014066,0.95539236,0.96029115,0.9537318,0.9493199,0.94355255,0.9568248,0.9564869,0.95811737,0.9626419,0.9585045,0.9550495,0.9627194,0.94980246,0.9562866,0.9527463,0.9589687,0.9607116,0.9509057,0.956395,0.9610434,0.9558286,0.95194405,0.95413303,0.94549185,0.9544247,0.94686073,0.9470378,0.95540774,0.9515985,0.9588116,0.96189207,0.9516926,0.95074826,0.95679003,0.9550987,0.9528658,0.95577663,0.95457876,0.9582102,0.9554591,0.9541652,0.9546904,0.95668846,0.95915806,0.9576739,0.9598565,0.96006954,0.95691556,0.94818026,0.9581784,0.9470913,0.9534352,0.96202403,0.9539534,0.9561271,0.9556326,0.9515789,0.9553717,0.95010436,0.94915813,0.952127,0.9527924,0.95369804,0.9551647,0.9587352,0.95355976,0.9608206,0.95874786,0.954955,0.95577115,0.955626,0.95522934,0.9479579,0.9603649,0.9562317,0.9605753,0.9579306,0.95306575,0.94879186,0.95777965,0.9559241,0.9502569,0.9597601,0.95625186,0.9608253,0.9524454,0.9555723,0.9523071,0.95367026,0.96001625,0.9558305,0.9542584,0.9538206,0.96118,0.96480805,0.96005774,0.9618928,0.9577125,0.95294464,0.9598074,0.96248937,0.96109504,0.94726115,0.953251,0.9498514,0.96055573,0.95814735,0.9565078,0.94997716,0.9507102,0.9608739,0.95581305,0.9581757,0.9556205,0.95604384,0.95742244,0.9569527,0.952862,0.95227545,0.95520014,0.97133046,0.9576926,0.94839656,0.96266377,0.9613453,0.9502462,0.95023376,0.9615286,0.9593751,0.95759124,0.95984584,0.9577617,0.9535945,0.9519484,0.9599906,0.9558046,0.9577538,0.95739096,0.9536359,0.94883,0.9538906,0.96011436,0.9583201,0.9609883,0.9498908,0.9457385,0.9528991,0.95298946,0.9558818,0.95637304,0.95565724,0.9487294,0.955516,0.9577063,0.9562987,0.95776945,0.9527381,0.9521882,0.9531653,0.9537766,0.9550309,0.94861156,0.96557635,0.9562796,0.95526296,0.9591422,0.9559473,0.95606875,0.95235646,0.956274,0.9598615,0.9496196,0.9609786,0.9568887,0.9532998,0.95966846,0.95554405,0.9581454,0.958516,0.9626347,0.9546148,0.9599407,0.95762134,0.95407015,0.9509879,0.9637756,0.9494549,0.95978993,0.95418364,0.9594263,0.95358247,0.9565696,0.9554445,0.9538454,0.9512729,0.95774734,0.9580673,0.95212954,0.9583834,0.9641388,0.96113056,0.95958626,0.963786
0.9245506,0.9147579,0.92848617,0.9121007,0.92084646,0.9212198,0.9210069,0.9228968,0.9156945,0.91923296,0.9156095,0.91852176,0.9142677,0.9201427,0.9170631,0.92278886,0.9175267,0.9218106,0.9251407,0.91405696,0.92373675,0.91664225,0.92362297,0.9198203,0.9212092,0.91200083,0.91747874,0.9168613,0.9183763,0.91766477,0.92854017,0.91767466,0.9153343,0.91770244,0.9208393,0.92244047,0.92771375,0.92255914,0.9188458,0.91831315,0.914893,0.930107,0.9211996,0.9221226,0.9205103,0.918802,0.92033285,0.9198282,0.9128298,0.91846657,0.92590725,0.9158604,0.92075443,0.91816956,0.9172785,0.9138472,0.92505646,0.914841,0.9268435,0.92691505,0.92113125,0.9150222,0.92910236,0.92455083,0.9153118,0.9238091,0.9195574,0.9174989,0.9183314,0.9240779,0.912185,0.9174203,0.9131822,0.9186709,0.9272679,0.92571694,0.918306,0.9296064,0.9239483,0.9279338,0.9237158,0.92142034,0.9108886,0.922606,0.922593,0.91537404,0.92061067,0.9187988,0.9208598,0.92767066,0.91905403,0.92665577,0.9178252,0.9108107,0.9219775,0.92017764,0.9170457,0.918775,0.9105745,0.92644817,0.9231777,0.9174128,0.9201712,0.9171548,0.9187382,0.9282221,0.9136352,0.91928947,0.9216615,0.91617274,0.9176515,0.92499167,0.91491234,0.9112993,0.9216404,0.9261121,0.91566503,0.92548835,0.92026234,0.9234058,0.91943127,0.9156179,0.92259544,0.91233987,0.92383695,0.9297899,0.9135078,0.91522735,0.9283268,0.9166926,0.91876334,0.9223061,0.91880494,0.928854,0.91942614,0.9230229,0.91735566,0.91226393,0.9218666,0.92967045,0.9224847,0.92677975,0.916638,0.9209878,0.91928613,0.9284348,0.92349786,0.92163134,0.92198324,0.9241569,0.92048866,0.92465895,0.91733634,0.92165834,0.92202455,0.9272463,0.910058,0.91854155,0.9225892,0.9219694,0.92251086,0.91521406,0.922617,0.9197288,0.9231338,0.92118883,0.9132381,0.91517156,0.9204696,0.91845745,0.9250824,0.9201644,0.9190725,0.91580856,0.9262874,0.9250057,0.9261507,0.9263767,0.92117274,0.9249466,0.9225203,0.92493594,0.9248645,0.92236865,0.92473865,0.9207346,0.92464375,0.93712103,0.91213244,0.92321247,0.9171684,0.92803866,0.9155587,0.9197882,0.9251651,0.9216739,0.92886335,0.92411906,0.9175018,0.92510206,0.9200008,0.93243134,0.92322063,0.9205541,0.9211638,0.9245308,0.92308384,0.9220559,0.9280793,0.9156463,0.92373884,0.92632127,0.92145956,0.91499376,0.92453676,0.92434394,0.91946113,0.93225086,0.91885334,0.9203577,0.9220397,0.922176,0.913336,0.9289699,0.91339177,0.92274684,0.92273873,0.9162101,0.9214097,0.9236474,0.9205811,0.92358744,0.9212084,0.918632,0.9167539,0.9186834,0.91985005,0.91788,0.9203315,0.9278856,0.9220556,0.9170568,0.91344136,0.9201556,0.9123255,0.9181619,0.91943264,0.9139067,0.92342234,0.9218553,0.92089134,0.9177713,0.91833436,0.9277844,0.9154848,0.92155766,0.91472286,0.92495584,0.9195515,0.92492115,0.91229576,0.9180451,0.9303324,0.92540014,0.9121639,0.92647594,0.91626644,0.92448217,0.9182017,0.92037576,0.9173604,0.9181954,0.916476,0.9229948,0.91154665,0.9174812,0.92425984,0.9258012,0.9208466,0.9198883,0.91796637,0.9214184,0.915256,0.9156787,0.9142386,0.9230297,0.9194537,0.9255143,0.92279804,0.9295841,0.9239827,0.92358005,0.9168373,0.91664374,0.92365205,0.9217498,0.917258,0.91877705,0.92910737,0.92646897,0.9220428,0.9189445,0.9169949,0.92146957,0.920003,0.9329783,0.9177214,0.9228511,0.9174774,0.9231203,0.92475694,0.91568995,0.9092374,0.92287064,0.9277519,0.9155491,0.9223526,0.9184083,0.9141384,0.9244613,0.91481864,0.92775756,0.9234182,0.9222085,0.9257932,0.9199634,0.9195185,0.9265793,0.9190859,0.92398477,0.9212125,0.9267144,0.9198438,0.92660654,0.91624075,0.9176557,0.914525,0.92142665,0.91752934,0.9164956,0.919416,0.9314332,0.9161368,0.92550135,0.91479635,0.9219478,0.9226692,0.92352295,0.9198219,0.92626065,0.9125487,0.92421144,0.92812985,0.93179977,0.9133181,0.92917985,0.92358917,0.92173123,0.9154444,0.91584206,0.9188683,0.91506445,0.9160731,0.92479587,0.9220667,0.9253219,0.9245004,0.9282316,0.9239075,0.91595125,0.91759807,0.9213433,0.9132383,0.9204298,0.92257386,0.923541,0.92160547,0.92132175,0.92420465,0.917718,0.9166022,0.9184685,0.9177085,0.9266895,0.9199337,0.91485184,0.9199937,0.91918737,0.9177397,0.921341,0.91909575,0.91671723,0.9202015,0.92325795,0.922445,0.91954595,0.9297373,0.9182212,0.9228052,0.92970604,0.9292597,0.91848946,0.9197197,0.9204299,0.9265614,0.9242123,0.9216774,0.922216,0.92526406,0.9168899,0.9234838,0.929014,0.9222135,0.92100316,0.9249378,0.9275859,0.9230164,0.9168208,0.9310195,0.92200446,0.92256343,0.92143625,0.9112452,0.9207177,0.92389506,0.91837406,0.92152464,0.9294174,0.92783594,0.9197712,0.9224524,0.9193364,0.9167767,0.9223277,0.91842026,0.9195326,0.9246342,0.92995495,0.9214641,0.91321295,0.9252745,0.9209473,0.9331485,0.9222748,0.91655886,0.9217806,0.91803116,0.92058724,0.9233612,0.9158296,0.92232716,0.92063785,0.91761255,0.92136383,0.9208984,0.9185982,0.92160225,0.9263031,0.91276306,0.92327034,0.9192824,0.91699994,0.91010034,0.92874676,0.92100835,0.9239306,0.921954,0.9145205,0.9243319,0.9287818,0.92330354,0.9203316,0.91604906,0.9313384,0.93141186,0.9181358,0.9099665,0.9258578,0.91494316,0.9224308,0.9234282,0.92138493,0.91365814,0.92153037,0.92674845,0.9191004,0.91513586,0.9254207,0.9227865,0.9275343,0.92751217,0.91821057,0.9255548,0.92593336,0.92515844,0.91778433,0.924659,0.9295128,0.923274,0.92358476,0.9219829,0.9225544,0.92262936,0.9223737,0.9211958,0.91602045,0.9175953,0.9234398,0.9249386,0.91773826,0.9305056,0.9272913,0.92032814,0.9134839,0.92293245,0.9196734,0.9193796,0.9210386,0.91772825,0.9143134,0.92744887,0.9144797,0.9240757,0.91463894,0.9174852,0.9219999,0.9202212,0.91316706,0.9293052,0.9158921,0.90994513,0.92379034,0.9226997,0.9177096,0.9193926,0.9189534,0.92319745,0.9111591,0.9202305,0.9296685,0.92226136,0.92018175,0.9216253,0.9205344,0.9176333,0.9274647,0.91293555,0.9148779,0.92172253,0.9209038,0.9168978,0.9261242,0.9205572,0.9189738,0.9246047,0.92026615,0.9281853,0.9172268,0.9156928,0.91745824,0.91747624,0.9254711,0.9291554,0.9253059,0.92586094,0.9232653,0.91564107,0.92205966,0.9300519,0.92896134,0.91780585,0.9227758,0.9245566,0.92609626,0.91946054,0.9237043,0.9170083,0.92758,0.9218276,0.91924393,0.924412,0.9262119,0.9216435,0.92525077,0.9227488,0.9205697,0.9270897,0.9144368,0.91871834,0.9295605,0.922135,0.9298117,0.92438066,0.9213551,0.9188086,0.91797537,0.9241487,0.9250985,0.92274153,0.92904127,0.92641854,0.92558503,0.9211699,0.91939443,0.91584605,0.92402387,0.9225533,0.90771973,0.9211412,0.9131991,0.9167382,0.92177093,0.9263869,0.9236847,0.9117176,0.91429645,0.91952485,0.92194843,0.92205745,0.92418784,0.909684,0.92338014,0.9169068,0.9237768,0.92159605,0.9184649,0.9242702,0.92349225,0.9193109,0.92740285,0.9232753,0.9223492,0.91448915,0.91667014,0.92699003,0.9290382,0.91698223,0.92607796,0.91828024,0.9202657,0.9202181,0.92346567,0.92012984,0.92146665,0.9172763,0.9306628,0.9172224,0.91562843,0.9199522,0.92770296,0.9133653,0.92390114,0.92040473,0.9172282,0.92485994,0.91975427,0.92161274,0.9257629,0.9278416,0.9233446,0.9180733,0.9224927,0.92491645,0.9159358,0.9153451,0.9227711,0.92341703,0.9237101,0.92313087,0.9180962,0.92250717,0.91758186,0.9212148,0.9265932,0.92212963,0.92412883,0.928626,0.92503303,0.917977,0.91742986,0.91766,0.9202331,0.92064834,0.91698766,0.919974,0.9259754,0.9132788,0.92197305,0.91968364,0.91569227,0.9148136,0.93119335,0.9195441,0.91444117,0.9228755,0.92531323,0.92332375,0.9226097,0.9291297,0.9202091,0.9260323,0.9211351,0.92256856,0.91499233,0.93001246,0.915824,0.9229937,0.9160782,0.9256271,0.92054605,0.9200894,0.92392164,0.9194263,0.92431146,0.92571723,0.91789305,0.9157111,0.92031926,0.91837245,0.92492384,0.9225755,0.92145926,0.92743415,0.92034584,0.92027915,0.9187545,0.9202938,0.917328,0.92257303,0.91535854,0.9241552,0.91979945,0.9207282,0.9171286,0.9110026,0.91963494,0.9241963,0.9236125,0.9173371,0.9254278,0.91709507,0.91533166,0.9258973,0.916624,0.92730916,0.91554135,0.9174243,0.92318517,0.92029786,0.9193502,0.9213618,0.9283338,0.9249434,0.92621195,0.9173979,0.9161117,0.9267706,0.9238669,0.9270055,0.9233839,0.9226652,0.9290988,0.911988,0.9215821,0.921802,0.9256896,0.92054677,0.9212917,0.9199884,0.913403,0.9227655,0.919991,0.9246302,0.9220363,0.9203425,0.92174804,0.9233107,0.91311485,0.9220323,0.91464555,0.91628695,0.91619086,0.9237084,0.9282159,0.9200236,0.91875684,0.9230876,0.9165029,0.92320347,0.91245866,0.9256304,0.9140617,0.9194475,0.9244827,0.9228006,0.92512226,0.9123367,0.9192727,0.92301667,0.92290336,0.9124928,0.9162179,0.92123634,0.9206807,0.92211276,0.9209616,0.9213631,0.9132753,0.9232381,0.9174844,0.9139714,0.91490424,0.9283366,0.92773175,0.9139607,0.9172904,0.921319,0.9194474,0.92219746,0.9185843,0.9194062,0.9218648,0.9138959,0.9171047,0.91684085,0.91641617,0.9168954,0.9176488,0.9134683,0.917839,0.9180328,0.91601694,0.9130355,0.93089926,0.922266,0.91867083,0.927078,0.91948545,0.9161002,0.9286013,0.9329625,0.9247953,0.9199852,0.92638606,0.9236402,0.9233509,0.9236284,0.9137428,0.92055815,0.92068815,0.92634964,0.9221293,0.9242226,0.9255427,0.9232107,0.9125762,0.91837436,0.9133205,0.92462933,0.9154523,0.9133968,0.93004376,0.9168264,0.9242653,0.9131208,0.92176914,0.92122126,0.92011905,0.9189732,0.9188838,0.92096895,0.9235852,0.9171637,0.9236756,0.9164376,0.9168956,0.92290944,0.91657704,0.91620004,0.9161854,0.918255,0.9246207,0.91884184,0.9185014,0.92326444,0.91654176,0.9196549,0.92130476,0.92074335,0.920767,0.9208499,0.9266206,0.919428,0.9260328,0.9235642,0.914184,0.9241518,0.92989516,0.92040074,0.90999216,0.92988956,0.9163231,0.9240469,0.91582817,0.92585975,0.9119395,0.9117027,0.9235751,0.92328477,0.9223433,0.921992,0.91201997,0.9302077,0.9206923,0.9225023,0.92506915,0.92435896,0.9291126,0.9132324,0.9137036,0.9285428,0.9225595,0.92164737,0.91776294,0.9228066,0.9198179,0.9230394,0.9255938,0.9225056,0.9218116,0.91522217,0.9215525,0.9176625,0.9269434,0.91677004,0.92034423,0.91694105,0.9213247,0.91981155,0.9217396,0.9183917,0.92191523,0.9135215,0.91573346,0.9209685,0.91966826,0.92060375,0.9126873,0.91533965,0.9183145,0.91894656,0.9218536,0.9137207,0.9242977,0.92715544,0.9118388,0.92049116,0.9228235,0.924395,0.9234517,0.92063755,0.9213414,0.91550416,0.9168944,0.92226946,0.9244406,0.91488653,0.9184019,0.91894364,0.92188716,0.9257534,0.9205644,0.92350674,0.9265176,0.9209237,0.9255205,0.92251825,0.9224692,0.91978455,0.91898435,0.92129177,0.92148775,0.925471,0.9213279,0.9234404,0.91389954,0.92749226,0.9214841,0.9199499,0.9202193,0.91675794,0.9237675,0.91845876,0.92760825,0.9262349,0.9156851,0.9178658,0.92666024,0.9204288,0.92534214
1.0153302,1.0139854,1.0179317,1.0161853,1.0127765,1.0148563,1.0191936,1.0222585,1.007406,1.0141431,1.0184389,1.0142606,1.0136365,1.0180595,1.0129378,1.0196244,1.0099713,1.0144829,1.0188657,1.0109186,1.0196906,1.0179132,1.0141168,1.0140961,1.0121288,1.019023,1.0192597,1.0121593,1.0116148,1.0120323,1.0150017,1.0160744,1.0193653,1.0171727,1.020939,1.0153005,1.0116498,1.0146942,1.0159777,1.0183276,1.0127506,1.0167867,1.0109775,1.0127811,1.0197495,1.0090586,1.0165019,1.0246809,1.0104593,1.0146252,1.0051514,1.0149082,1.0211105,1.0171044,1.0127621,1.0174806,1.0113378,1.0173463,1.0190489,1.0215667,1.0165517,1.0177907,1.0191146,1.0191586,1.0122602,1.0159696,1.022825,1.015068,1.0187932,1.009385,1.0070214,1.0191553,1.0099128,1.0200111,1.0175116,1.0094013,1.0190741,1.0242698,1.0196592,1.0218166,1.0197799,1.0014893,1.0043399,1.004515,1.0151309,1.0154686,1.0130419,1.0125954,1.0144843,1.0107993,1.0178648,1.0241047,1.0148817,1.0131958,1.019972,1.0190916,1.0143064,1.0167773,1.0117955,1.01142,1.0131859,1.0084531,1.0208546,1.0172877,1.0252677,1.0179046,1.0079385,1.0105854,1.0221101,1.0169942,1.0129949,1.018275,1.0134053,1.0144278,1.0159153,1.0068768,1.0191954,1.0114691,1.0123247,1.024944,1.019109,1.0167902,1.0217822,1.0105447,1.016037,1.0269274,1.012543,1.0079342,1.0178791,1.0115262,1.015209,1.0139315,1.0103172,1.0193039,1.0202485,1.0160451,1.0188104,1.0115434,1.0208927,1.0145967,1.0174817,1.0151515,1.0141209,1.0120244,1.0117556,1.0191987,1.0183241,1.023576,1.0163603,1.0076622,1.014661,1.0121409,1.0138966,1.0147197,1.015239,1.0177684,1.0185124,1.022068,1.0097357,1.0143013,1.0202483,1.0170621,1.0249366,1.0102385,1.0126878,1.0218198,1.021419,1.0195984,1.018053,1.021623,1.0170134,1.0118381,1.015719,1.0227188,1.0194415,1.0263785,1.0144385,1.0117812,1.0184474,1.012067,1.0201142,1.0157595,1.0212448,1.0143195,1.0168864,1.0119435,1.0183586,1.0196122,1.0153621,1.0170218,1.0211264,1.0279839,1.0157294,1.0157866,1.014918,1.0203496,1.012465,1.0199572,1.0169564,1.0141613,1.015516,1.0123779,1.019831,1.0100371,1.0287285,1.0138375,1.011825,1.0139214,1.0098722,1.018484,1.0120746,1.0151951,1.0184731,1.0078344,1.0158395,1.0163203,1.0133163,1.0203158,1.0184597,1.0134538,1.0180087,1.0221696,1.0113616,1.013735,1.0149711,1.024658,1.0159786,1.0124027,1.0192125,1.0170182,1.0163846,1.0134288,1.0167606,1.0161195,1.0189964,1.0187466,1.0181211,1.0124638,1.0229409,1.0200725,1.0203409,1.0146835,1.0120001,1.019502,1.0109186,1.0176438,1.0169411,1.0062332,1.0142899,1.0304316,1.0048083,1.0113009,1.0142345,1.0179031,1.0132263,1.0171149,1.0093621,1.0145705,1.0069534,1.0195158,1.0138357,1.0093708,1.0211264,1.0195006,1.0131305,1.0222497,1.0180094,1.0151694,1.0180938,1.0192611,1.0134555,1.0114307,1.0135458,1.0126635,1.01232,1.0237625,1.0183929,1.0184777,1.0194147,1.0169265,1.019049,1.0179564,1.0156789,1.0058949,1.0172365,1.0141125,1.0135918,1.0208383,1.0127829,1.0187446,1.0170481,1.0114107,1.0167077,1.0096707,1.0165075,1.0183295,1.011365,1.0210954,1.0193168,1.0174942,1.0186158,1.0161529,1.0187763,1.0201123,1.0161595,1.0213414,1.0100393,1.023656,1.0170288,1.0145164,1.0096031,1.008403,1.012924,1.0182024,1.0204412,1.0192177,1.0077268,1.015036,1.0116982,1.016542,1.0145108,1.0111643,1.017579,1.0148411,1.0160154,1.0137013,1.014703,1.0218196,1.0114732,1.0177784,1.0200688,1.0189553,1.0149872,1.0111703,1.0073913,1.0164462,1.0164733,1.0140028,1.0101044,1.0116239,1.0133791,1.016563,1.0131854,1.0136564,1.0094978,1.016654,1.0132643,1.0077518,1.0137845,1.0145606,1.0130857,1.0155414,1.0193828,1.024624,1.0134043,1.0243795,1.0105277,1.0179024,1.0161879,1.0176903,1.0179614,1.0161928,1.0134991,1.0071204,1.0074869,1.0114889,1.0152944,1.017238,1.0219438,1.0178398,1.0140076,1.020423,1.0115957,1.0164591,1.017051,1.0138792,1.0126863,1.0170691,1.0163639,1.0144664,1.0135899,1.0213106,1.0187113,1.017375,1.0143061,1.018149,1.0138544,1.0163689,1.0147874,1.0169333,1.0180355,1.004639,1.0109707,1.0156236,1.0163746,1.01896,1.0213443,1.0158602,1.0175488,1.0146079,1.0223658,1.0156687,1.012327,1.0100571,1.0147678,1.0189956,1.0131974,1.0104684,1.0166072,1.0184605,1.0152593,1.0253367,1.0167204,1.004634,1.0191292,1.0155481,1.0219145,1.018771,1.023552,1.0045277,1.0195329,1.012122,1.0122668,1.0136449,1.015972,1.0132765,1.0128572,1.016206,1.0123519,1.0143689,1.015279,1.0150251,1.0152054,1.0145149,1.0173873,1.021888,1.019224,1.0205069,1.0158616,1.0165452,1.016781,1.0217983,1.018067,1.0113457,1.0145268,1.0124509,1.0181546,1.0199033,1.0163733,1.0142812,1.0120019,1.0171404,1.0187703,1.0166923,1.0161033,1.0161053,1.020461,1.0105621,1.0075676,1.0130671,1.02079,1.0065749,1.0131584,1.0084164,1.0146916,1.0122443,1.0146675,1.0178952,1.0164844,1.0169891,1.0166945,1.0147581,1.0144942,1.0258883,1.0251924,1.0143838,1.0135605,1.0147537,1.0087527,1.0182648,1.017955,1.0147384,1.0145332,1.0143248,1.0188072,1.0121592,1.0209692,1.0186079,1.0102539,1.0099816,1.0212226,1.0183152,1.0163076,1.0191733,1.0180562,1.0161481,1.0212922,1.016216,1.014999,1.0164555,1.015703,1.016507,1.0173173,1.0185496,1.0129435,1.0077261,1.0108247,1.0225872,1.010644,1.020605,1.0198519,1.0122404,1.0184405,1.0136089,1.0183346,1.0252445,1.0141665,1.0058087,1.0147702,1.0132008,1.0235085,1.0167711,1.0146985,1.0151759,1.0209849,1.0117188,1.0207169,1.0170821,1.0174588,1.0166548,1.0136715,1.0182345,1.0173969,1.0162193,1.0152124,1.019952,1.0131576,1.0150816,1.0259266,1.0129474,1.0134482,1.0205808,1.0169266,1.0154431,1.0164196,1.0170566,1.020938,1.0211505,1.0156341,1.0178626,1.0148242,1.0063225,1.0122129,1.0130714,1.0165573,1.0191519,1.0162495,1.0204109,1.0224034,1.016475,1.0205476,1.0213816,1.0209771,1.0146223,1.0184904,1.0175046,1.015508,1.0123565,1.0189577,1.0169457,1.0061059,1.0160991,1.0131955,1.0138613,1.0191954,1.018174,1.0127809,1.0128579,1.019744,1.0170946,1.0094897,1.0228808,1.0214134,1.024505,1.0148414,1.0086458,1.0200548,1.0182279,1.0170963,1.0241624,1.0069679,1.0233545,1.0176052,1.0183835,1.0190525,1.0136662,1.0197564,1.0158457,1.0184858,1.018442,1.0214032,1.0160109,1.0180206,1.017653,1.0171531,1.0182958,1.008031,1.012833,1.0131105,1.0169044,1.0124006,1.0167733,1.0146595,1.0171547,1.0153782,1.0170577,1.0205569,1.0201701,1.022197,1.0133067,1.0124379,1.0156711,1.0111741,1.0216154,1.0160321,1.0139698,1.0218751,1.0162349,1.0179983,1.0165669,1.0179595,1.0165854,1.0164402,1.008209,1.0177926,1.0177082,1.0144516,1.0098073,1.0174894,1.0181184,1.0151339,1.0182853,1.0214149,1.0171379,1.0096,1.0146437,1.007928,1.0140021,1.0108582,1.012614,1.0140765,1.0231298,1.0155216,1.0073436,1.0172681,1.0184026,1.0172961,1.0188259,1.017787,1.0123651,1.0089227,1.0169841,1.0222044,1.0140043,1.0194285,1.0165361,1.0218602,1.0117211,1.0126013,1.0125982,1.0171632,1.0218338,1.0208298,1.0191646,1.0172327,1.0189368,1.013955,1.013094,1.0185795,1.0136533,1.0164611,1.0188798,1.0203842,1.0093808,1.0184011,1.0157537,1.0180831,1.020191,1.011818,1.0143602,1.0171677,1.0183007,1.0128583,1.0074675,1.0185708,1.0201619,1.0224272,1.0141989,1.012193,1.0214912,1.014412,1.0182391,1.0245428,1.0069267,1.0166799,1.0165498,1.0216111,1.0151725,1.0134882,1.0174233,1.0087775,1.0124118,1.0176356,1.0169892,1.0227197,1.0161651,1.0190595,1.0193125,1.0195589,1.0175809,1.022211,1.0189956,1.0141001,1.015537,1.0158414,1.0162071,1.0168586,1.022336,1.0180801,1.015377,1.0204933,1.0111656,1.0133523,1.0205116,1.0134468,1.0218295,1.0220594,1.0188553,1.0189965,1.0158103,1.0125468,1.0151577,1.0182165,1.0143346,1.0231504,1.0103817,1.0131737,1.0209107,1.0221281,1.0117612,1.0145606,1.0152818,1.0235451,1.0140928,1.013576,1.0157396,1.0181571,1.0150754,1.0146847,1.0157486,1.0193702,1.0215665,1.0083925,1.0138509,1.0210118,1.0134639,1.0118825,1.0134625,1.0152174,1.0156959,1.0212787,1.0125836,1.0121521,1.0150703,1.0172105,1.0217931,1.0174257,1.0078287,1.0141548,1.01694,1.0156913,1.0173995,1.0142424,1.0066941,1.0138987,1.0180578,1.020089,1.0183766,1.016986,1.0159023,1.0173625,1.0132704,1.0110804,1.0187619,1.011949,1.0127879,1.0143255,1.0267829,1.0117879,1.0140517,1.0166985,1.013227,1.0162474,1.0234557,1.016835,1.0173542,1.0142924,1.0126654,1.0193486,1.0177526,1.0166739,1.012514,1.0205123,1.021645,1.0182556,1.0130883,1.014463,1.0143405,1.0202017,1.018973,1.0113188,1.0196335,1.0170434,1.014545,1.0149583,1.013418,1.0127127,1.0119439,1.013651,1.0114778,1.0181743,1.0214249,1.0124365,1.0238708,1.0183061,1.0125867,1.0133135,1.0076097,1.0097167,1.018035,1.028019,1.0152295,1.0204842,1.0143096,1.0150138,1.0161278,1.0215057,1.0072556,1.0189754,1.013181,1.032409,1.0160912,1.0206947,1.019963,1.0204314,1.0182472,1.0145735,1.019543,1.0173485,1.0237542,1.0178745,1.024989,1.0162511,1.0223562,1.0113295,1.0228707,1.0099161,1.0142483,1.0152084,1.0130861,1.0162655,1.0152113,1.0176997,1.0132829,1.0160244,1.0166818,1.0154278,1.0129583,1.0188843,1.0083108,1.0124391,1.0153832,1.0086193,1.0167155,1.0189819,1.0066432,1.01302,1.0139645,1.0158103,1.0184628,1.0212364,1.0304542,1.0053324,1.0228525,1.0139617,1.0256625,1.0165881,1.0191311,1.0182196,1.0170268,1.0134827,1.0114908,1.0214164,1.0108438,1.0091166,1.0130007,1.0170838,1.015951,1.0144378,1.0174344,1.0231413,1.0198315,1.0249685,1.020698,1.0164006,1.0169319,1.0121382,1.0195959,1.0106165,1.0221959,1.0202473,1.019686,1.015644,1.0193003,1.0202817,1.0226666,1.0117027,1.0123031,1.0158948,1.0183018,1.017826,1.0231131,1.0149235,1.0234163,1.0198966,1.0122486,1.0151846,1.0194893,1.016502,1.0189773,1.0122092,1.013859,1.0132236,1.0243707,1.0169227,1.0171345,1.0115371,1.0190903,1.0180855,1.0138111,1.012317,1.0185801,1.0128725,1.0172229,1.0205504,1.0173148,1.0145856,1.0152987,1.0207803,1.0220385,1.0117732,1.0079995,1.0168631,1.0161328,1.0171522,1.0128181,1.0111104,1.015413,1.0163348,1.0162071,1.0182358,1.0137683,1.0099682,1.0189542,1.0215228,1.0167524,1.0151085,1.0139796,1.0097408,1.0151632,1.0106038,1.0094203,1.0168179,1.0172851,1.0125424,1.0190735,1.0169766,1.0159329,1.0145445,1.0172054,1.0156609,1.0201362,1.016988,1.0222503,1.0102988,1.0123311,1.0155536,1.0167121,1.0189414,1.0134264
0.38646147,0.38796312,0.38763478,0.38495874,0.39189973,0.385306,0.38757795,0.37958825,0.38612193,0.38752636,0.38626269,0.3878475,0.3854225,0.39528447,0.3890382,0.39188522,0.38799423,0.38610592,0.3843186,0.3859905,0.38049442,0.38189167,0.3836923,0.37912565,0.38892457,0.38320926,0.37689838,0.3900035,0.39532134,0.39009205,0.39068505,0.39098266,0.38359824,0.3784209,0.38321346,0.39010987,0.39903656,0.38298807,0.3874622,0.3816336,0.38248608,0.3931076,0.38541824,0.38250062,0.37561634,0.38479546,0.3776653,0.38115236,0.38765574,0.38729534,0.38035774,0.38878664,0.38491967,0.38366947,0.3836125,0.3910214,0.39253363,0.3874406,0.39126945,0.39308235,0.3807953,0.3780651,0.38510862,0.3850214,0.38674068,0.3843539,0.38593945,0.38666385,0.38697428,0.39428213,0.39073166,0.38481376,0.38562116,0.38386142,0.3872711,0.3875562,0.38021278,0.38423812,0.38423124,0.390304,0.39068294,0.38802496,0.3925544,0.38740376,0.38780975,0.385438,0.38650328,0.3934047,0.38535842,0.387593,0.3822887,0.38229683,0.38862473,0.3840269,0.38257274,0.38785782,0.38588157,0.38412812,0.3875374,0.38333467,0.39047593,0.38536808,0.37632322,0.38665718,0.3772226,0.38538972,0.3788923,0.3837312,0.38898125,0.38700745,0.38181376,0.39133042,0.38962352,0.38588962,0.384705,0.3909326,0.3847564,0.3881253,0.3837277,0.3828827,0.37944472,0.3859302,0.3899046,0.39010015,0.3821456,0.3857763,0.38869134,0.391469,0.38567504,0.39128298,0.38527107,0.384492,0.38590705,0.38194814,0.3770418,0.38634294,0.38440746,0.387205,0.38646224,0.39213115,0.38717946,0.39067924,0.3893205,0.3865756,0.38683182,0.38048187,0.37780026,0.38692692,0.38389745,0.38646576,0.3856843,0.38833314,0.38018507,0.38166636,0.38329524,0.38959745,0.3881011,0.37781483,0.38373518,0.38507354,0.37792647,0.3859712,0.38585982,0.38732305,0.38827762,0.3780309,0.38106477,0.37731573,0.38196027,0.3801441,0.38750196,0.3935816,0.38187048,0.37913957,0.39096233,0.38135785,0.38684073,0.39179036,0.38879886,0.39283428,0.38702178,0.38424158,0.38322172,0.39030176,0.3881409,0.38943738,0.39241308,0.39096043,0.38414574,0.38957503,0.383756,0.37922248,0.38261205,0.37913057,0.3868277,0.39282814,0.38418797,0.39249527,0.38313675,0.38790226,0.38950515,0.38633847,0.38278338,0.38507128,0.3781604,0.3829467,0.38659158,0.3838194,0.39353433,0.38440087,0.3957205,0.3935148,0.38008696,0.38714758,0.38178092,0.38393715,0.38592166,0.38639745,0.3856927,0.3801735,0.3831292,0.38810265,0.38133857,0.38471353,0.37713018,0.38796923,0.38575298,0.39316553,0.3827248,0.37854272,0.38355955,0.38408554,0.39133427,0.38466492,0.3848043,0.38361666,0.3885867,0.3852946,0.3886704,0.38520634,0.38810486,0.39050272,0.39138505,0.39448392,0.38578656,0.3909432,0.3814684,0.39045087,0.38090128,0.37738732,0.39607108,0.38257045,0.3862004,0.38666618,0.38247746,0.3848023,0.38696235,0.38577214,0.39089838,0.38457412,0.38481626,0.39267692,0.38900208,0.38667142,0.38243508,0.39279306,0.37880668,0.3793524,0.39055508,0.39122164,0.37687665,0.3860353,0.3800621,0.37993413,0.39012387,0.3767677,0.38606042,0.3786021,0.3813124,0.38773432,0.38405326,0.38381985,0.3874833,0.39276376,0.3813909,0.38373446,0.38950673,0.38608283,0.387059,0.39153847,0.38665482,0.3825967,0.38636228,0.38717204,0.39139766,0.38972697,0.3838844,0.38374275,0.38210014,0.38486254,0.38461843,0.3888164,0.38494307,0.38578337,0.38946244,0.38057,0.3913501,0.39255416,0.383553,0.38706467,0.38499954,0.37976104,0.38906938,0.3861617,0.38867742,0.37612706,0.3942222,0.38234532,0.3884801,0.38566148,0.38717318,0.38932893,0.39076257,0.38412333,0.38170147,0.38765886,0.3816023,0.3857073,0.38595015,0.38172495,0.37661642,0.38060766,0.38843843,0.386388,0.38647124,0.3942147,0.38362432,0.39296213,0.3874656,0.38454467,0.38864326,0.39146686,0.3879421,0.38954037,0.38389564,0.381361,0.3815107,0.38876456,0.38445964,0.38249448,0.38765848,0.37599328,0.38031718,0.38638246,0.38650423,0.38376266,0.3910308,0.38185874,0.388426,0.38510853,0.39160767,0.38139498,0.38080722,0.38791454,0.3937211,0.3884804,0.39026263,0.38901177,0.38451624,0.3802724,0.39228934,0.39225304,0.37552536,0.38615534,0.38171357,0.3850227,0.38541254,0.38734278,0.38631314,0.38508,0.38903794,0.3795825,0.37718675,0.3879086,0.38394442,0.3861177,0.38732007,0.38393423,0.38848326,0.3901275,0.38363862,0.38770002,0.3916461,0.38392937,0.38401693,0.38612142,0.3860556,0.3892106,0.37868923,0.38623723,0.38033968,0.3864329,0.38470918,0.38476953,0.38122344,0.3885675,0.3855138,0.3831945,0.3854975,0.38522568,0.38664153,0.38279867,0.38413933,0.39196217,0.37789458,0.38545376,0.3863549,0.38650754,0.38729277,0.3959361,0.38655114,0.3790918,0.38521686,0.3869328,0.38224405,0.38225394,0.38128608,0.39216602,0.39245728,0.3816371,0.38704205,0.38655365,0.38540113,0.38718116,0.38814574,0.3748729,0.3776238,0.38253564,0.39443263,0.38410658,0.391378,0.3817515,0.37924403,0.38895723,0.3824009,0.39438397,0.39196718,0.3901237,0.38026825,0.3791484,0.38264802,0.3845858,0.38402814,0.38547006,0.3790152,0.39199662,0.37889436,0.38992187,0.388747,0.38531604,0.37929207,0.38680494,0.38130438,0.38849652,0.38555145,0.38589138,0.38102302,0.3910849,0.3917035,0.38582617,0.3791897,0.38771418,0.37680617,0.39032176,0.38242444,0.38553315,0.3844591,0.39029762,0.39408755,0.38848257,0.38176835,0.3840708,0.3857966,0.38602963,0.38798326,0.3834254,0.3738881,0.3880853,0.38742262,0.39386025,0.3783648,0.3865624,0.3831915,0.38756827,0.3866762,0.3830416,0.38596618,0.3893249,0.38626432,0.3855068,0.38355562,0.3863963,0.38440856,0.38925606,0.37812006,0.38463646,0.39049864,0.38626552,0.3879836,0.38866553,0.3916597,0.392082,0.38570854,0.38495284,0.38388127,0.3867696,0.38420972,0.3898562,0.38660824,0.38753074,0.38502854,0.38107523,0.38808772,0.3854,0.3852823,0.39629126,0.38423285,0.3825475,0.37737736,0.3830997,0.39160672,0.38437602,0.38638765,0.38496238,0.38295916,0.3783972,0.39106402,0.38560387,0.38641578,0.3878022,0.38784802,0.38629583,0.38166967,0.3909877,0.3868636,0.3851568,0.3924003,0.37698197,0.37573498,0.3908724,0.3880279,0.39287436,0.38951325,0.3825538,0.39174554,0.38207337,0.38278273,0.3840055,0.37869728,0.38840738,0.37890404,0.39174885,0.37929136,0.38736257,0.38849965,0.3876213,0.3870436,0.38733035,0.3894641,0.3844731,0.3875988,0.38688654,0.3919093,0.39225626,0.38424212,0.38280272,0.38713348,0.39342156,0.39096928,0.3833203,0.3857792,0.38823828,0.3818127,0.38865322,0.38071617,0.3885131,0.38668522,0.38681826,0.38309038,0.39022723,0.3889125,0.38307467,0.38971233,0.38518238,0.3872244,0.3816806,0.38116995,0.38525057,0.377888,0.38634846,0.3845104,0.38366732,0.3856206,0.38804042,0.3828635,0.38207856,0.389376,0.38578668,0.38743043,0.38212758,0.39124164,0.38483822,0.38223085,0.38857272,0.39266813,0.38391733,0.3847363,0.38655272,0.37558597,0.38874325,0.38198414,0.38602546,0.38791627,0.38802963,0.38993284,0.38263637,0.38746187,0.3895808,0.38674468,0.38442773,0.38852048,0.38328964,0.38666153,0.38439423,0.3810237,0.38421565,0.3876517,0.3885356,0.38464007,0.39210665,0.38816512,0.38335475,0.3928001,0.38440725,0.39096716,0.38427442,0.38766557,0.38587785,0.37953368,0.38737854,0.38674554,0.38429743,0.37858015,0.3875897,0.38804463,0.38710046,0.3820179,0.38749424,0.3862722,0.38838127,0.3821673,0.37624952,0.3862057,0.38722414,0.37956476,0.3813401,0.3860445,0.3813172,0.3893007,0.39051074,0.3846613,0.37804747,0.3993209,0.38294563,0.3856622,0.38495728,0.38702723,0.39158252,0.3883168,0.38930875,0.3866899,0.3905216,0.38437822,0.39519128,0.387268,0.38369012,0.3833993,0.38737544,0.3863462,0.3835538,0.3803982,0.38634476,0.38855278,0.38671067,0.38530985,0.38776177,0.38681546,0.38684008,0.39445817,0.3764834,0.38989267,0.38460815,0.3800742,0.38714144,0.38048568,0.38894826,0.38958335,0.3838301,0.3831219,0.38168654,0.38667437,0.38679203,0.38393855,0.37928247,0.38184676,0.3842889,0.38474,0.3840096,0.38667345,0.38521898,0.38098824,0.38443425,0.38626114,0.38154846,0.39234632,0.38135916,0.38491645,0.381608,0.38946655,0.37850603,0.38260978,0.39468732,0.38321495,0.3875062,0.38002142,0.38614616,0.37725055,0.38859317,0.38608173,0.38939828,0.39396623,0.38912627,0.38402715,0.38202372,0.3889068,0.38978502,0.38336217,0.38483128,0.38204134,0.38478708,0.3839943,0.38198158,0.37951958,0.38902867,0.38969257,0.38878214,0.38646418,0.38762328,0.38767666,0.39132223,0.38563997,0.3879551,0.39325055,0.38477927,0.38133672,0.3919176,0.3807184,0.38862193,0.38245684,0.38616475,0.38456416,0.3876094,0.38801298,0.3889917,0.3826404,0.38240826,0.38667083,0.37771702,0.37890774,0.38036293,0.38647202,0.3901433,0.38693383,0.3885549,0.39346778,0.38542053,0.3856693,0.37967643,0.39312056,0.3798047,0.3805494,0.38712364,0.38705292,0.38451198,0.38805106,0.38774857,0.38211468,0.39066684,0.386258,0.3787997,0.3817935,0.38240314,0.3837384,0.38444,0.38866732,0.38733688,0.38079283,0.38074568,0.3823621,0.37674567,0.37627992,0.38369697,0.3882821,0.38390687,0.38355896,0.38301933,0.3891322,0.38055485,0.38478446,0.37916172,0.38758352,0.38616246,0.38208884,0.37595516,0.39229918,0.38160834,0.38621697,0.38918868,0.385973,0.38745627,0.38680544,0.38709486,0.37904915,0.38802072,0.387356,0.38317233,0.38571376,0.3793744,0.38275084,0.38713378,0.38067967,0.38814515,0.3835087,0.38923398,0.3873071,0.37999767,0.39253592,0.39312112,0.37933686,0.3819639,0.37727928,0.3834717,0.38953018,0.38096413,0.38396907,0.3894281,0.3811677,0.3925187,0.38647273,0.37653285,0.38492593,0.38486263,0.38202947,0.3818135,0.38349453,0.3910284,0.38520843,0.3802458,0.38015568,0.38289973,0.38660917,0.389771,0.38321266,0.39262432,0.3812873,0.38282397,0.38755584,0.37915486,0.3875177,0.38736734,0.38208959,0.3814962,0.38369414,0.3866639,0.38964787,0.37986654,0.38729337,0.3866816,0.38396442,0.37455255,0.38999084,0.37786496,0.39085478,0.38255984,0.38270426,0.3811721,0.3854889,0.38997668,0.38795382,0.39275464,0.39593557,0.38184035,0.38125008,0.3798193,0.38668486,0.39197004,0.38749894,0.382443,0.38365158,0.38254607,0.3847718,0.38638785,0.38558537,0.38546064,0.3904709,0.3886638,0.3865361,0.38500127,0.38541773,0.38124657,0.38342887,0.38850453,0.37644717,0.38472992,0.37988952,0.378013,0.38820237,0.3915644,0.38756666,0.38964683,0.38310695,0.38207784,0.38857195,0.3843288,0.38254756,0.39002168,0.38728526,0.39501143,0.38739434,0.38714787,0.39079964,0.38601562,0.38349578,0.3857392,0.38543242,0.38844556,0.389038,0.3811713,0.3769964,0.3862363,0.38381577,0.38175315,0.3852946,0.38860846,0.38182658,0.38231277,0.38632986,0.39211196,0.38462377,0.39364368,0.39643064,0.38913006,0.39062676,0.38224828,0.38562596,0.38528138,0.3924394,0.3883419,0.38902003,0.38460618,0.38540804,0.38603115,0.38828224,0.39044714,0.37998125,0.3836597,0.38856047,0.38583636,0.38194224,0.3911888,0.3870043,0.38708016,0.38781485,0.38692942,0.3947198,0.38064793,0.39024827,0.3827768,0.38962358,0.37616122,0.39010778,0.3828793,0.37678203,0.38560188,0.3817022,0.38668665,0.3886922,0.39301932,0.377444,0.3836885
