0.53896326,0.52364004,0.5195422,0.536005,0.5231378,0.5197129,0.5202269,0.54907596,0.53394175,0.537327,0.5415883,0.55137795,0.5282633,0.5356949,0.52915615,0.53832227,0.5228343,0.5430462,0.5386695,0.5301859,0.5509444,0.53586483,0.5397635,0.5272686,0.52657014,0.5359608,0.5288899,0.5254987,0.53222156,0.53168887,0.5276151,0.536537,0.52792346,0.5211178,0.5373316,0.53563553,0.5527482,0.54227906,0.5621177,0.5318519,0.53292346,0.53007907,0.53869635,0.5427964,0.539384,0.52818125,0.5426882,0.5254975,0.5353212,0.5163207,0.5448837,0.5415422,0.527592,0.53048176,0.52257836,0.53567326,0.5261268,0.5307158,0.5437811,0.53272325,0.52224267,0.53198624,0.5530076,0.53648204,0.55794775,0.54548705,0.5339319,0.53697586,0.53944075,0.5376105,0.5291442,0.52310133,0.54335546,0.53335774,0.5217578,0.52507275,0.52040124,0.5256503,0.5314205,0.54256696,0.52813005,0.5580502,0.52181363,0.5337683,0.52063656,0.5263271,0.51861876,0.5202973,0.5449902,0.546889,0.52748823,0.53107715,0.5275025,0.5323815,0.5227341,0.5219377,0.52704734,0.54667425,0.53523237,0.52268213,0.5483726,0.52970725,0.5399041,0.53258216,0.55010575,0.52876216,0.53645486,0.54099816,0.5215728,0.5310345,0.54418796,0.5356558,0.5321154,0.52321696,0.52161664,0.5354756,0.52392244,0.5271047,0.5563161,0.5263305,0.54211915,0.5470985,0.53865397,0.53808635,0.54397154,0.5334804,0.5230319,0.52445716,0.52939624,0.53542185,0.518515,0.5298798,0.52588487,0.53181124,0.5279471,0.51908857,0.53446317,0.53407514,0.5529109,0.5252832,0.53473866,0.5364697,0.53471714,0.5354508,0.54021585,0.5277041,0.53364426,0.5421914,0.5462974,0.5238985,0.547281,0.5344959,0.5319307,0.53803736,0.5233477,0.5479454,0.5409035,0.5399004,0.52425003,0.53592175,0.54249775,0.5248703,0.5286508,0.53010595,0.54875,0.5368243,0.5228756,0.5240927,0.5263854,0.53354216,0.52540517,0.54249847,0.5302046,0.53819287,0.53740287,0.53155714,0.5396415,0.5340229,0.54365414,0.5338991,0.5346503,0.53889644,0.533296,0.5362655,0.5388125,0.5169542,0.54266244,0.5284107,0.5391421,0.53262556,0.54451025,0.533311,0.5321176,0.53290635,0.5132821,0.54551226,0.5268829,0.52415776,0.5353338,0.5343849,0.54221773,0.53984946,0.54220694,0.5361212,0.5384422,0.5444223,0.5332662,0.53327984,0.54139733,0.5258581,0.5326308,0.5343023,0.5534187,0.53915113,0.5372012,0.5392495,0.5230224,0.5210056,0.5369693,0.53362,0.5129069,0.53551435,0.5361282,0.53567845,0.5246036,0.5406317,0.52950895,0.54927325,0.51864624,0.5377761,0.53047234,0.53630084,0.54212457,0.527872,0.5427254,0.53140944,0.5246533,0.5571613,0.52558184,0.52945065,0.52996063,0.5375266,0.53612286,0.54866993,0.53237265,0.5424844,0.5398784,0.54521525,0.5322027,0.5313965,0.5299581,0.53913367,0.57141304,0.53495115,0.5495342,0.524948,0.5427664,0.52095264,0.52407634,0.5387311,0.53872263,0.53495175,0.53170115,0.52372,0.5386874,0.5411029,0.53634447,0.55367917,0.54425627,0.5171732,0.523672,0.53766793,0.53911626,0.53910756,0.5390454,0.5580278,0.51880366,0.53616434,0.525448,0.5354509,0.5414167,0.5501377,0.545101,0.5456465,0.53914326,0.53539896,0.5460298,0.52977467,0.5370755,0.5535009,0.5346982,0.524775,0.5435854,0.5185829,0.52975273,0.5328224,0.54855853,0.53329754,0.53273416,0.52529174,0.53430647,0.5302759,0.53047997,0.53572977,0.52984136,0.5397815,0.5339766,0.5258892,0.53378475,0.56161594,0.5370373,0.5278286,0.53378415,0.5234408,0.52315176,0.5462864,0.53332645,0.5421356,0.5378273,0.5224947,0.51898384,0.5384378,0.53802305,0.53232837,0.5445145,0.5426452,0.5427264,0.52117676,0.5392753,0.54049337,0.53615487,0.54211205,0.53099847,0.54660076,0.5208709,0.5303748,0.5356853,0.5417121,0.53072083,0.54685503,0.5415775,0.53937477,0.53614056,0.5225112,0.538776,0.54030037,0.5104873,0.52751946,0.53080666,0.5259178,0.53199124,0.5239084,0.535862,0.519824,0.53442997,0.5219533,0.5369227,0.5363312,0.5413988,0.52166146,0.523608,0.538808,0.528111,0.537719,0.52158386,0.5328182,0.5363779,0.5239725,0.5497947,0.5297469,0.52277344,0.5124672,0.5321842,0.5365061,0.54295564,0.53617454,0.52440804,0.5412956,0.5417834,0.51272845,0.5488745,0.5382024,0.5157267,0.5098711,0.5337804,0.5502637,0.532662,0.51764375,0.5364652,0.53991836,0.5378877,0.5235323,0.54805267,0.5477584,0.51315147,0.5236497,0.5291617,0.53633994,0.55478907,0.52428955,0.5371611,0.5348946,0.54186815,0.53533447,0.54302466,0.5414536,0.5465723,0.5483388,0.5414474,0.53984064,0.5467539,0.53412586,0.53496855,0.53552055,0.53351104,0.53892606,0.54325056,0.54840314,0.5323463,0.52065736,0.54761523,0.5377589,0.53901327,0.5292335,0.5444544,0.5378568,0.5238917,0.542562,0.54010206,0.5365161,0.53956664,0.52698076,0.5220048,0.5329313,0.52656955,0.52715766,0.54530674,0.5496303,0.53424424,0.533278,0.5274078,0.5450233,0.53145355,0.54341567,0.5328363,0.52285576,0.55457944,0.52605486,0.5501103,0.53512096,0.5357922,0.55756223,0.554008,0.5409021,0.56360143,0.52252287,0.54216325,0.52033,0.5355376,0.52801484,0.53035885,0.51617754,0.52877665,0.5246693,0.5347939,0.5326258,0.53393626,0.54287595,0.5357419,0.5404168,0.5426243,0.5486425,0.5332152,0.5400035,0.52554816,0.532613,0.53059506,0.53667814,0.52923805,0.5473003,0.53566706,0.54301393,0.5507702,0.531382,0.53770363,0.54464155,0.54285604,0.52116823,0.5346699,0.5402254,0.53013813,0.53600806,0.5396651,0.5382789,0.5556583,0.5282844,0.54212797,0.545361,0.5228561,0.52151865,0.5284029,0.5411472,0.54712576,0.540767,0.5456018,0.53270483,0.5477137,0.54593736,0.5099796,0.5230293,0.53164923,0.5420887,0.5341686,0.5304932,0.52954084,0.5353404,0.537374,0.54531354,0.53371865,0.5361126,0.5365554,0.53792435,0.53684497,0.53246135,0.5262729,0.5342673,0.54156595,0.54823494,0.5326542,0.54019094,0.5373213,0.5268118,0.5410448,0.53327256,0.5319817,0.52781487,0.523958,0.5327502,0.5186471,0.5363219,0.5349807,0.52735794,0.5402142,0.5470078,0.53011626,0.54050964,0.5281392,0.53238744,0.531726,0.5283615,0.5277719,0.53322345,0.54170537,0.5347565,0.52133834,0.5232277,0.53150266,0.53083456,0.53873986,0.54822105,0.5383083,0.5475101,0.53607655,0.5374434,0.5453003,0.5390591,0.52835983,0.54846454,0.51864254,0.54214776,0.53311723,0.54711735,0.54114366,0.5284183,0.5391848,0.5286608,0.52959937,0.5272602,0.5345483,0.5406804,0.525433,0.5242227,0.5318654,0.53381133,0.54340273,0.54027367,0.51960975,0.5188913,0.55598277,0.53475994,0.53096485,0.5441409,0.52527875,0.5327089,0.5410638,0.542841,0.5333377,0.5315412,0.5182451,0.53104424,0.51722664,0.5315166,0.5256695,0.5159513,0.53169924,0.53510207,0.54806316,0.5293468,0.55434453,0.5249701,0.5222536,0.5236325,0.5246993,0.538531,0.51866806,0.52408224,0.54442644,0.52126205,0.5268485,0.5229279,0.53369707,0.53222644,0.5255978,0.5339148,0.54086006,0.5311752,0.53075665,0.5376994,0.51959884,0.5289358,0.54447925,0.5379666,0.533085,0.5353498,0.5314016,0.5185466,0.53735495,0.51879317,0.53299654,0.5340056,0.52615964,0.5379884,0.5255915,0.53602827,0.5473103,0.5379197,0.53578633,0.5263517,0.5155048,0.5377385,0.5372493,0.5150896,0.543621,0.52668035,0.5256417,0.5363351,0.538705,0.5337795,0.54376346,0.53602993,0.5305858,0.5422264,0.5301546,0.5258004,0.53787994,0.53934216,0.5382469,0.53743476,0.5193365,0.54328555,0.54969054,0.5253748,0.5372363,0.541533,0.5223566,0.5274051,0.5263106,0.5515261,0.53692853,0.5379361,0.52211666,0.5394785,0.52950484,0.5195492,0.532732,0.5259496,0.5398239,0.5490585,0.54351044,0.5373046,0.5255777,0.5381526,0.5183213,0.5311553,0.5441004,0.54892737,0.5520823,0.5271856,0.53179705,0.54073954,0.52904594,0.5327266,0.5367731,0.52175814,0.5308552,0.5355753,0.5389937,0.52871764,0.551754,0.5334009,0.53301835,0.52816397,0.54224926,0.5391516,0.5439841,0.5413706,0.5148532,0.5343329,0.5419988,0.5295845,0.53260833,0.5443272,0.5346708,0.5345794,0.5399085,0.5277813,0.5337978,0.53285444,0.53956556,0.5397068,0.54961324,0.53864294,0.5294661,0.5472418,0.5479058,0.5374352,0.5370323,0.5225229,0.51694465,0.54039645,0.5313102,0.51386714,0.53629154,0.53253865,0.5198315,0.5362811,0.53186274,0.5359479,0.5243422,0.5437508,0.54062265,0.5329701,0.5441878,0.5386223,0.5436735,0.53006864,0.5310433,0.5439582,0.5296527,0.54901654,0.53665227,0.5186416,0.5498801,0.51534486,0.51854587,0.5451368,0.5283788,0.55139124,0.52913123,0.5396114,0.5360892,0.53413016,0.5438338,0.54162323,0.5256219,0.5483905,0.531841,0.5495513,0.5261189,0.55533576,0.5172491,0.5437487,0.5458688,0.520893,0.5435685,0.53869826,0.52310973,0.53264004,0.52891374,0.50935984,0.5417485,0.5153743,0.52629185,0.5184246,0.53631973,0.5393827,0.5342377,0.53461045,0.5357216,0.5317576,0.5469848,0.5315513,0.5323675,0.5245152,0.5581989,0.54725915,0.5456071,0.5378469,0.52420187,0.53694785,0.54037434,0.5351963,0.53324753,0.535654,0.52936876,0.5323807,0.5292705,0.5367978,0.5049065,0.53402925,0.52276975,0.5402712,0.525062,0.5404641,0.5401895,0.5261085,0.54818517,0.5376737,0.51205325,0.5416577,0.53283226,0.5413636,0.5322933,0.54822683,0.53245175,0.54665035,0.55006796,0.5261469,0.53185725,0.5245664,0.53792846,0.5426725,0.53241134,0.547236,0.54240316,0.5334355,0.5475797,0.52085656,0.5256688,0.5307177,0.5369216,0.5560145,0.53893757,0.532415,0.5416284,0.5397211,0.5310663,0.5296142,0.5278479,0.5407424,0.53920734,0.5300169,0.54045343,0.5392223,0.5363647,0.5343987,0.5268779,0.5559767,0.52754045,0.5325024,0.5346919,0.5476263,0.5366079,0.52266234,0.5507197,0.53821564,0.52950245,0.557728,0.5350859,0.5346081,0.52629447,0.5390033,0.52405936,0.52691174,0.53302526,0.5219196,0.5407041,0.535169,0.54358464,0.54607457,0.5235264,0.5295983,0.53024435,0.5261805,0.5319788,0.53313273,0.542804,0.54061085,0.52033174,0.53427494,0.5389581,0.5201297,0.5349121,0.54335916,0.5306242,0.5203932,0.53738344,0.54218197,0.5417537,0.53471756,0.54312956,0.52098626,0.5439059,0.53145814,0.5416089,0.5266851,0.5396431,0.53329784,0.52611053,0.54640406,0.5423011,0.5390341,0.53531176,0.5334881,0.5391812,0.5320164,0.53468406,0.5250796,0.5391714,0.5283047,0.53354245,0.5342279,0.5365861,0.52336633,0.5198865,0.51479995,0.53135747,0.5294578,0.54093117,0.51257575,0.5126785,0.543024,0.52991617,0.53516144,0.5413505,0.5247551,0.5474445,0.53662944,0.5457878,0.52569383,0.5480684,0.5296938,0.5312866,0.5400528,0.54714406,0.5314894,0.52704734,0.5262823,0.5336809,0.5431386,0.5402978,0.53501904,0.53242177,0.52156013,0.53281075,0.53430516,0.5171273,0.54822826,0.5199766,0.5421425,0.53866446,0.5283994,0.53419214,0.53436714,0.52371424,0.5325613,0.53224593,0.52813685,0.52925384,0.5309757,0.55337507,0.52132547,0.5178066,0.53161246,0.5357647,0.5468394,0.5298793,0.51893026,0.5434798,0.53737414,0.52471757,0.5406113,0.5300578,0.54435074,0.5492744,0.55853105,0.542801,0.543422,0.52744985,0.541546
0.5004569,0.48941582,0.50006336,0.51530683,0.5045359,0.4972103,0.49149847,0.5111826,0.5145162,0.4924353,0.50429446,0.49493626,0.48868632,0.50927114,0.49698505,0.50265944,0.49912548,0.50929546,0.51027423,0.50042385,0.51003146,0.50205046,0.50572443,0.49639362,0.49891415,0.50340176,0.5077828,0.4929378,0.510846,0.49901697,0.51904815,0.5092488,0.49948445,0.4965382,0.49523637,0.49870285,0.49021712,0.51368254,0.5043724,0.51124346,0.510202,0.5039296,0.5014417,0.5024749,0.50488853,0.5041927,0.50318503,0.48829836,0.49571624,0.5021898,0.51216835,0.5116324,0.4987986,0.50859565,0.5030765,0.505089,0.4904216,0.5212132,0.5043261,0.5099409,0.50454146,0.5031494,0.5123153,0.49368837,0.52022594,0.5094175,0.5056765,0.49757588,0.49985057,0.5020849,0.50864726,0.5010558,0.50565493,0.50205284,0.50498414,0.48589996,0.5062045,0.49355257,0.51947314,0.51625425,0.50974905,0.5244756,0.4999486,0.51194984,0.48753166,0.49558708,0.50903237,0.4759472,0.4923515,0.5201682,0.5063991,0.52464014,0.50253993,0.5034241,0.49559724,0.5033387,0.48988616,0.50268185,0.50801337,0.49600536,0.5149916,0.49601498,0.49998215,0.50613767,0.50755435,0.48948216,0.4971653,0.5029169,0.49951655,0.49129987,0.5203517,0.51070064,0.49891585,0.51125133,0.49414393,0.5040361,0.5007971,0.49591175,0.502401,0.5094277,0.49528205,0.50265455,0.49185902,0.49021816,0.51238155,0.50010574,0.49029315,0.50138175,0.5081558,0.5070804,0.5012707,0.50707394,0.49990442,0.5206161,0.5123134,0.49510795,0.5048977,0.5293574,0.5163653,0.5008666,0.5062441,0.50638807,0.49012747,0.49920887,0.5123232,0.49712846,0.5055427,0.4993979,0.5034686,0.49867943,0.49586815,0.5051281,0.49785578,0.5089244,0.5125928,0.502585,0.49647242,0.49814275,0.50493306,0.50397533,0.5102469,0.49271908,0.48879158,0.5178195,0.50956744,0.48859373,0.4885717,0.49497864,0.49427032,0.5159548,0.5043044,0.50328785,0.4972841,0.51351583,0.51865244,0.49143732,0.4909022,0.51724684,0.511223,0.4999863,0.50021875,0.5035179,0.51182336,0.50850385,0.4993252,0.51545596,0.52572894,0.52163345,0.5031856,0.5141136,0.49748522,0.5095544,0.49853942,0.5056869,0.493029,0.50794566,0.5145145,0.5108623,0.50342834,0.50457937,0.519087,0.5122552,0.50557846,0.5100081,0.50823027,0.5050049,0.5066028,0.50568384,0.5147104,0.5110145,0.49547994,0.49848706,0.49676794,0.50226337,0.5149835,0.5109051,0.49918872,0.49032667,0.50044096,0.51144415,0.48752022,0.5092411,0.5014386,0.49221772,0.4841099,0.5075852,0.5012408,0.50825083,0.51005954,0.49662864,0.50844103,0.49309415,0.50927573,0.5086529,0.50760037,0.5050956,0.5160766,0.4950218,0.50390047,0.49809545,0.5210308,0.48298368,0.48870674,0.50493646,0.5065737,0.48683307,0.4874839,0.5026402,0.50223786,0.49956146,0.5038673,0.50636417,0.5210094,0.5019403,0.5133627,0.494922,0.49066854,0.5051018,0.51528865,0.51275593,0.5113187,0.50156623,0.515748,0.502348,0.5071121,0.5063288,0.5058333,0.5198476,0.5052355,0.495743,0.5006046,0.5128694,0.503278,0.51692086,0.5133486,0.5091149,0.509551,0.50941163,0.4976449,0.49198678,0.4977123,0.5127154,0.48777714,0.49928227,0.51797557,0.49678388,0.49367398,0.51137316,0.51438427,0.49082598,0.5106475,0.51375633,0.5105637,0.49537382,0.49394524,0.5056053,0.52229714,0.5061647,0.4965528,0.5069503,0.50183094,0.498479,0.51047885,0.5115764,0.49925277,0.5199757,0.48553777,0.5014795,0.5227173,0.47615033,0.4974054,0.49893346,0.50598264,0.48679495,0.5053235,0.4908561,0.50148624,0.4940982,0.5065996,0.5009748,0.51405454,0.49822855,0.51295835,0.49702203,0.519316,0.5146,0.5145181,0.50746304,0.50421846,0.52732885,0.5019816,0.48538336,0.5008497,0.5153108,0.5054562,0.48868692,0.5039357,0.5056841,0.50888157,0.50103235,0.50908643,0.4985162,0.51095885,0.49658763,0.50825924,0.5106649,0.49033654,0.515596,0.51849025,0.50786346,0.5043895,0.49700263,0.5129531,0.4926991,0.50880116,0.49779215,0.49940038,0.5141789,0.49611676,0.49832982,0.49666604,0.511051,0.4987427,0.49721998,0.4943842,0.51478857,0.490671,0.48330912,0.5118564,0.5081723,0.51497054,0.48287654,0.5166799,0.49795938,0.50292766,0.5056959,0.50201976,0.50135565,0.5031029,0.4860229,0.5117339,0.4967377,0.504343,0.49766892,0.50683004,0.5172754,0.5109099,0.5093989,0.52324545,0.5189238,0.49391505,0.5044889,0.5126753,0.49930802,0.49783528,0.50643593,0.49009457,0.5008761,0.50045395,0.50858533,0.49620837,0.49847007,0.50110316,0.5203708,0.50591075,0.5041795,0.49878266,0.51878774,0.50523525,0.50566316,0.5092043,0.51175904,0.51479006,0.49073142,0.50054985,0.51144445,0.48308066,0.5191052,0.506927,0.5146512,0.5091035,0.5005342,0.5153005,0.49453026,0.50890654,0.51253504,0.50362796,0.50350076,0.4999619,0.49921808,0.4963131,0.5063608,0.50487316,0.512582,0.5226409,0.503714,0.506727,0.5096009,0.5021897,0.5035184,0.50088865,0.49381742,0.4996508,0.50513,0.4847546,0.5038656,0.5021129,0.502051,0.5014472,0.51771647,0.5041399,0.49622977,0.5046211,0.5004401,0.49936584,0.50864756,0.49925223,0.50640255,0.49166995,0.4954543,0.50054127,0.5123321,0.5007016,0.4973614,0.50749123,0.49475554,0.5018409,0.49690068,0.49446777,0.49621835,0.5168892,0.48821002,0.5005934,0.5054672,0.50493467,0.507885,0.49844006,0.50035876,0.5026706,0.4928085,0.49922562,0.5032009,0.49448383,0.5042561,0.4982664,0.50042844,0.4909888,0.5054395,0.49887943,0.50421464,0.509408,0.50042087,0.50829303,0.5080295,0.51660466,0.5077677,0.5040074,0.49925277,0.4988227,0.519157,0.49879995,0.5157558,0.48938414,0.5167911,0.5062549,0.51289815,0.49166036,0.5051055,0.49831146,0.49384108,0.49517265,0.50403535,0.49388468,0.5047636,0.50956225,0.5163493,0.5034398,0.50434536,0.51227313,0.4956681,0.5080572,0.50791585,0.49808258,0.50556546,0.49837756,0.5094866,0.50287634,0.51206964,0.48633546,0.50567377,0.5089911,0.4980909,0.5067112,0.49749014,0.5126316,0.519028,0.49688965,0.49736625,0.50153697,0.50753504,0.5073259,0.51115644,0.49278823,0.5207738,0.50230414,0.5179992,0.5046392,0.51049304,0.50709015,0.50221145,0.5066275,0.50664896,0.5017728,0.51152414,0.49938357,0.5208201,0.5054396,0.5030379,0.5030784,0.49430028,0.50484926,0.51751924,0.49582523,0.50930166,0.49053523,0.5049015,0.4938976,0.51165295,0.48590058,0.5149035,0.50265455,0.52372676,0.49896607,0.52066797,0.52722067,0.5002046,0.50310034,0.49342266,0.49642602,0.5126922,0.5126926,0.50077724,0.49067697,0.5074195,0.48539457,0.49279287,0.5042827,0.5139996,0.5096745,0.5025303,0.4941507,0.50435495,0.4936756,0.4979983,0.47921735,0.493535,0.51598334,0.52826387,0.5079426,0.5059159,0.51822513,0.4996322,0.5142478,0.487729,0.5054628,0.5090327,0.51874965,0.50636816,0.5078292,0.5004795,0.50276107,0.4994491,0.49531394,0.49517202,0.50200576,0.51707053,0.50706476,0.5065792,0.49914843,0.48892745,0.5067971,0.51000816,0.49888387,0.4930891,0.509164,0.51768667,0.5169893,0.5090502,0.5104357,0.49754515,0.50915486,0.5020235,0.5100132,0.49973032,0.49539042,0.5130139,0.5177144,0.50792205,0.5085265,0.50139576,0.49311006,0.50956917,0.5031281,0.49854445,0.498173,0.5007159,0.5085474,0.49960846,0.51720524,0.5142875,0.509816,0.49445865,0.507115,0.506885,0.50262606,0.50657225,0.49645674,0.4969837,0.4862126,0.48815942,0.4940559,0.50072867,0.48931405,0.4985914,0.51474,0.52968454,0.49612468,0.49396467,0.5026269,0.51125264,0.5161929,0.5133169,0.51133394,0.5083136,0.5071963,0.49233928,0.49574363,0.49641615,0.5165758,0.5022362,0.48873577,0.51316565,0.50453705,0.5023736,0.50238997,0.4873838,0.5008372,0.51476336,0.5070893,0.5161148,0.500744,0.49456522,0.4948242,0.5078622,0.4976092,0.5002775,0.5060556,0.5081763,0.5005867,0.49522203,0.4978711,0.48366094,0.5090394,0.52250814,0.5046363,0.50785965,0.5259687,0.49454734,0.5059061,0.5094855,0.50478363,0.50008184,0.51698005,0.50116986,0.49861473,0.51017004,0.4945922,0.5097067,0.5061714,0.5037171,0.50580394,0.508337,0.50131905,0.49432406,0.50065374,0.5033132,0.49733984,0.50387216,0.49514672,0.49702874,0.50236624,0.50702506,0.51193124,0.5022838,0.5257063,0.49685493,0.5169429,0.49211496,0.49677372,0.50328666,0.49751103,0.5045749,0.4954295,0.49005595,0.49840173,0.51142347,0.5144145,0.49990878,0.52006686,0.49736074,0.5122219,0.49594122,0.5116501,0.5062829,0.49941063,0.5022237,0.4937813,0.49268737,0.49606472,0.49324685,0.5016945,0.511319,0.521853,0.49777192,0.50835115,0.5147069,0.5040796,0.5086354,0.49223343,0.50745183,0.50071234,0.4986456,0.5007196,0.5062585,0.51036114,0.5104828,0.49518198,0.50605935,0.51044774,0.50977767,0.50730026,0.50149584,0.4922074,0.50412565,0.4986301,0.512779,0.49989414,0.50276303,0.5061976,0.50087434,0.5087278,0.5015267,0.5042405,0.510712,0.49302718,0.5112009,0.4899339,0.50427973,0.49853286,0.49811113,0.51407325,0.5075585,0.51374054,0.5128229,0.5028089,0.52606875,0.51593924,0.5299594,0.49109694,0.50767976,0.5042671,0.5208436,0.49281973,0.502445,0.49794212,0.51114386,0.5019384,0.4955259,0.4816389,0.51219726,0.5071179,0.52198166,0.49571294,0.49917427,0.50672174,0.49396476,0.527048,0.51068825,0.50448996,0.49856508,0.49762934,0.51835984,0.50097495,0.51106083,0.4986367,0.4921698,0.5233911,0.5047988,0.508113,0.50611097,0.5204143,0.50904596,0.49628899,0.5096073,0.49362534,0.51062256,0.51807314,0.4931538,0.49976647,0.50171614,0.48882958,0.49434963,0.5110629,0.49267402,0.49906757,0.49525648,0.5049728,0.50362515,0.49900907,0.51406205,0.5010641,0.49890688,0.519016,0.5135779,0.5126358,0.51532817,0.49289078,0.5125811,0.49819222,0.5217675,0.5019694,0.5141178,0.51394403,0.5099181,0.5178073,0.494964,0.49534696,0.5177135,0.504032,0.50915736,0.4944557,0.49589935,0.50627154,0.49890924,0.51366615,0.4988776,0.503643,0.503873,0.51532936,0.49077755,0.4892642,0.5137982,0.5114387,0.51076955,0.49258053,0.5097456,0.5170525,0.49295136,0.50486606,0.5126709,0.5113107,0.4967729,0.49638435,0.4993818,0.5069954,0.50096846,0.5130825,0.5141613,0.5048709,0.49341077,0.4993174,0.501921,0.4999062,0.49825147,0.5131372,0.49210718,0.503568,0.49761936,0.4989346,0.497518,0.50210035,0.49997634,0.4944291,0.502657,0.50252044,0.5004313,0.49932894,0.50097656,0.52762055,0.48216394,0.49847874,0.5108993,0.5042177,0.5182564,0.5092804,0.5071011,0.49355534,0.4935922,0.49008897,0.48606634,0.49958763,0.5034912,0.5092384,0.5051002,0.5097724,0.5107602,0.4914649,0.49016938,0.51142514,0.5036005,0.5008827,0.50789565,0.49939853,0.5006437,0.5198523,0.51149386,0.50815946,0.50093704,0.5030692,0.5035836,0.5124594,0.50476325,0.51288944,0.50096214,0.50685346,0.51373357,0.4933797,0.5164954,0.5035413,0.51352507,0.5129778,0.49325794,0.50510126,0.49415803,0.5113295,0.4994241,0.48300081,0.49351615,0.4973614,0.5136173,0.514106,0.48983935,0.48867938,0.48859861,0.51298356,0.507186,0.50565386,0.49044415,0.50016856,0.5012524,0.49218985,0.49867958,0.5045485,0.5234096,0.50908774,0.50825506,0.50115335,0.5194254,0.5039312,0.51275176
0.49072567,0.50292253,0.48479956,0.5028998,0.48626283,0.5009755,0.48932153,0.509486,0.48241746,0.48720422,0.50227606,0.51376027,0.49445155,0.4974533,0.48980847,0.49390024,0.48786527,0.48151252,0.5059438,0.4965016,0.49568364,0.49007374,0.49674985,0.47010654,0.49148607,0.48757997,0.5029379,0.4908513,0.49122122,0.4998067,0.51006776,0.50089467,0.4899249,0.49449998,0.48861256,0.5022183,0.4874565,0.49463573,0.498565,0.49529597,0.500937,0.507911,0.48745534,0.49624938,0.48424923,0.48796093,0.49749056,0.5017838,0.49114996,0.49601817,0.50494593,0.5004077,0.49109727,0.50187236,0.487074,0.50675184,0.48412928,0.5033825,0.49930355,0.51455307,0.490961,0.49029556,0.50120956,0.49085218,0.501112,0.5005286,0.4910322,0.4901534,0.48144114,0.49436083,0.5130109,0.49054152,0.5027505,0.49406284,0.49833575,0.489234,0.49370348,0.47633123,0.48516607,0.5023132,0.4974538,0.5070907,0.51298535,0.48838177,0.484282,0.48631144,0.49503326,0.4927888,0.48091078,0.4991743,0.4845998,0.49657506,0.48979464,0.49273634,0.49393064,0.4940822,0.49017447,0.50143653,0.51013786,0.49881268,0.49223197,0.48984978,0.49282244,0.49909592,0.5107942,0.48908103,0.5000175,0.4958066,0.51221937,0.5016181,0.49653193,0.4972869,0.4937489,0.5092414,0.49452043,0.4842161,0.50798416,0.5097863,0.49858594,0.49623603,0.49824995,0.501504,0.5020139,0.48965892,0.5015683,0.49666238,0.4933731,0.5051329,0.4932833,0.5080044,0.50713515,0.48461333,0.48069015,0.5072641,0.5031636,0.48534447,0.48573554,0.4946789,0.5022672,0.5053773,0.4959163,0.49309477,0.49290642,0.48801246,0.50671834,0.49289492,0.499214,0.4973842,0.50015724,0.49054515,0.48575443,0.50138223,0.48716372,0.50056833,0.4937304,0.49678892,0.49603784,0.49784452,0.49425578,0.49133724,0.48893276,0.4815729,0.49347186,0.4908357,0.50208557,0.5008717,0.4860342,0.49554715,0.49192858,0.49734634,0.48252597,0.49205643,0.49032098,0.49967888,0.50306934,0.49999663,0.49708575,0.49146926,0.5107922,0.48848933,0.4892174,0.49851236,0.48856932,0.49619174,0.48643282,0.49083123,0.50936425,0.49450243,0.49425796,0.51243454,0.49762037,0.49933225,0.48362342,0.4975214,0.48688096,0.5263788,0.49984953,0.50473577,0.49910215,0.501153,0.49236104,0.49730268,0.5103128,0.49989185,0.49557528,0.49685892,0.50149053,0.4939105,0.49900326,0.49894753,0.4999124,0.4915892,0.48623294,0.50513434,0.5019098,0.48709977,0.4867177,0.48549604,0.4927728,0.49730903,0.48967788,0.49512503,0.50139993,0.49111834,0.48241717,0.50188893,0.49575263,0.49332792,0.49043408,0.50036365,0.48947763,0.49401826,0.5097599,0.48409775,0.4959193,0.50251806,0.500326,0.51178265,0.4847037,0.47842923,0.49150613,0.5002275,0.49217948,0.5000719,0.48718882,0.48808348,0.49616256,0.4932584,0.47920248,0.48852268,0.5030459,0.49389803,0.5091255,0.5038407,0.50411546,0.48838675,0.48975772,0.47996205,0.50670314,0.49867827,0.49736062,0.48473004,0.49951416,0.49978322,0.50503695,0.49675918,0.48821208,0.4912825,0.4932798,0.50228906,0.48694512,0.5139591,0.50129193,0.50984395,0.4894447,0.49733526,0.48755556,0.4954378,0.4995865,0.5014816,0.48524177,0.5033264,0.5091862,0.49229854,0.4983835,0.48977503,0.5004081,0.49824205,0.5128058,0.494047,0.499275,0.47104067,0.50823885,0.48993534,0.49486274,0.49247923,0.5163088,0.4976619,0.48686168,0.50079453,0.49027202,0.49322706,0.4841361,0.5032557,0.4847583,0.5062927,0.4968863,0.4995282,0.50240153,0.5012819,0.49163693,0.49007893,0.4971306,0.48330405,0.49228927,0.4920807,0.49631095,0.49363616,0.49518377,0.48854598,0.49111313,0.49464068,0.49183586,0.51507497,0.49995828,0.4937028,0.49789122,0.5008385,0.49709487,0.49301144,0.50078386,0.49640143,0.5044266,0.5110853,0.4914504,0.49569604,0.50859743,0.4976593,0.49189034,0.5010225,0.5054077,0.48765954,0.49380487,0.4776831,0.5031036,0.48506668,0.49174505,0.5043215,0.5094336,0.48365417,0.4990355,0.4893509,0.5055085,0.48736414,0.491315,0.48819354,0.49571404,0.501255,0.49850267,0.49121636,0.49922663,0.49045286,0.49061215,0.47472203,0.47552404,0.50467336,0.48972675,0.46404713,0.5123847,0.49007642,0.4995316,0.48204538,0.49812928,0.5095906,0.49968532,0.50511307,0.50248677,0.50175273,0.50789225,0.48989138,0.50288546,0.50467384,0.5060041,0.48788303,0.4983579,0.5142565,0.5005475,0.4832892,0.50074464,0.49958804,0.49188733,0.4878225,0.50305754,0.50150824,0.48713806,0.51209867,0.4814467,0.49813092,0.49356073,0.49658903,0.4935469,0.48910305,0.48137477,0.49824604,0.49146837,0.5022839,0.49372593,0.5119261,0.4859986,0.5015901,0.491448,0.49793115,0.5003283,0.4907885,0.47966743,0.49083215,0.48867908,0.5043827,0.4902482,0.4900755,0.5117633,0.5075241,0.5040601,0.49033675,0.49015012,0.49869624,0.48402974,0.4979661,0.51256126,0.49155444,0.4964937,0.49447617,0.48329982,0.49612868,0.48476562,0.4980787,0.5018639,0.5011557,0.49399567,0.48644072,0.50664556,0.5001121,0.48861778,0.49485824,0.48958284,0.49884078,0.49443412,0.4955357,0.5115495,0.50532585,0.48692077,0.4973163,0.5089208,0.49280176,0.50759786,0.5023743,0.49694565,0.4870256,0.4976537,0.49474502,0.49427775,0.49177498,0.49817613,0.5067274,0.5040065,0.4830787,0.4849524,0.47986493,0.4819722,0.5079921,0.50670743,0.5106183,0.4946024,0.51145357,0.48893106,0.4989135,0.49708146,0.4903728,0.49627525,0.5027925,0.47916767,0.5051307,0.50248086,0.47933027,0.5055095,0.4954833,0.49708042,0.47680748,0.49307972,0.4950909,0.4992264,0.4951297,0.5003366,0.5000627,0.5005911,0.4977793,0.47894844,0.5022218,0.48611495,0.48807526,0.49147093,0.5211345,0.49406505,0.49510208,0.511056,0.48855993,0.50078106,0.49352068,0.4882056,0.48711222,0.48810884,0.5010701,0.4950558,0.49395657,0.5070657,0.48947182,0.5100802,0.50362533,0.49137416,0.49949065,0.50004584,0.47887594,0.48297104,0.48790085,0.48156315,0.50196326,0.4964018,0.50601506,0.49004743,0.50255775,0.50829405,0.49822196,0.49719122,0.49758843,0.48372427,0.5014774,0.49446133,0.50220823,0.49148282,0.49681562,0.48766068,0.49286568,0.49138722,0.5224907,0.50189173,0.4937072,0.49545395,0.4967778,0.49297354,0.49370682,0.49347156,0.48761016,0.5079013,0.5029929,0.48743284,0.47477692,0.49192336,0.4873796,0.50878245,0.4876079,0.48573062,0.5100659,0.49978328,0.5090293,0.50024325,0.50798494,0.4924553,0.5046143,0.48959148,0.49774134,0.49019298,0.50324875,0.4960349,0.5098765,0.5156386,0.5025351,0.49525,0.49213812,0.50260097,0.508821,0.49895436,0.51646113,0.4864864,0.4919518,0.4893804,0.51116014,0.49685848,0.48887527,0.51781344,0.49987072,0.5122606,0.50689393,0.49407783,0.50481,0.49554864,0.5112874,0.48810107,0.50797355,0.49758545,0.509888,0.49336544,0.5000074,0.48938745,0.47121596,0.5008607,0.50978315,0.50150895,0.4802341,0.5188586,0.4938366,0.48279366,0.484314,0.49301007,0.4920118,0.49237785,0.47760677,0.49628255,0.4862085,0.49084538,0.4949724,0.5013535,0.50311166,0.49273974,0.5042279,0.49827638,0.5120248,0.50593865,0.49965066,0.49712542,0.48334986,0.5053584,0.49820158,0.51306766,0.5052436,0.4957337,0.5002183,0.49730694,0.48787528,0.5099061,0.4941784,0.49283838,0.493072,0.4928714,0.4992665,0.48454323,0.49663126,0.51000977,0.49941182,0.49332404,0.5177616,0.49187917,0.47313213,0.5052491,0.4935964,0.49560833,0.4895359,0.49339798,0.49004,0.4938125,0.49975795,0.49790102,0.49013925,0.47638673,0.49373934,0.49663797,0.49859676,0.49444765,0.49331853,0.49105382,0.49106842,0.49685025,0.50577015,0.49163905,0.5112762,0.5066629,0.49636617,0.5009371,0.4900512,0.4816793,0.48266056,0.49635702,0.49579307,0.48483235,0.4970595,0.50833297,0.48854458,0.50639504,0.5065738,0.49344686,0.5013781,0.5104591,0.4901672,0.48339674,0.48989362,0.5020085,0.4836705,0.504069,0.50048846,0.49729156,0.47534546,0.5018117,0.49657157,0.48534378,0.49377936,0.49073306,0.49369222,0.49212256,0.4959143,0.507713,0.51470816,0.5008021,0.47640747,0.50073504,0.50361526,0.5034765,0.5073183,0.49369317,0.47716722,0.50202984,0.49454653,0.49285096,0.5102318,0.5011507,0.49636877,0.4871781,0.496338,0.50157297,0.5065878,0.5086693,0.5110724,0.49882028,0.5000639,0.48561352,0.49784178,0.50548637,0.49924365,0.4828385,0.50045615,0.49527103,0.5016585,0.493975,0.4772762,0.5055984,0.49015877,0.49349132,0.50430113,0.49981284,0.4991989,0.5030835,0.503504,0.48979956,0.4879721,0.48936304,0.49184644,0.49717632,0.4984462,0.4782146,0.49731937,0.50510466,0.499233,0.49559563,0.49860993,0.50596625,0.47814938,0.49458423,0.5138859,0.50297844,0.49691015,0.49935186,0.5077006,0.5173634,0.48957476,0.505858,0.49964616,0.4917156,0.49514276,0.48693,0.50719374,0.5027897,0.5037034,0.49430218,0.52044207,0.48250726,0.48564062,0.4950683,0.49649286,0.49348336,0.50143373,0.48769847,0.49188554,0.50484526,0.48000467,0.4870007,0.49893147,0.4986426,0.49391562,0.4947853,0.50190705,0.49689075,0.4929649,0.5034345,0.49844113,0.50809103,0.50279963,0.50472194,0.5078902,0.4887584,0.50254416,0.48981857,0.49054945,0.48285007,0.50977683,0.50322473,0.5093851,0.50372076,0.49392128,0.49656802,0.5057877,0.49140802,0.49933118,0.48459542,0.50396097,0.4927782,0.49631524,0.50623846,0.4782868,0.4991749,0.4940119,0.48196858,0.494192,0.49728823,0.49390316,0.49658006,0.4953983,0.49277416,0.4949912,0.5002239,0.49822444,0.49075848,0.5015231,0.49575037,0.51593506,0.49433112,0.50472486,0.48083913,0.49681044,0.49712563,0.4902452,0.4759993,0.48942903,0.51378673,0.48092768,0.49855584,0.4878077,0.5053526,0.5132706,0.49052778,0.48188406,0.4948198,0.5040298,0.5124356,0.4868771,0.49621007,0.49479723,0.49540573,0.4960883,0.4983871,0.49140462,0.4934792,0.50238967,0.49987563,0.50633174,0.49090683,0.4753486,0.5098903,0.5036914,0.50116974,0.5065731,0.48628128,0.5063289,0.49591088,0.5040342,0.49152914,0.49082422,0.4969574,0.4914581,0.4934742,0.50800806,0.4993143,0.5016966,0.48943824,0.49898753,0.50744116,0.5046116,0.4873927,0.49056876,0.5062994,0.48810408,0.48364866,0.5133672,0.49546525,0.47789708,0.5029207,0.48357892,0.5043091,0.47528744,0.49665126,0.50516057,0.4843401,0.5027874,0.50467527,0.5088199,0.48425874,0.49120966,0.51682365,0.4918121,0.5035667,0.4793627,0.47901946,0.494839,0.4753085,0.5030608,0.48903623,0.5049421,0.49311936,0.47708663,0.5087624,0.4894633,0.5140045,0.5003986,0.48922554,0.49035776,0.5005331,0.49249303,0.49215585,0.48517168,0.48907536,0.5105107,0.49604797,0.49368885,0.4873881,0.49579573,0.5022048,0.48460183,0.49079496,0.5040296,0.50115025,0.50343335,0.51116484,0.49287865,0.4928535,0.50782025,0.4974332,0.48024365,0.5081931,0.48420706,0.49496058,0.4968887,0.48648006,0.50164944,0.49797893,0.49051848,0.51041317,0.4976566,0.48794714,0.5029115,0.4806412,0.5161088,0.49423778,0.50004536,0.49477425,0.48494884,0.4838227,0.4840421,0.48806643,0.4886365,0.49918088,0.4911035,0.4879471,0.5043249,0.50839347,0.48749617,0.4931823,0.5044506,0.49662057,0.49987617,0.509432,0.48545554,0.50007266,0.4983571,0.49815935,0.49443796,0.49153587,0.5032189,0.50099444,0.50079155,0.4909292,0.49757063,0.50172764,0.49515942
0.75094736,0.7616191,0.76121193,0.7454647,0.7567265,0.7319646,0.75824815,0.7509583,0.7593601,0.77523756,0.7371779,0.76946175,0.7480862,0.74845314,0.7508715,0.7425958,0.74492264,0.75633466,0.7539266,0.7518116,0.7720681,0.75210685,0.7580427,0.7525835,0.75760245,0.75943714,0.7523789,0.7487757,0.7561393,0.76633286,0.75432533,0.75383353,0.7455334,0.74189025,0.7590225,0.74136496,0.7586259,0.7643913,0.7445907,0.7450267,0.7456221,0.758378,0.74134177,0.7819136,0.74657285,0.7613221,0.7628786,0.7450253,0.7614796,0.7396368,0.7522642,0.7566718,0.7610303,0.74524856,0.7628553,0.7629893,0.75404006,0.7658246,0.75598794,0.7727427,0.7572496,0.747545,0.756125,0.743543,0.7686836,0.7563665,0.74866116,0.75545937,0.7751953,0.75177747,0.76107013,0.749826,0.74920213,0.75960636,0.7586062,0.74321926,0.7377984,0.76334023,0.76204884,0.7521273,0.7509238,0.7538771,0.75444376,0.75619423,0.74875367,0.74848926,0.75323504,0.74465907,0.7707297,0.7542316,0.73160666,0.75320417,0.74975026,0.7556668,0.7571774,0.74253327,0.7560984,0.76483303,0.74485517,0.7468381,0.7444232,0.75088817,0.7672161,0.74692386,0.74858636,0.7406652,0.7530658,0.73598474,0.7554085,0.7482059,0.75300336,0.7623073,0.74597484,0.7566337,0.7572569,0.7435297,0.7647277,0.7521711,0.75054747,0.7549523,0.7649554,0.75756115,0.757014,0.7484897,0.7472671,0.7373455,0.7650446,0.7677478,0.761959,0.74637234,0.76185834,0.75227225,0.7472369,0.75480574,0.7523244,0.7568677,0.7661714,0.74835867,0.74139833,0.75952727,0.7547146,0.7556672,0.750741,0.7524237,0.756783,0.76411355,0.7642166,0.7501234,0.74808264,0.7493155,0.7574225,0.75794494,0.75132436,0.75999993,0.76436126,0.7479159,0.7722137,0.76300895,0.74574476,0.7590292,0.75815994,0.7494624,0.7435747,0.7536102,0.7611251,0.76304626,0.74698627,0.7502781,0.7555273,0.75056094,0.75864744,0.7625076,0.760644,0.7539816,0.73910785,0.7538219,0.76310444,0.75469697,0.7413926,0.7605345,0.7497962,0.7528906,0.75789934,0.77543,0.75405467,0.7440167,0.74606174,0.7495032,0.74964523,0.752268,0.762903,0.7586424,0.75064504,0.7489898,0.7515222,0.75405824,0.76048785,0.7368006,0.7340225,0.7583734,0.75843185,0.7459394,0.7582569,0.7589931,0.7387313,0.75112504,0.7664915,0.73858756,0.75291115,0.74815583,0.76247066,0.75197494,0.7631055,0.7744842,0.75214845,0.76007897,0.76284254,0.75243795,0.7481321,0.74524313,0.7538048,0.7496301,0.75920993,0.75261414,0.75178456,0.75465333,0.7398872,0.7509417,0.7426141,0.74415004,0.7484113,0.7520671,0.75024486,0.7560847,0.7549916,0.7587223,0.7475734,0.76869494,0.73964596,0.7555722,0.75169194,0.7747138,0.7723798,0.7623559,0.7448024,0.7500272,0.76275766,0.75782263,0.76356477,0.75990385,0.7480618,0.7529666,0.7700627,0.7582882,0.75825286,0.76276916,0.75030774,0.74998707,0.7546946,0.76625043,0.757677,0.7541932,0.75964487,0.74618465,0.75896287,0.7656686,0.74855953,0.7634902,0.75425994,0.75419015,0.74286634,0.7604924,0.7615324,0.75091845,0.7510581,0.7718972,0.76374394,0.7569053,0.7522192,0.7546046,0.7467861,0.7661576,0.76526046,0.7595996,0.74747306,0.7679654,0.7426847,0.74403197,0.7585685,0.756423,0.7494382,0.7551838,0.7642444,0.7500968,0.7426596,0.76435375,0.75470686,0.7520082,0.7467264,0.7300142,0.7507723,0.741203,0.7562475,0.7543938,0.7576377,0.75334644,0.7578544,0.75259155,0.7525615,0.7478615,0.74153644,0.74443674,0.7474546,0.75254416,0.74894816,0.7418173,0.7587821,0.75034684,0.76416767,0.74288315,0.7388917,0.76793003,0.7521069,0.76577085,0.7540679,0.75725746,0.7599016,0.75210184,0.7463154,0.76603055,0.75409496,0.75505257,0.76689976,0.74978477,0.74198186,0.749543,0.76541317,0.7662413,0.7528342,0.7694206,0.74706715,0.7545537,0.74675834,0.7595067,0.7387067,0.75308335,0.7444332,0.76858354,0.75989056,0.7472463,0.7590906,0.74167544,0.7529447,0.7607935,0.750205,0.75915843,0.76843333,0.7456119,0.7687591,0.7527612,0.7596057,0.75385356,0.7549869,0.75768226,0.7557951,0.7592168,0.754171,0.7547137,0.76610523,0.74863267,0.7534954,0.74331564,0.75464857,0.75066334,0.75365067,0.7492053,0.7680111,0.7579937,0.7637595,0.74839914,0.7766613,0.7447396,0.75756747,0.75142,0.758346,0.7532739,0.74982446,0.75040025,0.74892825,0.7521029,0.7610787,0.74750936,0.75411814,0.7763716,0.74355286,0.7405142,0.75331354,0.74851,0.7568912,0.7574548,0.7551874,0.7678884,0.7554648,0.7742847,0.75206757,0.76153296,0.7513698,0.7611377,0.77178824,0.7511229,0.7532442,0.7609666,0.7659147,0.751915,0.7454102,0.7488253,0.7531519,0.75425833,0.75607353,0.7435276,0.75838554,0.7676985,0.75466555,0.7481758,0.75612444,0.75838566,0.7608651,0.7536284,0.7533538,0.7544614,0.7485578,0.75861955,0.75198424,0.7657633,0.7525514,0.74713856,0.7581744,0.756262,0.7593323,0.75751203,0.7459629,0.7620704,0.76399004,0.7610207,0.7509701,0.747839,0.76195556,0.7610018,0.76490957,0.7673961,0.7398927,0.76568043,0.7691614,0.76121175,0.75495344,0.7590883,0.76433635,0.7452628,0.7480419,0.75225264,0.75565,0.7459192,0.7488976,0.75851446,0.7502595,0.7649403,0.75329393,0.75120497,0.762012,0.74870676,0.7481069,0.7734961,0.7624912,0.75153,0.7663513,0.7570116,0.75698024,0.7668587,0.7537616,0.7594955,0.7539496,0.7526749,0.7622032,0.7491397,0.7552551,0.76424944,0.75445026,0.75205135,0.7577634,0.75919604,0.7518296,0.75384295,0.75482345,0.7346725,0.75867665,0.7396834,0.7551716,0.76064175,0.7488773,0.73808146,0.7632033,0.7653401,0.7484,0.7376784,0.75844675,0.7525476,0.7589459,0.7662799,0.7462098,0.7529595,0.7660167,0.76589507,0.75143117,0.75430006,0.75899994,0.7568851,0.75919455,0.765082,0.7494589,0.7646852,0.7428773,0.7606481,0.7544952,0.76384145,0.75791854,0.74295264,0.7523813,0.7689857,0.7524842,0.7468931,0.73842967,0.76443607,0.7717057,0.7600744,0.7716478,0.75354856,0.7556369,0.7378824,0.7482513,0.76324075,0.75722015,0.74637955,0.74246293,0.7592542,0.75775176,0.7789749,0.76163924,0.74404436,0.7637575,0.7529615,0.74545574,0.74703276,0.74767303,0.7522643,0.765536,0.7431445,0.75657433,0.75499904,0.75480175,0.76917803,0.7648703,0.75121677,0.75520015,0.7658142,0.7525108,0.7596666,0.7643205,0.76009077,0.74932694,0.7617062,0.75355154,0.7504598,0.7623376,0.74754125,0.752646,0.75606096,0.7559949,0.75826824,0.7505565,0.7565608,0.7381486,0.7593404,0.7703002,0.7511488,0.75862855,0.754134,0.7577869,0.7563115,0.75401556,0.7790198,0.75836176,0.7636484,0.76164085,0.7610137,0.77275133,0.749131,0.75094867,0.7606538,0.7472384,0.7616013,0.74930704,0.7625778,0.76061267,0.7555666,0.74902517,0.74512684,0.75500566,0.75125736,0.75233823,0.7533667,0.74686444,0.75214016,0.74368685,0.7585877,0.751517,0.7519701,0.75741136,0.76142675,0.74771863,0.7438444,0.7507977,0.75656486,0.76399064,0.7555231,0.7639769,0.7543247,0.7587312,0.75595146,0.74630666,0.74460053,0.7458561,0.76502067,0.75850135,0.75273746,0.74513966,0.7512876,0.74935555,0.7665854,0.74748206,0.76479036,0.7605776,0.7558502,0.75582284,0.7534462,0.7635321,0.75527877,0.74846786,0.7721512,0.7443601,0.75537866,0.75380623,0.740436,0.75861454,0.74214107,0.74604434,0.7655512,0.76677966,0.74772114,0.75261164,0.75256306,0.7579204,0.76714635,0.7383336,0.7515647,0.77041656,0.7355176,0.7581889,0.7648781,0.7497549,0.75714165,0.7700246,0.7416436,0.75572765,0.76494384,0.75701356,0.7560235,0.7449893,0.76324904,0.75260615,0.7734719,0.74465746,0.7589385,0.7540855,0.748,0.76684827,0.74833333,0.7722621,0.7536245,0.74262995,0.76146287,0.7422624,0.75425124,0.7504612,0.75274885,0.75596005,0.74945986,0.760476,0.7642414,0.76840264,0.7618855,0.7546962,0.751153,0.75422984,0.76144785,0.7492946,0.74853307,0.7645579,0.7488797,0.76454663,0.7626983,0.76410586,0.7517546,0.76123786,0.7714442,0.76774544,0.7687531,0.7507074,0.7676391,0.7630714,0.7523545,0.758484,0.74895686,0.76243645,0.7558502,0.7609199,0.7685864,0.7406034,0.7608845,0.7429517,0.7601136,0.7584556,0.74030644,0.75579137,0.7424791,0.7629811,0.7530937,0.74925965,0.7695705,0.74526095,0.7386313,0.7605111,0.75913626,0.7601159,0.73945767,0.7388852,0.7459448,0.7563995,0.76476574,0.76261944,0.7648679,0.76069146,0.7495328,0.74958575,0.7402688,0.75873286,0.7619667,0.7576637,0.76003104,0.75724393,0.7513056,0.7620398,0.74265796,0.76647496,0.7381911,0.74286926,0.75712,0.75705475,0.7581905,0.7646372,0.75751805,0.7601318,0.7516474,0.76496404,0.75734913,0.74276185,0.74580526,0.7649133,0.764333,0.7650473,0.75453556,0.7671969,0.74516594,0.7624356,0.7594712,0.7518841,0.7528388,0.7522658,0.7543433,0.74614316,0.7476222,0.74642587,0.7580298,0.7435949,0.7506552,0.7568467,0.7529156,0.7510465,0.749731,0.76587254,0.7460091,0.7512537,0.74694973,0.74422306,0.7383461,0.7561744,0.7441996,0.7496406,0.7435272,0.756396,0.7497907,0.74691474,0.7563962,0.7649261,0.7723751,0.7560635,0.74072206,0.7520028,0.7606051,0.74867415,0.7647808,0.741113,0.7495269,0.7461215,0.7546527,0.75902116,0.7594837,0.7431691,0.75842184,0.7493435,0.74919343,0.75223976,0.76185906,0.7518323,0.7657043,0.7499438,0.7762047,0.7642098,0.7635493,0.756677,0.75008047,0.76661414,0.75794435,0.7631222,0.7524315,0.7472445,0.75845635,0.7585078,0.7610076,0.75314856,0.75401384,0.7614258,0.76659214,0.74445367,0.7387785,0.77607447,0.763541,0.7407821,0.73599946,0.7631341,0.75958216,0.7570207,0.758571,0.7591402,0.7474425,0.74382794,0.7591683,0.7408982,0.76586527,0.747655,0.75326496,0.74696517,0.746533,0.7419928,0.73835886,0.7651887,0.7542564,0.76540405,0.7697402,0.7452326,0.7553809,0.75877595,0.77091736,0.75365275,0.7428576,0.75439906,0.75807863,0.7613733,0.74881047,0.75356066,0.7612921,0.7619943,0.7331992,0.7712971,0.7563644,0.7527029,0.7371204,0.74622595,0.7492292,0.73998326,0.75947523,0.7530962,0.7441584,0.75770915,0.7474799,0.75222486,0.7393884,0.74278384,0.76803315,0.7652518,0.75296223,0.7714296,0.7496574,0.7628354,0.7471088,0.75127333,0.7636757,0.7506175,0.7463508,0.73459315,0.7609545,0.7481546,0.7561928,0.75130063,0.76265395,0.7452206,0.75252134,0.7435364,0.7665563,0.76608676,0.74826217,0.7491864,0.75405294,0.756738,0.73271096,0.7613511,0.7653671,0.75519294,0.7604334,0.74860394,0.75763935,0.7395368,0.7481824,0.74126595,0.7431899,0.74838984,0.75203454,0.75147486,0.7572592,0.7615138,0.76080364,0.758778,0.7447484,0.74437535,0.75394976,0.7796832,0.7397664,0.74560326,0.7591226,0.75281537,0.74536276,0.75053185,0.75208014,0.75702834,0.76429826,0.760065,0.74345374,0.73837274,0.7639024,0.75401384,0.75991553,0.77028275,0.7420432,0.7514307,0.75349915,0.7576613,0.7484761,0.7483452,0.75730777,0.7564514,0.7652632,0.768322,0.75534827,0.7446704,0.75779283,0.76129794,0.7630967,0.76710004,0.7543619,0.74880505,0.75598115,0.757887,0.76484066,0.75207466,0.76695734,0.74555033,0.75529975,0.7651266,0.74696374,0.7519159,0.7504473
0.69611853,0.707149,0.6870019,0.68682635,0.68158805,0.70032513,0.70701665,0.6864202,0.69198126,0.7180527,0.69124764,0.71694416,0.70088375,0.69621545,0.69377446,0.70089257,0.69673645,0.7068278,0.6920752,0.68391573,0.70358807,0.68803555,0.6995711,0.6893107,0.70743555,0.7041134,0.71694225,0.69054216,0.69549996,0.70402026,0.702429,0.7053194,0.7112194,0.69008607,0.7157117,0.7012145,0.6962815,0.7071399,0.69202447,0.68942976,0.695707,0.70258695,0.69070303,0.69650424,0.7052962,0.6983148,0.7054572,0.697468,0.69753385,0.70354277,0.68520766,0.7149869,0.7101317,0.6993236,0.7113627,0.6935082,0.7026224,0.68418247,0.6864045,0.7098495,0.69849825,0.70313156,0.71833867,0.6859641,0.71273255,0.6994331,0.683248,0.69028455,0.71003556,0.69132817,0.6988488,0.6947275,0.6891015,0.70839244,0.6951825,0.7035115,0.6925457,0.69991475,0.7011528,0.6967478,0.6982194,0.7096105,0.70200425,0.6990588,0.69705397,0.69449574,0.6906769,0.6928128,0.7035698,0.69761,0.69158113,0.68984836,0.6961456,0.702271,0.7057622,0.7060024,0.68719476,0.6910372,0.70521194,0.6972193,0.6949138,0.69432014,0.7157869,0.6935423,0.71248275,0.69286186,0.70873445,0.7078115,0.70260286,0.6911101,0.6993614,0.71058947,0.7038724,0.70261335,0.7125071,0.6848644,0.6805158,0.7087383,0.6893377,0.7019283,0.6999945,0.7033693,0.6817925,0.6944862,0.7018068,0.6962681,0.69947344,0.6920661,0.69362664,0.7039401,0.714049,0.69503224,0.6955836,0.70622987,0.7051717,0.70781666,0.7016389,0.6967865,0.68314916,0.69987047,0.6995938,0.7080147,0.6973564,0.6801356,0.7081731,0.7060682,0.7106672,0.7003903,0.69076914,0.70231396,0.697749,0.7082712,0.6965372,0.7060786,0.70585316,0.70901185,0.70508474,0.688454,0.70023197,0.6988588,0.6983512,0.6994624,0.700461,0.6946809,0.6950757,0.70111287,0.6965351,0.7003907,0.69820625,0.7037118,0.7032342,0.6940784,0.70581704,0.70821446,0.69654834,0.7008195,0.68743104,0.6943918,0.6959733,0.6872929,0.7159178,0.69731194,0.6920681,0.7000917,0.67968196,0.6885638,0.7006935,0.6887054,0.69708896,0.70688736,0.711628,0.70370555,0.6922225,0.6947553,0.68965733,0.70850265,0.6904833,0.6916189,0.694682,0.7139173,0.6962515,0.69968635,0.6957313,0.7063329,0.6893511,0.69741124,0.6974694,0.6910584,0.6988888,0.6979605,0.70092934,0.709563,0.7063839,0.6959867,0.6940524,0.70928836,0.7016398,0.69258195,0.7018667,0.70170444,0.71494544,0.71513397,0.71127135,0.70655966,0.6977854,0.69983554,0.69441444,0.70024997,0.7085302,0.6897661,0.6888255,0.6909031,0.6889954,0.6876974,0.6888567,0.69443285,0.6968107,0.7005129,0.69077486,0.69655067,0.6989419,0.6909099,0.70932037,0.7029384,0.7000908,0.7027601,0.71092194,0.6998362,0.70032907,0.7021472,0.6980814,0.7078646,0.7017093,0.69646955,0.7208851,0.6909736,0.6855219,0.7100339,0.7001339,0.69372725,0.7002668,0.70283544,0.70580286,0.7002217,0.6947737,0.7047285,0.708189,0.7132591,0.6852351,0.70459604,0.70042604,0.71430063,0.69732493,0.69101644,0.7047877,0.70639455,0.71752083,0.69301295,0.7056941,0.6989517,0.7046811,0.7093794,0.71386915,0.7062025,0.7157166,0.71029073,0.70573545,0.69789857,0.7160466,0.7016437,0.70637244,0.69866794,0.709321,0.7074532,0.7002615,0.6929767,0.6942259,0.69159764,0.7055376,0.6991707,0.69568753,0.68798125,0.6921625,0.705018,0.69430673,0.70800126,0.69795996,0.70634097,0.696259,0.69072527,0.6959824,0.70283616,0.70148027,0.7021542,0.6892159,0.6880827,0.6896958,0.71690196,0.7092724,0.70122564,0.6861817,0.7091537,0.7153566,0.7024137,0.7056603,0.69629246,0.6937375,0.7045047,0.706948,0.6963505,0.71130526,0.7005126,0.6957465,0.7015132,0.7083002,0.7069681,0.69892406,0.7027836,0.68883574,0.70867395,0.70554644,0.70788455,0.7001717,0.70488244,0.7038605,0.6994888,0.6922522,0.71071666,0.70474654,0.6988817,0.70798385,0.69871116,0.6933169,0.6887766,0.6988599,0.7093502,0.6988557,0.68507,0.7062119,0.6810497,0.7070044,0.70268285,0.70644164,0.69511914,0.69852686,0.6927976,0.71684444,0.6921479,0.71460754,0.6908616,0.6958769,0.6960854,0.70161027,0.7092249,0.71080136,0.68987757,0.7023246,0.7026952,0.69807,0.69602054,0.70257145,0.6983163,0.70381546,0.70147747,0.70176494,0.69465923,0.7001435,0.6917915,0.6929082,0.70494455,0.6964242,0.70388097,0.6984979,0.7109078,0.701771,0.6946571,0.7061171,0.7013276,0.7116788,0.7014316,0.70012325,0.7145256,0.6937044,0.7057717,0.70292825,0.6998357,0.6863629,0.70005375,0.7154728,0.6919801,0.7048155,0.69958436,0.6996683,0.6937413,0.6826707,0.71046096,0.68844163,0.70874435,0.6932393,0.6969807,0.69178617,0.7039222,0.70223653,0.70183766,0.70775473,0.70264196,0.710713,0.708071,0.7072226,0.70043916,0.7010489,0.69016844,0.7030862,0.6955062,0.69039416,0.68509895,0.70238084,0.70285106,0.7060937,0.6919313,0.6974746,0.7146258,0.70947146,0.7041065,0.70439607,0.68628806,0.69007826,0.6923367,0.69674945,0.7111292,0.6909169,0.7014202,0.7128869,0.6952484,0.6827303,0.6967301,0.69869304,0.6829964,0.7068129,0.70502925,0.6981842,0.6971497,0.7030842,0.6903244,0.7073283,0.70590496,0.71065074,0.7003045,0.6945937,0.6946717,0.7011344,0.69584435,0.7004623,0.706214,0.70963866,0.70406395,0.6986792,0.69311625,0.6926317,0.6915443,0.6987227,0.70114744,0.6989401,0.7005206,0.70421267,0.6958763,0.70495474,0.6885719,0.6871048,0.7042381,0.70371926,0.69973487,0.7077256,0.6953063,0.7025551,0.69480085,0.68551016,0.7039544,0.6943169,0.69890326,0.6946605,0.7129837,0.7079658,0.68906,0.7090748,0.6971537,0.69924116,0.70221883,0.70470846,0.69162697,0.7129864,0.70239335,0.70475584,0.6982572,0.6925199,0.7053656,0.70166904,0.6977657,0.6786976,0.70822984,0.7028131,0.7067089,0.69785035,0.70873576,0.7116671,0.7015751,0.7076417,0.699251,0.6796286,0.703789,0.6955962,0.7027602,0.7025032,0.68908936,0.69484085,0.6909958,0.70034295,0.69880396,0.7072603,0.6992859,0.7082957,0.70520514,0.68908215,0.72055346,0.7050296,0.70331043,0.7117047,0.68989736,0.7049628,0.6929808,0.69820374,0.6937265,0.7043879,0.69122195,0.6995542,0.69224,0.69722617,0.6892762,0.71165806,0.6899125,0.7155627,0.7013418,0.7091262,0.7136743,0.6846311,0.7049266,0.7033042,0.701967,0.70075274,0.70403653,0.6931541,0.7016267,0.7094891,0.6924892,0.70301247,0.70020694,0.69603723,0.70804983,0.6965437,0.70981705,0.68725765,0.6808957,0.7121686,0.6949298,0.70652425,0.6932934,0.70063716,0.70054805,0.70800334,0.6977156,0.70988995,0.70008147,0.70775014,0.70923007,0.70954907,0.6937831,0.7008044,0.701095,0.69229716,0.7090885,0.70060754,0.7207049,0.70211256,0.6994034,0.68845034,0.69223446,0.69692034,0.6954255,0.6865923,0.7043287,0.69192094,0.6923304,0.69804275,0.69328713,0.7007098,0.6998372,0.7017061,0.70568776,0.69938874,0.70158464,0.70226306,0.70609075,0.70857626,0.70634174,0.6939771,0.7047195,0.70424604,0.7079164,0.7001097,0.69590664,0.7082483,0.701149,0.70465124,0.68608147,0.69920695,0.70598173,0.6989738,0.70572716,0.69718456,0.7036285,0.6906844,0.69274485,0.69642204,0.70835674,0.6974919,0.6984451,0.6892191,0.7038406,0.70325327,0.7073353,0.69655997,0.6887014,0.7085118,0.70572335,0.7067324,0.7066049,0.70106393,0.70693386,0.69647217,0.6944015,0.7110966,0.69977343,0.69162184,0.69278514,0.70028645,0.68610674,0.7113534,0.6977438,0.70556813,0.70255935,0.7007735,0.6989817,0.7075047,0.70416623,0.7057067,0.7137115,0.6926763,0.69549245,0.7030306,0.6957196,0.6888728,0.68846023,0.69467384,0.6923886,0.7064364,0.6863432,0.7125805,0.7022949,0.7000099,0.7046471,0.7066885,0.69789994,0.70304686,0.7133209,0.6919944,0.6992358,0.701196,0.6996589,0.70045644,0.7054488,0.6855163,0.70351386,0.70127016,0.6995554,0.6928509,0.6892386,0.71005034,0.6997013,0.7050839,0.69734174,0.71135515,0.6949601,0.7026211,0.7043905,0.7227569,0.7023974,0.70230836,0.70175004,0.6927956,0.6942356,0.69777644,0.6892082,0.7022841,0.6893383,0.7034808,0.7040541,0.69970584,0.71136916,0.7017613,0.70167875,0.70394504,0.69991004,0.69139117,0.703068,0.7105802,0.70573753,0.69473577,0.70540833,0.6930445,0.68813217,0.69964147,0.6894037,0.71742004,0.68949914,0.7123052,0.6898379,0.6978831,0.70422727,0.704251,0.7119274,0.7000084,0.6847076,0.70672405,0.6959277,0.7033342,0.70999795,0.69593436,0.6947302,0.7015323,0.7069655,0.6933123,0.6919323,0.7027954,0.69549835,0.70389515,0.7041712,0.7023137,0.70439804,0.7067114,0.6969448,0.71061695,0.69893867,0.7067441,0.708381,0.69264966,0.6810034,0.71295106,0.69752496,0.7061614,0.71341866,0.7036564,0.7046668,0.70381594,0.6910142,0.7122868,0.6998937,0.7078738,0.6992106,0.67304003,0.6977156,0.6967735,0.6869061,0.6879187,0.6980739,0.6966293,0.6980959,0.69788206,0.69787234,0.7115549,0.7037612,0.6964756,0.6949525,0.700934,0.69529724,0.69625324,0.696044,0.6807068,0.6916909,0.6929076,0.6956748,0.6994673,0.70529586,0.6964224,0.6927941,0.70991963,0.6970964,0.7106973,0.70794797,0.69234926,0.70077074,0.688451,0.6938256,0.69579035,0.70232296,0.6946701,0.6898535,0.6902795,0.7006489,0.6893152,0.69866097,0.69774556,0.6962835,0.7082992,0.70236737,0.6976802,0.7103564,0.6965269,0.70308065,0.70350945,0.69343513,0.70335555,0.70735955,0.69592196,0.7105138,0.69271684,0.6904378,0.6995593,0.6931987,0.7064198,0.7010364,0.71127635,0.6984013,0.6960462,0.68635386,0.71158236,0.711468,0.70304435,0.69320405,0.7139291,0.6975068,0.71181726,0.70321584,0.7007117,0.6966973,0.70092756,0.7036468,0.6914622,0.6817596,0.6855583,0.7153351,0.6842177,0.7023655,0.6862541,0.68974036,0.7080558,0.71459913,0.7129619,0.70618886,0.6933201,0.70207363,0.6991618,0.70647717,0.69714504,0.69052035,0.6895334,0.7040869,0.7121209,0.69598144,0.7078594,0.70189047,0.6980902,0.7032461,0.7026964,0.6915635,0.7086404,0.6977633,0.69934916,0.70473385,0.67974615,0.6949438,0.70550066,0.6925935,0.7022606,0.7032449,0.7022851,0.70475876,0.6923692,0.7087777,0.70160395,0.71206844,0.69830424,0.69725573,0.6918665,0.7063836,0.71719956,0.70123935,0.70247716,0.70542896,0.6888789,0.7025961,0.69570214,0.70751745,0.6942164,0.69484025,0.69207865,0.69785434,0.7046863,0.7213083,0.69109607,0.69634134,0.7112344,0.7018771,0.7043186,0.6962703,0.7067095,0.69653106,0.7040338,0.6910306,0.70002496,0.71098113,0.69388616,0.69907594,0.69784456,0.6996163,0.69853324,0.6994023,0.7027962,0.70020515,0.7013324,0.7024902,0.7003459,0.70455366,0.69258493,0.69417053,0.70621604,0.6896871,0.69370323,0.69745237,0.69891167,0.7028654,0.7008404,0.69248694,0.70647496,0.70482725,0.6935154,0.6961747,0.70822656,0.71729475,0.6939877,0.7042982,0.70506597,0.6873995,0.7017416,0.6944784,0.6969151,0.6954821,0.6916156,0.7005877,0.69607913,0.7054963,0.7213298,0.71135646,0.69254255,0.7095827,0.7073191,0.7090195,0.7036479,0.7009835,0.69739383,0.7036389,0.70525813,0.7051389,0.68564016,0.6979726,0.70037764,0.694053,0.71010154,0.6975571,0.70077235,0.7045082
0.0,0.0,0.0,0.0,0.0,0.0,0.0,0.0,0.0,0.0,0.0,0.0,0.0,0.0,0.0,0.0,0.0,0.0,0.0,0.0,0.0,0.0,0.0,0.0,0.0,0.0,0.0,0.0,0.0,0.0,0.0,0.0,0.0,0.0,0.0,0.0,0.0,0.0,0.0,0.0,0.0,0.0,0.0,0.0,0.0,0.0,0.0,0.0,0.0,0.0,0.0,0.0,0.0,0.0,0.0,0.0,0.0,0.0,0.0,0.0,0.0,0.0,0.0,0.0,0.0,0.0,0.0,0.0,0.0,0.0,0.0,0.0,0.0,0.0,0.0,0.0,0.0,0.0,0.0,0.0,0.0,0.0,0.0,0.0,0.0,0.0,0.0,0.0,0.0,0.0,0.0,0.0,0.0,0.0,0.0,0.0,0.0,0.0,0.0,0.0,0.0,0.0,0.0,0.0,0.0,0.0,0.0,0.0,0.0,0.0,0.0,0.0,0.0,0.0,0.0,0.0,0.0,0.0,0.0,0.0,0.0,0.0,0.0,0.0,0.0,0.0,0.0,0.0,0.0,0.0,0.0,0.0,0.0,0.0,0.0,0.0,0.0,0.0,0.0,0.0,0.0,0.0,0.0,0.0,0.0,0.0,0.0,0.0,0.0,0.0,0.0,0.0,0.0,0.0,0.0,0.0,0.0,0.0,0.0,0.0,0.0,0.0,0.0,0.0,0.0,0.0,0.0,0.0,0.0,0.0,0.0,0.0,0.0,0.0,0.0,0.0,0.0,0.0,0.0,0.0,0.0,0.0,0.0,0.0,0.0,0.0,0.0,0.0,0.0,0.0,0.0,0.0,0.0,0.0,0.0,0.0,0.0,0.0,0.0,0.0,0.0,0.0,0.0,0.0,0.0,0.0,0.0,0.0,0.0,0.0,0.0,0.0,0.0,0.0,0.0,0.0,0.0,0.0,0.0,0.0,0.0,0.0,0.0,0.0,0.0,0.0,0.0,0.0,0.0,0.0,0.0,0.0,0.0,0.0,0.0,0.0,0.0,0.0,0.0,0.0,0.0,0.0,0.0,0.0,0.0,0.0,0.0,0.0,0.0,0.0,0.0,0.0,0.0,0.0,0.0,0.0,0.0,0.0,0.0,0.0,0.0,0.0,0.0,0.0,0.0,0.0,0.0,0.0,0.0,0.0,0.0,0.0,0.0,0.0,0.0,0.0,0.0,0.0,0.0,0.0,0.0,0.0,0.0,0.0,0.0,0.0,0.0,0.0,0.0,0.0,0.0,0.0,0.0,0.0,0.0,0.0,0.0,0.0,0.0,0.0,0.0,0.0,0.0,0.0,0.0,0.0,0.0,0.0,0.0,0.0,0.0,0.0,0.0,0.0,0.0,0.0,0.0,0.0,0.0,0.0,0.0,0.0,0.0,0.0,0.0,0.0,0.0,0.0,0.0,0.0,0.0,0.0,0.0,0.0,0.0,0.0,0.0,0.0,0.0,0.0,0.0,0.0,0.0,0.0,0.0,0.0,0.0,0.0,0.0,0.0,0.0,0.0,0.0,0.0,0.0,0.0,0.0,0.0,0.0,0.0,0.0,0.0,0.0,0.0,0.0,0.0,0.0,0.0,0.0,0.0,0.0,0.0,0.0,0.0,0.0,0.0,0.0,0.0,0.0,0.0,0.0,0.0,0.0,0.0,0.0,0.0,0.0,0.0,0.0,0.0,0.0,0.0,0.0,0.0,0.0,0.0,0.0,0.0,0.0,0.0,0.0,0.0,0.0,0.0,0.0,0.0,0.0,0.0,0.0,0.0,0.0,0.0,0.0,0.0,0.0,0.0,0.0,0.0,0.0,0.0,0.0,0.0,0.0,0.0,0.0,0.0,0.0,0.0,0.0,0.0,0.0,0.0,0.0,0.0,0.0,0.0,0.0,0.0,0.0,0.0,0.0,0.0,0.0,0.0,0.0,0.0,0.0,0.0,0.0,0.0,0.0,0.0,0.0,0.0,0.0,0.0,0.0,0.0,0.0,0.0,0.0,0.0,0.0,0.0,0.0,0.0,0.0,0.0,0.0,0.0,0.0,0.0,0.0,0.0,0.0,0.0,0.0,0.0,0.0,0.0,0.0,0.0,0.0,0.0,0.0,0.0,0.0,0.0,0.0,0.0,0.0,0.0,0.0,0.0,0.0,0.0,0.0,0.0,0.0,0.0,0.0,0.0,0.0,0.0,0.0,0.0,0.0,0.0,0.0,0.0,0.0,0.0,0.0,0.0,0.0,0.0,0.0,0.0,0.0,0.0,0.0,0.0,0.0,0.0,0.0,0.0,0.0,0.0,0.0,0.0,0.0,0.0,0.0,0.0,0.0,0.0,0.0,0.0,0.0,0.0,0.0,0.0,0.0,0.0,0.0,0.0,0.0,0.0,0.0,0.0,0.0,0.0,0.0,0.0,0.0,0.0,0.0,0.0,0.0,0.0,0.0,0.0,0.0,0.0,0.0,0.0,0.0,0.0,0.0,0.0,0.0,0.0,0.0,0.0,0.0,0.0,0.0,0.0,0.0,0.0,0.0,0.0,0.0,0.0,0.0,0.0,0.0,0.0,0.0,0.0,0.0,0.0,0.0,0.0,0.0,0.0,0.0,0.0,0.0,0.0,0.0,0.0,0.0,0.0,0.0,0.0,0.0,0.0,0.0,0.0,0.0,0.0,0.0,0.0,0.0,0.0,0.0,0.0,0.0,0.0,0.0,0.0,0.0,0.0,0.0,0.0,0.0,0.0,0.0,0.0,0.0,0.0,0.0,0.0,0.0,0.0,0.0,0.0,0.0,0.0,0.0,0.0,0.0,0.0,0.0,0.0,0.0,0.0,0.0,0.0,0.0,0.0,0.0,0.0,0.0,0.0,0.0,0.0,0.0,0.0,0.0,0.0,0.0,0.0,0.0,0.0,0.0,0.0,0.0,0.0,0.0,0.0,0.0,0.0,0.0,0.0,0.0,0.0,0.0,0.0,0.0,0.0,0.0,0.0,0.0,0.0,0.0,0.0,0.0,0.0,0.0,0.0,0.0,0.0,0.0,0.0,0.0,0.0,0.0,0.0,0.0,0.0,0.0,0.0,0.0,0.0,0.0,0.0,0.0,0.0,0.0,0.0,0.0,0.0,0.0,0.0,0.0,0.0,0.0,0.0,0.0,0.0,0.0,0.0,0.0,0.0,0.0,0.0,0.0,0.0,0.0,0.0,0.0,0.0,0.0,0.0,0.0,0.0,0.0,0.0,0.0,0.0,0.0,0.0,0.0,0.0,0.0,0.0,0.0,0.0,0.0,0.0,0.0,0.0,0.0,0.0,0.0,0.0,0.0,0.0,0.0,0.0,0.0,0.0,0.0,0.0,0.0,0.0,0.0,0.0,0.0,0.0,0.0,0.0,0.0,0.0,0.0,0.0,0.0,0.0,0.0,0.0,0.0,0.0,0.0,0.0,0.0,0.0,0.0,0.0,0.0,0.0,0.0,0.0,0.0,0.0,0.0,0.0,0.0,0.0,0.0,0.0,0.0,0.0,0.0,0.0,0.0,0.0,0.0,0.0,0.0,0.0,0.0,0.0,0.0,0.0,0.0,0.0,0.0,0.0,0.0,0.0,0.0,0.0,0.0,0.0,0.0,0.0,0.0,0.0,0.0,0.0,0.0,0.0,0.0,0.0,0.0,0.0,0.0,0.0,0.0,0.0,0.0,0.0,0.0,0.0,0.0,0.0,0.0,0.0,0.0,0.0,0.0,0.0,0.0,0.0,0.0,0.0,0.0,0.0,0.0,0.0,0.0,0.0,0.0,0.0,0.0,0.0,0.0,0.0,0.0,0.0,0.0,0.0,0.0,0.0,0.0,0.0,0.0,0.0,0.0,0.0,0.0,0.0,0.0,0.0,0.0,0.0,0.0,0.0,0.0,0.0,0.0,0.0,0.0,0.0,0.0,0.0,0.0,0.0,0.0,0.0,0.0,0.0,0.0,0.0,0.0,0.0,0.0,0.0,0.0,0.0,0.0,0.0,0.0,0.0,0.0,0.0,0.0,0.0,0.0,0.0,0.0,0.0,0.0,0.0,0.0,0.0,0.0,0.0,0.0,0.0,0.0,0.0,0.0,0.0,0.0,0.0,0.0,0.0,0.0,0.0,0.0,0.0,0.0,0.0,0.0,0.0,0.0,0.0,0.0,0.0,0.0,0.0,0.0,0.0,0.0,0.0,0.0,0.0,0.0,0.0,0.0,0.0,0.0,0.0,0.0,0.0,0.0,0.0,0.0,0.0,0.0,0.0,0.0,0.0,0.0,0.0,0.0,0.0,0.0,0.0,0.0,0.0,0.0,0.0,0.0,0.0,0.0,0.0,0.0,0.0,0.0,0.0,0.0,0.0,0.0,0.0,0.0,0.0
0.8830613,0.87029415,0.87567353,0.87832975,0.879163,0.88034534,0.8884181,0.8757655,0.8883836,0.90238386,0.8712822,0.8973634,0.88996065,0.88439006,0.87035686,0.87113535,0.8775576,0.8762303,0.8780768,0.8739766,0.8841978,0.8732336,0.89192015,0.8726924,0.87831306,0.8810004,0.88086605,0.8788188,0.8705887,0.88273335,0.88234144,0.87882185,0.89033854,0.88174146,0.8831412,0.87428874,0.8714113,0.89679915,0.87323344,0.87765914,0.8784723,0.88248163,0.87332666,0.8890287,0.88371664,0.8788508,0.887591,0.87167966,0.8831672,0.88141274,0.8741429,0.8834625,0.88340366,0.87047327,0.8842554,0.8887454,0.88728297,0.8717374,0.87441784,0.89243984,0.8847129,0.89055765,0.87416244,0.8800534,0.9027504,0.8767169,0.86418813,0.8706631,0.8880777,0.8774794,0.88033324,0.8754774,0.87473506,0.88873607,0.8793255,0.8856125,0.87336034,0.8758461,0.8782365,0.86930144,0.87952316,0.8986737,0.885714,0.87594193,0.87442213,0.87615085,0.88044494,0.87603563,0.8849105,0.885458,0.8806684,0.877479,0.8933136,0.8835107,0.87962264,0.88841563,0.8744964,0.8985647,0.8637646,0.8637162,0.8812718,0.8783867,0.89445966,0.88250196,0.88819677,0.88649297,0.8891516,0.87837136,0.8819128,0.8664268,0.8856306,0.8774777,0.8691032,0.89540577,0.88033164,0.8564377,0.87813187,0.89320076,0.8766155,0.8800065,0.879676,0.8856874,0.8775553,0.87427914,0.88086724,0.8729979,0.8810074,0.87805724,0.8677634,0.8863981,0.8900301,0.885278,0.8786409,0.87873685,0.8878255,0.8770514,0.88796467,0.87767166,0.88422143,0.8843395,0.883998,0.88202435,0.88432133,0.8731955,0.8865023,0.88318956,0.86659795,0.8773577,0.8767079,0.88415307,0.8702583,0.8980499,0.8884802,0.8844336,0.87100595,0.87641376,0.91274756,0.88341707,0.88143235,0.8788652,0.88970196,0.88042134,0.882346,0.88417125,0.8739287,0.8850758,0.86957437,0.8686992,0.88016415,0.89419633,0.8738426,0.88258827,0.88887966,0.8882298,0.87701625,0.88430953,0.87827325,0.8854052,0.8665453,0.88433284,0.8811041,0.88224804,0.88250196,0.88837975,0.86131436,0.8779934,0.8764307,0.8812658,0.8819397,0.8861449,0.89397526,0.88898253,0.88184327,0.88348323,0.86138713,0.88146687,0.87089634,0.8664589,0.86626375,0.89098287,0.8712979,0.8797641,0.87052935,0.88839585,0.87256515,0.8833583,0.87989473,0.8727597,0.8742342,0.87044233,0.8798714,0.8871471,0.8736978,0.882903,0.87948513,0.88892037,0.86542374,0.8780976,0.87550765,0.8880434,0.88193405,0.89111865,0.8799552,0.87814885,0.87207276,0.8767333,0.8730062,0.88217527,0.8744336,0.87516034,0.88148904,0.8744559,0.89861155,0.8663056,0.8884477,0.88350946,0.87885576,0.8861901,0.8735808,0.8784187,0.89079416,0.87945384,0.8831034,0.8905041,0.8688389,0.87867165,0.873427,0.8828359,0.8819344,0.8747108,0.87998646,0.8721013,0.87888074,0.878517,0.8948601,0.8851156,0.8654702,0.8913947,0.8777447,0.87771004,0.8774292,0.8783936,0.87818503,0.8714887,0.87818974,0.8878127,0.8864551,0.88595223,0.88197917,0.88017976,0.88734907,0.89886504,0.8815893,0.8767937,0.889351,0.87569904,0.88033855,0.89031094,0.8779823,0.88672847,0.89422435,0.8901261,0.89459765,0.88061196,0.890928,0.8988919,0.87607676,0.87634844,0.88319975,0.88501334,0.8792118,0.89452845,0.8947694,0.87132734,0.8777192,0.87385494,0.87583333,0.8895923,0.867304,0.87601054,0.869971,0.8659803,0.8812171,0.88133484,0.87452686,0.88761294,0.88516015,0.88076234,0.8815567,0.8705443,0.8770368,0.87389076,0.8857732,0.88163006,0.8744935,0.87227863,0.87591904,0.89729863,0.88284385,0.8811395,0.8707226,0.87542355,0.88981515,0.88278055,0.87236494,0.888152,0.87996465,0.8755263,0.88867664,0.8855884,0.8933339,0.8875596,0.88345635,0.8810621,0.8917152,0.872555,0.88848317,0.87844205,0.87735206,0.88318217,0.88288385,0.872646,0.87629,0.87714136,0.886359,0.8708232,0.8797753,0.8906879,0.8748448,0.8687414,0.8766671,0.87227833,0.8729521,0.8786758,0.8813438,0.88494796,0.8924089,0.8738028,0.87058777,0.8656892,0.8922498,0.8781375,0.8729622,0.8815321,0.87658846,0.8780434,0.88284206,0.8655185,0.8919278,0.86954635,0.8730468,0.8919505,0.8814981,0.8863092,0.88088864,0.871125,0.8888206,0.8878029,0.8780655,0.87073696,0.8795013,0.87769747,0.8806399,0.8803685,0.87917113,0.88465136,0.8859984,0.87926316,0.87126064,0.8833784,0.88490534,0.88515234,0.8894141,0.89008784,0.8708702,0.8861904,0.880828,0.8826204,0.90022117,0.8885364,0.87395775,0.8949665,0.8832877,0.8996054,0.88305277,0.883331,0.8749556,0.8890813,0.8867994,0.86753136,0.8809752,0.8811375,0.88817734,0.87945044,0.8759199,0.88305855,0.88370764,0.874731,0.8919206,0.8756894,0.8862301,0.8933449,0.88357484,0.875521,0.8846506,0.8907001,0.87953126,0.9003571,0.8762742,0.8831082,0.88391626,0.8769442,0.8773256,0.87447727,0.87382656,0.8759719,0.8852023,0.8858996,0.87953043,0.88360095,0.88540095,0.88590705,0.88230354,0.88786936,0.885404,0.8749525,0.8846646,0.8726898,0.8846917,0.8918661,0.8748096,0.8824356,0.890186,0.8889863,0.88563335,0.87496346,0.88274866,0.87284374,0.8866881,0.87442696,0.87919664,0.88135445,0.880383,0.8779446,0.8856986,0.8826086,0.8782963,0.87635803,0.88297194,0.88337356,0.8842896,0.87633926,0.8827889,0.88899475,0.8924793,0.8768078,0.8776501,0.8813676,0.8792887,0.8821512,0.88089067,0.8879099,0.87452716,0.88016534,0.8885012,0.86895925,0.876881,0.88010454,0.87278295,0.88272417,0.8835917,0.8927695,0.8814471,0.8850228,0.87716526,0.8838449,0.8773333,0.8938072,0.87931526,0.87218666,0.87977046,0.8892828,0.88642466,0.8766588,0.8891518,0.88947356,0.86859035,0.87955487,0.8935055,0.87188864,0.8852921,0.88765556,0.88746023,0.87731975,0.87551314,0.9060526,0.88085485,0.88502616,0.8739093,0.8791291,0.8755009,0.89423406,0.87110615,0.8916342,0.89264286,0.8867119,0.88813186,0.87695026,0.868262,0.8883312,0.8789359,0.88379216,0.89250535,0.8702484,0.8817373,0.8708939,0.8723682,0.874907,0.88895386,0.8780329,0.8781619,0.8816662,0.87325245,0.8890503,0.8753669,0.8831254,0.89338136,0.8806355,0.88720125,0.87023413,0.87319434,0.8926231,0.8887989,0.86886996,0.88499445,0.865687,0.8952887,0.879011,0.88895035,0.8750204,0.898849,0.8858821,0.8895425,0.87982816,0.875604,0.8880537,0.8952464,0.8792849,0.86861444,0.8788561,0.88212365,0.89081305,0.88423735,0.87675977,0.88034713,0.8791193,0.875659,0.88938427,0.86814225,0.89505327,0.8762227,0.8695547,0.8809706,0.8819649,0.87448037,0.87458163,0.878999,0.8848367,0.880919,0.8948964,0.8806688,0.8752515,0.88190764,0.88193953,0.8796948,0.8767615,0.87417686,0.8764146,0.8748868,0.89224225,0.8817641,0.9012555,0.8890078,0.8861864,0.8768442,0.878112,0.87845826,0.881367,0.8889697,0.88064104,0.87144965,0.8758273,0.8845968,0.881367,0.8808683,0.87827164,0.88596797,0.8826081,0.87454736,0.8847396,0.8739994,0.87686545,0.8827714,0.88822097,0.875769,0.8864297,0.8845095,0.8837004,0.87960243,0.87112206,0.8856401,0.8870414,0.887706,0.8687197,0.8785464,0.8917146,0.8909245,0.8770158,0.88267916,0.8825137,0.8788966,0.87333107,0.8873666,0.88551325,0.8915421,0.8937244,0.8783396,0.88091356,0.880953,0.8867438,0.87564975,0.8722711,0.89374053,0.88380957,0.8788849,0.89050525,0.888834,0.89916295,0.8876119,0.8702823,0.87621814,0.89811254,0.85693705,0.87102777,0.897401,0.8741576,0.8878921,0.8809956,0.87317586,0.8812985,0.9015626,0.890515,0.88925415,0.8801404,0.8922273,0.8869563,0.8856959,0.8851213,0.8855775,0.8868358,0.87308043,0.87509215,0.8792964,0.8742434,0.8848549,0.88432807,0.88999164,0.8793729,0.87344027,0.88270706,0.8820851,0.87928855,0.86469764,0.8882346,0.8799861,0.88740486,0.8918681,0.87362826,0.8730558,0.88623536,0.8708898,0.87320125,0.8915429,0.8839945,0.87169343,0.87756956,0.881253,0.876737,0.8963942,0.8798931,0.8851919,0.8830489,0.8763786,0.88508224,0.87989515,0.8928444,0.8723474,0.8796681,0.8867317,0.8902701,0.8721258,0.86866826,0.88602275,0.87254465,0.87577486,0.87916386,0.87442005,0.88512784,0.87214524,0.88195884,0.88452476,0.878766,0.88757443,0.8818225,0.8946091,0.8857411,0.8791146,0.8894886,0.8875173,0.86701393,0.8823748,0.87541884,0.8974452,0.8908796,0.8850092,0.8890448,0.88480085,0.8802042,0.891885,0.8789846,0.8754466,0.88452435,0.87574726,0.87649727,0.8891762,0.87701136,0.88331425,0.8854165,0.8749197,0.87692136,0.88129747,0.87773484,0.8802829,0.874028,0.8825102,0.8911811,0.8864346,0.88903296,0.88466454,0.8835478,0.8793608,0.89044356,0.88612,0.88717884,0.87700707,0.87886125,0.87354887,0.88785106,0.891355,0.8770968,0.88116175,0.88711554,0.89027566,0.8792436,0.8752346,0.8811766,0.871517,0.8841184,0.87291366,0.87839043,0.876897,0.87503546,0.8701463,0.8675765,0.8761527,0.87723124,0.8850545,0.87797815,0.88717866,0.8892808,0.88665456,0.877959,0.8761538,0.8810517,0.8732142,0.8864504,0.87904423,0.8753263,0.88030773,0.8766422,0.87702835,0.89667416,0.8748651,0.87848866,0.88099915,0.87316823,0.8796949,0.88737154,0.8768358,0.8890136,0.8714462,0.87113005,0.87350607,0.876582,0.89529973,0.87729347,0.8806723,0.8729998,0.87990963,0.88503224,0.8812772,0.8910773,0.8794099,0.8923952,0.8755183,0.87179923,0.8781318,0.8822011,0.87746376,0.8752988,0.89328647,0.88719153,0.8782525,0.8908811,0.8773035,0.8805058,0.88415676,0.87820244,0.87009907,0.86910474,0.8894268,0.8829683,0.87747025,0.87485015,0.897149,0.8804569,0.86995476,0.877125,0.8808722,0.88187087,0.8887692,0.88395983,0.87451667,0.88350046,0.89014405,0.8764056,0.8809961,0.88102466,0.86980826,0.8837779,0.8828832,0.8835564,0.87417144,0.87495613,0.88146603,0.8833485,0.896289,0.87311506,0.8772015,0.8700849,0.8711015,0.8842945,0.886493,0.8719587,0.88424885,0.8859602,0.8927651,0.875327,0.88313496,0.88068146,0.86671114,0.88757783,0.8836248,0.8718486,0.8798872,0.87127745,0.89230275,0.88088864,0.8677212,0.8884302,0.8863277,0.86683136,0.8769904,0.8813188,0.88204205,0.8821556,0.88522846,0.8899491,0.8851568,0.892663,0.8809027,0.8884371,0.8747119,0.8834591,0.8785408,0.8777428,0.88528913,0.87511563,0.8667817,0.8786857,0.8779875,0.8824731,0.86205894,0.8753216,0.8782847,0.891,0.87776786,0.8976789,0.87437224,0.8757896,0.888654,0.8768726,0.8941874,0.88336873,0.8670742,0.87578785,0.88930106,0.8802416,0.8697656,0.8954069,0.87418133,0.86519533,0.8679075,0.86415607,0.87939423,0.888253,0.8687801,0.8889612,0.8783716,0.88127697,0.8905406,0.8840327,0.8853789,0.8813204,0.87910557,0.8745886,0.8824808,0.87300456,0.88271993,0.8789274,0.87973285,0.87338185,0.8876661,0.873108,0.8922174,0.8646888,0.8746081,0.901206,0.874989,0.88420767,0.8897613,0.8703151,0.86490166,0.8874785,0.89160246,0.8761553,0.8733653,0.874304,0.8731536,0.886803,0.89278084,0.87442917,0.883597,0.8870812,0.8777327,0.89207095,0.8793105,0.8902449,0.8715227,0.8801426,0.89246285,0.8731831,0.87081754,0.87560993,0.88110334,0.8801795,0.8807537,0.8773274,0.8759264,0.8876978
0.7826368,0.7613078,0.7820436,0.7717461,0.7823791,0.766197,0.7812788,0.7691248,0.7737877,0.7816204,0.7655675,0.77122706,0.7783002,0.7599922,0.7772149,0.76953006,0.7621473,0.78019065,0.7658278,0.7703951,0.78412986,0.7961616,0.7625481,0.7695556,0.7788528,0.7690036,0.7582067,0.78393185,0.76874214,0.7825651,0.7789938,0.77335787,0.76648265,0.7709586,0.7756256,0.75378054,0.77274644,0.7703353,0.7654724,0.7699195,0.76246756,0.77875143,0.7739312,0.7838131,0.7713318,0.7629868,0.77891254,0.7660505,0.7682276,0.76404405,0.77615243,0.77301335,0.7860005,0.76371866,0.7701281,0.7767943,0.7736953,0.7793804,0.77190125,0.7712704,0.77790797,0.7749598,0.76082903,0.7643064,0.78561103,0.77931577,0.7737762,0.77141565,0.7936373,0.76967496,0.77470964,0.76904535,0.77941614,0.76565427,0.76519054,0.765429,0.76667124,0.7779405,0.7697031,0.76322305,0.76210254,0.7723522,0.77921414,0.7743559,0.78797793,0.77294075,0.77121943,0.76556545,0.7768678,0.7761312,0.764198,0.7662054,0.75411814,0.76795375,0.77599895,0.77469873,0.7685257,0.7669596,0.7527446,0.7651107,0.78574425,0.78049237,0.77408415,0.7696189,0.7706687,0.7759671,0.76778096,0.7707503,0.7632474,0.767984,0.7742464,0.7795604,0.7542351,0.7613357,0.7712274,0.77937704,0.7762656,0.77924514,0.78673214,0.76580626,0.7778164,0.7724458,0.76631635,0.7756599,0.76542145,0.75725424,0.7821286,0.7735741,0.7724018,0.7736562,0.76351166,0.7605673,0.77785593,0.78213215,0.7733519,0.77955985,0.78889084,0.77264416,0.77503526,0.7762447,0.7775804,0.77827376,0.7726888,0.76468843,0.75964516,0.7774375,0.7736129,0.7662106,0.76987046,0.7750902,0.77546114,0.7717147,0.77902913,0.7638821,0.7691603,0.7779202,0.78942364,0.7800896,0.775722,0.7759562,0.7771169,0.7659102,0.77198106,0.76271784,0.77663076,0.7661415,0.76917076,0.7761308,0.77368224,0.76711375,0.756969,0.7856953,0.79055595,0.7674739,0.75461096,0.77151537,0.77543646,0.7572705,0.77096736,0.7721418,0.76964504,0.7759437,0.77444685,0.78557825,0.76364166,0.774021,0.7546236,0.7668687,0.78743064,0.77589935,0.77656996,0.7846253,0.78070307,0.7723652,0.7693034,0.7752975,0.7824756,0.7567027,0.7594456,0.76109725,0.783382,0.77966696,0.76798373,0.77531284,0.77157,0.76905596,0.75833786,0.7716953,0.75673455,0.7492344,0.77104014,0.7650654,0.76017493,0.7804216,0.7656028,0.7674199,0.78042734,0.7780698,0.7677312,0.7727906,0.7709273,0.7740983,0.75859994,0.7747075,0.7641345,0.7687859,0.77696294,0.7741969,0.7526494,0.7629325,0.77934664,0.7699832,0.77964604,0.7741628,0.76893955,0.77045,0.76412284,0.771424,0.7662411,0.77406526,0.782107,0.781302,0.7669781,0.7754532,0.7560147,0.77254707,0.7626468,0.77593446,0.7738384,0.7801513,0.77120143,0.7669558,0.7713436,0.7768071,0.77983207,0.7890368,0.7778639,0.7732226,0.7675772,0.77408934,0.7664961,0.77422446,0.7674347,0.75725913,0.76333535,0.77854943,0.7734207,0.7785122,0.78528774,0.7634797,0.7808142,0.7815696,0.75876623,0.7769915,0.75583625,0.76878417,0.771036,0.7757941,0.77329606,0.7761323,0.77957803,0.7760088,0.75461644,0.7796985,0.76862913,0.7761759,0.76971453,0.7755665,0.77475923,0.7673558,0.7773638,0.79191405,0.78834754,0.7621485,0.75300455,0.77505165,0.77396077,0.7739364,0.76696676,0.782968,0.7627088,0.7851207,0.77775764,0.7871027,0.7776276,0.7689181,0.7581144,0.7709004,0.7795582,0.7696168,0.7692611,0.7643523,0.76023865,0.7697379,0.7730885,0.7592649,0.78317356,0.76361006,0.7657138,0.7617907,0.76971304,0.7758976,0.7653487,0.76921654,0.7668744,0.7780953,0.75999326,0.7584836,0.7709749,0.77367276,0.7701081,0.75905037,0.7897526,0.7799527,0.77282095,0.7796551,0.77041256,0.76532084,0.7675707,0.780033,0.77625537,0.7789103,0.7726632,0.78691363,0.7499558,0.7641232,0.75528145,0.7725839,0.7741725,0.7725742,0.7657249,0.7759573,0.77246445,0.7960296,0.7715837,0.77605635,0.7833773,0.77177215,0.77442455,0.77385753,0.7802632,0.7697769,0.76805073,0.79194474,0.78404486,0.77236325,0.76754546,0.7685619,0.7612998,0.7637027,0.76775134,0.76669025,0.7813658,0.7627243,0.76838386,0.7638726,0.78024864,0.7629554,0.77567023,0.779786,0.7866103,0.7595867,0.7653066,0.7708222,0.7747882,0.7629789,0.7826816,0.7772382,0.76220244,0.7613752,0.771958,0.77185184,0.77927464,0.7782198,0.77645063,0.76931745,0.770095,0.7764649,0.7705916,0.76788265,0.78827226,0.77460295,0.778587,0.78119326,0.77636343,0.76531786,0.7683846,0.78881747,0.77504,0.7755845,0.76709175,0.77923316,0.7759257,0.7700093,0.76908314,0.7683248,0.77610224,0.77242357,0.77521217,0.76615417,0.7704471,0.7763246,0.7556407,0.7710896,0.7802259,0.75806636,0.7720182,0.7811193,0.7618238,0.76921976,0.77116746,0.7862848,0.7791102,0.7724894,0.7681086,0.7529691,0.790125,0.7821383,0.76684654,0.7715555,0.7701447,0.78177476,0.76612926,0.7745265,0.7616817,0.77809274,0.76859665,0.77811587,0.7738969,0.78632414,0.7636828,0.78265256,0.78081006,0.78355235,0.77867997,0.7811492,0.7782984,0.7727925,0.7576489,0.762049,0.7659956,0.7656101,0.7782101,0.7711441,0.78612834,0.7660189,0.7749164,0.7659768,0.7738374,0.7611618,0.7766117,0.77315605,0.7853453,0.7628316,0.7768058,0.75710315,0.768059,0.77544385,0.77449447,0.75790036,0.78744435,0.7618926,0.766937,0.7587598,0.7774348,0.78289425,0.7676583,0.76873416,0.7746397,0.7772402,0.7629891,0.7747535,0.7726885,0.7684923,0.7631546,0.77391434,0.7665842,0.77780795,0.77455515,0.77232534,0.7725286,0.7729524,0.77149546,0.7729293,0.77444404,0.78062457,0.77352303,0.780939,0.76290166,0.76820797,0.7791722,0.7796125,0.7773138,0.76683825,0.77143633,0.7905635,0.76400113,0.776281,0.76185286,0.77625686,0.75961554,0.7801833,0.7903983,0.7868345,0.7771201,0.75886524,0.7664603,0.78376865,0.76884913,0.75935596,0.7550263,0.76725197,0.76680064,0.77667004,0.7831311,0.77543664,0.7657063,0.77157867,0.769798,0.7643704,0.7725802,0.7771019,0.7719053,0.76523167,0.77468985,0.7780385,0.77213323,0.7678689,0.78413534,0.7721134,0.7630727,0.77141124,0.7757608,0.7672394,0.77553886,0.769017,0.7682669,0.7760726,0.76611674,0.7675725,0.7739154,0.7547561,0.76693845,0.7575666,0.7647063,0.7661829,0.7871074,0.7658747,0.77690536,0.7741886,0.7807479,0.78017086,0.7704702,0.76681304,0.7640403,0.7812258,0.7799156,0.7647449,0.76292825,0.7710299,0.7715201,0.77946776,0.76591706,0.77682054,0.7766799,0.7683837,0.77174664,0.76838434,0.76805145,0.78227425,0.77737314,0.764526,0.76921326,0.7565839,0.7772501,0.7555746,0.7676776,0.77715635,0.7718633,0.7680961,0.7612315,0.77045715,0.77209175,0.7802578,0.76151544,0.7581328,0.7830425,0.7661947,0.77177364,0.77083313,0.7697032,0.76509076,0.7564851,0.79489625,0.7674776,0.77049804,0.78108376,0.76470375,0.7635959,0.77431035,0.75974655,0.7565813,0.76294935,0.7769065,0.7648697,0.7715471,0.7700599,0.76967275,0.76784825,0.78246063,0.7653069,0.7734395,0.7751047,0.7693583,0.7760452,0.7735156,0.78403157,0.7737562,0.7651097,0.7757532,0.7758594,0.76319206,0.77659273,0.7651911,0.77790636,0.77447546,0.7737702,0.77665204,0.7735012,0.7734557,0.78280205,0.77762026,0.76173985,0.76722926,0.7671402,0.7705634,0.78081167,0.7741875,0.7646467,0.7751787,0.771195,0.7857815,0.7722421,0.76352805,0.7823776,0.75962764,0.7779021,0.77580047,0.7753807,0.7596056,0.7751863,0.78022134,0.7756587,0.7726052,0.77650523,0.76096374,0.760788,0.77658087,0.7846577,0.76375693,0.7757449,0.76772094,0.78169394,0.7606664,0.7757907,0.7654016,0.7684485,0.77293026,0.7558176,0.76863176,0.7647941,0.7708376,0.7670847,0.78561664,0.7744939,0.7648509,0.760044,0.77716565,0.75490195,0.77044374,0.7643898,0.774235,0.7777724,0.7746783,0.7552601,0.77035934,0.7753959,0.7677347,0.7718008,0.7807555,0.7840778,0.7814059,0.78631085,0.76479626,0.76785696,0.78585196,0.77169347,0.7760415,0.7807681,0.7693019,0.773174,0.7627449,0.789921,0.78288746,0.77811974,0.7806478,0.75876766,0.77475524,0.7613211,0.7673074,0.77442497,0.7648231,0.76262224,0.77404076,0.7853157,0.7635176,0.7762871,0.7741694,0.77178824,0.7679879,0.7752892,0.7857933,0.77006334,0.763808,0.7652511,0.7758006,0.7749074,0.7793699,0.7742103,0.7700688,0.76909906,0.78293264,0.7705008,0.77398884,0.77907777,0.7753439,0.7825136,0.7702262,0.7674504,0.76104283,0.7771165,0.7732984,0.7718939,0.77839744,0.77123183,0.76810694,0.78842455,0.77746266,0.7707916,0.7813878,0.7587799,0.77065015,0.75949943,0.7718658,0.7701561,0.77801365,0.78482336,0.77521384,0.7807765,0.77657866,0.7778408,0.7678303,0.7628858,0.77411544,0.7697912,0.7651615,0.7715446,0.77689254,0.78125155,0.7643776,0.7636184,0.7631602,0.78324616,0.76346827,0.76614076,0.77757037,0.769013,0.7653506,0.7746281,0.7723297,0.77532965,0.76688534,0.7607175,0.76517206,0.7708438,0.762115,0.7705511,0.7787075,0.7757948,0.7658335,0.7754653,0.7670754,0.77588564,0.77233565,0.75648427,0.76815087,0.76720583,0.77538705,0.7761465,0.77735186,0.7740828,0.7736752,0.7689445,0.78115803,0.7655178,0.7727279,0.76749825,0.7632007,0.77057177,0.7720401,0.7664458,0.7817246,0.77887446,0.7777308,0.7621297,0.77124816,0.7767336,0.7837647,0.7770884,0.774387,0.7818035,0.7686109,0.7760229,0.77666223,0.7727842,0.77612615,0.78708494,0.75853276,0.7729764,0.77517194,0.78001696,0.7771362,0.7755215,0.7603314,0.762513,0.76229143,0.779768,0.7600375,0.7669529,0.7727346,0.77260685,0.7809343,0.7713319,0.7641123,0.7615236,0.77212745,0.77588516,0.7633547,0.7814549,0.7589846,0.7662642,0.76251733,0.778613,0.78521496,0.7758147,0.7828282,0.7814733,0.77913314,0.7659878,0.7694682,0.76832885,0.7708883,0.7766211,0.762286,0.7762133,0.775902,0.7664295,0.75320446,0.7708818,0.76310873,0.7630211,0.76503134,0.76720846,0.7714359,0.7638801,0.7696679,0.7597798,0.76569545,0.7810638,0.7792869,0.7787107,0.77980983,0.7682659,0.77005154,0.7608907,0.77362573,0.7767022,0.772573,0.7645954,0.7687696,0.7810637,0.7609421,0.78182214,0.77582234,0.766497,0.77094835,0.76711154,0.7683332,0.76870555,0.77912235,0.77307373,0.76589936,0.7771396,0.7756164,0.7541847,0.777397,0.7635465,0.77177,0.77049685,0.7595013,0.7731184,0.7628611,0.7767842,0.7607172,0.7791656,0.77646977,0.7781077,0.78456146,0.7669985,0.80119294,0.7588279,0.7594472,0.7691771,0.76288545,0.7645387,0.77300173,0.7697253,0.77668077,0.7701002,0.76743424,0.7665913,0.766891,0.7697377,0.7692356,0.7813742,0.7832431,0.7694023,0.78683245,0.7841696,0.7629833,0.78809625,0.76713824,0.77062386,0.7621254,0.7750473,0.76777494,0.7724357,0.77939004,0.7682409,0.7779044,0.7635443,0.77627707,0.77024215,0.7854789,0.78067243,0.7708296,0.7704352,0.7663496,0.77058256,0.76099926,0.77996117,0.77096254,0.768837,0.7824308,0.78190476,0.7890581,0.77553874,0.772423,0.7704072,0.76082206,0.76180553,0.7756557,0.77311933,0.76342386,0.75164336,0.78252745,0.78121346,0.7763846,0.7661536,0.7728987
1.0843971,1.0816982,1.0832012,1.085007,1.0939971,1.0811478,1.0870702,1.0849607,1.0909058,1.0952448,1.0815027,1.0901378,1.0715232,1.1120491,1.0837036,1.0849812,1.065477,1.0947125,1.0850854,1.0794728,1.095141,1.0960994,1.0705333,1.0720524,1.1066434,1.0886097,1.0917138,1.0798413,1.097007,1.0823971,1.0963799,1.0878073,1.085454,1.0727321,1.0864196,1.0885634,1.0785286,1.0942388,1.0927513,1.0865314,1.0852711,1.0823209,1.0932628,1.0849136,1.084054,1.0874636,1.0868961,1.0776192,1.0917252,1.0838442,1.0894128,1.1112489,1.0743423,1.0980983,1.0858151,1.0968211,1.0906466,1.0824327,1.0845311,1.0864122,1.08239,1.0997665,1.0949771,1.083552,1.1083868,1.0941701,1.0829371,1.0699947,1.1026692,1.0930886,1.0956875,1.0792994,1.085711,1.1009315,1.0824587,1.0760294,1.0883131,1.0948449,1.0902863,1.0954788,1.0926636,1.0923374,1.0904813,1.0816189,1.0849,1.0960362,1.0890794,1.0726657,1.0927992,1.0909252,1.0887815,1.0820805,1.0907512,1.0898622,1.0697902,1.0947093,1.0875981,1.0944351,1.0898087,1.0845515,1.1087747,1.0926178,1.0905161,1.0948625,1.087562,1.0840027,1.0915374,1.0889593,1.0895272,1.0815418,1.0920757,1.0882397,1.0970143,1.0813769,1.0956072,1.0892515,1.0739734,1.0921414,1.0731857,1.0848149,1.0858806,1.0853639,1.090172,1.0912749,1.088521,1.0941662,1.092424,1.0875509,1.0736102,1.0887915,1.0871335,1.0987403,1.0901285,1.0914979,1.0905722,1.093147,1.0746467,1.0817854,1.0788155,1.081851,1.0828547,1.104588,1.0725873,1.09442,1.0805904,1.0771241,1.0933181,1.0975326,1.1056343,1.0706235,1.0957549,1.0946469,1.0850226,1.0624796,1.0727353,1.094726,1.093293,1.0883859,1.0903463,1.0976181,1.0965424,1.0873803,1.0920609,1.0849729,1.0899376,1.0904642,1.0943568,1.0832137,1.0724189,1.0985444,1.0839685,1.0953457,1.0919945,1.1011477,1.0850044,1.0871602,1.0844561,1.0759414,1.0900561,1.0802073,1.1034287,1.1074684,1.0926964,1.0980228,1.0747823,1.0937111,1.0955774,1.0870619,1.0970738,1.0855849,1.0899891,1.0930213,1.0924629,1.0824655,1.0763767,1.0905855,1.0947189,1.091276,1.0860903,1.0884979,1.0898327,1.0906019,1.0927691,1.08403,1.0856124,1.0818039,1.0793266,1.091199,1.0859103,1.0918064,1.0892907,1.086606,1.0984292,1.0886725,1.0859002,1.0897657,1.0877168,1.0829958,1.0965704,1.0708144,1.0812368,1.0879594,1.0900635,1.0878792,1.0720317,1.0845486,1.0842518,1.0853517,1.0788645,1.0816308,1.083711,1.0805124,1.0919327,1.0943733,1.0775583,1.0872592,1.0876681,1.0830802,1.0950814,1.0841677,1.0995001,1.0815256,1.09557,1.0825689,1.0761609,1.0935098,1.0912051,1.1015564,1.089327,1.0953808,1.0895855,1.0920837,1.0926415,1.0775023,1.098996,1.069157,1.0995158,1.0950282,1.0903755,1.0928675,1.0919266,1.0949551,1.0838615,1.0693109,1.0869817,1.0729107,1.0881401,1.0998117,1.1027768,1.0858073,1.1001146,1.0958291,1.1040967,1.0928549,1.0882894,1.0819316,1.0863905,1.0767883,1.0779037,1.0841383,1.0922828,1.0912349,1.0941966,1.0911517,1.0913111,1.080953,1.1012801,1.0804172,1.1051116,1.0775433,1.0854723,1.0950707,1.1009294,1.0810802,1.0864853,1.0701057,1.0634263,1.0928755,1.0810628,1.0940404,1.0804473,1.0774176,1.0839543,1.0786964,1.0922261,1.0712436,1.0734835,1.0762575,1.0926049,1.0731424,1.0875636,1.1015875,1.0793062,1.0851301,1.0813684,1.0929885,1.0772109,1.0937258,1.0887443,1.0856562,1.0908778,1.0853454,1.1007156,1.081713,1.0973136,1.0866083,1.0797567,1.0869088,1.087518,1.0804054,1.0831947,1.0815407,1.0811992,1.0853636,1.0967425,1.0918278,1.0883154,1.0964465,1.0998865,1.0770984,1.0870149,1.085681,1.0829142,1.098374,1.0833657,1.0786319,1.0740526,1.0947815,1.0883969,1.0949206,1.0927513,1.0954986,1.0869586,1.0807981,1.0834135,1.0747086,1.084956,1.0725996,1.088813,1.0866706,1.0923309,1.084542,1.0820736,1.0921977,1.086125,1.083747,1.0887183,1.0860194,1.0994458,1.0627906,1.0859137,1.0907345,1.087256,1.0886536,1.0936034,1.0852193,1.0834299,1.0911458,1.1044359,1.0835997,1.0910109,1.0805061,1.0829856,1.0773774,1.0794126,1.0964961,1.1010958,1.0899348,1.0919678,1.0948086,1.083241,1.0923072,1.0908097,1.0948658,1.077146,1.078308,1.0774825,1.0930527,1.0795264,1.0974596,1.0840678,1.0774294,1.0927727,1.0779033,1.101798,1.0744678,1.0871335,1.1034006,1.0941485,1.0787367,1.0908595,1.0922734,1.0840458,1.0846398,1.0666736,1.0845577,1.0922604,1.103693,1.081938,1.0903082,1.0825593,1.0811408,1.0916079,1.0938405,1.0951889,1.0827941,1.0771381,1.087022,1.0876964,1.0741193,1.0883394,1.0987881,1.0796527,1.0954264,1.093213,1.0890973,1.0907745,1.0870283,1.0907637,1.083341,1.0805753,1.0838954,1.0653293,1.0886207,1.0778027,1.0884918,1.0824393,1.0835019,1.0943189,1.0800521,1.077689,1.0772996,1.091649,1.0921134,1.0853193,1.0981821,1.0946859,1.0774426,1.0882008,1.0728397,1.0723121,1.0881126,1.102372,1.0906523,1.0986178,1.0873746,1.0996228,1.0793744,1.0891771,1.0774137,1.0970522,1.0905522,1.0830224,1.0766703,1.0894094,1.0885155,1.085351,1.092074,1.0861803,1.0733014,1.078814,1.082285,1.0919313,1.0861496,1.0899862,1.089613,1.0921037,1.0912662,1.083531,1.0888379,1.0909299,1.0863694,1.0798742,1.0966687,1.0962179,1.0889481,1.1013542,1.1022898,1.097146,1.1038584,1.0859644,1.0787873,1.0796251,1.0838466,1.1018336,1.1000364,1.0795884,1.0810577,1.079417,1.0728223,1.087818,1.1029971,1.0973899,1.0905176,1.0852865,1.0856421,1.0862668,1.0742304,1.0869071,1.0627432,1.0924567,1.0851048,1.1004528,1.0951606,1.0731372,1.0817467,1.0881435,1.0941925,1.0833493,1.0844804,1.082493,1.0828774,1.0883842,1.0986955,1.094773,1.0784315,1.0807865,1.0801519,1.0833455,1.0936722,1.1031032,1.0848826,1.0829103,1.0960934,1.0956373,1.0652785,1.0809661,1.0771478,1.1014698,1.0808667,1.0723169,1.088252,1.0953716,1.0858334,1.0750275,1.0834601,1.0893931,1.0882696,1.0989984,1.1022635,1.0962279,1.0799226,1.0704906,1.0980887,1.0637515,1.1006786,1.0933923,1.0843488,1.0846369,1.0914326,1.0748483,1.0805166,1.0988348,1.0880961,1.0917752,1.0839611,1.0866433,1.0886836,1.0651947,1.0880347,1.0886834,1.0835001,1.0977416,1.0966797,1.0878282,1.094729,1.0878811,1.0783914,1.0815072,1.0877112,1.0852152,1.0967389,1.081809,1.0733459,1.0651624,1.0834147,1.0867876,1.0869563,1.0888695,1.0899849,1.0782473,1.0842277,1.0886912,1.0800059,1.0815445,1.0908698,1.1062254,1.0788713,1.0803063,1.083155,1.0879003,1.0894371,1.0815158,1.0971692,1.0849857,1.0859544,1.0994724,1.094683,1.0689263,1.0820322,1.0943928,1.0770277,1.090268,1.0914013,1.083362,1.0913469,1.074614,1.0977281,1.0751336,1.0768282,1.087438,1.0788095,1.0849756,1.0914915,1.0789042,1.089332,1.1009622,1.0881865,1.0971632,1.0938993,1.0811303,1.0788646,1.0860064,1.0854608,1.1011199,1.0954996,1.0890551,1.0771419,1.0848069,1.0904615,1.081459,1.0846151,1.0679399,1.0917069,1.0756329,1.0763092,1.0773976,1.0864381,1.0713443,1.084208,1.0872753,1.0892949,1.0863351,1.0817777,1.098655,1.0953952,1.0848272,1.0982188,1.0892663,1.08362,1.0877782,1.0813538,1.0834185,1.0937456,1.087246,1.0828754,1.0756638,1.0862461,1.0835477,1.0797539,1.0996659,1.0979749,1.1004097,1.074696,1.0983522,1.0978004,1.0966238,1.0946758,1.0795568,1.0744282,1.0769744,1.0790596,1.0861177,1.0899051,1.0853416,1.0930284,1.0878106,1.0888458,1.0831954,1.096487,1.081573,1.092678,1.085508,1.0961155,1.090392,1.0825771,1.0990673,1.0848997,1.0792947,1.0886906,1.1000636,1.0801511,1.1046379,1.0818802,1.0701386,1.1052904,1.0767578,1.0908695,1.0919384,1.0830393,1.0884715,1.0920813,1.0872248,1.0755733,1.0870446,1.0865432,1.0641879,1.0981684,1.08965,1.0849406,1.0835166,1.091889,1.0729393,1.0836271,1.0933273,1.079585,1.0875032,1.0764973,1.0858213,1.0847387,1.074362,1.0731132,1.0915982,1.0711241,1.0885972,1.0891725,1.0984205,1.0893154,1.0934114,1.0870911,1.0875915,1.083151,1.0840988,1.0826015,1.08895,1.0876317,1.0892335,1.0797141,1.082357,1.0865387,1.0706178,1.0799906,1.0886899,1.0852808,1.0806967,1.095319,1.0803075,1.0692321,1.0967382,1.0827075,1.0861468,1.082578,1.0842884,1.0979129,1.0866786,1.0776702,1.086285,1.0914603,1.0892162,1.0953997,1.0913478,1.10104,1.07324,1.0832332,1.0910764,1.1036978,1.0793964,1.094147,1.0860652,1.1024654,1.0895895,1.0909522,1.0897403,1.075351,1.088027,1.087182,1.0865078,1.0721712,1.0886467,1.0908908,1.0989349,1.09158,1.089183,1.0928417,1.102561,1.0834092,1.0846785,1.0857887,1.0837326,1.0941815,1.0984602,1.0915434,1.0841817,1.0749867,1.0909654,1.080457,1.0876017,1.0874224,1.0787522,1.0910558,1.0963256,1.082752,1.0879523,1.0909499,1.0937502,1.0714746,1.0840218,1.0932524,1.0844836,1.0948511,1.0970453,1.0883129,1.094868,1.091545,1.104526,1.0765805,1.0845585,1.082575,1.0917336,1.0981126,1.0915596,1.0984813,1.0769628,1.0986829,1.0791632,1.0843716,1.1068398,1.0884851,1.1071128,1.1010095,1.0833844,1.0932226,1.0819414,1.0824193,1.0953015,1.0901091,1.0837268,1.1001974,1.0815275,1.0875721,1.0906726,1.0928588,1.0828148,1.0944573,1.0969945,1.0923375,1.0796213,1.0848147,1.0874122,1.0807991,1.0857477,1.0995816,1.0922564,1.0839313,1.0726019,1.0919812,1.0841056,1.0895274,1.0669272,1.093664,1.0897808,1.0842638,1.1050609,1.084307,1.0858777,1.0734727,1.0968375,1.0581592,1.0870218,1.0714743,1.0843762,1.0922964,1.0776927,1.0832208,1.092283,1.0979764,1.0924731,1.0778079,1.094617,1.0899701,1.0919425,1.0858947,1.0771766,1.0899059,1.0807035,1.091592,1.0947876,1.0918617,1.0783046,1.0909967,1.0800383,1.0760738,1.0802567,1.0897112,1.0878553,1.0733074,1.0736094,1.1023356,1.0900608,1.0996575,1.0745062,1.0939269,1.086019,1.0919063,1.0954185,1.0944753,1.0889225,1.0793371,1.0835431,1.0704331,1.0846809,1.08781,1.0876961,1.0766891,1.0996121,1.0750864,1.0928473,1.0727221,1.0731745,1.0882391,1.0782421,1.0906297,1.0814564,1.0872719,1.0847483,1.0879195,1.0852215,1.0710932,1.0819645,1.0784688,1.0863833,1.0801016,1.0760862,1.0846171,1.0940739,1.0897573,1.0805598,1.0937405,1.0884258,1.0852487,1.0898397,1.0987002,1.0851202,1.0756048,1.0914716,1.0926613,1.0935895,1.1036092,1.0842874,1.0911808,1.0852562,1.0923021,1.0911183,1.0908297,1.086011,1.0918248,1.0764345,1.0852565,1.0983576,1.0910009,1.0917999,1.0723023,1.0792183,1.0857811,1.1038277,1.0878242,1.0908918,1.0766749,1.079211,1.0899578,1.0769087,1.0803474,1.085398,1.0987141,1.0858784,1.0960313,1.094642,1.0881927,1.0731435,1.1016755
0.16558248,0.1619604,0.15433563,0.17960817,0.17280523,0.15462174,0.17687659,0.17079845,0.15768814,0.16417564,0.16995573,0.1923012,0.1663531,0.16465318,0.16203818,0.15780978,0.16923498,0.17779206,0.16063568,0.1719637,0.15914834,0.18382837,0.15556397,0.17398557,0.16336842,0.17548205,0.18668948,0.16704214,0.16340962,0.17479703,0.17677718,0.17975123,0.17658658,0.17157444,0.1716724,0.17698933,0.17190258,0.16996208,0.17794713,0.17863867,0.17870307,0.18548104,0.16039078,0.17100224,0.16224875,0.16806756,0.16168492,0.16870359,0.16377741,0.16909564,0.16607855,0.17926466,0.18407866,0.16577502,0.17433405,0.17633507,0.15052159,0.177794,0.16459978,0.17734219,0.15705132,0.1683046,0.16483274,0.17052615,0.17237374,0.1627815,0.15823944,0.17078403,0.16729233,0.15729335,0.1703493,0.15920386,0.17321333,0.15993091,0.17346293,0.15673192,0.16192207,0.16513,0.16493523,0.17675664,0.15772694,0.17126186,0.16882496,0.17712884,0.17448236,0.15903182,0.17143503,0.1577331,0.15368849,0.16699839,0.16803077,0.17103903,0.16186647,0.18280168,0.18498933,0.1682433,0.17963219,0.16557024,0.1700925,0.1537951,0.16263103,0.15917926,0.17508799,0.16563743,0.18414474,0.15782478,0.17214668,0.17081377,0.16968584,0.18452397,0.15930972,0.17465247,0.15783131,0.17523861,0.17174521,0.16284353,0.1578415,0.16963623,0.16381583,0.15876451,0.1874534,0.17451017,0.16421503,0.17610566,0.17271772,0.16226897,0.15927444,0.19017142,0.17447968,0.17841272,0.16488236,0.1645639,0.17164758,0.17762946,0.17920415,0.16356184,0.18117516,0.1533395,0.17478667,0.1724191,0.16782686,0.17215805,0.17784591,0.17220032,0.17069054,0.17049024,0.17586711,0.16737431,0.15672067,0.17847537,0.1610727,0.16898373,0.15068334,0.17528464,0.17812878,0.1688126,0.15423334,0.16581923,0.16988553,0.17420523,0.17435883,0.17085108,0.1593038,0.1539698,0.16476548,0.17342569,0.16000554,0.17098139,0.17539293,0.17974025,0.17407371,0.16672789,0.17679882,0.1750131,0.16959135,0.16939108,0.15839863,0.16906711,0.17214866,0.17797655,0.15623808,0.1440564,0.17177878,0.16409673,0.17561485,0.16297093,0.17532757,0.17612249,0.15639725,0.15496716,0.17172119,0.18050572,0.16742295,0.16591093,0.18703772,0.17531142,0.15749848,0.16039959,0.1626675,0.17626123,0.1666083,0.16280936,0.17941816,0.17947142,0.17999949,0.17504819,0.17313394,0.16601254,0.17748925,0.15863875,0.17578086,0.16212144,0.18038185,0.17547257,0.17545182,0.15464942,0.16159463,0.16247274,0.1525214,0.1659636,0.17649071,0.16526702,0.16373782,0.17270823,0.16061255,0.1778663,0.15659943,0.17539284,0.16606994,0.17558658,0.16927883,0.17417154,0.16037548,0.15432183,0.17528693,0.16683452,0.17061934,0.16737047,0.1536787,0.1770275,0.16590248,0.17695034,0.18149197,0.17247732,0.16884285,0.16753466,0.1589406,0.17025654,0.1538559,0.1740529,0.17235444,0.14767602,0.16609126,0.17567204,0.17075382,0.16836387,0.15587056,0.17147814,0.16828862,0.16964623,0.16865355,0.1709572,0.17497085,0.1596264,0.17250524,0.17407677,0.17775674,0.1847964,0.169364,0.16506717,0.162247,0.18056895,0.15777102,0.16861661,0.16231209,0.17365834,0.17474763,0.18629825,0.17471825,0.1692158,0.17462447,0.17325148,0.1747009,0.17324424,0.17076226,0.1738763,0.17743531,0.1713382,0.1741092,0.17067873,0.17841712,0.15819187,0.1624617,0.17055981,0.15019844,0.18729463,0.18161066,0.17316598,0.1764114,0.15579103,0.16477796,0.16291183,0.17441988,0.18984388,0.15483306,0.15905932,0.17515115,0.16044399,0.1627289,0.17936036,0.16097042,0.15885237,0.17852123,0.17400636,0.1665074,0.1615881,0.17390442,0.17264289,0.17483383,0.16728383,0.1641344,0.17862213,0.16560136,0.15845743,0.18169233,0.17549978,0.17925605,0.16368902,0.16426778,0.17658019,0.1807828,0.16810828,0.18567869,0.1701228,0.17498498,0.16119362,0.16879722,0.17246357,0.16403355,0.18238159,0.17243066,0.17509732,0.17471012,0.15133384,0.16258517,0.1692022,0.14948753,0.16442044,0.16535214,0.16590528,0.16938347,0.15291281,0.17463128,0.1560032,0.16255143,0.17142317,0.1727934,0.1685854,0.16412574,0.15710531,0.16705003,0.17909673,0.15769023,0.17074136,0.15533873,0.16803548,0.1587258,0.16203436,0.17591618,0.18421508,0.16332543,0.16097763,0.17961729,0.1829573,0.16823943,0.18153086,0.18012217,0.16397785,0.16986309,0.17003253,0.16631128,0.16541779,0.1799289,0.17557812,0.17170306,0.15753597,0.18213561,0.17575866,0.16642278,0.17793855,0.18043154,0.17796496,0.17582247,0.1957639,0.17558756,0.1723043,0.17871314,0.17399171,0.17494631,0.17639606,0.1680505,0.1840077,0.16074851,0.1720736,0.18393025,0.1749023,0.16405487,0.17100014,0.16381267,0.1781902,0.17078826,0.1695374,0.1827303,0.18294646,0.15841977,0.16477361,0.15886354,0.1795871,0.17404884,0.1815968,0.1609032,0.16662094,0.15991935,0.16183689,0.17233089,0.16831626,0.16711286,0.17266321,0.16401401,0.17910537,0.15925547,0.16924453,0.17656621,0.16565698,0.15424682,0.15750158,0.16425958,0.17094064,0.16013148,0.16310248,0.1731963,0.15822023,0.16408406,0.17038113,0.16452153,0.16426495,0.16868047,0.17533349,0.1641087,0.16576079,0.17392239,0.18575853,0.18283728,0.16445787,0.16825952,0.16447593,0.17662124,0.173491,0.16535482,0.17052408,0.17681938,0.16914208,0.15288912,0.17697756,0.1654166,0.1766817,0.17355083,0.1616654,0.16253659,0.17597575,0.17134671,0.18870905,0.16842687,0.17230628,0.16273552,0.17772952,0.17082489,0.16190824,0.15928274,0.16723475,0.17726208,0.17746457,0.18259595,0.15231931,0.17034118,0.16362174,0.16987798,0.14849222,0.16351888,0.1802673,0.15600428,0.17941728,0.17390993,0.1540798,0.15709534,0.16829441,0.17267634,0.16202314,0.15814304,0.15928483,0.16847661,0.18035625,0.17607166,0.18044382,0.16541561,0.17078489,0.16642858,0.1653123,0.1746147,0.15590496,0.17078632,0.17515182,0.17052716,0.17082505,0.17060454,0.16208768,0.17000467,0.17218849,0.1573134,0.17790425,0.17265175,0.15387306,0.16849259,0.1792908,0.17238386,0.1782682,0.17202336,0.16524419,0.16559619,0.16206567,0.16885823,0.16731532,0.16346374,0.17345104,0.1771775,0.17794886,0.17455435,0.17889829,0.16767986,0.18131468,0.16678509,0.16552347,0.1678139,0.18097171,0.16445594,0.17053735,0.17521843,0.17056288,0.16811843,0.18032342,0.15784577,0.16834144,0.17350356,0.16982038,0.16767764,0.17263645,0.173729,0.15585132,0.1682009,0.16032849,0.16598082,0.1653068,0.16283128,0.1614338,0.16279823,0.17432699,0.17209515,0.16911702,0.18570009,0.17412978,0.17449662,0.16495728,0.16530629,0.1696605,0.17375034,0.18168531,0.17335723,0.1566225,0.17287521,0.17049992,0.16515155,0.1738708,0.16756243,0.15388535,0.1696984,0.17092207,0.17087036,0.16593769,0.1678712,0.17673284,0.18590026,0.16372493,0.16112088,0.15901728,0.18693113,0.1604391,0.1729985,0.1729244,0.17228629,0.16377342,0.17738461,0.18610182,0.17342347,0.17214897,0.18930748,0.16027558,0.17261809,0.16287756,0.17733964,0.17589177,0.17307904,0.15773429,0.16484027,0.16361094,0.16802494,0.14894417,0.16346982,0.15832742,0.16485539,0.15637589,0.16734543,0.18667696,0.18077356,0.17347495,0.16017179,0.16110669,0.19286385,0.1724679,0.16764596,0.1687641,0.15751016,0.17883247,0.16571698,0.1680964,0.17310248,0.16009668,0.16729036,0.16667032,0.16957319,0.164,0.1790745,0.1758776,0.16924405,0.17753752,0.1605345,0.17305861,0.16453397,0.16668546,0.15831487,0.19195881,0.16747351,0.16401622,0.1681387,0.17205425,0.17561047,0.17088118,0.1617022,0.17794079,0.17351328,0.16585058,0.16607137,0.1765553,0.17086679,0.18168643,0.17250106,0.1630432,0.15415585,0.18291643,0.16832635,0.15756257,0.17726101,0.16161026,0.17062208,0.16802032,0.17537823,0.15697458,0.16792865,0.18021809,0.16067053,0.17103992,0.16261207,0.16498663,0.16976044,0.15489037,0.18112566,0.15374836,0.16486154,0.17179006,0.16729353,0.18794534,0.1750414,0.17267904,0.1823562,0.16469231,0.17402586,0.16270232,0.17400354,0.17236155,0.16766845,0.17787346,0.16117877,0.17241575,0.16346434,0.16459917,0.1530194,0.15828747,0.18038177,0.16361003,0.15622611,0.18762392,0.16536741,0.17288634,0.1657251,0.17606813,0.17360131,0.17523694,0.18344787,0.1682755,0.1670943,0.15149692,0.18756631,0.173036,0.1788588,0.15984155,0.16141608,0.1818213,0.18060872,0.17567012,0.17033201,0.16461581,0.16154118,0.16612941,0.1695891,0.16089126,0.1768501,0.17010897,0.16268665,0.17724451,0.16370974,0.16299671,0.16359936,0.16261768,0.1873042,0.15972559,0.17666149,0.16365921,0.1680667,0.1825275,0.1781095,0.16490427,0.17301548,0.17926647,0.16426891,0.16238105,0.1690315,0.16594714,0.15867703,0.16278751,0.17914572,0.18437374,0.16804087,0.1719751,0.16688113,0.15670219,0.16051476,0.1740675,0.16709556,0.18856809,0.17518848,0.16852522,0.1880641,0.16826198,0.17265867,0.1641902,0.16512017,0.17048071,0.17456023,0.15638995,0.17452954,0.17592247,0.17093009,0.17307422,0.15772812,0.17060241,0.15907611,0.15188414,0.17706758,0.17891407,0.16010651,0.1544917,0.15789513,0.16662025,0.16726476,0.15801968,0.17103596,0.16247176,0.16384143,0.16576219,0.1722083,0.18783405,0.1641012,0.175161,0.16706942,0.16777922,0.18056096,0.16745558,0.17161213,0.18296787,0.16096845,0.1697018,0.16942808,0.17067936,0.1749848,0.1914843,0.16647786,0.165604,0.15132073,0.17260107,0.16378933,0.15920714,0.16779639,0.16985147,0.18359867,0.16405204,0.16732633,0.16972703,0.16484478,0.17093821,0.17219278,0.1664794,0.14813145,0.17059557,0.16017878,0.15827212,0.16381621,0.17596963,0.17155531,0.17979433,0.16171339,0.1716541,0.16184756,0.17207795,0.1719578,0.16906063,0.171472,0.17053045,0.1686874,0.17711142,0.1625852,0.1589156,0.1978293,0.1654821,0.17410848,0.17683084,0.16129957,0.17453358,0.16181338,0.15484619,0.16291001,0.17673701,0.16657977,0.155401,0.17767593,0.17167895,0.15956292,0.16512063,0.1492777,0.17485172,0.16980714,0.16894957,0.18069753,0.17892206,0.17207405,0.17054236,0.18237329,0.16503401,0.17514329,0.17019364,0.17231987,0.18093057,0.17507525,0.17112602,0.158081,0.16008411,0.1767061,0.1733945,0.17035343,0.17027743,0.1671248,0.17754762,0.15796596,0.17033322,0.17265469,0.17109376,0.18311086,0.16495994,0.16817704,0.1705305,0.16098507,0.17690754,0.16598257,0.16704267,0.17090087,0.16209823,0.17470601,0.16340838,0.16877182,0.16586159,0.17317466,0.1642127,0.17302349,0.1779686,0.15502636,0.16890092,0.17219001,0.17761086,0.17865992,0.1526406,0.1631627,0.16764687,0.18706518,0.17687374,0.16411203,0.18004143,0.14848956,0.16702582,0.18218333,0.174094,0.17057116,0.1681225,0.17805737,0.17044647,0.16449662,0.16684425,0.16543233,0.18249427,0.168684,0.16972096,0.18047127,0.17409681,0.15423408,0.15505645,0.16412617,0.17076842,0.1796788,0.15771012,0.16950855,0.17331165,0.17919913,0.17123419,0.17052059,0.17487374,0.16291432,0.15662263,0.17606114,0.1758858,0.17486583,0.15232393,0.15967879,0.17315042,0.1743343,0.1553311,0.18094362,0.16648993,0.16958871,0.17723285,0.15404387,0.16929662,0.17393246,0.17252286,0.17418794,0.18000294,0.16831815,0.16428457,0.17032409,0.17275745,0.17083429,0.17088985,0.16930318,0.16446388,0.17387529,0.18009715,0.15930603,0.16712958,0.16619508,0.18157572,0.16212414,0.16129118,0.16678473,0.16513802,0.16745545,0.17382073,0.15650462,0.1750988,0.16525334,0.16516975,0.17738286,0.16040197,0.16204463,0.17923826
