0.5118726,0.5164746,0.52141297,0.51573485,0.5146962,0.51227576,0.51293623,0.5177701,0.5176592,0.51511955,0.51049215,0.5118049,0.51193315,0.5200707,0.5132965,0.5012027,0.5041526,0.53168094,0.51748276,0.5219126,0.5387535,0.5315401,0.4982413,0.5243967,0.5111959,0.5208415,0.5063328,0.51804256,0.5338819,0.52567387,0.53023255,0.50494283,0.5052993,0.5298272,0.5070819,0.52476865,0.51696664,0.53032297,0.5164942,0.51473075,0.51356083,0.5187967,0.5187117,0.5107544,0.54404277,0.515658,0.5108489,0.531001,0.5135744,0.5412402,0.5172368,0.5021535,0.5272525,0.5103693,0.5153314,0.51592064,0.5082551,0.51578265,0.5092013,0.49934372,0.518384,0.52654755,0.5180394,0.52447206,0.51730895,0.52225304,0.53456026,0.51912975,0.51509297,0.52646995,0.50989485,0.5201924,0.51087075,0.5018643,0.4988661,0.5161232,0.520856,0.50609004,0.52039623,0.52758336,0.51535493,0.49976897,0.5295341,0.52869,0.5220503,0.5246725,0.53219545,0.527405,0.5194711,0.51194966,0.51534003,0.5237583,0.51774675,0.5043729,0.52435565,0.5150605,0.5187784,0.5066315,0.50532824,0.5204858,0.5122653,0.5158059,0.519649,0.5244807,0.49844682,0.509233,0.502111,0.52211237,0.5200698,0.5266307,0.525925,0.51520437,0.512803,0.5242976,0.5206436,0.5093358,0.512646,0.52517194,0.5109942,0.5324283,0.504634,0.50609267,0.49862736,0.51379395,0.5358053,0.5093327,0.5224095,0.52240705,0.50410116,0.51595855,0.50455433,0.5074533,0.5148056,0.5135155,0.5296485,0.5145322,0.52952635,0.5178912,0.52626044,0.5202111,0.5123627,0.5207415,0.5178537,0.51115364,0.5082017,0.5045209,0.5229679,0.5243583,0.50793034,0.5057165,0.50813454,0.5203561,0.50651455,0.5069977,0.52713144,0.5220662,0.5177824,0.5330582,0.5196358,0.51836073,0.5211168,0.5174673,0.5055654,0.4933085,0.50303495,0.50719875,0.51949316,0.52472883,0.5104373,0.5232975,0.51445854,0.51411396,0.5203318,0.5244195,0.5253688,0.5191044,0.50849336,0.52802664,0.51540405,0.51978517,0.50790274,0.49805626,0.5299491,0.51160425,0.51858866,0.51133627,0.5089852,0.50065583,0.5285967,0.52834004,0.5138712,0.5200518,0.52119094,0.5097682,0.51357234,0.509685,0.5141039,0.51250947,0.52697575,0.5183628,0.51347965,0.51059973,0.50854194,0.5112084,0.5109426,0.51026934,0.5115891,0.51420754,0.5334968,0.5234959,0.52287304,0.5311224,0.507233,0.5074906,0.5027505,0.51423913,0.52743053,0.5089042,0.52309436,0.52880806,0.51725537,0.50769293,0.5181421,0.5119797,0.5156621,0.51891744,0.5158614,0.517584,0.5045046,0.5381104,0.50665635,0.52293897,0.5069701,0.5211139,0.5007466,0.5201933,0.5154045,0.5186896,0.5319414,0.52131724,0.5087903,0.5200914,0.5039437,0.51253325,0.5234381,0.51281726,0.5200911,0.5173854,0.52344537,0.51838034,0.5133086,0.5215873,0.4966332,0.53903955,0.5108749,0.5299019,0.5115227,0.50964606,0.51163065,0.519981,0.52024156,0.51735574,0.52866733,0.49673128,0.51588607,0.53140247,0.51604503,0.5207798,0.51893073,0.50839776,0.52915776,0.51047814,0.5113099,0.5100107,0.5145493,0.51573855,0.522282,0.5189135,0.5197397,0.5106779,0.51770645,0.4947527,0.52731466,0.5139586,0.5124704,0.5210719,0.5270801,0.5341634,0.5196061,0.5139635,0.50904995,0.5136178,0.51319695,0.52160215,0.50996614,0.50985885,0.51880825,0.5230395,0.519296,0.5196301,0.5191928,0.5246488,0.5092054,0.5275387,0.53118396,0.5169789,0.5307571,0.52582204,0.52271336,0.514846,0.5183005,0.519988,0.5284645,0.5337147,0.5218025,0.5204077,0.49696037,0.51566094,0.5207285,0.51803535,0.51897067,0.51419055,0.51677525,0.5170217,0.5329706,0.53028965,0.5192809,0.50326777,0.5163397,0.5144871,0.500707,0.50539565,0.5193991,0.5170918,0.51792425,0.5023985,0.51579034,0.5101306,0.52382916,0.5099005,0.5089286,0.5066138,0.53305334,0.5185054,0.52468854,0.5234626,0.50928456,0.5166282,0.50839007,0.5294798,0.5251308,0.5126457,0.52253085,0.527351,0.5188104,0.5518889,0.5165764,0.51646566,0.5341834,0.5207996,0.5166751,0.51278573,0.51275116,0.51203614,0.5150924,0.5151932,0.51544523,0.526361,0.5242853,0.5118446,0.5183362,0.5166948,0.51311535,0.51853746,0.5089197,0.50981057,0.5125166,0.5246474,0.5216182,0.5137519,0.5266032,0.5319865,0.5104933,0.5034071,0.5091985,0.51546013,0.5272021,0.5120909,0.5081086,0.5125051,0.5242141,0.5104185,0.5196997,0.5184217,0.5145863,0.51851,0.51414144,0.51528794,0.52072924,0.52717686,0.5253388,0.49684387,0.49836728,0.5323146,0.52385724,0.4957936,0.51239693,0.5196853,0.51998144,0.5160894,0.5243614,0.52916163,0.51816183,0.5153016,0.50434804,0.53828394,0.5281688,0.52305245,0.51240164,0.5269502,0.52633893,0.5176397,0.50842583,0.50741494,0.506414,0.50916266,0.51635164,0.5259109,0.51187706,0.5162151,0.5051646,0.5255345,0.4993813,0.5194937,0.5154997,0.52330893,0.5114078,0.52926004,0.50478214,0.5088894,0.5158338,0.5086361,0.53048927,0.4931324,0.54946303,0.51433015,0.5106497,0.5102514,0.5102172,0.5060563,0.5091287,0.5179744,0.5193367,0.51934165,0.5198829,0.5255698,0.507189,0.52669543,0.51608753,0.5119677,0.5324743,0.52458066,0.50843656,0.53576624,0.5190155,0.517418,0.5210625,0.514561,0.53055555,0.524989,0.50078326,0.5414757,0.5150617,0.52567303,0.5179241,0.5184035,0.53043365,0.50301373,0.5203187,0.52387553,0.52555007,0.5046325,0.5201625,0.5280947,0.50800675,0.5168564,0.52172154,0.5206241,0.5059408,0.5197506,0.516097,0.5274895,0.51473033,0.51898605,0.50839853,0.52136093,0.5193954,0.5242958,0.5078747,0.51256025,0.51250327,0.49940333,0.5119274,0.51883054,0.52371436,0.51876146,0.52906346,0.4923249,0.52663255,0.52193433,0.5178849,0.51578456,0.50704694,0.525684,0.5144486,0.51169556,0.51460415,0.49719787,0.5065525,0.5102392,0.506519,0.5061693,0.5061605,0.50789326,0.5187623,0.50737524,0.5067504,0.51607156,0.5099094,0.5146138,0.52854645,0.50556034,0.5341087,0.53514826,0.52469325,0.50863427,0.52401567,0.501695,0.5168115,0.53172284,0.5160712,0.5148154,0.50497645,0.5230355,0.5186525,0.5118621,0.5201287,0.5071659,0.5156563,0.524854,0.5015151,0.52455544,0.52304965,0.5105897,0.534181,0.5029711,0.51451606,0.5256977,0.49640387,0.52263397,0.5197878,0.50469273,0.51775336,0.5116256,0.51734626,0.52204174,0.5197675,0.5215344,0.53320855,0.5161991,0.5079121,0.5304566,0.5267492,0.5282001,0.51441973,0.50535625,0.51164514,0.53427196,0.5063822,0.5076562,0.5252236,0.5155436,0.53440803,0.5137876,0.5159306,0.5042558,0.49709675,0.5105565,0.5140068,0.515349,0.49957526,0.5152638,0.52454346,0.5190422,0.5127903,0.51595145,0.51155066,0.50492257,0.49648482,0.51506644,0.53961587,0.5219444,0.50396365,0.5123339,0.52337235,0.51798147,0.51277083,0.52800804,0.5151336,0.52535915,0.5218012,0.5066839,0.50163037,0.5101859,0.52303475,0.5116662,0.5124226,0.50988275,0.5105272,0.5208846,0.50689125,0.5151614,0.5052061,0.5111031,0.5408839,0.51261663,0.5106346,0.5113888,0.52788115,0.5298217,0.52593327,0.51983047,0.51823056,0.5086346,0.5139011,0.5185589,0.51078665,0.52094984,0.5141792,0.5025487,0.50791985,0.50345325,0.5119542,0.5330152,0.5043799,0.51636565,0.5199515,0.51670057,0.53758556,0.5194461,0.5145034,0.51772773,0.5159395,0.5171226,0.5166226,0.50610757,0.5144275,0.5297736,0.5047313,0.5177387,0.5156492,0.5027501,0.5063957,0.5185341,0.5237481,0.51187295,0.52021974,0.49435636,0.5215388,0.51569676,0.5093631,0.5064786,0.5360654,0.52250004,0.49651963,0.52055657,0.5096774,0.5176806,0.5178527,0.51145244,0.51184785,0.51793,0.51902694,0.5155063,0.5211358,0.51909643,0.51608443,0.5162572,0.5193549,0.5321643,0.5200944,0.5186355,0.50669205,0.5119008,0.5110852,0.5217099,0.5173473,0.5305401,0.5046723,0.5075652,0.53002936,0.5122254,0.5161628,0.53179795,0.51426315,0.5139165,0.5163018,0.52250123,0.5125455,0.5105351,0.51221913,0.5025507,0.5146664,0.5240605,0.5242993,0.5269923,0.5353338,0.51634014,0.5024295,0.49892703,0.50827235,0.5364153,0.5233761,0.52278215,0.51424336,0.5069861,0.50925833,0.52203345,0.52116,0.52828264,0.5094639,0.50680864,0.5143579,0.5211404,0.52030313,0.53950214,0.500145,0.50430524,0.5218641,0.5042539,0.5197952,0.538308,0.5146079,0.5108033,0.51580054,0.5282058,0.5177766,0.52355933,0.52318394,0.50934976,0.51200575,0.51609445,0.5122198,0.5269394,0.5185,0.5232027,0.5192903,0.5282284,0.532262,0.50521404,0.49629426,0.50536567,0.4961584,0.5080076,0.5240485,0.52193475,0.51635903,0.51639366,0.51861686,0.52334255,0.50805146,0.50552297,0.5252557,0.5188206,0.51113826,0.5116272,0.5106763,0.5206561,0.5281148,0.51904774,0.4995421,0.5214276,0.5151875,0.5167309,0.5060349,0.50974745,0.5263978,0.5267941,0.5084402,0.521915,0.5161108,0.50851357,0.52663493,0.5199029,0.5229773,0.51910865,0.4942904,0.512366,0.5335158,0.5145346,0.5194438,0.50722295,0.50575286,0.5144811,0.5255812,0.51795405,0.5205581,0.5149229,0.51177883,0.4945334,0.51505435,0.5167671,0.52110386,0.494326,0.5044759,0.51891583,0.5210706,0.5179069,0.52048385,0.5180466,0.51314485,0.51636887,0.5210493,0.5191283,0.52594376,0.51696837,0.52900475,0.500421,0.51169074,0.503767,0.5054369,0.51088905,0.51824296,0.5138723,0.51448345,0.4985696,0.5043727,0.5404082,0.5159156,0.5104564,0.5189812,0.5350522,0.51359075,0.50411,0.50725543,0.49291405,0.5172383,0.5240561,0.5307895,0.503681,0.5120993,0.5235109,0.52885514,0.51921034,0.5177724,0.50796515,0.51591754,0.51738304,0.5197479,0.51865155,0.5212032,0.52062917,0.51042134,0.51942897,0.5192733,0.51457417,0.5219414,0.5291418,0.5179734,0.5190414,0.5095179,0.5155986,0.5219288,0.49974295,0.5155722,0.5048548,0.53186244,0.51849616,0.52635044,0.5219361,0.5182606,0.5148335,0.5182156,0.5184937,0.5067282,0.5322424,0.5215197,0.5135545,0.523553,0.5095577,0.52950543,0.52682406,0.5337329,0.5380574,0.5070345,0.5264394,0.51905835,0.5103343,0.5201723,0.50939596,0.51755524,0.5337607,0.5406935,0.5200354,0.5187852,0.51240677,0.51437676,0.5183718,0.5214266,0.5185654,0.52052397,0.5232206,0.5235706,0.5092163,0.52281505,0.50585115,0.53186816,0.51367867,0.5251836,0.5130456,0.5166768,0.52926207,0.51697373,0.5020428,0.501071,0.5158052,0.5291675,0.51876223,0.5268753,0.52249044,0.49540955,0.5116285,0.50470966,0.52029043,0.52108335,0.5101657,0.52555716,0.4983163,0.519628,0.51566476,0.519103,0.51536125,0.52367884,0.51468587,0.52410764,0.50219434,0.53900915,0.50619197,0.5142727,0.51688534,0.5058885,0.5298258,0.5212785,0.52286446,0.512953,0.5246115,0.5172096,0.5082873,0.50458014,0.5215453,0.5108596,0.51224166,0.50892377,0.5306618,0.50407153,0.5201356,0.5185896,0.5230784,0.5353597,0.4969143,0.5245723,0.5307154,0.51529163,0.5097979,0.5239746,0.51767313,0.51077515,0.5142416,0.5182181,0.5217003,0.531779,0.5241124,0.524514,0.5206658,0.50467294,0.53086805,0.5237467,0.51818526,0.51230943,0.5150356,0.52893454,0.5371963,0.5161206,0.5001223,0.5205583,0.5102172,0.5211452,0.5198849,0.5037416,0.52042073
0.50725293,0.49336347,0.5034729,0.49786028,0.49369088,0.5008793,0.5114318,0.507398,0.4981303,0.49758798,0.49912515,0.50281346,0.49805862,0.5113956,0.49053147,0.5064316,0.49851912,0.5021298,0.4913777,0.50656694,0.49401414,0.49302718,0.4948452,0.50670725,0.49125943,0.50629056,0.5016792,0.50298214,0.5039568,0.51137483,0.49424642,0.4910999,0.50857973,0.5065813,0.4947528,0.4955315,0.49164316,0.5007879,0.4954551,0.49223578,0.5016418,0.505895,0.52260524,0.50366455,0.50707436,0.50230205,0.5057156,0.5153728,0.5164144,0.50368416,0.49521098,0.50400615,0.49617478,0.5012921,0.5013524,0.4868634,0.49868354,0.506233,0.49632424,0.4798589,0.5061632,0.50131315,0.49868262,0.501273,0.50411195,0.5100594,0.49462554,0.50226986,0.50707895,0.51570135,0.48683387,0.49915975,0.4938644,0.49487406,0.48922837,0.51167893,0.5075958,0.49407667,0.5082469,0.4994281,0.49131277,0.49564186,0.5275511,0.5177818,0.49657923,0.5094078,0.50408685,0.5108532,0.505308,0.4968542,0.5120334,0.495378,0.5050287,0.49854064,0.5003687,0.49032757,0.5081453,0.5040741,0.48411074,0.49866495,0.5111625,0.50025874,0.49431738,0.50487953,0.5121332,0.50735724,0.4957908,0.5033084,0.50023615,0.5001252,0.5004552,0.49254796,0.49413365,0.503527,0.51636916,0.50603,0.5132036,0.49865663,0.49514407,0.49814773,0.49123088,0.4879495,0.5008955,0.50798124,0.49580085,0.496515,0.52105,0.50098264,0.49882296,0.49687505,0.49235296,0.5064133,0.48943448,0.5159765,0.4850982,0.49382406,0.51258534,0.50596017,0.52396625,0.51122606,0.5054009,0.49732593,0.5080841,0.5072388,0.5195749,0.47731137,0.5038148,0.50486493,0.4966596,0.51434785,0.49998942,0.50473905,0.5002519,0.4994306,0.49530685,0.5024341,0.49717182,0.49669573,0.49667296,0.5136337,0.49020788,0.50076646,0.4873197,0.51441395,0.48789626,0.48632362,0.50816095,0.5089692,0.49970946,0.49808547,0.4993031,0.51116925,0.501581,0.5067297,0.50994426,0.5002464,0.49646568,0.51718223,0.4952115,0.5110902,0.5008811,0.50256586,0.50702596,0.49926057,0.51024354,0.5037636,0.5017984,0.5037448,0.50089014,0.49751025,0.4917694,0.50672245,0.4987187,0.50411934,0.52693003,0.50127167,0.5040717,0.49804735,0.494122,0.49388227,0.49353555,0.5069052,0.51112664,0.5011936,0.5046215,0.51352865,0.5172796,0.5031304,0.49920902,0.5009405,0.49058306,0.50147736,0.5071762,0.5140404,0.49888185,0.5107266,0.51103294,0.49281082,0.4963259,0.5112434,0.50560814,0.48638022,0.5048186,0.5102657,0.48421946,0.50488174,0.49409553,0.50545263,0.50354165,0.5074558,0.50600517,0.50308233,0.49627662,0.5084502,0.49695724,0.4957653,0.51239234,0.49532878,0.5172582,0.5046741,0.48886275,0.5020608,0.49799165,0.49849033,0.5112751,0.49018723,0.49941474,0.5070372,0.5106672,0.4959416,0.49980667,0.5114203,0.50413597,0.50358784,0.50030875,0.5106423,0.5017547,0.50362706,0.5065783,0.50722826,0.50144774,0.48806512,0.48816386,0.5031806,0.50053734,0.49592072,0.5148375,0.49186885,0.5209623,0.5069701,0.4925433,0.51505786,0.49604678,0.5045557,0.5104501,0.5011289,0.5015931,0.50259537,0.5057757,0.50494313,0.49984628,0.4884457,0.50349486,0.503365,0.51607794,0.51534426,0.49325547,0.51151806,0.5101073,0.50639564,0.5101482,0.5035433,0.49991006,0.502395,0.5146013,0.50522095,0.49075535,0.51392734,0.49314293,0.50927126,0.49266025,0.5130688,0.4975537,0.5033147,0.49440956,0.5133012,0.49911276,0.512462,0.5034717,0.50399137,0.5102439,0.4990786,0.5102221,0.49449164,0.5041438,0.5002952,0.49468285,0.5110831,0.49296868,0.5062846,0.49207327,0.5030148,0.5084698,0.48936084,0.4997595,0.4946942,0.5158841,0.49873427,0.49118286,0.5041087,0.5072312,0.5007023,0.51410896,0.5105462,0.51019764,0.48651162,0.49452606,0.5036284,0.52241033,0.51112807,0.50011736,0.50169414,0.49651438,0.50177735,0.506986,0.49733284,0.5063311,0.50542414,0.47912344,0.4961809,0.50291353,0.5020725,0.50407714,0.51692516,0.5115078,0.5029506,0.5004441,0.48630756,0.4981873,0.5024124,0.4847262,0.50216657,0.5004688,0.50168574,0.51191545,0.48974153,0.50504607,0.52284795,0.49632773,0.5159196,0.5084004,0.5015059,0.51086473,0.5020686,0.5060481,0.5102876,0.5031682,0.50461537,0.5014545,0.5026289,0.5012717,0.5044505,0.4939964,0.5013708,0.48531273,0.4937346,0.4985706,0.49679455,0.502367,0.5051349,0.49681017,0.50020564,0.49503574,0.48782828,0.4958082,0.50308603,0.5016842,0.49088338,0.5038395,0.50365555,0.5014432,0.49542305,0.48665038,0.5150674,0.5007578,0.50045735,0.5022057,0.5118603,0.4959735,0.52303755,0.49424934,0.5021948,0.48758703,0.4909246,0.5003275,0.509632,0.50486803,0.4855899,0.49771392,0.5039985,0.50515026,0.50329125,0.4941101,0.49885312,0.5027665,0.5039296,0.51434255,0.5006931,0.48840153,0.5061036,0.4888764,0.49963778,0.49083206,0.50409055,0.50720376,0.5067472,0.5000412,0.4987419,0.5012004,0.48656827,0.50655466,0.50542635,0.50749904,0.51370484,0.504219,0.49701744,0.5010445,0.4901821,0.4951296,0.4974104,0.51280886,0.50754684,0.4885499,0.5004791,0.49656633,0.48921096,0.4776154,0.5008901,0.49739042,0.48610783,0.521072,0.50600106,0.4997369,0.5162539,0.4935792,0.49537084,0.5030975,0.492467,0.49775946,0.51530945,0.48492277,0.51016855,0.53502226,0.49236643,0.5017666,0.503098,0.4968361,0.503824,0.50459003,0.49445146,0.5095736,0.5052513,0.49971864,0.49540475,0.4952521,0.5030109,0.48193952,0.5083603,0.49722487,0.4979342,0.50926137,0.5004034,0.49709097,0.50613344,0.52104,0.5041485,0.5003017,0.5113816,0.5018414,0.50228864,0.5013718,0.49154955,0.50876665,0.5010288,0.5069314,0.5099785,0.4953584,0.51208425,0.50683063,0.50411266,0.49198058,0.49877602,0.49996328,0.50296456,0.49987695,0.506416,0.5103204,0.5000015,0.49871752,0.511517,0.50237656,0.4944635,0.50191414,0.49761647,0.5067271,0.5025032,0.4986946,0.49314293,0.5035588,0.5060726,0.5025584,0.49800554,0.51074064,0.51300585,0.51518875,0.49993637,0.5052622,0.49955326,0.49289453,0.4998866,0.48981124,0.5007807,0.5155241,0.50396824,0.4994404,0.505295,0.51937056,0.5056065,0.49036643,0.5071774,0.4959188,0.5019239,0.5018315,0.50701886,0.5119187,0.49051294,0.5088712,0.5161116,0.49875402,0.5024462,0.50708324,0.49990898,0.5173875,0.5073454,0.5095065,0.5017988,0.5019475,0.5051464,0.49992818,0.5109177,0.48844513,0.4886576,0.4959395,0.49683157,0.49385276,0.50390166,0.49122003,0.506374,0.49477464,0.50057113,0.5034342,0.49942905,0.49743956,0.49089295,0.48593265,0.50725406,0.50680244,0.4939156,0.4953843,0.49300802,0.50386065,0.4933862,0.51230013,0.4909959,0.4859396,0.48532742,0.4968793,0.5050068,0.5077548,0.48569834,0.47748578,0.50514615,0.50192994,0.49897054,0.5036178,0.50152546,0.5068513,0.50641274,0.49644032,0.49524966,0.49656296,0.49676585,0.4981813,0.4953508,0.49805757,0.50261056,0.49183762,0.4936438,0.4985242,0.5115956,0.4895767,0.4982457,0.5013651,0.50164604,0.49203986,0.494455,0.5086752,0.49617413,0.5092949,0.5072639,0.49068326,0.48733702,0.48580036,0.50476503,0.49932736,0.50277835,0.49449974,0.50468576,0.510276,0.50257516,0.49258807,0.49478382,0.50595933,0.51119983,0.48294222,0.48925528,0.5113116,0.4970768,0.51267827,0.5062021,0.5056499,0.49728948,0.4990954,0.49099016,0.49886468,0.49709028,0.5047027,0.51277095,0.5056815,0.5048832,0.5089924,0.5061557,0.48858196,0.50296676,0.4938309,0.49667135,0.49820596,0.498905,0.5054525,0.4957475,0.51053244,0.49330187,0.5014596,0.48361433,0.49639896,0.5108659,0.48076037,0.4977276,0.51514864,0.49769253,0.4954165,0.48599577,0.51602966,0.50707495,0.5200222,0.5019033,0.4989784,0.5219976,0.5075206,0.50344247,0.5163852,0.5073849,0.50332063,0.5099866,0.4998034,0.50317335,0.51509327,0.5011511,0.48927754,0.5094358,0.5058775,0.49720097,0.51123685,0.5003325,0.48991302,0.4975312,0.50227094,0.49542955,0.5054899,0.49318147,0.49542776,0.5001883,0.5037082,0.50926477,0.49016768,0.49454844,0.49918905,0.50915396,0.4980607,0.4907516,0.49988762,0.5013432,0.51096,0.4830671,0.50494426,0.49814332,0.49480832,0.4972237,0.5208409,0.48648444,0.5035027,0.5066949,0.4956222,0.50282395,0.5060333,0.5066408,0.50897205,0.49709755,0.49510774,0.5036475,0.51072127,0.50584567,0.5019413,0.49436408,0.5000154,0.49731657,0.49678928,0.51523054,0.5096485,0.49425524,0.5030246,0.48734176,0.49198157,0.5023183,0.508651,0.50944126,0.50054866,0.4895715,0.4978076,0.48747402,0.4993139,0.5155796,0.49677163,0.51222885,0.5032172,0.5049212,0.50397134,0.5125065,0.49344546,0.5013307,0.48909563,0.4953473,0.51092887,0.48551494,0.49887496,0.4943093,0.4918659,0.49316362,0.50622034,0.5011124,0.49940223,0.49735755,0.49290076,0.50765955,0.48475114,0.49441022,0.503486,0.5028674,0.4998086,0.4932158,0.49272755,0.49669766,0.5020205,0.5136492,0.51562834,0.50246185,0.5006964,0.51564395,0.5196007,0.490748,0.49621293,0.48430374,0.50276667,0.4982258,0.5120102,0.510246,0.490837,0.5060204,0.48433343,0.505338,0.5081912,0.49388856,0.49967214,0.4984286,0.4981237,0.49622208,0.5050321,0.48871404,0.49380028,0.49362266,0.5101888,0.49971786,0.5004812,0.5171826,0.5039293,0.49496326,0.49818233,0.49986073,0.48871619,0.4943694,0.49471313,0.5024881,0.48376483,0.49022856,0.48425505,0.4991073,0.50535667,0.50653255,0.51085013,0.5018966,0.50952446,0.50418884,0.49724624,0.5118733,0.50457627,0.48437145,0.50498253,0.49784026,0.51240695,0.48798934,0.49474436,0.5048826,0.4989124,0.50211334,0.49748263,0.5055446,0.5193213,0.5049487,0.50485045,0.48117733,0.5109956,0.5027185,0.49266768,0.49843463,0.5111919,0.49939877,0.49619812,0.4943354,0.51815367,0.49940035,0.5041857,0.50696754,0.502033,0.50590914,0.49600908,0.4965781,0.5023156,0.48660198,0.4994781,0.4950115,0.49494323,0.51536554,0.5004048,0.50368303,0.5096611,0.4999843,0.51858556,0.48693988,0.4998495,0.4993276,0.4790977,0.50664914,0.5081859,0.50747836,0.51205605,0.51270705,0.5023579,0.4904309,0.49603605,0.4929183,0.5018411,0.4928563,0.50642896,0.4928062,0.4937993,0.50519806,0.49119404,0.49876347,0.5098754,0.500504,0.5073498,0.49380538,0.5050473,0.4888612,0.5036277,0.49865228,0.5173987,0.5137613,0.5085476,0.49400032,0.48490554,0.47817197,0.5150694,0.50588995,0.49832916,0.49280122,0.50083697,0.4907831,0.49664456,0.4869961,0.4939784,0.49578863,0.505698,0.4996077,0.50307167,0.5027428,0.48474383,0.49956504,0.49527866,0.4901303,0.49612248,0.49322027,0.50657743,0.511102,0.50129145,0.5073658,0.5124976,0.49781337,0.49517697,0.51001084,0.50327975,0.5036606,0.5120481,0.50146884,0.50500894,0.4980515,0.5035841,0.4814518,0.49575204,0.49190262,0.49252036,0.49929798,0.4974478,0.49477232,0.48862362,0.5024606,0.4939603,0.48828477,0.5096885,0.47789055,0.49997675,0.51196563,0.49879113,0.49990296,0.5090135,0.5016124,0.4920134,0.5022071,0.51282656,0.50072604,0.5003207,0.5096944,0.5116164,0.49985886,0.5007791,0.49978423,0.49767825,0.49573305,0.49116582,0.497134,0.5023416,0.49711305,0.49955767,0.48863137,0.4978535,0.48820755,0.5107423,0.5022576,0.49567014,0.49819744
0.51908547,0.5264098,0.5137744,0.5355014,0.53092027,0.51958466,0.50857717,0.5274155,0.51982754,0.5210951,0.5307347,0.52119327,0.5221771,0.5168996,0.5078474,0.51413226,0.5269419,0.5309331,0.51988214,0.52111214,0.5345558,0.516218,0.5233193,0.5086791,0.5099861,0.5189451,0.5186953,0.5331807,0.5369966,0.5185181,0.5211929,0.5208493,0.51997143,0.5389586,0.52090406,0.515549,0.49762696,0.5267709,0.52631754,0.514549,0.5249593,0.5113124,0.52810186,0.5162302,0.5306637,0.53454643,0.5214192,0.5358241,0.53213483,0.5308043,0.5240337,0.5001682,0.52036417,0.51225734,0.50398636,0.52464247,0.5044594,0.52057374,0.51052135,0.5181812,0.52264684,0.5322458,0.51774293,0.5396141,0.5076026,0.5283346,0.5319721,0.51994485,0.5103845,0.5310735,0.51712763,0.51581,0.5208517,0.50911796,0.5199336,0.5479291,0.52106136,0.5216477,0.51309496,0.53107274,0.5196399,0.52257156,0.5267007,0.52155465,0.5184741,0.52962524,0.5355911,0.51982665,0.5183165,0.5257723,0.5218274,0.5143672,0.5224345,0.5103115,0.52339005,0.52450293,0.5277198,0.517625,0.5134354,0.5067387,0.5108229,0.5233688,0.5266159,0.5140298,0.51894593,0.51803964,0.5149325,0.5235852,0.52394927,0.53533614,0.5234604,0.52849185,0.51928836,0.51984966,0.5246983,0.51656735,0.53193796,0.5289129,0.50336283,0.5300034,0.50908625,0.52212244,0.5061948,0.51662505,0.5230058,0.5132885,0.52152485,0.53736615,0.50623375,0.51568264,0.50446296,0.5016113,0.5241108,0.5215044,0.5203527,0.5214215,0.5211829,0.5190259,0.52320063,0.53106594,0.5167052,0.52089304,0.52418363,0.513984,0.5230118,0.519532,0.52378577,0.5126817,0.50978565,0.5302506,0.5180107,0.51469666,0.5058172,0.53741044,0.5307986,0.5249974,0.5254466,0.52755225,0.52446675,0.5267909,0.5155675,0.5185158,0.5316293,0.52131003,0.5028449,0.5109268,0.51949465,0.5319728,0.5165417,0.52329576,0.52046835,0.5146607,0.5063683,0.54183203,0.52199477,0.51790494,0.5248583,0.5299257,0.50617427,0.52176154,0.52103496,0.50637996,0.5389904,0.5287403,0.5218339,0.5139136,0.51107705,0.52737457,0.5064352,0.5414846,0.51451164,0.51248,0.5185387,0.51697826,0.52873325,0.51832145,0.5093751,0.51435846,0.5192464,0.5207155,0.50739807,0.52501965,0.52130425,0.5194581,0.5115795,0.51573503,0.5084415,0.5157335,0.530954,0.52423286,0.5137239,0.5240496,0.5133807,0.5229168,0.5098794,0.53552306,0.5365952,0.51054436,0.52583975,0.52579147,0.535648,0.50124174,0.53762305,0.5242365,0.52176535,0.5195689,0.5048806,0.5301765,0.51185745,0.5231537,0.5057599,0.51648366,0.52517915,0.5231046,0.5106771,0.5125942,0.5364446,0.5143776,0.5278812,0.5143749,0.50219285,0.5248467,0.5164149,0.5125742,0.5004599,0.526499,0.52497023,0.51548237,0.5359529,0.540629,0.50878966,0.52161694,0.49246663,0.5209832,0.503384,0.5348853,0.52211154,0.5181382,0.5085318,0.52957606,0.52278006,0.5156103,0.53166354,0.5190561,0.5075547,0.5145453,0.52917325,0.5210028,0.5271764,0.5023083,0.518741,0.5152871,0.5221687,0.522408,0.5220165,0.50163406,0.5105885,0.52204347,0.5211331,0.52159274,0.52459115,0.5091236,0.5391509,0.5198874,0.51846695,0.5265228,0.5200838,0.50489616,0.52048504,0.5156409,0.5211104,0.5267184,0.5063213,0.5368628,0.5110015,0.5208351,0.5289599,0.53651035,0.52534443,0.52617586,0.53569806,0.54012126,0.52106065,0.5235758,0.51765484,0.51726186,0.5249499,0.5260442,0.51756465,0.52723044,0.50744617,0.51876134,0.51446444,0.53462476,0.5297461,0.5140418,0.5133275,0.5157532,0.5218908,0.5357815,0.49851292,0.50866604,0.52665514,0.5202859,0.51441675,0.5260629,0.5223826,0.51838464,0.511167,0.5109137,0.5157034,0.5280872,0.5346356,0.53103024,0.52407354,0.5044964,0.51659644,0.5139666,0.52420485,0.5157541,0.520627,0.51395255,0.54398006,0.5079829,0.52916116,0.52916795,0.500386,0.5249571,0.5184127,0.5190508,0.5286723,0.51489407,0.52037984,0.51877075,0.517253,0.53153044,0.52287996,0.51157874,0.52589804,0.5231732,0.5200224,0.5108883,0.52635556,0.5231281,0.5352978,0.51118183,0.5272016,0.5264897,0.5244308,0.5232127,0.5081124,0.5108445,0.5178223,0.5236478,0.51223415,0.5230816,0.5317893,0.518595,0.53561556,0.53103954,0.5231843,0.53709364,0.51952034,0.5203456,0.51969475,0.5126193,0.52181077,0.53023493,0.5199708,0.52907753,0.5086064,0.51406413,0.5078903,0.52482927,0.51831245,0.5163329,0.5220534,0.5262372,0.5235733,0.53512543,0.52905846,0.50779223,0.51335794,0.5131813,0.51750535,0.51586294,0.52567995,0.52228516,0.52880204,0.53145754,0.53123367,0.53060013,0.51475847,0.5185422,0.52448374,0.5139417,0.5140016,0.5029622,0.52215964,0.52675515,0.52963233,0.51086724,0.50289714,0.5164134,0.51627344,0.50524527,0.52471524,0.5185969,0.50278157,0.5345681,0.51288533,0.5162885,0.5128008,0.5106467,0.5153532,0.5152572,0.5170788,0.5182867,0.50872934,0.5116946,0.52085626,0.52618545,0.51022595,0.52065617,0.51543814,0.5202153,0.5129356,0.51979417,0.5252291,0.505073,0.5405952,0.5163154,0.5294878,0.5202464,0.52124,0.5291852,0.50674766,0.52025944,0.5082246,0.5169946,0.52459013,0.5295868,0.5217438,0.52784026,0.5140598,0.517083,0.52881444,0.5137266,0.5379101,0.5317589,0.5112169,0.53472733,0.52966374,0.5196366,0.5247516,0.5127983,0.52976793,0.5260216,0.52964425,0.5136664,0.5242046,0.5221351,0.50808966,0.5282842,0.5205741,0.5273893,0.5148501,0.51646113,0.521209,0.5203249,0.5266046,0.5297192,0.5208424,0.52599394,0.520854,0.52443594,0.52851796,0.5170961,0.5177165,0.52498424,0.52638036,0.504212,0.5182192,0.52151847,0.518579,0.5210947,0.52054596,0.5108009,0.51750076,0.5175977,0.51344174,0.5221923,0.515084,0.5206466,0.5144407,0.5400674,0.5248638,0.51422143,0.51302034,0.53771734,0.523067,0.5101822,0.5334304,0.5225872,0.5249642,0.50303566,0.5224031,0.51739687,0.515985,0.53925276,0.53686196,0.5131701,0.5305216,0.53351146,0.53602195,0.5113356,0.51584095,0.5093605,0.52337986,0.5281223,0.5132301,0.53324103,0.5275398,0.52922887,0.50943494,0.5135467,0.51491296,0.5223881,0.5168003,0.52265203,0.51854914,0.5200206,0.5232447,0.5041376,0.51461476,0.51269734,0.52318966,0.5301089,0.50982666,0.52450323,0.53076893,0.5350061,0.5202589,0.5263716,0.5153288,0.51822513,0.5139494,0.52084446,0.533136,0.5218748,0.5251106,0.5224456,0.5218582,0.5180661,0.51976275,0.5204334,0.5222322,0.51995474,0.52078116,0.5076719,0.5246319,0.53432053,0.52415836,0.510155,0.5170728,0.5161661,0.5055546,0.5186205,0.51961136,0.5287064,0.5211422,0.52376884,0.52266955,0.5371353,0.51786053,0.5105843,0.5251151,0.5115502,0.51441896,0.5254117,0.52607375,0.52394474,0.51729107,0.51737434,0.5254065,0.53103745,0.5124334,0.54127896,0.50715685,0.52127165,0.5297379,0.52616614,0.51565236,0.5283576,0.5156363,0.51747143,0.51033926,0.53420323,0.52222687,0.51922727,0.5086589,0.51690716,0.5103016,0.5293823,0.5138598,0.52185154,0.5197709,0.5113468,0.5227249,0.5213581,0.5216496,0.51916075,0.5117132,0.52250516,0.5091991,0.53175676,0.51407844,0.5198844,0.5127058,0.50672054,0.5237354,0.5168495,0.50932205,0.5300869,0.5271336,0.51035756,0.5178016,0.5202263,0.5441533,0.5290543,0.5189233,0.5189956,0.5155732,0.5329719,0.5185918,0.5315522,0.5161943,0.53220195,0.50307226,0.51063436,0.536713,0.5312159,0.52402675,0.5278178,0.53040963,0.5141061,0.5195947,0.51382345,0.52580005,0.5273593,0.52274543,0.52242285,0.5208179,0.5172653,0.5085101,0.5083903,0.51509506,0.53441864,0.52521783,0.51873046,0.5258578,0.52233166,0.5261467,0.5312434,0.52036196,0.5273995,0.53992844,0.5215195,0.5175518,0.5269715,0.5242561,0.5298363,0.5152778,0.51939315,0.52967495,0.51961935,0.5302066,0.5249093,0.5033018,0.5192297,0.5272612,0.51862514,0.5198769,0.5308064,0.5211536,0.508572,0.52161455,0.51546085,0.52576774,0.51848453,0.523925,0.51993346,0.50906026,0.519022,0.5238611,0.5213197,0.527888,0.52314705,0.5218751,0.51254815,0.5094619,0.51339227,0.5322937,0.51432395,0.5133493,0.5069003,0.518194,0.52146685,0.52312046,0.52159536,0.52098405,0.5002913,0.5145496,0.536968,0.508703,0.5389965,0.5114799,0.51863474,0.5216024,0.50917447,0.5249983,0.52302027,0.51267934,0.5302424,0.51721764,0.5175542,0.53416306,0.53865266,0.52897733,0.5163696,0.53005123,0.52347064,0.51864135,0.52116287,0.5236928,0.5370248,0.52062523,0.5286385,0.54352635,0.5109996,0.513106,0.517476,0.52329797,0.52864873,0.52089685,0.5152559,0.5173555,0.49891225,0.5146697,0.5184263,0.5162525,0.5154972,0.52212775,0.5138966,0.5159936,0.5156688,0.5179475,0.5086217,0.5271957,0.5245039,0.51033187,0.5226062,0.5180644,0.51960224,0.5100711,0.5217217,0.5329619,0.532112,0.51583,0.5202423,0.5223738,0.52287674,0.5351037,0.5283511,0.5297498,0.52855086,0.5025889,0.5279644,0.52665395,0.5202914,0.5284011,0.52162784,0.5308584,0.520441,0.51546496,0.5282953,0.5100362,0.5158157,0.5155772,0.51791114,0.51863456,0.5299925,0.5185532,0.5085714,0.50265956,0.5240396,0.51967347,0.50498,0.51584744,0.5130146,0.5076406,0.52060175,0.516953,0.5186318,0.52442765,0.5339306,0.51947546,0.5239661,0.5063746,0.52314806,0.5045926,0.5129502,0.51721984,0.5038934,0.50917965,0.5139996,0.52166027,0.5148322,0.5067995,0.51347274,0.5274528,0.52024704,0.50940615,0.5219972,0.5119975,0.5115105,0.5104086,0.53358227,0.54106146,0.51591516,0.5153302,0.53745854,0.5167098,0.5157853,0.52575564,0.5188116,0.506413,0.522495,0.5281197,0.52754515,0.53916264,0.5336072,0.5054482,0.5271343,0.51336193,0.52663815,0.5167774,0.53587085,0.5180483,0.52680576,0.5133675,0.52601904,0.5134443,0.5079195,0.51634294,0.5108396,0.53616595,0.51155096,0.5283822,0.5218823,0.524733,0.50826585,0.5260473,0.5222162,0.5081596,0.5099921,0.52690685,0.50076485,0.52688336,0.5144429,0.5158149,0.52352864,0.53094685,0.5320219,0.50922877,0.5024097,0.50225264,0.5172072,0.52949864,0.51480305,0.5202286,0.52593434,0.53017193,0.51695806,0.5207371,0.51794696,0.51473093,0.52951694,0.5279607,0.52728724,0.52727425,0.529891,0.5167763,0.51634234,0.5254838,0.5193194,0.53185475,0.51564175,0.5180579,0.51147276,0.52144855,0.5246564,0.52461207,0.5079562,0.52101177,0.52332634,0.51483303,0.52942395,0.5205269,0.5148252,0.5221305,0.5176742,0.5148849,0.5257115,0.52503955,0.50952363,0.51670736,0.5228481,0.50466055,0.51089364,0.5109519,0.5232499,0.52338123,0.51601624,0.5168835,0.5106808,0.52968323,0.50667113,0.5227855,0.5230008,0.51764625,0.52870625,0.52441484,0.5109656,0.52019256,0.5344975,0.5084625,0.5261016,0.50279605,0.53621477,0.5159306,0.52320534,0.5035348,0.5237442,0.5137779,0.5245367,0.53034157,0.51784146,0.5297366,0.5163416,0.5190806,0.5222858,0.5192735,0.5085186,0.50884265,0.5178309,0.52466637,0.5194739,0.5245229,0.5275363,0.52257705,0.5190074,0.52809006,0.5167066,0.5308633,0.52334106,0.5222355,0.5190865,0.5250442,0.50370353,0.52075076,0.54183817,0.50971913,0.5127041,0.5315079,0.50662845,0.515372,0.49754465,0.49786937,0.5153611
0.8867896,0.8995928,0.9006415,0.9235622,0.90533817,0.8991971,0.9059886,0.92245805,0.91539603,0.9050278,0.90879464,0.89817345,0.8948885,0.9000514,0.90034086,0.90552014,0.904109,0.8982059,0.9001755,0.91874915,0.9042846,0.9029178,0.8914141,0.9163374,0.8928922,0.90202135,0.89065266,0.900923,0.9135398,0.9133437,0.89995766,0.91149217,0.90969956,0.913531,0.9105701,0.8959191,0.8953232,0.9131255,0.891785,0.89384156,0.88877225,0.8952732,0.8989618,0.9031284,0.90616924,0.89757276,0.89780045,0.90054876,0.8957951,0.89522976,0.90395534,0.8919051,0.9101465,0.8833477,0.8899717,0.897769,0.9106325,0.8954137,0.9171185,0.88863003,0.9002881,0.9212489,0.90700585,0.91955066,0.9061274,0.9172543,0.91607326,0.8895878,0.8865452,0.9090943,0.91194516,0.8934856,0.91321725,0.9030971,0.8884658,0.91001064,0.9140998,0.8958514,0.90441555,0.90204275,0.89010966,0.87995195,0.91111803,0.9002165,0.9150897,0.914014,0.9050395,0.8964359,0.9129109,0.90125024,0.9019223,0.9023398,0.9041311,0.90138334,0.90358764,0.8969596,0.8963687,0.9144745,0.89552075,0.9037779,0.90503186,0.89570785,0.895863,0.9022453,0.8855142,0.8837324,0.8880673,0.89707464,0.921909,0.9056464,0.8906071,0.899815,0.8902699,0.9032794,0.9049352,0.89181566,0.89808244,0.8924458,0.8899948,0.90611655,0.9143764,0.900306,0.8972154,0.91013324,0.90925765,0.9074642,0.91038305,0.8994286,0.8897631,0.8977486,0.8926536,0.88350254,0.90294814,0.90559375,0.9050329,0.8992186,0.9036651,0.90988827,0.9108298,0.89280725,0.9130926,0.9082896,0.9071892,0.8937119,0.8966241,0.90131146,0.8984905,0.9019353,0.8826041,0.9039208,0.8962062,0.898938,0.90100706,0.91198164,0.9080133,0.89928746,0.9069633,0.91184783,0.9156682,0.90562373,0.89764583,0.9068944,0.91554695,0.89643514,0.8954912,0.8929901,0.8981998,0.8962318,0.90119964,0.90330625,0.9016606,0.9087926,0.89214283,0.9115303,0.9166725,0.89876974,0.8944113,0.887655,0.9140924,0.90322816,0.8862117,0.900473,0.9109333,0.9101663,0.9026462,0.8955406,0.8944351,0.8953785,0.907479,0.89455575,0.9057746,0.8993751,0.907865,0.909118,0.8945455,0.8916423,0.8868123,0.90461767,0.9185585,0.91803,0.8996676,0.9024898,0.90256476,0.90359294,0.8958665,0.9047467,0.91099393,0.89657474,0.9033632,0.9054011,0.902834,0.88877803,0.91101176,0.9029032,0.8919392,0.8958349,0.9035669,0.8978907,0.8967868,0.90216184,0.9035082,0.90234864,0.9003293,0.9083774,0.90675175,0.912284,0.90419525,0.90165323,0.90758234,0.911165,0.8867414,0.8931316,0.8922496,0.89347357,0.90423775,0.90387726,0.9060099,0.91344345,0.90523887,0.9020021,0.9017854,0.92152846,0.90007436,0.9122589,0.896845,0.90966487,0.9115154,0.90229994,0.9017871,0.9175721,0.89074093,0.9065022,0.89534545,0.91052157,0.8919334,0.9036371,0.9063096,0.89259064,0.9020058,0.9035125,0.90748703,0.9138922,0.91080546,0.8966395,0.90351355,0.91316664,0.90820706,0.9034327,0.9085991,0.90222085,0.9062064,0.8940932,0.9099265,0.8992867,0.8981419,0.90574366,0.8954066,0.90699387,0.9019209,0.9229648,0.900663,0.9134987,0.90447354,0.90960115,0.88822705,0.89658326,0.89505607,0.8972588,0.90374637,0.886705,0.91083467,0.9021277,0.90948725,0.9013386,0.9020747,0.9073777,0.9104551,0.8892851,0.9015909,0.89701724,0.9044578,0.90590775,0.8750256,0.89694095,0.90982974,0.88991505,0.907497,0.912869,0.88400936,0.89765173,0.90386295,0.8886108,0.90506196,0.90236783,0.9226595,0.89132833,0.8886914,0.9035833,0.90701175,0.9184901,0.90615916,0.8930141,0.9080032,0.88443714,0.9072635,0.91774875,0.88919485,0.9038253,0.8998882,0.91435945,0.8991199,0.900888,0.8954817,0.8999184,0.89351934,0.9014255,0.9041788,0.89912343,0.900262,0.90844893,0.9060295,0.89528257,0.9081027,0.91005117,0.88942873,0.90691686,0.89843744,0.9056146,0.9026235,0.9133513,0.91644347,0.8773206,0.91204965,0.8971909,0.89693475,0.90789443,0.902175,0.8882869,0.8979354,0.90596044,0.9033069,0.9070139,0.9016742,0.89234215,0.9081574,0.92516434,0.89969933,0.90420246,0.8970059,0.90565354,0.90089357,0.87672377,0.89862365,0.9003214,0.9049461,0.90532905,0.8965922,0.91072136,0.9072844,0.9008733,0.9135697,0.92745906,0.91871417,0.9145615,0.89671993,0.8946908,0.89490336,0.8921335,0.894887,0.906353,0.90232503,0.9053725,0.9124807,0.89403,0.89103574,0.89249724,0.90110683,0.903821,0.8906856,0.8994848,0.90473634,0.89616823,0.8978189,0.91390693,0.90147614,0.90639716,0.8959669,0.9016212,0.90333235,0.9145467,0.9173908,0.91472834,0.8776966,0.8956102,0.90629673,0.91080064,0.90570116,0.90439165,0.8941325,0.8992317,0.9034104,0.9144263,0.8921198,0.8970974,0.90145576,0.90370065,0.8934472,0.89829034,0.8885712,0.9141315,0.8938182,0.8904037,0.9053697,0.89557487,0.91287386,0.9063173,0.9164463,0.9095729,0.8854173,0.89723784,0.8990449,0.89651394,0.9080026,0.90394765,0.9052548,0.89169705,0.896888,0.9021923,0.9051838,0.89956534,0.9015157,0.9111601,0.9060021,0.8986481,0.92090744,0.9111309,0.8960208,0.9223346,0.9032796,0.89370805,0.91697764,0.9058061,0.9016048,0.907404,0.91926783,0.9051997,0.90491134,0.9065855,0.89120626,0.9063846,0.90389466,0.91543216,0.9126946,0.91750085,0.9038619,0.9057346,0.8978661,0.8984831,0.90128064,0.89016765,0.907611,0.8911312,0.8945067,0.8974844,0.8925054,0.90762544,0.90813017,0.90334517,0.9043909,0.91665876,0.90658975,0.9188225,0.91126865,0.9068912,0.8845179,0.8940678,0.89603883,0.8889162,0.90325516,0.91061765,0.9057918,0.8945575,0.89603996,0.9140177,0.890427,0.89322704,0.892949,0.8917851,0.9015801,0.9159214,0.9125686,0.9151151,0.89080715,0.90034634,0.89483535,0.92053246,0.8933437,0.8962079,0.9010769,0.89677733,0.9076435,0.9027941,0.9009049,0.9065042,0.9121821,0.9111355,0.89692545,0.90164554,0.8984752,0.90334314,0.8960997,0.8936319,0.9100261,0.9042766,0.89305645,0.9150437,0.9004655,0.9096268,0.90414834,0.8944366,0.90755713,0.903453,0.90810555,0.9016853,0.9096,0.9027672,0.9075084,0.901638,0.89496887,0.90851146,0.90225714,0.9227289,0.9053127,0.9013977,0.90332204,0.9073991,0.9066461,0.9073906,0.88803315,0.8942221,0.89757276,0.8878742,0.8931707,0.9011986,0.9024447,0.89911324,0.9121024,0.900583,0.8965964,0.8958216,0.90002084,0.9076233,0.90361565,0.91803426,0.90259045,0.9084815,0.90074176,0.89237416,0.8996043,0.88037026,0.90782356,0.88868713,0.9201591,0.9000636,0.8984183,0.89156306,0.8979668,0.9083187,0.892383,0.90073097,0.89677536,0.89935505,0.890983,0.9004253,0.9029519,0.9148573,0.89578015,0.88220644,0.90984553,0.9117249,0.90926445,0.9065873,0.9070106,0.9127209,0.9059923,0.90269256,0.8953355,0.891654,0.9004242,0.9125967,0.9101573,0.9001516,0.8882697,0.91164774,0.8935265,0.90157646,0.9058842,0.9101808,0.91215813,0.903838,0.8932849,0.90443975,0.89887756,0.8874222,0.90324175,0.903582,0.9025305,0.8912005,0.90033203,0.90470076,0.9009027,0.9000042,0.90288574,0.8800049,0.91011244,0.8974054,0.89116746,0.8930818,0.90107554,0.91009,0.90251726,0.91384524,0.9087637,0.9030575,0.90667504,0.89401156,0.8858973,0.8972552,0.8927899,0.90278864,0.90179396,0.9049614,0.89142,0.9051066,0.8990373,0.8879456,0.9064284,0.9094494,0.8976549,0.8924792,0.89646024,0.9010821,0.9027205,0.9065192,0.90635425,0.9084139,0.8875511,0.89398295,0.9250848,0.90847886,0.9123811,0.8897992,0.91042113,0.90637934,0.90610737,0.90443295,0.891562,0.91071725,0.9010877,0.898984,0.90015304,0.88804704,0.8987998,0.89800847,0.8994154,0.9076328,0.9073134,0.9051902,0.8969727,0.90965104,0.91205406,0.908577,0.90304416,0.901829,0.9057208,0.9108623,0.8910093,0.8875545,0.90696365,0.9067205,0.9020039,0.92018527,0.90269196,0.91171634,0.8991566,0.9165637,0.89527583,0.8949372,0.9100917,0.8972825,0.8909372,0.90473074,0.9236561,0.9039921,0.8897031,0.894559,0.90328753,0.9087363,0.9015715,0.8996071,0.89773875,0.9170131,0.9223908,0.89390767,0.9168148,0.90624446,0.89884084,0.9058716,0.907407,0.9162847,0.8953789,0.8997651,0.90566754,0.92313206,0.8964473,0.9041739,0.8927429,0.89862794,0.89497447,0.912314,0.89814067,0.91052645,0.89955723,0.91858745,0.8930422,0.8903449,0.91230804,0.9133897,0.9019179,0.91222763,0.89630723,0.9000136,0.90893275,0.90507597,0.8973622,0.90943146,0.9141609,0.90616715,0.913337,0.8978564,0.8886565,0.89603764,0.8949188,0.89637727,0.90520966,0.9034952,0.891042,0.8898114,0.8948842,0.90132844,0.91251934,0.9037159,0.8964486,0.89258283,0.9053705,0.8936534,0.9056654,0.9007622,0.9013277,0.8961996,0.89773214,0.90583193,0.8987964,0.91533756,0.8939352,0.9110189,0.89108187,0.8979827,0.90332526,0.90716803,0.9106589,0.89990085,0.89882964,0.9141,0.907102,0.89933956,0.9051932,0.90262544,0.90111315,0.8979329,0.9049735,0.89647347,0.9113264,0.9150926,0.90862864,0.8905196,0.90760756,0.8985595,0.9109949,0.8872602,0.9078516,0.90789115,0.9002674,0.90361947,0.8942374,0.89988875,0.90555066,0.9081412,0.8984029,0.90396535,0.8982092,0.8833951,0.90721786,0.91893417,0.907995,0.90476114,0.89272034,0.90661097,0.9077347,0.9080814,0.8947003,0.8985457,0.90132284,0.8908948,0.8858991,0.8950876,0.89506865,0.89983994,0.87749827,0.8930383,0.9147095,0.9094977,0.9039792,0.9018718,0.9156449,0.9087654,0.90520793,0.9191776,0.9045378,0.8974707,0.90463054,0.8938818,0.9126742,0.8975648,0.91228586,0.91314113,0.9059504,0.92657727,0.8895827,0.89820886,0.89865535,0.9197525,0.8922353,0.90404266,0.9154729,0.8805195,0.8901701,0.8974164,0.91944444,0.8965428,0.89847976,0.8939872,0.88948244,0.9001728,0.89220047,0.88082296,0.9069081,0.90099585,0.9072189,0.9120003,0.9156114,0.89787525,0.88964814,0.9036408,0.8844119,0.8977237,0.90956706,0.9004678,0.8986958,0.88400537,0.9111962,0.90019083,0.9216763,0.89977014,0.88243735,0.89618087,0.8939057,0.8842482,0.89703417,0.8833164,0.902178,0.90044075,0.9150362,0.8988577,0.88498425,0.90528536,0.89420795,0.89916694,0.9046941,0.914492,0.90119255,0.9085922,0.9123938,0.89376616,0.88652354,0.90193343,0.90371495,0.90383047,0.89840615,0.9013556,0.896456,0.90569645,0.91690546,0.9008093,0.9016378,0.91343135,0.9032663,0.8980827,0.9042148,0.90068966,0.898387,0.89437866,0.8982853,0.90833586,0.90705365,0.9091764,0.89967954,0.89956427,0.916446,0.89267474,0.9126366,0.9017788,0.9029167,0.9111866,0.90601534,0.89790154,0.9113718,0.89764804,0.90351784,0.88645756,0.8959127,0.9170976,0.8981612,0.9003146,0.8975758,0.8894001,0.88997865,0.89980924,0.8857093,0.9072676,0.89384526,0.9100103,0.88898975,0.9068468,0.90039784,0.9037955,0.898472,0.8956254,0.9154953,0.88623095,0.9062884,0.9159781,0.8942537,0.89377564,0.9050254,0.91176444,0.9114099,0.8967944,0.8888524,0.89461946,0.9039018,0.89268947,0.88882035,0.8965123,0.91628975,0.91221434,0.90002674,0.8998413,0.90294886,0.90884036,0.8847963,0.91304225,0.9186782,0.9011791,0.89978,0.90437955,0.89248616,0.90422505,0.8865195,0.8905805
0.72019947,0.71574664,0.7231448,0.75884044,0.73530465,0.7281907,0.7247476,0.7476582,0.7391495,0.72802067,0.74240637,0.72349256,0.72676563,0.72409594,0.7085419,0.7256674,0.7260651,0.718446,0.71420825,0.7273149,0.7312425,0.7349644,0.72164226,0.73617184,0.71585536,0.7298625,0.7187077,0.73179716,0.73726547,0.7290155,0.7271805,0.73068535,0.712442,0.7315815,0.7333082,0.73534656,0.7253901,0.72753274,0.7236925,0.7163145,0.7227002,0.7323775,0.7218449,0.727829,0.73469406,0.717499,0.71367097,0.72091085,0.7332284,0.71293634,0.7375328,0.7281974,0.7272124,0.7277111,0.70635015,0.73077685,0.72774965,0.7088402,0.73185736,0.7188498,0.72677726,0.74291813,0.7196937,0.7476894,0.7374001,0.73564434,0.7248717,0.7292682,0.72470623,0.72403425,0.7403066,0.721304,0.7266341,0.72358054,0.7168673,0.7169124,0.73749924,0.72615874,0.7256239,0.7205158,0.730964,0.7158691,0.7333001,0.72613746,0.73213756,0.7192167,0.7315761,0.7233999,0.73176837,0.724536,0.7345445,0.7239691,0.73666817,0.7274757,0.73503876,0.7296297,0.7282688,0.74392855,0.7319901,0.72799724,0.7147355,0.72008705,0.71481997,0.7216888,0.7331351,0.72733605,0.72562414,0.7384448,0.72065413,0.72751063,0.7325948,0.7341721,0.7170339,0.7280339,0.7265989,0.73042774,0.7215079,0.71715766,0.7268449,0.73595667,0.73300403,0.72411925,0.7199432,0.7241926,0.7392356,0.72802985,0.71933264,0.7247319,0.7233755,0.7224837,0.7280134,0.71180564,0.7249794,0.72168696,0.71228385,0.7226032,0.7235748,0.7411245,0.7467687,0.72787863,0.730254,0.7111346,0.72403985,0.72038925,0.72318643,0.72651356,0.7169094,0.7182674,0.7187973,0.73681337,0.71936953,0.7205731,0.7212041,0.7309334,0.7183458,0.7341144,0.728496,0.73660874,0.7447624,0.7204405,0.7269307,0.72032654,0.72626793,0.72462654,0.72944224,0.71246284,0.7300786,0.72959274,0.7199783,0.7290116,0.71922714,0.71355385,0.73112106,0.7383835,0.73825884,0.7183901,0.72264975,0.72235477,0.72746307,0.7254306,0.7120474,0.72683984,0.7388874,0.7356283,0.7337125,0.7295701,0.7144063,0.73441595,0.72398245,0.7171196,0.7266175,0.7217374,0.72301006,0.72566724,0.72877735,0.7245128,0.719316,0.72549474,0.7202435,0.7283947,0.72948986,0.7162938,0.72792,0.7365714,0.7180165,0.73108524,0.7203197,0.7202435,0.7293457,0.7273297,0.72265863,0.72267526,0.72302455,0.7237488,0.70866424,0.718427,0.7199068,0.7142553,0.7187958,0.7468635,0.7497092,0.73315895,0.7370276,0.7290824,0.7400822,0.73354685,0.72725475,0.7185275,0.72542673,0.7222529,0.7237758,0.726059,0.7257434,0.7257316,0.7262735,0.7228116,0.74738544,0.7244087,0.72081065,0.72338647,0.71580976,0.7266204,0.72874016,0.7442442,0.72862744,0.74007976,0.7325935,0.72861356,0.7358474,0.71948755,0.71050775,0.7310996,0.71399146,0.7390605,0.71587086,0.72227526,0.7329046,0.72712046,0.7233995,0.7307576,0.7343943,0.71660733,0.7356991,0.7271334,0.73013836,0.7278422,0.7421847,0.74593574,0.7365591,0.72875696,0.73521847,0.7176627,0.72689056,0.7316112,0.7199333,0.72099084,0.7128605,0.7284418,0.73867863,0.74114865,0.72742873,0.7299327,0.7262642,0.7259892,0.71738756,0.72703934,0.73260576,0.7288411,0.7258091,0.71162677,0.7247341,0.7254917,0.7199162,0.7304226,0.7314942,0.73128176,0.7297704,0.7323373,0.72722083,0.72565734,0.73891336,0.7304593,0.7054159,0.7285727,0.7387393,0.71365404,0.7126608,0.7344883,0.73308104,0.72431403,0.7240846,0.7252062,0.7344204,0.71839315,0.7463446,0.71862066,0.71065813,0.72808117,0.7208729,0.7279862,0.736841,0.73105705,0.7282878,0.71837306,0.7342325,0.7372391,0.70979017,0.74245167,0.72676826,0.7264486,0.7233327,0.7363322,0.7200185,0.7260774,0.72487986,0.72475624,0.7060699,0.7276947,0.7306628,0.72439444,0.72484636,0.7276747,0.71987265,0.7111518,0.7293608,0.7407089,0.7061454,0.7372054,0.7328638,0.7320131,0.7241374,0.71493626,0.73174596,0.7277151,0.71038735,0.7276478,0.7330562,0.72379744,0.727138,0.72363853,0.72614384,0.72752374,0.74213064,0.71719253,0.72223943,0.7242551,0.7247161,0.71412647,0.7264557,0.72930276,0.73064345,0.70355934,0.7329356,0.7335006,0.7168478,0.72048664,0.7188473,0.7293593,0.73266613,0.7288346,0.73328817,0.7337402,0.7303014,0.7173837,0.7231155,0.72231394,0.7483702,0.72094834,0.71390826,0.71938956,0.7266687,0.71972835,0.71695215,0.7322099,0.7341092,0.7213895,0.72980654,0.73779464,0.72263867,0.7257986,0.7284541,0.7396242,0.723568,0.72402185,0.7330511,0.7188343,0.727829,0.72057533,0.72710717,0.7328064,0.72015595,0.7378711,0.72208667,0.7148533,0.7352477,0.7256982,0.7224405,0.72308314,0.73359066,0.74039507,0.7329484,0.7294394,0.72657984,0.71564656,0.71736133,0.7439505,0.72257274,0.72294766,0.7133111,0.74412787,0.72450984,0.7169342,0.7159863,0.727467,0.73557454,0.73136294,0.7228983,0.7327589,0.724496,0.7326538,0.7250493,0.7184741,0.7263502,0.7264706,0.72361463,0.7215987,0.7268441,0.7295944,0.7283915,0.72398657,0.7392509,0.72286224,0.7267698,0.7182958,0.7378111,0.72289425,0.73413813,0.72863233,0.73185754,0.7131116,0.74380964,0.7195531,0.72797006,0.72524285,0.7404529,0.7183757,0.7322618,0.72942394,0.73133564,0.71847534,0.72229594,0.7306787,0.72949743,0.7389858,0.73578614,0.7369484,0.74300474,0.71518373,0.72417665,0.71690845,0.7325301,0.70809233,0.70998347,0.7331393,0.71677613,0.7242253,0.7211661,0.7089738,0.7174657,0.7273543,0.7132051,0.7145704,0.73257446,0.7275643,0.7088383,0.7223408,0.7309874,0.71835905,0.7436912,0.7277791,0.7243013,0.71509933,0.7405589,0.7325999,0.728559,0.71546686,0.71029466,0.70935464,0.7335856,0.72053945,0.7321579,0.73940367,0.7326907,0.72461617,0.7288745,0.74209,0.7162523,0.72594464,0.72644794,0.7314833,0.7213391,0.72994196,0.7225663,0.7214688,0.73431885,0.7283796,0.7253529,0.7300856,0.7265939,0.7366127,0.7289835,0.72956854,0.7322352,0.717352,0.72253865,0.7394951,0.7321055,0.7317939,0.7348452,0.7234033,0.72913325,0.7299625,0.74376416,0.7192204,0.71162516,0.73357296,0.71861285,0.7206266,0.72738594,0.72591937,0.7304221,0.7382601,0.7279346,0.70232826,0.7165914,0.7314132,0.7292162,0.74741995,0.7332215,0.72946346,0.7181276,0.7219506,0.7430392,0.7265199,0.7189036,0.7250781,0.72797817,0.73790216,0.7206136,0.7304737,0.71896803,0.72248065,0.729926,0.7305286,0.7194211,0.7183996,0.7301824,0.7161959,0.72337097,0.7156686,0.73179495,0.7338137,0.74078614,0.72358936,0.71818787,0.7237646,0.722963,0.73796785,0.72171074,0.74549586,0.7101901,0.733608,0.7173742,0.7258139,0.7166316,0.72127557,0.71598923,0.717593,0.73859304,0.7358762,0.72892404,0.7345269,0.72281593,0.72666013,0.72094256,0.72488666,0.73503184,0.7264979,0.7320389,0.744751,0.72632915,0.72339064,0.7233942,0.736059,0.72886467,0.7010781,0.7269447,0.7285385,0.72969854,0.72683597,0.72205764,0.7238023,0.7131505,0.7243312,0.7240528,0.72348464,0.7348952,0.72347844,0.71110827,0.7270035,0.710975,0.72344786,0.7211987,0.72205454,0.73295534,0.7248573,0.73879015,0.73607343,0.703623,0.73540205,0.71460176,0.7270132,0.72675854,0.7256884,0.7213918,0.7223845,0.72132415,0.72262603,0.723992,0.73776287,0.72456837,0.72529346,0.72563714,0.73337334,0.72432494,0.73091495,0.7270066,0.7225705,0.7171258,0.717127,0.7237052,0.72499126,0.7293001,0.7279069,0.7424322,0.7345183,0.7313826,0.7217688,0.7388453,0.72709554,0.7232594,0.7300789,0.7298576,0.71957815,0.7271189,0.7152192,0.7204213,0.7425106,0.7331087,0.7236353,0.7331762,0.7224252,0.72550994,0.7290558,0.7286842,0.72688407,0.72373277,0.72823316,0.72564197,0.7343888,0.7304227,0.7328373,0.72426754,0.71548057,0.7350587,0.7336128,0.71368694,0.712369,0.73510236,0.7192096,0.7353477,0.73165476,0.72091013,0.73666674,0.72265077,0.7279893,0.7242936,0.72253025,0.72183317,0.7294546,0.7273687,0.7316928,0.7316123,0.7279506,0.7417408,0.72651595,0.7308472,0.7431841,0.73790467,0.74001634,0.72371405,0.73470116,0.7384952,0.71872026,0.72086,0.7260712,0.7245013,0.7396178,0.724457,0.7256555,0.72239727,0.71711725,0.7261788,0.72092575,0.71586335,0.7311257,0.7200736,0.7282853,0.73668885,0.7260401,0.71516895,0.7127501,0.7273458,0.7429248,0.73283774,0.72916925,0.7054215,0.7360698,0.72549546,0.7216549,0.71464425,0.72708786,0.7362736,0.7251868,0.73150384,0.72884136,0.7162163,0.73795336,0.7269043,0.71619654,0.7175229,0.7289348,0.7141394,0.72138864,0.71300244,0.72788966,0.72301924,0.71984726,0.7168444,0.7344881,0.7286598,0.72349375,0.7293708,0.7292468,0.71975994,0.71427244,0.7283267,0.71765167,0.7148451,0.724875,0.723258,0.7152364,0.7176147,0.7345346,0.7358687,0.74218065,0.71549505,0.7284092,0.72296286,0.7265255,0.71977556,0.725261,0.7336708,0.7372307,0.7330448,0.71591514,0.70906043,0.7224517,0.73022264,0.71843916,0.7235632,0.7238022,0.72399765,0.73085225,0.7344012,0.7390582,0.7145959,0.71311265,0.7359898,0.7369252,0.7218586,0.7253149,0.7329064,0.72460073,0.7229923,0.72953546,0.7256691,0.7350381,0.7151243,0.7438082,0.7210726,0.7228706,0.73570347,0.7210469,0.730634,0.7461496,0.72057205,0.7290106,0.73089445,0.72776824,0.71931493,0.7152413,0.70907193,0.7105582,0.7115312,0.71602726,0.7270122,0.7394314,0.71855444,0.7187798,0.7239317,0.7266746,0.72055966,0.7257449,0.7323215,0.72501934,0.7288696,0.73018557,0.7252967,0.73383325,0.7383055,0.71296746,0.73387074,0.7271745,0.714721,0.73359185,0.74116457,0.7387782,0.7295099,0.73353326,0.7329572,0.7220171,0.7186714,0.7284107,0.7279775,0.7166352,0.7127096,0.7369149,0.7483859,0.72766745,0.7282755,0.7235575,0.7241219,0.716789,0.7143151,0.73010147,0.7377609,0.72548956,0.7326405,0.7147115,0.73477834,0.72055304,0.72286826,0.7357093,0.72030807,0.7194909,0.7282143,0.72136104,0.73068565,0.7146074,0.7257673,0.73140776,0.7301358,0.73533344,0.7211926,0.72931504,0.72458434,0.7056912,0.7213812,0.7202343,0.7094348,0.7236586,0.73895067,0.7141751,0.72382516,0.71974397,0.7379772,0.7274949,0.73626494,0.7229313,0.71941733,0.7186227,0.722162,0.72750604,0.71502143,0.7195788,0.721683,0.73189545,0.7231056,0.72215205,0.7371191,0.73312455,0.7293704,0.71683484,0.73937553,0.73475736,0.72271705,0.7159236,0.7197557,0.7438974,0.705469,0.72787493,0.72420746,0.73327374,0.7225382,0.73514414,0.7219721,0.7297538,0.73748887,0.70945257,0.72400415,0.72996545,0.7243534,0.73095495,0.70053804,0.7337068,0.73353297,0.7107358,0.7320695,0.72773767,0.73831254,0.71942574,0.7249854,0.7193132,0.72926617,0.7141286,0.73080623,0.7234694,0.725826,0.73577297,0.72279847,0.72467345,0.7064644,0.7324424,0.7276759,0.7269662,0.722476,0.73152405,0.7287711,0.7365496,0.7182436,0.7256696,0.73459065,0.7370206,0.71865374,0.72196007,0.728802,0.72488385,0.7159563,0.7353755,0.7276649,0.72882134,0.73225266,0.71554893,0.73253053,0.73955935,0.7325146,0.72285706,0.72230697,0.72788405,0.729441,0.7263234,0.7299176,0.7213684,0.72521865,0.73064417,0.72811,0.72032756,0.7144111,0.71387535
0.0,0.0,0.0,0.0,0.0,0.0,0.0,0.0,0.0,0.0,0.0,0.0,0.0,0.0,0.0,0.0,0.0,0.0,0.0,0.0,0.0,0.0,0.0,0.0,0.0,0.0,0.0,0.0,0.0,0.0,0.0,0.0,0.0,0.0,0.0,0.0,0.0,0.0,0.0,0.0,0.0,0.0,0.0,0.0,0.0,0.0,0.0,0.0,0.0,0.0,0.0,0.0,0.0,0.0,0.0,0.0,0.0,0.0,0.0,0.0,0.0,0.0,0.0,0.0,0.0,0.0,0.0,0.0,0.0,0.0,0.0,0.0,0.0,0.0,0.0,0.0,0.0,0.0,0.0,0.0,0.0,0.0,0.0,0.0,0.0,0.0,0.0,0.0,0.0,0.0,0.0,0.0,0.0,0.0,0.0,0.0,0.0,0.0,0.0,0.0,0.0,0.0,0.0,0.0,0.0,0.0,0.0,0.0,0.0,0.0,0.0,0.0,0.0,0.0,0.0,0.0,0.0,0.0,0.0,0.0,0.0,0.0,0.0,0.0,0.0,0.0,0.0,0.0,0.0,0.0,0.0,0.0,0.0,0.0,0.0,0.0,0.0,0.0,0.0,0.0,0.0,0.0,0.0,0.0,0.0,0.0,0.0,0.0,0.0,0.0,0.0,0.0,0.0,0.0,0.0,0.0,0.0,0.0,0.0,0.0,0.0,0.0,0.0,0.0,0.0,0.0,0.0,0.0,0.0,0.0,0.0,0.0,0.0,0.0,0.0,0.0,0.0,0.0,0.0,0.0,0.0,0.0,0.0,0.0,0.0,0.0,0.0,0.0,0.0,0.0,0.0,0.0,0.0,0.0,0.0,0.0,0.0,0.0,0.0,0.0,0.0,0.0,0.0,0.0,0.0,0.0,0.0,0.0,0.0,0.0,0.0,0.0,0.0,0.0,0.0,0.0,0.0,0.0,0.0,0.0,0.0,0.0,0.0,0.0,0.0,0.0,0.0,0.0,0.0,0.0,0.0,0.0,0.0,0.0,0.0,0.0,0.0,0.0,0.0,0.0,0.0,0.0,0.0,0.0,0.0,0.0,0.0,0.0,0.0,0.0,0.0,0.0,0.0,0.0,0.0,0.0,0.0,0.0,0.0,0.0,0.0,0.0,0.0,0.0,0.0,0.0,0.0,0.0,0.0,0.0,0.0,0.0,0.0,0.0,0.0,0.0,0.0,0.0,0.0,0.0,0.0,0.0,0.0,0.0,0.0,0.0,0.0,0.0,0.0,0.0,0.0,0.0,0.0,0.0,0.0,0.0,0.0,0.0,0.0,0.0,0.0,0.0,0.0,0.0,0.0,0.0,0.0,0.0,0.0,0.0,0.0,0.0,0.0,0.0,0.0,0.0,0.0,0.0,0.0,0.0,0.0,0.0,0.0,0.0,0.0,0.0,0.0,0.0,0.0,0.0,0.0,0.0,0.0,0.0,0.0,0.0,0.0,0.0,0.0,0.0,0.0,0.0,0.0,0.0,0.0,0.0,0.0,0.0,0.0,0.0,0.0,0.0,0.0,0.0,0.0,0.0,0.0,0.0,0.0,0.0,0.0,0.0,0.0,0.0,0.0,0.0,0.0,0.0,0.0,0.0,0.0,0.0,0.0,0.0,0.0,0.0,0.0,0.0,0.0,0.0,0.0,0.0,0.0,0.0,0.0,0.0,0.0,0.0,0.0,0.0,0.0,0.0,0.0,0.0,0.0,0.0,0.0,0.0,0.0,0.0,0.0,0.0,0.0,0.0,0.0,0.0,0.0,0.0,0.0,0.0,0.0,0.0,0.0,0.0,0.0,0.0,0.0,0.0,0.0,0.0,0.0,0.0,0.0,0.0,0.0,0.0,0.0,0.0,0.0,0.0,0.0,0.0,0.0,0.0,0.0,0.0,0.0,0.0,0.0,0.0,0.0,0.0,0.0,0.0,0.0,0.0,0.0,0.0,0.0,0.0,0.0,0.0,0.0,0.0,0.0,0.0,0.0,0.0,0.0,0.0,0.0,0.0,0.0,0.0,0.0,0.0,0.0,0.0,0.0,0.0,0.0,0.0,0.0,0.0,0.0,0.0,0.0,0.0,0.0,0.0,0.0,0.0,0.0,0.0,0.0,0.0,0.0,0.0,0.0,0.0,0.0,0.0,0.0,0.0,0.0,0.0,0.0,0.0,0.0,0.0,0.0,0.0,0.0,0.0,0.0,0.0,0.0,0.0,0.0,0.0,0.0,0.0,0.0,0.0,0.0,0.0,0.0,0.0,0.0,0.0,0.0,0.0,0.0,0.0,0.0,0.0,0.0,0.0,0.0,0.0,0.0,0.0,0.0,0.0,0.0,0.0,0.0,0.0,0.0,0.0,0.0,0.0,0.0,0.0,0.0,0.0,0.0,0.0,0.0,0.0,0.0,0.0,0.0,0.0,0.0,0.0,0.0,0.0,0.0,0.0,0.0,0.0,0.0,0.0,0.0,0.0,0.0,0.0,0.0,0.0,0.0,0.0,0.0,0.0,0.0,0.0,0.0,0.0,0.0,0.0,0.0,0.0,0.0,0.0,0.0,0.0,0.0,0.0,0.0,0.0,0.0,0.0,0.0,0.0,0.0,0.0,0.0,0.0,0.0,0.0,0.0,0.0,0.0,0.0,0.0,0.0,0.0,0.0,0.0,0.0,0.0,0.0,0.0,0.0,0.0,0.0,0.0,0.0,0.0,0.0,0.0,0.0,0.0,0.0,0.0,0.0,0.0,0.0,0.0,0.0,0.0,0.0,0.0,0.0,0.0,0.0,0.0,0.0,0.0,0.0,0.0,0.0,0.0,0.0,0.0,0.0,0.0,0.0,0.0,0.0,0.0,0.0,0.0,0.0,0.0,0.0,0.0,0.0,0.0,0.0,0.0,0.0,0.0,0.0,0.0,0.0,0.0,0.0,0.0,0.0,0.0,0.0,0.0,0.0,0.0,0.0,0.0,0.0,0.0,0.0,0.0,0.0,0.0,0.0,0.0,0.0,0.0,0.0,0.0,0.0,0.0,0.0,0.0,0.0,0.0,0.0,0.0,0.0,0.0,0.0,0.0,0.0,0.0,0.0,0.0,0.0,0.0,0.0,0.0,0.0,0.0,0.0,0.0,0.0,0.0,0.0,0.0,0.0,0.0,0.0,0.0,0.0,0.0,0.0,0.0,0.0,0.0,0.0,0.0,0.0,0.0,0.0,0.0,0.0,0.0,0.0,0.0,0.0,0.0,0.0,0.0,0.0,0.0,0.0,0.0,0.0,0.0,0.0,0.0,0.0,0.0,0.0,0.0,0.0,0.0,0.0,0.0,0.0,0.0,0.0,0.0,0.0,0.0,0.0,0.0,0.0,0.0,0.0,0.0,0.0,0.0,0.0,0.0,0.0,0.0,0.0,0.0,0.0,0.0,0.0,0.0,0.0,0.0,0.0,0.0,0.0,0.0,0.0,0.0,0.0,0.0,0.0,0.0,0.0,0.0,0.0,0.0,0.0,0.0,0.0,0.0,0.0,0.0,0.0,0.0,0.0,0.0,0.0,0.0,0.0,0.0,0.0,0.0,0.0,0.0,0.0,0.0,0.0,0.0,0.0,0.0,0.0,0.0,0.0,0.0,0.0,0.0,0.0,0.0,0.0,0.0,0.0,0.0,0.0,0.0,0.0,0.0,0.0,0.0,0.0,0.0,0.0,0.0,0.0,0.0,0.0,0.0,0.0,0.0,0.0,0.0,0.0,0.0,0.0,0.0,0.0,0.0,0.0,0.0,0.0,0.0,0.0,0.0,0.0,0.0,0.0,0.0,0.0,0.0,0.0,0.0,0.0,0.0,0.0,0.0,0.0,0.0,0.0,0.0,0.0,0.0,0.0,0.0,0.0,0.0,0.0,0.0,0.0,0.0,0.0,0.0,0.0,0.0,0.0,0.0,0.0,0.0,0.0,0.0,0.0,0.0,0.0,0.0,0.0,0.0,0.0,0.0,0.0,0.0,0.0,0.0,0.0,0.0,0.0,0.0,0.0,0.0,0.0,0.0,0.0,0.0,0.0,0.0,0.0,0.0,0.0,0.0,0.0,0.0,0.0,0.0,0.0,0.0,0.0,0.0,0.0,0.0,0.0,0.0,0.0,0.0,0.0,0.0,0.0,0.0,0.0,0.0,0.0,0.0,0.0,0.0,0.0,0.0,0.0,0.0,0.0,0.0,0.0,0.0,0.0,0.0,0.0,0.0,0.0,0.0,0.0,0.0,0.0,0.0,0.0,0.0,0.0,0.0,0.0,0.0,0.0,0.0,0.0,0.0,0.0,0.0,0.0,0.0,0.0,0.0,0.0,0.0,0.0,0.0,0.0,0.0,0.0,0.0,0.0,0.0,0.0,0.0,0.0,0.0,0.0
0.9292799,0.9158337,0.9277753,0.94108534,0.93180346,0.9241495,0.92865795,0.9465914,0.93903697,0.9238871,0.92601365,0.9223209,0.9337387,0.91809016,0.9254608,0.9300825,0.9072702,0.9221729,0.9347056,0.93612,0.95066273,0.93192935,0.92477864,0.9432223,0.92834365,0.9200366,0.9261881,0.9410275,0.94461644,0.93173075,0.9321077,0.93503916,0.9122735,0.9357097,0.93873966,0.942827,0.9263072,0.93421465,0.9303234,0.9247553,0.9308515,0.9316391,0.94159484,0.92381823,0.92836946,0.92116827,0.91613966,0.93269384,0.93885064,0.92214966,0.9261104,0.9315266,0.9323868,0.92592937,0.913599,0.93415916,0.9482132,0.92622125,0.92749286,0.9184052,0.9318284,0.94343,0.9262862,0.95440084,0.93968564,0.9439639,0.9375377,0.93449366,0.9206698,0.9305629,0.9373643,0.91628546,0.93486273,0.9170473,0.93300235,0.9287583,0.9323975,0.9313452,0.94502103,0.9189139,0.92830557,0.9182264,0.92885697,0.9345551,0.9343344,0.93127215,0.9379196,0.93240327,0.9331608,0.9322848,0.9276569,0.9286468,0.9325564,0.93017167,0.94115585,0.931846,0.9251945,0.9397256,0.9329213,0.94299126,0.937788,0.91038716,0.9151407,0.939139,0.9308521,0.92821586,0.9224874,0.9470658,0.9377149,0.92542696,0.92784035,0.9373147,0.9261402,0.92272234,0.92644554,0.92886174,0.932112,0.9253359,0.93142825,0.9420931,0.9375479,0.9214516,0.92139167,0.9220482,0.9439545,0.9291355,0.93543595,0.9219956,0.93430656,0.9190904,0.9300349,0.9191335,0.9335501,0.93058664,0.9269646,0.9285723,0.9360834,0.93726516,0.9493291,0.9279761,0.93365073,0.92662215,0.9371026,0.9174982,0.94209456,0.94039387,0.9251373,0.91738063,0.92037135,0.939646,0.9417114,0.91670066,0.9196127,0.93203616,0.9376687,0.93293566,0.9361224,0.9416436,0.9472957,0.93767816,0.9296523,0.9278756,0.92099077,0.9334144,0.94089496,0.9239129,0.945298,0.93421316,0.92381924,0.93336636,0.93922675,0.92291605,0.9320323,0.9213574,0.92686325,0.9212148,0.94002753,0.9406115,0.93862647,0.9327094,0.9236602,0.93373805,0.9376021,0.9329588,0.93359715,0.9228801,0.9241624,0.93220156,0.9296455,0.91843694,0.9192536,0.93144524,0.933239,0.9333654,0.92483574,0.929306,0.9230922,0.94045156,0.9333455,0.9355878,0.92757547,0.92406785,0.9214813,0.9369358,0.9229141,0.93533,0.9271253,0.92229027,0.9320645,0.94603956,0.9246527,0.92304605,0.93016344,0.93855464,0.9159535,0.92809975,0.9246949,0.9118992,0.92138606,0.94406104,0.9482883,0.9295792,0.92708427,0.9322635,0.92771053,0.9410658,0.9236601,0.92597413,0.92722034,0.92617035,0.92851835,0.9305525,0.92222697,0.9200237,0.9296088,0.93156934,0.93680656,0.93827415,0.94161147,0.9266489,0.92507905,0.9223293,0.9351343,0.92898303,0.93785477,0.9386465,0.9259753,0.93217146,0.940141,0.9305564,0.9243427,0.93136936,0.9355798,0.9291314,0.9224175,0.946785,0.9301681,0.93316376,0.922917,0.9310193,0.93266803,0.93070513,0.929415,0.930871,0.9335049,0.9302785,0.9250241,0.9294415,0.93804926,0.94272804,0.93354505,0.9190067,0.9374254,0.93813354,0.92233455,0.9150514,0.9153495,0.9257489,0.93594104,0.9314997,0.92660534,0.93856525,0.9323373,0.9235306,0.9241608,0.9296548,0.92892796,0.9302354,0.9331356,0.91779184,0.9340871,0.9421156,0.9246701,0.9339852,0.9253007,0.9428415,0.9314978,0.921725,0.92037076,0.93108565,0.9230387,0.9330633,0.90229625,0.9326475,0.92886317,0.938174,0.9452854,0.94549096,0.9271617,0.92508394,0.9333472,0.9233565,0.9293934,0.91799617,0.95252955,0.9297651,0.90858245,0.9322035,0.93047893,0.9261145,0.9288773,0.92588896,0.9271281,0.9198282,0.9395596,0.93120676,0.9207237,0.9260957,0.93706256,0.9251861,0.92312855,0.929698,0.93479884,0.9355419,0.9417425,0.9341576,0.9455865,0.93004173,0.9297416,0.93356574,0.92775905,0.9277456,0.9415079,0.93365234,0.91984844,0.9386013,0.92322975,0.93425137,0.92432016,0.92868096,0.94937366,0.9190899,0.94248235,0.9375915,0.9285762,0.9363417,0.9491028,0.92888516,0.9326215,0.9355384,0.9360749,0.92852396,0.9436885,0.9151231,0.92319417,0.93079144,0.9370914,0.9201461,0.9394553,0.92821145,0.9433054,0.91398764,0.9264459,0.9271758,0.92855144,0.93558854,0.9204904,0.93198216,0.93447876,0.9314291,0.9349618,0.95203567,0.9374387,0.92281353,0.9217642,0.9266095,0.9297312,0.9243341,0.9233337,0.91711545,0.93556654,0.91954297,0.9332761,0.9352471,0.92892396,0.93240863,0.93120426,0.9236379,0.91982144,0.93821025,0.92916113,0.91706336,0.92227215,0.9379994,0.9403934,0.92490023,0.9408446,0.9345167,0.9345449,0.9417338,0.9272018,0.94361997,0.92378885,0.91595274,0.93156976,0.9391804,0.93339634,0.9369224,0.9290144,0.9336363,0.9270168,0.9342402,0.91752195,0.92826664,0.9234422,0.94173145,0.9302276,0.9248868,0.91339785,0.9344265,0.91939247,0.9258892,0.92439103,0.93713254,0.9399005,0.9330088,0.9394239,0.9403247,0.92724997,0.9287929,0.9361372,0.9360128,0.9336968,0.9297452,0.9303358,0.92544675,0.9390497,0.9307471,0.94026905,0.94343716,0.9330082,0.92833865,0.92742157,0.92355263,0.93087775,0.927616,0.9268143,0.9342773,0.93085855,0.92437035,0.95002097,0.9273354,0.91258144,0.9440026,0.9371989,0.91751975,0.9427758,0.930471,0.9381963,0.9327131,0.93211734,0.9355023,0.9401985,0.9415472,0.93860406,0.93772846,0.93713266,0.92378116,0.91823786,0.93702155,0.9274254,0.9173274,0.9227285,0.94012976,0.9206407,0.93260634,0.9210746,0.9326439,0.9114306,0.9367649,0.9313245,0.9268424,0.9341989,0.93440485,0.917389,0.93082535,0.93052924,0.92366105,0.9420789,0.91670865,0.9288666,0.922978,0.9385493,0.9322574,0.9245499,0.9288778,0.925338,0.9253026,0.93513393,0.94079185,0.9375451,0.9372008,0.93681943,0.938035,0.93529,0.94186616,0.93211913,0.9306869,0.91778487,0.9446918,0.93436563,0.9346842,0.92862475,0.9330002,0.9416606,0.93159026,0.92791003,0.92658293,0.938026,0.9418801,0.9257528,0.9255249,0.925959,0.9295047,0.9303618,0.9320596,0.9350436,0.93413794,0.92585355,0.9319737,0.9229,0.93944275,0.92927235,0.9273065,0.9357933,0.9295901,0.9426174,0.92565584,0.93381006,0.9325403,0.9225042,0.9375587,0.9327233,0.9277171,0.9190828,0.9470625,0.929143,0.93676555,0.91776854,0.9275658,0.9194469,0.9172982,0.9485366,0.9339288,0.9238585,0.9317174,0.93609905,0.93511474,0.92653114,0.9365943,0.92428464,0.92062646,0.9345624,0.9360853,0.9317639,0.9322783,0.92834586,0.9327562,0.92368037,0.9191321,0.93156993,0.93102145,0.9514428,0.94561195,0.9204583,0.9316656,0.9210479,0.9338673,0.9251988,0.9402051,0.9215126,0.92099124,0.9417844,0.91134554,0.9296262,0.9192993,0.9077202,0.90694046,0.94423807,0.9276273,0.94001955,0.9330633,0.93754935,0.93023735,0.92552024,0.93150914,0.9270313,0.926582,0.9258229,0.9270525,0.9237874,0.93468505,0.928941,0.94127125,0.929391,0.93879384,0.9323444,0.94437236,0.9407035,0.933721,0.92013884,0.93054587,0.92787004,0.93084323,0.9284496,0.9323199,0.93699694,0.9299463,0.91837806,0.9338404,0.93412346,0.9267287,0.9201945,0.92910767,0.93648714,0.93023354,0.92509043,0.9378352,0.9193881,0.93321383,0.9285511,0.9274787,0.91803813,0.9307994,0.92661226,0.9228292,0.927509,0.93497807,0.9264182,0.94299716,0.9244757,0.9270189,0.9320178,0.93371636,0.9233924,0.9260924,0.9312441,0.93707603,0.9109928,0.91932505,0.92803913,0.93656963,0.93176126,0.92920756,0.9329409,0.9300718,0.9395364,0.9218753,0.94475543,0.9256911,0.92018324,0.9281488,0.94926316,0.9250566,0.93179077,0.9249962,0.924192,0.9365906,0.9174313,0.92834455,0.92850703,0.9291612,0.9329978,0.93990487,0.922024,0.93585503,0.94444764,0.9335726,0.9270672,0.9259543,0.9447167,0.93095434,0.93224293,0.92601067,0.9356515,0.93666464,0.9180182,0.9171141,0.92931825,0.93721133,0.93632966,0.9332533,0.9342247,0.94503224,0.9224659,0.93612313,0.94769317,0.9274005,0.92155343,0.94284606,0.91913897,0.9206074,0.9460033,0.92808586,0.93003386,0.94110394,0.93673295,0.9239714,0.93677527,0.93395,0.91408235,0.9330074,0.93995655,0.9274496,0.9254903,0.9153631,0.937832,0.94379216,0.9282762,0.92481047,0.9153183,0.9391848,0.92486614,0.9347444,0.92599577,0.9429832,0.93274355,0.938839,0.92704636,0.93162704,0.9277005,0.92499787,0.93029386,0.93285143,0.9311646,0.93073195,0.93788135,0.92312753,0.93471074,0.9346988,0.9354303,0.9248969,0.9364824,0.9193398,0.9288692,0.93424875,0.9066039,0.9412969,0.9256245,0.9166365,0.9238603,0.94052553,0.920173,0.923802,0.91987926,0.9230106,0.93582684,0.9240381,0.9203202,0.94711614,0.9299752,0.9259439,0.9466249,0.93307567,0.9385349,0.9275213,0.9302642,0.9281906,0.9334563,0.92424506,0.9250864,0.9339193,0.91805786,0.9347804,0.9289023,0.92930526,0.9299001,0.9333754,0.9330267,0.9236011,0.9306281,0.92652506,0.9378076,0.9374549,0.9455587,0.9305238,0.9274132,0.92617625,0.91663706,0.9244183,0.91330653,0.9203696,0.9381767,0.93383205,0.93635005,0.942954,0.9273301,0.9187529,0.93876487,0.9351654,0.9177728,0.9338819,0.9400436,0.9323786,0.92697835,0.92963666,0.92728,0.9416053,0.9152096,0.9321947,0.94106114,0.9222676,0.9351436,0.9456904,0.9384747,0.9435488,0.9330512,0.9314179,0.9357376,0.92203933,0.91793716,0.9206591,0.9281321,0.9204028,0.92315507,0.92420053,0.92331475,0.94365865,0.92574835,0.92010117,0.93510747,0.93182474,0.9302357,0.92655426,0.9307566,0.90975404,0.9331444,0.9339407,0.9400486,0.93272096,0.9286341,0.92678154,0.94286036,0.92771006,0.9344463,0.93229276,0.93876076,0.9399312,0.9354303,0.9281005,0.935638,0.93813574,0.92316425,0.9268011,0.9401336,0.92344356,0.9356278,0.9298189,0.94371337,0.9236019,0.924693,0.9251373,0.91607296,0.93365127,0.9228708,0.92616576,0.94157785,0.92678547,0.93774337,0.92620665,0.93591905,0.92422545,0.9334082,0.93514925,0.92530227,0.9234999,0.93361443,0.9270993,0.93611693,0.9143745,0.9250623,0.9411488,0.94741964,0.93849444,0.9218458,0.92520434,0.9258362,0.92166805,0.92602617,0.9161269,0.9186014,0.9231947,0.943701,0.92052484,0.9184006,0.92610735,0.92889744,0.92084754,0.9443881,0.9434017,0.9293188,0.93625104,0.94003874,0.9280609,0.9224286,0.9272746,0.94579023,0.9362099,0.9268067,0.9260803,0.93281186,0.93214035,0.9357724,0.92956614,0.93038726,0.9311878,0.93212473,0.92892027,0.9347885,0.92400694,0.9135963,0.92472816,0.9276223,0.9385993,0.9395884,0.93228227,0.9275056,0.927954,0.9292582,0.915584,0.9263741,0.94092596,0.9464053,0.92479956,0.91898584,0.929146,0.9445421,0.9257164,0.9358332,0.93763506,0.92222863,0.9405219,0.9333207,0.941128,0.93588233,0.9191907,0.9259927,0.91818404,0.92686325,0.93312067,0.921867,0.91752625,0.9149216,0.9369832,0.9280514,0.9322188,0.92974985,0.93836844,0.9418352,0.9168309,0.93251044,0.92551,0.9373665,0.935081,0.9240533,0.9424299,0.926179,0.929048,0.93348336,0.9272343,0.93110424,0.92299443,0.93135464,0.9314908,0.9490661,0.94151366,0.92601025,0.92236763,0.9344772,0.9349974,0.93137175,0.9356793,0.9235966,0.9225666,0.92860764,0.9308817,0.93296206,0.9305049,0.9270463,0.9091113
0.8358309,0.84407747,0.8248795,0.8485183,0.83844614,0.85032004,0.8519153,0.84674025,0.8416441,0.84154695,0.839783,0.8275471,0.8248507,0.83711696,0.83747816,0.8398116,0.84292966,0.8469153,0.85585356,0.8409887,0.8347292,0.84278524,0.8387872,0.84288496,0.84518087,0.8378329,0.8330891,0.8335075,0.83874536,0.84575313,0.8451751,0.8324423,0.83846086,0.8486875,0.84132785,0.83600134,0.8356859,0.85258514,0.8541978,0.8411545,0.8406426,0.83150136,0.8361117,0.84867823,0.84270394,0.83750516,0.8472992,0.84529203,0.8447583,0.84938174,0.8388886,0.8493602,0.84751207,0.8486567,0.8563226,0.8347142,0.85821354,0.8380311,0.8426825,0.8312865,0.8455348,0.84496695,0.84706545,0.85376626,0.839874,0.8557682,0.84154576,0.83442825,0.84210473,0.8432827,0.83777255,0.85903317,0.8385253,0.85607237,0.8346781,0.8434837,0.84361136,0.83051646,0.8572871,0.8270798,0.8406307,0.83868,0.84231544,0.8318588,0.8418299,0.83536,0.8515293,0.8461627,0.83946794,0.8379456,0.8488871,0.839677,0.84441364,0.8399563,0.83368653,0.8356116,0.8470284,0.8431928,0.84154415,0.85496163,0.847533,0.8393354,0.8276062,0.8523402,0.839646,0.8388935,0.84377563,0.8302811,0.8435088,0.85565835,0.8369835,0.84482116,0.83673805,0.8534047,0.8421843,0.8321113,0.84244096,0.83900803,0.82952064,0.8565281,0.8355825,0.8397086,0.8544546,0.8488134,0.8472819,0.840022,0.84916455,0.8374901,0.8363711,0.8453028,0.8469986,0.85955375,0.8514622,0.8357596,0.8461918,0.85184336,0.8482005,0.8520315,0.83917344,0.8438669,0.84632516,0.8452217,0.8496302,0.8506448,0.8323722,0.85253006,0.83831763,0.85032666,0.8271153,0.8450695,0.8390769,0.8442814,0.8484547,0.8422982,0.84142435,0.8355698,0.84757286,0.8349948,0.8344531,0.8508727,0.8432257,0.8498122,0.8499803,0.83430517,0.8450724,0.85157794,0.8412588,0.83556306,0.83772194,0.8386421,0.8507816,0.8502295,0.84934115,0.83975077,0.8327201,0.83750576,0.8435146,0.8369467,0.8597081,0.8449179,0.831402,0.8358973,0.8373158,0.84426206,0.8474379,0.8468449,0.8441853,0.83041155,0.84568703,0.8467063,0.866892,0.851222,0.8583813,0.8615087,0.8392274,0.8278574,0.8280261,0.84233004,0.8608212,0.8414779,0.83230746,0.85983086,0.8547637,0.84029573,0.8387587,0.8511924,0.8557325,0.85834837,0.8414641,0.85372305,0.83949304,0.8423202,0.8435971,0.8481342,0.8327687,0.8346592,0.83919615,0.8388966,0.8261889,0.84215504,0.84193516,0.8405947,0.83831996,0.84369755,0.8337378,0.85004234,0.85018003,0.8483584,0.8375763,0.8362174,0.85125786,0.8420803,0.8419112,0.84825665,0.8337757,0.8496692,0.8331161,0.84638315,0.8394672,0.8521389,0.8430905,0.84040815,0.8422523,0.8472964,0.8394257,0.8363459,0.8483206,0.8399827,0.8460011,0.84179145,0.8474324,0.8485574,0.85535765,0.8450385,0.8452994,0.8309964,0.8422515,0.8463178,0.8514051,0.84216976,0.8483455,0.8561384,0.8449524,0.84455794,0.83868223,0.84197736,0.8480094,0.82979894,0.8635633,0.8529743,0.8352154,0.8434194,0.83527863,0.84173924,0.84741837,0.8503204,0.8468748,0.85073066,0.8421341,0.8466299,0.83814895,0.8496056,0.84140325,0.83727264,0.84894764,0.8357364,0.83956194,0.8423381,0.8424006,0.8365988,0.8444367,0.83919966,0.85237396,0.8401482,0.83658606,0.8487155,0.84900373,0.8302012,0.8329852,0.83454746,0.8340557,0.8395419,0.8335214,0.8558705,0.84769154,0.84569573,0.8432215,0.83491343,0.8365304,0.84008664,0.84289646,0.8533429,0.84804,0.8395457,0.8449427,0.8371033,0.84504735,0.8486372,0.8548831,0.8425724,0.84534305,0.84971184,0.84888524,0.8420684,0.85370654,0.8503342,0.83900493,0.84723663,0.8403627,0.84321046,0.83962715,0.84776634,0.8328311,0.8326266,0.8494064,0.8491163,0.8474603,0.84046644,0.8398575,0.84447485,0.85031265,0.8443404,0.8447438,0.8501177,0.83290726,0.84816605,0.8409483,0.8447319,0.8515793,0.8422702,0.8369981,0.82581747,0.83677125,0.848569,0.84334975,0.8373272,0.8497037,0.8309643,0.83668584,0.8480668,0.8367176,0.83950025,0.8417475,0.83420396,0.84331757,0.83659303,0.8546772,0.84295326,0.8452662,0.84522265,0.8537516,0.8490283,0.84061027,0.8341634,0.83876514,0.84669524,0.8409313,0.8507379,0.8366169,0.8408332,0.829551,0.84932095,0.8605427,0.8317895,0.8386315,0.8389439,0.83233535,0.83003485,0.84159976,0.8513697,0.8564705,0.85014224,0.84250104,0.8384837,0.84427583,0.8555156,0.83820206,0.83630997,0.83281684,0.8484003,0.8267605,0.8422223,0.8399018,0.84584165,0.83849436,0.84213203,0.8441456,0.8499004,0.8332322,0.84893817,0.850723,0.82900023,0.8346438,0.84339714,0.8392062,0.83856016,0.84664714,0.8478084,0.8403055,0.83341926,0.8597778,0.841872,0.84544915,0.8331663,0.8564013,0.83619577,0.8441309,0.84493345,0.8453228,0.829052,0.8359999,0.8462615,0.8437033,0.8285381,0.84338874,0.8288699,0.8620268,0.8315145,0.8476355,0.8328076,0.8364738,0.843737,0.8561716,0.8610255,0.83979785,0.8257793,0.8407901,0.843985,0.82837343,0.84813523,0.8396436,0.85501325,0.82950497,0.84166133,0.85853636,0.85248786,0.83971953,0.8404874,0.83449805,0.82799214,0.8563,0.8493314,0.83910906,0.83913004,0.84382343,0.85308343,0.8412464,0.842635,0.8357279,0.8403943,0.8399894,0.8369608,0.8379053,0.841856,0.8337121,0.8450329,0.8324601,0.8264156,0.8200876,0.8402403,0.85591817,0.84353656,0.830836,0.831111,0.8436693,0.849319,0.85378206,0.8482325,0.83254683,0.847172,0.8433591,0.84351534,0.8457151,0.851469,0.84225327,0.83716315,0.84717244,0.83963114,0.83556885,0.8397235,0.833853,0.84016913,0.8366155,0.83624583,0.84045994,0.8399699,0.835431,0.84172595,0.83787155,0.8496994,0.84663576,0.84391505,0.8461226,0.8461988,0.84657973,0.8579581,0.85518914,0.8405654,0.84173614,0.8506534,0.84428483,0.8378848,0.8353909,0.8446382,0.84106153,0.85108715,0.84762496,0.8317769,0.8429727,0.8289711,0.83471215,0.829263,0.85421586,0.84558076,0.8343991,0.85935783,0.8372831,0.84842753,0.8393937,0.84351003,0.84581333,0.85021925,0.839088,0.8388689,0.849577,0.8488924,0.8437652,0.8437874,0.8512829,0.8620471,0.8402009,0.86439896,0.8649211,0.8430374,0.8459866,0.85770714,0.847466,0.8375183,0.84175384,0.83010876,0.8489069,0.8302834,0.84735787,0.8296508,0.84030426,0.84257215,0.8452073,0.8494228,0.8485116,0.8351828,0.84051883,0.8389723,0.8395544,0.849635,0.8418422,0.84034926,0.8375428,0.84435946,0.8600065,0.8406979,0.8473091,0.83241886,0.8512276,0.83718395,0.8499474,0.83956885,0.84331596,0.8456577,0.846754,0.84672314,0.83600944,0.840837,0.84131,0.8389224,0.84579384,0.8500538,0.8391087,0.8201569,0.83358335,0.8511745,0.83290815,0.84106904,0.8591052,0.8389091,0.8440872,0.8362713,0.82689756,0.83869576,0.8350542,0.8426663,0.83238316,0.83787763,0.8409858,0.8447702,0.83881944,0.85110396,0.85253227,0.8433117,0.84453136,0.839863,0.84377575,0.8341865,0.84887826,0.8400936,0.8303945,0.84872526,0.8478841,0.8429598,0.8394574,0.8592193,0.8340167,0.8497265,0.84811556,0.83973783,0.84537786,0.841061,0.83690715,0.82341933,0.8401368,0.8506833,0.8416515,0.86724085,0.8431092,0.83015203,0.84614134,0.8481968,0.82271975,0.8390827,0.8371744,0.8414102,0.83737206,0.83350277,0.8384331,0.8362948,0.84599704,0.83757573,0.8569181,0.8372451,0.8569227,0.85760325,0.8387221,0.8344106,0.84204763,0.8377612,0.83711916,0.84411675,0.83070356,0.846852,0.8487754,0.84346545,0.8486812,0.84093463,0.8407859,0.8594516,0.8332067,0.84994596,0.8449505,0.8505876,0.8444842,0.8560176,0.83925885,0.84189504,0.8491532,0.8438463,0.8443473,0.8387293,0.8427698,0.8451739,0.86229557,0.8487051,0.85288376,0.8493842,0.8339279,0.84736806,0.83627456,0.85027874,0.8408982,0.84513175,0.84346473,0.8626425,0.83522373,0.85463285,0.85261047,0.8477905,0.8478554,0.8563332,0.83477384,0.8393434,0.8379876,0.8337731,0.8338244,0.8373697,0.83818734,0.84368676,0.825878,0.850575,0.8430924,0.8408438,0.84267783,0.83207697,0.8379281,0.8397177,0.85470736,0.8368894,0.8535177,0.8567603,0.83014697,0.845016,0.84978557,0.8534999,0.8444213,0.8441786,0.84107286,0.8567193,0.8480073,0.8530116,0.85154516,0.85101676,0.84430474,0.8538497,0.8430966,0.83930534,0.83744633,0.8463439,0.8518026,0.84265906,0.8509899,0.83589906,0.83829796,0.8478741,0.8600191,0.8486894,0.8379316,0.84042764,0.8336208,0.84513164,0.84053123,0.84881747,0.85146236,0.8325942,0.8308953,0.846746,0.8441249,0.8335394,0.8523638,0.8506781,0.8400344,0.8440212,0.8279024,0.849591,0.84355307,0.8488244,0.84571475,0.8458364,0.85701585,0.8370776,0.84180045,0.8389338,0.8514091,0.8491461,0.82574534,0.8410527,0.8434928,0.83928245,0.8393066,0.83963054,0.8322272,0.8357186,0.8501662,0.8536019,0.83216226,0.8485283,0.8377226,0.8402696,0.85438025,0.83893675,0.8516515,0.8507981,0.8346071,0.8514315,0.8433968,0.8401114,0.8285896,0.8544171,0.84051645,0.84496325,0.85558856,0.8408948,0.83678186,0.8492192,0.85060406,0.84605396,0.84216017,0.85259145,0.8447861,0.8359169,0.8459998,0.84962136,0.85520536,0.84578246,0.8509478,0.8443579,0.83160007,0.8422626,0.84440863,0.82526404,0.8407225,0.83473414,0.8534117,0.83666414,0.8469851,0.8481195,0.8452956,0.8582937,0.85916144,0.85297084,0.8470031,0.8311703,0.850502,0.8417953,0.84441674,0.8538355,0.8531903,0.8441956,0.8419712,0.8429849,0.8563146,0.8440163,0.84542817,0.8588007,0.83853287,0.82828283,0.85754985,0.8410897,0.8371895,0.860801,0.85497385,0.84820265,0.846959,0.83204985,0.84770596,0.8585379,0.8437085,0.8493729,0.85247767,0.84213537,0.83737475,0.8275561,0.8416292,0.8468721,0.83088046,0.8425345,0.83970374,0.84260386,0.85562086,0.8371613,0.8420772,0.833401,0.836781,0.84531885,0.85192287,0.85004836,0.85442406,0.8506285,0.84606147,0.8570576,0.8513783,0.837565,0.8349916,0.83785444,0.84373677,0.8533241,0.8570911,0.8453924,0.8374142,0.8470435,0.8449423,0.8442017,0.8300533,0.84178495,0.8509407,0.8460259,0.8464545,0.83470446,0.84300035,0.8544706,0.8470214,0.833022,0.835714,0.84253913,0.8499549,0.83672947,0.8420926,0.845836,0.83839846,0.8446309,0.8598806,0.85309064,0.84438616,0.84215367,0.8393419,0.842261,0.8513435,0.83953255,0.82596916,0.8368491,0.83714813,0.8443116,0.84465456,0.8284343,0.8550019,0.85110205,0.852837,0.8532958,0.8504418,0.85490906,0.85128087,0.8342082,0.84370965,0.8439134,0.8351513,0.84890705,0.8496243,0.859889,0.84106857,0.8333731,0.85021734,0.8407061,0.8454999,0.8434117,0.8403697,0.8502368,0.8469155,0.8490067,0.8449427,0.8389479,0.8409311,0.8338542,0.8420961,0.83597815,0.8456123,0.839588,0.8412822,0.8302859,0.84096956,0.8414954,0.8503797,0.834511,0.8412807,0.8324074,0.8395149,0.85993123,0.8344669,0.84801304,0.85306907,0.85050184,0.8500207,0.84737355,0.83264685,0.84633684,0.8402812,0.8354829,0.8411824,0.8355424,0.84672165,0.844026,0.8225117,0.82167256,0.8518929,0.85428464,0.8486058,0.8492534,0.8417347,0.8390463,0.8461574,0.84980136,0.83778876,0.85362774,0.8334495,0.83646417
1.1171683,1.1150287,1.1175914,1.1033248,1.1075721,1.1287371,1.1159245,1.1050453,1.1210523,1.1204593,1.1107786,1.1240966,1.1109022,1.1166229,1.1043494,1.1287415,1.1064621,1.1182953,1.1032746,1.1055106,1.1162126,1.1158987,1.1079932,1.1115398,1.1015142,1.1037072,1.0969678,1.1026533,1.1088314,1.1248994,1.1118209,1.103193,1.1146147,1.1157978,1.096152,1.1167504,1.109575,1.1290939,1.1116469,1.1172855,1.1131896,1.105025,1.1032512,1.1167543,1.1291481,1.1057252,1.1035478,1.1099607,1.1173605,1.116245,1.1166407,1.1054958,1.102064,1.1257923,1.1173236,1.1075764,1.1212908,1.1139196,1.1044668,1.0995213,1.12028,1.111625,1.1094755,1.1077693,1.1003386,1.1247953,1.1023338,1.1176914,1.1142156,1.1310118,1.0887138,1.1195095,1.1108979,1.1111629,1.0923421,1.1164955,1.1224928,1.1169151,1.1080637,1.1019053,1.12989,1.0946705,1.1037408,1.1122948,1.1183587,1.1082882,1.1066844,1.1113266,1.1172563,1.1028248,1.1274741,1.1148313,1.1058927,1.1135466,1.1038276,1.1082238,1.1139263,1.1102612,1.127227,1.1062956,1.1057982,1.1165656,1.1058946,1.1243414,1.108711,1.1199605,1.1238769,1.127838,1.0958526,1.1192124,1.1086351,1.1186225,1.1179113,1.1165062,1.0892973,1.1092466,1.1190537,1.1128039,1.1141049,1.1179721,1.0892779,1.1124027,1.1101016,1.1164305,1.1048907,1.1023676,1.1243485,1.1014951,1.1177613,1.1217344,1.1121309,1.1196342,1.1138731,1.1188476,1.1004578,1.1156781,1.1286786,1.1095914,1.1221129,1.1122293,1.1105913,1.1135943,1.1158346,1.107544,1.1237067,1.1092712,1.1131846,1.1189173,1.1089395,1.1108785,1.1181332,1.1142548,1.1084499,1.1004809,1.1125377,1.1186851,1.1143105,1.1223831,1.1086808,1.0976812,1.1205996,1.1094283,1.1095804,1.1053978,1.1115543,1.1192558,1.0992475,1.1129491,1.1252875,1.1317931,1.1261264,1.110817,1.1152111,1.1173104,1.1281048,1.1225663,1.0995218,1.107224,1.1070095,1.1072081,1.1115947,1.1171285,1.114639,1.1160212,1.1066537,1.1237669,1.1094146,1.1132971,1.1310763,1.1047661,1.1091676,1.1169385,1.1089257,1.1037656,1.1166617,1.1000396,1.1075516,1.1221107,1.1201752,1.1024781,1.1104188,1.117815,1.1110561,1.114247,1.1048493,1.1094306,1.1157593,1.1281359,1.1245123,1.1048976,1.1053597,1.1182745,1.1247342,1.1212666,1.1132271,1.1055555,1.1110433,1.1091127,1.1071494,1.114796,1.1195828,1.1320847,1.1128722,1.1099579,1.0939296,1.1246728,1.1062204,1.1166129,1.1128969,1.1236687,1.1148962,1.1117758,1.1022838,1.1207316,1.1238196,1.1165519,1.1308222,1.1228548,1.1142259,1.1083616,1.1064084,1.1035094,1.1004981,1.1200355,1.1055607,1.0968742,1.1098164,1.1103183,1.1353629,1.101663,1.1153156,1.1107527,1.1175519,1.1281217,1.1110044,1.1269654,1.117392,1.1128448,1.1316097,1.1239853,1.1267455,1.1048985,1.1076291,1.1029736,1.1095909,1.1254365,1.1053272,1.120907,1.114852,1.1319709,1.1027724,1.1110271,1.120452,1.1119559,1.1155698,1.1107645,1.1195338,1.1060338,1.1092156,1.1042855,1.103294,1.111574,1.111412,1.1064072,1.106185,1.120502,1.1180153,1.1068614,1.1275628,1.0995026,1.1077924,1.1088724,1.113011,1.1161406,1.1190368,1.1217691,1.108805,1.1138921,1.1065344,1.1166877,1.1145924,1.1231521,1.1068952,1.1098304,1.1207299,1.1126229,1.1039172,1.1045294,1.1097155,1.1208816,1.1072958,1.1190239,1.1102835,1.1091964,1.1203811,1.1100914,1.113331,1.0950264,1.120221,1.126258,1.119201,1.1062217,1.1130778,1.1063067,1.1132632,1.0947046,1.1176497,1.1293908,1.1183175,1.1270908,1.1168387,1.121853,1.1125399,1.1116933,1.116893,1.1093081,1.1051222,1.1239216,1.1087657,1.0970643,1.1141639,1.1018996,1.1174344,1.113693,1.1249089,1.1063032,1.1166134,1.1271845,1.1132097,1.1060176,1.102042,1.1128664,1.1024904,1.1233653,1.1099149,1.1163137,1.1062229,1.1237048,1.1107755,1.1390291,1.111605,1.1133449,1.1118838,1.0981284,1.1195765,1.1248536,1.1192303,1.1098682,1.12407,1.0992146,1.1132724,1.1121986,1.1074512,1.1252098,1.1181687,1.1097647,1.1045485,1.1220655,1.1143886,1.1055444,1.1027298,1.1117573,1.1288781,1.1101842,1.1094033,1.1086388,1.1184064,1.09804,1.1095828,1.1076509,1.1160631,1.1167878,1.1213862,1.1074678,1.1066481,1.1223624,1.1150793,1.1162845,1.1178946,1.1101811,1.1173362,1.1271241,1.11986,1.1087676,1.1189967,1.0967038,1.0937091,1.1171372,1.105653,1.1247618,1.119197,1.1111271,1.1125988,1.0979155,1.1110772,1.111677,1.1191319,1.1178609,1.106907,1.1189929,1.1001736,1.1075974,1.1107451,1.1176138,1.1201237,1.1052492,1.1135626,1.1132298,1.105526,1.1105082,1.1098988,1.1303585,1.1094183,1.1083723,1.1214013,1.1173398,1.102351,1.1143792,1.1096071,1.1111512,1.1139854,1.0927768,1.108902,1.1194451,1.132121,1.1005963,1.102711,1.1065633,1.1144253,1.1092292,1.1046056,1.1251403,1.1080918,1.1096157,1.1176012,1.1025721,1.1077499,1.1224653,1.118353,1.1307861,1.1218908,1.1185677,1.0980603,1.1131728,1.1232802,1.1151514,1.1133726,1.1144322,1.1176748,1.1189206,1.1029825,1.121727,1.1170033,1.0985265,1.1194158,1.1163216,1.13329,1.1037705,1.1122863,1.1182042,1.1218024,1.0977036,1.1029036,1.1190751,1.1004236,1.117363,1.1183662,1.1108632,1.1217834,1.1016978,1.1137419,1.1035583,1.1149263,1.1203682,1.104133,1.1218784,1.1123056,1.116725,1.118997,1.1114043,1.1204795,1.1125484,1.1156898,1.1165468,1.1156077,1.1169461,1.1145753,1.1089556,1.1282579,1.101569,1.1137674,1.1194991,1.1295195,1.1126404,1.123343,1.0919467,1.127151,1.1140714,1.112059,1.1179885,1.1012689,1.1139421,1.0952513,1.1193141,1.1080898,1.1111525,1.1146883,1.1163906,1.0908666,1.1141976,1.1066997,1.1260055,1.1203547,1.1261024,1.1228318,1.1209649,1.1219351,1.1142521,1.1035931,1.1142426,1.1122242,1.1092967,1.1169137,1.1069441,1.1158026,1.1114966,1.1134677,1.121976,1.1140966,1.1225811,1.1169055,1.121602,1.1190437,1.1139096,1.1278678,1.1138877,1.1157361,1.1023725,1.1248667,1.1006593,1.1168294,1.1061836,1.1171973,1.1039795,1.1170158,1.1041415,1.1196716,1.1117002,1.1222649,1.0962075,1.1026076,1.1208289,1.1108997,1.1260439,1.1160887,1.1255941,1.1107169,1.1029161,1.1338626,1.1344714,1.1160858,1.112571,1.112085,1.1173911,1.1091697,1.1031047,1.1241672,1.1098431,1.1186408,1.1141849,1.1064478,1.1046121,1.1266505,1.117237,1.1072668,1.1100249,1.1053476,1.1086456,1.1183858,1.1211588,1.1065288,1.1185013,1.1151792,1.1144779,1.1229874,1.1112679,1.1243265,1.1169709,1.1200252,1.1218858,1.1211038,1.1241002,1.1143897,1.1267518,1.1200633,1.1188982,1.1166039,1.1170976,1.116875,1.1212018,1.1088867,1.1179553,1.119382,1.093941,1.1169863,1.1122015,1.1214708,1.1073285,1.1102073,1.1143019,1.1057774,1.0996115,1.1238505,1.1315175,1.1094571,1.1152579,1.1100199,1.1165785,1.113575,1.1166427,1.1090086,1.1026937,1.1047767,1.107918,1.0935184,1.1113162,1.1185539,1.1188806,1.115051,1.1268753,1.0979486,1.1177372,1.1146898,1.1111305,1.120109,1.1166267,1.1138116,1.108693,1.1133022,1.1111137,1.1136209,1.1008588,1.1086454,1.1083385,1.1045444,1.1174402,1.1166196,1.1134101,1.1320202,1.1043646,1.1291648,1.1069951,1.1077071,1.1200631,1.1208198,1.1229423,1.1067339,1.1185097,1.1099721,1.118949,1.1075695,1.090937,1.1122041,1.113055,1.1360176,1.1090648,1.131049,1.1199353,1.1278809,1.1179258,1.121994,1.1199119,1.1107303,1.1162946,1.109895,1.11243,1.1108625,1.1073638,1.1133295,1.1216052,1.1090113,1.1079848,1.107338,1.1141846,1.1235135,1.1102217,1.116479,1.1027445,1.1114651,1.1106154,1.0997896,1.1025687,1.1227015,1.1192497,1.1118209,1.115559,1.1121553,1.1244564,1.115746,1.1181463,1.0977064,1.1272457,1.1157608,1.09498,1.110819,1.1137089,1.0992032,1.1125846,1.1124254,1.1133518,1.1306111,1.1194333,1.115515,1.11788,1.1137632,1.1202799,1.1098262,1.111744,1.121294,1.1053839,1.1166856,1.1141578,1.1094936,1.1113461,1.1277442,1.1257099,1.1236755,1.1169366,1.1147138,1.0978295,1.1159577,1.1070433,1.1303971,1.1145325,1.1107718,1.1261537,1.1138306,1.1206403,1.1155552,1.1040157,1.1030632,1.1022257,1.0994499,1.1177702,1.1116165,1.1116815,1.1173661,1.1173877,1.1103529,1.120578,1.1141245,1.1178815,1.1292286,1.1060678,1.131129,1.1121949,1.1030962,1.1116327,1.1155646,1.1142634,1.1046628,1.1011693,1.1004814,1.107827,1.0994645,1.1068842,1.1141311,1.1218596,1.129442,1.1189637,1.1112885,1.1105852,1.1139882,1.1154368,1.1245166,1.1040125,1.1213781,1.1029319,1.118282,1.1071814,1.1129655,1.1246822,1.1201415,1.1099541,1.1218257,1.1167419,1.10713,1.1130002,1.11552,1.121646,1.1129485,1.1011158,1.1165768,1.1152163,1.1097381,1.1081271,1.1145246,1.1140325,1.1038523,1.1070445,1.1156183,1.1174045,1.1120901,1.1197509,1.1070642,1.1160278,1.1198288,1.102433,1.1102604,1.1069864,1.1173187,1.1134903,1.1110945,1.1156611,1.1194543,1.117735,1.1262879,1.1256381,1.1166104,1.1082327,1.1284276,1.1184623,1.1143686,1.1201782,1.1232725,1.1120272,1.0996225,1.1028881,1.1097329,1.1078703,1.1060231,1.0977939,1.1273236,1.1193925,1.1110538,1.1056324,1.1196914,1.1155055,1.1266716,1.106403,1.1308045,1.1146492,1.1084048,1.1236653,1.1119612,1.1268659,1.1165866,1.1113873,1.1223897,1.0959939,1.1081196,1.1050004,1.1100824,1.1075398,1.1152238,1.101505,1.1263325,1.1085646,1.1123108,1.105213,1.1142285,1.1079551,1.1137366,1.1235163,1.1184883,1.1217397,1.1194885,1.1203862,1.118999,1.1146476,1.1084769,1.1150349,1.1104256,1.1277162,1.1147748,1.118707,1.1168493,1.1057796,1.1212078,1.1109916,1.1167271,1.1162323,1.1293898,1.103466,1.113904,1.1161208,1.1054147,1.1115869,1.1312245,1.1249712,1.1162838,1.095576,1.1185814,1.1251134,1.1278387,1.1283215,1.1096886,1.1145031,1.1082506,1.1154325,1.1096456,1.1130638,1.1264762,1.1180708,1.1137387,1.1096269,1.1128477,1.1208887,1.1187732,1.1151581,1.1091673,1.1071972,1.1122558,1.1117047,1.1113392,1.1154282,1.1236145,1.1262252,1.1225102,1.1035458,1.1117668,1.1153105,1.1130451,1.1142255,1.1098891,1.1246605,1.1123304,1.1108348,1.1212542,1.1151423,1.1336758,1.1078713,1.1147397,1.1164738,1.0962389,1.1046022,1.1103256,1.1248814,1.1099849,1.1232427,1.1078224,1.1082739,1.1022911,1.1242886,1.1127424,1.1281606,1.1172155,1.1098828,1.1111065,1.1232886,1.1161555,1.1163219,1.1207491,1.1171876,1.124458,1.112563,1.1075104,1.1146853,1.0986433,1.1249443,1.1055933,1.1054684,1.1247994,1.1108444,1.12481,1.1248689,1.1097997,1.1113272,1.1198668,1.1310756,1.1267189,1.1112505,1.114538,1.1137865,1.1120015,1.1119728,1.114242,1.1088891,1.1112821,1.1145896
0.20797808,0.22037032,0.2185024,0.23722662,0.21366006,0.2136755,0.21433085,0.22081181,0.2152946,0.21482185,0.20374218,0.19969028,0.19678453,0.21283372,0.21018131,0.20370087,0.21887487,0.21205081,0.21930131,0.21337464,0.21767952,0.20950529,0.18606387,0.20981744,0.22464068,0.2196513,0.2202746,0.21584788,0.2179251,0.21721664,0.2135555,0.22180058,0.21377882,0.23192132,0.21277672,0.22052488,0.21206917,0.23050836,0.2112313,0.21441834,0.21426375,0.22802454,0.2069587,0.23047203,0.22554828,0.21918285,0.21545155,0.2226756,0.22140138,0.2248359,0.21710324,0.2007289,0.22064912,0.2134233,0.20338808,0.22189334,0.19866356,0.21307804,0.22416349,0.21902691,0.20641805,0.21872455,0.2070654,0.2233854,0.23060553,0.20749137,0.21349779,0.20489044,0.22404924,0.21431634,0.22322828,0.19595952,0.21299294,0.21255003,0.20541717,0.2161772,0.2089302,0.22145674,0.21427885,0.2055225,0.19226363,0.2047475,0.22796091,0.20457666,0.20312378,0.22245239,0.22920646,0.20689933,0.20734948,0.20428742,0.20701922,0.19986181,0.21769223,0.2239241,0.22988907,0.21046673,0.21956238,0.2288751,0.2009367,0.21797404,0.21023145,0.22213416,0.2125375,0.22019593,0.19813374,0.20285867,0.21344292,0.20024611,0.21089178,0.24074613,0.23048618,0.21638818,0.22091341,0.22603549,0.2279283,0.2094832,0.22297154,0.22027756,0.19596538,0.21696289,0.21051353,0.21363609,0.19657803,0.215602,0.21715027,0.21749486,0.21314405,0.2079844,0.20782213,0.21273077,0.21498388,0.20375296,0.19963275,0.22939306,0.20455517,0.20071562,0.20834698,0.20933111,0.21721187,0.21883,0.21033025,0.21901444,0.21568555,0.20910141,0.20678425,0.20421888,0.20965414,0.21753097,0.20729138,0.22852501,0.19831848,0.21113142,0.2157393,0.2217197,0.21367083,0.21688873,0.23138241,0.21089649,0.2171061,0.22104119,0.20416635,0.2238771,0.22391886,0.21699582,0.21568602,0.22411832,0.22271588,0.21128985,0.21433637,0.21500605,0.2121188,0.20773493,0.21503787,0.2172017,0.2202306,0.19406815,0.22138557,0.20330365,0.21577077,0.21406372,0.20091769,0.19796744,0.21545495,0.22336826,0.23280433,0.21473308,0.20352092,0.21637942,0.22004505,0.22613552,0.2240837,0.2131888,0.2274227,0.20286307,0.22294356,0.20830373,0.20609555,0.21624394,0.20920151,0.22476883,0.22061782,0.21180697,0.19917543,0.20588765,0.20398438,0.21041021,0.20040782,0.21672787,0.21500953,0.2248819,0.20813291,0.2064853,0.21344216,0.2347288,0.20673966,0.22353095,0.2200268,0.21455911,0.20740417,0.20770985,0.22596729,0.19942705,0.21808262,0.21518587,0.22587475,0.22145396,0.21332812,0.21620369,0.21722522,0.21905185,0.18913719,0.22052312,0.20689559,0.21315832,0.20482361,0.20134833,0.2174077,0.22185118,0.21123135,0.21185355,0.2101468,0.23360203,0.22385901,0.23639219,0.20553942,0.21874726,0.22321537,0.21186791,0.20398659,0.22029415,0.20148996,0.2214426,0.19630682,0.21794966,0.212457,0.20242167,0.2265062,0.20296045,0.20900781,0.22335045,0.21099705,0.2158893,0.21133496,0.21035272,0.21696344,0.22177306,0.2350204,0.22431736,0.20752037,0.20692863,0.23033291,0.19721626,0.20834188,0.22262692,0.20756197,0.22309871,0.21460958,0.21041346,0.20558903,0.22894338,0.2115575,0.22022529,0.22540006,0.21352702,0.21605149,0.2171947,0.23934247,0.21215916,0.2071073,0.20219123,0.2247648,0.22247028,0.20776112,0.21358937,0.2140647,0.21666974,0.2319329,0.22432427,0.22585611,0.22122018,0.22159204,0.20399582,0.20326088,0.20312245,0.21931827,0.20035455,0.20793706,0.21191445,0.2147848,0.21297465,0.21746838,0.20655362,0.23143649,0.22593445,0.2040453,0.21640562,0.21369874,0.21573049,0.20935068,0.21997237,0.20812577,0.21169543,0.21400577,0.20256302,0.20626268,0.22110978,0.20639238,0.21156535,0.20586117,0.22434358,0.19705614,0.2169851,0.20446694,0.21768314,0.21995941,0.21107115,0.21008362,0.19158937,0.22488417,0.23298877,0.21048285,0.19533919,0.20835635,0.22060686,0.2269771,0.2282066,0.2080114,0.22030804,0.22914687,0.21618594,0.21615542,0.20687707,0.2135573,0.20526837,0.22586635,0.22745353,0.20638674,0.20232077,0.20704417,0.20565462,0.2133514,0.20404384,0.21990272,0.22573863,0.20172085,0.2208394,0.22322783,0.22034809,0.20260283,0.20158389,0.216238,0.2049951,0.219701,0.20988266,0.21258146,0.21458215,0.20178308,0.20190126,0.20490915,0.22751819,0.21720447,0.19763227,0.21823107,0.2089254,0.20373155,0.21198256,0.21188042,0.21636155,0.20525816,0.21391565,0.22379825,0.23496564,0.19323406,0.2057446,0.21530192,0.2074979,0.21211517,0.20462607,0.19923271,0.23024526,0.20033231,0.20997086,0.21073794,0.21391943,0.19844435,0.2128838,0.21903518,0.21757625,0.20828402,0.21009856,0.21027692,0.22881216,0.21265933,0.21792747,0.21280688,0.2153568,0.20764542,0.20248395,0.20641029,0.21498422,0.22891489,0.20990402,0.20805521,0.21035302,0.21386985,0.21778879,0.21198544,0.20558274,0.2020403,0.23543403,0.20945801,0.19114889,0.2129004,0.22411597,0.21783355,0.201357,0.21915422,0.22472082,0.21693556,0.22273755,0.21367468,0.21592906,0.21983731,0.20161058,0.2069329,0.21878034,0.21813492,0.22089107,0.20472108,0.19516201,0.2375117,0.22079632,0.23113754,0.21487238,0.22642435,0.21299338,0.21856079,0.21838391,0.20792577,0.21174026,0.20669778,0.21485697,0.2048754,0.2080192,0.21938227,0.21374838,0.22564584,0.20690095,0.21751711,0.20777941,0.22993666,0.21442287,0.21820244,0.2238781,0.21726607,0.21433689,0.20751953,0.1982368,0.20513633,0.20736668,0.2167126,0.21212105,0.2118965,0.21734416,0.21406221,0.22698648,0.21249387,0.222203,0.21396601,0.21299104,0.21340626,0.2159133,0.21267991,0.22784348,0.20783134,0.21381328,0.2141576,0.20362082,0.22660604,0.22377987,0.20871216,0.21538264,0.205861,0.21701391,0.21033706,0.22834201,0.19993842,0.2091604,0.21115531,0.21426529,0.22374336,0.209487,0.20490944,0.2163774,0.20749755,0.23467134,0.20617434,0.20338348,0.22012167,0.23053564,0.20868827,0.20949124,0.21649386,0.22868451,0.21614301,0.20935585,0.2215137,0.20811282,0.21116887,0.19341704,0.20218244,0.20291856,0.22616577,0.20846081,0.22111705,0.21907535,0.20925221,0.20895015,0.21686007,0.20813265,0.21826534,0.2256824,0.2191017,0.22231348,0.2164391,0.2099633,0.21724264,0.19369799,0.20846325,0.20651291,0.2192747,0.22101405,0.22549754,0.2030867,0.21949266,0.21327612,0.21008116,0.21611519,0.20658658,0.22366966,0.2198219,0.21950251,0.21689278,0.21568087,0.21460196,0.21888818,0.19654089,0.2343538,0.21041545,0.20817965,0.20782292,0.20806193,0.21419333,0.21796134,0.2217572,0.21139489,0.21007271,0.21161097,0.20472214,0.20290442,0.21548027,0.21389008,0.21986136,0.20743099,0.20407009,0.21144526,0.20608254,0.20474091,0.21813132,0.21878973,0.20349893,0.21006176,0.21230112,0.2171337,0.2063736,0.21704414,0.2142001,0.20738077,0.22283483,0.22719897,0.2187145,0.2219643,0.2032959,0.2168267,0.22142187,0.21735536,0.19564109,0.21001925,0.22082117,0.21953827,0.22452055,0.20373476,0.2118914,0.22114214,0.22531599,0.20390065,0.2005797,0.23494244,0.2174382,0.20717418,0.21542224,0.20199348,0.22099091,0.2115266,0.21384856,0.21455431,0.2077939,0.21566486,0.22798505,0.21340656,0.21994269,0.21466479,0.20564918,0.19721878,0.23446056,0.21403271,0.21213125,0.22412959,0.22823176,0.20951244,0.20155081,0.22497189,0.21057016,0.22023812,0.22085302,0.21030968,0.20943263,0.20493019,0.22447291,0.2135857,0.22207108,0.21168695,0.20762083,0.22121182,0.20816898,0.22248377,0.21243352,0.21398063,0.21391556,0.2144988,0.22440453,0.21967895,0.21392155,0.22681563,0.22693312,0.21004121,0.20697688,0.20150933,0.21460368,0.22484745,0.20939112,0.21863636,0.22242935,0.21407509,0.2110489,0.20399171,0.20511776,0.22224025,0.223886,0.19910614,0.22607449,0.21607772,0.22088595,0.21919745,0.20435391,0.21424012,0.20557126,0.210305,0.20044377,0.21662974,0.21969229,0.22076213,0.20667432,0.20769188,0.2110125,0.19551525,0.19885239,0.20754346,0.22372851,0.20169154,0.22060527,0.22350706,0.22190985,0.22392231,0.21762177,0.21100798,0.20982552,0.21813034,0.21815534,0.21728104,0.2115926,0.23605081,0.22108555,0.20144695,0.20916036,0.21989399,0.21754466,0.22504252,0.21837603,0.21228054,0.21004727,0.21040091,0.233485,0.21321845,0.22127993,0.21799362,0.20853983,0.21488628,0.21093431,0.21374893,0.20352054,0.21461831,0.2155201,0.2191789,0.21175581,0.2285839,0.21703348,0.20609862,0.21246484,0.21679033,0.21171561,0.20922846,0.21910995,0.22064456,0.20540163,0.20775259,0.21787739,0.22408369,0.21853417,0.22338563,0.20980519,0.21546559,0.22482678,0.22866012,0.22273102,0.20282774,0.20508921,0.21927871,0.23007247,0.19575307,0.20438442,0.21499059,0.22426663,0.21547571,0.20476784,0.21765226,0.18865916,0.20669995,0.2000316,0.20201612,0.23026285,0.2111525,0.19499215,0.19986676,0.20046443,0.19732106,0.2119578,0.23181356,0.20870987,0.22018065,0.22255932,0.21005885,0.21710467,0.22491288,0.2066229,0.22329178,0.20428614,0.21786144,0.19813758,0.22457702,0.21639739,0.20957378,0.21547866,0.22737488,0.22689548,0.22684732,0.19525686,0.20523876,0.23176748,0.21478575,0.20992011,0.20113796,0.21064875,0.21883044,0.21863395,0.21887909,0.20994443,0.20997056,0.2149517,0.2088249,0.20333365,0.23195168,0.21554871,0.21548814,0.21115643,0.20747207,0.21310502,0.21547365,0.2059434,0.23235583,0.22696212,0.20885126,0.209627,0.21421318,0.21442688,0.21841478,0.19953227,0.2089242,0.19061917,0.22261737,0.20085679,0.20474195,0.20023909,0.20372815,0.19585931,0.21317714,0.21310456,0.21156377,0.20756961,0.21776313,0.21085536,0.21762004,0.2140224,0.2233336,0.21844578,0.21544117,0.20682396,0.24155171,0.22852413,0.21810701,0.22334166,0.21825808,0.20284666,0.20445761,0.22393288,0.20874727,0.22694644,0.216139,0.22726332,0.22580494,0.21680161,0.20847176,0.18964903,0.21428171,0.21655372,0.2059543,0.20942709,0.21374364,0.23317835,0.23045836,0.21504202,0.21181744,0.20528775,0.1925792,0.20384043,0.20774202,0.22529231,0.21329674,0.21230946,0.2085621,0.21549724,0.20803156,0.22602087,0.21714133,0.20428154,0.21663004,0.22833328,0.19502443,0.20839311,0.2075069,0.21603261,0.21686211,0.21166055,0.22083938,0.20322439,0.20150639,0.21450596,0.20825842,0.21266615,0.19799246,0.20602429,0.21493758,0.2195607,0.2087749,0.20165715,0.2264368,0.21334846,0.21918745,0.21586372,0.21588579,0.22040391,0.2027412,0.21135327,0.22911106,0.19310328,0.20564839,0.23569381,0.21314207,0.2238507,0.21849187,0.22601673,0.22008012,0.20251678,0.2130186,0.2177754,0.22140579,0.20586005,0.21030223,0.2136894,0.21851514,0.22035909,0.22665264,0.21468805,0.20678361,0.21739283,0.22512448,0.2103006,0.21440434,0.20700943,0.21586794,0.19434848,0.21254928,0.2084864,0.21286534,0.22250065,0.20141938,0.21978042,0.21326,0.20379165,0.21183084,0.20600341,0.219539,0.22047898,0.20471497,0.2085414,0.2272946,0.21981035,0.22488113,0.19412464,0.21470034,0.2129666,0.21829952,0.20602033,0.20828077,0.19919011,0.21085131,0.19609211,0.20228031,0.23028886,0.20708075,0.2179968,0.21992534,0.20900118,0.21098034,0.21150853,0.20488587,0.22636437,0.20156294,0.21830387,0.22975002,0.22644606,0.21766023,0.20927812,0.20329759,0.21541482,0.22364694,0.22244173,0.20713,0.20653462,0.19943295,0.20646189,0.21752965,0.20318045,0.21232209,0.2134299,0.20972107,0.21545587,0.2034303,0.2064127,0.2001231
