0.498835,0.4690892,0.49012116,0.46891487,0.45554352,0.47800183,0.47416264,0.48325875,0.4782636,0.45521572,0.4799279,0.47982556,0.4883328,0.46941432,0.47481075,0.48121756,0.49572486,0.4797236,0.4674841,0.48047686,0.47549585,0.47442812,0.48492596,0.47645354,0.46658581,0.46242678,0.4828689,0.49406686,0.472283,0.4708505,0.48223937,0.47541827,0.48873118,0.474853,0.47423372,0.47964063,0.47494602,0.46593422,0.4745084,0.48353434,0.49999204,0.47433954,0.47492558,0.48313186,0.48762706,0.4809382,0.47602943,0.47068042,0.47608352,0.47648048,0.47171488,0.48056924,0.47306705,0.47008312,0.48666003,0.46773168,0.46332383,0.48125502,0.4788337,0.48978296,0.4695628,0.4849343,0.4788566,0.48864472,0.49859974,0.4738347,0.5016862,0.4837018,0.48324573,0.48309267,0.48092756,0.47421965,0.47708815,0.4534542,0.484148,0.4936332,0.46967965,0.48142803,0.46774113,0.47409782,0.46527955,0.46783638,0.47411263,0.48286033,0.46919423,0.46697342,0.47414422,0.48069844,0.48219934,0.4762871,0.49297315,0.4826504,0.48501047,0.4776618,0.47789997,0.4926356,0.46516612,0.47598302,0.48113826,0.48274133,0.4876707,0.4732032,0.48911676,0.46793965,0.48296386,0.4849584,0.47407687,0.47828665,0.48856395,0.48658872,0.47089958,0.4802518,0.48452887,0.4704134,0.4689146,0.47666326,0.46898675,0.48901305,0.46810603,0.4820249,0.48061702,0.48540068,0.47828245,0.48428988,0.47170553,0.47145444,0.50100064,0.4778136,0.48860094,0.48026258,0.47478357,0.47551045,0.46241745,0.4820798,0.46685264,0.47774875,0.48848668,0.48607093,0.48183155,0.48168898,0.4796806,0.4535764,0.4810866,0.47873554,0.47990912,0.48901704,0.49390388,0.48625773,0.45928353,0.48088515,0.48691195,0.4677611,0.4732669,0.4816938,0.47153595,0.4708745,0.47187465,0.46709698,0.47704425,0.4795169,0.47306293,0.4593165,0.47919205,0.46884322,0.48830456,0.46854246,0.47764903,0.48072606,0.46851385,0.48097584,0.48143288,0.46400166,0.48492417,0.4925595,0.48148334,0.47831714,0.48475105,0.48703745,0.4781485,0.4712841,0.47353357,0.47935712,0.49573824,0.486071,0.4717669,0.4713885,0.45939168,0.48532462,0.483262,0.48676765,0.48192325,0.47844282,0.48335704,0.48882255,0.4972436,0.4777209,0.4696361,0.47580868,0.47849622,0.46783,0.48108095,0.4618725,0.48642465,0.48577976,0.48067066,0.48197213,0.46594125,0.48860645,0.48199198,0.4800528,0.48889613,0.46633986,0.4808669,0.49397168,0.49346784,0.4724085,0.47673362,0.47241688,0.46552593,0.46917772,0.4829838,0.46972457,0.4843366,0.46906513,0.48415458,0.4636103,0.48072582,0.48020703,0.47248504,0.47371826,0.47566795,0.48760048,0.4628744,0.49979204,0.4724092,0.4891772,0.48064277,0.47828838,0.49197796,0.5000926,0.4887271,0.47712794,0.466753,0.47807106,0.48304015,0.46907216,0.4853541,0.46902746,0.4760256,0.48073837,0.48676696,0.4845954,0.47248355,0.47473246,0.46250308,0.48457766,0.47145897,0.48120266,0.47596067,0.48369676,0.48164648,0.48542985,0.48843652,0.47713473,0.46675432,0.4813628,0.49214792,0.48192635,0.47069445,0.4765459,0.47946286,0.47397912,0.47613686,0.49128017,0.48826268,0.48197937,0.48747388,0.47866848,0.47171387,0.4770247,0.48495352,0.4708032,0.4916471,0.47028494,0.48375952,0.48203176,0.4628299,0.48189425,0.4824219,0.49622965,0.47593454,0.4731777,0.46476012,0.48931324,0.4749391,0.45671493,0.47390234,0.4805757,0.49448395,0.4743572,0.4858496,0.48217937,0.47652733,0.47365367,0.48557067,0.4775619,0.47078076,0.46932477,0.4774112,0.48767856,0.47597295,0.4799044,0.47060588,0.47468367,0.4706717,0.4791113,0.47683072,0.47679016,0.4864498,0.46004102,0.48532546,0.47521365,0.4772612,0.47635168,0.48164457,0.4793234,0.48713747,0.48242044,0.49533516,0.49607015,0.47678694,0.4667507,0.48477894,0.46911466,0.48888007,0.48533612,0.46202254,0.45915836,0.50309944,0.4777814,0.47882906,0.47825143,0.48433748,0.4759507,0.49912894,0.48288283,0.47431716,0.47909242,0.47350293,0.4831149,0.48331812,0.48498046,0.4782428,0.47835618,0.481138,0.48742533,0.49294055,0.48315933,0.4635639,0.46572646,0.47978202,0.48789102,0.47473896,0.4796706,0.48401192,0.4832288,0.48024774,0.48233157,0.48295143,0.48026407,0.47045746,0.4771325,0.45978624,0.47647932,0.46636054,0.469492,0.4717807,0.48062485,0.48708874,0.47684586,0.4748925,0.48328516,0.470447,0.48050037,0.4730478,0.48496512,0.4770854,0.49213523,0.47782344,0.46874255,0.4797738,0.47182506,0.4770646,0.48613808,0.48306724,0.49202955,0.47904015,0.48469508,0.4818894,0.47699907,0.48099542,0.48217037,0.45197818,0.45968452,0.48540607,0.4978617,0.4731422,0.48417845,0.4779927,0.47604075,0.46889868,0.46773192,0.4711211,0.48164585,0.48830172,0.47184977,0.48862466,0.4954971,0.48664147,0.47808257,0.48086965,0.47725934,0.48324293,0.47558895,0.48726904,0.49121192,0.4859544,0.4661852,0.49340028,0.4692784,0.47217676,0.4733542,0.47336158,0.4941711,0.49270344,0.46958676,0.47784293,0.46931887,0.47573924,0.48801577,0.48372892,0.47489032,0.47027004,0.47908324,0.49347734,0.4852885,0.46515524,0.47933546,0.4759344,0.48540717,0.47951522,0.47610188,0.4861486,0.4697876,0.48535493,0.48331633,0.46652964,0.48938954,0.46715397,0.47035375,0.4835734,0.4706457,0.490715,0.48322925,0.4827308,0.4786503,0.4741186,0.4796786,0.47395623,0.4777398,0.47350106,0.48543242,0.47737706,0.46857193,0.46569985,0.49714094,0.4842212,0.4737205,0.48157075,0.49341777,0.4768425,0.47778016,0.48945156,0.4811052,0.4674766,0.4877347,0.475188,0.49260396,0.4791014,0.47333586,0.49047852,0.4707148,0.4746345,0.4780416,0.48275733,0.46545556,0.48155808,0.4790021,0.48467302,0.48863402,0.4756986,0.4938367,0.48716134,0.4598975,0.48226967,0.47893852,0.49074444,0.48143005,0.4886632,0.47192797,0.48488346,0.4897909,0.47121996,0.4807773,0.48418382,0.4708441,0.4667533,0.48224097,0.4706698,0.48399922,0.47875315,0.47002587,0.48566937,0.48525572,0.47229108,0.48531464,0.47998056,0.47576007,0.47485533,0.48177963,0.49283844,0.47023898,0.4743443,0.47910836,0.4866157,0.48256433,0.4735034,0.45848027,0.47352695,0.4762369,0.4749216,0.4620967,0.46089786,0.475991,0.478433,0.48930505,0.48525074,0.48162642,0.48509896,0.4687189,0.47121325,0.48396984,0.47730505,0.47250512,0.48253587,0.47994372,0.48628497,0.4719445,0.49328682,0.4845581,0.4748073,0.48041722,0.46260336,0.47367004,0.48353106,0.47337255,0.47814596,0.48022193,0.48289877,0.46443775,0.4634034,0.47707018,0.48442215,0.47821632,0.48388973,0.47158316,0.46996176,0.46653992,0.48127514,0.47849,0.48091394,0.470318,0.4744232,0.46829927,0.4786383,0.48295593,0.47545794,0.48503298,0.47434866,0.4747641,0.4587075,0.48535502,0.48397547,0.49543458,0.48310688,0.49251345,0.46793157,0.4745477,0.48885557,0.48817942,0.4883089,0.47080636,0.4670359,0.47670108,0.47642207,0.47264084,0.47348675,0.46738833,0.47645932,0.476372,0.47607362,0.48077574,0.48989683,0.46983483,0.45935044,0.49037093,0.46641564,0.486133,0.47158012,0.4709486,0.46992332,0.47661266,0.49386853,0.4748228,0.46852046,0.46710432,0.47433898,0.47182837,0.47436488,0.486622,0.4942916,0.45761454,0.47197062,0.4879903,0.4698627,0.48436922,0.48340917,0.4771539,0.47664946,0.4627738,0.48963842,0.47700194,0.48012364,0.48552608,0.4757094,0.48036197,0.4941412,0.4713303,0.49348485,0.49357137,0.4654074,0.47841477,0.47391045,0.47392717,0.4694675,0.4722051,0.48255897,0.48398086,0.49742147,0.48531383,0.47949198,0.46370873,0.46463823,0.47666138,0.48194703,0.47719938,0.4791528,0.48755106,0.47320476,0.46735823,0.48760474,0.45187113,0.4821532,0.48417622,0.47324422,0.47986093,0.47746068,0.48103115,0.47895718,0.4887617,0.4657364,0.4659488,0.45899042,0.48071772,0.4812977,0.47058022,0.46314454,0.47397694,0.4878114,0.48587602,0.47636768,0.48083958,0.48494682,0.48663697,0.48059392,0.4749103,0.46632907,0.47676057,0.46518323,0.48304087,0.47836635,0.46876594,0.47985315,0.47149682,0.4725722,0.48762026,0.4854864,0.4898609,0.46480703,0.4835948,0.47713146,0.4869928,0.46987295,0.47461328,0.49265593,0.48977757,0.4757739,0.49090675,0.47529337,0.47467408,0.46835098,0.47687244,0.48364988,0.47438848,0.46557438,0.47347814,0.47425365,0.49901146,0.49137232,0.4728022,0.48036104,0.48200098,0.4866376,0.48305574,0.4851248,0.47182518,0.4681513,0.47553897,0.4839729,0.47002795,0.47598517,0.46811888,0.4840727,0.46961337,0.46679986,0.4807144,0.4801614,0.46782514,0.4768807,0.4605131,0.47454858,0.48356962,0.47118837,0.48143595,0.48701975,0.48031586,0.4835163,0.47422945,0.49680474,0.47536618,0.46999824,0.48121065,0.48084906,0.48344326,0.4755998,0.48920015,0.48326406,0.4828659,0.49815848,0.48189238,0.48007014,0.4854973,0.4635788,0.48461765,0.48230517,0.48312384,0.48049286,0.49090645,0.47209755,0.4863811,0.47409925,0.45749015,0.48620307,0.4665883,0.48702595,0.46903998,0.47578713,0.4572,0.48847455,0.47027948,0.48061824,0.47312477,0.4701676,0.47284642,0.47480458,0.48055133,0.47485927,0.47451466,0.47600165,0.48508024,0.48119146,0.48119026,0.47749108,0.4827541,0.46857116,0.47101563,0.47574803,0.5002427,0.46428752,0.46662173,0.46949583,0.48091796,0.47531083,0.47358403,0.4664089,0.48245877,0.48683512,0.47228506,0.48911613,0.48257962,0.47827774,0.48899382,0.4801045,0.48019835,0.47189048,0.48042777,0.49175015,0.46904966,0.48182207,0.49539945,0.4815106,0.4857849,0.46741226,0.46523094,0.47608224,0.48928016,0.48604217,0.47183818,0.4767127,0.48239353,0.48009354,0.47294477,0.49710461,0.47235048,0.47671625,0.48118255,0.48995695,0.47671467,0.46907562,0.47814387,0.4807374,0.47736952,0.46394235,0.47915295,0.49150288,0.48751223,0.47060132,0.48525542,0.48218143,0.47475037,0.4927627,0.47312355,0.47219044,0.4810785,0.47425175,0.46563703,0.4667783,0.4809678,0.46069744,0.49366295,0.47131875,0.48970017,0.46637213,0.48092762,0.48826563,0.4745334,0.48271933,0.48311245,0.47083604,0.49125051,0.4715843,0.48333213,0.47759864,0.48410255,0.47327483,0.46875834,0.47894812,0.49354935,0.4851011,0.48407522,0.4837786,0.4725638,0.47831538,0.48027152,0.47357634,0.4924207,0.47044048,0.49222073,0.48400775,0.47159567,0.4753096,0.47472697,0.47190827,0.48974156,0.4615181,0.45803618,0.4972626,0.47467273,0.4746454,0.4841496,0.47810262,0.47588244,0.4855679,0.4816212,0.47294247,0.46902415,0.46766528,0.48489204,0.47765565,0.46729657,0.48824263,0.46566817,0.485901,0.4806717,0.4810928,0.47854227,0.47550446,0.48685697,0.47901976,0.47355315,0.47511464,0.48548254,0.49526238,0.47333446,0.49041057,0.47023886,0.4793823,0.4823581,0.46413177,0.47543615,0.47683698,0.46883306,0.47026172,0.47685573,0.48828608,0.47579068,0.48393267,0.46529213,0.4647317,0.48105222,0.47738802,0.47632158,0.4658746,0.50886154,0.47642854,0.49333116,0.46427813,0.46709082,0.4901357,0.47261316,0.4750228,0.48136795,0.47372204,0.48416528,0.48050508,0.48498976,0.48862618,0.48222926,0.46785477,0.48641768,0.48874155,0.47332972,0.4746171,0.4926374,0.4833922,0.48429456,0.476542,0.4684341,0.4865398,0.46754357,0.4736681,0.47642437,0.4922476,0.47586274,0.4867319,0.48513758,0.4947071,0.47293,0.47966477,0.4806574,0.4842496,0.47621587,0.47137883,0.46415415,0.46901608,0.49057174,0.48053306,0.4825912,0.46033165,0.4798423
0.44825262,0.45155972,0.4436873,0.44849896,0.4487337,0.44276184,0.4445629,0.44231033,0.4549952,0.44622016,0.44727567,0.4329881,0.44831067,0.4527558,0.45926794,0.4584862,0.46032068,0.4614963,0.45090178,0.4423571,0.44756162,0.44757357,0.461565,0.45229018,0.44826493,0.43536827,0.44573313,0.46030238,0.44064397,0.44032484,0.44287574,0.46824354,0.44908717,0.45462778,0.4451882,0.47058454,0.44689426,0.43621168,0.45975682,0.46000662,0.43590045,0.44931915,0.43667194,0.4577699,0.45241752,0.4363871,0.45288932,0.45258245,0.44167912,0.4487025,0.44710445,0.45018622,0.4286209,0.43850154,0.45819244,0.45324093,0.45816812,0.4515981,0.4653867,0.44532937,0.45835334,0.43803215,0.44644755,0.4589915,0.46495134,0.45744178,0.44164014,0.45615804,0.44878513,0.44891584,0.45444477,0.44512033,0.4511142,0.45118842,0.45069966,0.45672554,0.43846655,0.4430339,0.45954356,0.45312995,0.46090573,0.44817266,0.44362506,0.4567573,0.44229066,0.46507016,0.45806986,0.454059,0.45133978,0.4523178,0.44543308,0.45743302,0.44745186,0.44665816,0.43761033,0.45973426,0.441337,0.45337462,0.4411753,0.46139798,0.46985617,0.44636092,0.4464556,0.46457887,0.43880457,0.45998436,0.45632803,0.44102013,0.45960227,0.44507802,0.44040027,0.45852223,0.4477369,0.45840713,0.44722357,0.45520237,0.4520598,0.4415304,0.4553437,0.44729736,0.431714,0.44946334,0.44704938,0.4594143,0.43632266,0.44996274,0.46019313,0.43433666,0.467442,0.44645658,0.43651405,0.4573941,0.46039578,0.4579419,0.45593128,0.44870248,0.45762798,0.45445564,0.45547113,0.4460729,0.47296044,0.44767013,0.46476078,0.44896388,0.44413382,0.44428986,0.45271516,0.4359755,0.4538362,0.44834942,0.4514283,0.45965287,0.45551658,0.45196316,0.43678617,0.4416625,0.4530238,0.45113188,0.43448684,0.4688755,0.44654307,0.45396304,0.45929188,0.455371,0.4574723,0.45201227,0.4536391,0.45273316,0.4499657,0.44715965,0.4403366,0.44979456,0.46057704,0.46466157,0.43689656,0.45111483,0.4591223,0.47325015,0.4505459,0.4461045,0.45222276,0.44389844,0.46376947,0.4416242,0.4494531,0.43395337,0.4462982,0.4471463,0.45974237,0.4488687,0.44525525,0.4442335,0.4381617,0.44911015,0.46184206,0.44186515,0.43616033,0.45696223,0.44583052,0.43714556,0.45364574,0.44504684,0.44126752,0.45636606,0.44249958,0.44602448,0.4456552,0.45339113,0.458876,0.45321685,0.44741532,0.46281627,0.45036948,0.45091358,0.44303954,0.45021942,0.44283816,0.44384113,0.44496873,0.4522935,0.44474995,0.4505678,0.46367553,0.44681647,0.4529362,0.44224864,0.45157674,0.4519089,0.44147792,0.44285184,0.45878422,0.4495729,0.45453134,0.46384215,0.4557255,0.45297983,0.46059358,0.44044596,0.4456888,0.45362335,0.44023693,0.45393935,0.44033098,0.46113262,0.45760158,0.4535584,0.45061448,0.45745444,0.45526814,0.45423764,0.43467876,0.4498405,0.4551012,0.4614196,0.45196563,0.45069864,0.44597954,0.44838893,0.44955233,0.46350646,0.46022582,0.44672513,0.45325994,0.45059964,0.44412655,0.4573406,0.44495958,0.44732147,0.43803808,0.4525142,0.4572721,0.45274162,0.4539509,0.44872186,0.44617164,0.45473364,0.4531013,0.45458773,0.45181724,0.4412272,0.44088998,0.45470658,0.45749292,0.4566198,0.4606085,0.45292267,0.444607,0.44548014,0.4434765,0.44007158,0.4559579,0.45139724,0.45176628,0.43890104,0.44489825,0.44170994,0.44004452,0.4515364,0.45483723,0.46113482,0.45630753,0.44822094,0.44855273,0.4557045,0.45730737,0.4605974,0.4444513,0.4558562,0.44377583,0.45031187,0.44026133,0.45391193,0.44212112,0.44019338,0.44252968,0.44572344,0.4731503,0.4470557,0.44807866,0.43804812,0.44647235,0.43654194,0.46078038,0.44046924,0.44151992,0.43852574,0.4503382,0.43937367,0.45297638,0.44743028,0.44581196,0.4407587,0.45977744,0.43999195,0.4524056,0.44972914,0.4541039,0.44827276,0.45201898,0.46186417,0.44975945,0.4497419,0.44870856,0.44977558,0.4577568,0.45515594,0.44290516,0.4460209,0.45485812,0.4594233,0.44592994,0.46774912,0.45177695,0.44998342,0.4479854,0.45745394,0.4631571,0.4437942,0.4510054,0.44927084,0.4489713,0.45475048,0.44924557,0.45169133,0.45007265,0.45046,0.45962352,0.4382448,0.4563908,0.4473551,0.46703988,0.4581143,0.44125536,0.45724344,0.44617903,0.4533021,0.447749,0.4453508,0.445657,0.45383656,0.43267256,0.44422424,0.45093665,0.46305072,0.4453944,0.4512061,0.4577008,0.44307774,0.45161718,0.45031217,0.43682873,0.45738158,0.4459383,0.4387,0.45689756,0.44794816,0.4444117,0.44822368,0.46183547,0.4435829,0.45522836,0.46422717,0.4342664,0.4510598,0.4544959,0.46616772,0.4619369,0.4387639,0.45056424,0.45283395,0.45105994,0.44405872,0.4479537,0.45026207,0.44660404,0.4401347,0.44507343,0.46204323,0.46201873,0.44426802,0.44466358,0.46007144,0.4494198,0.44596228,0.46576425,0.44708744,0.45148647,0.4477883,0.47353163,0.4322108,0.44864297,0.43925086,0.44328046,0.46056923,0.45230472,0.443642,0.43743798,0.44815376,0.45605186,0.45958993,0.4506922,0.45433626,0.45045024,0.44537207,0.468836,0.44924814,0.45893714,0.44116807,0.44926432,0.45102713,0.4482691,0.47475934,0.45264626,0.44814348,0.4622109,0.45874187,0.43385553,0.45718154,0.4406986,0.4462752,0.44944564,0.46448475,0.4419519,0.45579273,0.43563616,0.46736118,0.45118195,0.44162494,0.44566825,0.45294723,0.4275748,0.4521082,0.43038544,0.45190495,0.45165604,0.46057966,0.45018846,0.44568363,0.45585403,0.44521374,0.45100266,0.440792,0.4556125,0.459801,0.44780827,0.45628792,0.45505866,0.45499462,0.45634636,0.4452623,0.44706643,0.45258728,0.44955254,0.4458887,0.45570073,0.43361193,0.44969591,0.45990896,0.44603118,0.44519266,0.45953852,0.46500584,0.45553,0.45317432,0.45699146,0.42732692,0.4508087,0.4613913,0.45087558,0.45511892,0.44297448,0.4546328,0.4321851,0.44702852,0.4481153,0.434956,0.4455431,0.44300002,0.450574,0.456911,0.45254257,0.45887887,0.44908255,0.45432281,0.45145932,0.45017317,0.45397377,0.44076484,0.45583,0.45552915,0.44485787,0.4442122,0.46270582,0.4414339,0.44973594,0.4533121,0.45309922,0.44119793,0.44122973,0.45258233,0.45180616,0.43663374,0.45154178,0.4452733,0.44618225,0.45013174,0.4520586,0.46234176,0.45189708,0.45677567,0.44693312,0.4494253,0.46167338,0.44118488,0.4383176,0.45325696,0.44533664,0.44827417,0.44307616,0.4486401,0.44644177,0.45827377,0.4461798,0.45975614,0.45393777,0.45320523,0.44692612,0.43908727,0.43278188,0.45243132,0.4534228,0.44016138,0.44755435,0.4562785,0.44548425,0.44934162,0.44964918,0.44697553,0.44058895,0.44394726,0.44750696,0.45283705,0.45548126,0.4568882,0.44140157,0.45109713,0.45884082,0.45320234,0.4540351,0.4528128,0.43074724,0.4475691,0.44172975,0.45832497,0.4618551,0.46497396,0.4473068,0.45013982,0.44590536,0.44377398,0.46546572,0.44122827,0.46438932,0.4579057,0.46188724,0.44794187,0.44395968,0.4467792,0.44884577,0.43296298,0.44159466,0.44957763,0.44876388,0.45929518,0.44166347,0.44438392,0.45367646,0.45018223,0.43314314,0.44540516,0.4456261,0.45264342,0.4655224,0.45781207,0.44489318,0.44884834,0.44526052,0.43976724,0.4496911,0.4536871,0.44778943,0.44804597,0.44934154,0.44872075,0.44567418,0.4469676,0.45349577,0.44677994,0.45175692,0.44739297,0.44562972,0.45298892,0.44594118,0.45999154,0.44718614,0.46276277,0.44246653,0.44054842,0.43908685,0.44706008,0.44782948,0.4446391,0.4378806,0.43140462,0.45318884,0.4374724,0.45068878,0.454211,0.4468355,0.46027493,0.44679093,0.4460323,0.45445544,0.4553964,0.45433462,0.4461727,0.45235178,0.4649849,0.4490139,0.45169353,0.44432434,0.4436584,0.44486102,0.4517559,0.45354068,0.44632164,0.45341235,0.45355952,0.44223368,0.4539226,0.45512888,0.44525003,0.43827167,0.44795227,0.44152206,0.43739054,0.4447228,0.44272992,0.44400263,0.4544933,0.4447566,0.4574108,0.45437005,0.4614287,0.44308493,0.44418624,0.45104387,0.44245636,0.45559213,0.44203323,0.44108444,0.4386067,0.4509002,0.46267596,0.45122486,0.4292161,0.45239693,0.45288622,0.44147858,0.45397624,0.4415229,0.4354551,0.4534783,0.44690216,0.43699947,0.44873464,0.4546752,0.44986823,0.45470285,0.45726794,0.4648253,0.4637527,0.45358083,0.43216512,0.44280156,0.45207953,0.44653377,0.4658669,0.45209646,0.4570102,0.45501775,0.4351311,0.44943535,0.45309147,0.46782282,0.4447087,0.44165382,0.45636025,0.4505481,0.44826043,0.4538476,0.4535034,0.45613214,0.45097995,0.45250824,0.44383484,0.44788086,0.4535791,0.45620134,0.44198355,0.45196214,0.43441364,0.4362377,0.44690675,0.45149675,0.44043007,0.44444793,0.45496094,0.444515,0.45477086,0.44678944,0.44648165,0.46198568,0.43299466,0.44173628,0.43776608,0.44001192,0.46710607,0.46477252,0.4726231,0.4579203,0.4651122,0.45606685,0.44742522,0.44575968,0.46665648,0.46791694,0.45921987,0.44964135,0.44517332,0.43499833,0.44846284,0.46286646,0.44528806,0.45825467,0.455112,0.45687473,0.4352248,0.45315042,0.435586,0.45022276,0.45286825,0.43420628,0.4283419,0.4378778,0.44303915,0.44094315,0.43781036,0.43911365,0.45052344,0.45528173,0.44473296,0.4510886,0.452673,0.45723426,0.43894517,0.44986227,0.4537728,0.4569732,0.43872187,0.44858167,0.46617627,0.4407155,0.4422452,0.43858552,0.46671218,0.44646212,0.45509726,0.46063045,0.44530725,0.44828704,0.45311937,0.45280293,0.46429226,0.4318484,0.44921058,0.44839773,0.45358318,0.45848382,0.4643561,0.44855762,0.44468266,0.46043813,0.45706746,0.45925874,0.45485252,0.4616685,0.4572346,0.44931525,0.44842735,0.4521372,0.44945097,0.44813362,0.45090085,0.4348249,0.45168355,0.45585728,0.4549907,0.44847637,0.4530913,0.4440598,0.45762542,0.4497595,0.4565714,0.4454385,0.46357843,0.4435578,0.44394407,0.4533406,0.45081526,0.46077925,0.4549567,0.44190565,0.45184636,0.45322898,0.4407945,0.44980395,0.4611836,0.4507977,0.45050162,0.44383046,0.45486242,0.4400779,0.4419202,0.45270774,0.44383898,0.4479291,0.45190787,0.44524252,0.4444544,0.4372536,0.45006067,0.45920667,0.46145868,0.45050684,0.4475858,0.46783,0.44900936,0.45888987,0.46204993,0.45395333,0.4354035,0.44547796,0.44054136,0.46282214,0.4524312,0.44185215,0.46416825,0.46336243,0.4615519,0.45610014,0.45546746,0.45313326,0.44832963,0.44045556,0.46062836,0.44483134,0.45714706,0.45889875,0.44817394,0.45438436,0.44836786,0.44758034,0.44914404,0.45191556,0.4579295,0.44875893,0.46526143,0.44758818,0.45690638,0.4445985,0.4476543,0.44213986,0.43910298,0.44681305,0.4541091,0.4412627,0.46153763,0.4344914,0.44503844,0.45559648,0.44913653,0.4582926,0.45800677,0.45828876,0.46161732,0.43795756,0.44741082,0.45271826,0.44046423,0.44329107,0.45341787,0.43751404,0.42968693,0.46717215,0.45173758,0.4408232,0.45298243,0.44782832,0.45028204,0.4495963,0.45003068,0.4478945,0.44896156,0.44743705,0.45687646,0.45985803,0.43932927,0.44567326,0.44881454,0.45295337,0.44491932,0.45547014,0.45628783,0.44126627,0.44779745,0.45392737,0.44417548,0.4516192,0.43791935,0.45552665,0.45169628,0.44796562,0.4467549,0.44338977,0.469318,0.45773676,0.4670612,0.45059758,0.45568576,0.44266275,0.44710824,0.4660369,0.4356934,0.44355825,0.45801854,0.44369322,0.4409588,0.45415103,0.44730526,0.4569639,0.4435163,0.45484993,0.44583982,0.44225436,0.45599377,0.4500561,0.45111546,0.465069,0.4472085
0.5662139,0.5580466,0.56644535,0.5646536,0.56178147,0.57516176,0.56585807,0.5660393,0.57091385,0.56161106,0.5574721,0.55314064,0.5618321,0.5570691,0.5773444,0.57120985,0.5667108,0.5701832,0.55544865,0.5598343,0.57569903,0.5648521,0.5708768,0.578704,0.56358004,0.56739926,0.57143563,0.56578016,0.5556457,0.5487836,0.57037336,0.58164585,0.56357074,0.5566006,0.5678416,0.56626415,0.57017547,0.5592793,0.56741786,0.57900816,0.57216513,0.5667621,0.5640732,0.56657267,0.57776946,0.56071043,0.57421803,0.56933534,0.56529087,0.5717071,0.54614806,0.56971323,0.55752903,0.5540332,0.5720294,0.56195307,0.5651461,0.58250666,0.58397585,0.5663186,0.5577138,0.5673828,0.5673403,0.5799219,0.57786185,0.5853416,0.5723332,0.57997745,0.587853,0.57322234,0.564299,0.5562698,0.55713165,0.5636579,0.57408375,0.58679694,0.56147975,0.5652419,0.5626891,0.56872565,0.5455795,0.549966,0.55991447,0.56955415,0.55201596,0.5607271,0.5716708,0.5712342,0.562052,0.5543031,0.5664214,0.5674136,0.568638,0.56974447,0.56876254,0.5750437,0.5626799,0.56549186,0.5735099,0.5744677,0.5681681,0.57249844,0.5637137,0.5786424,0.572535,0.5704703,0.56861013,0.5692846,0.5699747,0.57749915,0.56218374,0.56749177,0.5621903,0.5778748,0.5573639,0.570385,0.5555943,0.5688444,0.5560478,0.56332445,0.55934685,0.5582663,0.5613222,0.5713695,0.5648938,0.5729317,0.5600275,0.5628057,0.58156997,0.5797783,0.56507564,0.57214624,0.56815815,0.5771367,0.5699047,0.5725545,0.58249956,0.5616131,0.5718368,0.56539845,0.5773653,0.5551234,0.570862,0.55761194,0.5660586,0.57211244,0.5777872,0.565368,0.561358,0.5669658,0.5629022,0.55937475,0.569718,0.58399516,0.5551264,0.5636865,0.56486094,0.5529865,0.55794895,0.57172614,0.55666023,0.5735356,0.565839,0.5579248,0.5755604,0.5650179,0.5791018,0.57195437,0.56217,0.55989057,0.56628543,0.56382436,0.57961667,0.5685188,0.5741078,0.57096773,0.58086455,0.5808114,0.5584769,0.5609227,0.5603781,0.56164676,0.5779754,0.5748457,0.5523597,0.55027884,0.5627425,0.5717194,0.5830049,0.57177836,0.55460155,0.5771123,0.56043583,0.56522375,0.5792208,0.58078545,0.56503844,0.56673765,0.5606858,0.55354786,0.5628113,0.5683575,0.5694192,0.5719785,0.56302047,0.5592067,0.55219465,0.5656109,0.56100726,0.5767962,0.59479994,0.5744497,0.56727993,0.56570166,0.5701184,0.553914,0.55681515,0.55979687,0.5608222,0.56121,0.5710822,0.57198644,0.57304066,0.55720687,0.57552737,0.55444664,0.57503295,0.5744746,0.5740684,0.55429274,0.56433666,0.55983686,0.55745894,0.5734389,0.56004524,0.5691321,0.57902145,0.5736132,0.5672603,0.57174206,0.55331874,0.5681234,0.5622259,0.57946855,0.55551875,0.5540481,0.5616886,0.56011635,0.56979144,0.57414997,0.5501223,0.5662956,0.5699155,0.56035024,0.552929,0.5676278,0.54785556,0.569514,0.56079143,0.5811362,0.5752205,0.56345576,0.5666366,0.58117616,0.55981433,0.5670358,0.56240284,0.57829505,0.5514328,0.5701295,0.57454777,0.5761337,0.5740447,0.5744446,0.5630919,0.57325476,0.5798315,0.5636816,0.5598147,0.5540118,0.55957997,0.57023,0.57549655,0.56819195,0.5802469,0.56927454,0.5592102,0.5559744,0.5490784,0.5623017,0.5670975,0.56902546,0.55882907,0.5682598,0.56612885,0.5522581,0.5655944,0.590153,0.5672491,0.56442815,0.56815845,0.5733711,0.56275105,0.57046235,0.59034073,0.56412345,0.55376524,0.5542768,0.5604839,0.5648646,0.5705836,0.5709676,0.56170434,0.55665076,0.5667845,0.56907463,0.5757494,0.5679729,0.56178427,0.56101745,0.5729923,0.5521026,0.5718147,0.5542725,0.56516445,0.56116277,0.5705033,0.568324,0.57097775,0.5674673,0.5670312,0.5579472,0.5705147,0.5728203,0.5667392,0.5780342,0.56438243,0.5565662,0.5740655,0.57613856,0.5775135,0.5664481,0.56281704,0.5678533,0.5830889,0.5770069,0.56679535,0.56342804,0.5545228,0.5593826,0.5736335,0.5775454,0.56790215,0.5607617,0.56892633,0.57665026,0.56952035,0.569376,0.56910956,0.5532113,0.563227,0.5479151,0.5552287,0.56326544,0.5820602,0.57604355,0.5709541,0.57221955,0.5693316,0.5660752,0.5692186,0.56781095,0.5677391,0.5608304,0.5620099,0.575593,0.57790655,0.5707406,0.5658818,0.5673314,0.5555239,0.5595386,0.56712013,0.5713729,0.5624884,0.560655,0.57659644,0.565662,0.56958526,0.55733883,0.56155735,0.5617131,0.55784816,0.56565917,0.56820107,0.5735228,0.5711105,0.56265724,0.5802362,0.5690875,0.5699253,0.57285213,0.5579929,0.5563841,0.5715576,0.58186674,0.57416177,0.55688924,0.55548227,0.55975175,0.5528178,0.56773245,0.56711686,0.5707246,0.5732605,0.5637786,0.575034,0.5728035,0.571911,0.56353056,0.56685674,0.5649217,0.57921636,0.5624244,0.57277757,0.576141,0.5757329,0.56058526,0.5736046,0.5607811,0.56554085,0.561059,0.56081396,0.5676474,0.5758126,0.56640136,0.5554984,0.5570354,0.5676101,0.5710027,0.5671829,0.5639384,0.5611049,0.5582113,0.57174814,0.57462406,0.5509855,0.5636283,0.5636368,0.56550586,0.5808729,0.5706891,0.5620704,0.5558782,0.57458466,0.56670904,0.5604642,0.5705571,0.558707,0.5654875,0.5625648,0.5732943,0.5698728,0.5717942,0.55981106,0.57238024,0.5628423,0.56039184,0.55798584,0.5713273,0.5675417,0.5697826,0.565513,0.552847,0.5553252,0.5965173,0.5710677,0.56059355,0.5782184,0.574694,0.5681966,0.5641258,0.57435405,0.5816363,0.5748857,0.58135706,0.5612853,0.5720354,0.5629909,0.5533473,0.5749661,0.5646309,0.553554,0.5564586,0.5824635,0.5569367,0.5595818,0.56693673,0.56951267,0.5665794,0.5516838,0.5793397,0.5703314,0.5662092,0.5728251,0.55347186,0.5840864,0.5831155,0.5616834,0.56377757,0.57468563,0.57002693,0.5544254,0.5604072,0.56988555,0.57287115,0.5634282,0.56095076,0.5545046,0.5725828,0.5616902,0.55629396,0.5545182,0.58072853,0.569213,0.56272846,0.56886387,0.5706487,0.57541853,0.5614773,0.58335215,0.560879,0.57122886,0.5720763,0.57960105,0.58054805,0.5761427,0.5643316,0.55528456,0.5690865,0.5711603,0.5511722,0.5675834,0.5559885,0.5682357,0.5656489,0.56963265,0.5715134,0.5694908,0.5675557,0.5636526,0.5702465,0.56547755,0.5559143,0.5492858,0.5689403,0.5711861,0.5443462,0.57023764,0.5600916,0.5712116,0.5674969,0.5558413,0.5738113,0.5518149,0.5647192,0.57278126,0.5595377,0.56889355,0.56201625,0.5726172,0.54822046,0.56829435,0.56572497,0.5657561,0.56534624,0.57297426,0.56341314,0.56508195,0.56159025,0.5748218,0.5710277,0.5730185,0.5643559,0.56303525,0.55216247,0.57445985,0.5745807,0.5616629,0.56118375,0.54974395,0.55599684,0.5678792,0.5779406,0.5643198,0.57845163,0.56512743,0.5615575,0.5689323,0.5674888,0.5723298,0.56130713,0.56304425,0.57676,0.5720478,0.5661433,0.56145614,0.5559292,0.56878,0.5645679,0.5572278,0.5633943,0.5646841,0.5647662,0.55334234,0.561306,0.57235414,0.5680482,0.57229406,0.5648275,0.56519675,0.5707995,0.57569516,0.5782096,0.5693894,0.56523097,0.5556155,0.55743426,0.5713275,0.569412,0.5685588,0.55219793,0.5580588,0.56665385,0.55975914,0.5688849,0.5737388,0.5556335,0.56555116,0.55453,0.5732845,0.5747813,0.5778748,0.57999563,0.5609487,0.5704731,0.58337104,0.5464763,0.56976354,0.55517834,0.5629786,0.565213,0.5715634,0.5537723,0.57396305,0.55600226,0.5669998,0.571035,0.5783058,0.57162744,0.556933,0.5572736,0.55626565,0.564036,0.5679767,0.5615146,0.57022184,0.5750111,0.5580662,0.5733906,0.5838935,0.5575664,0.569989,0.5672032,0.56428283,0.5731128,0.5816315,0.5633962,0.565646,0.5769019,0.5594322,0.5548709,0.56413543,0.5624874,0.56085235,0.56136256,0.55356616,0.56635016,0.5695601,0.5643745,0.56545585,0.5629916,0.56455433,0.5649425,0.5695938,0.56508577,0.5793582,0.551693,0.5606696,0.5598625,0.5736014,0.55613303,0.5717447,0.57493716,0.5754174,0.553015,0.5718869,0.58481383,0.5607589,0.57119614,0.57473403,0.5691862,0.5653091,0.56249636,0.5725025,0.57736534,0.5672055,0.5658133,0.56142825,0.5557984,0.57663894,0.5623434,0.56719494,0.5632936,0.56713486,0.5698655,0.55796134,0.57618636,0.57029486,0.56746596,0.5539856,0.568907,0.57782733,0.5709986,0.5763379,0.5609315,0.57058954,0.56707835,0.5585409,0.5546491,0.56555325,0.5500328,0.56522745,0.54605556,0.5624637,0.5734955,0.57980144,0.55881613,0.555597,0.56051487,0.5781124,0.5625036,0.56373936,0.57833296,0.5659773,0.5662904,0.56726694,0.5766795,0.5700561,0.5710003,0.5686021,0.56770724,0.5640917,0.5481576,0.5505351,0.5659441,0.56752414,0.5771398,0.5636759,0.58414507,0.5745062,0.5810354,0.57047874,0.5564665,0.55529875,0.5641492,0.5729994,0.5674321,0.5730634,0.5770008,0.56631094,0.5542025,0.5772639,0.5566773,0.5636759,0.56024057,0.57249635,0.55238754,0.5662532,0.5626411,0.5647428,0.57418835,0.5461438,0.55726284,0.5671263,0.5594611,0.55306554,0.54952693,0.556127,0.5712136,0.57167256,0.5682756,0.5665058,0.57747054,0.5707328,0.55187124,0.57684535,0.56094104,0.55685353,0.5591312,0.5709823,0.5742078,0.5610607,0.5691422,0.5726376,0.5690381,0.5706595,0.5520338,0.57775974,0.5648394,0.57354254,0.5669863,0.57004035,0.5620773,0.5691214,0.5620075,0.57153594,0.55838484,0.5575223,0.57745355,0.5590405,0.5645788,0.5649503,0.5595609,0.57367164,0.5736671,0.57550955,0.56314147,0.5619196,0.5614717,0.5665959,0.5749994,0.5779708,0.55180633,0.55887824,0.5645133,0.5659544,0.5690985,0.55637604,0.5728235,0.5629219,0.56354684,0.5709346,0.5760114,0.5688414,0.5756972,0.55276394,0.54957384,0.5590923,0.5697369,0.5744521,0.55702144,0.55943555,0.5741088,0.54808474,0.55760753,0.56126374,0.5656536,0.5600057,0.57334906,0.555799,0.57666695,0.5515573,0.5587413,0.5721997,0.56182563,0.5670312,0.5597763,0.5527778,0.55437255,0.56462437,0.562477,0.5681773,0.5640447,0.573847,0.56297445,0.57066166,0.5790982,0.5778923,0.55706704,0.57335293,0.55746335,0.56302637,0.56153065,0.5727383,0.576706,0.5733636,0.58332384,0.58198595,0.5840629,0.5617384,0.57113063,0.56826246,0.5673712,0.5559594,0.56758267,0.5618342,0.55717623,0.5659565,0.5536407,0.57536626,0.56098527,0.5702008,0.5657254,0.56904376,0.56578624,0.56200457,0.57744855,0.57061565,0.5580621,0.56592184,0.5634913,0.5660356,0.56010467,0.5535833,0.57465756,0.55979156,0.5701736,0.5548496,0.57100075,0.5657536,0.567547,0.58220017,0.56037927,0.58988047,0.5769451,0.5832726,0.5689951,0.5670606,0.56883353,0.5675173,0.5662029,0.5634051,0.5479447,0.58405715,0.56834424,0.5719458,0.5659464,0.560749,0.5682679,0.55367565,0.5663192,0.55212724,0.5858953,0.5622827,0.57315636,0.5585159,0.55249274,0.5692402,0.5800396,0.5761463,0.5656355,0.5692375,0.55911136,0.5502636,0.56465745,0.5824141,0.56808275,0.5665492,0.5538715,0.5670206,0.57293403,0.5569624,0.5664395,0.566624,0.57601553,0.5682724,0.57218236,0.5642974,0.5604669,0.55039907,0.57218105,0.58383214,0.54793334,0.5718187,0.57163304,0.56685364,0.5691906,0.56875855,0.5628197,0.5704603,0.57121223,0.5608042,0.5609858,0.54534477,0.57759625,0.5706678,0.5608247,0.55648154,0.5674002
0.6453023,0.6424946,0.65198547,0.64842075,0.6399409,0.64876294,0.6404736,0.6517627,0.64302254,0.6353046,0.6473006,0.6434026,0.635985,0.63159907,0.64302826,0.6296761,0.65807545,0.64800054,0.6465442,0.6468342,0.6548111,0.6423971,0.63456565,0.63354576,0.6468905,0.6356972,0.6247734,0.6631946,0.6449908,0.62967515,0.63989943,0.64612854,0.63735265,0.6430111,0.63486314,0.65394294,0.6393579,0.6422577,0.6440094,0.65563965,0.636904,0.6528088,0.64349276,0.6614747,0.65446365,0.63969564,0.64896244,0.64211875,0.6328033,0.63866043,0.64899385,0.6476371,0.6354111,0.63732356,0.65738857,0.63605976,0.649156,0.6453792,0.6413363,0.6394941,0.64037436,0.6445293,0.63116026,0.6456659,0.6714533,0.6635087,0.6583727,0.64023244,0.6442071,0.64014107,0.6460714,0.6371851,0.6396369,0.6396173,0.6491092,0.6550746,0.6457055,0.64252496,0.63861895,0.647583,0.63888144,0.63064945,0.6449919,0.6359353,0.64810115,0.632801,0.6346597,0.6336357,0.64970934,0.6388369,0.64993596,0.64450574,0.63303477,0.6419902,0.626693,0.64789116,0.6344669,0.64338034,0.6385158,0.6505126,0.63987964,0.6409348,0.64195096,0.64583915,0.6435551,0.6497631,0.6457652,0.64552,0.65447706,0.63576996,0.66105676,0.6416143,0.64744836,0.6445471,0.6462411,0.6504271,0.6309477,0.6390839,0.64357555,0.6455513,0.6566255,0.64705706,0.6278689,0.6430789,0.6418266,0.64497054,0.6529299,0.63836735,0.65116656,0.6621809,0.64549017,0.64332736,0.62894416,0.6501793,0.63326836,0.6476191,0.64425415,0.6470061,0.65710664,0.6550437,0.6525243,0.63235086,0.6423105,0.635752,0.6440432,0.6403351,0.64529234,0.65071064,0.6346024,0.6468108,0.63950706,0.64169824,0.6539669,0.6341952,0.6422378,0.6442354,0.6565606,0.6387518,0.6270641,0.63888025,0.63882756,0.62929666,0.64493823,0.6474938,0.65227866,0.6346809,0.6465364,0.6370027,0.6398741,0.66310567,0.6432885,0.6450227,0.6357431,0.6484191,0.6541883,0.6480432,0.6450222,0.64460665,0.6451247,0.64282626,0.63870776,0.6398668,0.64752954,0.64830124,0.6379638,0.6437344,0.6423376,0.6527645,0.6449205,0.6416632,0.63365346,0.64362925,0.6351757,0.6421637,0.64485025,0.6327758,0.6510099,0.63672763,0.6312752,0.6428562,0.64014256,0.63257945,0.63942456,0.6494928,0.6463568,0.6429777,0.63810664,0.64453626,0.6436301,0.65616107,0.6496167,0.65193325,0.6455508,0.6509857,0.65233976,0.6328805,0.6337002,0.6438911,0.6337715,0.6355889,0.65066123,0.64538246,0.6465126,0.6332642,0.6358304,0.629236,0.65396285,0.6367308,0.64566,0.63682055,0.6271948,0.64695656,0.63499725,0.6492753,0.6480841,0.6507556,0.6454113,0.6356647,0.6453013,0.6539756,0.6413638,0.64534634,0.630138,0.63699794,0.6393885,0.63225037,0.6459068,0.6374596,0.6511488,0.65130687,0.64377415,0.645875,0.6332002,0.63428193,0.63843334,0.6494505,0.63666165,0.64570475,0.6504044,0.6571651,0.64333266,0.65744835,0.639098,0.64806664,0.63565063,0.66423255,0.65083134,0.64553595,0.6215799,0.64374554,0.63226634,0.63826656,0.6427937,0.641943,0.64219785,0.6510474,0.64922464,0.64025486,0.6520399,0.64860666,0.65404874,0.628237,0.64658576,0.64947736,0.6446512,0.64556444,0.6385829,0.63703525,0.6312144,0.6448913,0.63462305,0.6283349,0.64632,0.6462327,0.6368642,0.61993796,0.63305396,0.6350925,0.6328208,0.6482603,0.63116014,0.6429156,0.6339769,0.6396947,0.62969816,0.6446309,0.65045303,0.6401724,0.64326036,0.6324529,0.6399704,0.63065445,0.6373892,0.63224286,0.65669495,0.6573082,0.6506895,0.6437376,0.63831794,0.6417264,0.6390801,0.642045,0.6368747,0.6574071,0.64109683,0.6385482,0.6383189,0.64258116,0.6441923,0.64689803,0.63235253,0.65292174,0.6428896,0.63871723,0.65184206,0.6508829,0.6482997,0.63850635,0.66452426,0.6605907,0.63690567,0.6348835,0.6374807,0.6512245,0.65413606,0.63729864,0.64552903,0.6499557,0.64405835,0.6433912,0.64134395,0.6368923,0.63178223,0.64266884,0.65148026,0.6418985,0.6476743,0.64996403,0.63279843,0.63394034,0.6414446,0.6471876,0.64806396,0.6472001,0.63456404,0.6514373,0.63436437,0.64209837,0.6496492,0.6478632,0.64222586,0.6539664,0.6486622,0.6433219,0.65419084,0.6418501,0.64733315,0.6396898,0.63868976,0.6545409,0.64405924,0.63890177,0.6412809,0.6369332,0.6463717,0.63592374,0.64686793,0.6429306,0.6447966,0.6440326,0.6455284,0.65603447,0.6374365,0.6464378,0.6484743,0.65763825,0.6472926,0.64482725,0.64467496,0.62788844,0.63630927,0.6473321,0.63613105,0.6465064,0.636086,0.6459348,0.6382474,0.65597576,0.6358411,0.63967836,0.64271235,0.6392336,0.63627946,0.6561651,0.65020263,0.6436059,0.6477964,0.64988923,0.6428026,0.65280026,0.6411628,0.6400808,0.6516052,0.64631826,0.6498191,0.64306366,0.640412,0.6455382,0.64004165,0.6365821,0.6428005,0.62948257,0.63653266,0.6520337,0.64590126,0.6358133,0.64479816,0.6413788,0.6441956,0.653618,0.6422925,0.6303187,0.6358738,0.65405023,0.6487488,0.64159495,0.6362089,0.6406522,0.6438879,0.6444846,0.648738,0.6477899,0.63605046,0.6438397,0.64925605,0.6507276,0.63559425,0.6480567,0.63611007,0.64408827,0.6528993,0.6398347,0.64909565,0.6369133,0.6422495,0.63373643,0.635653,0.63814455,0.65417445,0.6416358,0.6432193,0.6491452,0.63325083,0.64226353,0.6439482,0.6494249,0.64700514,0.63694006,0.6512619,0.64693546,0.636678,0.64923114,0.6453189,0.6471882,0.63150877,0.6457375,0.64956445,0.6353427,0.65478015,0.64179575,0.63615215,0.64636993,0.626461,0.63559216,0.66427857,0.6403315,0.6401335,0.6348226,0.6499746,0.65320003,0.64600945,0.6396334,0.6490699,0.6268773,0.6560273,0.6372736,0.6544444,0.66581446,0.63767684,0.6383894,0.64084893,0.64989126,0.6411095,0.64769745,0.6477725,0.63825274,0.63490295,0.64264715,0.64644927,0.637831,0.65778434,0.65847456,0.6422676,0.6443576,0.63680506,0.6506759,0.6418847,0.65298504,0.6448409,0.6445813,0.64330703,0.63766813,0.6423396,0.6318689,0.652015,0.64101267,0.6351374,0.6352838,0.6481207,0.6478922,0.64040834,0.6281439,0.6311804,0.6457953,0.6528549,0.6482829,0.6557268,0.6491022,0.64509106,0.6506009,0.63025033,0.6433794,0.6418732,0.6349925,0.64701355,0.64501035,0.6406776,0.6409351,0.64266646,0.6425389,0.6470787,0.64430517,0.6350301,0.648911,0.63680685,0.63918346,0.6356265,0.6538915,0.6436078,0.6360238,0.6287738,0.6395304,0.6526567,0.63350695,0.6342391,0.64329875,0.64132327,0.6459347,0.64723074,0.6396926,0.649395,0.6553264,0.6452156,0.63204414,0.6369893,0.64458215,0.644206,0.6579511,0.64620394,0.6508184,0.63802683,0.64723605,0.6361188,0.6347071,0.6458203,0.660898,0.6339955,0.63880455,0.6429063,0.6454948,0.6440274,0.653695,0.63571876,0.6450585,0.65466046,0.6349272,0.6458868,0.64371324,0.65828544,0.64215815,0.6317083,0.658376,0.6376195,0.6473939,0.6297562,0.6415162,0.64133614,0.635871,0.6481058,0.64217335,0.63066244,0.6422572,0.6548039,0.63932985,0.6277699,0.6320573,0.6335294,0.6431849,0.6557884,0.64096653,0.64503366,0.6383236,0.64441013,0.64968383,0.643132,0.6170692,0.6536966,0.62778294,0.6477375,0.62508446,0.6612701,0.64942795,0.63001966,0.6575955,0.6446118,0.64226395,0.6349847,0.6443285,0.6569458,0.661412,0.64026314,0.6494521,0.6401418,0.6375068,0.6477849,0.6478254,0.6380163,0.64498794,0.6462484,0.6524101,0.6549604,0.64043635,0.6461456,0.6418415,0.6519834,0.63690096,0.63744724,0.6506362,0.6591359,0.63958335,0.64658993,0.6290504,0.64333403,0.644758,0.63614446,0.65175045,0.6551227,0.64396757,0.6343885,0.6451881,0.6400967,0.6449514,0.6436682,0.64075947,0.64270383,0.6292916,0.62800795,0.63449246,0.64283603,0.6342346,0.63685113,0.63336015,0.63414425,0.64197165,0.6402818,0.6458971,0.6472023,0.64621276,0.6503653,0.6286307,0.64987034,0.63921344,0.6455726,0.6445903,0.63576126,0.64923465,0.65525657,0.64980036,0.6470744,0.64198166,0.6492373,0.65533525,0.64182305,0.6501707,0.65555006,0.66227823,0.6331507,0.64758545,0.63820803,0.63909286,0.64446765,0.6455167,0.64376456,0.63464814,0.62697726,0.62211496,0.6439009,0.6446015,0.647402,0.63536114,0.6365546,0.64973605,0.6368252,0.6452181,0.63642436,0.65200937,0.6458977,0.6445553,0.62866795,0.6569625,0.6400846,0.6359626,0.6464226,0.65107644,0.63595295,0.634519,0.62008566,0.6314939,0.6431557,0.6281323,0.64890814,0.6348373,0.6411466,0.65826744,0.64328706,0.6362679,0.6470068,0.6367343,0.656867,0.6432313,0.6424078,0.6421817,0.6524039,0.63921237,0.63219994,0.6568601,0.65289444,0.6406242,0.6598411,0.6367303,0.6472237,0.6428027,0.6406302,0.66284645,0.6342234,0.6548544,0.64810646,0.64980626,0.64956284,0.6566754,0.66062754,0.6361974,0.64824957,0.6500892,0.63678694,0.64010835,0.65054804,0.6318778,0.64270335,0.6299933,0.65230554,0.6449006,0.6427289,0.6376513,0.6474612,0.6409124,0.63445014,0.6419206,0.6294338,0.6392329,0.64154744,0.65173,0.64169514,0.65349424,0.6374682,0.63686186,0.64845914,0.6449707,0.631339,0.63342166,0.6441666,0.6413306,0.64253896,0.64512193,0.6463519,0.65407485,0.6431593,0.6317151,0.6562536,0.6396553,0.63875103,0.64500815,0.64600325,0.6337863,0.65052044,0.65175074,0.6483864,0.63086116,0.6343075,0.6468307,0.64219666,0.6550723,0.6250468,0.63868076,0.6246203,0.6539552,0.64143384,0.64270216,0.652006,0.6476922,0.64247555,0.6481973,0.6651298,0.64643204,0.6493925,0.6503166,0.64470094,0.647342,0.6398399,0.63797754,0.6447145,0.65326315,0.64828503,0.63955605,0.6292252,0.6579753,0.6395407,0.64974713,0.653585,0.6427717,0.649594,0.63914835,0.6404948,0.6503271,0.65048057,0.6418023,0.6465484,0.64681506,0.63678294,0.64874566,0.647287,0.63930947,0.6439135,0.6394404,0.6533224,0.62645686,0.6429292,0.6455895,0.64194787,0.6404206,0.6302219,0.63752675,0.6464161,0.6466134,0.64635885,0.64206856,0.63694346,0.65146387,0.64532435,0.63922286,0.6496445,0.63363147,0.6467519,0.6290723,0.6520969,0.64115775,0.65024143,0.64406824,0.6463429,0.64127654,0.646755,0.63683695,0.6342957,0.6589614,0.6368324,0.6438973,0.6446463,0.641846,0.64006656,0.6517266,0.6395314,0.63730514,0.6486822,0.63730156,0.63659775,0.636375,0.64773774,0.63723636,0.64128864,0.64623415,0.6502125,0.6479353,0.64449096,0.6423799,0.64998055,0.6486888,0.6496359,0.6515402,0.6467099,0.6426891,0.6502763,0.6353213,0.6529634,0.6474709,0.65803754,0.64722496,0.6514492,0.63798755,0.65157604,0.6618158,0.65228885,0.64813197,0.64651835,0.63987756,0.64928216,0.64406085,0.6501773,0.63882047,0.627562,0.64069915,0.63822794,0.6520281,0.64135253,0.6540661,0.6340478,0.6545314,0.6274701,0.6502559,0.64442605,0.632766,0.65279824,0.66288185,0.6346153,0.637285,0.64890814,0.64457935,0.6381304,0.6439737,0.64227116,0.6441795,0.64265484,0.65557796,0.63538855,0.6410846,0.6384391,0.6600309,0.64666855,0.64674217,0.6551951,0.64008206,0.64241266,0.6508414,0.64555025,0.64372605,0.64804983,0.64281964,0.65803397,0.6371405,0.65040165,0.648248,0.64485496,0.6376406,0.6435451,0.6406643,0.6341416,0.65050954,0.660308,0.64510787,0.64135873,0.6437012
0.56797504,0.5455731,0.5485941,0.56533855,0.549326,0.5444633,0.55632615,0.5654317,0.541286,0.5650262,0.53708315,0.5528624,0.5447335,0.54377943,0.54902124,0.54446733,0.5594551,0.553831,0.5546478,0.5528031,0.54824847,0.55220944,0.55174214,0.5513823,0.5466104,0.5500107,0.5454082,0.56152177,0.54931325,0.5439815,0.5525202,0.55948025,0.5519641,0.5523326,0.54956394,0.5549814,0.54942524,0.5409961,0.5575295,0.5635277,0.548243,0.5541701,0.5542492,0.5640438,0.55523664,0.54998875,0.5450521,0.5541095,0.5558647,0.56041425,0.5622194,0.56173164,0.56189924,0.5534496,0.5717968,0.54908705,0.55346,0.54793555,0.55816996,0.5467757,0.565501,0.546231,0.5446487,0.55012757,0.57878375,0.5660951,0.5628263,0.55343735,0.5579781,0.5549245,0.55793446,0.5492113,0.5565097,0.55644363,0.55615395,0.56546503,0.548964,0.5469253,0.5600119,0.5518195,0.54724807,0.5380218,0.5502605,0.5559146,0.5436645,0.56005716,0.5440604,0.54837036,0.5525355,0.5609213,0.5497271,0.5554015,0.5595634,0.55999273,0.5389286,0.55574167,0.54763407,0.5532119,0.5583735,0.54883057,0.5429622,0.55183804,0.56096977,0.55267143,0.5511456,0.54270834,0.54931784,0.561507,0.56495905,0.56122994,0.5584596,0.5530738,0.5473085,0.54642844,0.56245506,0.55170256,0.53831875,0.56369615,0.55094975,0.5475896,0.5545931,0.54367906,0.5448637,0.5518336,0.52425456,0.5601915,0.5589812,0.5395422,0.56040466,0.55794257,0.5619527,0.5443651,0.5478678,0.54512167,0.5370612,0.5664429,0.54481125,0.56203425,0.550435,0.56119686,0.55588955,0.5541177,0.55578303,0.5476459,0.55118847,0.5517338,0.56666416,0.56554645,0.5590087,0.5367986,0.5446195,0.5411979,0.5589377,0.5528982,0.56506383,0.55733883,0.5522195,0.55321056,0.54367757,0.54386616,0.54949015,0.54725367,0.56089205,0.5549016,0.55525714,0.54661053,0.55569154,0.5535017,0.55344224,0.57434374,0.5556893,0.5553195,0.5567902,0.5503967,0.56406724,0.55777687,0.5434721,0.5506315,0.54736626,0.5595706,0.54151523,0.5518052,0.5647438,0.5571709,0.5543532,0.5472274,0.5644762,0.5443111,0.54968965,0.5653696,0.54816735,0.5545675,0.5638617,0.56012464,0.5641975,0.5497305,0.5515632,0.56084883,0.55921435,0.54907215,0.54013294,0.55362576,0.5514844,0.55295324,0.5522664,0.55869037,0.5683382,0.5581024,0.55120784,0.55541885,0.5626382,0.56253374,0.54454535,0.5608807,0.5583541,0.54476875,0.5619435,0.55026,0.5349424,0.5545652,0.5647077,0.5610683,0.54987895,0.5498983,0.5441844,0.5427002,0.5514148,0.5594765,0.56526524,0.56314135,0.55541337,0.55945843,0.55866915,0.5628369,0.55521405,0.5583449,0.557218,0.5542817,0.5501367,0.5628698,0.5435766,0.5649834,0.543253,0.5563364,0.5517935,0.547103,0.5623802,0.5331565,0.55876666,0.56320363,0.55745256,0.5481819,0.5526209,0.5563934,0.5526065,0.5571142,0.53428614,0.55101293,0.5539652,0.56092125,0.5542246,0.5564272,0.54142606,0.5484418,0.55064523,0.5741191,0.55371696,0.55810773,0.5448338,0.5509281,0.54663706,0.5558679,0.5378562,0.5504709,0.564292,0.55639094,0.54836446,0.55936205,0.5534487,0.54640627,0.5547674,0.5534667,0.5613353,0.56431335,0.56475407,0.55620164,0.5605369,0.5475378,0.55564487,0.5510498,0.552963,0.54344094,0.5742385,0.5740637,0.5479626,0.54914266,0.53931016,0.5517853,0.55863726,0.54628754,0.5581767,0.57173485,0.55647165,0.54899466,0.55006593,0.5583773,0.54415977,0.56666625,0.552461,0.54781765,0.54189736,0.56675285,0.56185985,0.55108076,0.55555,0.56732243,0.5661531,0.5436374,0.5571026,0.5540586,0.54799527,0.5519715,0.5611774,0.55080503,0.5445739,0.56698614,0.55533886,0.5565702,0.5554994,0.5747351,0.5526465,0.55023247,0.5551859,0.54429996,0.5507592,0.54551035,0.5591076,0.5531511,0.55990976,0.5603354,0.5469297,0.55428654,0.562274,0.54885846,0.554866,0.5700604,0.54143226,0.554581,0.5450302,0.5604983,0.5320362,0.54533076,0.5401238,0.5572093,0.56289977,0.558159,0.544601,0.56049246,0.5505019,0.5463559,0.5504471,0.5497186,0.56199557,0.550709,0.55366075,0.55522346,0.5575705,0.55763364,0.5577828,0.5632529,0.55422914,0.56193423,0.5454828,0.5468652,0.5523529,0.54679525,0.5517998,0.5553727,0.54641235,0.5507398,0.56500244,0.56104755,0.56180364,0.559657,0.5652145,0.54395723,0.55857104,0.55062395,0.552402,0.5552866,0.55922997,0.55814284,0.53801227,0.55215096,0.5662201,0.54829913,0.5566763,0.5535422,0.5484457,0.56061983,0.538259,0.5559443,0.55440617,0.5566428,0.5483174,0.56242925,0.549949,0.5552816,0.5556572,0.55368996,0.5415657,0.5659817,0.5581541,0.54955417,0.5512743,0.55848205,0.55480766,0.55953455,0.5445349,0.5417502,0.55251527,0.5664212,0.5492031,0.5607226,0.56165177,0.554088,0.5558904,0.55709136,0.5492792,0.5622347,0.5483686,0.5458572,0.5463295,0.57038593,0.5628541,0.54084766,0.54851115,0.56422436,0.5570352,0.5660925,0.53691286,0.5497856,0.55542254,0.55738693,0.5618041,0.55020726,0.5508112,0.54788595,0.5577819,0.5579058,0.5590808,0.5537255,0.5516123,0.5439788,0.546221,0.55259144,0.53756744,0.57036066,0.56040007,0.5619174,0.56901646,0.5526752,0.55932206,0.5497721,0.5524924,0.54857105,0.5640437,0.5528731,0.5505816,0.55312496,0.54947114,0.55114996,0.5511114,0.5587921,0.5483436,0.5680816,0.55041283,0.5655772,0.55579466,0.55650353,0.55455977,0.5515471,0.5561491,0.5689579,0.560091,0.5536444,0.55242544,0.54543823,0.55129325,0.55006737,0.5492403,0.5576807,0.5310506,0.5566661,0.551384,0.5500692,0.55045307,0.5485851,0.5517421,0.5477299,0.5546137,0.5542365,0.5638707,0.5380481,0.5611162,0.56461877,0.5598666,0.5732891,0.55385906,0.56422913,0.5506527,0.5574165,0.54056495,0.55964607,0.5545329,0.5585926,0.5448186,0.54606587,0.5514433,0.5516242,0.56003594,0.5721499,0.55140644,0.5623354,0.5227712,0.5553347,0.5678675,0.5444038,0.5538191,0.5544584,0.5523327,0.54881483,0.5491724,0.556445,0.5596583,0.5616459,0.54474825,0.5510014,0.55989116,0.5462625,0.55044806,0.546001,0.5618361,0.55922943,0.5561824,0.55702466,0.5487558,0.5630408,0.5480963,0.55252546,0.5529345,0.54966164,0.5572804,0.5520232,0.5539166,0.5466111,0.5584767,0.5497408,0.55396056,0.5602497,0.5501549,0.5556021,0.5291795,0.55928415,0.5508085,0.56540275,0.55440074,0.56242687,0.556842,0.55426496,0.5440384,0.5505785,0.5664376,0.5478358,0.5473108,0.5575575,0.54986995,0.5529113,0.5591387,0.55156153,0.5525967,0.55343485,0.5531823,0.5492498,0.5543065,0.55463105,0.5593609,0.56757617,0.5527838,0.5724817,0.5462849,0.5591567,0.5601527,0.55252886,0.5621129,0.5666577,0.5531907,0.5586683,0.55634165,0.5420626,0.55806464,0.5671843,0.54606956,0.5526615,0.55358654,0.5373358,0.54439205,0.5543382,0.5650789,0.55730283,0.55803454,0.5642716,0.5542626,0.5495008,0.53337246,0.5408262,0.5540525,0.55085516,0.5617179,0.54744834,0.5563238,0.5595201,0.55710065,0.5486174,0.54490125,0.5469461,0.564452,0.5640293,0.5616122,0.56556123,0.55285186,0.53831327,0.56545067,0.55283296,0.552323,0.5333494,0.5492476,0.54590493,0.5462812,0.5383797,0.56667966,0.55821323,0.56248736,0.56871486,0.55605215,0.54737693,0.56272304,0.552957,0.56550986,0.5629241,0.56078106,0.5527803,0.5522012,0.5614949,0.55435085,0.5499224,0.55120575,0.5505251,0.5513527,0.55174583,0.5670403,0.5449801,0.54740864,0.562312,0.54605913,0.5601569,0.5577107,0.569904,0.5720103,0.55167574,0.5545264,0.5275135,0.5500264,0.5698183,0.5497429,0.55023503,0.5539012,0.54356974,0.5532317,0.55740166,0.562643,0.5622822,0.55872643,0.5372169,0.5546863,0.553889,0.5395978,0.5444342,0.56504136,0.546672,0.54316825,0.5495019,0.5457506,0.54245555,0.55285466,0.5519654,0.5551518,0.5672139,0.54213244,0.55169934,0.55213195,0.55015004,0.55237335,0.54698527,0.55349666,0.55804306,0.562006,0.55814457,0.549894,0.55718255,0.5478882,0.5599118,0.54003483,0.5600578,0.5583615,0.55552495,0.5513708,0.5577438,0.5442677,0.54999334,0.54166424,0.55065423,0.55232346,0.5528109,0.54893434,0.5439465,0.545128,0.5584194,0.55523986,0.5663032,0.55459696,0.548639,0.5572753,0.5615035,0.54410976,0.55953866,0.5516245,0.5579816,0.5569463,0.5568302,0.5605302,0.5428257,0.55804163,0.5598875,0.53142047,0.55291665,0.5355811,0.5551378,0.54131806,0.5480331,0.5538252,0.54516435,0.5552954,0.5519072,0.54510516,0.54993004,0.5565073,0.55438,0.5647149,0.55072033,0.558387,0.54516125,0.56628126,0.5609017,0.5511575,0.5467353,0.5559367,0.5566885,0.5639192,0.55743325,0.55529845,0.5468434,0.55571383,0.5625724,0.5465244,0.55086464,0.5616805,0.5561626,0.5597006,0.55537933,0.5684178,0.54421896,0.5607226,0.56017303,0.5378997,0.5474372,0.5405432,0.53447115,0.5556988,0.5597471,0.56792307,0.551348,0.544878,0.54914224,0.5586378,0.5458944,0.5567214,0.562726,0.547228,0.549206,0.54431814,0.54644775,0.5414023,0.5548585,0.55371165,0.5532866,0.5562658,0.5504929,0.54495806,0.55378014,0.55235374,0.564002,0.5443287,0.56552374,0.57030535,0.566408,0.5652267,0.5585201,0.5596396,0.56350917,0.5568538,0.55851156,0.54445195,0.5414758,0.5549989,0.56976455,0.57039624,0.5425643,0.55993855,0.56701297,0.55566376,0.5644318,0.54676837,0.55375624,0.56260794,0.57373804,0.56199497,0.53861827,0.5595997,0.5602379,0.5511262,0.56670237,0.5653304,0.5587362,0.5588369,0.5467786,0.5509293,0.56185144,0.5608095,0.5576939,0.5601729,0.5614218,0.5609723,0.54317814,0.54388124,0.55711305,0.5525032,0.5587657,0.5594325,0.5545939,0.5623368,0.5399356,0.55240875,0.5572769,0.5646277,0.5477629,0.55141276,0.5565548,0.54609114,0.55676776,0.5424999,0.56949604,0.54131025,0.55557775,0.5536609,0.5365423,0.55082005,0.5631473,0.5427994,0.5593041,0.5540309,0.5513283,0.5533499,0.5710693,0.5632593,0.5572151,0.54947203,0.55948067,0.5693623,0.5612157,0.56853056,0.5470757,0.5533681,0.5570117,0.5553273,0.5543928,0.55418473,0.5549081,0.5564697,0.5501932,0.5585458,0.55655605,0.553305,0.55742544,0.55061257,0.5366857,0.54771185,0.559939,0.55557775,0.57645947,0.5560014,0.54822737,0.5606125,0.55680156,0.5478032,0.5563892,0.5515884,0.54978645,0.554085,0.55538285,0.55531704,0.5569939,0.5527152,0.5482089,0.56289446,0.5440753,0.5547715,0.54883015,0.5548474,0.5678882,0.5650122,0.5428166,0.5523126,0.54580295,0.5669405,0.5633693,0.55788696,0.54293114,0.5468705,0.5506769,0.5599397,0.572822,0.5563364,0.5509579,0.54841125,0.53784215,0.5469882,0.53876597,0.5531169,0.5618026,0.55542773,0.558355,0.54408926,0.5611858,0.54949206,0.5605386,0.5583116,0.55811036,0.5451288,0.5537668,0.5642536,0.5644806,0.5423265,0.56409097,0.55302,0.5556614,0.54973453,0.55503947,0.56512576,0.5393395,0.54965395,0.55391663,0.5500386,0.5435386,0.5504774,0.56061125,0.55752337,0.56204325,0.5446583,0.55947423,0.55412114,0.5440445,0.55385464,0.55047727,0.5599297,0.5423992,0.56885993,0.54129314,0.56523365,0.5647214,0.551436,0.54802877,0.5519292,0.55330014,0.54161346,0.5574536,0.56137305,0.5610115,0.55041575,0.5491263
0.0,0.0,0.0,0.0,0.0,0.0,0.0,0.0,0.0,0.0,0.0,0.0,0.0,0.0,0.0,0.0,0.0,0.0,0.0,0.0,0.0,0.0,0.0,0.0,0.0,0.0,0.0,0.0,0.0,0.0,0.0,0.0,0.0,0.0,0.0,0.0,0.0,0.0,0.0,0.0,0.0,0.0,0.0,0.0,0.0,0.0,0.0,0.0,0.0,0.0,0.0,0.0,0.0,0.0,0.0,0.0,0.0,0.0,0.0,0.0,0.0,0.0,0.0,0.0,0.0,0.0,0.0,0.0,0.0,0.0,0.0,0.0,0.0,0.0,0.0,0.0,0.0,0.0,0.0,0.0,0.0,0.0,0.0,0.0,0.0,0.0,0.0,0.0,0.0,0.0,0.0,0.0,0.0,0.0,0.0,0.0,0.0,0.0,0.0,0.0,0.0,0.0,0.0,0.0,0.0,0.0,0.0,0.0,0.0,0.0,0.0,0.0,0.0,0.0,0.0,0.0,0.0,0.0,0.0,0.0,0.0,0.0,0.0,0.0,0.0,0.0,0.0,0.0,0.0,0.0,0.0,0.0,0.0,0.0,0.0,0.0,0.0,0.0,0.0,0.0,0.0,0.0,0.0,0.0,0.0,0.0,0.0,0.0,0.0,0.0,0.0,0.0,0.0,0.0,0.0,0.0,0.0,0.0,0.0,0.0,0.0,0.0,0.0,0.0,0.0,0.0,0.0,0.0,0.0,0.0,0.0,0.0,0.0,0.0,0.0,0.0,0.0,0.0,0.0,0.0,0.0,0.0,0.0,0.0,0.0,0.0,0.0,0.0,0.0,0.0,0.0,0.0,0.0,0.0,0.0,0.0,0.0,0.0,0.0,0.0,0.0,0.0,0.0,0.0,0.0,0.0,0.0,0.0,0.0,0.0,0.0,0.0,0.0,0.0,0.0,0.0,0.0,0.0,0.0,0.0,0.0,0.0,0.0,0.0,0.0,0.0,0.0,0.0,0.0,0.0,0.0,0.0,0.0,0.0,0.0,0.0,0.0,0.0,0.0,0.0,0.0,0.0,0.0,0.0,0.0,0.0,0.0,0.0,0.0,0.0,0.0,0.0,0.0,0.0,0.0,0.0,0.0,0.0,0.0,0.0,0.0,0.0,0.0,0.0,0.0,0.0,0.0,0.0,0.0,0.0,0.0,0.0,0.0,0.0,0.0,0.0,0.0,0.0,0.0,0.0,0.0,0.0,0.0,0.0,0.0,0.0,0.0,0.0,0.0,0.0,0.0,0.0,0.0,0.0,0.0,0.0,0.0,0.0,0.0,0.0,0.0,0.0,0.0,0.0,0.0,0.0,0.0,0.0,0.0,0.0,0.0,0.0,0.0,0.0,0.0,0.0,0.0,0.0,0.0,0.0,0.0,0.0,0.0,0.0,0.0,0.0,0.0,0.0,0.0,0.0,0.0,0.0,0.0,0.0,0.0,0.0,0.0,0.0,0.0,0.0,0.0,0.0,0.0,0.0,0.0,0.0,0.0,0.0,0.0,0.0,0.0,0.0,0.0,0.0,0.0,0.0,0.0,0.0,0.0,0.0,0.0,0.0,0.0,0.0,0.0,0.0,0.0,0.0,0.0,0.0,0.0,0.0,0.0,0.0,0.0,0.0,0.0,0.0,0.0,0.0,0.0,0.0,0.0,0.0,0.0,0.0,0.0,0.0,0.0,0.0,0.0,0.0,0.0,0.0,0.0,0.0,0.0,0.0,0.0,0.0,0.0,0.0,0.0,0.0,0.0,0.0,0.0,0.0,0.0,0.0,0.0,0.0,0.0,0.0,0.0,0.0,0.0,0.0,0.0,0.0,0.0,0.0,0.0,0.0,0.0,0.0,0.0,0.0,0.0,0.0,0.0,0.0,0.0,0.0,0.0,0.0,0.0,0.0,0.0,0.0,0.0,0.0,0.0,0.0,0.0,0.0,0.0,0.0,0.0,0.0,0.0,0.0,0.0,0.0,0.0,0.0,0.0,0.0,0.0,0.0,0.0,0.0,0.0,0.0,0.0,0.0,0.0,0.0,0.0,0.0,0.0,0.0,0.0,0.0,0.0,0.0,0.0,0.0,0.0,0.0,0.0,0.0,0.0,0.0,0.0,0.0,0.0,0.0,0.0,0.0,0.0,0.0,0.0,0.0,0.0,0.0,0.0,0.0,0.0,0.0,0.0,0.0,0.0,0.0,0.0,0.0,0.0,0.0,0.0,0.0,0.0,0.0,0.0,0.0,0.0,0.0,0.0,0.0,0.0,0.0,0.0,0.0,0.0,0.0,0.0,0.0,0.0,0.0,0.0,0.0,0.0,0.0,0.0,0.0,0.0,0.0,0.0,0.0,0.0,0.0,0.0,0.0,0.0,0.0,0.0,0.0,0.0,0.0,0.0,0.0,0.0,0.0,0.0,0.0,0.0,0.0,0.0,0.0,0.0,0.0,0.0,0.0,0.0,0.0,0.0,0.0,0.0,0.0,0.0,0.0,0.0,0.0,0.0,0.0,0.0,0.0,0.0,0.0,0.0,0.0,0.0,0.0,0.0,0.0,0.0,0.0,0.0,0.0,0.0,0.0,0.0,0.0,0.0,0.0,0.0,0.0,0.0,0.0,0.0,0.0,0.0,0.0,0.0,0.0,0.0,0.0,0.0,0.0,0.0,0.0,0.0,0.0,0.0,0.0,0.0,0.0,0.0,0.0,0.0,0.0,0.0,0.0,0.0,0.0,0.0,0.0,0.0,0.0,0.0,0.0,0.0,0.0,0.0,0.0,0.0,0.0,0.0,0.0,0.0,0.0,0.0,0.0,0.0,0.0,0.0,0.0,0.0,0.0,0.0,0.0,0.0,0.0,0.0,0.0,0.0,0.0,0.0,0.0,0.0,0.0,0.0,0.0,0.0,0.0,0.0,0.0,0.0,0.0,0.0,0.0,0.0,0.0,0.0,0.0,0.0,0.0,0.0,0.0,0.0,0.0,0.0,0.0,0.0,0.0,0.0,0.0,0.0,0.0,0.0,0.0,0.0,0.0,0.0,0.0,0.0,0.0,0.0,0.0,0.0,0.0,0.0,0.0,0.0,0.0,0.0,0.0,0.0,0.0,0.0,0.0,0.0,0.0,0.0,0.0,0.0,0.0,0.0,0.0,0.0,0.0,0.0,0.0,0.0,0.0,0.0,0.0,0.0,0.0,0.0,0.0,0.0,0.0,0.0,0.0,0.0,0.0,0.0,0.0,0.0,0.0,0.0,0.0,0.0,0.0,0.0,0.0,0.0,0.0,0.0,0.0,0.0,0.0,0.0,0.0,0.0,0.0,0.0,0.0,0.0,0.0,0.0,0.0,0.0,0.0,0.0,0.0,0.0,0.0,0.0,0.0,0.0,0.0,0.0,0.0,0.0,0.0,0.0,0.0,0.0,0.0,0.0,0.0,0.0,0.0,0.0,0.0,0.0,0.0,0.0,0.0,0.0,0.0,0.0,0.0,0.0,0.0,0.0,0.0,0.0,0.0,0.0,0.0,0.0,0.0,0.0,0.0,0.0,0.0,0.0,0.0,0.0,0.0,0.0,0.0,0.0,0.0,0.0,0.0,0.0,0.0,0.0,0.0,0.0,0.0,0.0,0.0,0.0,0.0,0.0,0.0,0.0,0.0,0.0,0.0,0.0,0.0,0.0,0.0,0.0,0.0,0.0,0.0,0.0,0.0,0.0,0.0,0.0,0.0,0.0,0.0,0.0,0.0,0.0,0.0,0.0,0.0,0.0,0.0,0.0,0.0,0.0,0.0,0.0,0.0,0.0,0.0,0.0,0.0,0.0,0.0,0.0,0.0,0.0,0.0,0.0,0.0,0.0,0.0,0.0,0.0,0.0,0.0,0.0,0.0,0.0,0.0,0.0,0.0,0.0,0.0,0.0,0.0,0.0,0.0,0.0,0.0,0.0,0.0,0.0,0.0,0.0,0.0,0.0,0.0,0.0,0.0,0.0,0.0,0.0,0.0,0.0,0.0,0.0,0.0,0.0,0.0,0.0,0.0,0.0,0.0,0.0,0.0,0.0,0.0,0.0,0.0,0.0,0.0,0.0,0.0,0.0,0.0,0.0,0.0,0.0,0.0,0.0,0.0,0.0,0.0,0.0,0.0,0.0,0.0,0.0,0.0,0.0,0.0,0.0,0.0,0.0,0.0,0.0,0.0,0.0,0.0,0.0,0.0,0.0,0.0,0.0,0.0,0.0,0.0,0.0,0.0,0.0,0.0,0.0,0.0,0.0,0.0,0.0,0.0,0.0,0.0,0.0,0.0,0.0,0.0,0.0,0.0,0.0,0.0,0.0,0.0,0.0,0.0,0.0,0.0,0.0,0.0,0.0,0.0,0.0,0.0,0.0,0.0,0.0,0.0
0.96485156,0.9607461,0.9651951,0.96329653,0.9597502,0.96747744,0.9591221,0.9595785,0.94900274,0.9694291,0.9462043,0.9635078,0.96495396,0.9474824,0.96386546,0.9651225,0.9710577,0.96424454,0.9707088,0.95165735,0.9492405,0.9583874,0.9602255,0.9646126,0.95320255,0.94842666,0.9580869,0.9733181,0.96344715,0.9492007,0.9595343,0.95704633,0.9680622,0.9722296,0.955986,0.9653478,0.95696646,0.9560805,0.9707834,0.965966,0.9666145,0.96107405,0.9677577,0.9717353,0.9631653,0.943846,0.9661162,0.9587015,0.9656389,0.9642696,0.9584806,0.96377444,0.95154434,0.95476854,0.9738085,0.954778,0.9613195,0.9614676,0.9568778,0.9611975,0.96956754,0.9617258,0.95540124,0.9654037,0.98854196,0.9721244,0.97739506,0.9571753,0.9768796,0.9603685,0.96005094,0.9591445,0.96266025,0.95061195,0.9613864,0.97533756,0.9529735,0.96241456,0.9662449,0.9606111,0.95617825,0.95863223,0.96186155,0.9585542,0.9532352,0.96540946,0.9584762,0.9659802,0.96287584,0.9657378,0.96996236,0.9483575,0.9589742,0.9613117,0.95473135,0.9733001,0.95873743,0.9682146,0.9569035,0.9644614,0.9640024,0.95706224,0.9541695,0.9566709,0.96706957,0.9602454,0.9603169,0.96398944,0.97043926,0.9682952,0.9590494,0.9574223,0.96920675,0.9600059,0.96575314,0.9585083,0.9436102,0.95267993,0.9592106,0.9595791,0.960253,0.96540236,0.95339376,0.9582183,0.9583403,0.9632768,0.9660372,0.9553404,0.9811302,0.97100943,0.95828605,0.97567004,0.9583412,0.95955825,0.95392317,0.96602595,0.9662746,0.96343756,0.9541362,0.96254003,0.96652174,0.9661362,0.95289093,0.9583563,0.95783246,0.95772266,0.9734622,0.965505,0.9524878,0.96274424,0.95670897,0.9540734,0.95384824,0.95994616,0.9679704,0.95690554,0.9624297,0.9619079,0.9569007,0.9528862,0.9691217,0.9565791,0.972314,0.95953083,0.9624068,0.95056736,0.9662256,0.966453,0.96533865,0.96523494,0.95553505,0.961447,0.96154696,0.9662825,0.972865,0.957088,0.96809393,0.9675636,0.95594716,0.95633644,0.95001704,0.9522277,0.9528593,0.95761716,0.95892394,0.9597925,0.9677102,0.9532638,0.9696084,0.9747982,0.96106607,0.9635988,0.96487975,0.9644715,0.9683192,0.9445755,0.97088623,0.9630833,0.95252085,0.95385766,0.9485693,0.9533143,0.95803916,0.9636597,0.96220714,0.9714278,0.9708762,0.9538428,0.9718429,0.96501064,0.97133684,0.9776421,0.9453967,0.9694153,0.9697516,0.9510112,0.9538351,0.95378196,0.94869334,0.95783997,0.9554215,0.9635205,0.9616044,0.9673599,0.9516986,0.9466426,0.9604346,0.95896035,0.96245736,0.96412194,0.9551282,0.970292,0.96273315,0.9633047,0.9579241,0.96220887,0.95872027,0.9640382,0.9540311,0.9714739,0.95393914,0.96569663,0.9526478,0.96086603,0.9597982,0.95036304,0.9596809,0.9518574,0.9672966,0.96970266,0.95768577,0.9567218,0.9638741,0.9500396,0.9538534,0.970206,0.95809615,0.95337015,0.95867497,0.9662684,0.959497,0.9634882,0.954074,0.9572318,0.9593197,0.97742766,0.9731382,0.9593919,0.94245005,0.9630506,0.9530063,0.96808755,0.961226,0.96357405,0.9672232,0.96330816,0.96319395,0.97038096,0.96747607,0.9638477,0.9646019,0.9577148,0.9583826,0.96914595,0.9648696,0.9774139,0.9606429,0.9581477,0.9564154,0.9623658,0.96324193,0.9531889,0.97946686,0.9782632,0.94921213,0.9614356,0.9433032,0.961651,0.9615883,0.96637756,0.97256637,0.97281593,0.96029013,0.9692761,0.9688482,0.9676067,0.9637632,0.95817333,0.95892704,0.96988064,0.9545534,0.977918,0.9614052,0.97086495,0.95910543,0.97229207,0.9621518,0.95872885,0.96925306,0.96291596,0.96652555,0.9698455,0.9752577,0.9520529,0.9620353,0.9706884,0.97066337,0.96047693,0.9576077,0.9747643,0.960488,0.9635801,0.95956314,0.951764,0.95442784,0.9635138,0.9665459,0.9574623,0.978594,0.9732552,0.9499053,0.9590219,0.9749837,0.96342224,0.9651954,0.9582379,0.96288085,0.957113,0.95062506,0.961398,0.96628636,0.94912475,0.9631909,0.9616194,0.9683937,0.9618018,0.9535015,0.9532759,0.96507025,0.9555893,0.9560871,0.96834135,0.9533311,0.960255,0.9669226,0.96576566,0.9592952,0.97295845,0.96249247,0.9647838,0.96117055,0.96583885,0.9489255,0.95308757,0.9534705,0.9620042,0.96342,0.9684123,0.9694161,0.96855396,0.96471804,0.96347994,0.9656398,0.9556991,0.9592869,0.9505571,0.96241075,0.9690584,0.9573809,0.96322095,0.95991266,0.96286684,0.9581279,0.95143014,0.97339904,0.95500654,0.967394,0.9630281,0.9833569,0.9684579,0.95282125,0.964329,0.9464155,0.96172047,0.9628723,0.9717411,0.9702187,0.9705888,0.9643216,0.959555,0.95737064,0.9712988,0.96514666,0.96235996,0.96738195,0.9532086,0.96937215,0.96340704,0.9634739,0.966525,0.9647101,0.9626576,0.9557503,0.95860744,0.9716209,0.9591044,0.9695889,0.9632846,0.961491,0.9595593,0.9710501,0.95752823,0.95526516,0.97283703,0.97487175,0.95356077,0.9533683,0.96320415,0.9654319,0.96807784,0.9559161,0.9684945,0.96498847,0.96615905,0.97286284,0.9681626,0.95041895,0.96675766,0.9599491,0.96278673,0.9761614,0.9704377,0.9642056,0.963735,0.95867133,0.9665489,0.94756603,0.97208774,0.95604336,0.9682348,0.97101414,0.95596886,0.9723054,0.97303057,0.96532106,0.96175736,0.95069915,0.9629617,0.9583216,0.9638652,0.9633705,0.97165763,0.9569702,0.95111126,0.950365,0.9689205,0.9710345,0.97148883,0.97233564,0.9639719,0.9583522,0.96151143,0.96482784,0.9677501,0.9678125,0.9623568,0.96631134,0.9657577,0.97089815,0.9476268,0.9575015,0.956614,0.95286345,0.96834314,0.97196674,0.9611445,0.95906043,0.9612459,0.95739454,0.9598488,0.9504303,0.9697025,0.9692231,0.9526836,0.9591278,0.95994633,0.9633073,0.9685952,0.96795624,0.9595162,0.9609728,0.9674204,0.95633096,0.97089666,0.9732093,0.9662803,0.95085734,0.9593465,0.9576062,0.96469605,0.96200216,0.96852976,0.966543,0.9670426,0.94635,0.9650838,0.9682084,0.9627578,0.9512355,0.95720696,0.95922023,0.9682391,0.9618516,0.9607176,0.963128,0.96143246,0.9667067,0.9601024,0.96973836,0.95508987,0.96281403,0.96397656,0.96785134,0.95777035,0.95593435,0.9690928,0.96617,0.9650239,0.96308804,0.9537354,0.9575458,0.9606165,0.9650016,0.9624929,0.96032184,0.95767164,0.96556765,0.9577247,0.9648572,0.968477,0.96381545,0.9702958,0.9540176,0.96586704,0.9587051,0.9718934,0.9674036,0.9721902,0.9621481,0.9522563,0.94440055,0.95831615,0.97213125,0.9596089,0.95592535,0.97081625,0.96389455,0.9600166,0.9652039,0.9552136,0.9614736,0.9552174,0.9552975,0.9512349,0.9558276,0.95782286,0.9643146,0.9742177,0.95730406,0.9752362,0.95686066,0.96289027,0.96755236,0.97162837,0.970434,0.9757358,0.955528,0.9575252,0.9661077,0.9640199,0.96684206,0.9745213,0.963,0.96730596,0.9613837,0.96108544,0.95304215,0.9568061,0.9728317,0.9592281,0.9618099,0.9622524,0.9718094,0.9579878,0.9432063,0.9626775,0.9619472,0.9636391,0.96351415,0.9688531,0.9582522,0.9652672,0.9610905,0.9508397,0.9561286,0.9587704,0.9728272,0.9614713,0.9681281,0.9702812,0.9610695,0.94508207,0.95783615,0.962553,0.96315604,0.94935787,0.9500091,0.96352875,0.967775,0.94965464,0.97469664,0.9543818,0.9668263,0.96290857,0.9543316,0.9632331,0.97439843,0.96883565,0.97435576,0.97493756,0.9601224,0.9559883,0.94805,0.9621017,0.96411663,0.9593365,0.9599209,0.958324,0.9754868,0.9666049,0.9597984,0.9521909,0.94491744,0.96236724,0.9607935,0.9665269,0.95957375,0.9709691,0.981683,0.95044196,0.95882106,0.9449342,0.960571,0.9661544,0.9616842,0.96554136,0.9652957,0.96374625,0.96059597,0.9603321,0.9564478,0.96442425,0.9444521,0.9562746,0.97384775,0.9597213,0.9542201,0.94971514,0.96572,0.9660618,0.9575899,0.96398276,0.96120954,0.95671976,0.95399725,0.9587534,0.9621408,0.9549815,0.97099406,0.9522905,0.97328055,0.9594515,0.9554271,0.96103704,0.96743304,0.9623638,0.97722423,0.9583076,0.95672196,0.9605141,0.9672637,0.9667344,0.9456322,0.9585434,0.9793195,0.97373855,0.9688804,0.96416056,0.9544413,0.9584427,0.95329785,0.95415825,0.96022326,0.9585586,0.95599455,0.948194,0.96197134,0.9699493,0.9586646,0.9767694,0.9544551,0.96943283,0.96249163,0.9608658,0.9592871,0.96349806,0.9562575,0.964989,0.95361835,0.96570605,0.96200913,0.96157515,0.96542555,0.9561577,0.95029646,0.95979965,0.94877666,0.9654971,0.95277554,0.9651619,0.96862483,0.95955646,0.9567655,0.9725094,0.9507968,0.9494562,0.96414447,0.9628389,0.9678033,0.9463591,0.95878965,0.95623106,0.9678643,0.96290886,0.9442003,0.95865256,0.95951074,0.9644165,0.9702147,0.9658843,0.9665635,0.9496908,0.9648969,0.9697758,0.96015865,0.9660328,0.9709486,0.9656461,0.96683013,0.9642102,0.9679346,0.9498899,0.9706576,0.96944904,0.9651825,0.95038474,0.96821404,0.94408554,0.9535361,0.96806604,0.97087026,0.9578155,0.9529782,0.97071123,0.95594305,0.9633609,0.9640851,0.9678824,0.95189315,0.9677848,0.9672124,0.9557669,0.9511907,0.96435946,0.9625196,0.967017,0.9591894,0.97596055,0.95764214,0.9636783,0.96520954,0.9573125,0.9508401,0.96470094,0.96050906,0.9627966,0.9658179,0.9617365,0.971466,0.9678509,0.9619377,0.9654966,0.9514469,0.95741516,0.9638988,0.9673985,0.971846,0.9490506,0.9711796,0.9786849,0.9640138,0.9754672,0.95824313,0.9650351,0.95969385,0.96933544,0.9674762,0.9576218,0.96500355,0.967003,0.9473174,0.96966064,0.9763658,0.95779806,0.9589779,0.957612,0.96095514,0.9713639,0.96103215,0.96221155,0.96133703,0.96740913,0.97010225,0.9614825,0.9470687,0.962318,0.9611845,0.9682745,0.96186006,0.9626457,0.9651686,0.94933224,0.96632856,0.96766967,0.9591256,0.967374,0.95539176,0.94906276,0.9522336,0.96730274,0.9687491,0.9650505,0.95972097,0.9563709,0.9638727,0.9691959,0.96390575,0.965562,0.9509536,0.9636099,0.9578281,0.9598229,0.9655479,0.96918446,0.9656769,0.96861506,0.96165866,0.96215916,0.9691964,0.96460253,0.9763912,0.95406103,0.9619564,0.96036047,0.9718315,0.96166116,0.9646375,0.95673907,0.9603397,0.95527124,0.96534693,0.98033404,0.9630588,0.96608,0.9579363,0.9543663,0.9649968,0.96330434,0.9656979,0.97697634,0.9666248,0.9647344,0.9723252,0.9565534,0.9554055,0.96749127,0.95839596,0.9697773,0.97365475,0.95739377,0.9589671,0.95490193,0.95136434,0.96525764,0.96886766,0.9521174,0.9596634,0.9612558,0.9525535,0.96289307,0.9691712,0.96201205,0.9639315,0.9701029,0.97456414,0.9595807,0.9619328,0.961328,0.9570967,0.94860786,0.96407247,0.965645,0.9653948,0.96370417,0.9704698,0.9572676,0.95514554,0.9549513,0.96048164,0.95943147,0.9657629,0.958319,0.9528055,0.97045004,0.9669992,0.9597114,0.96126723,0.96146226,0.95878553,0.9517148,0.96393645,0.96649456,0.9593597,0.9704969,0.97325295,0.9537316,0.95450324,0.9621411,0.96199,0.949965,0.95169747,0.96105295,0.95803595,0.9575831,0.968337,0.96856606,0.96305263,0.96623963,0.9597931,0.9514954,0.9618319,0.9668878,0.9622226,0.9626163,0.9648161,0.95830435,0.9740377,0.9568379,0.9672835,0.9680422,0.9695968,0.96410704,0.9574916,0.9527474,0.9579843,0.9682419,0.9566439,0.9780162,0.95862794,0.95725286
0.9736867,0.9819316,0.9872287,0.9754009,0.97874373,0.98591304,0.96947604,0.96836334,0.97713643,0.9816342,0.9765,0.9662179,0.970774,0.9638167,0.9663994,0.9758015,0.97711086,0.97316,0.9820246,0.9853549,0.965574,0.9770121,0.98126864,0.9800018,0.96791095,0.97953796,0.96672654,0.99920255,0.9836044,0.97695047,0.97306,0.97463137,0.9796695,0.9796462,0.9797068,0.98389345,0.9725778,0.9676008,0.9771465,0.991236,0.9812189,0.9922561,0.98961467,0.99492437,0.966889,0.98299396,0.9945274,0.985511,0.97079843,0.985904,0.990901,0.9666253,0.97136426,0.97551805,0.99249476,0.9776755,0.9744524,0.98265016,0.97523344,0.98614186,0.9793249,0.97047883,0.96676207,0.9882246,0.9873552,0.9883932,0.9821649,0.97657156,0.9828595,0.9801582,0.9748189,0.9767298,0.9648454,0.9818879,0.9687852,0.99202,0.9744795,0.9820304,0.9616176,0.97542065,0.9784828,0.96735686,0.9713968,0.9725096,0.97682667,0.97800875,0.9727059,0.9800394,0.9791325,0.97870743,0.96425,0.98645246,0.9838073,0.9709871,0.9734529,0.9900754,0.97428536,0.9904822,0.9722534,0.98224753,0.9726517,0.9815432,0.9767693,0.98026663,0.96711403,0.98013276,0.9891502,0.98549825,0.9953235,0.9652784,0.9856244,0.9736286,0.98162425,0.9877431,0.98003995,0.9803197,0.96369284,0.97517407,0.9799958,0.9826195,0.97947925,0.9750862,0.96198213,0.9835301,0.98379415,0.9686452,0.9910578,0.96036226,0.99158466,0.99581826,0.9835983,0.9908198,0.9692643,0.97673875,0.961025,0.98344374,0.98566633,0.96775776,0.9720472,0.98871195,0.9773495,0.9774307,0.97477764,0.9821551,0.97739947,0.96115786,0.976147,0.9778442,0.97656524,0.9888712,0.9718809,0.977521,0.9734048,0.98494905,0.9692431,0.96830475,0.9784034,0.9733329,0.980413,0.97868156,0.9837498,0.97396266,0.97971404,0.96883744,0.97308815,0.9725099,0.9763573,0.9635104,0.9638168,0.9984896,0.99034333,0.979308,0.97358745,0.9751056,0.97238976,0.9820215,0.9691483,0.9677131,0.9693412,0.9775543,0.9891882,0.971712,0.97670734,0.98738456,0.974928,0.97564924,0.98517495,0.9778166,0.9780743,0.9771303,0.9845314,0.97946674,0.96986777,0.9834908,0.97960997,0.96149355,0.982191,0.9873218,0.9615112,0.98356235,0.9711872,0.97251695,0.9721639,0.964374,0.97876835,0.98039526,0.97960275,0.9888259,0.9766149,0.9768127,0.98001385,0.9886634,0.9764544,0.9827728,0.9859417,0.97506785,0.9645319,0.9766392,0.96524066,0.97073954,0.9773008,0.96936196,0.9784583,0.97616524,0.9675633,0.9566547,0.9854102,0.9775901,0.98969054,0.97819096,0.9723134,0.9875718,0.9898437,1.0003577,0.9812778,0.97721285,0.99078196,0.9821202,0.98103106,0.97597444,0.96373975,0.98920214,0.95727164,0.97346276,0.96991044,0.98256284,0.9710783,0.9813339,0.99025255,0.98553634,0.9839188,0.9701592,0.9700158,0.97158855,0.97109646,0.98990434,0.98257077,0.9678427,0.9761765,1.0023986,0.9746854,0.9850993,0.9623445,0.9756708,0.97858095,1.0009931,0.98200506,0.96799976,0.97510016,0.97829336,0.97986937,0.97008127,0.98270714,0.9790708,0.978549,0.9725037,0.9642242,0.9856591,0.98269475,0.9852849,0.9770547,0.9654462,0.9680407,0.97694826,0.9830693,0.9717868,0.9773713,0.9668367,0.9810623,0.9803017,0.9614955,0.9611395,0.98267215,0.9692739,0.96976405,0.97696626,0.96468085,0.97518593,0.96106064,0.9876286,0.9756022,0.9890864,0.9695303,0.9829173,0.96784234,0.9868273,0.9862406,0.9745393,0.98053867,0.9704358,0.97143203,0.9947748,0.97922003,0.97621435,0.9999229,0.9914553,0.9888013,0.97875136,0.98152536,0.98220533,0.9827461,0.978738,0.97506976,0.9795286,0.9682185,0.96918947,0.97057986,0.98071146,0.96733284,0.98100734,0.9732026,0.98020566,0.9797773,0.9738725,0.9722335,0.98388714,0.9824562,0.9908846,0.980678,0.98495084,0.9702054,0.97639495,0.982628,0.97591776,0.991117,0.959457,0.96686953,0.9907542,0.976954,0.98144937,0.97524667,0.9642514,0.98047596,0.9796606,0.9753752,0.9767048,0.9835926,0.9719057,0.97651285,0.9756875,0.9535597,0.9719196,0.98299414,0.9788626,0.9794051,0.97862434,0.96906364,0.971324,0.9830644,0.97787154,0.96640885,0.98035717,0.9776819,0.9768032,0.96578455,0.96812445,0.9812234,0.97553074,0.96351206,0.9816424,0.97960126,0.97742,0.9775758,0.9873368,0.9929645,0.97544855,0.9851419,0.9803101,0.96802807,0.9720442,0.9683947,0.98150784,0.9708077,0.9724847,0.9847503,0.9694731,0.97703207,0.9693858,0.98128563,0.9794226,0.97644687,0.9922298,0.9751539,0.9834755,0.9722192,0.98093474,1.0019009,0.99767005,0.9749527,0.96353745,0.97103214,0.97262794,0.98195535,0.9876718,0.9867958,0.9872661,0.9978894,0.98766315,0.9698723,0.9895216,0.9802577,0.97896796,0.9819298,0.9816604,0.9760081,0.99071383,0.9807112,0.9682221,0.97544783,0.9693603,0.9889514,0.96451926,0.9754792,0.9733762,0.98381436,0.97411895,0.97756445,0.9725401,0.9929431,0.98338544,0.9779047,0.96827257,0.97972775,0.9863455,0.9716708,0.97160333,0.97118974,0.9762419,0.97112423,0.97891146,0.9876682,0.9773759,0.95544326,0.97416055,0.97449905,0.9810425,0.9800433,0.98133624,0.9648766,0.9826029,0.99019337,0.98383665,0.98429793,0.976705,0.97742635,0.96963644,0.9672697,0.98908395,0.98169494,0.98200226,0.97769403,0.9850251,0.9633705,0.97960097,0.98309666,0.98117733,0.980377,0.9740992,0.9935649,0.98126817,0.9860607,0.97438884,0.98073447,0.9788166,0.983539,0.9839191,0.97485685,0.9737895,0.971112,0.9841312,0.9871246,0.9815311,0.97460437,0.98173594,0.99155915,0.9740448,0.9799128,0.9721061,0.97418994,0.97764975,0.98951155,0.97627187,0.98847634,0.9659176,0.97901595,0.9797866,0.98672485,0.98959225,0.9792365,0.9686313,0.9715048,0.9711694,0.97803134,0.9869362,0.98968893,0.97610074,0.990481,0.9818093,0.9754224,0.9789851,0.97398,0.9865011,0.97420156,0.96891224,0.9726377,0.9706023,0.97965527,0.9851919,0.97372943,0.97589034,0.9600568,0.9644257,0.98391527,0.9618155,0.98548526,0.98123753,0.9707808,0.976348,0.9910422,0.98525363,0.98563987,0.97811997,0.9757688,0.9809961,0.9940866,0.97921735,0.98294824,0.9868829,0.9768478,0.9810119,0.9741746,0.9840276,0.98518085,0.9750847,0.9800604,0.9759627,0.9880541,1.0008543,0.99508315,0.9663564,0.9809276,0.96844774,0.96994346,0.9748846,0.9731956,0.9838398,0.97465736,0.97070855,0.9722817,0.9798118,0.9612501,0.9750909,0.9853129,0.97278434,0.9741544,0.98462224,0.9808464,0.9776385,0.99121857,0.9732493,0.96071494,0.9867087,0.96315956,0.96051323,0.9761436,0.96491385,0.97964483,0.98839855,0.9759977,0.98607296,0.9734738,0.97778696,0.9840769,0.9839133,0.9778907,0.9908198,0.9791969,0.9831946,0.97444713,0.9880907,0.9813181,0.99462223,0.96849275,0.9821688,0.99022466,0.97123575,0.980805,0.9862826,0.9885854,0.9715449,0.9724133,0.9815147,0.9847529,0.97801995,0.96397454,0.9834172,0.9855792,0.97045445,0.98399794,0.98047924,0.9752888,0.97409874,0.97650707,0.9668938,0.9541501,0.9705139,0.9696031,0.9833478,0.99525374,0.98051167,0.9882628,0.97057617,0.9916569,0.979584,0.98240125,0.96890056,0.97601,0.98249316,0.96691376,0.97544914,0.9849158,0.97998405,0.96933174,0.98783827,0.9701412,0.98743707,0.9742014,0.9943814,0.9763284,0.9884663,0.9672994,0.9760886,0.96382976,0.9745831,0.99064505,0.97374445,0.9740607,0.98176974,0.985324,0.9883901,0.96341026,0.9845515,0.9750701,0.9865489,0.973669,0.9809139,0.9777571,0.9815153,0.97894096,0.9770079,0.9790152,0.97408813,0.9862796,0.98176616,0.98972,0.9768795,0.98507243,0.9817133,0.97546697,0.95766884,0.96793264,0.97857773,0.97576296,0.97063136,0.9925033,0.9693889,0.9701499,0.9755235,0.98109126,0.97993517,0.9676306,0.9745731,0.9694597,0.96226954,0.98441416,0.98596334,0.99400127,0.9848225,0.9826495,0.9628756,0.9752647,0.98534375,0.9739491,0.97401035,0.9759572,0.9736878,0.98191494,0.98524165,0.9791541,0.9827961,0.98086053,0.9720663,0.9827647,0.97892207,0.9764384,0.98853725,0.9830695,0.9854161,0.97361183,0.97224957,0.9616412,0.9734835,0.9848839,0.9781769,0.9757496,0.970074,0.98271936,0.9724958,0.97807795,0.9810128,0.9663526,0.97808427,0.95992637,0.9745352,0.9752839,0.991594,0.97438306,0.9851852,0.96430266,0.9954184,0.98685235,0.97336924,0.98263615,0.9927196,0.96800596,0.9757568,0.96902126,0.96581084,0.9681887,0.9818915,0.9863135,0.96789676,0.9781164,0.9813001,0.98208165,0.9750546,0.9815982,0.9687986,0.9872543,0.9784119,0.9684387,0.98033154,0.9786445,0.97663647,0.9811649,0.9898322,0.9837136,0.9785598,0.99160874,0.98159796,0.98365915,0.9880001,0.982838,0.9787279,0.9878307,0.9903358,0.98353237,0.98309094,0.9819426,0.9905942,0.99005413,0.9747456,0.9782561,0.98838335,0.9682528,0.97885406,0.9714278,0.98088455,0.98496324,0.97436595,0.9867437,0.9865167,0.97940636,0.98090416,0.9752054,0.97455335,0.9771521,0.9689985,0.9670407,0.9830433,0.97877884,0.99656343,0.97895306,0.98015094,0.982743,0.97273195,0.9913675,0.98742604,0.97228485,0.98627275,0.9838634,0.97586215,0.976579,0.98640764,0.9829985,0.97236514,0.98976016,0.9714149,0.9757857,0.97058666,0.9652399,0.9674096,0.9774213,0.9723462,0.9807844,0.995298,0.9845678,0.97442466,0.9726568,0.9689212,0.97612035,0.9877152,0.9801969,0.97318053,0.97390294,0.98854387,0.9749488,0.9701264,0.99435395,0.97380793,0.96514636,0.98963296,0.99132186,0.9745724,0.9744916,0.97908807,0.96609575,0.9825909,0.9866621,0.9745553,0.9696246,0.98008204,0.9795732,0.9685905,0.9696557,0.9725545,0.9782081,0.97651094,0.98665303,0.989259,0.98666495,0.9777332,0.9734702,0.97810686,0.9829131,0.9706232,0.9645294,0.96404994,0.9667859,0.9737518,0.9755664,0.9818528,0.98281753,0.9821946,0.9862327,0.9840684,0.9702037,0.97252977,0.9597373,0.9621135,0.96176255,0.9624639,0.9773478,0.9687343,0.9842603,0.9827922,0.9785708,0.9796827,0.969295,0.9823244,0.99228495,0.9785408,0.9806746,0.96507126,0.99308383,0.98999226,0.9806184,0.98260593,0.97984713,0.9785846,0.9731705,0.982795,0.9774531,0.977102,0.9842115,0.9722425,0.9847569,0.97774935,0.9816611,0.99043536,0.9875268,0.97102493,0.9788479,0.98032755,0.97634166,0.96193206,0.9850954,0.9731533,0.9781654,0.97395545,0.9826302,0.98005897,0.96662974,0.96894646,0.97628117,0.96568245,0.9636994,0.98064363,0.96570396,0.974974,0.9801256,0.9806594,0.9700352,0.9778062,0.980811,0.97130764,0.97280425,0.96204424,0.98065376,0.98739874,0.99411887,0.98790336,0.97991246,0.9779625,0.97192055,0.96710116,0.9794845,0.96978396,0.9686852,0.97443295,0.9837637,0.9849554,0.97853047,1.0001566,0.97757125,0.98186445,0.9747135,0.98748916,0.9755054,0.9664484,0.9881278,0.9842397,0.97497964,0.98183244,0.97143424,0.9848645,0.9728511,0.97978157,0.9870559,0.9833847,0.9716191,0.9800229,0.9704387,0.9710709,0.9779746,0.979563,0.98481995,0.97548175,0.9905727,0.9569966,0.98461884,0.9804249,0.9737059,0.96539295,0.9881498,0.9675456,0.97250706,0.96628094,0.9856718,0.9868782,0.97651386,0.97681075,0.9863395,0.97809666,0.9731958,0.9896694,0.98659617,0.9743446,0.9822808,0.98222697
1.1035565,1.0947124,1.0946313,1.1096466,1.0913012,1.0974549,1.1034797,1.0905663,1.09988,1.0957377,1.1077766,1.0758055,1.0998709,1.1030319,1.0959461,1.1038435,1.0992479,1.094129,1.107001,1.1012113,1.1123798,1.1110332,1.1063447,1.1183261,1.118407,1.1066879,1.1063223,1.1117759,1.1105052,1.0949665,1.1082575,1.1122739,1.0995915,1.0999206,1.1097437,1.0998476,1.1099489,1.0969377,1.1062316,1.1112843,1.1172547,1.0986037,1.1079019,1.1105553,1.102721,1.1029922,1.1067381,1.1033854,1.1082603,1.1082536,1.0952748,1.1163651,1.1053662,1.1021949,1.0977604,1.1046026,1.0929102,1.1155066,1.1050594,1.1081462,1.1044396,1.1025014,1.1031469,1.1061008,1.1107088,1.0961213,1.1011828,1.1098058,1.1120856,1.1028711,1.0952553,1.1000171,1.1026567,1.1018775,1.0983849,1.1143297,1.0967103,1.0989984,1.1120594,1.1126796,1.1037141,1.1017921,1.103637,1.1092966,1.1048968,1.1072668,1.1009398,1.0989374,1.1091868,1.0960541,1.106112,1.1017638,1.1037412,1.1034889,1.0909109,1.1138563,1.1019998,1.1040281,1.1090665,1.0958614,1.0917178,1.1026498,1.1158261,1.1075622,1.1026288,1.1012771,1.0942868,1.0966645,1.1063406,1.1156502,1.0924921,1.0992471,1.0957692,1.1040014,1.0984614,1.0979573,1.0938214,1.1056517,1.098112,1.1072403,1.1054168,1.0896059,1.096669,1.0985483,1.1066387,1.1064419,1.1160004,1.1185662,1.1170198,1.1013484,1.1040603,1.098999,1.1049082,1.1063299,1.1087309,1.1193279,1.0988041,1.1072997,1.1123428,1.1083953,1.0980414,1.0810976,1.1156647,1.1008173,1.1056919,1.1196659,1.1123115,1.1116174,1.103153,1.1070004,1.0945448,1.1130744,1.1063362,1.1096575,1.115666,1.1047642,1.0877625,1.0923518,1.0930126,1.1033748,1.1007452,1.1047937,1.1034211,1.1118371,1.102327,1.1026334,1.0946916,1.1002028,1.0973611,1.1031917,1.1061631,1.1042236,1.1135625,1.1062244,1.1008837,1.1150597,1.1111563,1.103273,1.1020494,1.1016228,1.0899047,1.1034434,1.0966996,1.1103252,1.108352,1.0927807,1.1066024,1.1122472,1.1056165,1.1105613,1.09132,1.0982693,1.1015998,1.1081494,1.1182276,1.1222591,1.0927691,1.0887529,1.090392,1.1039957,1.1014961,1.1133602,1.1251918,1.097518,1.1062291,1.1087795,1.0989028,1.103846,1.1040546,1.1042165,1.1037159,1.0897611,1.092798,1.1077976,1.1176883,1.0875745,1.1065882,1.0963326,1.0996747,1.1232331,1.1244538,1.1042213,1.1105338,1.1002388,1.099067,1.1049224,1.1028721,1.1150521,1.1011983,1.1075592,1.1028538,1.1006678,1.0998772,1.1042593,1.0978549,1.0977962,1.0866461,1.1089752,1.1051881,1.0979552,1.1006708,1.126113,1.1118305,1.1150973,1.1019613,1.0985861,1.0922512,1.1036037,1.1015179,1.1131709,1.1014823,1.1026005,1.1054901,1.1059085,1.105524,1.1031737,1.0817238,1.1053061,1.1187389,1.1068466,1.1193708,1.1021937,1.1027415,1.1047105,1.1095314,1.1115879,1.1101437,1.1121931,1.0922112,1.1143659,1.1112022,1.1107408,1.1091248,1.0932369,1.1071167,1.0927355,1.1016221,1.1093079,1.105217,1.1021826,1.1136217,1.1000763,1.1155361,1.1026038,1.1080611,1.114399,1.1049669,1.1001211,1.1063043,1.1001503,1.0969484,1.1104343,1.103402,1.1077837,1.1065552,1.0984461,1.1094182,1.1014947,1.1208644,1.0935755,1.1072763,1.119602,1.0988681,1.1022515,1.1172333,1.1046435,1.0977429,1.1150827,1.109949,1.1085013,1.1101583,1.1070894,1.1045167,1.1180038,1.1125283,1.106404,1.1032021,1.0985603,1.1019787,1.09997,1.1088679,1.1021572,1.1141508,1.0965545,1.0977746,1.1007247,1.1081102,1.1006767,1.1162455,1.1185414,1.1233276,1.1030724,1.1120474,1.1016846,1.1028781,1.1054059,1.0942017,1.0956813,1.1193371,1.100759,1.1167197,1.1090151,1.1020154,1.1057737,1.1208639,1.1162279,1.103945,1.0999557,1.1028906,1.0938362,1.1128409,1.0977292,1.0979201,1.1145654,1.1074284,1.1088161,1.1162481,1.1036563,1.1058555,1.1018099,1.0965824,1.0969008,1.1144919,1.1018734,1.1107857,1.0911888,1.1130989,1.1155379,1.100397,1.1138592,1.1044677,1.0922613,1.1123712,1.1047573,1.0974276,1.0998479,1.0866979,1.1095123,1.0994736,1.1130469,1.1137007,1.1058823,1.1206896,1.0948935,1.1120102,1.1038903,1.0958097,1.1118735,1.1018952,1.0889487,1.0988768,1.1077709,1.1072804,1.0993856,1.1027117,1.0983034,1.0923157,1.1096691,1.1082966,1.1110989,1.110042,1.0914464,1.0923179,1.0938543,1.0996487,1.1027057,1.1078776,1.1044217,1.1128854,1.099344,1.0927212,1.112893,1.1061451,1.1149682,1.1139792,1.1083049,1.1092688,1.111794,1.1084564,1.1019787,1.1012737,1.099425,1.1130677,1.0973382,1.1082343,1.094662,1.1025809,1.0985607,1.0912709,1.0986433,1.1100539,1.1065948,1.1015089,1.1004528,1.1002814,1.1045939,1.108512,1.1195054,1.1095706,1.1129872,1.0939641,1.1112741,1.0987823,1.1035206,1.1006855,1.1082925,1.1020277,1.1026963,1.1070923,1.1016097,1.105245,1.1017321,1.1006821,1.0844337,1.1050293,1.0932403,1.1166893,1.1300725,1.1055274,1.1049865,1.1081771,1.1123747,1.1148571,1.0973283,1.0968869,1.1067761,1.1182741,1.1034955,1.103609,1.1132216,1.1106526,1.1008115,1.0972718,1.0987417,1.0895771,1.1103998,1.0990595,1.0922247,1.097948,1.1032434,1.1117389,1.1143445,1.1048332,1.1207019,1.1112125,1.1029227,1.1013281,1.1007196,1.104399,1.0953484,1.1068239,1.115738,1.0926504,1.1191069,1.1109096,1.0967628,1.08917,1.1171924,1.1144849,1.1096183,1.094,1.1241257,1.1006151,1.1014704,1.1073968,1.1065313,1.1068095,1.1090268,1.1068798,1.1194814,1.1140009,1.0973456,1.1083777,1.104775,1.10259,1.1086829,1.1049951,1.1089777,1.1001762,1.1062268,1.1120479,1.103984,1.0975052,1.1130131,1.119387,1.1112294,1.1172693,1.0987546,1.1027293,1.0996441,1.1016223,1.1136365,1.1102064,1.1075741,1.123279,1.1155092,1.1031536,1.1145552,1.1167519,1.097191,1.1177956,1.0969639,1.1005853,1.1048208,1.1033583,1.1048033,1.1019664,1.0997534,1.1097205,1.0919396,1.0880222,1.1024392,1.098819,1.0940084,1.1007577,1.0951524,1.1046305,1.0984819,1.1017481,1.1003269,1.0922929,1.1111605,1.0924916,1.1009328,1.1125135,1.1124208,1.10406,1.1055754,1.1262187,1.1057639,1.097091,1.1030074,1.1116437,1.1099792,1.1125371,1.1051118,1.0916837,1.1081635,1.0923871,1.0980574,1.1016573,1.0969489,1.1005344,1.1117023,1.1037117,1.1025888,1.1076958,1.1132687,1.0942428,1.1098808,1.0943778,1.1023822,1.1097885,1.1005579,1.1056128,1.1220856,1.1198095,1.1049451,1.1145858,1.1226813,1.0992802,1.1077759,1.1025707,1.0974134,1.1014906,1.0910704,1.1027322,1.0929171,1.123034,1.1181551,1.1016867,1.1107557,1.0998858,1.0841701,1.1000929,1.0969052,1.0990111,1.0961549,1.1212053,1.1040084,1.1162257,1.1081398,1.0969607,1.1170754,1.112787,1.1043825,1.1093541,1.1111193,1.1075529,1.1035999,1.1019477,1.0763204,1.0918952,1.101483,1.0983768,1.1066391,1.1072228,1.0901407,1.091804,1.0949003,1.1122305,1.1122264,1.1133976,1.1149892,1.1104327,1.1036086,1.1079137,1.0896149,1.0944719,1.1098263,1.0939229,1.100948,1.1044171,1.1140343,1.0948048,1.0920889,1.1016215,1.1134365,1.1124214,1.0975205,1.1116999,1.0919223,1.0975313,1.1021854,1.1089272,1.0989896,1.1022972,1.1194986,1.0913723,1.1033357,1.0984164,1.0972633,1.1087174,1.1330872,1.0958704,1.1102536,1.0922163,1.1009156,1.0991588,1.1089088,1.1038008,1.1018877,1.0952941,1.0981288,1.1198193,1.0998142,1.095677,1.1030598,1.1046138,1.1111765,1.0992119,1.0983052,1.0881779,1.1211674,1.1197289,1.1046973,1.1039195,1.1078947,1.0934777,1.1140105,1.1000031,1.0950738,1.0995764,1.1131774,1.1081738,1.1167252,1.095229,1.0982643,1.1133225,1.108161,1.0962036,1.0947553,1.1131873,1.1205865,1.1102978,1.1147393,1.0954942,1.1114151,1.1059724,1.1087912,1.1092832,1.096846,1.1178997,1.1136246,1.1020007,1.1082908,1.1055875,1.1102773,1.1154861,1.1044867,1.1144934,1.1011375,1.1001643,1.0985829,1.1138614,1.0932966,1.1060802,1.113112,1.1161792,1.099099,1.0902137,1.0925177,1.1071613,1.098827,1.1068149,1.1096277,1.1028934,1.0996304,1.1011279,1.1084052,1.096223,1.1036673,1.110639,1.1127185,1.1254442,1.1182814,1.0990549,1.1064038,1.1142579,1.1045167,1.0984854,1.1175162,1.1020671,1.0946416,1.0936127,1.1092006,1.1104987,1.098947,1.105405,1.1039822,1.1035758,1.1017492,1.1052387,1.1061108,1.1030049,1.0973164,1.1052953,1.1165788,1.1043674,1.1107504,1.1096603,1.0929532,1.1003411,1.0920169,1.1012806,1.1015573,1.1004694,1.099552,1.104266,1.099808,1.1018685,1.116022,1.0949484,1.1070828,1.1177034,1.1053563,1.0882441,1.0874077,1.0906897,1.0948803,1.1011685,1.1067923,1.0965735,1.0958496,1.1057689,1.0937853,1.1088032,1.1122942,1.0959394,1.0976683,1.0860049,1.1039522,1.0956086,1.1182928,1.1033871,1.104154,1.1090845,1.0978676,1.1076745,1.1015136,1.1126524,1.0976071,1.1045746,1.1027386,1.1090138,1.1054142,1.105271,1.0932851,1.0860054,1.1033348,1.0927767,1.1011845,1.0887434,1.09364,1.1011788,1.1179985,1.0986154,1.0994177,1.1256737,1.0990355,1.1049175,1.1025493,1.1075354,1.0926124,1.1048884,1.1070348,1.0929314,1.1051186,1.0954963,1.1095644,1.0998508,1.1014364,1.1089311,1.1028494,1.1078297,1.1137822,1.1049328,1.108952,1.0963724,1.1117882,1.1257166,1.1162176,1.1008513,1.1110567,1.1023481,1.0942886,1.109013,1.1126633,1.1050279,1.1157638,1.0974495,1.0901748,1.0910463,1.1040263,1.1080585,1.1214479,1.1049386,1.1025405,1.0982548,1.1149457,1.1056454,1.102764,1.1096162,1.1224864,1.1078107,1.0970987,1.1019914,1.1096957,1.1110766,1.1066126,1.1142012,1.1004739,1.1117278,1.1058129,1.0962688,1.1161578,1.1032194,1.1098453,1.1106893,1.1026219,1.1155721,1.0984902,1.1032254,1.1094844,1.0956285,1.1018736,1.1098931,1.0997612,1.0915103,1.0892307,1.1074046,1.092024,1.1095296,1.096549,1.102261,1.1128063,1.0992744,1.1092893,1.1004566,1.1091405,1.0978625,1.1071519,1.1132971,1.1011311,1.0998325,1.0966539,1.1106619,1.1071689,1.1041281,1.0943334,1.117429,1.1006371,1.1149453,1.1127417,1.1154877,1.1032711,1.1075205,1.1067098,1.098592,1.1058218,1.1132493,1.1179199,1.1042937,1.1130196,1.1014946,1.0923337,1.0942968,1.103823,1.1050454,1.1042622,1.1269792,1.1013469,1.0883789,1.1269603,1.1059597,1.1108648,1.0968629,1.1011384,1.0959812,1.1209607,1.1097968,1.1099379,1.1132636,1.0996009,1.0960146,1.109569,1.1036173,1.1076317,1.103887,1.1065071,1.105399,1.1077799,1.1039459,1.1153388,1.1016121,1.1210454,1.1110628,1.1048976,1.101,1.1156859,1.1060491,1.1229224,1.1152446,1.0958595,1.0996058,1.112758,1.1177807,1.1181777,1.0949732,1.1101747,1.1125443,1.090234,1.0976768,1.1005228,1.0957319,1.1091673,1.1006385,1.1078465,1.1115328,1.1040882
0.04368445,0.04035466,0.03889648,0.03334278,0.028380929,0.03664402,0.040213484,0.037293352,0.041015558,0.037431628,0.046103515,0.033714168,0.035151873,0.039291203,0.03873818,0.044791006,0.028945187,0.04007504,0.030684894,0.038054727,0.04415627,0.040859982,0.028311808,0.028268615,0.033434905,0.056856215,0.041949324,0.039245367,0.027761536,0.045552902,0.039322525,0.042425387,0.02846131,0.033988014,0.03991346,0.038758494,0.04142846,0.039651506,0.03273227,0.047348216,0.027121246,0.041237533,0.030169154,0.04152835,0.058090314,0.039517384,0.040274292,0.050110914,0.03212527,0.04446925,0.023546597,0.028387586,0.039244644,0.03348525,0.03562495,0.034200624,0.045275643,0.027273519,0.04321283,0.04259505,0.04074709,0.04442881,0.04527224,0.04174235,0.040708244,0.053456824,0.028517766,0.03970035,0.04058895,0.03526582,0.040380716,0.031060861,0.027910601,0.04841155,0.03071451,0.034561,0.04370049,0.03438777,0.035335846,0.035495497,0.038108487,0.036607746,0.02917441,0.031518918,0.04089373,0.04221912,0.039775707,0.033030465,0.026665429,0.039114285,0.03186178,0.04723265,0.044981617,0.034003332,0.039253194,0.030888136,0.029329358,0.019745456,0.035121046,0.044802558,0.05627472,0.037612036,0.027983885,0.053715765,0.03842084,0.043844014,0.039424267,0.05156678,0.03413188,0.037274875,0.037471622,0.032176748,0.033261564,0.036918733,0.033211496,0.04398311,0.040590733,0.03553768,0.049157955,0.044692002,0.033168107,0.025138691,0.02460109,0.045050226,0.03685724,0.04087264,0.03518343,0.033723444,0.039764084,0.045088265,0.030497845,0.03544818,0.034644123,0.05028723,0.026690027,0.034891494,0.041111387,0.021462794,0.03201309,0.04267461,0.04064934,0.035407253,0.032143716,0.04417517,0.038259268,0.0381162,0.04615382,0.040224515,0.031757314,0.036213074,0.037617862,0.03308814,0.046078086,0.036405116,0.019687116,0.04649231,0.05153707,0.040759422,0.031693153,0.039798677,0.024639864,0.034633324,0.0447574,0.033577908,0.039073944,0.033645328,0.0329355,0.036834672,0.035203986,0.041254368,0.045299023,0.031933427,0.030490186,0.038617827,0.02783752,0.04772594,0.04601068,0.04274384,0.03956473,0.03438489,0.03670845,0.037843414,0.0567503,0.035038866,0.025928637,0.034729905,0.040591173,0.051251173,0.040438082,0.035769954,0.03768337,0.04352399,0.031810515,0.033949923,0.03461895,0.02973167,0.0482482,0.032855734,0.03670609,0.028572476,0.036852363,0.033430964,0.045475412,0.035971653,0.01945218,0.028689478,0.042975202,0.042024583,0.029993998,0.05503105,0.051162608,0.03314456,0.04772946,0.05176022,0.04593029,0.024903847,0.029819915,0.026926948,0.041192025,0.02250908,0.04097718,0.036023907,0.019225443,0.02281635,0.03883124,0.038559508,0.042753145,0.038905397,0.033136778,0.027409561,0.03917031,0.027120423,0.030298432,0.031579368,0.04922096,0.038999487,0.043426905,0.03417881,0.036159523,0.044259593,0.037839398,0.031384647,0.0380985,0.03597214,0.040470287,0.04441137,0.050458387,0.037256643,0.039486818,0.041513786,0.04774982,0.024269246,0.05216422,0.024419673,0.038571514,0.046594948,0.038072973,0.036442906,0.034192093,0.047193114,0.032279998,0.029647421,0.055877708,0.048418798,0.030889507,0.042797238,0.049784914,0.052380115,0.035931118,0.032697067,0.046981342,0.02281736,0.05136109,0.041270904,0.03265371,0.044860594,0.037664242,0.025125574,0.03935582,0.03844911,0.03961408,0.02963363,0.032081336,0.05040481,0.03835128,0.029927256,0.03179942,0.03246651,0.03960516,0.04333096,0.030055946,0.014293579,0.018929403,0.035910532,0.034658317,0.033838168,0.027648116,0.03365563,0.0335823,0.038465425,0.035361864,0.043408237,0.03825021,0.03989359,0.034710925,0.034354676,0.04308053,0.033224016,0.038372364,0.041465364,0.025419228,0.03166783,0.035921857,0.024750058,0.051890794,0.04336877,0.047192536,0.0447099,0.036754973,0.030709766,0.033513244,0.025999496,0.0238127,0.049441535,0.03489797,0.032177098,0.030529113,0.041693047,0.046827126,0.04194638,0.026989171,0.06038262,0.0570368,0.034085877,0.044642452,0.04176306,0.040176187,0.03521462,0.04438653,0.039705176,0.034166373,0.04180935,0.016630646,0.033840746,0.045681916,0.034444377,0.023450576,0.044604458,0.028401744,0.038601287,0.037673034,0.03635438,0.040504053,0.029692998,0.02893335,0.043639522,0.04288029,0.042989314,0.040476784,0.032961983,0.036158077,0.026903216,0.048403587,0.042600803,0.04375215,0.033365652,0.037842177,0.027074302,0.039427854,0.03979621,0.029841283,0.04278793,0.045526862,0.05138479,0.03819403,0.046624377,0.045007244,0.028582124,0.04120903,0.036803655,0.036552258,0.026457684,0.019656396,0.042267766,0.04725847,0.037979178,0.03997432,0.035029113,0.03109557,0.039651185,0.03167817,0.048384428,0.034708,0.040024202,0.046894565,0.045655638,0.045940828,0.035506286,0.036113277,0.031251073,0.039978772,0.04128191,0.03578934,0.04057414,0.045031946,0.05618705,0.035035178,0.03880825,0.054752555,0.029317427,0.03411565,0.028371127,0.034276225,0.038309745,0.039590802,0.050916523,0.034947082,0.031424187,0.041349515,0.038415417,0.04548332,0.027855096,0.03996485,0.041094333,0.050803885,0.04328148,0.024566142,0.03280879,0.04354208,0.044543125,0.04863879,0.027562095,0.034310333,0.04342818,0.04299795,0.03204012,0.04118976,0.047313966,0.028558716,0.043708354,0.040729947,0.04405719,0.040707618,0.02826313,0.03422099,0.031223295,0.0288512,0.038232774,0.03166595,0.03115665,0.032813482,0.039910085,0.026457109,0.039052602,0.040881656,0.045290798,0.03258495,0.025808843,0.023412405,0.03254672,0.046212487,0.049435645,0.028150523,0.028649917,0.040307492,0.037214264,0.04408247,0.039535575,0.05046194,0.03330873,0.022955906,0.04688949,0.033264413,0.047987968,0.043016937,0.037977405,0.031673826,0.051488224,0.041304342,0.041644424,0.033089727,0.029203176,0.03593017,0.021661287,0.036327027,0.033233568,0.04975258,0.030311296,0.030913517,0.05278189,0.0313169,0.0364813,0.039580993,0.025443079,0.04799393,0.039366364,0.035365924,0.04171159,0.03610795,0.0448052,0.0511518,0.05103925,0.033046015,0.033515595,0.04687296,0.038479947,0.0452308,0.042179957,0.036239862,0.03828391,0.03472305,0.039764076,0.042656045,0.023230562,0.044649582,0.033275574,0.034296826,0.04049339,0.032754254,0.044861194,0.037499085,0.04947256,0.03499192,0.0480917,0.045316964,0.025322136,0.048487015,0.031260576,0.03307969,0.03478007,0.026024984,0.033208355,0.039808676,0.035594366,0.04203885,0.034091316,0.027942846,0.024881827,0.05277273,0.042296693,0.04031066,0.03220258,0.034347106,0.03731069,0.050026283,0.038011905,0.035904475,0.042500585,0.038305193,0.0470615,0.0572861,0.039004542,0.032664984,0.021284457,0.035503417,0.028274326,0.03412362,0.030706722,0.03585448,0.043225557,0.03613221,0.036584623,0.031459432,0.03404408,0.048517667,0.03271259,0.037249677,0.042872116,0.045067042,0.031706408,0.033889487,0.0474973,0.03240396,0.04115075,0.03589458,0.0402321,0.03659053,0.034210876,0.03554973,0.026788346,0.03482086,0.039774504,0.038803667,0.036936615,0.023734603,0.041981228,0.02755714,0.048764944,0.038211897,0.04129727,0.026571186,0.03622266,0.05327448,0.036201946,0.04906629,0.0405998,0.025630144,0.04815227,0.035121806,0.03989018,0.035962284,0.036158256,0.033698022,0.045851957,0.03735873,0.040762648,0.030723153,0.05026323,0.04020871,0.029786443,0.04582821,0.024678392,0.051331006,0.04897343,0.030697392,0.054708414,0.03787813,0.04114245,0.04010052,0.029636927,0.031296633,0.016804954,0.052252047,0.03445381,0.035268255,0.04817762,0.019790785,0.026145494,0.04714427,0.04231552,0.042402837,0.041864008,0.05286278,0.025815595,0.04878387,0.026134599,0.047703438,0.033815518,0.03827084,0.028781332,0.046917755,0.03311231,0.029023431,0.042826276,0.037131727,0.04010596,0.028009512,0.04356034,0.031180777,0.042393655,0.03561102,0.04764992,0.03598857,0.028412305,0.041866377,0.045240134,0.03546931,0.03616746,0.05222801,0.04804074,0.04417775,0.04251673,0.036758155,0.03080146,0.032473586,0.03896372,0.04085295,0.03351879,0.032475285,0.03387077,0.036735862,0.034690447,0.030199783,0.038453303,0.043129668,0.040231027,0.042663053,0.042728193,0.03835305,0.04549942,0.038488,0.019573184,0.04371777,0.04789214,0.045550026,0.035207413,0.046021927,0.043373264,0.030498529,0.033690594,0.04000572,0.028497754,0.03766057,0.036878366,0.033269934,0.041153736,0.03316931,0.04873722,0.03642325,0.03909494,0.038287036,0.041218944,0.04208175,0.05048252,0.032322265,0.03304601,0.033039574,0.048224054,0.04081875,0.02210617,0.023842122,0.03585208,0.030700222,0.03202744,0.034741797,0.045220766,0.031804513,0.03745272,0.030376948,0.035903156,0.037641674,0.034308102,0.039942496,0.03241404,0.024884721,0.043856837,0.03659782,0.030077688,0.04086879,0.02558367,0.032669976,0.03520044,0.043110996,0.047622807,0.028641934,0.032016136,0.036999315,0.037579305,0.031198237,0.043273773,0.04622086,0.022288593,0.03482189,0.040358156,0.03274054,0.042095274,0.035196032,0.026385799,0.029234294,0.03312651,0.041443743,0.024427788,0.041436806,0.04123515,0.04458289,0.034875084,0.044769246,0.040298555,0.023976061,0.04757967,0.01783371,0.037860475,0.044934306,0.022891922,0.030342912,0.04919266,0.04008185,0.03263305,0.046391673,0.041501075,0.04534933,0.037016056,0.04515022,0.03575618,0.034194816,0.027976975,0.040786564,0.04074263,0.03609086,0.04461917,0.03698753,0.050858468,0.03557948,0.034625903,0.0410717,0.038650647,0.04664877,0.033749215,0.046850927,0.034759656,0.036467806,0.043099914,0.035842765,0.043783367,0.04317601,0.03183887,0.03733243,0.03887035,0.03989133,0.04379101,0.041778736,0.04518252,0.035581473,0.039960697,0.049318984,0.026308177,0.03808038,0.03491498,0.053350087,0.03772877,0.028795026,0.040103152,0.031962536,0.033015363,0.029787222,0.034688983,0.04754229,0.045375273,0.03200477,0.029832324,0.03816491,0.03889107,0.037108973,0.028948352,0.044023342,0.035011478,0.039577223,0.03382414,0.029649563,0.03519929,0.04386188,0.03733319,0.046297,0.028388688,0.029624667,0.051554788,0.047814585,0.04351987,0.028798565,0.045904197,0.038682602,0.04341939,0.043134592,0.03213174,0.034303598,0.036730446,0.037555303,0.029739857,0.028073331,0.029819272,0.030407257,0.02605992,0.033846192,0.039877474,0.035774574,0.03830844,0.029025478,0.020071808,0.030020494,0.049056865,0.02770529,0.043908816,0.053422756,0.05072373,0.045958072,0.03448245,0.039185803,0.045059636,0.036273234,0.04279732,0.038807843,0.050137773,0.05227293,0.03535397,0.05047463,0.029617613,0.041551642,0.03620538,0.04057505,0.034887843,0.041688353,0.0330055,0.0357619,0.026733859,0.015148535,0.03244443,0.03200811,0.038448714,0.02604501,0.033823393,0.022767715,0.0322046,0.020938894,0.032683454,0.033568323,0.03662283,0.038261596,0.037474588,0.04548893,0.032743048,0.032574337,0.0456937,0.020864617,0.032183148,0.047699507,0.035406135,0.04570565,0.040004008,0.037106715,0.03448114,0.033639025,0.039816745,0.02952264,0.044878148,0.04105574,0.029007714,0.046752766,0.036141463,0.03208337,0.021848727,0.035679754,0.043421328,0.045241,0.025070503,0.043164674,0.04666294,0.049380913,0.04772515,0.039206274,0.042107217,0.020222781,0.029364588,0.0343292,0.043357734,0.030818162,0.03633395,0.029998139,0.02480753,0.03884739,0.053833514,0.0385777,0.02165512,0.046879906,0.036130764,0.028739117,0.034079872,0.04058123,0.0412697,0.02723764,0.03780292,0.025070442,0.04965747,0.02893591,0.041173577,0.03128022,0.043349348,0.0380032,0.045464694,0.036563285,0.03954249,0.043638702,0.038779855,0.041010045,0.02875029,0.03157392,0.029527288,0.033908457,0.039909504,0.033170633,0.03484048,0.049107835,0.049786936,0.046630014,0.035515662,0.03859319,0.050062582,0.04079294,0.025111526,0.033552922,0.030556716,0.039264325,0.03836526,0.037968423,0.03139966,0.03375393,0.024803383,0.039839767,0.04533297,0.046801582,0.02679022,0.040929712,0.034244854,0.044620566,0.03659469,0.040688656,0.039227027,0.04157167,0.028547801,0.02544546,0.046011917
