0.3241282,0.30825156,0.3278804,0.32902652,0.32976764,0.326185,0.31265366,0.31633624,0.3173146,0.3125173,0.30766824,0.3284767,0.3229216,0.31570706,0.33452335,0.34071738,0.3114999,0.31448126,0.3160596,0.31181455,0.3099545,0.3248935,0.31638587,0.31947035,0.32329106,0.32885826,0.32397676,0.3310994,0.3129563,0.33167785,0.32216516,0.30650914,0.3074891,0.32627064,0.31893685,0.31872505,0.32427868,0.31823236,0.3182843,0.3291437,0.31470653,0.32876042,0.31337565,0.32679573,0.32312405,0.30792257,0.3243643,0.32528666,0.32117647,0.31376925,0.3113797,0.32152906,0.31807613,0.32297027,0.30892128,0.3194574,0.31657183,0.3173492,0.32582134,0.32179433,0.32565257,0.3293095,0.32170305,0.32481414,0.3004401,0.32469466,0.3152056,0.30648223,0.31561866,0.31028873,0.33919632,0.3131503,0.31821662,0.32811,0.31879538,0.3191634,0.32074162,0.31876278,0.32218626,0.32601702,0.31483138,0.32496238,0.33234012,0.32429922,0.30206767,0.310821,0.31549212,0.31907454,0.33708036,0.3195879,0.3327269,0.3007115,0.3169314,0.3226215,0.3141821,0.3227395,0.30469364,0.32747,0.33033872,0.32671842,0.3330335,0.3098956,0.33031267,0.31368235,0.327893,0.32619765,0.32779187,0.3229162,0.32088387,0.3100012,0.309389,0.3344847,0.3182795,0.32142484,0.31830436,0.31950215,0.32821298,0.32904023,0.3245798,0.32287106,0.3251349,0.31227934,0.32731524,0.30996698,0.33023322,0.30488995,0.32135984,0.31068367,0.3194129,0.3210435,0.31255203,0.32367542,0.33295763,0.32392058,0.32231525,0.31557676,0.31672204,0.33318934,0.3097498,0.326041,0.33083466,0.32569975,0.30700046,0.31684998,0.3359344,0.32579064,0.3120319,0.3127347,0.3351986,0.3249796,0.32408068,0.32931757,0.30813584,0.3092186,0.32450917,0.3207464,0.32402575,0.31789055,0.30660975,0.32946026,0.31477657,0.3298661,0.31547755,0.33352363,0.3248406,0.3009751,0.32014102,0.3030014,0.32233083,0.31895655,0.3189034,0.31887507,0.32156748,0.30246955,0.31201446,0.3312047,0.32595485,0.3226781,0.330411,0.31993467,0.32023585,0.32135716,0.32916224,0.3282881,0.325452,0.3303278,0.32114482,0.3070296,0.3131757,0.315815,0.31512538,0.3343336,0.31253687,0.29924786,0.316909,0.33253315,0.30392638,0.3240747,0.31467605,0.3288221,0.3228837,0.32259092,0.3276525,0.32854488,0.33580396,0.32148015,0.30942437,0.3343433,0.31395727,0.29766342,0.33559856,0.3310315,0.32434246,0.32778677,0.3317766,0.32469583,0.32287413,0.32561868,0.3152031,0.32172385,0.32106587,0.31498462,0.32941112,0.3206819,0.29606983,0.3241658,0.3212785,0.32303518,0.31727794,0.32813707,0.31382975,0.32618907,0.31766766,0.33636463,0.31911093,0.29775837,0.30655217,0.33806983,0.31795454,0.3194562,0.32484138,0.32597244,0.33568174,0.337699,0.32349706,0.31539035,0.32879454,0.32261336,0.31445426,0.30872843,0.30787402,0.31581405,0.3295243,0.3108788,0.30302626,0.31967327,0.31424996,0.32025775,0.2987213,0.32590124,0.32292533,0.31380588,0.33068398,0.31619847,0.32637995,0.33521354,0.33189204,0.32781276,0.3308054,0.3215976,0.31303978,0.28865904,0.3380577,0.3104942,0.32265615,0.31478345,0.32985634,0.3280522,0.32750505,0.334819,0.31878385,0.32198358,0.32623762,0.2996562,0.32805285,0.33094463,0.34070256,0.329015,0.33042175,0.3304177,0.30009916,0.32323027,0.3268583,0.31336558,0.31724605,0.3335589,0.32186428,0.31577122,0.33027318,0.31969252,0.30612293,0.3232703,0.32302466,0.31464353,0.32592586,0.31971186,0.32249197,0.32245174,0.31519157,0.30691573,0.3328115,0.31057245,0.3215028,0.32407328,0.3115827,0.3149619,0.32866856,0.30696884,0.3198168,0.32259068,0.31979436,0.3139483,0.31271702,0.3026985,0.3128689,0.32160184,0.32135305,0.31570578,0.316743,0.33098146,0.32867643,0.3203312,0.32099324,0.31082425,0.3061708,0.3356819,0.30313754,0.33107898,0.30931726,0.32473794,0.315536,0.31956077,0.30577132,0.32247743,0.33798048,0.32993335,0.31740993,0.32164186,0.3202952,0.31952837,0.31792963,0.31300023,0.30994081,0.34328067,0.32058662,0.32363623,0.3183214,0.32261705,0.3263298,0.3214357,0.34418094,0.32073325,0.31227425,0.32652172,0.33417615,0.32364553,0.3319036,0.31611273,0.31982365,0.3197653,0.32820415,0.30750713,0.3288156,0.3214597,0.32445386,0.34458548,0.31744894,0.3297236,0.31772798,0.32734445,0.31382662,0.32343668,0.3156386,0.30879572,0.34528342,0.3380423,0.32112563,0.320679,0.3305949,0.32514596,0.32683456,0.32049936,0.31661332,0.32203802,0.3262803,0.3144215,0.32424846,0.32215506,0.32179907,0.3355356,0.31142733,0.31306824,0.3256078,0.3244238,0.33119345,0.3288889,0.32702214,0.3084807,0.32333282,0.3247695,0.30938503,0.331961,0.3251767,0.31491074,0.32889137,0.30306184,0.32676587,0.31714714,0.33819607,0.31862098,0.32276136,0.33034992,0.33216262,0.3192988,0.30293608,0.3237303,0.31301594,0.32313153,0.31233752,0.31320772,0.3309372,0.29783317,0.32044673,0.31674963,0.3150045,0.32301632,0.32968247,0.3167544,0.32840005,0.31533375,0.33530036,0.31677622,0.33063403,0.33066174,0.3127406,0.34245908,0.31563073,0.30905488,0.32636064,0.32938477,0.32657355,0.31062278,0.31335464,0.31171545,0.32715735,0.3241371,0.31266806,0.3207896,0.31872904,0.3191444,0.32776487,0.32810736,0.3238754,0.3198946,0.32668918,0.32601884,0.3225461,0.34354725,0.31813458,0.32400855,0.32281178,0.32797924,0.32716742,0.32702786,0.33950096,0.34515736,0.32750356,0.31423378,0.31726927,0.3096318,0.31810442,0.30531633,0.33176324,0.31741452,0.32393366,0.33025628,0.3233962,0.31143525,0.32749623,0.31872535,0.3209021,0.31875485,0.31424478,0.323221,0.305247,0.32705978,0.32599038,0.31933254,0.32771924,0.33831918,0.3184363,0.31988153,0.3229224,0.3150463,0.3094558,0.31404877,0.3361255,0.31689486,0.3088464,0.32690853,0.3143723,0.32473835,0.3040012,0.32153383,0.32111558,0.3140251,0.30361885,0.3187539,0.3337928,0.33221564,0.32307023,0.3265543,0.3082031,0.33449778,0.31799123,0.32724398,0.33309537,0.30807278,0.3155177,0.31923681,0.3250259,0.31389132,0.3195007,0.32971713,0.30988973,0.3205165,0.3295931,0.3349604,0.32873002,0.30026037,0.3201498,0.32617992,0.33411327,0.31973433,0.3415623,0.31838617,0.32372937,0.31741962,0.31728387,0.33591515,0.3373148,0.32462832,0.32073754,0.3261729,0.33502665,0.29336262,0.30433294,0.3425737,0.32065007,0.32217598,0.32758754,0.31267947,0.30519733,0.33160466,0.33504018,0.32365894,0.31114358,0.3134681,0.31796592,0.33251548,0.32162213,0.32400268,0.34232163,0.31735933,0.3345684,0.32695174,0.3303722,0.31343585,0.3256886,0.3072638,0.32649654,0.32769075,0.33206716,0.32487258,0.333732,0.3116415,0.3152895,0.3299503,0.317516,0.31408423,0.31399217,0.3211863,0.32483232,0.326548,0.31920177,0.31877685,0.33069128,0.33537066,0.31747437,0.33027944,0.31921506,0.33101332,0.31568214,0.31033796,0.317624,0.3065889,0.31564644,0.31222716,0.32800233,0.32032388,0.30863783,0.2978476,0.33082968,0.33544442,0.31835717,0.3031899,0.31599382,0.31731838,0.31233445,0.30678892,0.32801712,0.3192364,0.32575962,0.3236199,0.32735038,0.3287183,0.3227799,0.2982166,0.30682665,0.33955804,0.32497448,0.32212824,0.31974712,0.3167287,0.32472825,0.31295294,0.32945973,0.31101033,0.33447188,0.33263564,0.30681753,0.3047236,0.33961487,0.30461553,0.31820107,0.3182885,0.31647503,0.3111233,0.31454137,0.31664172,0.3007702,0.32009348,0.34095404,0.33958787,0.3194549,0.31609654,0.3289147,0.32125464,0.33650565,0.3156208,0.32094747,0.30206177,0.3238421,0.3276451,0.31630394,0.33691692,0.32455033,0.32475603,0.31766513,0.32390356,0.32303342,0.3197635,0.32125044,0.29459134,0.30701163,0.32133743,0.32679716,0.3271276,0.32232055,0.32151762,0.29982692,0.30833066,0.3211028,0.31055266,0.31467864,0.34081697,0.32158503,0.31647262,0.31148255,0.3138468,0.31517744,0.3271361,0.321166,0.3035308,0.33576667,0.32639515,0.30983955,0.31746566,0.33568558,0.33496788,0.30473292,0.32399726,0.3167249,0.31286323,0.3227923,0.31305948,0.31608617,0.3094399,0.31769395,0.32795376,0.3294266,0.32520682,0.32341996,0.32680818,0.31364125,0.3220808,0.32668334,0.32247066,0.32561556,0.34665975,0.31513217,0.3233075,0.3139714,0.30340487,0.33207667,0.31011212,0.30835822,0.3366989,0.3274925,0.3203627,0.3380471,0.30836567,0.33213004,0.32051405,0.3145938,0.32382113,0.31429362,0.3280293,0.3333674,0.32563743,0.3165535,0.31413853,0.3177638,0.32190815,0.3045246,0.33102494,0.32007983,0.31793344,0.3214084,0.29462758,0.31248668,0.3079837,0.32388023,0.32715693,0.32225397,0.32154256,0.32132995,0.3129422,0.33822206,0.3114198,0.32510325,0.3179361,0.33095422,0.32265618,0.31791317,0.32506907,0.31050518,0.31838578,0.32517925,0.32051563,0.30941793,0.3282775,0.32418817,0.33149672,0.32450613,0.31212968,0.32540497,0.3083665,0.31864887,0.312198,0.30988446,0.33739668,0.32663342,0.33199722,0.32986125,0.32417095,0.31642407,0.32808852,0.32839417,0.3115706,0.3319896,0.3137779,0.32030392,0.3169339,0.3264496,0.3098627,0.32399225,0.315256,0.3001703,0.32550007,0.32130808,0.31080097,0.31911665,0.32414863,0.31325433,0.34413612,0.32889,0.3234642,0.31472874,0.3271993,0.3058939,0.31077343,0.31465942,0.3137381,0.3097547,0.30774483,0.31644574,0.32170534,0.31190255,0.3300281,0.31201926,0.3129169,0.30794877,0.32503256,0.32447731,0.32382488,0.31750315,0.32651347,0.31825587,0.32551068,0.30265492,0.3183644,0.3094384,0.3195816,0.32561204,0.30745563,0.31467044,0.3000791,0.31927773,0.3198254,0.3161044,0.33721164,0.30820382,0.33417735,0.332385,0.31545886,0.3449572,0.32863992,0.33495736,0.3252338,0.30322534,0.3238655,0.3239485,0.31669304,0.32739067,0.32279184,0.32469788,0.31823784,0.31137544,0.31851232,0.31712276,0.3097799,0.3277155,0.32943636,0.30740663,0.31065843,0.32615572,0.32754096,0.32155287,0.31383336,0.32157704,0.31957433,0.33488688,0.31625614,0.3415251,0.3235436,0.32340795,0.32320648,0.33084902,0.3257097,0.31848437,0.32718635,0.3105415,0.34064534,0.30716774,0.32988164,0.31856942,0.3125157,0.32811648,0.31561247,0.33223435,0.31468755,0.31292307,0.30463275,0.32246915,0.31511754,0.32491112,0.32322145,0.32951933,0.31241038,0.32415864,0.3044487,0.32155636,0.3148085,0.33635384,0.3400658,0.32597554,0.32086456,0.32923326,0.3215301,0.3104929,0.31353533,0.32718864,0.31341252,0.3212132,0.31937888,0.33633596,0.3207445,0.31222916,0.32473645,0.2988562,0.32283923,0.32556972,0.31358153,0.3115303,0.33295342,0.30621755,0.31720024,0.32349712,0.327254,0.32423174,0.3373064,0.32217687,0.31657207,0.3102586,0.3133663,0.325112,0.32383,0.32345235,0.31960478,0.31788343,0.3009875,0.3256409,0.3165814,0.3100275,0.31352067,0.313665,0.31499085,0.31913963,0.3271579,0.31643975,0.32151216,0.31944987,0.3314654,0.31736806,0.3233174,0.3321254,0.30638847,0.3180163,0.32393548,0.3148053,0.32077146,0.32671067,0.3237988,0.33987415,0.3329965,0.31869203,0.31524825,0.32371694,0.3233144,0.31404918,0.311702,0.312997,0.30709,0.31990066,0.31631938,0.32482436,0.31600574,0.30599356,0.3065693,0.3258267,0.32392216,0.3006946,0.3299188,0.31823105,0.30736685,0.3209867,0.31994244,0.30995846,0.33111078,0.3253124,0.29929107,0.33741742,0.31039163,0.31125706,0.3131644,0.31176263,0.3195554,0.3148665,0.32011506
0.3532156,0.36525434,0.3821261,0.36210293,0.3745593,0.37734693,0.3600625,0.36478266,0.36535704,0.38049343,0.36238626,0.3583518,0.3426362,0.35874614,0.36538875,0.369051,0.35416156,0.36569682,0.35420197,0.36965424,0.3569764,0.35076165,0.37183586,0.3664373,0.36342263,0.34817347,0.34935176,0.36002728,0.35320923,0.36350977,0.36001995,0.36438686,0.35122612,0.3590182,0.36951968,0.36334583,0.3634838,0.37395906,0.36061668,0.37107587,0.36259717,0.36634776,0.3514856,0.3603459,0.3732386,0.37520838,0.36590177,0.36375752,0.37375805,0.3694357,0.37240186,0.36731622,0.3593338,0.3632201,0.36088178,0.3742486,0.35838455,0.3613121,0.3633848,0.3620236,0.36292908,0.36749044,0.35849252,0.37287134,0.34672612,0.3673916,0.35689095,0.34938127,0.37394896,0.35085687,0.3847061,0.3584631,0.35852826,0.3700144,0.3547771,0.36814857,0.3612883,0.37723827,0.36818734,0.36148593,0.3635578,0.36903635,0.3660747,0.35836148,0.35272095,0.3677219,0.36503324,0.3764582,0.3642634,0.35626107,0.3599481,0.3615138,0.37911117,0.3554356,0.3548075,0.34437287,0.37244087,0.35487664,0.36186695,0.36783436,0.38045797,0.36854213,0.36101514,0.36545044,0.37439442,0.37027526,0.35569942,0.3523575,0.35369676,0.36850497,0.35329434,0.3636778,0.36453047,0.36016726,0.3754298,0.36907157,0.37238243,0.36415803,0.38048452,0.37367442,0.35965538,0.36251673,0.35961172,0.36461323,0.35980472,0.34738216,0.37227273,0.36558637,0.3557515,0.3585029,0.3676701,0.36976665,0.35333285,0.36641723,0.3625661,0.3790574,0.36342353,0.3694875,0.35712552,0.3526246,0.365911,0.36488923,0.37031582,0.36595705,0.3731848,0.37000373,0.3619757,0.35573286,0.35530123,0.3560253,0.36432093,0.379469,0.35652357,0.34412828,0.35967672,0.36289734,0.36395848,0.3589133,0.36507198,0.37178034,0.37757155,0.38566303,0.35188437,0.3660175,0.35768482,0.35070983,0.3543094,0.37437838,0.34474197,0.37637407,0.36106232,0.3813991,0.35953405,0.34812203,0.36885706,0.3710344,0.360445,0.36842546,0.3739375,0.37030298,0.37426928,0.3691903,0.37268093,0.36930183,0.35634002,0.38625756,0.35954595,0.35269117,0.36090142,0.3480936,0.358195,0.3671393,0.35141104,0.35889953,0.36615902,0.3798867,0.36150452,0.36916462,0.35487312,0.3627175,0.365659,0.3784759,0.36777854,0.37243173,0.35251448,0.36658964,0.36483434,0.3744206,0.36545828,0.36453998,0.37811574,0.365111,0.36215326,0.35746473,0.36464426,0.35526916,0.35679477,0.37000838,0.3555234,0.364506,0.3666604,0.3672714,0.3687168,0.36985368,0.35654905,0.3660733,0.3691325,0.37090144,0.34734502,0.36841676,0.36642513,0.37615228,0.34522575,0.36937994,0.35762668,0.35872364,0.36151755,0.35374078,0.34499583,0.36417493,0.3739677,0.36261517,0.35293108,0.36691025,0.3710161,0.36918586,0.36694574,0.35924187,0.36055437,0.34572244,0.36720687,0.35648754,0.37685055,0.3737461,0.36209878,0.37425077,0.36293826,0.37546462,0.35547566,0.3630971,0.36833826,0.36458746,0.3789049,0.35440594,0.35150003,0.35893252,0.36929196,0.37526885,0.36268565,0.36779323,0.36790764,0.34454393,0.36061576,0.36167789,0.36206406,0.36171082,0.39105976,0.36310428,0.36973715,0.3685919,0.3410462,0.36189026,0.35990602,0.35679016,0.36129555,0.36116236,0.37527868,0.36325622,0.37091506,0.37548792,0.36687216,0.3668989,0.36233643,0.35207692,0.368834,0.3835959,0.37377295,0.35537177,0.39581564,0.37489977,0.34301215,0.36617744,0.35043898,0.3727496,0.36429083,0.35552847,0.35885105,0.35242483,0.36184356,0.3738095,0.36923093,0.36094952,0.36875325,0.34993142,0.35458955,0.34196007,0.35759646,0.35822508,0.36388078,0.35850638,0.36613047,0.3769543,0.37317902,0.34650633,0.3640457,0.35836846,0.37617174,0.35737363,0.35104898,0.3720158,0.37671748,0.37652174,0.35420695,0.37070805,0.3533507,0.35974088,0.3667009,0.36499274,0.369963,0.3554434,0.36485606,0.36339262,0.35221943,0.3607036,0.36566356,0.3635625,0.37272286,0.3637361,0.36217597,0.36983865,0.37136206,0.35887814,0.3719947,0.35880458,0.3661379,0.3678221,0.37341762,0.37092146,0.37322643,0.34958726,0.3689965,0.36283714,0.36262625,0.35077366,0.35082716,0.36414042,0.35606936,0.3652999,0.3609652,0.3623329,0.36096373,0.3479726,0.36563036,0.3808306,0.36802095,0.35564658,0.3694194,0.36177427,0.3659839,0.36748123,0.35134295,0.36873052,0.36132985,0.37357247,0.3654027,0.3636263,0.3725885,0.36913055,0.36667612,0.34943002,0.36073214,0.36272767,0.35450295,0.35655543,0.38191068,0.36367118,0.37444764,0.37990436,0.38476336,0.3575081,0.35966274,0.36173397,0.36006087,0.36586413,0.3700211,0.35017824,0.38129961,0.36306086,0.35302585,0.36078504,0.37092957,0.37299833,0.3711763,0.3658736,0.3623758,0.35546413,0.35939264,0.3788369,0.3653594,0.36267796,0.36102635,0.36251038,0.3527954,0.3741423,0.36556315,0.382197,0.35861817,0.3729443,0.35708758,0.35960755,0.36471015,0.3638379,0.36601582,0.3636718,0.37024325,0.35214967,0.3544433,0.36518654,0.369957,0.33927435,0.37148944,0.36072722,0.36552784,0.36851242,0.3610626,0.37599584,0.36501214,0.36400703,0.3739335,0.36367333,0.37938496,0.35683405,0.37581336,0.3514573,0.36140034,0.36495373,0.36738834,0.36444664,0.3575797,0.3585373,0.3583976,0.3784146,0.3694292,0.35903957,0.36436024,0.3704291,0.37107614,0.37926185,0.3543757,0.3596856,0.37181833,0.34967822,0.36171848,0.3612058,0.36907712,0.37116385,0.3516883,0.38126916,0.3530995,0.37378436,0.36060604,0.3656845,0.36627522,0.35846758,0.3630625,0.34859055,0.35363328,0.3664733,0.3485109,0.36129636,0.3638304,0.37658036,0.36544475,0.348808,0.37173247,0.36893374,0.3694797,0.36857617,0.36580676,0.3620713,0.37246698,0.3436451,0.3640297,0.3564192,0.36657834,0.36589956,0.38139343,0.36341503,0.35960752,0.35659754,0.3589539,0.37298432,0.35493025,0.37378082,0.37449032,0.36244673,0.36720094,0.36196467,0.3753429,0.36049598,0.37728548,0.38136145,0.3563087,0.36563128,0.376524,0.36554202,0.36800885,0.36062208,0.36359176,0.38072127,0.36734605,0.36531863,0.35403204,0.37059972,0.3765684,0.37723383,0.36908194,0.374348,0.3651335,0.35614952,0.3460179,0.3581861,0.36273077,0.36232856,0.37381473,0.34927082,0.36244595,0.37085846,0.35816965,0.3672816,0.3610566,0.37628627,0.3767682,0.36947623,0.37227407,0.3550015,0.35981557,0.35455897,0.35471356,0.36552215,0.37522057,0.36831933,0.3576473,0.35273045,0.36145946,0.3702557,0.3687357,0.3647534,0.36376926,0.37174842,0.36448714,0.3630024,0.38217953,0.3706049,0.36924857,0.3702076,0.37608182,0.35736296,0.35924035,0.37018222,0.36493218,0.36547947,0.37648103,0.36928892,0.36072677,0.36866087,0.36664614,0.35457653,0.34238854,0.35915726,0.38216162,0.3604287,0.3618715,0.3780343,0.374562,0.36425254,0.36464068,0.37668967,0.35713565,0.36341414,0.34398198,0.3564413,0.36783248,0.35057446,0.35812315,0.3669456,0.35894483,0.3660366,0.3620836,0.36561987,0.3713377,0.36706442,0.364683,0.36332574,0.37342736,0.34971532,0.36903355,0.35860983,0.3668232,0.35482973,0.3743737,0.36447504,0.37220082,0.36715424,0.3681894,0.37973952,0.3643398,0.36152107,0.34889293,0.36416605,0.37854695,0.36569792,0.3659068,0.36108193,0.36396506,0.35484606,0.37449947,0.35039327,0.36240846,0.37836885,0.37138876,0.34936148,0.3751501,0.37129,0.36959773,0.35274848,0.36567384,0.37432596,0.3784572,0.37295657,0.35718074,0.37055373,0.35476962,0.35237968,0.36043245,0.3640434,0.34559256,0.36972314,0.35370454,0.36201328,0.3533439,0.36390314,0.36858183,0.36321104,0.37731966,0.35056463,0.36181077,0.36861694,0.38817012,0.36197853,0.36806193,0.36048838,0.3613185,0.36293918,0.3596706,0.35022026,0.35308534,0.36318004,0.37573352,0.35278794,0.33807606,0.35332945,0.3560932,0.3746029,0.3702163,0.37078765,0.36578956,0.37160796,0.37773994,0.34766164,0.35158998,0.3787615,0.36663803,0.3588348,0.35593128,0.36094302,0.35716197,0.35898623,0.376598,0.3614769,0.35574532,0.3630799,0.36597472,0.36884648,0.35831302,0.37144166,0.36031118,0.36968204,0.36742115,0.3622877,0.35278997,0.36487126,0.37040707,0.35350028,0.36402577,0.35461825,0.36741447,0.35867798,0.37369588,0.36091185,0.35724038,0.37372258,0.35347372,0.377524,0.3746966,0.3662826,0.35666013,0.37436962,0.3638772,0.36400807,0.37589383,0.36304113,0.37154695,0.36583322,0.37530518,0.37473246,0.36008868,0.3712352,0.3616737,0.37087885,0.35842946,0.37124908,0.35760552,0.363014,0.35965028,0.36890435,0.36566436,0.37248233,0.35005447,0.3728197,0.3641642,0.3695819,0.3600688,0.36796516,0.3660312,0.35977587,0.35845914,0.37209058,0.35755643,0.35596645,0.3707167,0.3598791,0.35986254,0.36186692,0.36330792,0.36020178,0.3633723,0.35443768,0.3650781,0.3723287,0.37019244,0.36637443,0.36729884,0.37553394,0.37153155,0.35278314,0.3570192,0.35897622,0.35831732,0.36184895,0.36922488,0.37737855,0.35117948,0.3583144,0.36800906,0.3572269,0.36614648,0.36391062,0.3614908,0.37844574,0.3708331,0.36964497,0.36513558,0.3706815,0.35446197,0.36992556,0.37697157,0.35380453,0.3570713,0.36824414,0.35842994,0.36510187,0.36897257,0.37785605,0.36570862,0.36659983,0.3631653,0.3783877,0.36905226,0.36421973,0.3620789,0.35460132,0.36541012,0.38538292,0.35574907,0.36925164,0.36659333,0.36414012,0.35842523,0.3689741,0.3605118,0.37400928,0.35737285,0.36966297,0.37361175,0.36066538,0.38263676,0.36632034,0.36251786,0.37061208,0.3613213,0.36658508,0.36505836,0.37547714,0.36211473,0.36149108,0.3614653,0.33631662,0.36641994,0.36634752,0.35914803,0.36736703,0.3685928,0.3847128,0.36603183,0.3556657,0.366669,0.35580748,0.3598526,0.36755148,0.36596864,0.3663355,0.36203596,0.3635347,0.37501112,0.36769527,0.36689234,0.35751346,0.36163318,0.36986586,0.3708644,0.36884674,0.36801463,0.36771798,0.36224687,0.35748434,0.35975787,0.36429062,0.3683914,0.36133122,0.3555997,0.3726323,0.3617953,0.3462954,0.38553753,0.36778635,0.37669018,0.375162,0.36611956,0.35467103,0.35012075,0.36396685,0.36254287,0.36505184,0.34972686,0.34888196,0.3602157,0.36674765,0.3801897,0.34662664,0.36467573,0.3562287,0.3643825,0.34464467,0.36904174,0.37403196,0.35544345,0.37447596,0.3544608,0.3597253,0.35391843,0.3601382,0.36206552,0.37513685,0.36764657,0.37681952,0.38335162,0.3720041,0.37466452,0.3722526,0.360009,0.363367,0.37159273,0.3511327,0.37487477,0.36123803,0.3646984,0.37483007,0.3526787,0.37594977,0.35450804,0.35647228,0.38979068,0.35129103,0.34854743,0.37429756,0.34849063,0.36482763,0.35634467,0.34732106,0.3548668,0.36281577,0.36490068,0.36528438,0.3491443,0.3543015,0.3712519,0.3708131,0.3468729,0.3596393,0.35754248,0.35482588,0.36827576,0.35155207,0.34907678,0.36309373,0.36274126,0.36334246,0.36242285,0.37768248,0.35181153,0.3622716,0.36806425,0.36641142,0.3694161,0.36598858,0.3735329,0.35944384,0.37847674,0.36574832,0.3710634,0.35613638,0.3778679,0.36250168,0.35988703,0.36668783,0.37584752,0.36345023,0.3602698,0.34340075,0.36189142,0.35098284,0.35473672,0.36500603,0.3600063,0.35562086,0.35752591,0.36343816,0.35988656,0.34419772,0.36167854,0.35634387,0.3639881,0.36723343,0.36486495,0.3490712,0.37232086,0.36511126,0.36209312,0.37410513,0.36082646,0.36107862,0.36210874,0.3689845,0.36896473,0.3686356,0.3662211,0.35914853,0.36630374,0.36573946
0.39788195,0.38805714,0.39799058,0.39766666,0.40227607,0.3998214,0.38576314,0.41076684,0.3961012,0.3944632,0.39296216,0.41015774,0.40186992,0.40654293,0.40980068,0.40962142,0.39607027,0.3948423,0.38243496,0.39369604,0.39047593,0.39535466,0.40334278,0.39926073,0.4006223,0.3867604,0.39601746,0.38440034,0.3971648,0.40174606,0.3985795,0.40225205,0.38929045,0.40567127,0.4118147,0.39343804,0.40592435,0.41213432,0.40244386,0.3989851,0.40602714,0.4051339,0.40221187,0.39164543,0.4085724,0.40019184,0.3966282,0.40430284,0.4073752,0.40229142,0.40681705,0.40665048,0.39083573,0.4077094,0.39221025,0.38888964,0.40127522,0.4002973,0.38948765,0.38916233,0.4057104,0.39512947,0.39585024,0.40293786,0.384988,0.41470313,0.38867584,0.4024175,0.41109866,0.38002262,0.41361886,0.39134428,0.39825544,0.39544377,0.40251714,0.3952396,0.39313382,0.40757504,0.40217882,0.39161903,0.40821603,0.40624827,0.39539027,0.40023896,0.38410926,0.38986048,0.3924109,0.40734887,0.41218588,0.39901286,0.40485218,0.39705715,0.42155647,0.39200616,0.3968023,0.39113927,0.39408153,0.4082296,0.4078995,0.40193003,0.4064542,0.3915939,0.39403513,0.39196622,0.41492373,0.3989578,0.39171112,0.3915764,0.3936232,0.39490303,0.4017797,0.39648408,0.38923222,0.405316,0.42256162,0.40472016,0.40342614,0.4124437,0.39952335,0.3884367,0.39506248,0.3847559,0.39974084,0.39996597,0.39383855,0.3892441,0.39139056,0.39832014,0.39383596,0.40714413,0.3755894,0.39807463,0.38085526,0.39751413,0.39072746,0.4085192,0.40176752,0.37953898,0.40069312,0.41395766,0.39598572,0.39124253,0.39547348,0.40118483,0.42507488,0.3956805,0.40637818,0.39345023,0.40484923,0.3916332,0.3995523,0.41425598,0.38472816,0.40220356,0.39733207,0.39640927,0.40429083,0.40176407,0.39035028,0.40351722,0.40857896,0.40001976,0.39811075,0.40283218,0.3952227,0.40140873,0.3889782,0.3998531,0.39621463,0.40717882,0.39662418,0.40575704,0.39199743,0.39117324,0.39371195,0.39708883,0.40285182,0.40026125,0.40294546,0.39003828,0.38952246,0.403791,0.41141322,0.4076356,0.39966622,0.40685055,0.39826828,0.38293308,0.39042062,0.39924136,0.3974003,0.39289054,0.39290717,0.3978468,0.38928887,0.41407582,0.3950228,0.39771587,0.3914363,0.39890245,0.4016808,0.40924603,0.39112693,0.40396765,0.41296417,0.39560518,0.39509544,0.4027492,0.3900574,0.4009893,0.4170835,0.40658706,0.39903665,0.39505503,0.40729788,0.40500882,0.39459848,0.41350394,0.37837872,0.40191686,0.40324432,0.3930033,0.39734054,0.40355355,0.38051775,0.38853124,0.40720809,0.41308457,0.39251858,0.39040855,0.39151195,0.4023752,0.3842454,0.40081376,0.40346557,0.393466,0.39795294,0.3950526,0.40342194,0.39707375,0.4223807,0.40252665,0.4064269,0.41082206,0.39979804,0.3920907,0.4042451,0.3997487,0.3941215,0.38673845,0.41079807,0.39212364,0.41164783,0.40690517,0.403201,0.41886282,0.40254453,0.40610063,0.40922803,0.40082178,0.3910174,0.39641133,0.4036992,0.3969342,0.39407897,0.40393254,0.40242147,0.41232714,0.40138647,0.40970352,0.3988632,0.3882808,0.40009862,0.3936226,0.39024243,0.3914779,0.4007207,0.40072796,0.400549,0.39727762,0.38510284,0.39569432,0.378917,0.41766468,0.3960501,0.40709642,0.40270868,0.41397086,0.41044647,0.40866163,0.38501105,0.39379486,0.40004337,0.39293727,0.39173794,0.3987158,0.38977146,0.3926486,0.40455514,0.40061823,0.3770707,0.39326242,0.39263228,0.40375814,0.4038496,0.39282578,0.39370668,0.39977467,0.40703163,0.41247246,0.40788326,0.40879646,0.39608827,0.37532973,0.3841118,0.38401148,0.39947507,0.38824803,0.4053522,0.3938584,0.3933128,0.38353086,0.40456554,0.3914743,0.39527422,0.41070834,0.41371435,0.39781824,0.40066904,0.40743318,0.40541416,0.40152285,0.40655926,0.3912996,0.39314276,0.40472504,0.3831979,0.40495253,0.39717647,0.40442994,0.38884175,0.39891052,0.3930204,0.40391994,0.41189152,0.39044246,0.40018055,0.40074244,0.39899158,0.4007867,0.40030837,0.40505445,0.3886873,0.40999267,0.39368513,0.39870232,0.39506492,0.40207464,0.41542366,0.39160153,0.41150543,0.3868003,0.3975044,0.3984844,0.39868522,0.39563784,0.39786643,0.40976208,0.3873307,0.3965918,0.39652085,0.39271334,0.3988606,0.41088077,0.40280336,0.40634495,0.38768914,0.38805863,0.3985377,0.38919055,0.39698398,0.39598787,0.39240307,0.3894432,0.40621275,0.39544016,0.40243027,0.39111605,0.3996581,0.40242347,0.38889307,0.4001116,0.40003085,0.40654248,0.3945841,0.4001173,0.4154095,0.39982137,0.40585482,0.3958839,0.39616948,0.40009862,0.38716128,0.40099436,0.39873302,0.39593738,0.41324267,0.40167105,0.40520722,0.40083134,0.40386486,0.41356882,0.39050534,0.39255875,0.39614287,0.3941961,0.40105993,0.38784963,0.40329877,0.39297536,0.4017884,0.40482488,0.39937556,0.4038116,0.39551273,0.39979157,0.39708397,0.3990225,0.39626682,0.3838408,0.40837285,0.3863969,0.39499044,0.3865642,0.39607286,0.3822017,0.40810755,0.3976691,0.4005974,0.3870159,0.41933963,0.40199432,0.40312672,0.40545255,0.3908035,0.41486204,0.39951396,0.3924163,0.39130998,0.40529835,0.40345016,0.39921463,0.40270615,0.39341372,0.39897704,0.41469097,0.39259544,0.39852735,0.41156396,0.38147956,0.40150344,0.40049642,0.40217525,0.40660092,0.3900264,0.40024215,0.4072771,0.4194613,0.40472314,0.39546224,0.39193672,0.3965044,0.39621115,0.39972737,0.40502304,0.40105435,0.39693,0.40737268,0.39360526,0.39187387,0.39858463,0.39652228,0.4076359,0.40131146,0.3949741,0.40574697,0.3878719,0.40157858,0.40039453,0.39549524,0.40265718,0.41153446,0.39688736,0.39525408,0.40556568,0.39422294,0.40867725,0.39647597,0.40917313,0.39359227,0.40025398,0.3939478,0.39506608,0.38343623,0.3950586,0.4000208,0.40948778,0.40317592,0.39563057,0.40341336,0.41343954,0.39714557,0.39473844,0.39295805,0.39593858,0.3990662,0.37205416,0.40722966,0.41648,0.40827274,0.40749705,0.40567958,0.39916062,0.4125932,0.40186036,0.39545187,0.38836494,0.39472997,0.40152505,0.41074634,0.4009309,0.38860828,0.3983232,0.41233605,0.38893086,0.4056056,0.40094218,0.420521,0.41797855,0.38905096,0.40026322,0.40991566,0.40008658,0.3994961,0.42437926,0.39158124,0.40216067,0.39596725,0.39810517,0.40526536,0.41165444,0.4106756,0.4025667,0.3990488,0.40358502,0.383575,0.3916053,0.4043067,0.39211273,0.40065503,0.40359622,0.39326644,0.3928951,0.39467937,0.38599017,0.40783435,0.4035917,0.40842688,0.4050865,0.40710533,0.38702545,0.3885919,0.4146222,0.39663213,0.42103443,0.40257922,0.3965119,0.40527305,0.39824155,0.3936799,0.39996922,0.4018803,0.4120605,0.40306538,0.39599538,0.389087,0.39038,0.39963415,0.39560163,0.38940626,0.40469757,0.40118667,0.4037866,0.41427708,0.3928707,0.40731403,0.4080476,0.41309443,0.40503892,0.3972112,0.38583064,0.39790562,0.40171865,0.3830922,0.38501495,0.40100285,0.3844751,0.39908305,0.40531984,0.40471527,0.39395356,0.4037845,0.41462827,0.40162063,0.40354636,0.3923964,0.40182817,0.39657676,0.40007043,0.40154237,0.4029052,0.39981267,0.40707996,0.41395134,0.40397105,0.40723038,0.39911282,0.39996853,0.3806195,0.4032237,0.414342,0.3977615,0.3983184,0.39733064,0.39933565,0.39343134,0.41203332,0.3973156,0.39701268,0.40956047,0.39901266,0.38953665,0.41262376,0.40385088,0.40415877,0.38619918,0.40308598,0.39384365,0.39804754,0.40315175,0.3861511,0.39643005,0.39321235,0.39564848,0.38455403,0.4007962,0.40293926,0.40861747,0.40269414,0.39073166,0.40843797,0.3914862,0.41165254,0.39285415,0.38147634,0.40050438,0.40566912,0.41110003,0.41206658,0.40360802,0.39604867,0.4020718,0.38852867,0.39282653,0.388795,0.39510408,0.39351878,0.3946951,0.40624407,0.4023378,0.37924787,0.38765153,0.3948776,0.40064463,0.40742317,0.41612223,0.40568054,0.3986977,0.42616072,0.39615402,0.39280784,0.40631318,0.4012013,0.3819706,0.3959895,0.3898108,0.39021853,0.38523945,0.4071362,0.4142278,0.3788543,0.39667255,0.40758866,0.39952347,0.40333503,0.39091194,0.3890798,0.3928202,0.3883571,0.40482622,0.40669572,0.39655635,0.41088727,0.3993854,0.39934105,0.38465363,0.39805478,0.39483738,0.38561276,0.41445094,0.3931691,0.3943088,0.40504244,0.3902183,0.40215418,0.39312196,0.3828411,0.41591343,0.4055192,0.39599904,0.406504,0.3912329,0.40641785,0.3995308,0.40873617,0.403126,0.40624714,0.39859006,0.4021281,0.38885966,0.390648,0.40012807,0.3955717,0.40338823,0.39509693,0.40828475,0.39012724,0.40195575,0.3900537,0.3941256,0.39067897,0.40325034,0.38787484,0.39610675,0.407274,0.3948099,0.40784475,0.40906024,0.403164,0.3922118,0.40414634,0.40074715,0.3993712,0.40839088,0.38050792,0.39663956,0.39750487,0.39221516,0.39448896,0.40594575,0.38985798,0.4091069,0.40587902,0.4100336,0.4094902,0.39177385,0.39688933,0.39710975,0.40104452,0.3976683,0.40039402,0.41067147,0.39857653,0.40444422,0.39115328,0.4031968,0.38992485,0.4094837,0.400427,0.39678466,0.41001543,0.39106426,0.40292072,0.39295185,0.4023536,0.40014252,0.39810282,0.4047764,0.39961153,0.39575425,0.40213412,0.3840393,0.39650708,0.39957675,0.37722668,0.39230123,0.40562573,0.40603128,0.41053665,0.41280276,0.39751226,0.38572145,0.41854036,0.41438198,0.40101713,0.4061074,0.38997835,0.38467735,0.3961101,0.40949905,0.39158535,0.39617652,0.3864701,0.41678077,0.4008867,0.40842664,0.40278372,0.40266207,0.40068054,0.3928628,0.39087477,0.39100465,0.39369446,0.40055564,0.396991,0.38197362,0.39133456,0.39885074,0.3917904,0.391747,0.3913586,0.3947402,0.37791157,0.41545445,0.40779027,0.37862754,0.4077904,0.40031722,0.40682214,0.3999286,0.4032222,0.39836067,0.3985984,0.39786422,0.39993635,0.40743324,0.38765883,0.38426027,0.39208615,0.4063083,0.40979403,0.38995323,0.4059262,0.39351326,0.3921174,0.39538866,0.40533412,0.40310273,0.37962162,0.39031744,0.38576454,0.39981607,0.41281396,0.39136988,0.40451348,0.3992524,0.40430585,0.40802446,0.40945005,0.40170807,0.400267,0.40697563,0.38991532,0.40815508,0.39895314,0.38421378,0.39008301,0.39581636,0.40898857,0.3973376,0.39939526,0.38038993,0.40410912,0.3874534,0.4051336,0.38889322,0.39435187,0.40070176,0.41090775,0.39298108,0.40729693,0.39678577,0.40124062,0.40956944,0.40042225,0.3927937,0.40140858,0.406986,0.4040523,0.40176004,0.4000513,0.39983317,0.39849865,0.3967795,0.39480925,0.40736318,0.4030016,0.4080003,0.39221796,0.40320083,0.39861512,0.4000696,0.4100176,0.39675424,0.39505032,0.40543148,0.39031807,0.38757467,0.40007144,0.4065069,0.39313287,0.412486,0.39755017,0.39661765,0.38566214,0.4012864,0.384595,0.3949322,0.3991294,0.4022234,0.40328357,0.38932455,0.39638507,0.38401216,0.38994896,0.4089386,0.40103757,0.41010085,0.39820632,0.4062912,0.388657,0.39794278,0.40678155,0.40230098,0.38767064,0.40159416,0.40109536,0.39228338,0.40581557,0.39243844,0.38911474,0.40952635,0.42134288,0.40321112,0.39613992,0.39755046,0.39577693,0.38880798,0.39555636,0.39677888,0.40042222,0.39940268,0.3960534,0.39863026,0.39913836,0.39216197,0.3957217,0.4071945,0.39761323,0.3910796,0.4032786,0.40007567,0.3856798,0.39047292,0.40732515,0.39855874,0.39955845,0.40441793,0.40721765,0.40353304,0.399643,0.39884976,0.41119024,0.3928577,0.39995635,0.39085636,0.39107302,0.40222618,0.40876836,0.39777333
0.4809094,0.48126408,0.4788314,0.48456016,0.48864773,0.47154891,0.4708588,0.47104716,0.47885525,0.4820578,0.47154233,0.47566587,0.47098997,0.4790072,0.49423838,0.48157886,0.478461,0.48167852,0.472788,0.47753447,0.4667634,0.4635877,0.482994,0.48748192,0.486616,0.48263955,0.47339264,0.48567858,0.46558934,0.47615737,0.46866855,0.4838994,0.47474387,0.49985915,0.48415858,0.47650862,0.4808742,0.46962067,0.4659978,0.48513088,0.46542266,0.47553697,0.47576198,0.46889448,0.47302514,0.46675092,0.4766984,0.4792543,0.48863387,0.46296006,0.4894478,0.47629192,0.4686051,0.4764374,0.47252402,0.4848062,0.47602087,0.47508442,0.47250432,0.4741608,0.47108966,0.46730605,0.46505818,0.47131944,0.4672012,0.48310626,0.47088897,0.47626278,0.48443386,0.48020864,0.4818105,0.49414617,0.48606038,0.4819072,0.48400182,0.4855271,0.47764835,0.4808053,0.48066148,0.48275098,0.48531467,0.47044638,0.48820058,0.4781826,0.48188376,0.47313207,0.47510475,0.48889628,0.47074592,0.48350045,0.4733039,0.4706061,0.4739897,0.47642913,0.4758746,0.48684618,0.46629637,0.4765516,0.4690789,0.47462964,0.4848663,0.45635664,0.47903875,0.47091126,0.47433186,0.479555,0.470851,0.46909356,0.47386613,0.47494015,0.47269118,0.48968098,0.4972286,0.47834697,0.4776468,0.4770906,0.48603395,0.49679536,0.4708752,0.47087404,0.47087386,0.47108078,0.48607466,0.4791192,0.5002613,0.46967462,0.4879377,0.489419,0.47328955,0.46430114,0.47927874,0.47230965,0.49149942,0.48478955,0.4830128,0.48508078,0.48247337,0.4731994,0.4715439,0.4852161,0.4906001,0.4778369,0.46963778,0.4634334,0.48923784,0.46598688,0.47517717,0.4691519,0.48020348,0.47790235,0.48809358,0.48709673,0.47789922,0.47179225,0.48130372,0.46694544,0.5025699,0.4777906,0.48400316,0.4776461,0.47186068,0.48810956,0.46582192,0.4823956,0.49055162,0.47045466,0.49695265,0.4667798,0.4852119,0.49184918,0.47502792,0.47391343,0.48203477,0.48032308,0.48386952,0.48744088,0.4769263,0.49341485,0.4893064,0.47384244,0.47731692,0.48759788,0.48480797,0.4770115,0.46511817,0.48152453,0.47446245,0.4802301,0.4571401,0.47586268,0.48407298,0.47424802,0.47340238,0.4816417,0.47508684,0.48490837,0.47442418,0.4847518,0.48313653,0.47525457,0.48190963,0.48089293,0.48395926,0.48123682,0.4882829,0.4734595,0.4775587,0.4767149,0.4814941,0.47079575,0.48105478,0.4749297,0.4764355,0.47468895,0.48344523,0.47683203,0.48288536,0.48109263,0.48086244,0.473103,0.46918306,0.47149268,0.48470244,0.48297548,0.4715297,0.4740042,0.48408872,0.47470453,0.47170874,0.48300996,0.47789195,0.47513628,0.47586703,0.4764779,0.46941555,0.47485623,0.4682949,0.48948082,0.47253963,0.47058514,0.4834632,0.48542863,0.49132845,0.489536,0.4807532,0.4779041,0.46041155,0.46578813,0.4905182,0.46866047,0.47906289,0.4825932,0.47949016,0.4708246,0.46801084,0.48332462,0.46253756,0.4769996,0.46387422,0.47836244,0.47882754,0.4735681,0.4883713,0.46737197,0.4742212,0.4775851,0.48481357,0.4788572,0.47018415,0.48289558,0.4854539,0.46747848,0.48675668,0.468359,0.47163117,0.47923216,0.48440704,0.4849847,0.47691068,0.4824327,0.4787975,0.47887176,0.48660994,0.47881618,0.46855623,0.48559064,0.48689044,0.4834401,0.4810601,0.4869531,0.46787968,0.46794286,0.48375794,0.4795105,0.48297408,0.47982487,0.4843703,0.47704145,0.4792839,0.48054278,0.47947463,0.49563724,0.47965825,0.471632,0.48136836,0.4633677,0.47284383,0.48048803,0.47019616,0.48672178,0.47967947,0.4681333,0.49371055,0.48364636,0.46950132,0.48512068,0.48771945,0.46014738,0.47865778,0.46944612,0.47374678,0.47968784,0.47513872,0.46165323,0.46220818,0.48057315,0.4788007,0.464568,0.47579,0.48285922,0.48133484,0.47814167,0.49760947,0.47484025,0.47029102,0.48080292,0.48075357,0.47442535,0.46373072,0.47014135,0.47207934,0.47050375,0.46269888,0.47173694,0.47679007,0.4858389,0.48009327,0.4682375,0.45459193,0.4811225,0.47815698,0.48414475,0.462066,0.4939302,0.4757157,0.48188487,0.46739203,0.4752388,0.46919897,0.4756893,0.4922404,0.4684696,0.4760073,0.47439888,0.4851826,0.48085254,0.46919987,0.4774768,0.48209736,0.47714233,0.4762973,0.46440065,0.481499,0.4753165,0.49278077,0.48031682,0.47510338,0.4950956,0.4663295,0.4983248,0.46926835,0.48250785,0.48211765,0.47214454,0.47456124,0.4859396,0.490025,0.47957277,0.4755936,0.4880935,0.4731315,0.47121808,0.48333317,0.47310558,0.47524482,0.4679506,0.48025772,0.47670498,0.47782078,0.4663113,0.47258332,0.46359146,0.4917599,0.47971126,0.48736718,0.4731084,0.4897038,0.47072387,0.48718405,0.47405604,0.48113272,0.48567596,0.4840818,0.46931046,0.49061,0.46944454,0.4765435,0.47796634,0.48445684,0.47805563,0.46994436,0.49054587,0.47579786,0.4624399,0.47824007,0.47950953,0.46234095,0.47742423,0.48714253,0.47835866,0.50270617,0.4745108,0.46854532,0.47706726,0.4820366,0.47062847,0.48619363,0.4759986,0.4796794,0.48517954,0.47778943,0.4776331,0.47983828,0.49414122,0.48536453,0.501347,0.4845147,0.4690059,0.468855,0.48506874,0.49228993,0.47904342,0.4757257,0.46764514,0.47526744,0.489814,0.47826707,0.47071025,0.47968078,0.47754073,0.47992742,0.47517028,0.46275806,0.4801468,0.48112705,0.4865178,0.48287797,0.48315945,0.47784123,0.47221214,0.47358707,0.47891644,0.4911508,0.46584722,0.47921625,0.48269504,0.48139572,0.47741163,0.48184222,0.48146406,0.46846852,0.4697034,0.46815833,0.47690657,0.46703786,0.47668183,0.4751694,0.48553416,0.48486784,0.47227484,0.49557164,0.48273844,0.4800889,0.48806697,0.47834378,0.4842566,0.47846228,0.47878444,0.4770557,0.47754645,0.4802422,0.4822996,0.4755335,0.4964053,0.46659416,0.46774617,0.48439306,0.48299518,0.46973145,0.46264848,0.4733536,0.4859821,0.4726584,0.46758887,0.48387218,0.47205606,0.4787574,0.4688338,0.48904234,0.4899462,0.47200325,0.48935542,0.47119474,0.4829234,0.47738013,0.46422222,0.48941788,0.4681052,0.4725918,0.48276773,0.47973007,0.48881978,0.46530655,0.47312137,0.47625092,0.48029765,0.47829923,0.48806232,0.47010204,0.46825185,0.48110166,0.47649,0.49164125,0.4734359,0.48508048,0.46924916,0.47390553,0.48704356,0.46973184,0.46875477,0.4855952,0.47484756,0.48044258,0.47749987,0.48794168,0.4565372,0.4736589,0.48300004,0.4644615,0.48055544,0.49649143,0.47305274,0.47430152,0.47021934,0.47769287,0.48025012,0.4728244,0.47139287,0.46001497,0.49145895,0.47588044,0.48041853,0.49395645,0.46753743,0.48355594,0.4852501,0.4809958,0.46131226,0.47357515,0.47651255,0.47988123,0.47611928,0.4806625,0.4643698,0.4805296,0.48134157,0.4756267,0.48814744,0.4736543,0.48402575,0.47965336,0.47057053,0.46789232,0.4806529,0.471348,0.47598073,0.46879053,0.49062413,0.4864086,0.47744584,0.48764053,0.4862467,0.46911654,0.48328432,0.47901794,0.4704292,0.48789227,0.48591876,0.48636353,0.48924255,0.45990297,0.48341572,0.48419803,0.48541972,0.47213453,0.47316927,0.4816541,0.47875494,0.47633126,0.4839478,0.4780509,0.48247892,0.48850495,0.49586028,0.48121276,0.47925675,0.4690482,0.4755766,0.47771773,0.48240826,0.49453276,0.49424234,0.48819834,0.4656782,0.4797104,0.4762071,0.4806878,0.4766371,0.48062047,0.492024,0.45499003,0.4772699,0.47925225,0.47021493,0.4774881,0.47700432,0.48180193,0.47689107,0.46597672,0.4753926,0.4623315,0.47967595,0.48832545,0.49365884,0.48300904,0.47382367,0.47622892,0.47900397,0.47753623,0.45198005,0.47372863,0.47406453,0.46997932,0.46954167,0.47871602,0.4857952,0.48028022,0.4792531,0.48163986,0.48767433,0.4646162,0.47522414,0.47877505,0.46940127,0.46693718,0.48169112,0.49373576,0.4771469,0.4768163,0.48197088,0.469873,0.48289633,0.4720557,0.48032904,0.4867995,0.48881248,0.4742607,0.4910962,0.4771316,0.47360617,0.48044163,0.47974485,0.4843126,0.46921775,0.48265702,0.4821405,0.4825429,0.46771714,0.4797172,0.48323384,0.47929192,0.49095425,0.471054,0.46278775,0.47538608,0.47701865,0.47088456,0.4793331,0.4753608,0.47149315,0.48113456,0.46408138,0.48488256,0.48574817,0.47495544,0.492491,0.47754902,0.490216,0.48248464,0.4993268,0.4655215,0.49374837,0.4690695,0.47641551,0.4757622,0.46947157,0.4847434,0.48351336,0.48429507,0.477758,0.49670145,0.46735293,0.48144436,0.46693283,0.47876844,0.48363054,0.47488052,0.4676434,0.47980905,0.479086,0.48000336,0.4628867,0.46635893,0.47147354,0.4676332,0.4801999,0.46751356,0.4765802,0.48497605,0.4569512,0.48154604,0.46513647,0.47556648,0.4713306,0.47882727,0.46780553,0.4699481,0.46058846,0.4923585,0.48372585,0.4707318,0.47335503,0.4832228,0.48098117,0.477932,0.47630978,0.4808847,0.47476083,0.49256402,0.46164918,0.47353593,0.48451626,0.47261897,0.47856066,0.47629213,0.47518134,0.4802275,0.46420076,0.48512143,0.4859324,0.4741517,0.48610812,0.4663251,0.49407724,0.4663257,0.4827944,0.49430925,0.47063538,0.4822067,0.4759351,0.48553944,0.47213626,0.47359896,0.48226634,0.4872305,0.47403696,0.47601914,0.47731245,0.4765821,0.46607623,0.48865983,0.47158766,0.47428617,0.46900246,0.46802,0.48313147,0.49554852,0.4831352,0.4801823,0.48178086,0.46515554,0.49101686,0.45915776,0.45587954,0.46847326,0.46785134,0.46909833,0.46741217,0.47427955,0.47914144,0.47076085,0.46102235,0.47150213,0.4599722,0.46623033,0.47459418,0.47504655,0.47602326,0.46212405,0.50122905,0.48150226,0.48232308,0.46956334,0.4682563,0.48782507,0.4660534,0.4750719,0.46612012,0.4849267,0.48937708,0.49139664,0.47825447,0.47602972,0.48003396,0.4673037,0.4711005,0.48633903,0.485875,0.4692094,0.49613342,0.46355957,0.47323442,0.4751153,0.4804208,0.47723335,0.47591868,0.49933416,0.47268716,0.47412065,0.47913462,0.46955943,0.4791831,0.4768664,0.48265803,0.47623265,0.46973267,0.47284624,0.47904682,0.4729699,0.47504976,0.47551903,0.484209,0.4791838,0.4593161,0.47135612,0.46709272,0.4714185,0.47269002,0.47224763,0.48353192,0.4778454,0.475015,0.4803262,0.4851847,0.4823773,0.49135703,0.47745633,0.4641442,0.46661252,0.4895091,0.4711311,0.47676587,0.45977503,0.46759906,0.47327355,0.4772595,0.47659037,0.47352332,0.4897733,0.4980942,0.47985494,0.48086935,0.4934271,0.47617775,0.48600432,0.48588526,0.487184,0.49302262,0.47354347,0.476412,0.48941076,0.46863213,0.47906223,0.48075446,0.48999435,0.46760187,0.4887864,0.47511125,0.470431,0.47569752,0.4728008,0.4769978,0.48633373,0.47988683,0.46312463,0.4792841,0.4661094,0.46517003,0.48156497,0.4807526,0.47605005,0.48741874,0.47919646,0.47214916,0.4766456,0.46945143,0.48151788,0.47633266,0.48091695,0.47414693,0.4664781,0.45910168,0.48190412,0.47308233,0.46886164,0.47590256,0.46635398,0.47015992,0.4675498,0.485038,0.46649858,0.47551835,0.4853338,0.48602638,0.47325218,0.49696156,0.48837698,0.4625921,0.48156,0.49705634,0.48652914,0.47681156,0.46889675,0.47365746,0.48950282,0.47499812,0.48146376,0.46155456,0.4820281,0.47566578,0.47923043,0.48408425,0.47389656,0.47970036,0.4792696,0.46895638,0.4793539,0.4800146,0.47051182,0.46989232,0.47754115,0.48253658,0.467064,0.49765643,0.4767482,0.46110326,0.47110236,0.47263947,0.47375923,0.4678744,0.47446468,0.4805755,0.49528018,0.47510803,0.4703844,0.47528383,0.47682005,0.47222826,0.46374196,0.48280853
0.4623559,0.44867554,0.45307904,0.46087778,0.4629538,0.45649567,0.45194387,0.4437643,0.45592546,0.46449035,0.4418631,0.46411622,0.45173383,0.42454582,0.4581799,0.46016642,0.45272288,0.45471412,0.44172958,0.44475728,0.4328835,0.43559346,0.45477432,0.46064344,0.45879138,0.44274065,0.44143373,0.45066255,0.45723864,0.43989974,0.46292424,0.44552606,0.45491695,0.45483974,0.46303505,0.4456478,0.45942518,0.4538981,0.4432753,0.45710135,0.44775742,0.45487547,0.44152442,0.44052267,0.4458911,0.45772386,0.45137575,0.45936906,0.4467402,0.44690806,0.45160994,0.45636758,0.4430902,0.45237246,0.44492957,0.44378665,0.45021242,0.44491264,0.44985688,0.46541697,0.45305154,0.43868893,0.4459301,0.4431005,0.44525754,0.45653266,0.4323512,0.439745,0.4483512,0.45005438,0.44952843,0.4585018,0.4506145,0.45991912,0.4497115,0.45067164,0.45046785,0.44128102,0.45646617,0.44940415,0.4536338,0.43869677,0.45208976,0.44744906,0.44168988,0.4448063,0.46052718,0.46361336,0.4518753,0.45536926,0.46063176,0.43116695,0.4505496,0.45975426,0.44101328,0.45021632,0.44682887,0.44294393,0.44548562,0.45088765,0.46824473,0.45855635,0.44520077,0.4493026,0.46260643,0.45199317,0.45236957,0.45128566,0.4645436,0.45184526,0.44646442,0.45579982,0.45365372,0.4535087,0.45848137,0.44136205,0.45305917,0.46122602,0.44575274,0.45263198,0.44524124,0.43615904,0.4634277,0.44787264,0.4515284,0.4330656,0.4506886,0.45568132,0.45503104,0.45343256,0.45056215,0.4515917,0.45934868,0.46807688,0.45884424,0.44889373,0.45638457,0.45766515,0.46447805,0.45084098,0.44098422,0.45134342,0.44673198,0.44395202,0.45748642,0.44049793,0.4577913,0.44867063,0.46261293,0.44897833,0.45381802,0.44904688,0.4472448,0.44417772,0.438894,0.44097853,0.45337844,0.44716534,0.4472377,0.45226887,0.45677882,0.4458529,0.46344763,0.45422724,0.45611486,0.44479346,0.44821876,0.45196918,0.44051823,0.46485978,0.44932896,0.44228902,0.44768032,0.4398749,0.4585456,0.4441489,0.4575885,0.4500572,0.46279484,0.45327237,0.4517893,0.44355237,0.43680087,0.44928348,0.45278805,0.45281848,0.44416872,0.45030507,0.43764138,0.4396682,0.45201442,0.45449552,0.45560306,0.46286324,0.4411303,0.45236236,0.4437308,0.463705,0.4517981,0.44001144,0.4505261,0.4591864,0.46552396,0.4438679,0.45417017,0.4375909,0.4560644,0.4634819,0.45323536,0.4439632,0.45734665,0.45571798,0.4583772,0.44809258,0.44908845,0.45867857,0.45427674,0.46929792,0.4498532,0.44889504,0.4703604,0.45371646,0.46023014,0.45882222,0.4312573,0.4547655,0.45281762,0.460687,0.4427591,0.44883865,0.47107258,0.44369665,0.44051233,0.44221127,0.43193355,0.44917557,0.43822357,0.46588987,0.44534424,0.43038684,0.4484003,0.45347574,0.46301952,0.4556354,0.46268663,0.44898337,0.45887432,0.45168668,0.45531362,0.44171593,0.45187584,0.44458967,0.4549801,0.44193885,0.4422896,0.4565908,0.44344372,0.44357857,0.44630408,0.45297894,0.45416325,0.45016,0.45400342,0.44107983,0.44813785,0.46451154,0.45310837,0.45681015,0.4517032,0.44346726,0.44655946,0.44587022,0.4528564,0.4459978,0.450768,0.45212397,0.46733388,0.45297235,0.4544559,0.44711244,0.4385386,0.44419074,0.45969462,0.4284915,0.45292446,0.460611,0.46186677,0.4606974,0.46013686,0.46010876,0.43236998,0.44529057,0.44516933,0.43760246,0.45487767,0.45453367,0.4581774,0.44142982,0.46002346,0.4641838,0.44816107,0.44803128,0.4479586,0.45713803,0.45776787,0.44522065,0.4481667,0.44728154,0.43572438,0.45001915,0.44990575,0.43141282,0.45886645,0.43577045,0.4427413,0.44392282,0.44917914,0.44215554,0.44603586,0.43579417,0.45432222,0.45021716,0.4451267,0.45296207,0.44117367,0.44462135,0.44136742,0.4477598,0.4524913,0.447366,0.452895,0.4652454,0.44724178,0.45444,0.4554041,0.44535914,0.4394303,0.4474082,0.43934524,0.4453665,0.45887813,0.4626409,0.44315046,0.45080805,0.44256037,0.44920132,0.44610658,0.44095752,0.45212477,0.4406588,0.4520277,0.46121383,0.43893558,0.44912288,0.4498674,0.44698006,0.44760904,0.44072977,0.45639336,0.4415802,0.4528431,0.44304898,0.44552553,0.45564705,0.44456673,0.45568088,0.44591883,0.45258182,0.45428523,0.45645556,0.43747282,0.44345063,0.4548726,0.4542205,0.4539987,0.45984536,0.45054713,0.4533099,0.447502,0.46907443,0.44222957,0.43717957,0.4550767,0.4387043,0.46858606,0.4517824,0.45981467,0.44816026,0.4421114,0.45012572,0.46414477,0.45483467,0.44581848,0.43861634,0.44807643,0.45640942,0.45361122,0.45312345,0.4615422,0.4547939,0.45387805,0.43879345,0.450494,0.45241916,0.44222862,0.46541646,0.4582376,0.43606448,0.4525043,0.4473891,0.4361766,0.44784135,0.46461898,0.43794966,0.45148408,0.4505908,0.4433291,0.4624833,0.45967007,0.45107532,0.4521662,0.45449495,0.4448483,0.4376637,0.44497576,0.457602,0.4377916,0.45604238,0.4524931,0.45758593,0.45880836,0.44628465,0.44838712,0.45833936,0.44549662,0.44048974,0.46121988,0.45021695,0.44256184,0.45071656,0.4478765,0.44357827,0.45571968,0.45794547,0.45476216,0.450841,0.44963565,0.45220378,0.4492378,0.44634792,0.44953284,0.4583473,0.44854864,0.4488154,0.45581874,0.44185594,0.4541067,0.45599094,0.45791626,0.4402406,0.44867,0.44647184,0.44151607,0.4531649,0.44920874,0.45035243,0.4596284,0.44732982,0.45613486,0.45385468,0.45446837,0.4573125,0.45964035,0.44623443,0.44511396,0.46142244,0.45731676,0.45679834,0.45773053,0.4521524,0.44842875,0.45469743,0.4418896,0.45763806,0.4643479,0.458315,0.4452722,0.45892295,0.44962096,0.46110615,0.4636074,0.44649017,0.45498532,0.44675747,0.4552322,0.46571666,0.43830353,0.45820317,0.45368114,0.43648258,0.44958156,0.44653118,0.45200533,0.44566208,0.4448707,0.44427896,0.44972953,0.4400318,0.44318768,0.4446285,0.43621406,0.46015927,0.44208956,0.43845952,0.46130005,0.44898263,0.4570924,0.44543174,0.4656937,0.45427483,0.44655812,0.45903915,0.44760087,0.4461288,0.45201194,0.4363603,0.4434557,0.45800233,0.45299914,0.44331244,0.45333052,0.45651624,0.449756,0.44173986,0.45652294,0.45170203,0.4417402,0.45676836,0.4431484,0.44040704,0.45036495,0.45280856,0.45105666,0.45243645,0.45430857,0.4581196,0.45473376,0.46199968,0.45115006,0.45296732,0.45567328,0.45144022,0.45072573,0.45464617,0.44585112,0.4458005,0.45338392,0.4505513,0.4436662,0.45359194,0.46158215,0.45439687,0.4505112,0.4430261,0.4474851,0.45656225,0.44855762,0.42971233,0.4470611,0.4669483,0.4607682,0.45667684,0.47322243,0.4510047,0.45339513,0.44714805,0.45516902,0.42459232,0.4572569,0.44419536,0.44896308,0.44312817,0.44442576,0.45342374,0.45361605,0.43376505,0.4613527,0.46190083,0.4352328,0.45308164,0.454264,0.44296664,0.44965425,0.46061823,0.44466686,0.43810982,0.44448388,0.46427038,0.44494045,0.43745783,0.45664838,0.45862538,0.45255032,0.45141262,0.45384666,0.45282283,0.44899246,0.44547412,0.4615432,0.46053654,0.44802794,0.45156547,0.46019062,0.4629121,0.4474704,0.4356861,0.45085737,0.45784009,0.4534963,0.4516795,0.4449617,0.45307368,0.44292447,0.4527567,0.4471109,0.44528592,0.4512743,0.44978502,0.45094907,0.45787597,0.44538197,0.45814645,0.45064127,0.4486316,0.4593723,0.44368902,0.45596606,0.4478454,0.45788822,0.45916262,0.44546312,0.4316282,0.4488584,0.44661248,0.44932163,0.4417297,0.45030195,0.44312713,0.44338855,0.44278276,0.4327196,0.4553172,0.45477498,0.4589023,0.4528904,0.43822098,0.45703858,0.45145172,0.45011827,0.4533172,0.4510757,0.4376396,0.45863417,0.44825038,0.45265436,0.45503646,0.45801398,0.46106058,0.45924258,0.43559614,0.44351202,0.45162007,0.45223996,0.45833302,0.44225383,0.45234653,0.46571565,0.4443385,0.45351318,0.44680616,0.43932208,0.45878378,0.4526173,0.4580976,0.4583645,0.44963056,0.4491613,0.45088878,0.4507071,0.45080817,0.44371295,0.44029456,0.4399875,0.4428891,0.44865367,0.44251186,0.44847262,0.45639578,0.44541022,0.45560417,0.4569725,0.44795582,0.4486121,0.45734644,0.44757134,0.4439144,0.44274908,0.44193175,0.45094475,0.4520273,0.46084255,0.45384014,0.44219,0.4546901,0.4431156,0.46083435,0.45591316,0.44907233,0.44852775,0.45806727,0.44158798,0.45034388,0.4457762,0.43440527,0.4483274,0.45542866,0.4326884,0.44576663,0.4621305,0.43489644,0.45405108,0.45684958,0.45353952,0.45021862,0.45387813,0.4565701,0.45928064,0.4461517,0.44735667,0.4511463,0.4578619,0.44252732,0.43963155,0.43463024,0.43878376,0.4598916,0.45915893,0.4725665,0.4551738,0.43518975,0.45223296,0.4482665,0.45028397,0.4532404,0.4633497,0.44358358,0.4479252,0.42664152,0.46102282,0.45789388,0.45410836,0.45730767,0.45720202,0.45255157,0.44400233,0.4430434,0.4417795,0.4645794,0.46807784,0.4527902,0.45808834,0.45982236,0.4401114,0.4557304,0.46114147,0.44120368,0.4649892,0.44781804,0.4482755,0.4601907,0.4484892,0.46433744,0.4535545,0.45621234,0.44355723,0.43695667,0.46480924,0.4419566,0.45390716,0.4497526,0.44538733,0.45410812,0.44879612,0.44374582,0.4472739,0.4521279,0.45101103,0.4561985,0.4441165,0.45644164,0.45675907,0.44520575,0.43782368,0.4444039,0.44736218,0.45177847,0.46527186,0.45210868,0.46448344,0.4642715,0.4556257,0.46447915,0.44315043,0.43892163,0.4462945,0.44156855,0.45003235,0.45079902,0.44398126,0.45795643,0.46083006,0.45046318,0.43830293,0.4561995,0.44837144,0.44506094,0.44300577,0.451365,0.44502908,0.45561737,0.44730532,0.43762767,0.44524205,0.44241104,0.46243766,0.4350396,0.4333041,0.4409184,0.45355397,0.45720994,0.44786865,0.44283554,0.4521225,0.45532537,0.44073644,0.43865582,0.45165437,0.4559996,0.45615476,0.45423558,0.43821985,0.4511766,0.46500742,0.4577424,0.45606875,0.46328294,0.45825872,0.45285344,0.44305986,0.4501595,0.44583204,0.4568957,0.46225348,0.45942053,0.44831944,0.4441487,0.4502884,0.45896077,0.45707262,0.45828676,0.4554,0.4479406,0.44709277,0.43863538,0.45333672,0.44835657,0.45130527,0.4522528,0.4413296,0.46392024,0.4424542,0.4631195,0.46996367,0.45695278,0.4405079,0.46348628,0.46107233,0.44077313,0.4510487,0.45636356,0.4509501,0.4452825,0.43731815,0.4519193,0.44795436,0.46003404,0.46264035,0.4538935,0.46017453,0.46841866,0.45546344,0.4562749,0.46742412,0.4510974,0.45308286,0.45088607,0.46622118,0.4549563,0.4555009,0.45959967,0.45830244,0.4534703,0.45240995,0.45213914,0.46086305,0.4498187,0.4550823,0.4463238,0.46032706,0.4630017,0.44674346,0.45742005,0.4598224,0.4431719,0.43359527,0.44004077,0.43872395,0.4493395,0.4499117,0.44759664,0.45897922,0.4530391,0.45700347,0.46234038,0.44925886,0.44048452,0.4515646,0.4609426,0.4517504,0.4547449,0.44189557,0.43389446,0.4453163,0.44693482,0.42004886,0.43683034,0.4578477,0.44090134,0.44743392,0.438528,0.44585267,0.44659427,0.4450433,0.45987016,0.45407534,0.4512438,0.45804343,0.45077002,0.44466323,0.4526275,0.44454074,0.45064616,0.4462915,0.4471213,0.45310345,0.45287415,0.45055437,0.45202094,0.4493085,0.4299012,0.45091718,0.4533664,0.45509118,0.45258582,0.4366127,0.4427149,0.4543569,0.45319653,0.4407667,0.42720085,0.44619736,0.4544468,0.43324172,0.4567994,0.45171815,0.4473889,0.45473322,0.44019872,0.44501108,0.4315993,0.4537143,0.45342928,0.4707919,0.445818,0.43997747,0.45790464,0.45468357,0.44057643,0.43581587,0.46551138
0.0,0.0,0.0,0.0,0.0,0.0,0.0,0.0,0.0,0.0,0.0,0.0,0.0,0.0,0.0,0.0,0.0,0.0,0.0,0.0,0.0,0.0,0.0,0.0,0.0,0.0,0.0,0.0,0.0,0.0,0.0,0.0,0.0,0.0,0.0,0.0,0.0,0.0,0.0,0.0,0.0,0.0,0.0,0.0,0.0,0.0,0.0,0.0,0.0,0.0,0.0,0.0,0.0,0.0,0.0,0.0,0.0,0.0,0.0,0.0,0.0,0.0,0.0,0.0,0.0,0.0,0.0,0.0,0.0,0.0,0.0,0.0,0.0,0.0,0.0,0.0,0.0,0.0,0.0,0.0,0.0,0.0,0.0,0.0,0.0,0.0,0.0,0.0,0.0,0.0,0.0,0.0,0.0,0.0,0.0,0.0,0.0,0.0,0.0,0.0,0.0,0.0,0.0,0.0,0.0,0.0,0.0,0.0,0.0,0.0,0.0,0.0,0.0,0.0,0.0,0.0,0.0,0.0,0.0,0.0,0.0,0.0,0.0,0.0,0.0,0.0,0.0,0.0,0.0,0.0,0.0,0.0,0.0,0.0,0.0,0.0,0.0,0.0,0.0,0.0,0.0,0.0,0.0,0.0,0.0,0.0,0.0,0.0,0.0,0.0,0.0,0.0,0.0,0.0,0.0,0.0,0.0,0.0,0.0,0.0,0.0,0.0,0.0,0.0,0.0,0.0,0.0,0.0,0.0,0.0,0.0,0.0,0.0,0.0,0.0,0.0,0.0,0.0,0.0,0.0,0.0,0.0,0.0,0.0,0.0,0.0,0.0,0.0,0.0,0.0,0.0,0.0,0.0,0.0,0.0,0.0,0.0,0.0,0.0,0.0,0.0,0.0,0.0,0.0,0.0,0.0,0.0,0.0,0.0,0.0,0.0,0.0,0.0,0.0,0.0,0.0,0.0,0.0,0.0,0.0,0.0,0.0,0.0,0.0,0.0,0.0,0.0,0.0,0.0,0.0,0.0,0.0,0.0,0.0,0.0,0.0,0.0,0.0,0.0,0.0,0.0,0.0,0.0,0.0,0.0,0.0,0.0,0.0,0.0,0.0,0.0,0.0,0.0,0.0,0.0,0.0,0.0,0.0,0.0,0.0,0.0,0.0,0.0,0.0,0.0,0.0,0.0,0.0,0.0,0.0,0.0,0.0,0.0,0.0,0.0,0.0,0.0,0.0,0.0,0.0,0.0,0.0,0.0,0.0,0.0,0.0,0.0,0.0,0.0,0.0,0.0,0.0,0.0,0.0,0.0,0.0,0.0,0.0,0.0,0.0,0.0,0.0,0.0,0.0,0.0,0.0,0.0,0.0,0.0,0.0,0.0,0.0,0.0,0.0,0.0,0.0,0.0,0.0,0.0,0.0,0.0,0.0,0.0,0.0,0.0,0.0,0.0,0.0,0.0,0.0,0.0,0.0,0.0,0.0,0.0,0.0,0.0,0.0,0.0,0.0,0.0,0.0,0.0,0.0,0.0,0.0,0.0,0.0,0.0,0.0,0.0,0.0,0.0,0.0,0.0,0.0,0.0,0.0,0.0,0.0,0.0,0.0,0.0,0.0,0.0,0.0,0.0,0.0,0.0,0.0,0.0,0.0,0.0,0.0,0.0,0.0,0.0,0.0,0.0,0.0,0.0,0.0,0.0,0.0,0.0,0.0,0.0,0.0,0.0,0.0,0.0,0.0,0.0,0.0,0.0,0.0,0.0,0.0,0.0,0.0,0.0,0.0,0.0,0.0,0.0,0.0,0.0,0.0,0.0,0.0,0.0,0.0,0.0,0.0,0.0,0.0,0.0,0.0,0.0,0.0,0.0,0.0,0.0,0.0,0.0,0.0,0.0,0.0,0.0,0.0,0.0,0.0,0.0,0.0,0.0,0.0,0.0,0.0,0.0,0.0,0.0,0.0,0.0,0.0,0.0,0.0,0.0,0.0,0.0,0.0,0.0,0.0,0.0,0.0,0.0,0.0,0.0,0.0,0.0,0.0,0.0,0.0,0.0,0.0,0.0,0.0,0.0,0.0,0.0,0.0,0.0,0.0,0.0,0.0,0.0,0.0,0.0,0.0,0.0,0.0,0.0,0.0,0.0,0.0,0.0,0.0,0.0,0.0,0.0,0.0,0.0,0.0,0.0,0.0,0.0,0.0,0.0,0.0,0.0,0.0,0.0,0.0,0.0,0.0,0.0,0.0,0.0,0.0,0.0,0.0,0.0,0.0,0.0,0.0,0.0,0.0,0.0,0.0,0.0,0.0,0.0,0.0,0.0,0.0,0.0,0.0,0.0,0.0,0.0,0.0,0.0,0.0,0.0,0.0,0.0,0.0,0.0,0.0,0.0,0.0,0.0,0.0,0.0,0.0,0.0,0.0,0.0,0.0,0.0,0.0,0.0,0.0,0.0,0.0,0.0,0.0,0.0,0.0,0.0,0.0,0.0,0.0,0.0,0.0,0.0,0.0,0.0,0.0,0.0,0.0,0.0,0.0,0.0,0.0,0.0,0.0,0.0,0.0,0.0,0.0,0.0,0.0,0.0,0.0,0.0,0.0,0.0,0.0,0.0,0.0,0.0,0.0,0.0,0.0,0.0,0.0,0.0,0.0,0.0,0.0,0.0,0.0,0.0,0.0,0.0,0.0,0.0,0.0,0.0,0.0,0.0,0.0,0.0,0.0,0.0,0.0,0.0,0.0,0.0,0.0,0.0,0.0,0.0,0.0,0.0,0.0,0.0,0.0,0.0,0.0,0.0,0.0,0.0,0.0,0.0,0.0,0.0,0.0,0.0,0.0,0.0,0.0,0.0,0.0,0.0,0.0,0.0,0.0,0.0,0.0,0.0,0.0,0.0,0.0,0.0,0.0,0.0,0.0,0.0,0.0,0.0,0.0,0.0,0.0,0.0,0.0,0.0,0.0,0.0,0.0,0.0,0.0,0.0,0.0,0.0,0.0,0.0,0.0,0.0,0.0,0.0,0.0,0.0,0.0,0.0,0.0,0.0,0.0,0.0,0.0,0.0,0.0,0.0,0.0,0.0,0.0,0.0,0.0,0.0,0.0,0.0,0.0,0.0,0.0,0.0,0.0,0.0,0.0,0.0,0.0,0.0,0.0,0.0,0.0,0.0,0.0,0.0,0.0,0.0,0.0,0.0,0.0,0.0,0.0,0.0,0.0,0.0,0.0,0.0,0.0,0.0,0.0,0.0,0.0,0.0,0.0,0.0,0.0,0.0,0.0,0.0,0.0,0.0,0.0,0.0,0.0,0.0,0.0,0.0,0.0,0.0,0.0,0.0,0.0,0.0,0.0,0.0,0.0,0.0,0.0,0.0,0.0,0.0,0.0,0.0,0.0,0.0,0.0,0.0,0.0,0.0,0.0,0.0,0.0,0.0,0.0,0.0,0.0,0.0,0.0,0.0,0.0,0.0,0.0,0.0,0.0,0.0,0.0,0.0,0.0,0.0,0.0,0.0,0.0,0.0,0.0,0.0,0.0,0.0,0.0,0.0,0.0,0.0,0.0,0.0,0.0,0.0,0.0,0.0,0.0,0.0,0.0,0.0,0.0,0.0,0.0,0.0,0.0,0.0,0.0,0.0,0.0,0.0,0.0,0.0,0.0,0.0,0.0,0.0,0.0,0.0,0.0,0.0,0.0,0.0,0.0,0.0,0.0,0.0,0.0,0.0,0.0,0.0,0.0,0.0,0.0,0.0,0.0,0.0,0.0,0.0,0.0,0.0,0.0,0.0,0.0,0.0,0.0,0.0,0.0,0.0,0.0,0.0,0.0,0.0,0.0,0.0,0.0,0.0,0.0,0.0,0.0,0.0,0.0,0.0,0.0,0.0,0.0,0.0,0.0,0.0,0.0,0.0,0.0,0.0,0.0,0.0,0.0,0.0,0.0,0.0,0.0,0.0,0.0,0.0,0.0,0.0,0.0,0.0,0.0,0.0,0.0,0.0,0.0,0.0,0.0,0.0,0.0,0.0,0.0,0.0,0.0,0.0,0.0,0.0,0.0,0.0,0.0,0.0,0.0,0.0,0.0,0.0,0.0,0.0,0.0,0.0,0.0,0.0,0.0,0.0,0.0,0.0,0.0,0.0,0.0,0.0,0.0,0.0,0.0,0.0,0.0,0.0,0.0,0.0,0.0,0.0,0.0,0.0,0.0,0.0,0.0,0.0,0.0,0.0,0.0,0.0,0.0,0.0,0.0,0.0,0.0,0.0,0.0,0.0,0.0,0.0,0.0,0.0,0.0,0.0,0.0,0.0,0.0,0.0,0.0,0.0,0.0,0.0,0.0,0.0,0.0,0.0,0.0,0.0,0.0,0.0,0.0,0.0,0.0,0.0,0.0,0.0,0.0,0.0,0.0,0.0,0.0,0.0,0.0
0.79497695,0.80245686,0.7998259,0.80645084,0.800851,0.7946907,0.8102704,0.8048531,0.7979942,0.80448335,0.80414385,0.8097529,0.7970953,0.8009214,0.8059633,0.80317783,0.80036324,0.7836732,0.8005722,0.8046178,0.79477364,0.79645467,0.8020975,0.8044282,0.800507,0.7972752,0.7922535,0.8037166,0.81105065,0.80902475,0.7868277,0.79362184,0.80313474,0.8232207,0.8076003,0.807561,0.8067677,0.8058477,0.79012704,0.8002177,0.8030329,0.80523723,0.79307896,0.7939903,0.8057448,0.7899102,0.80981433,0.8020309,0.804277,0.8031669,0.7990587,0.803266,0.803774,0.8043038,0.80150694,0.79977334,0.80953777,0.80026937,0.7891763,0.80366176,0.7947682,0.7871472,0.8028351,0.7966914,0.79358137,0.81167036,0.7975241,0.8032586,0.8002126,0.7993731,0.80593264,0.8076572,0.8032894,0.80466366,0.80414027,0.8073203,0.78769386,0.80204016,0.8046011,0.79433393,0.8031926,0.8041971,0.7992104,0.7989231,0.8043399,0.7992282,0.80818605,0.8216294,0.8085223,0.80930847,0.8053827,0.79356617,0.8074715,0.79918146,0.7852565,0.7984627,0.7919291,0.79654586,0.7973676,0.7965293,0.81436205,0.80926174,0.79302335,0.8094853,0.80911046,0.8065883,0.8023421,0.79019254,0.80711776,0.79657817,0.8050556,0.8060475,0.8034972,0.81357,0.79599994,0.7951902,0.8097669,0.808567,0.7962472,0.7925679,0.7966072,0.77890605,0.8033719,0.8025656,0.8120006,0.7929997,0.8089316,0.7981663,0.7990465,0.80678797,0.79966223,0.8069014,0.8018275,0.79777294,0.8077511,0.8068303,0.810811,0.8032414,0.80428135,0.8054555,0.8015397,0.8109123,0.7974691,0.7875827,0.81202996,0.7884763,0.81037873,0.7906529,0.80258876,0.8071575,0.80622977,0.78311306,0.7965744,0.8031069,0.80091316,0.7991886,0.79807377,0.799446,0.8041865,0.8121828,0.79951,0.80557615,0.81681937,0.8031983,0.79938865,0.80617756,0.8020917,0.78845537,0.80275685,0.81168383,0.8043851,0.8061317,0.8082583,0.78901714,0.7952116,0.8046586,0.79470813,0.79968506,0.80729055,0.79527724,0.80309737,0.8081563,0.79753846,0.8059325,0.7956669,0.7936777,0.79535884,0.79342633,0.7846541,0.80613565,0.78652114,0.80632013,0.8056395,0.81107414,0.7980481,0.8089957,0.7994809,0.8028291,0.80266327,0.8038398,0.79607177,0.8109185,0.81094533,0.7761719,0.8091797,0.79737324,0.80418277,0.79818815,0.79638016,0.7974657,0.78939223,0.8024348,0.8182473,0.80918217,0.8022422,0.79906946,0.8078187,0.8172881,0.7972605,0.8001227,0.8060743,0.8112838,0.81080234,0.80997163,0.7865824,0.79228055,0.80687815,0.8017739,0.7916876,0.8018047,0.8059281,0.7924814,0.79416907,0.79559666,0.7881951,0.80259764,0.78737134,0.8024809,0.7997315,0.8047115,0.80861944,0.80640113,0.818364,0.8065383,0.80319995,0.8027188,0.8073401,0.8050944,0.8038342,0.7879362,0.7954552,0.7940206,0.8019355,0.8000706,0.78261447,0.80163455,0.80719763,0.7908393,0.7895988,0.80911714,0.8043263,0.8035306,0.80602443,0.7948353,0.80242795,0.7991812,0.80499756,0.81651473,0.8032235,0.79831076,0.7926406,0.79000044,0.80655175,0.7951389,0.8121886,0.7921635,0.80893606,0.8075244,0.8072164,0.79368556,0.78864545,0.8029148,0.8176426,0.80466855,0.80100083,0.80856913,0.79670835,0.8060093,0.8148979,0.81051314,0.7951531,0.8022149,0.7981768,0.7895366,0.79187936,0.82005334,0.8021732,0.78749645,0.80069286,0.8079076,0.7957893,0.81133884,0.79322654,0.80760354,0.80738115,0.79585236,0.8041101,0.7988594,0.79728425,0.8046616,0.7988362,0.7876952,0.81910676,0.7977077,0.7861526,0.79990953,0.8009382,0.79894465,0.8015195,0.7979483,0.8002075,0.79391253,0.7963768,0.79708123,0.80176544,0.797411,0.7961897,0.7948105,0.79387325,0.7980464,0.80776304,0.80700755,0.8062389,0.7936526,0.7980027,0.80445015,0.7954562,0.8010654,0.7817277,0.79251015,0.7990792,0.7995123,0.80253774,0.7893786,0.7993007,0.8023409,0.79651606,0.799421,0.79611224,0.79141456,0.8073068,0.8128705,0.7919261,0.8088649,0.8060343,0.8009146,0.7909622,0.7856932,0.79823244,0.7963231,0.80585593,0.7953806,0.8041024,0.8004976,0.80556476,0.8035553,0.80857086,0.8077284,0.79484844,0.80881923,0.80223846,0.79255426,0.821614,0.80960786,0.80184454,0.8017384,0.8130466,0.80125064,0.810195,0.8107963,0.80643696,0.7957596,0.7946773,0.79105836,0.8098731,0.7939542,0.8169542,0.79929477,0.8004518,0.80595684,0.81509054,0.79287463,0.80037296,0.80940545,0.79896146,0.7976842,0.8064093,0.8033911,0.8079185,0.7996352,0.7954954,0.7964131,0.80291885,0.8070095,0.7984272,0.8123759,0.81299925,0.7939057,0.80542016,0.8036405,0.8002296,0.8012638,0.8042081,0.79485714,0.8148728,0.7881066,0.7968027,0.80644345,0.8075461,0.8013525,0.7958084,0.806598,0.80208087,0.7954113,0.7872154,0.8042816,0.7857049,0.7955819,0.8011712,0.7964028,0.8121749,0.7970408,0.79851425,0.79623926,0.8019683,0.79386955,0.8212056,0.7925141,0.80470043,0.80017823,0.80859774,0.79448134,0.8021803,0.79971266,0.7945928,0.79580104,0.7978275,0.8072309,0.7906619,0.8026306,0.8081856,0.79878765,0.8026037,0.79975766,0.80482477,0.79957384,0.80599314,0.7912175,0.8068732,0.79306895,0.79937434,0.7983868,0.7957449,0.80782723,0.8020653,0.8029659,0.8032744,0.79892457,0.80309045,0.80759376,0.79962516,0.8037478,0.816054,0.79422194,0.80194664,0.8043775,0.79936546,0.7918724,0.7978256,0.8023271,0.7921878,0.7981972,0.8088434,0.80309325,0.8056297,0.81008905,0.793025,0.8055831,0.8000469,0.80203855,0.80591214,0.80085486,0.8003339,0.7974516,0.7983071,0.8081769,0.79855776,0.796391,0.79772925,0.79128665,0.8065931,0.80516624,0.80351615,0.7913712,0.79483026,0.80343735,0.8140214,0.7926832,0.7992795,0.80019736,0.8021907,0.8219012,0.79271626,0.79228944,0.7974589,0.7920239,0.8020073,0.8004467,0.8005499,0.8019624,0.8113609,0.80163556,0.79171795,0.80033475,0.8088685,0.7921073,0.8006133,0.80089015,0.79735833,0.7916166,0.80689174,0.7994374,0.80737,0.7975287,0.79606426,0.80380875,0.8121565,0.8075792,0.790314,0.79445297,0.7995549,0.8029415,0.7930822,0.80978924,0.80752087,0.79176307,0.8027312,0.798347,0.7890795,0.7952645,0.8077443,0.795788,0.7995202,0.79059935,0.8010164,0.7867761,0.80600846,0.81359285,0.7956985,0.8042569,0.8064702,0.8042234,0.7944289,0.7939217,0.7900255,0.8127676,0.80988765,0.7954555,0.79583186,0.8060076,0.8021934,0.79208523,0.8120858,0.7902203,0.81102824,0.79795164,0.79124475,0.789591,0.80328536,0.79069346,0.79347533,0.7987466,0.81087697,0.79615456,0.8103644,0.79338425,0.8074267,0.7954046,0.7975449,0.80908227,0.805789,0.80332243,0.7891039,0.8055021,0.7969122,0.8050196,0.80054945,0.80777144,0.8146739,0.80271053,0.81731296,0.80208975,0.7863495,0.79997194,0.8036263,0.80289173,0.7964884,0.8068621,0.8096953,0.80215925,0.804246,0.80416876,0.81377333,0.813985,0.8086282,0.7789956,0.7902153,0.80126345,0.8009152,0.80578274,0.8130157,0.8068114,0.8009517,0.8094325,0.7971022,0.8021092,0.79827505,0.8027489,0.8010762,0.79287606,0.80576634,0.8047602,0.80392265,0.7859153,0.793455,0.8070732,0.80935156,0.8026016,0.8153267,0.81380486,0.7919836,0.7900222,0.80464226,0.7798883,0.79779637,0.7862748,0.8065479,0.8080822,0.80034345,0.79530066,0.7931039,0.80532503,0.8005993,0.80206263,0.8053522,0.79188436,0.81147754,0.8022028,0.79769015,0.78713155,0.80608964,0.80308473,0.8028633,0.7984139,0.794839,0.8004783,0.8082149,0.7976733,0.8077052,0.7990272,0.79152554,0.8070846,0.8046648,0.7903777,0.79347706,0.8027994,0.80638665,0.79140216,0.8033792,0.7966877,0.7921724,0.8031076,0.7931818,0.8005808,0.8074081,0.81095487,0.81227297,0.80053604,0.8082516,0.79470056,0.80373657,0.7981196,0.794807,0.80561715,0.80763316,0.8063525,0.80626935,0.7969429,0.8086111,0.8090678,0.8059581,0.79518944,0.8084495,0.80429786,0.79381055,0.7974963,0.799663,0.7925994,0.8119251,0.796461,0.8076271,0.79057527,0.79260415,0.8050871,0.7946769,0.7983082,0.8025097,0.7933226,0.7990137,0.8042973,0.7920076,0.80092376,0.79725015,0.7935971,0.79351765,0.8071406,0.8027706,0.80289733,0.8182889,0.79245764,0.80671465,0.7986945,0.80346304,0.8038821,0.81115085,0.7994751,0.8020981,0.8079064,0.7990089,0.799264,0.79239386,0.7912849,0.787444,0.79392594,0.7942321,0.81402683,0.80121183,0.8140205,0.8000054,0.7919268,0.8040966,0.8047887,0.80691534,0.8089951,0.80255556,0.79587746,0.801347,0.7896256,0.80416316,0.8060077,0.7938537,0.7881216,0.8147538,0.8002589,0.7859798,0.7941084,0.80056185,0.80655485,0.8122027,0.79541814,0.7970969,0.8139073,0.7864746,0.8058226,0.8146416,0.7866637,0.8110008,0.8001746,0.81129724,0.81131625,0.8022462,0.8047356,0.8076034,0.80242866,0.80369,0.79264164,0.8128832,0.8012062,0.79914767,0.8082014,0.80378085,0.79456913,0.80962795,0.800521,0.8062104,0.80279744,0.8030486,0.788264,0.802141,0.79913163,0.80153376,0.79795206,0.80055326,0.81157005,0.7951779,0.803504,0.814229,0.79943395,0.8174632,0.8183869,0.8004972,0.79706186,0.7908308,0.79083806,0.788069,0.8011228,0.80854076,0.7999276,0.79992044,0.8148592,0.8063576,0.80157226,0.78765833,0.80083793,0.8026205,0.7957804,0.7975396,0.79715985,0.79890966,0.8029541,0.80118114,0.79350454,0.79704386,0.79301584,0.81065875,0.78528714,0.79164404,0.79569554,0.80535984,0.80897593,0.81419307,0.8002663,0.7929809,0.8060997,0.8030119,0.790553,0.8047694,0.80091006,0.8056785,0.8175631,0.79651845,0.8029235,0.81241417,0.8005511,0.7999692,0.8110761,0.8070698,0.8022709,0.790831,0.8070969,0.7996539,0.80286586,0.8151304,0.80298054,0.79702634,0.813512,0.79870373,0.81143755,0.80619556,0.8048033,0.7938915,0.81337494,0.7845146,0.7904862,0.79242766,0.805283,0.7966927,0.8072488,0.78827447,0.809812,0.7977782,0.8122173,0.8148138,0.8054856,0.7957847,0.80510366,0.7917916,0.78582263,0.8020656,0.80182946,0.7990221,0.7856908,0.79992867,0.79321367,0.8047262,0.7994634,0.8024584,0.7996273,0.81013805,0.81470907,0.81525,0.8001441,0.81827885,0.8005574,0.8020688,0.79875296,0.81874055,0.8105567,0.8013216,0.79918987,0.79531896,0.80067635,0.7984991,0.8031711,0.79899466,0.8038974,0.80021185,0.7957784,0.7985074,0.79156345,0.7862368,0.7987237,0.81503737,0.7958113,0.78748024,0.81344646,0.7908098,0.80414116,0.7992075,0.8103185,0.807625,0.7957124,0.7980358,0.79662627,0.7971625,0.8022771,0.8121602,0.802324,0.8049068,0.8060282,0.79929626,0.796641,0.7959338,0.81279236,0.78870475,0.79694045,0.7950962,0.79343474,0.80019283,0.7974339,0.79684705,0.7933504,0.79900783,0.8038466,0.794108,0.8034613,0.8057043,0.80183417,0.79706246,0.8045518,0.79469633,0.806399,0.79561675,0.804408,0.8012973,0.8084218,0.8002183,0.8026629,0.7990356,0.7968913,0.8020846,0.79853505,0.80643773,0.79961765,0.79536265,0.799951,0.80948967,0.80174404,0.7917863,0.8079503,0.7913265,0.8041072,0.80254537,0.79756135,0.8005149,0.8000546,0.79843175,0.79258317,0.8196859,0.79953355,0.80718005,0.79876196,0.8133785,0.79916734,0.794046,0.798809,0.8041596,0.7983837,0.79217255,0.80579275
0.78109735,0.7848405,0.7748287,0.78969735,0.7685293,0.7750972,0.78106225,0.7863366,0.7969871,0.78847975,0.7659965,0.7836981,0.7678844,0.765037,0.7749595,0.7844501,0.7619733,0.77622783,0.76894283,0.7697515,0.77157253,0.78064287,0.7728575,0.78994113,0.78243923,0.7783866,0.77208567,0.7854697,0.7722583,0.78954214,0.7724174,0.78411496,0.7764521,0.8043956,0.7859624,0.77589476,0.78480345,0.7658884,0.7726026,0.7754471,0.77613807,0.7693678,0.7696479,0.7819671,0.7860688,0.7771041,0.78649276,0.7701435,0.7926655,0.7773059,0.7764144,0.7789624,0.7813435,0.77254456,0.7833876,0.7864878,0.76501644,0.7749647,0.7817438,0.77943546,0.76960427,0.75978065,0.7754179,0.76293486,0.77435935,0.78086865,0.782805,0.77940047,0.7741358,0.77736443,0.78128725,0.8090069,0.77828914,0.79171354,0.779389,0.78515214,0.79531205,0.7586147,0.7781683,0.78628045,0.7805154,0.7676805,0.7812083,0.7890482,0.7872849,0.77346253,0.7796062,0.7959814,0.77868795,0.7821727,0.784373,0.77350265,0.77128613,0.7889813,0.78133976,0.77304876,0.77448124,0.7750292,0.7703872,0.77706015,0.7963452,0.77285254,0.7805788,0.77105546,0.7723335,0.7762456,0.78181785,0.7560533,0.7805648,0.7798631,0.7787864,0.7798527,0.7913026,0.7886008,0.7858675,0.7792483,0.7775087,0.80050486,0.77505577,0.7767365,0.77484983,0.76882607,0.79364383,0.76829237,0.78294665,0.79021215,0.77806085,0.7890587,0.7865425,0.7826223,0.77473813,0.7795086,0.77891797,0.7819281,0.7770111,0.7959527,0.77425766,0.77882653,0.785329,0.7764709,0.78059596,0.7911488,0.77459615,0.76857066,0.7916047,0.76767904,0.7978541,0.77658314,0.7907615,0.7828195,0.78014296,0.7763945,0.7767592,0.7830833,0.7791592,0.7724056,0.796349,0.7762252,0.78600115,0.7880058,0.78923076,0.7865218,0.7823628,0.7860157,0.7886464,0.7854784,0.7830227,0.7819145,0.76967627,0.7933494,0.79138577,0.7732003,0.780764,0.7796249,0.7797624,0.7776373,0.7787222,0.77933395,0.78959155,0.7651694,0.7855969,0.79055446,0.7893578,0.76966166,0.7753717,0.7769751,0.7910682,0.79333144,0.7627636,0.78616863,0.77124506,0.7904818,0.76771635,0.7974838,0.7827639,0.76978976,0.767657,0.7905205,0.78375816,0.78330266,0.7838166,0.7823027,0.793227,0.78497416,0.7863369,0.7698144,0.7887681,0.7747275,0.78381,0.78039795,0.7603688,0.7815816,0.78660166,0.7722485,0.78975904,0.7816339,0.7716973,0.7779539,0.77215147,0.7906065,0.7749942,0.7782503,0.7872087,0.7913632,0.7682997,0.76651156,0.7858546,0.7800833,0.7662687,0.7773028,0.78511953,0.7730648,0.7755927,0.7812872,0.77792954,0.78048754,0.7676125,0.78863007,0.764171,0.7762989,0.7887064,0.77861595,0.7909879,0.7781308,0.78132033,0.7859297,0.7796518,0.7781331,0.78703725,0.7707112,0.7834127,0.7802017,0.7741801,0.7812827,0.7635367,0.78429955,0.76357806,0.7705594,0.7669845,0.7812955,0.7796785,0.7867936,0.7933555,0.78213316,0.79051614,0.772758,0.79039556,0.78530484,0.77651834,0.78989315,0.78315234,0.7895138,0.7931845,0.767624,0.770462,0.7749845,0.79189634,0.788749,0.7762177,0.78164345,0.77458364,0.78967637,0.7848707,0.77234316,0.7819953,0.77934414,0.78802794,0.76566553,0.7898034,0.78464675,0.7812652,0.77790576,0.77428144,0.7725748,0.7748737,0.7816249,0.77070814,0.7854694,0.77772534,0.78258,0.7843285,0.7799453,0.7731653,0.7775558,0.78424996,0.7697259,0.77180207,0.79415566,0.7739277,0.7829014,0.7750805,0.75189483,0.8042657,0.7856583,0.76607764,0.7867435,0.78576225,0.77132607,0.7815325,0.7878017,0.7884111,0.76741844,0.7801668,0.7796745,0.77999675,0.7897996,0.7931432,0.77836835,0.7778694,0.7807536,0.78399736,0.7766443,0.7974674,0.7883588,0.78308666,0.76789594,0.79488045,0.77986294,0.7709346,0.77882636,0.789953,0.77722895,0.78424805,0.77408475,0.77524084,0.7693444,0.7727326,0.784094,0.76640725,0.78671885,0.7791204,0.7836385,0.7807788,0.78674376,0.7878895,0.7776375,0.78175235,0.76380414,0.7801774,0.77198553,0.775992,0.7919533,0.78429484,0.7748626,0.78032875,0.776804,0.7846341,0.7834404,0.7827364,0.77103966,0.7755919,0.7807823,0.777762,0.7824382,0.78248274,0.78720397,0.7916381,0.80129063,0.7810843,0.7904263,0.78169537,0.7871903,0.77979875,0.77713513,0.7572135,0.78469265,0.78330547,0.78958297,0.77289796,0.7715769,0.77185,0.77582115,0.77826005,0.7912672,0.7859866,0.7825392,0.7684487,0.783313,0.774875,0.76149166,0.7651949,0.7724529,0.7864835,0.77338386,0.7759892,0.7799699,0.782509,0.77011603,0.7952468,0.78018916,0.77068,0.79867435,0.7792959,0.7735486,0.78114873,0.7712783,0.7744261,0.78821594,0.7831753,0.7744851,0.7969206,0.7795882,0.77667665,0.77881634,0.7764204,0.7753072,0.75879574,0.7723601,0.79251283,0.7884152,0.7826774,0.7783766,0.7780436,0.7778002,0.78021204,0.7764322,0.79407346,0.76803964,0.76725256,0.78983647,0.7866559,0.78362405,0.7769972,0.7762838,0.78153044,0.7809978,0.7832811,0.7911929,0.7556963,0.7762403,0.78939384,0.76685935,0.7791804,0.7807927,0.78010565,0.773323,0.7939534,0.7712415,0.78632164,0.77266943,0.7862524,0.7792507,0.7680219,0.788442,0.78747565,0.78821397,0.7597094,0.7704597,0.7817013,0.78435254,0.7698463,0.78374517,0.80472296,0.7753662,0.78639895,0.7735917,0.77048594,0.77478856,0.78353864,0.7955139,0.77826566,0.78112143,0.7775748,0.78509325,0.7739911,0.782433,0.77192557,0.7797318,0.78763354,0.77214056,0.7901078,0.7810093,0.78213614,0.7915814,0.78667814,0.7939091,0.7765647,0.7851407,0.7828392,0.77195454,0.7752642,0.7761392,0.762319,0.7896006,0.7803654,0.77972096,0.7680775,0.7805191,0.77616334,0.7724794,0.77716297,0.78467274,0.7759444,0.7761995,0.7712082,0.7787244,0.782987,0.7889488,0.78725624,0.7911844,0.77233976,0.7722863,0.7786573,0.77886355,0.7837793,0.77794266,0.78403604,0.77028894,0.7638781,0.7776486,0.77823615,0.7828007,0.7726211,0.7881758,0.7927117,0.7910283,0.77954614,0.77834845,0.7751583,0.77856094,0.78142077,0.7755198,0.7888531,0.77666086,0.7749666,0.7667042,0.7837024,0.7908939,0.76734096,0.7754028,0.80260664,0.773621,0.78556263,0.7739651,0.77907443,0.7628767,0.78516906,0.787319,0.7689221,0.78113896,0.78281915,0.77613944,0.7949932,0.77586794,0.7740115,0.7780098,0.7873131,0.77309054,0.7672857,0.79619724,0.77694196,0.7783506,0.79369485,0.7756999,0.78281057,0.775957,0.77022123,0.76547974,0.7895002,0.77181554,0.78590596,0.77783495,0.78355724,0.77769136,0.7829551,0.775212,0.77742594,0.79560685,0.77309513,0.7765817,0.7862392,0.7728176,0.7818129,0.77440083,0.77522457,0.77658373,0.7738586,0.7870698,0.7872941,0.7864117,0.77738416,0.7840552,0.7650351,0.76957256,0.7880237,0.78603214,0.7866105,0.78219944,0.79162407,0.77596736,0.77585614,0.77887136,0.796764,0.77722496,0.7546875,0.7808184,0.7871024,0.77930874,0.76572114,0.7867866,0.7842978,0.78378654,0.77667904,0.7921314,0.79856503,0.77239746,0.7705129,0.78249145,0.7840882,0.78418624,0.79000556,0.779495,0.78089786,0.7771077,0.7794916,0.78481525,0.7838607,0.7706023,0.78797734,0.7868039,0.784549,0.7793664,0.77757233,0.7720403,0.7776924,0.77323586,0.7918947,0.781597,0.7812626,0.7782397,0.767376,0.779018,0.77621585,0.78360814,0.78029144,0.7832408,0.7674391,0.780456,0.7783126,0.7699514,0.78160477,0.7846992,0.7848245,0.7723415,0.7727615,0.7771491,0.76802164,0.7876609,0.7731336,0.7769277,0.7752759,0.7784879,0.77431536,0.7830965,0.7608182,0.77904665,0.7823664,0.7763775,0.782397,0.78047,0.77923316,0.77776307,0.76647055,0.7909807,0.78519714,0.7895794,0.7786422,0.78237724,0.7821231,0.78898907,0.78786707,0.7725354,0.78726405,0.7828002,0.7787592,0.7740219,0.7784402,0.7830633,0.7743871,0.77771926,0.78153586,0.79755735,0.7892507,0.76822126,0.7814321,0.7857907,0.75667185,0.7779168,0.7708298,0.7664663,0.7932951,0.76719683,0.7658049,0.7848331,0.7787935,0.78296757,0.7732313,0.7679172,0.78600806,0.7880493,0.7801064,0.80034,0.78762347,0.7647766,0.7680492,0.77437913,0.7829223,0.77400213,0.7868235,0.77722156,0.7866871,0.7801934,0.78356963,0.7779113,0.79848516,0.77471733,0.77452177,0.77663743,0.77803385,0.7850815,0.7676439,0.7725515,0.7723188,0.7810002,0.7718146,0.787456,0.7790345,0.7832533,0.7711822,0.7665669,0.78356874,0.76660365,0.7961892,0.77212006,0.7776346,0.7739006,0.7763857,0.75797164,0.78443205,0.791905,0.76885974,0.7842277,0.7898499,0.7813593,0.7810699,0.7840201,0.7766,0.78971153,0.79733086,0.77785486,0.7661851,0.7770082,0.76563597,0.78389984,0.7969203,0.7775201,0.77307683,0.77944934,0.800998,0.78206086,0.7659947,0.7759437,0.76919293,0.7781694,0.7677322,0.76779807,0.8095747,0.7866671,0.78091156,0.78352493,0.7903484,0.7823198,0.7798769,0.78095794,0.7901897,0.77825946,0.7824062,0.76529926,0.78727305,0.76402575,0.77943003,0.78105587,0.779063,0.77265567,0.7816154,0.7827306,0.7976209,0.777238,0.7810505,0.7811447,0.7885216,0.78617394,0.7659195,0.7765626,0.76565135,0.7699547,0.7604224,0.7843201,0.78261656,0.7835006,0.78129184,0.7759495,0.7912799,0.77174354,0.77670586,0.7653297,0.7791121,0.77186114,0.76640004,0.7866875,0.7835707,0.7763297,0.774057,0.7840411,0.7868124,0.77401114,0.7682766,0.7691512,0.79584855,0.794301,0.78202343,0.7714279,0.7858568,0.7872056,0.76879466,0.77130485,0.777092,0.7799491,0.7808229,0.79250336,0.7769407,0.79231584,0.78228873,0.78035986,0.7850558,0.7683863,0.7890098,0.7805714,0.7721613,0.7828409,0.77019054,0.78697455,0.7819713,0.7853592,0.7729223,0.77917594,0.79466635,0.7851052,0.7754972,0.7809877,0.77723044,0.7828722,0.766249,0.76484454,0.7533495,0.77442956,0.79058594,0.7839737,0.7605543,0.780081,0.7925466,0.77769834,0.7843926,0.78910094,0.7699537,0.7842318,0.77664185,0.7696717,0.776536,0.779681,0.7686769,0.7748473,0.7744867,0.78375155,0.7662775,0.7934256,0.7801708,0.7693364,0.7870266,0.7822857,0.77865225,0.78073895,0.8013675,0.78426266,0.78939116,0.7865059,0.7757914,0.7923556,0.778195,0.7810651,0.78733426,0.7829534,0.7682918,0.789108,0.76244,0.78897655,0.79988456,0.76309204,0.7717622,0.78975797,0.7643235,0.7904732,0.7702729,0.773603,0.77305454,0.7831942,0.7666673,0.76199317,0.7823882,0.7801948,0.7897651,0.7863153,0.7731026,0.7793771,0.7755142,0.7794102,0.786467,0.7715919,0.7775259,0.77084064,0.77748454,0.7724975,0.7785349,0.77887493,0.77368444,0.7576019,0.76709414,0.7774267,0.76747346,0.7872119,0.775993,0.78338027,0.7902764,0.78633946,0.77845615,0.79619765,0.79231566,0.7694493,0.7717093,0.77468896,0.7940144,0.7941256,0.7712553,0.7726604,0.77759033,0.7699911,0.781577,0.7818374,0.7745506,0.77768403,0.777619,0.7790369,0.7749779,0.7858105,0.7768105,0.781932,0.787967,0.7798678,0.77703786,0.7796901,0.7869623,0.78059864,0.79071224,0.77471066,0.78116,0.777373,0.78127664,0.78781515,0.7900126,0.761291,0.77267015,0.793256,0.782275,0.7878665,0.7736165,0.7879648,0.77852625,0.77937514,0.76446146,0.78997463
1.0218333,1.0139922,1.0214467,1.0239843,1.0143139,1.0269568,1.0190287,1.019871,1.0050193,1.0004741,1.0156589,1.0221696,1.0203122,1.0318023,1.0201703,1.032032,0.99815506,1.0201751,1.0196413,1.0079439,1.0210556,1.0120561,1.0186393,1.0409759,1.0336214,1.0161852,1.008974,1.0140215,1.0213747,1.0159073,1.026134,1.0169654,1.0211121,1.0148265,1.0321429,1.0247152,1.0214739,1.0157819,1.0208569,1.0083296,1.0155073,1.016911,1.0169854,1.0164431,1.0154197,1.0140637,1.0002131,1.0115741,1.0232375,1.0256567,1.0046217,1.0026969,1.0116613,1.0258123,0.9981343,0.99959064,1.0203012,1.0184457,0.9995086,1.0164973,1.0308878,1.01665,1.0202336,1.01782,0.99531174,1.0268863,1.0047258,1.0266031,1.0187963,1.0118754,1.0075572,1.0158418,1.0097817,1.0202254,1.0097438,1.0060992,1.010965,1.0083823,1.0257165,1.0103595,1.0187759,1.029847,1.0220933,1.0075579,1.015758,1.006598,1.0082854,1.0266043,1.0194601,1.0233892,1.0399663,1.0051984,1.030182,1.0198237,1.0258942,1.0165714,1.0076152,1.0202304,1.0207841,1.0059192,1.0270374,1.0008541,1.0116132,0.9945175,1.0266442,1.0168486,1.0183022,1.0119207,1.0176911,1.0120313,1.0139005,1.0089179,1.014645,1.0216041,1.0184858,1.0124396,1.0076559,1.0222533,1.0202955,1.0123042,1.0059913,0.9965572,1.0142206,1.0048981,1.0174894,1.0216703,1.001483,1.009263,1.030799,1.01657,1.0105054,1.01135,1.0196016,1.0245092,1.0154294,1.013312,1.0274962,1.0080286,1.0097765,1.0174003,1.0191425,1.0076208,1.0374146,1.0033599,1.0322623,1.0154654,1.0293397,1.0109457,1.0242926,1.0198203,1.0081761,1.0304881,1.0121089,1.0059863,1.0047368,1.0164272,1.019283,1.020501,1.0202807,1.012199,1.0225072,1.0113915,1.0086497,1.0206827,1.0255953,1.0245479,1.0037326,1.011666,1.0103627,1.0195826,1.0164086,0.9980881,1.0189276,1.0107598,1.0135301,0.99992186,1.0310766,1.016361,1.0232619,1.0090367,1.0196521,1.0182661,1.0224328,1.0200561,1.022829,1.0247743,1.0179819,1.002144,1.0100138,1.026259,1.0190609,1.0295622,1.0253586,1.0093713,1.0385911,1.0093983,1.0137156,1.0232052,1.0168949,1.0268769,1.0099056,1.0249695,1.0243932,1.0219724,1.0172694,0.99937993,1.00177,1.0171814,1.0146288,1.0169171,1.0284342,1.0231838,1.0203906,1.0218496,1.0111946,1.0223405,1.0180401,1.0296628,1.0227779,1.0223513,1.02336,1.0079659,1.0276401,1.014826,1.0032791,1.0138756,1.0275317,1.023349,1.0083739,1.0099746,1.0169251,1.0247595,1.010446,1.0160016,1.0054736,1.0128106,1.017885,1.0187557,1.0170734,1.0214679,1.0175997,1.0199636,1.0253086,1.0326419,1.0109771,1.0298337,1.0341244,1.010411,1.0164686,1.0188466,1.0064534,1.0243337,1.0278699,1.0024078,1.0047158,1.0217246,1.0198584,1.0184093,1.0182458,1.0066966,1.0062015,1.0188019,1.013283,1.0180606,1.011306,1.0375378,1.0143881,1.0191505,1.0107563,1.0323255,1.0098376,1.0053163,1.0177809,1.0188029,1.0153451,1.0214207,1.0094526,1.0140402,1.020824,1.0101763,1.0102748,1.0088094,1.0137663,1.0128906,1.0229061,1.0223225,1.0286824,1.0211401,1.0205781,1.0183623,1.0108433,1.0204196,1.0090264,1.019112,1.0148273,1.0154251,1.014015,1.0290062,1.0301766,1.0230271,1.0142473,1.0192922,1.0127603,1.0179497,1.0165616,1.0144278,1.0135722,1.0201398,1.0186623,1.0102183,1.0069306,1.0284245,1.0026724,1.0173739,1.019413,1.0185385,1.0226674,1.0176345,1.0275426,1.0241129,1.0252103,1.0267617,1.0210503,0.9940709,1.0143461,1.0125195,1.0211451,1.0082965,1.0175627,1.0216898,1.0255314,1.0242832,1.0218443,1.0181518,1.0073894,1.0259955,1.0184059,1.0258259,1.0057352,1.0208026,1.012833,1.0118284,1.0146002,1.0139109,1.0285518,1.0312581,1.0052103,1.0245951,1.0070062,1.0238881,1.0107198,1.0187938,1.0194913,1.0185254,1.0226729,1.0035715,1.0118034,1.0083877,1.0222341,1.0204511,1.0286177,1.01952,1.0235312,1.0308197,1.0162287,1.0100745,1.0268133,1.0266414,1.0078467,1.0263485,1.0166955,1.0136592,1.0213673,1.0216084,1.013301,1.026505,1.0098853,1.0161515,1.002648,1.0151325,1.0186613,1.0200583,1.0101888,1.0221364,1.0452518,1.0195411,1.0269178,1.0012954,1.0246028,1.020462,1.0123563,1.0192717,1.0144083,1.0254574,1.0191146,1.0217024,1.0156482,1.0120836,1.0097973,1.0349929,1.0168508,1.0190549,1.0204797,1.0101082,1.018441,1.0216688,1.0226473,1.0118281,1.0179728,1.016594,1.0222887,1.0306684,1.0138663,1.0149055,1.0156375,1.0093807,1.0127038,1.0082921,1.0132254,1.0152993,1.0177257,1.0109894,1.0167994,1.0145253,1.0048411,1.026959,1.0172898,1.0262177,1.0155904,1.0155286,1.0239308,1.0279427,1.0137166,1.0201067,0.9997443,1.0072694,1.0310111,1.0154408,1.0157235,1.0290906,1.0320659,1.011562,1.023625,1.0167257,1.0167619,1.013662,1.0121737,1.0042667,1.0278687,1.0296719,1.0196222,1.0155134,1.0108426,1.0284269,1.016346,1.0104659,1.0265589,1.0091382,1.0092182,1.0170016,1.013138,1.0177644,1.0166479,1.0258669,1.01941,1.0142243,1.0041084,1.022823,1.021436,1.0279294,1.0233272,1.0280044,1.0127037,1.0109855,1.0283583,1.0187178,1.0216099,1.0205228,1.0302757,1.0134858,1.0116199,1.0288384,1.0158913,1.0314262,1.03303,1.0228744,1.0183691,1.0076795,1.0160286,1.024712,1.002326,1.0213404,1.0018805,1.0203242,1.0318668,1.0228347,1.0209914,1.0144721,1.0230672,1.0191597,1.0182053,1.0249916,1.025283,1.0041825,1.0141261,1.0191311,1.0197124,1.0155671,1.0084248,1.0333596,1.015753,1.0124695,1.0193276,1.0140916,1.0068228,1.0283849,1.0051239,1.01732,1.0414726,1.0224471,1.0130085,1.0221717,1.0061158,1.0101757,0.99907553,1.0145411,1.0134443,1.0189052,1.0042653,1.0220388,1.0088916,1.0235969,1.0236529,1.0265815,1.009017,1.0276897,0.99689937,1.0305103,1.0199069,1.0176126,1.0264573,1.0203847,1.0379634,1.0094277,1.0272017,1.011308,1.0155905,1.023336,1.013158,1.0258739,1.0162919,1.0166477,1.0020782,1.0278813,1.0343903,1.0097758,1.0098736,1.0232679,1.0136753,1.0204151,1.0199318,1.0118089,1.0299942,1.0193254,1.0122609,1.0121324,1.0196592,1.0099019,1.0267758,1.0312551,1.0161194,1.0116359,1.0319635,1.0071635,1.0097854,1.0161833,1.0102772,1.0149872,1.0210985,1.0283103,1.008435,1.0110272,1.0102237,1.0222436,1.0287793,1.002221,1.0244976,1.0276756,1.0226157,1.011448,1.0089742,1.0171878,1.021948,1.0216905,1.0170398,1.0161666,1.0104351,1.0213476,1.0099138,1.0043795,1.004231,1.0158437,1.0184283,1.0060253,1.0205524,1.0191317,1.0198516,1.0167037,1.0079235,1.0287647,1.0114166,1.0141579,1.0122645,1.0295088,1.0151664,1.0154499,1.004898,1.028354,1.0201311,1.0113127,1.0042813,1.0173314,1.0187366,1.0223542,1.0177144,1.0177317,1.0078366,1.0170615,1.0196332,1.0236868,1.0186652,1.0143741,1.0222389,1.0347207,1.0103288,1.0149561,1.0205399,1.0078024,1.0259744,1.0295824,1.02348,1.0050011,1.0041952,1.0151807,1.0219624,1.0080649,1.0242561,1.0038854,1.0082074,1.0169381,0.9928943,1.0029147,1.0243744,1.0169821,1.0201259,1.0297318,1.032364,1.0119493,1.0128675,1.01365,1.0226797,1.0068924,1.0272089,1.0195239,1.0114762,1.0227985,1.012521,1.023691,1.031172,1.011342,1.0079886,1.0218984,1.0179638,1.0038291,1.0123733,1.0273724,1.027084,1.0236269,1.0084957,1.016496,1.005974,1.0216174,1.0120583,1.0199853,1.0144517,1.0110674,1.0101326,1.0218586,1.0279286,1.026968,1.0237726,1.0281866,1.018517,1.0145168,1.0135698,1.0273631,1.0135868,1.0223072,1.0076258,1.0311841,1.0191623,1.0233655,1.0136846,1.0265106,1.0247694,1.0066618,1.0191995,1.0152804,1.0211588,1.0239671,1.0218036,1.0278907,1.0146934,1.0190507,1.011664,1.0365132,1.0110073,1.0170915,1.0128495,1.0261116,1.0187938,1.0147429,1.0212471,1.0189029,1.0256908,1.0125746,1.0022486,1.0241307,1.0071071,1.0091875,1.0133436,1.0064173,1.0280862,1.0191242,1.0178151,1.0115118,1.0063126,1.0177242,1.0184762,1.0149778,1.0039326,1.0156769,1.0121595,1.022627,1.0220419,1.0189432,0.99993616,1.0291798,1.0234753,1.020976,1.0102464,1.0366427,1.0125384,1.0030082,1.0307386,1.0286928,1.0251979,1.0224913,1.0087914,1.0216593,1.0220842,1.0272311,1.0226341,1.0221741,1.0066333,1.0250454,1.0229739,1.0266068,1.0194883,1.011546,1.0054725,1.0209194,1.0065655,1.0154403,1.0253963,1.0153773,1.0293678,1.013627,1.0172065,1.0215237,1.0083655,1.0138623,1.0092039,1.0268024,1.0245237,1.018221,1.0212182,1.014208,1.0175457,1.0082409,1.0251353,1.0107367,1.0251021,0.9942995,1.0357257,1.0147256,1.0215956,1.0141153,1.0223848,1.03057,1.0183741,1.0056074,1.0128825,1.0139338,1.0096685,1.0044603,1.02166,1.014152,1.0171793,1.0099881,1.0067388,1.0154489,1.0081123,1.0227334,1.0137762,1.0194932,1.0311431,1.0147736,1.001679,1.0306948,1.0237935,1.0099001,1.0005201,1.0135243,1.0042979,1.0177764,1.0322601,1.0208464,1.0277812,1.0062742,1.0151514,1.0105861,1.0145042,1.005501,1.0016496,1.0021176,1.0041848,1.018298,1.026327,1.0069411,1.0021656,1.015295,1.0034992,1.028142,1.0197327,1.0113109,1.0294453,1.0173802,1.0346929,1.0325626,1.0215641,1.0260009,1.0167274,1.0194132,1.03587,1.0257843,1.0125626,1.0049493,1.0090606,1.0147997,1.0115933,1.0215226,1.0186776,1.0148611,1.0108382,1.0180215,1.0261278,1.0216115,1.0304967,0.9997004,1.0266964,1.0051516,1.0220699,1.0046668,1.0114946,1.019743,1.0284945,1.0116181,1.0279706,1.0056047,1.0226685,1.0177937,1.0089517,1.0225284,1.021558,1.0295111,1.018871,1.0113606,1.0215144,1.0392286,1.0178535,1.0175184,1.0133868,1.0178661,1.0103779,1.0121523,1.0117371,1.009571,1.0279056,1.0224221,1.0309609,1.0141573,1.0281113,1.0180066,1.0036933,1.0096178,1.0102582,1.0093888,1.0221208,1.0196533,1.0065032,1.0132794,1.018488,1.0092021,1.0187134,1.0306048,1.0116023,1.0137264,1.0153335,1.0054122,1.0148503,1.0346999,1.028247,1.0094811,1.0089029,1.0123281,1.0135661,0.9964683,1.0035325,1.0250139,1.0308541,1.0184252,1.011872,1.0140997,1.0198853,1.0189835,1.0187467,1.0128783,1.0169977,1.0209757,1.0288169,1.0247767,1.0180625,1.0162559,1.013604,1.0167576,1.0232329,1.0105827,1.016131,1.0208151,1.0108393,1.0164671,1.0139012,1.0285075,1.0140384,1.0172615,1.0195674,1.0037303,1.0117224,1.0231696,1.0129627,1.0204008,1.0229719,1.0035005,1.0224133,1.025925,1.0244831,1.0229294,1.0113991,1.0200001,1.0117837,1.0160546,1.0228878,1.0088266,1.0210131,1.0224986,1.026882,1.0275909,1.0254269,1.0155737,1.0089132,1.0155551,1.016976,1.0062071,1.0090332,1.0139818,1.0204986,1.0183305,1.005457,1.0196292,1.014125,1.021481,1.029486,1.0133682,1.0035881,1.0052965,1.0137085,1.0255265,1.0139507,1.0288365
0.0,0.0,0.0,0.00046934374,0.0,0.0,0.0,0.0,0.007674817,0.0,0.0,0.0,0.0,0.0,0.0014067031,0.0,0.0,0.008449925,0.0,0.0,0.0,0.0,0.0,0.0,0.0,0.0,0.0,0.0,0.0,0.0,0.0,0.0,0.0,0.0,0.0,0.0,0.0,0.0,0.0,0.0,0.0,0.0,0.0,0.00020096265,0.0,0.0,0.0,0.0,0.0,0.0,0.0,0.0,0.0,0.0,0.0,0.002324202,0.0,0.008634767,0.0,0.0,0.0,0.0,0.0,0.0,0.00038941577,0.0,0.0,0.0,0.0,0.0010135677,0.0,0.0011855997,0.0,0.0,0.0,0.0,0.0,0.0,0.0,0.0,0.0,0.0,0.0,0.0014100783,0.0,0.0,0.0,0.0,0.0,0.006569363,0.0,0.0,0.0,0.0,0.0015584305,0.0,0.0,0.0034094974,0.0,0.0,0.0,0.0,0.0,0.0,0.0,0.0,0.0,0.0,0.0,0.0020530522,0.0,0.0,0.0,0.0,0.0,0.0,0.0,0.005604377,0.0,0.0,0.0,0.0,0.0,0.0,0.0,0.0,0.0,0.0,0.0,0.002554493,0.0,0.0,0.0,0.0,0.0,0.0,0.0,0.0,0.0,0.0051218253,0.0065482054,0.0,0.0,0.0,0.0,0.0,0.0,0.0,0.00026282296,0.0,0.0,0.0035199951,0.0,0.0,0.0,0.0,0.0,0.0,0.0037367567,0.0,0.00043445267,0.0,0.0,0.0,0.0,0.0,0.00091012195,0.0056018345,0.0,0.0,0.0,0.0,0.0,0.0,0.0,0.0,0.0,0.0,0.0,0.0,0.0,0.0,0.007405529,0.0030025989,0.0,0.0021152534,0.0,0.0,0.0,6.696768e-05,0.00049767457,0.0,0.0,0.0,0.0,0.0,0.0,0.0,0.0,0.0,0.0,0.0,0.0,0.0034187846,0.0,0.0,0.0,0.0,0.0,0.0,0.0,0.0,0.0,0.0,0.0,0.0015604906,0.0,0.0,0.0,0.0,0.0,0.0,0.0,0.0,0.007327403,0.0,0.0,0.0013104789,0.0,0.0,0.0,0.0,0.0,0.0064670723,0.0019916128,0.0,0.0,0.0,0.0,0.0,0.005846599,0.0,0.0,0.0,0.0,0.0,0.0,0.0,0.0,0.0,0.0,0.0,0.0,0.0,0.0,0.0,0.0,0.0,0.0,0.0,0.0,0.0,0.0,0.0,0.0,0.0,0.0037025753,0.0,0.0,0.0,0.0,0.0,0.004206063,0.0,0.0,0.0,0.0,0.0,0.0,0.0,0.0,0.0,0.0,0.0042960476,0.0,0.0,0.0,0.0,0.0,0.0,0.0013142247,0.0,0.0,0.0,0.0,0.0,0.0,0.0,0.0,0.0,0.0,0.0,0.0021171607,0.0,0.0027143396,0.0,0.0,0.0,0.0006897617,0.0,0.0,0.0,0.0,0.0,0.003533136,0.0,0.0,0.0,0.0,0.0,0.0,0.0012832247,0.0,0.0,0.0,0.0,0.0,0.0,0.0,0.00063139014,0.0,0.00014348142,0.0,0.0,0.0,0.0,0.0,0.0,0.0,0.0,0.0,0.0,0.0,0.0,0.0,0.0,0.0,0.0023473315,0.0,0.0,0.0,0.0,0.0,0.0062958114,0.0052885273,0.0,0.0,0.0,0.0,0.0,0.0,0.0,0.0,0.0,0.0,0.0,0.0,0.0,0.0,0.0,0.0,0.0,0.0,0.0018867347,0.0,0.0,0.0,0.0,0.0,0.0,0.0,0.0,0.0,0.0,0.0,0.0,0.0,0.0,0.0,0.0,0.0,0.0,0.0,0.0,0.0,0.0,0.0,0.0,0.0,0.0,0.0,0.0,0.0,0.0,0.0,0.0,0.0,0.0,0.0,0.013810969,0.0,0.0,0.0,0.0,0.0,0.0,0.0028405301,0.0,0.00019815378,0.0,0.0,0.0,0.0,0.0,0.0020354427,0.0,0.0,0.0,0.0,0.0,0.0,0.0,0.0,0.0,0.00089778006,0.0027262457,0.0,0.0,0.0,0.0,0.0,0.0009251423,0.0,0.0,0.0,0.0026716217,0.0,0.0,0.0,0.0061103385,0.0,0.0,0.003572437,0.0,0.0,0.010225214,0.0,0.0,0.0,0.0,0.0,0.0,0.0,0.0,0.0,0.0,0.0,0.0,0.0,0.0,0.0,0.0,0.0,0.0,0.0,0.0084316265,0.00015639886,0.0,0.0020125285,0.0,0.00018896721,0.0,0.0,0.0032929229,0.0,0.0,0.0,0.0,0.0025130846,0.0,0.0070235617,0.0,0.0,0.0,0.0,0.0,0.0,0.0,0.0,0.0,0.0,0.0,0.0,0.0,0.0,0.0,0.0,0.0,0.0,0.0,0.0,0.0,0.0,0.0,0.0,0.0,0.0,0.011706177,0.0,0.0,0.0,0.0,0.0,0.0,0.0,0.0,0.0,0.0,0.0,0.0,0.0,0.0,0.0,0.0,0.0,0.0,0.0,0.0,0.0063981162,0.0,0.0,0.0,0.0,0.0,0.0,0.0,0.0,0.0,0.0,0.0,0.0,0.0,0.0012799818,0.0,0.0,0.0,0.0,0.0,0.0,0.0060242508,0.0,0.0,0.0,0.0,0.0,0.0,0.0,0.0038432516,0.0,0.0,0.0,0.0,0.0,0.0,0.0,0.0,0.0,0.0,0.0,0.0,0.0,0.0,0.0,0.0,0.0,0.0,0.0,0.0,0.0025463551,0.0,0.0,0.0,0.0,0.0,0.0,0.0,0.0066255517,0.0,0.006163845,0.0,0.0,0.0,0.0,0.0,0.0,0.0,0.00045722164,0.0,0.0,0.0,0.0,0.0,0.0,0.0039488096,0.0,0.0,0.0,0.0034481436,0.0,0.0,0.0,0.0,0.0,0.0,0.0,0.0,0.0,0.0,0.0,0.0,0.0017688256,0.0032105716,0.0,0.0,0.0013140915,0.0,0.0,0.0,0.0,0.0,0.0,0.0,0.0037028901,0.0,0.0,0.0,0.0,0.0,0.0,0.0,0.0,0.0,0.0074743126,0.0018864237,0.0,0.0,0.0,0.0,0.0,0.0,0.008235624,0.0023187362,0.0,0.0,0.0,0.00800601,0.0,0.0075087156,0.0,0.0022935737,0.0013762005,0.0,0.0,0.0,0.0,0.0,0.0,0.0014712978,0.0,0.0024093315,0.0046346337,0.0,0.0011355225,0.0,0.0,0.0114858,0.0,0.0,0.0,0.0,0.0,0.0030638184,0.0,0.0,0.0023450833,0.0,0.0,0.0,0.0,0.0,0.0026109405,0.005629083,0.0025552511,0.0,0.0,0.0,0.0,0.0,0.0,0.0,0.005713297,0.002870908,0.006966796,0.0,0.0,0.0,0.0012029558,0.0,0.0,0.0054621045,0.0,0.0,0.0,0.0,0.0,0.0,0.0018008631,0.0,0.0,0.0,0.002179509,0.0,0.0,0.0,0.0038185269,0.0078858435,0.0008650739,0.0,0.0,0.0,0.0,0.0,0.0,0.0,0.0,0.0,0.0,0.0,0.0,0.0,0.0,0.0,0.0,0.0,0.0,0.0,0.0,0.0,0.0,0.0,0.0,0.0,0.0,0.0,0.0,0.0021928754,0.0,0.0,0.0,0.0,0.0,0.0,0.0,0.0,0.0,0.0,0.0,0.0,0.0,0.0,0.0,0.0,0.0,0.0020900685,0.0,0.0,0.0,0.0,0.0,0.0,0.0,0.0,0.0,0.0,0.00074295513,0.0,0.0,0.0,0.0,0.0,0.0,0.0,0.0,0.0,0.0026012529,0.0,0.00027713366,0.0,0.0,0.0143423565,0.0,0.0017092656,0.0046590175,0.0031860005,0.0,0.0,0.0,0.0,0.003560232,0.0,0.0,0.0,0.0,0.0,0.0,0.0,0.0007685553,0.0,0.0,0.00030915253,0.0,0.0,0.0,0.0,0.0059245843,0.0,0.0,0.0,0.0,0.0,0.0015482809,0.0,0.0,0.0,0.0,0.0,0.0,0.0,0.0,0.0,0.0,0.0,0.0,0.0,0.0,0.0,0.0,0.0,0.0,0.0,0.0,0.0,0.0,0.0,0.0,0.0,0.005107603,0.0,0.0,0.0,0.0,0.0,0.0,0.0,0.0,0.0,0.0,0.0,0.0,0.0,0.0,0.0,0.0,0.0,0.0,0.0,0.0,0.0,0.0,0.0,0.0,0.0,0.0,0.0035895873,0.0,0.0,0.0,0.0,0.0,0.0,0.0,0.0,0.0,0.0,0.0029485486,0.0,0.0,0.0,0.0,0.0,0.00035678037,0.0,0.0,0.0,0.0,0.0,0.0,0.007241793,0.0,0.0,0.0,0.0,0.0,0.0,0.0,0.0,0.0,0.0,0.0,0.0,0.0,0.0,0.0,0.0,0.0,0.0,0.0,0.0,0.0,0.0,0.0,0.0,0.0,0.0,0.0010590814,0.0,0.0,0.0,0.0,0.0,0.0,0.0,0.0,0.0,0.0,0.004246587,0.0,0.0,0.0,0.0,0.0,0.0,0.0,0.0,0.0,0.0,0.0,0.0,0.0068574212,0.0014889278,0.0,0.0,0.0,0.006264521,0.0,0.0,0.0,0.0,0.0,0.007007761,0.0023687165,0.0,0.0,0.0,0.0,0.0,0.0,0.0,0.0,0.0,0.0,0.0,0.0,0.0,0.0,0.0,0.0,0.0,0.0,0.0
