0.5131529,0.50345856,0.51289165,0.5131707,0.50674057,0.50937086,0.50536823,0.50920314,0.50647795,0.5067419,0.4994005,0.51183355,0.51721525,0.49523348,0.51334983,0.5148003,0.514059,0.5066663,0.5167243,0.5137772,0.5058947,0.51319695,0.5117332,0.51216274,0.5087661,0.50862575,0.51033527,0.51031905,0.5090259,0.51575285,0.51199025,0.515178,0.51770836,0.5076975,0.50367165,0.5109863,0.5105982,0.51368433,0.51106966,0.51023734,0.50271887,0.5160621,0.50779736,0.5121428,0.5089284,0.5086663,0.5125984,0.5154257,0.50469184,0.5238709,0.50576955,0.5113632,0.51746535,0.519859,0.51127905,0.5106001,0.50848734,0.5105208,0.5105512,0.50234306,0.5139434,0.51115334,0.51689017,0.50616366,0.5124626,0.5118994,0.5121882,0.5140402,0.50594664,0.5083642,0.5091575,0.5176491,0.51693845,0.5030049,0.50722027,0.51229745,0.5060363,0.5098524,0.5085341,0.5082613,0.5067829,0.5126633,0.50601256,0.50774705,0.50892127,0.5064769,0.5083084,0.50766313,0.5080108,0.5112709,0.5125801,0.51072246,0.50903714,0.50182635,0.51388526,0.50105935,0.5125431,0.509608,0.50328183,0.5051145,0.5073435,0.51183414,0.51191974,0.5129457,0.5022121,0.51548344,0.51032716,0.5115102,0.5111731,0.50389916,0.50670195,0.50172734,0.5153727,0.5091801,0.50528955,0.51817846,0.50556433,0.5106693,0.50668997,0.50741994,0.5042755,0.50075203,0.507838,0.5138489,0.5169925,0.5099086,0.50654286,0.51459473,0.5158888,0.51513916,0.50774217,0.5057666,0.50586766,0.5069528,0.51167536,0.5099174,0.5121154,0.503776,0.50403696,0.5065979,0.5142335,0.5104136,0.5110772,0.508425,0.51391995,0.50579023,0.51247096,0.5137538,0.51006734,0.5123587,0.5159139,0.50946105,0.5147327,0.5065478,0.50329345,0.5185531,0.51437616,0.5046941,0.51045376,0.5043236,0.5154961,0.5190227,0.50894475,0.5083619,0.5112069,0.5043881,0.515778,0.51518923,0.5107169,0.51308733,0.511321,0.51275456,0.5131138,0.5104402,0.5069419,0.51247185,0.5134144,0.5138469,0.50904596,0.51089734,0.5104079,0.5097046,0.5117867,0.5074166,0.5084645,0.50783944,0.51050454,0.50200987,0.5175946,0.51137054,0.5026758,0.50783086,0.51514053,0.5024949,0.5023491,0.51074064,0.5046098,0.5093142,0.5109397,0.5086183,0.5121088,0.5077277,0.50758624,0.50853646,0.5073389,0.5030954,0.511154,0.5070831,0.5099815,0.5093025,0.506678,0.51439625,0.51012397,0.5089418,0.5091233,0.5074085,0.51497614,0.512555,0.50609463,0.5074167,0.5182902,0.51079863,0.50826573,0.50577116,0.5125444,0.5055016,0.5176563,0.50916636,0.5124329,0.49988663,0.5065713,0.5098971,0.5045599,0.51332337,0.512441,0.513805,0.5101209,0.51222396,0.511049,0.51134056,0.50803596,0.5128388,0.5128212,0.50066525,0.5082926,0.505911,0.5065132,0.51277524,0.5149482,0.50126034,0.5106957,0.50771374,0.50730413,0.5067409,0.5152868,0.510118,0.5122196,0.510497,0.5149673,0.51289916,0.50708777,0.5136185,0.5048836,0.51292014,0.51093566,0.5125514,0.5124551,0.50507784,0.51300484,0.5048369,0.508683,0.5084431,0.51439804,0.5108279,0.5155375,0.5117311,0.5126248,0.5026592,0.5066005,0.5013669,0.50964874,0.5063114,0.50334376,0.50826544,0.5086254,0.5159732,0.50571954,0.51546216,0.5109674,0.51182,0.5084322,0.5181784,0.5106886,0.5057772,0.51986295,0.5110452,0.50472003,0.5171435,0.5100658,0.5062872,0.51503515,0.5093595,0.5152868,0.50672555,0.51837957,0.51185983,0.51037186,0.50780284,0.51094806,0.5108256,0.50681967,0.5162994,0.50523233,0.50837594,0.51019925,0.5121939,0.515295,0.5206245,0.51396096,0.5063191,0.50275946,0.5212974,0.50878125,0.51159537,0.50521034,0.50658363,0.50822634,0.507411,0.5118345,0.5148184,0.51244646,0.51371014,0.50617915,0.51649624,0.5068561,0.5066629,0.5074231,0.50142413,0.5045923,0.5172286,0.5074122,0.5076533,0.5060746,0.50600106,0.50407034,0.5121144,0.5104324,0.5096965,0.50183165,0.5020579,0.5040634,0.5122013,0.5097595,0.5045894,0.5166723,0.51381534,0.50693876,0.5106702,0.5204334,0.50445795,0.5057027,0.5130051,0.5075154,0.5124051,0.5074051,0.51526886,0.5153455,0.50537556,0.51318216,0.5085385,0.5133348,0.51460737,0.5117152,0.5098675,0.5079661,0.5051709,0.51709384,0.51003677,0.5080315,0.5196284,0.5072885,0.51024747,0.5160989,0.5056083,0.50696325,0.5076729,0.5043963,0.5102294,0.5128849,0.50651526,0.50148195,0.5145888,0.5168694,0.50971794,0.5106745,0.50338423,0.5076791,0.51297915,0.5137846,0.50855404,0.5085843,0.50616646,0.50893265,0.51303726,0.5109061,0.5155443,0.50588065,0.5135898,0.5015278,0.5063853,0.51785076,0.5087934,0.5078775,0.5118348,0.5157186,0.515696,0.5091038,0.51575387,0.50887424,0.5125461,0.5093523,0.51147926,0.5126693,0.506298,0.5118272,0.51386076,0.50527155,0.5040496,0.504164,0.50416255,0.5123145,0.51236546,0.5084932,0.50324595,0.50711215,0.5083143,0.5137425,0.50689614,0.51520574,0.50411594,0.5100164,0.5139777,0.50918406,0.51115626,0.511754,0.5040598,0.5106109,0.5103075,0.50663024,0.5127696,0.5151842,0.5159051,0.51213026,0.5048074,0.5224612,0.51641834,0.51621956,0.50971985,0.50514144,0.50534505,0.5055128,0.5146508,0.50960535,0.5075171,0.51508516,0.5114275,0.5024867,0.5107427,0.51354414,0.5076185,0.5083496,0.51671386,0.5073725,0.5093325,0.5073528,0.50307095,0.5110717,0.51105154,0.5093241,0.50447834,0.5102015,0.51444995,0.5160908,0.50824577,0.5101778,0.49992508,0.51584715,0.5095348,0.5086488,0.51606095,0.5115992,0.51200515,0.5098551,0.51365566,0.5110051,0.5030887,0.51360255,0.5016256,0.50785804,0.515311,0.5172345,0.50804555,0.51160234,0.5133836,0.51047105,0.5108196,0.51970226,0.5036426,0.50886995,0.50362194,0.5065096,0.51082146,0.5108823,0.5125021,0.50933075,0.51518196,0.501851,0.50554675,0.51133615,0.50921124,0.503067,0.50998765,0.512442,0.50753826,0.5097373,0.5071571,0.5090129,0.50848573,0.510168,0.50404793,0.5126114,0.50405824,0.5135313,0.50865674,0.5020243,0.505062,0.5130023,0.50989956,0.5060704,0.5093428,0.50340736,0.5189471,0.508989,0.50358,0.5076182,0.50743055,0.5087804,0.50269365,0.501355,0.5151951,0.50952,0.5065222,0.5094447,0.5088358,0.51645803,0.50834167,0.5062769,0.50501025,0.51067764,0.5165323,0.50932145,0.5146144,0.5083027,0.51160127,0.5065141,0.5105505,0.50407505,0.4998282,0.50854415,0.51050204,0.5140082,0.5110986,0.51269925,0.5079381,0.51049984,0.5099138,0.51244324,0.50334996,0.51286227,0.5038365,0.5058409,0.5098024,0.5107721,0.520241,0.5182581,0.5124334,0.50833076,0.50870794,0.5040283,0.51423174,0.5034024,0.50924927,0.50444657,0.5050386,0.5085046,0.51032376,0.50628823,0.5097181,0.51069516,0.5111408,0.5169462,0.512493,0.51305217,0.5038742,0.5115448,0.5069914,0.5100362,0.51237094,0.50915897,0.5073042,0.5077006,0.51199615,0.51116276,0.5082937,0.49899596,0.5096819,0.5128476,0.5069681,0.5109744,0.5089215,0.5107049,0.504012,0.50833815,0.50664675,0.50730985,0.50826114,0.51494396,0.5040938,0.50648993,0.5095403,0.50799686,0.503491,0.510878,0.50569725,0.5043227,0.51415545,0.51117456,0.5105216,0.50067914,0.51365215,0.51067126,0.5059055,0.5117508,0.5075106,0.50311315,0.51040936,0.51233894,0.5133983,0.5114938,0.5178862,0.5129742,0.50623435,0.5082414,0.51419336,0.51110613,0.51449233,0.5071935,0.5074713,0.51641804,0.5110668,0.5166169,0.5111977,0.50171643,0.5106707,0.50903946,0.50427824,0.51188064,0.51054347,0.5083223,0.50976455,0.5175295,0.5067359,0.5079887,0.5106235,0.50941515,0.5027007,0.50889647,0.5105167,0.50816363,0.5157592,0.5068783,0.5069931,0.507203,0.51321495,0.51102805,0.51061136,0.50999177,0.5023324,0.5073568,0.5026271,0.5025984,0.5090437,0.5153125,0.50574076,0.5059357,0.5086924,0.5131219,0.5111329,0.51434386,0.511852,0.5084655,0.5154981,0.5192352,0.52340853,0.5093836,0.5169509,0.5037423,0.5131253,0.501571,0.5126098,0.51321113,0.50954086,0.5032895,0.51241034,0.51809216,0.5119053,0.5060271,0.5099084,0.5100142,0.51216,0.51208884,0.50874776,0.51633453,0.5090795,0.50756824,0.50791734,0.5122461,0.51014495,0.51097256,0.51408553,0.51344126,0.5058635,0.51342255,0.50551164,0.5040389,0.5112353,0.5092279,0.5040169,0.51098543,0.51077276,0.5073315,0.5154483,0.5092528,0.5073794,0.51514083,0.50898,0.51753545,0.5098995,0.51471245,0.514251,0.50930613,0.512134,0.51027185,0.50973547,0.5167648,0.50880706,0.50377613,0.509923,0.5122357,0.5097945,0.5082165,0.5097959,0.50864094,0.5028355,0.51625955,0.5051849,0.5065392,0.5052002,0.50730747,0.5146285,0.5036064,0.5163885,0.5075682,0.50839984,0.5026729,0.5070516,0.5156706,0.5070345,0.5139519,0.5123727,0.5060083,0.513594,0.5112241,0.51530546,0.508186,0.5057252,0.5096501,0.5099761,0.5025612,0.5063625,0.5133806,0.5084958,0.5129658,0.5140974,0.5078317,0.5078157,0.51539993,0.5149983,0.5081938,0.5075623,0.5012091,0.50783277,0.50566936,0.50423187,0.5078346,0.5111405,0.51189977,0.51026446,0.51433396,0.49756905,0.50764465,0.50662947,0.5140534,0.5101388,0.5123842,0.5158993,0.5060017,0.5031262,0.5063515,0.5144411,0.51083875,0.50451165,0.50318456,0.505401,0.50865686,0.51061326,0.51004535,0.51590365,0.50715905,0.51405823,0.5057048,0.5202599,0.50866026,0.51309323,0.510903,0.50387335,0.51757,0.5101545,0.5170091,0.5143444,0.50883216,0.5080983,0.49450287,0.5069469,0.52089125,0.5039613,0.50413376,0.5090271,0.5119381,0.5150114,0.50254196,0.51223904,0.5033451,0.51729023,0.51625633,0.5041188,0.50603074,0.5232336,0.5082078,0.51515347,0.5041554,0.5112819,0.50436157,0.49969432,0.5082719,0.5016324,0.509347,0.50810856,0.51659,0.50424206,0.5164892,0.5137074,0.51053506,0.51391983,0.5123772,0.5095336,0.51782644,0.50623053,0.5055348,0.5218923,0.51021135,0.50623995,0.50946003,0.5143789,0.510102,0.5059134,0.5063516,0.5068677,0.5146339,0.51477844,0.50279397,0.51220113,0.506118,0.50609744,0.50385183,0.51628965,0.5112022,0.5068995,0.5077438,0.51441145,0.51499677,0.4991985,0.50964683,0.51089,0.50766826,0.5177309,0.5098203,0.5108319,0.49720854,0.5082679,0.51317364,0.51128584,0.50508505,0.5096115,0.50415856,0.505906,0.51411235,0.51113486,0.51363635,0.5043628,0.5067668,0.51563764,0.50370634,0.5112722,0.51073533,0.5222582,0.5081376,0.51754993,0.51676196,0.50376433,0.51173997,0.5059505,0.50167686,0.5082943,0.51399934,0.5111269,0.5063415,0.5131494,0.50438964,0.5021622,0.51253074,0.50078994,0.5129129,0.5109128,0.5062768,0.5061859,0.5123633,0.5094294,0.5103814,0.51457745,0.5041817,0.5104656,0.51214445,0.5119486,0.5058396,0.50856775,0.50770056,0.51594406,0.5062555,0.5091261,0.512955,0.51512605,0.51543766,0.5067085,0.50848854,0.50884277,0.51767826,0.50755584,0.5068029,0.5109598,0.5066811,0.5080912,0.51078004,0.51022565,0.5129378,0.51336,0.50922716,0.52133733,0.5051381,0.50657034,0.5098416,0.50980926,0.50552493,0.5147475,0.50816244,0.51626587,0.5105461,0.51473284,0.50142246,0.50180626,0.5113646,0.5129504,0.50551885,0.50618535,0.50940394,0.50958115,0.5100791,0.51214904,0.5095299,0.5064218
0.43177888,0.4236963,0.4346565,0.4280856,0.43543392,0.434465,0.4259184,0.4321142,0.42605048,0.43345833,0.42514127,0.42392358,0.42551643,0.4245651,0.4253932,0.43092313,0.43068522,0.43418267,0.4355103,0.43128985,0.43215695,0.4320642,0.43695295,0.428852,0.4350296,0.42729756,0.42687842,0.44030997,0.4320497,0.43659928,0.42948565,0.4318623,0.4257957,0.42693686,0.43280622,0.42936566,0.4261912,0.43397102,0.43298274,0.42891914,0.42542002,0.44141883,0.4294207,0.43151498,0.43514526,0.43650043,0.4346219,0.4299543,0.4296139,0.4419753,0.42444688,0.42896757,0.43293574,0.4327573,0.4294279,0.42609912,0.42806724,0.43365845,0.43227828,0.42819044,0.4256925,0.42772463,0.42867664,0.43248448,0.42796552,0.43642926,0.4311764,0.42708272,0.42335287,0.42982784,0.4314701,0.43145505,0.42617503,0.4282826,0.4311357,0.43527108,0.42894512,0.4297842,0.43543476,0.42428133,0.42893633,0.43163672,0.43086296,0.4262082,0.43258613,0.42286798,0.42686054,0.42590722,0.43554175,0.42603496,0.42908767,0.42885825,0.42394492,0.42970243,0.42516866,0.42244193,0.43431377,0.43380892,0.42773053,0.42733967,0.42888346,0.42802063,0.42728773,0.42635143,0.43263185,0.43222725,0.42535993,0.42093855,0.4241027,0.4287503,0.43473276,0.4266985,0.43322647,0.429566,0.4287337,0.43643206,0.4325068,0.43188995,0.43478245,0.43201295,0.42325953,0.4259926,0.43464017,0.43085694,0.41971594,0.43152127,0.42797744,0.41991457,0.4403756,0.42858648,0.42726004,0.4303687,0.43103102,0.42527568,0.42941725,0.43347636,0.43762344,0.42536354,0.42939767,0.4265978,0.43148655,0.42527744,0.43016174,0.43366164,0.4353591,0.4219956,0.44082546,0.4341923,0.42847553,0.43241298,0.42717886,0.43018258,0.4312256,0.4365585,0.43115094,0.4287071,0.4310107,0.43061978,0.43543312,0.4261657,0.4270508,0.43168026,0.4310483,0.43484396,0.4239106,0.4364539,0.4351674,0.43308568,0.43121102,0.4372438,0.43181238,0.42836043,0.43006033,0.4298238,0.42434162,0.43280098,0.4322266,0.43534604,0.43479553,0.43623376,0.4345681,0.42654,0.42396834,0.4302992,0.42630988,0.42210385,0.43162972,0.43035007,0.4353793,0.4404055,0.42657003,0.43121287,0.43214607,0.43223852,0.43426046,0.42253512,0.42836857,0.43040347,0.4335773,0.4300314,0.4265118,0.4262578,0.43217555,0.43665862,0.42758805,0.42723286,0.43209463,0.42644927,0.4319015,0.43326104,0.4318827,0.42545164,0.42865297,0.43504286,0.42507702,0.4309023,0.43349248,0.4361103,0.42422128,0.4282321,0.4323625,0.433631,0.43292075,0.42687732,0.43579343,0.4243745,0.43720952,0.42821926,0.43538526,0.42555293,0.43065006,0.4275335,0.43752643,0.42530894,0.43681976,0.42945918,0.4262319,0.42677274,0.43558928,0.43363506,0.43259418,0.42492002,0.43217725,0.42467174,0.43545252,0.42827672,0.4252369,0.43107498,0.42488068,0.42502344,0.43452063,0.42925492,0.42840952,0.4224004,0.42441136,0.43128526,0.4342338,0.43721023,0.42950305,0.43091553,0.43296307,0.4381213,0.43395174,0.42942926,0.43125635,0.43182912,0.42306578,0.43091953,0.42740524,0.42699468,0.4278756,0.42575234,0.43839982,0.42674425,0.43107563,0.42486307,0.43339428,0.42794585,0.43297195,0.4353205,0.42958054,0.43298483,0.429839,0.43183935,0.42390886,0.42951745,0.42889622,0.42480236,0.43057093,0.43608847,0.4323607,0.42789477,0.4307009,0.4257168,0.42468107,0.4347256,0.4282644,0.43683836,0.43045145,0.43133178,0.43103158,0.42795396,0.4368062,0.42841816,0.4362922,0.43601057,0.4309922,0.43292943,0.42909437,0.4296553,0.43494967,0.43242988,0.43043858,0.4311417,0.43252772,0.43408263,0.43241525,0.43725646,0.43596554,0.4221517,0.43134153,0.4286841,0.4207547,0.4315307,0.429519,0.43569082,0.43018556,0.42802006,0.42212564,0.42713872,0.4297402,0.43397984,0.4261641,0.43203315,0.43676317,0.4349713,0.42859468,0.42283228,0.4297895,0.42958325,0.42910314,0.42465362,0.42474902,0.4182042,0.43308553,0.43272024,0.42460898,0.42166656,0.43678153,0.42925426,0.42997536,0.4271779,0.42940357,0.42468798,0.43302453,0.4309022,0.4269374,0.42987886,0.43328553,0.42832524,0.42390305,0.43037263,0.42529923,0.42646313,0.4325096,0.42830032,0.42923173,0.42639914,0.42689756,0.4290784,0.42767683,0.43109056,0.43122497,0.42604604,0.42982006,0.4278071,0.42919165,0.42824435,0.43130165,0.4327233,0.4234379,0.43679714,0.4311965,0.4281089,0.4270464,0.42964602,0.4346498,0.4264774,0.4334981,0.4238051,0.43480572,0.43356162,0.4308035,0.42432693,0.43377563,0.4329864,0.43007994,0.43548992,0.43190932,0.42617425,0.42936486,0.42614093,0.4277175,0.4280713,0.4312339,0.4312091,0.43029565,0.43474,0.4325145,0.431957,0.4265758,0.4270113,0.4305096,0.42214528,0.43260464,0.43554837,0.43455422,0.4317612,0.43430522,0.42812312,0.43078616,0.43563992,0.427581,0.42898723,0.4310302,0.4331843,0.431531,0.43252066,0.42945746,0.42397782,0.4303108,0.43457904,0.42652214,0.43150482,0.4300802,0.42258456,0.42550766,0.4298434,0.4295439,0.42371818,0.4357046,0.42561004,0.43226045,0.4288627,0.43324494,0.42405978,0.42610285,0.43261987,0.43142968,0.4364428,0.43407613,0.43175602,0.4379174,0.43843037,0.42656362,0.4292965,0.43323222,0.42838588,0.426704,0.4304027,0.42520764,0.43334362,0.43325096,0.43480515,0.43016362,0.42781016,0.4309179,0.42729363,0.4371312,0.43103853,0.431588,0.43802658,0.430674,0.4283829,0.42313817,0.4286888,0.4309176,0.42546633,0.43036252,0.42447785,0.42974836,0.43261996,0.43400982,0.42650124,0.4385991,0.42845815,0.4356113,0.425681,0.429127,0.428888,0.4261494,0.4360538,0.43215987,0.4254427,0.42985412,0.41981316,0.43275398,0.4251785,0.43021223,0.4314309,0.43199182,0.43243906,0.43581635,0.4321407,0.42707697,0.43880147,0.43449274,0.43119174,0.43653396,0.43065047,0.43156353,0.42803568,0.43178257,0.42942968,0.42680776,0.43268546,0.42378277,0.4343057,0.42606056,0.43771225,0.4262889,0.4289631,0.43630546,0.4256347,0.431482,0.42913342,0.43173236,0.43504992,0.43450275,0.42918444,0.4294336,0.43372303,0.42614907,0.4272174,0.42932272,0.42752534,0.43295082,0.4302314,0.4295388,0.42556027,0.42619196,0.42977166,0.42621106,0.43251684,0.42321718,0.43811536,0.42466703,0.43521228,0.42887428,0.43243518,0.4245012,0.42672747,0.43576747,0.42593074,0.42623577,0.43408102,0.43127534,0.43362993,0.4259772,0.43705538,0.43332395,0.4341147,0.43337366,0.42956838,0.43587035,0.43321663,0.43389833,0.42423496,0.42804143,0.42939338,0.42847073,0.4264751,0.42066756,0.43254277,0.42738542,0.4214186,0.4302983,0.43340358,0.4403006,0.4366671,0.43045795,0.4264607,0.4288073,0.43390015,0.43297628,0.43084154,0.43461245,0.42299926,0.42870653,0.42816108,0.42366531,0.42637983,0.4281098,0.43070832,0.42851216,0.43158823,0.43402708,0.42826712,0.43261075,0.4338584,0.42712688,0.4280193,0.43058613,0.42370397,0.43454632,0.423072,0.4294111,0.42948478,0.4301184,0.43055046,0.42745218,0.4291217,0.43256956,0.43272325,0.4312998,0.42838064,0.44029477,0.43100515,0.43210295,0.43430206,0.4315476,0.43097317,0.42749023,0.43344805,0.437858,0.42779076,0.43546757,0.4307637,0.4328912,0.43672058,0.42782265,0.42598912,0.42979982,0.42963472,0.41627815,0.4197894,0.42390913,0.43036345,0.42425323,0.43259415,0.4237002,0.43910417,0.4320592,0.436621,0.4320665,0.4386066,0.4236869,0.4316752,0.42911723,0.43068302,0.42787787,0.42963123,0.42347774,0.43174195,0.43596736,0.43391603,0.43302828,0.42553243,0.43004608,0.43430594,0.4261042,0.43074414,0.42853,0.42214513,0.42632225,0.42997342,0.4265127,0.42694235,0.43044138,0.43123683,0.42603135,0.43721598,0.43179882,0.4298831,0.43115023,0.42288518,0.43247226,0.43109456,0.42501143,0.42044094,0.43257177,0.43036208,0.42971724,0.4326797,0.43326235,0.43441123,0.43114543,0.42490512,0.422156,0.42433086,0.42229208,0.43765995,0.43315303,0.4365722,0.43498492,0.4280927,0.4255955,0.43126857,0.43759233,0.43079484,0.4319491,0.43986976,0.42562556,0.42570153,0.43494147,0.43425035,0.4260635,0.4331164,0.42677742,0.4249061,0.4245401,0.43257573,0.42771134,0.4277815,0.43261316,0.4292372,0.43205917,0.42455158,0.42886984,0.42947233,0.43037543,0.43206537,0.42526463,0.42854488,0.42496064,0.43306962,0.43336064,0.43754023,0.43327633,0.43377483,0.42434987,0.4264997,0.4343445,0.43715405,0.4256582,0.4324029,0.43360123,0.42648226,0.4274683,0.42798364,0.42660126,0.433246,0.43033096,0.4310773,0.43532583,0.4342598,0.42914233,0.43044883,0.43752527,0.42667618,0.42364365,0.43462306,0.43052518,0.43283212,0.4331183,0.42664415,0.4263975,0.42576888,0.43538934,0.43186662,0.43778482,0.43216586,0.43392703,0.42473984,0.42778966,0.43735868,0.43623218,0.43063077,0.43231308,0.4259233,0.4277982,0.4305193,0.43165216,0.43035266,0.42836174,0.43203253,0.42851683,0.42645204,0.43099624,0.4357116,0.4336945,0.4363363,0.43017662,0.43915823,0.43271255,0.42828196,0.42955947,0.42894533,0.43747962,0.42873222,0.43100083,0.4322873,0.43544298,0.4309312,0.42697284,0.426636,0.4366117,0.43542075,0.43587115,0.42520338,0.4299468,0.43539795,0.43188524,0.4304596,0.4320571,0.4374222,0.44083223,0.42651996,0.43503433,0.4204555,0.42821172,0.42990658,0.43025503,0.42299244,0.42964095,0.4344644,0.42989513,0.43208084,0.43523705,0.43850103,0.43390575,0.43385205,0.43202925,0.42561728,0.42999864,0.43660662,0.42981786,0.42731625,0.42641014,0.43173262,0.43646607,0.4288678,0.4296825,0.4297889,0.42704114,0.42737076,0.43405455,0.4267364,0.43350413,0.4358101,0.42923036,0.4283694,0.42971835,0.42353588,0.43709743,0.42731288,0.43216878,0.42886108,0.43166587,0.43297392,0.42563936,0.4339322,0.42795217,0.43111613,0.43203968,0.42688912,0.42909017,0.44224772,0.42672476,0.43419757,0.43162292,0.42579272,0.43027025,0.42763662,0.4284233,0.4263932,0.42525506,0.43529382,0.43585038,0.4237156,0.4309762,0.42943016,0.43345982,0.42707375,0.432459,0.42849275,0.43293554,0.43238887,0.4299604,0.43276668,0.43375015,0.4288485,0.43179634,0.42936796,0.43041447,0.42960018,0.43351036,0.43433136,0.43191224,0.43304747,0.43698633,0.43369752,0.43550605,0.43218708,0.43412352,0.43725646,0.43053383,0.42976147,0.43100715,0.43545294,0.43434146,0.42896172,0.43254697,0.43172586,0.43901807,0.42659712,0.42778626,0.43398327,0.42972878,0.43165734,0.4313293,0.42563012,0.42729503,0.43679807,0.42358044,0.4263791,0.43956542,0.43067196,0.4296703,0.43049335,0.43368,0.43271783,0.42590955,0.4301717,0.43098843,0.43156573,0.43024096,0.42814577,0.43402085,0.4304033,0.43591344,0.42257756,0.42120248,0.42730305,0.43613607,0.4284145,0.43022,0.43136445,0.4322035,0.42751476,0.43697432,0.42634463,0.4332485,0.42915073,0.4255256,0.4331428,0.42966303,0.4353454,0.43303224,0.42593765,0.42736882,0.4338389,0.43383768,0.42873114,0.43121302,0.42994818,0.42608353,0.42686483,0.4248728,0.43723366,0.43192133,0.4308009,0.43320614,0.43237582,0.4299727,0.42960638,0.43363714,0.4254553,0.4317041,0.4329668,0.43118155,0.4329651,0.4286435,0.42971796,0.42472395,0.42899147,0.42658195,0.43075398,0.43146035,0.43473554,0.43107906,0.44064683,0.43001056,0.4396533,0.42753083,0.42402646,0.42926764,0.43322054,0.425408,0.43228337,0.43038172,0.4282498,0.4339608,0.42434162,0.43096673,0.42469856,0.4272225,0.43102515,0.4260274,0.4296718
0.51959515,0.51653767,0.5176989,0.51541954,0.5205316,0.51160437,0.5085693,0.51925963,0.52047807,0.5155685,0.50918233,0.5168286,0.51837647,0.5060559,0.51791495,0.5234806,0.51993763,0.5138524,0.5264941,0.5162373,0.52351534,0.5207041,0.5200916,0.51074576,0.51585805,0.5130602,0.517861,0.5162221,0.5208227,0.5244252,0.5198126,0.5174395,0.519325,0.5105964,0.511608,0.5165556,0.521621,0.5187646,0.52094364,0.51317805,0.5178029,0.5293011,0.5184859,0.515274,0.51986253,0.5255744,0.5185524,0.5229442,0.5112522,0.52689236,0.5175359,0.52165467,0.52663606,0.5189192,0.5253314,0.5216314,0.5199934,0.51911396,0.52986735,0.512483,0.5101898,0.52053666,0.5166623,0.5207189,0.51676404,0.51482886,0.5228212,0.52257437,0.5163524,0.52113116,0.5159441,0.51622444,0.51937157,0.5149284,0.51720697,0.52356845,0.5168308,0.5183501,0.52404875,0.5167196,0.5166899,0.516443,0.5175464,0.51803946,0.52059925,0.5134728,0.50677466,0.5167921,0.51817864,0.5203537,0.5117273,0.5150596,0.509022,0.51160085,0.515613,0.5154622,0.5208381,0.5217356,0.5113699,0.5159236,0.51536846,0.52141833,0.524351,0.52047944,0.51882106,0.5194529,0.5200093,0.51807046,0.51464283,0.5168893,0.5149775,0.51172626,0.5226248,0.50965405,0.5183974,0.52563596,0.51943654,0.51362956,0.51731145,0.52130836,0.5133124,0.51220644,0.5200138,0.51916116,0.5134377,0.5216878,0.5045722,0.5103523,0.52283454,0.52100253,0.5148655,0.5217211,0.51777476,0.51851594,0.5145869,0.516678,0.51539993,0.51432765,0.51232696,0.51406276,0.5174415,0.5139817,0.5174663,0.5246656,0.518897,0.5145877,0.5205688,0.51908576,0.51646584,0.5155589,0.5210716,0.5208727,0.51806,0.5172966,0.5144202,0.52211255,0.5116995,0.5142089,0.5169864,0.51548105,0.5208743,0.5221798,0.5152457,0.5089932,0.5098714,0.516437,0.5231918,0.5123514,0.5128346,0.52698725,0.5148738,0.52807224,0.521928,0.5118219,0.51713395,0.5157267,0.522406,0.5254461,0.5177633,0.52110624,0.51750326,0.51623714,0.51030755,0.51557,0.5235141,0.5160621,0.5185188,0.51292723,0.5186636,0.5232441,0.5088005,0.5191788,0.52307534,0.51588434,0.5227828,0.5210215,0.5155862,0.5111312,0.5199408,0.51582134,0.5208526,0.51574856,0.51551723,0.51801306,0.5137095,0.5197256,0.516858,0.512379,0.51949483,0.5133714,0.51848084,0.5222682,0.5219535,0.5215232,0.5230457,0.520978,0.5201934,0.52207434,0.5103108,0.51049155,0.51980674,0.51689744,0.5136664,0.51362765,0.5155514,0.50963694,0.52397025,0.51799744,0.5248339,0.5083878,0.5118809,0.51642853,0.52246153,0.52070314,0.51956743,0.51669526,0.51485324,0.5156406,0.5199201,0.5184376,0.5162043,0.5154912,0.52034104,0.5129767,0.5262931,0.51166147,0.51708776,0.51948637,0.52258164,0.520537,0.51928097,0.5102476,0.5228044,0.50781393,0.52146727,0.51835316,0.5204798,0.52321196,0.5152203,0.5146972,0.51892555,0.52340525,0.5155106,0.516364,0.52170163,0.5179942,0.5174328,0.51485723,0.51427567,0.526204,0.5182644,0.5107855,0.517525,0.5165728,0.52085674,0.51330334,0.5238393,0.5147559,0.5191156,0.5107494,0.51317185,0.51669693,0.5158254,0.5149448,0.5172687,0.5147257,0.51575774,0.517785,0.5134878,0.52530885,0.5183484,0.52559394,0.51569194,0.51578176,0.52025807,0.518556,0.5228676,0.5281849,0.51272726,0.5138155,0.5274879,0.512911,0.5216844,0.5192059,0.52085346,0.516129,0.522469,0.52523553,0.51650167,0.51887965,0.5148401,0.5186967,0.512862,0.5204467,0.5154211,0.51727784,0.52310735,0.51651794,0.51741844,0.5216153,0.50993353,0.5261986,0.5177339,0.5173845,0.519848,0.51644605,0.51788574,0.5123083,0.5110513,0.5215537,0.51996106,0.52278745,0.51578164,0.5217639,0.51759434,0.5137602,0.5161535,0.51344556,0.5129288,0.51731116,0.51821357,0.5102822,0.5117373,0.5186711,0.51865286,0.52345943,0.5168427,0.52186894,0.5156433,0.5117381,0.516115,0.5222305,0.51353806,0.50859976,0.52069235,0.5174674,0.5147947,0.5135435,0.52032596,0.51188546,0.5139594,0.5163117,0.5192172,0.5189202,0.52234274,0.51897675,0.51246023,0.51258236,0.52271587,0.51345646,0.51885283,0.5201235,0.51767075,0.51794606,0.5192381,0.51625675,0.51525307,0.51358116,0.51984376,0.5178634,0.5207314,0.5149059,0.51506925,0.5159677,0.50880647,0.517955,0.52188945,0.51450443,0.5285679,0.51690894,0.52289164,0.51738226,0.5217159,0.5174443,0.51974046,0.51843345,0.50741196,0.51846063,0.5234449,0.51492727,0.51263595,0.51388514,0.5150215,0.5222438,0.5189653,0.5208761,0.5208827,0.5211593,0.51417625,0.51913786,0.519939,0.51603645,0.5130018,0.51712286,0.50904053,0.5171472,0.5141734,0.5200559,0.52635616,0.5140656,0.5113082,0.52360076,0.51858777,0.5181479,0.51671535,0.5205503,0.5220855,0.5106043,0.51244855,0.5171329,0.5154469,0.5168246,0.5119719,0.51548,0.51294816,0.51898247,0.5243877,0.5243467,0.52028716,0.5135282,0.51814693,0.51697546,0.5212292,0.5182721,0.51797104,0.5132818,0.51671785,0.51669806,0.5141869,0.52736354,0.5135095,0.52023757,0.53097636,0.51333344,0.5154407,0.5245594,0.5216605,0.5176435,0.518383,0.50996256,0.5179236,0.5206538,0.51404476,0.5198503,0.5237978,0.5182203,0.5134343,0.51795703,0.5229908,0.52190006,0.51858103,0.51687914,0.51630414,0.51406604,0.5145345,0.5087645,0.5136928,0.5149381,0.52301025,0.51275754,0.51761854,0.5229621,0.5207938,0.51642543,0.51609296,0.50968486,0.5200745,0.51499426,0.5178037,0.52594316,0.5176546,0.5245009,0.52207816,0.52451605,0.51360327,0.5121549,0.52124995,0.5125434,0.51982,0.5229903,0.5252883,0.5163225,0.52616614,0.5190598,0.5166034,0.5255139,0.5187231,0.5191249,0.5181268,0.52347636,0.51522374,0.52069753,0.5177858,0.5243211,0.5141306,0.5166546,0.52122694,0.5172129,0.5145859,0.52088547,0.5126746,0.5207109,0.5239511,0.5221529,0.5182717,0.5185464,0.51043445,0.51688975,0.52217615,0.5212905,0.51237357,0.5241831,0.5189138,0.5152853,0.5079637,0.5076303,0.5164354,0.51904386,0.51614654,0.516271,0.5111206,0.52051115,0.5206788,0.5183057,0.51626325,0.522441,0.51357305,0.5112027,0.5039956,0.52039814,0.52229285,0.5188538,0.5164871,0.5172732,0.5115276,0.51611936,0.5162206,0.51338476,0.51898533,0.52012914,0.5128896,0.5134005,0.52060145,0.5200354,0.51486015,0.5145288,0.5195133,0.50652593,0.5156955,0.5206414,0.5164055,0.5174773,0.51491207,0.5185481,0.52234006,0.5159397,0.50804734,0.51358217,0.52951354,0.5220708,0.5134512,0.51422656,0.52350813,0.5232369,0.5199162,0.52153677,0.5171414,0.522276,0.52200025,0.52219874,0.50527036,0.5176877,0.5191405,0.5174344,0.5189636,0.514348,0.5144112,0.5128034,0.5125083,0.51735157,0.52006465,0.5202047,0.5184506,0.5070535,0.52127236,0.51162434,0.5192368,0.5188588,0.5214642,0.51086205,0.5094041,0.52626485,0.51512575,0.52686954,0.5170471,0.52221954,0.5215399,0.51307464,0.5195177,0.5181542,0.5212049,0.51036084,0.5162798,0.51252264,0.51350784,0.5168796,0.52162623,0.511712,0.5202344,0.5299556,0.5199947,0.5220348,0.51904446,0.5162065,0.51124156,0.5161837,0.5117655,0.51365715,0.5146335,0.518889,0.5162853,0.5171242,0.5159531,0.5216235,0.51164764,0.5160121,0.50924385,0.5152836,0.52260417,0.51999676,0.5221914,0.5153355,0.50950086,0.5149462,0.51462024,0.52045166,0.5121088,0.5195555,0.51402646,0.51804215,0.5217467,0.5197243,0.51131964,0.51764053,0.5223791,0.52111053,0.5182776,0.5165392,0.51326555,0.5171467,0.52335364,0.5207179,0.5169777,0.52357787,0.5288398,0.5147321,0.51800853,0.5206045,0.5161213,0.51565593,0.51302063,0.5173178,0.5145422,0.5172067,0.52312624,0.517099,0.5132954,0.5112092,0.5115376,0.5143832,0.5113631,0.5236711,0.5208305,0.5197102,0.51658005,0.51941246,0.51695025,0.5225084,0.520683,0.52129227,0.51921034,0.5184404,0.5196913,0.5225005,0.51491404,0.5167856,0.5185309,0.51702946,0.5079972,0.51822466,0.5175863,0.51696384,0.5121306,0.51548326,0.51885664,0.5192252,0.52147394,0.52474284,0.5136334,0.51915705,0.5202351,0.5149866,0.516594,0.5144197,0.51419663,0.5237912,0.52069587,0.518432,0.52242285,0.5171724,0.5123796,0.51674247,0.5139604,0.51804715,0.51479244,0.518443,0.5149459,0.5181472,0.5134223,0.5177311,0.5220662,0.5221621,0.5168273,0.51662415,0.52114594,0.51675,0.5227778,0.523204,0.52664596,0.51996547,0.5105804,0.51817346,0.51512784,0.5174485,0.51656216,0.518091,0.5104319,0.52254426,0.5271907,0.5233485,0.519866,0.5217171,0.5313191,0.51434433,0.51662374,0.51537067,0.5215307,0.5220941,0.51207143,0.5168758,0.5097344,0.5186269,0.5167268,0.514578,0.51259875,0.514456,0.5157106,0.5224399,0.5210679,0.5252215,0.51753503,0.5256223,0.5147551,0.5241971,0.51628745,0.5110325,0.51599723,0.5131633,0.5186219,0.51787096,0.51618826,0.51339823,0.5192456,0.5165745,0.5112781,0.5170626,0.5213524,0.5236811,0.5252683,0.52528167,0.5158945,0.5170177,0.5100696,0.5165076,0.51875424,0.52282596,0.5211779,0.51420057,0.51896495,0.5150857,0.5138895,0.5178194,0.5185653,0.5078246,0.5247946,0.5235878,0.52274686,0.51870656,0.5171714,0.52396566,0.515143,0.5131739,0.51574737,0.5201228,0.5168749,0.509716,0.5202411,0.510221,0.52478915,0.5236116,0.52420765,0.5256006,0.51380265,0.5243781,0.5261948,0.51605695,0.52231747,0.5207314,0.5196846,0.5242885,0.5153142,0.5195266,0.5154564,0.5116785,0.51997,0.5079524,0.5172376,0.51198286,0.5188104,0.52330345,0.51587665,0.5192042,0.5128297,0.5208934,0.5184267,0.5121391,0.51955485,0.52214795,0.5183172,0.5246216,0.5145927,0.5173824,0.5186176,0.5101769,0.5207783,0.5155025,0.51763713,0.51538235,0.5244621,0.51337594,0.5201998,0.5206046,0.52101094,0.5216891,0.5158622,0.5181937,0.5217083,0.5178726,0.51957184,0.52171105,0.5163381,0.51284933,0.5168286,0.52049065,0.51899284,0.5195014,0.51895535,0.51477474,0.5278172,0.52286845,0.52081656,0.5130671,0.5276336,0.51401573,0.5186158,0.52326614,0.5150288,0.51636857,0.51525277,0.52790034,0.5205961,0.51218206,0.5225999,0.5153521,0.5154975,0.52383757,0.5212505,0.51881635,0.5126903,0.5155371,0.52255845,0.5187916,0.5120467,0.5172431,0.5137303,0.5123324,0.5263304,0.5149959,0.51871055,0.51031834,0.5192594,0.52658707,0.52104914,0.52412057,0.51867205,0.52386945,0.5148478,0.51909333,0.5248403,0.50924075,0.52485305,0.520415,0.5176505,0.5193968,0.51873946,0.52005786,0.52185065,0.5258009,0.52001554,0.51388794,0.52197915,0.513548,0.51900333,0.52142495,0.5109384,0.5212705,0.5263878,0.51448,0.52546614,0.5265569,0.51956534,0.5199012,0.51952475,0.51497954,0.5163702,0.5185176,0.51431096,0.52237153,0.51070815,0.5238943,0.5221256,0.5136638,0.51807123,0.51652056,0.5179278,0.5149064,0.52287626,0.51410186,0.5122701,0.51546216,0.51494503,0.5122103,0.5166316,0.52296394,0.51604915,0.51757324,0.513637,0.5233506,0.51834905,0.513488,0.5273069,0.520281,0.5176797,0.5204261,0.51742107,0.52082914,0.51913685,0.5180373,0.51329774,0.51471275,0.5194268,0.5137766,0.51701784,0.5208584,0.51929724,0.5141193,0.51500356,0.51925427,0.5227583,0.51650727
0.7217103,0.72065324,0.7177646,0.7185039,0.7270888,0.722563,0.7198,0.71379536,0.71848255,0.71814257,0.7205287,0.72358954,0.7196757,0.7154777,0.71828043,0.7280929,0.72443914,0.71729,0.7245054,0.72346807,0.7195843,0.72347575,0.72321314,0.727149,0.7189055,0.7238924,0.7181291,0.7229884,0.72297287,0.7197642,0.72315323,0.71739215,0.72351414,0.7180891,0.72052974,0.7271895,0.71847934,0.7294173,0.7170128,0.71830934,0.7086324,0.7239154,0.7318048,0.72334146,0.7184426,0.72020555,0.7230814,0.729848,0.7206668,0.72893995,0.7180366,0.7266155,0.7185773,0.7275266,0.7221441,0.7309203,0.72487205,0.7253127,0.72037333,0.722912,0.72272825,0.7220042,0.72798693,0.72041225,0.7217051,0.7240848,0.7304551,0.72574115,0.71730876,0.7171087,0.72781473,0.7268291,0.7306653,0.71740705,0.7193327,0.72578347,0.7205395,0.7201448,0.7127092,0.721338,0.723176,0.7257209,0.71364784,0.72038263,0.72489846,0.714232,0.71561974,0.7191669,0.72295797,0.72463465,0.7159849,0.72317845,0.7300368,0.7160507,0.7206292,0.7175926,0.723018,0.7209574,0.7201605,0.7204536,0.7233442,0.7188917,0.7228856,0.71835154,0.71925086,0.7237135,0.7247962,0.72471654,0.71833324,0.7204583,0.72454673,0.7256037,0.7269737,0.7222101,0.7244563,0.717014,0.71467847,0.7279648,0.72631377,0.72149646,0.718104,0.7147454,0.72193664,0.7178899,0.72415906,0.7193409,0.716167,0.71091115,0.71905524,0.7281345,0.72023904,0.7171909,0.7179642,0.7227121,0.72319394,0.7206392,0.7265274,0.7192287,0.71605945,0.71820843,0.7248978,0.716683,0.7231836,0.7219879,0.7196405,0.7179494,0.7256159,0.7263216,0.72080487,0.7247376,0.72822124,0.7235627,0.716569,0.72041357,0.7104085,0.7137773,0.72576797,0.7156385,0.72979784,0.7242248,0.72265005,0.72098416,0.72394013,0.7176752,0.71435416,0.7267727,0.7256653,0.7216396,0.7202894,0.7247438,0.7189423,0.72097415,0.72119796,0.7302355,0.7201479,0.73135316,0.729516,0.7209561,0.7233613,0.7251613,0.7257374,0.71733534,0.72712183,0.7252789,0.71504515,0.72191155,0.72013056,0.7292502,0.72853196,0.72264683,0.71093416,0.71123385,0.7306544,0.7125205,0.723661,0.71884423,0.7136621,0.72019076,0.72137713,0.7309678,0.7223332,0.72046536,0.72514427,0.7215392,0.7175767,0.7183564,0.71852964,0.71405786,0.72181654,0.7220124,0.7178661,0.72118056,0.7174719,0.72427636,0.72276837,0.71942997,0.7279196,0.72423226,0.7148392,0.7237622,0.7211349,0.71222305,0.71943116,0.7169933,0.7215518,0.718617,0.72472054,0.7228625,0.72433954,0.71771985,0.7125506,0.71736854,0.7105946,0.72364396,0.72786003,0.7223858,0.71814036,0.7249521,0.7174586,0.7222727,0.7175281,0.72228,0.72286665,0.713726,0.7266313,0.7165401,0.7155827,0.7267455,0.7226127,0.7247693,0.7284731,0.7234908,0.72007716,0.72132814,0.72574383,0.72230065,0.71461844,0.7160822,0.72214377,0.71914333,0.71097356,0.7241173,0.72665745,0.71996844,0.717928,0.7227506,0.7218302,0.7194886,0.72407806,0.71393687,0.72307205,0.7214537,0.7261386,0.7217227,0.7221472,0.72094804,0.7192522,0.7270203,0.71775067,0.72356826,0.72519064,0.72366613,0.7129994,0.72028583,0.71997255,0.72423273,0.71995246,0.72786963,0.72218955,0.72240025,0.7214309,0.7258035,0.7181791,0.7141689,0.72703034,0.7178906,0.72640747,0.7243602,0.71528727,0.718,0.7201005,0.72816396,0.72060287,0.71628714,0.72599864,0.7213216,0.7241529,0.7200275,0.72246957,0.72926474,0.72431254,0.72468054,0.7215056,0.72019565,0.7166636,0.7272676,0.72323793,0.72296214,0.7275946,0.7076753,0.7216998,0.71862453,0.7197377,0.722317,0.72300094,0.72834617,0.7188988,0.71361667,0.71679753,0.73111993,0.7274267,0.71788377,0.72102773,0.7262728,0.7226809,0.72194386,0.7167655,0.71769613,0.731442,0.73310226,0.7191876,0.7187214,0.71529955,0.71412754,0.7163891,0.71831286,0.72077143,0.72182846,0.7277252,0.7147221,0.71809685,0.71895343,0.72966146,0.7177212,0.72924566,0.72351545,0.72231215,0.7233698,0.7239596,0.72825354,0.72424597,0.723701,0.724097,0.7165041,0.7240554,0.7139368,0.7158966,0.7221196,0.7225639,0.7210666,0.7143608,0.7170231,0.71979684,0.7237821,0.7171674,0.72494537,0.73005325,0.7204663,0.71955866,0.73054355,0.7120778,0.7232876,0.7269417,0.7260255,0.71989167,0.72343665,0.7245345,0.7258085,0.7209989,0.7257942,0.7129028,0.7246909,0.72362274,0.72294533,0.72334135,0.7203057,0.72602195,0.7310625,0.7207854,0.7152128,0.7214031,0.7247006,0.72853166,0.7166809,0.7159763,0.72505605,0.72105145,0.727751,0.71363765,0.72300166,0.7181599,0.7178635,0.71945804,0.7109178,0.72059655,0.7280326,0.7195056,0.72041446,0.7247341,0.71454245,0.7205164,0.7174073,0.71503586,0.7185428,0.71891135,0.7183812,0.71983397,0.719117,0.72197187,0.7299785,0.7214433,0.720875,0.729361,0.7228352,0.7176227,0.7179923,0.72168446,0.72330976,0.7325732,0.7177324,0.72390157,0.70879495,0.7190424,0.73502475,0.7209104,0.7202215,0.72141474,0.7190039,0.71977484,0.72252893,0.7220862,0.7270612,0.7215445,0.72318065,0.7221568,0.7265996,0.72950643,0.72584975,0.71931154,0.7274845,0.7217454,0.72535855,0.71942556,0.7211135,0.7209489,0.72079504,0.71320426,0.72220004,0.72570515,0.7169459,0.7204265,0.71977055,0.7181864,0.7314683,0.7225926,0.71203274,0.7216862,0.7209184,0.7205584,0.71363163,0.72728086,0.7189438,0.7222779,0.7163604,0.7253965,0.7103701,0.7198749,0.7207192,0.7201359,0.72116375,0.7234671,0.7226208,0.72351027,0.71813005,0.7192557,0.71502596,0.7289495,0.717725,0.717318,0.72899264,0.7218142,0.722641,0.72487825,0.7239678,0.7217615,0.72122383,0.72569,0.7205726,0.72476983,0.7131288,0.72833675,0.72018176,0.7259694,0.7242521,0.72445494,0.72347623,0.7200953,0.7213812,0.72292864,0.7208222,0.7181238,0.7291175,0.727271,0.72308284,0.7163435,0.71866494,0.7268395,0.7254166,0.7229496,0.7210616,0.71789443,0.7220954,0.71794844,0.72734225,0.72243047,0.7242544,0.72054076,0.7295793,0.72012967,0.72142816,0.71736825,0.71750665,0.7169129,0.72195333,0.7186821,0.7174313,0.72176206,0.7133299,0.72334546,0.7258482,0.72487783,0.71828145,0.72435117,0.71883506,0.72300935,0.7192678,0.719196,0.7285792,0.7189817,0.72488093,0.7297969,0.7281254,0.7191773,0.7202371,0.71840096,0.7179027,0.72034514,0.71658784,0.72317535,0.72621876,0.72845566,0.72846276,0.72039706,0.713336,0.7199587,0.7237003,0.718563,0.7178137,0.730671,0.7204331,0.7216771,0.7251639,0.71715826,0.72025096,0.72826856,0.72707456,0.71634305,0.7115765,0.7182342,0.7173906,0.7173252,0.716456,0.7158011,0.72080624,0.7230992,0.7232271,0.72029203,0.7192228,0.7246543,0.7196147,0.7245935,0.7237343,0.7238074,0.7164166,0.7239531,0.7197476,0.72127104,0.72876614,0.72020346,0.7222577,0.7173622,0.7204027,0.7201206,0.72266704,0.7182101,0.7222717,0.7242274,0.72320247,0.7237686,0.72669107,0.7268796,0.7221773,0.7224487,0.71493876,0.72454774,0.7214552,0.7226676,0.7188322,0.7131186,0.72252154,0.7257401,0.7091558,0.72589236,0.7185859,0.71376735,0.7143403,0.71281964,0.7196918,0.7261858,0.72480553,0.7151556,0.7175249,0.7192722,0.7300737,0.72354585,0.7147888,0.7294598,0.71943736,0.7171257,0.72047204,0.7163174,0.7173294,0.7224382,0.73187876,0.72123057,0.7283653,0.7276571,0.7176,0.7220769,0.7182138,0.71958655,0.7232419,0.7198019,0.7233778,0.72370106,0.7238463,0.72067827,0.7172493,0.7248213,0.720446,0.72997,0.72601324,0.71446824,0.72079927,0.7299838,0.71795285,0.7216596,0.72238576,0.7172523,0.7239899,0.7226848,0.72391737,0.7188835,0.72108316,0.7310156,0.73162484,0.7245927,0.7186761,0.72044533,0.71654266,0.71998304,0.7236358,0.716928,0.72174793,0.72429657,0.7277449,0.7236911,0.731646,0.7300292,0.71631914,0.7233691,0.72918624,0.7231297,0.7190872,0.7135389,0.7162585,0.71845263,0.7237555,0.7254888,0.7166305,0.720499,0.7245225,0.72197896,0.722463,0.7287655,0.72313964,0.7220211,0.7203666,0.7186694,0.7222021,0.7200795,0.7230135,0.7302632,0.72933954,0.72803473,0.72538644,0.71905094,0.7315843,0.72609746,0.718643,0.7164394,0.71039575,0.72630996,0.7194822,0.72021323,0.7255564,0.7243478,0.7150852,0.7204746,0.7184406,0.71896917,0.71983457,0.72060627,0.7249083,0.72351336,0.7267198,0.7140883,0.7237809,0.7192853,0.72755706,0.72453076,0.7168831,0.71818787,0.7213045,0.7211682,0.7216115,0.71967834,0.7208999,0.72278106,0.7206246,0.7234804,0.7198389,0.71311694,0.72104514,0.72467923,0.730777,0.71885157,0.7215923,0.72336537,0.7257917,0.71983457,0.7270126,0.72046036,0.7197806,0.7232543,0.723364,0.72183245,0.715757,0.71946967,0.71387476,0.7191977,0.71793234,0.7197863,0.72324395,0.72095734,0.7174445,0.7196162,0.7247413,0.72045666,0.7212751,0.72097355,0.72120094,0.7245084,0.7267064,0.7302556,0.7122869,0.7224475,0.72290415,0.72219646,0.725562,0.72196007,0.71804184,0.71883315,0.72856754,0.71952116,0.724341,0.7262572,0.72697324,0.72037107,0.719233,0.7184174,0.7224829,0.7227044,0.71881485,0.7195981,0.72342515,0.72262603,0.725818,0.7248358,0.72572017,0.7236031,0.71427166,0.7212924,0.7269447,0.72244513,0.7208265,0.7194232,0.72035664,0.71554995,0.7288703,0.7243571,0.7239443,0.717608,0.72760904,0.71988076,0.7149162,0.7250831,0.7178149,0.7196766,0.72303313,0.7273472,0.72615427,0.72129434,0.7226104,0.72177297,0.7217054,0.71962094,0.71867245,0.719827,0.7232654,0.7218321,0.72224027,0.72411627,0.72070056,0.7224118,0.7131806,0.7204852,0.720252,0.7186418,0.72780657,0.71763563,0.7165345,0.7182308,0.7204771,0.7272738,0.7188819,0.71321785,0.72143394,0.7244739,0.7130621,0.72823817,0.7219575,0.7183789,0.7205207,0.7361035,0.7180558,0.7254418,0.72144574,0.7206104,0.72195834,0.71708375,0.7230059,0.72125673,0.7240258,0.7210771,0.71665186,0.7210875,0.71994174,0.7259789,0.72210664,0.7224615,0.72122353,0.715945,0.7124541,0.7250934,0.7290704,0.7188397,0.7212551,0.72224104,0.716655,0.71439785,0.71819764,0.71623033,0.72630656,0.71815145,0.72619724,0.71817124,0.7267385,0.7189229,0.71860164,0.721124,0.72057897,0.7162474,0.72378355,0.7259158,0.71969116,0.719092,0.7173344,0.72304577,0.7177539,0.71986645,0.7225198,0.7203546,0.71830034,0.7249985,0.72577417,0.71624076,0.7239767,0.7178969,0.7168102,0.7281778,0.71348536,0.7218346,0.71840763,0.7209736,0.7182861,0.7193785,0.7153031,0.7196762,0.71873957,0.7199115,0.7185746,0.7220905,0.7282329,0.72934175,0.72624147,0.7188885,0.72515565,0.72309697,0.7204284,0.7149625,0.7261705,0.728492,0.726335,0.7171064,0.71913475,0.720805,0.7263428,0.7188002,0.7240348,0.7196719,0.72313064,0.7197961,0.7128057,0.7182965,0.72548425,0.72052854,0.7114579,0.7350255,0.72517633,0.71716446,0.7266742,0.72291404,0.7243647,0.72820127,0.72110015,0.73408395,0.72574705,0.7177848,0.7138447,0.72100955,0.72437793,0.7127296,0.7331385,0.7204138,0.72179425,0.7185246,0.71852434,0.7146537,0.72596866,0.7333557,0.7191496,0.71661496,0.71690375,0.72160774,0.71764874,0.73052156,0.7268494,0.72078,0.7146359
0.7792369,0.7747712,0.78443635,0.78166556,0.7796404,0.7769254,0.7719831,0.7704799,0.7729001,0.7857462,0.778641,0.76784,0.776028,0.7698088,0.7790129,0.7796545,0.7851842,0.7697582,0.7864238,0.78347766,0.7783645,0.78383714,0.7796669,0.7813195,0.7789241,0.78550625,0.773692,0.78015745,0.77864707,0.77773637,0.7848864,0.7796484,0.77949053,0.77558047,0.7810097,0.78264654,0.7784834,0.78365386,0.7732036,0.7839856,0.7716851,0.78242487,0.78489983,0.7840675,0.7802101,0.78103644,0.77819055,0.7763894,0.78292185,0.7850685,0.77467394,0.7830991,0.7772125,0.7824256,0.7798683,0.78412396,0.7816735,0.78263944,0.77921516,0.77768797,0.78208876,0.77965397,0.7835769,0.77505404,0.7843705,0.7849681,0.78238726,0.7856349,0.7796313,0.773878,0.78365815,0.77827257,0.7779276,0.77688074,0.7725567,0.7870829,0.7671769,0.7848663,0.7812963,0.77757716,0.7855087,0.79018694,0.77764,0.7797367,0.7762852,0.7710866,0.776933,0.7807549,0.7779056,0.7765778,0.7760546,0.77451503,0.7837577,0.7833398,0.78102064,0.7875125,0.7832856,0.7776924,0.779379,0.7755222,0.7751498,0.78599703,0.78342783,0.77385825,0.7794791,0.78225243,0.7742107,0.7750986,0.78376395,0.7760763,0.7762413,0.77486604,0.7846508,0.78115207,0.7828288,0.7763696,0.77653146,0.77626276,0.7854332,0.7877397,0.7734594,0.7762946,0.77316225,0.7795177,0.7829046,0.7813034,0.77436125,0.77381355,0.7838612,0.7739819,0.77725613,0.7786804,0.7764824,0.78241473,0.78097373,0.7805051,0.78057724,0.7777113,0.7733315,0.7739739,0.7787477,0.77272534,0.7819616,0.7813632,0.7809809,0.7788404,0.7835777,0.7859626,0.7788598,0.77931964,0.77726704,0.7781754,0.78096986,0.7782796,0.7745909,0.781705,0.7753503,0.7804148,0.7890168,0.7797063,0.78481257,0.779214,0.7784027,0.77691275,0.7723401,0.78176373,0.77803195,0.7737514,0.78646094,0.7750302,0.77584285,0.7810685,0.7798776,0.7821602,0.77497834,0.78468215,0.78919274,0.7826811,0.77896184,0.7779575,0.7834418,0.7790793,0.7781945,0.7768219,0.77961785,0.77640265,0.78359044,0.78316706,0.78438157,0.7801882,0.7787064,0.76902604,0.77657485,0.7681329,0.7792865,0.7752741,0.76621026,0.77856517,0.775935,0.7800454,0.77956784,0.7849708,0.77879184,0.7787716,0.7786711,0.7772814,0.775153,0.7732984,0.78586936,0.78012186,0.7788886,0.7806255,0.7730379,0.7843872,0.7784448,0.7863428,0.78114855,0.78299874,0.77747095,0.78080434,0.7853502,0.77189744,0.77833045,0.77681065,0.7817653,0.78477657,0.7846864,0.77639985,0.7809215,0.77827895,0.7747172,0.7778006,0.7707963,0.78348786,0.7858532,0.78135484,0.77466774,0.7756544,0.7809031,0.77811086,0.77731013,0.77641225,0.77905387,0.77914786,0.77621514,0.78277504,0.7755271,0.78490794,0.77856666,0.7769663,0.79300696,0.7758837,0.7782388,0.78536004,0.7770668,0.7903949,0.77950513,0.7780375,0.7872292,0.78094053,0.78306204,0.77961797,0.7824512,0.777847,0.77999437,0.7826281,0.77486247,0.7714886,0.77945125,0.7754061,0.7804816,0.7744413,0.7787647,0.7789751,0.7827325,0.77885354,0.7873466,0.77841663,0.7733856,0.7831665,0.7793349,0.77524394,0.7777733,0.7769333,0.781361,0.7853858,0.7795589,0.77661246,0.786408,0.7827049,0.77942085,0.78389907,0.7748727,0.77406245,0.7761937,0.7771933,0.7758283,0.7745197,0.7733429,0.7736341,0.77129245,0.7814959,0.7857681,0.774799,0.7785006,0.7854439,0.77778435,0.78414154,0.77642494,0.78167415,0.78520703,0.7849272,0.7791904,0.7732329,0.77595234,0.78350216,0.7794434,0.7861937,0.79001105,0.7723426,0.78043514,0.7762926,0.78141993,0.77663416,0.77253556,0.7824306,0.78043956,0.77279866,0.77592075,0.7841182,0.78754324,0.7732861,0.7821407,0.77917,0.7799701,0.77989477,0.7758508,0.7724366,0.7900457,0.78284657,0.7726264,0.77481836,0.7789574,0.7768125,0.7833445,0.775382,0.7778226,0.7752407,0.7851651,0.77862465,0.77516866,0.778367,0.7841229,0.7767366,0.78143746,0.77699995,0.78261614,0.78910893,0.7836498,0.78133184,0.77628964,0.7704671,0.7774269,0.7754824,0.7835808,0.7677049,0.7761766,0.7783166,0.78007656,0.7788467,0.7772411,0.7776933,0.7751136,0.78219646,0.77922297,0.7897972,0.7882712,0.7814982,0.77665263,0.7888565,0.76759434,0.7837684,0.7868249,0.77718735,0.777972,0.78470546,0.78105867,0.77749735,0.7767013,0.7790545,0.7788354,0.7776882,0.7759114,0.7779414,0.7822998,0.78026277,0.78878117,0.77955407,0.78428304,0.77504176,0.7782974,0.79105437,0.78132385,0.7750678,0.7817875,0.7772511,0.7740255,0.7860255,0.769265,0.7776913,0.7779193,0.7832501,0.77556914,0.77452505,0.78138864,0.7856754,0.7789263,0.7810104,0.7821918,0.7732615,0.7794032,0.7811286,0.7778863,0.7788873,0.77777725,0.7833731,0.7747457,0.7708139,0.777771,0.78396314,0.7701615,0.7811958,0.78115046,0.7826751,0.7797312,0.78037983,0.7779271,0.77678126,0.7821185,0.7698435,0.7803158,0.7769417,0.78249824,0.78735435,0.7813098,0.77369344,0.78557765,0.7730653,0.7753513,0.77969784,0.7760872,0.78102726,0.77824014,0.7819022,0.7829467,0.7796644,0.7820623,0.7776206,0.77924347,0.78110945,0.781451,0.7794377,0.78144175,0.77807045,0.7839419,0.7823755,0.77227384,0.78419393,0.7834188,0.77908146,0.77633905,0.7826162,0.7792118,0.7835304,0.7756573,0.77528113,0.78570235,0.7832261,0.7818995,0.7708521,0.78305006,0.7810563,0.78059196,0.7776962,0.7831349,0.7782196,0.7842114,0.78269213,0.77765393,0.77487767,0.78224367,0.7843711,0.7788304,0.7744665,0.7822259,0.77684146,0.7853937,0.7754203,0.78090405,0.7857953,0.783682,0.78558874,0.777187,0.7853024,0.7848676,0.77932215,0.7871795,0.7806465,0.77661693,0.77232033,0.78122437,0.7852784,0.77857876,0.78160113,0.7886727,0.7771472,0.77651423,0.7783864,0.77930194,0.7834405,0.7789965,0.7841707,0.78444856,0.77688855,0.7715968,0.7803279,0.78559303,0.77962095,0.77996176,0.78120655,0.77783257,0.78382653,0.7796862,0.7795891,0.78028095,0.78311354,0.780056,0.778894,0.7746761,0.7822215,0.7762494,0.7745964,0.7792907,0.77627474,0.7779167,0.777261,0.7782374,0.7722422,0.7833549,0.7835215,0.7785662,0.7774375,0.7831967,0.77656364,0.78184175,0.7779644,0.78427494,0.7773722,0.77668035,0.7829334,0.78419423,0.7797131,0.7868457,0.7770101,0.78246737,0.78531873,0.7839247,0.7760696,0.7812647,0.77990985,0.78167844,0.78854555,0.7776812,0.77628267,0.77725226,0.78472954,0.77715695,0.7782369,0.78642434,0.7811801,0.780738,0.78311723,0.77160925,0.77891517,0.78165627,0.7854276,0.78338003,0.77920896,0.7772598,0.77108604,0.78103405,0.7765992,0.7720766,0.7835679,0.7768147,0.77621734,0.78008014,0.7837246,0.7881912,0.782699,0.7753106,0.78271055,0.77693707,0.77317107,0.7839512,0.78227544,0.775777,0.7864472,0.78067744,0.77728647,0.77839386,0.7764749,0.7776216,0.77578974,0.78033936,0.78532386,0.78326124,0.77875054,0.7843097,0.78533995,0.77548754,0.7819749,0.7796785,0.7815889,0.78051466,0.7834789,0.7774688,0.7876621,0.7811887,0.7764959,0.7770856,0.772423,0.7793165,0.7780775,0.7723216,0.7757151,0.7683412,0.7794743,0.78256136,0.78562707,0.7756141,0.78269285,0.78152865,0.7814003,0.78833437,0.7755332,0.778329,0.78587043,0.7766875,0.7822643,0.77830297,0.7807475,0.7794753,0.7882149,0.7854301,0.7826154,0.7779629,0.7719196,0.784478,0.7789345,0.7796954,0.7735997,0.78099835,0.7781515,0.7804977,0.77922875,0.77982795,0.78045183,0.78591126,0.77772117,0.7753813,0.777217,0.7772618,0.7823167,0.78411835,0.778014,0.78089666,0.7741972,0.781493,0.78208536,0.7816305,0.780192,0.7760851,0.77188087,0.7740312,0.7864992,0.7829156,0.78549105,0.775991,0.7700092,0.7799236,0.78307027,0.77669656,0.7900436,0.78602755,0.7778261,0.7813695,0.78887683,0.78097343,0.7798109,0.7842169,0.7875677,0.7827598,0.7760148,0.77981395,0.77522343,0.782965,0.78115594,0.7809017,0.78042376,0.78114706,0.7806954,0.7808565,0.78718925,0.78036374,0.7763088,0.7724112,0.77849,0.77664727,0.7834433,0.7784489,0.78193027,0.78099674,0.78072953,0.7831015,0.7781431,0.77762926,0.7821323,0.7808889,0.7761455,0.78401256,0.7697942,0.7870915,0.77668476,0.7756411,0.78289044,0.7802502,0.7709959,0.78069746,0.7749229,0.7771159,0.7767783,0.7788079,0.77516156,0.7842207,0.7844226,0.777455,0.78419197,0.77813697,0.77778596,0.780705,0.78101176,0.77735996,0.7875207,0.77507365,0.7758622,0.7795597,0.78450805,0.78140265,0.7754048,0.7793019,0.78125554,0.7764194,0.7843621,0.78001434,0.78397274,0.7786161,0.7778101,0.7757354,0.776254,0.7766761,0.78229636,0.7797988,0.7773739,0.78069884,0.7821642,0.779084,0.7754213,0.7823331,0.78194624,0.7811755,0.78147775,0.7775536,0.78520346,0.7765429,0.77825207,0.7692378,0.7834011,0.77397037,0.779325,0.78283167,0.78430015,0.77988684,0.78458095,0.7784594,0.7649781,0.7760346,0.7777915,0.7785736,0.77623844,0.7822465,0.77318996,0.7813667,0.77670044,0.7739187,0.778789,0.7830028,0.77722174,0.78131074,0.76858664,0.782184,0.7840289,0.7766323,0.7762421,0.7692833,0.7857794,0.7834853,0.7823696,0.77878606,0.7836555,0.7866415,0.78414434,0.7813028,0.7826785,0.77966547,0.7827194,0.7829634,0.7750529,0.7715917,0.7807269,0.7805333,0.781161,0.7736318,0.7825762,0.7809564,0.7769607,0.78163934,0.7825751,0.77845246,0.78759503,0.777886,0.7817761,0.7800052,0.7783383,0.77523065,0.783573,0.7694417,0.77919006,0.7816423,0.7758209,0.78300506,0.7897666,0.77992177,0.7822607,0.7779629,0.77567357,0.7755758,0.78272307,0.77841824,0.7901413,0.7774173,0.78151447,0.7803005,0.7782088,0.78431225,0.76835257,0.77160954,0.78291917,0.7772296,0.77296317,0.77803516,0.77797365,0.7754601,0.77419543,0.78882045,0.78117263,0.78103024,0.7798103,0.7717395,0.78324795,0.78583634,0.77902037,0.7825515,0.7771913,0.7723212,0.77414185,0.7797846,0.77392936,0.7814221,0.78429383,0.77581006,0.778628,0.78163344,0.7730786,0.7803465,0.7807924,0.778786,0.7790952,0.7806983,0.7868723,0.7765601,0.7749925,0.7782885,0.7784741,0.7712184,0.7782671,0.78400844,0.77954227,0.77787745,0.776307,0.7787615,0.7733607,0.78101325,0.77983356,0.77730614,0.77430016,0.7809046,0.7814914,0.7759755,0.7726646,0.7822976,0.7846849,0.77388036,0.7730232,0.78146344,0.78487635,0.7737703,0.77743113,0.78045386,0.7779638,0.7782484,0.77582586,0.77648216,0.7761547,0.7817511,0.7777993,0.7772998,0.77635,0.7805835,0.7778423,0.7772475,0.775712,0.7820798,0.78524995,0.7805459,0.78273755,0.78240687,0.78203756,0.7802302,0.78017735,0.7775829,0.7822135,0.7787129,0.7833229,0.775801,0.7767111,0.777014,0.78072065,0.77531654,0.77842903,0.7793353,0.77870226,0.77491575,0.7735913,0.7737003,0.7827611,0.7823501,0.7769886,0.78507245,0.7808875,0.7711921,0.7801824,0.7829942,0.7769046,0.78190154,0.7858634,0.775982,0.7854577,0.7762131,0.7781337,0.7791589,0.7823954,0.77930146,0.78258634,0.7775027,0.777937,0.77385765,0.78551525,0.7788822,0.7768403,0.7861659,0.7832831,0.7738285,0.77876,0.7770491,0.7744423,0.788083,0.7797311,0.77546006,0.7781737
0.0,0.0,0.0,0.0,0.0,0.0,0.0,0.0,0.0,0.0,0.0,0.0,0.0,0.0,0.0,0.0,0.0,0.0,0.0,0.0,0.0,0.0,0.0,0.0,0.0,0.0,0.0,0.0,0.0,0.0,0.0,0.0,0.0,0.0,0.0,0.0,0.0,0.0,0.0,0.0,0.0,0.0,0.0,0.0,0.0,0.0,0.0,0.0,0.0,0.0,0.0,0.0,0.0,0.0,0.0,0.0,0.0,0.0,0.0,0.0,0.0,0.0,0.0,0.0,0.0,0.0,0.0,0.0,0.0,0.0,0.0,0.0,0.0,0.0,0.0,0.0,0.0,0.0,0.0,0.0,0.0,0.0,0.0,0.0,0.0,0.0,0.0,0.0,0.0,0.0,0.0,0.0,0.0,0.0,0.0,0.0,0.0,0.0,0.0,0.0,0.0,0.0,0.0,0.0,0.0,0.0,0.0,0.0,0.0,0.0,0.0,0.0,0.0,0.0,0.0,0.0,0.0,0.0,0.0,0.0,0.0,0.0,0.0,0.0,0.0,0.0,0.0,0.0,0.0,0.0,0.0,0.0,0.0,0.0,0.0,0.0,0.0,0.0,0.0,0.0,0.0,0.0,0.0,0.0,0.0,0.0,0.0,0.0,0.0,0.0,0.0,0.0,0.0,0.0,0.0,0.0,0.0,0.0,0.0,0.0,0.0,0.0,0.0,0.0,0.0,0.0,0.0,0.0,0.0,0.0,0.0,0.0,0.0,0.0,0.0,0.0,0.0,0.0,0.0,0.0,0.0,0.0,0.0,0.0,0.0,0.0,0.0,0.0,0.0,0.0,0.0,0.0,0.0,0.0,0.0,0.0,0.0,0.0,0.0,0.0,0.0,0.0,0.0,0.0,0.0,0.0,0.0,0.0,0.0,0.0,0.0,0.0,0.0,0.0,0.0,0.0,0.0,0.0,0.0,0.0,0.0,0.0,0.0,0.0,0.0,0.0,0.0,0.0,0.0,0.0,0.0,0.0,0.0,0.0,0.0,0.0,0.0,0.0,0.0,0.0,0.0,0.0,0.0,0.0,0.0,0.0,0.0,0.0,0.0,0.0,0.0,0.0,0.0,0.0,0.0,0.0,0.0,0.0,0.0,0.0,0.0,0.0,0.0,0.0,0.0,0.0,0.0,0.0,0.0,0.0,0.0,0.0,0.0,0.0,0.0,0.0,0.0,0.0,0.0,0.0,0.0,0.0,0.0,0.0,0.0,0.0,0.0,0.0,0.0,0.0,0.0,0.0,0.0,0.0,0.0,0.0,0.0,0.0,0.0,0.0,0.0,0.0,0.0,0.0,0.0,0.0,0.0,0.0,0.0,0.0,0.0,0.0,0.0,0.0,0.0,0.0,0.0,0.0,0.0,0.0,0.0,0.0,0.0,0.0,0.0,0.0,0.0,0.0,0.0,0.0,0.0,0.0,0.0,0.0,0.0,0.0,0.0,0.0,0.0,0.0,0.0,0.0,0.0,0.0,0.0,0.0,0.0,0.0,0.0,0.0,0.0,0.0,0.0,0.0,0.0,0.0,0.0,0.0,0.0,0.0,0.0,0.0,0.0,0.0,0.0,0.0,0.0,0.0,0.0,0.0,0.0,0.0,0.0,0.0,0.0,0.0,0.0,0.0,0.0,0.0,0.0,0.0,0.0,0.0,0.0,0.0,0.0,0.0,0.0,0.0,0.0,0.0,0.0,0.0,0.0,0.0,0.0,0.0,0.0,0.0,0.0,0.0,0.0,0.0,0.0,0.0,0.0,0.0,0.0,0.0,0.0,0.0,0.0,0.0,0.0,0.0,0.0,0.0,0.0,0.0,0.0,0.0,0.0,0.0,0.0,0.0,0.0,0.0,0.0,0.0,0.0,0.0,0.0,0.0,0.0,0.0,0.0,0.0,0.0,0.0,0.0,0.0,0.0,0.0,0.0,0.0,0.0,0.0,0.0,0.0,0.0,0.0,0.0,0.0,0.0,0.0,0.0,0.0,0.0,0.0,0.0,0.0,0.0,0.0,0.0,0.0,0.0,0.0,0.0,0.0,0.0,0.0,0.0,0.0,0.0,0.0,0.0,0.0,0.0,0.0,0.0,0.0,0.0,0.0,0.0,0.0,0.0,0.0,0.0,0.0,0.0,0.0,0.0,0.0,0.0,0.0,0.0,0.0,0.0,0.0,0.0,0.0,0.0,0.0,0.0,0.0,0.0,0.0,0.0,0.0,0.0,0.0,0.0,0.0,0.0,0.0,0.0,0.0,0.0,0.0,0.0,0.0,0.0,0.0,0.0,0.0,0.0,0.0,0.0,0.0,0.0,0.0,0.0,0.0,0.0,0.0,0.0,0.0,0.0,0.0,0.0,0.0,0.0,0.0,0.0,0.0,0.0,0.0,0.0,0.0,0.0,0.0,0.0,0.0,0.0,0.0,0.0,0.0,0.0,0.0,0.0,0.0,0.0,0.0,0.0,0.0,0.0,0.0,0.0,0.0,0.0,0.0,0.0,0.0,0.0,0.0,0.0,0.0,0.0,0.0,0.0,0.0,0.0,0.0,0.0,0.0,0.0,0.0,0.0,0.0,0.0,0.0,0.0,0.0,0.0,0.0,0.0,0.0,0.0,0.0,0.0,0.0,0.0,0.0,0.0,0.0,0.0,0.0,0.0,0.0,0.0,0.0,0.0,0.0,0.0,0.0,0.0,0.0,0.0,0.0,0.0,0.0,0.0,0.0,0.0,0.0,0.0,0.0,0.0,0.0,0.0,0.0,0.0,0.0,0.0,0.0,0.0,0.0,0.0,0.0,0.0,0.0,0.0,0.0,0.0,0.0,0.0,0.0,0.0,0.0,0.0,0.0,0.0,0.0,0.0,0.0,0.0,0.0,0.0,0.0,0.0,0.0,0.0,0.0,0.0,0.0,0.0,0.0,0.0,0.0,0.0,0.0,0.0,0.0,0.0,0.0,0.0,0.0,0.0,0.0,0.0,0.0,0.0,0.0,0.0,0.0,0.0,0.0,0.0,0.0,0.0,0.0,0.0,0.0,0.0,0.0,0.0,0.0,0.0,0.0,0.0,0.0,0.0,0.0,0.0,0.0,0.0,0.0,0.0,0.0,0.0,0.0,0.0,0.0,0.0,0.0,0.0,0.0,0.0,0.0,0.0,0.0,0.0,0.0,0.0,0.0,0.0,0.0,0.0,0.0,0.0,0.0,0.0,0.0,0.0,0.0,0.0,0.0,0.0,0.0,0.0,0.0,0.0,0.0,0.0,0.0,0.0,0.0,0.0,0.0,0.0,0.0,0.0,0.0,0.0,0.0,0.0,0.0,0.0,0.0,0.0,0.0,0.0,0.0,0.0,0.0,0.0,0.0,0.0,0.0,0.0,0.0,0.0,0.0,0.0,0.0,0.0,0.0,0.0,0.0,0.0,0.0,0.0,0.0,0.0,0.0,0.0,0.0,0.0,0.0,0.0,0.0,0.0,0.0,0.0,0.0,0.0,0.0,0.0,0.0,0.0,0.0,0.0,0.0,0.0,0.0,0.0,0.0,0.0,0.0,0.0,0.0,0.0,0.0,0.0,0.0,0.0,0.0,0.0,0.0,0.0,0.0,0.0,0.0,0.0,0.0,0.0,0.0,0.0,0.0,0.0,0.0,0.0,0.0,0.0,0.0,0.0,0.0,0.0,0.0,0.0,0.0,0.0,0.0,0.0,0.0,0.0,0.0,0.0,0.0,0.0,0.0,0.0,0.0,0.0,0.0,0.0,0.0,0.0,0.0,0.0,0.0,0.0,0.0,0.0,0.0,0.0,0.0,0.0,0.0,0.0,0.0,0.0,0.0,0.0,0.0,0.0,0.0,0.0,0.0,0.0,0.0,0.0,0.0,0.0,0.0,0.0,0.0,0.0,0.0,0.0,0.0,0.0,0.0,0.0,0.0,0.0,0.0,0.0,0.0,0.0,0.0,0.0,0.0,0.0,0.0,0.0,0.0,0.0,0.0,0.0,0.0,0.0,0.0,0.0,0.0,0.0,0.0,0.0,0.0,0.0,0.0,0.0,0.0,0.0,0.0,0.0,0.0,0.0,0.0,0.0,0.0,0.0,0.0,0.0,0.0,0.0,0.0,0.0,0.0,0.0,0.0,0.0,0.0,0.0,0.0,0.0,0.0,0.0,0.0,0.0,0.0,0.0,0.0,0.0,0.0,0.0,0.0,0.0,0.0,0.0,0.0,0.0,0.0,0.0,0.0,0.0,0.0,0.0,0.0,0.0,0.0,0.0,0.0,0.0,0.0,0.0,0.0,0.0,0.0,0.0,0.0,0.0,0.0,0.0,0.0,0.0,0.0,0.0,0.0,0.0,0.0,0.0,0.0,0.0,0.0,0.0,0.0,0.0,0.0
1.1136984,1.1075314,1.1080668,1.1064287,1.111003,1.1064988,1.1042137,1.1027831,1.1037488,1.1073238,1.1074835,1.101277,1.105405,1.1075777,1.1109571,1.1082487,1.1133311,1.0995392,1.1146598,1.1123227,1.1087638,1.113311,1.105916,1.1071233,1.1077718,1.1110374,1.1001085,1.1061853,1.1089072,1.1121848,1.112795,1.1100391,1.1087574,1.1069852,1.1050848,1.110171,1.1105665,1.1140084,1.1119577,1.1077641,1.101082,1.1067228,1.109006,1.1126943,1.106371,1.1036706,1.1035548,1.1090128,1.1126641,1.1149447,1.1066992,1.1177452,1.1110591,1.1200159,1.110331,1.1105396,1.1055056,1.1064384,1.1127064,1.1072464,1.1110114,1.1114627,1.1099215,1.103414,1.1088886,1.1077571,1.111674,1.1080537,1.1064643,1.1041694,1.1132613,1.1074659,1.1090307,1.1030164,1.107535,1.1178715,1.1016475,1.1086186,1.1076734,1.1102238,1.1092842,1.1130435,1.1036404,1.1079375,1.1044499,1.1022774,1.1053334,1.1104398,1.1101066,1.1091387,1.1043537,1.1078206,1.109238,1.1024933,1.1082757,1.1107042,1.112121,1.1109655,1.1028408,1.1015476,1.1100732,1.1053319,1.113217,1.1039661,1.1019777,1.1143925,1.1020566,1.1091521,1.113552,1.1063651,1.1002214,1.1029955,1.1130949,1.1144805,1.1116588,1.1053926,1.1055878,1.1090186,1.1123708,1.1122739,1.1055734,1.1065062,1.1038107,1.1055632,1.1109862,1.1106713,1.1018704,1.1068038,1.1063641,1.1076767,1.1050189,1.1105407,1.1027943,1.1093127,1.1098341,1.1034682,1.1105766,1.1057682,1.1018485,1.1058824,1.111239,1.1069554,1.1051044,1.106359,1.1072912,1.1061991,1.1127951,1.1127341,1.109845,1.1155859,1.1141206,1.1179187,1.1091009,1.1037191,1.1046671,1.1085848,1.1101434,1.1019105,1.1122502,1.1069558,1.1118436,1.1009009,1.1039776,1.1113746,1.1091644,1.1106654,1.1090952,1.1099857,1.114257,1.1138232,1.1061019,1.1117154,1.1095114,1.1114477,1.1103951,1.1144108,1.1123205,1.1067009,1.1035603,1.1071036,1.1095878,1.1086928,1.1078081,1.1133506,1.1059076,1.1099168,1.1135715,1.1108775,1.1117707,1.1134616,1.1020299,1.1042398,1.111141,1.1008391,1.1067563,1.1076064,1.0984534,1.105798,1.1089923,1.1094145,1.1044182,1.1116841,1.1120659,1.1018275,1.1042826,1.1040082,1.1080127,1.1079131,1.1132165,1.1099479,1.1097846,1.1060952,1.1088601,1.1137578,1.1115069,1.1091508,1.1116385,1.1119958,1.1057006,1.1151527,1.1153883,1.1001011,1.1103631,1.1071683,1.1082904,1.1144323,1.1126161,1.1049718,1.1102363,1.1070681,1.1021416,1.1136625,1.1037222,1.1081401,1.1145245,1.1085466,1.1125051,1.1094168,1.1142375,1.1065935,1.1086046,1.1071771,1.1113085,1.1009034,1.1098341,1.1094432,1.1032532,1.1115841,1.1104404,1.1082343,1.1105251,1.1044211,1.109263,1.1120211,1.1064754,1.1184663,1.1033405,1.104957,1.1121862,1.1076735,1.1109927,1.1149293,1.1070492,1.1064751,1.1102409,1.1018523,1.1016814,1.1033715,1.1073573,1.1018398,1.1058909,1.1038543,1.1114508,1.1125427,1.110014,1.1030358,1.111598,1.1088254,1.1025596,1.1081681,1.1106732,1.104667,1.1082727,1.1042048,1.1055267,1.1104149,1.112335,1.1031574,1.1099733,1.1191295,1.1122952,1.1131793,1.1122472,1.1057298,1.1041863,1.1106132,1.1129785,1.1104487,1.1051009,1.1038179,1.1084113,1.1113162,1.117355,1.1108041,1.1076899,1.1101089,1.1100028,1.111807,1.1128104,1.1075121,1.111159,1.1147584,1.1073645,1.1060247,1.0984129,1.1142133,1.1075325,1.1095054,1.1115491,1.1017364,1.1070684,1.1079955,1.1119872,1.1031216,1.1137401,1.1102859,1.1059304,1.0998209,1.1062465,1.1151344,1.1125984,1.1042255,1.1087966,1.1179157,1.1080874,1.1098136,1.1031748,1.1041294,1.1153733,1.1147039,1.1062614,1.104346,1.107425,1.1055788,1.1125313,1.1031804,1.1081482,1.1013365,1.1080911,1.1067294,1.1005791,1.1086661,1.117929,1.1080326,1.107354,1.1039058,1.101352,1.1116085,1.1118226,1.1078253,1.1071707,1.1030576,1.1036263,1.1102324,1.1076216,1.0999796,1.1038125,1.1002876,1.1129982,1.1058155,1.1084764,1.1111498,1.1091284,1.1122152,1.110287,1.1094403,1.1201317,1.1036446,1.1058954,1.1143229,1.1040804,1.1114053,1.1119132,1.1043129,1.1071993,1.1091353,1.112193,1.1112142,1.102846,1.1076165,1.1052357,1.1054285,1.1064517,1.1088961,1.1131322,1.1083586,1.1129277,1.1095762,1.1118863,1.1069199,1.1098216,1.111764,1.1163132,1.1065013,1.1026533,1.1084605,1.1047446,1.1132568,1.1005069,1.112785,1.1046642,1.1077154,1.1062958,1.1043463,1.1088364,1.1169449,1.1056437,1.1046479,1.1073407,1.1050593,1.1083741,1.1142235,1.103969,1.1017638,1.1070027,1.1139221,1.1103252,1.1029017,1.1062686,1.1103551,1.1049125,1.1100363,1.1106157,1.1099243,1.1091526,1.1074768,1.1089715,1.1044734,1.1113731,1.1064767,1.1023517,1.1044781,1.1095148,1.1170409,1.1096798,1.1057286,1.114401,1.104055,1.107411,1.1079361,1.1019597,1.1113539,1.10678,1.114384,1.1109434,1.1140847,1.1124443,1.1109915,1.1067317,1.109272,1.1062435,1.1107332,1.1063026,1.1061728,1.1120477,1.1098135,1.1022456,1.1098613,1.1105179,1.1076154,1.1063343,1.1099564,1.1058509,1.1083789,1.1062468,1.096251,1.1139059,1.1095698,1.1129773,1.1038018,1.1075495,1.107321,1.1120182,1.1067992,1.1050885,1.1010317,1.1136416,1.114339,1.1049379,1.1035591,1.1095771,1.1109949,1.1118356,1.1047254,1.1130573,1.0957208,1.1086264,1.101884,1.1073399,1.1067401,1.1096095,1.113708,1.1137909,1.1163436,1.1102344,1.1063726,1.117384,1.1093335,1.1027176,1.1036726,1.1079373,1.1074797,1.1120493,1.1166437,1.1180893,1.1079962,1.0999264,1.1056515,1.1108052,1.1132916,1.104654,1.1132157,1.1116196,1.1067373,1.1057376,1.1048685,1.1115022,1.1113125,1.1103578,1.1046312,1.1081718,1.1111654,1.1104904,1.1086035,1.1085883,1.1121958,1.1127027,1.1165563,1.1004597,1.1074799,1.1029031,1.1033273,1.1067115,1.1100693,1.1073472,1.1047667,1.1087373,1.103522,1.1080705,1.1121634,1.1093508,1.1083776,1.1105008,1.1075628,1.1070571,1.1093788,1.1134087,1.1076485,1.1064776,1.10982,1.1118907,1.1087676,1.1162951,1.1041266,1.1067275,1.1130774,1.1107969,1.1035792,1.1138527,1.1113063,1.106674,1.1114734,1.1053578,1.1055225,1.1152339,1.1068178,1.1052579,1.1041675,1.1128368,1.1069689,1.104579,1.1063485,1.1043203,1.1116334,1.1150367,1.1137232,1.1045073,1.1014488,1.109839,1.1025673,1.1090083,1.1080709,1.1032413,1.1113766,1.1060047,1.106455,1.1030613,1.110961,1.1108708,1.1077766,1.1056471,1.108527,1.113049,1.1066537,1.1166718,1.1067507,1.1123807,1.110439,1.1102008,1.1028681,1.1049868,1.104788,1.1026547,1.1077893,1.1019601,1.111289,1.1119416,1.1075526,1.1098413,1.1210247,1.1110954,1.1098952,1.1064086,1.1066871,1.1082727,1.1040415,1.1107832,1.105543,1.1111867,1.1127197,1.1055849,1.0987185,1.1088755,1.1041359,1.1054928,1.1051536,1.1023228,1.1076006,1.1137217,1.1108438,1.1009434,1.1099207,1.1104622,1.1088593,1.1094897,1.1065507,1.1107446,1.1067928,1.1069367,1.107364,1.1040304,1.1042366,1.1112233,1.1165568,1.1101264,1.1122241,1.1094426,1.1062012,1.1064847,1.1068249,1.1126788,1.1040745,1.1074015,1.1122144,1.1081003,1.0995519,1.1091355,1.1079366,1.1142098,1.1114839,1.1078452,1.1048589,1.1091778,1.1124706,1.1069914,1.1067084,1.1103677,1.1123649,1.103809,1.1134862,1.1069865,1.1141219,1.1054889,1.1006466,1.1070883,1.1084179,1.1161091,1.1030812,1.1076181,1.0979416,1.1032368,1.1150817,1.1031563,1.1108043,1.107651,1.106699,1.1121284,1.1185822,1.11889,1.1041546,1.1102029,1.1133118,1.1127985,1.1140702,1.1088367,1.106187,1.1058568,1.1073205,1.1080106,1.1122638,1.1096237,1.108043,1.1164006,1.1077212,1.1077193,1.1065681,1.106871,1.1126667,1.1053925,1.1072843,1.1095046,1.1109576,1.1108214,1.1098129,1.1041621,1.1059365,1.1128936,1.1136724,1.1094025,1.1050178,1.1077036,1.1057662,1.1111028,1.1084057,1.1069759,1.1041926,1.1075842,1.1021535,1.1066166,1.1082801,1.1065941,1.1017532,1.1072611,1.1089633,1.1092131,1.1103902,1.1089362,1.1166388,1.10614,1.1083895,1.1081096,1.1128433,1.1069643,1.1084086,1.1143174,1.1066657,1.1068678,1.1174638,1.1108998,1.1013751,1.1066238,1.1082497,1.1093628,1.1088737,1.1106663,1.1122751,1.1099836,1.1085333,1.1047456,1.1098189,1.104535,1.1079524,1.1098778,1.103994,1.1038431,1.1094558,1.111746,1.0991237,1.1139354,1.1082962,1.1112964,1.1155345,1.108856,1.1170446,1.1093118,1.105007,1.1071931,1.1109877,1.1062075,1.1086735,1.1080072,1.1066363,1.1103747,1.1121237,1.1126337,1.100204,1.1095759,1.105989,1.1172454,1.1074852,1.1123217,1.1028157,1.1068621,1.1040186,1.1058438,1.113156,1.1110698,1.1046134,1.1064296,1.1086003,1.1041542,1.1119965,1.1062403,1.1124763,1.1049063,1.1139908,1.1088996,1.1111075,1.112003,1.1097469,1.1117241,1.1061352,1.1069156,1.1116587,1.104778,1.1074055,1.1092458,1.1049811,1.1102161,1.1096046,1.1105297,1.1057671,1.1058755,1.1152705,1.109764,1.1040218,1.1114596,1.1095383,1.1090854,1.1123469,1.1080717,1.1092271,1.1083841,1.1054058,1.112046,1.1103681,1.0978645,1.1057423,1.1043682,1.107166,1.1106014,1.1116472,1.1084452,1.1118662,1.1046996,1.1097535,1.1119425,1.1096513,1.1098713,1.1130639,1.105671,1.1036457,1.1088743,1.1036592,1.1100646,1.1005256,1.1025927,1.106023,1.1116182,1.1009189,1.1093339,1.1109104,1.1061141,1.1096936,1.1097227,1.1103247,1.1121439,1.1095438,1.0988995,1.115001,1.1088119,1.1138896,1.1071236,1.1101353,1.1062095,1.1019009,1.1100668,1.1033237,1.1045119,1.1080987,1.104633,1.1082851,1.107966,1.1036731,1.1104624,1.1149981,1.1044675,1.1074183,1.1127944,1.1137725,1.1014105,1.1017165,1.1032963,1.1082205,1.1040926,1.1147046,1.1021324,1.1050831,1.1074103,1.1059091,1.112053,1.1025591,1.1101532,1.1121688,1.1116959,1.1017271,1.103192,1.1105781,1.10754,1.1038295,1.1086179,1.1109554,1.1082885,1.1026086,1.1098646,1.1147707,1.1067048,1.1099651,1.1094321,1.1016269,1.1107235,1.1037364,1.0996482,1.1024921,1.1081308,1.1070272,1.1086382,1.1044705,1.1041416,1.1067204,1.1067061,1.1088926,1.1119695,1.1072817,1.1147053,1.1060001,1.11316,1.1125767,1.1137029,1.1095383,1.1063005,1.1066669,1.1131779,1.1156138,1.1039879,1.1108576,1.1042709,1.1075621,1.1085428,1.1108742,1.1098753,1.1112503,1.1069173,1.1026417,1.1097765,1.105627,1.1088042,1.1033747,1.1107051,1.1112888,1.1018994,1.1035217,1.1116313,1.1083883,1.1118042,1.1098063,1.1091672,1.1094182,1.1024103,1.1075209,1.1024885,1.112294,1.1077578,1.1112527,1.1022805,1.1058105,1.0960422,1.1106954,1.1117269,1.1047707,1.1109873,1.1110736,1.1038632,1.1011615,1.1049241,1.1031674,1.1138399,1.1085966,1.1087579,1.1041368
1.0672337,1.0655941,1.0569402,1.0572511,1.056601,1.0627886,1.0630841,1.0615402,1.0523272,1.0616217,1.0582554,1.0636517,1.0630292,1.0590808,1.0607738,1.0643191,1.0606357,1.0616345,1.0636737,1.0569515,1.0629362,1.0599113,1.0620174,1.0652095,1.0624152,1.0571733,1.0615098,1.0621341,1.0621759,1.0624989,1.0659586,1.0553553,1.062495,1.0558515,1.050449,1.0635513,1.0628506,1.0658804,1.0615499,1.0683184,1.05447,1.0575705,1.0664772,1.063136,1.0520426,1.0661583,1.0622075,1.0636101,1.0576909,1.0636286,1.0598476,1.0712562,1.0665203,1.0629057,1.062846,1.0570725,1.0604827,1.0608485,1.0612503,1.0619875,1.0592624,1.0660301,1.0662172,1.0626951,1.0613827,1.064998,1.0661207,1.0686969,1.0560243,1.0581076,1.066977,1.0588229,1.061914,1.0592487,1.0548557,1.0660115,1.0640801,1.0648903,1.0627497,1.0611016,1.0683734,1.0685428,1.059819,1.0592204,1.0609647,1.0540702,1.0635471,1.0611475,1.0700953,1.0706127,1.0575272,1.0672303,1.0635115,1.0595084,1.0599045,1.0660394,1.0667458,1.0588452,1.055014,1.0611528,1.0675755,1.0611802,1.0666125,1.0591351,1.0646346,1.0659919,1.0625553,1.0600294,1.0675437,1.055343,1.0570036,1.0678856,1.0615671,1.0634788,1.0607579,1.0521004,1.056352,1.0662912,1.0614715,1.0682507,1.0600176,1.057411,1.0588745,1.0581547,1.0662616,1.0648398,1.0631255,1.0553653,1.0561576,1.065052,1.0614061,1.0642545,1.0605462,1.0649014,1.0575985,1.0614626,1.0638676,1.0602121,1.0621129,1.0627588,1.0639259,1.0634514,1.0628195,1.0603387,1.0607314,1.0582803,1.0601188,1.0652124,1.0634881,1.0653678,1.0712805,1.0608842,1.0580273,1.0580987,1.0626926,1.053329,1.0658178,1.0569041,1.0631505,1.0646756,1.0599877,1.0624907,1.059894,1.0527668,1.0628049,1.0624199,1.0589701,1.0638324,1.0660727,1.0596601,1.0609275,1.0606862,1.063608,1.0673165,1.0656116,1.0645411,1.0600961,1.0596519,1.0602959,1.0567955,1.0676447,1.0658406,1.0627115,1.0701659,1.0650535,1.0645536,1.05798,1.0645893,1.0586919,1.0646582,1.0474398,1.0542805,1.0648664,1.0538044,1.0595651,1.0598747,1.0553504,1.0550431,1.0552512,1.0652583,1.0554746,1.0636129,1.0623587,1.063445,1.058627,1.0580997,1.0621533,1.0561943,1.0602393,1.0615116,1.0581766,1.0550946,1.0608929,1.0655353,1.060005,1.058237,1.0654304,1.0622315,1.0599406,1.0622321,1.0653634,1.0577928,1.0569884,1.0652062,1.0635731,1.0621057,1.0624433,1.0575458,1.0666188,1.0547975,1.056224,1.0607542,1.0589497,1.0640873,1.0598915,1.0702571,1.0650562,1.0694672,1.0624675,1.0595539,1.0534427,1.0606927,1.0632306,1.0597563,1.0690973,1.0632938,1.0544327,1.0678153,1.0681422,1.0621806,1.0639654,1.0683573,1.0658036,1.0655811,1.0666739,1.0627466,1.0615842,1.0574529,1.0683864,1.0581828,1.0621848,1.0640566,1.057255,1.0600059,1.0656519,1.0583438,1.0631839,1.0564585,1.055933,1.058951,1.0633755,1.0622694,1.0671473,1.0714854,1.0616777,1.0600011,1.0626146,1.0641525,1.0596906,1.0579922,1.0640793,1.0634226,1.0527391,1.05237,1.0620414,1.0627415,1.0649031,1.0616341,1.0624558,1.0625048,1.063239,1.0634305,1.0579277,1.0566298,1.0632524,1.0566915,1.0619496,1.0607874,1.0557123,1.0675571,1.0627782,1.064541,1.0611752,1.0565501,1.0600083,1.0619016,1.057407,1.0638587,1.0656526,1.0611608,1.0641026,1.058721,1.0554453,1.0553644,1.0515301,1.060677,1.0567926,1.0534607,1.0636197,1.0574038,1.0592114,1.0650016,1.0663239,1.064938,1.0593315,1.0651891,1.0544862,1.0530102,1.059314,1.0651973,1.0640042,1.0573716,1.0565435,1.0636832,1.0580882,1.0599486,1.0594417,1.0579134,1.0617054,1.064185,1.0611162,1.0541353,1.0566856,1.0556518,1.0559419,1.0661541,1.0650477,1.0639127,1.0539296,1.0544317,1.0571278,1.0571578,1.064504,1.0609072,1.0635444,1.0636587,1.058155,1.0659338,1.0661553,1.0587195,1.0664814,1.0629039,1.0663918,1.0566607,1.0535932,1.0624322,1.0539277,1.0601497,1.0673177,1.0544976,1.0616523,1.0617121,1.0597823,1.0713946,1.0638639,1.0629321,1.0651046,1.0615852,1.0579538,1.0657979,1.0580767,1.066887,1.0638807,1.0615257,1.0610676,1.0590496,1.0591352,1.0585161,1.0606465,1.0597862,1.0526755,1.0614861,1.062163,1.0579846,1.0618865,1.065366,1.063044,1.0592564,1.0579696,1.0592406,1.0686364,1.0567039,1.0655179,1.0575033,1.0609748,1.0593599,1.0622184,1.0616459,1.0538164,1.0583717,1.0624366,1.0584688,1.0624776,1.0601007,1.0603657,1.0625592,1.0515854,1.0571238,1.0652738,1.062701,1.049317,1.0648878,1.0564489,1.0625504,1.0602194,1.0621177,1.0601603,1.0589827,1.0573621,1.0661945,1.0539019,1.0606207,1.0704851,1.0632185,1.0572302,1.0657023,1.0594624,1.0621986,1.065324,1.0627291,1.0620992,1.0600646,1.0632509,1.0686612,1.0632032,1.0573283,1.0613139,1.0605958,1.0563233,1.063673,1.055451,1.0633026,1.0546353,1.0566443,1.062492,1.0690255,1.0647652,1.0686224,1.0648186,1.0601208,1.0619859,1.0590748,1.0591617,1.0607026,1.0589554,1.0637996,1.0590608,1.0628873,1.0664718,1.0565331,1.0620856,1.0646025,1.0611258,1.0656409,1.06048,1.0567461,1.0705223,1.0614959,1.0633389,1.0629889,1.0617262,1.0603398,1.0613126,1.057632,1.060025,1.0533047,1.0572113,1.0617565,1.0634437,1.0565627,1.0622778,1.0609665,1.0633801,1.0568026,1.065266,1.0542661,1.0632534,1.0591979,1.0673951,1.0661266,1.0621924,1.0660789,1.0633143,1.0633905,1.0617195,1.0591619,1.0719148,1.0660803,1.0675962,1.06451,1.0598844,1.0644901,1.0628555,1.0695109,1.0694987,1.0615088,1.0583591,1.0600853,1.0630561,1.0565112,1.0615335,1.0702665,1.0653039,1.0652814,1.061261,1.0626608,1.0633817,1.0614032,1.059693,1.0619948,1.0631456,1.056801,1.0575106,1.0600486,1.0537018,1.062934,1.060876,1.0639343,1.0585805,1.063363,1.0602487,1.0538193,1.0606182,1.0616726,1.0614327,1.0560231,1.0642637,1.0618895,1.0626804,1.0596855,1.0599064,1.0578799,1.0607713,1.0580186,1.0658835,1.0679498,1.063708,1.0627569,1.0654078,1.0590714,1.0641432,1.0667727,1.0536388,1.0671967,1.0607412,1.0685203,1.0619514,1.0575358,1.067166,1.0629845,1.0669258,1.061256,1.0587133,1.0627466,1.0582772,1.0618532,1.0601449,1.0655618,1.065344,1.0564572,1.0641471,1.0587935,1.0593306,1.062318,1.0642877,1.0611906,1.0565876,1.0566586,1.064982,1.061033,1.0548607,1.0629199,1.0616635,1.068259,1.0615087,1.0629697,1.0624726,1.0594956,1.0669358,1.0597755,1.0569496,1.0615919,1.0655806,1.0585395,1.068158,1.0676231,1.0575083,1.0611885,1.0683593,1.057318,1.0639917,1.0606824,1.0622357,1.063173,1.055894,1.0688573,1.0583564,1.0606236,1.0585023,1.073365,1.0595421,1.0621071,1.0623678,1.0650573,1.0676897,1.0593361,1.0656713,1.0568447,1.0599167,1.0587069,1.069171,1.0578552,1.0610636,1.0610942,1.0618302,1.05462,1.0583953,1.0594889,1.0639919,1.05726,1.0576403,1.0538235,1.0611701,1.0600998,1.061599,1.0614613,1.0624822,1.0614823,1.0604312,1.0619427,1.0541925,1.0482174,1.0623378,1.0630502,1.0580784,1.0632045,1.0692496,1.0578102,1.0612053,1.0516208,1.058387,1.0603737,1.0619403,1.0577041,1.0508497,1.0616771,1.0606353,1.0606086,1.0552825,1.0577576,1.0663474,1.0545162,1.0670819,1.0622315,1.060628,1.0573362,1.0625371,1.0715783,1.0563277,1.0663486,1.0593541,1.0653855,1.055965,1.0590255,1.0596724,1.0717572,1.0698552,1.0601875,1.0587829,1.0580378,1.0654297,1.06373,1.0596558,1.055184,1.0543526,1.0601964,1.0694642,1.0704373,1.0642926,1.0605934,1.065577,1.0648232,1.0672048,1.0564252,1.0572823,1.0566837,1.063088,1.0646013,1.0670141,1.0600181,1.0613279,1.0582978,1.0616738,1.0638113,1.060893,1.0624863,1.0612181,1.0656269,1.0593067,1.0654708,1.0636889,1.0613321,1.0567771,1.066347,1.057102,1.0633911,1.0596465,1.0635484,1.0593482,1.0568014,1.0616307,1.062328,1.0605251,1.0599804,1.0622369,1.0685067,1.0612249,1.0557317,1.0575525,1.0610603,1.0565763,1.0533863,1.0622962,1.0645154,1.0568227,1.0647839,1.0662379,1.0618479,1.0648469,1.0578798,1.0575517,1.0572459,1.0620538,1.0692371,1.0632577,1.0600221,1.059427,1.0620658,1.0664301,1.0605363,1.0668436,1.0571107,1.0588658,1.0595767,1.0681031,1.063455,1.0637193,1.0716076,1.0578226,1.0653837,1.0567297,1.0682954,1.0663202,1.0604845,1.0617609,1.0570133,1.0620463,1.0644569,1.0571878,1.0616859,1.0602558,1.0675695,1.0601592,1.0707582,1.0659347,1.0584905,1.0602441,1.0633837,1.0634655,1.0651846,1.0576284,1.0621673,1.0637982,1.0630442,1.0648135,1.0621039,1.0627674,1.056598,1.0617781,1.0616615,1.0600832,1.0522636,1.0584863,1.061721,1.0610152,1.0572453,1.0671148,1.0608466,1.0630542,1.0599773,1.0638807,1.0636767,1.056608,1.0719297,1.0625277,1.0641458,1.0664934,1.0642008,1.0637144,1.0646323,1.0647815,1.0588967,1.0611933,1.063958,1.0615499,1.0582091,1.053341,1.0610957,1.0581474,1.0710411,1.067873,1.0654483,1.0552281,1.0621433,1.0617568,1.0500776,1.061359,1.0510198,1.0607206,1.0548979,1.0680866,1.0656592,1.0586115,1.0590982,1.0579703,1.0575279,1.04713,1.0641309,1.056875,1.0652119,1.0617844,1.0657716,1.0608047,1.0607072,1.0573177,1.0592948,1.0626446,1.0651798,1.066317,1.0661186,1.0596498,1.0633483,1.0581189,1.0567752,1.0648798,1.0601912,1.0536834,1.0561928,1.0608962,1.0658332,1.0655289,1.0675935,1.0580724,1.0622059,1.0683874,1.0654485,1.0620824,1.0589619,1.0615548,1.0643594,1.0598056,1.0673188,1.0588887,1.0641301,1.061831,1.048588,1.0613781,1.062383,1.0630999,1.0619723,1.0595549,1.0601457,1.0622836,1.0627598,1.0564299,1.0675912,1.05521,1.064357,1.0589324,1.0609792,1.0560591,1.0531485,1.0605994,1.0655913,1.0566828,1.062249,1.0551755,1.0620633,1.05751,1.0599937,1.061248,1.0616231,1.0564739,1.0588974,1.068908,1.0686479,1.0644972,1.0570478,1.0624022,1.0587505,1.0613528,1.0656565,1.0694319,1.0586766,1.0638586,1.0652986,1.0582448,1.0649005,1.0660295,1.0577691,1.0604941,1.0597283,1.0580202,1.0627762,1.0621117,1.0629442,1.0581794,1.0541312,1.0630609,1.0624504,1.0584669,1.0615946,1.0603483,1.0648308,1.065729,1.0645926,1.0585498,1.0591598,1.0713092,1.0615044,1.0556605,1.0647027,1.0631431,1.0649343,1.0586828,1.0557357,1.0613881,1.0646405,1.0649061,1.0647625,1.0614514,1.0582689,1.0562403,1.0459906,1.0658544,1.0531894,1.0625575,1.0533787,1.0634192,1.0595741,1.0564836,1.0553966,1.0610225,1.0597757,1.0647163,1.061553,1.0656434,1.0628766,1.0577453,1.060122,1.0578429,1.0670134,1.056155,1.060901,1.0603375,1.0653336,1.0579926,1.0572152,1.0644883,1.0617754,1.0588136,1.0634842,1.0612875,1.059094,1.0620635,1.0560594,1.0709527,1.0620525,1.0704478,1.0594226
1.2156676,1.2138774,1.2094382,1.2177,1.2052169,1.211906,1.2029513,1.2066115,1.2054555,1.2090253,1.2093515,1.1984279,1.2117764,1.2040162,1.2095194,1.210512,1.2056507,1.2026798,1.2112881,1.2159492,1.212386,1.2108134,1.2053709,1.2034236,1.2103555,1.2123822,1.2012501,1.211475,1.2127762,1.2068341,1.2096446,1.2069438,1.2071992,1.213542,1.2092174,1.2101097,1.2110652,1.210274,1.2096825,1.2128593,1.215878,1.2138188,1.2095332,1.2057042,1.2058423,1.205722,1.2051847,1.2023258,1.2090101,1.2058543,1.2068459,1.2098079,1.2165484,1.2113485,1.2126244,1.2133496,1.2153476,1.2077078,1.2080349,1.1998931,1.2109491,1.2122226,1.211748,1.2065374,1.2046939,1.2140073,1.2151784,1.2018551,1.21457,1.20206,1.2059071,1.2060318,1.2120591,1.2099046,1.2093674,1.2113254,1.2069628,1.2095653,1.2139299,1.2065756,1.2115598,1.2092562,1.2139691,1.2115176,1.2143389,1.2123264,1.2084745,1.2117803,1.2099822,1.2139279,1.205799,1.2129065,1.2099121,1.2095504,1.2131717,1.2130282,1.211309,1.2113469,1.2098501,1.2133281,1.2069322,1.2081361,1.211739,1.2117825,1.2128074,1.2104493,1.2119769,1.2121817,1.2192647,1.2124987,1.2142346,1.2057682,1.2172933,1.2143424,1.2177941,1.2130686,1.2076344,1.2046076,1.2093307,1.2213969,1.2045103,1.206637,1.2097282,1.2132665,1.2184676,1.2046657,1.2029831,1.2100677,1.2112935,1.2148747,1.2043302,1.213823,1.2156292,1.2138678,1.2103777,1.2030859,1.2094806,1.2106106,1.2097518,1.2093564,1.2068146,1.2074313,1.2124958,1.2057225,1.2110823,1.2172489,1.2106388,1.2098972,1.2059685,1.2094525,1.2089696,1.2107847,1.2186869,1.2109587,1.2096968,1.2115479,1.207737,1.2082087,1.2159536,1.2135576,1.2181147,1.2094213,1.2104373,1.211236,1.2130395,1.2077141,1.212502,1.2117254,1.211784,1.2112446,1.2123396,1.2170871,1.2102135,1.2092079,1.2039965,1.200411,1.2116562,1.2112952,1.2148048,1.2121398,1.2052672,1.2095573,1.2050669,1.2044606,1.210598,1.2120558,1.218352,1.2097509,1.2124313,1.2120486,1.2094266,1.2029566,1.2153108,1.2062123,1.212136,1.2107989,1.2064776,1.2071012,1.2107813,1.2090385,1.2172565,1.2025261,1.2067571,1.2079997,1.2052063,1.2103895,1.2141751,1.202618,1.2127464,1.2072437,1.2130761,1.2108177,1.2104101,1.2142459,1.2164818,1.2108678,1.2092618,1.2101434,1.2044897,1.2078451,1.2099285,1.2164124,1.2160726,1.2111225,1.2091312,1.2078995,1.2138792,1.2087407,1.2144834,1.2003641,1.2087423,1.2136735,1.2127355,1.2249496,1.2141187,1.2127893,1.2127966,1.2149526,1.2104702,1.2033921,1.2122133,1.2069271,1.20276,1.2047293,1.210248,1.2118223,1.2129037,1.212482,1.2098857,1.2083768,1.215288,1.2125635,1.2167089,1.2145094,1.2097771,1.2098291,1.2065948,1.210847,1.2117242,1.2069076,1.2096442,1.2142705,1.2053748,1.2083356,1.2070249,1.2129523,1.211713,1.2127011,1.2074136,1.210663,1.2026962,1.2035265,1.2080646,1.2113785,1.2175913,1.2136544,1.2140634,1.21039,1.208636,1.1989862,1.2017562,1.2031173,1.2146302,1.2140229,1.2056673,1.2066958,1.2006633,1.2084676,1.2076548,1.2146325,1.2078207,1.2115545,1.2114687,1.2091539,1.2055831,1.2107532,1.2087193,1.2082418,1.2086217,1.2030991,1.2158216,1.2083795,1.2173889,1.2093818,1.2099231,1.2122496,1.2133865,1.2166909,1.2128291,1.2101552,1.2119058,1.2112358,1.1981294,1.2007432,1.2096915,1.2162824,1.208552,1.2145259,1.2032559,1.2126701,1.2075884,1.2152207,1.2147768,1.2104393,1.2126683,1.2147837,1.2055784,1.2078265,1.2111825,1.2106326,1.2079334,1.2111458,1.2103353,1.2127179,1.2114784,1.2011497,1.2047237,1.215017,1.2094045,1.2110713,1.2080982,1.2014292,1.2126509,1.2124637,1.2124326,1.2058134,1.2121816,1.2150723,1.2109395,1.2142471,1.2040913,1.2020044,1.2065785,1.2072715,1.2105949,1.2056997,1.2114806,1.2036034,1.2118558,1.2115784,1.20569,1.2065479,1.2153354,1.2109474,1.2077656,1.2110226,1.2068613,1.2096688,1.214463,1.2174754,1.2120852,1.2155316,1.2119497,1.2059958,1.2080423,1.2085097,1.2126364,1.2120885,1.2076775,1.2117543,1.212415,1.2125823,1.2073365,1.2144057,1.1999776,1.20468,1.2117255,1.2112733,1.2143689,1.2110726,1.20761,1.2090878,1.204431,1.2071424,1.2093067,1.2095344,1.2085927,1.2127639,1.210829,1.2093061,1.2067612,1.2100229,1.2170336,1.2097249,1.2060909,1.2061979,1.212278,1.2071564,1.2066469,1.2119882,1.213075,1.2097665,1.2130072,1.2100484,1.2116563,1.2082505,1.205646,1.2106066,1.205133,1.205396,1.2109169,1.2150874,1.2162731,1.2140636,1.2042869,1.207768,1.2119186,1.203074,1.2111036,1.2036616,1.2087095,1.2085099,1.2103451,1.2114385,1.2034746,1.2122984,1.2174476,1.2066345,1.2105834,1.2070822,1.2057006,1.209044,1.2068485,1.2116419,1.217374,1.2095615,1.2116483,1.211302,1.2113069,1.2170935,1.206994,1.2071173,1.2118837,1.2095045,1.2070285,1.2056888,1.2090672,1.2106159,1.2117308,1.2101303,1.2101626,1.209399,1.2107881,1.211941,1.2147174,1.2124273,1.204452,1.2108332,1.2136817,1.2084291,1.2095425,1.2096258,1.2102872,1.2078296,1.2078203,1.2114877,1.2088606,1.2082939,1.2074184,1.2018338,1.2087373,1.2175456,1.2153752,1.212,1.2048988,1.2043219,1.2162945,1.2082796,1.2108766,1.2065461,1.208985,1.2121472,1.2118767,1.2168789,1.2125152,1.212683,1.2105103,1.20965,1.2145003,1.2167222,1.2171148,1.2095164,1.2059327,1.2150359,1.2132912,1.2066011,1.2076111,1.2073253,1.2073402,1.2129034,1.2074716,1.206307,1.2111204,1.2117109,1.2084281,1.2158478,1.2120106,1.2098664,1.211787,1.2148058,1.2022243,1.2090498,1.2154785,1.20003,1.2068759,1.2172573,1.2127894,1.2072074,1.2117155,1.212716,1.2139981,1.2079924,1.2099675,1.2124151,1.2063738,1.2167041,1.2097061,1.2112887,1.201988,1.213164,1.2090311,1.2150543,1.2107495,1.2089673,1.2019515,1.2088922,1.2122536,1.2095736,1.213986,1.2086939,1.2218524,1.2114457,1.2111552,1.2147105,1.2154177,1.2073382,1.2120417,1.2128321,1.2098359,1.2169598,1.2102543,1.2067943,1.2131668,1.2045325,1.2117313,1.203334,1.2145407,1.2102908,1.2117593,1.2144247,1.2106218,1.211406,1.2125342,1.2039077,1.2076353,1.2189085,1.2134567,1.2063307,1.2145877,1.2048838,1.2117902,1.2202737,1.2096072,1.2164395,1.2164996,1.2108921,1.21334,1.2089193,1.2063441,1.2095425,1.2053361,1.2116027,1.2063466,1.2081642,1.2069821,1.2089233,1.2109114,1.2122043,1.2160923,1.2100893,1.202916,1.2115604,1.2135565,1.2105936,1.2093848,1.2031883,1.2113484,1.2186286,1.2067751,1.2126374,1.217823,1.2147133,1.2084638,1.2179368,1.2116272,1.209338,1.2064366,1.2140524,1.2139477,1.2073317,1.2108337,1.2097982,1.2090056,1.2141633,1.2066853,1.2122779,1.2094353,1.2113997,1.2143693,1.2120246,1.2044184,1.2142447,1.2121934,1.205813,1.2092757,1.2107091,1.2027364,1.2097888,1.2163196,1.2097954,1.212459,1.2096664,1.2101063,1.2151997,1.2077634,1.2084914,1.2070732,1.2133836,1.2096171,1.2075481,1.2134658,1.2086962,1.2091304,1.2153181,1.2069298,1.2051518,1.2046483,1.2109122,1.2086835,1.208083,1.2079103,1.2100774,1.2080157,1.2115327,1.2108282,1.214788,1.2117053,1.209568,1.2106802,1.2140309,1.2123507,1.2130054,1.206462,1.2152287,1.2142339,1.2069757,1.2111346,1.2094158,1.2104083,1.2098752,1.2133735,1.2112546,1.2064189,1.213961,1.2137097,1.2078285,1.2034062,1.2086716,1.2098502,1.2094914,1.210982,1.2099011,1.212524,1.2115992,1.213092,1.2143874,1.2060139,1.2152122,1.2112554,1.2184392,1.2031898,1.2106422,1.2118747,1.2108892,1.2120967,1.2110898,1.2111523,1.2068266,1.209275,1.209436,1.2120082,1.2060795,1.2029686,1.2150924,1.2123684,1.2138777,1.2105193,1.2027053,1.2098752,1.2108895,1.2110524,1.2121838,1.2103515,1.2083735,1.206294,1.2115886,1.2130009,1.2068037,1.2120407,1.212555,1.2081181,1.2095553,1.2152232,1.2122105,1.2092594,1.2097518,1.2067462,1.2042396,1.2069067,1.2084869,1.2136226,1.2157251,1.2153746,1.2075809,1.2105126,1.2154943,1.2109945,1.2054834,1.2138767,1.2093161,1.2084152,1.2113214,1.2121217,1.2102052,1.2077549,1.2078507,1.2113967,1.2115604,1.2083578,1.2123542,1.208608,1.2107087,1.2102334,1.2069685,1.2091719,1.2106303,1.2160373,1.2080961,1.208242,1.2122648,1.2053798,1.2075762,1.2096664,1.2036642,1.2056322,1.213698,1.2089928,1.2097299,1.217049,1.2111953,1.2090884,1.2085435,1.1981475,1.2098448,1.2054822,1.209311,1.2158335,1.2053151,1.2009821,1.2083353,1.2158142,1.2033428,1.2096705,1.2113377,1.2128398,1.2069196,1.20847,1.2115085,1.2078483,1.214153,1.2089747,1.2077496,1.2111707,1.2109337,1.2096782,1.2077965,1.2148219,1.2092836,1.2101276,1.206463,1.2089266,1.2127011,1.2194667,1.2121373,1.2176896,1.2129967,1.2087269,1.2123218,1.2113866,1.2088916,1.2114966,1.2051471,1.2072912,1.2182572,1.2088461,1.2074827,1.2098415,1.2056844,1.2055643,1.2182255,1.2104012,1.2141953,1.2100587,1.2111762,1.2086154,1.2171378,1.2098627,1.2159786,1.2172031,1.2150193,1.2066084,1.209404,1.2068472,1.2134953,1.2157509,1.2083248,1.2167315,1.2058228,1.213622,1.2058579,1.2074034,1.2127881,1.2065405,1.2082131,1.2034205,1.2141427,1.21626,1.2084771,1.2094687,1.2149104,1.2067848,1.209217,1.2174518,1.2096639,1.2117049,1.2132888,1.205303,1.2135143,1.2121509,1.2065521,1.2059139,1.2090768,1.208282,1.2113019,1.207414,1.2156606,1.2129779,1.2096444,1.2041625,1.2070905,1.2144145,1.208909,1.2133839,1.2162505,1.2054764,1.208866,1.2112666,1.210151,1.2078842,1.2085689,1.2053244,1.2125411,1.20529,1.2085477,1.2084945,1.2038413,1.2103938,1.2090734,1.207986,1.2062683,1.2113069,1.2085195,1.2148134,1.2101569,1.2086313,1.2099049,1.2077852,1.2144687,1.207539,1.2085373,1.2089988,1.205604,1.2077757,1.2041264,1.2096078,1.2059019,1.2130586,1.2103013,1.2142146,1.2053725,1.2123296,1.2158337,1.2122083,1.2148436,1.2087408,1.2135572,1.2181653,1.2077621,1.2072812,1.2127987,1.2107384,1.2148218,1.209058,1.2169697,1.2058576,1.2029696,1.2121994,1.2166731,1.2061517,1.2130501,1.2079835,1.2014287,1.2108748,1.2168131,1.1974797,1.2082912,1.2088159,1.2134851,1.2075846,1.2142203,1.2159969,1.2071431,1.2133989,1.2109715,1.2116151,1.207786,1.2175786,1.2087828,1.2088643,1.2086622,1.2089154,1.206026,1.2085541,1.2035781,1.215985,1.2147343,1.2137704,1.2095414,1.2063159,1.20633,1.2103939,1.2087492,1.209646,1.2107348,1.2137779,1.2155628,1.2041712,1.2175297,1.2058424,1.210251,1.216638,1.2095253,1.2002358,1.2132984,1.2076243,1.2060463,1.2055205,1.2102326,1.2036167,1.209565,1.2140137,1.2062879,1.2119067,1.2104361,1.2105157,1.2074001,1.205116,1.2080771,1.205028,1.2157704
0.06667106,0.061341114,0.0604613,0.060701042,0.06068074,0.06369149,0.06432055,0.06121364,0.06737866,0.055355713,0.056554426,0.066320315,0.061165974,0.061258562,0.060022306,0.05970428,0.05815865,0.057872333,0.059200294,0.06157979,0.06370604,0.06280839,0.0578851,0.06485122,0.06176963,0.06137261,0.05914624,0.058899403,0.06377339,0.055394612,0.06037271,0.05729626,0.053705603,0.05536692,0.060082547,0.059221845,0.059725247,0.056315064,0.06391868,0.060914595,0.061131403,0.061639644,0.06535868,0.06612758,0.063320115,0.06617361,0.058360334,0.06732942,0.057008505,0.06626334,0.06022148,0.056206055,0.060743928,0.059766155,0.061959386,0.06350647,0.06913122,0.06493406,0.06513394,0.06281737,0.056649614,0.060309216,0.06740961,0.06780525,0.054876737,0.0574089,0.055805422,0.06349746,0.05553714,0.062105775,0.060414437,0.06510671,0.06371446,0.06639825,0.0574099,0.06361366,0.0641737,0.06243127,0.06449957,0.062446453,0.06267168,0.065724485,0.066389,0.061011706,0.061034903,0.055887476,0.057016466,0.0602083,0.059262317,0.0623696,0.06393127,0.06413321,0.058036633,0.061581645,0.06031701,0.059923742,0.06341205,0.058473065,0.05881197,0.060680192,0.060460404,0.06644192,0.065140165,0.06458377,0.065332636,0.061650217,0.052848052,0.061064173,0.05964017,0.06518279,0.06028377,0.057743248,0.06360445,0.057989217,0.06238108,0.05751147,0.061108124,0.06028292,0.061229214,0.06153584,0.05733125,0.058154147,0.05675648,0.060169898,0.058020167,0.0636064,0.06009372,0.055298157,0.057031736,0.06593982,0.06258303,0.06034149,0.060682576,0.059833758,0.05977861,0.064900905,0.06888426,0.06240776,0.06107066,0.058734328,0.06730822,0.06463765,0.068595834,0.06404174,0.059786797,0.061700333,0.057539634,0.05836784,0.067212135,0.057136673,0.05847219,0.056057505,0.05899367,0.057375055,0.061974943,0.05855708,0.058932446,0.054926734,0.06280001,0.06294972,0.06126304,0.066734,0.05895403,0.056428038,0.0576882,0.059657656,0.06632045,0.066617474,0.056410328,0.06504926,0.059918515,0.059853464,0.06355992,0.065903515,0.05770362,0.061588027,0.06597095,0.06118524,0.058280297,0.054734215,0.06275349,0.06326243,0.0636367,0.06364414,0.059183978,0.065203965,0.061499704,0.057273224,0.05788543,0.065630615,0.05445815,0.0606454,0.07081171,0.065607555,0.060748845,0.06394842,0.0626347,0.057646714,0.056801405,0.06350069,0.056912478,0.062232964,0.06140542,0.06136082,0.058894485,0.055135082,0.056647424,0.055646453,0.055195477,0.05621339,0.0595926,0.06531897,0.06312745,0.062668756,0.06126404,0.056106497,0.061601385,0.05658362,0.06468912,0.059685517,0.059915133,0.0554108,0.055130173,0.06081486,0.06423461,0.061889976,0.06284738,0.066328675,0.062802434,0.05741815,0.05383418,0.06163403,0.06682066,0.059521496,0.05254604,0.05704412,0.05603234,0.05983085,0.06282538,0.06024106,0.05380811,0.06050073,0.061575137,0.060083814,0.061148178,0.059955128,0.06320936,0.0625082,0.06647744,0.059683744,0.061019853,0.059184983,0.061904997,0.064859,0.064789325,0.05640767,0.06240905,0.065410264,0.05784047,0.06044307,0.055611156,0.057029553,0.07035588,0.061561737,0.06606858,0.062318344,0.06727505,0.061132662,0.061966166,0.060333826,0.0673084,0.060921386,0.06470234,0.06163779,0.062272295,0.0588707,0.05420523,0.0600155,0.06428681,0.057886325,0.066602804,0.065953046,0.06261104,0.05725147,0.05429775,0.05996067,0.056731258,0.07012737,0.06131705,0.062315043,0.054321516,0.06790124,0.05818814,0.052084953,0.056069866,0.058118325,0.06273015,0.060612753,0.06253805,0.068879195,0.0589772,0.05833995,0.058305886,0.06317201,0.059254736,0.060203034,0.05882428,0.055069953,0.057059705,0.061716255,0.053669862,0.058901474,0.05536261,0.06304564,0.057739016,0.0625576,0.063354775,0.056340072,0.06464387,0.057470962,0.06120339,0.06896996,0.058906823,0.06429757,0.058869265,0.056814644,0.058132738,0.061532654,0.06364974,0.059697337,0.064381756,0.06667973,0.059225835,0.060895998,0.063409895,0.05876791,0.06849418,0.06207622,0.056740258,0.059421558,0.063794024,0.06334137,0.06732643,0.056201912,0.06220767,0.0627326,0.0626259,0.064119354,0.0635429,0.060085002,0.06107535,0.06392446,0.062291436,0.05771984,0.065717384,0.06275758,0.061332628,0.059502263,0.0652293,0.05835619,0.06199715,0.064435214,0.07075581,0.064413644,0.061991435,0.06630298,0.061135788,0.06205047,0.05869343,0.061826482,0.060688604,0.063147224,0.061681077,0.060756832,0.05644674,0.06385445,0.06343545,0.05935008,0.05876376,0.056986146,0.061472736,0.05944987,0.06425022,0.065675735,0.055377193,0.06416498,0.055982172,0.06262435,0.06171217,0.058267422,0.058471836,0.06538508,0.06845315,0.071500875,0.061164726,0.050949078,0.05948393,0.07103224,0.06200127,0.058672965,0.060420632,0.05759166,0.053260364,0.06864391,0.062550336,0.062941164,0.06301176,0.06086731,0.06117199,0.059540514,0.060852587,0.06305412,0.062428188,0.058460597,0.059554067,0.060408495,0.059324495,0.056426343,0.06675017,0.058916718,0.055238143,0.0638774,0.060182035,0.061825458,0.060666822,0.060395855,0.06521416,0.06581094,0.06603257,0.06405878,0.058681667,0.059431724,0.060249932,0.06337184,0.054914135,0.06701752,0.06640396,0.06842807,0.06459802,0.06884587,0.06531873,0.0657196,0.060207736,0.068371125,0.06110711,0.06277993,0.06083921,0.05734585,0.05826561,0.05918312,0.06558283,0.061264865,0.06319991,0.056408998,0.062001176,0.06415035,0.05925834,0.06332888,0.06953624,0.063786276,0.068609476,0.06395901,0.057101104,0.056803845,0.053291313,0.06207408,0.055823397,0.060956027,0.066458896,0.055645853,0.05865728,0.06500707,0.057416685,0.06478366,0.060780026,0.05341652,0.066383734,0.061937705,0.06271327,0.06721294,0.067785524,0.05752891,0.06392207,0.057566203,0.06428562,0.05648286,0.058241412,0.060072534,0.060042005,0.06435326,0.061005827,0.059812784,0.06448733,0.054962303,0.05620449,0.06471465,0.060142983,0.062457908,0.06451982,0.06569725,0.06351284,0.065268256,0.06620921,0.058455884,0.059589323,0.061740372,0.06563407,0.06437731,0.061570767,0.061995354,0.06198472,0.0658883,0.05744618,0.06400989,0.061637416,0.06603051,0.06466752,0.054917604,0.061132193,0.061545603,0.05935889,0.06213846,0.058881223,0.07005625,0.05595775,0.0625612,0.056548677,0.05882267,0.06273182,0.06425229,0.053006355,0.06647203,0.0573966,0.06570735,0.054118548,0.054734893,0.06140736,0.06459722,0.06118399,0.059897404,0.061608903,0.05859818,0.05938628,0.053621892,0.054593004,0.057378568,0.060204744,0.059869923,0.056558773,0.054406468,0.065195344,0.051858447,0.06584246,0.057224765,0.06539576,0.056347866,0.062764004,0.066121854,0.05961888,0.057244517,0.06612854,0.06614433,0.05760999,0.057736646,0.068856254,0.060947336,0.06918101,0.055382945,0.060128238,0.06457064,0.05901794,0.061127372,0.06619523,0.06377839,0.061461043,0.057660583,0.05604192,0.06370942,0.067614086,0.061328545,0.059066057,0.060532503,0.066729344,0.06498761,0.066711694,0.05868073,0.06292459,0.061911203,0.05932912,0.06409305,0.058816694,0.060339093,0.065694384,0.062775865,0.060767386,0.0567249,0.06355013,0.058120713,0.063350655,0.05965478,0.061490208,0.064611554,0.059576966,0.05724306,0.063876495,0.05530393,0.062665455,0.057762448,0.0610921,0.059885636,0.058007937,0.06217599,0.058869753,0.06548356,0.05395712,0.06355663,0.055770908,0.062017992,0.0631599,0.061192762,0.061336502,0.06523966,0.056882717,0.056054514,0.057898615,0.05970301,0.058438446,0.052336022,0.06170236,0.06629213,0.06651454,0.05603699,0.06186199,0.05975143,0.06357273,0.062087767,0.055902094,0.056747347,0.057301164,0.058643583,0.06257497,0.057246454,0.06083827,0.0557492,0.05762011,0.059333973,0.058972485,0.062451594,0.05841132,0.058479972,0.058739655,0.06146519,0.05767659,0.05903428,0.060541507,0.062186304,0.065094836,0.061000116,0.05813047,0.06337546,0.05683337,0.056420177,0.059278555,0.055714402,0.062452685,0.072070636,0.057496484,0.055107687,0.06216032,0.05541738,0.058455005,0.05583342,0.059072454,0.061748467,0.06717572,0.05808276,0.062183872,0.06423714,0.059802834,0.06187875,0.06517902,0.063203536,0.06564963,0.0573834,0.062900744,0.06328449,0.064306915,0.06196851,0.06836855,0.067940325,0.06757691,0.06600733,0.06486112,0.055916116,0.065748736,0.064166956,0.059778977,0.067346334,0.0637196,0.057377018,0.05922927,0.060091987,0.063718274,0.056150578,0.05941663,0.059601676,0.055844672,0.06441299,0.05940919,0.05711098,0.061877787,0.06633644,0.06289136,0.060338076,0.069269195,0.065467104,0.06103939,0.057945617,0.06399172,0.06083586,0.05460103,0.06326214,0.05933346,0.06327035,0.05182493,0.0642762,0.06362216,0.06704876,0.06731691,0.058169026,0.058670864,0.06331019,0.06735001,0.062225323,0.06652337,0.06411819,0.061352793,0.06441885,0.059683055,0.05353827,0.056908295,0.055839352,0.06297302,0.053948533,0.06603207,0.06532777,0.055365153,0.057240706,0.062362142,0.062779434,0.057079747,0.061243538,0.06742633,0.061468046,0.059855107,0.058148485,0.055955973,0.058614474,0.065925114,0.06304208,0.06785992,0.061197422,0.061498858,0.061938003,0.0628006,0.056941617,0.0609258,0.06043487,0.056951754,0.06509918,0.057660267,0.061496433,0.059883945,0.06268183,0.061914705,0.06105562,0.057116132,0.061403178,0.062046226,0.05690325,0.05410967,0.057414886,0.054554537,0.06634793,0.061382152,0.059239246,0.06319269,0.05545534,0.0610296,0.06254252,0.06355319,0.059354644,0.06240336,0.063495316,0.05417314,0.067795925,0.06353417,0.057219915,0.06098164,0.05841781,0.05052178,0.055321436,0.060613945,0.061809998,0.061199076,0.061910547,0.054274466,0.06306792,0.059267223,0.057289712,0.061840896,0.063837536,0.05845911,0.06400969,0.058978178,0.066211,0.061914407,0.06121253,0.055752553,0.06431225,0.05749771,0.059184287,0.05792145,0.06212877,0.0514843,0.057661347,0.05925013,0.056140773,0.06154001,0.060126845,0.061401524,0.06171932,0.051399816,0.05579293,0.066182785,0.057737626,0.061989192,0.06230399,0.07094163,0.056019716,0.06197508,0.06374743,0.05595036,0.061634585,0.05939147,0.060653403,0.059697494,0.060293548,0.05765816,0.060770325,0.06137808,0.05950196,0.05714093,0.060768325,0.06546214,0.06077489,0.055793807,0.056524023,0.06461161,0.058742825,0.061942227,0.061973646,0.06913304,0.061820406,0.06374821,0.0672333,0.04986106,0.05736229,0.062454652,0.06477128,0.06621539,0.06237492,0.065439135,0.06368564,0.06805533,0.0614444,0.06088399,0.053997576,0.06755596,0.055339113,0.06359215,0.054731596,0.06273324,0.0588358,0.06528688,0.05558578,0.05932401,0.05386215,0.06624663,0.0648492,0.06523028,0.058836475,0.05965294,0.060184047,0.06708688,0.061313033,0.058718517,0.06478865,0.058586814,0.058858998,0.05861418,0.0541671,0.061474025,0.058357812,0.06167665,0.058694907,0.060444433,0.060992695,0.059374474,0.06434209,0.062394015,0.060850926,0.056530103,0.055695448,0.061029166,0.06563669,0.058741342,0.060201593,0.056644898,0.05447589,0.064339265,0.06603274,0.068348736,0.057841,0.06238154,0.059805,0.056899782,0.06697515,0.059391692,0.055098426,0.06037727,0.06400376,0.062156193,0.05382393,0.06468098,0.06338096,0.06123153,0.062430568,0.06252982,0.06597199,0.05355396,0.065830916,0.06005427,0.06078609,0.05723025,0.059656747,0.06078909,0.06302819,0.06481173,0.05983553,0.06422761,0.06514816,0.0606928,0.05760401,0.061009724,0.06004965,0.059774913,0.06754816,0.060348544,0.058714565,0.05932969,0.06311533,0.06136466,0.0631766,0.061299287,0.06180904,0.059198227,0.060833395,0.057907227,0.059455067,0.06167958,0.062066816,0.06110566,0.055590257,0.057873566,0.056957375,0.06361161,0.06479115,0.05921068,0.058988646,0.055535946,0.065045394,0.056117132,0.061129667,0.06350034,0.06426326,0.057684943,0.059630703,0.061246738,0.0684307,0.065060705,0.06211613,0.061271124,0.05564914,0.056473147,0.062040262,0.06338527,0.0629124,0.06445261,0.056064755
