0.592849,0.59552187,0.59485817,0.5906217,0.5905212,0.6038157,0.60337883,0.59203243,0.58868086,0.5950449,0.59034336,0.5912475,0.59599215,0.5909006,0.5986263,0.59756494,0.5917575,0.59098774,0.6066985,0.5948831,0.5978236,0.5953623,0.6009607,0.5937233,0.59876174,0.5916636,0.5973233,0.5895422,0.59581196,0.5900934,0.5856577,0.5882003,0.5914077,0.5880986,0.58860123,0.59338766,0.5927553,0.6006818,0.5975813,0.595442,0.5956615,0.59668416,0.5990238,0.5857727,0.59994316,0.5937818,0.59505236,0.58836025,0.59469205,0.5965849,0.585113,0.5930448,0.59594786,0.59086293,0.59029686,0.5944379,0.59340376,0.5983861,0.5984724,0.5936383,0.60246205,0.59475714,0.5991155,0.58809644,0.583694,0.5902905,0.5928642,0.59006786,0.59561276,0.5905492,0.5934367,0.60515195,0.5935556,0.59400564,0.59676915,0.60135514,0.5906073,0.5924539,0.5909989,0.5911773,0.59737784,0.5901432,0.58995754,0.5956822,0.5822476,0.59928644,0.5989745,0.59652376,0.59796923,0.60084605,0.5950412,0.5950539,0.58758485,0.5985313,0.5992264,0.5934157,0.59964013,0.59461665,0.59110165,0.60024595,0.5890284,0.60004807,0.5909185,0.5995041,0.59455544,0.59784806,0.5948505,0.5977149,0.6003369,0.60372645,0.594538,0.5934001,0.5948435,0.59430796,0.59369814,0.5973082,0.5990036,0.5968284,0.5961692,0.5937673,0.5968607,0.5993805,0.59732115,0.5890613,0.587512,0.5940921,0.5959796,0.5949004,0.5929876,0.5885428,0.5993875,0.5911426,0.5965342,0.5947845,0.59552497,0.59501445,0.59667546,0.58873475,0.5975278,0.592447,0.6015017,0.5941626,0.5946709,0.59927505,0.5943772,0.5899336,0.584887,0.59408444,0.59787893,0.60555047,0.5922101,0.59915555,0.5934845,0.5949583,0.5939159,0.597056,0.5838318,0.5922555,0.5886772,0.58857644,0.590816,0.59492266,0.59603125,0.5902887,0.591189,0.59395593,0.59772694,0.58841884,0.5979179,0.5849834,0.5906693,0.59304494,0.59101665,0.5967612,0.6069864,0.6011425,0.5971234,0.5934352,0.6007032,0.58868724,0.5890808,0.60036325,0.58813,0.5989332,0.59726864,0.5972349,0.5997901,0.5932595,0.59502375,0.602293,0.5958523,0.60573447,0.60328126,0.58921355,0.5942581,0.5933462,0.6001562,0.59587675,0.5947424,0.60097563,0.59779084,0.5944024,0.5865937,0.5945377,0.59224504,0.5993515,0.59063894,0.588876,0.59827226,0.5891163,0.590742,0.58875257,0.5926555,0.5959891,0.59106153,0.59354985,0.5951771,0.59741557,0.58411366,0.5966828,0.5930249,0.59813154,0.5981875,0.59337753,0.5922638,0.59583986,0.5895458,0.5957846,0.59652853,0.58904207,0.59590024,0.59324956,0.59015244,0.5924862,0.5950327,0.5949467,0.59426594,0.5951396,0.5907795,0.59949464,0.5916979,0.5970799,0.5967589,0.59451705,0.5960036,0.60640675,0.59377754,0.5985081,0.5896863,0.59573215,0.58979505,0.60438704,0.59327865,0.5908189,0.5940731,0.5900834,0.59420997,0.5985747,0.59768766,0.59303695,0.59381926,0.59809357,0.5950679,0.5867131,0.5956418,0.5946931,0.59384465,0.60381514,0.60001516,0.58415854,0.59562,0.5935944,0.600271,0.5969511,0.59663814,0.601637,0.60245824,0.6001161,0.601115,0.5973473,0.60490924,0.5903957,0.59518015,0.59815085,0.5925006,0.5835979,0.5925929,0.60544044,0.5923981,0.59510183,0.5900434,0.5963676,0.6028158,0.5968016,0.59208924,0.59579045,0.60253876,0.5959833,0.60238445,0.59782404,0.5944361,0.58951795,0.5897294,0.6003734,0.590693,0.5972574,0.59347266,0.60115176,0.58716935,0.59882563,0.59525186,0.5971316,0.59374833,0.6012454,0.5958279,0.5897478,0.59526986,0.59555876,0.60443664,0.5911378,0.58876795,0.5976424,0.58663625,0.58935297,0.58949,0.60365987,0.5890192,0.5916484,0.5932454,0.5906362,0.59238523,0.5919913,0.60596615,0.59359306,0.5893905,0.5922404,0.5909401,0.5927321,0.59672624,0.59064335,0.59466094,0.6032749,0.5955896,0.6015201,0.59855187,0.60129774,0.59014887,0.5905468,0.59377676,0.5820013,0.5964814,0.5942349,0.59797156,0.58967865,0.5827239,0.59748673,0.59074515,0.5992112,0.5902645,0.59570765,0.58838224,0.5944108,0.59221953,0.58656645,0.5957579,0.5912579,0.6048855,0.59336036,0.60100615,0.59032696,0.5890509,0.59253687,0.59622794,0.5974951,0.5979979,0.5937897,0.59242845,0.5864103,0.5900067,0.58658785,0.58948874,0.5883726,0.59059423,0.58936375,0.5980906,0.5961741,0.6025865,0.59506,0.5969842,0.597962,0.5950895,0.6023987,0.59872866,0.5930122,0.5914127,0.5888078,0.5954054,0.58998805,0.6000614,0.59337497,0.5997944,0.6018021,0.6018997,0.590923,0.59444976,0.6051313,0.59527963,0.5910648,0.59023917,0.59909517,0.5904127,0.60577935,0.595113,0.592264,0.5949968,0.59120136,0.59339464,0.5934448,0.5997856,0.58797866,0.5944519,0.5948215,0.59712064,0.5934347,0.59379053,0.59855485,0.59069926,0.59461737,0.5975988,0.5952727,0.5972612,0.60236925,0.6009112,0.59293866,0.60456157,0.5967636,0.5958095,0.5960269,0.594635,0.60139036,0.58818626,0.5966756,0.59817976,0.5953815,0.5980651,0.5941252,0.5879532,0.58956075,0.59854424,0.598934,0.5899162,0.597119,0.59329367,0.5899721,0.5922456,0.59856653,0.58653545,0.5926365,0.591731,0.5963569,0.6033202,0.586114,0.59151226,0.6004275,0.59211206,0.59522116,0.59081614,0.59645265,0.59953964,0.59643656,0.5946194,0.5937258,0.59241366,0.6054285,0.59203357,0.59462494,0.593898,0.6027906,0.5936147,0.5923379,0.59856504,0.5941896,0.59485716,0.59094566,0.60170794,0.5943242,0.59585196,0.5991135,0.5960761,0.5944432,0.59591913,0.58650345,0.5996035,0.6033334,0.59516853,0.5998099,0.5934282,0.590167,0.5900794,0.5972245,0.5882304,0.58330524,0.5917845,0.5977147,0.59470963,0.61051154,0.58805853,0.59794116,0.59757006,0.598252,0.59671104,0.5872182,0.59716374,0.5987787,0.60226256,0.5967635,0.59322417,0.5955736,0.6002282,0.59994507,0.592541,0.5870477,0.59162116,0.6020449,0.5893966,0.59777105,0.58587825,0.593596,0.60066575,0.5969881,0.60358816,0.60030204,0.5936001,0.5999833,0.5914553,0.59911793,0.58487594,0.5937908,0.59649056,0.6019176,0.59460753,0.5919115,0.5872584,0.5914363,0.5884526,0.60090595,0.5919661,0.59551096,0.59559524,0.5881482,0.5927428,0.5921784,0.5988053,0.5945991,0.58610463,0.5973148,0.58959067,0.5903539,0.6028546,0.5957788,0.59335107,0.5950531,0.6053841,0.59169555,0.59345675,0.59342235,0.58905786,0.6026346,0.59450465,0.59856117,0.5923881,0.59477293,0.58937484,0.59078795,0.6035908,0.59299123,0.6020484,0.59840524,0.5963102,0.6073938,0.5947779,0.6012039,0.59262025,0.59619933,0.5971588,0.5869531,0.5904567,0.5923531,0.5971972,0.59861684,0.5965728,0.5974842,0.5921018,0.5950359,0.59416926,0.59866637,0.59538996,0.5851216,0.5894958,0.5938475,0.5992079,0.59457815,0.59548503,0.59824455,0.58939296,0.5905408,0.59175396,0.58925474,0.596509,0.6035875,0.59023345,0.5927463,0.5890204,0.59485495,0.59444904,0.5899552,0.5979476,0.59827244,0.59477335,0.5932685,0.5885795,0.5817391,0.60673916,0.594985,0.60060704,0.6030818,0.5936004,0.5929875,0.6044719,0.59175664,0.60083896,0.59578186,0.59413284,0.5918931,0.6075864,0.597203,0.5929697,0.59535015,0.5944564,0.5986262,0.59863883,0.59385175,0.591893,0.5936536,0.59932876,0.58710897,0.59485126,0.59197956,0.5991376,0.5964623,0.5959529,0.5997155,0.598038,0.59429765,0.59203625,0.60209566,0.59703916,0.5999846,0.59708583,0.59487903,0.58930343,0.59980506,0.5968353,0.59215397,0.58688724,0.60086644,0.59396785,0.598272,0.5957227,0.59151316,0.59344405,0.5879164,0.60250896,0.59870106,0.5965708,0.59110886,0.5998557,0.60339063,0.5881561,0.5868627,0.5860654,0.59414375,0.5917414,0.5958611,0.5923881,0.5935437,0.5956292,0.5918296,0.59364384,0.5915858,0.59548354,0.5960278,0.60124755,0.5898992,0.60881263,0.6003062,0.5930832,0.5944378,0.5923745,0.59770787,0.5962702,0.60211605,0.6017135,0.5985583,0.59362197,0.59019953,0.59069526,0.5999283,0.5913633,0.5956226,0.6011306,0.5958877,0.5929027,0.6001612,0.5896952,0.59431076,0.5948116,0.59339374,0.5949435,0.5917604,0.5945717,0.5872371,0.59508115,0.5884994,0.5985673,0.5998132,0.59279454,0.59363276,0.5962027,0.59945196,0.5998473,0.5951402,0.58987314,0.5883239,0.5988908,0.5955206,0.59448266,0.59525996,0.5992581,0.5918688,0.5992344,0.59899676,0.5880339,0.5896247,0.59151673,0.5914599,0.58836144,0.5923671,0.59114766,0.5989155,0.5951221,0.59238976,0.58778113,0.59924185,0.5935406,0.59715015,0.6023424,0.606906,0.587267,0.59496045,0.5994609,0.5977798,0.59819335,0.5898116,0.59716195,0.59395874,0.5985008,0.59058,0.59498596,0.5927991,0.59595096,0.60378057,0.5904542,0.6003115,0.592943,0.59814954,0.5899988,0.59112334,0.592456,0.590507,0.60139096,0.591614,0.5964327,0.59888196,0.59871984,0.5937385,0.6000877,0.5888842,0.59474015,0.59834933,0.59374684,0.60365295,0.58876383,0.5938172,0.59498066,0.5965886,0.59736764,0.5967011,0.5948231,0.595149,0.5966499,0.59329104,0.59700376,0.59258926,0.5968709,0.5900528,0.59985226,0.59563416,0.600488,0.6000601,0.59465164,0.5935336,0.6003893,0.5955143,0.6021161,0.59038246,0.5982315,0.5949551,0.592272,0.5938626,0.58968765,0.5978168,0.59790874,0.595434,0.600243,0.5962422,0.5951397,0.5956274,0.5910388,0.6003549,0.5964368,0.59260875,0.5988234,0.59262955,0.597359,0.5829469,0.5934174,0.602361,0.59222305,0.59463686,0.5858025,0.5940407,0.5978318,0.596892,0.59669703,0.59481317,0.6086904,0.59591097,0.59174126,0.5870387,0.6002006,0.59546256,0.6007801,0.59623545,0.60086095,0.5946353,0.586362,0.604895,0.60592455,0.6058848,0.5937869,0.5867788,0.59370553,0.5936329,0.5982433,0.59429574,0.5924424,0.5945985,0.5903066,0.600774,0.5949467,0.5917701,0.5920975,0.5971644,0.6026904,0.59964556,0.59371877,0.59328485,0.59330654,0.59266734,0.59731483,0.59816694,0.5945402,0.5936139,0.5945364,0.59499747,0.59547466,0.59179026,0.59467804,0.59939146,0.59843445,0.59443206,0.58842283,0.60134083,0.59947395,0.59505177,0.59356725,0.60125595,0.5929901,0.5854243,0.59940463,0.590814,0.59482545,0.5949554,0.60045254,0.58906764,0.5911429,0.5968891,0.5955272,0.5960044,0.5971874,0.58657485,0.59471416,0.5908387,0.59127253,0.5935516,0.59366393,0.5975246,0.59253615,0.5955887,0.59436554,0.59957904,0.5925268,0.5949657,0.59739345,0.59236264,0.59444547,0.5964522,0.59342855,0.6030587,0.59549814,0.5981463,0.59458333,0.59260714,0.5920713,0.5916331,0.59593904,0.59175795,0.60147357,0.5994555,0.5968723,0.5883782,0.5985114,0.5993347,0.58858323,0.6033858,0.60077435,0.5925146,0.5939624,0.5954652,0.58722466,0.59034973,0.6009434,0.59733325,0.6049151,0.5898733,0.60061896,0.59666276,0.5960174,0.59232455,0.597862,0.6013474,0.5921632,0.5875983,0.5969247,0.59906226,0.5874242,0.59553444,0.5826335,0.5935939,0.59098536,0.58893853,0.59840775,0.59162956,0.60164386,0.59364116,0.5972396,0.59262866,0.5956667,0.59601647,0.60522395,0.59166276,0.60235584,0.60886645,0.5884871,0.59859145,0.5961238,0.6021174,0.59496593,0.59388304,0.59498787,0.60033876,0.5948397,0.59119254,0.6056516,0.58707994,0.5918383,0.59470993,0.5886152,0.58442044
0.41256717,0.42078555,0.4204575,0.41626394,0.4203903,0.42357254,0.41690278,0.41668704,0.41919696,0.41849244,0.4189381,0.412995,0.4180613,0.4153975,0.42247343,0.42047945,0.41585293,0.42519295,0.4185349,0.41708428,0.41794905,0.41399413,0.41443232,0.4223311,0.41675577,0.41621193,0.42136627,0.4169506,0.41996214,0.42067945,0.41298184,0.41835883,0.420713,0.41738006,0.414972,0.41784564,0.4213112,0.4226742,0.40980375,0.4105934,0.41931647,0.4109385,0.4211009,0.41952947,0.42190057,0.42161998,0.41571394,0.42002594,0.4218311,0.42318553,0.41818357,0.41510752,0.42053124,0.41702187,0.41056287,0.40980262,0.41403657,0.41339606,0.42598075,0.4245512,0.4187716,0.41572455,0.42249504,0.42228937,0.40783405,0.41669783,0.41182402,0.4094766,0.4212273,0.4189908,0.41673544,0.41498494,0.42321926,0.42297643,0.41689903,0.42528188,0.41689712,0.4138326,0.42333424,0.41951406,0.4223102,0.4101957,0.41956013,0.42490768,0.41012487,0.42207274,0.4219315,0.41745046,0.41407713,0.41957796,0.41293845,0.4208516,0.41613224,0.41231513,0.42650235,0.42003945,0.42309466,0.42128068,0.4175777,0.42123756,0.41963443,0.42202565,0.41561425,0.41677845,0.41538408,0.4193511,0.4143766,0.42412317,0.41774067,0.41692707,0.422229,0.4151829,0.41568205,0.42016464,0.41800314,0.4215309,0.4199617,0.407767,0.41115505,0.41489318,0.42278725,0.41811913,0.41969013,0.4173189,0.4180525,0.41962484,0.4163406,0.41635418,0.4131344,0.41829407,0.4179332,0.41363043,0.40725514,0.4174037,0.41821283,0.41994703,0.42035615,0.42268595,0.41494352,0.4236676,0.41851348,0.41063103,0.4153021,0.41984534,0.41587368,0.42052814,0.41329733,0.41741458,0.4275887,0.41790405,0.42139506,0.4186609,0.42013723,0.42050827,0.41866696,0.4215166,0.41260967,0.42484045,0.42078722,0.41636384,0.42188993,0.41730455,0.41438603,0.4204598,0.42148975,0.41744503,0.415897,0.42479303,0.41623548,0.4158361,0.4256559,0.42022622,0.41356874,0.41998625,0.42191136,0.4202771,0.42475903,0.4236063,0.42286065,0.4175859,0.42050675,0.4173329,0.42044297,0.41338372,0.42184445,0.4220149,0.41761604,0.4172891,0.42331818,0.41754705,0.41102982,0.42156968,0.4208044,0.41541606,0.4166635,0.4130793,0.42238972,0.41275722,0.41452497,0.42289513,0.42052647,0.4127026,0.41463998,0.42326322,0.42396104,0.41609448,0.41503868,0.41169363,0.41506922,0.42081848,0.4242374,0.41436237,0.42340985,0.41122487,0.41780472,0.41294292,0.4165347,0.41749167,0.41341895,0.41829216,0.4188236,0.41495314,0.4284941,0.41626647,0.41885948,0.4203492,0.4105327,0.41830048,0.41821355,0.4219986,0.41494218,0.4126372,0.41794747,0.41238534,0.4101126,0.42421582,0.42019218,0.41687027,0.42424268,0.4156437,0.4187537,0.42261404,0.41340825,0.42326242,0.41614375,0.42261532,0.42210603,0.4152811,0.417034,0.41721547,0.422811,0.42201963,0.4259429,0.4181551,0.41533256,0.41272143,0.42466828,0.41988263,0.42311624,0.42099795,0.42679152,0.42268866,0.42376244,0.42493752,0.41530153,0.4204146,0.4193384,0.4201056,0.4227041,0.4145375,0.42040852,0.4224462,0.41995436,0.41977096,0.4212638,0.41507894,0.42040536,0.4205685,0.4257109,0.42097867,0.42547107,0.42112136,0.40920714,0.415359,0.41811523,0.4110743,0.4164984,0.41897175,0.41315114,0.42890233,0.40859276,0.41843346,0.42197606,0.43537912,0.42280367,0.41751078,0.41571516,0.41899157,0.42614552,0.41215736,0.42106527,0.4224105,0.42181808,0.42526492,0.415811,0.4226603,0.4169408,0.41530386,0.4189659,0.41025367,0.4196545,0.42126805,0.42310736,0.42291778,0.42000663,0.4105299,0.41372806,0.42043388,0.410613,0.4139108,0.414786,0.4227338,0.41378877,0.41111705,0.41345164,0.41657063,0.42193708,0.41857475,0.4137292,0.41351086,0.4199371,0.41909787,0.42176256,0.4242779,0.41650084,0.42060962,0.41268998,0.42174828,0.41753978,0.40997586,0.41299397,0.42531067,0.4119581,0.41638663,0.42433408,0.41862443,0.41768876,0.41178358,0.41564658,0.419365,0.4250003,0.41622567,0.4214892,0.41746658,0.41693714,0.41817096,0.41976956,0.41774204,0.41821963,0.41157943,0.41992787,0.4190359,0.41702366,0.41172856,0.41860938,0.41362572,0.41497177,0.42477518,0.42139953,0.42061964,0.41327983,0.42579204,0.42070648,0.4222959,0.42400146,0.41692364,0.4134211,0.41104192,0.41908333,0.42000267,0.42255217,0.41256082,0.4179971,0.42070854,0.40824226,0.4170557,0.41874582,0.4198784,0.4155144,0.42033392,0.42524987,0.4204479,0.41989425,0.41803002,0.41452327,0.4157775,0.42094165,0.4262093,0.41876075,0.41829818,0.4138861,0.4263303,0.4184344,0.4193884,0.41402292,0.4231046,0.417109,0.4145126,0.4171148,0.41796792,0.41033033,0.4217471,0.41748387,0.42207938,0.41532388,0.4136284,0.41395456,0.419301,0.4245775,0.41122302,0.42041045,0.4178534,0.41876283,0.41934982,0.4111825,0.4193906,0.42416736,0.4164452,0.41438046,0.41365877,0.41641834,0.42137432,0.4238525,0.4222552,0.42334604,0.42067474,0.41320002,0.42292774,0.41855285,0.41961557,0.42117473,0.42049488,0.42120233,0.4176488,0.4228387,0.42136028,0.41493255,0.41352093,0.42373505,0.4165704,0.41926625,0.4102493,0.41740307,0.41659728,0.41112456,0.41755778,0.42188168,0.42084527,0.41553175,0.41641137,0.4222148,0.42066762,0.41450405,0.4175147,0.41333845,0.42012703,0.41869447,0.41614288,0.42278898,0.41215837,0.4110975,0.4255195,0.42240068,0.4179647,0.41868445,0.4166527,0.41759583,0.41889852,0.4265777,0.42664868,0.42152745,0.4229203,0.4183023,0.41260025,0.42152527,0.42511818,0.4125064,0.4155729,0.41288814,0.4155266,0.41809744,0.41159463,0.42553398,0.41942573,0.42861378,0.4226704,0.41994408,0.4196857,0.41457304,0.4211945,0.41375226,0.4150234,0.41242412,0.41875857,0.4108218,0.42106,0.42413405,0.41689885,0.4197567,0.41652927,0.41910663,0.42170694,0.41583616,0.42347637,0.41686714,0.41372782,0.419893,0.4180022,0.420026,0.4238647,0.41728306,0.41022894,0.4155919,0.41841888,0.42205432,0.4160106,0.41693744,0.42054075,0.41941452,0.42031994,0.41374174,0.41644612,0.4272182,0.4193527,0.41633147,0.41728497,0.4126722,0.41528022,0.425304,0.42622554,0.4170649,0.41553807,0.41570437,0.41662997,0.40595555,0.4242409,0.41887233,0.42099002,0.41786793,0.41282478,0.41423252,0.4197137,0.4226036,0.42432022,0.413436,0.4250401,0.4157277,0.41693592,0.42049906,0.41845903,0.41284102,0.4214781,0.41992742,0.41543177,0.41593826,0.41500503,0.41130608,0.42514348,0.41482526,0.41619194,0.42346382,0.42117596,0.41777405,0.4197295,0.4203785,0.4184224,0.4170511,0.4195112,0.41968897,0.41997233,0.4124549,0.41206297,0.41795754,0.41708347,0.42124858,0.42481998,0.40860188,0.41597617,0.4226698,0.41756445,0.4230427,0.4176407,0.4190039,0.42589918,0.41305664,0.4223144,0.41559973,0.4222925,0.41738725,0.41827598,0.41862532,0.4214538,0.4177116,0.4255054,0.42850196,0.42275196,0.4151651,0.4106432,0.4164959,0.4251894,0.42084074,0.4077478,0.41873655,0.41756594,0.41507986,0.41522044,0.4167715,0.41584846,0.4179926,0.4239194,0.41621238,0.42042208,0.41832632,0.41561496,0.42018855,0.41768265,0.41612566,0.41841984,0.4220772,0.41762823,0.4256971,0.4178573,0.42164868,0.42262036,0.42291284,0.42161673,0.41844612,0.42462206,0.41921353,0.42345595,0.41295984,0.41246858,0.41574088,0.42624608,0.4172413,0.41045076,0.41636044,0.41895965,0.42673704,0.4203275,0.42370033,0.41854814,0.41547176,0.42054287,0.41919798,0.42435318,0.41740856,0.42023447,0.41925612,0.4136369,0.4175204,0.42226425,0.4202855,0.41759625,0.41273424,0.4150125,0.4119696,0.4174649,0.41456437,0.423264,0.41791856,0.41870812,0.42183894,0.41698858,0.4139443,0.41212818,0.423368,0.4191814,0.41375545,0.41857737,0.40865672,0.42274633,0.42531738,0.4166594,0.42314732,0.4170915,0.4199678,0.41547468,0.42026553,0.41563994,0.42556652,0.4174102,0.42173377,0.41312423,0.41702518,0.41543517,0.41044503,0.4116193,0.42027023,0.41642457,0.41677925,0.41377434,0.41850156,0.41486558,0.4225279,0.41471666,0.41643262,0.4117784,0.41932896,0.41591945,0.415137,0.41690084,0.4152687,0.42000258,0.42534992,0.41459963,0.41644442,0.42656726,0.41919953,0.42195895,0.42509875,0.41554466,0.41956702,0.4229012,0.41942832,0.41334766,0.42250293,0.41668126,0.41056412,0.41999626,0.42574072,0.41554207,0.41866225,0.42053154,0.41581056,0.42225954,0.4123772,0.4189563,0.41214788,0.42425486,0.41930154,0.41683084,0.41202977,0.41771862,0.41772076,0.41601655,0.4158581,0.43059853,0.41336665,0.41773075,0.41530845,0.41234115,0.41480953,0.4247474,0.42586425,0.42109272,0.41584554,0.42471498,0.41406086,0.4241171,0.4177253,0.42252097,0.4158871,0.4193165,0.41428882,0.41671565,0.41804814,0.41776085,0.42231306,0.416891,0.4120233,0.42799458,0.41731748,0.42112628,0.41477418,0.41519153,0.41623366,0.4234748,0.42143804,0.42255643,0.41318378,0.41619036,0.4199946,0.4168168,0.42392847,0.4257013,0.4157006,0.42066595,0.40649787,0.41311443,0.41886222,0.42510992,0.4214909,0.4122586,0.41786346,0.41800335,0.4175149,0.41759497,0.41691867,0.41590193,0.4113966,0.41793254,0.4206948,0.4167097,0.4194048,0.4152052,0.4201439,0.4239957,0.41944447,0.41830957,0.42267245,0.42184722,0.4253232,0.4245813,0.41557953,0.41668355,0.41820472,0.41185638,0.41872892,0.42036,0.4135637,0.41826758,0.42220637,0.4241405,0.4267382,0.42382044,0.42139366,0.4172642,0.41074094,0.41972446,0.4148059,0.4113941,0.4180981,0.41500363,0.40523848,0.41951153,0.41645312,0.41272,0.42239273,0.42174298,0.41757533,0.41869906,0.4205805,0.41827926,0.4173068,0.4216444,0.4208008,0.42579275,0.4154059,0.41802543,0.42210558,0.4229614,0.4151882,0.41802767,0.42019907,0.41639766,0.42368698,0.41987452,0.4237602,0.42432904,0.42200515,0.4125247,0.4204663,0.41795722,0.42612585,0.41247293,0.42100394,0.41743195,0.41236365,0.41758892,0.42434323,0.41547567,0.41648477,0.42659515,0.41843563,0.42456242,0.41498604,0.4233793,0.4162311,0.41755325,0.4238394,0.42727166,0.40935415,0.41380718,0.41756526,0.4205175,0.41707084,0.4138775,0.41580677,0.41933122,0.4131629,0.4164027,0.41925037,0.42000994,0.41794023,0.42513788,0.41863877,0.41740647,0.41489932,0.42317107,0.41324535,0.4149974,0.41290042,0.42068514,0.4158386,0.41693982,0.41541582,0.4146093,0.41231623,0.4206733,0.42262658,0.4218831,0.41373804,0.41326132,0.41508415,0.41446036,0.41962326,0.42181316,0.41554466,0.4221973,0.4180716,0.41381022,0.4166978,0.42035347,0.42297405,0.4178888,0.41695568,0.41914445,0.41855842,0.42274866,0.418633,0.42032567,0.411896,0.4183891,0.41189522,0.41085482,0.42105886,0.41257158,0.41656277,0.42139515,0.41869143,0.41419348,0.41653115,0.41738117,0.41356683,0.41984314,0.41729552,0.41539022,0.41822192,0.41844714,0.41446677,0.41352475,0.41793224,0.4180488,0.42418092,0.4230808,0.41488126,0.40892684,0.42175403,0.42432898,0.41775796,0.4121382,0.41827703,0.4157813,0.41665012,0.4201719,0.41373917,0.4161086,0.41125542,0.42394927,0.4250498,0.41483322,0.4209104,0.42370856,0.41546002,0.4301705,0.41523093,0.42184618,0.42659968,0.4125571,0.4262549,0.4176674,0.41703227,0.4224408,0.4061599,0.41552213,0.4226269,0.4183603,0.41593593,0.41581935,0.40936434,0.41766712,0.40996197,0.41773233,0.4313808,0.40797192,0.41013888,0.42090076,0.41651958,0.42178482
0.7005556,0.697,0.6951437,0.69426596,0.7013001,0.71119016,0.702902,0.69908315,0.7067338,0.70578194,0.6959984,0.69710547,0.6958744,0.69931185,0.696311,0.7087211,0.70782465,0.70523083,0.7081615,0.7060664,0.70105463,0.70308447,0.70100087,0.7040015,0.71060026,0.7003633,0.7067986,0.7094974,0.70552224,0.6984332,0.694734,0.7007209,0.70114654,0.69542944,0.6923223,0.70323527,0.70400745,0.702847,0.7115291,0.7011209,0.7022227,0.70164055,0.70339936,0.70180863,0.7065962,0.704407,0.70824766,0.69730425,0.7021086,0.69999707,0.69479257,0.6992226,0.7001397,0.70413893,0.69830155,0.7043043,0.69037354,0.70768577,0.70778143,0.706307,0.7083856,0.7041576,0.70877045,0.70081484,0.69846827,0.70029503,0.70576894,0.7020844,0.6987023,0.7000228,0.6964443,0.7072388,0.70546734,0.7035771,0.6967069,0.7099831,0.69760215,0.71068007,0.7043347,0.7033246,0.70984566,0.6943401,0.7005784,0.7092723,0.69075257,0.70264727,0.7037668,0.6963732,0.7083865,0.70544887,0.69313794,0.7052079,0.6923591,0.6995797,0.70810974,0.70231193,0.70562196,0.6952396,0.6915884,0.6978974,0.6971309,0.7036741,0.69623744,0.70501256,0.70037687,0.7070093,0.69660276,0.7034251,0.7047817,0.7063745,0.7040905,0.70621234,0.70383346,0.7035467,0.701478,0.705618,0.7047807,0.6999804,0.6911868,0.6998651,0.70081437,0.7054425,0.70225877,0.69539803,0.701519,0.71236193,0.69991314,0.7002274,0.6995955,0.7062504,0.70300025,0.7030952,0.7062094,0.70974904,0.7091507,0.706793,0.7030439,0.70086485,0.70510495,0.69894457,0.70185846,0.70590425,0.7030049,0.7061861,0.70511067,0.69991684,0.6907966,0.7004587,0.71120507,0.7030467,0.70624644,0.70436805,0.6949039,0.6997568,0.69629467,0.7008749,0.69218487,0.7072114,0.7006448,0.6978254,0.70163745,0.69743466,0.7008735,0.69891757,0.6974873,0.70052207,0.7008892,0.71023184,0.7038324,0.6969391,0.69883996,0.69863755,0.7032685,0.70057005,0.7151489,0.7085788,0.7057978,0.70186186,0.7061439,0.69742596,0.6971386,0.6982607,0.7023851,0.7060074,0.7106827,0.708888,0.70950127,0.69768906,0.706697,0.7050964,0.69936013,0.7121174,0.70475143,0.7019559,0.7009418,0.70093083,0.70750004,0.7009102,0.70709085,0.703809,0.70236367,0.7065139,0.7051356,0.708697,0.6962606,0.70131564,0.7086391,0.6985216,0.7030699,0.7024932,0.7077102,0.7010947,0.69332576,0.70782894,0.6987403,0.6984298,0.70649016,0.7092625,0.690242,0.70059186,0.6967348,0.69780815,0.705205,0.7065962,0.6987411,0.7054797,0.70223296,0.70135635,0.70311064,0.69763565,0.6998169,0.69139516,0.6942595,0.7048199,0.7036919,0.705798,0.6987529,0.7066486,0.70203984,0.7097962,0.70786095,0.7105124,0.7009657,0.70694804,0.68894196,0.7043457,0.7094825,0.7021651,0.70383173,0.7029789,0.6990039,0.71541584,0.702391,0.697357,0.70139295,0.6966078,0.70820314,0.70617604,0.7051556,0.7017962,0.7013127,0.7034885,0.7156331,0.70864016,0.70439994,0.70688164,0.706565,0.70735246,0.7012238,0.69304115,0.70360184,0.7058261,0.7008229,0.70518255,0.70459706,0.7062432,0.7021724,0.7028664,0.7081943,0.7103461,0.7067687,0.6941278,0.6955474,0.7031078,0.70861423,0.6934333,0.7026524,0.7008609,0.6988354,0.69972277,0.6959587,0.700584,0.7088573,0.70602554,0.70313746,0.7083081,0.7046636,0.6977165,0.7085013,0.7044603,0.7056244,0.70222056,0.7015166,0.7121595,0.6965253,0.7071876,0.70856905,0.70585704,0.7054863,0.6972146,0.701638,0.70268625,0.7052977,0.7002998,0.7041875,0.6992558,0.70187724,0.7047222,0.70554394,0.7000491,0.69193274,0.70790666,0.6954843,0.7032388,0.6977629,0.6970771,0.69968307,0.6978375,0.70363295,0.70705783,0.70225763,0.6998794,0.7113847,0.6995906,0.6918909,0.7065243,0.7031123,0.70809007,0.6998982,0.69720894,0.7006913,0.7096178,0.7034196,0.7036336,0.69724935,0.70851386,0.7016541,0.697526,0.6995229,0.7013597,0.69542545,0.6990408,0.7057938,0.6937506,0.7090897,0.7041789,0.6977363,0.7018746,0.70340085,0.70309234,0.6982447,0.7036067,0.6936541,0.7043931,0.7023361,0.7005449,0.7101636,0.70700955,0.6991629,0.70024514,0.6963661,0.70656866,0.7003897,0.7064561,0.70705706,0.6966432,0.69802773,0.7061967,0.7070905,0.7069173,0.6971331,0.69361347,0.6990486,0.70959234,0.6978159,0.700759,0.71359825,0.69884723,0.7007927,0.70130956,0.69658583,0.7028335,0.7103576,0.70208097,0.70334476,0.69167256,0.701657,0.6994321,0.70999,0.6979623,0.7114692,0.7083647,0.6960441,0.700278,0.69825065,0.70368904,0.7045431,0.70317304,0.693252,0.7084673,0.6964508,0.70935535,0.70391005,0.7015521,0.70423,0.6991374,0.69638234,0.7000295,0.6975054,0.700223,0.7033861,0.704375,0.702141,0.70017743,0.70187473,0.700071,0.70549923,0.7037682,0.70663357,0.69880366,0.7009236,0.7036768,0.70901644,0.69794583,0.7095499,0.708139,0.70082,0.6961274,0.69727486,0.70519835,0.7014019,0.7055059,0.7040371,0.69976497,0.7042462,0.69974357,0.6943578,0.70126396,0.70879954,0.69725525,0.69946647,0.6996246,0.7057622,0.70647115,0.6992781,0.7095335,0.6957449,0.6994605,0.71099365,0.7007458,0.7111568,0.69903564,0.69884783,0.6949415,0.70381266,0.70145124,0.7112886,0.7034511,0.70426357,0.7055061,0.69948816,0.7074937,0.70007336,0.70633185,0.69698536,0.7002561,0.6997785,0.708748,0.7011844,0.7006098,0.70673984,0.71278876,0.7035152,0.69988275,0.7154977,0.6984383,0.7015427,0.70960456,0.70460886,0.7140023,0.70156085,0.69386846,0.72125286,0.7020923,0.7115196,0.70516753,0.70472497,0.7025052,0.70521533,0.7008022,0.70451486,0.7059806,0.7014531,0.7065017,0.6951343,0.7130683,0.7003787,0.70264494,0.7076705,0.700728,0.70045626,0.70574135,0.70793605,0.7035392,0.70887244,0.6975015,0.7043894,0.6983298,0.70646244,0.70819724,0.7002365,0.70045453,0.70206463,0.709205,0.7051281,0.7020056,0.6939451,0.69562453,0.7094671,0.7067668,0.7011594,0.70834976,0.7039719,0.7025382,0.69693613,0.7069593,0.69781995,0.7005949,0.6997569,0.7033807,0.7116705,0.6961001,0.6946876,0.7027198,0.7007913,0.7054202,0.7072326,0.70259273,0.70086235,0.7028057,0.697813,0.6991678,0.70774657,0.70615214,0.7012364,0.70673054,0.7049856,0.6920944,0.70448506,0.70487744,0.6989809,0.7017274,0.7087482,0.70222396,0.692935,0.69768023,0.70198977,0.7117043,0.7013441,0.70445406,0.7030195,0.70021313,0.70088845,0.7059087,0.70037836,0.7033658,0.69896054,0.70554477,0.7054046,0.6999116,0.69794047,0.70214653,0.69974154,0.6993459,0.6997671,0.705791,0.6967297,0.7048488,0.70673746,0.70013666,0.7043944,0.71064866,0.70117974,0.7056225,0.70547575,0.70342654,0.7004633,0.70414746,0.6994226,0.7011948,0.703893,0.6994126,0.7006711,0.7057318,0.6962782,0.70347345,0.69391555,0.69880265,0.7085724,0.70770776,0.70150757,0.69436735,0.7023224,0.70675874,0.6986891,0.7008599,0.70598745,0.70353824,0.70678794,0.7043813,0.6994852,0.70140773,0.71361214,0.7037546,0.69810253,0.70572823,0.7052711,0.70098865,0.70678127,0.7082251,0.70238554,0.7084705,0.7012809,0.6959712,0.7061752,0.69948715,0.70334476,0.7045804,0.7074462,0.70023894,0.7068086,0.7022145,0.69511217,0.7056641,0.7021034,0.7019515,0.70058113,0.70225126,0.71246064,0.707255,0.7012837,0.7051039,0.70869446,0.70560974,0.70016336,0.7052975,0.7004965,0.70101553,0.70984095,0.70365226,0.7043984,0.7017706,0.7038629,0.69795686,0.6987111,0.6999883,0.7012491,0.7005071,0.71104234,0.7009426,0.70690006,0.7065291,0.71211916,0.70578945,0.7053231,0.6980018,0.70754963,0.69898593,0.6981768,0.7004151,0.6927223,0.70672417,0.7000823,0.69477046,0.7067429,0.702158,0.70364726,0.7015454,0.6983983,0.70412827,0.69741464,0.708517,0.70627576,0.6970114,0.7081096,0.7030084,0.7032821,0.7022399,0.69704413,0.7004692,0.6995282,0.704008,0.7058259,0.7055739,0.6971188,0.6986455,0.7001416,0.70592153,0.70853806,0.700355,0.7007782,0.70474446,0.7029841,0.7031604,0.6969619,0.7112745,0.7064005,0.6967032,0.69246405,0.70273954,0.7067546,0.7062519,0.7054786,0.70695806,0.70748466,0.7091806,0.70193315,0.70196855,0.6985331,0.69662195,0.71261936,0.7025805,0.70407236,0.6945493,0.70277834,0.7052549,0.70450073,0.70580983,0.70273423,0.7051355,0.7050851,0.7124656,0.7048575,0.70067745,0.7114837,0.70482504,0.7011807,0.70678145,0.70841736,0.70679873,0.70010144,0.7052349,0.6976669,0.7122794,0.70658445,0.7022123,0.70653796,0.7135384,0.69793206,0.7012818,0.70210844,0.7028681,0.6998222,0.7098371,0.702643,0.70644563,0.7058406,0.69917715,0.7070572,0.69994414,0.69749653,0.7064773,0.6956664,0.70720685,0.7020867,0.7086133,0.70042205,0.70063776,0.70317113,0.70433724,0.7038381,0.7018596,0.7053532,0.7088662,0.709215,0.70741,0.70398766,0.7016533,0.7029115,0.7082458,0.70223963,0.70439845,0.70579517,0.6952348,0.6997478,0.7049915,0.69923234,0.70299715,0.7047949,0.70218235,0.7046666,0.6981319,0.70514494,0.6940311,0.70462495,0.6985414,0.7057236,0.7069645,0.7029743,0.70190156,0.69154793,0.70448047,0.70361906,0.70573395,0.69836324,0.70652705,0.70590127,0.6932925,0.7032164,0.70400625,0.7036259,0.7007807,0.7030926,0.6917619,0.71262866,0.70507735,0.7052919,0.703888,0.7061578,0.71281016,0.70114726,0.6995425,0.7094607,0.6988995,0.7059058,0.699109,0.6962938,0.7025225,0.70481503,0.70244896,0.6993216,0.7012812,0.70136344,0.69823664,0.7040015,0.70852244,0.71383923,0.7097623,0.69903684,0.70183563,0.7071617,0.70095783,0.6996562,0.7023409,0.70548844,0.69529694,0.69442564,0.7084342,0.7084845,0.70100313,0.7000803,0.6979228,0.7019285,0.70823425,0.7055044,0.69439226,0.7071666,0.6994612,0.7014288,0.7032296,0.7027132,0.69929916,0.7041027,0.7073033,0.7017053,0.71059746,0.6985506,0.6966184,0.70888096,0.69945973,0.7044306,0.7012416,0.6983377,0.7005027,0.7041423,0.6981552,0.6998429,0.7039744,0.6964495,0.70450395,0.7040447,0.7068259,0.69818854,0.70904005,0.71159446,0.7050749,0.70484,0.7027021,0.7011984,0.70184785,0.7018749,0.701081,0.7016078,0.70428056,0.6997469,0.7005022,0.69639945,0.69928384,0.6996138,0.6966871,0.69963,0.7045137,0.6980775,0.7116565,0.69705176,0.70672643,0.706266,0.6979777,0.6984946,0.70204246,0.6951733,0.7062279,0.69915956,0.7007787,0.70455265,0.7008305,0.69714344,0.7009461,0.70170516,0.706737,0.70380276,0.70310575,0.6949178,0.7080975,0.70466924,0.700066,0.7127162,0.70590824,0.6994183,0.6963866,0.7018476,0.7003579,0.7049782,0.7001655,0.69770163,0.7029639,0.7063636,0.6996802,0.710128,0.7107996,0.6942311,0.7064231,0.70003897,0.70220995,0.70245874,0.6994079,0.70996124,0.69654024,0.70236444,0.703173,0.69856066,0.69976217,0.7050865,0.7016291,0.7011691,0.69906676,0.69833183,0.7057389,0.70132625,0.7055643,0.69824153,0.6973828,0.70498824,0.7021494,0.7030662,0.70583946,0.7004489,0.700616,0.7089787,0.7019926,0.702296,0.6982035,0.71207273,0.70571166,0.6923009,0.70742625,0.6978186,0.7119765,0.7052097,0.6989291,0.70271814,0.7069406,0.69747376,0.7043187,0.7135004,0.70413536,0.70120746,0.70171887,0.70892245,0.7062253
0.70841646,0.70527256,0.7027606,0.6955949,0.7024639,0.7064493,0.703794,0.7112142,0.69584054,0.6990979,0.7000634,0.7016785,0.70188487,0.69861066,0.6907278,0.70013887,0.70023584,0.70499736,0.7093509,0.70264465,0.70609516,0.7017614,0.7018496,0.7028503,0.7091362,0.69542956,0.70751774,0.70006424,0.70728844,0.7064842,0.7023084,0.6947921,0.69305074,0.70811296,0.699379,0.71081537,0.6970033,0.7051312,0.7002128,0.7051093,0.71100575,0.70444906,0.70147765,0.6942662,0.70908713,0.7022271,0.6961536,0.7025487,0.69890094,0.7090532,0.69739383,0.70639986,0.7037235,0.70244384,0.70252097,0.7001471,0.7014896,0.70231384,0.70644104,0.7062348,0.7068297,0.70234245,0.7061219,0.6971969,0.6938366,0.69794947,0.70179594,0.6983206,0.70368624,0.7058419,0.697662,0.7109304,0.70365447,0.7071047,0.7015831,0.7073474,0.7021401,0.69973314,0.69642717,0.7038494,0.6988391,0.6937134,0.70147103,0.7065932,0.6908764,0.707654,0.7038218,0.6991577,0.7115335,0.7077411,0.70115304,0.70073676,0.7062969,0.7090441,0.70449173,0.709101,0.71072793,0.69860387,0.69966143,0.69974935,0.697713,0.7018277,0.7006309,0.7051078,0.7012055,0.7043628,0.6993257,0.7065751,0.7048046,0.7102793,0.7087626,0.7005711,0.7043563,0.69679683,0.70159465,0.70312107,0.6978024,0.701904,0.7003873,0.7020506,0.698111,0.70558506,0.71094733,0.694971,0.69729537,0.7019217,0.7067846,0.70201,0.6972909,0.7015703,0.70533943,0.7000802,0.69836706,0.69688284,0.70027333,0.6980774,0.69844544,0.69843084,0.70190865,0.69763166,0.71054834,0.7114268,0.6981492,0.70737165,0.70211,0.69701874,0.6966986,0.70590657,0.702782,0.7119466,0.7016153,0.69897246,0.70937675,0.700476,0.7024324,0.7071956,0.69570833,0.7055454,0.7017876,0.7007189,0.7024903,0.704788,0.7021137,0.70806783,0.7041869,0.697915,0.7076998,0.7016816,0.699735,0.6976744,0.70436656,0.7034539,0.6979833,0.7015566,0.7052032,0.7079457,0.7037743,0.6986194,0.70918906,0.70063865,0.7060866,0.7018693,0.7044835,0.6957996,0.7022246,0.710241,0.7008469,0.6999072,0.7060959,0.70647585,0.7033997,0.70363396,0.705253,0.69864583,0.70208126,0.7051807,0.7000957,0.70260686,0.70215017,0.71014583,0.710003,0.6917167,0.6972312,0.69371784,0.7017358,0.6970265,0.6974986,0.6954914,0.7055913,0.6910377,0.70098454,0.699347,0.70280397,0.70075434,0.6975294,0.6983381,0.70294964,0.7034353,0.70126307,0.7056762,0.7091534,0.70027035,0.7109171,0.69947946,0.7001236,0.71094364,0.6974287,0.6985553,0.6985488,0.7006551,0.70693034,0.69989514,0.6978871,0.70222884,0.7060079,0.7131154,0.70191157,0.70585895,0.7058192,0.7026115,0.703008,0.7033029,0.6983886,0.7005411,0.7036587,0.70616025,0.70798504,0.7090158,0.7048293,0.6985192,0.7048322,0.7052814,0.70791507,0.69827735,0.691789,0.69794405,0.7018667,0.7039755,0.71140933,0.69539225,0.70305336,0.70038587,0.69780195,0.69448406,0.70194703,0.7045894,0.70040953,0.6986901,0.70016664,0.70241505,0.69798005,0.70289767,0.70344424,0.7031355,0.7087933,0.70457757,0.7051932,0.70602083,0.7017985,0.7030974,0.70307964,0.6973688,0.6971545,0.7045087,0.69296986,0.69147325,0.69766945,0.71019197,0.69857204,0.7056395,0.69802344,0.71068966,0.705599,0.7113791,0.7025521,0.6984821,0.70562786,0.7006793,0.70877945,0.704467,0.70448583,0.7027338,0.69907165,0.7091739,0.6977097,0.7040823,0.70589024,0.7030802,0.69322586,0.70210725,0.71095645,0.69890946,0.6993317,0.7046269,0.6997526,0.6940908,0.7060082,0.6986795,0.70652467,0.70163095,0.6960257,0.70112365,0.70003575,0.6949801,0.705568,0.7053112,0.7031658,0.69620425,0.6972719,0.69120216,0.69906056,0.6938727,0.70282066,0.70684,0.69108975,0.7053041,0.70744425,0.7048354,0.7040803,0.698469,0.69420475,0.70178765,0.6996639,0.7113674,0.7013873,0.7003113,0.69219047,0.7033011,0.7078963,0.70226383,0.70663077,0.6985425,0.69931525,0.699535,0.70063317,0.7004721,0.7003613,0.7079808,0.70177466,0.70399475,0.6984882,0.70425767,0.70325947,0.6979515,0.70472157,0.6986275,0.7099692,0.6968885,0.70482284,0.69827145,0.6951129,0.7009913,0.70117265,0.7027127,0.70774233,0.707517,0.71108294,0.6908243,0.70121014,0.7069872,0.7038539,0.7061373,0.69251275,0.6951363,0.7039223,0.708143,0.7052605,0.7096282,0.71035314,0.706459,0.6996001,0.7080239,0.70594996,0.7053793,0.698558,0.6929162,0.70131147,0.6984053,0.70690215,0.7015671,0.6995362,0.7035537,0.701714,0.69999313,0.704044,0.7081739,0.7074103,0.695199,0.7064256,0.70413524,0.7019732,0.71238524,0.70120025,0.6982699,0.6964887,0.69576186,0.69742113,0.69930416,0.7116296,0.7054846,0.69479716,0.69990826,0.7044543,0.70557886,0.70710814,0.7063033,0.70512223,0.7024246,0.6968016,0.7123199,0.70853347,0.6981424,0.7040335,0.70827127,0.7115538,0.7014091,0.70121753,0.70769554,0.7008815,0.7106934,0.704945,0.7099249,0.70890963,0.6981773,0.6999851,0.7021331,0.69893235,0.69962984,0.7022338,0.69959676,0.70320433,0.70368075,0.69992924,0.69820404,0.70371175,0.70528996,0.7015083,0.7003809,0.70251286,0.7046136,0.71241844,0.6968526,0.70133644,0.704936,0.7040928,0.6984295,0.7057868,0.7040365,0.7012137,0.7025821,0.7033833,0.7050108,0.70562625,0.71124685,0.7043547,0.7031831,0.70229757,0.7025641,0.7080558,0.70317566,0.7077303,0.6955462,0.7036084,0.69881517,0.7000094,0.7063654,0.70400864,0.70013154,0.7003536,0.7076183,0.70297474,0.6977035,0.70485806,0.70100635,0.708799,0.7078174,0.70254546,0.69692653,0.70750517,0.70283,0.69002646,0.69055533,0.7051586,0.7007859,0.708467,0.70710206,0.7023453,0.7070921,0.7032143,0.6974449,0.6995207,0.70009863,0.69748867,0.710243,0.7107699,0.70584136,0.7039166,0.70047396,0.7011557,0.7087388,0.69894284,0.6976944,0.6953904,0.7062502,0.70473254,0.70426875,0.70341927,0.700059,0.71773916,0.7125436,0.6970839,0.7098158,0.7054265,0.7023032,0.7065328,0.70610255,0.6953678,0.6999208,0.7095151,0.70478183,0.69796807,0.7030221,0.69911605,0.70789933,0.7027465,0.70524937,0.69821286,0.7013144,0.69803494,0.70175296,0.6987711,0.69970995,0.7030631,0.70956415,0.69020176,0.707636,0.7038313,0.70063424,0.7004838,0.6972929,0.70071393,0.7032603,0.714072,0.70288956,0.70510644,0.69823045,0.7023458,0.7093658,0.7055406,0.70341027,0.70648044,0.7035517,0.6994465,0.69792706,0.7073523,0.70675015,0.7107403,0.70325434,0.70514256,0.6988601,0.697666,0.7049531,0.6999873,0.7000788,0.701121,0.701071,0.69756836,0.70143294,0.70500195,0.7050251,0.69918334,0.6969493,0.7028908,0.7040101,0.69951504,0.7048274,0.70685333,0.6959275,0.69997543,0.6925084,0.69577163,0.7036756,0.7007014,0.7006374,0.6932773,0.70291394,0.70503014,0.6967224,0.69414437,0.697983,0.70143324,0.6981314,0.69521767,0.69954795,0.71230716,0.6990354,0.7032295,0.6998848,0.70538616,0.7037763,0.70184064,0.6938704,0.7115566,0.70458966,0.71352655,0.70053464,0.69921595,0.70118296,0.7040917,0.6984535,0.6989478,0.7005591,0.70176524,0.70494056,0.70249206,0.69965786,0.7026764,0.69576037,0.71094483,0.70679,0.70771194,0.70124483,0.7002196,0.70170504,0.69921213,0.6978553,0.70448685,0.7014739,0.7033637,0.7041887,0.69625354,0.7007125,0.70444524,0.70885503,0.7030315,0.6995198,0.6997796,0.7043393,0.70006377,0.7086975,0.7017777,0.7053862,0.7002394,0.70408016,0.694652,0.6991289,0.70837414,0.70312715,0.70576054,0.7035941,0.70209306,0.6956452,0.7054429,0.7019775,0.70198566,0.70251846,0.7094863,0.7051483,0.6992357,0.691646,0.6948139,0.7014313,0.6988499,0.7028273,0.70154077,0.6926766,0.7017591,0.7098989,0.70245904,0.703239,0.6976541,0.70575905,0.705543,0.69262105,0.70859486,0.7041289,0.6997345,0.7001762,0.69992566,0.7048684,0.7027041,0.7061614,0.69852996,0.69752246,0.70072883,0.70271766,0.7018997,0.7077506,0.6976429,0.70327365,0.70307785,0.70854324,0.70034266,0.7050838,0.70276034,0.712111,0.70498043,0.7001502,0.698349,0.7085292,0.7004348,0.6971869,0.701997,0.6975049,0.7096893,0.7073149,0.70309854,0.6961201,0.699845,0.705038,0.7052276,0.6988501,0.70465976,0.7027898,0.70811373,0.6961221,0.7052841,0.70694387,0.69908756,0.7050734,0.7056361,0.70070064,0.6946124,0.7016368,0.7015185,0.7004977,0.69372165,0.70360637,0.69520044,0.71232873,0.70826924,0.7053452,0.6991916,0.69415146,0.7052583,0.69736767,0.70725536,0.70428216,0.70046073,0.70684516,0.7035874,0.70821226,0.69963455,0.69974494,0.70291096,0.6954485,0.6994473,0.6969952,0.7006729,0.69794923,0.6961385,0.7044467,0.7017178,0.7018751,0.70002484,0.7099942,0.6960394,0.70224404,0.6978362,0.697963,0.70534235,0.70269215,0.70477873,0.7055584,0.69508225,0.69419193,0.7074692,0.70683956,0.7051229,0.6983841,0.70992166,0.70194906,0.70299643,0.69114155,0.7025993,0.69928896,0.6980433,0.7075357,0.7037749,0.7034756,0.7096581,0.6973872,0.69695985,0.70551497,0.7006326,0.7054615,0.70494914,0.70536506,0.7057562,0.7018288,0.7078681,0.7017837,0.70651233,0.7004127,0.7045051,0.69794565,0.7015664,0.6968146,0.70197946,0.6964339,0.6929271,0.7066969,0.6976135,0.6982373,0.6993162,0.70197046,0.70721537,0.70246965,0.7001619,0.69662,0.70403826,0.6984056,0.70259535,0.69525343,0.69900435,0.6979945,0.69661427,0.704561,0.7004071,0.71717465,0.6949029,0.69785064,0.7045329,0.6978812,0.69729465,0.7026741,0.7064198,0.6989444,0.7040801,0.699922,0.70716923,0.70248157,0.701233,0.70562136,0.70361865,0.7030172,0.69407624,0.7044233,0.7030178,0.7106361,0.70327556,0.6978839,0.70294946,0.7008621,0.7065889,0.6969515,0.70922273,0.7048667,0.6994812,0.69853073,0.7001496,0.70652574,0.7005504,0.7033816,0.7104311,0.6978068,0.7024525,0.69510704,0.6968729,0.6978874,0.7075029,0.7081467,0.7098911,0.70506954,0.7000669,0.70466626,0.6987096,0.69719493,0.7026544,0.7081444,0.70113444,0.70281833,0.6994148,0.7040072,0.70430076,0.710361,0.7045494,0.7015744,0.6983076,0.7001645,0.69522935,0.7009045,0.69968206,0.69100106,0.7086255,0.69762623,0.70077795,0.7038063,0.6939984,0.70939034,0.7053679,0.7003395,0.7038298,0.6947026,0.70373005,0.7076507,0.69881624,0.70146906,0.6943438,0.70258456,0.7054682,0.7046607,0.698834,0.7018023,0.7000429,0.7002474,0.69891375,0.70414156,0.7017246,0.7027718,0.7069802,0.7007991,0.70334923,0.7085201,0.6997629,0.70481026,0.70327985,0.698487,0.71320474,0.7049077,0.70204586,0.70149875,0.7035622,0.70754063,0.7035946,0.70404834,0.70908064,0.6986882,0.71148336,0.70201766,0.69788086,0.70559454,0.7073728,0.703336,0.7016369,0.6974108,0.69936675,0.7038423,0.7092351,0.70320886,0.70477796,0.6993287,0.69696456,0.7002619,0.7050814,0.7043717,0.69085073,0.70570844,0.69857085,0.7073524,0.7009563,0.69603366,0.7124814,0.7020381,0.69984794,0.7048995,0.6994451,0.7051665,0.7091771,0.70319116,0.70631284,0.6997732,0.70545495,0.7113527,0.6992223,0.700297,0.70565546,0.71229887,0.69989747,0.7018238,0.7008759,0.7012783,0.697108,0.7029178,0.7072607,0.6971719,0.70224434,0.7065201,0.69715166,0.69754905
0.6460858,0.6406333,0.6387133,0.6462589,0.6466915,0.64166373,0.6454194,0.6450057,0.6398447,0.64627796,0.64072853,0.6438885,0.64383,0.6390136,0.63679737,0.64467436,0.64226264,0.64101946,0.6424091,0.6437571,0.63970923,0.6401255,0.6308112,0.6384102,0.6439287,0.6384982,0.6470276,0.6417979,0.6484096,0.64271086,0.6387059,0.6350692,0.6374869,0.63658255,0.6402922,0.64366984,0.6322716,0.6400178,0.6409704,0.63964117,0.6481557,0.6488298,0.6382337,0.63563216,0.6435109,0.6332621,0.63616806,0.63607323,0.64355457,0.6446445,0.63966984,0.646171,0.64238244,0.6338927,0.6397691,0.6399017,0.64076847,0.637224,0.6420271,0.64108723,0.6456073,0.6448771,0.64337265,0.64153194,0.63277304,0.63898057,0.639757,0.6371306,0.6417658,0.6386457,0.6407012,0.64456147,0.6446426,0.64003503,0.64543456,0.6441893,0.6449172,0.64265484,0.63443035,0.64010674,0.64385045,0.634079,0.63303596,0.6419759,0.63051754,0.6444691,0.6353484,0.6405269,0.6435729,0.6433492,0.640968,0.636449,0.64462155,0.652002,0.6395807,0.64689744,0.64262605,0.6387735,0.64043766,0.640236,0.63662565,0.63805443,0.63871527,0.6391457,0.6449208,0.6402501,0.6389069,0.6486196,0.6460927,0.6421111,0.6464887,0.6447911,0.64299065,0.6455854,0.63825536,0.64489764,0.63785136,0.6402248,0.6379579,0.64176875,0.64251876,0.6413759,0.64546907,0.62786794,0.641241,0.6339202,0.6402757,0.64307237,0.6425352,0.6362062,0.6388348,0.63614005,0.63032347,0.64424336,0.6373208,0.64053446,0.64577216,0.6369823,0.64588195,0.64116913,0.6471281,0.6456576,0.636554,0.64515513,0.6376594,0.63110024,0.6386759,0.6419163,0.64729804,0.64846236,0.6402595,0.63963765,0.6475976,0.6415697,0.63860536,0.64400536,0.6326471,0.6466301,0.64151615,0.6414728,0.64693975,0.64671063,0.64520556,0.6408592,0.6424741,0.6472148,0.64750296,0.639818,0.6365495,0.6362791,0.64231837,0.64386296,0.6340662,0.6384275,0.64970213,0.64524645,0.6449236,0.645816,0.6516829,0.64294887,0.6420394,0.6464899,0.63975304,0.64195406,0.6502499,0.6505192,0.64080167,0.6436756,0.64440846,0.6432255,0.64379793,0.6413684,0.64057696,0.6335734,0.64492047,0.6430593,0.643126,0.64424384,0.6446543,0.646837,0.6430853,0.6397205,0.6378292,0.6355727,0.6442488,0.63736385,0.64162517,0.63491046,0.64546365,0.63323784,0.6386277,0.6351907,0.6409111,0.6532872,0.63270533,0.64060336,0.64159435,0.64850354,0.64056593,0.6428921,0.6453852,0.6423174,0.65353394,0.6349482,0.63873816,0.6483953,0.6423955,0.6341795,0.6390304,0.6435129,0.6433268,0.6361426,0.6285951,0.6378177,0.6425539,0.6581304,0.64318883,0.6356908,0.64686584,0.6424992,0.64688957,0.6431864,0.6412728,0.64405507,0.6463262,0.6410106,0.6436117,0.6465663,0.6429251,0.6369027,0.6364599,0.6451105,0.6443926,0.63570416,0.6384588,0.63906366,0.6435914,0.6408576,0.64938956,0.64052504,0.6433399,0.63911706,0.6361873,0.6357678,0.64672273,0.64628345,0.64497477,0.6369301,0.63582706,0.644727,0.6396646,0.6383617,0.64479566,0.6396026,0.646248,0.64095795,0.64714986,0.6438896,0.63706815,0.64225954,0.6451903,0.6410093,0.64254975,0.6472462,0.6407529,0.63747585,0.64216816,0.6445924,0.6408185,0.642404,0.6413845,0.64883906,0.6476844,0.6541186,0.64697987,0.6380155,0.642311,0.6375338,0.6458476,0.6396242,0.64114034,0.63815755,0.6402035,0.6461122,0.6376011,0.64213675,0.64083993,0.64552087,0.6400545,0.6407079,0.6484927,0.6428662,0.6423212,0.6448967,0.6420924,0.6375354,0.64737415,0.64270055,0.6411919,0.6440471,0.64202523,0.6417963,0.6403994,0.6380787,0.64312285,0.64205855,0.6380316,0.64050573,0.6411858,0.63534313,0.64567524,0.63644475,0.6493543,0.64598143,0.6303202,0.638492,0.64379174,0.63954407,0.6368912,0.64289063,0.63532144,0.6375852,0.6416292,0.64380294,0.6432928,0.6411776,0.6391829,0.64339566,0.6408973,0.6416499,0.6377006,0.6433998,0.6373998,0.6400462,0.6450292,0.6432698,0.64018685,0.65239984,0.640843,0.63691574,0.6377573,0.6434676,0.64048815,0.6371737,0.64797556,0.63411546,0.6454836,0.6397328,0.6482734,0.6446052,0.6481288,0.643113,0.64631444,0.64631414,0.64513177,0.6483037,0.64797044,0.63343674,0.6508534,0.6464077,0.6483936,0.6400382,0.6382912,0.6318421,0.64633965,0.64115286,0.64022386,0.6444983,0.64914626,0.63608944,0.6348278,0.6413208,0.64739376,0.64319706,0.6336619,0.6341955,0.63868356,0.6345972,0.6446069,0.64104825,0.6401953,0.63729846,0.6399572,0.6381597,0.6438563,0.64316666,0.6419228,0.63754517,0.6461247,0.6466163,0.64168704,0.6487015,0.6360675,0.6400818,0.6393782,0.6382971,0.6397731,0.6416136,0.64598715,0.6411508,0.6316767,0.6342325,0.6439063,0.6445818,0.6408665,0.6453786,0.6431641,0.6413096,0.6419532,0.64340115,0.6417478,0.6427116,0.65232205,0.64065623,0.6434356,0.64763045,0.6396567,0.64120215,0.64015216,0.64227104,0.6459308,0.6395626,0.65188986,0.6431122,0.64106935,0.6433495,0.6350692,0.6415813,0.64517635,0.6440251,0.64321136,0.64505506,0.63723624,0.64107907,0.64514744,0.6419656,0.64684814,0.64712137,0.64048815,0.64001864,0.6467317,0.63500404,0.6406549,0.6408879,0.64362913,0.6403276,0.6418961,0.6410881,0.64536536,0.6466253,0.64320594,0.6455187,0.64859724,0.6506886,0.64596146,0.63988215,0.63218975,0.6410009,0.6414944,0.639338,0.64300877,0.63539225,0.6409161,0.6450801,0.6455559,0.63474405,0.6362131,0.6463648,0.6388097,0.6456809,0.64406544,0.6362465,0.644931,0.64248234,0.64900106,0.6451729,0.64694595,0.6406225,0.63943106,0.63847834,0.6351652,0.6285533,0.6385771,0.6411807,0.64163995,0.6485026,0.6436364,0.6415277,0.6458181,0.643722,0.6417215,0.6446929,0.64019465,0.6456798,0.6442487,0.64312583,0.6433011,0.6379424,0.64511263,0.6439184,0.6382824,0.6372904,0.6378405,0.65064335,0.64733636,0.6490218,0.6370487,0.63691276,0.65022415,0.6499916,0.6358378,0.6534013,0.6295505,0.64528906,0.64705914,0.6440704,0.6377338,0.63321364,0.6384283,0.64520854,0.63872594,0.6382935,0.63870776,0.6421023,0.6378555,0.65138924,0.6417114,0.64103943,0.6371708,0.6390074,0.63365287,0.64564705,0.650518,0.6467176,0.63049895,0.64347786,0.6400496,0.64303505,0.63405174,0.64083225,0.6458366,0.64550275,0.6490371,0.6445549,0.6464665,0.6346592,0.64127535,0.63981175,0.6444057,0.63643146,0.6449225,0.6411898,0.63840234,0.63621247,0.6426863,0.64133364,0.6464282,0.64229816,0.64291304,0.64168334,0.6440129,0.6409689,0.64447445,0.6452634,0.6410286,0.64195096,0.6323948,0.6370159,0.6447774,0.6448856,0.6457384,0.6337255,0.6447798,0.6404581,0.6411898,0.6456053,0.6396676,0.64155287,0.6394183,0.6443748,0.64064544,0.64902294,0.64094764,0.6387975,0.6313551,0.647296,0.6405656,0.6330945,0.6334238,0.6340936,0.6383939,0.6405466,0.63208866,0.6384665,0.6473194,0.6360431,0.6430253,0.63425845,0.64485013,0.64846313,0.6415488,0.639027,0.65033174,0.6393748,0.6511295,0.64667356,0.63968253,0.6433265,0.64288986,0.6518039,0.64977103,0.63882554,0.64098406,0.64254326,0.6416727,0.63422656,0.64256406,0.63634527,0.6442991,0.6464667,0.6446195,0.63771296,0.63887995,0.64239955,0.64165014,0.64064956,0.6281896,0.63866514,0.6448123,0.6423578,0.64125544,0.63739264,0.6450488,0.6516363,0.63936436,0.64505,0.6347569,0.64489114,0.6374441,0.64678705,0.6421705,0.6355113,0.6460926,0.64098537,0.6367182,0.6403874,0.63644046,0.63684505,0.639478,0.6412817,0.6377425,0.64174753,0.64534736,0.6451764,0.64114577,0.6366261,0.6460823,0.64155275,0.6374054,0.63808453,0.6334667,0.6355696,0.6408569,0.6337089,0.63724685,0.63819635,0.63399047,0.6378846,0.63960713,0.6393355,0.6411327,0.64284426,0.6437988,0.63927037,0.6471776,0.6444881,0.6393236,0.6412543,0.6421088,0.6464911,0.6427258,0.65100455,0.64131916,0.6386771,0.6402504,0.6436384,0.6449986,0.6375955,0.6370739,0.64151263,0.6417012,0.6454157,0.63593274,0.64472157,0.64047515,0.651125,0.64733446,0.6407958,0.64456695,0.6497471,0.6413394,0.6394324,0.6441958,0.6389882,0.6425,0.64738846,0.64698386,0.6361489,0.6350008,0.6468212,0.6472996,0.6418457,0.6433036,0.6413569,0.646076,0.64329314,0.64499944,0.64312106,0.6449885,0.6419616,0.64454913,0.6312584,0.6388742,0.6297349,0.6426563,0.6371423,0.63220394,0.64108187,0.63578933,0.6494842,0.6510388,0.6407641,0.639279,0.6339299,0.64956576,0.638836,0.6431374,0.6459147,0.6449529,0.6419929,0.63840604,0.640446,0.6478809,0.6435722,0.63507813,0.6386604,0.63690275,0.63746154,0.63645667,0.637566,0.6419199,0.63942665,0.6390648,0.6426385,0.6414918,0.64561033,0.63670635,0.6417576,0.6365251,0.645336,0.64190125,0.6355127,0.6430236,0.63938737,0.6368923,0.63448286,0.6491383,0.6474499,0.6394416,0.6403328,0.6411065,0.6445028,0.6407915,0.63424504,0.64597994,0.64184076,0.63718045,0.6400686,0.6366124,0.63746434,0.6398044,0.63039213,0.6355047,0.643894,0.6429049,0.6368696,0.64697224,0.64122903,0.6452207,0.64688826,0.6475698,0.64509815,0.6463128,0.64316237,0.645547,0.63538563,0.64542204,0.63820636,0.63857764,0.64305425,0.63484937,0.6440831,0.6456485,0.63651454,0.63949955,0.6359856,0.65040076,0.63653594,0.64108473,0.6402084,0.64174855,0.63211733,0.64087224,0.63591796,0.6358488,0.63827115,0.63648707,0.64399755,0.64520234,0.6471428,0.6344041,0.6380494,0.64612526,0.6368884,0.6356888,0.64120835,0.6451151,0.64654535,0.6453588,0.6493322,0.64683074,0.6440801,0.64798456,0.6461509,0.64208573,0.6432364,0.64700156,0.6452716,0.6476922,0.6504993,0.6446236,0.6402885,0.64323974,0.6435177,0.6447761,0.64336616,0.6429965,0.638513,0.63770205,0.6399056,0.6342285,0.6399056,0.63736516,0.64074534,0.65200394,0.6375457,0.64918387,0.6366068,0.6467626,0.6397092,0.64124244,0.64384925,0.64238036,0.6471202,0.6409418,0.6417059,0.64385235,0.64027405,0.64417374,0.6497296,0.6495291,0.6428811,0.6391503,0.641948,0.6399761,0.6419579,0.64719087,0.6440531,0.6422507,0.6388906,0.63594216,0.63291216,0.64409983,0.6304582,0.6462381,0.63360566,0.6330391,0.652641,0.638076,0.64653724,0.6418799,0.64059454,0.6436613,0.6358176,0.6407381,0.6440311,0.6380297,0.64074486,0.6304565,0.636167,0.6405438,0.6450939,0.63804674,0.6447032,0.6429274,0.6395955,0.643693,0.64353305,0.6420061,0.6442589,0.647094,0.6469317,0.64483994,0.6428191,0.6439382,0.63918716,0.64032924,0.6419486,0.64405066,0.6489791,0.6416227,0.6375623,0.64694554,0.6434058,0.6366421,0.63795745,0.65105546,0.6391506,0.6400208,0.64571893,0.63619155,0.63816905,0.6495741,0.64278024,0.64748126,0.63884073,0.64483345,0.6448233,0.6423194,0.64150584,0.64132607,0.64137375,0.6392896,0.6370353,0.64595336,0.64221084,0.6358065,0.64461416,0.6444048,0.63914376,0.6406156,0.6340873,0.6466217,0.6500059,0.6445747,0.64315456,0.6440013,0.6449153,0.64728993,0.6398081,0.64134693,0.63694066,0.64574176,0.6465859,0.63550663,0.6397658,0.6359395,0.65033853,0.64253366,0.6394674,0.63745797,0.64132667,0.64171356,0.63549817,0.63711834,0.6315976,0.6408128,0.6428227,0.6371985,0.6378283
0.0,0.0,0.0,0.0,0.0,0.0,0.0,0.0,0.0,0.0,0.0,0.0,0.0,0.0,0.0,0.0,0.0,0.0,0.0,0.0,0.0,0.0,0.0,0.0,0.0,0.0,0.0,0.0,0.0,0.0,0.0,0.0,0.0,0.0,0.0,0.0,0.0,0.0,0.0,0.0,0.0,0.0,0.0,0.0,0.0,0.0,0.0,0.0,0.0,0.0,0.0,0.0,0.0,0.0,0.0,0.0,0.0,0.0,0.0,0.0,0.0,0.0,0.0,0.0,0.0,0.0,0.0,0.0,0.0,0.0,0.0,0.0,0.0,0.0,0.0,0.0,0.0,0.0,0.0,0.0,0.0,0.0,0.0,0.0,0.0,0.0,0.0,0.0,0.0,0.0,0.0,0.0,0.0,0.0,0.0,0.0,0.0,0.0,0.0,0.0,0.0,0.0,0.0,0.0,0.0,0.0,0.0,0.0,0.0,0.0,0.0,0.0,0.0,0.0,0.0,0.0,0.0,0.0,0.0,0.0,0.0,0.0,0.0,0.0,0.0,0.0,0.0,0.0,0.0,0.0,0.0,0.0,0.0,0.0,0.0,0.0,0.0,0.0,0.0,0.0,0.0,0.0,0.0,0.0,0.0,0.0,0.0,0.0,0.0,0.0,0.0,0.0,0.0,0.0,0.0,0.0,0.0,0.0,0.0,0.0,0.0,0.0,0.0,0.0,0.0,0.0,0.0,0.0,0.0,0.0,0.0,0.0,0.0,0.0,0.0,0.0,0.0,0.0,0.0,0.0,0.0,0.0,0.0,0.0,0.0,0.0,0.0,0.0,0.0,0.0,0.0,0.0,0.0,0.0,0.0,0.0,0.0,0.0,0.0,0.0,0.0,0.0,0.0,0.0,0.0,0.0,0.0,0.0,0.0,0.0,0.0,0.0,0.0,0.0,0.0,0.0,0.0,0.0,0.0,0.0,0.0,0.0,0.0,0.0,0.0,0.0,0.0,0.0,0.0,0.0,0.0,0.0,0.0,0.0,0.0,0.0,0.0,0.0,0.0,0.0,0.0,0.0,0.0,0.0,0.0,0.0,0.0,0.0,0.0,0.0,0.0,0.0,0.0,0.0,0.0,0.0,0.0,0.0,0.0,0.0,0.0,0.0,0.0,0.0,0.0,0.0,0.0,0.0,0.0,0.0,0.0,0.0,0.0,0.0,0.0,0.0,0.0,0.0,0.0,0.0,0.0,0.0,0.0,0.0,0.0,0.0,0.0,0.0,0.0,0.0,0.0,0.0,0.0,0.0,0.0,0.0,0.0,0.0,0.0,0.0,0.0,0.0,0.0,0.0,0.0,0.0,0.0,0.0,0.0,0.0,0.0,0.0,0.0,0.0,0.0,0.0,0.0,0.0,0.0,0.0,0.0,0.0,0.0,0.0,0.0,0.0,0.0,0.0,0.0,0.0,0.0,0.0,0.0,0.0,0.0,0.0,0.0,0.0,0.0,0.0,0.0,0.0,0.0,0.0,0.0,0.0,0.0,0.0,0.0,0.0,0.0,0.0,0.0,0.0,0.0,0.0,0.0,0.0,0.0,0.0,0.0,0.0,0.0,0.0,0.0,0.0,0.0,0.0,0.0,0.0,0.0,0.0,0.0,0.0,0.0,0.0,0.0,0.0,0.0,0.0,0.0,0.0,0.0,0.0,0.0,0.0,0.0,0.0,0.0,0.0,0.0,0.0,0.0,0.0,0.0,0.0,0.0,0.0,0.0,0.0,0.0,0.0,0.0,0.0,0.0,0.0,0.0,0.0,0.0,0.0,0.0,0.0,0.0,0.0,0.0,0.0,0.0,0.0,0.0,0.0,0.0,0.0,0.0,0.0,0.0,0.0,0.0,0.0,0.0,0.0,0.0,0.0,0.0,0.0,0.0,0.0,0.0,0.0,0.0,0.0,0.0,0.0,0.0,0.0,0.0,0.0,0.0,0.0,0.0,0.0,0.0,0.0,0.0,0.0,0.0,0.0,0.0,0.0,0.0,0.0,0.0,0.0,0.0,0.0,0.0,0.0,0.0,0.0,0.0,0.0,0.0,0.0,0.0,0.0,0.0,0.0,0.0,0.0,0.0,0.0,0.0,0.0,0.0,0.0,0.0,0.0,0.0,0.0,0.0,0.0,0.0,0.0,0.0,0.0,0.0,0.0,0.0,0.0,0.0,0.0,0.0,0.0,0.0,0.0,0.0,0.0,0.0,0.0,0.0,0.0,0.0,0.0,0.0,0.0,0.0,0.0,0.0,0.0,0.0,0.0,0.0,0.0,0.0,0.0,0.0,0.0,0.0,0.0,0.0,0.0,0.0,0.0,0.0,0.0,0.0,0.0,0.0,0.0,0.0,0.0,0.0,0.0,0.0,0.0,0.0,0.0,0.0,0.0,0.0,0.0,0.0,0.0,0.0,0.0,0.0,0.0,0.0,0.0,0.0,0.0,0.0,0.0,0.0,0.0,0.0,0.0,0.0,0.0,0.0,0.0,0.0,0.0,0.0,0.0,0.0,0.0,0.0,0.0,0.0,0.0,0.0,0.0,0.0,0.0,0.0,0.0,0.0,0.0,0.0,0.0,0.0,0.0,0.0,0.0,0.0,0.0,0.0,0.0,0.0,0.0,0.0,0.0,0.0,0.0,0.0,0.0,0.0,0.0,0.0,0.0,0.0,0.0,0.0,0.0,0.0,0.0,0.0,0.0,0.0,0.0,0.0,0.0,0.0,0.0,0.0,0.0,0.0,0.0,0.0,0.0,0.0,0.0,0.0,0.0,0.0,0.0,0.0,0.0,0.0,0.0,0.0,0.0,0.0,0.0,0.0,0.0,0.0,0.0,0.0,0.0,0.0,0.0,0.0,0.0,0.0,0.0,0.0,0.0,0.0,0.0,0.0,0.0,0.0,0.0,0.0,0.0,0.0,0.0,0.0,0.0,0.0,0.0,0.0,0.0,0.0,0.0,0.0,0.0,0.0,0.0,0.0,0.0,0.0,0.0,0.0,0.0,0.0,0.0,0.0,0.0,0.0,0.0,0.0,0.0,0.0,0.0,0.0,0.0,0.0,0.0,0.0,0.0,0.0,0.0,0.0,0.0,0.0,0.0,0.0,0.0,0.0,0.0,0.0,0.0,0.0,0.0,0.0,0.0,0.0,0.0,0.0,0.0,0.0,0.0,0.0,0.0,0.0,0.0,0.0,0.0,0.0,0.0,0.0,0.0,0.0,0.0,0.0,0.0,0.0,0.0,0.0,0.0,0.0,0.0,0.0,0.0,0.0,0.0,0.0,0.0,0.0,0.0,0.0,0.0,0.0,0.0,0.0,0.0,0.0,0.0,0.0,0.0,0.0,0.0,0.0,0.0,0.0,0.0,0.0,0.0,0.0,0.0,0.0,0.0,0.0,0.0,0.0,0.0,0.0,0.0,0.0,0.0,0.0,0.0,0.0,0.0,0.0,0.0,0.0,0.0,0.0,0.0,0.0,0.0,0.0,0.0,0.0,0.0,0.0,0.0,0.0,0.0,0.0,0.0,0.0,0.0,0.0,0.0,0.0,0.0,0.0,0.0,0.0,0.0,0.0,0.0,0.0,0.0,0.0,0.0,0.0,0.0,0.0,0.0,0.0,0.0,0.0,0.0,0.0,0.0,0.0,0.0,0.0,0.0,0.0,0.0,0.0,0.0,0.0,0.0,0.0,0.0,0.0,0.0,0.0,0.0,0.0,0.0,0.0,0.0,0.0,0.0,0.0,0.0,0.0,0.0,0.0,0.0,0.0,0.0,0.0,0.0,0.0,0.0,0.0,0.0,0.0,0.0,0.0,0.0,0.0,0.0,0.0,0.0,0.0,0.0,0.0,0.0,0.0,0.0,0.0,0.0,0.0,0.0,0.0,0.0,0.0,0.0,0.0,0.0,0.0,0.0,0.0,0.0,0.0,0.0,0.0,0.0,0.0,0.0,0.0,0.0,0.0,0.0,0.0,0.0,0.0,0.0,0.0,0.0,0.0,0.0,0.0,0.0,0.0,0.0,0.0,0.0,0.0,0.0,0.0,0.0,0.0,0.0,0.0,0.0,0.0,0.0,0.0,0.0,0.0,0.0,0.0,0.0,0.0,0.0,0.0,0.0,0.0,0.0,0.0,0.0,0.0,0.0,0.0,0.0,0.0,0.0,0.0,0.0,0.0,0.0,0.0,0.0,0.0,0.0,0.0,0.0,0.0,0.0,0.0,0.0,0.0,0.0,0.0,0.0,0.0,0.0,0.0,0.0,0.0,0.0,0.0,0.0,0.0,0.0,0.0,0.0,0.0,0.0,0.0,0.0,0.0,0.0,0.0,0.0,0.0,0.0,0.0,0.0,0.0,0.0,0.0,0.0,0.0,0.0,0.0,0.0,0.0,0.0
1.0607958,1.0571011,1.0521933,1.0561073,1.0552334,1.0624394,1.0558698,1.055639,1.0495707,1.0524825,1.0544975,1.058759,1.0483563,1.0519786,1.0491805,1.0576206,1.0560292,1.0560192,1.0610744,1.0600841,1.0537438,1.0559118,1.0489014,1.0552766,1.0588828,1.0565256,1.0582966,1.0552464,1.0606925,1.0552161,1.0517473,1.0521704,1.050067,1.0543638,1.0493748,1.059555,1.0520943,1.0563818,1.052921,1.0532978,1.0541763,1.0586278,1.0573846,1.0495968,1.0593363,1.0503681,1.051594,1.0557014,1.0503238,1.0564417,1.0574907,1.0551515,1.057228,1.0480543,1.0530913,1.0580542,1.048385,1.0555154,1.0564309,1.0553166,1.0556273,1.0584539,1.0626322,1.056616,1.0474184,1.0486333,1.054285,1.0566877,1.0576875,1.0545298,1.0529839,1.0561429,1.0556458,1.0554038,1.0620029,1.0563679,1.0548,1.0567024,1.053451,1.0491068,1.0572776,1.0437111,1.0448291,1.0556363,1.0474595,1.0555799,1.0555682,1.0519916,1.0624789,1.0544381,1.0573139,1.0537868,1.0581282,1.061144,1.0540135,1.0561795,1.0561521,1.0519203,1.0518994,1.0585052,1.0537889,1.0466509,1.0624268,1.0594877,1.0572718,1.0596482,1.0517617,1.057016,1.0593597,1.0595684,1.0632381,1.0562623,1.0499806,1.0588455,1.0591513,1.0609872,1.0516273,1.0524327,1.0496664,1.0544279,1.0560291,1.0563154,1.0545219,1.0443319,1.0538852,1.0555067,1.050697,1.0600741,1.0475961,1.0542642,1.0568539,1.0503976,1.0515637,1.0513417,1.0549843,1.0516992,1.0544233,1.0525905,1.0605661,1.0524672,1.0618973,1.056158,1.052007,1.0544461,1.0542165,1.0473162,1.0521231,1.0550648,1.05436,1.0554327,1.0571067,1.0554427,1.0578287,1.0600244,1.0516641,1.054109,1.0499626,1.0544937,1.0516293,1.0503002,1.0542458,1.0562764,1.054346,1.0533557,1.0587553,1.0545418,1.0554348,1.0559249,1.0537472,1.0476785,1.0595387,1.0516814,1.0527623,1.0578674,1.0637176,1.0586445,1.0552915,1.0506526,1.0593475,1.0537744,1.0610174,1.0565292,1.053214,1.0533857,1.0594393,1.0597292,1.0566409,1.052217,1.0521505,1.0587506,1.0581084,1.052936,1.0544468,1.0564728,1.0574331,1.0528201,1.0522263,1.0597761,1.0537374,1.0594132,1.0633602,1.050469,1.0524254,1.0519382,1.0533538,1.0560845,1.0572844,1.0472754,1.0550761,1.0506028,1.05229,1.0523865,1.056397,1.0579029,1.0532471,1.0510731,1.0604813,1.0597441,1.0547681,1.0503944,1.0575557,1.0539551,1.0550381,1.0508195,1.0538789,1.0640111,1.0554928,1.0470047,1.0525485,1.0611739,1.0563849,1.0471548,1.0484202,1.0543858,1.0554436,1.0593997,1.0541066,1.0588219,1.0535791,1.0543149,1.0602063,1.060588,1.0484265,1.0586859,1.0611558,1.0555226,1.0624237,1.0607105,1.0519351,1.0491225,1.0521008,1.0586982,1.063289,1.0521021,1.0567443,1.0541401,1.0565599,1.0483489,1.0529649,1.0540086,1.0610715,1.0476049,1.0509689,1.0502851,1.0568438,1.0545377,1.057592,1.0509316,1.0583427,1.0544974,1.051455,1.0548276,1.0518125,1.0561323,1.0587873,1.0532736,1.0574917,1.0515625,1.0497925,1.0576228,1.0583348,1.0463544,1.0534867,1.0568895,1.0486863,1.0451757,1.0530205,1.0592037,1.050096,1.0558251,1.0526843,1.0571871,1.0555665,1.0631878,1.0576866,1.0549363,1.0520514,1.0510136,1.0561981,1.0544728,1.0547678,1.0568016,1.052557,1.0617195,1.0532299,1.0543706,1.0599144,1.0605154,1.0460112,1.0538491,1.0574119,1.0527074,1.0554035,1.0560707,1.0549688,1.0529561,1.0555604,1.0561484,1.0578173,1.062871,1.0550146,1.055791,1.0557834,1.0542175,1.0507991,1.0531561,1.0501698,1.0507067,1.0579609,1.053595,1.0541258,1.053243,1.0564106,1.0558946,1.0458146,1.0474291,1.0551065,1.0564401,1.0529014,1.0553226,1.0483071,1.0525876,1.0535729,1.0555434,1.0570464,1.052878,1.0521641,1.0521394,1.0600512,1.0586525,1.05014,1.0572646,1.0574361,1.0574365,1.0586581,1.0593799,1.0519993,1.0561802,1.0493402,1.04682,1.0514402,1.055238,1.0508368,1.0522994,1.0623698,1.0508873,1.0579429,1.0564063,1.0628561,1.0554466,1.05966,1.0562882,1.0596728,1.0558513,1.0582216,1.0557204,1.0602467,1.0488869,1.0584706,1.0553296,1.0531088,1.0500357,1.0513296,1.0516021,1.0598508,1.0586468,1.0558593,1.0580769,1.055264,1.0511587,1.0469187,1.0567544,1.0551071,1.053267,1.0507377,1.0462109,1.0579202,1.0484337,1.0611659,1.0538665,1.0526613,1.0603983,1.0511068,1.0514365,1.0544033,1.0604308,1.0587008,1.052981,1.054464,1.0609363,1.0545458,1.0642719,1.0541056,1.0524898,1.0545363,1.0511318,1.0579559,1.0516123,1.0543544,1.0528754,1.0443542,1.04955,1.0560977,1.0579146,1.0540848,1.0557586,1.0564398,1.0541238,1.0538917,1.0524348,1.05348,1.0541959,1.0509114,1.0553712,1.0552896,1.0597417,1.0531962,1.0576546,1.055463,1.0559163,1.0557532,1.052168,1.0626191,1.0544558,1.0535548,1.0557265,1.0523866,1.0514418,1.0647131,1.0622419,1.0552896,1.0544205,1.0542039,1.0572885,1.0544419,1.064429,1.049145,1.0534807,1.0569271,1.0572532,1.0657207,1.0495616,1.0542035,1.0597146,1.0540661,1.0545332,1.0569488,1.0528116,1.0537609,1.0625288,1.0569488,1.053516,1.058824,1.0625806,1.0568339,1.0544515,1.0557748,1.0580583,1.0588531,1.0536071,1.0604788,1.0484241,1.0578898,1.0516104,1.0540206,1.0544224,1.0501364,1.054449,1.0552851,1.0556135,1.0585579,1.0484115,1.0602509,1.0549152,1.0548172,1.0611409,1.0556877,1.0605198,1.0541979,1.0575023,1.0511124,1.0462689,1.0503646,1.0533199,1.0516526,1.059197,1.0542029,1.056621,1.0580465,1.055927,1.0575426,1.0561444,1.0489141,1.0620332,1.0573937,1.0505553,1.0535599,1.052951,1.0600419,1.0585207,1.0565376,1.0487176,1.0520532,1.0571479,1.0568227,1.0620635,1.0573949,1.0516723,1.0649263,1.060618,1.0528667,1.0653713,1.0469271,1.0531937,1.0575931,1.0600215,1.0475111,1.0566905,1.053722,1.0576639,1.0515307,1.0536491,1.0488278,1.058028,1.0524219,1.0621241,1.0521493,1.051708,1.049559,1.0620108,1.0527887,1.0564879,1.0597675,1.0610148,1.0485631,1.0620607,1.0506417,1.0548545,1.0556202,1.0604913,1.0585605,1.057689,1.057739,1.0563717,1.0585216,1.0474709,1.0500528,1.0604937,1.052094,1.05226,1.0535975,1.049061,1.048277,1.0523576,1.0595273,1.0594459,1.0551828,1.050831,1.0571086,1.0531954,1.0559359,1.0519822,1.0530953,1.0584266,1.0506957,1.0570844,1.0484561,1.0561805,1.058383,1.0581024,1.0535487,1.0567921,1.0551553,1.0558618,1.0606631,1.0526197,1.0592619,1.0531957,1.0515386,1.0556686,1.0539067,1.0637435,1.0521564,1.058777,1.0544289,1.0495582,1.0545099,1.0445759,1.0511402,1.050337,1.0540885,1.0493101,1.0492959,1.0509298,1.0598284,1.0540626,1.0560721,1.053395,1.0512995,1.0597618,1.0548002,1.0510006,1.0568017,1.0572822,1.0572863,1.0599194,1.0510434,1.0556521,1.0582988,1.0583694,1.0541637,1.0547807,1.0544981,1.0486491,1.0540881,1.0501697,1.0546415,1.0520507,1.0586357,1.0593344,1.0569749,1.0562506,1.053398,1.0535804,1.058339,1.0586681,1.0469534,1.0497248,1.063386,1.0567524,1.0524749,1.051848,1.0537914,1.0556318,1.0509856,1.0546805,1.0523555,1.0548699,1.0509553,1.0652064,1.0527269,1.055717,1.0559043,1.0491881,1.0578614,1.0560374,1.0556058,1.0563209,1.0565856,1.0523963,1.057642,1.0526923,1.0523809,1.0583827,1.0481659,1.0555214,1.0602365,1.0531235,1.051836,1.0557591,1.0433064,1.0545727,1.0507567,1.052116,1.0489753,1.0511883,1.0533843,1.0533483,1.0518422,1.0529974,1.055458,1.0557951,1.0565708,1.0494293,1.0572582,1.0549978,1.0549695,1.054187,1.0509495,1.0588505,1.0539603,1.0637434,1.0556036,1.0535101,1.0537361,1.0556868,1.0605327,1.0510052,1.0521473,1.0549316,1.0550008,1.0581794,1.0539408,1.0503218,1.0583898,1.0572039,1.0581735,1.0526152,1.0512786,1.0566905,1.0551955,1.0514205,1.0582681,1.0426306,1.0614082,1.0568258,1.0560168,1.059577,1.0505091,1.0584301,1.0556784,1.0527772,1.0575647,1.0527173,1.0561851,1.0530058,1.0592195,1.0539768,1.054163,1.0593112,1.0598209,1.0510815,1.0549151,1.0458806,1.0512106,1.0477643,1.0509688,1.0554823,1.0485194,1.0624894,1.0589578,1.0524424,1.0493772,1.0524691,1.061701,1.048741,1.0617435,1.0612395,1.058069,1.0515733,1.0562531,1.0502267,1.056541,1.057827,1.0501444,1.0560927,1.0518786,1.0600058,1.0527903,1.051142,1.0513551,1.057566,1.0557219,1.052099,1.0583538,1.0548925,1.0441628,1.0518578,1.0526884,1.0528368,1.0538462,1.0536143,1.0554097,1.0589223,1.0587492,1.0570412,1.061104,1.0582806,1.055567,1.0567251,1.0527921,1.0580221,1.0524298,1.0473951,1.0541323,1.0521483,1.0503916,1.0554572,1.0575068,1.0528529,1.0542932,1.053621,1.0528996,1.0564861,1.0577372,1.0517204,1.054232,1.0513741,1.0581895,1.0568273,1.0598491,1.0591524,1.0547366,1.0603844,1.0608305,1.0525694,1.0539424,1.0524042,1.054802,1.0527661,1.0508268,1.0590962,1.0581543,1.0521089,1.0492485,1.0492786,1.0578389,1.050053,1.0600414,1.0509627,1.0531062,1.0501233,1.0536722,1.0527472,1.0562623,1.0509688,1.0461657,1.0602423,1.0499576,1.0624504,1.0510181,1.0458605,1.0594906,1.0486294,1.0518764,1.0530971,1.060204,1.0543406,1.0557039,1.0559754,1.0536926,1.0585562,1.0600398,1.0540603,1.0499872,1.058184,1.0550106,1.0614051,1.0556146,1.0605361,1.058417,1.0586874,1.0598868,1.0578679,1.0576552,1.0570046,1.0601765,1.050914,1.054855,1.0577754,1.0539385,1.0583677,1.0527143,1.0518796,1.0589248,1.0559671,1.0570114,1.0533195,1.0565012,1.0518234,1.0595429,1.057607,1.0596439,1.0535212,1.0564065,1.0591424,1.0506079,1.0544639,1.0579792,1.0575633,1.0577666,1.0564859,1.0558779,1.057474,1.0510433,1.05476,1.058251,1.0587363,1.0543638,1.0533328,1.0517277,1.047034,1.0552377,1.0467864,1.0596981,1.0471586,1.0533427,1.051362,1.052662,1.0608171,1.058342,1.0570719,1.0524557,1.0529093,1.0535638,1.0520582,1.0548785,1.0543019,1.0434159,1.0517019,1.0489843,1.0579904,1.0556715,1.0619183,1.0553402,1.0546649,1.051146,1.0557011,1.0493469,1.0553396,1.0575641,1.0565002,1.0559536,1.0536456,1.0555011,1.055487,1.0525731,1.0527958,1.0611085,1.0573964,1.059913,1.0576812,1.0584246,1.0610335,1.0552038,1.0581669,1.0641708,1.0520912,1.0532974,1.0530353,1.0491713,1.0595543,1.0590795,1.0553426,1.0578973,1.0517153,1.057001,1.0549828,1.0602012,1.0577484,1.0599575,1.0516204,1.052641,1.05891,1.0554457,1.0559953,1.0519123,1.0535635,1.0591869,1.0506455,1.0537359,1.0484164,1.0619814,1.0562474,1.059683,1.0551428,1.0550098,1.0625682,1.0634588,1.0554868,1.0546241,1.0503713,1.0589521,1.0609806,1.0540571,1.0537603,1.0478907,1.063613,1.055449,1.0499358,1.054236,1.0554316,1.0542302,1.0548426,1.0564029,1.0480254,1.051446,1.0601712,1.0556598,1.0551147
1.050482,1.0376235,1.0308368,1.0382345,1.0369396,1.0463419,1.0385623,1.0410551,1.0344018,1.0435046,1.0333304,1.0397017,1.0344903,1.0373328,1.0384932,1.0383112,1.0325371,1.0413916,1.0389967,1.0437748,1.0329584,1.0353369,1.0369381,1.0303122,1.0386292,1.0367147,1.0310721,1.0348026,1.032865,1.035358,1.037261,1.0343868,1.0326192,1.0419778,1.0432904,1.0420766,1.0434102,1.0360668,1.0337996,1.0415249,1.045164,1.031685,1.0367709,1.0244179,1.0356431,1.0369495,1.0367844,1.0332665,1.0286248,1.0361236,1.0356869,1.0363541,1.0363572,1.0301555,1.0402955,1.0430521,1.0361714,1.0400302,1.0378274,1.0396463,1.0342978,1.042734,1.0483915,1.0381697,1.0397007,1.029621,1.0399706,1.0276271,1.0449269,1.04117,1.0319269,1.040221,1.0414592,1.0491382,1.0407388,1.0376284,1.0360054,1.0315688,1.0373538,1.0303704,1.0356134,1.0264637,1.031076,1.044218,1.0314054,1.0427518,1.0311687,1.0375544,1.0446371,1.0317682,1.0422592,1.040271,1.040824,1.0425326,1.0392689,1.0380205,1.0459157,1.040924,1.0386407,1.0335172,1.0302743,1.0324633,1.040221,1.0392628,1.0325855,1.0429256,1.039048,1.0405892,1.0411009,1.0431352,1.0430868,1.0339075,1.0420877,1.0481389,1.0472709,1.037352,1.0316365,1.0377622,1.0311236,1.0394665,1.029856,1.033374,1.0413036,1.0384526,1.0371227,1.0360645,1.0438322,1.0398635,1.0330738,1.0386677,1.030423,1.032348,1.0361784,1.0333338,1.035705,1.0399774,1.034115,1.0328804,1.036964,1.0445731,1.0369843,1.0428503,1.0331604,1.03927,1.038155,1.0338489,1.0419943,1.0421038,1.0348223,1.0433825,1.0451859,1.0428234,1.0416806,1.0343994,1.0391195,1.0323365,1.0404884,1.0330738,1.0367324,1.0314764,1.0367044,1.0407598,1.0347435,1.0362935,1.0391915,1.0367329,1.0416906,1.0336332,1.0358047,1.0381176,1.0398296,1.035516,1.0415936,1.0294508,1.0377167,1.0432773,1.0374037,1.040207,1.0417805,1.0397158,1.0397223,1.035458,1.0398163,1.0331964,1.0362186,1.0427253,1.0395811,1.0378186,1.0379975,1.0401076,1.0335716,1.0364745,1.0320572,1.0377378,1.0346358,1.0343195,1.0410305,1.0359596,1.0388882,1.0384965,1.0399557,1.027662,1.0306915,1.0369437,1.03178,1.0305672,1.0362109,1.0338767,1.0370839,1.031332,1.035124,1.0364709,1.0348469,1.0356306,1.0387022,1.0358727,1.0322291,1.0341959,1.0335436,1.0370011,1.0405537,1.0287921,1.03353,1.0401181,1.0343319,1.0442364,1.0360099,1.0354514,1.0286932,1.0400527,1.0393567,1.0357895,1.0300416,1.046797,1.0404713,1.0389013,1.0388644,1.0339622,1.0375494,1.0379446,1.0336885,1.0468351,1.0391687,1.0372643,1.041509,1.0362549,1.0449669,1.0365908,1.0381771,1.0344248,1.0332259,1.0457888,1.0443684,1.03416,1.0338407,1.0392436,1.0435661,1.0405703,1.0401088,1.0353345,1.0396672,1.0286027,1.0338994,1.0335443,1.0399646,1.0388758,1.0436182,1.0316275,1.0361501,1.0345854,1.0363355,1.0379841,1.0318182,1.0367093,1.0362676,1.0433853,1.0428919,1.0375942,1.0391916,1.0375507,1.0371798,1.0305439,1.0349782,1.04158,1.0309583,1.035237,1.0340799,1.0392416,1.033506,1.0402821,1.0388677,1.0398666,1.0310935,1.0419745,1.0390984,1.0359555,1.0374016,1.0351396,1.0398875,1.038186,1.0419062,1.0404094,1.0360785,1.0387425,1.0303586,1.035249,1.0488379,1.0429842,1.0334715,1.0298344,1.0439467,1.0277926,1.0402868,1.0389676,1.0310928,1.0314835,1.04068,1.0294877,1.0416278,1.0423201,1.0286093,1.0406895,1.0348291,1.0393965,1.034052,1.0417881,1.0354784,1.0310493,1.042598,1.0332642,1.0319043,1.0326355,1.0384469,1.042974,1.0238256,1.0384076,1.036705,1.043998,1.035198,1.0396403,1.0333651,1.0409688,1.0303389,1.0383073,1.0371745,1.0406932,1.0327829,1.0381483,1.0383667,1.0357903,1.0323802,1.0312451,1.0369734,1.03687,1.0414842,1.038131,1.0380939,1.0340303,1.0318769,1.0347584,1.0418802,1.0317736,1.0351107,1.0348507,1.0364891,1.040344,1.0414182,1.0342766,1.0392867,1.037225,1.0339355,1.0384197,1.031508,1.0352395,1.0322552,1.0309988,1.0387504,1.0361816,1.0382018,1.0390635,1.0416654,1.0404432,1.027446,1.033504,1.0427024,1.0349587,1.0400281,1.0444639,1.0365543,1.0442733,1.0321136,1.0383947,1.0374659,1.031502,1.0370898,1.031872,1.0365182,1.0281738,1.039834,1.0348648,1.0375186,1.0376856,1.0414207,1.0363163,1.0352544,1.0423825,1.0444083,1.0327586,1.0360627,1.0396459,1.0363374,1.0413725,1.0338769,1.0356537,1.0348989,1.0331105,1.0361522,1.0367268,1.045091,1.036512,1.0341027,1.0354072,1.0450212,1.0386821,1.0361806,1.0330753,1.030678,1.0352851,1.0342369,1.0362092,1.0350718,1.0354859,1.0367253,1.0387985,1.0396733,1.0396512,1.0405147,1.0397264,1.0408177,1.0414783,1.041759,1.035376,1.0477421,1.0351391,1.0381702,1.0403591,1.0382221,1.0421661,1.0347761,1.0412186,1.0421437,1.0350401,1.0312663,1.0476141,1.0362864,1.0432473,1.0349194,1.0335096,1.0397716,1.0392741,1.0430623,1.0313797,1.0386447,1.042528,1.0338178,1.0336882,1.0389371,1.0446378,1.0352898,1.0357459,1.0426455,1.0393578,1.0400779,1.0391397,1.047081,1.0319207,1.0379399,1.0420868,1.0434082,1.0334346,1.0324768,1.0316439,1.0354983,1.0308169,1.0366625,1.0345019,1.037928,1.028397,1.0354667,1.0427768,1.0423346,1.0273244,1.0357871,1.029805,1.0405437,1.0411907,1.0331675,1.0332478,1.0347688,1.0344028,1.032927,1.0400691,1.0368726,1.0403881,1.0332137,1.0413944,1.0392166,1.0434712,1.0399588,1.039242,1.0334697,1.0356996,1.0415307,1.0399914,1.0393927,1.0362337,1.0294359,1.0360519,1.0385305,1.0418214,1.0349524,1.0222774,1.0332857,1.0442473,1.0397651,1.038846,1.0384306,1.036076,1.0390782,1.0416057,1.0328078,1.0438466,1.0328488,1.0442765,1.0462844,1.0359406,1.0297291,1.0340073,1.0357134,1.0426911,1.0428109,1.043492,1.0348253,1.0402218,1.0354004,1.0435001,1.037836,1.0339415,1.0396625,1.0381787,1.0398366,1.0385895,1.040519,1.0459869,1.027083,1.0386204,1.0411501,1.0331364,1.0355422,1.0396835,1.0288881,1.0347303,1.0425855,1.034713,1.0427504,1.0315896,1.0370057,1.0378193,1.0405076,1.040966,1.0392783,1.0374365,1.0390127,1.0381781,1.034854,1.0400068,1.0387504,1.0291883,1.0393634,1.0284017,1.0317395,1.0361718,1.0435398,1.043685,1.029004,1.041341,1.0299573,1.0373521,1.0364112,1.0410461,1.0401366,1.0308224,1.0359178,1.038021,1.0371052,1.0357791,1.0406318,1.0275486,1.0327085,1.0309719,1.0343506,1.0351306,1.0372797,1.034589,1.0298936,1.0283812,1.0350659,1.0301014,1.0286585,1.0344745,1.0411161,1.0386672,1.0355281,1.0329407,1.0469842,1.0435442,1.0439411,1.0353892,1.032227,1.0430467,1.0348197,1.0330945,1.0445497,1.0365964,1.0359018,1.0422951,1.0422946,1.0406767,1.0350668,1.0367689,1.0436281,1.0332317,1.0367944,1.036938,1.0340693,1.0389813,1.039061,1.0384955,1.044278,1.0373693,1.0387434,1.0317137,1.0357006,1.0407416,1.0363299,1.0335742,1.0307922,1.0372622,1.0414671,1.0339279,1.0322838,1.037305,1.0382459,1.0379361,1.0329661,1.0335199,1.0312971,1.0434198,1.035074,1.0362734,1.0403112,1.0392184,1.0335014,1.037601,1.028779,1.0408872,1.0430524,1.0374597,1.037568,1.043524,1.0355415,1.0340092,1.0423539,1.0303987,1.0379186,1.0378592,1.0474218,1.0347373,1.0319748,1.0390922,1.03023,1.0432862,1.0362239,1.0377644,1.043795,1.0311872,1.0449685,1.0406708,1.0359905,1.040838,1.0426011,1.0454619,1.0364827,1.0322783,1.0405333,1.0393602,1.0394073,1.0385311,1.0372454,1.0376493,1.0390939,1.044152,1.0406017,1.038692,1.0369735,1.0440519,1.0333008,1.0351789,1.0343113,1.033563,1.0419487,1.037813,1.0411184,1.0377593,1.0339788,1.0415623,1.0431925,1.0332572,1.0314195,1.0387894,1.0313678,1.0327728,1.0344361,1.030829,1.0396991,1.0352536,1.0389016,1.0397716,1.034128,1.0411358,1.0363251,1.0365083,1.034677,1.0338037,1.030904,1.0385538,1.0427805,1.0465035,1.0425191,1.0377522,1.0385368,1.0382994,1.0336466,1.0424153,1.036628,1.0332392,1.0380385,1.0438281,1.0299121,1.0445532,1.0319544,1.0425327,1.0293659,1.032333,1.0370514,1.0311087,1.0423036,1.0388451,1.0413506,1.0369486,1.0400976,1.0389185,1.0324663,1.0397947,1.0414257,1.0312175,1.0398525,1.0358562,1.0358455,1.0451386,1.038127,1.0400262,1.0341979,1.0321606,1.0374233,1.0392411,1.0374047,1.0325364,1.034412,1.0395235,1.0401297,1.0396599,1.031613,1.0399597,1.0351431,1.0324855,1.0445082,1.0403801,1.0407679,1.0423774,1.044304,1.0395145,1.0385554,1.031514,1.0418295,1.0378772,1.041631,1.0422775,1.0404427,1.0458179,1.0407972,1.0364065,1.0382887,1.0407724,1.0410943,1.0432416,1.0404766,1.0390286,1.0409384,1.0361894,1.0436429,1.0369058,1.0317681,1.03671,1.0447706,1.0292306,1.0384128,1.04002,1.0378592,1.0356275,1.0336281,1.0406388,1.0393052,1.0341418,1.0342376,1.0308998,1.0396228,1.0315782,1.0358784,1.0499167,1.0385761,1.0352898,1.0458478,1.0376655,1.0340639,1.0408857,1.0308752,1.0397774,1.0357032,1.0408846,1.03296,1.0326061,1.0392487,1.0329665,1.028542,1.0427597,1.0396944,1.0375551,1.0401661,1.037136,1.0349073,1.0303425,1.0414298,1.0297427,1.0359951,1.0396521,1.0333421,1.0364474,1.0383792,1.0463532,1.0393486,1.03688,1.044862,1.0450398,1.040315,1.0392902,1.0353868,1.0348517,1.0363622,1.0284991,1.0360823,1.0455656,1.0405393,1.0418506,1.044442,1.0424206,1.0471929,1.0432332,1.0416126,1.0328875,1.0384059,1.0413175,1.0434394,1.0380977,1.0449752,1.0394143,1.0344099,1.0393517,1.0405697,1.0402641,1.0361757,1.0413079,1.034646,1.0361836,1.0372746,1.0344754,1.0415039,1.045624,1.0396589,1.0403248,1.0401527,1.0362053,1.038618,1.0312693,1.0362904,1.025373,1.0396606,1.0433939,1.0344908,1.0389807,1.0386223,1.0379572,1.0406333,1.0257308,1.0430138,1.0405923,1.0307566,1.0318015,1.0292248,1.0316069,1.0415117,1.0400586,1.0405122,1.0372001,1.0376546,1.0464251,1.0303925,1.0375437,1.0348468,1.0355452,1.0438882,1.0346972,1.0362682,1.0402696,1.0346812,1.030746,1.0403086,1.0320178,1.0464702,1.0391592,1.0360473,1.0382224,1.0395874,1.0459061,1.0367897,1.0304048,1.034225,1.0368483,1.0413733,1.0367419,1.0340077,1.0361501,1.0400735,1.0306582,1.0360332,1.0367303,1.0352323,1.0391328,1.043471,1.0437652,1.0394833,1.0363961,1.0345247,1.0357454,1.0365571,1.0496423,1.0384591,1.0341862,1.0357671,1.0407798,1.0339078,1.0347706,1.0408757,1.0330517,1.0374731,1.037691,1.0376847,1.0415145,1.0386453,1.0398859,1.0373262,1.0323783,1.0395939,1.0357057,1.0414104,1.0374714,1.0413231,1.0464892,1.0341086,1.0344639,1.0336417,1.0395103,1.0339084,1.0329967,1.0375823,1.0327829,1.0328475,1.0394955,1.0335888,1.0367187
1.2757711,1.2707747,1.2761294,1.2682859,1.2687582,1.2742476,1.2832431,1.2707682,1.2744297,1.2700415,1.2703241,1.2717766,1.2677706,1.273468,1.2739631,1.2673235,1.279379,1.2723106,1.2692767,1.2714756,1.2739886,1.2710027,1.2621208,1.2612424,1.2722954,1.2688156,1.2724853,1.2688868,1.2729844,1.2710754,1.265204,1.2705134,1.2695327,1.2747135,1.271389,1.2676922,1.27129,1.27221,1.2784005,1.2682253,1.2735689,1.2721047,1.2709942,1.2685082,1.2728949,1.2689434,1.2689356,1.2801425,1.2693228,1.2675828,1.2694646,1.2766619,1.2750924,1.2711904,1.2787331,1.2701023,1.2748995,1.2705894,1.2735975,1.2728828,1.2743096,1.2760886,1.2737987,1.2715302,1.2648683,1.2776796,1.2722784,1.2703441,1.27304,1.2704922,1.2738612,1.2745317,1.2706506,1.282563,1.2717856,1.2761818,1.2762111,1.2805817,1.2771108,1.2592475,1.273403,1.267974,1.2726293,1.2691904,1.2681015,1.2691351,1.2774253,1.271635,1.2654283,1.2697976,1.270492,1.2661732,1.2684509,1.2728356,1.2632737,1.2704928,1.2672273,1.2744402,1.2698014,1.2737138,1.2733701,1.2730395,1.262276,1.2731975,1.2694969,1.2770023,1.2658576,1.2659736,1.2724375,1.2723647,1.2697648,1.2778653,1.2769195,1.2750984,1.269742,1.2751604,1.2712668,1.2697635,1.2760904,1.2732722,1.2771201,1.2880917,1.2688828,1.2716866,1.2680544,1.2692409,1.2693875,1.2720464,1.2715474,1.2727892,1.2798289,1.2711222,1.2709512,1.2740716,1.273717,1.274933,1.2682381,1.2633808,1.2801454,1.2812972,1.2691158,1.271863,1.2723173,1.2669966,1.2725576,1.2701647,1.2627801,1.2619927,1.277307,1.2683383,1.2716379,1.2717713,1.2803777,1.2735904,1.2660567,1.266525,1.2677999,1.267629,1.2737536,1.2650367,1.2771006,1.2677586,1.2717391,1.2730905,1.2733979,1.2702432,1.275387,1.269851,1.2720774,1.2617693,1.2712681,1.2666565,1.2665747,1.2707835,1.2735145,1.2722178,1.2765672,1.265434,1.271703,1.2724916,1.2710663,1.2752181,1.2719432,1.2689531,1.2733779,1.2690501,1.2703284,1.2688922,1.2724138,1.2718542,1.2715222,1.2727568,1.2763846,1.266465,1.2689918,1.2679521,1.2695254,1.2767351,1.2672522,1.2746874,1.2676336,1.2735546,1.2734945,1.2779782,1.2732378,1.2772576,1.2727021,1.2821069,1.270649,1.2774218,1.2732357,1.2703732,1.2693653,1.2738199,1.2678165,1.2740929,1.2716885,1.2696432,1.2646871,1.2741622,1.2753435,1.27035,1.2712848,1.2667687,1.2681214,1.2715198,1.2706403,1.2712883,1.2749773,1.2717341,1.2723005,1.2799087,1.2650402,1.2673631,1.2778101,1.2696031,1.2749054,1.2691745,1.272716,1.2723161,1.2702779,1.2675469,1.2761911,1.2729012,1.2706745,1.2689693,1.2635878,1.2753989,1.2718368,1.2711072,1.2688547,1.274055,1.2710283,1.2770498,1.2732474,1.2687399,1.2697688,1.2705147,1.2690272,1.2708051,1.2698904,1.2716954,1.2773796,1.2745059,1.2776352,1.2715313,1.2733319,1.26786,1.2742312,1.2734517,1.2728416,1.2695372,1.2752091,1.2717859,1.2681898,1.2728347,1.275328,1.2765064,1.2756804,1.2737906,1.2784474,1.2667961,1.2746446,1.2664144,1.2713237,1.2697253,1.2723417,1.2737862,1.2716948,1.270635,1.2759413,1.2787021,1.2685996,1.2649941,1.2671422,1.2722176,1.271751,1.267071,1.2781677,1.2765279,1.2681859,1.2731725,1.2671268,1.2750213,1.2602181,1.2675341,1.2704494,1.2720486,1.2786013,1.2710927,1.2681261,1.2760581,1.2679093,1.2741764,1.273237,1.2736188,1.2765554,1.2681597,1.264912,1.2738038,1.2674382,1.2763953,1.2688506,1.2714862,1.2679083,1.2750685,1.2693537,1.2707527,1.2769984,1.2650921,1.2735571,1.2679051,1.2691962,1.267954,1.2616545,1.276236,1.2708741,1.2694249,1.2679204,1.2748178,1.2718343,1.2719944,1.2696133,1.2712848,1.2663919,1.2685764,1.2738622,1.2731538,1.2691964,1.2671317,1.2726903,1.2714174,1.2722938,1.2739766,1.2683945,1.2785466,1.2655399,1.2785927,1.2679213,1.2770396,1.2681639,1.2703247,1.272298,1.2724545,1.2690732,1.2635466,1.2695618,1.2734919,1.2659166,1.2713008,1.2757403,1.267942,1.2790831,1.2725071,1.2681289,1.2739252,1.2726959,1.270326,1.278839,1.2712926,1.2739339,1.2741047,1.2750945,1.2680889,1.2686951,1.2708707,1.2688707,1.2714475,1.2703931,1.2691733,1.2722235,1.2758973,1.2723577,1.2692102,1.2803729,1.2676722,1.269929,1.2710849,1.273433,1.2770072,1.266213,1.2702577,1.2721201,1.2708433,1.2768179,1.271469,1.2708431,1.2721446,1.266819,1.2780422,1.2644397,1.2651316,1.2675587,1.2743825,1.2683579,1.2705021,1.2804927,1.2730364,1.2799046,1.2748573,1.2737895,1.2732539,1.262741,1.2745941,1.2632644,1.2612191,1.2645187,1.274625,1.2726094,1.2731165,1.2685862,1.2761508,1.2773995,1.2662996,1.2689644,1.2734044,1.2759296,1.2700711,1.2811613,1.2671951,1.2718731,1.2734289,1.2774413,1.2721248,1.2624513,1.2718155,1.2781119,1.2726209,1.2810335,1.2687467,1.2750126,1.2570693,1.2737025,1.2672361,1.273458,1.2704711,1.2749456,1.2711473,1.2712938,1.2718812,1.2689807,1.2626828,1.2690057,1.2715577,1.2746568,1.2744032,1.2791554,1.2725465,1.2747177,1.2699053,1.2667501,1.2698864,1.2727563,1.2678173,1.2767423,1.2737923,1.2749082,1.2745451,1.2719429,1.2702882,1.2699108,1.2785076,1.2823814,1.2684472,1.2760301,1.2712,1.27738,1.2855926,1.272758,1.2737263,1.2686716,1.2691431,1.2734355,1.273062,1.274897,1.262327,1.2747228,1.2677263,1.2646068,1.2698631,1.2615334,1.2665596,1.2695792,1.2641455,1.2660451,1.27575,1.2634056,1.2715607,1.2703273,1.27747,1.2757422,1.2699101,1.269449,1.2724936,1.2731117,1.2682524,1.273031,1.2707409,1.2715545,1.2648637,1.2724657,1.2723578,1.2660097,1.2847277,1.2757614,1.2694887,1.2694662,1.2670089,1.2674924,1.2700133,1.2655263,1.2720542,1.2702647,1.2698586,1.2714397,1.2704332,1.263619,1.2736981,1.2627523,1.2740915,1.2690178,1.2622321,1.2649163,1.2734473,1.2753568,1.2729007,1.2741866,1.2723205,1.271552,1.264869,1.2693241,1.2740098,1.2731981,1.2729985,1.2669631,1.2706699,1.268103,1.2636144,1.2773703,1.2746941,1.2715209,1.2734239,1.2688923,1.2719448,1.2756306,1.2680894,1.2749916,1.2807081,1.266152,1.2740463,1.2771322,1.2719554,1.2792715,1.2718914,1.2694656,1.266314,1.2789409,1.2673534,1.2677901,1.2774308,1.2767013,1.2692561,1.2686552,1.2709103,1.2768162,1.2697624,1.2684693,1.2729425,1.2761394,1.2683607,1.2741526,1.2730267,1.2675754,1.2719654,1.2688521,1.2682716,1.2701341,1.2709419,1.270271,1.276907,1.2722489,1.2696065,1.2684801,1.2704138,1.2599101,1.2711865,1.2755339,1.2631503,1.2754014,1.2772692,1.268737,1.2756814,1.2688296,1.2655724,1.2721628,1.2669091,1.2711046,1.275797,1.2764844,1.276364,1.2695374,1.2667677,1.268814,1.2651919,1.2700579,1.2760079,1.2689071,1.271647,1.2728395,1.2692404,1.2701663,1.2778302,1.2796303,1.2718052,1.2729198,1.2717395,1.2714622,1.2701193,1.2689884,1.2709715,1.2694887,1.2697563,1.2725332,1.2700104,1.2643872,1.2754859,1.2617062,1.2618997,1.2726644,1.2668493,1.2704592,1.267611,1.2707263,1.2765622,1.2738801,1.2733345,1.2669644,1.2693205,1.2725606,1.2706082,1.2748548,1.2744488,1.2684078,1.2785941,1.2738129,1.2723733,1.2575506,1.26876,1.2681668,1.2639195,1.2720823,1.2766823,1.269765,1.2716652,1.2684766,1.2643656,1.2704821,1.264579,1.2647204,1.2723976,1.2724396,1.2754012,1.2685605,1.2674723,1.2684357,1.2680446,1.267624,1.2632266,1.2688339,1.2686865,1.2728537,1.2726071,1.2754649,1.265254,1.2780123,1.2763143,1.2700437,1.26336,1.2710644,1.2669755,1.2689177,1.2736485,1.2767395,1.2716005,1.2736733,1.2612313,1.2733943,1.2711949,1.2717581,1.2641762,1.2721093,1.2675337,1.2724867,1.2657114,1.2684731,1.2772067,1.2688262,1.2743416,1.2727331,1.2734795,1.2632351,1.2661792,1.2744975,1.2737244,1.281859,1.2660441,1.2687088,1.2680498,1.2682,1.2708619,1.2725787,1.2666142,1.2751353,1.2662905,1.2743802,1.2692628,1.2712013,1.2715906,1.2725881,1.2724462,1.266846,1.2695775,1.2685289,1.2692876,1.2699648,1.2687073,1.269448,1.2639025,1.268346,1.2697327,1.2700114,1.2774403,1.2686294,1.274457,1.2736435,1.269909,1.2680683,1.2773751,1.2786746,1.2731934,1.2852015,1.2728885,1.2766888,1.2754744,1.2717528,1.2695597,1.2701379,1.2699941,1.2753104,1.2755089,1.2762552,1.2684121,1.2735424,1.27783,1.2674861,1.2654796,1.2661662,1.2685167,1.2730845,1.2734966,1.2766858,1.2715058,1.2679359,1.276576,1.2727587,1.2633222,1.2714105,1.2716826,1.2685008,1.2781825,1.2648449,1.2692621,1.2719643,1.2677172,1.2747188,1.2670895,1.2685412,1.2647741,1.2731026,1.2727293,1.2733736,1.2763823,1.2698374,1.2663664,1.2738769,1.2721368,1.2731559,1.2675062,1.267628,1.2704163,1.2703786,1.269091,1.2654957,1.2757299,1.267897,1.2665052,1.2763008,1.2694378,1.2732828,1.274866,1.2663606,1.2662079,1.2668161,1.2779301,1.2690462,1.2757678,1.279569,1.268003,1.2670842,1.2764233,1.2705545,1.2729475,1.2748218,1.2699597,1.270108,1.2679424,1.2657515,1.2669147,1.2816105,1.270867,1.275284,1.2767923,1.2761306,1.269976,1.2681926,1.2725861,1.268462,1.27285,1.2732227,1.273997,1.2743536,1.2685872,1.2689,1.2736747,1.2715622,1.2705632,1.2772037,1.2711849,1.2747443,1.2783811,1.2743436,1.268917,1.268424,1.2797059,1.2722533,1.2713994,1.2741227,1.2726932,1.269666,1.2681079,1.266237,1.2693491,1.2693756,1.2706152,1.276029,1.2652062,1.2705952,1.272682,1.272963,1.2678303,1.2686753,1.2701765,1.2683755,1.2754135,1.2715715,1.2755618,1.2677726,1.2641199,1.2694873,1.271174,1.2753111,1.2688124,1.2744986,1.2793264,1.2714386,1.2725126,1.2674687,1.2725173,1.2648098,1.271001,1.2687775,1.2711225,1.269716,1.2727482,1.2762992,1.2693202,1.2748767,1.2675388,1.2730503,1.2635014,1.2740018,1.2663605,1.2726413,1.2728117,1.2652385,1.2666222,1.2705722,1.2715782,1.2734144,1.2767856,1.2693635,1.271238,1.2726284,1.279361,1.2707419,1.2675161,1.2643617,1.2762554,1.266976,1.2646451,1.2703459,1.2811174,1.2620579,1.2640388,1.2746047,1.2736765,1.2787429,1.2695255,1.2704877,1.2768492,1.2754453,1.2671269,1.2762468,1.2750882,1.2622095,1.267572,1.2791761,1.2637919,1.2676042,1.2749767,1.27345,1.2675258,1.2707336,1.2678207,1.2786784,1.2629987,1.2708309,1.2697821,1.2699814,1.271593,1.2753514,1.260183,1.2737883,1.2672952,1.2711442,1.272483,1.270592,1.2666239,1.2726756,1.2748231,1.2721173,1.2657794,1.2711885,1.2761123,1.2761726,1.2691083,1.2682995,1.2740343,1.2741297,1.2705976,1.2703621,1.2793418,1.277982,1.2804861,1.2695863,1.2690364,1.2647334,1.277467,1.271915,1.269348,1.2720205,1.2685895,1.2716745,1.2680925,1.2727962,1.2743455,1.2694983,1.2682312,1.2764415,1.2660404
0.22239402,0.21180688,0.21676454,0.21828565,0.22022103,0.2179043,0.20921952,0.21488026,0.21261948,0.21320382,0.21016926,0.2092642,0.21818095,0.21004848,0.21533275,0.22248857,0.21772848,0.2234626,0.21392329,0.21388741,0.21893103,0.21622753,0.22272491,0.2156328,0.2175886,0.21799895,0.22005971,0.22187795,0.22210959,0.21307607,0.21693498,0.21015519,0.21492773,0.21086612,0.21091731,0.22309183,0.21473949,0.21972984,0.21292022,0.21951286,0.21865615,0.2162281,0.21423042,0.2113488,0.2180525,0.21811514,0.2189851,0.21430323,0.21434087,0.2198448,0.21346326,0.21351121,0.21447936,0.21810721,0.21309893,0.21375996,0.2074313,0.21509057,0.21819288,0.21685527,0.22090289,0.21221505,0.21565655,0.2132304,0.21125872,0.21688204,0.21619412,0.21372226,0.21645823,0.2143806,0.21467887,0.21287856,0.21806961,0.21712458,0.21372788,0.21732616,0.21305598,0.21587425,0.21050173,0.22024973,0.21945488,0.21411553,0.21143828,0.21970354,0.21012864,0.21906506,0.21473578,0.21391809,0.21391869,0.2178741,0.21368219,0.21622628,0.20970497,0.2115927,0.22179736,0.2173972,0.21779843,0.21024162,0.22157188,0.20987415,0.20908731,0.2188183,0.2225224,0.2189865,0.21537535,0.20906048,0.21323724,0.21832225,0.2208015,0.22359408,0.2186435,0.21501589,0.21415941,0.21688107,0.21610798,0.21612847,0.21018057,0.22130214,0.20574759,0.21813615,0.21034208,0.2144403,0.21610865,0.2185768,0.21642247,0.21272005,0.21929246,0.2139096,0.21699244,0.21379457,0.2119271,0.21596399,0.21978775,0.20852225,0.20993918,0.21593846,0.211293,0.22078115,0.21708326,0.21586804,0.21994784,0.21543661,0.22088347,0.21944475,0.21523465,0.2178697,0.21699144,0.21814018,0.21321331,0.21448782,0.21658465,0.22125158,0.21823144,0.2117688,0.21483147,0.21297403,0.21384549,0.21943252,0.21187124,0.20828757,0.21592541,0.21016511,0.21763481,0.21722612,0.21650861,0.21581638,0.2254378,0.21573116,0.20934387,0.21129648,0.21963651,0.21310914,0.21912415,0.21338432,0.21409062,0.21800973,0.21466728,0.22183083,0.22151294,0.21483675,0.21862993,0.20863727,0.21803102,0.21706745,0.2165165,0.22335126,0.21633059,0.20870335,0.21448639,0.21882899,0.21647683,0.21878403,0.21057086,0.22752148,0.21473671,0.21386656,0.21831208,0.21589366,0.21257862,0.21926893,0.21829344,0.21830505,0.21504936,0.21706688,0.21069427,0.21419214,0.21311261,0.21278203,0.21098164,0.21051738,0.21729119,0.21465297,0.20811151,0.21774085,0.20933509,0.21817522,0.20978174,0.22114824,0.21369699,0.21973467,0.2155718,0.20747772,0.21521278,0.21683922,0.21309958,0.21640834,0.21088898,0.21493587,0.21189886,0.21312942,0.21119207,0.21094629,0.21596964,0.22200832,0.2191739,0.23024523,0.20382519,0.21730062,0.2164973,0.22523773,0.21896014,0.21551277,0.21821488,0.2175651,0.20402148,0.2118125,0.22204837,0.21647835,0.21388578,0.2184761,0.21321586,0.21778375,0.20862277,0.21841407,0.21416743,0.21590705,0.20977184,0.2119193,0.21449997,0.21715117,0.21009086,0.22165465,0.21424833,0.21579228,0.21248293,0.21501967,0.22014321,0.2127397,0.212234,0.21532972,0.21745925,0.21652573,0.21479046,0.2197475,0.21570624,0.21780728,0.21435484,0.21815272,0.21503682,0.21337427,0.20875539,0.21407898,0.21568094,0.22151296,0.21210633,0.21501368,0.21046579,0.21410757,0.21123318,0.22134253,0.21552706,0.21647617,0.22426994,0.2176858,0.21992733,0.21972662,0.21945143,0.21873514,0.22136611,0.21637365,0.2198868,0.2170655,0.21444064,0.21975553,0.21952885,0.2126762,0.21549764,0.21605673,0.21238512,0.21296065,0.21818961,0.21198235,0.213087,0.22102341,0.21848378,0.21722786,0.21704191,0.21043019,0.21398741,0.2140567,0.21190469,0.21503153,0.21392173,0.21319897,0.21722609,0.21929774,0.2153355,0.21002565,0.21548405,0.2204849,0.2193861,0.21853647,0.21771315,0.21981232,0.20864981,0.21768242,0.2152519,0.21692899,0.22175196,0.21050051,0.20862998,0.21653442,0.22126642,0.21841009,0.22055289,0.22355099,0.20964907,0.21946184,0.2125088,0.21984895,0.20536429,0.20997973,0.21391484,0.20943101,0.21973287,0.21278025,0.20777774,0.20625196,0.2220903,0.21700178,0.2104511,0.218411,0.21587709,0.20889619,0.2137281,0.22218369,0.21657573,0.21202834,0.21708307,0.21809094,0.21255946,0.21705958,0.21764971,0.21472587,0.2202299,0.21574055,0.21299224,0.21236697,0.21364158,0.21326032,0.20759027,0.21693191,0.21134833,0.21235389,0.21898341,0.21860272,0.21562746,0.21843056,0.2122369,0.2247166,0.21325482,0.21169798,0.22413057,0.21367007,0.21038055,0.21560197,0.21248727,0.2146812,0.21541077,0.2085774,0.22209895,0.21662132,0.21322775,0.2214561,0.21440534,0.21480052,0.2184086,0.21288407,0.21395347,0.20926055,0.2180261,0.21636158,0.21561308,0.2148497,0.20969968,0.21716537,0.20911703,0.21973136,0.22013061,0.21811034,0.21175866,0.21417733,0.22318596,0.21837483,0.22008918,0.2164991,0.21350393,0.2151116,0.21172835,0.21574543,0.21335827,0.21291187,0.21624301,0.21586916,0.22000283,0.21385825,0.20798105,0.21081649,0.2104809,0.21682806,0.21599777,0.20832846,0.21506254,0.21624507,0.20672883,0.21436638,0.21742721,0.21164715,0.21659315,0.21079133,0.21637893,0.21229887,0.21028684,0.21315765,0.21604422,0.22089784,0.21297254,0.2147038,0.21371919,0.21324758,0.22616595,0.21677959,0.21684663,0.2192186,0.21699579,0.21313146,0.214312,0.21819799,0.22035393,0.21763407,0.21879923,0.2157017,0.21380304,0.21426216,0.20784949,0.20886824,0.20901781,0.2161474,0.2117172,0.21213984,0.21974984,0.2163908,0.21313113,0.21498264,0.22080037,0.21234709,0.21695581,0.21616969,0.2129236,0.21396568,0.21015714,0.21389198,0.2191997,0.2172427,0.21383415,0.21854617,0.21249694,0.20842195,0.217538,0.21603878,0.21978992,0.21110661,0.2208443,0.2178283,0.22253278,0.21478373,0.2199078,0.21259609,0.21828586,0.2168093,0.21690866,0.21276182,0.22231731,0.21835159,0.22327553,0.21826339,0.21572766,0.21337135,0.21149875,0.22192775,0.21952245,0.21610433,0.21513148,0.21405585,0.21663882,0.21781045,0.20630135,0.20645577,0.20946227,0.21169661,0.21190879,0.22008777,0.22126181,0.21352617,0.2125384,0.22148074,0.21743864,0.21582173,0.21965222,0.21156994,0.22669107,0.21813798,0.21032235,0.21792254,0.21408948,0.21249917,0.22103956,0.21512368,0.21338739,0.2114582,0.2127292,0.2095831,0.21569344,0.2185298,0.21757558,0.21120483,0.21746299,0.22034179,0.20863217,0.21779281,0.2151199,0.2231567,0.2210135,0.21881416,0.21340947,0.21548198,0.21741167,0.21832743,0.21303856,0.21743047,0.21126315,0.21350779,0.21303898,0.21210805,0.21358207,0.21246257,0.20939574,0.21274503,0.21513537,0.21149965,0.21044323,0.21349117,0.21508679,0.21817563,0.20818956,0.22365795,0.21418905,0.21538629,0.20929714,0.21484812,0.21317792,0.22321874,0.21846676,0.2183087,0.21074279,0.21700804,0.2177785,0.21432824,0.21093819,0.21484344,0.2119017,0.21931711,0.21940112,0.20787154,0.21557496,0.2168884,0.21017388,0.22316337,0.208465,0.22031192,0.2119027,0.21427466,0.21405542,0.22347564,0.20920141,0.21603331,0.21691942,0.21832843,0.21733741,0.21664031,0.21806984,0.2185083,0.21913129,0.21782859,0.21865444,0.22005549,0.2133665,0.21406,0.2130458,0.22239454,0.21961863,0.21658927,0.21500786,0.2180723,0.21878296,0.21642864,0.2166169,0.21395414,0.21624143,0.20865045,0.22190735,0.21506616,0.21053192,0.2181822,0.21270041,0.20812254,0.22330461,0.21598066,0.21332832,0.21574098,0.21432713,0.22161412,0.20869273,0.21008566,0.2162701,0.20942013,0.21315885,0.21354279,0.21639906,0.21672583,0.22268122,0.21653406,0.21769232,0.20906278,0.21170579,0.21581371,0.22252215,0.21366593,0.21201636,0.220495,0.21042714,0.2208672,0.21877655,0.21279044,0.21185395,0.21334302,0.22512525,0.21322748,0.2135333,0.21137722,0.21514288,0.22044483,0.20950803,0.21424536,0.2183938,0.2147222,0.21720007,0.21873336,0.21629502,0.21916603,0.21354863,0.2122703,0.21341994,0.21713044,0.21603401,0.2130499,0.2161854,0.21111272,0.21653694,0.21643376,0.21596746,0.21536535,0.21610764,0.21729675,0.21496095,0.21938315,0.21408693,0.21870843,0.21919172,0.21750668,0.21595275,0.21911278,0.21813285,0.21999227,0.2138787,0.21614918,0.22190782,0.21554899,0.20456827,0.219984,0.21110675,0.20866428,0.21086228,0.21395226,0.20834713,0.22165462,0.21461424,0.21318996,0.21137023,0.20885967,0.21812044,0.21351206,0.20541394,0.20998973,0.21454479,0.21544346,0.22018704,0.21726274,0.21102525,0.21615843,0.21598086,0.22259647,0.21806787,0.22075695,0.21648873,0.20998402,0.21062104,0.21735287,0.21854836,0.22116499,0.21667942,0.21597338,0.21535067,0.21620835,0.21596214,0.21305764,0.2181144,0.21482956,0.21335083,0.20996274,0.20896937,0.2133901,0.2138963,0.21952705,0.21986677,0.20878552,0.21565455,0.21482188,0.21570267,0.21742743,0.21091017,0.21578087,0.20681533,0.2195265,0.21096215,0.22433653,0.21496303,0.2116117,0.21911944,0.21262693,0.21550232,0.21857283,0.21535031,0.21616149,0.2124598,0.21770997,0.2161331,0.22093347,0.21779794,0.21191391,0.22079705,0.21252067,0.22307359,0.21047112,0.21296915,0.22223894,0.21416609,0.2191087,0.21584794,0.21959339,0.2175802,0.20229913,0.21123013,0.21362801,0.2059181,0.21592744,0.20752712,0.22107492,0.21857917,0.21895358,0.21824603,0.21478373,0.21942663,0.21713355,0.2115975,0.21784097,0.21300212,0.20980401,0.21521321,0.20726992,0.21210127,0.22568652,0.21555538,0.21180892,0.21906312,0.21123268,0.22008806,0.21987411,0.21895112,0.21635364,0.21355516,0.21384265,0.21633585,0.2169566,0.21861808,0.21399893,0.21496144,0.22043645,0.20574267,0.22456807,0.21376438,0.21900259,0.20840362,0.21020687,0.21519892,0.21749206,0.21917604,0.22096817,0.21383469,0.20934674,0.21981932,0.21304137,0.2136951,0.20929068,0.21578245,0.21089864,0.21077222,0.21148753,0.21306853,0.21505144,0.21695761,0.21349578,0.2163003,0.21304393,0.20550127,0.21532461,0.21654639,0.22092466,0.21610802,0.21594661,0.21491966,0.21958953,0.21848913,0.22058538,0.21799043,0.22184077,0.20926157,0.2162767,0.21155487,0.21068874,0.21171942,0.21866219,0.21874167,0.21947715,0.21051782,0.21645118,0.21682386,0.21661015,0.21630041,0.21940744,0.21810964,0.2199385,0.21597745,0.21085043,0.21738477,0.21547365,0.21692714,0.2158863,0.21689436,0.21313868,0.21856737,0.2102143,0.21718019,0.21625897,0.2160309,0.2071004,0.21069132,0.21731868,0.20709793,0.21366028,0.21531904,0.21397835,0.21218427,0.21794653,0.22176701,0.2188628,0.21635723,0.21303594,0.20708096,0.207733,0.21927676,0.21152823,0.21489666,0.20913072,0.21069792,0.21741551,0.21373345,0.21667956,0.22096714,0.21115787,0.21520633,0.21587536,0.21480031,0.22121948,0.2162864,0.21140125,0.22088423,0.21638958,0.21908411,0.2122949,0.21119097,0.22152558,0.20741156,0.21710216,0.21463375,0.21441132,0.21717651,0.22089747,0.22691353,0.21104753,0.21507467,0.22178423,0.21726298,0.21595155,0.20652507,0.21358763,0.2120291,0.2144852,0.21942338,0.21228553,0.21291748,0.22567715,0.21776308,0.21469654,0.21370381,0.21764536,0.21113099,0.2166319,0.21798317,0.2178846,0.21180643,0.21203078,0.21749827,0.21125856,0.22458893,0.21617799,0.21494147,0.20645913,0.20931959,0.20956397,0.21912721,0.21541461,0.22170684,0.21483263,0.21001466,0.2164633,0.21562466,0.21769868,0.2241698,0.21104397,0.21464552,0.21324448,0.21333973,0.21224786,0.21577027,0.21607201,0.21224178,0.21114635,0.21593769,0.21454553
