0.63524985,0.61826795,0.6249281,0.6174133,0.62074786,0.629806,0.6222612,0.6276097,0.6197692,0.63132,0.63306856,0.62140626,0.62977594,0.62075776,0.6268398,0.632975,0.61928153,0.60840845,0.6407963,0.61831445,0.62417316,0.62111163,0.6393135,0.6244503,0.63209635,0.6318761,0.6387366,0.62912536,0.64091855,0.62771446,0.6234538,0.6307171,0.61639786,0.6070375,0.6300525,0.612743,0.65077007,0.6390703,0.6174296,0.64885163,0.6248784,0.64214355,0.62792146,0.60530204,0.6173981,0.6295876,0.6286192,0.6329511,0.62409556,0.6221683,0.63425165,0.6381731,0.63690656,0.63252807,0.61955225,0.6398856,0.6417605,0.62336296,0.6479486,0.60918957,0.6293552,0.61393154,0.60552585,0.6126284,0.6324032,0.6165272,0.60705495,0.6249359,0.6192243,0.644105,0.6367747,0.6284331,0.6304336,0.6321908,0.62827665,0.62192965,0.6267339,0.62834436,0.621369,0.6457947,0.6442967,0.63196677,0.6209184,0.6317997,0.6136446,0.62184423,0.6382332,0.6218554,0.6279404,0.6180277,0.64181066,0.62786615,0.64267504,0.6313449,0.6280162,0.61370504,0.62735724,0.6312719,0.6393383,0.61918277,0.6337364,0.62787986,0.63600284,0.62713665,0.6454904,0.6251063,0.6224563,0.603475,0.61520296,0.6346942,0.62481546,0.6157756,0.62697774,0.6366986,0.63272697,0.6109415,0.6172482,0.62884307,0.6200556,0.62805456,0.61117864,0.6344101,0.6276517,0.60934323,0.62324005,0.6263876,0.6278799,0.6349848,0.63656235,0.6340949,0.6250162,0.612553,0.6317243,0.6199758,0.6259144,0.6204899,0.61725026,0.6182404,0.62049043,0.617477,0.651577,0.62518084,0.61702675,0.6206207,0.6245354,0.62448555,0.65314883,0.6318212,0.6170198,0.6230122,0.62280434,0.6224915,0.62205565,0.6218187,0.64402586,0.61622745,0.6274709,0.61518836,0.6293497,0.63750744,0.6243177,0.63234925,0.6371608,0.6135235,0.6118897,0.6234906,0.6455947,0.63401246,0.6230852,0.603478,0.6210176,0.6220543,0.6385836,0.6274171,0.6307347,0.6325975,0.62416476,0.6154709,0.6374276,0.62499917,0.62926906,0.62951696,0.62765026,0.6294681,0.6173965,0.6321906,0.6379858,0.62236416,0.6407843,0.6256517,0.62185866,0.6270736,0.63778484,0.6234579,0.6350631,0.6186366,0.62272537,0.6109727,0.62437165,0.6363245,0.6264267,0.614837,0.64075726,0.62718606,0.6284477,0.6222639,0.6240401,0.6338793,0.6166871,0.6121503,0.6279247,0.6286709,0.6242632,0.636848,0.62949616,0.6348731,0.6159957,0.6260163,0.6074799,0.6152703,0.63341606,0.64324063,0.6241101,0.6426438,0.6199664,0.6073846,0.62192595,0.6376978,0.6099807,0.63678837,0.6219312,0.61689085,0.63002324,0.6471979,0.63733804,0.6375377,0.6256838,0.63143593,0.6165442,0.61664397,0.63612443,0.60867757,0.6140612,0.62659085,0.62813854,0.63078105,0.62253195,0.6106263,0.6168976,0.62739277,0.6383652,0.62742573,0.61099035,0.6289626,0.6221398,0.6240884,0.64141774,0.63087124,0.6175046,0.61733127,0.6287202,0.62605405,0.6324575,0.6280019,0.60811037,0.6360067,0.63332736,0.62386316,0.62333304,0.6251522,0.62397224,0.6320978,0.6308131,0.62003154,0.64072657,0.6227034,0.64564997,0.6382373,0.63035816,0.63017726,0.6194303,0.6140659,0.60365754,0.6294838,0.60335034,0.6248017,0.6366425,0.62696993,0.63018245,0.6466443,0.6110516,0.62791055,0.6177338,0.6227494,0.6035379,0.6381736,0.6178185,0.62943304,0.63339394,0.6273278,0.6016213,0.6404544,0.61531985,0.633554,0.6235354,0.62148017,0.606132,0.6081154,0.6165353,0.6307302,0.6262214,0.62727135,0.626395,0.62282914,0.6401019,0.61399466,0.62404484,0.6238705,0.6371664,0.61634105,0.61252236,0.6351292,0.6241075,0.63386345,0.63837343,0.6249917,0.62277997,0.6197434,0.62646425,0.6401512,0.6255962,0.62978977,0.63000256,0.6376296,0.63166416,0.6171289,0.63308656,0.6230761,0.6084982,0.6123384,0.63102007,0.6238395,0.6120059,0.61650735,0.6205149,0.6271909,0.62270224,0.6107953,0.631362,0.6222841,0.6299209,0.6072575,0.6253273,0.61437124,0.6410499,0.62149584,0.62961847,0.6349438,0.63745207,0.6200346,0.6322211,0.6347002,0.63462263,0.62504303,0.6256699,0.6167246,0.6261145,0.6204652,0.6257822,0.6322277,0.63360274,0.6171753,0.61712,0.6069782,0.64958084,0.6364101,0.62286186,0.6354069,0.61429197,0.6224217,0.6288363,0.6183317,0.6380171,0.60291314,0.61344576,0.61505467,0.62792933,0.6247923,0.626863,0.63392997,0.6260079,0.630281,0.6333908,0.62679046,0.6150944,0.61278296,0.6229838,0.60660064,0.6162019,0.6281324,0.625244,0.6233919,0.6232831,0.64191014,0.62147886,0.61806214,0.6276446,0.62113446,0.6061293,0.6157475,0.62194073,0.62553144,0.6167355,0.6274796,0.6345786,0.64812016,0.61722314,0.63578355,0.62759095,0.6420981,0.6190061,0.64388645,0.6157545,0.61570686,0.6329902,0.6184935,0.6261358,0.6206383,0.6249629,0.6119781,0.6228409,0.6317692,0.61584514,0.6355333,0.6344128,0.63995236,0.61490726,0.62010604,0.6162834,0.62105507,0.6112322,0.6245409,0.60841966,0.6428856,0.635816,0.64399153,0.62335175,0.63347965,0.59669495,0.62051535,0.6420112,0.61120564,0.62435174,0.6444012,0.630094,0.6378101,0.6213269,0.61720526,0.62133884,0.62825245,0.6299326,0.63527507,0.6321066,0.62369204,0.6237966,0.6277393,0.6358964,0.6378046,0.6248213,0.629236,0.61634374,0.6251821,0.621111,0.6169391,0.59606504,0.62049353,0.63069487,0.626545,0.62998253,0.62761253,0.5965271,0.613793,0.6314834,0.607534,0.6279517,0.63519466,0.6331923,0.63094527,0.6128811,0.63406265,0.6145861,0.6111456,0.63051444,0.6246363,0.6216616,0.6269507,0.62304443,0.63532555,0.6294705,0.6355691,0.63304377,0.62837046,0.61123526,0.6440666,0.62460715,0.63495934,0.6231559,0.6386924,0.63561064,0.6318621,0.6206407,0.62845194,0.60145384,0.6312113,0.640919,0.61777496,0.637738,0.63880527,0.6201768,0.6316168,0.61714864,0.64513695,0.62228954,0.6198315,0.63380885,0.6095285,0.6389187,0.61519563,0.65702397,0.63476753,0.6313045,0.6121366,0.63118917,0.62962055,0.6235973,0.6037629,0.6181247,0.6340437,0.6423915,0.6254321,0.63681066,0.6333251,0.61606467,0.625173,0.6336734,0.6368994,0.6183439,0.60961235,0.62584007,0.6643408,0.6225338,0.6409177,0.6169193,0.623122,0.6325001,0.60846215,0.6264297,0.6243019,0.6314307,0.62503713,0.62402135,0.6358797,0.623583,0.62424797,0.62671727,0.61782897,0.62428266,0.6156979,0.6389304,0.62944263,0.6318044,0.6240051,0.6300995,0.6225495,0.6370086,0.6250345,0.6411121,0.62801677,0.63348824,0.62938577,0.61904424,0.63132626,0.6321861,0.6199395,0.60838675,0.61273426,0.6136655,0.6251834,0.6211756,0.6231364,0.60869634,0.63463205,0.6373012,0.63297766,0.6298161,0.6249261,0.61900836,0.6383759,0.6159469,0.62062067,0.6285713,0.64592886,0.62023234,0.61798424,0.62051874,0.6221027,0.6148818,0.645023,0.62990385,0.61353254,0.6271652,0.6445394,0.63030446,0.6180325,0.62450457,0.6349481,0.6455788,0.6367036,0.6202128,0.63141745,0.6243255,0.62155706,0.61024284,0.63422614,0.6388947,0.6378369,0.6341872,0.6284015,0.62885904,0.6292304,0.6225717,0.6244903,0.61572576,0.62363935,0.6275006,0.61711264,0.63717204,0.6221818,0.63113713,0.61973137,0.6342801,0.6375711,0.63967174,0.6298983,0.6097449,0.6296829,0.6167466,0.6097187,0.6204526,0.6233204,0.6476218,0.6262515,0.6195901,0.6310734,0.6280394,0.6258573,0.634385,0.6184944,0.6227596,0.6350152,0.62648594,0.63201433,0.62077,0.61932206,0.6248956,0.61712164,0.62265694,0.6083945,0.6301472,0.6404803,0.62946486,0.6328181,0.62541455,0.61695796,0.6336748,0.6190055,0.62726516,0.63667333,0.6206887,0.6035753,0.6406361,0.616102,0.6240858,0.6341448,0.6319254,0.6182281,0.6305692,0.63309985,0.6220317,0.62371737,0.63043016,0.6239316,0.62869537,0.62672216,0.6259144,0.6167555,0.6529699,0.6208484,0.61610776,0.6219151,0.6239279,0.6059396,0.61919713,0.6305564,0.6275034,0.6297213,0.62741023,0.6172388,0.6187553,0.6312217,0.6396885,0.62544894,0.6157857,0.63455063,0.6310832,0.63997245,0.61290914,0.6181332,0.6091495,0.62112784,0.61324793,0.62098545,0.6123774,0.62718934,0.623824,0.6246805,0.6203137,0.649565,0.61251116,0.6317027,0.6158848,0.61762357,0.6323025,0.6168422,0.6268168,0.6435872,0.6309454,0.6293524,0.61375904,0.6233248,0.6261554,0.6319364,0.6248585,0.6210929,0.6468586,0.6055626,0.6409204,0.6038187,0.6288213,0.61728,0.6321948,0.6272263,0.64409167,0.62549186,0.62772715,0.6120546,0.62925863,0.62515,0.6315595,0.61887527,0.63461506,0.6297482,0.6262472,0.62695944,0.62174946,0.627518,0.6293442,0.63103914,0.63211274,0.6267331,0.6236135,0.6324547,0.6241416,0.61664027,0.62103844,0.63826126,0.6143257,0.62843055,0.63005483,0.6233973,0.6304533,0.6232701,0.6116167,0.62381613,0.6262699,0.6349675,0.6169988,0.6413574,0.6299984,0.6220527,0.62916416,0.6238812,0.6267962,0.6256632,0.6157192,0.63972676,0.6227042,0.6326774,0.63932616,0.62768745,0.6181672,0.6230564,0.6177105,0.62449914,0.63022846,0.6053293,0.6106831,0.63079774,0.6302637,0.62611955,0.62636876,0.6269695,0.63743687,0.62196344,0.63772094,0.6253894,0.6357516,0.6419201,0.6226901,0.61685044,0.62840635,0.648325,0.6259184,0.6266739,0.61888033,0.63895774,0.6098558,0.6338783,0.6356617,0.62104005,0.6304281,0.6189681,0.6320839,0.61964625,0.62549484,0.6332293,0.6255528,0.635498,0.61408055,0.62718755,0.6132466,0.6237564,0.6353823,0.63071734,0.6138754,0.6240986,0.6202202,0.6171695,0.6411377,0.6174029,0.6180805,0.6326123,0.6345016,0.63397443,0.6199139,0.63054824,0.6425722,0.6375497,0.63150644,0.62270314,0.6415946,0.6196584,0.6103411,0.61719334,0.6146911,0.6166971,0.6269717,0.61424696,0.64808273,0.6288955,0.61735374,0.62344027,0.6192595,0.62751263,0.6314814,0.6291662,0.6265836,0.6351292,0.63915235,0.63202626,0.62078905,0.62335956,0.62078816,0.6418849,0.63395494,0.64038306,0.6135652,0.6229594,0.64185566,0.6295443,0.63223386,0.61900735,0.6161857,0.621621,0.6236813,0.6293263,0.63585216,0.63307434,0.6299272,0.6353599,0.63200694,0.61146575,0.6197623,0.62731516,0.6150388,0.6274924,0.6208498,0.63478935,0.61133057,0.63993704,0.62365764,0.63777447,0.6284345,0.6188381,0.61068606,0.6292634,0.6063762,0.63220805,0.63821274,0.6129341,0.6298891,0.61145735,0.6406174,0.62995714,0.60524094,0.61606014,0.6239232,0.623255,0.61810434,0.6267744,0.62312174,0.6237788,0.61228585,0.60947347,0.6334717,0.612675,0.63016003,0.63997227,0.62699586,0.63034153,0.62373894,0.6289265,0.62130266,0.61418104,0.6125769,0.62968487,0.6134079,0.6341178,0.62493074,0.6234371,0.6334364,0.6369984,0.6326292,0.6226654,0.6255499,0.634559,0.6205879,0.633261,0.6298698,0.612808,0.62915426,0.6411715,0.6320143,0.62836814,0.6220751,0.6311609,0.6163245,0.62846357,0.6314379,0.6096861,0.6216617,0.6400896,0.6195499,0.62956375,0.63097507,0.6254059,0.60991156,0.6076443,0.61801434,0.61779135,0.62211555,0.6383122,0.6292336,0.64124113,0.63270324,0.61881185,0.6249734,0.63048005,0.63433915,0.611116,0.6207967,0.6169731,0.62260216,0.63822585,0.6102578,0.62045586,0.62430996,0.62362516,0.62440956,0.6350583
0.56146604,0.5416742,0.566858,0.56457037,0.5575043,0.57075137,0.54287004,0.55433494,0.5396486,0.5411952,0.55577797,0.57534975,0.5554378,0.55424535,0.5717393,0.5699047,0.55852365,0.5659787,0.556705,0.5553178,0.56435007,0.5527003,0.5418161,0.5713135,0.5501503,0.57461536,0.5715278,0.55125934,0.56262356,0.55948097,0.55526334,0.5394198,0.5577761,0.54064065,0.54732037,0.54432136,0.56807107,0.5684318,0.5560786,0.56337947,0.5717751,0.5338261,0.55779195,0.56674504,0.56625277,0.55714065,0.56552273,0.5487613,0.54179424,0.56871545,0.5621987,0.5555154,0.56102884,0.56331956,0.559161,0.5439126,0.5614778,0.56456643,0.57007253,0.55452037,0.5800716,0.54236853,0.54036134,0.543453,0.5678599,0.5547861,0.5493581,0.56605786,0.5636063,0.5499172,0.56128776,0.5630055,0.5658006,0.56356996,0.550492,0.56695217,0.5549282,0.550136,0.5452524,0.5651176,0.56240237,0.5543552,0.55869347,0.5616326,0.5520055,0.5575097,0.55533206,0.5516706,0.5548509,0.5593689,0.5549281,0.55144197,0.53845,0.56367683,0.57106584,0.55083674,0.5567998,0.5578599,0.56951785,0.5555131,0.5429246,0.5542315,0.5626921,0.55530536,0.5704757,0.56276035,0.555888,0.55712926,0.5526246,0.5608911,0.55926144,0.5722713,0.5538821,0.55660117,0.562677,0.5447153,0.54981846,0.55233127,0.55012345,0.5510673,0.5473143,0.54582214,0.5627819,0.5603609,0.55216813,0.5550487,0.5557836,0.55550706,0.5528233,0.56557935,0.5569985,0.5621969,0.5656775,0.5573717,0.5638909,0.5361276,0.54645985,0.55692303,0.55812746,0.56441045,0.5618901,0.55971336,0.55802006,0.56805766,0.5698292,0.5514103,0.56550795,0.5690031,0.56353444,0.54753107,0.5708157,0.56098825,0.5516148,0.5523364,0.567487,0.57528967,0.5691251,0.5551759,0.54205465,0.5576249,0.5453343,0.55500954,0.5731459,0.5494772,0.5812198,0.55124974,0.5658746,0.54782146,0.5602897,0.53778666,0.55116916,0.5519163,0.55524194,0.55453104,0.56895477,0.5508383,0.5668292,0.5604619,0.5618464,0.5659482,0.55435777,0.5514801,0.5685536,0.5554269,0.56165075,0.5681041,0.5557375,0.5572201,0.55625904,0.56680316,0.5557607,0.5566508,0.56214476,0.553511,0.5558982,0.5409785,0.54245585,0.55877644,0.5601554,0.5702879,0.55503947,0.5493654,0.5636727,0.562109,0.5610606,0.5615275,0.5705349,0.55072105,0.5549221,0.5552824,0.54940265,0.54813516,0.54930204,0.5647044,0.54818076,0.5676928,0.56478715,0.5558911,0.5563474,0.5512712,0.54156464,0.5675154,0.5377639,0.56878394,0.5678509,0.55007553,0.5503355,0.5546916,0.5626906,0.5596237,0.56555665,0.5530369,0.5638783,0.5678588,0.5589986,0.5555589,0.5678522,0.55613214,0.5519689,0.5465796,0.5713844,0.55358887,0.56841695,0.54793036,0.5833133,0.55808073,0.55048144,0.563003,0.5521962,0.5619774,0.55584186,0.56119424,0.5480852,0.5543786,0.5474093,0.5638254,0.55964094,0.562582,0.5543857,0.55246437,0.558403,0.5490838,0.5466493,0.5553018,0.55032086,0.55074054,0.5608759,0.5337663,0.5509595,0.5526201,0.5441827,0.56981194,0.55923355,0.5571061,0.5574483,0.55590487,0.5659648,0.56566983,0.54320097,0.56472623,0.5561673,0.5781573,0.545698,0.5384982,0.5356333,0.5481571,0.5710353,0.5553538,0.55202204,0.5752333,0.5639957,0.57483983,0.5500783,0.5440929,0.55228865,0.55554074,0.55367035,0.5573287,0.56184894,0.5602387,0.5481052,0.5540774,0.54331756,0.5594752,0.56432664,0.5486983,0.5432199,0.5430895,0.5430965,0.552151,0.5481999,0.5675271,0.5585614,0.55907166,0.5529065,0.54212433,0.5598916,0.5413327,0.5634534,0.5549132,0.56953144,0.5467299,0.550752,0.5523265,0.556486,0.55648994,0.55404013,0.57172364,0.55314934,0.54601824,0.5529942,0.57345015,0.57001853,0.55969745,0.56449836,0.54500854,0.5609836,0.5488918,0.5542387,0.5607751,0.56898487,0.559532,0.5561515,0.554469,0.55201983,0.5580622,0.54442745,0.53839624,0.5524934,0.5586886,0.54939765,0.5543909,0.5545191,0.5695184,0.56979454,0.54584527,0.55482125,0.5686571,0.5628499,0.5503241,0.5590928,0.557629,0.57434094,0.5620397,0.54862565,0.54852873,0.5477221,0.5633783,0.5544688,0.56517553,0.5589405,0.5552199,0.5415843,0.53818977,0.54844177,0.5521437,0.5534479,0.56431323,0.56376785,0.5741488,0.5599974,0.5516905,0.56465036,0.545863,0.54335254,0.55479145,0.56725824,0.5483626,0.5633592,0.5572799,0.5678802,0.55831444,0.550415,0.5582597,0.5419121,0.5444119,0.5487451,0.55697,0.55349183,0.54837435,0.5396003,0.561346,0.54701304,0.5632586,0.569565,0.5486161,0.564886,0.55033463,0.55982,0.55439234,0.5360444,0.5589996,0.5549558,0.56638527,0.54794145,0.55160683,0.5649623,0.5466668,0.55549216,0.55193174,0.55872047,0.5661173,0.54689866,0.561504,0.5588251,0.5461859,0.5598976,0.55895597,0.5517552,0.5509449,0.56308687,0.56928307,0.5663025,0.5548125,0.56515235,0.55162346,0.5578474,0.5609644,0.55308396,0.5755652,0.5514338,0.5498598,0.54427856,0.5579602,0.57521415,0.56551945,0.5648126,0.55042535,0.55842257,0.5535942,0.55649745,0.55966604,0.56467146,0.54586595,0.5530306,0.55865496,0.57026386,0.55655265,0.55354017,0.55390775,0.56859154,0.55968964,0.54232866,0.5522167,0.5585666,0.5595295,0.57250154,0.5517714,0.56120884,0.5485553,0.5562403,0.55575234,0.5585873,0.54115015,0.5416394,0.5488959,0.5585185,0.5677569,0.56146497,0.5487456,0.552194,0.5455596,0.56555426,0.54946065,0.5480284,0.5732998,0.55180275,0.55963737,0.5666592,0.5600912,0.54635227,0.5476401,0.55338484,0.5536986,0.5501035,0.55621487,0.56220746,0.55906385,0.5622848,0.55302334,0.5626232,0.5621675,0.55301166,0.5694042,0.55769604,0.55304086,0.56414557,0.56121296,0.5606901,0.5697114,0.55952233,0.5701587,0.54953,0.5607914,0.55730194,0.55172294,0.56111443,0.56449723,0.54186153,0.5527487,0.5454851,0.57301897,0.55228215,0.55055374,0.5703602,0.5515571,0.5478608,0.5486324,0.56274605,0.55378383,0.5560979,0.54649353,0.5564879,0.54959977,0.5447185,0.5497592,0.5449084,0.5567974,0.5678984,0.55645406,0.5524928,0.5667179,0.5691336,0.54303783,0.5465964,0.5572889,0.5543276,0.5501206,0.55589557,0.5546667,0.5643924,0.5693753,0.5673535,0.5702135,0.5600358,0.54823166,0.5680861,0.5662624,0.56272656,0.56145906,0.5520927,0.55998975,0.55911815,0.5405441,0.5592831,0.553119,0.5512567,0.5441736,0.5764473,0.5540876,0.56753135,0.5585527,0.574385,0.56359506,0.56156677,0.5534544,0.55559224,0.5478831,0.55030006,0.5539077,0.5471556,0.56383115,0.5650276,0.56105024,0.5661128,0.5466413,0.5604093,0.55870795,0.5611205,0.5514182,0.5526654,0.5745313,0.5609901,0.54395545,0.5418372,0.5656154,0.55725884,0.5506469,0.54834676,0.55678236,0.55917376,0.544635,0.55880046,0.56050926,0.5631377,0.5678068,0.56168246,0.56812704,0.55118227,0.55148494,0.5524828,0.5720163,0.55721974,0.5629544,0.55826664,0.5449825,0.5605003,0.55627424,0.5490837,0.56773627,0.5445241,0.55433846,0.5700237,0.56667095,0.5631867,0.57671237,0.5471259,0.5585694,0.5559718,0.56296104,0.5500805,0.5641451,0.5486455,0.5590615,0.5588792,0.56645244,0.55378425,0.55824584,0.5650516,0.53994316,0.5609683,0.55330133,0.54647434,0.5630967,0.5470913,0.5520354,0.5402941,0.542582,0.5560268,0.5519203,0.56592494,0.5517877,0.56117433,0.5598637,0.55369043,0.56269515,0.5565406,0.55733067,0.550737,0.55846864,0.5616269,0.55422306,0.55143553,0.55913615,0.5609748,0.5605246,0.5547641,0.53843015,0.5465703,0.5556368,0.560733,0.5599159,0.56271446,0.5580563,0.5500603,0.55125624,0.546911,0.56359595,0.5487306,0.5549661,0.54874945,0.5575149,0.56078416,0.565215,0.5603867,0.54861605,0.5535385,0.56811,0.53919977,0.555269,0.5590126,0.5615418,0.5518813,0.56563914,0.5509415,0.5414952,0.55279684,0.5654418,0.56903595,0.57180333,0.55682284,0.5407992,0.53751785,0.5537974,0.5417274,0.5577742,0.56222534,0.5575404,0.54680383,0.55904496,0.5609851,0.5623122,0.56204087,0.5669725,0.56068075,0.5580977,0.54150516,0.5445893,0.5431171,0.5597931,0.54915863,0.55361366,0.55976945,0.5491627,0.5463841,0.5675207,0.55701715,0.5697964,0.5519049,0.555475,0.56869996,0.5549224,0.5659203,0.54502845,0.5494611,0.5571905,0.5541639,0.5498142,0.5493648,0.54892445,0.5535049,0.54782975,0.5445839,0.5611674,0.55110633,0.55517745,0.5508269,0.56218374,0.54235876,0.56201506,0.557383,0.5548171,0.565781,0.54405105,0.56959236,0.56861746,0.52981,0.5551013,0.56394726,0.55233824,0.55727535,0.57018113,0.5560368,0.53649116,0.5424186,0.56046647,0.55270404,0.55420065,0.5668504,0.5603374,0.5439536,0.5566435,0.56021625,0.556513,0.55085105,0.5740211,0.56510264,0.5552876,0.5458003,0.5429555,0.5496663,0.5608518,0.5346462,0.5565967,0.56313556,0.5719024,0.5557938,0.5532645,0.5665703,0.55624145,0.5579912,0.5618111,0.56261855,0.55348194,0.55367565,0.5599399,0.5470749,0.5446782,0.5583239,0.57225347,0.5441123,0.55053526,0.5399268,0.5544245,0.56862515,0.5535088,0.5618415,0.5567448,0.5565982,0.55953413,0.55729103,0.5655075,0.5599152,0.5672337,0.57174164,0.53907305,0.54871535,0.56685126,0.5588361,0.5600443,0.55617356,0.5643701,0.55040824,0.55610824,0.5702395,0.56214833,0.53831255,0.56650054,0.56884384,0.5502503,0.5614228,0.5503055,0.55631226,0.5573412,0.56007695,0.548152,0.56843036,0.55768067,0.5652343,0.5534734,0.5625651,0.56308156,0.55367774,0.5631456,0.5525431,0.53917,0.5554787,0.5667853,0.56197673,0.5471257,0.54045075,0.5630575,0.5458835,0.56647354,0.5534536,0.55184513,0.5569123,0.5590742,0.55911434,0.56454164,0.5691055,0.5477672,0.5506046,0.5511139,0.5490064,0.5567793,0.54857713,0.561406,0.5570699,0.5560496,0.5409351,0.5605399,0.5547979,0.55251867,0.5591858,0.55544394,0.5482403,0.55884296,0.559654,0.56872255,0.55913925,0.5449474,0.5473999,0.557218,0.5669904,0.5554722,0.5645969,0.56920636,0.55697596,0.5730788,0.5533673,0.5666195,0.55472785,0.5542468,0.5490528,0.5611175,0.5466634,0.5593634,0.5610313,0.5712623,0.5587316,0.5559708,0.5641643,0.55975527,0.57322586,0.5472277,0.5575016,0.55260235,0.56391007,0.55233085,0.5574483,0.5515464,0.5468504,0.56018096,0.5560704,0.56938165,0.54921854,0.55839974,0.53823674,0.5453921,0.5682941,0.555575,0.5555617,0.5647303,0.5636426,0.55071425,0.55818635,0.5622786,0.5511565,0.56193507,0.55002165,0.55250305,0.5624447,0.5649501,0.55677634,0.57405674,0.5673715,0.5504663,0.5423645,0.5476505,0.554701,0.5611038,0.5568821,0.55360574,0.55889475,0.5444306,0.5498945,0.5547456,0.53821427,0.5573078,0.5627873,0.5565448,0.5599327,0.5561866,0.5503489,0.56034774,0.56441844,0.5544141,0.57219946,0.54427326,0.5522574,0.562101,0.5570195,0.55354524,0.566756,0.5449727,0.5468693,0.5513046,0.54862905,0.53591436,0.5572166,0.5649588,0.55342305,0.55627346,0.5593732,0.5488265,0.53850746,0.5602071,0.5431634,0.55916697,0.5548415,0.5687062,0.55748475,0.5822811,0.5524858,0.55172235,0.5533142,0.56694865,0.5626565,0.55782866,0.5482712,0.5530891,0.54940563,0.5517835,0.569395,0.55572855,0.5588346,0.5651663,0.5657496,0.56838685
0.53004026,0.5085274,0.51849693,0.5208743,0.51035994,0.5351915,0.51257926,0.52508146,0.5257081,0.5149595,0.5296132,0.520402,0.5161301,0.5075329,0.5230167,0.5303657,0.52654,0.5293422,0.5361286,0.5140745,0.51860094,0.5244039,0.51855767,0.5183744,0.51709396,0.5413349,0.5316798,0.5257819,0.5191791,0.52574635,0.5218147,0.5171767,0.527536,0.5043899,0.5278275,0.49941248,0.52535707,0.52530205,0.5083034,0.52486485,0.5199626,0.51408976,0.526433,0.5160062,0.5258116,0.5120859,0.5234664,0.51577806,0.5126153,0.5244652,0.5234459,0.5194853,0.5251393,0.5299522,0.5236124,0.5242527,0.52605945,0.51207066,0.5402242,0.5157553,0.514171,0.51011604,0.49535745,0.52407604,0.5235051,0.52935433,0.51691425,0.5174745,0.5333508,0.5258282,0.5233195,0.5266907,0.5264316,0.52289146,0.5273838,0.53207976,0.51975185,0.5158473,0.53146476,0.5212556,0.52932805,0.531157,0.5368262,0.5214041,0.5138336,0.5175656,0.52335864,0.5209146,0.51230603,0.51786137,0.53760844,0.52008945,0.51550716,0.52739334,0.52332956,0.5196187,0.5296088,0.5283168,0.5228069,0.5220356,0.50790876,0.5239509,0.52198493,0.50514317,0.53516585,0.52336127,0.5211925,0.53208476,0.5159446,0.5139431,0.52047974,0.5208948,0.522662,0.5272889,0.49971056,0.51628536,0.52199626,0.51240337,0.5232534,0.5190577,0.51428664,0.5170214,0.52302426,0.5207943,0.5073245,0.5234781,0.53175646,0.51852286,0.5213952,0.52358884,0.51484317,0.5055022,0.51503134,0.53472316,0.5113635,0.51009494,0.50738174,0.52293444,0.5163957,0.51344687,0.54687643,0.51914865,0.5195393,0.5125783,0.5320959,0.5333386,0.52998483,0.5318159,0.5051284,0.52362216,0.5162218,0.5405236,0.51083183,0.5203128,0.5273185,0.53872055,0.5297005,0.51321656,0.5218942,0.5201265,0.50803965,0.5257967,0.5318384,0.5227467,0.52465963,0.5180361,0.5349201,0.51490545,0.51524615,0.5037018,0.5062044,0.520859,0.5244063,0.5173349,0.50921863,0.5174554,0.5362489,0.517327,0.5253582,0.5305851,0.5381388,0.5294054,0.53786266,0.53820354,0.5186739,0.5302386,0.5355067,0.5128232,0.51690644,0.5193654,0.51221913,0.5309165,0.5247313,0.5227108,0.53022796,0.51323795,0.50618255,0.5135703,0.5230624,0.5232733,0.50976884,0.52397215,0.5318397,0.51949435,0.54037493,0.5236213,0.50977296,0.5254313,0.5164894,0.5018629,0.5120392,0.5237007,0.5183739,0.5255566,0.5259346,0.5328055,0.5292647,0.52070725,0.5227352,0.51035637,0.5123605,0.53313124,0.51198167,0.53492934,0.52360815,0.5237563,0.5272227,0.5203342,0.51788723,0.53193325,0.5282266,0.51827914,0.5336331,0.53618085,0.5156121,0.52172494,0.51985234,0.5177421,0.51165736,0.5133249,0.5249879,0.5236839,0.5218437,0.5197106,0.5293599,0.5247982,0.5293731,0.51502395,0.52535933,0.5192861,0.52464,0.5084167,0.50317687,0.52774334,0.51744395,0.5329508,0.5319471,0.52532333,0.5135999,0.51506364,0.53060997,0.51945287,0.5083394,0.53314954,0.5097023,0.518591,0.5201676,0.50246674,0.5006886,0.5243937,0.505441,0.5290887,0.5297562,0.53358024,0.5295573,0.52612007,0.5241076,0.5240582,0.5066289,0.5232038,0.5104297,0.5238772,0.5100283,0.5287396,0.5034022,0.51303816,0.52886915,0.51408184,0.52708966,0.5322389,0.5101516,0.53753096,0.51148224,0.5042795,0.50646377,0.5160362,0.5271426,0.53022766,0.52278054,0.5087847,0.5085143,0.5201866,0.50122464,0.5326478,0.52130616,0.51270694,0.51050395,0.50551295,0.52347696,0.5269352,0.5170692,0.52433234,0.51111144,0.52290297,0.5286271,0.5180251,0.531299,0.538566,0.53373444,0.49643847,0.5292586,0.5277415,0.5235806,0.5255986,0.5134841,0.52218205,0.5128451,0.5236933,0.5094411,0.51792526,0.52277756,0.5136678,0.5303038,0.5202049,0.521981,0.51706225,0.5234692,0.5242755,0.5213218,0.51287687,0.5216228,0.5126249,0.51663357,0.5187999,0.5159692,0.51757395,0.5165401,0.50918627,0.52326626,0.52153325,0.5122185,0.51537585,0.50582033,0.51450515,0.5156092,0.5144224,0.5032077,0.5180867,0.5261313,0.50899976,0.52618253,0.51839143,0.5338792,0.52338374,0.5270965,0.5046898,0.51262295,0.5170629,0.5152018,0.5299636,0.54062593,0.5174737,0.5269475,0.51851106,0.5244112,0.52973646,0.52558064,0.5344274,0.5241833,0.5286579,0.52653235,0.52796483,0.52574843,0.5168878,0.5221404,0.5336178,0.5187621,0.52267134,0.5234935,0.5238609,0.52008575,0.519087,0.5141086,0.52534205,0.51454103,0.5060173,0.52464736,0.52729654,0.51055217,0.5225952,0.50597525,0.525689,0.5139721,0.52114654,0.5218655,0.49911267,0.515688,0.5179005,0.50514835,0.5172352,0.50571024,0.5128304,0.51382893,0.52765477,0.52526426,0.53354776,0.52404124,0.51808405,0.5206246,0.53030217,0.50118995,0.53331995,0.5076217,0.51706356,0.5246474,0.5285644,0.52557105,0.5245201,0.5184111,0.53862125,0.51499766,0.52345693,0.5273528,0.51743066,0.5243935,0.5147266,0.5310031,0.5137276,0.5255054,0.5174557,0.51439804,0.51573837,0.5128431,0.52154356,0.5156525,0.51508987,0.5263578,0.5244525,0.5217265,0.5183711,0.526739,0.5216236,0.5302845,0.5309857,0.5186122,0.5107001,0.51167566,0.5193993,0.5151112,0.5135043,0.522834,0.5245323,0.52112156,0.5242369,0.5156127,0.522999,0.5249768,0.51323724,0.5148873,0.51991385,0.5153168,0.5233879,0.51042044,0.5004772,0.51176184,0.5223508,0.54022795,0.52346855,0.5246839,0.52367413,0.5147641,0.5179786,0.5336037,0.5216233,0.525702,0.52257836,0.51119566,0.5194066,0.52706176,0.52782345,0.5220215,0.51627505,0.52045625,0.5186175,0.52632695,0.53181964,0.5284553,0.52745116,0.5274712,0.5298093,0.52619463,0.5308667,0.51414824,0.52457047,0.53220695,0.5201898,0.5341183,0.5328931,0.5242001,0.5303343,0.51623327,0.52682674,0.5145172,0.5108756,0.5237708,0.5099947,0.5116848,0.5268748,0.5074332,0.5332976,0.525724,0.54044926,0.5070269,0.51327324,0.52358246,0.5179822,0.51725215,0.51272243,0.5192449,0.51936597,0.50885344,0.51335657,0.5118928,0.5129062,0.51451254,0.5180673,0.50856346,0.52910316,0.53010637,0.51119226,0.5235034,0.53480566,0.5291008,0.535525,0.51560724,0.53003967,0.5212566,0.5050025,0.5294647,0.53325266,0.50583655,0.5255023,0.52283555,0.52950305,0.5240988,0.50131667,0.5273842,0.5285601,0.5228718,0.52502733,0.53457576,0.52764815,0.53306663,0.5167614,0.5282861,0.51406217,0.52619576,0.52624065,0.5280337,0.5201279,0.5232991,0.53037786,0.52957267,0.5270917,0.52651155,0.5276038,0.5310385,0.5188651,0.5138925,0.51518136,0.51853675,0.5135839,0.5217248,0.51658815,0.5209455,0.5101199,0.52855974,0.51444554,0.5132519,0.519863,0.52247906,0.51286685,0.5090683,0.5159358,0.51832366,0.5183884,0.514314,0.5131855,0.5241358,0.52179295,0.52763414,0.52975845,0.5263994,0.5166701,0.50688106,0.51864195,0.5155213,0.5345969,0.5166762,0.5150953,0.5307159,0.5342935,0.5271112,0.52547836,0.5092508,0.49786565,0.5431495,0.5318545,0.5131538,0.5228416,0.5138971,0.5224309,0.52091587,0.5278557,0.5289782,0.51471144,0.5072351,0.51790315,0.5156402,0.5139618,0.512495,0.5123044,0.5230434,0.5290324,0.517357,0.51683784,0.52293384,0.5139561,0.52683944,0.51555264,0.52427906,0.52691954,0.5196643,0.5280784,0.50456285,0.5325642,0.50052947,0.5064726,0.50929034,0.51631945,0.5283366,0.5128849,0.5126186,0.53066987,0.53406394,0.5331882,0.5294404,0.51410663,0.52771854,0.527143,0.5208705,0.52684754,0.52788526,0.52859527,0.5339976,0.51896185,0.519243,0.51606756,0.5255232,0.5354725,0.52323186,0.5302687,0.5318656,0.5063768,0.5385746,0.52259934,0.51934814,0.51024276,0.5029462,0.5150188,0.5049135,0.5136718,0.51976496,0.5171853,0.5255151,0.5083112,0.52584803,0.5274847,0.5211597,0.51879865,0.5206357,0.52489084,0.50280964,0.51882905,0.52230614,0.5138196,0.51411736,0.52400863,0.5202517,0.5209851,0.5336046,0.51074684,0.5154624,0.51724976,0.5326666,0.52311933,0.5224344,0.52634436,0.52690154,0.52910066,0.518883,0.5276393,0.521544,0.52781945,0.53153753,0.5280808,0.51552826,0.5141664,0.51423126,0.5219683,0.5284879,0.5356998,0.51233596,0.5197141,0.53222674,0.51670474,0.5118843,0.5245758,0.5346864,0.51581234,0.5335206,0.5182906,0.51498574,0.5169308,0.5020894,0.5205573,0.508302,0.5078158,0.5271532,0.5109338,0.5328608,0.5229666,0.5122786,0.51989716,0.53270304,0.5059949,0.5058412,0.51902646,0.5155518,0.51676124,0.52401656,0.5266465,0.54142267,0.5238332,0.53765064,0.5298937,0.50139517,0.53065985,0.50617546,0.5112761,0.51170063,0.51628405,0.5214561,0.5016558,0.53594786,0.5283198,0.51910436,0.53111726,0.5228522,0.5332622,0.5261184,0.5276376,0.5225075,0.5241037,0.5104903,0.53792936,0.5232778,0.52372724,0.5109365,0.50786215,0.53245157,0.5195075,0.51320255,0.51694703,0.52022636,0.5327529,0.51325977,0.5279334,0.5312928,0.5209528,0.51566434,0.5134939,0.5225609,0.5130634,0.51861435,0.51689553,0.5169611,0.52135426,0.5265008,0.53567046,0.5123508,0.5197784,0.5102489,0.5360184,0.5221717,0.5080066,0.5399205,0.5224795,0.5267564,0.50868917,0.52536684,0.5340175,0.53408563,0.52459925,0.528793,0.5318685,0.5047541,0.54395807,0.52862954,0.52820176,0.5292433,0.52775306,0.52251315,0.516068,0.52159303,0.52223825,0.5074299,0.5214381,0.522363,0.51434666,0.5010327,0.5267599,0.5246108,0.52301466,0.52176577,0.5210267,0.53512156,0.5346986,0.5188162,0.51216215,0.5132506,0.5182389,0.5237111,0.52195394,0.522204,0.5231433,0.522689,0.52337056,0.5284578,0.51494604,0.51229733,0.52881485,0.5344633,0.5161257,0.53061765,0.51473826,0.5176892,0.51865953,0.5103165,0.5408551,0.5171033,0.5100787,0.5170665,0.5117571,0.5025725,0.5335802,0.52345914,0.5138353,0.5268539,0.5195806,0.5163223,0.515254,0.5204058,0.52077496,0.51604366,0.51518995,0.52702534,0.52168435,0.52911425,0.52045983,0.52313197,0.5045162,0.5119032,0.5173066,0.52433366,0.52034473,0.5259179,0.5312252,0.51822,0.5275018,0.5249695,0.52347237,0.5208488,0.5154219,0.51947844,0.5167994,0.5223646,0.52721524,0.534263,0.5253665,0.52454543,0.5149374,0.5132652,0.5193882,0.5330333,0.51501936,0.5190249,0.52670866,0.5387973,0.5189183,0.51065993,0.51613796,0.52289474,0.5124783,0.5223446,0.5099672,0.51294756,0.53086,0.5226438,0.50797796,0.5280689,0.51746887,0.53355354,0.5387822,0.51786566,0.5262775,0.5153825,0.52917325,0.5232679,0.5178593,0.51573974,0.5125709,0.525109,0.5157775,0.51848084,0.51491135,0.52583617,0.5270126,0.5177177,0.5184914,0.51763076,0.53142625,0.5286925,0.5213314,0.52847254,0.527028,0.5118495,0.5264059,0.5262802,0.52819127,0.528756,0.52879196,0.5203553,0.5184089,0.5235808,0.5281974,0.5304345,0.516329,0.5345638,0.52492034,0.52225447,0.522833,0.5109488,0.52275443,0.5220583,0.52482456,0.51255006,0.5206356,0.5238359,0.5138904,0.51869273,0.52755445,0.5223994,0.50589556,0.52335995,0.5045535,0.51711375,0.5228598,0.5275941,0.5252969,0.5124281,0.52844566,0.5174264,0.5280575,0.5213389,0.52773637,0.5261867,0.5376377,0.5248014,0.51808494,0.519255,0.5305777,0.5150095,0.5163133,0.52096915,0.5180271,0.51753914,0.53888875,0.52708936,0.53196883
0.79950786,0.8018291,0.81730956,0.82184756,0.81751364,0.8057301,0.8133687,0.8100221,0.8195652,0.81035316,0.8176136,0.80028576,0.8094612,0.8268317,0.82364374,0.82460326,0.79919827,0.793976,0.8283172,0.80857056,0.8045781,0.81101614,0.82185036,0.8059999,0.81565166,0.8008789,0.81272477,0.81506306,0.8127133,0.8208834,0.80734694,0.82450336,0.8164818,0.79583895,0.8035053,0.81010526,0.80368114,0.8138337,0.81155145,0.81907916,0.8119767,0.81337553,0.80099714,0.812979,0.82233363,0.81649774,0.8050891,0.8151064,0.81763834,0.8247691,0.82061285,0.8104458,0.81281173,0.79350984,0.8115685,0.8061168,0.80723214,0.8058167,0.820417,0.795913,0.80111533,0.79975796,0.7874714,0.8064822,0.8215088,0.81588674,0.81162554,0.80910164,0.8187586,0.81486744,0.82747793,0.80700624,0.7899393,0.81824297,0.8045463,0.81433076,0.80073667,0.81484973,0.8003514,0.803661,0.81901073,0.807339,0.8213647,0.81322324,0.80673575,0.8214569,0.8240916,0.8067713,0.80438346,0.7946344,0.80081254,0.8054354,0.813678,0.8101862,0.79700685,0.8141454,0.8092351,0.80259025,0.7949886,0.8052211,0.8107216,0.80820936,0.7998975,0.8026939,0.815722,0.8193059,0.82072556,0.81369907,0.8052902,0.8122249,0.7986012,0.8123786,0.79896206,0.8131982,0.81320596,0.80687857,0.81046575,0.80212694,0.8108107,0.8011975,0.8058145,0.8072403,0.8212499,0.8050516,0.7972903,0.81247264,0.8198169,0.8197769,0.81500345,0.81105006,0.81474966,0.80731314,0.81229436,0.7918375,0.80625814,0.8174006,0.80750155,0.8156623,0.80299836,0.8263633,0.81202954,0.7939793,0.8183077,0.8041406,0.8111316,0.8076245,0.7985908,0.8149769,0.80738246,0.80211294,0.8052922,0.8097456,0.8142236,0.7909721,0.80873066,0.8181906,0.81071484,0.801771,0.81111985,0.8200845,0.8123509,0.8290725,0.81092477,0.8167624,0.7983589,0.7990032,0.81149805,0.8203075,0.79729,0.7916273,0.7961524,0.7925637,0.8165575,0.80625,0.8221924,0.82309216,0.8227499,0.80380344,0.8170357,0.819972,0.8087008,0.8163808,0.8090815,0.81203586,0.79934585,0.8059772,0.8181475,0.8259087,0.79669243,0.8174139,0.8009652,0.8243061,0.8184456,0.81214935,0.80824375,0.8177775,0.813869,0.7941408,0.79993707,0.8102249,0.81031084,0.80418664,0.8049831,0.8209589,0.8157617,0.8152063,0.80093414,0.8189894,0.8070646,0.80265766,0.79320085,0.8103482,0.80156153,0.80542403,0.83032405,0.81301033,0.79505706,0.80773926,0.79563504,0.8008842,0.8037067,0.82027,0.81264895,0.8079526,0.80633414,0.7997088,0.8120486,0.80105466,0.8061968,0.80958724,0.80867624,0.81672066,0.8019648,0.81963515,0.79736054,0.81431276,0.8046305,0.8110998,0.8066475,0.8101012,0.8209935,0.809453,0.8049978,0.8117769,0.8237566,0.8113916,0.80626726,0.8006068,0.80873823,0.80966777,0.812099,0.8126781,0.809161,0.8092979,0.8071793,0.8102877,0.8196965,0.80597806,0.81648904,0.78709185,0.8074225,0.8067,0.79689234,0.7998449,0.80448353,0.8172637,0.8006583,0.80015796,0.81931365,0.8198556,0.81182057,0.801676,0.8191718,0.8073158,0.82587945,0.82019055,0.81032854,0.8173048,0.8092648,0.7972975,0.811644,0.8058253,0.8033581,0.8198748,0.8080464,0.8016423,0.81183165,0.7975135,0.8145659,0.82108456,0.7943307,0.8048508,0.80902886,0.80660886,0.8034282,0.80833036,0.8023075,0.81302184,0.81732595,0.80743563,0.80974776,0.80293274,0.8008001,0.81603074,0.799636,0.80867374,0.8026812,0.78692806,0.81410223,0.8084304,0.82095957,0.82494086,0.8049279,0.81938493,0.81820047,0.80224484,0.8103938,0.8040119,0.8113351,0.81079555,0.80524564,0.81231004,0.7973974,0.81731564,0.79572856,0.80859435,0.8172293,0.8096455,0.79933864,0.8225112,0.8102663,0.8068146,0.79953796,0.817978,0.80573106,0.7988063,0.8088542,0.7806639,0.79762816,0.80228287,0.8089483,0.82125306,0.8113421,0.7979685,0.80390936,0.8131579,0.8107981,0.8055314,0.8120149,0.80354905,0.8078505,0.81544274,0.7985108,0.82112604,0.8007419,0.8057114,0.7992515,0.8102379,0.8114678,0.8085437,0.8110254,0.8059828,0.8201411,0.8179631,0.796761,0.8204482,0.81012124,0.8144812,0.8184039,0.8219014,0.8118776,0.7975296,0.7984678,0.81453407,0.8160964,0.8280318,0.80170655,0.80975825,0.80622137,0.80177605,0.79388386,0.8029763,0.8053982,0.81139123,0.7968182,0.8030964,0.8145259,0.8229838,0.8123544,0.81267333,0.800494,0.8020643,0.80271256,0.81458914,0.81642973,0.81326276,0.80840665,0.8068553,0.80462104,0.8117376,0.8005317,0.8240984,0.81420195,0.81430733,0.81604695,0.81266564,0.8137685,0.80733657,0.8083338,0.80623263,0.81581473,0.8097462,0.8016018,0.80044734,0.81547356,0.80229753,0.81229955,0.79808193,0.8100234,0.8248137,0.8100099,0.8085263,0.817364,0.81750786,0.8116801,0.8243536,0.81910366,0.79589444,0.8186633,0.8198893,0.80861896,0.80842614,0.8259085,0.82030666,0.82009023,0.7990589,0.80420697,0.80048513,0.8040766,0.79336375,0.8165985,0.807361,0.80652595,0.82339966,0.8138927,0.8214917,0.82211393,0.8067052,0.8118892,0.80705744,0.8135917,0.823205,0.8141699,0.8143228,0.8083186,0.80820477,0.8088476,0.8174086,0.8092054,0.80153817,0.7921502,0.79395247,0.81262076,0.81864023,0.80588233,0.82014704,0.81538063,0.80971867,0.78954715,0.81709665,0.798557,0.79335237,0.810031,0.8079158,0.8124805,0.8060513,0.802571,0.80754894,0.80379975,0.8296688,0.8036983,0.80663675,0.8067948,0.80321187,0.80982876,0.82801527,0.8006186,0.80912846,0.81104994,0.82113177,0.83263016,0.8174955,0.81476045,0.8180427,0.8142635,0.80636775,0.81010187,0.81384903,0.825529,0.80854416,0.8056857,0.80790687,0.8024871,0.82733005,0.81187963,0.79914045,0.80732733,0.81631607,0.8172871,0.82061666,0.82412404,0.8059481,0.81076676,0.80137444,0.8088282,0.81779927,0.81044614,0.81699634,0.8059886,0.81655765,0.8085166,0.80618626,0.80775094,0.79778683,0.8169084,0.8195276,0.814096,0.80718267,0.8092665,0.8145011,0.8120433,0.79620117,0.8177322,0.80879563,0.8034036,0.81239104,0.7978897,0.80681586,0.82131344,0.8014168,0.8064747,0.79577327,0.82346684,0.79810894,0.82062805,0.81392276,0.80645967,0.815849,0.8112154,0.808126,0.8187312,0.82053715,0.82059073,0.8052197,0.828839,0.816967,0.81092274,0.80334806,0.81824034,0.80379605,0.82083327,0.82424045,0.8157229,0.7955592,0.80773276,0.79173833,0.8004523,0.8018232,0.8238703,0.8058531,0.81243795,0.82236654,0.8056118,0.8195441,0.80935925,0.8082117,0.8145846,0.80592,0.8119893,0.8037488,0.8100068,0.7869366,0.8180138,0.79808676,0.8088187,0.79406375,0.82041186,0.8052154,0.80542636,0.8113851,0.79731214,0.79739964,0.82514733,0.80845875,0.8132363,0.81861573,0.8004434,0.800701,0.81320316,0.8060852,0.8252572,0.81475323,0.8205695,0.8199374,0.80432296,0.7962696,0.8011003,0.8032771,0.8351021,0.81126934,0.81459063,0.80992526,0.80232596,0.8210071,0.80596316,0.8061628,0.81972164,0.7936152,0.8057455,0.7970388,0.8088397,0.81084,0.8141523,0.80675566,0.799628,0.8187178,0.8128223,0.81839865,0.8082357,0.8095528,0.8014101,0.8027748,0.8146376,0.8205314,0.829206,0.8104372,0.80011994,0.80321425,0.80488,0.80007213,0.80928177,0.8351915,0.80929273,0.810772,0.80555326,0.8229846,0.81429815,0.8093738,0.8153568,0.8045786,0.8109147,0.81097215,0.8032798,0.8204921,0.8142019,0.8099343,0.8093814,0.7919463,0.8217806,0.8189564,0.8090814,0.8196457,0.8097328,0.8161513,0.80252844,0.8174139,0.8062805,0.8020119,0.8192924,0.8018623,0.8070319,0.81141263,0.8045257,0.79856545,0.8108417,0.8036555,0.8169767,0.82086784,0.80553764,0.7965988,0.8110666,0.7935224,0.8141772,0.8192965,0.8031996,0.8069458,0.81036246,0.80520356,0.8251061,0.8037248,0.82023096,0.81476104,0.80852354,0.814457,0.7995157,0.79048896,0.8189894,0.8028168,0.801648,0.8072961,0.7878512,0.8188134,0.8096382,0.8102959,0.8118479,0.81793916,0.8101847,0.79897845,0.79878366,0.80672544,0.8175982,0.808492,0.8184644,0.81252563,0.81675017,0.8102317,0.8124253,0.8035898,0.8177945,0.81762624,0.8029267,0.80914307,0.804677,0.8170561,0.81123674,0.81215674,0.8026571,0.804477,0.8099231,0.8124199,0.79860854,0.80293465,0.82412803,0.81263906,0.81623095,0.8122552,0.8160082,0.8080603,0.8197403,0.81594807,0.80959743,0.8354435,0.8116792,0.81223416,0.81775415,0.78315276,0.8208898,0.8183152,0.79902524,0.8123819,0.8192509,0.8090229,0.8124835,0.81612813,0.81540567,0.79364365,0.80473506,0.80862045,0.8072593,0.80284715,0.8104203,0.81249285,0.80958253,0.80563706,0.80406535,0.7973194,0.80828404,0.8127581,0.7936845,0.8120627,0.80648917,0.81035966,0.81044066,0.8056557,0.80667424,0.8105285,0.8060516,0.79639256,0.8163228,0.82280964,0.80989367,0.8179972,0.80509925,0.7956065,0.80630666,0.7945531,0.79309565,0.8366906,0.81264025,0.8168507,0.811156,0.80060923,0.79756415,0.8233486,0.8049148,0.8232916,0.80549425,0.80863416,0.7877348,0.8111625,0.810542,0.8121381,0.8230313,0.810644,0.8154274,0.7986151,0.8065573,0.8279967,0.80323935,0.8141563,0.7941872,0.7972456,0.817375,0.8088994,0.8212613,0.82249916,0.8140272,0.82633126,0.8132508,0.8047314,0.81768626,0.81169504,0.8182873,0.81605035,0.8052495,0.8006049,0.8224138,0.8017144,0.8167977,0.7922593,0.81370026,0.8123521,0.79740816,0.80852216,0.8103828,0.7989051,0.8106184,0.8042659,0.801798,0.8116582,0.8051336,0.81798154,0.8082886,0.80126506,0.8148515,0.80602294,0.8266615,0.8005707,0.8298178,0.80587953,0.8162308,0.8112964,0.8235455,0.8098381,0.80303705,0.813139,0.83595955,0.8019683,0.80699635,0.8040023,0.80662805,0.81368446,0.80675036,0.8160295,0.7996099,0.8168233,0.80062014,0.8045258,0.81211936,0.82034904,0.8157227,0.79924715,0.80508524,0.82599473,0.81160504,0.8205416,0.80329716,0.7858248,0.8131071,0.8101969,0.81526357,0.8054218,0.81825864,0.8184749,0.8049055,0.8304761,0.7991579,0.8139003,0.82577467,0.8144094,0.8088451,0.8246122,0.8064872,0.8352508,0.8069112,0.81034184,0.8103889,0.8143126,0.80236155,0.8098377,0.8059506,0.8094059,0.81736827,0.7990545,0.8254677,0.81006926,0.80997205,0.8158775,0.8136359,0.80035716,0.8002927,0.821021,0.8143311,0.8001394,0.80690503,0.82195807,0.79845923,0.8220267,0.81249404,0.7944936,0.82850176,0.81248343,0.80776376,0.81166214,0.78900194,0.8158295,0.8043877,0.8110447,0.8053411,0.8069663,0.7898806,0.8130919,0.8020169,0.8022088,0.7978819,0.80085486,0.8067293,0.81590784,0.81742746,0.8087483,0.8166612,0.8175461,0.8005235,0.81254107,0.8136088,0.835504,0.7978537,0.81680506,0.82045585,0.81447345,0.814894,0.8041264,0.8183258,0.81078905,0.80955106,0.811569,0.80304897,0.81388205,0.8204834,0.808843,0.81323236,0.8249124,0.81474906,0.83058375,0.79484636,0.8224762,0.81472886,0.8001456,0.8104707,0.811801,0.7931889,0.8044472,0.8081312,0.81443363,0.82485294,0.8117102,0.82328457,0.80664474,0.80148345,0.79964846,0.8029747,0.8164088,0.79203314,0.81148726,0.8106635,0.80885893,0.81014305,0.8175847,0.8203032,0.8045858,0.81215566,0.8159219,0.8131551,0.80235267,0.7969296,0.81883836,0.78323555,0.7975676,0.8127208,0.8186542
0.7121049,0.7160912,0.7098388,0.71388936,0.70678437,0.7141621,0.7071028,0.70931,0.7220916,0.71796936,0.70964485,0.7213212,0.7026495,0.70744663,0.7290763,0.72226375,0.70603615,0.70699805,0.7150524,0.70109713,0.6993115,0.72017914,0.7191887,0.7170349,0.71148,0.7033871,0.7101638,0.7207285,0.7073414,0.7374768,0.71728855,0.715964,0.7119004,0.70303535,0.7261126,0.7267153,0.71130085,0.718113,0.7284479,0.7313512,0.7111918,0.7077221,0.70159584,0.7173129,0.7275873,0.72297317,0.721864,0.71228415,0.7189192,0.7192131,0.7297846,0.706316,0.71736985,0.71523124,0.71833336,0.7216326,0.7175883,0.71739215,0.72288686,0.6969947,0.7065741,0.7069811,0.696452,0.7120556,0.7171685,0.7272898,0.71309084,0.7165619,0.7180547,0.70616657,0.71280247,0.71146774,0.7304467,0.72505605,0.7138033,0.7225233,0.7085199,0.71510106,0.7243469,0.7138006,0.70479715,0.726483,0.71591735,0.71613574,0.7173184,0.71528953,0.7150342,0.70231456,0.7111798,0.7068111,0.7173537,0.6981198,0.70869887,0.70746315,0.7213525,0.71217006,0.70422006,0.6994252,0.7168702,0.69969225,0.7180712,0.7124946,0.71650976,0.7137659,0.7122191,0.719332,0.71977586,0.71940243,0.7131871,0.70629585,0.721289,0.71814895,0.71421075,0.72383696,0.70266795,0.70021987,0.713149,0.71122444,0.71675164,0.69944364,0.7044384,0.7172583,0.7080771,0.7167991,0.711874,0.7158909,0.7155185,0.72511446,0.70750725,0.70598054,0.7272939,0.7093887,0.7154621,0.71107876,0.71141624,0.7155782,0.7014791,0.7228528,0.7143637,0.7137253,0.71365213,0.70487,0.7165946,0.71180665,0.71667355,0.71624947,0.72533876,0.7245479,0.70673335,0.6977085,0.7030062,0.72045785,0.7090539,0.7181737,0.72444624,0.72459894,0.7229216,0.71467507,0.720715,0.7101369,0.71272147,0.73378354,0.71634024,0.70580953,0.7041365,0.7072596,0.7255778,0.7254158,0.7128091,0.7126069,0.70876664,0.7148968,0.70975,0.71843344,0.71610534,0.71107006,0.73459667,0.73086643,0.72251123,0.70729804,0.7125843,0.7258876,0.71823543,0.7119601,0.7058362,0.711577,0.7115671,0.714905,0.70581836,0.7033964,0.7079169,0.7130669,0.71938545,0.6999254,0.7216074,0.728414,0.7099603,0.68612623,0.70876545,0.7125359,0.703727,0.69607466,0.70970607,0.72531366,0.71116877,0.71001816,0.7097282,0.70879793,0.7146987,0.7060612,0.70784026,0.70914316,0.70616573,0.7165374,0.7213008,0.7287651,0.7132645,0.71137375,0.6950488,0.71828765,0.7295437,0.715175,0.719625,0.7227014,0.70489246,0.7009477,0.7171834,0.6989458,0.7128612,0.71305805,0.7153067,0.7068532,0.71738565,0.7210078,0.71100885,0.71023685,0.71383685,0.7084677,0.7139062,0.7090579,0.725487,0.7107395,0.70233124,0.72628754,0.70412827,0.709755,0.7085657,0.7179432,0.7165409,0.70460683,0.6980533,0.7189569,0.71626943,0.71575713,0.70804065,0.71471953,0.72600853,0.7163458,0.71153265,0.7076138,0.72244835,0.7172783,0.70387006,0.7127099,0.7276622,0.6886065,0.7152829,0.70322424,0.7078088,0.7274722,0.71939135,0.7196826,0.72533303,0.7130323,0.72040147,0.7051488,0.7274573,0.71005917,0.7133614,0.7166844,0.7109394,0.7127038,0.7079249,0.7131833,0.716097,0.7091396,0.6972534,0.7173128,0.7176189,0.7202377,0.7043859,0.71637076,0.7142241,0.71330917,0.70635825,0.72468007,0.7165764,0.72282743,0.72059363,0.72298473,0.7116768,0.71276385,0.7141612,0.7241645,0.7078589,0.7083185,0.712072,0.7076585,0.72135955,0.72070694,0.7154565,0.7277714,0.7139302,0.7210859,0.70122933,0.71149594,0.71535295,0.71947134,0.71024525,0.7104221,0.71500254,0.7182397,0.7144001,0.70558345,0.7103829,0.7075453,0.7066457,0.71089464,0.6914372,0.7147089,0.7218244,0.7052105,0.72148925,0.7225565,0.7019784,0.7152802,0.71201986,0.7117036,0.6983477,0.69486016,0.7081371,0.7247246,0.7193535,0.7111506,0.69850385,0.72664934,0.712251,0.7089394,0.7368645,0.7079315,0.7109744,0.7306127,0.7055991,0.72239906,0.72661895,0.69727945,0.7046686,0.71868074,0.71963954,0.7034188,0.7078624,0.7134225,0.71506786,0.73123133,0.7159153,0.72207385,0.7178475,0.7131004,0.716576,0.7146751,0.72278816,0.73314875,0.7055681,0.7041563,0.72213846,0.7112114,0.70041406,0.71717846,0.7028382,0.71801156,0.7158709,0.7118183,0.72786456,0.71365947,0.7032374,0.7184222,0.72375923,0.7146591,0.7141534,0.70669204,0.7031025,0.7032223,0.70110863,0.7149921,0.70351213,0.70458513,0.720416,0.7048862,0.72861916,0.7320858,0.70721143,0.719428,0.7078544,0.71085703,0.7069065,0.70231634,0.7080634,0.71216273,0.70660484,0.7090348,0.7166777,0.72086465,0.70657897,0.72168076,0.7111842,0.7054441,0.70149803,0.6987047,0.7275607,0.71623075,0.71258855,0.7018043,0.72040576,0.7267607,0.7198686,0.7108305,0.72856313,0.71240413,0.7151792,0.72777635,0.71106017,0.70634514,0.7201615,0.71454614,0.7230248,0.7086393,0.71937126,0.7088961,0.7196379,0.7068175,0.7202151,0.7143077,0.7231011,0.70976067,0.70985925,0.72352034,0.718728,0.70196027,0.71743894,0.71120936,0.7210612,0.6979884,0.7226661,0.7154092,0.7228844,0.7116189,0.7021858,0.7233371,0.7143406,0.7062809,0.7016287,0.7075281,0.70809805,0.7146783,0.69906574,0.70536995,0.7226313,0.7036804,0.71755546,0.71152526,0.71697646,0.71717477,0.7110442,0.7073053,0.706825,0.7211818,0.7168887,0.7204863,0.7208481,0.703262,0.7147202,0.70810777,0.7107768,0.72207105,0.7261384,0.71063215,0.69935966,0.7062797,0.69968617,0.70952207,0.71417433,0.7126949,0.7266641,0.7161148,0.7195534,0.708396,0.7077667,0.7174376,0.7167673,0.7151431,0.7142065,0.7127769,0.7166347,0.7316172,0.71868134,0.7168745,0.7279505,0.71863055,0.7083896,0.71177363,0.7257308,0.7095527,0.7189639,0.7038838,0.7162527,0.71213144,0.70576113,0.71361274,0.72109663,0.7321865,0.71313804,0.72698295,0.71549034,0.7175378,0.71836466,0.718174,0.72578907,0.7247649,0.71901083,0.7310961,0.7086541,0.70255774,0.71902776,0.7181087,0.7064827,0.7196221,0.7092894,0.72652084,0.7077412,0.71649414,0.7257386,0.7212884,0.7202806,0.6957251,0.72645676,0.7095567,0.71611804,0.71282053,0.7104571,0.7302383,0.71229714,0.7263239,0.7242396,0.71683276,0.72859526,0.72018915,0.7155666,0.7093267,0.7185269,0.7110164,0.7183382,0.7226657,0.7179276,0.7014906,0.7067811,0.711057,0.7120794,0.7040851,0.72233975,0.7150232,0.71955866,0.7272895,0.7096626,0.72400635,0.71596664,0.7104025,0.72183114,0.7146692,0.72550464,0.7083276,0.71059597,0.6979664,0.71100473,0.70731586,0.7044353,0.70133287,0.7178704,0.7026024,0.71391374,0.71615666,0.71307105,0.69749826,0.71658796,0.71608496,0.7208417,0.7308819,0.7035332,0.69964063,0.7088775,0.69602513,0.7132365,0.7141342,0.70920056,0.71593934,0.7195945,0.72029024,0.7087172,0.7196328,0.72205234,0.6995052,0.6999075,0.72745705,0.7246741,0.71188074,0.70414203,0.721555,0.7118548,0.7102675,0.7039373,0.7048514,0.7150071,0.7113725,0.71549606,0.71698064,0.71496725,0.7097932,0.70758855,0.71629876,0.7059339,0.71307796,0.6980285,0.69570345,0.7030591,0.7148334,0.71842873,0.70646214,0.70949906,0.71238405,0.7090121,0.70709157,0.7053464,0.7191854,0.7025679,0.71432203,0.7156579,0.7232201,0.7048751,0.7077943,0.7017621,0.7050427,0.7329132,0.7197381,0.70731086,0.71932536,0.72489303,0.71501094,0.7103969,0.6962629,0.7283495,0.71519876,0.7130994,0.72320443,0.71460044,0.71383697,0.7099869,0.70529366,0.7130502,0.7117281,0.7230646,0.7206439,0.7130685,0.7038661,0.7098774,0.7034776,0.71182024,0.7133477,0.71537644,0.71074975,0.71722615,0.73246986,0.70858204,0.7175589,0.7151437,0.71935683,0.7097311,0.7035295,0.7267924,0.7149799,0.71885514,0.7183645,0.7001885,0.7104817,0.72303015,0.7165228,0.7246181,0.7008052,0.7059937,0.70403653,0.71438557,0.71625847,0.71284693,0.7104287,0.7070952,0.72027326,0.70804,0.7154405,0.701733,0.7181115,0.7070274,0.73412764,0.7211775,0.71424097,0.71728474,0.70912015,0.7319159,0.71005327,0.71107835,0.7094561,0.7258238,0.72225094,0.7167369,0.72215486,0.7124773,0.7080258,0.70482934,0.73086554,0.7236318,0.7143645,0.7186412,0.7052004,0.7083363,0.71012557,0.7247998,0.70672834,0.70521814,0.7142861,0.7094649,0.6976155,0.7231461,0.7204081,0.71632195,0.7266796,0.7044153,0.7165409,0.71358114,0.69900745,0.7239164,0.7276895,0.7048788,0.7116937,0.71531254,0.7023496,0.70930636,0.7154685,0.72170377,0.70570004,0.71661633,0.71346635,0.7181946,0.7230508,0.6977854,0.7278382,0.70690095,0.70501554,0.70487267,0.7162909,0.7252794,0.72187746,0.7237014,0.71082,0.69694114,0.7282639,0.72336036,0.7149076,0.6969518,0.7204397,0.71269834,0.7143702,0.7069241,0.7234746,0.7278906,0.71236414,0.70755756,0.71280825,0.7027562,0.70874053,0.714616,0.7209682,0.70303565,0.72061294,0.72027266,0.71186453,0.71156603,0.71186584,0.70397425,0.711925,0.7064524,0.72621155,0.70218337,0.7240107,0.7150353,0.7169931,0.70922506,0.71198654,0.7212012,0.6997427,0.7081375,0.7252116,0.7099768,0.713521,0.71165705,0.71287477,0.71126455,0.7128066,0.70902467,0.7260043,0.71697795,0.727827,0.7099722,0.7045037,0.7072981,0.7115794,0.7166695,0.7243197,0.7161097,0.7173877,0.7196722,0.717526,0.709311,0.7153471,0.7102515,0.7141139,0.7141727,0.7120786,0.7155079,0.70224434,0.72547704,0.7239206,0.7191855,0.71326596,0.7066523,0.7195176,0.7112925,0.71728736,0.71976376,0.71316826,0.73165977,0.7202251,0.7173102,0.7114543,0.7036805,0.7167531,0.7152094,0.7189825,0.7111474,0.7158622,0.72709274,0.7170161,0.7132303,0.7171069,0.6977628,0.7035252,0.7191718,0.7096421,0.70151436,0.73111063,0.7063728,0.7096791,0.7206114,0.7117199,0.7008614,0.71122533,0.717703,0.716295,0.7045851,0.70345116,0.71529514,0.72976726,0.7072136,0.7253628,0.72032756,0.7072343,0.7212346,0.70876896,0.72085595,0.70472884,0.7142869,0.7256405,0.71208644,0.7208824,0.71407884,0.7208346,0.7077111,0.7242438,0.69268703,0.71354276,0.71533173,0.725211,0.71494573,0.7177231,0.7149638,0.7260791,0.70168686,0.69683313,0.7214696,0.71831733,0.70213664,0.7070515,0.7158568,0.7180355,0.7034495,0.7142341,0.7081129,0.6960136,0.7014235,0.7130707,0.7092764,0.7183734,0.7163223,0.71231854,0.7201339,0.69899416,0.71577483,0.717964,0.7154359,0.7184085,0.7181015,0.7173212,0.7061792,0.69975,0.6985474,0.72279716,0.71260357,0.7067368,0.70935637,0.7131514,0.70862395,0.7299446,0.70577925,0.7192426,0.7103675,0.72401386,0.7106339,0.71710694,0.70764995,0.7255332,0.7045551,0.7080404,0.70868224,0.73244756,0.70828795,0.7084252,0.72382736,0.6956541,0.7198574,0.7074662,0.7085472,0.72087073,0.7134141,0.7095452,0.70686215,0.7230354,0.72442806,0.7129488,0.6913292,0.7167429,0.7151898,0.7067854,0.71680987,0.7198485,0.7109284,0.7266897,0.7189878,0.70232946,0.7261302,0.7052583,0.7205788,0.7228268,0.7104624,0.69668615,0.71530205,0.7103094,0.7118505,0.7145981,0.7322226,0.72161764,0.7231443,0.7280869,0.71532077,0.71010566,0.6999131,0.72712183,0.7303872,0.7123037,0.7200004,0.72062296,0.69832927,0.70428616,0.7111475,0.71784073
0.0077373795,0.0027056169,0.0,0.0,0.0,0.012775486,0.0,0.0,0.012561532,0.0,0.0,0.0,8.1321225e-05,0.0,0.0,0.0,0.0,0.008711012,0.0,0.0,0.005852023,0.0057749394,0.022532415,0.006691156,0.0,0.009060532,0.0,0.0009372495,0.0,0.011300679,0.0022185147,0.0,0.0,0.0,0.0132732,0.0,0.0109715,0.0,0.0,0.0,0.0,0.0,0.0,0.019829767,0.0,0.0,0.016445853,0.0,0.0,0.0,0.0,0.0,0.0,0.017996358,0.0,0.0,0.00094554015,0.0,0.010630431,0.013050974,0.0,0.0,0.0,0.0,0.0,0.0015632734,0.0014434755,0.0,0.0,0.007019324,0.005579084,0.0052231494,0.021459375,0.0024493579,0.0028374698,0.0,0.0,0.0,0.017546138,0.0,0.0,0.007658357,0.0,0.0,0.0,0.0,0.0,0.0,0.009277381,0.0,0.010248829,0.0053858366,0.0,0.0,0.0043589063,0.0,0.0066858754,0.0,0.0031201467,0.0,0.0,0.0,0.0028009173,0.0021600295,0.0,0.0,0.0,0.01148767,0.0023138933,0.0,0.0019003227,0.018781012,0.0058356393,0.0,0.0,0.0,0.0007183235,0.0063391943,0.0068759955,0.004571855,0.0,0.005611688,0.0,0.0016575195,0.0020101331,0.0033064,0.0,0.0,0.0,0.0033040214,0.0,0.0,0.0,0.010246512,0.0,0.0,0.0,0.0014365241,0.015042389,0.0,0.0020653494,0.0035686586,0.0,0.0,0.0,0.0047634263,0.01244339,0.0061540995,0.0,0.00239419,0.0028910115,0.0067144316,0.0,0.009565733,0.0,0.016629834,0.01534627,0.008488007,0.0,0.0,0.0,0.002542477,0.00056174025,0.0,0.007598428,0.0,0.00070715323,0.007996583,0.0,0.0,0.0,0.00038087927,0.0,0.0,0.0,0.0,0.010541938,0.0,0.0,0.0047138687,0.0029954724,0.0103240665,0.0,0.0,0.008985931,0.0,0.0031062998,0.0,0.00627283,0.0,0.0,0.0,0.0024691895,3.3397228e-05,0.009871919,0.0,0.0,0.0,0.0,0.008384155,0.0,0.00018899702,0.0,0.0,0.0,0.0,0.01808761,0.0,0.0,0.0,0.0,0.012040118,0.010515496,0.0,0.0018028822,0.0,0.0008263141,0.0015286785,0.009515345,0.0,0.0027040113,0.0061461125,0.0,0.0,0.0,0.0,0.0,0.0,0.0035711639,0.0,0.0016311742,0.0,0.010830522,0.0044582,0.00096607767,0.015347968,0.013073361,0.0,0.0,0.00072379224,0.013837827,0.008848203,0.0,0.0044635143,0.0,0.0,0.004446624,0.0,0.00035045482,0.0,0.0012198742,0.0047960486,0.0,0.014133828,0.004632311,0.0,0.0025388468,0.006445747,0.008630877,0.0057438947,0.007836014,0.0087298695,0.0029791128,0.0,0.0,0.0,0.005257735,0.0,0.0,0.0027350895,0.0,0.0,0.0064977743,0.0,0.0,0.0,0.0,0.0,0.0006849058,0.008022216,0.006332107,0.0038769934,0.0,0.0,0.0011985432,0.0,0.0054493714,0.0016577169,0.0,0.004101651,0.0,0.006381383,0.0,0.002137538,0.0,0.0024199877,0.0,0.0,0.0,0.0,0.0,0.005799249,0.0,0.0015450381,0.0,0.0,0.0,0.0,0.0,0.0,0.0,0.0,0.0,0.008740753,0.0,0.0,0.008303216,0.0053946264,0.0,0.0,0.0,0.0007267725,0.0,0.0,0.0012796912,0.0,0.0,0.0,0.0,0.0,0.0,0.0,0.0,0.0,0.0,0.0066485964,0.0,0.0,0.0038581714,0.0015524905,0.0,0.0,0.0020941831,0.0,0.0,0.0,0.0,0.0,0.011151118,0.0042155143,0.0,0.009321498,0.0013390575,0.002267791,0.0,0.0008975882,0.0,0.0,0.0,0.0,0.0,0.0,0.0,0.0030261427,0.0,0.0,0.0,0.0060154367,0.0029940214,0.00386603,0.0,0.00082290545,0.0,0.0,0.0,0.0,0.0,0.0006493535,0.008928416,0.0,0.0,0.0,0.0012448374,0.0,0.004979912,0.0059340447,0.0,0.0,0.0,0.0068276245,0.010876369,0.0039285365,0.0026218817,0.008308575,0.0,0.0,0.006680876,0.0045306403,0.0,0.0,0.0,0.0003615599,0.0026161242,0.007909302,0.0,0.0,0.0,0.0,0.0,0.0047353692,0.0,0.0,0.01116352,0.0,0.0,0.0034740511,0.0,0.0,0.0,0.0,0.0,0.0003440883,0.0,0.0,0.0,0.0,0.0050513297,0.0,0.0,0.0,0.0,0.0,0.0,0.0,0.005562732,0.004649626,0.0,0.0,0.0,0.0,0.0,0.0,0.0,0.0,0.0,0.0075452235,0.0,0.0042417124,0.0048849974,0.014131809,0.0,0.0,0.004380582,0.0,0.0,0.0,0.0065115932,0.0,0.0,0.0,0.0,0.011134842,0.0,0.005990008,0.0,0.0,0.0,0.005604608,0.00050142035,0.006437471,0.0,0.0,0.0,0.0,0.0,0.0,0.0,0.001874648,0.003196478,0.0065878965,0.0,0.0,0.013038257,0.0,0.012629027,0.0,0.0,0.0,0.007468857,0.0,0.0,0.00016031414,0.0053441096,0.0,0.0024675932,0.0,0.0,0.0069375727,0.0,0.0,0.008843679,0.0,0.0,0.0,0.0,0.0,0.0,0.0011525936,0.0,0.0,0.0,0.004369488,0.0,0.0,0.0,0.0042741,0.012399721,0.0,0.0012460258,0.007536432,0.0,0.0,0.0047682133,0.0,0.0019616708,0.0,0.0,0.0,0.0,0.0,0.0,0.0012888238,0.0,0.0004271753,0.0,0.0,0.0038997568,0.0,0.0023562573,0.0,0.0,0.012921626,0.0057548527,0.0014891624,0.0,0.00035144016,0.0062793978,0.0,0.0029143952,0.01220319,0.0,0.0,0.0,0.0,0.00031990372,0.0,0.006402677,0.0015823431,0.0067060404,0.0046713315,0.0,0.0,0.0,0.002873348,0.0,0.010878531,0.0024214704,3.6058947e-05,0.0,0.0,0.011166986,0.01225131,0.0065082675,0.0,0.0,0.010131367,0.0,0.007356154,0.0,0.0,0.0,0.0,0.0,0.00082249567,0.0,0.0,0.008894501,0.008164173,0.0027967766,0.019968633,0.0,0.0,0.0,0.0,0.0049004387,0.009776812,0.005959021,0.0,0.0,0.0,0.0,0.009118278,0.0,0.0,0.0,0.0011810977,0.010619171,0.0116657615,0.017740745,0.0,0.0,0.0,0.0,0.0134506915,0.0,0.0,0.0,0.0034349952,0.0,0.0,0.0,0.0,0.003561018,0.010618003,0.0,0.0,0.0,0.0,0.0,0.0,0.0,0.0,0.0,0.012890171,0.0,0.0,0.0,0.0,0.0,0.0,0.0,0.0,0.0,0.006605042,0.0,0.0,0.0,0.0,0.0,0.0,0.0035317838,0.004278483,0.0,0.0,0.0,0.0,0.0,0.0,0.0,0.0,0.0,0.0056189504,0.0,0.0,0.004423611,0.0,0.0054571237,0.0,0.0,0.011224823,0.009061849,0.0,0.013154777,0.006067006,0.004018085,0.0,0.0,0.0020991731,0.0,0.0,0.0,0.004340442,0.004231628,0.0,0.0,0.0,0.0,0.0,0.0,0.0,0.0,0.0,0.0,0.0001459308,0.0,0.0122386515,0.0,0.0059632063,0.0,0.0028190836,0.014494969,0.0,0.0,0.0,0.0066761933,0.0,0.0,0.0,0.0,0.0,0.007220138,0.0,0.013355907,0.0,0.0039020628,0.0,0.0,0.0,0.0,0.008201063,0.0046399646,0.013680963,0.0,0.0,0.0,0.0058362335,0.0,0.0,0.010254363,0.0049386006,0.0028999168,0.009689286,0.0,0.0,0.0,0.0,0.0056779888,0.0013218652,0.0,0.0,0.007231405,0.0,0.0,0.0076433364,0.0,0.011159314,0.0,0.007279793,0.0,0.008136468,0.0,0.006805962,0.0,0.0,0.007546682,0.019711345,0.0,0.002590729,0.0,0.0,0.0,0.0,0.009042783,0.00037710182,0.0,0.0,0.012713375,0.0042669717,0.0,0.021619366,0.010224706,0.009411134,0.005352429,0.0,0.004142696,0.0,0.009150708,0.0,0.0,0.0,0.009776287,0.0,0.0,0.010570835,0.0019062031,0.0049065053,0.00647806,0.0,0.0,0.009862509,0.0,0.0032347161,0.00900786,0.0,0.0,0.0,0.0,0.0,0.007145552,0.005653085,0.0,0.007750675,0.0,0.0013091546,0.0,0.0051557906,0.0043228157,0.0016379673,0.0,0.0,0.011712102,0.011006607,0.0,0.00892104,0.0003070552,0.0025223177,0.0,0.0,0.0037978627,0.0,0.005067857,0.0,0.0,0.0,0.0032115635,0.0,0.0,0.0,0.0,0.0,0.0,0.010284189,0.0,0.0,0.0,0.010606909,0.005989371,0.009548502,0.00095459074,0.0,0.0,0.0,0.0,0.0,0.0,0.008021122,0.011212353,0.0113381,0.0,0.0014595967,0.0,0.007394921,0.0013415627,0.00791204,0.0076142177,0.0,0.0,0.00073500164,0.0071066115,0.015865061,0.0,0.014345139,0.000121627,0.0,0.014338439,0.02106275,0.0,0.0090152435,0.0,0.0,0.0,0.0,0.003136944,0.0,0.0,0.0,0.0,0.0070188195,0.0,0.01520416,0.011417266,0.006363172,0.0,0.0012129582,0.008836459,0.0,0.0051366743,0.0,0.0,0.0075336453,0.0,0.0,0.0,0.0,0.0,0.0018310882,0.0,0.0006061364,0.003752159,0.0,0.0062369555,0.0,0.0,0.0,0.0,0.013281254,0.0042470787,0.0,0.008553615,0.001367962,0.0,0.0042149182,0.00405629,0.0,0.0,0.005216617,0.0,0.0009412095,0.002453763,0.0,0.0,0.0,0.0,0.01007564,0.013880002,0.0,0.0150798205,0.0,0.0,0.0,0.0,0.0,0.0,0.00840264,0.011213923,0.0063041057,0.0,0.0,0.0,0.0,0.0,0.0,0.008463286,0.000479538,0.010042956,0.0,0.0,0.0,0.0036091376,0.003868118,0.013363952,0.0,0.0,0.0,0.006451944,0.0040883347,0.0,0.0,0.0,0.006388018,0.00120968,0.0,0.0,0.0,0.0037272563,0.0,0.0033031013,0.0028116293,0.0045808516,0.0,0.010721486,0.012775034,0.0,0.009746016,0.0,0.003493186,0.0,0.011825971,0.010394126,0.006067952,0.0,0.0,0.0,0.0,0.0065469313,0.01053993,0.0010498203,0.0065621585,0.0032577384,0.0,0.0,0.004238263,0.00072058104,0.0039682817,0.005651742,8.72165e-05,0.005100755,0.018726027,0.0,0.00039055012
0.8919844,0.87713265,0.87215704,0.89747775,0.88727057,0.88683164,0.88655347,0.8833573,0.88448966,0.89570296,0.8709772,0.8931624,0.88348544,0.8987616,0.8872595,0.8910521,0.8902072,0.88594073,0.88472015,0.88654095,0.8907751,0.88475513,0.8944392,0.8850384,0.89331436,0.8796959,0.8886161,0.89260244,0.87978554,0.898797,0.8941157,0.88789934,0.88301224,0.8768164,0.8990636,0.89041036,0.8845111,0.88477856,0.8839017,0.88642,0.8856305,0.88419235,0.88230044,0.88020074,0.8892393,0.8882754,0.8707541,0.88241976,0.88873136,0.88039804,0.8827238,0.88872,0.88935953,0.87854856,0.87645346,0.8955787,0.8850104,0.886475,0.8833005,0.8662148,0.8817333,0.883063,0.8727895,0.88338304,0.8734117,0.88445175,0.878551,0.8787581,0.88704,0.8889837,0.89748126,0.8949283,0.882525,0.88065445,0.8828973,0.8930759,0.88932395,0.8937998,0.88790166,0.88572645,0.8769235,0.891332,0.8845595,0.8926819,0.8891019,0.887973,0.8924051,0.8916397,0.8876958,0.86568356,0.89555544,0.88338125,0.8891018,0.87599134,0.8856934,0.8739751,0.877449,0.8791541,0.87433326,0.88296914,0.8815892,0.87327003,0.88261247,0.8835349,0.88570976,0.90885866,0.88066745,0.88716155,0.8800775,0.8771055,0.88142276,0.8926541,0.8911034,0.8981417,0.8797936,0.8759407,0.8777871,0.8875426,0.8844755,0.8861421,0.8785021,0.8942224,0.89076203,0.89095885,0.87376195,0.88578737,0.8921248,0.87290126,0.8879855,0.8884109,0.88583535,0.8882771,0.8890736,0.891182,0.8981474,0.88710475,0.8885529,0.8822835,0.89503706,0.8799735,0.89643073,0.8735198,0.89117706,0.8858627,0.8845031,0.89062005,0.90474194,0.8879168,0.8824593,0.8799194,0.86782426,0.8873706,0.8750432,0.8922739,0.882012,0.9091642,0.87336564,0.8754434,0.8986871,0.8817324,0.8850405,0.8968175,0.88912934,0.88821495,0.87634724,0.8814352,0.89347655,0.889863,0.8722533,0.87332535,0.89031637,0.8884826,0.8825768,0.8876014,0.89372474,0.8890863,0.884894,0.8862808,0.8955336,0.885954,0.87616515,0.8897056,0.88564026,0.8856754,0.88589746,0.876626,0.8922439,0.89499646,0.8823186,0.88747025,0.885828,0.8914319,0.8782993,0.8773686,0.8835988,0.8916812,0.8851915,0.87446004,0.8708577,0.8977677,0.88536054,0.8787417,0.89649755,0.89296895,0.8931202,0.88451976,0.8904469,0.88093436,0.89567566,0.89018595,0.87745416,0.8870067,0.8868626,0.8764717,0.8820728,0.8860029,0.87592757,0.8922068,0.88207895,0.8798385,0.87772155,0.884233,0.8843354,0.8841247,0.88310075,0.8837037,0.8900511,0.8778263,0.8933794,0.88815016,0.88826245,0.8783495,0.87582475,0.8985282,0.884493,0.8701635,0.8830286,0.8822144,0.8899181,0.90038955,0.89349633,0.8844057,0.87979025,0.89174455,0.8734579,0.8842454,0.8913266,0.88500476,0.8936011,0.8810023,0.88660043,0.88576335,0.8869733,0.8803823,0.893667,0.8821979,0.8763995,0.88768315,0.8903565,0.8787536,0.8935351,0.8841002,0.8795127,0.8834472,0.8935562,0.8782827,0.8754444,0.8898717,0.88192254,0.8824294,0.8812039,0.88660896,0.8858591,0.87938696,0.889834,0.8786518,0.8826771,0.8869907,0.87370694,0.8844774,0.8803253,0.88983446,0.88710517,0.88959616,0.89212304,0.877315,0.90006065,0.8735081,0.88588345,0.8852642,0.88768065,0.8750014,0.8907916,0.8871174,0.87330395,0.8848735,0.89167196,0.88007754,0.89030135,0.8899161,0.88254684,0.8759905,0.8906962,0.89302886,0.88938314,0.88028395,0.878375,0.877157,0.88874364,0.88574386,0.8812215,0.8939947,0.88470817,0.8868254,0.8802049,0.88547087,0.8815052,0.8725122,0.88397074,0.8932801,0.8917972,0.8973289,0.8848038,0.8859363,0.88122356,0.8734863,0.8837793,0.88765,0.87262005,0.88568175,0.8980129,0.88365704,0.8875215,0.8775633,0.87571365,0.894173,0.8780183,0.8740403,0.8734155,0.8809208,0.89784044,0.876004,0.89811194,0.8747754,0.8668235,0.8967796,0.8744022,0.8747163,0.88684523,0.89406246,0.8883311,0.8899571,0.8845311,0.8858069,0.8900531,0.8734559,0.88534504,0.8900337,0.8908573,0.88608956,0.8985699,0.880864,0.88248104,0.8803433,0.8788945,0.8850558,0.8965471,0.8922567,0.88953865,0.87910783,0.87995476,0.88199574,0.89304405,0.885653,0.8838548,0.87981325,0.8807068,0.87801427,0.8852783,0.8844109,0.886181,0.8904388,0.89451545,0.8807369,0.8937799,0.8814543,0.8941283,0.88748294,0.8881744,0.8834049,0.8707463,0.871887,0.8804139,0.8711668,0.8727582,0.8855826,0.8843885,0.86834556,0.89760953,0.88846666,0.88250554,0.8823216,0.88920295,0.8788217,0.8802911,0.8761115,0.8837464,0.87364966,0.8888865,0.8843271,0.8875136,0.8835524,0.88366425,0.89460045,0.8804713,0.8829357,0.8760118,0.87891793,0.8929936,0.8987383,0.89348006,0.88934684,0.88057196,0.8934634,0.8714049,0.8891443,0.89239347,0.87676096,0.8875892,0.88144445,0.87305987,0.8966373,0.8836331,0.88624924,0.8925851,0.8969543,0.89358234,0.8869768,0.8993092,0.8771147,0.8850314,0.87924826,0.88784444,0.8897729,0.8964292,0.8869769,0.89294714,0.8970363,0.8836989,0.89350027,0.89191484,0.89176935,0.9041818,0.8849636,0.87854433,0.8800785,0.882639,0.8882228,0.8944192,0.8835124,0.89716804,0.8785858,0.8967608,0.8904196,0.8751668,0.8940821,0.89102155,0.87486684,0.8910037,0.8780132,0.87513596,0.8877596,0.8879673,0.8890082,0.8807675,0.8723143,0.888056,0.87759125,0.8872424,0.8896886,0.8927123,0.875386,0.88587314,0.89492726,0.88265365,0.86854386,0.88687944,0.8950249,0.87625384,0.8920442,0.8787714,0.8851396,0.88738006,0.89605635,0.88766915,0.8932278,0.8907835,0.8968158,0.89152503,0.88235456,0.90493023,0.88130856,0.8870323,0.9015689,0.8983941,0.8841358,0.88906133,0.8872907,0.88813716,0.8973648,0.8996594,0.89186966,0.9009955,0.8745146,0.88466233,0.8850999,0.87817156,0.88117725,0.8930183,0.88165945,0.90137917,0.882472,0.89612085,0.8881416,0.8832234,0.88581717,0.89353067,0.8869855,0.8861903,0.8981699,0.89143217,0.8933629,0.8793948,0.88510525,0.8845196,0.87426287,0.87427974,0.89132977,0.8978891,0.8906749,0.89385736,0.87598795,0.8819626,0.8659891,0.8854859,0.89276224,0.8759223,0.8725145,0.87852836,0.8928289,0.8749891,0.8912291,0.88870335,0.88551724,0.9035463,0.88507986,0.8868229,0.8779621,0.88670063,0.887146,0.8753127,0.89409256,0.8847931,0.87820727,0.8953132,0.8786913,0.88152015,0.8869614,0.8942323,0.8879045,0.89360815,0.902626,0.87968475,0.8749769,0.8772267,0.88404036,0.8917979,0.8907043,0.89081883,0.9008157,0.881199,0.8799067,0.89159435,0.89036846,0.8896622,0.87768954,0.8805096,0.87164617,0.8929044,0.8857607,0.8952024,0.8746946,0.8834624,0.87949973,0.88791287,0.88401735,0.8789632,0.8918369,0.8848234,0.8872779,0.884358,0.8867805,0.88068646,0.88393366,0.8887976,0.874197,0.86330295,0.8756412,0.8871345,0.87331235,0.87725186,0.8944975,0.90423006,0.89406145,0.88357854,0.8824953,0.90004426,0.8762319,0.8948733,0.8853362,0.8794377,0.8836327,0.8889012,0.89024013,0.8818602,0.89090645,0.8909637,0.88087255,0.8868307,0.88362604,0.88024044,0.8723938,0.8917817,0.88249326,0.87868303,0.88829106,0.87765515,0.8842491,0.88657504,0.89398235,0.8851186,0.8845501,0.88587314,0.87469155,0.8866738,0.88618517,0.8919444,0.88099277,0.8952166,0.88691795,0.8883501,0.88353163,0.88630944,0.8882732,0.9040622,0.8960758,0.8741649,0.866724,0.88878965,0.88932484,0.87681115,0.89648294,0.8955809,0.89632004,0.89333826,0.8663874,0.88929373,0.8952258,0.8917093,0.8885494,0.8936436,0.872081,0.885657,0.8916895,0.89863026,0.8836914,0.88765633,0.88999665,0.8863693,0.89786464,0.8885407,0.8838677,0.88601327,0.89280415,0.88441384,0.87597424,0.8852449,0.880395,0.890004,0.88776445,0.87849724,0.90330374,0.88665754,0.88372296,0.8893576,0.8852735,0.8883759,0.87866527,0.887217,0.8798192,0.88331664,0.89236027,0.8916169,0.887408,0.88473815,0.8907623,0.8933662,0.8924966,0.8871603,0.88236976,0.8929057,0.888019,0.8832466,0.8996588,0.8840495,0.8837946,0.8850649,0.8892049,0.885482,0.8931786,0.8866767,0.8799766,0.8931271,0.8890919,0.88505256,0.8769272,0.8810908,0.88374394,0.8958597,0.88388735,0.88273185,0.87258214,0.9054709,0.87456316,0.8899429,0.88402224,0.8753128,0.89311874,0.8810445,0.88412327,0.8827557,0.8903094,0.8730759,0.8887729,0.8738646,0.8890514,0.8921023,0.89080805,0.88222575,0.8906955,0.89184517,0.8831411,0.87799364,0.8892538,0.883052,0.8726654,0.8876093,0.8918059,0.88212085,0.87699336,0.8843172,0.8935793,0.8870306,0.88350624,0.8741137,0.8884079,0.8794017,0.87827015,0.8855113,0.88825744,0.87103224,0.88847405,0.88856673,0.89656913,0.8782846,0.8845172,0.8816366,0.89920753,0.877397,0.8854464,0.89648014,0.8774076,0.8843988,0.8811172,0.8842168,0.8893937,0.8741248,0.9022145,0.8725247,0.87692606,0.8908329,0.88912016,0.8745124,0.89228976,0.8795367,0.88844895,0.8793489,0.8852962,0.868648,0.88735527,0.8758917,0.8944632,0.88529825,0.88236076,0.8941142,0.8830957,0.8872005,0.8954365,0.9085287,0.887012,0.8721308,0.8902646,0.8803802,0.8899367,0.8794052,0.89438367,0.8814111,0.894276,0.8822039,0.88871825,0.8856568,0.8804101,0.8993329,0.8889788,0.8826087,0.8900321,0.8916345,0.8866194,0.8895102,0.88355243,0.8876342,0.8770381,0.888138,0.8855401,0.8899454,0.88423616,0.88353956,0.88620895,0.87686133,0.90111756,0.89545447,0.88184637,0.8955754,0.86987096,0.8812478,0.88794774,0.8951497,0.8863931,0.8860151,0.8885509,0.88371646,0.8733532,0.8832082,0.8797881,0.8787144,0.8755269,0.900127,0.888169,0.89237744,0.8882247,0.88230944,0.8898303,0.89216393,0.8938472,0.87650675,0.89367175,0.8797946,0.87439036,0.8988817,0.8842975,0.87248904,0.8833661,0.88732,0.87977135,0.88144314,0.8900282,0.8844729,0.8902582,0.88212633,0.8771482,0.8846557,0.8817728,0.88263685,0.890438,0.88306326,0.8998134,0.87520444,0.8898239,0.88838816,0.882035,0.8908862,0.8973558,0.8819117,0.8850052,0.88767093,0.88645893,0.8734793,0.88073534,0.89047426,0.8940031,0.88243735,0.8914847,0.8786886,0.8871887,0.8794631,0.8831456,0.88456434,0.8805178,0.89355737,0.88909996,0.8730883,0.890007,0.8825835,0.8788164,0.8852826,0.878512,0.8910274,0.8931161,0.885176,0.884237,0.89531153,0.8842537,0.8872736,0.88288075,0.885584,0.8915502,0.8853349,0.8877571,0.8628786,0.8790472,0.8873334,0.8888895,0.88764983,0.8788771,0.8802506,0.89557165,0.891089,0.8960838,0.87829363,0.88930696,0.89347875,0.8899173,0.8716492,0.8921744,0.8791717,0.885996,0.8780182,0.8913932,0.87829494,0.9062809,0.8775669,0.87663895,0.8882198,0.8841233,0.8957978,0.8994821,0.8833049,0.88407075,0.88518137,0.8809763,0.8940986,0.8985628,0.8846502,0.8879134,0.8878652,0.8927197,0.879065,0.87423044,0.8858503,0.8891387,0.8813122,0.89430773,0.89140326,0.8878404,0.8945474,0.86615247,0.8786134,0.88736576,0.88477826,0.88407296,0.881803,0.8838142,0.87388206,0.88032794,0.9007665,0.8730884,0.8917004,0.90069646,0.8870567,0.8829458,0.86822075,0.89185095,0.88664705,0.88593906,0.886351,0.88639104,0.86423147,0.88053685,0.8966901,0.8882448
0.8223873,0.8235767,0.8167346,0.82301754,0.81062263,0.81767464,0.832691,0.8218283,0.83055264,0.82699376,0.8180036,0.82399213,0.8236805,0.8353595,0.81794345,0.8103293,0.82288265,0.80781746,0.8113339,0.80702937,0.8177584,0.8083875,0.81607324,0.8114797,0.8170835,0.8323442,0.8156411,0.8193133,0.81737554,0.81118625,0.8241722,0.8189971,0.82261366,0.8143232,0.8107576,0.8171025,0.81081,0.81587553,0.81568635,0.8137395,0.8200523,0.83440703,0.80977124,0.8063018,0.80202985,0.823588,0.8123649,0.8212356,0.81717974,0.80821246,0.8199678,0.8173296,0.8073669,0.80627716,0.8295992,0.8220027,0.8204465,0.81175685,0.8085291,0.8199412,0.80331177,0.8034798,0.8122634,0.8249711,0.8169537,0.824286,0.8181547,0.80271137,0.83140725,0.81210726,0.8251156,0.81375474,0.815657,0.8135189,0.82711947,0.8249204,0.8278615,0.82456964,0.8060958,0.8050519,0.8106031,0.81244737,0.8215538,0.80840296,0.8215881,0.8246534,0.8160767,0.8281662,0.816033,0.8138311,0.8172619,0.8124929,0.81493473,0.8073316,0.8256598,0.8145868,0.818067,0.81698966,0.81013113,0.8185174,0.8116739,0.82156813,0.8293037,0.82509744,0.81876475,0.83883196,0.8234933,0.8183535,0.8145471,0.818842,0.8180385,0.8362998,0.8064886,0.8146912,0.82139665,0.81195956,0.8242418,0.8067664,0.8126907,0.8062426,0.8177478,0.8116449,0.8262316,0.82886636,0.82432014,0.81210417,0.82278794,0.8025689,0.8196396,0.81708753,0.82012683,0.8151545,0.816265,0.80768263,0.8155959,0.82152474,0.81856436,0.81900626,0.8121249,0.81632996,0.8126785,0.8020861,0.82485217,0.8120389,0.8114931,0.8238744,0.81098175,0.8150969,0.82827127,0.82090545,0.8095206,0.82221925,0.7980992,0.81757534,0.8284283,0.82244134,0.8102929,0.8117221,0.8232852,0.8354671,0.8246781,0.8222506,0.800738,0.8230898,0.8111087,0.81176317,0.81455135,0.81848854,0.8003504,0.8197726,0.82629573,0.8200346,0.8311958,0.81565726,0.8184488,0.82926303,0.8135622,0.8216317,0.8121839,0.8274909,0.80923116,0.8169253,0.83185583,0.82081866,0.83302724,0.8160641,0.81980133,0.82124436,0.7977459,0.82798046,0.8158008,0.815635,0.8083394,0.8212178,0.81868285,0.82301104,0.8355217,0.8077023,0.8222295,0.8127163,0.80782944,0.8163553,0.8212983,0.83148646,0.8190065,0.83225834,0.80750406,0.82329446,0.8201805,0.82415164,0.80959237,0.8190479,0.8075814,0.81364435,0.81332916,0.8133749,0.8016104,0.810991,0.8268587,0.815278,0.80636716,0.8237528,0.8205372,0.82936335,0.82509923,0.8094819,0.8054224,0.818248,0.80832624,0.8139781,0.813785,0.81727314,0.80291927,0.8089593,0.80227,0.81624085,0.8189427,0.83054423,0.8208214,0.83182347,0.825739,0.82604307,0.8186069,0.8175652,0.8206751,0.8204034,0.8210424,0.82587534,0.81948173,0.8197318,0.8245152,0.82819784,0.8156165,0.8207636,0.8141462,0.81410867,0.82254684,0.805922,0.8432693,0.81810695,0.82014275,0.8281842,0.8094111,0.8218982,0.81523323,0.82447886,0.81473404,0.83194184,0.81021017,0.81982756,0.82022196,0.82381254,0.82911223,0.82302994,0.809811,0.8286261,0.819325,0.81866646,0.7928985,0.81819135,0.82000756,0.8185746,0.8199351,0.82077146,0.8070773,0.8146684,0.8319015,0.79908526,0.81330943,0.8152402,0.82317513,0.8097882,0.8217056,0.81900835,0.80893457,0.81517726,0.81086606,0.81006503,0.8231898,0.81725794,0.81846267,0.81541425,0.822019,0.81196535,0.81237626,0.8232405,0.83650607,0.81702435,0.8365664,0.81601316,0.806441,0.8291219,0.8243878,0.8126408,0.80279857,0.8219019,0.81794256,0.8208648,0.81955016,0.8286856,0.81688416,0.8154449,0.81980586,0.8412965,0.81075,0.82140964,0.8273537,0.822127,0.81365716,0.8132584,0.82491934,0.81999135,0.8133379,0.8228919,0.81167793,0.8094725,0.82347304,0.81037587,0.80807996,0.8168468,0.8264201,0.82103425,0.82723486,0.8135341,0.8282935,0.8285366,0.8239441,0.8256383,0.81236047,0.81319886,0.82104015,0.8239908,0.8139939,0.8155014,0.8137757,0.81153023,0.82128274,0.81107783,0.8271164,0.8191728,0.8258303,0.8055094,0.81081444,0.8274293,0.8129563,0.82822675,0.814588,0.8207261,0.81767017,0.8257766,0.8211965,0.80432695,0.8158871,0.8238637,0.81496835,0.818101,0.82595956,0.8111172,0.8179259,0.8157404,0.81065845,0.8169321,0.8202597,0.8180776,0.8232291,0.8122039,0.82433903,0.8237184,0.81254,0.81776315,0.8077017,0.8194646,0.8177364,0.8140746,0.8119535,0.81556976,0.8123298,0.81535965,0.8274345,0.8229074,0.83535683,0.81642103,0.8110486,0.81626844,0.80636835,0.81488353,0.8147316,0.8024895,0.82695585,0.8241768,0.81947064,0.8126729,0.82563365,0.8262467,0.8193627,0.80722386,0.82118094,0.8120868,0.81810224,0.8216502,0.83467954,0.8096926,0.8275391,0.83281153,0.8152021,0.8151188,0.83184844,0.7970227,0.8231882,0.8152536,0.8055713,0.8180124,0.82145095,0.8260434,0.8177544,0.81717515,0.80209357,0.8068512,0.8141869,0.8134147,0.8199385,0.80299455,0.8164037,0.84063876,0.8307535,0.8194563,0.82758725,0.81802887,0.81431794,0.817628,0.8083779,0.8233315,0.80479336,0.8182598,0.81229365,0.804115,0.81709373,0.8340943,0.8305707,0.8230434,0.81838286,0.81280196,0.82627094,0.8163302,0.8253462,0.8212541,0.82462937,0.8193271,0.8123768,0.82086015,0.80969083,0.80422217,0.8196996,0.8123276,0.8250668,0.8011254,0.8103192,0.80134875,0.8159607,0.83343154,0.8183875,0.8130585,0.8143707,0.8255466,0.8155151,0.82134634,0.8200672,0.83589005,0.80981034,0.81626195,0.8068914,0.8226954,0.8279237,0.8201879,0.8165851,0.8183671,0.8215073,0.81341755,0.81369525,0.8208224,0.82823855,0.81805295,0.8120837,0.83409864,0.81476957,0.7993678,0.8134769,0.8052637,0.8157787,0.83473814,0.8351316,0.8333129,0.8139084,0.807804,0.8156919,0.82229775,0.82220227,0.8294461,0.82639474,0.8130245,0.8229116,0.81323403,0.8190483,0.82479507,0.81222534,0.81374687,0.82323223,0.8113778,0.82588273,0.8087863,0.8361885,0.8286532,0.8207974,0.83035034,0.8159318,0.82029307,0.81718653,0.8117008,0.8211402,0.8112983,0.8217012,0.82699865,0.8157811,0.80841583,0.8264725,0.8122885,0.8189734,0.8098176,0.815277,0.8139711,0.8158563,0.8158251,0.8250137,0.80976504,0.829914,0.81909096,0.81679195,0.8157647,0.8290967,0.8220716,0.79890186,0.80246174,0.816578,0.8037375,0.8185264,0.8104376,0.80902725,0.81422627,0.8165288,0.83240974,0.81812716,0.8111126,0.81387293,0.8215902,0.8121975,0.8283117,0.82267964,0.8169233,0.8208754,0.8254644,0.81927747,0.8095428,0.82476395,0.817039,0.8127621,0.81188613,0.8208591,0.824757,0.8229384,0.8087538,0.81513894,0.8297721,0.8388316,0.8285875,0.8271924,0.8215399,0.8180258,0.82167995,0.8174492,0.83195555,0.81889963,0.8117911,0.82182574,0.82465583,0.8397802,0.8128252,0.8069387,0.80330306,0.827515,0.81940067,0.7970496,0.81615114,0.8074188,0.8193718,0.8357741,0.8218434,0.8109086,0.7962949,0.81774515,0.8148346,0.8229398,0.8174736,0.82501036,0.8186384,0.81331843,0.82105845,0.82175446,0.8222784,0.8069674,0.8057542,0.81221735,0.8048944,0.82995766,0.8300938,0.81422544,0.82650083,0.8156183,0.8153853,0.81781596,0.82221365,0.81740284,0.8216518,0.8053856,0.8044189,0.81135094,0.8300609,0.81239563,0.8249048,0.82739645,0.82524055,0.8087203,0.821252,0.8139492,0.8276847,0.8098535,0.8184484,0.8144637,0.8147521,0.8202557,0.82594866,0.81864154,0.817548,0.8234408,0.8342503,0.8160349,0.82369417,0.80890787,0.81910634,0.8150879,0.82091707,0.8033227,0.81691456,0.8153064,0.8095241,0.81542134,0.8227185,0.81668335,0.8212995,0.8143068,0.83337414,0.82975924,0.80918264,0.8155117,0.82481945,0.8234405,0.8088859,0.82006615,0.810453,0.8144743,0.81556606,0.8222266,0.82237,0.82426786,0.802445,0.82245404,0.81355745,0.81769145,0.8111185,0.82587135,0.83168185,0.80901015,0.8277047,0.81596035,0.8273007,0.8096292,0.8201929,0.8236338,0.82329214,0.81330776,0.81454706,0.8243548,0.81950206,0.82028943,0.8291564,0.8055264,0.8184322,0.8318349,0.8110968,0.81763554,0.8159747,0.8273506,0.82344407,0.82561517,0.8096359,0.826218,0.8146669,0.8208555,0.81244016,0.8131845,0.8373397,0.8088977,0.8077773,0.837662,0.8079586,0.8209623,0.8216998,0.81082356,0.8170342,0.8159891,0.81217885,0.8265394,0.8298547,0.8153261,0.82640594,0.8318437,0.81524837,0.81916505,0.8277801,0.8091486,0.8095882,0.827561,0.8313295,0.81794524,0.8287916,0.80993855,0.81690997,0.79996127,0.8089486,0.8241305,0.8109845,0.8109284,0.8214765,0.82208586,0.8132653,0.8124357,0.8201536,0.8044589,0.8067403,0.8107723,0.8140154,0.8168318,0.8223155,0.8119641,0.81718755,0.8324662,0.8155698,0.8240423,0.8300069,0.81109846,0.8211863,0.8278862,0.8132739,0.8206805,0.80401486,0.832617,0.81854457,0.8071859,0.81832105,0.81001264,0.82620245,0.80615795,0.8247084,0.81628776,0.82630837,0.81110835,0.83272266,0.8114401,0.8132067,0.8028669,0.8114704,0.8135815,0.816392,0.8265515,0.81610817,0.81631887,0.82715464,0.824052,0.8230511,0.82909495,0.81799334,0.8119473,0.817274,0.8050365,0.81443524,0.82604,0.81918454,0.8044526,0.81128055,0.8294773,0.8010287,0.8083371,0.8223177,0.8273581,0.82135963,0.80949914,0.81397915,0.83494055,0.82302636,0.82080483,0.8177575,0.8308891,0.81553,0.82303053,0.8247454,0.81452084,0.8237097,0.80813026,0.80693084,0.82235795,0.8217651,0.81870496,0.82109165,0.8245641,0.8158134,0.81807077,0.82382697,0.815027,0.811571,0.82583416,0.81743264,0.81751114,0.80796623,0.81072503,0.82324994,0.81199443,0.8224024,0.8515712,0.8080365,0.81309867,0.8117327,0.8092326,0.82824785,0.81705385,0.83272684,0.81810725,0.8123048,0.8187397,0.81945336,0.82822645,0.8296227,0.81342095,0.82185143,0.80568814,0.8190228,0.8221847,0.80948526,0.8189327,0.7987974,0.8085655,0.80883867,0.8057814,0.82125723,0.8148937,0.8143313,0.81471235,0.8416994,0.81058526,0.81255686,0.82516235,0.8155747,0.81578076,0.8332954,0.81728965,0.81588405,0.82711464,0.8089699,0.82071406,0.8168865,0.7978388,0.8067266,0.8243309,0.818399,0.8164684,0.8241676,0.82555014,0.82675666,0.830787,0.82331896,0.81847346,0.8075459,0.8166355,0.829237,0.818531,0.81664205,0.81272304,0.8070374,0.80587125,0.8262999,0.81443316,0.81325066,0.82096684,0.81463623,0.8109265,0.81418765,0.8319427,0.818991,0.8104151,0.8108337,0.8146537,0.7997682,0.8202724,0.8079383,0.8091611,0.8219002,0.8112957,0.8184287,0.81939065,0.8228437,0.8179771,0.8218437,0.82500994,0.81719863,0.81434083,0.8125691,0.81850487,0.82333815,0.81235296,0.82106286,0.8136169,0.8205467,0.82274115,0.8179394,0.8212335,0.82708985,0.8264208,0.8090381,0.82305133,0.8267325,0.8148468,0.8180969,0.8279583,0.83182096,0.8175399,0.81872624,0.82506,0.8161023,0.810775,0.8063802,0.8326374,0.8070563,0.81382596,0.8383953,0.816726,0.8389009,0.8077825,0.8177407,0.810552,0.8160782,0.80050933,0.80926216,0.81434083,0.81472564,0.8029165,0.8047545,0.8160761,0.8208426,0.81318426,0.8128081,0.8137671,0.8205883,0.8130716,0.810583,0.81854826,0.8134182,0.8178817,0.8109843,0.80333996,0.82105875,0.8281835,0.8119563
1.0990535,1.1210078,1.1182121,1.0976418,1.1082555,1.0984974,1.1105876,1.1095622,1.1034069,1.1089145,1.1109339,1.1034971,1.1129581,1.1206626,1.1094391,1.1122869,1.116996,1.0918889,1.1278281,1.1012764,1.1065551,1.1052161,1.1052605,1.1212935,1.1043447,1.1130958,1.0957042,1.0884856,1.1105314,1.1084677,1.100153,1.1021857,1.1093407,1.0985256,1.1156875,1.1061282,1.1134149,1.1025733,1.1142191,1.1008276,1.099265,1.0916393,1.1008681,1.1072491,1.1011846,1.1129955,1.1212293,1.0988314,1.1093274,1.0964875,1.1093677,1.1170965,1.117183,1.1034752,1.1037298,1.1012791,1.1172408,1.1121491,1.1196744,1.0997976,1.102591,1.1156707,1.1031873,1.1191033,1.1060467,1.1076137,1.0937886,1.1061127,1.1049348,1.1086262,1.1173689,1.1123782,1.1101879,1.1152118,1.1150725,1.092187,1.0953414,1.1025766,1.1149487,1.1019876,1.1029104,1.1060681,1.1029212,1.1072878,1.1064594,1.1149087,1.1123236,1.0952365,1.1216384,1.1136937,1.0976464,1.109713,1.0933323,1.110566,1.0966545,1.110927,1.0950625,1.1047605,1.1148651,1.1059963,1.1128032,1.0958962,1.1099548,1.1138073,1.1179373,1.1121145,1.1135813,1.1014625,1.1200072,1.1085805,1.1126561,1.1011479,1.1154435,1.1107128,1.1121793,1.1076858,1.1099163,1.1159918,1.0986907,1.0961193,1.0978568,1.0982525,1.1142519,1.1057223,1.1141179,1.1008567,1.0982522,1.0962336,1.0944792,1.1057442,1.1299217,1.0999061,1.112428,1.0957414,1.109581,1.0993557,1.10278,1.0935618,1.1088955,1.1064851,1.1134992,1.1084852,1.1032566,1.0992105,1.1093471,1.1064047,1.1029974,1.1162589,1.109177,1.1005561,1.1008648,1.1106046,1.0990342,1.0919698,1.1184635,1.1192029,1.1011924,1.1029371,1.0952326,1.1103576,1.1069864,1.1157465,1.1004977,1.1020677,1.1189857,1.1053934,1.104456,1.1076965,1.1042957,1.100692,1.0900393,1.1066856,1.1050283,1.0979764,1.0977517,1.1240783,1.0912793,1.1083183,1.0992111,1.1042264,1.1057262,1.0991317,1.1119422,1.1080565,1.1008044,1.0975006,1.1101093,1.1188443,1.1149316,1.0957263,1.1146004,1.1159576,1.1179452,1.1029004,1.0964264,1.1030505,1.1020117,1.0966945,1.103389,1.1079295,1.1074637,1.0988183,1.1194726,1.1108503,1.1080471,1.1135048,1.108322,1.0967548,1.1075214,1.1111838,1.105846,1.0967361,1.0974,1.108668,1.1163903,1.1216408,1.1157461,1.1198319,1.0929885,1.1102707,1.1027786,1.1145887,1.0932233,1.1066664,1.1076753,1.095331,1.1007614,1.1182138,1.102383,1.111879,1.1125687,1.1021749,1.1136559,1.1067911,1.1132716,1.1024377,1.1225344,1.1149613,1.1119661,1.1071279,1.1129148,1.1075695,1.1043034,1.1228437,1.1291846,1.1147102,1.098528,1.1140621,1.1084876,1.1090009,1.1049563,1.1056957,1.098415,1.1097897,1.0979882,1.1189306,1.112994,1.0961502,1.1020771,1.0909624,1.0883527,1.1091528,1.1056837,1.0885059,1.1125652,1.0938219,1.1049862,1.1167417,1.1057872,1.1144406,1.1034304,1.1191525,1.1167667,1.1094357,1.1021411,1.111066,1.0994037,1.0975893,1.1097263,1.1124614,1.1075013,1.1026862,1.09487,1.1064384,1.0990226,1.1039853,1.1074576,1.1156543,1.1027291,1.1134807,1.1071993,1.0977718,1.1058122,1.1125097,1.1045457,1.1050755,1.0953693,1.1088723,1.1183856,1.1025753,1.1003516,1.099862,1.0896938,1.1187063,1.1023782,1.1081616,1.1084691,1.1178948,1.0982733,1.1185479,1.1050164,1.1127989,1.0985363,1.0924191,1.0992897,1.1013638,1.0982337,1.1185713,1.1084167,1.109692,1.1070963,1.1069914,1.1019254,1.1199331,1.1009101,1.1218233,1.1060891,1.1061053,1.1048566,1.1037006,1.1167656,1.1124641,1.1088327,1.1081009,1.1153772,1.1003202,1.1227511,1.1080285,1.1128925,1.0886003,1.1089343,1.1119926,1.0965035,1.10941,1.1192813,1.0968274,1.1031775,1.0906252,1.1172258,1.1239423,1.1049618,1.0851487,1.1116908,1.0990815,1.112555,1.0983553,1.1084626,1.1128025,1.1163908,1.0988617,1.1034402,1.1094253,1.1098871,1.1121148,1.1169729,1.0952258,1.0987742,1.1090242,1.1057539,1.1160997,1.1080923,1.0954925,1.1026605,1.1044207,1.0961628,1.1041226,1.1250627,1.1208893,1.0960027,1.1039845,1.1132431,1.1029259,1.1088941,1.1060779,1.1082201,1.1120027,1.1230127,1.0976208,1.118462,1.106412,1.0879054,1.1048158,1.0975794,1.1014078,1.0975,1.1107738,1.1126193,1.1182234,1.1249807,1.116362,1.1179384,1.1162876,1.1064663,1.119981,1.1090093,1.0883168,1.105565,1.0889578,1.1188745,1.1068732,1.1069957,1.1259245,1.1155783,1.104816,1.1037391,1.1103034,1.1048176,1.0960263,1.1119465,1.1275082,1.1144876,1.0975764,1.1112634,1.1220415,1.114328,1.1132153,1.1238854,1.0911638,1.1058501,1.1163464,1.1022462,1.108638,1.1028495,1.112668,1.1000022,1.1061164,1.098209,1.1106128,1.108559,1.1091232,1.0977583,1.1085677,1.1044515,1.099174,1.1010575,1.1169014,1.0956665,1.0974118,1.0992062,1.1200014,1.099334,1.1088504,1.1093366,1.1168251,1.1072658,1.0963404,1.1107126,1.1137468,1.1176496,1.0938649,1.1114044,1.0991354,1.0947071,1.0988389,1.1043887,1.1076739,1.1130536,1.1015491,1.113309,1.098706,1.1131946,1.1112269,1.1063948,1.1054877,1.1066239,1.0917492,1.1107616,1.1033429,1.1098502,1.1007451,1.1074535,1.095873,1.0952241,1.1100423,1.1163718,1.1251832,1.1017572,1.1209887,1.0959952,1.1015551,1.0952952,1.1014291,1.1100127,1.1050901,1.098175,1.1033015,1.1130536,1.1078212,1.0994364,1.1152772,1.0953414,1.1063167,1.1197371,1.1114906,1.1145765,1.1086177,1.1156673,1.1185936,1.0944017,1.1060674,1.1115189,1.1016213,1.0959517,1.1081293,1.1172733,1.1168209,1.1114405,1.1291512,1.11116,1.0981745,1.1042185,1.1011425,1.0990144,1.1130335,1.1076355,1.1065547,1.1157321,1.1073027,1.1077405,1.1228111,1.1163427,1.105381,1.095582,1.10363,1.102167,1.09251,1.1045532,1.0988783,1.1090474,1.1226699,1.1179193,1.1018311,1.103417,1.104231,1.1061348,1.1253835,1.0955657,1.1118894,1.1099727,1.1098716,1.1087657,1.1076138,1.1093824,1.1150533,1.1083571,1.113699,1.0972915,1.0989951,1.1041955,1.1073637,1.1053331,1.0968984,1.0915697,1.0984404,1.1007031,1.0930991,1.1083027,1.0950295,1.1171135,1.1130091,1.108676,1.1116102,1.108838,1.12272,1.1005268,1.1031989,1.1086676,1.1127291,1.0984615,1.1014043,1.0934539,1.1092875,1.0947721,1.1087831,1.1003977,1.1030312,1.1027899,1.1181915,1.1158364,1.0933572,1.1006458,1.1131603,1.1038564,1.1032568,1.1058617,1.1028341,1.1055938,1.1033673,1.1176611,1.11232,1.1124002,1.0918704,1.1130583,1.1262753,1.1175158,1.1113834,1.108676,1.1110145,1.1070966,1.1206865,1.0981827,1.1142178,1.0883982,1.0968044,1.1062647,1.1169628,1.097039,1.0955507,1.1117446,1.0996939,1.1106305,1.12799,1.1031686,1.1058915,1.1011318,1.1023904,1.0932633,1.1015801,1.1063331,1.090476,1.0876689,1.1018481,1.1022018,1.1076767,1.1148062,1.1093558,1.1128829,1.1005462,1.111063,1.115384,1.1057187,1.111483,1.115691,1.112733,1.1007711,1.105265,1.095675,1.0987717,1.0987992,1.1050794,1.10847,1.1166916,1.1250823,1.1072688,1.1010256,1.1077232,1.1080512,1.0934664,1.1038734,1.1072512,1.107048,1.0939583,1.1097757,1.1259598,1.0907604,1.1154171,1.1113113,1.1021206,1.107114,1.10351,1.0974962,1.0988154,1.1116787,1.0982647,1.0999082,1.1001863,1.1045669,1.118387,1.100167,1.116299,1.1122495,1.1142333,1.1192769,1.1168879,1.1072247,1.1011031,1.1146357,1.0968137,1.125052,1.1137913,1.0930924,1.113839,1.1160748,1.1070613,1.102449,1.1150144,1.1077323,1.1104987,1.0975366,1.1031393,1.1087501,1.1098584,1.0997628,1.1016853,1.1110122,1.1030637,1.1045227,1.1052912,1.0929325,1.1159918,1.1012617,1.1062665,1.1047544,1.1146578,1.1135461,1.1045614,1.1159588,1.0898359,1.1073896,1.1152354,1.1179042,1.0905851,1.1065685,1.0989069,1.1048068,1.0985577,1.1199429,1.1036904,1.104152,1.1112292,1.1103061,1.1095644,1.1174836,1.1006609,1.1032426,1.1240574,1.113525,1.1033008,1.1164011,1.1092626,1.1232511,1.1133947,1.1025344,1.1036749,1.1254017,1.1082468,1.096853,1.1109157,1.1027614,1.1008109,1.0932883,1.0933276,1.1055601,1.1186658,1.1109855,1.1111748,1.1024249,1.1065162,1.1195505,1.1124163,1.1075575,1.1047267,1.0973186,1.1069143,1.1032434,1.1070606,1.1207685,1.1067268,1.1185703,1.0927205,1.1016794,1.1136461,1.1120206,1.103949,1.1182545,1.1085184,1.0959119,1.0992223,1.1097977,1.1108309,1.1163557,1.0951539,1.0942006,1.1091739,1.1107649,1.1210085,1.1061202,1.1092489,1.1157558,1.1161383,1.1022929,1.1057675,1.0962714,1.1073543,1.1198888,1.1150489,1.1068101,1.1138673,1.1060485,1.1159606,1.1148359,1.1067865,1.0985574,1.1152126,1.0954632,1.1040787,1.103516,1.1025959,1.109512,1.103371,1.1012802,1.1024408,1.1115067,1.1047552,1.1194082,1.0990306,1.1159673,1.09668,1.1075168,1.1064885,1.1012957,1.0982326,1.1001197,1.1015518,1.108725,1.101823,1.1130748,1.1107259,1.1065062,1.1144232,1.1014894,1.0991077,1.108337,1.111165,1.1069849,1.1005415,1.1070992,1.1216037,1.0979483,1.1109943,1.094667,1.1078844,1.1078061,1.1062567,1.1047535,1.098222,1.1111685,1.1007874,1.1100892,1.1168561,1.1027743,1.111463,1.0900973,1.1086135,1.1033367,1.1145602,1.1127492,1.1138467,1.1050872,1.1109859,1.1070403,1.099984,1.1147716,1.1117245,1.0968813,1.1087005,1.0928656,1.1076553,1.1081975,1.1154104,1.1109065,1.1235121,1.1040375,1.1032063,1.1017697,1.1036144,1.0967555,1.107488,1.1154324,1.109955,1.0976094,1.1098717,1.1018203,1.1234417,1.105609,1.1046396,1.1004428,1.1041517,1.1032447,1.1074723,1.098356,1.1090634,1.1057031,1.1024153,1.1169934,1.1058524,1.1098262,1.1084265,1.1028688,1.0918854,1.1044014,1.0888817,1.1037769,1.1167418,1.1039438,1.1066089,1.1171181,1.1141587,1.1045437,1.0983589,1.1024255,1.0919837,1.110076,1.1080639,1.0988609,1.1099093,1.0938746,1.1115689,1.0959554,1.1090716,1.1156771,1.1090493,1.1224719,1.1118529,1.1096911,1.1046426,1.094064,1.1063362,1.095268,1.1079869,1.1149696,1.1115127,1.0951477,1.1188924,1.1121941,1.097244,1.092056,1.1141343,1.090961,1.108884,1.0951977,1.1002507,1.1055425,1.1152068,1.102237,1.1211197,1.1077346,1.1155056,1.1034589,1.106245,1.1039162,1.1042964,1.1106915,1.0999565,1.1026678,1.0935305,1.0989741,1.1154615,1.1167916,1.0987003,1.0969025,1.0967463,1.1093678,1.0990111,1.1029918,1.1106818,1.1066433,1.1056919,1.1200625,1.1004796,1.1152507,1.1320192,1.0990918,1.10917,1.1030519,1.1095772,1.0943699,1.104415,1.0999377,1.096004,1.1073804,1.1176568,1.101927,1.1180024,1.1209697,1.10963,1.1041751,1.1102831,1.1040779,1.1040949,1.1015688,1.0983882,1.1097599,1.1007214,1.1179969,1.1142765,1.1021869,1.1045973,1.1242954,1.1147202
0.21773273,0.20741254,0.20929766,0.24211034,0.20031703,0.2127091,0.22211735,0.22335853,0.22446434,0.21299006,0.20358168,0.2181781,0.20191975,0.2005525,0.21056966,0.21556646,0.20830193,0.23080482,0.20633346,0.21303213,0.21811338,0.21316074,0.21937022,0.21981789,0.21321428,0.2136835,0.21495982,0.21647555,0.21450052,0.22645572,0.2074166,0.21256293,0.21963212,0.209766,0.2221531,0.20336123,0.21911232,0.21565452,0.21570113,0.21009605,0.21716703,0.21882288,0.21519777,0.2072635,0.22294146,0.21103722,0.21801326,0.21743019,0.2119969,0.20679145,0.22948012,0.21016963,0.21599439,0.21148992,0.21973974,0.22425614,0.20868185,0.20387027,0.21448044,0.20365399,0.20416969,0.20887169,0.19541065,0.19301009,0.20708352,0.22804625,0.22469953,0.20512518,0.20980999,0.22736299,0.22184436,0.22148417,0.22695255,0.21709007,0.21911961,0.21921253,0.21926832,0.2112032,0.21720959,0.20842443,0.20955263,0.22553603,0.20295875,0.20718499,0.22083841,0.20935357,0.19542652,0.20987251,0.21428126,0.2108929,0.23312908,0.2208917,0.21515007,0.21496184,0.21495752,0.21084642,0.21357578,0.20599693,0.217226,0.21300407,0.20009314,0.21637246,0.20711099,0.22123499,0.21082833,0.21019295,0.21471971,0.22366549,0.18910867,0.19934842,0.20867553,0.23201154,0.21394031,0.20802237,0.20274022,0.22047491,0.20271339,0.21630089,0.22834784,0.20713025,0.20786981,0.22012329,0.21281293,0.22696806,0.21135096,0.21225655,0.22942416,0.20532528,0.20400718,0.20845552,0.19112605,0.21598977,0.20882782,0.20045756,0.2095234,0.2115945,0.20395613,0.22220504,0.21762389,0.22525312,0.208259,0.21048458,0.2098914,0.19683892,0.19071063,0.2282111,0.22464831,0.2231231,0.21453993,0.21227825,0.22563998,0.23045427,0.19776133,0.212051,0.21499583,0.20851134,0.21674134,0.22131725,0.23064636,0.21729694,0.21771845,0.22407721,0.20470673,0.20579576,0.21453926,0.2122211,0.22780806,0.22472185,0.20685603,0.19863942,0.21532863,0.20585689,0.21073708,0.2295428,0.21147709,0.20058796,0.22095186,0.20182294,0.20830418,0.21971382,0.22919029,0.21225165,0.21032135,0.2060537,0.2227686,0.21689874,0.21207446,0.19743195,0.19995153,0.22269489,0.21423674,0.20666629,0.21397282,0.19459032,0.22061294,0.21468695,0.20738335,0.20676231,0.20519985,0.23221838,0.21833317,0.21630082,0.20145848,0.21084347,0.22394232,0.2204818,0.21785651,0.2097403,0.22000892,0.20666894,0.217494,0.22201753,0.20968941,0.21543266,0.2284911,0.20778275,0.21264324,0.21911328,0.2268889,0.21087949,0.19706438,0.21284187,0.22639395,0.21911417,0.19250135,0.21017282,0.21724905,0.21220672,0.2143138,0.21500313,0.2367469,0.20555139,0.22506425,0.20780927,0.21441664,0.22096749,0.20792739,0.21063504,0.19408685,0.21832156,0.21374764,0.230288,0.22153693,0.22868091,0.2062149,0.22436501,0.22868647,0.22187383,0.22033677,0.21367672,0.20937912,0.22060466,0.20969854,0.22595602,0.218093,0.19523613,0.21485853,0.20881622,0.22208083,0.21061403,0.21231043,0.22122489,0.2124794,0.22281903,0.2141124,0.21458438,0.21256785,0.20042655,0.20929097,0.22791699,0.2197828,0.22207421,0.22347017,0.19798055,0.20100519,0.21510263,0.21196918,0.21549793,0.21747153,0.20325541,0.20397997,0.20566139,0.20526966,0.21775463,0.21389593,0.22024082,0.22319858,0.21861054,0.2072646,0.23103867,0.20451017,0.21665889,0.22634493,0.209744,0.20554353,0.22321773,0.21291392,0.21833825,0.22965041,0.21034954,0.21046278,0.19886792,0.22363715,0.21216913,0.20961452,0.22000468,0.20279968,0.19462651,0.21508092,0.20240657,0.2065345,0.20732036,0.22529602,0.22131939,0.21391259,0.21391019,0.22292931,0.21411404,0.22709607,0.20385984,0.20610225,0.22202669,0.2053122,0.20593032,0.20825697,0.20269483,0.21190444,0.21102259,0.20415112,0.21803927,0.21699739,0.20486546,0.23186055,0.22380005,0.20239066,0.21408263,0.20190197,0.19786549,0.21155094,0.20600057,0.20312321,0.22119033,0.21780096,0.2177853,0.20363867,0.22310428,0.20018196,0.21432273,0.2212799,0.20291314,0.20164596,0.21838027,0.20819563,0.21095553,0.20722051,0.19899765,0.20843029,0.20206448,0.21366708,0.2150232,0.21229288,0.21766107,0.20215483,0.22009678,0.20616074,0.21923086,0.20937413,0.20972227,0.21807161,0.21781431,0.21910499,0.20600063,0.20654288,0.21066988,0.22342196,0.21237284,0.19885856,0.21258137,0.21557905,0.21348578,0.20347826,0.19178419,0.20946948,0.21576728,0.21928687,0.2180214,0.19920512,0.21661565,0.20828539,0.22555773,0.21483693,0.21235718,0.21112669,0.21123803,0.21933132,0.20922968,0.20819443,0.21886261,0.22111726,0.2245047,0.2212865,0.19328834,0.20697084,0.20546228,0.20870131,0.20944715,0.20431875,0.21196449,0.19859254,0.23856054,0.21722542,0.22408256,0.20020127,0.19925463,0.21695527,0.2128801,0.19873184,0.190655,0.21321982,0.22028512,0.20022623,0.21827164,0.20728247,0.21169631,0.21210352,0.20607758,0.2103303,0.21007541,0.2091369,0.20859742,0.2202378,0.20953034,0.20730224,0.20951927,0.2257321,0.19625756,0.20712286,0.20525102,0.20829666,0.21977788,0.20959695,0.20937803,0.20694163,0.20132592,0.21334851,0.21153149,0.20916401,0.20513354,0.21850243,0.2124556,0.2176545,0.2078811,0.20426406,0.20890024,0.2144227,0.21482208,0.19939399,0.22208394,0.20548776,0.20286807,0.20922667,0.2074676,0.21271695,0.20882025,0.21796164,0.21579064,0.2143496,0.2223398,0.22920291,0.2152754,0.20767769,0.2160357,0.21264096,0.20791043,0.21055216,0.21589522,0.23000972,0.22127885,0.21925285,0.22676456,0.2069453,0.21939401,0.21170194,0.20624663,0.22227234,0.20823386,0.2196395,0.21496485,0.21860714,0.19630611,0.21364537,0.22345087,0.2097773,0.22307572,0.2300352,0.22718178,0.21565384,0.21387202,0.2143984,0.22415139,0.22509953,0.21751143,0.20455168,0.2292109,0.21448469,0.20169197,0.20271029,0.22473414,0.20805937,0.2130809,0.21343562,0.2253173,0.21859471,0.2126924,0.21244755,0.21761388,0.20240879,0.20393755,0.22397816,0.22654353,0.21333551,0.20729123,0.22403483,0.20986618,0.22937244,0.2130865,0.22204222,0.20378761,0.19252595,0.2099221,0.22479726,0.20349911,0.21471688,0.20248953,0.21506532,0.21227188,0.22114962,0.22567968,0.20195493,0.21770169,0.2004283,0.21479474,0.21799423,0.21576197,0.21841788,0.2008744,0.21256518,0.20936589,0.21813804,0.21673758,0.19450581,0.21406017,0.2212173,0.20986818,0.21864493,0.19844149,0.21663567,0.21805198,0.21963349,0.22559404,0.21024519,0.22082077,0.22021472,0.20402628,0.2038971,0.22158171,0.20569,0.22022173,0.22671328,0.20106071,0.22431375,0.23755844,0.20972669,0.20350604,0.2185334,0.21900648,0.21765344,0.19995832,0.20560797,0.21729566,0.22394358,0.19427294,0.20971411,0.21601537,0.2131061,0.20743608,0.22969942,0.21745853,0.22788288,0.20890725,0.22485061,0.20597938,0.21236785,0.2221737,0.22130914,0.21865252,0.22585374,0.206425,0.21291688,0.20540592,0.20990254,0.21857047,0.2056864,0.20791328,0.20886394,0.21645787,0.20510425,0.19426988,0.22402355,0.20867166,0.19900137,0.20901105,0.2113554,0.22197865,0.2134061,0.21694346,0.2026144,0.20841007,0.22614105,0.20914866,0.21199979,0.21497151,0.22614837,0.23821253,0.21705309,0.21460314,0.21071732,0.21410455,0.2138108,0.2133134,0.21180469,0.19743091,0.18344334,0.2144011,0.20695005,0.21230489,0.21687274,0.21074481,0.20119146,0.21091552,0.21525359,0.22554843,0.21798944,0.21395484,0.2012072,0.20713097,0.22634362,0.22091058,0.20963715,0.20216759,0.22452265,0.21615021,0.22280967,0.20335758,0.22465596,0.22203639,0.20651123,0.19898374,0.22096583,0.22513163,0.20267345,0.22024156,0.20382342,0.222747,0.21919766,0.20756136,0.22229011,0.2208439,0.21124414,0.22405727,0.22116491,0.208115,0.21074603,0.21196957,0.22141747,0.21263015,0.22275451,0.21148382,0.21291973,0.21301584,0.20340252,0.20864463,0.21395847,0.20873958,0.20392728,0.20636344,0.20513941,0.21792988,0.21663348,0.21477799,0.23078744,0.20929962,0.2181736,0.18480878,0.21139278,0.20983197,0.20569396,0.20946857,0.20812657,0.22269776,0.20645306,0.20942041,0.21078867,0.22252941,0.22709478,0.20839587,0.22060272,0.20847958,0.20795995,0.21885382,0.22919215,0.2110267,0.22235578,0.20457564,0.21184711,0.21620765,0.21928172,0.21975335,0.21441202,0.20031478,0.21884899,0.21589497,0.21445096,0.22275414,0.20303357,0.21058036,0.21046716,0.22188395,0.21820772,0.21766594,0.20142984,0.21865599,0.2341689,0.2143908,0.21577856,0.20248766,0.21414983,0.20481169,0.2199292,0.20717096,0.21976045,0.210682,0.20498423,0.22579892,0.22677837,0.20726034,0.20702483,0.21347323,0.20882756,0.21303867,0.2192792,0.21560936,0.22016796,0.21687528,0.21121365,0.21642926,0.20250271,0.21533588,0.21011966,0.20282172,0.20298731,0.22507644,0.2188145,0.21203113,0.21459389,0.21194723,0.22286199,0.21716408,0.21171209,0.22444868,0.2162606,0.23661198,0.1976401,0.2158737,0.21918422,0.2109737,0.22554408,0.21834823,0.21870145,0.20348752,0.23423903,0.22656535,0.22450528,0.21998885,0.2128408,0.19758113,0.21858935,0.22432056,0.21620953,0.22642554,0.21404573,0.2244308,0.22190279,0.21483232,0.20933259,0.21237446,0.21651405,0.22171813,0.21511206,0.2145072,0.20319355,0.20787251,0.20589527,0.20816475,0.21396706,0.21099035,0.20830095,0.21729355,0.22334822,0.2001251,0.2238703,0.21972552,0.22115788,0.21428359,0.22225945,0.22138554,0.20784546,0.22811829,0.19832844,0.21298975,0.21651445,0.20978306,0.211945,0.21102381,0.20383881,0.2047668,0.21795337,0.19988045,0.21507794,0.21129578,0.21025196,0.22655109,0.2073417,0.21507284,0.21432255,0.21009412,0.22059342,0.21551067,0.21676229,0.21287382,0.20750143,0.20246562,0.21785559,0.2105087,0.21974307,0.22467032,0.2207967,0.20993012,0.21142909,0.19222872,0.19697946,0.22982782,0.21377821,0.2082262,0.20913845,0.19406831,0.22450548,0.21267606,0.21283077,0.20960931,0.19516301,0.23561534,0.21373393,0.2170768,0.22822228,0.22016995,0.19368294,0.19901462,0.21367098,0.21116027,0.21134496,0.21122617,0.21818213,0.21638423,0.21519816,0.20429,0.22034504,0.20341055,0.21145907,0.22485256,0.22612661,0.2141698,0.19684352,0.20867845,0.22214703,0.22806877,0.23140657,0.20558882,0.2160885,0.21936917,0.22662249,0.22421876,0.21181387,0.21257825,0.20905113,0.2105257,0.21317029,0.214919,0.21697785,0.21398413,0.20932457,0.20901935,0.19245107,0.20291379,0.2221644,0.21152714,0.20979631,0.20600973,0.22421055,0.21695316,0.20382242,0.21132916,0.22940767,0.19715269,0.21117742,0.2167868,0.20938937,0.22427434,0.22635272,0.20788975,0.22228545,0.20972987,0.21268655,0.21519276,0.20920369,0.20664556,0.22312127,0.22247553,0.22141537,0.20904301,0.1976117,0.19907431,0.2231318,0.21059562,0.20828918,0.22960259,0.20547934,0.21019955,0.212755,0.20683677,0.22159608,0.22154735,0.22966614,0.21028145,0.19973168,0.21003935,0.21001872,0.21991391,0.20827787,0.21520191,0.2266791,0.21903805,0.20801148,0.22562496,0.21387254,0.22450322,0.21813275,0.2163488,0.2216939,0.22676109,0.21458514,0.1960964,0.21058822,0.21402395,0.21677992,0.21726315,0.21601816,0.19675907,0.2128914,0.21491396,0.20750377,0.2157744,0.21168429,0.22945394,0.21923004,0.2244802,0.21389776,0.2091997,0.20512159,0.21651676,0.19766243,0.21215644,0.20466271,0.20228115,0.22070464,0.21387234,0.21139342,0.22667143,0.22725916,0.1966104,0.21910834,0.22768165,0.208921,0.22345954,0.21108352,0.19893181,0.21718766,0.22955604,0.21688294,0.1964544
