0.45735258,0.4534089,0.45735577,0.4465487,0.45614994,0.45147407,0.46058804,0.4485133,0.45704806,0.44810992,0.4610609,0.45155734,0.44452873,0.4521472,0.45047686,0.45291895,0.4576271,0.4569206,0.44685364,0.45173132,0.45724884,0.44705337,0.4584897,0.45404315,0.44298103,0.4501552,0.44773984,0.44534796,0.4568854,0.45464557,0.45136875,0.4463638,0.45377815,0.4537839,0.45984614,0.45046377,0.45071432,0.45291167,0.45656976,0.46228886,0.45270187,0.45346096,0.44924355,0.45606643,0.45551693,0.45463642,0.44781783,0.4591678,0.45583674,0.4539416,0.45312506,0.45444965,0.4564114,0.44870248,0.44693294,0.4516,0.4526897,0.4528929,0.45084807,0.44736248,0.459387,0.45080662,0.4599015,0.44559187,0.45401078,0.44608414,0.4472042,0.4462313,0.4535143,0.44750285,0.45609173,0.460586,0.4569903,0.46446344,0.4561005,0.449289,0.44907004,0.4535203,0.4637784,0.4621005,0.45861685,0.45247966,0.4539086,0.45383373,0.44959536,0.45262927,0.45257238,0.44927284,0.4460662,0.46104366,0.44642335,0.4465385,0.4491673,0.4489912,0.44761175,0.44914648,0.45584342,0.45198056,0.45821288,0.46313265,0.45560947,0.46278325,0.45682773,0.45841613,0.44727457,0.4534086,0.45140377,0.45526457,0.45328936,0.4561551,0.4485152,0.45860443,0.45238125,0.44973445,0.46435827,0.44934028,0.44957745,0.45678467,0.46397576,0.44439644,0.44734964,0.45668522,0.45149302,0.4516952,0.44811738,0.4499086,0.45116332,0.45408535,0.45384106,0.46177593,0.45803323,0.4520935,0.45220587,0.45770013,0.4509776,0.45664358,0.4517527,0.43823949,0.45986634,0.4440846,0.45715797,0.4417314,0.4619287,0.44982824,0.4554583,0.45933488,0.4483738,0.44709742,0.44935027,0.44381255,0.4584768,0.4592516,0.44679126,0.45131087,0.45217577,0.45033172,0.45460916,0.4489034,0.45552358,0.45643088,0.44813025,0.45332512,0.44910327,0.45074844,0.44725278,0.46068943,0.46045452,0.45498645,0.45861986,0.45890433,0.45697105,0.45707202,0.4533106,0.4595438,0.44531965,0.45475453,0.45712733,0.44931906,0.4445063,0.45269102,0.45112988,0.4530583,0.4495435,0.44551206,0.4557741,0.46211037,0.46341953,0.45830455,0.45370775,0.45732307,0.4522259,0.45901304,0.45148265,0.4496033,0.45603612,0.45319888,0.45818657,0.44957337,0.44663236,0.44944903,0.4586864,0.45427096,0.44994506,0.4480843,0.46107134,0.45451793,0.45080847,0.45229992,0.45106217,0.45017463,0.46217754,0.44897985,0.45161211,0.44648254,0.45815843,0.4497947,0.45941103,0.4548349,0.4501217,0.45489606,0.45676872,0.4551568,0.45956355,0.4576854,0.450832,0.45089328,0.44682214,0.4565916,0.4565688,0.45336327,0.45650786,0.4588993,0.45316547,0.45319158,0.45552957,0.44875336,0.46325648,0.4555751,0.4594552,0.45355058,0.44830865,0.45032018,0.4477847,0.45268875,0.4550797,0.45035905,0.45063052,0.4524471,0.455488,0.45250204,0.45489183,0.45077935,0.45850098,0.4503845,0.4585005,0.45802858,0.45553976,0.4538731,0.46053764,0.45799494,0.45622137,0.45578536,0.4513001,0.4514032,0.45647126,0.4508991,0.45371762,0.46050036,0.45540798,0.45238262,0.45729828,0.4555327,0.4555321,0.45759273,0.447609,0.456914,0.44154635,0.45299482,0.45335978,0.45170972,0.44702062,0.4580552,0.4552326,0.44918507,0.45126352,0.44281572,0.45263368,0.44651854,0.45573226,0.45659974,0.44321817,0.4571824,0.4512693,0.4522244,0.45914513,0.45388177,0.45293188,0.45436716,0.45086265,0.45409444,0.45618194,0.44891196,0.4528918,0.45478714,0.44635996,0.45430022,0.45842618,0.45442832,0.44766676,0.45279953,0.45898804,0.4511129,0.44742033,0.45583996,0.45475903,0.46184433,0.4559848,0.45986888,0.45392647,0.4528352,0.45035982,0.45754975,0.45295033,0.4555356,0.45604005,0.450452,0.45920166,0.44996247,0.45826426,0.4548339,0.45207006,0.43918732,0.4511731,0.45499387,0.45678666,0.45186383,0.45193338,0.45545012,0.46424192,0.4515762,0.4475605,0.4521632,0.45898017,0.4496834,0.46048543,0.46956283,0.45807958,0.4539164,0.44624406,0.44710955,0.45297647,0.45362458,0.45652094,0.45630592,0.45543364,0.45509952,0.45347723,0.45344785,0.4537903,0.44666982,0.45219383,0.45130995,0.45061207,0.45297718,0.44598967,0.4555024,0.45730442,0.45013797,0.4550859,0.45586333,0.45329893,0.45068341,0.45689058,0.45841202,0.45994037,0.45045185,0.45736974,0.45805377,0.4490611,0.4526477,0.45317826,0.4524816,0.44781515,0.44978392,0.4600508,0.45111343,0.44918382,0.44722262,0.4617825,0.45376822,0.44631168,0.45099226,0.45920134,0.45901245,0.46005782,0.45777196,0.45336998,0.4533418,0.4499326,0.45083115,0.45969656,0.45249048,0.45513123,0.45513633,0.45661622,0.45806915,0.4477035,0.44953033,0.47082058,0.4589944,0.4537977,0.459574,0.45896947,0.45162448,0.4464541,0.45483646,0.453472,0.4562101,0.46156952,0.43868306,0.45424616,0.45205334,0.45288166,0.45325297,0.4509841,0.4454344,0.45024693,0.4570583,0.457107,0.4595102,0.4550649,0.45273468,0.45247638,0.4539506,0.45068094,0.44946155,0.44283247,0.45379332,0.4546355,0.4498259,0.45549852,0.44678736,0.46041209,0.45502374,0.46167094,0.45814964,0.44920337,0.45479318,0.45348153,0.46096238,0.4472051,0.45600894,0.45655996,0.45802742,0.45428064,0.4490452,0.45458397,0.45274282,0.45195493,0.4485486,0.45036614,0.46217242,0.4471793,0.4556853,0.4496742,0.44394004,0.45225617,0.45307916,0.45345858,0.44785875,0.4544307,0.4492151,0.44659525,0.45232528,0.4519282,0.45126688,0.44499928,0.44916445,0.45337173,0.45074496,0.45643744,0.45966047,0.45552585,0.46250904,0.4542666,0.44362092,0.457174,0.4427928,0.4551561,0.4460777,0.44978732,0.4549531,0.45628193,0.4574362,0.453112,0.45007432,0.44480658,0.44799086,0.4527058,0.45707667,0.45396444,0.4529126,0.44961384,0.45740885,0.44972157,0.46118283,0.45217028,0.4519936,0.45334566,0.44975525,0.45774496,0.458357,0.45426682,0.45468396,0.44252878,0.4563218,0.4565513,0.45748878,0.45093375,0.45036814,0.4538389,0.45618084,0.45183286,0.45538792,0.45952263,0.45833135,0.45305026,0.45234755,0.45369676,0.43987995,0.4514013,0.44583884,0.45238978,0.45420584,0.45560557,0.45066532,0.45591038,0.45042676,0.45372114,0.45072064,0.45431587,0.45351663,0.44800267,0.45652628,0.45279583,0.4534574,0.45335177,0.44630814,0.45810056,0.46251848,0.45720014,0.45019913,0.44987935,0.45463568,0.45259088,0.4522018,0.45379618,0.45393437,0.45205387,0.45876414,0.44565013,0.45611855,0.4694546,0.44941407,0.45674133,0.45392987,0.46128073,0.4581249,0.4484469,0.4482401,0.44499964,0.4574627,0.45559517,0.44579807,0.45178396,0.4569388,0.44642806,0.4610934,0.44724968,0.4513059,0.44871807,0.456492,0.45320836,0.46033147,0.46246928,0.45416182,0.45059273,0.46148595,0.4600438,0.45290467,0.466997,0.45272586,0.4573197,0.45893124,0.44960198,0.44947192,0.46138647,0.4572368,0.45090306,0.45328063,0.43923748,0.45197135,0.45552233,0.4596269,0.4531909,0.44529548,0.45962477,0.4540493,0.46137518,0.4509058,0.46091715,0.45239764,0.45190504,0.46015134,0.4571342,0.45105577,0.44870502,0.45397067,0.45578545,0.45139876,0.45450458,0.4464192,0.45650232,0.4544715,0.4571529,0.4634369,0.45245153,0.44958174,0.44930586,0.44972172,0.45421264,0.44971225,0.44812012,0.4513136,0.4487604,0.45147786,0.4596451,0.4519017,0.4510862,0.45918378,0.45853937,0.4555353,0.4551837,0.46375558,0.45213875,0.4560283,0.45800838,0.4456282,0.45716476,0.45199618,0.45514184,0.45124066,0.45284593,0.46285808,0.4529552,0.45087785,0.4487272,0.4525706,0.44728094,0.4566458,0.45471823,0.45527723,0.45693034,0.44306034,0.45176864,0.4535429,0.46282524,0.4456689,0.45964926,0.44842798,0.44530594,0.44757572,0.44913816,0.44990224,0.4644266,0.45594642,0.45129588,0.460147,0.45408103,0.45914352,0.44530192,0.45488268,0.45966527,0.44884247,0.4566068,0.4524967,0.44800556,0.449178,0.45380226,0.4540584,0.4560436,0.4566151,0.4547517,0.45183858,0.45121923,0.45204473,0.45962209,0.4489337,0.44719237,0.45408237,0.44956583,0.44825923,0.44959474,0.45803687,0.44092092,0.45194656,0.44438726,0.457786,0.44573274,0.44989845,0.45608458,0.45232674,0.4489776,0.44723666,0.45869896,0.44529724,0.45035106,0.45621222,0.453837,0.45692024,0.45226327,0.4472291,0.45383388,0.45168912,0.45368016,0.44879222,0.4540701,0.45483288,0.45479435,0.45070028,0.45425722,0.45678315,0.45233276,0.45150408,0.4577086,0.4531841,0.44622332,0.44786346,0.46430257,0.45747122,0.44909453,0.45210657,0.45718685,0.45484456,0.44783953,0.4553132,0.44012713,0.4533196,0.45658442,0.45646387,0.45065698,0.44896078,0.46291956,0.45181242,0.4496039,0.44311905,0.45136306,0.4617997,0.44831517,0.45851794,0.4504819,0.45356622,0.4559559,0.4646026,0.4619749,0.45841044,0.45116445,0.45249876,0.45292267,0.4517868,0.4544656,0.4527123,0.45582622,0.44889194,0.45238924,0.45326835,0.4531224,0.4548322,0.45143595,0.45540905,0.4563105,0.44810644,0.44590092,0.45182997,0.4581391,0.4487347,0.4532839,0.4580876,0.4538819,0.45016676,0.44993463,0.44445896,0.45113695,0.45217347,0.46426585,0.44665587,0.45090422,0.45956895,0.45625153,0.45365986,0.45351845,0.4507644,0.45155042,0.45742887,0.44481373,0.45363578,0.45822752,0.4503696,0.45344615,0.45542035,0.4510735,0.46282735,0.45388466,0.4435341,0.4603457,0.45156813,0.45122296,0.45695746,0.45137352,0.4452175,0.4569013,0.4514073,0.45654857,0.44320723,0.44853082,0.46115136,0.4540245,0.4547841,0.4583496,0.45016497,0.45652744,0.44810867,0.4449376,0.4549397,0.44361922,0.45686197,0.45641816,0.45604914,0.45316356,0.45255846,0.45878857,0.45807323,0.45263338,0.4565818,0.4581434,0.46004698,0.45652637,0.45393693,0.44990867,0.45145243,0.45462745,0.4483311,0.45429873,0.45944616,0.44681564,0.4550152,0.45486468,0.45690763,0.4486261,0.45803767,0.4544339,0.45782885,0.4553913,0.45120585,0.4495168,0.45640913,0.4468985,0.4568191,0.45434812,0.4505976,0.4507927,0.45673233,0.45672467,0.44615144,0.4507572,0.44626713,0.4580387,0.4510878,0.45960993,0.45638123,0.45455232,0.45591483,0.45509756,0.45206338,0.45850366,0.44756073,0.45453227,0.44706324,0.45016643,0.4539227,0.46397802,0.43995488,0.45331034,0.45894903,0.45372963,0.4523698,0.4521586,0.45247322,0.45790705,0.4521907,0.4526066,0.45518896,0.4584888,0.45284164,0.45557314,0.44814703,0.45475316,0.44981533,0.45885402,0.4458465,0.44238532,0.45516792,0.45268372,0.44455165,0.4487269,0.4528777,0.45579192,0.4513772,0.45172098,0.45248005,0.45680547,0.44743717,0.45276138,0.46062303,0.45143652,0.46024805,0.4515338,0.46459115,0.45679194,0.4551616,0.4464272,0.45470566,0.4527699,0.44366574,0.45957798,0.44981828,0.4561356,0.4511457,0.44907048,0.4476689,0.45795256,0.45182043,0.46009094,0.45417926,0.45344096,0.45029542,0.45018765,0.4411254,0.45157084,0.46066234,0.4571947,0.44882235,0.45504567,0.4482067,0.4486794,0.45588282,0.44778895,0.4543985,0.45677474,0.45030275,0.44871128,0.4549683,0.44805762,0.45350286,0.44865254,0.45095736,0.45944104,0.45276845,0.4489794,0.45760176,0.45081288,0.44701105,0.44102135,0.44621995,0.44997343,0.45512047,0.4562125,0.45579854,0.4459009,0.4498352,0.4505227,0.45767364,0.45793724,0.4533559,0.45201465,0.45297533,0.44597024,0.45267475,0.451379,0.4580558,0.4517746,0.44723204,0.45039603,0.46581072,0.4563276,0.45879677,0.45665956,0.45514596,0.44953316,0.45223904
0.5247048,0.5146307,0.5226061,0.51645976,0.52622515,0.5280062,0.52111745,0.51788485,0.5259385,0.5225523,0.5272212,0.5245234,0.5239036,0.51634365,0.5165349,0.5207867,0.52176845,0.5204396,0.51856357,0.5208533,0.5223897,0.51453453,0.52320904,0.5215746,0.5224492,0.5209614,0.5230524,0.5111511,0.5271891,0.5195784,0.52002454,0.5197799,0.5260348,0.51845944,0.5223566,0.5196801,0.5155453,0.5206563,0.5271063,0.52362674,0.5193654,0.52163094,0.5135578,0.5132664,0.5185327,0.52768403,0.5140617,0.51934165,0.5210666,0.5164328,0.5296075,0.5248186,0.5193184,0.51882493,0.5259992,0.52738523,0.5121137,0.51276803,0.52083844,0.519057,0.5226121,0.5198924,0.521414,0.5200111,0.5205653,0.5147684,0.50961506,0.51809895,0.5165368,0.5192715,0.51545674,0.5241197,0.52416867,0.5132671,0.5185406,0.5272467,0.51739776,0.5263105,0.5234604,0.5260578,0.52394795,0.5279933,0.5237472,0.5237463,0.52055615,0.51211977,0.5153371,0.52373725,0.52205515,0.527375,0.51620585,0.5153682,0.51909536,0.50933963,0.5166851,0.5153914,0.51397943,0.5176357,0.5205765,0.5241266,0.5288782,0.5224657,0.5243593,0.5156264,0.52004063,0.52177274,0.5176754,0.52460074,0.51223725,0.5197484,0.5227728,0.52328795,0.519228,0.51722324,0.52117664,0.5199439,0.52410954,0.5182411,0.52731764,0.51935875,0.51763266,0.52057624,0.52817583,0.5152136,0.5200415,0.5147613,0.51684403,0.5148982,0.53020185,0.52355224,0.5151715,0.5241313,0.51945335,0.53452444,0.5202097,0.52331835,0.5263106,0.51593983,0.5218557,0.5207086,0.5203556,0.51772773,0.52114755,0.5152928,0.51475793,0.5224405,0.51438683,0.5247349,0.51511914,0.51544493,0.5226501,0.51905864,0.5157058,0.5160426,0.52119386,0.5173547,0.52285767,0.5218577,0.52259976,0.5240457,0.516901,0.52562505,0.52912265,0.51840305,0.5244808,0.5221803,0.52482474,0.52209055,0.51466954,0.5170231,0.5224541,0.52947056,0.51940936,0.5189137,0.52163696,0.51718825,0.5249106,0.5164922,0.5236192,0.5224156,0.5141878,0.5226591,0.5218075,0.51710755,0.52768093,0.51798594,0.52246755,0.5201211,0.5167461,0.5232348,0.51971203,0.5305979,0.5320192,0.5254583,0.51437545,0.5213934,0.5249318,0.5249277,0.52570796,0.51727253,0.5146549,0.52527773,0.5240841,0.5216783,0.5286727,0.5156635,0.51950175,0.5173143,0.52394706,0.5163916,0.5171146,0.5157083,0.5144858,0.516838,0.5308682,0.5162851,0.5142578,0.5169608,0.5216749,0.5266773,0.5170454,0.5189941,0.52712363,0.51792127,0.52477926,0.52441376,0.5275579,0.5146652,0.51959056,0.51655537,0.51844686,0.52560985,0.5271549,0.52694273,0.5270138,0.52454174,0.52428865,0.52846044,0.5209033,0.5235276,0.51898545,0.5234491,0.5245126,0.5260669,0.51959074,0.5177992,0.52510333,0.5253366,0.52294046,0.52320665,0.51340175,0.5169348,0.521585,0.526302,0.51791066,0.5217149,0.5176859,0.5240385,0.52169317,0.5156753,0.5206814,0.514285,0.5239586,0.5257774,0.5296543,0.5190349,0.5229667,0.5170506,0.5200875,0.5203371,0.5266438,0.5281607,0.51673377,0.5202256,0.51930845,0.5171963,0.52060014,0.524278,0.5159291,0.51717013,0.51766723,0.52851087,0.5204288,0.5158888,0.51950663,0.5166224,0.52636975,0.51358914,0.52841276,0.52790385,0.5227296,0.5257737,0.5175804,0.5211506,0.5185745,0.5264127,0.5244786,0.51725703,0.5185298,0.52724373,0.515252,0.5166383,0.52416587,0.5212006,0.5216453,0.52701443,0.51911414,0.5184889,0.519332,0.5141618,0.51989245,0.51761323,0.51591057,0.51912093,0.5200786,0.52475876,0.51950824,0.52167255,0.5172394,0.5209609,0.51932794,0.5309313,0.52546406,0.5229423,0.52064145,0.52629256,0.5171303,0.5219876,0.5147323,0.5329873,0.52531475,0.51259494,0.51784855,0.5166853,0.5243482,0.5203825,0.5239039,0.5192317,0.5260088,0.5189806,0.5300344,0.52340543,0.51904374,0.5237323,0.52801865,0.52471244,0.5180563,0.521147,0.5197802,0.5169526,0.517998,0.51419634,0.5180206,0.5201504,0.52742887,0.5189228,0.5176045,0.5119034,0.5251047,0.51645917,0.5111983,0.52931297,0.5129635,0.5264393,0.5223945,0.52666694,0.52505904,0.5180856,0.5206225,0.5185634,0.5192582,0.51310986,0.5254521,0.5231578,0.5260465,0.50236005,0.51934886,0.52539307,0.5205431,0.52133304,0.51913846,0.5283984,0.51534164,0.5176021,0.52587223,0.51793396,0.51963556,0.51881135,0.5223475,0.524061,0.51066977,0.5219688,0.5227288,0.5170826,0.52116084,0.5178454,0.5202566,0.5185953,0.5247176,0.5244596,0.5267869,0.5172357,0.51854974,0.5298141,0.52381104,0.5272403,0.5297801,0.5172694,0.5203101,0.52579427,0.5211087,0.5225352,0.5195478,0.53149796,0.5221452,0.5165222,0.5220558,0.5218071,0.52762985,0.5180654,0.51969445,0.5179914,0.52519375,0.5372245,0.5239407,0.52082795,0.5187672,0.5227266,0.5224783,0.5186268,0.5284486,0.52416927,0.522239,0.512357,0.5182294,0.5198029,0.5282077,0.5169493,0.5235399,0.5173457,0.51325107,0.5236179,0.52253395,0.51733756,0.5156099,0.51795226,0.5203512,0.52387935,0.52097124,0.5206808,0.5220332,0.52208215,0.51719576,0.522574,0.5282636,0.5187765,0.5136095,0.52906954,0.529255,0.5226225,0.527569,0.52259177,0.51581657,0.52473754,0.51352113,0.52727383,0.5179474,0.51802206,0.519787,0.5213835,0.5167725,0.5209581,0.5134295,0.5255715,0.51667154,0.5160691,0.5215511,0.51837903,0.5226963,0.5174377,0.52073836,0.52288586,0.5255472,0.5195514,0.518764,0.5177727,0.52007467,0.51491463,0.52581745,0.5124315,0.52613986,0.5265302,0.5155987,0.5273956,0.5108738,0.52236414,0.52230865,0.5275275,0.52884555,0.5181862,0.5144381,0.52112824,0.5167531,0.5161651,0.5271801,0.51811576,0.52274394,0.5205557,0.51139617,0.51428145,0.5187069,0.52437294,0.52215284,0.5204977,0.51936924,0.5240018,0.51374096,0.5262794,0.52692103,0.5188058,0.51844174,0.5238216,0.51702523,0.51702416,0.51937425,0.52438635,0.52343714,0.5218851,0.52031356,0.5182668,0.52339995,0.5233763,0.52024484,0.51365894,0.5217118,0.5258498,0.5072918,0.5221892,0.5287887,0.52272683,0.51911026,0.5177212,0.51395386,0.52487725,0.5223256,0.51572114,0.52853096,0.51287097,0.52167135,0.5310667,0.52370036,0.52886397,0.5220408,0.5271796,0.5216803,0.5229832,0.529268,0.52040684,0.5254258,0.5228447,0.52184206,0.52264214,0.53150564,0.5123074,0.52154255,0.5183797,0.5219366,0.52072746,0.5213383,0.521044,0.5212908,0.51975167,0.5136838,0.52582055,0.5174596,0.51746476,0.5223251,0.5166547,0.518797,0.52550286,0.5264815,0.5207403,0.52395487,0.51610863,0.52196133,0.5233467,0.5184003,0.5244704,0.52162385,0.5199452,0.5236569,0.51805943,0.52604675,0.5286171,0.52059186,0.5148643,0.52368975,0.51905125,0.52426684,0.52380586,0.52103615,0.52256006,0.5202233,0.5257394,0.5202531,0.51988727,0.52146333,0.52160716,0.5182986,0.51010966,0.52008575,0.51845473,0.5215213,0.51935214,0.53245264,0.515386,0.5280556,0.5251591,0.5179626,0.52077454,0.5190056,0.51548517,0.5263878,0.51616454,0.5137915,0.5265191,0.52319926,0.5255876,0.5258485,0.51934886,0.5181097,0.52392226,0.51362973,0.50970864,0.517702,0.51731455,0.526821,0.5206912,0.5162498,0.5189355,0.5239584,0.5188277,0.52568775,0.52729857,0.51989025,0.52600443,0.51486486,0.522514,0.53399444,0.521033,0.52312124,0.52044857,0.5143096,0.52525777,0.520594,0.52134997,0.5249529,0.51888496,0.52065736,0.52021307,0.51635367,0.5219036,0.5252038,0.5272747,0.5228034,0.5244892,0.526865,0.5192426,0.5344082,0.5211515,0.5209385,0.5142982,0.52161485,0.5239667,0.53107905,0.5233121,0.5176507,0.53273165,0.5212649,0.5202768,0.521922,0.5182513,0.5235219,0.51448107,0.52229226,0.52641803,0.5232132,0.5214537,0.50691944,0.5201415,0.51898235,0.5166528,0.51733947,0.5179773,0.51633054,0.5184,0.51775146,0.51468647,0.519998,0.5130389,0.51219034,0.5188268,0.5194499,0.51430166,0.5146019,0.5087409,0.5138174,0.5185013,0.5237798,0.51609397,0.5146753,0.516318,0.51765364,0.52105904,0.52201915,0.51439756,0.517956,0.5220483,0.51429594,0.5172097,0.52251947,0.51879597,0.53124917,0.51655847,0.5253845,0.50591916,0.5236339,0.52782744,0.52026767,0.5244599,0.5230281,0.5167356,0.51624644,0.5113406,0.519455,0.52072185,0.53259736,0.5172074,0.522476,0.52770394,0.52055705,0.52135867,0.5208506,0.52016115,0.52267927,0.52193373,0.5154168,0.5225491,0.51745814,0.5234774,0.5198202,0.5193007,0.52299017,0.51804674,0.52241737,0.52099276,0.5199842,0.525105,0.52456635,0.5158323,0.52275646,0.52027065,0.52069366,0.52457815,0.5217191,0.5201748,0.5266558,0.51514995,0.51773703,0.520434,0.5157629,0.5137376,0.5211599,0.5243793,0.52371204,0.5213572,0.5203164,0.5180006,0.51876754,0.5195964,0.52191216,0.5124635,0.5154621,0.5212796,0.5301054,0.51617575,0.5162015,0.5252799,0.5165513,0.52465314,0.52251405,0.52423996,0.513178,0.5194236,0.5170659,0.5220024,0.5158202,0.52946424,0.52115923,0.5243481,0.5297584,0.5122656,0.5258493,0.5231241,0.51394266,0.52339184,0.51810104,0.51682234,0.5142589,0.52058274,0.52423644,0.51981056,0.5199912,0.5150686,0.52177733,0.5185844,0.5173596,0.5238713,0.5282149,0.5220433,0.5253191,0.51498705,0.52887505,0.52584434,0.5196653,0.5160043,0.5290695,0.5203036,0.5172336,0.52216285,0.52070576,0.5161752,0.5179209,0.5196787,0.5185163,0.5164602,0.51615405,0.51712114,0.52066034,0.5293737,0.52098453,0.52347845,0.5243706,0.51819205,0.5254866,0.5196218,0.5189057,0.5241119,0.51653844,0.5233167,0.51605433,0.51911306,0.51961416,0.5159464,0.52734506,0.5136566,0.5231032,0.52394855,0.514552,0.5194917,0.5156878,0.5125094,0.52278435,0.514664,0.5159638,0.52166116,0.5204227,0.5181101,0.5206241,0.52671003,0.5230381,0.5212087,0.5305254,0.5209961,0.5174568,0.5196649,0.5234474,0.5132464,0.5217402,0.5170713,0.52135044,0.5248161,0.5230071,0.51662856,0.5244351,0.51389724,0.51998794,0.52622706,0.52015656,0.5228773,0.52803314,0.52408075,0.5267977,0.52547246,0.5212018,0.5162491,0.5263499,0.52448905,0.52575606,0.5174459,0.5215992,0.5292056,0.5189016,0.5217496,0.52326524,0.5238984,0.5179669,0.5236477,0.51833695,0.5194353,0.52189803,0.5267157,0.5179209,0.5152923,0.5249526,0.52134156,0.5232775,0.5156224,0.517455,0.5179749,0.5224854,0.52018017,0.52173775,0.5222495,0.52450186,0.52698153,0.530311,0.5192299,0.52319366,0.51854235,0.5235143,0.52315044,0.51694626,0.51471806,0.51812965,0.52201325,0.52021545,0.5254593,0.5144056,0.51253724,0.5144513,0.5288621,0.5136486,0.5245458,0.53487974,0.51806283,0.51535106,0.5216297,0.52824205,0.5195898,0.52206546,0.52387506,0.5175886,0.5153157,0.5156818,0.5218241,0.5274935,0.5258605,0.522865,0.51797396,0.5180638,0.5222659,0.5261696,0.5173602,0.51329094,0.52157253,0.5291384,0.5174785,0.5183369,0.5317307,0.5228448,0.5210594,0.513314,0.5206145,0.5251057,0.5140001,0.5201147,0.52144414,0.52724504,0.5199147,0.5226735,0.52045316,0.5219976,0.52478886,0.51829094,0.5258424,0.51940274,0.51359886,0.52310646,0.52741635,0.52430564,0.52007675,0.51321083,0.52267563,0.5210502,0.5169989,0.5221623,0.524586,0.5255719,0.52876
0.66105217,0.6620587,0.6684027,0.6522815,0.66262287,0.65585995,0.6595275,0.6494934,0.6608377,0.6579992,0.6632349,0.6503285,0.6543452,0.65467,0.66398937,0.65646386,0.66146964,0.6579631,0.6600125,0.661112,0.6608812,0.6522205,0.6578977,0.6586127,0.659087,0.65712917,0.66064054,0.6440112,0.65737855,0.66816646,0.6634242,0.66081834,0.65756804,0.6577574,0.6602296,0.6547302,0.65856594,0.6582082,0.6673642,0.6641215,0.6576008,0.65738297,0.6500696,0.6546321,0.66029865,0.66466504,0.6584001,0.6604609,0.65741384,0.66828746,0.6628515,0.66223043,0.6574163,0.6556314,0.6563363,0.6547901,0.66346395,0.6590793,0.6567379,0.6573722,0.65818673,0.65729696,0.66828847,0.6586582,0.6610282,0.6608606,0.6571936,0.6547022,0.65948564,0.65378433,0.6664667,0.66152316,0.6511447,0.65804845,0.6608695,0.65559715,0.654405,0.6604504,0.667338,0.66764915,0.6598976,0.66415924,0.66025907,0.66738653,0.6588922,0.662682,0.6537135,0.6581081,0.6598141,0.6697296,0.65856427,0.6477131,0.66171825,0.65304756,0.6595909,0.65472275,0.667699,0.6606303,0.6589206,0.66107017,0.6617911,0.66268337,0.6595614,0.66984403,0.65430367,0.659368,0.65020037,0.6571342,0.65538394,0.66096646,0.658775,0.666305,0.6543039,0.65734684,0.67074144,0.6616583,0.66199297,0.655806,0.6670738,0.6625399,0.6582546,0.6527644,0.6618655,0.65431213,0.6577925,0.6625383,0.65629214,0.6609768,0.6564611,0.65770906,0.6552246,0.6550181,0.65301573,0.6663342,0.6556912,0.6653164,0.6620042,0.65140873,0.65647197,0.65652615,0.658737,0.6523519,0.66299886,0.66451484,0.6590855,0.6552375,0.6568803,0.6576819,0.6587831,0.6602465,0.66051024,0.66331595,0.65214586,0.6571661,0.6527705,0.6555335,0.65741295,0.6541831,0.6607441,0.6565535,0.660163,0.66334164,0.6590888,0.65781415,0.6549022,0.6562904,0.66458905,0.66304773,0.66269433,0.65817046,0.66266835,0.65834033,0.65933037,0.6641751,0.65830934,0.6624427,0.65550506,0.64796007,0.6615982,0.65241385,0.6581708,0.6569273,0.66287446,0.6537419,0.66408676,0.661963,0.6708411,0.6625051,0.6660921,0.6592644,0.6601956,0.6678755,0.6557053,0.6516807,0.6627995,0.66340256,0.657075,0.6577207,0.66053754,0.64809847,0.6597103,0.66179156,0.6642603,0.65760803,0.6673212,0.66148776,0.66026837,0.6533457,0.6701396,0.6612034,0.6571757,0.66083616,0.6560901,0.648342,0.6619426,0.6612888,0.66119194,0.65510005,0.6600451,0.65893126,0.65589845,0.6639186,0.67152745,0.66190565,0.6624952,0.6543473,0.66684735,0.655649,0.66060126,0.6567149,0.66249007,0.6600149,0.6671933,0.6601291,0.6564225,0.6528826,0.6568097,0.66724455,0.6541005,0.6556051,0.6564152,0.6641772,0.6583227,0.6594384,0.6560969,0.6533448,0.659465,0.6609452,0.65675026,0.65897316,0.6553798,0.6523208,0.6646067,0.6656965,0.660778,0.6543737,0.6588831,0.6594662,0.6592594,0.6566102,0.6558027,0.65579593,0.66237104,0.65801126,0.6652563,0.65219486,0.6618642,0.66458654,0.6630549,0.6594431,0.6636233,0.65812814,0.66191876,0.65533555,0.65709615,0.6638858,0.6627969,0.66506934,0.6559746,0.6606004,0.6624669,0.6646449,0.65796894,0.65335435,0.66209257,0.6566268,0.660146,0.6579087,0.66367304,0.66338295,0.65486765,0.65188384,0.6582409,0.65845424,0.65649354,0.66673243,0.65546364,0.6569108,0.6522188,0.65494716,0.6495714,0.653025,0.65622735,0.66412663,0.653899,0.6621354,0.65908426,0.6634279,0.66298765,0.65718675,0.65728074,0.6541695,0.6588758,0.6609546,0.6605207,0.66841346,0.654538,0.6711736,0.66610074,0.6556262,0.6631673,0.662075,0.6589989,0.66806877,0.65707004,0.6580593,0.6534457,0.6583736,0.6586505,0.6617576,0.66420686,0.65409523,0.6525483,0.6637818,0.6635742,0.65447927,0.6536057,0.6534731,0.6640002,0.6568653,0.65916026,0.65151983,0.65574616,0.6552454,0.6657249,0.6643698,0.6627684,0.65938157,0.65593684,0.6511647,0.6569015,0.66059524,0.6576354,0.66668975,0.66411424,0.65955305,0.6568726,0.65010315,0.66374046,0.6517368,0.6536145,0.66594094,0.6551392,0.6550976,0.6509822,0.6536003,0.65842855,0.6557337,0.66258514,0.65535516,0.65630007,0.6534301,0.6573232,0.66306686,0.66245764,0.6544015,0.6603228,0.6608124,0.6580985,0.6608039,0.6580154,0.66142136,0.65502036,0.6497899,0.6688512,0.6570829,0.65139675,0.6605949,0.6509853,0.66360044,0.6557915,0.66444284,0.6626675,0.6611426,0.6615749,0.6671563,0.6639345,0.6568443,0.65774834,0.6613853,0.6621254,0.6545645,0.6584285,0.6589297,0.6577957,0.66734356,0.65609187,0.6573528,0.6728195,0.6700021,0.6554777,0.6655124,0.660359,0.6596562,0.65411997,0.6651734,0.6646384,0.65488505,0.66805124,0.652242,0.6613642,0.65911007,0.66125757,0.66344905,0.65813863,0.6605356,0.6579767,0.66102237,0.66111696,0.65839416,0.66139024,0.65170765,0.66074896,0.6602078,0.6565459,0.65878093,0.65547806,0.66402996,0.65747786,0.65425104,0.65762264,0.655483,0.6607798,0.66273606,0.6618249,0.65657014,0.65777785,0.65341824,0.65782976,0.6633743,0.66072595,0.6609227,0.6601225,0.65882945,0.6632647,0.6540685,0.6548338,0.6655663,0.6505078,0.6506875,0.6606785,0.66174346,0.6548171,0.660556,0.65988195,0.6655101,0.656481,0.6544575,0.65735036,0.65549594,0.6593405,0.6618711,0.6572704,0.6666217,0.65182984,0.6561222,0.6508075,0.6536187,0.6523173,0.6613898,0.66787535,0.65848863,0.66484714,0.6612537,0.65653193,0.6550723,0.6604789,0.6524117,0.66459745,0.64927137,0.65806943,0.6631264,0.65264857,0.6651432,0.65269864,0.6607371,0.65115577,0.6626742,0.6653832,0.6549009,0.65964484,0.6605441,0.6572999,0.66732556,0.6589933,0.66433895,0.6622078,0.6589486,0.647609,0.65554625,0.65710616,0.6680466,0.66461843,0.65720284,0.64967805,0.6579544,0.65448284,0.66933054,0.66145825,0.6599521,0.6540771,0.6627933,0.6621149,0.6588751,0.6598511,0.66301984,0.6555403,0.6558188,0.6640332,0.65239173,0.6625303,0.65729344,0.65882146,0.65839684,0.6634222,0.66574883,0.65348005,0.66200215,0.6626767,0.66136605,0.656111,0.659171,0.65636224,0.66468674,0.65767634,0.65508103,0.66432405,0.6598638,0.658771,0.6659452,0.65556884,0.6587015,0.66012675,0.6689718,0.66131926,0.6612318,0.65745836,0.6600116,0.663985,0.6605023,0.6563353,0.6530284,0.6597466,0.65339273,0.66000396,0.66055244,0.65878445,0.659138,0.65785235,0.6556821,0.6628694,0.657614,0.6550123,0.659759,0.6541448,0.6568303,0.66586095,0.66592336,0.6559487,0.6620354,0.6597738,0.6612365,0.66070306,0.66612524,0.6614054,0.6603935,0.65883553,0.6654794,0.6563322,0.65731615,0.6631749,0.65618426,0.66941273,0.6662429,0.65814763,0.6613042,0.6647549,0.6625742,0.65657383,0.6619319,0.6503034,0.6579849,0.6578258,0.6672449,0.6619498,0.6592067,0.6614856,0.65459174,0.6556039,0.6627909,0.66227424,0.66346633,0.65709436,0.66165,0.6646574,0.65468067,0.6611945,0.66113317,0.65034837,0.65737087,0.6527242,0.66115797,0.6621152,0.65470916,0.6604453,0.6602467,0.657448,0.6545435,0.65983576,0.6570791,0.65675306,0.6519644,0.65633506,0.65380454,0.65848416,0.6555668,0.66763985,0.66162235,0.6560031,0.659967,0.663906,0.66185796,0.6591874,0.67450315,0.6564591,0.6587385,0.65461713,0.66004574,0.6676862,0.6601037,0.6562243,0.6607469,0.6610259,0.6625134,0.6595961,0.6565828,0.6632059,0.6543157,0.65938836,0.6592004,0.6546855,0.6676544,0.6603688,0.6534808,0.66126454,0.6650893,0.6673297,0.6611286,0.66796136,0.6576897,0.65758526,0.64737624,0.6628121,0.66270214,0.6614497,0.65468633,0.66207635,0.6590132,0.66323775,0.6590678,0.6622893,0.66198593,0.6668954,0.65001667,0.6577854,0.6590636,0.6586863,0.6555067,0.65823674,0.6562478,0.6545905,0.6626038,0.65136176,0.6623737,0.658154,0.65337884,0.6633571,0.6497321,0.6575838,0.6599502,0.6615667,0.6593034,0.656302,0.66022044,0.65301764,0.654901,0.65752447,0.65630704,0.6627806,0.65747064,0.6607388,0.66091424,0.6527679,0.65309805,0.66288424,0.65277094,0.6597685,0.6682152,0.65809065,0.6606,0.6595591,0.6558529,0.6679318,0.65171885,0.66182965,0.64735794,0.659406,0.6588014,0.65366846,0.66255206,0.65583223,0.66196275,0.659522,0.65202546,0.6573308,0.6561974,0.6657291,0.6571012,0.6642313,0.6588268,0.6645637,0.65620494,0.65051407,0.66036016,0.6529587,0.6600075,0.6615869,0.65955466,0.65830517,0.6644295,0.65492016,0.65697336,0.6617122,0.65265864,0.6646626,0.6528903,0.65978116,0.66034025,0.66141397,0.66133994,0.6551011,0.6591884,0.665361,0.6603578,0.6695636,0.6559522,0.65692115,0.65246964,0.6612847,0.6552476,0.6623297,0.6580032,0.6582532,0.66539186,0.66021144,0.6642626,0.65826714,0.6666282,0.65750617,0.6557017,0.6681048,0.6538806,0.6478316,0.66140175,0.6626701,0.6528135,0.65746504,0.6616714,0.66137385,0.66064405,0.6531446,0.6626356,0.6555271,0.6584764,0.66023207,0.6558812,0.6527365,0.66794604,0.66039735,0.65522265,0.6535887,0.64208627,0.65514296,0.656543,0.6539516,0.6591353,0.6599991,0.6617806,0.657718,0.65456736,0.664621,0.65581566,0.6602386,0.65373665,0.66302633,0.6520593,0.65831304,0.6624977,0.65635616,0.65864927,0.6599755,0.649004,0.6670824,0.65236586,0.6566505,0.66664135,0.6555037,0.66337293,0.6584859,0.65017575,0.6615456,0.65331346,0.6490945,0.65986973,0.6551344,0.65829915,0.6533525,0.65455854,0.65896136,0.65875745,0.66497606,0.6635165,0.662266,0.6625423,0.66527396,0.654736,0.65502024,0.6641177,0.6518704,0.6586998,0.65551865,0.65733254,0.6624558,0.6612051,0.65761775,0.66484207,0.6600382,0.6614364,0.6536857,0.66650033,0.65573955,0.6601327,0.6620774,0.66083705,0.65708524,0.6621936,0.6580564,0.6676491,0.65251213,0.66217834,0.65324795,0.65128285,0.6595706,0.66264784,0.65428096,0.65520644,0.6651312,0.66089374,0.6677627,0.6616222,0.6642928,0.6618103,0.66079897,0.65936595,0.65638113,0.6618829,0.6576565,0.6576533,0.6534364,0.661895,0.66443384,0.650956,0.6660067,0.6594951,0.66239476,0.6576702,0.65542895,0.66138107,0.65926266,0.66871274,0.65622944,0.6640453,0.65636396,0.6499478,0.65773606,0.6582337,0.65988237,0.6567726,0.66087985,0.6652078,0.64943725,0.65780073,0.65492904,0.65998393,0.6609926,0.6527342,0.66350245,0.6511484,0.65282637,0.6539493,0.65745676,0.65370846,0.65685236,0.6639151,0.66331184,0.6660937,0.6663732,0.6576959,0.6584386,0.6631047,0.6600781,0.6614712,0.6516028,0.659699,0.6668884,0.65270907,0.6664793,0.6526095,0.65327114,0.6584094,0.66138774,0.6592813,0.6594081,0.6642191,0.66037375,0.66246,0.65679944,0.6539334,0.66436136,0.6673033,0.6656043,0.6640173,0.6595237,0.65875447,0.6624262,0.66418165,0.66616595,0.6597365,0.66901934,0.65758365,0.6605563,0.6595829,0.6625796,0.6578712,0.65849507,0.6603537,0.6678866,0.6563666,0.65198165,0.65818703,0.66008604,0.6588689,0.6479893,0.6556175,0.6544609,0.6525007,0.66161996,0.65944874,0.6505927,0.65819037,0.6661333,0.66101396,0.66106325,0.659229,0.6514291,0.66534275,0.6571287,0.6604609,0.66140133,0.6647433,0.6623919,0.6628626,0.65653217,0.66447866,0.6527583,0.66461766,0.66575927,0.66422224,0.65944993,0.65213406
0.7998886,0.79257756,0.8014885,0.7950699,0.79428846,0.8008557,0.8013166,0.79811156,0.8022454,0.79603314,0.7989351,0.7985259,0.79189134,0.79011923,0.79230005,0.79362875,0.79291826,0.80685097,0.8021959,0.79489774,0.8039425,0.7975996,0.80394256,0.79389864,0.8034424,0.79933167,0.80339617,0.7927898,0.7957876,0.7981302,0.79672307,0.7944521,0.79262435,0.8029054,0.7963623,0.7988793,0.79181945,0.7983232,0.8014961,0.8038865,0.79713434,0.7941513,0.78928256,0.7902175,0.7929627,0.79824585,0.79784834,0.8029672,0.79620785,0.7973608,0.80048126,0.80035836,0.7966366,0.797434,0.8011429,0.79734737,0.7988624,0.79767394,0.7988921,0.7973769,0.81082803,0.79738384,0.80204934,0.7964032,0.79811996,0.7948403,0.80145234,0.78780913,0.8030898,0.7928374,0.8009493,0.7898534,0.8043595,0.797152,0.79298985,0.7958719,0.80126184,0.8021226,0.7974575,0.7971305,0.8032462,0.8048268,0.79932946,0.798789,0.7923284,0.79724693,0.8061253,0.80137897,0.7972661,0.79397386,0.7966132,0.79336643,0.8025952,0.79737693,0.7909756,0.79207444,0.7968657,0.80197453,0.7986607,0.7969205,0.80314493,0.79526013,0.7856976,0.802228,0.7988851,0.8005155,0.79098016,0.7971288,0.8021126,0.7982367,0.79843754,0.79585063,0.7968976,0.78487045,0.79995966,0.7992952,0.79631716,0.804598,0.794948,0.7947483,0.79197204,0.80186504,0.79601806,0.8001696,0.7997671,0.7986486,0.7906001,0.79179186,0.8042737,0.80103695,0.7910982,0.79595906,0.7981241,0.8005403,0.79237676,0.8030284,0.804572,0.7919758,0.8002021,0.79229313,0.7924235,0.7967035,0.80552137,0.79377484,0.7954502,0.79115266,0.7949858,0.79756725,0.80177015,0.7992107,0.80040103,0.80196685,0.79438806,0.79364115,0.7994011,0.798594,0.7923857,0.8031541,0.8031023,0.7979469,0.8010095,0.7921694,0.80017865,0.80110365,0.7956524,0.8084932,0.803134,0.79539716,0.808796,0.8070722,0.80520153,0.79397076,0.8041279,0.79743665,0.8011752,0.7963032,0.79978836,0.7938557,0.80582315,0.794341,0.79256463,0.7975942,0.80005175,0.79976654,0.79843897,0.79624146,0.7972218,0.7911134,0.7996714,0.7948326,0.7957464,0.8118083,0.8020708,0.800353,0.7994365,0.79380065,0.79502153,0.7974241,0.7980938,0.794525,0.7971009,0.80707693,0.8045112,0.7919035,0.7958305,0.79262155,0.7906285,0.7995679,0.80595833,0.7948951,0.800458,0.7992502,0.79031825,0.7976716,0.79641074,0.8081752,0.7939532,0.7974093,0.7933383,0.80684483,0.79803586,0.79596126,0.7970341,0.80690306,0.799426,0.7987194,0.7942224,0.80245864,0.7992337,0.7979063,0.8002007,0.8007376,0.7987784,0.80293757,0.7955146,0.7971856,0.7907764,0.80109996,0.8005728,0.7951958,0.79717875,0.79306245,0.7899847,0.79695505,0.79479384,0.7980218,0.80144787,0.7956237,0.79856104,0.7973613,0.79154605,0.80348766,0.80415666,0.79540104,0.7977319,0.7990959,0.7937191,0.79890704,0.7952406,0.7965486,0.80082947,0.79534686,0.80358595,0.7924824,0.79839766,0.8020076,0.79577357,0.80118036,0.7970776,0.7958815,0.7926045,0.7940574,0.7993941,0.80143684,0.7971285,0.79424834,0.7960111,0.80135226,0.8017518,0.7975209,0.79813457,0.8010051,0.7912744,0.79171425,0.797883,0.79448545,0.8060677,0.78668517,0.80235404,0.78652465,0.79545087,0.8043933,0.79810137,0.79504037,0.79201317,0.7948695,0.7946064,0.7950467,0.7963012,0.79995644,0.79869527,0.7984946,0.80033785,0.7983654,0.7976508,0.79838926,0.79619324,0.7924614,0.7930114,0.7959104,0.8049799,0.80044377,0.7913137,0.7945225,0.79481226,0.79971445,0.7914203,0.8024967,0.7985939,0.8064969,0.80046713,0.8006949,0.78602976,0.8044257,0.8015715,0.8028712,0.79925334,0.80175316,0.7994096,0.8027291,0.80396926,0.7920367,0.80254114,0.7991762,0.8055845,0.7904184,0.79674464,0.794608,0.7905502,0.79405326,0.79772365,0.7950308,0.79349166,0.7974876,0.802936,0.8017028,0.79361045,0.805947,0.7946693,0.79676205,0.79742867,0.8040986,0.7944034,0.80357313,0.79768443,0.7964544,0.79820085,0.7960438,0.8015668,0.79997456,0.79904956,0.7936712,0.7972748,0.79934645,0.8010352,0.792039,0.7947207,0.7998591,0.7829573,0.8027631,0.80229074,0.7923331,0.78918207,0.8049587,0.7996016,0.79837143,0.7970617,0.7954205,0.7971865,0.7961826,0.79766,0.79670554,0.7887005,0.7954884,0.8044661,0.8030529,0.8039584,0.7955972,0.79890746,0.8018635,0.7891229,0.7935014,0.79303956,0.80231947,0.7949603,0.80918694,0.79691464,0.79871887,0.7967847,0.7961721,0.7950046,0.7975873,0.8020747,0.7927836,0.7980767,0.80207,0.79855883,0.80111367,0.8016464,0.7968074,0.8050594,0.7983809,0.79731524,0.8000188,0.7966444,0.80106723,0.79540354,0.80344576,0.79980433,0.80210316,0.79592305,0.7988361,0.7996263,0.7917605,0.80203336,0.793409,0.7948952,0.8044907,0.79097027,0.79843533,0.79404724,0.7946778,0.7947083,0.7956009,0.79882395,0.7925483,0.7976516,0.7953842,0.79969746,0.80030346,0.80047435,0.7893664,0.79815036,0.8038631,0.7960212,0.7997481,0.7928546,0.7954181,0.79553425,0.80211776,0.7965727,0.796109,0.79301167,0.79799193,0.7929347,0.7935121,0.8012181,0.7975158,0.8014058,0.7978698,0.80143493,0.7962694,0.80410296,0.8010049,0.79398173,0.79280293,0.80353343,0.8010797,0.7919329,0.803499,0.7947169,0.7939607,0.80431354,0.7936123,0.7895586,0.7986359,0.7955035,0.79530305,0.80288976,0.7980033,0.7941137,0.80048823,0.8039584,0.7921525,0.7939294,0.79898494,0.79312694,0.803955,0.7965201,0.7959407,0.79667157,0.79696023,0.79800737,0.7976036,0.8012171,0.79436725,0.7942348,0.7953286,0.7956551,0.79227906,0.80491114,0.8010171,0.796113,0.7981787,0.80131555,0.7928844,0.79014015,0.7908417,0.79728717,0.79867816,0.8030079,0.80024004,0.7975723,0.797204,0.7944504,0.78901076,0.7956253,0.80147886,0.7949673,0.80080247,0.7959369,0.8019956,0.80435866,0.79532367,0.7939598,0.8011507,0.79706633,0.8030999,0.79674584,0.7947492,0.7994365,0.79367566,0.8006169,0.8075624,0.79202026,0.7948571,0.8000216,0.79777634,0.79431087,0.79625314,0.7964658,0.8035439,0.7950931,0.7983329,0.80404615,0.8001196,0.7888114,0.79944414,0.7962121,0.79540884,0.8034738,0.79188305,0.7937788,0.80485445,0.79636836,0.796114,0.79786754,0.7990532,0.80100375,0.8000304,0.7997243,0.8001028,0.80505455,0.79369414,0.8007658,0.79491365,0.8061026,0.7895592,0.79778975,0.79367965,0.8089758,0.8001407,0.7976407,0.7974502,0.7932318,0.7984891,0.800984,0.79625034,0.7951674,0.8005138,0.80565923,0.79312485,0.7968677,0.78927845,0.798027,0.8057388,0.79484355,0.7938233,0.80805945,0.80000556,0.7963013,0.8124348,0.7983813,0.79292655,0.79432464,0.7971402,0.79602003,0.79727066,0.7982107,0.79871327,0.78982806,0.79491794,0.80167687,0.800404,0.80144703,0.7968969,0.7964542,0.8003719,0.7998459,0.7913241,0.80466485,0.8012653,0.7960636,0.80033267,0.79755765,0.80016077,0.7950524,0.7980365,0.8091815,0.7980501,0.7969737,0.8018868,0.79779583,0.80195343,0.79276484,0.79894,0.8046018,0.7997456,0.7974963,0.805194,0.79418373,0.79023623,0.8027256,0.80081415,0.7975093,0.79502314,0.79649264,0.7955011,0.8049998,0.79647034,0.79265374,0.8028022,0.7916722,0.8012003,0.8016521,0.79637307,0.79503024,0.7972891,0.79432184,0.79564446,0.80148584,0.79881036,0.79441386,0.80542284,0.79250115,0.795507,0.7971645,0.79582614,0.8008059,0.794894,0.79473895,0.7991702,0.7970288,0.79578394,0.7968911,0.8003194,0.79582584,0.79574525,0.8050628,0.7947736,0.79783916,0.794716,0.7950809,0.79749876,0.7911284,0.8010148,0.7950999,0.8015868,0.7953824,0.7942756,0.8043742,0.80725366,0.80290425,0.79523647,0.8010483,0.7949701,0.80034935,0.79289013,0.7915661,0.79261035,0.80112094,0.7916474,0.80224603,0.7950437,0.80090606,0.79537565,0.7957663,0.7984372,0.7927435,0.7980134,0.80129236,0.79343075,0.7922325,0.7929667,0.7993329,0.7956965,0.797129,0.79907507,0.8005632,0.79888326,0.80208623,0.7953156,0.78930384,0.7971972,0.79892236,0.7895336,0.7885327,0.79763997,0.79965574,0.79836726,0.79396063,0.80172384,0.8003682,0.7995273,0.79731053,0.79719037,0.7993035,0.79463005,0.8010292,0.7966688,0.7949721,0.80050176,0.80259395,0.7987063,0.7964052,0.79993135,0.7888285,0.8000245,0.79908276,0.8057945,0.8056922,0.787565,0.7954825,0.79203063,0.79673076,0.79531884,0.79579,0.79565704,0.79436433,0.799468,0.79661655,0.7932767,0.7956686,0.7996975,0.8018167,0.79516923,0.7850096,0.79331255,0.80079395,0.7987426,0.7956481,0.797661,0.7958008,0.8014366,0.8069998,0.80276567,0.79526097,0.79361624,0.8016841,0.8065853,0.79351026,0.8042476,0.8034482,0.80761194,0.80154645,0.7975467,0.79313517,0.79133767,0.798551,0.79218096,0.79608655,0.7901633,0.79400903,0.7986447,0.7971341,0.7909981,0.7952202,0.8013851,0.79078776,0.80245554,0.7945516,0.7946611,0.79623306,0.79405534,0.8031799,0.80076814,0.8012226,0.7905038,0.7984999,0.8034881,0.79469234,0.79385203,0.7980858,0.79350406,0.79840964,0.7993244,0.79496723,0.8022277,0.8045243,0.79901236,0.7864814,0.80299795,0.7989788,0.7953433,0.8036524,0.79863054,0.7976453,0.798067,0.8009091,0.79768217,0.7852826,0.8004302,0.8000208,0.79848045,0.79231256,0.7978004,0.79908854,0.80406415,0.796508,0.7927965,0.8055944,0.80023587,0.794341,0.7858902,0.7944843,0.80266875,0.7955434,0.7971511,0.8067834,0.79539645,0.79927015,0.798591,0.8005489,0.7964822,0.80193615,0.7958496,0.79941076,0.7950301,0.7913177,0.79898304,0.8057257,0.79595685,0.79560494,0.79811835,0.78940403,0.80233926,0.7933206,0.79961854,0.7931679,0.7993484,0.7942301,0.7979396,0.8011523,0.7931354,0.79528874,0.8036575,0.7951615,0.7930983,0.8051549,0.7906578,0.80058414,0.79195535,0.80287313,0.7906529,0.7896817,0.8068112,0.7952567,0.7963763,0.8074941,0.80387276,0.79762125,0.8065536,0.7971176,0.8039071,0.80319875,0.793556,0.7982464,0.7988867,0.7916484,0.7975791,0.7994677,0.7907558,0.7981155,0.7946588,0.79723793,0.8065739,0.8029235,0.7985405,0.7961439,0.7953416,0.800367,0.78980017,0.8024451,0.8024376,0.80104566,0.7963076,0.80280197,0.79354393,0.8023395,0.79772884,0.79336727,0.7963782,0.79113716,0.7948939,0.7988901,0.79750526,0.7992006,0.796384,0.8055396,0.8047906,0.7955008,0.8009731,0.7948992,0.7970767,0.8054011,0.80396867,0.8007921,0.798861,0.79748124,0.79539704,0.7917132,0.79739755,0.7935689,0.7964506,0.7936042,0.79424036,0.79739064,0.7942084,0.8003139,0.794794,0.797794,0.7929893,0.7968759,0.7972538,0.79844743,0.8007563,0.801141,0.7901122,0.79944056,0.8073146,0.802933,0.7944614,0.7980772,0.7993614,0.7992779,0.80060285,0.7865702,0.79952943,0.7937034,0.7964866,0.7972889,0.79542917,0.8034614,0.8020165,0.7871882,0.7967547,0.7987448,0.8032489,0.8081356,0.8022505,0.8046259,0.79267484,0.79638016,0.7856293,0.7930922,0.796947,0.8032596,0.79419553,0.7906237,0.79610765,0.79354364,0.7953125,0.797513,0.79567266,0.8007922,0.8017199,0.7962999,0.804611,0.79484326,0.8031147,0.7979529,0.80709857,0.79682094,0.79713744,0.79761195,0.7921877,0.800889,0.79636973,0.80079526,0.8034597
0.7895895,0.7894751,0.8029432,0.78889906,0.793444,0.7940551,0.7904014,0.7836549,0.79154253,0.78853387,0.7968987,0.7926219,0.78582555,0.7924705,0.7903794,0.79307604,0.7796678,0.7851759,0.7973261,0.7843627,0.7920842,0.7887529,0.7998918,0.7936065,0.79241675,0.78587997,0.7907689,0.78826296,0.79747295,0.78759927,0.790416,0.7906638,0.78877795,0.7918073,0.7871615,0.7910323,0.7893392,0.7881682,0.7958422,0.7929866,0.7889869,0.790625,0.7838534,0.78823864,0.7913224,0.79727876,0.789059,0.79655445,0.7937967,0.7887295,0.7898978,0.79529303,0.7861684,0.79067916,0.7898305,0.7820514,0.78505504,0.78479487,0.7903262,0.7855182,0.7899453,0.7902155,0.7949467,0.7904441,0.7972773,0.7889864,0.79377216,0.7832358,0.7910341,0.78470916,0.79203266,0.78578776,0.78857917,0.79893315,0.7800417,0.79021555,0.7886255,0.7946557,0.7966546,0.7970441,0.7939374,0.795969,0.7894872,0.7947367,0.7877348,0.7907292,0.7909833,0.7897173,0.79088527,0.7902704,0.7887588,0.7860494,0.79041916,0.7892004,0.7833421,0.7815635,0.78375,0.79914474,0.79346246,0.7854884,0.79164934,0.7898927,0.7844518,0.7959634,0.79293066,0.7941494,0.7835235,0.7854703,0.7910949,0.79722357,0.79495287,0.80086786,0.78470236,0.78627294,0.78632027,0.78751683,0.7854163,0.7927231,0.791426,0.7883835,0.7860774,0.802862,0.796687,0.78843284,0.786092,0.7893392,0.7840943,0.78963894,0.79811805,0.79569656,0.7889311,0.7885355,0.7918332,0.78882736,0.7860741,0.792101,0.79663205,0.7874827,0.7911235,0.78683674,0.7910198,0.7913038,0.7898528,0.7903254,0.7790613,0.7847267,0.7884208,0.7885283,0.79942155,0.7899805,0.786608,0.78994435,0.7879258,0.78933436,0.78441507,0.7941186,0.78908515,0.793269,0.7945185,0.7887162,0.7885816,0.78572655,0.7928905,0.79364794,0.78369784,0.7891485,0.7917165,0.7951188,0.7982428,0.79051584,0.7905201,0.7813079,0.79665655,0.7912862,0.7878811,0.78384334,0.79466045,0.7935537,0.7928303,0.78226304,0.7822449,0.789108,0.7902088,0.79161733,0.78386873,0.79315776,0.79311883,0.7786279,0.7951127,0.7928379,0.79024947,0.8010652,0.7930561,0.787343,0.79218334,0.78741217,0.78917664,0.78969884,0.7910185,0.79396826,0.7942862,0.79716855,0.79027814,0.78757197,0.78383434,0.79063493,0.7881666,0.78875214,0.79805535,0.78625476,0.7786755,0.7845216,0.7952567,0.7961917,0.79170436,0.8001786,0.7842941,0.79413635,0.78818774,0.7995092,0.79280996,0.7869327,0.7868408,0.785967,0.7909249,0.7847415,0.7948657,0.7933909,0.7879917,0.79166704,0.796679,0.79334325,0.7920945,0.7944068,0.7869282,0.7873433,0.7845321,0.79052186,0.78712535,0.7881988,0.79023427,0.7935174,0.7807251,0.79385936,0.7942194,0.7925916,0.79218906,0.7910531,0.78790027,0.7901658,0.7915488,0.790102,0.7967272,0.7889086,0.79429036,0.78553516,0.7855239,0.79052556,0.79319835,0.78584313,0.7899234,0.7891477,0.79745996,0.7906423,0.7901176,0.7856453,0.7834051,0.7999508,0.79315776,0.7884441,0.79020315,0.7876129,0.78986657,0.79564214,0.7838928,0.7910287,0.80042213,0.79169923,0.796548,0.79104817,0.78897995,0.7923546,0.7922533,0.78725666,0.78882253,0.78992444,0.79903156,0.78441006,0.79633224,0.7852698,0.79447794,0.79125875,0.78733474,0.7892217,0.7900968,0.7977767,0.7914189,0.78469414,0.78728485,0.7949458,0.78759277,0.7930943,0.7933053,0.78547525,0.78493446,0.7889501,0.78802323,0.79273224,0.7931855,0.788472,0.7982891,0.79161346,0.7890665,0.791302,0.7839293,0.7921654,0.7940973,0.79195106,0.78210914,0.7911325,0.791475,0.7845763,0.78370196,0.791122,0.7909683,0.79296297,0.79792583,0.79339856,0.7862022,0.7960589,0.7916914,0.78717995,0.7976376,0.7919002,0.7970133,0.7813195,0.7865019,0.7915751,0.7846206,0.7861396,0.7896161,0.7933673,0.7899125,0.7884633,0.7901029,0.79427195,0.7885286,0.79395163,0.7857984,0.7891221,0.79073155,0.7888072,0.7924391,0.7912631,0.7894015,0.7908607,0.78668684,0.7921168,0.7882004,0.79124683,0.79136825,0.7839074,0.79160523,0.7852556,0.7919475,0.78500646,0.78878045,0.7877579,0.7840069,0.79055864,0.7903018,0.7888954,0.7853368,0.79809856,0.7926398,0.79184836,0.78679407,0.7958258,0.7976835,0.79247487,0.79778767,0.7898897,0.78396934,0.78835493,0.79743534,0.7976452,0.79551935,0.7907308,0.7879455,0.7853145,0.7897901,0.7861647,0.79182523,0.80123436,0.7823666,0.79272026,0.7890514,0.7966837,0.7837978,0.78879434,0.78881335,0.7918711,0.7960215,0.78715664,0.7819551,0.8021784,0.7867229,0.80107725,0.79092175,0.7855528,0.79716223,0.79128975,0.7962021,0.7893785,0.7863948,0.79352134,0.79640853,0.7982622,0.79614514,0.80233496,0.7836819,0.791887,0.7879361,0.7872681,0.78978163,0.7848142,0.78402036,0.79600036,0.78905857,0.7871411,0.794604,0.7895632,0.7903176,0.79277134,0.79399806,0.7867867,0.7838011,0.7917255,0.78850794,0.79476255,0.789241,0.7906457,0.79422593,0.79140896,0.7947954,0.7916734,0.78861696,0.7920647,0.78433955,0.7922014,0.7877831,0.79370934,0.79371285,0.78842765,0.79252076,0.7882775,0.79132026,0.7927224,0.79229724,0.793668,0.79387635,0.7952271,0.7944917,0.79497033,0.78129697,0.78711176,0.796107,0.7901821,0.79089737,0.7880471,0.78870344,0.790403,0.78958607,0.78514445,0.7960611,0.7825232,0.79380465,0.78809834,0.787365,0.78686064,0.7871839,0.7834318,0.8013451,0.7855699,0.79223007,0.78919023,0.79518384,0.79547405,0.79432446,0.7937485,0.79000676,0.7894041,0.77854246,0.79064333,0.79068685,0.79128534,0.78972256,0.7868244,0.7854356,0.7835031,0.78842247,0.79588896,0.7884802,0.7932636,0.79221314,0.7950948,0.7864152,0.7825393,0.7854051,0.79338896,0.79493326,0.7984376,0.78603464,0.79034954,0.792045,0.78204745,0.79028153,0.7921178,0.7919542,0.79057026,0.7888534,0.7971775,0.7922039,0.79023224,0.78759223,0.79508126,0.7806005,0.79117924,0.7924761,0.7977666,0.79407525,0.7937432,0.7919735,0.7908728,0.7840957,0.7853775,0.78965175,0.79536605,0.7881664,0.79128397,0.7919792,0.7935333,0.79345584,0.7922562,0.7942825,0.7851152,0.7890169,0.7946413,0.7868105,0.7913852,0.7941951,0.7820662,0.79362386,0.8077015,0.7908397,0.788502,0.78594375,0.78832996,0.79281086,0.7990783,0.79323846,0.7906047,0.7901471,0.785055,0.79529184,0.7851871,0.79354835,0.7871933,0.7870559,0.7819865,0.7892998,0.7955848,0.78588134,0.78612256,0.7877594,0.7866037,0.7883871,0.79020065,0.78460294,0.79678744,0.7877329,0.79157287,0.785352,0.79059905,0.7879156,0.79303145,0.7889291,0.78979796,0.7977605,0.78711176,0.78978217,0.79213905,0.78748935,0.79831403,0.7859421,0.79205996,0.78696907,0.7906171,0.7919551,0.78946555,0.79113716,0.7857802,0.7869223,0.79218245,0.7902669,0.79256284,0.7893655,0.79455805,0.7979696,0.7994658,0.7945421,0.79847693,0.79403996,0.7905197,0.78192765,0.7942029,0.79103804,0.79669225,0.78821987,0.79004467,0.78733647,0.7947111,0.79053605,0.79581726,0.7914576,0.7801549,0.79520637,0.78265864,0.7859089,0.79210216,0.78960645,0.78085023,0.7933992,0.78713256,0.78136724,0.7906604,0.7887008,0.7835744,0.79143786,0.78960073,0.78168654,0.7940583,0.78768194,0.7933499,0.7874589,0.78050464,0.7889033,0.7891246,0.78890693,0.7904896,0.79266936,0.7929257,0.786637,0.8021298,0.79021364,0.78492254,0.78670406,0.7882069,0.79040015,0.7868771,0.7912009,0.7869332,0.7923153,0.78237736,0.7842252,0.79506177,0.7889193,0.7880641,0.79025406,0.78436935,0.7884394,0.7941943,0.78926325,0.78542763,0.7891578,0.7932799,0.7918711,0.7903805,0.7886073,0.792128,0.797798,0.7917706,0.7935945,0.7869172,0.78506285,0.7916566,0.7922819,0.7916963,0.79005176,0.78928,0.804476,0.786985,0.79165137,0.7898814,0.7896292,0.7927162,0.781879,0.79507864,0.78201145,0.7860252,0.79374963,0.7852257,0.79062814,0.78582954,0.79125506,0.7935362,0.7876384,0.7885689,0.7833064,0.78340656,0.79165053,0.7869662,0.7849318,0.7905478,0.7973551,0.7844379,0.7795498,0.79368526,0.8027798,0.79053694,0.7975629,0.7936024,0.7954841,0.79199076,0.79212904,0.7887731,0.7898575,0.7832526,0.79067373,0.7886318,0.7927907,0.7911825,0.7917227,0.78901464,0.79314184,0.783761,0.78965616,0.7873287,0.7924466,0.79461354,0.79581976,0.78463256,0.7858078,0.78434217,0.7900125,0.78274274,0.7874985,0.7981754,0.79123735,0.80173826,0.79015183,0.7952158,0.78555787,0.79393715,0.79070455,0.79289466,0.78561753,0.78717375,0.7910387,0.7865573,0.78991884,0.78910464,0.7870979,0.79203796,0.7923459,0.79165864,0.7932854,0.7902579,0.7983145,0.79948735,0.7913788,0.799225,0.7927687,0.7954235,0.7933506,0.79196566,0.7916797,0.7867858,0.7882842,0.7923606,0.7928435,0.7907634,0.7909993,0.7921442,0.7836509,0.78915757,0.7954762,0.7945609,0.7795217,0.7905177,0.7929383,0.78939456,0.78493273,0.79245883,0.79641867,0.7998719,0.795065,0.7812486,0.79603326,0.79472196,0.78747404,0.7767074,0.796226,0.78474987,0.78988516,0.7928135,0.7963539,0.79155016,0.79357755,0.7899677,0.7866965,0.7908833,0.79295987,0.7857157,0.7951964,0.7910022,0.79541796,0.79536045,0.7871966,0.7910953,0.7833876,0.78643966,0.79460704,0.78789574,0.78383625,0.7914126,0.7954307,0.7946453,0.7891947,0.7822766,0.7914866,0.7885565,0.7855768,0.78190225,0.79266495,0.79398286,0.79344547,0.79404527,0.79736227,0.79408,0.7985626,0.7933993,0.7918401,0.7791652,0.79252696,0.7839922,0.7887776,0.78285044,0.7896273,0.79693216,0.792046,0.7924427,0.7872541,0.78878963,0.78662694,0.78988564,0.78551054,0.7988638,0.79059356,0.79488546,0.7825013,0.79535496,0.79843473,0.7932263,0.7906681,0.797386,0.7917733,0.7882599,0.7902008,0.7833307,0.78837687,0.79204094,0.79950553,0.7807269,0.7839093,0.7994381,0.7837757,0.7901513,0.7932372,0.7964997,0.79026,0.79608685,0.7895511,0.79610294,0.7913187,0.7947167,0.7871474,0.7930717,0.78024143,0.79198384,0.79239446,0.7827593,0.7916738,0.79523265,0.7882922,0.7977696,0.79012734,0.7938916,0.79846954,0.7950753,0.7889671,0.7803922,0.79631704,0.791688,0.7864595,0.7911275,0.79467803,0.7873132,0.7958703,0.78416026,0.7876672,0.78244245,0.78808904,0.78864384,0.8003594,0.7868568,0.79631,0.79022986,0.7920619,0.79646134,0.793692,0.79185003,0.7881327,0.79451555,0.79433113,0.79115003,0.7887927,0.7884396,0.7949908,0.7911286,0.7846522,0.7918025,0.78831846,0.7865476,0.78855675,0.7882333,0.80121,0.7917532,0.7927052,0.79893756,0.7901349,0.7918636,0.7959568,0.795737,0.7942044,0.79220486,0.7903308,0.779705,0.7888709,0.79667085,0.79618734,0.7844286,0.7884565,0.7887976,0.7936601,0.7999289,0.7837677,0.7984724,0.79145825,0.7842679,0.788726,0.7936954,0.7968031,0.7929852,0.7797009,0.7956019,0.7868728,0.79342675,0.7901654,0.7950042,0.79140043,0.7881382,0.78750217,0.78724307,0.7837459,0.78933746,0.7936315,0.7946723,0.7845362,0.79221606,0.79156566,0.7833722,0.7901821,0.7903058,0.79202384,0.7952819,0.79122674,0.78685874,0.7960095,0.79278815,0.7910626,0.7994886,0.7940281,0.78899574,0.79431915,0.78095853,0.7934243,0.77989376,0.7845675,0.7947274
0.0,0.0,0.0,0.0,0.0,0.0,0.0,0.0,0.0,0.0,0.0,0.0,0.0,0.0,0.0,0.0,0.0,0.0,0.0,0.0,0.0,0.0,0.0,0.0,0.0,0.0,0.0,0.0,0.0,0.0,0.0,0.0,0.0,0.0,0.0,0.0,0.0,0.0,0.0,0.0,0.0,0.0,0.0,0.0,0.0,0.0,0.0,0.0,0.0,0.0,0.0,0.0,0.0,0.0,0.0,0.0,0.0,0.0,0.0,0.0,0.0,0.0,0.0,0.0,0.0,0.0,0.0,0.0,0.0,0.0,0.0,0.0,0.0,0.0,0.0,0.0,0.0,0.0,0.0,0.0,0.0,0.0,0.0,0.0,0.0,0.0,0.0,0.0,0.0,0.0,0.0,0.0,0.0,0.0,0.0,0.0,0.0,0.0,0.0,0.0,0.0,0.0,0.0,0.0,0.0,0.0,0.0,0.0,0.0,0.0,0.0,0.0,0.0,0.0,0.0,0.0,0.0,0.0,0.0,0.0,0.0,0.0,0.0,0.0,0.0,0.0,0.0,0.0,0.0,0.0,0.0,0.0,0.0,0.0,0.0,0.0,0.0,0.0,0.0,0.0,0.0,0.0,0.0,0.0,0.0,0.0,0.0,0.0,0.0,0.0,0.0,0.0,0.0,0.0,0.0,0.0,0.0,0.0,0.0,0.0,0.0,0.0,0.0,0.0,0.0,0.0,0.0,0.0,0.0,0.0,0.0,0.0,0.0,0.0,0.0,0.0,0.0,0.0,0.0,0.0,0.0,0.0,0.0,0.0,0.0,0.0,0.0,0.0,0.0,0.0,0.0,0.0,0.0,0.0,0.0,0.0,0.0,0.0,0.0,0.0,0.0,0.0,0.0,0.0,0.0,0.0,0.0,0.0,0.0,0.0,0.0,0.0,0.0,0.0,0.0,0.0,0.0,0.0,0.0,0.0,0.0,0.0,0.0,0.0,0.0,0.0,0.0,0.0,0.0,0.0,0.0,0.0,0.0,0.0,0.0,0.0,0.0,0.0,0.0,0.0,0.0,0.0,0.0,0.0,0.0,0.0,0.0,0.0,0.0,0.0,0.0,0.0,0.0,0.0,0.0,0.0,0.0,0.0,0.0,0.0,0.0,0.0,0.0,0.0,0.0,0.0,0.0,0.0,0.0,0.0,0.0,0.0,0.0,0.0,0.0,0.0,0.0,0.0,0.0,0.0,0.0,0.0,0.0,0.0,0.0,0.0,0.0,0.0,0.0,0.0,0.0,0.0,0.0,0.0,0.0,0.0,0.0,0.0,0.0,0.0,0.0,0.0,0.0,0.0,0.0,0.0,0.0,0.0,0.0,0.0,0.0,0.0,0.0,0.0,0.0,0.0,0.0,0.0,0.0,0.0,0.0,0.0,0.0,0.0,0.0,0.0,0.0,0.0,0.0,0.0,0.0,0.0,0.0,0.0,0.0,0.0,0.0,0.0,0.0,0.0,0.0,0.0,0.0,0.0,0.0,0.0,0.0,0.0,0.0,0.0,0.0,0.0,0.0,0.0,0.0,0.0,0.0,0.0,0.0,0.0,0.0,0.0,0.0,0.0,0.0,0.0,0.0,0.0,0.0,0.0,0.0,0.0,0.0,0.0,0.0,0.0,0.0,0.0,0.0,0.0,0.0,0.0,0.0,0.0,0.0,0.0,0.0,0.0,0.0,0.0,0.0,0.0,0.0,0.0,0.0,0.0,0.0,0.0,0.0,0.0,0.0,0.0,0.0,0.0,0.0,0.0,0.0,0.0,0.0,0.0,0.0,0.0,0.0,0.0,0.0,0.0,0.0,0.0,0.0,0.0,0.0,0.0,0.0,0.0,0.0,0.0,0.0,0.0,0.0,0.0,0.0,0.0,0.0,0.0,0.0,0.0,0.0,0.0,0.0,0.0,0.0,0.0,0.0,0.0,0.0,0.0,0.0,0.0,0.0,0.0,0.0,0.0,0.0,0.0,0.0,0.0,0.0,0.0,0.0,0.0,0.0,0.0,0.0,0.0,0.0,0.0,0.0,0.0,0.0,0.0,0.0,0.0,0.0,0.0,0.0,0.0,0.0,0.0,0.0,0.0,0.0,0.0,0.0,0.0,0.0,0.0,0.0,0.0,0.0,0.0,0.0,0.0,0.0,0.0,0.0,0.0,0.0,0.0,0.0,0.0,0.0,0.0,0.0,0.0,0.0,0.0,0.0,0.0,0.0,0.0,0.0,0.0,0.0,0.0,0.0,0.0,0.0,0.0,0.0,0.0,0.0,0.0,0.0,0.0,0.0,0.0,0.0,0.0,0.0,0.0,0.0,0.0,0.0,0.0,0.0,0.0,0.0,0.0,0.0,0.0,0.0,0.0,0.0,0.0,0.0,0.0,0.0,0.0,0.0,0.0,0.0,0.0,0.0,0.0,0.0,0.0,0.0,0.0,0.0,0.0,0.0,0.0,0.0,0.0,0.0,0.0,0.0,0.0,0.0,0.0,0.0,0.0,0.0,0.0,0.0,0.0,0.0,0.0,0.0,0.0,0.0,0.0,0.0,0.0,0.0,0.0,0.0,0.0,0.0,0.0,0.0,0.0,0.0,0.0,0.0,0.0,0.0,0.0,0.0,0.0,0.0,0.0,0.0,0.0,0.0,0.0,0.0,0.0,0.0,0.0,0.0,0.0,0.0,0.0,0.0,0.0,0.0,0.0,0.0,0.0,0.0,0.0,0.0,0.0,0.0,0.0,0.0,0.0,0.0,0.0,0.0,0.0,0.0,0.0,0.0,0.0,0.0,0.0,0.0,0.0,0.0,0.0,0.0,0.0,0.0,0.0,0.0,0.0,0.0,0.0,0.0,0.0,0.0,0.0,0.0,0.0,0.0,0.0,0.0,0.0,0.0,0.0,0.0,0.0,0.0,0.0,0.0,0.0,0.0,0.0,0.0,0.0,0.0,0.0,0.0,0.0,0.0,0.0,0.0,0.0,0.0,0.0,0.0,0.0,0.0,0.0,0.0,0.0,0.0,0.0,0.0,0.0,0.0,0.0,0.0,0.0,0.0,0.0,0.0,0.0,0.0,0.0,0.0,0.0,0.0,0.0,0.0,0.0,0.0,0.0,0.0,0.0,0.0,0.0,0.0,0.0,0.0,0.0,0.0,0.0,0.0,0.0,0.0,0.0,0.0,0.0,0.0,0.0,0.0,0.0,0.0,0.0,0.0,0.0,0.0,0.0,0.0,0.0,0.0,0.0,0.0,0.0,0.0,0.0,0.0,0.0,0.0,0.0,0.0,0.0,0.0,0.0,0.0,0.0,0.0,0.0,0.0,0.0,0.0,0.0,0.0,0.0,0.0,0.0,0.0,0.0,0.0,0.0,0.0,0.0,0.0,0.0,0.0,0.0,0.0,0.0,0.0,0.0,0.0,0.0,0.0,0.0,0.0,0.0,0.0,0.0,0.0,0.0,0.0,0.0,0.0,0.0,0.0,0.0,0.0,0.0,0.0,0.0,0.0,0.0,0.0,0.0,0.0,0.0,0.0,0.0,0.0,0.0,0.0,0.0,0.0,0.0,0.0,0.0,0.0,0.0,0.0,0.0,0.0,0.0,0.0,0.0,0.0,0.0,0.0,0.0,0.0,0.0,0.0,0.0,0.0,0.0,0.0,0.0,0.0,0.0,0.0,0.0,0.0,0.0,0.0,0.0,0.0,0.0,0.0,0.0,0.0,0.0,0.0,0.0,0.0,0.0,0.0,0.0,0.0,0.0,0.0,0.0,0.0,0.0,0.0,0.0,0.0,0.0,0.0,0.0,0.0,0.0,0.0,0.0,0.0,0.0,0.0,0.0,0.0,0.0,0.0,0.0,0.0,0.0,0.0,0.0,0.0,0.0,0.0,0.0,0.0,0.0,0.0,0.0,0.0,0.0,0.0,0.0,0.0,0.0,0.0,0.0,0.0,0.0,0.0,0.0,0.0,0.0,0.0,0.0,0.0,0.0,0.0,0.0,0.0,0.0,0.0,0.0,0.0,0.0,0.0,0.0,0.0,0.0,0.0,0.0,0.0,0.0,0.0,0.0,0.0,0.0,0.0,0.0,0.0,0.0,0.0,0.0,0.0,0.0,0.0,0.0,0.0,0.0,0.0,0.0,0.0,0.0,0.0,0.0,0.0,0.0,0.0,0.0,0.0,0.0,0.0,0.0,0.0,0.0,0.0,0.0,0.0,0.0,0.0,0.0,0.0,0.0,0.0,0.0,0.0,0.0,0.0,0.0,0.0,0.0,0.0,0.0,0.0,0.0,0.0,0.0,0.0,0.0,0.0,0.0,0.0,0.0,0.0,0.0,0.0,0.0,0.0,0.0,0.0,0.0,0.0,0.0,0.0,0.0,0.0,0.0,0.0,0.0
0.9637879,0.96064854,0.965434,0.95691204,0.9570379,0.96174,0.9685868,0.9549394,0.96320945,0.959896,0.9647908,0.9545117,0.9553159,0.9524428,0.96226925,0.9570359,0.9586649,0.96089405,0.9626267,0.95443857,0.96234787,0.96029073,0.96406627,0.9641396,0.9610762,0.9590486,0.96145076,0.956239,0.95640653,0.95847476,0.9570689,0.960197,0.954641,0.96760577,0.9611573,0.9612222,0.9582053,0.96492714,0.96344995,0.96689063,0.9619686,0.95697725,0.9588461,0.95476747,0.95826083,0.9651835,0.96089095,0.9674873,0.9598441,0.96170634,0.9620588,0.96432525,0.9505829,0.9608604,0.9598906,0.96580946,0.9558237,0.9603723,0.9576257,0.95093405,0.96309364,0.9555749,0.9601099,0.95859456,0.95949847,0.96131736,0.9590071,0.95929515,0.96285826,0.952347,0.96639454,0.95969206,0.9666182,0.96065325,0.9539211,0.9558973,0.96069765,0.96388733,0.9645719,0.9561956,0.9628702,0.9647706,0.9634803,0.9569568,0.95527464,0.9599815,0.9594846,0.96027297,0.96164185,0.9629639,0.9603952,0.9596517,0.9597223,0.9625828,0.9577113,0.952725,0.95385605,0.96858597,0.9609767,0.9520393,0.9656034,0.95709014,0.95471615,0.9616472,0.95843697,0.956017,0.95064676,0.96190935,0.96428186,0.9573424,0.96254826,0.96240294,0.9576319,0.9512594,0.9578573,0.9563366,0.95173335,0.96136624,0.96024084,0.9602361,0.95809734,0.95800364,0.9594151,0.9612268,0.96033615,0.95796394,0.96123004,0.9553884,0.96296895,0.96215403,0.95749277,0.964966,0.9562315,0.9604286,0.96143526,0.96263623,0.9584769,0.9568168,0.9574549,0.9530227,0.955854,0.9602206,0.95752317,0.9575582,0.95304674,0.95191914,0.9586216,0.96134204,0.9657972,0.95591974,0.9602184,0.96005505,0.95607156,0.9579959,0.9519135,0.9618105,0.9566789,0.9651393,0.95759666,0.9583124,0.9581643,0.9655235,0.9637829,0.96261966,0.95587254,0.9648075,0.9633276,0.9550584,0.96161574,0.9535807,0.95726687,0.95706993,0.9662919,0.96122783,0.95571285,0.96018535,0.9620196,0.9639903,0.96289873,0.9564307,0.9534401,0.9597339,0.9631911,0.9632811,0.9554562,0.96134233,0.9634637,0.95370513,0.9646138,0.959765,0.9657758,0.9605023,0.9582455,0.960264,0.95985526,0.9595862,0.9528876,0.967215,0.96157074,0.95840526,0.95737666,0.9592455,0.96374786,0.95982885,0.95899916,0.9633377,0.94896173,0.9606913,0.9650143,0.9545959,0.9543498,0.95845157,0.9670449,0.9610327,0.97245,0.9673429,0.95643467,0.96067446,0.9523344,0.9619768,0.9612625,0.9607636,0.95684856,0.96658814,0.95907784,0.958953,0.95794064,0.96157926,0.9575344,0.957239,0.96219873,0.96364105,0.96211106,0.9609798,0.95927006,0.95788133,0.95632803,0.9605035,0.95784354,0.9555371,0.95304316,0.9606755,0.9491986,0.9573435,0.95069057,0.9556999,0.9589106,0.9591243,0.9594498,0.9620306,0.9579105,0.9616796,0.96418905,0.9609119,0.9562602,0.9591604,0.96127105,0.9606527,0.9604583,0.9638305,0.9575855,0.96345574,0.95719093,0.9643453,0.9591522,0.96163565,0.95867556,0.96344274,0.96295154,0.9578231,0.9554627,0.95082176,0.9573992,0.96642727,0.9587982,0.96144295,0.9622638,0.9618898,0.9615752,0.9563362,0.9586912,0.9638921,0.95323384,0.9580049,0.9646183,0.9574269,0.9605529,0.9509879,0.96188205,0.95934045,0.96288943,0.95808285,0.9596467,0.9575858,0.9612789,0.9523304,0.9611876,0.95961255,0.9548051,0.96667695,0.96341366,0.957165,0.96229446,0.958638,0.9622385,0.9607478,0.955313,0.95809996,0.9577415,0.9605315,0.9665991,0.9515418,0.9546148,0.9568186,0.95359135,0.9652668,0.95618415,0.95716435,0.9621963,0.9623976,0.96481043,0.9588089,0.95907223,0.96359277,0.96269923,0.96559656,0.9596269,0.9695311,0.9667338,0.96606326,0.9551493,0.9584781,0.9640974,0.9583832,0.96794695,0.95135146,0.9606672,0.96256787,0.960972,0.9577324,0.9621058,0.9622489,0.9641965,0.9577455,0.9678412,0.96612936,0.9617289,0.96179116,0.9616874,0.9558747,0.96269983,0.96061707,0.9577628,0.9585302,0.9583355,0.95990956,0.95376694,0.96068233,0.9547281,0.9625053,0.9622015,0.9631314,0.96182907,0.9634959,0.9557424,0.9551314,0.9616814,0.9565799,0.95475614,0.9599856,0.9639927,0.961799,0.95271975,0.96351296,0.95979863,0.9601641,0.9585525,0.95598567,0.96178496,0.95291144,0.962499,0.96155673,0.95671415,0.96064323,0.97032076,0.96354055,0.9642953,0.9564539,0.9622971,0.9554303,0.9629592,0.95662004,0.962992,0.96774936,0.9565997,0.9676321,0.96074694,0.95920527,0.9668332,0.96550727,0.95680803,0.95627767,0.9627702,0.95558816,0.95507836,0.96278745,0.9629271,0.9590904,0.9638953,0.95520484,0.96154845,0.9652353,0.96715045,0.96236444,0.9597041,0.95927554,0.96100646,0.9652777,0.96423113,0.9625709,0.9606538,0.9598319,0.95918876,0.96096754,0.9608924,0.95972735,0.96055675,0.9607723,0.95581675,0.9576988,0.96106535,0.95840657,0.9613394,0.9632574,0.958813,0.95850265,0.95699626,0.9573459,0.9646935,0.9580888,0.959442,0.96118146,0.96111065,0.96200293,0.962861,0.9573197,0.9606487,0.9608047,0.9578978,0.96593714,0.95456487,0.95654243,0.96330124,0.96217805,0.9599209,0.9604212,0.9663749,0.9610277,0.9678433,0.9604358,0.9646582,0.9605674,0.97133726,0.9689329,0.95955825,0.9577566,0.9594096,0.9656653,0.9574491,0.9667335,0.95921266,0.957952,0.95469326,0.95614475,0.9605037,0.9582303,0.95845324,0.9590931,0.9610017,0.95793045,0.9623089,0.95737857,0.9729558,0.95286465,0.961099,0.95927936,0.9603624,0.96039385,0.9564506,0.9560866,0.95457745,0.9599144,0.9581668,0.96309704,0.9606972,0.96097684,0.96248555,0.9611174,0.9622812,0.95813924,0.9632776,0.9647729,0.9540386,0.9659744,0.9579325,0.96441364,0.9598031,0.9639606,0.95687705,0.9669264,0.96195143,0.96227247,0.95651877,0.9565509,0.9628229,0.96080923,0.9545396,0.9609939,0.9585372,0.9619588,0.95631534,0.964526,0.95928204,0.9619816,0.95981497,0.9583333,0.95568216,0.9551624,0.96460426,0.96607244,0.9619064,0.9634476,0.9638109,0.9594495,0.95596075,0.959141,0.9583401,0.9602803,0.95921636,0.961609,0.9644233,0.96096426,0.95795584,0.9658466,0.9626036,0.96208465,0.95532775,0.9694552,0.9529446,0.96444654,0.969884,0.95759475,0.9650717,0.960628,0.9533911,0.95905805,0.9582444,0.96265334,0.9650456,0.9647441,0.96390843,0.9609656,0.9674051,0.9595,0.9610444,0.96413314,0.9602618,0.9540924,0.9604066,0.9568818,0.9634998,0.9594202,0.9571389,0.96093965,0.95870495,0.9560017,0.9610633,0.95979255,0.9560333,0.9657043,0.96069676,0.96103036,0.9600878,0.95779234,0.95728934,0.95732456,0.9562784,0.95004064,0.9645126,0.9645072,0.9633293,0.963115,0.96072805,0.95597696,0.9605144,0.9589318,0.96190774,0.96534324,0.9617668,0.9570684,0.9598493,0.9554587,0.9559018,0.9634229,0.96222126,0.9633056,0.95925117,0.9660135,0.9619295,0.9556756,0.9603166,0.9653942,0.9636781,0.9604109,0.9564411,0.964748,0.9622004,0.95821726,0.95987624,0.9610099,0.95908964,0.9594415,0.9585738,0.957045,0.95420855,0.9552807,0.9607474,0.9658674,0.95951635,0.96095556,0.96063226,0.95725745,0.9608895,0.95643336,0.96180093,0.95713484,0.95987695,0.96059805,0.9688484,0.9614845,0.95910966,0.95840067,0.95964915,0.9636597,0.96177983,0.96226305,0.9565503,0.97250307,0.9593908,0.9609759,0.9644528,0.95727444,0.95525193,0.9680359,0.9585092,0.959572,0.96187484,0.9643684,0.9591249,0.9552886,0.96414614,0.9569171,0.95665306,0.9527993,0.9606923,0.9582772,0.9607856,0.9593447,0.9602824,0.95552903,0.960131,0.96401465,0.9584506,0.96222997,0.9548094,0.95818096,0.96199054,0.95620036,0.9584753,0.95942754,0.96659046,0.96671075,0.9674045,0.9562408,0.9585602,0.9626158,0.9628381,0.95952976,0.95726275,0.95707303,0.9592094,0.9595463,0.96055555,0.9579489,0.9627031,0.96464163,0.9572561,0.9641467,0.95943725,0.95745903,0.9576761,0.95697063,0.95916444,0.9664503,0.9624347,0.95926076,0.95990705,0.9592875,0.95870703,0.95806116,0.9624921,0.9595949,0.9533939,0.9615156,0.96938914,0.95498246,0.95789737,0.95843834,0.96073985,0.94917995,0.96138126,0.9636781,0.959379,0.9616927,0.955812,0.95806783,0.9605842,0.9638265,0.96385235,0.9556227,0.9599364,0.9598819,0.96370363,0.9602188,0.9632383,0.9540222,0.9575784,0.963353,0.96693414,0.9695097,0.9651364,0.9539169,0.9631232,0.9551102,0.95891213,0.9534184,0.95661473,0.9561153,0.95768183,0.9642999,0.95938504,0.9657043,0.96214545,0.962011,0.96470636,0.95845616,0.96125245,0.9590391,0.9618904,0.95530254,0.96468246,0.95795107,0.9601838,0.96532947,0.9657496,0.96147144,0.96323615,0.9594437,0.96299875,0.96567357,0.9539824,0.9679619,0.96545756,0.96878064,0.96322733,0.95738035,0.9663757,0.9588882,0.9563688,0.95702285,0.96797305,0.9540972,0.9560202,0.9613579,0.9542519,0.9581239,0.95727843,0.96298444,0.9522129,0.9578954,0.9627693,0.9559512,0.9582415,0.96514726,0.968002,0.96281374,0.97290415,0.9546695,0.9610969,0.96044374,0.9547069,0.95001084,0.965087,0.95612425,0.9625618,0.9573683,0.96173614,0.9588559,0.9582863,0.9586199,0.95613515,0.96010643,0.9620922,0.9607595,0.9687497,0.96047586,0.9663154,0.95776737,0.95915174,0.9623363,0.9578888,0.9593881,0.9609521,0.95815384,0.9545635,0.96204084,0.9643715,0.96100473,0.95824534,0.9548597,0.9585908,0.9592153,0.95370626,0.9551886,0.9611911,0.96480656,0.96266836,0.96043277,0.962229,0.9694115,0.95999527,0.96353287,0.9610483,0.9566792,0.962237,0.95547706,0.9669634,0.9563816,0.9519552,0.9690921,0.9617151,0.95948786,0.955511,0.9552725,0.96194094,0.96215194,0.96731776,0.968267,0.95935816,0.9656148,0.96137744,0.95987177,0.9589054,0.96485907,0.9612306,0.96427345,0.9578043,0.9568239,0.964328,0.95216143,0.96184045,0.9601306,0.95617175,0.95395374,0.9560729,0.96696806,0.96486205,0.9579348,0.95964205,0.9655131,0.9617453,0.9699833,0.9597274,0.9619714,0.9614284,0.9601618,0.961689,0.9617637,0.9526066,0.9641156,0.96005154,0.9558138,0.9639729,0.96241516,0.9597489,0.96330607,0.96384346,0.96233946,0.961687,0.95925593,0.96215767,0.9574231,0.9607469,0.961457,0.9613865,0.9568842,0.9568315,0.9559136,0.96411794,0.9635452,0.95690465,0.9573822,0.96342,0.9622483,0.9666207,0.96045065,0.9646006,0.95257246,0.96406114,0.9637782,0.95394844,0.95665234,0.95853865,0.9595988,0.9606151,0.9643289,0.9584964,0.95944464,0.95900023,0.96030307,0.95537645,0.95820946,0.9625739,0.96507716,0.9558166,0.95816344,0.96076375,0.95789516,0.9613625,0.9590494,0.95824933,0.9594564,0.9590381,0.9624355,0.9627319,0.9627496,0.9618149,0.95821756,0.9655922,0.970012,0.96211445,0.9556965,0.9622498,0.9538278,0.96222585,0.9654802,0.95823216,0.96533567,0.96213955,0.9633634,0.96065307,0.96975857,0.9664876,0.958702,0.9560946,0.96346223,0.95622826,0.9569146,0.96592283,0.9643646,0.9648558,0.9588355,0.9577299,0.95487237,0.95419014,0.9624191,0.9557271,0.96062565,0.9576402,0.9573987,0.96361154,0.95597446,0.9598327,0.9608948,0.9600667,0.9623456,0.9559914,0.96274906,0.96650106,0.9676583,0.960105,0.96514434,0.9596827,0.9591802,0.9626557,0.95349914,0.96890813,0.9542651,0.95450467,0.96018803
0.96139956,0.9564611,0.9681786,0.9569495,0.96574736,0.9543048,0.96366715,0.95797896,0.96114314,0.96443945,0.963091,0.96328163,0.95692754,0.94956726,0.9590231,0.9613375,0.9622941,0.9614214,0.9597496,0.9556926,0.965012,0.9595065,0.9678478,0.967492,0.9489872,0.96094656,0.96579564,0.95691144,0.95530885,0.95738053,0.95028406,0.9531634,0.95856434,0.9657886,0.9624766,0.95352507,0.9593786,0.965787,0.95475435,0.9594428,0.9619819,0.95567614,0.95186526,0.95170456,0.9600109,0.96033674,0.95350134,0.9602461,0.95565945,0.95583636,0.964418,0.9541046,0.95764685,0.95917255,0.96098244,0.96628696,0.96115345,0.9604276,0.9473942,0.9559645,0.970113,0.952848,0.9659571,0.9672012,0.95915735,0.95984447,0.9552206,0.9555515,0.9649143,0.959962,0.96685106,0.9583098,0.9637839,0.9575493,0.96672916,0.95773274,0.96290225,0.9607826,0.9583054,0.9640841,0.9573083,0.9688383,0.9600365,0.95625764,0.94945693,0.95248616,0.95723295,0.9592516,0.96286595,0.9584776,0.96221614,0.9644343,0.96560925,0.9537261,0.96110004,0.95791215,0.9566338,0.9616165,0.9561124,0.9553171,0.9612255,0.95843345,0.96022695,0.9597559,0.9659286,0.95562917,0.95080554,0.9633109,0.9602135,0.9653217,0.9577203,0.9589582,0.9529286,0.9510818,0.95212823,0.9617384,0.9557356,0.95732194,0.95548064,0.9567159,0.95960027,0.95837134,0.94946593,0.96776956,0.9624379,0.9522181,0.9561209,0.95786625,0.95800555,0.9558796,0.9578848,0.96117437,0.9552157,0.9660596,0.9566515,0.972336,0.95986724,0.9525381,0.96858597,0.9551055,0.9508988,0.9592792,0.959733,0.96021396,0.95635754,0.95351386,0.9548246,0.95884544,0.9498668,0.9579315,0.9617386,0.9580678,0.95626324,0.9675683,0.95675206,0.9522707,0.95885885,0.957701,0.95925826,0.9566765,0.9565324,0.96268976,0.9581418,0.9607339,0.95493984,0.9678433,0.96331733,0.95056254,0.9613721,0.9617502,0.9673224,0.95902926,0.9589904,0.95869464,0.95635194,0.95529467,0.964983,0.9542074,0.96481925,0.960755,0.946924,0.9576343,0.95793515,0.95923615,0.95405644,0.9561158,0.95245385,0.9561244,0.95338607,0.95639986,0.97153467,0.9599173,0.9570794,0.9710513,0.9523843,0.96022516,0.9552972,0.9583186,0.9528523,0.9587913,0.96098745,0.9580166,0.96196973,0.9537479,0.95625293,0.96002555,0.9545232,0.9621887,0.9663924,0.95449793,0.9593217,0.96136385,0.9577268,0.9591785,0.9687736,0.9619946,0.95984364,0.95578533,0.960835,0.9657054,0.95760894,0.95517457,0.9532668,0.965173,0.9554406,0.9547072,0.95408976,0.963862,0.9643772,0.95982486,0.961443,0.9563258,0.9551196,0.9610842,0.9558062,0.9591765,0.9615561,0.9574241,0.9567569,0.96184385,0.9559779,0.95118934,0.9603324,0.95661587,0.9575919,0.96470094,0.96133333,0.96488726,0.96294945,0.9607329,0.95585746,0.96312195,0.9594782,0.95577246,0.9607307,0.95992047,0.96091,0.9560733,0.9578814,0.95984465,0.958486,0.95837384,0.96123046,0.96046287,0.9480482,0.96598965,0.94948196,0.9603471,0.9655748,0.9597927,0.9550892,0.95590585,0.96247876,0.97045714,0.9544606,0.9536687,0.96523213,0.9581841,0.9591119,0.95206875,0.9577237,0.968698,0.9614247,0.963328,0.9583499,0.95665663,0.95699865,0.9560037,0.9555913,0.9525336,0.96093684,0.95685196,0.9580174,0.9584458,0.9622744,0.95647806,0.95978105,0.95866144,0.95354974,0.96010286,0.968625,0.95531964,0.9641375,0.9595151,0.96055454,0.95728326,0.9603394,0.95610714,0.9590844,0.9604834,0.95827836,0.9609824,0.9563366,0.9540679,0.94706714,0.9669033,0.9570205,0.9586561,0.9628906,0.9659808,0.963066,0.9630954,0.95966697,0.95531243,0.9501938,0.9610087,0.9584371,0.961823,0.9657312,0.95850706,0.9508524,0.96345955,0.9649899,0.9580644,0.96562845,0.9531269,0.9668827,0.955423,0.9599547,0.96651006,0.95641625,0.9639951,0.956599,0.9583322,0.9641906,0.96011865,0.9567349,0.95218503,0.9600032,0.9600095,0.9611283,0.9636379,0.9560624,0.95715433,0.9501989,0.95551056,0.9572225,0.9573738,0.96055406,0.9574424,0.9656629,0.9581135,0.95559525,0.9597062,0.956547,0.96072555,0.95680326,0.96124715,0.95486355,0.96595687,0.9617614,0.95900863,0.9573145,0.9629112,0.9539427,0.951742,0.95789933,0.95661384,0.9559269,0.9560444,0.9504027,0.9610624,0.9540456,0.9686858,0.96186346,0.9591371,0.9594685,0.95987356,0.9584088,0.9661535,0.9600133,0.95477533,0.95480824,0.9621115,0.96074504,0.95738935,0.9509641,0.9595671,0.96370506,0.96409833,0.9556273,0.9508498,0.9498922,0.95754147,0.96590585,0.95230764,0.9599797,0.9573645,0.9509591,0.95619816,0.9675595,0.95077723,0.9636602,0.96139485,0.95651317,0.9544224,0.96254325,0.9562969,0.96036965,0.9553204,0.9567894,0.9522425,0.9583447,0.9509479,0.96632904,0.95931053,0.9593325,0.9649836,0.9604709,0.9560754,0.9543027,0.95525813,0.96062225,0.94804657,0.9583779,0.94983655,0.96244764,0.9524519,0.9631369,0.95711,0.960183,0.95954275,0.95512176,0.9641943,0.96344423,0.9595138,0.9550417,0.9587677,0.9492829,0.96071583,0.95832425,0.95328754,0.9582694,0.96107817,0.9649251,0.9573599,0.9534561,0.9560852,0.95467633,0.9554133,0.9627432,0.9551977,0.9617556,0.9585529,0.9545505,0.95220464,0.95525885,0.9641097,0.9627777,0.95968103,0.96134573,0.94859385,0.9578726,0.9599951,0.9580341,0.96435773,0.96133316,0.9555354,0.96513706,0.96068156,0.95561653,0.9600958,0.96448225,0.95195895,0.95862186,0.9508723,0.9584271,0.9604404,0.9530221,0.9634045,0.9501262,0.9572347,0.9696816,0.95806664,0.9624921,0.95075077,0.95367366,0.95832676,0.96449363,0.9619341,0.96084803,0.9605126,0.9516233,0.95495903,0.9624034,0.95889,0.95624274,0.9555955,0.96012604,0.9624545,0.96102506,0.9647145,0.9566595,0.9545526,0.9655208,0.9607416,0.9539091,0.9586344,0.954879,0.9597849,0.9562579,0.95960623,0.9587413,0.9634112,0.953553,0.95775515,0.9628206,0.95961803,0.9639239,0.95423084,0.95380807,0.96498454,0.95055306,0.9571169,0.95781416,0.96924305,0.95973915,0.9599426,0.9500934,0.9650006,0.9520375,0.95424914,0.9595177,0.9668756,0.95917344,0.968356,0.94889855,0.9622131,0.95533824,0.95588356,0.96311337,0.9531104,0.95687187,0.9555807,0.955117,0.95452493,0.9634755,0.95505047,0.9612604,0.960177,0.9614361,0.96530205,0.96112657,0.95580864,0.95849323,0.9605333,0.9609094,0.9591086,0.95609474,0.95917463,0.96732265,0.9652511,0.9577458,0.9545622,0.9644276,0.95759463,0.96017736,0.9572151,0.95912635,0.9628831,0.9607941,0.95514286,0.9506364,0.9564731,0.962281,0.9558562,0.9578592,0.95280486,0.96463525,0.960625,0.9566156,0.9570841,0.9594449,0.954892,0.95977974,0.953963,0.9573232,0.95877117,0.9512563,0.959055,0.9575301,0.94920546,0.9559096,0.962165,0.9612688,0.9545213,0.95040745,0.9610453,0.96209985,0.9570349,0.9580681,0.9554801,0.97067326,0.9689416,0.9597198,0.9641477,0.95683235,0.957484,0.96714294,0.9616176,0.9666999,0.959971,0.9577377,0.96036345,0.95554996,0.94958323,0.958549,0.9619765,0.9614023,0.9660521,0.956278,0.95347077,0.9626672,0.9643919,0.9615113,0.9636755,0.9584548,0.9581574,0.96596736,0.95629835,0.9560949,0.9654943,0.9587175,0.9623264,0.96704024,0.96145016,0.96214795,0.95836914,0.9473998,0.95764655,0.95559144,0.9606622,0.95925623,0.9610804,0.95994407,0.9589722,0.9554975,0.9643089,0.96479034,0.9473973,0.96594274,0.9566837,0.95636564,0.9646025,0.95963144,0.9568252,0.9665437,0.9572142,0.9562048,0.94965386,0.9605851,0.9560088,0.9551187,0.9584956,0.9536177,0.95770746,0.95333976,0.9617021,0.9593127,0.9667414,0.953363,0.96208537,0.9652006,0.9620558,0.960723,0.95313084,0.9602607,0.9612435,0.9581205,0.9607722,0.9580412,0.96061265,0.958356,0.9503428,0.9584516,0.9569039,0.954161,0.9656727,0.957911,0.9546247,0.95794046,0.9603271,0.9600696,0.9544665,0.9655371,0.9536503,0.96077013,0.95406544,0.9524716,0.9596861,0.96041846,0.95256364,0.9553585,0.9593413,0.95544803,0.95307344,0.95230186,0.95739865,0.9665386,0.9597742,0.95856726,0.9623805,0.9528382,0.95806295,0.95528835,0.962072,0.9594164,0.9633461,0.9621047,0.95906734,0.9585444,0.9606568,0.95341337,0.961879,0.9552348,0.96177137,0.95387316,0.96289986,0.9629695,0.9643987,0.957432,0.9601055,0.957914,0.95063615,0.9529203,0.950856,0.9528981,0.9575462,0.9553707,0.959039,0.960448,0.965494,0.9569668,0.9655076,0.9580109,0.96172,0.95511925,0.95338726,0.95699924,0.9605974,0.95741516,0.9572138,0.9632797,0.964972,0.9570359,0.9593074,0.9587739,0.9597514,0.95460814,0.9642623,0.96005464,0.9635548,0.9654669,0.9598809,0.9570499,0.95892024,0.96293163,0.95849043,0.9587901,0.95883846,0.9561862,0.9615002,0.9603971,0.9584246,0.95620334,0.96254313,0.9539762,0.9567171,0.95207006,0.95814514,0.95806307,0.9529745,0.95908654,0.95633185,0.96061593,0.96239454,0.96350986,0.9578922,0.957743,0.9525986,0.9659078,0.9609165,0.9572401,0.9534574,0.9628871,0.95580554,0.9569297,0.95908463,0.95598286,0.96579874,0.9560257,0.96428627,0.9625483,0.9609763,0.9604694,0.95998096,0.9568951,0.955088,0.9614081,0.9617289,0.9518454,0.9595229,0.9555406,0.9540505,0.96128523,0.96415526,0.9554068,0.9678336,0.946386,0.9588265,0.96617854,0.95131785,0.95968276,0.95383614,0.96018136,0.96858954,0.9604055,0.9551595,0.96057576,0.9535255,0.94901425,0.9599046,0.95979285,0.9520376,0.96509045,0.9518697,0.9661531,0.958222,0.9573082,0.9691804,0.9630317,0.96439946,0.9591688,0.95638645,0.96048725,0.9633088,0.96161103,0.96960163,0.95614195,0.95874333,0.9629453,0.95937663,0.95104027,0.9621688,0.9585454,0.9545836,0.96637744,0.9579558,0.9627987,0.9494409,0.9552468,0.95776194,0.9559835,0.9578294,0.9593163,0.9657185,0.9651651,0.95367557,0.95769334,0.9532867,0.9587919,0.96763414,0.95546937,0.9637198,0.95930636,0.9529142,0.96641475,0.9595393,0.958716,0.95746505,0.95619655,0.9545569,0.9640477,0.9506395,0.957016,0.9628625,0.96555036,0.95765334,0.96148086,0.95687956,0.96057993,0.94700557,0.96432716,0.9619383,0.96725863,0.9610502,0.9561158,0.9597552,0.95733947,0.9547856,0.9661542,0.95778096,0.95664054,0.96145976,0.95012635,0.962271,0.9556885,0.9574672,0.966997,0.9584511,0.9595267,0.96495515,0.9617992,0.962915,0.9554303,0.96112806,0.9465481,0.9654016,0.9527333,0.9547405,0.95469064,0.9575841,0.95853287,0.950171,0.95760447,0.9580235,0.9628777,0.95290184,0.9648652,0.95428675,0.96180654,0.95547396,0.9588348,0.96553797,0.9667294,0.95680195,0.9535557,0.96676886,0.9640681,0.9683273,0.9598949,0.9598336,0.9575778,0.95415527,0.9515874,0.9566477,0.9533767,0.9620439,0.96015805,0.9571449,0.9582959,0.95610386,0.9588553,0.9612078,0.9514058,0.9500578,0.9581103,0.96657526,0.9674105,0.9587814,0.96577024,0.95570487,0.9568923,0.9567287,0.95232075,0.95763415,0.96089405,0.95734775,0.9587866,0.9558462,0.9629909,0.9564848,0.9613649,0.9621993,0.9607084,0.9560253,0.9572497,0.95858717,0.9588425,0.9619112,0.9593614,0.9564678,0.9602266,0.9606188,0.9523901,0.9572708,0.9625427,0.9579884,0.95945114,0.9628362
1.0970577,1.1032952,1.1137338,1.1077925,1.1063691,1.1021972,1.1063119,1.1118313,1.10144,1.1089964,1.1062092,1.0980017,1.0960186,1.1039494,1.1071723,1.0995891,1.1051413,1.1041548,1.103899,1.0960233,1.1021814,1.1014925,1.107438,1.1083454,1.0976365,1.106022,1.109958,1.0946908,1.099038,1.1008378,1.1056778,1.0963589,1.1012892,1.1044654,1.104927,1.099629,1.1004608,1.1047904,1.1020103,1.1012486,1.0983751,1.1065307,1.1043754,1.1024313,1.1064914,1.1025323,1.1042941,1.1022358,1.1052401,1.1000344,1.1033562,1.1099122,1.0998855,1.1018319,1.0986351,1.1057053,1.1014915,1.09522,1.0956907,1.1009809,1.1024418,1.1012453,1.1036632,1.1042217,1.1026497,1.1013935,1.1067688,1.0974368,1.105236,1.1007017,1.0983624,1.1018531,1.1057109,1.105019,1.1008651,1.099819,1.1030056,1.0964088,1.1004462,1.1043963,1.1004179,1.0974877,1.1028479,1.1032515,1.0971259,1.1068736,1.0987818,1.0969689,1.095198,1.1047645,1.0982761,1.0998392,1.0999553,1.1011777,1.1036872,1.0978025,1.1014231,1.1088927,1.1038638,1.1012677,1.1030719,1.1117249,1.103313,1.1002532,1.1015937,1.1000847,1.0973407,1.1031653,1.1061469,1.1069493,1.1112462,1.1043669,1.1008974,1.102327,1.1022682,1.1087492,1.1058397,1.1018996,1.1004984,1.1013817,1.0958929,1.1081184,1.0977831,1.1070892,1.096027,1.1009604,1.1092947,1.1025896,1.0951821,1.1030842,1.102825,1.094676,1.1028469,1.1022182,1.1013875,1.101782,1.1028774,1.0973532,1.0993854,1.1011331,1.0942738,1.0966704,1.1004064,1.0943643,1.0999357,1.1024486,1.109073,1.107603,1.1037607,1.1075448,1.1022074,1.1078224,1.1017314,1.1082511,1.1024146,1.10165,1.1070161,1.0993462,1.0956296,1.0980448,1.1068988,1.100141,1.1072944,1.1016221,1.1021609,1.0987377,1.0997716,1.0980444,1.1003014,1.1049411,1.1032522,1.1013697,1.0959603,1.1064702,1.1004183,1.0963318,1.104954,1.1003374,1.103744,1.0987556,1.0989527,1.096933,1.1102178,1.1068361,1.1027813,1.0992613,1.1032333,1.1049062,1.1006929,1.103989,1.1007733,1.1056064,1.1010503,1.1077334,1.1048408,1.1028507,1.1075383,1.0986135,1.0966629,1.1008819,1.1025692,1.1113567,1.1011577,1.093917,1.1081831,1.0974643,1.1078813,1.1010615,1.0998619,1.0983369,1.1043943,1.1048199,1.101873,1.1033331,1.1072176,1.1023897,1.1070118,1.0990659,1.1042259,1.1073612,1.0982783,1.0973865,1.0991354,1.0990777,1.1049707,1.1041963,1.1029818,1.0998706,1.1019461,1.1023756,1.0992134,1.0990622,1.1072129,1.1032863,1.1029686,1.1006359,1.1010766,1.1020598,1.1057204,1.0964476,1.103057,1.1023787,1.10317,1.1040866,1.1058581,1.1034284,1.1063333,1.1037427,1.1085836,1.0977691,1.1037753,1.1055596,1.1054847,1.1006796,1.0991254,1.1059926,1.1009258,1.096608,1.105973,1.103774,1.1076434,1.1019826,1.1080816,1.1074148,1.0986499,1.1079563,1.0962923,1.1045703,1.104008,1.1098533,1.1042804,1.1074816,1.1013633,1.1039006,1.1027588,1.1022003,1.1031772,1.1026033,1.1004992,1.0942665,1.1063218,1.1076072,1.103721,1.1008162,1.099195,1.094834,1.098721,1.0999293,1.1074023,1.1006199,1.1069522,1.1087922,1.0986518,1.1002659,1.108446,1.104218,1.0997083,1.1087278,1.1100487,1.1038476,1.1103603,1.0986972,1.1085933,1.0982913,1.1067564,1.0988817,1.1003156,1.1052756,1.0957507,1.0988283,1.0991985,1.1040261,1.1026409,1.0976429,1.0926652,1.1059427,1.1032562,1.1060688,1.0960798,1.0976502,1.1015892,1.101356,1.1000482,1.1081469,1.0995885,1.0994884,1.10913,1.0980027,1.1045604,1.1005694,1.1048893,1.1048944,1.1062425,1.1040112,1.1039808,1.096139,1.1036583,1.0990385,1.0944185,1.1021343,1.1064366,1.1044878,1.0989267,1.1001552,1.1054251,1.1030185,1.1013819,1.1050032,1.0998085,1.0986509,1.0982126,1.1002023,1.1069558,1.1013116,1.1071966,1.1101618,1.1089052,1.1030967,1.0989714,1.1013353,1.1065136,1.1052481,1.1000812,1.1039995,1.0986807,1.1076967,1.1026714,1.1039445,1.0999181,1.0960552,1.0975572,1.1014737,1.109257,1.1048474,1.1051725,1.105617,1.1017536,1.1074643,1.0997894,1.0999097,1.0925627,1.112938,1.0953696,1.1021994,1.1007838,1.1014608,1.1041467,1.0954572,1.1043692,1.0985587,1.1028649,1.0988436,1.1074944,1.1044754,1.1024196,1.0952522,1.0986111,1.1039361,1.0980842,1.1049742,1.1042519,1.1070738,1.1112146,1.1051052,1.1062692,1.106826,1.1026491,1.1050688,1.1085225,1.1101884,1.1089842,1.0970268,1.1045519,1.1046715,1.0980256,1.1006675,1.1050022,1.1041344,1.1046492,1.1001902,1.1003846,1.1081662,1.1065729,1.1041366,1.0993215,1.1007508,1.1007448,1.10937,1.0978761,1.105932,1.1087397,1.105559,1.1039118,1.0960182,1.0990133,1.0992019,1.0986763,1.1071157,1.0995259,1.1032338,1.0984519,1.1017514,1.0966125,1.1045287,1.1006252,1.0952559,1.1065103,1.1083887,1.0968784,1.1008718,1.1040181,1.1112969,1.1045524,1.1036856,1.1064394,1.0993991,1.1034874,1.0985334,1.0988805,1.099139,1.1070997,1.1044701,1.1041473,1.1043802,1.1051753,1.0990897,1.0999889,1.0970055,1.0992904,1.0974947,1.102856,1.0982907,1.0992715,1.1019588,1.1064489,1.1030506,1.1102146,1.0956746,1.109091,1.0994159,1.1021158,1.1059781,1.1031624,1.1006802,1.1004357,1.0990742,1.0980599,1.1034408,1.1024272,1.0933151,1.1078969,1.1037986,1.0942028,1.0985514,1.0978287,1.1016798,1.106892,1.1029632,1.1035992,1.1059228,1.0993906,1.0993801,1.0941365,1.1056659,1.1079886,1.1005799,1.106143,1.1072491,1.0975952,1.1048564,1.1090378,1.1088029,1.100519,1.1003059,1.1010513,1.1033574,1.0969622,1.1013062,1.1027247,1.1059041,1.1038495,1.1099789,1.1008137,1.1052675,1.0972447,1.1042191,1.1031603,1.098379,1.1052563,1.0985051,1.1011516,1.1082166,1.0994232,1.1106108,1.0993861,1.1146294,1.1047078,1.1021526,1.1005385,1.1009805,1.1007181,1.1026138,1.1026808,1.1046714,1.1064632,1.0986444,1.1003224,1.100825,1.0977986,1.111404,1.1015431,1.0959297,1.1014423,1.1022698,1.1042684,1.1020821,1.1095488,1.0990814,1.0929132,1.0994738,1.1046278,1.0993941,1.1037616,1.1035141,1.0978464,1.1021545,1.1062288,1.1029041,1.1102108,1.1031733,1.1040547,1.1114625,1.1023601,1.0992305,1.1027435,1.0930159,1.0985807,1.0997028,1.0994604,1.1000702,1.0960767,1.1031795,1.0975878,1.1034805,1.1060681,1.1055043,1.0999833,1.1014297,1.0977091,1.1036786,1.1026604,1.1061215,1.0993918,1.1061496,1.0998718,1.1087035,1.1090542,1.0977917,1.1008803,1.1010356,1.1036667,1.102772,1.103463,1.1030164,1.1090217,1.1040709,1.0990558,1.1080108,1.1007013,1.1032698,1.1007615,1.103335,1.1002122,1.104372,1.108505,1.1087537,1.1003325,1.0986874,1.1037899,1.103098,1.104183,1.101423,1.1046594,1.1043777,1.104151,1.1082134,1.1018912,1.0972859,1.1034174,1.0969833,1.0990362,1.1064863,1.0997871,1.095787,1.0962663,1.1009076,1.1029288,1.1055313,1.1030747,1.0960445,1.1042757,1.1072739,1.0936551,1.1007559,1.1008265,1.0994964,1.1095891,1.1002941,1.0942736,1.1111999,1.0987735,1.0976139,1.100443,1.102216,1.1036549,1.0956539,1.0999838,1.1017467,1.1084492,1.1062902,1.1057011,1.1005349,1.095214,1.0987035,1.1061823,1.108491,1.1089647,1.0968642,1.1032612,1.0986987,1.098706,1.1033158,1.1029755,1.1018947,1.1053815,1.0991602,1.1059327,1.1028768,1.1036288,1.1047034,1.1054541,1.1029123,1.1063846,1.0994215,1.1060011,1.1099683,1.1036472,1.1047813,1.0922468,1.1090972,1.1014955,1.1019715,1.1003579,1.1030508,1.1063905,1.0963415,1.0960594,1.1044484,1.0989591,1.0993654,1.1051884,1.1016725,1.1040457,1.1044945,1.1012592,1.0954357,1.101431,1.1032517,1.09672,1.1011771,1.1038677,1.1040499,1.1041582,1.1088666,1.1054237,1.1012038,1.1002629,1.1118749,1.1002197,1.1019658,1.1035913,1.1047108,1.103927,1.1038034,1.0945594,1.1017857,1.1024224,1.1030406,1.0967158,1.1086906,1.0996748,1.0984786,1.0997418,1.1005504,1.1007527,1.098442,1.1033033,1.1014025,1.0992726,1.1112691,1.1058671,1.0976586,1.1022799,1.0976123,1.1043233,1.1077572,1.1019685,1.1042546,1.1024673,1.1072978,1.1045413,1.0985426,1.1044571,1.0987473,1.1048672,1.0995945,1.1071209,1.1010644,1.1063441,1.0971178,1.09827,1.1021602,1.0968859,1.101113,1.1007075,1.1035837,1.099643,1.1014469,1.0977012,1.1040465,1.1017905,1.100461,1.0992146,1.1022849,1.1044508,1.1014282,1.1082168,1.1039364,1.0990516,1.1060294,1.1069635,1.1085261,1.1026441,1.1005263,1.1062992,1.1013372,1.105713,1.101064,1.1078391,1.1016592,1.1036465,1.0967485,1.1042655,1.1014851,1.105123,1.104264,1.1002336,1.1022706,1.1055565,1.1032908,1.0992395,1.1027435,1.0988059,1.1063277,1.1019493,1.1049311,1.0929456,1.102514,1.0975257,1.1000943,1.1077708,1.1033521,1.0980324,1.0972165,1.0977317,1.0978307,1.10105,1.1015812,1.0959576,1.1052374,1.1040263,1.1066624,1.1066154,1.095389,1.1010174,1.1024951,1.105572,1.1010273,1.0994825,1.1088179,1.1063973,1.096229,1.0952665,1.1102395,1.1025213,1.1001072,1.099792,1.0994661,1.1048985,1.0981876,1.1076057,1.1076154,1.1053735,1.1027561,1.0999416,1.1074642,1.10412,1.1137837,1.0997083,1.1019144,1.1035264,1.1056674,1.096651,1.1032712,1.101741,1.1048189,1.0989453,1.1072034,1.1056097,1.1053257,1.1002324,1.1027231,1.1086408,1.1024641,1.099798,1.104023,1.1053686,1.0917934,1.103924,1.1056248,1.0995859,1.1001258,1.1009572,1.1020876,1.0939294,1.1010382,1.1017921,1.0995325,1.1032885,1.100066,1.1014447,1.1007345,1.0992391,1.0988717,1.1064881,1.1000314,1.1059898,1.0958012,1.0992925,1.0998181,1.1105928,1.0962155,1.1035162,1.1091546,1.0999571,1.0983614,1.1090125,1.098843,1.1134212,1.105842,1.1037451,1.1063195,1.1058226,1.1036241,1.1107124,1.1023098,1.0961248,1.0990942,1.1056604,1.0994881,1.098995,1.0982735,1.0976477,1.090865,1.101104,1.0983045,1.1057642,1.102942,1.1023241,1.0966855,1.1055896,1.1067142,1.1037825,1.1105952,1.0995195,1.098782,1.105534,1.0973078,1.1026762,1.1017005,1.0999006,1.1092302,1.1041481,1.095713,1.1039124,1.101914,1.1011137,1.1011118,1.1012589,1.1061568,1.1029698,1.0986749,1.1016914,1.1012233,1.103423,1.0933787,1.1016151,1.0986588,1.0995291,1.1100123,1.0981213,1.1000191,1.1016622,1.1015353,1.1008769,1.099862,1.1056675,1.0975964,1.1028835,1.1014066,1.1012783,1.1039504,1.1050614,1.100921,1.1026573,1.1003567,1.1078326,1.0984732,1.1036383,1.1035353,1.0982416,1.1046013,1.0942746,1.0957217,1.0971065,1.1023445,1.110246,1.0957024,1.1049019,1.0999143,1.0989077,1.1075588,1.0988896,1.1062098,1.1054981,1.1022989,1.1000963,1.1063789,1.1056399,1.1053518,1.0936521,1.1002295,1.0991431,1.1030263,1.1065686,1.1015131,1.1042991,1.1002451,1.1032901,1.1051626
0.25758642,0.25025535,0.26061824,0.25879866,0.251873,0.2542799,0.25076133,0.25521025,0.25842333,0.25441542,0.25667033,0.26242656,0.25515705,0.25506932,0.25568205,0.26140064,0.25319484,0.2570913,0.25923732,0.25585863,0.2612387,0.25146338,0.2566,0.25511813,0.25962186,0.25558272,0.25889507,0.2540834,0.25803575,0.2569109,0.26103362,0.25178897,0.25426117,0.26047578,0.2512737,0.25583664,0.25725725,0.26207042,0.25566813,0.2604492,0.25485453,0.2597683,0.25209045,0.2547277,0.25301996,0.25836682,0.2536077,0.256457,0.25718144,0.25640884,0.25657243,0.25909436,0.2610461,0.25826266,0.25513914,0.25674272,0.2684063,0.25394094,0.2572217,0.25631076,0.25892994,0.26489884,0.25984883,0.25895807,0.2571932,0.26211053,0.265165,0.25384277,0.2594541,0.25938204,0.25619963,0.2556462,0.25240818,0.25540116,0.26243532,0.25568044,0.25063252,0.26089165,0.2581547,0.26117778,0.25928342,0.25614494,0.25290906,0.25911495,0.26620927,0.2533297,0.25979933,0.25208157,0.26064235,0.2539619,0.25496802,0.2475509,0.2622959,0.26097286,0.25617388,0.26207808,0.26641878,0.25886804,0.2570756,0.26010463,0.25933748,0.25384465,0.26143244,0.26030022,0.25172493,0.2630864,0.25628325,0.25571042,0.2561719,0.26602378,0.25788748,0.260533,0.2597193,0.25927418,0.25366125,0.26234367,0.25727946,0.25680733,0.254731,0.26282609,0.2591791,0.25401717,0.25727788,0.25982028,0.25738263,0.2525018,0.25246635,0.25634187,0.2623842,0.25305068,0.25810966,0.25710976,0.25628898,0.2559016,0.25160247,0.25497413,0.263138,0.25792447,0.25613284,0.25354588,0.2554081,0.25922102,0.2573294,0.26562935,0.2592177,0.25135213,0.25707456,0.2532906,0.25907695,0.25901812,0.2544185,0.26023445,0.2518249,0.25322455,0.2542588,0.2571401,0.252302,0.26017526,0.25837633,0.25442424,0.26002437,0.2606685,0.2475997,0.25491,0.2563629,0.25525656,0.25803822,0.2627383,0.25385982,0.26014516,0.2556898,0.26040527,0.25934616,0.2598513,0.25701836,0.25513047,0.26112276,0.26021883,0.25958356,0.26069245,0.25574777,0.25674975,0.2594702,0.25377637,0.2606672,0.2552183,0.2583381,0.2531475,0.25137427,0.25750688,0.25178018,0.264901,0.25457528,0.24789123,0.26188207,0.25683287,0.25387716,0.26012677,0.25180182,0.24940361,0.2587234,0.2610838,0.25365832,0.26525494,0.25720042,0.2592135,0.25731787,0.25448054,0.26422256,0.2593422,0.25516844,0.25902018,0.25842044,0.25146893,0.25350812,0.26067314,0.2586882,0.2606568,0.26286936,0.25467655,0.25679025,0.25375488,0.2649895,0.25095952,0.25406426,0.25359544,0.2577949,0.2611919,0.2593126,0.26129356,0.25767875,0.25765842,0.26283064,0.2580109,0.255639,0.25639153,0.25155458,0.26107958,0.25673115,0.258205,0.25713187,0.2574796,0.26395902,0.25381184,0.25977683,0.25748292,0.25686535,0.25342366,0.25370675,0.2592617,0.258807,0.25613993,0.25914854,0.25594312,0.26164407,0.25330848,0.25017378,0.25021592,0.25911474,0.25890762,0.24860112,0.25658756,0.26041824,0.25926235,0.26049218,0.2574181,0.262301,0.26133198,0.25998747,0.25747725,0.26033664,0.25301114,0.2602956,0.25937206,0.25885594,0.25593713,0.25706235,0.2517971,0.25999436,0.2596256,0.26127318,0.25848922,0.25927627,0.257648,0.24725299,0.26020908,0.2632439,0.25307772,0.2536325,0.2561613,0.2566325,0.25462908,0.25441873,0.25073907,0.25420275,0.25887242,0.24982344,0.25101355,0.25813884,0.25834018,0.25526416,0.24632882,0.25579822,0.25504008,0.25275147,0.25608206,0.25684428,0.2608493,0.25484458,0.2580322,0.25645003,0.25691032,0.24974051,0.25942045,0.2630126,0.25776696,0.26116368,0.2660947,0.2619542,0.25978607,0.25659972,0.2617068,0.25657615,0.25716892,0.25181544,0.2490432,0.2542118,0.2557284,0.2611179,0.253959,0.256308,0.2514906,0.25263762,0.25674677,0.2607342,0.25316274,0.26063627,0.25450176,0.2539111,0.25453508,0.25080365,0.25803137,0.2553103,0.2583476,0.25250086,0.25445428,0.25101927,0.25925305,0.2622081,0.25225058,0.25763184,0.2580348,0.25452697,0.26007995,0.25037575,0.25021398,0.25357577,0.2503601,0.26489308,0.2586281,0.2665195,0.25981244,0.25985238,0.25828135,0.25568327,0.25404766,0.25431937,0.25588042,0.25507843,0.25568902,0.24921572,0.25221518,0.26292202,0.26266894,0.26612803,0.2595211,0.2509295,0.25340024,0.25686648,0.25438246,0.258141,0.25169438,0.25953487,0.24947502,0.2632822,0.25773364,0.25691342,0.26256174,0.25642446,0.2660466,0.25656292,0.2599552,0.25565588,0.25497994,0.2522292,0.26508301,0.26013443,0.25099707,0.25301564,0.25419274,0.25354978,0.26308438,0.25281662,0.2546166,0.2550474,0.25540072,0.25306556,0.25848088,0.25515673,0.25863642,0.25375825,0.26866218,0.25419828,0.24826817,0.25454092,0.25672355,0.25780016,0.2518513,0.25955737,0.2568586,0.25362858,0.25777358,0.25678894,0.2548082,0.25958645,0.2568836,0.2551693,0.26304877,0.25204,0.259591,0.25614828,0.24751309,0.26216996,0.25753686,0.2588578,0.2511039,0.25592738,0.25454754,0.25356963,0.2548418,0.26008767,0.25515527,0.25551462,0.25845993,0.2540851,0.25419056,0.25684425,0.25321957,0.26343295,0.26125646,0.25748444,0.24960129,0.25933173,0.24978295,0.2559663,0.25357196,0.26264298,0.2626854,0.25224006,0.2566995,0.2540636,0.25071788,0.2503836,0.25252554,0.2519659,0.26673427,0.26160502,0.25889072,0.26032093,0.26018855,0.2580745,0.26092312,0.2623838,0.25853878,0.25451025,0.2662028,0.25486174,0.25146395,0.2530782,0.2508566,0.26321372,0.2586453,0.26183408,0.26550984,0.25217766,0.2535203,0.2600883,0.26484853,0.25639093,0.25897187,0.26094913,0.25100917,0.26060396,0.25980484,0.25038892,0.26203394,0.2559193,0.2624025,0.25490972,0.24964847,0.259864,0.25880203,0.2629946,0.2586155,0.25649118,0.25958487,0.25631124,0.25409132,0.25773367,0.25350207,0.25775504,0.26311383,0.25893906,0.2538824,0.24847841,0.25005317,0.26068896,0.25609723,0.2524319,0.26080155,0.2573643,0.2602313,0.25830492,0.25288564,0.26317367,0.25781295,0.254427,0.25713882,0.255486,0.2581322,0.25300115,0.25673884,0.2551485,0.25942647,0.26663598,0.26302594,0.25771025,0.26060218,0.25024846,0.25833246,0.2453056,0.25982893,0.25247124,0.25504965,0.2545868,0.25789306,0.25581962,0.2598266,0.25455964,0.25192928,0.2511424,0.25146815,0.2515956,0.26308545,0.2583289,0.2565389,0.25298655,0.2602302,0.26785538,0.25528413,0.25575307,0.25951245,0.2584447,0.2535269,0.2626092,0.2638222,0.25679284,0.2504269,0.25088784,0.25539577,0.26248574,0.25937602,0.254882,0.25492182,0.26429337,0.26380324,0.25786585,0.26365724,0.262759,0.25612074,0.25388587,0.260273,0.26482165,0.25949705,0.2566984,0.26089117,0.25763214,0.26089984,0.2553558,0.25491273,0.25736758,0.26199353,0.25668663,0.24891037,0.25202128,0.26513675,0.25688046,0.25454676,0.2618645,0.25705102,0.24766614,0.25581035,0.25578523,0.25654235,0.25844622,0.25894004,0.25259602,0.24788034,0.25578508,0.260086,0.25270116,0.2647658,0.2565034,0.26009658,0.25294185,0.25556022,0.2546603,0.25240996,0.2578017,0.2579787,0.25991747,0.25858566,0.2560399,0.26794997,0.26162618,0.25237387,0.25467446,0.25895756,0.2556359,0.25745752,0.25690362,0.24367698,0.25875,0.256747,0.26106876,0.26237634,0.25992316,0.2543226,0.26010525,0.25731423,0.26070836,0.26023573,0.25464866,0.26267114,0.26057118,0.25392908,0.2611223,0.25411975,0.25761774,0.25669217,0.25218713,0.26352602,0.26292798,0.25347486,0.26085514,0.26506102,0.2579501,0.25476038,0.25051913,0.25284985,0.24558598,0.2657716,0.26356685,0.25632966,0.2528309,0.25624946,0.2618165,0.25862455,0.25387305,0.2519621,0.2611721,0.25473112,0.25513217,0.25666055,0.25576562,0.2620492,0.26358917,0.25600806,0.25618285,0.25637233,0.25455055,0.26401547,0.26120716,0.2561072,0.25227582,0.25160533,0.25657734,0.2639529,0.26305276,0.2502409,0.25524527,0.25659925,0.2633773,0.25568804,0.25451186,0.25993422,0.26518837,0.25820002,0.25229484,0.25554207,0.2609952,0.26176018,0.26049584,0.25474843,0.26457065,0.25694788,0.25320956,0.25783822,0.26050708,0.25806504,0.2574331,0.25939366,0.24921973,0.25037318,0.25860095,0.25338063,0.25511068,0.254135,0.2549953,0.2528507,0.25298592,0.25270227,0.25255543,0.25649682,0.25528952,0.25790966,0.26240316,0.25491416,0.25519496,0.25429076,0.2598721,0.25876436,0.25902316,0.2612614,0.2572572,0.25800723,0.26250726,0.25243467,0.25866047,0.25935805,0.2577139,0.2509807,0.2509486,0.26068947,0.25477302,0.25799888,0.2553226,0.25899026,0.26215035,0.25358987,0.25405517,0.25901324,0.25850824,0.25666824,0.25283659,0.25302765,0.26251432,0.2603785,0.2583181,0.2605333,0.2560443,0.2551352,0.25829786,0.25446796,0.26447445,0.2555092,0.2567209,0.2494102,0.25400624,0.26298988,0.26064062,0.25372455,0.26038197,0.27094364,0.24947399,0.2588583,0.25500968,0.25229856,0.2583087,0.25771293,0.25811696,0.2542845,0.25376496,0.25364465,0.26058307,0.25707406,0.26519313,0.25193408,0.2542729,0.24865586,0.25913695,0.2608543,0.25953424,0.2598518,0.25382072,0.25580958,0.26009512,0.2617141,0.2581733,0.25518942,0.24900849,0.26057464,0.25745705,0.25383902,0.2599174,0.25993404,0.26635692,0.25554743,0.26180094,0.26167017,0.25036198,0.25711557,0.25890577,0.25481445,0.25974557,0.25243294,0.251484,0.25871146,0.26262963,0.25400138,0.2568824,0.257472,0.25817877,0.256533,0.2574453,0.26254708,0.25189877,0.25992426,0.25930947,0.24927482,0.26442683,0.25719115,0.26121563,0.24657507,0.2505692,0.25688532,0.26217762,0.26066455,0.26127234,0.26089102,0.25461188,0.26094708,0.25846797,0.25657588,0.2589438,0.2595837,0.25041348,0.25561115,0.26539958,0.2529247,0.26247367,0.25123733,0.26078415,0.25658977,0.25359014,0.26731765,0.25807956,0.2523403,0.2520951,0.25674233,0.25783676,0.26066265,0.25484592,0.25131267,0.25327727,0.26218683,0.2549661,0.2651032,0.25758857,0.25270283,0.26837474,0.2505177,0.2560257,0.2529548,0.2541923,0.26507902,0.2549839,0.26221043,0.26398307,0.2537058,0.25264096,0.2575929,0.25478342,0.25587085,0.25754103,0.25944018,0.24877301,0.25972307,0.25448814,0.2590457,0.2565165,0.25708154,0.2497405,0.25390208,0.26259628,0.25530887,0.25627974,0.2619758,0.25174844,0.25952035,0.25476986,0.25490707,0.25196737,0.25458607,0.25528803,0.2621507,0.25960582,0.2541935,0.25618157,0.26339227,0.26364285,0.26224563,0.25706968,0.25929806,0.25568587,0.24786791,0.25549713,0.2514943,0.25863492,0.25876218,0.25477052,0.25917804,0.25967777,0.25683275,0.25745142,0.25780362,0.25744873,0.26626316,0.25316346,0.25488186,0.24923237,0.256574,0.25243562,0.26363522,0.2491776,0.2569745,0.26374626,0.25764212,0.2532738,0.25763303,0.25253618,0.25236928,0.2629543,0.25941047,0.2522407,0.25408602,0.25248522,0.25144204,0.25813383,0.26211223,0.26475558,0.25095436,0.25126624,0.26077637,0.25882486,0.2571849,0.2601959,0.2649457,0.2596431,0.2594229,0.26319557,0.2512599,0.25359386,0.26064062,0.2513773,0.25471523,0.25710675,0.26272365,0.25875166,0.2573052,0.25753772,0.2591042,0.25182575,0.2568292,0.25368452,0.26155528,0.25619397,0.25929928,0.25452,0.26098958,0.25565216,0.25561005,0.26233333,0.25864184,0.25443205,0.25924414,0.25315607,0.26292244,0.26181507,0.25949594,0.25883868,0.25716925,0.25805807,0.2608582,0.25946242,0.26100227,0.2566448,0.2548964,0.25685552,0.25571474
