0.529502,0.5228205,0.521736,0.5356302,0.52064526,0.5271134,0.5169568,0.52430713,0.5310979,0.5310019,0.5543702,0.5275715,0.5399179,0.5237863,0.5277349,0.54947287,0.52092296,0.5223265,0.5303531,0.528657,0.53561014,0.52866274,0.53620577,0.53369373,0.5211844,0.5224445,0.52540535,0.54210895,0.5228062,0.5414347,0.551115,0.5189352,0.51596826,0.5185429,0.5424615,0.52148557,0.53647226,0.5113775,0.53303385,0.5286186,0.5440598,0.5290645,0.508868,0.5261131,0.5276807,0.53513265,0.5321374,0.51713425,0.5147453,0.53126293,0.5278612,0.53475267,0.5341277,0.5390005,0.5425665,0.52136284,0.5249768,0.5263024,0.5111904,0.5031811,0.514912,0.54146695,0.52084804,0.5232092,0.53118104,0.5203606,0.5289041,0.52492386,0.53663456,0.53582734,0.5151834,0.54147243,0.51310486,0.5241135,0.5221784,0.5131841,0.54690117,0.51967424,0.5372471,0.53996015,0.53457946,0.5354122,0.5396936,0.5293798,0.54866076,0.52575177,0.53064406,0.5255971,0.53116125,0.5272219,0.52731085,0.5346695,0.52945685,0.527797,0.5307944,0.5163498,0.5228113,0.534745,0.51683754,0.5181273,0.5178589,0.522357,0.52539366,0.5257695,0.5287783,0.5349577,0.5183152,0.5170428,0.5345673,0.52880514,0.52431804,0.51859695,0.5229172,0.5209154,0.5102025,0.529533,0.5278538,0.53698474,0.5207021,0.538487,0.5224486,0.53018785,0.5328539,0.5235923,0.5402477,0.5147204,0.5172615,0.53318876,0.5293529,0.5366112,0.5234005,0.5281194,0.52638257,0.5397427,0.50921494,0.5405544,0.5307781,0.52176946,0.54182166,0.5304584,0.5294857,0.50487256,0.5252564,0.52593786,0.5248612,0.5319441,0.51080936,0.5218606,0.54851085,0.52548224,0.5237581,0.53758544,0.5396356,0.53729635,0.52190375,0.53278184,0.5288009,0.5301488,0.5203517,0.51807404,0.5189103,0.5331562,0.51988244,0.51537514,0.5283628,0.5275739,0.5369153,0.51469886,0.52023274,0.5181752,0.53171825,0.53063565,0.5370963,0.5433797,0.5185312,0.52348053,0.5146856,0.53674877,0.537237,0.5228792,0.52483207,0.5320289,0.534736,0.53374743,0.5323803,0.527431,0.51873344,0.5417506,0.53135437,0.5269505,0.53646106,0.5187592,0.53082,0.5196983,0.533575,0.52884156,0.52760696,0.5164827,0.5213286,0.5282507,0.51343626,0.5135984,0.5111164,0.5338113,0.5238508,0.5240805,0.53447735,0.5446888,0.53486466,0.5258074,0.5251004,0.5302276,0.5164641,0.5336228,0.5389701,0.5264008,0.52799755,0.5110228,0.5271983,0.53619623,0.5350393,0.5213175,0.5290945,0.5307388,0.51743734,0.51727086,0.52668583,0.52015144,0.53015465,0.54557127,0.53217703,0.54108465,0.5280478,0.52217233,0.52360225,0.53220534,0.52952605,0.53104496,0.5261878,0.5327524,0.5204385,0.5426909,0.5370022,0.5450804,0.5437969,0.5108236,0.52741337,0.5315616,0.5207538,0.52934563,0.53173244,0.5416178,0.52886814,0.5244173,0.5276588,0.53185,0.5195397,0.52906954,0.526395,0.52557087,0.5357354,0.5233542,0.52208304,0.5287446,0.5393373,0.531549,0.5281779,0.5184842,0.5170691,0.52114767,0.540377,0.5286519,0.5233167,0.5297153,0.5303819,0.5285014,0.5140548,0.52351946,0.5191359,0.5322291,0.53754926,0.5271566,0.52419275,0.529115,0.51754075,0.52783465,0.5548015,0.5285623,0.526929,0.5322899,0.5459044,0.507563,0.5236825,0.513418,0.5320402,0.5259185,0.5211026,0.5209874,0.5258082,0.52407914,0.5319639,0.51499313,0.53191763,0.54916584,0.523236,0.5305569,0.5413346,0.53258526,0.54255086,0.5377484,0.5075991,0.5182519,0.52519685,0.5205197,0.5275996,0.5299367,0.5290025,0.5305229,0.52849096,0.52132034,0.5409881,0.5191629,0.5206557,0.5233979,0.5278562,0.5313111,0.51378256,0.53057575,0.4966323,0.5321777,0.51377356,0.5312104,0.52005017,0.52729076,0.52667266,0.52387416,0.54629683,0.5218951,0.5233446,0.5252747,0.5239312,0.54065204,0.52953213,0.52481556,0.5246799,0.5319304,0.5349105,0.5316486,0.52624625,0.51521355,0.54727805,0.51514584,0.537886,0.52461994,0.5244249,0.5283066,0.5300759,0.52142626,0.52185124,0.52048486,0.53505385,0.5291014,0.5212856,0.5335209,0.5168787,0.5356923,0.51647234,0.5273044,0.5337303,0.54543006,0.51985574,0.51337093,0.52934796,0.53927565,0.5359254,0.51621693,0.5186565,0.52582324,0.53327096,0.51802737,0.52196276,0.5199646,0.5480421,0.52958924,0.5404318,0.52426195,0.5376162,0.51289815,0.5311687,0.52273774,0.52453136,0.52534366,0.52705145,0.5314592,0.55081004,0.52952003,0.53056866,0.52984035,0.5338083,0.5209099,0.5228268,0.53773814,0.5229971,0.5358332,0.5144389,0.5347159,0.5380506,0.5324804,0.532044,0.5367768,0.5402745,0.5410544,0.53307337,0.5253755,0.5272795,0.5491297,0.5303754,0.5371991,0.51782954,0.5314208,0.545488,0.5366741,0.54127425,0.51181275,0.5498049,0.5213403,0.5298055,0.52750784,0.53365654,0.5224482,0.525675,0.50705975,0.52428496,0.5188349,0.54453766,0.53960323,0.5210871,0.5492192,0.5216015,0.52470523,0.5207826,0.5357664,0.52694947,0.5314134,0.5221344,0.5400587,0.53279436,0.52251166,0.502069,0.52982754,0.5415056,0.5463896,0.5323505,0.5326271,0.5283299,0.5428666,0.5197002,0.5476815,0.52472574,0.5347374,0.54356873,0.53444666,0.53320503,0.5354703,0.5181505,0.5224022,0.52285206,0.53405744,0.5269621,0.520708,0.5319655,0.5251901,0.53324187,0.5187437,0.53092927,0.53695524,0.5320205,0.54337233,0.5251171,0.52657753,0.5337395,0.5355099,0.5291962,0.53996587,0.5316516,0.5297098,0.5390419,0.52894884,0.53364813,0.5111205,0.53301984,0.53632456,0.5333887,0.526894,0.5410338,0.5332378,0.5237539,0.52119464,0.5297794,0.53092426,0.53043765,0.5287075,0.53145945,0.5305559,0.5232727,0.5244213,0.53075904,0.518113,0.5122851,0.512745,0.53815246,0.5266561,0.5355744,0.53162414,0.5157925,0.5299733,0.5316223,0.5277425,0.5301761,0.5253824,0.5159358,0.5231353,0.51889384,0.52026224,0.51537514,0.5301731,0.51180726,0.54069805,0.53207296,0.5242059,0.52936786,0.5168208,0.5409062,0.5232289,0.5340156,0.5355921,0.5287197,0.5289062,0.5329773,0.53107655,0.5203477,0.5248838,0.5271923,0.529173,0.53452927,0.52723986,0.52647746,0.5344114,0.5234107,0.5225735,0.52514005,0.52556664,0.5397215,0.52980727,0.522599,0.521528,0.54141074,0.5132689,0.52924204,0.5300483,0.53050977,0.5240648,0.53619814,0.5075416,0.53057474,0.5367861,0.51802707,0.5386528,0.51180035,0.5202538,0.5174244,0.5397324,0.53329825,0.5136182,0.5220444,0.51273304,0.53338176,0.5312465,0.5344957,0.52688813,0.51786083,0.5376458,0.52618456,0.53950673,0.5348074,0.5140665,0.53184235,0.5323967,0.5310414,0.5224199,0.5217407,0.52874184,0.5298958,0.5208481,0.52854246,0.53888845,0.5212607,0.5294657,0.5177488,0.52669114,0.53846866,0.53163874,0.5270319,0.54120994,0.537502,0.5211982,0.5308024,0.5357625,0.5121238,0.5302318,0.53181297,0.53119063,0.54671067,0.5344173,0.5122133,0.528657,0.531807,0.5233521,0.5234003,0.5274198,0.524573,0.5267563,0.53088105,0.5002841,0.52683353,0.526992,0.5222551,0.5232279,0.53726435,0.5153866,0.5376526,0.51795596,0.5225154,0.53606683,0.53184164,0.52839065,0.5372552,0.5294958,0.530144,0.52240276,0.5196351,0.5132944,0.516708,0.51139134,0.5239069,0.5338617,0.5311922,0.5389001,0.5140434,0.5384849,0.52895665,0.51432174,0.53099823,0.5285215,0.512594,0.5415459,0.52910674,0.5361969,0.53125495,0.52700603,0.52287126,0.51935095,0.5308205,0.5237001,0.5396481,0.5264149,0.53092843,0.5164821,0.5186185,0.5182329,0.534215,0.5252084,0.5262662,0.5184557,0.51972985,0.52273756,0.52963436,0.52028763,0.52665293,0.5207043,0.5300784,0.5407981,0.5283167,0.53092253,0.53170025,0.52204806,0.5242051,0.53894126,0.53690714,0.54110545,0.514933,0.5195328,0.5272853,0.54229605,0.52776325,0.5287187,0.5359737,0.5138824,0.52186126,0.5335513,0.5365206,0.5331997,0.51600343,0.5217634,0.52939487,0.52265376,0.5386374,0.5229882,0.5460777,0.5329603,0.5072273,0.54329807,0.5241971,0.53412974,0.531803,0.5256082,0.5471333,0.5262612,0.52328277,0.53578216,0.5299982,0.5223404,0.5321652,0.5306853,0.5356258,0.51457065,0.52374965,0.5308502,0.54616493,0.5294503,0.51719546,0.5224954,0.53249454,0.5308328,0.51612854,0.52188516,0.52670354,0.53938305,0.5271839,0.53261244,0.5249951,0.5087278,0.5272317,0.5380586,0.53735787,0.52076566,0.53008497,0.5153332,0.53214836,0.5440978,0.53100485,0.5064733,0.5332056,0.5122574,0.53372467,0.51334345,0.5289748,0.5200535,0.51544315,0.54712343,0.504491,0.52537704,0.5397471,0.5446916,0.5301242,0.52643716,0.5186357,0.5118869,0.525703,0.5307587,0.5202245,0.5397485,0.5239812,0.52938926,0.5306111,0.5310893,0.5210111,0.520179,0.52190584,0.52516794,0.53054225,0.5212583,0.51901174,0.53690773,0.51399064,0.5303033,0.53411925,0.5450128,0.5271265,0.5303064,0.5386046,0.5257457,0.5276122,0.53895867,0.5223324,0.5195181,0.53052276,0.52246386,0.52132004,0.5122415,0.5344821,0.52856433,0.5273092,0.5280701,0.5328886,0.51812565,0.5168522,0.5240162,0.52102554,0.5406169,0.5318725,0.52472013,0.52902675,0.52298766,0.5300536,0.5333293,0.54291487,0.5193652,0.5371588,0.52492,0.5412573,0.5226216,0.5232253,0.524157,0.5356867,0.5256384,0.52276206,0.5117043,0.5343642,0.52541465,0.52624947,0.53486973,0.5264633,0.5430181,0.5328411,0.5303342,0.5223917,0.53683615,0.5389854,0.525303,0.5178509,0.5334245,0.5261402,0.550452,0.54349905,0.5259066,0.52122706,0.5263669,0.5273769,0.53407496,0.5245272,0.55697757,0.53200394,0.53838927,0.5341774,0.538881,0.52390426,0.5199987,0.5337481,0.5442658,0.52905834,0.5263648,0.51305145,0.5296302,0.53960574,0.5207846,0.51708263,0.5329139,0.51932454,0.5175922,0.53387153,0.5178856,0.53420806,0.52534866,0.5190136,0.52426654,0.53000194,0.5384519,0.5194408,0.5292906,0.53475976,0.5167976,0.50902104,0.5190473,0.5275839,0.53297406,0.5375072,0.5291709,0.55014807,0.5261477,0.52037853,0.5402441,0.5104173,0.53166485,0.52812976,0.53172135,0.52487344,0.52045006,0.52863663,0.536013,0.53226334,0.5365878,0.5219383,0.52282614,0.5480559,0.5345435,0.52848643,0.54822844,0.53773606,0.5279202,0.5350913,0.5309595,0.5322247,0.5260574,0.5197348,0.5235897,0.5417354,0.53242487,0.5346456,0.5229515,0.546743,0.53023964,0.5345154,0.521597,0.5258709,0.50954336,0.5252866,0.5520358,0.5354065,0.5323616,0.53171927,0.5369962,0.51104754,0.53655136,0.5308441,0.5348783,0.51885647,0.5137419,0.51848865,0.5329151,0.5237654,0.54067576,0.51578367,0.53041637,0.5275967,0.5290693,0.5295422,0.54489326,0.53223056,0.51280445,0.52095103,0.5329141,0.528977,0.5167062,0.5204951,0.5388976,0.5253122,0.5227813,0.511094,0.5265562,0.5298303,0.5421318,0.5266447,0.52667403,0.5091382,0.521639,0.5256325,0.53261715,0.5259023,0.5242707,0.53945583,0.53085256,0.5187888,0.5344317,0.52895164,0.5430247,0.53379726,0.53236026,0.54069,0.5196863,0.51323456,0.5328917,0.5169381,0.5292072,0.53066355,0.5036069,0.5217647,0.5311912,0.5176208,0.5399496,0.53848827,0.52912045,0.5292851,0.53545314,0.53479564,0.52239394,0.5239998,0.5269268,0.52898985,0.5366131
0.5592482,0.5428646,0.5459541,0.56528026,0.55735415,0.56332576,0.5378089,0.5670878,0.5482028,0.5593076,0.56882566,0.5526191,0.5450754,0.57566583,0.5583077,0.55827016,0.5534114,0.56065196,0.5554235,0.5533286,0.5567678,0.5774422,0.54154646,0.57013863,0.5456694,0.5575019,0.54398555,0.57153374,0.5514222,0.5664107,0.5613226,0.55677164,0.5451276,0.5460075,0.5616828,0.5648663,0.5586243,0.55061656,0.54911757,0.55645245,0.547074,0.5531492,0.5366712,0.552767,0.5575551,0.5629005,0.5634841,0.54305047,0.5615694,0.55111116,0.55640227,0.5543814,0.5458731,0.5558018,0.55472755,0.55166495,0.5691515,0.57010275,0.54459214,0.536227,0.5492193,0.55417126,0.5560331,0.5701945,0.55357146,0.5423627,0.55121773,0.54590267,0.57150537,0.5618253,0.555684,0.56039745,0.54705644,0.56956,0.560963,0.5469828,0.57393855,0.54929,0.5657377,0.55679035,0.5742056,0.55798525,0.559506,0.5620471,0.5462376,0.5474889,0.5525947,0.56091726,0.56067306,0.5535479,0.5528858,0.55221856,0.55606604,0.56920385,0.55100816,0.54738843,0.56923616,0.5648429,0.5525025,0.5576965,0.56012315,0.5493566,0.54763424,0.54506445,0.5370597,0.55651045,0.5506724,0.56446683,0.5559712,0.56719077,0.5639993,0.5477541,0.57128584,0.5458754,0.55144596,0.5577915,0.5793942,0.5606204,0.54565644,0.5730243,0.55589545,0.54349935,0.580004,0.54594094,0.54036224,0.5534561,0.5452351,0.5546962,0.568198,0.55822605,0.5589851,0.5680306,0.56195426,0.5610802,0.56826985,0.56704813,0.5652721,0.56632745,0.55074227,0.5694399,0.5627896,0.5626992,0.5581541,0.5543825,0.5490065,0.5645298,0.55639255,0.5603091,0.55906945,0.5670786,0.5701379,0.5524531,0.55329293,0.5643517,0.5414245,0.5724322,0.55194867,0.5772747,0.5484356,0.56791216,0.57652533,0.54964083,0.5514708,0.5470255,0.5572601,0.55975366,0.56259483,0.5655459,0.5590674,0.55011046,0.54782754,0.5683576,0.56801564,0.5611207,0.5323423,0.5599722,0.5541635,0.5375376,0.56794167,0.543264,0.5424039,0.5560956,0.5472262,0.58771515,0.5561077,0.57014966,0.5517615,0.5506032,0.5656886,0.54176486,0.5710807,0.5632192,0.5576963,0.56893706,0.5512916,0.54950905,0.53817844,0.5467372,0.55758893,0.5560471,0.55083746,0.56079435,0.5652738,0.5563065,0.5439415,0.55474985,0.56525224,0.5593946,0.5544023,0.5498328,0.55626947,0.5689172,0.5455228,0.56316143,0.55947727,0.5552698,0.56031764,0.545466,0.53515446,0.57486755,0.5598908,0.56515855,0.53734237,0.56129533,0.54920137,0.55330974,0.55778843,0.55276453,0.54060036,0.5577475,0.56226546,0.5721617,0.5575715,0.5730544,0.5619019,0.55350745,0.5483703,0.54239994,0.55440634,0.5549184,0.55791277,0.5584757,0.5572838,0.5658835,0.55648106,0.5565266,0.5589051,0.5550082,0.554445,0.5589935,0.55256796,0.5650519,0.5624324,0.5631094,0.54906875,0.5578729,0.5628852,0.5695289,0.56414104,0.5420385,0.55117905,0.5411334,0.54682857,0.55875623,0.5425367,0.5644553,0.5588037,0.57566553,0.5690663,0.5478884,0.5535799,0.546676,0.5480919,0.5551484,0.5571463,0.56540865,0.5483502,0.5490155,0.54633003,0.5584319,0.5427694,0.55285096,0.5444345,0.5496057,0.5729221,0.5408001,0.55364597,0.5644541,0.5511383,0.55600435,0.5645408,0.5615313,0.5502438,0.545813,0.5783607,0.56169647,0.5682177,0.545873,0.5472522,0.55148965,0.55999064,0.549493,0.55826974,0.5477356,0.5531743,0.5628798,0.557123,0.5533798,0.5557113,0.5673874,0.5514756,0.5419198,0.56438816,0.5551599,0.57355,0.5672207,0.5480709,0.5480123,0.56703013,0.5614447,0.5745612,0.5519599,0.5649328,0.5550204,0.5586465,0.56501716,0.54971826,0.5549079,0.5564397,0.56092435,0.56685925,0.5487221,0.5519542,0.5412156,0.5624665,0.5660316,0.55384576,0.54029155,0.55736536,0.545399,0.55296177,0.55981207,0.552863,0.5785876,0.5502048,0.5552778,0.5618853,0.55836207,0.5510103,0.55345947,0.57003856,0.54493564,0.52866596,0.5382437,0.56813467,0.5617399,0.57479674,0.57300234,0.55770004,0.555947,0.5540518,0.5718554,0.55304444,0.5542759,0.56426996,0.552566,0.5422297,0.5505098,0.5776529,0.5776211,0.56624043,0.5567297,0.5508938,0.55961025,0.5518885,0.54881006,0.5591368,0.5495528,0.5531807,0.5747513,0.5457572,0.5598108,0.5793122,0.54777503,0.5587874,0.5386335,0.56279904,0.5439724,0.55201805,0.5546795,0.54681706,0.5377095,0.55401725,0.5393668,0.5601625,0.5672612,0.5575381,0.5604058,0.55019027,0.5500716,0.5470867,0.5660059,0.54292965,0.5645154,0.5523564,0.5595502,0.5575325,0.5529771,0.54694206,0.57308435,0.5601064,0.5611501,0.54947555,0.53270197,0.55851257,0.5611528,0.5602804,0.5453696,0.5504114,0.5611494,0.56639504,0.5694726,0.56783926,0.5429382,0.56074715,0.5639063,0.54965216,0.55021966,0.5510848,0.5472857,0.5439581,0.54278046,0.5564313,0.5525468,0.56632733,0.55839175,0.56590986,0.5629408,0.56090534,0.55687517,0.5503274,0.55675256,0.5610358,0.56028616,0.54989403,0.56374806,0.5572929,0.561748,0.5420306,0.54380715,0.56461173,0.56301427,0.5548956,0.56796736,0.5557018,0.5637445,0.552499,0.56758446,0.561952,0.57853407,0.55771816,0.5535105,0.56946105,0.5496428,0.5440074,0.5588193,0.51801765,0.54305303,0.5419817,0.5624969,0.554538,0.5422294,0.57169837,0.5650309,0.56713295,0.5334479,0.5459879,0.5729684,0.5553297,0.56000555,0.557059,0.5671152,0.5555643,0.55561316,0.55016047,0.54715043,0.5599758,0.5607664,0.56305337,0.55503994,0.5510734,0.5625106,0.5674021,0.53947455,0.56241024,0.5684952,0.57253706,0.5571844,0.5509514,0.54912543,0.55233055,0.566587,0.5599869,0.55833316,0.5490174,0.5430717,0.5547317,0.5409712,0.5506158,0.5444199,0.56165695,0.5584318,0.54968363,0.5549152,0.54647493,0.5447381,0.5478768,0.5472021,0.5635985,0.5726774,0.5413449,0.56215465,0.56318897,0.5552218,0.5544595,0.5461009,0.54213214,0.5605154,0.5626346,0.5628545,0.5469853,0.5336842,0.5678803,0.556433,0.5644786,0.56976974,0.5716856,0.57395077,0.553185,0.56444633,0.5614533,0.5651347,0.5503625,0.55176526,0.57091373,0.56171113,0.5524822,0.5521334,0.5561803,0.5717868,0.55302566,0.548456,0.5521961,0.55632585,0.5395286,0.56343955,0.56266737,0.5695105,0.55895203,0.5672595,0.5519869,0.5636886,0.55238205,0.5539233,0.567883,0.5511254,0.5528305,0.5679533,0.55587906,0.55049694,0.5620837,0.55517006,0.5687907,0.55154216,0.5530695,0.55962723,0.55482113,0.54380345,0.5718388,0.5464216,0.54466015,0.56613225,0.5567804,0.5613433,0.5670053,0.54161,0.561514,0.5721293,0.5529068,0.55450547,0.5580025,0.56637573,0.5367065,0.56164366,0.54843265,0.5466278,0.55140555,0.55306447,0.56701714,0.5341076,0.5696118,0.552073,0.5505976,0.56441426,0.5504286,0.5661412,0.5548168,0.576781,0.5402378,0.550416,0.5449772,0.557472,0.5594394,0.5675523,0.55891126,0.5653373,0.5490963,0.5406487,0.5620079,0.54411095,0.55683357,0.5508508,0.56484604,0.55003977,0.5550555,0.55277324,0.56762874,0.5660119,0.554169,0.5510834,0.5664572,0.5562982,0.554495,0.5790221,0.55840117,0.5627422,0.5557746,0.56857014,0.55933714,0.5384006,0.56350386,0.5385379,0.5602995,0.5564386,0.5466058,0.55091697,0.5511683,0.5585987,0.548927,0.5598269,0.57039344,0.56505936,0.55588263,0.5509511,0.5591683,0.5633537,0.55743396,0.548466,0.5398096,0.56481373,0.5512951,0.5680646,0.55882,0.53860736,0.56873506,0.55800444,0.5485793,0.56530654,0.5651382,0.53873616,0.5616917,0.5583772,0.5607378,0.5430178,0.56027734,0.5505825,0.5463324,0.5513661,0.5473905,0.552992,0.5526101,0.5537372,0.5671373,0.568006,0.55175996,0.56683064,0.5384809,0.5500465,0.5431112,0.542119,0.5561681,0.5432691,0.5640681,0.5480568,0.5457228,0.56712073,0.55087906,0.55573505,0.537521,0.5631066,0.5616861,0.5549824,0.5357311,0.5580931,0.5557163,0.564827,0.54455185,0.5560161,0.567323,0.56118417,0.5342379,0.55435544,0.5451795,0.56969154,0.55105555,0.5646615,0.5520571,0.54616696,0.56537795,0.56285316,0.57098234,0.5431472,0.5550176,0.5494806,0.5596025,0.55438536,0.55630565,0.5712444,0.5487705,0.5610442,0.5416696,0.56341904,0.5390418,0.56614435,0.54859674,0.5646181,0.5816826,0.5597706,0.5457172,0.5591664,0.55181056,0.5530487,0.5717733,0.55453104,0.56558967,0.54739594,0.5634872,0.5571998,0.5537265,0.54956365,0.56608987,0.54859996,0.5651148,0.5497948,0.5682792,0.5528012,0.57785475,0.57626283,0.5609511,0.57085854,0.56250924,0.559204,0.55272084,0.5683592,0.57012504,0.55554974,0.5665671,0.55292994,0.5567903,0.54829055,0.54769224,0.561329,0.5599574,0.55391556,0.56635076,0.5590701,0.5606461,0.5482527,0.55330646,0.5672787,0.53768057,0.5357392,0.54542285,0.5627034,0.5527891,0.568205,0.5564426,0.5559359,0.5534966,0.5683774,0.5586546,0.5528857,0.5567157,0.57610124,0.55227584,0.55502063,0.56115705,0.54838884,0.5446844,0.54798585,0.5432357,0.5556498,0.5521546,0.5643219,0.5680596,0.5476844,0.5567538,0.5569157,0.56024307,0.5735795,0.54126924,0.5537817,0.5680574,0.5700381,0.5590515,0.54839677,0.5697798,0.56339425,0.5492921,0.5554965,0.545684,0.5612324,0.5464116,0.5436674,0.54746044,0.54870015,0.5415686,0.5399156,0.56976193,0.5468993,0.5675777,0.55701673,0.54598534,0.56311405,0.5693451,0.5517889,0.5500992,0.55870444,0.5446507,0.5625444,0.56134087,0.5509064,0.55955404,0.5492157,0.5609947,0.5581704,0.54512125,0.56713974,0.56545323,0.555173,0.5429759,0.5683597,0.57186556,0.552194,0.5675146,0.554184,0.5564481,0.5647954,0.56535727,0.5619027,0.5587257,0.5319229,0.55739325,0.56157064,0.55054474,0.56217283,0.55270445,0.55544555,0.5483791,0.56464815,0.5593106,0.5463369,0.56199884,0.5401873,0.55415595,0.566089,0.5653306,0.5622057,0.5528829,0.551625,0.55670595,0.55344176,0.5704568,0.54683,0.5598372,0.5553572,0.55923223,0.5437042,0.5531291,0.56459063,0.5633413,0.5491571,0.566855,0.56282973,0.5534909,0.5612332,0.55864424,0.54986995,0.5667769,0.56007284,0.5582516,0.5509634,0.5648873,0.5555963,0.55700475,0.55036485,0.54688764,0.5695072,0.5773462,0.5411306,0.5643652,0.5431054,0.5654333,0.5500729,0.5513637,0.54429746,0.56573063,0.5601912,0.5656078,0.56996316,0.55936897,0.5523994,0.55753314,0.5671372,0.5645824,0.5558361,0.5445334,0.5528542,0.56357133,0.54392564,0.5525651,0.5569794,0.56232816,0.55318314,0.55566245,0.5589113,0.5641414,0.5358657,0.5473062,0.55945957,0.55069876,0.55193746,0.56487554,0.55736375,0.56214803,0.5578016,0.5523935,0.5752538,0.5442148,0.5635217,0.56182635,0.56567687,0.5363008,0.5541933,0.5563989,0.55296165,0.55065286,0.5536758,0.5523789,0.57281756,0.5674689,0.54144543,0.55310816,0.5615649,0.54523855,0.55610675,0.54642975,0.5550421,0.55869573,0.5529772,0.5737398,0.5659344,0.547432,0.56371325,0.5702907,0.5529533,0.56650764,0.5455056,0.5546762,0.5555719,0.54319316,0.5485833,0.5588755,0.55632114,0.5545792,0.5540916,0.5582627,0.5686404,0.55770755,0.55902976,0.5656936,0.5528784,0.54947716,0.56946594,0.54983974,0.5662153,0.55438405,0.5607816,0.5673407,0.54768217
0.56219155,0.56840235,0.5752139,0.5914117,0.566822,0.57694554,0.55764526,0.5557501,0.5779698,0.56943315,0.5873959,0.57099324,0.5875271,0.5694356,0.5789741,0.56808394,0.57272196,0.56525296,0.5902556,0.5696149,0.57556224,0.5699553,0.5590663,0.56681895,0.55683964,0.58094627,0.5704544,0.56376106,0.56762725,0.5900841,0.58032,0.5757267,0.56971294,0.55177814,0.5761721,0.5806841,0.5667553,0.5456397,0.56195915,0.5556455,0.57572466,0.56712115,0.5595552,0.55628115,0.5712365,0.5783675,0.5640523,0.55426115,0.567208,0.5598915,0.5795162,0.5808825,0.56948036,0.56924194,0.582342,0.56826806,0.5671549,0.5761281,0.56357175,0.5512533,0.5658962,0.58488786,0.57202643,0.58999735,0.57451004,0.55243707,0.57231504,0.57552797,0.5749969,0.55972385,0.5530029,0.5699666,0.5623925,0.5748352,0.5705799,0.5722697,0.59018475,0.5615301,0.565791,0.5733122,0.5878085,0.558616,0.5698741,0.568449,0.570566,0.560888,0.56458044,0.5665184,0.597039,0.57112193,0.56205565,0.5642437,0.56704634,0.58067954,0.5643773,0.56920534,0.5821581,0.5624588,0.5714282,0.5709464,0.5664632,0.57929075,0.5722202,0.567055,0.56942886,0.57551175,0.557439,0.5617874,0.56092054,0.5843628,0.5751795,0.5603838,0.57122743,0.5698126,0.56132644,0.5619025,0.5734332,0.5759003,0.566193,0.569228,0.5634231,0.57035726,0.57589173,0.5684613,0.5717153,0.56814426,0.55966985,0.5714875,0.57939416,0.57200587,0.5773745,0.56214577,0.5724414,0.5765154,0.5704382,0.58160585,0.5712585,0.5676555,0.56512547,0.5779944,0.5621965,0.5674623,0.56632227,0.5617831,0.560377,0.5815035,0.5685092,0.5703042,0.5830271,0.5752008,0.55934983,0.5825652,0.5796911,0.57157284,0.560918,0.5887457,0.5592761,0.5853981,0.57764256,0.58158034,0.5868296,0.5605333,0.5691181,0.57973945,0.570263,0.558907,0.583266,0.57094836,0.5574582,0.56569546,0.5712282,0.5863141,0.5928029,0.5755456,0.5589133,0.5749627,0.5586859,0.5762806,0.5641512,0.5655401,0.5682868,0.5603971,0.56387913,0.5724343,0.5789423,0.56939065,0.56363267,0.5824655,0.59594816,0.56818175,0.5824399,0.56479543,0.5608911,0.5697345,0.5705203,0.56048644,0.56576294,0.5638782,0.5749951,0.570381,0.5594047,0.57174844,0.57833934,0.57949984,0.55976146,0.5774132,0.57516605,0.5629268,0.5800679,0.5675111,0.568664,0.57245076,0.55054027,0.57384205,0.571967,0.58518493,0.58254,0.5645267,0.5579965,0.58745784,0.58867353,0.57028127,0.5650544,0.56942487,0.5702337,0.5808644,0.55915326,0.5619109,0.5753194,0.57383996,0.5896075,0.58311665,0.58592963,0.55740803,0.5739129,0.5631343,0.5719547,0.5754796,0.5718124,0.5819942,0.57794535,0.56475747,0.5697668,0.5669082,0.5637243,0.5605451,0.5822781,0.57456785,0.570193,0.5652249,0.55451757,0.57687426,0.57005066,0.5656485,0.5668794,0.5750072,0.56727326,0.58081764,0.56053996,0.5705372,0.56789047,0.5773657,0.5593633,0.5890486,0.58402574,0.57558876,0.5603448,0.57714045,0.55582166,0.5625652,0.5838664,0.56067806,0.55751526,0.5707418,0.5766333,0.57305866,0.5616029,0.5727727,0.5568961,0.56657565,0.5768965,0.55846816,0.5554529,0.56375355,0.5707375,0.5827535,0.5750935,0.57373536,0.5642349,0.57006526,0.5794821,0.5736035,0.5668323,0.5546037,0.5635096,0.56486166,0.5768605,0.57706755,0.5749307,0.565544,0.5744712,0.56289196,0.56982213,0.57299405,0.5825896,0.57172185,0.5836966,0.5731432,0.5753492,0.5663734,0.5636681,0.5677367,0.5679057,0.5614972,0.5851595,0.56642026,0.5613724,0.5777093,0.57749176,0.56831676,0.5819537,0.5683127,0.5815948,0.55513626,0.56950915,0.58480084,0.56546396,0.57579476,0.5637392,0.5545052,0.5761833,0.5539988,0.5672772,0.5699867,0.57350504,0.55103874,0.57339644,0.5592291,0.5654655,0.56266636,0.56394356,0.57038677,0.56397873,0.57381976,0.56884784,0.57317007,0.57647115,0.5739004,0.5616165,0.56369406,0.57375973,0.5689669,0.5633269,0.55692655,0.57313174,0.5601488,0.5801645,0.5760761,0.5731919,0.557693,0.5662348,0.56911683,0.5828071,0.57787526,0.58060575,0.58402413,0.57806855,0.5684744,0.57360137,0.570673,0.5737649,0.57061076,0.57248247,0.5785813,0.5705276,0.55781454,0.5577381,0.5655489,0.56545436,0.55765647,0.5579623,0.5534011,0.57851255,0.5636528,0.5829688,0.55067956,0.5729423,0.55850047,0.566788,0.57427645,0.55537367,0.56355,0.57356477,0.55334365,0.57580197,0.5747464,0.5706098,0.5694997,0.56685555,0.5654009,0.56453514,0.58379096,0.56457263,0.5880095,0.5717687,0.584614,0.5649289,0.5761484,0.55488724,0.5823238,0.5805749,0.5676675,0.56911683,0.557562,0.55521125,0.5806917,0.56991893,0.565983,0.5752038,0.57052207,0.5793962,0.57526046,0.56912446,0.5558067,0.57608736,0.5791257,0.5729513,0.5696928,0.587168,0.55577785,0.57480067,0.56829673,0.5643036,0.56501937,0.5789603,0.57413757,0.56954175,0.58108807,0.5753549,0.566814,0.5679517,0.5733723,0.5688115,0.56886905,0.57236904,0.5656895,0.56822944,0.57865727,0.57235014,0.5785928,0.5714306,0.5837221,0.57081854,0.5859095,0.574855,0.58619857,0.5832686,0.5717238,0.56434685,0.582629,0.5710758,0.5578947,0.58593535,0.56775016,0.577359,0.56679404,0.561072,0.5675455,0.58125025,0.57874066,0.5735198,0.55840504,0.56020665,0.56850284,0.569378,0.5765125,0.5700466,0.578948,0.56772137,0.5689229,0.5586752,0.57289547,0.5742572,0.5704248,0.56715125,0.5737049,0.577924,0.564994,0.5718743,0.5735954,0.56377614,0.5691198,0.5676298,0.561571,0.57919073,0.5670849,0.58071,0.5752335,0.5692062,0.5611865,0.5658418,0.5733295,0.5796466,0.57207453,0.56449264,0.5579517,0.57229173,0.576567,0.5612724,0.5560305,0.57832724,0.5743399,0.5632207,0.56934243,0.57045275,0.5760701,0.57941896,0.5629,0.5591187,0.5802204,0.5678876,0.56596106,0.5756308,0.56646526,0.57238,0.55286455,0.5611232,0.5767177,0.5713863,0.5830871,0.55658126,0.5587779,0.57231504,0.5710176,0.576595,0.57243115,0.563788,0.5721334,0.5685874,0.5789024,0.575062,0.57117945,0.56475973,0.57588214,0.5889572,0.5776396,0.5789123,0.57073104,0.5683784,0.5686683,0.5748929,0.5569764,0.5754802,0.5659279,0.5814472,0.5835175,0.5776103,0.57257134,0.5722299,0.59229636,0.55437165,0.5782856,0.5608227,0.55136365,0.5836608,0.58417434,0.5627789,0.5825597,0.57114637,0.5735012,0.5703995,0.58293015,0.56973547,0.56953245,0.5639649,0.55978173,0.58104366,0.5635408,0.57701075,0.5595329,0.569762,0.5922845,0.571371,0.56322896,0.57317036,0.57334626,0.5676517,0.57117134,0.57833815,0.5776104,0.56956893,0.5699174,0.54820126,0.5746346,0.5843816,0.56952775,0.56907713,0.5685012,0.56987554,0.5634317,0.58202577,0.5687849,0.5876239,0.57493085,0.56202036,0.56749547,0.5728291,0.59659845,0.56371367,0.5578229,0.5739865,0.5708138,0.5778803,0.5704077,0.5701064,0.5752225,0.5620055,0.5684175,0.5696867,0.5698843,0.57740337,0.5650009,0.56476,0.5578996,0.56330484,0.5654737,0.5717769,0.5628369,0.56915253,0.56632084,0.5851805,0.57102805,0.57548594,0.5842112,0.58544666,0.55679786,0.57560456,0.5663152,0.57664144,0.5416289,0.5771037,0.5564116,0.5637888,0.5541694,0.5744406,0.58096707,0.5729514,0.57104117,0.56215847,0.5713482,0.5894398,0.56660265,0.578885,0.5651027,0.5685029,0.5901585,0.5680446,0.5749191,0.57225543,0.5699802,0.5599368,0.56691223,0.5700177,0.55817646,0.5741915,0.57021445,0.5759446,0.5774132,0.5704214,0.5579442,0.56222284,0.5734235,0.5611267,0.56816894,0.5613364,0.55303824,0.57203317,0.56996876,0.55406165,0.5739588,0.57291126,0.56226104,0.57119876,0.59216195,0.5717821,0.56014663,0.55885226,0.5682298,0.5864931,0.5753932,0.5676266,0.5623266,0.5725544,0.5698255,0.56252176,0.5688482,0.5671906,0.5734197,0.55496514,0.5730289,0.5678867,0.57431185,0.56600827,0.57248056,0.57118505,0.58537936,0.5775348,0.57373136,0.58325136,0.5710627,0.5521097,0.5764413,0.5733126,0.5900616,0.5602838,0.58173436,0.57471806,0.5731075,0.5753544,0.58102816,0.57076746,0.5510252,0.5622396,0.5694866,0.5745884,0.5644354,0.5772937,0.56943035,0.57534575,0.58504975,0.5502845,0.55769,0.5568294,0.57566977,0.5728045,0.5776842,0.5787057,0.5782978,0.5578419,0.5730319,0.56583977,0.55705166,0.57409334,0.57282275,0.583978,0.5750708,0.57000977,0.5800243,0.5862617,0.5794334,0.58393824,0.55390173,0.5673769,0.5695227,0.56440014,0.55177474,0.5825951,0.57890296,0.5733269,0.58349997,0.57257247,0.566789,0.5664596,0.5813264,0.57682544,0.5759837,0.5784824,0.5719997,0.56394374,0.55953074,0.5629803,0.5873413,0.5786831,0.57996005,0.5768772,0.57500386,0.5718222,0.57433516,0.56431884,0.57210064,0.5629339,0.5590944,0.56689304,0.5889761,0.56829095,0.5759456,0.55808187,0.5781769,0.5636422,0.592984,0.56330276,0.55239147,0.5830179,0.5757894,0.5771328,0.5678748,0.585114,0.5791601,0.5667316,0.5604015,0.566441,0.5689443,0.5720757,0.5653384,0.58285433,0.5559089,0.5729833,0.56801164,0.57568294,0.59240544,0.5685881,0.5624837,0.5863562,0.5680568,0.5780599,0.5685471,0.57902867,0.5763789,0.5740648,0.581552,0.55889034,0.5706712,0.5659779,0.5681677,0.57833177,0.5661862,0.54785734,0.5672488,0.5815624,0.5691102,0.5907634,0.5744822,0.57903343,0.56997395,0.5752468,0.5863867,0.57092345,0.5692455,0.5705483,0.5691725,0.57793283,0.5752864,0.57229686,0.5732167,0.57257354,0.55963737,0.57766265,0.5748157,0.5692844,0.56554466,0.55733573,0.57852197,0.57733095,0.5761886,0.5725762,0.5835753,0.5633724,0.56661433,0.5769785,0.5854946,0.57747513,0.56555444,0.57223374,0.55652356,0.57983637,0.5617284,0.57868284,0.5721029,0.57582307,0.5687748,0.5775077,0.56572664,0.5720859,0.5646383,0.5713733,0.56790704,0.5711181,0.5762679,0.57372284,0.5676028,0.5850548,0.5749446,0.5725898,0.57970154,0.56445855,0.57330304,0.5720956,0.56827915,0.5684702,0.574389,0.58254534,0.5797838,0.562493,0.57009315,0.5698321,0.5663153,0.565037,0.56596804,0.5708921,0.5811454,0.5782255,0.5808416,0.5713239,0.5652995,0.5732075,0.55485386,0.56516075,0.5902341,0.58267474,0.55312705,0.5615744,0.56962544,0.5747247,0.5750724,0.5808899,0.5639079,0.5706732,0.5700368,0.5839447,0.57076895,0.58541286,0.57310605,0.58142215,0.5826617,0.5743037,0.56556857,0.5778841,0.5781035,0.57134014,0.5740403,0.57218105,0.57600677,0.5705164,0.57049865,0.57023734,0.5814302,0.5693891,0.5630441,0.56789434,0.5643603,0.55996233,0.56328255,0.57350737,0.57737803,0.56625366,0.57504725,0.5658464,0.5621879,0.56857866,0.571394,0.5776921,0.57676125,0.56593966,0.55843836,0.5717564,0.5790628,0.5600607,0.570731,0.5750101,0.590698,0.5731532,0.5666603,0.5628496,0.57205087,0.54775363,0.57502884,0.572433,0.5625102,0.5745377,0.5713315,0.5739369,0.57414556,0.5769182,0.58596915,0.58264565,0.56494695,0.56498826,0.5685371,0.5721848,0.57755566,0.5631737,0.57293016,0.56315315,0.56875265,0.5775593,0.565276,0.5648361,0.57131857,0.55659896,0.5739716,0.5934583,0.5647627,0.5710157,0.57453716,0.56525165,0.5715653,0.5656451,0.5717628,0.58557814,0.5772652
0.6190622,0.60110503,0.6065346,0.6269948,0.5810325,0.60503525,0.6032827,0.61971647,0.61729556,0.61785614,0.60878646,0.6048899,0.6239377,0.61632633,0.61845344,0.6260904,0.60840154,0.6097823,0.60778457,0.6123008,0.61631835,0.608055,0.61006325,0.6131732,0.6138489,0.6044473,0.6157313,0.6102402,0.6122832,0.611936,0.620146,0.6053617,0.6066228,0.6019032,0.62037265,0.59029084,0.6111565,0.59905565,0.6094366,0.61679924,0.6087173,0.59512174,0.60216314,0.60313267,0.61994725,0.603276,0.6117342,0.59588397,0.606158,0.60864615,0.61519706,0.6034407,0.62255514,0.6082677,0.6020133,0.60675836,0.59622335,0.60223246,0.60990596,0.60668427,0.61168796,0.617998,0.59580284,0.6135792,0.6006395,0.61055803,0.6219322,0.6014265,0.61768496,0.602218,0.59571,0.6134933,0.6044058,0.61606634,0.6016577,0.61434937,0.62281215,0.59161955,0.61542153,0.61223096,0.6165047,0.6018009,0.619437,0.6096802,0.6206776,0.609484,0.62522453,0.608447,0.6139027,0.6109141,0.6015547,0.60173815,0.60922384,0.5959189,0.6015894,0.60169375,0.61312413,0.62153125,0.6071356,0.6112462,0.5938558,0.59982604,0.6106528,0.6029083,0.62120795,0.6192166,0.6021691,0.58623254,0.6064054,0.6196838,0.5920068,0.6056999,0.59451485,0.59335893,0.5996388,0.6080835,0.6116583,0.60231495,0.6159704,0.62258446,0.6103172,0.60816294,0.61998516,0.6068662,0.6036375,0.5964957,0.5961546,0.6085827,0.60244715,0.6039732,0.6074658,0.596893,0.6105553,0.62682956,0.6075575,0.61221534,0.60848,0.610443,0.6089809,0.6080927,0.6068541,0.6061238,0.6199977,0.61098427,0.615025,0.6087954,0.59586096,0.597315,0.61588633,0.6098246,0.6088825,0.62124634,0.61205304,0.6023341,0.62264013,0.6130039,0.6068487,0.6138545,0.6044819,0.6037359,0.5997331,0.6119575,0.612722,0.59773636,0.6094645,0.59753746,0.6014871,0.6182942,0.6064222,0.6050761,0.6062007,0.61398184,0.60472965,0.60613316,0.5957129,0.5972312,0.6021281,0.59920543,0.5975353,0.6148767,0.61558706,0.62089694,0.6104651,0.6126819,0.6127384,0.6036138,0.6128818,0.61417264,0.6073782,0.6129122,0.6223738,0.5971299,0.5953074,0.6082601,0.60268587,0.6061264,0.60338223,0.60706544,0.6053804,0.62376,0.60090584,0.60478514,0.5974749,0.60022455,0.6000845,0.6006117,0.6071486,0.6193788,0.6192122,0.6117174,0.60908103,0.6147996,0.60785514,0.60204124,0.6144854,0.6116891,0.6169579,0.6122632,0.6160452,0.616235,0.6312097,0.6059493,0.6067255,0.6065351,0.6146242,0.6031051,0.6031971,0.61992913,0.6098971,0.61132264,0.61881584,0.62468505,0.61878747,0.60216635,0.6114383,0.6295921,0.6008422,0.6103913,0.6074632,0.60862964,0.61147314,0.61844456,0.6078487,0.61384624,0.60947615,0.6080216,0.61838573,0.61294055,0.6053149,0.61914533,0.61175764,0.60268235,0.6166167,0.6059504,0.6105365,0.6061571,0.6044047,0.6125323,0.6078768,0.6144244,0.60680604,0.61090416,0.60948586,0.60117674,0.59492135,0.6135683,0.6160087,0.62131864,0.6139644,0.6021923,0.6142806,0.6042644,0.59812844,0.6108742,0.6141453,0.6138109,0.6180604,0.6112734,0.6075186,0.6145615,0.62136716,0.60231197,0.6150364,0.62022394,0.6034994,0.6134199,0.61804414,0.6047485,0.6193984,0.60206264,0.6146031,0.5983824,0.6178814,0.6109821,0.6265138,0.6069487,0.60385615,0.60815406,0.5989548,0.60877085,0.6103063,0.60926765,0.6189759,0.6085439,0.6057551,0.6038102,0.63025755,0.6106006,0.613924,0.61690015,0.6087363,0.59884,0.60420376,0.6027962,0.61633444,0.61214,0.60247046,0.6042476,0.6193696,0.61342835,0.62426823,0.6075456,0.6114432,0.6158607,0.60786146,0.6151646,0.60091573,0.61308014,0.6053648,0.6138057,0.60205674,0.6159225,0.60423803,0.61182153,0.60907155,0.59894973,0.6074863,0.6076681,0.6014275,0.60523623,0.62313193,0.6201491,0.609283,0.5953147,0.6093358,0.61774874,0.6132424,0.6309391,0.6041309,0.60690343,0.62149614,0.5932875,0.61220753,0.59119415,0.60632354,0.61614054,0.60580915,0.60323703,0.60062116,0.6007334,0.6032927,0.61175334,0.5989102,0.60960203,0.60574925,0.60719734,0.593579,0.5969002,0.6150176,0.6263077,0.6092092,0.6044635,0.6068338,0.62699795,0.60723037,0.5979208,0.60417944,0.60548234,0.6057219,0.59612125,0.60064745,0.6070676,0.59748214,0.6163341,0.61254543,0.60968494,0.62188053,0.6004459,0.6136687,0.6080504,0.5986522,0.61172205,0.6194616,0.603707,0.6201201,0.6117995,0.6183403,0.6104635,0.6140824,0.5945325,0.6038528,0.5980514,0.5960517,0.6204145,0.60574543,0.5939064,0.62033105,0.60420436,0.60825115,0.61005306,0.61813796,0.6145351,0.6182248,0.59975857,0.6168743,0.6212994,0.60002404,0.6133435,0.60765487,0.61610955,0.6167695,0.605072,0.6232378,0.6118071,0.61687636,0.60785127,0.6236989,0.6153297,0.61031145,0.61272925,0.604818,0.5966769,0.60228854,0.6099341,0.619734,0.6155976,0.5997226,0.6133017,0.6107257,0.60531807,0.6035806,0.5877063,0.61128336,0.61574644,0.6064873,0.62498856,0.61147213,0.6010184,0.5954555,0.5835748,0.60640705,0.61966556,0.6053259,0.6111715,0.6066201,0.61232114,0.60386795,0.60754746,0.6305962,0.6119021,0.60605633,0.6148481,0.6214254,0.6015308,0.60444885,0.6007965,0.5980134,0.6162752,0.6172925,0.61071247,0.6005567,0.61501807,0.6076909,0.59326935,0.5965641,0.61653453,0.6203391,0.6163902,0.6018503,0.6119205,0.6195708,0.6106418,0.6094024,0.61781526,0.6109045,0.61411417,0.6143199,0.6094974,0.6156219,0.61365646,0.6049999,0.60967666,0.6052975,0.60714906,0.60896915,0.63035315,0.6057376,0.60049057,0.6070639,0.5902831,0.6019605,0.6006944,0.6144654,0.6049958,0.6109245,0.61353546,0.60968274,0.6015465,0.59417444,0.5996585,0.631328,0.5890211,0.61182314,0.6189452,0.6052582,0.6065739,0.61509675,0.6140314,0.595531,0.6227762,0.5872523,0.60841286,0.60336864,0.6133277,0.6020771,0.607043,0.58974195,0.6137527,0.6084255,0.6066099,0.5943166,0.6105548,0.6145653,0.5917288,0.6129017,0.61677086,0.62208414,0.5940052,0.6153152,0.600673,0.60154444,0.60524076,0.61784685,0.60276914,0.6056947,0.6172432,0.618546,0.6273138,0.6083073,0.6170846,0.6105611,0.6024299,0.60714346,0.5997013,0.6045872,0.6031264,0.6181864,0.6024434,0.6036419,0.6210683,0.6067457,0.6079208,0.60193396,0.5997892,0.61631167,0.604966,0.616354,0.6075324,0.61020064,0.5953378,0.6015257,0.6222604,0.6107446,0.60870904,0.60123146,0.6057772,0.6190686,0.62308544,0.6266828,0.6101179,0.6065804,0.599108,0.6021968,0.613909,0.6059427,0.6018518,0.61937225,0.6093809,0.5998948,0.62193495,0.6055784,0.619512,0.6202474,0.6049926,0.608552,0.615765,0.59369457,0.6043385,0.6014824,0.61701405,0.61473554,0.627944,0.6118946,0.60233897,0.6210847,0.60053486,0.61777633,0.6067729,0.60049933,0.6177679,0.6154064,0.61335236,0.62484425,0.6164741,0.6098656,0.6183156,0.6217423,0.62375075,0.6005793,0.6166269,0.6151952,0.60611886,0.61389273,0.58551085,0.6070665,0.6011311,0.6093678,0.6117182,0.6144768,0.60806346,0.62472224,0.60419446,0.6047197,0.59923416,0.60659146,0.6114527,0.6047773,0.6100127,0.6091808,0.61315763,0.59855133,0.61729306,0.61180484,0.59825176,0.6022231,0.6111161,0.6049624,0.60653126,0.6116919,0.6081629,0.62449455,0.59845465,0.61055785,0.60163045,0.6150169,0.6285526,0.6080555,0.6100844,0.6166307,0.606653,0.60795623,0.61986566,0.6248705,0.60036236,0.61746943,0.6034107,0.6118831,0.61775464,0.60656255,0.61307675,0.61947405,0.58548504,0.6048413,0.61244756,0.6052592,0.60574937,0.6197475,0.6026501,0.6119974,0.61129,0.6285174,0.610247,0.6092467,0.6120356,0.59428364,0.59909326,0.5999294,0.61638844,0.614135,0.6195782,0.5990136,0.6145691,0.6086678,0.62821054,0.6221419,0.6023079,0.6179399,0.62009275,0.620131,0.60129297,0.6060176,0.6232264,0.6018466,0.6045364,0.6130439,0.6199833,0.6111738,0.5998911,0.6306878,0.60627013,0.60208917,0.61430943,0.6246206,0.61505294,0.6062867,0.61212534,0.6275821,0.59857416,0.6031262,0.6232761,0.6016711,0.60679495,0.61564016,0.6206563,0.60951406,0.6001797,0.6093811,0.62051713,0.62304556,0.6115712,0.6193684,0.595252,0.611333,0.60884166,0.6031831,0.6131162,0.5952045,0.6094382,0.60758317,0.6141272,0.5994151,0.6053263,0.6115162,0.6093009,0.6108011,0.61003375,0.5990144,0.5983085,0.62975615,0.62215966,0.6060566,0.60731477,0.610431,0.6108306,0.6139188,0.5979467,0.6244371,0.6136937,0.6037012,0.61009234,0.6080144,0.6167644,0.613243,0.6009948,0.61423564,0.6044378,0.6164277,0.6060942,0.5960172,0.5988243,0.59118617,0.62717825,0.6039382,0.6033888,0.6276571,0.6004717,0.60398716,0.59718937,0.60174406,0.60690165,0.60117483,0.606057,0.6005383,0.6146379,0.60475004,0.61668986,0.60349995,0.62072456,0.6184288,0.60991114,0.6120854,0.60657805,0.60290736,0.60843354,0.6042864,0.6245225,0.60670274,0.60744935,0.5986951,0.6038557,0.61474705,0.6194482,0.6141244,0.6043115,0.6109499,0.602636,0.60561126,0.6123009,0.61564267,0.61277324,0.606292,0.6127182,0.62303907,0.620631,0.6091926,0.6147783,0.61475736,0.6144217,0.62277555,0.6047576,0.6148653,0.6091005,0.59907955,0.58894235,0.60455364,0.59716654,0.599995,0.6106543,0.6277917,0.6037415,0.6029835,0.6093265,0.6145408,0.6263601,0.6117417,0.5984661,0.60960776,0.6076539,0.6212645,0.6006665,0.595445,0.6115811,0.6204012,0.6017833,0.6174625,0.61594003,0.60774535,0.6337565,0.60026276,0.6056664,0.6087521,0.6201471,0.6129156,0.62389094,0.6112113,0.614451,0.6083135,0.6087155,0.6226328,0.6200596,0.6116483,0.60191387,0.61448103,0.60749257,0.6264825,0.5952906,0.5998108,0.61037225,0.6037288,0.6042348,0.6049366,0.60356456,0.6148549,0.6032606,0.59408927,0.619414,0.6152818,0.606172,0.60836285,0.6130357,0.6075804,0.6082387,0.5951908,0.5991276,0.599867,0.6184438,0.6071347,0.6192055,0.6317055,0.61613446,0.598615,0.6107393,0.59800225,0.6066179,0.60918677,0.6135306,0.5882617,0.58325744,0.6163209,0.61569005,0.60653895,0.6102723,0.59761983,0.6004081,0.62355334,0.60784763,0.6086713,0.62014925,0.61236495,0.6061903,0.60300803,0.6115058,0.6149836,0.61013883,0.5988781,0.6119874,0.61078066,0.60331064,0.6239165,0.59686524,0.6237022,0.6145731,0.6163042,0.6204394,0.59901404,0.6105163,0.61563796,0.61042225,0.60430634,0.61418426,0.6049238,0.62191945,0.6120896,0.5996855,0.62522507,0.6178884,0.6054211,0.6179015,0.6126951,0.6097567,0.60415334,0.6181519,0.59932286,0.61480594,0.60850036,0.62056637,0.60913855,0.62298506,0.6247323,0.60197103,0.60163826,0.61187255,0.6036159,0.59103614,0.6152582,0.61913925,0.6123673,0.6133441,0.59889543,0.61012125,0.60802495,0.5976095,0.5985071,0.60362095,0.60621715,0.6046043,0.60986006,0.6025918,0.60562056,0.6012723,0.6153291,0.62053186,0.6106281,0.62423265,0.6067043,0.6084085,0.61510473,0.61847574,0.632825,0.6009873,0.6054958,0.60566765,0.61398417,0.61236656,0.6146102,0.59088963,0.60018903,0.6218379,0.59981775,0.6161548,0.61138767,0.61346245,0.6035468,0.60432535,0.61520666,0.6052581,0.61271524,0.6174592,0.6024599,0.61145794
0.5297921,0.52901703,0.5265975,0.54220545,0.5256612,0.5216929,0.5293562,0.5497848,0.5304839,0.544877,0.53032374,0.52553344,0.5368417,0.5344152,0.52767146,0.54577065,0.5380365,0.5375684,0.5304688,0.5147795,0.5431229,0.53880346,0.54086345,0.54505134,0.5253902,0.5244954,0.5299668,0.52577275,0.5437865,0.5501766,0.5423628,0.5357743,0.52880853,0.5304242,0.52541757,0.5162828,0.53133523,0.5217131,0.53732175,0.54309475,0.527423,0.52587026,0.5341187,0.5297138,0.5368618,0.52933663,0.5277112,0.522092,0.5197516,0.5419923,0.53757286,0.527389,0.5466613,0.5291794,0.53644425,0.5382166,0.5359213,0.5134359,0.5307163,0.52337694,0.5211709,0.5501844,0.51850945,0.5277471,0.5223436,0.53584766,0.54498816,0.5263059,0.5446363,0.539258,0.520546,0.53655994,0.5263071,0.538179,0.5333715,0.54402727,0.5422819,0.53932184,0.5505414,0.5415708,0.53781146,0.5341791,0.52895355,0.5314872,0.54735756,0.5422657,0.52287316,0.5441028,0.53223145,0.54036725,0.530037,0.52384716,0.5221113,0.53606147,0.53299946,0.530197,0.5387701,0.5462967,0.52822727,0.53944993,0.52712035,0.53617615,0.5270255,0.5280844,0.5294752,0.53937143,0.52839017,0.5264823,0.5323379,0.54303104,0.5354007,0.53643835,0.5269511,0.52786297,0.5406311,0.5288826,0.5285569,0.52135557,0.5221284,0.5340857,0.5257482,0.53585845,0.5413165,0.5330018,0.52828354,0.5218563,0.52567714,0.537485,0.5355735,0.54012716,0.53842294,0.53057325,0.5322464,0.5411105,0.5262893,0.5360362,0.52501595,0.5317404,0.5317177,0.53370506,0.53637326,0.5400626,0.5470114,0.5338104,0.53718096,0.54818916,0.53190863,0.5341071,0.53315234,0.5431549,0.5417874,0.5396719,0.5374297,0.536628,0.5545563,0.5328398,0.5203099,0.5452621,0.52385044,0.5427272,0.53796166,0.5315126,0.5351792,0.53370225,0.53581613,0.5318915,0.53855157,0.5285599,0.5390336,0.53605825,0.5353559,0.5367838,0.53259546,0.53943557,0.5246959,0.53142834,0.5258505,0.53347963,0.52824664,0.53166646,0.53443605,0.5303502,0.53269416,0.52968657,0.54008675,0.517154,0.5235268,0.5292159,0.5371989,0.52865446,0.5282818,0.527045,0.5275927,0.54077005,0.5240527,0.5348629,0.5261937,0.537505,0.5385139,0.5411678,0.5256774,0.53039944,0.53254795,0.5290257,0.53086466,0.5441675,0.5411932,0.54934794,0.5452742,0.53271806,0.5311959,0.5349425,0.5315424,0.5371303,0.528825,0.5319739,0.5340802,0.536306,0.53509986,0.5338465,0.5317131,0.5373462,0.5322557,0.5273811,0.5400608,0.52679557,0.53223884,0.5367536,0.52920985,0.5365781,0.5314942,0.5477968,0.53382087,0.5258331,0.5325404,0.5340408,0.5159805,0.53752726,0.52470696,0.5332666,0.54308766,0.52530587,0.5239876,0.53624076,0.52681935,0.53734225,0.5375868,0.5272025,0.5350904,0.53806144,0.5320859,0.54250526,0.53825545,0.53333116,0.53840935,0.537509,0.52076274,0.5340794,0.54655814,0.52761126,0.5304696,0.5303818,0.5237074,0.53535116,0.51832485,0.5311045,0.549951,0.54611856,0.540783,0.53157294,0.54127926,0.52728647,0.523903,0.5406732,0.5362399,0.5271836,0.52797467,0.53478575,0.53195393,0.54054195,0.5340768,0.53929365,0.5344962,0.5157963,0.52598935,0.52110344,0.53631043,0.5309067,0.5216869,0.51343364,0.54929495,0.5328789,0.5375764,0.54062146,0.540412,0.5407149,0.52279454,0.53308827,0.52783465,0.5304976,0.54164016,0.53363085,0.5378448,0.54133546,0.54371613,0.5367354,0.54262143,0.5369253,0.5439224,0.5457514,0.5417048,0.52735674,0.5365642,0.5312083,0.538683,0.5289919,0.52449507,0.5330691,0.54537845,0.5368387,0.53384537,0.53701484,0.5319102,0.52501523,0.5379432,0.5313981,0.5316259,0.5332716,0.5330284,0.53066444,0.5197761,0.529826,0.5330759,0.53143305,0.532986,0.52759033,0.5265941,0.5387846,0.5315292,0.5261911,0.54029036,0.52211416,0.5257795,0.5305949,0.52915144,0.5437896,0.53525233,0.5432285,0.53839475,0.5293038,0.5412683,0.541256,0.5239733,0.5268597,0.5383766,0.53154665,0.52841663,0.5308296,0.53313714,0.5325464,0.53716356,0.528984,0.5225573,0.5236357,0.5282636,0.53010267,0.5205424,0.5318821,0.5304941,0.5422814,0.52343416,0.52011853,0.53189963,0.5371425,0.5348869,0.53398997,0.5274402,0.5386959,0.5185775,0.5251371,0.5271637,0.53571486,0.5364878,0.5383359,0.5419916,0.5380189,0.52789694,0.5348579,0.52923185,0.53901255,0.51876414,0.5382123,0.551819,0.5193292,0.5373107,0.5390493,0.53556234,0.535029,0.5237554,0.52514184,0.5266591,0.52054316,0.5297505,0.5320143,0.5422252,0.52621627,0.53142166,0.53128946,0.5355086,0.5270571,0.5489926,0.5537724,0.53919345,0.5249101,0.51598525,0.541579,0.5220351,0.5318345,0.524935,0.5264995,0.539454,0.5485966,0.5488785,0.5311004,0.5329418,0.528646,0.529963,0.5335911,0.5466491,0.53645915,0.5329584,0.5288891,0.5303214,0.53878504,0.5340962,0.53385395,0.5210961,0.5432751,0.52694255,0.54913086,0.530833,0.53028303,0.5353392,0.5322811,0.52953523,0.5376163,0.5304224,0.5288103,0.53260237,0.530135,0.5365105,0.53211164,0.5390002,0.5309382,0.53616625,0.5204171,0.53068,0.5277972,0.5306142,0.5337564,0.54444724,0.53586566,0.53646475,0.5391146,0.53648126,0.5272883,0.53246206,0.53284407,0.5359709,0.53679496,0.5361221,0.528783,0.5293897,0.52420396,0.526407,0.53710055,0.5421612,0.55454504,0.5397132,0.54601043,0.5343189,0.5422596,0.52391416,0.54426247,0.5233186,0.5297146,0.527591,0.5350939,0.54580116,0.53626263,0.53968376,0.53633666,0.53271073,0.52564293,0.53160167,0.5363665,0.51972497,0.5259084,0.5283465,0.527456,0.5425372,0.5351749,0.5474975,0.53187484,0.53002465,0.52510154,0.53535193,0.5246657,0.52541405,0.53162545,0.53592426,0.5334167,0.53715974,0.547273,0.5322411,0.5372329,0.53470516,0.53090525,0.5335633,0.5391454,0.52652967,0.5489695,0.5426077,0.5243541,0.5358069,0.5290577,0.5159145,0.540515,0.53835505,0.531605,0.52869934,0.53356546,0.530097,0.52844954,0.5351632,0.5384493,0.5206572,0.5387403,0.5410443,0.54370135,0.53337836,0.52293974,0.535443,0.53136814,0.5308158,0.52824736,0.5372251,0.54193217,0.5304898,0.5315335,0.5205291,0.5219872,0.52302307,0.5319676,0.5345589,0.52856106,0.5391919,0.5316754,0.53419733,0.5428968,0.53708357,0.53791434,0.5273983,0.52127904,0.5412821,0.5362934,0.54447436,0.53649884,0.5467707,0.5252708,0.5249389,0.52705574,0.5400976,0.5279168,0.5224873,0.52682126,0.5308804,0.52246535,0.5339414,0.5395262,0.5297624,0.5269361,0.5279282,0.5467677,0.53687984,0.52622837,0.5362683,0.5295092,0.53201103,0.5264773,0.5424329,0.54210234,0.53114855,0.5312717,0.52655375,0.5339599,0.5311493,0.53774583,0.5296936,0.5368054,0.5339938,0.5431337,0.5257948,0.540995,0.5372574,0.53099364,0.52487093,0.53352803,0.52101654,0.54190934,0.54222953,0.532299,0.534033,0.54554176,0.5251925,0.53734446,0.5220793,0.5391276,0.5330718,0.5365333,0.5491811,0.5420328,0.5472586,0.5223776,0.5256111,0.531223,0.54502136,0.54154795,0.54199034,0.5294437,0.5281404,0.5324647,0.53458697,0.5328546,0.5330336,0.5244698,0.54333234,0.5412779,0.5298759,0.5319476,0.5260208,0.5301213,0.5409405,0.52908105,0.52206635,0.52376914,0.5330045,0.5285955,0.5317864,0.53971505,0.54631,0.53398603,0.5185276,0.5270108,0.5185858,0.5493704,0.53847927,0.54480326,0.5302285,0.52683914,0.52308893,0.53329676,0.5400894,0.5166115,0.5472994,0.52841717,0.5322361,0.529191,0.54363126,0.5216853,0.5330101,0.5228003,0.55239326,0.54143035,0.5340383,0.5327583,0.535719,0.5353392,0.53715974,0.53621167,0.5522201,0.5334657,0.5317869,0.5363533,0.5243,0.5204941,0.5375136,0.52638775,0.54136217,0.52984405,0.5303208,0.53798556,0.5274986,0.5460953,0.5323207,0.527103,0.53426725,0.5403104,0.5235062,0.540208,0.52882427,0.53817284,0.52492297,0.5280697,0.53503805,0.53302246,0.5358504,0.5250224,0.5587689,0.52717245,0.52381396,0.53828686,0.5319195,0.52318937,0.525191,0.52829665,0.5491199,0.5129644,0.5342715,0.54051673,0.53764105,0.53947264,0.5374755,0.5317668,0.5290775,0.5236675,0.5382912,0.5410109,0.53930014,0.5276277,0.53122514,0.53441375,0.5331876,0.5363037,0.5273503,0.5357108,0.52282244,0.53932804,0.5291627,0.5413885,0.5383973,0.526329,0.5244586,0.5296576,0.53330374,0.5237754,0.53005624,0.52964336,0.5413635,0.54583377,0.53145623,0.54010123,0.54007584,0.5250526,0.5358855,0.53516656,0.53448176,0.54450834,0.529064,0.5382797,0.5292191,0.52325195,0.53025043,0.5394308,0.52726424,0.5326214,0.542367,0.53156453,0.5269774,0.5323878,0.5246708,0.5414757,0.52450216,0.5212666,0.54338235,0.52830964,0.51973915,0.5328066,0.5307686,0.53910255,0.52976435,0.5297852,0.5245691,0.5301284,0.534131,0.52826256,0.530558,0.5333622,0.54613024,0.52830386,0.5370068,0.5371871,0.52682745,0.52987564,0.52351993,0.54321504,0.5346903,0.5259292,0.52533424,0.5342171,0.54057664,0.5441909,0.536344,0.5275079,0.5288435,0.53014106,0.5276068,0.5289667,0.5268639,0.5302979,0.5306547,0.5323941,0.5306015,0.54131985,0.5291241,0.5421623,0.53742504,0.5359248,0.54436636,0.53029585,0.5386313,0.5329576,0.5308245,0.51896477,0.5404302,0.5318634,0.52622783,0.5173608,0.52789074,0.54500276,0.54568774,0.5292786,0.5386593,0.53577065,0.54025084,0.53364307,0.5224069,0.5346844,0.53351915,0.5185422,0.5248805,0.5412056,0.5332028,0.55243206,0.53626233,0.5432182,0.5261756,0.54556614,0.5192951,0.5477056,0.53498125,0.53807926,0.5345681,0.5395656,0.5290491,0.53368336,0.5282645,0.54402184,0.541244,0.52948684,0.52387625,0.52620757,0.53496104,0.5214676,0.5415995,0.5243616,0.5309158,0.5369701,0.5260699,0.5355815,0.53851575,0.5339171,0.54520273,0.5331679,0.5309067,0.54254234,0.5381678,0.54088795,0.527811,0.5376399,0.5226119,0.5315346,0.52038383,0.5313266,0.5279529,0.5467524,0.5224926,0.5345935,0.5429056,0.53045535,0.5309798,0.5350439,0.5337634,0.5365717,0.52613544,0.527457,0.5303742,0.52184206,0.5312511,0.5415977,0.5344257,0.5366918,0.5311065,0.5274023,0.5430068,0.5320793,0.5431948,0.53596944,0.5475494,0.52675295,0.5379164,0.537941,0.5340058,0.53112495,0.5329943,0.53227437,0.53475255,0.5326985,0.53838265,0.5381733,0.55251265,0.54160094,0.5427556,0.53675294,0.5216186,0.5257049,0.5393553,0.5386547,0.520329,0.5335254,0.5230505,0.5376382,0.5442014,0.53056765,0.54104203,0.53045297,0.5343564,0.5398607,0.52278256,0.5388645,0.5299182,0.55236447,0.5185274,0.52762854,0.53285956,0.54783195,0.5164311,0.5396577,0.53994095,0.5293729,0.5224277,0.5428491,0.5326176,0.5220159,0.5317953,0.53645575,0.52714705,0.5245542,0.52251947,0.53801024,0.53860086,0.519771,0.5236298,0.5316462,0.52155787,0.5311241,0.540579,0.5443875,0.53268415,0.536245,0.54146576,0.52477777,0.5432083,0.54392123,0.52980787,0.53703135,0.53051776,0.5391669,0.5427066,0.51477337,0.5295921,0.5331587,0.53430974,0.53867686,0.53592813,0.5223873,0.52757883,0.5304764,0.529147,0.53970635,0.53560245,0.5207895,0.53612155,0.519186,0.5244522,0.5371534,0.5497633,0.53059345,0.5410064,0.537666
0.0,0.0,0.0,0.0,0.0,0.0,0.0,0.0,0.0,0.0,0.0,0.0,0.0,0.0,0.0,0.0,0.0,0.0,0.0,0.0,0.0,0.0,0.0,0.0,0.0,0.0,0.0,0.0,0.0,0.0,0.0,0.0,0.0,0.0,0.0,0.0,0.0,0.0,0.0,0.0,0.0,0.0,0.0,0.0,0.0,0.0,0.0,0.0,0.0,0.0,0.0,0.0,0.0,0.0,0.0,0.0,0.0,0.0,0.0,0.0,0.0,0.0,0.0,0.0,0.0,0.0,0.0,0.0,0.0,0.0,0.0,0.0,0.0,0.0,0.0,0.0,0.0,0.0,0.0,0.0,0.0,0.0,0.0,0.0,0.0,0.0,0.0,0.0,0.0,0.0,0.0,0.0,0.0,0.0,0.0,0.0,0.0,0.0,0.0,0.0,0.0,0.0,0.0,0.0,0.0,0.0,0.0,0.0,0.0,0.0,0.0,0.0,0.0,0.0,0.0,0.0,0.0,0.0,0.0,0.0,0.0,0.0,0.0,0.0,0.0,0.0,0.0,0.0,0.0,0.0,0.0,0.0,0.0,0.0,0.0,0.0,0.0,0.0,0.0,0.0,0.0,0.0,0.0,0.0,0.0,0.0,0.0,0.0,0.0,0.0,0.0,0.0,0.0,0.0,0.0,0.0,0.0,0.0,0.0,0.0,0.0,0.0,0.0,0.0,0.0,0.0,0.0,0.0,0.0,0.0,0.0,0.0,0.0,0.0,0.0,0.0,0.0,0.0,0.0,0.0,0.0,0.0,0.0,0.0,0.0,0.0,0.0,0.0,0.0,0.0,0.0,0.0,0.0,0.0,0.0,0.0,0.0,0.0,0.0,0.0,0.0,0.0,0.0,0.0,0.0,0.0,0.0,0.0,0.0,0.0,0.0,0.0,0.0,0.0,0.0,0.0,0.0,0.0,0.0,0.0,0.0,0.0,0.0,0.0,0.0,0.0,0.0,0.0,0.0,0.0,0.0,0.0,0.0,0.0,0.0,0.0,0.0,0.0,0.0,0.0,0.0,0.0,0.0,0.0,0.0,0.0,0.0,0.0,0.0,0.0,0.0,0.0,0.0,0.0,0.0,0.0,0.0,0.0,0.0,0.0,0.0,0.0,0.0,0.0,0.0,0.0,0.0,0.0,0.0,0.0,0.0,0.0,0.0,0.0,0.0,0.0,0.0,0.0,0.0,0.0,0.0,0.0,0.0,0.0,0.0,0.0,0.0,0.0,0.0,0.0,0.0,0.0,0.0,0.0,0.0,0.0,0.0,0.0,0.0,0.0,0.0,0.0,0.0,0.0,0.0,0.0,0.0,0.0,0.0,0.0,0.0,0.0,0.0,0.0,0.0,0.0,0.0,0.0,0.0,0.0,0.0,0.0,0.0,0.0,0.0,0.0,0.0,0.0,0.0,0.0,0.0,0.0,0.0,0.0,0.0,0.0,0.0,0.0,0.0,0.0,0.0,0.0,0.0,0.0,0.0,0.0,0.0,0.0,0.0,0.0,0.0,0.0,0.0,0.0,0.0,0.0,0.0,0.0,0.0,0.0,0.0,0.0,0.0,0.0,0.0,0.0,0.0,0.0,0.0,0.0,0.0,0.0,0.0,0.0,0.0,0.0,0.0,0.0,0.0,0.0,0.0,0.0,0.0,0.0,0.0,0.0,0.0,0.0,0.0,0.0,0.0,0.0,0.0,0.0,0.0,0.0,0.0,0.0,0.0,0.0,0.0,0.0,0.0,0.0,0.0,0.0,0.0,0.0,0.0,0.0,0.0,0.0,0.0,0.0,0.0,0.0,0.0,0.0,0.0,0.0,0.0,0.0,0.0,0.0,0.0,0.0,0.0,0.0,0.0,0.0,0.0,0.0,0.0,0.0,0.0,0.0,0.0,0.0,0.0,0.0,0.0,0.0,0.0,0.0,0.0,0.0,0.0,0.0,0.0,0.0,0.0,0.0,0.0,0.0,0.0,0.0,0.0,0.0,0.0,0.0,0.0,0.0,0.0,0.0,0.0,0.0,0.0,0.0,0.0,0.0,0.0,0.0,0.0,0.0,0.0,0.0,0.0,0.0,0.0,0.0,0.0,0.0,0.0,0.0,0.0,0.0,0.0,0.0,0.0,0.0,0.0,0.0,0.0,0.0,0.0,0.0,0.0,0.0,0.0,0.0,0.0,0.0,0.0,0.0,0.0,0.0,0.0,0.0,0.0,0.0,0.0,0.0,0.0,0.0,0.0,0.0,0.0,0.0,0.0,0.0,0.0,0.0,0.0,0.0,0.0,0.0,0.0,0.0,0.0,0.0,0.0,0.0,0.0,0.0,0.0,0.0,0.0,0.0,0.0,0.0,0.0,0.0,0.0,0.0,0.0,0.0,0.0,0.0,0.0,0.0,0.0,0.0,0.0,0.0,0.0,0.0,0.0,0.0,0.0,0.0,0.0,0.0,0.0,0.0,0.0,0.0,0.0,0.0,0.0,0.0,0.0,0.0,0.0,0.0,0.0,0.0,0.0,0.0,0.0,0.0,0.0,0.0,0.0,0.0,0.0,0.0,0.0,0.0,0.0,0.0,0.0,0.0,0.0,0.0,0.0,0.0,0.0,0.0,0.0,0.0,0.0,0.0,0.0,0.0,0.0,0.0,0.0,0.0,0.0,0.0,0.0,0.0,0.0,0.0,0.0,0.0,0.0,0.0,0.0,0.0,0.0,0.0,0.0,0.0,0.0,0.0,0.0,0.0,0.0,0.0,0.0,0.0,0.0,0.0,0.0,0.0,0.0,0.0,0.0,0.0,0.0,0.0,0.0,0.0,0.0,0.0,0.0,0.0,0.0,0.0,0.0,0.0,0.0,0.0,0.0,0.0,0.0,0.0,0.0,0.0,0.0,0.0,0.0,0.0,0.0,0.0,0.0,0.0,0.0,0.0,0.0,0.0,0.0,0.0,0.0,0.0,0.0,0.0,0.0,0.0,0.0,0.0,0.0,0.0,0.0,0.0,0.0,0.0,0.0,0.0,0.0,0.0,0.0,0.0,0.0,0.0,0.0,0.0,0.0,0.0,0.0,0.0,0.0,0.0,0.0,0.0,0.0,0.0,0.0,0.0,0.0,0.0,0.0,0.0,0.0,0.0,0.0,0.0,0.0,0.0,0.0,0.0,0.0,0.0,0.0,0.0,0.0,0.0,0.0,0.0,0.0,0.0,0.0,0.0,0.0,0.0,0.0,0.0,0.0,0.0,0.0,0.0,0.0,0.0,0.0,0.0,0.0,0.0,0.0,0.0,0.0,0.0,0.0,0.0,0.0,0.0,0.0,0.0,0.0,0.0,0.0,0.0,0.0,0.0,0.0,0.0,0.0,0.0,0.0,0.0,0.0,0.0,0.0,0.0,0.0,0.0,0.0,0.0,0.0,0.0,0.0,0.0,0.0,0.0,0.0,0.0,0.0,0.0,0.0,0.0,0.0,0.0,0.0,0.0,0.0,0.0,0.0,0.0,0.0,0.0,0.0,0.0,0.0,0.0,0.0,0.0,0.0,0.0,0.0,0.0,0.0,0.0,0.0,0.0,0.0,0.0,0.0,0.0,0.0,0.0,0.0,0.0,0.0,0.0,0.0,0.0,0.0,0.0,0.0,0.0,0.0,0.0,0.0,0.0,0.0,0.0,0.0,0.0,0.0,0.0,0.0,0.0,0.0,0.0,0.0,0.0,0.0,0.0,0.0,0.0,0.0,0.0,0.0,0.0,0.0,0.0,0.0,0.0,0.0,0.0,0.0,0.0,0.0,0.0,0.0,0.0,0.0,0.0,0.0,0.0,0.0,0.0,0.0,0.0,0.0,0.0,0.0,0.0,0.0,0.0,0.0,0.0,0.0,0.0,0.0,0.0,0.0,0.0,0.0,0.0,0.0,0.0,0.0,0.0,0.0,0.0,0.0,0.0,0.0,0.0,0.0,0.0,0.0,0.0,0.0,0.0,0.0,0.0,0.0,0.0,0.0,0.0,0.0,0.0,0.0,0.0,0.0,0.0,0.0,0.0,0.0,0.0,0.0,0.0,0.0,0.0,0.0,0.0,0.0,0.0,0.0,0.0,0.0,0.0,0.0,0.0,0.0,0.0,0.0,0.0,0.0,0.0,0.0,0.0,0.0,0.0,0.0,0.0,0.0,0.0,0.0,0.0,0.0,0.0,0.0,0.0,0.0,0.0,0.0,0.0,0.0,0.0,0.0,0.0,0.0,0.0,0.0,0.0,0.0,0.0,0.0,0.0,0.0,0.0,0.0,0.0,0.0,0.0,0.0,0.0,0.0,0.0,0.0,0.0,0.0,0.0,0.0,0.0,0.0,0.0,0.0,0.0,0.0,0.0,0.0,0.0,0.0,0.0,0.0,0.0
0.8417239,0.8329991,0.8276548,0.85324776,0.82667285,0.8329354,0.8272399,0.837924,0.8283022,0.8387565,0.8435801,0.82994664,0.8514963,0.8465715,0.84073687,0.8495749,0.83433324,0.8333317,0.8455337,0.82159114,0.8379876,0.8362514,0.845521,0.8439601,0.8319584,0.8332233,0.8324534,0.83492017,0.83965003,0.8424554,0.8493138,0.85296607,0.8241663,0.8306078,0.84432304,0.8240504,0.85409945,0.8188039,0.84153855,0.83162546,0.8425732,0.83953154,0.8236564,0.83704895,0.8472776,0.8375912,0.835587,0.828781,0.83129966,0.8334918,0.85133976,0.8370886,0.8483249,0.8371545,0.8390081,0.8313871,0.8343967,0.8384507,0.8349561,0.818808,0.8408538,0.8479878,0.825875,0.84564584,0.83802634,0.8348524,0.8320131,0.8300413,0.8429982,0.8254873,0.81635606,0.8441777,0.82062113,0.84098303,0.8380827,0.8444189,0.85477936,0.83595026,0.8500454,0.8393404,0.8454661,0.8382057,0.83998334,0.83300257,0.8358117,0.8388382,0.83172566,0.8270264,0.84130114,0.8298906,0.8332532,0.83377254,0.83271617,0.83744854,0.8460687,0.84093785,0.83426815,0.842677,0.82765394,0.8329524,0.82692504,0.8312384,0.85157156,0.8339591,0.8319696,0.84730357,0.83106047,0.8295972,0.8305783,0.82994854,0.83771205,0.8320022,0.83023614,0.83088344,0.82870924,0.8316671,0.837699,0.8346575,0.8383241,0.8358602,0.822958,0.84025484,0.85170007,0.83785504,0.8355721,0.8349955,0.83841777,0.8381838,0.83010334,0.83438736,0.8380362,0.82585996,0.8288461,0.8453001,0.8251895,0.84017783,0.8392167,0.8359489,0.8427508,0.83888644,0.84080386,0.8448589,0.8299332,0.8296617,0.8380303,0.828832,0.831878,0.8373978,0.84050035,0.84748876,0.84361106,0.8536749,0.8396193,0.8245215,0.82600456,0.8480911,0.83929336,0.8431104,0.8233275,0.8372581,0.83921796,0.84519476,0.8273328,0.8292048,0.84461117,0.83040386,0.8291584,0.8275255,0.8273439,0.83289194,0.82763493,0.84463614,0.84270644,0.831566,0.8267046,0.84006274,0.821869,0.8422374,0.8246411,0.83365715,0.8362683,0.8368754,0.82363516,0.83792603,0.8363823,0.8206117,0.8336656,0.84191996,0.8321049,0.8345698,0.8361795,0.8366282,0.8406162,0.8330804,0.8378339,0.83557445,0.8318975,0.8367008,0.83060485,0.82972884,0.82430863,0.827918,0.8305291,0.8378753,0.8389691,0.8465191,0.8363909,0.8307197,0.83991706,0.81761813,0.83323264,0.8297766,0.8349315,0.8461502,0.8410906,0.8294248,0.85731226,0.8380824,0.8315585,0.8459739,0.84029174,0.8212668,0.83327955,0.8349714,0.8305499,0.8265061,0.83086807,0.83245844,0.82598567,0.83047295,0.8374537,0.8380764,0.83781374,0.8238071,0.8379461,0.8494589,0.8441707,0.840241,0.8276415,0.8316907,0.83991855,0.8388562,0.83752614,0.8310277,0.8353095,0.82047963,0.82806885,0.839333,0.83278584,0.8536727,0.8301087,0.8364989,0.8340725,0.8424573,0.8412365,0.8483418,0.8288043,0.84197634,0.8350225,0.83660704,0.8354184,0.8392592,0.83441216,0.8406586,0.82815015,0.8438825,0.83023435,0.85327893,0.82877904,0.832162,0.84601456,0.8305384,0.8257595,0.8327487,0.844213,0.8372493,0.8284355,0.8409794,0.8326954,0.84815717,0.8450825,0.83158994,0.8323828,0.8367382,0.8371951,0.84803426,0.8350483,0.83526987,0.8335354,0.83826756,0.83216304,0.82565486,0.83026606,0.82986647,0.8345594,0.8326179,0.8350078,0.8432798,0.8401684,0.83136564,0.8328204,0.8278828,0.8426298,0.84287345,0.84215176,0.8403582,0.8566122,0.83797795,0.83074087,0.8369385,0.83415055,0.8223622,0.8322246,0.84319824,0.8469395,0.83484596,0.82473326,0.8359034,0.84856504,0.83737445,0.83765334,0.8464987,0.83904284,0.8456206,0.8357924,0.84533775,0.83665514,0.837786,0.8226072,0.82964784,0.8377092,0.8378923,0.83498293,0.8319087,0.83204526,0.83479303,0.82046235,0.8399942,0.8332651,0.8450174,0.838412,0.8458026,0.84001696,0.8400773,0.8341402,0.8394557,0.83624727,0.84468025,0.85324246,0.83112776,0.84173626,0.82964206,0.83390945,0.8206886,0.84734946,0.8333726,0.83993083,0.8384875,0.8339626,0.8263508,0.8342976,0.8311333,0.8288161,0.84562176,0.83508503,0.8421111,0.8302885,0.841465,0.8408758,0.84129775,0.8423681,0.82897574,0.8316241,0.85898346,0.8279154,0.8284882,0.8284001,0.83975285,0.84057415,0.8275715,0.8381098,0.83643496,0.83856946,0.8357887,0.8394339,0.83212227,0.8411992,0.8360412,0.8400278,0.84066236,0.82881683,0.834986,0.8403311,0.83317405,0.8355158,0.8307302,0.8461103,0.8356184,0.8311164,0.82169294,0.82583,0.831168,0.8286629,0.8345786,0.8332992,0.84653467,0.82945484,0.83914113,0.83576447,0.8367703,0.84335434,0.8389275,0.8441058,0.82795525,0.826723,0.8360873,0.8403745,0.837381,0.83601135,0.8443143,0.8446169,0.84596074,0.84819275,0.8353305,0.8457478,0.8325004,0.8303893,0.8348555,0.8324336,0.84122837,0.83998334,0.83468854,0.8309631,0.8464991,0.84130967,0.8437481,0.8349141,0.8466546,0.8450884,0.8399533,0.82273424,0.8325281,0.83468235,0.83427244,0.8427302,0.85921663,0.834533,0.8394927,0.83336157,0.8226413,0.8288844,0.8435754,0.8369705,0.8212383,0.8437275,0.8438106,0.8151043,0.8343205,0.8433483,0.84072095,0.83419496,0.8286438,0.8435565,0.84189963,0.83283323,0.8326807,0.8328898,0.8268126,0.8317224,0.8347369,0.8421799,0.8380064,0.84108573,0.8282906,0.83036923,0.8428054,0.85796314,0.84578747,0.8490679,0.8498912,0.8390728,0.8404373,0.8249793,0.8495715,0.82670456,0.83440214,0.8412252,0.8314195,0.8470791,0.83556706,0.84099746,0.8423737,0.8468865,0.83946776,0.84461063,0.835329,0.82874644,0.8324131,0.8513741,0.83153594,0.83693784,0.833808,0.84994227,0.83592296,0.84200317,0.8380926,0.8343684,0.82675093,0.83619016,0.82922494,0.8463743,0.8409043,0.83745575,0.82789826,0.83752507,0.8263027,0.82856244,0.8341071,0.83159214,0.84792227,0.8274138,0.8502688,0.8368898,0.82977307,0.8326509,0.8331564,0.8298616,0.83301854,0.8355275,0.84749544,0.8380971,0.8305103,0.8375507,0.8258542,0.84154344,0.828295,0.8303465,0.82905525,0.8449243,0.84018254,0.83321685,0.84113556,0.8360373,0.83278596,0.8554656,0.8488541,0.8306019,0.8440981,0.84048986,0.8376868,0.84573925,0.8266618,0.83128935,0.8237452,0.8428347,0.8330662,0.84295595,0.8339584,0.82833403,0.8391086,0.84171855,0.83956033,0.8332948,0.8350742,0.8385898,0.84364057,0.8361737,0.8534033,0.84455067,0.8369934,0.8321054,0.84031516,0.85088015,0.8432153,0.82986814,0.83284706,0.8421975,0.8199091,0.84598124,0.8356178,0.83275944,0.83458614,0.83434445,0.8406719,0.8264928,0.829204,0.8503454,0.8353308,0.8440051,0.8328962,0.8376966,0.84974015,0.8335582,0.84235924,0.8296944,0.8389994,0.83671147,0.8299434,0.83638865,0.83226293,0.8400178,0.8457107,0.8421674,0.83726174,0.8302021,0.8389532,0.83297485,0.8364186,0.81495243,0.84094363,0.8412307,0.8377161,0.8404479,0.83785087,0.822188,0.8327297,0.840336,0.8348008,0.83786136,0.8415904,0.8495285,0.8410572,0.8468409,0.81784326,0.830716,0.83731216,0.8455755,0.83928305,0.84648716,0.82929146,0.84696996,0.82511544,0.8399302,0.83671147,0.8302888,0.8256827,0.84418166,0.8282353,0.83053774,0.82704043,0.83953965,0.828249,0.8357619,0.83177,0.81910425,0.8322948,0.84624064,0.8263278,0.8345792,0.82580364,0.8460993,0.82349735,0.8291985,0.8334619,0.83661073,0.8458249,0.8346017,0.84437275,0.8312553,0.83568585,0.8265783,0.8353614,0.839258,0.82613045,0.8244805,0.8247517,0.8489471,0.8293041,0.8305335,0.8315662,0.8406367,0.82051015,0.8453398,0.8369434,0.83457595,0.8365663,0.8483836,0.83278,0.83519363,0.82920307,0.8484673,0.829455,0.82976675,0.8523737,0.8305774,0.82705885,0.83501047,0.8327942,0.8385827,0.8342534,0.83240277,0.8391693,0.8421542,0.8488606,0.8390671,0.82725304,0.8287939,0.83710337,0.83457637,0.8472134,0.84196013,0.8481746,0.8272346,0.8325247,0.8309241,0.8488477,0.8339675,0.82968533,0.8512274,0.8305145,0.83416367,0.83416045,0.82493955,0.8423591,0.8319784,0.8353459,0.83707863,0.82853687,0.8230716,0.8488802,0.8343732,0.8346178,0.8354403,0.8527867,0.84517777,0.823085,0.82786626,0.83297336,0.84277844,0.831058,0.8510224,0.83256525,0.835294,0.8298393,0.82045317,0.8393402,0.84291935,0.8242271,0.8380398,0.8453161,0.8333318,0.8315553,0.83019185,0.8276466,0.8441211,0.82967794,0.8393986,0.83823663,0.8473638,0.8414459,0.8461633,0.8334197,0.84509814,0.83799237,0.8319717,0.8375879,0.84171927,0.83139235,0.8287002,0.8539207,0.83237803,0.836529,0.83702356,0.8531219,0.833773,0.84495866,0.84169954,0.82400906,0.83088493,0.8395469,0.82729214,0.8477162,0.8299202,0.8397096,0.83981556,0.8376142,0.8352919,0.8384097,0.83213675,0.8318503,0.82584655,0.83532166,0.8336884,0.84416234,0.82236415,0.83672,0.8348483,0.84027094,0.8352342,0.83877164,0.84620744,0.8333781,0.8313912,0.84266126,0.8395596,0.85685116,0.83214635,0.8423448,0.8238143,0.8333068,0.8405036,0.84345317,0.84824824,0.8239288,0.8294804,0.8358646,0.84479964,0.83385706,0.8325192,0.83162034,0.8346447,0.8409357,0.8402623,0.8561736,0.83925503,0.8409004,0.82802767,0.8219445,0.84890574,0.84388304,0.83749235,0.8302641,0.8279464,0.82856137,0.8309002,0.84536535,0.82677937,0.8342699,0.8289885,0.8336072,0.84373003,0.8395811,0.83870786,0.82648724,0.82701814,0.8288013,0.8480131,0.8427972,0.8441393,0.83373076,0.83532363,0.84550375,0.84024954,0.83120155,0.8408691,0.83901346,0.83142734,0.84378,0.83048666,0.8372706,0.84415734,0.8275605,0.851964,0.83949065,0.8302122,0.8406273,0.8368269,0.83311987,0.8479718,0.8456173,0.82190305,0.8302383,0.8330226,0.822274,0.84840286,0.8273952,0.84180903,0.8398987,0.83496237,0.8454496,0.83274055,0.8418784,0.85257214,0.84619236,0.83399856,0.8454857,0.84214795,0.84248626,0.8285423,0.83910614,0.84229606,0.8337498,0.8233977,0.8389672,0.81494373,0.8330898,0.8398237,0.8429011,0.8481325,0.8415094,0.83156955,0.8436255,0.82770884,0.84211874,0.83545643,0.82966405,0.8345525,0.8084744,0.8282132,0.8300732,0.84486353,0.82127154,0.8310746,0.8315747,0.8402834,0.8330577,0.8425309,0.8554287,0.8350695,0.82475734,0.82615775,0.838598,0.84927267,0.8409128,0.842704,0.85003936,0.83943105,0.8275405,0.8426194,0.84051466,0.8442029,0.837172,0.8401519,0.8389074,0.8381826,0.8320132,0.8384413,0.8347019,0.83835405,0.83003014,0.8366388,0.8459358,0.8326235,0.83178437,0.8459169,0.8459176,0.83717203,0.83278847,0.84283024,0.83215946,0.83531713,0.8484676,0.82257205,0.8365709,0.8386738,0.8436166,0.8297083,0.832218,0.83780843,0.8307383,0.82898104,0.8401566,0.8359302,0.8384948,0.84097344,0.84090847,0.83478785,0.8356953,0.83367044,0.8401276,0.83732414,0.81675404,0.8293755,0.8449376,0.8371675,0.83296233,0.8434965,0.84667695,0.8448959,0.8382965,0.8419891,0.8407531,0.8318318,0.8421094,0.8270033,0.8290457,0.8438233,0.8368774,0.84142685,0.83213425,0.83843935,0.84522414,0.8438722,0.8273858,0.83256614,0.82591707,0.8366563,0.8258521,0.83238304,0.84483826,0.8421694,0.8193542,0.82625943,0.8295585,0.8322664,0.8438818,0.8540247,0.83651036,0.8514849,0.8371358
0.90548515,0.8907421,0.8992956,0.9132948,0.8648933,0.8809386,0.87969136,0.8958842,0.9017981,0.90882236,0.8857424,0.8852617,0.89726084,0.9008512,0.8982385,0.9016158,0.89573044,0.88164586,0.90347457,0.887117,0.90080154,0.8855103,0.89387006,0.8961632,0.9020658,0.88364446,0.8944783,0.8849043,0.8902429,0.89042044,0.88516194,0.903187,0.89443517,0.8692166,0.8992157,0.87603605,0.90326923,0.88622105,0.8938954,0.89000964,0.8946368,0.8902525,0.894396,0.8858287,0.8978909,0.8876928,0.8938846,0.8928065,0.88721746,0.8860992,0.9005075,0.88781655,0.8961444,0.88076484,0.8799661,0.8863855,0.892057,0.901305,0.8833387,0.8788962,0.8831264,0.90200526,0.8894865,0.9038738,0.88396984,0.88959414,0.8931358,0.8849596,0.90200025,0.8809684,0.8710923,0.8867671,0.88866186,0.9011298,0.8961947,0.8909899,0.8995591,0.8989778,0.8750685,0.89921117,0.8940322,0.87893987,0.8856919,0.8941989,0.9002542,0.8952598,0.89146924,0.8829322,0.87799436,0.8844904,0.8960684,0.88088775,0.87770504,0.8972519,0.8813127,0.8938222,0.90088344,0.8884388,0.8958212,0.9113898,0.8941887,0.88894874,0.89587903,0.89604235,0.8963673,0.87581843,0.8847207,0.8877808,0.891203,0.8864906,0.88573754,0.89165807,0.8800494,0.8845077,0.8876179,0.88950706,0.8781526,0.87334526,0.88401985,0.8929016,0.8936806,0.8839485,0.89858824,0.8784358,0.87525713,0.8947516,0.8826053,0.8978801,0.8789269,0.88093024,0.88870126,0.8870727,0.88405186,0.90586066,0.89442545,0.90083045,0.8937618,0.8991491,0.88953745,0.8954659,0.90016794,0.8978886,0.8963373,0.88759273,0.8860897,0.8913203,0.88743573,0.8732075,0.88470536,0.8948587,0.89444405,0.8900708,0.8813364,0.8905298,0.8951115,0.9087671,0.89107823,0.89173794,0.8950362,0.8832236,0.8806448,0.8959094,0.8988688,0.87683713,0.8803712,0.8791717,0.8911852,0.9023813,0.8810402,0.88789153,0.8877766,0.8869136,0.88183933,0.89383644,0.8831931,0.8598178,0.8854175,0.8802602,0.8845842,0.9035899,0.90631884,0.89803594,0.9010604,0.89303976,0.8898617,0.8903943,0.8803159,0.8926007,0.896815,0.9025461,0.89403814,0.9026075,0.87830216,0.89573675,0.88996863,0.8883813,0.89302737,0.899254,0.89146954,0.89526373,0.89772224,0.90426713,0.8830137,0.8852559,0.89648384,0.8873233,0.88949215,0.89408565,0.8850819,0.8913207,0.90044403,0.8791077,0.8936504,0.8998602,0.89512134,0.89975023,0.8994337,0.8870421,0.89198893,0.8942798,0.8932525,0.88891274,0.905065,0.8821353,0.8894535,0.8787283,0.89499307,0.8859857,0.8916892,0.87759423,0.8877595,0.8898694,0.8967522,0.89568114,0.89648855,0.8948727,0.88801324,0.907255,0.8872396,0.8800005,0.88491297,0.89709866,0.89040303,0.8951089,0.8879731,0.89671636,0.8950516,0.9024117,0.88821465,0.9053122,0.89329684,0.8940759,0.8963525,0.8851646,0.89590377,0.9015169,0.8869637,0.89592516,0.89139587,0.8913659,0.8990145,0.89679044,0.8931893,0.89804745,0.8872575,0.9047494,0.8754691,0.9019792,0.87937385,0.88333744,0.88771135,0.89039886,0.90386844,0.8905391,0.90055716,0.8903802,0.8866425,0.90001893,0.89040804,0.8993005,0.90208596,0.88067424,0.8910429,0.89543575,0.8733273,0.90353864,0.90727884,0.88735926,0.8792987,0.8918464,0.8991397,0.8843368,0.89342105,0.88969713,0.9007673,0.8906138,0.8897532,0.8927237,0.8985823,0.8921066,0.88740385,0.88515806,0.88025033,0.8955156,0.904398,0.8890605,0.911432,0.90243727,0.8895759,0.9017824,0.887568,0.8749656,0.8796985,0.8873426,0.8927358,0.88662624,0.8873362,0.8924808,0.9076767,0.90369135,0.89157903,0.89627934,0.8945554,0.90346587,0.89714664,0.89189726,0.88741344,0.8889065,0.8939433,0.888015,0.89372426,0.8965141,0.89668256,0.8983797,0.88254344,0.88762194,0.89723605,0.89128244,0.88315505,0.87947065,0.8982679,0.9082105,0.8870005,0.87888455,0.9114996,0.88619,0.87717825,0.9031261,0.8940364,0.89584726,0.8986595,0.8640869,0.8834174,0.8800037,0.9010038,0.9036636,0.8859611,0.89500034,0.87875473,0.88371104,0.88944227,0.907748,0.8821784,0.8864304,0.8901429,0.8913014,0.8859401,0.88990223,0.90174884,0.9017309,0.8985525,0.8834401,0.89717436,0.90555847,0.87374365,0.88420933,0.89943445,0.8945844,0.88161945,0.8871131,0.89170885,0.89196223,0.8874684,0.8967862,0.8986366,0.88986754,0.89490485,0.8959852,0.88170147,0.8947553,0.8922014,0.8948095,0.8830841,0.88294923,0.8967465,0.8898816,0.9032569,0.9027332,0.8979797,0.8836659,0.8845118,0.88066906,0.8824443,0.9028122,0.8828083,0.8894904,0.88376516,0.88317347,0.88645816,0.87884086,0.89474785,0.8897006,0.90954965,0.89099646,0.89502543,0.90017045,0.8772987,0.89558744,0.8874798,0.89140606,0.892066,0.8869259,0.9087387,0.89305925,0.8907396,0.89248663,0.89190817,0.89326066,0.8860627,0.897694,0.8906177,0.89647084,0.8856544,0.9007958,0.8897964,0.8862892,0.8885785,0.8997477,0.89646935,0.8946489,0.89851874,0.887063,0.88313144,0.8954938,0.89456826,0.89360607,0.8818219,0.8776291,0.8929398,0.88497627,0.8940126,0.8954145,0.8818592,0.8974913,0.8966078,0.8902528,0.89476776,0.88728464,0.913028,0.8868602,0.88150424,0.89642924,0.9163483,0.8848458,0.8947406,0.88959634,0.871659,0.8919442,0.86860293,0.901188,0.8957038,0.9019216,0.90432984,0.8721585,0.9045628,0.9050813,0.8909357,0.8915626,0.8869963,0.89160895,0.8890077,0.8885564,0.8781677,0.8942024,0.8996028,0.89700824,0.89797026,0.8984761,0.88641036,0.88700217,0.88363606,0.8942718,0.8908312,0.89342475,0.8979719,0.9012926,0.888731,0.8868355,0.9064983,0.8850236,0.8938857,0.88466763,0.90772873,0.88863045,0.891546,0.89108795,0.8893979,0.88889843,0.88090277,0.88223916,0.893198,0.87943375,0.8962872,0.9120459,0.8734494,0.8853557,0.89227724,0.8850412,0.88260067,0.8958265,0.8841584,0.88400817,0.88894343,0.89025235,0.896836,0.8905116,0.880928,0.8939742,0.8970774,0.90640306,0.9036594,0.889818,0.8715997,0.895692,0.8761703,0.8803083,0.88971454,0.8895396,0.89226437,0.8757549,0.89188486,0.8887424,0.894061,0.8920672,0.906497,0.8920374,0.89189196,0.896645,0.88086784,0.89684963,0.8908475,0.8917117,0.89746773,0.90215975,0.8883499,0.9023906,0.9028531,0.9038669,0.89169925,0.89150816,0.88962907,0.89356136,0.8913761,0.88439286,0.8979376,0.89155585,0.8835634,0.88562965,0.89947057,0.8784096,0.8839322,0.901258,0.89696616,0.9046528,0.8917683,0.89129984,0.8878958,0.8948519,0.90016687,0.880131,0.89668673,0.88427585,0.8874208,0.8816345,0.8986777,0.8971236,0.9016838,0.8908255,0.8904847,0.8905286,0.889002,0.8987174,0.8879002,0.8796225,0.89633584,0.89377004,0.87992275,0.89330417,0.8862224,0.8961144,0.89168,0.90360016,0.8951231,0.88289547,0.9082401,0.88329643,0.87258255,0.8916878,0.8867511,0.8908823,0.8922664,0.89776486,0.9070196,0.8941037,0.8794592,0.8787908,0.89289343,0.889748,0.87516636,0.89404833,0.8944207,0.8890117,0.88749325,0.8747825,0.8930328,0.8823827,0.89382464,0.90193397,0.89693874,0.8821676,0.8921915,0.8854114,0.8873201,0.87761015,0.885713,0.88052267,0.9048771,0.88334596,0.8681166,0.88187456,0.88880366,0.890415,0.89287233,0.891661,0.8779133,0.8995008,0.890254,0.89346313,0.89477354,0.89442015,0.8890123,0.8931482,0.89512676,0.89197004,0.8901332,0.898954,0.8890824,0.8920378,0.8820375,0.89225173,0.9008327,0.9003978,0.8994194,0.89108247,0.90280604,0.8865406,0.89546376,0.89305866,0.8937891,0.9149977,0.89135545,0.88056445,0.89635247,0.88900006,0.89466435,0.88980395,0.9032629,0.8746821,0.8838163,0.87649053,0.90646863,0.8946975,0.90710616,0.8989476,0.889211,0.89142996,0.8875443,0.8982737,0.88484097,0.8946561,0.8928281,0.8882784,0.8799095,0.9060056,0.9068758,0.8728827,0.9005204,0.90386367,0.8793564,0.87906337,0.88943624,0.8969141,0.8922101,0.90597194,0.90069044,0.8980676,0.8806901,0.8776447,0.90482384,0.88235694,0.88903826,0.89505184,0.88069904,0.8823295,0.8979709,0.8853736,0.8990342,0.898452,0.8925028,0.9018521,0.88133705,0.89941496,0.90650105,0.8908398,0.8974527,0.8877557,0.8792843,0.9058776,0.89413553,0.8929748,0.91627526,0.8819354,0.897983,0.8817288,0.86432934,0.9000455,0.896562,0.8774886,0.890746,0.9011847,0.89437425,0.89817476,0.9019337,0.88155943,0.8923131,0.8791208,0.88615453,0.88266826,0.89191824,0.896975,0.8949516,0.88762194,0.9006437,0.89133644,0.8992065,0.89055395,0.8798213,0.87958485,0.89922875,0.90394354,0.9017281,0.89643365,0.90295774,0.89844424,0.8903023,0.884961,0.9161309,0.87831515,0.88380194,0.88884646,0.89900327,0.9058975,0.8917345,0.8942085,0.8882819,0.88548756,0.8850691,0.8851015,0.8771054,0.8986714,0.8774153,0.89641315,0.88058996,0.8956139,0.8743481,0.90179586,0.88984895,0.8921744,0.8871491,0.8946059,0.9038705,0.89358234,0.883056,0.9043927,0.90247905,0.8950683,0.88666487,0.8938399,0.8817265,0.8897239,0.90047,0.89786696,0.8876575,0.8890064,0.8874187,0.89311385,0.89297426,0.896158,0.9038483,0.9034628,0.8868589,0.8817253,0.90464586,0.90982574,0.8875599,0.91230106,0.87736934,0.89076436,0.9064479,0.90229106,0.89391756,0.8958934,0.8827039,0.8837476,0.8829642,0.8866321,0.88046956,0.9051946,0.8903375,0.8881125,0.8877242,0.8953328,0.8899837,0.89415485,0.89110553,0.88716716,0.89373904,0.88722104,0.8926802,0.8970732,0.87543625,0.8800769,0.9139543,0.88217896,0.88716066,0.89600456,0.8960471,0.8966788,0.8827866,0.88880104,0.884523,0.9069729,0.89520985,0.899177,0.8773748,0.8924671,0.900864,0.8936446,0.9043099,0.89318985,0.8965799,0.8754103,0.905198,0.8906872,0.9065714,0.8890801,0.88614714,0.8827944,0.8938706,0.89923775,0.8825858,0.89299375,0.8985055,0.8986714,0.89521456,0.89626396,0.9077165,0.8900347,0.9025885,0.8966522,0.90371966,0.88690764,0.8887918,0.8897577,0.8852806,0.8939034,0.8823594,0.8956134,0.9185834,0.89007396,0.8722948,0.89239556,0.8747575,0.8974159,0.88558495,0.8938769,0.8921114,0.8788801,0.8886546,0.89791346,0.9003348,0.8919445,0.8877261,0.8934057,0.88974404,0.89058197,0.8925127,0.8906007,0.88451403,0.8900498,0.8953648,0.8969775,0.89126635,0.9067893,0.90262204,0.89191943,0.8808532,0.8813687,0.89859205,0.88840103,0.90283614,0.9075602,0.88720596,0.89589477,0.8801258,0.88166696,0.8926101,0.8872111,0.8852208,0.87931955,0.8796949,0.89121526,0.8927091,0.8815695,0.9053958,0.895707,0.89978,0.8897116,0.89611185,0.89112884,0.88283795,0.8999733,0.8881432,0.8852526,0.9038095,0.8935619,0.8756754,0.89242876,0.8915665,0.88807756,0.88398963,0.89638424,0.89615005,0.8883954,0.89914393,0.89944804,0.8801843,0.89552027,0.893662,0.8853949,0.9011167,0.8823595,0.87041664,0.9010591,0.8992926,0.89211345,0.89830446,0.8938486,0.89487666,0.89563143,0.8915519,0.88875365,0.8931422,0.8851072,0.89696586,0.8973769,0.8837389,0.8911868,0.9014067,0.8892734,0.8960028,0.8894303,0.9035996,0.8846756,0.8897416,0.8906409,0.8835666,0.8833849,0.88729566,0.8826072,0.8826254,0.8811079,0.8931203,0.8947298,0.8794867,0.8928972,0.8952244,0.8971823,0.8852421,0.902056
1.2183449,1.2127215,1.2207332,1.225553,1.2165675,1.2272409,1.2179654,1.2239342,1.2219857,1.2195421,1.2249717,1.2277406,1.2289326,1.2349524,1.2265768,1.2324854,1.2384586,1.2245221,1.2265289,1.2171551,1.2165769,1.2185864,1.219501,1.2340468,1.2189463,1.2276205,1.2325727,1.2230219,1.236376,1.2479078,1.2329544,1.2151881,1.2077491,1.2296686,1.2165619,1.226651,1.2279428,1.2259059,1.2346915,1.2276537,1.2401237,1.2242619,1.2256838,1.2222492,1.2331545,1.2146924,1.219411,1.22403,1.2102544,1.2313268,1.238699,1.2225672,1.2258681,1.2251111,1.2297539,1.2167399,1.2235901,1.2167556,1.232027,1.2164897,1.2316262,1.2325151,1.2221415,1.2226971,1.2386527,1.2188956,1.2280773,1.2232931,1.224814,1.2321484,1.237129,1.2324152,1.2209158,1.2301358,1.2304139,1.2163765,1.23553,1.2280891,1.2389635,1.2387005,1.2290976,1.2259482,1.2364846,1.2293481,1.2178293,1.2208031,1.2124981,1.215633,1.2207881,1.2253667,1.2236364,1.2040159,1.2233261,1.2289704,1.2120948,1.2205245,1.2304623,1.2410756,1.2254831,1.2276628,1.2215782,1.2335657,1.2243391,1.2229991,1.2197675,1.2261975,1.2237074,1.2268225,1.2180768,1.2309765,1.215488,1.2158871,1.2301567,1.2267909,1.2085716,1.2124703,1.2241945,1.2094551,1.2208853,1.2320288,1.2110949,1.2203608,1.2212334,1.2085232,1.2254517,1.2269676,1.2063987,1.240827,1.230486,1.2238383,1.2180346,1.2270445,1.2221378,1.223748,1.2265928,1.230979,1.2384753,1.2123636,1.2217449,1.2182099,1.2232387,1.2287292,1.2168742,1.2178419,1.2158884,1.2280768,1.21702,1.2272993,1.2284976,1.2280017,1.2209003,1.2234015,1.2263179,1.2252582,1.2256436,1.2230691,1.2147024,1.2280855,1.2288759,1.2150298,1.2180306,1.22444,1.2155211,1.2165806,1.2243565,1.2325159,1.2301737,1.220887,1.2081796,1.2149708,1.2259398,1.2209244,1.2247322,1.2319348,1.2407424,1.2209888,1.2258055,1.2139463,1.218379,1.2135024,1.2187027,1.2247633,1.2294657,1.2313114,1.2218318,1.2149897,1.2087089,1.2307599,1.2246265,1.2074968,1.2311039,1.2252507,1.2195159,1.2256141,1.2133849,1.2136489,1.2091975,1.2298164,1.2245239,1.2227141,1.2218288,1.215601,1.205961,1.2157507,1.212601,1.2281531,1.223555,1.2178715,1.2215376,1.2153152,1.2203219,1.2113875,1.2180756,1.2334492,1.2149552,1.2209214,1.2184539,1.2160174,1.2126906,1.2306991,1.2214329,1.2179462,1.2178084,1.227575,1.2275696,1.2211246,1.2245573,1.2187772,1.2245162,1.2328681,1.2177553,1.2278116,1.2307042,1.2133499,1.2296811,1.2082661,1.2164667,1.2296083,1.2232484,1.2395343,1.222679,1.2296146,1.2283057,1.2282811,1.223874,1.2253838,1.2123349,1.2201302,1.2363559,1.2265413,1.2131699,1.2411156,1.2196743,1.2334259,1.2112112,1.2219143,1.2348009,1.2397261,1.2234526,1.2263923,1.2331475,1.2148265,1.2081678,1.2332696,1.2277398,1.2360582,1.2255672,1.2279937,1.2344109,1.2113161,1.2326478,1.2171416,1.206509,1.2221962,1.2214942,1.2236627,1.2193943,1.2115653,1.2201941,1.2173393,1.2434591,1.2161454,1.2100742,1.2181191,1.2165943,1.2247839,1.2282019,1.2179534,1.2395539,1.2146976,1.220391,1.2181044,1.2173257,1.2294543,1.2201657,1.2293247,1.2142887,1.2296089,1.2267345,1.2150723,1.2457119,1.2169293,1.2273873,1.2227339,1.2094842,1.2335311,1.2381195,1.2225163,1.2241389,1.2256092,1.2302893,1.224357,1.2344434,1.2109101,1.2304643,1.2105694,1.2180643,1.2360948,1.2243564,1.23508,1.2317379,1.2182873,1.2314241,1.2242224,1.2297114,1.2306238,1.2145606,1.2335442,1.2189928,1.2137244,1.2279128,1.2154531,1.2186996,1.2189025,1.2305363,1.2243394,1.237599,1.2218968,1.2129017,1.2097545,1.23926,1.2151175,1.2204962,1.2248564,1.2339442,1.2342485,1.2241532,1.2301619,1.2219402,1.2166063,1.2294612,1.2357095,1.2292011,1.2299366,1.2304063,1.2144034,1.2279081,1.229024,1.232419,1.2103649,1.2362094,1.2184703,1.2280772,1.2172878,1.217023,1.2217728,1.2340943,1.2227453,1.220303,1.2269981,1.227237,1.2232907,1.2256186,1.2226899,1.2308131,1.2139083,1.2229322,1.225982,1.2277459,1.2132161,1.2087965,1.2281109,1.236571,1.22236,1.223973,1.2186854,1.2259545,1.2192769,1.2098291,1.2152112,1.2299742,1.2258705,1.225047,1.2193501,1.2264607,1.2312136,1.21561,1.227832,1.2170193,1.225427,1.2332418,1.2112576,1.2182295,1.2260075,1.2149379,1.2356652,1.208079,1.2247823,1.20542,1.2341062,1.2268012,1.2366922,1.2213529,1.2113854,1.2229642,1.2415664,1.2220154,1.2059013,1.2331567,1.2246842,1.2351482,1.230056,1.2263566,1.2230177,1.2361552,1.228936,1.2089397,1.2156674,1.2298094,1.2230381,1.2171639,1.2230691,1.2319921,1.2084744,1.2268941,1.2216315,1.2257808,1.2326798,1.222338,1.2186007,1.2163607,1.2167846,1.2168063,1.2272756,1.211991,1.2161969,1.2257614,1.2282239,1.2294552,1.2239865,1.2192627,1.2363026,1.2260711,1.2253559,1.2262137,1.2247847,1.2257684,1.2164335,1.2217684,1.2251904,1.2304939,1.2313187,1.218564,1.2177901,1.2253556,1.2212406,1.2275636,1.2235452,1.2348645,1.2282838,1.2266496,1.2039677,1.2341118,1.2219317,1.2195978,1.2333703,1.2181621,1.2280087,1.2227759,1.2300949,1.2352152,1.2398663,1.2233585,1.2190961,1.2332323,1.2457339,1.218626,1.2213938,1.2318029,1.2274772,1.2185825,1.2203448,1.2192746,1.224173,1.2146492,1.2266831,1.2288775,1.2235128,1.2205161,1.2267765,1.2209859,1.2222329,1.2358203,1.2393879,1.210181,1.2262218,1.229668,1.2242965,1.2269127,1.226231,1.229167,1.225947,1.2182353,1.223921,1.2189553,1.2203678,1.2209488,1.2166998,1.2199271,1.2299045,1.2145458,1.2183217,1.231693,1.2169037,1.2288896,1.2137717,1.2228104,1.2188113,1.2299193,1.2316376,1.227221,1.2219265,1.2237544,1.2215085,1.21906,1.2297384,1.2097309,1.2282425,1.2278554,1.2225027,1.2167956,1.2248583,1.2146733,1.204328,1.2213683,1.2318022,1.2308851,1.2175425,1.2317559,1.2232108,1.2174332,1.2296715,1.2250754,1.2273307,1.2290232,1.2202649,1.2219548,1.2236569,1.2261646,1.2416476,1.2186683,1.2256918,1.2296615,1.2080787,1.2248945,1.2308586,1.2257723,1.2397779,1.2138649,1.2184858,1.2329166,1.2105135,1.2278717,1.2277689,1.2253054,1.227196,1.2320031,1.230367,1.2324128,1.2245151,1.2110789,1.2273152,1.218629,1.2136743,1.2321365,1.2178717,1.2250226,1.2221212,1.2326566,1.2201626,1.2358927,1.2226342,1.2067838,1.2068485,1.224874,1.2196451,1.2320416,1.2308145,1.2243854,1.2349111,1.2290751,1.2081306,1.2364311,1.2357194,1.2251855,1.2253063,1.2196422,1.2268194,1.2166735,1.2114416,1.2243654,1.2163886,1.2326242,1.2279972,1.2263715,1.220949,1.2105654,1.233033,1.2192359,1.227011,1.223305,1.2227257,1.2242464,1.2227968,1.2151405,1.2285205,1.20393,1.208718,1.2127186,1.2155645,1.2111658,1.2339623,1.2076349,1.2393501,1.2192473,1.2126242,1.2338403,1.2164797,1.2221209,1.2105029,1.2225686,1.211884,1.2226751,1.210028,1.2166991,1.2367105,1.2307788,1.2263646,1.2291856,1.2241898,1.2307088,1.2267532,1.2240007,1.2208672,1.2318761,1.2243166,1.2131472,1.226003,1.2259802,1.2222211,1.2327288,1.2256588,1.223154,1.2191381,1.2350982,1.2248185,1.211592,1.2299849,1.2383293,1.2103832,1.2175525,1.2225606,1.2226229,1.2257999,1.2369312,1.2300756,1.226606,1.2279274,1.2283058,1.2308662,1.2271197,1.2302064,1.2202705,1.2286774,1.229295,1.2254782,1.2262543,1.2106733,1.2179654,1.2312602,1.2259994,1.219333,1.2196583,1.2426609,1.2240244,1.2305945,1.2328771,1.2354201,1.2289605,1.2263278,1.2273401,1.2180958,1.224848,1.2229575,1.2423834,1.2297915,1.2253392,1.2214788,1.2281898,1.216373,1.2211124,1.222331,1.226468,1.2390236,1.2168837,1.2357299,1.2325711,1.2225553,1.2369727,1.2156621,1.216836,1.2163209,1.2175943,1.2306517,1.2196906,1.211506,1.2326835,1.231134,1.2301644,1.2273437,1.21598,1.229418,1.2348754,1.2249634,1.2267573,1.2188983,1.233492,1.2267112,1.2111125,1.23696,1.2204536,1.212265,1.2168576,1.2341199,1.2318139,1.2202466,1.2235732,1.2312422,1.2363158,1.2205058,1.2190052,1.2194928,1.228181,1.2207302,1.1956581,1.2250283,1.2285804,1.2212913,1.2239766,1.2330042,1.229872,1.2194465,1.2328647,1.2159287,1.210671,1.2170413,1.2167116,1.2186438,1.2290347,1.2190971,1.2184058,1.2332785,1.2416468,1.2163665,1.2260301,1.2282013,1.2212988,1.2359412,1.2326303,1.220471,1.2185265,1.2207295,1.2328826,1.2285987,1.2263559,1.2239152,1.2368352,1.2182757,1.2291715,1.2266765,1.2261257,1.2163825,1.227454,1.230343,1.2225672,1.2244052,1.2266592,1.2202195,1.2167593,1.2156632,1.2297732,1.2232835,1.2150255,1.2159499,1.2378961,1.2094474,1.2218292,1.2145345,1.2180188,1.223552,1.2164009,1.2127159,1.2209827,1.2247242,1.2263482,1.2223492,1.2389064,1.2195616,1.229504,1.2258096,1.2221259,1.2364981,1.2289155,1.2207098,1.2241172,1.2264972,1.2214836,1.222091,1.2228239,1.23373,1.2369249,1.215821,1.2247422,1.2305101,1.222284,1.218017,1.2159024,1.2103286,1.2226809,1.214712,1.2265873,1.2276775,1.2406435,1.213988,1.2312698,1.2187265,1.2190945,1.2227124,1.2235409,1.2344978,1.2263384,1.2215946,1.219023,1.2216105,1.2209514,1.2278438,1.2215955,1.2333616,1.219525,1.2156092,1.2304082,1.2201757,1.2278937,1.214743,1.2310271,1.2122939,1.2284231,1.233924,1.2402042,1.2259376,1.2308761,1.2092865,1.2230607,1.2135828,1.221843,1.204801,1.2291805,1.225218,1.239715,1.2211925,1.2245301,1.2259877,1.2132045,1.2341006,1.2301028,1.2178284,1.2232326,1.2178221,1.2234905,1.2278409,1.2216784,1.2352779,1.2205704,1.2208228,1.2065496,1.2189438,1.2220207,1.223124,1.235955,1.2271229,1.2377323,1.22481,1.2225434,1.2255955,1.220924,1.2272809,1.2214468,1.2163714,1.2255324,1.2198708,1.2217139,1.2234586,1.228581,1.2150167,1.211337,1.2273567,1.241239,1.22031,1.2261269,1.2272317,1.2171352,1.2279044,1.2267497,1.2292405,1.2202953,1.223522,1.2232649,1.2231164,1.2340783,1.2182865,1.215823,1.2278949,1.2232015,1.2174184,1.2190229,1.2268373,1.2224301,1.229528,1.2310019,1.2273264,1.2181356,1.233024,1.2309861,1.216462,1.2412332,1.2343571,1.214902,1.2245071,1.2240441,1.2218361,1.2234358,1.2141155,1.2245712,1.2183529,1.220968,1.2315286,1.2214195,1.2247078,1.2366747,1.2267461,1.2413038,1.2159243,1.2295849,1.2369186,1.212589,1.2149814,1.2358879,1.2123578,1.2220815,1.2286611,1.231814,1.224993,1.2294412,1.2526318,1.2181873,1.2348828,1.2276502,1.2110271,1.2262423,1.2178164,1.2246257,1.2199826,1.2149618,1.22473,1.2261705,1.2211418,1.2231392,1.2218082,1.2096652,1.2233101,1.224354,1.220863,1.2373992,1.2285744,1.2189724,1.2306601,1.2223235,1.2417357,1.2289534,1.2139108
0.114154845,0.11452664,0.098151855,0.1095499,0.11014632,0.106141396,0.1078769,0.1154786,0.119667746,0.11359353,0.11656678,0.11389652,0.11769845,0.110653564,0.11377384,0.11208302,0.13127144,0.10196091,0.10916233,0.10891615,0.11669628,0.119756795,0.10918051,0.10839793,0.11674929,0.112988636,0.113237016,0.09598533,0.11338104,0.10340511,0.112391934,0.12181635,0.10614013,0.108338326,0.11640264,0.10261292,0.10658352,0.10699705,0.1058303,0.11710537,0.11425982,0.11865989,0.11179375,0.106003396,0.11325901,0.10591899,0.123632714,0.109018005,0.12273269,0.10685003,0.11238704,0.117210016,0.1241131,0.10929248,0.11245051,0.11505108,0.1127939,0.11963483,0.107687205,0.09552324,0.122229606,0.11652452,0.112114795,0.12592831,0.10584532,0.11402559,0.12513764,0.12545548,0.10727624,0.10463544,0.1023941,0.10929871,0.10375288,0.11486549,0.1279927,0.11514302,0.112769164,0.093018696,0.11733734,0.119535595,0.10517345,0.103739485,0.113073245,0.119546026,0.13645682,0.10359556,0.10558012,0.10778522,0.12404156,0.100870684,0.113729864,0.116917305,0.11890846,0.11279401,0.109456256,0.11106919,0.116821334,0.112148896,0.12095133,0.111291975,0.10827874,0.12335581,0.116438635,0.118158445,0.12270027,0.13368063,0.11502599,0.098619044,0.12215918,0.11704886,0.12352397,0.11865408,0.118756644,0.10861383,0.11547434,0.11230258,0.11419075,0.12380513,0.12897189,0.11427796,0.111958236,0.125321,0.11339858,0.11933381,0.10154151,0.11292614,0.101115346,0.11163567,0.10404013,0.11178887,0.1301005,0.110575885,0.11651404,0.13008283,0.11140819,0.11688309,0.12074476,0.11880744,0.10663681,0.13620569,0.10138506,0.12000261,0.11178093,0.11047491,0.11095642,0.11306125,0.1124776,0.104359925,0.111594304,0.10873618,0.12675479,0.11446301,0.124069095,0.10563786,0.12067096,0.118558556,0.122382216,0.107943594,0.111181214,0.1178456,0.12644894,0.12573688,0.1192905,0.12648308,0.103590876,0.115828186,0.11236639,0.13177425,0.12378201,0.11251566,0.10381699,0.11820755,0.11972018,0.12078166,0.10195157,0.1128726,0.12384044,0.109961465,0.1218929,0.11549327,0.11122519,0.107286304,0.1095078,0.107426256,0.10715035,0.114267424,0.12790796,0.11799659,0.11660648,0.10999164,0.11355026,0.10984943,0.11078063,0.12419,0.11568886,0.11438358,0.13037935,0.11649693,0.10838896,0.11199008,0.1127484,0.12505892,0.1156789,0.12371159,0.11156378,0.11130829,0.112311095,0.123590894,0.115896225,0.11600813,0.104528986,0.111975014,0.11565341,0.104801506,0.116763294,0.11359013,0.10707273,0.10677469,0.111436166,0.10958053,0.11166856,0.120301485,0.10402759,0.10875206,0.110429645,0.11541389,0.11563101,0.11404985,0.11816989,0.11746403,0.11520188,0.122460164,0.1242744,0.11300698,0.11948656,0.122952156,0.11307246,0.100126535,0.1124034,0.12425416,0.106359735,0.11670056,0.10120939,0.11309108,0.10981147,0.11357332,0.11471109,0.10751611,0.11069227,0.114543736,0.12062658,0.10927827,0.107681796,0.11282584,0.10646127,0.109148,0.11802223,0.11545296,0.1178133,0.12860812,0.122274294,0.099181235,0.12023316,0.12993096,0.12861496,0.11621073,0.11261494,0.10693259,0.106754094,0.117256016,0.11844072,0.11378926,0.13023831,0.10258934,0.11263026,0.10349398,0.10999645,0.11293575,0.120214835,0.11669484,0.10632652,0.113643944,0.113270804,0.10512978,0.110301636,0.10760793,0.1225208,0.10572721,0.115110815,0.1285063,0.12487436,0.11897799,0.1164926,0.12047011,0.13515471,0.11016371,0.11565576,0.11327547,0.11524322,0.10706588,0.12201543,0.120807335,0.12668303,0.11944541,0.113429636,0.11441468,0.12210949,0.11743614,0.103157714,0.124204874,0.120963946,0.11849266,0.109046705,0.12705828,0.12950888,0.11085731,0.11655363,0.114194535,0.113281436,0.11568539,0.11213279,0.12002438,0.12437063,0.11436068,0.10770225,0.12444827,0.11230822,0.11935851,0.1242352,0.11231552,0.1250675,0.119008705,0.11455577,0.11696459,0.108711295,0.103075065,0.107727416,0.12255332,0.13138096,0.10583344,0.112757735,0.113909334,0.11459613,0.11332649,0.10747698,0.12039086,0.113911465,0.11818272,0.117026635,0.11713804,0.11311263,0.12441335,0.10437697,0.12069417,0.10896826,0.110226616,0.12541707,0.122817844,0.11651662,0.12770699,0.112596124,0.11917448,0.10539786,0.11519722,0.119521126,0.11986164,0.11413507,0.11736867,0.10705076,0.12453609,0.1287681,0.11790336,0.102122106,0.122894034,0.12247337,0.11746119,0.12140757,0.12053407,0.10614834,0.10885911,0.10777731,0.106603496,0.10980534,0.10811237,0.11340653,0.11962903,0.11086184,0.12451804,0.106520884,0.112042256,0.113162726,0.100475654,0.09515381,0.11051231,0.11369531,0.11134909,0.11919736,0.1175866,0.11832888,0.108777806,0.10645616,0.123048775,0.10529742,0.10842785,0.10765988,0.099706955,0.10149235,0.10307562,0.1236132,0.121562704,0.11157037,0.11786627,0.119243704,0.10990938,0.10431621,0.13087244,0.106517546,0.12748891,0.10058295,0.11911187,0.1123028,0.11225454,0.11494652,0.104166865,0.11353424,0.11693701,0.1121349,0.12027001,0.12433883,0.110621005,0.12785134,0.10905439,0.1004276,0.11360428,0.13140562,0.12027798,0.11512848,0.11434389,0.10755207,0.11639676,0.11591967,0.122562364,0.10295029,0.117513575,0.11900362,0.10256044,0.114141144,0.12800434,0.123217955,0.1027291,0.10858125,0.11588674,0.10708544,0.11651357,0.10560049,0.10941361,0.115187064,0.11748493,0.110287316,0.122610435,0.12161768,0.10671171,0.11117943,0.116362005,0.1284339,0.11679203,0.10867419,0.11450982,0.11689088,0.11874581,0.10525063,0.114012316,0.118966505,0.09791806,0.11454589,0.11550299,0.1277735,0.12349126,0.11427223,0.1244545,0.10440147,0.09903538,0.11131207,0.114671916,0.12004975,0.12005077,0.11423619,0.12589088,0.105272844,0.11884261,0.11136995,0.118728034,0.11635579,0.11275328,0.11913443,0.117787406,0.114348926,0.11814541,0.13162056,0.11023235,0.10170692,0.09865324,0.106872156,0.10279282,0.12207758,0.10875837,0.11217423,0.11811841,0.093759485,0.11027138,0.11948726,0.112015635,0.11389039,0.12491487,0.1132853,0.11819384,0.11316892,0.10864377,0.11264099,0.11355881,0.11708364,0.104982354,0.109650746,0.11373963,0.11615759,0.11221045,0.10603843,0.11426148,0.11155413,0.119329855,0.11777958,0.09809943,0.1137993,0.11825447,0.122101985,0.106057845,0.12248231,0.11710485,0.1114144,0.10865008,0.12035158,0.1103107,0.11873901,0.11890995,0.100658886,0.12965874,0.11302087,0.12124352,0.09882553,0.1097172,0.120857544,0.117475465,0.11921088,0.10786529,0.1097836,0.106550165,0.11721432,0.116204105,0.11580634,0.11246428,0.11123501,0.123001486,0.12831597,0.1129221,0.1230807,0.121078916,0.11103098,0.11777398,0.11018382,0.103281856,0.11684084,0.12608229,0.11647848,0.12582937,0.111909255,0.11508998,0.12482294,0.11783479,0.11450326,0.0945298,0.12408274,0.11827404,0.1173581,0.12236292,0.09787966,0.12397791,0.116451636,0.114889905,0.12904167,0.12681565,0.11793141,0.12168613,0.12026335,0.11240572,0.119913936,0.12081309,0.111966476,0.105263844,0.11592507,0.10867864,0.11542833,0.12540394,0.12172463,0.106610075,0.10490619,0.109694324,0.12213193,0.13750455,0.118390374,0.123890646,0.124678805,0.10845095,0.11152469,0.11893912,0.10772407,0.10724401,0.1182288,0.11604336,0.091200896,0.11972153,0.1167628,0.12196281,0.10036571,0.11702585,0.11905105,0.118119836,0.12059708,0.12635532,0.12097203,0.109942876,0.12011587,0.10596662,0.11077511,0.113979265,0.117072456,0.10539764,0.10399505,0.11703699,0.10855083,0.11455197,0.114881724,0.12747893,0.11375142,0.108719945,0.1191525,0.11825286,0.1089426,0.11073258,0.12123701,0.123794556,0.11244423,0.11088968,0.11244006,0.11569698,0.1117615,0.12230265,0.10795893,0.12907691,0.12032028,0.10916525,0.11821482,0.119965464,0.11487334,0.11602462,0.11031775,0.1030106,0.11115546,0.11199664,0.11477223,0.10860701,0.11383972,0.10354541,0.11481233,0.10948369,0.11262068,0.11241774,0.128748,0.1052865,0.11175515,0.109589726,0.120513424,0.112791985,0.12207754,0.09835766,0.109168835,0.11804043,0.11296095,0.1187453,0.12676653,0.11550106,0.12444977,0.10560624,0.09638607,0.118312135,0.11264208,0.10808475,0.11516744,0.1062537,0.09494624,0.113441385,0.108884946,0.11386163,0.12273984,0.12364054,0.118945226,0.10310613,0.117061675,0.12527378,0.117038414,0.11386574,0.10665616,0.12155679,0.11780631,0.09814451,0.124879375,0.11137547,0.11201958,0.110920444,0.124645874,0.12027949,0.10273209,0.13172746,0.11942104,0.112501755,0.114640184,0.1168471,0.11965881,0.11743349,0.11554271,0.10959019,0.12235185,0.10041444,0.11399356,0.116300195,0.104180224,0.12472475,0.11409068,0.10160693,0.10621362,0.11474948,0.11934349,0.10859795,0.115213454,0.13852912,0.12303303,0.11069042,0.102376714,0.11689487,0.11333827,0.12342237,0.1158645,0.107225984,0.12033799,0.11579347,0.115043424,0.11291084,0.1272256,0.1044052,0.11051726,0.10641292,0.12839991,0.111607336,0.11878089,0.120896235,0.10991399,0.1192435,0.1203229,0.1209971,0.11403974,0.11980038,0.11082356,0.11797295,0.11435077,0.10861409,0.109290496,0.11436705,0.11503717,0.11018859,0.11694297,0.10645003,0.1097644,0.116586074,0.112579785,0.1260188,0.12394455,0.1335411,0.11361777,0.12321502,0.11986634,0.09856,0.112973146,0.11989052,0.11775836,0.11228004,0.1301665,0.11088887,0.12221062,0.10856117,0.09773813,0.12160479,0.12259202,0.11684212,0.12655747,0.12153468,0.110365316,0.10780451,0.11928903,0.11443256,0.12595792,0.12591219,0.11860949,0.113983996,0.10959011,0.117706135,0.12074275,0.11517822,0.10366696,0.12042893,0.11067126,0.10955978,0.117709905,0.122871436,0.10757235,0.09838791,0.1136176,0.11010718,0.11803363,0.112790115,0.12006715,0.106046125,0.13031176,0.11252712,0.1220855,0.11489431,0.12973906,0.11955488,0.10824554,0.12672538,0.10290831,0.11163755,0.11054303,0.10237224,0.12258133,0.117732346,0.12017271,0.122578226,0.11722513,0.11369237,0.11366031,0.119646534,0.121689275,0.114250004,0.10187116,0.121166654,0.0981552,0.108151235,0.11826858,0.10513142,0.108703,0.13030937,0.11520721,0.11657272,0.12920283,0.113672,0.124270655,0.1106226,0.11661826,0.11302741,0.12226697,0.10418808,0.11176388,0.12030603,0.10444969,0.12137298,0.106698774,0.11164734,0.11526691,0.10396077,0.12276464,0.11773608,0.10645321,0.108873,0.11293218,0.11715599,0.098681144,0.10328683,0.099468105,0.11491116,0.12045558,0.118166156,0.112852864,0.09991484,0.11581214,0.11474303,0.111947134,0.11783695,0.10263916,0.109490976,0.11483357,0.1242519,0.12127769,0.12057937,0.115742706,0.11082831,0.12635651,0.095433846,0.11694805,0.11753221,0.121875055,0.11017373,0.09880034,0.109363295,0.112855315,0.114395335,0.10962914,0.11020186,0.11593765,0.11201264,0.112253964,0.110762626,0.1138599,0.11113626,0.11643931,0.12363305,0.10860959,0.10571036,0.107696,0.10835187,0.10332254,0.1116142,0.106342115,0.10230837,0.110520884,0.10887749,0.11938527,0.11738387,0.10863273,0.11162145,0.11834028,0.10203391,0.11522344,0.11277329,0.11978871,0.115409106,0.10641637,0.11084083,0.122090556,0.114886925,0.10626703,0.10701518,0.11570548,0.110369585,0.11987075,0.122985564,0.123503014,0.12542138,0.12025464,0.120810516,0.1162697,0.110208146,0.109095,0.11832228,0.098287426,0.11874186,0.11292602,0.117629245,0.10631669,0.112960786,0.109525524,0.117670596,0.1028235,0.10742135,0.119933516,0.11192115,0.11347245,0.12820487,0.10519638,0.12081425,0.12147845,0.10886535,0.12985173,0.12220587,0.11005339,0.11982058,0.11402033,0.108363695,0.09918086,0.109246254,0.111861646,0.1160527,0.11999998,0.11033056,0.11927501,0.13385488,0.108714715,0.12586406,0.099623755,0.12020356,0.100367,0.096999645
