0.36443514,0.33898786,0.3930818,0.36363095,0.35205603,0.34462884,0.3351094,0.38391897,0.291982,0.39707732,0.3543713,0.40327412,0.36691308,0.3673635,0.3522215,0.2992105,0.38134703,0.33510888,0.33119893,0.32784694,0.3881661,0.42929044,0.26389444,0.3968237,0.34476346,0.31812236,0.30963987,0.38214484,0.32611668,0.35051298,0.35507613,0.37710774,0.30416405,0.37888592,0.30988625,0.33797306,0.31668842,0.27485877,0.37393463,0.3528965,0.3781636,0.36237782,0.37390244,0.34264082,0.37814477,0.39328396,0.40162396,0.3786935,0.34754646,0.37078023,0.3395624,0.36778805,0.35518524,0.34589455,0.31416422,0.3659469,0.35079533,0.29041123,0.33503145,0.35276696,0.31254637,0.32033145,0.3751545,0.40284604,0.3139364,0.36773822,0.34326458,0.371954,0.35803592,0.35214564,0.30458295,0.35672933,0.3517122,0.3514777,0.34125328,0.39698416,0.33091232,0.31993222,0.34744453,0.33559492,0.34064052,0.37360644,0.29864207,0.36511362,0.35098505,0.34108627,0.36714086,0.3320159,0.36932892,0.32491407,0.34110194,0.3513434,0.35818607,0.36617124,0.35067052,0.36875197,0.3471231,0.30886102,0.3024946,0.2970329,0.38703674,0.3372506,0.35522726,0.35561478,0.33590537,0.3282854,0.35133535,0.36652938,0.3907717,0.31865612,0.3581696,0.33222643,0.30857265,0.34788516,0.3058953,0.3638519,0.29546475,0.339653,0.35119134,0.324053,0.37087226,0.29071885,0.29676592,0.36436275,0.32282805,0.35479942,0.38035682,0.30769706,0.34783223,0.34699494,0.34128553,0.35489362,0.34591797,0.4236792,0.38380882,0.3140533,0.29945195,0.37291354,0.35536712,0.36636972,0.3407539,0.32598522,0.3294046,0.40033802,0.33706236,0.37014914,0.37221524,0.30207273,0.3958437,0.34551895,0.33277544,0.37407848,0.3992197,0.36126333,0.35832727,0.3898263,0.3416303,0.39466748,0.32532236,0.3889676,0.37436855,0.39113724,0.32460934,0.38050658,0.39473408,0.32403755,0.3457695,0.3873741,0.35402858,0.3805516,0.32656932,0.33045205,0.34689093,0.3385163,0.33024734,0.36551684,0.32287687,0.34722924,0.34337974,0.33446816,0.3971289,0.33908483,0.40174323,0.3430982,0.31260246,0.34227672,0.3639183,0.33765873,0.37056917,0.34437972,0.35454893,0.36322495,0.33721954,0.36265177,0.33010358,0.34258413,0.3815597,0.34498984,0.37655464,0.33319968,0.40024424,0.3456137,0.35887897,0.3207384,0.35740286,0.35016066,0.30260527,0.37374097,0.3906273,0.33712575,0.34173343,0.3619533,0.34495705,0.36154795,0.32182416,0.40713605,0.36567432,0.33064985,0.3654077,0.35498312,0.3436184,0.34289375,0.34995276,0.38762835,0.33903527,0.3858074,0.34069282,0.33797812,0.3286059,0.386819,0.36096776,0.28622705,0.31094977,0.37094325,0.32418758,0.3171808,0.34332526,0.4066198,0.32893738,0.3187234,0.36367762,0.30868703,0.35131055,0.289618,0.3486952,0.3589474,0.3023139,0.3880332,0.3725284,0.3602044,0.32509214,0.31772023,0.3894053,0.3523439,0.3496302,0.32428488,0.36984998,0.34588912,0.29789618,0.4148959,0.36049536,0.34817126,0.4096078,0.35754272,0.37876043,0.39874876,0.3472759,0.33402508,0.35995427,0.35188055,0.3591729,0.30126208,0.31962097,0.3268425,0.33793712,0.35383207,0.34043851,0.35290432,0.2894335,0.37516016,0.31421268,0.40989846,0.32619166,0.36890954,0.33563274,0.3262029,0.3136414,0.3605398,0.30684704,0.351138,0.3117394,0.41615438,0.38582206,0.33322084,0.34132352,0.34368494,0.33330703,0.38754815,0.3762735,0.3214084,0.3724488,0.33130822,0.3741277,0.31352118,0.3588799,0.37707916,0.3453872,0.3303832,0.3510598,0.31519672,0.36188108,0.33585694,0.3469197,0.33954588,0.34198582,0.41026595,0.34462222,0.3334519,0.35461766,0.33677006,0.34955502,0.38114557,0.3475365,0.3673252,0.31765312,0.30235118,0.35587585,0.30575886,0.36455792,0.35495266,0.39394364,0.35274443,0.38887328,0.36889333,0.331527,0.2875193,0.27849215,0.37328383,0.32860458,0.35548335,0.35193485,0.33467788,0.33233583,0.31592572,0.31102666,0.34285837,0.32792908,0.31756553,0.32016078,0.36916444,0.344671,0.3384557,0.32562926,0.37534672,0.38179564,0.37377167,0.3537721,0.34917697,0.31020457,0.31844258,0.32327363,0.38019615,0.35139415,0.3158964,0.3798713,0.37068537,0.3328285,0.3018486,0.35750976,0.3352213,0.33782744,0.31009808,0.31632906,0.27659437,0.371645,0.35587943,0.3497562,0.36893165,0.274747,0.36427343,0.36060622,0.3222133,0.34055707,0.3798114,0.32398432,0.31281605,0.2963385,0.29052407,0.30291948,0.34066692,0.3401986,0.30096063,0.43529668,0.31098503,0.34795237,0.3567985,0.35798457,0.3447767,0.35067594,0.26856723,0.37179244,0.3884682,0.33692253,0.34251544,0.36010265,0.3862598,0.29291373,0.33914202,0.38664234,0.34886432,0.4063487,0.35665342,0.3749292,0.37648824,0.30523774,0.32940984,0.400236,0.30918926,0.3993896,0.36922336,0.4019599,0.32079637,0.30180782,0.3253695,0.35115737,0.391956,0.33170897,0.35726953,0.348051,0.3549077,0.3769254,0.33873776,0.3692161,0.31814328,0.33468473,0.35564125,0.39612514,0.34516698,0.29938197,0.32692486,0.33979246,0.31372836,0.3597334,0.322648,0.34579805,0.36755994,0.36087263,0.32500765,0.32475084,0.37751913,0.3438693,0.390319,0.3937766,0.37721884,0.3526888,0.36453208,0.3201151,0.35399255,0.32043713,0.3501041,0.35369733,0.34839964,0.37551507,0.42326552,0.31873396,0.3415665,0.276213,0.26014304,0.36001575,0.33306664,0.33787856,0.35708362,0.32093108,0.34025738,0.32871252,0.38694736,0.39036256,0.33914512,0.32465085,0.3647525,0.29774702,0.3407039,0.33680236,0.37079638,0.39294598,0.3565298,0.35755736,0.37066236,0.36760524,0.3443251,0.33788273,0.35366172,0.29168403,0.27774364,0.35962477,0.30453932,0.35659423,0.33193988,0.4028091,0.31220296,0.2783488,0.35273293,0.3468933,0.35482097,0.37825269,0.33438534,0.34995002,0.3696603,0.31644416,0.36134273,0.3690111,0.34931254,0.3798416,0.3798071,0.37962735,0.34064755,0.3511508,0.3129481,0.39824063,0.3401817,0.32769206,0.3704537,0.4019467,0.33867556,0.37258878,0.25410962,0.3091313,0.36255857,0.3947694,0.33856058,0.3491295,0.3527913,0.36545694,0.4199654,0.33382806,0.36330613,0.3074695,0.31296706,0.3436404,0.34492743,0.37396133,0.34239092,0.31892338,0.3364942,0.387523,0.38234872,0.30688938,0.3348785,0.3578246,0.38399,0.35436636,0.35100377,0.31762376,0.37433732,0.36063105,0.34428072,0.37194788,0.3298347,0.33701766,0.29866546,0.37177557,0.36513495,0.33310962,0.3363766,0.38194436,0.3674038,0.3189038,0.3296652,0.33590207,0.3612398,0.3358872,0.37382668,0.28786042,0.35863826,0.34491828,0.41158405,0.33957994,0.36463636,0.32960403,0.34296617,0.35240215,0.3637104,0.3836587,0.3511166,0.3755808,0.37042987,0.33931604,0.35568896,0.35581428,0.3784092,0.3403142,0.35952005,0.3110359,0.3453545,0.36727482,0.34149185,0.3547301,0.3895153,0.29779637,0.34545872,0.30836585,0.37952432,0.3336069,0.33660033,0.3326106,0.34792987,0.2998263,0.34112725,0.31702262,0.38474923,0.38685644,0.33122337,0.36490288,0.36435384,0.40215027,0.36374545,0.35233134,0.3463274,0.3115177,0.32327673,0.35360458,0.34634888,0.32661158,0.36516073,0.31561607,0.339876,0.33771315,0.3284949,0.40083957,0.34743255,0.28427106,0.34161723,0.30221432,0.3302762,0.35808128,0.38073358,0.3105396,0.33613965,0.34057587,0.2959851,0.32677937,0.37103915,0.32320037,0.36059704,0.3219734,0.31586915,0.3840685,0.34306544,0.3365912,0.30385178,0.33469057,0.38298225,0.375711,0.3823184,0.30917272,0.32193384,0.3497169,0.2877551,0.343701,0.37427935,0.3771139,0.34395438,0.3381848,0.33745122,0.3478757,0.33659747,0.36716956,0.31106186,0.3539131,0.3456764,0.37732962,0.37449482,0.3445439,0.28015998,0.34719577,0.3332051,0.38978934,0.35960886,0.39895156,0.35197908,0.2902123,0.3729661,0.34792665,0.38002056,0.3693752,0.33303356,0.36582977,0.29143816,0.33490038,0.38329008,0.35629922,0.31964773,0.4111805,0.33346725,0.35663745,0.37226158,0.35729235,0.3077258,0.32138056,0.3046642,0.29489076,0.35441616,0.3481112,0.35562363,0.3657945,0.3187925,0.33586255,0.34979492,0.3947386,0.33593822,0.34935075,0.35063687,0.3232591,0.35846043,0.31810096,0.3090383,0.3122748,0.36029807,0.34941927,0.35289532,0.38949397,0.2918613,0.31310013,0.33333194,0.33918098,0.32995266,0.35098264,0.3689322,0.33732653,0.35403627,0.3614328,0.32782742,0.36614,0.29214972,0.37141895,0.3946218,0.32068875,0.3600868,0.33688164,0.29497787,0.31155294,0.38089183,0.38478023,0.3475579,0.33728528,0.36611006,0.38780737,0.3976312,0.36300516,0.36492345,0.3636066,0.29973978,0.3946737,0.37171426,0.3375109,0.32511675,0.37568927,0.35113826,0.34360188,0.35327572,0.36361495,0.31209624,0.3724524,0.3257022,0.36154053,0.34383112,0.3447965,0.32632127,0.3847204,0.31251144,0.4271955,0.31546274,0.38226897,0.36620015,0.3367281,0.37882605,0.37111342,0.3451395,0.3841915,0.3488866,0.26940298,0.33121267,0.36062407,0.38652405,0.35126233,0.35251218,0.39106113,0.32141146,0.33975145,0.31006068,0.31572577,0.35393324,0.3455566,0.2756074,0.32560074,0.4006206,0.36328682,0.30538017,0.3771208,0.35385144,0.39173317,0.35834175,0.33907163,0.33580363,0.33341736,0.3602268,0.38964683,0.40467572,0.35319653,0.34365076,0.40767503,0.33984095,0.38326064,0.3726848,0.38507235,0.33505225,0.33381426,0.3277439,0.36915445,0.36098248,0.38057503,0.34384707,0.36001807,0.39734805,0.369792,0.3229759,0.37011778,0.35715613,0.36462227,0.36945638,0.31054753,0.37734455,0.3174138,0.37361014,0.39075404,0.35724676,0.3412034,0.27343968,0.3367587,0.330446,0.36014134,0.30476743,0.38369,0.3372807,0.3450687,0.3451158,0.38488048,0.36061937,0.33899212,0.34539646,0.34634116,0.35871708,0.35189584,0.35702354,0.3653028,0.32273853,0.30009726,0.34049082,0.35868138,0.35627246,0.3823855,0.3369511,0.3678003,0.33874515,0.3764506,0.34365237,0.30565256,0.37735975,0.31883344,0.31655422,0.3653642,0.35298187,0.34729546,0.38604182,0.29954445,0.32792708,0.32789555,0.39048782,0.35406005,0.31940466,0.36646685,0.32299712,0.301135,0.32371354,0.31358504,0.3560331,0.3295413,0.33477828,0.3920652,0.38699868,0.3787381,0.3426756,0.27911332,0.3609645,0.38313854,0.3653292,0.37233132,0.31513277,0.3680675,0.3456338,0.3784445,0.3343663,0.36169916,0.3515401,0.34117433,0.3355324,0.35091054,0.33542773,0.32979423,0.32615668,0.34855697,0.33403438,0.30567443,0.40649912,0.3512959,0.3384255,0.35817087,0.32474405,0.30745405,0.37739587,0.3378032,0.32221907,0.37254506,0.38469824,0.37490052,0.30983272,0.3814618,0.34271055,0.36649206,0.3008896,0.32081604,0.34116334,0.35886335,0.3824919,0.3927158,0.3464244,0.3637347,0.33354947,0.41046402,0.38718683,0.3804597,0.28729698,0.35848933,0.34626502,0.2498452,0.3574297,0.35992926,0.35801035,0.34390682,0.32392976,0.370879,0.3471795,0.34930068,0.324682,0.2795104,0.32763112,0.34680527,0.36478364,0.2928427,0.31771332,0.38203257,0.28947335,0.34816694,0.38558158,0.30125505,0.3486547,0.34014428,0.33312944,0.40556908,0.3575432,0.34059843,0.3865344,0.2877366,0.35591114,0.3591476,0.33786622,0.309466,0.39178407,0.3514732,0.36373314,0.32553035,0.35612255,0.35826927,0.34766456,0.3563777,0.383134,0.29476058,0.27985865,0.27464125,0.27587074,0.32181627,0.3671585,0.33601087,0.4031566,0.3414324,0.36298597,0.37915552,0.34456336,0.370114,0.34461886
0.41937745,0.39612275,0.43091846,0.4199968,0.40834934,0.4011569,0.4088237,0.43203518,0.36562398,0.469177,0.40090835,0.457237,0.40971833,0.38933706,0.41846845,0.40749824,0.43028408,0.38431856,0.39431277,0.40994433,0.45178527,0.43336895,0.40634447,0.41425505,0.4143182,0.41915798,0.45096225,0.4503609,0.41775084,0.41847903,0.3942366,0.427344,0.41153976,0.43956017,0.43154833,0.42392188,0.3822378,0.41893417,0.3992949,0.41201478,0.39064062,0.3995074,0.40147993,0.39242768,0.42480552,0.41035002,0.42041513,0.4294014,0.41017708,0.41885146,0.40241617,0.42552093,0.40869942,0.3826093,0.4055274,0.42050567,0.39985362,0.39038062,0.42239624,0.36614382,0.40581632,0.38350296,0.40092123,0.4390081,0.37576902,0.43476978,0.39588052,0.40878314,0.40206122,0.39413083,0.4064129,0.4360781,0.43668377,0.41508988,0.3906207,0.44282767,0.41181856,0.39307246,0.38922268,0.38650188,0.4265954,0.4169451,0.41049635,0.40121132,0.4177928,0.41585952,0.42674798,0.3622064,0.3830073,0.39797613,0.37605187,0.39148945,0.39107308,0.3850524,0.41482183,0.364114,0.4323689,0.3995349,0.38813925,0.42249346,0.42047203,0.40000242,0.39974743,0.40855172,0.4287263,0.3660501,0.41326147,0.39888227,0.41533932,0.38366118,0.42528582,0.44161275,0.38985518,0.40382546,0.3972062,0.44000068,0.40511543,0.383908,0.4000939,0.41867846,0.46663395,0.4093247,0.4060939,0.4073767,0.40674657,0.42383948,0.3889735,0.3731062,0.41012272,0.408805,0.40385664,0.40356678,0.36793283,0.4313598,0.4283534,0.37996036,0.37953198,0.41549516,0.42094848,0.41291177,0.4094793,0.38791308,0.41286388,0.40278196,0.41669998,0.42419553,0.46147513,0.40761185,0.42560083,0.37093186,0.4138432,0.42633688,0.42508972,0.40685412,0.42753053,0.40406036,0.40999207,0.44528273,0.39566836,0.40107083,0.4486543,0.42115456,0.4014706,0.4027617,0.39866212,0.39097133,0.38803262,0.44540733,0.45908365,0.40863293,0.40655348,0.39998084,0.37241858,0.4277067,0.38667732,0.40621752,0.40226865,0.41469198,0.40766898,0.38533938,0.4613303,0.39130694,0.45916566,0.4034704,0.3805605,0.42908424,0.40395933,0.41562486,0.38644814,0.3936789,0.39768255,0.42286277,0.41266394,0.4101106,0.41147122,0.41499364,0.45724726,0.39464262,0.41065934,0.42105436,0.42788124,0.40226865,0.4176075,0.4078494,0.41971746,0.44176516,0.39156252,0.39765853,0.4223229,0.40556332,0.3787916,0.41152495,0.4272729,0.39884016,0.42085975,0.4270125,0.39601007,0.3755644,0.43093282,0.39920038,0.42322022,0.39106146,0.40396735,0.45666662,0.422085,0.45378503,0.38985446,0.40136245,0.4337005,0.4205042,0.41440502,0.37178114,0.4149586,0.4090067,0.43805915,0.4282992,0.4047627,0.44265336,0.40910554,0.38667622,0.44040334,0.4228855,0.40306526,0.38924086,0.40003946,0.42387712,0.40509203,0.41895035,0.43654507,0.44937015,0.39313352,0.3895855,0.39940757,0.37723094,0.39434603,0.4176276,0.3888741,0.42885733,0.3952519,0.4150499,0.438934,0.4019665,0.422837,0.4075072,0.45973295,0.42315152,0.4303729,0.42815554,0.45637488,0.41307992,0.412354,0.41665792,0.3677011,0.4014703,0.40493903,0.4482607,0.4078976,0.4308641,0.44411072,0.40615296,0.3873179,0.41887575,0.37635672,0.42521626,0.4239757,0.42288905,0.40376288,0.38590086,0.3379287,0.41041654,0.37486243,0.43157545,0.4390552,0.38506383,0.40637645,0.39970395,0.37267932,0.44463205,0.42607018,0.39137894,0.4241867,0.4171139,0.40663582,0.4181983,0.43026972,0.41358554,0.43495858,0.4030737,0.36765033,0.4120628,0.3736562,0.41021165,0.39228123,0.42280218,0.37809002,0.44736236,0.42359018,0.37352997,0.42546403,0.41024882,0.43644202,0.41059488,0.39237887,0.39525318,0.44936645,0.39755893,0.42035475,0.37196565,0.41570842,0.39601648,0.3944677,0.39522952,0.43070078,0.41870654,0.403376,0.4336487,0.40429312,0.38310924,0.37721702,0.43773043,0.43568748,0.3992042,0.40695092,0.406814,0.38844743,0.40378767,0.4187887,0.3683703,0.4176436,0.43082505,0.39192256,0.40982056,0.39791626,0.43766475,0.42745453,0.42879513,0.40829203,0.4169555,0.4112445,0.37686536,0.3765875,0.40853924,0.3949663,0.38854605,0.39396217,0.41790056,0.42605454,0.4115133,0.40784407,0.37518358,0.4141397,0.3616723,0.37855715,0.36610973,0.43327224,0.3817705,0.42563394,0.44115597,0.36530125,0.4113868,0.40236184,0.3523317,0.40428,0.37409937,0.38614666,0.45330098,0.39861715,0.37420028,0.393161,0.43145782,0.41772828,0.383964,0.44489357,0.36764666,0.4337733,0.41939676,0.3859718,0.40521505,0.40632516,0.39422667,0.4364096,0.40025273,0.43767354,0.40208596,0.41993797,0.45392483,0.3957203,0.37589312,0.45814314,0.43892902,0.40139428,0.45593968,0.43808985,0.42833674,0.36985725,0.3654752,0.44601107,0.39193615,0.4005835,0.35728773,0.43733492,0.42961693,0.36189649,0.41726008,0.41877377,0.4134534,0.41836464,0.38665318,0.417199,0.40027404,0.41747427,0.42334557,0.41797072,0.406344,0.42035234,0.41306353,0.42404488,0.4228794,0.37782952,0.39065075,0.3935969,0.38281512,0.4213158,0.3561653,0.410218,0.3909619,0.4349324,0.43867126,0.3847342,0.38872984,0.37467846,0.42340636,0.40172103,0.4214992,0.40330258,0.42641875,0.3975005,0.37625903,0.446762,0.40534514,0.42081833,0.38828143,0.411568,0.41933575,0.39503154,0.4152635,0.38810968,0.4111976,0.42541015,0.38592604,0.3987989,0.4379019,0.38549888,0.42491853,0.4113293,0.45158046,0.39909554,0.41327366,0.41892034,0.38909826,0.37805873,0.42942935,0.42094162,0.39690423,0.4274479,0.4152445,0.4243524,0.44500187,0.38168183,0.42057976,0.4126148,0.4410175,0.41065228,0.40920955,0.4445937,0.40842426,0.35633504,0.36314705,0.43807772,0.39194125,0.35708627,0.45531213,0.4367531,0.44804043,0.43558216,0.38969454,0.44514173,0.45954502,0.40255097,0.37982604,0.40063044,0.44128725,0.4131269,0.42524183,0.44534397,0.39109272,0.42353433,0.40465975,0.4326599,0.41598263,0.37794644,0.4437279,0.4159913,0.39800975,0.40297353,0.3584703,0.40069067,0.44478273,0.4118716,0.35604265,0.42319292,0.40582386,0.3933437,0.42680275,0.4119768,0.41989878,0.39906797,0.3802443,0.4236546,0.42765617,0.41584873,0.3715169,0.4100203,0.4184423,0.40726689,0.42433232,0.35517877,0.38940448,0.41008648,0.42407978,0.41885853,0.413491,0.4210922,0.43834668,0.4074515,0.41859424,0.46567094,0.4081726,0.3937237,0.39429462,0.407575,0.3979723,0.42801008,0.4211826,0.4061073,0.4086382,0.41844618,0.36218345,0.42278874,0.3940845,0.41747022,0.39583385,0.3831076,0.41424826,0.41849685,0.43835574,0.41363114,0.44005874,0.37855846,0.42865244,0.40460825,0.39741808,0.452917,0.4343301,0.42665845,0.43468928,0.432758,0.38743186,0.39603662,0.42291966,0.39860797,0.38898867,0.4376908,0.386309,0.39782858,0.3950327,0.42040098,0.4152407,0.40099218,0.40812236,0.39173934,0.3834619,0.38589084,0.39710885,0.43326646,0.39984956,0.40557444,0.43971702,0.41128254,0.4200136,0.3700836,0.37452996,0.42737496,0.40694353,0.42263517,0.4188732,0.41888082,0.4455563,0.36558908,0.39820904,0.4172162,0.47031936,0.4031699,0.4229914,0.37694663,0.41977468,0.35321668,0.38504452,0.4731416,0.4164007,0.40206772,0.41341585,0.35600087,0.42787653,0.39997157,0.38605675,0.44419405,0.35424042,0.40071782,0.37657827,0.42360544,0.38796175,0.40626755,0.42454472,0.39797288,0.4116066,0.40960425,0.41701087,0.4041586,0.40155435,0.36653182,0.42311704,0.41675785,0.3915375,0.37011313,0.3839845,0.3871485,0.42662308,0.41354954,0.40152964,0.40746427,0.40990597,0.424586,0.42574114,0.42345363,0.4519574,0.45190242,0.37131235,0.40186945,0.39637503,0.4277506,0.42066434,0.37190506,0.42165214,0.44725257,0.4153782,0.42340714,0.41752312,0.41424698,0.43221983,0.3853365,0.42617744,0.39004344,0.40261003,0.43891716,0.39585882,0.41314662,0.37782493,0.39257944,0.44614506,0.44416183,0.3815188,0.41514525,0.3990975,0.38739628,0.44640875,0.42617488,0.3657837,0.4011497,0.41379133,0.38260284,0.4225314,0.39702225,0.39779127,0.42596084,0.3694787,0.391698,0.41674608,0.36875862,0.41601193,0.4159589,0.38810897,0.34025502,0.41360468,0.4032175,0.40332186,0.4180578,0.39209035,0.41079116,0.36879423,0.4672766,0.37478447,0.4403795,0.41960084,0.37046883,0.39267787,0.42364886,0.40067375,0.42730588,0.40896782,0.43822622,0.35969704,0.41935614,0.40436745,0.40131652,0.4374957,0.37881923,0.41608143,0.42404386,0.40446994,0.40923378,0.41379932,0.4236176,0.419563,0.39530677,0.37083814,0.44439942,0.44914427,0.41377527,0.44337618,0.43958327,0.3974072,0.4426763,0.4185884,0.393376,0.4517514,0.40234876,0.42138454,0.44536734,0.40108478,0.4388886,0.414103,0.39600983,0.41916847,0.41595885,0.3914435,0.39617074,0.41663244,0.3911354,0.39243022,0.43007806,0.36212012,0.37819234,0.41492963,0.41744685,0.3708167,0.44334382,0.43497992,0.39708894,0.4148731,0.38448083,0.4394116,0.4336684,0.37818226,0.39231217,0.40699178,0.44875094,0.37605953,0.39643303,0.40331942,0.3950135,0.40299112,0.45591056,0.4202631,0.4286365,0.4337227,0.42595947,0.40959182,0.39364374,0.40834528,0.42398745,0.436859,0.37930313,0.40771568,0.41751283,0.41513848,0.39184353,0.43331888,0.40758726,0.4232464,0.43823245,0.39897054,0.4172587,0.41852897,0.41355026,0.44093552,0.41241685,0.39434385,0.41447642,0.4043861,0.43841678,0.37888122,0.3969107,0.40671432,0.4166283,0.37378073,0.42926374,0.38239312,0.4051093,0.4299673,0.38482064,0.4392263,0.41777435,0.4080541,0.4565788,0.3900258,0.33161998,0.4059858,0.40472165,0.43474817,0.4085119,0.40252405,0.4283617,0.39192536,0.40254188,0.41636834,0.40834683,0.4146813,0.37835822,0.3780316,0.40705404,0.42069608,0.42140234,0.43228215,0.38206637,0.40370238,0.41895595,0.410927,0.44197807,0.41853863,0.47314507,0.38679808,0.42289275,0.41188505,0.44623786,0.4365334,0.42753145,0.41913247,0.40261984,0.41497728,0.37822556,0.39566195,0.41909805,0.4087603,0.40102643,0.38355505,0.39887813,0.42717084,0.4127267,0.41911238,0.46862617,0.3890076,0.40039587,0.38104695,0.38059127,0.40369213,0.39874563,0.4381684,0.38116914,0.42798793,0.3773086,0.3970863,0.35656714,0.39265144,0.41525164,0.3950029,0.4460563,0.38528997,0.41115603,0.39290315,0.43561673,0.40829602,0.41195887,0.40187478,0.40529108,0.43354204,0.37095743,0.42805207,0.41047195,0.37664115,0.44290835,0.40279353,0.3600024,0.46952125,0.4357192,0.40967938,0.43621847,0.43252623,0.38565153,0.40387475,0.38331518,0.40619266,0.40385672,0.43831182,0.43401536,0.39192933,0.43313324,0.39604372,0.3836817,0.38961753,0.3905703,0.38177714,0.38800097,0.44277865,0.42042878,0.41872472,0.39314526,0.41465956,0.47003603,0.4483535,0.44769505,0.41325462,0.3922006,0.39758354,0.37641746,0.4204374,0.41545096,0.42155093,0.40533996,0.4234515,0.43774265,0.38726032,0.43702772,0.38822865,0.37138462,0.37078705,0.3530538,0.40404642,0.42489916,0.37678036,0.4103104,0.36627388,0.415003,0.4702024,0.38393432,0.41312584,0.4008513,0.41953227,0.46681857,0.40191683,0.3824188,0.3987355,0.41123807,0.42920828,0.4443666,0.4186928,0.41113624,0.3832253,0.40032008,0.40780246,0.38460642,0.40432513,0.42172426,0.40884268,0.40424004,0.4267891,0.40906328,0.41920674,0.34542903,0.37376067,0.36968023,0.37791428,0.425427,0.433392,0.37730455,0.3874972,0.4031635,0.4451096,0.48314005,0.42033854
0.4830345,0.4747165,0.48839265,0.47576368,0.47450566,0.44401932,0.48699167,0.5238168,0.4548419,0.5236107,0.48769486,0.5093909,0.5225994,0.52414966,0.4747529,0.44784427,0.49391446,0.4439927,0.47505218,0.46294865,0.52119243,0.5161554,0.43983456,0.47975045,0.4856838,0.48997468,0.49280298,0.49602774,0.45882168,0.47539496,0.45033693,0.4918411,0.46262658,0.48128453,0.45867842,0.48917422,0.42275676,0.45423836,0.49122816,0.43757668,0.49247885,0.4597527,0.5135943,0.45024204,0.45080608,0.44835305,0.48902878,0.46668434,0.46566847,0.4858781,0.46223927,0.47427273,0.48390248,0.47383907,0.47906232,0.48503628,0.48674214,0.4697398,0.4927317,0.47867802,0.48127544,0.44805077,0.48685703,0.5282037,0.45431122,0.4768052,0.47166377,0.483006,0.4895503,0.44993728,0.4761167,0.5055108,0.49151385,0.51347363,0.44680867,0.52078396,0.47937596,0.4318729,0.48671916,0.47147194,0.47780588,0.46409395,0.4505582,0.46587464,0.4666278,0.48439157,0.48347223,0.42122716,0.49293613,0.4799027,0.46129468,0.47319967,0.47336054,0.484285,0.4406617,0.466484,0.47771332,0.47039944,0.4438105,0.45275533,0.50350296,0.4285466,0.50470346,0.4664143,0.46858358,0.44425264,0.4677514,0.480028,0.49489066,0.44116178,0.48877174,0.46775854,0.4702688,0.50326943,0.46473607,0.47193173,0.45354578,0.47524774,0.49621385,0.4489913,0.50407755,0.4357776,0.43025604,0.47590563,0.4690595,0.5095021,0.4696073,0.45110008,0.46696603,0.4654676,0.4852807,0.5000769,0.45171964,0.5179838,0.46898925,0.4900811,0.44909343,0.48828828,0.4609145,0.49014682,0.4678935,0.42687067,0.47732577,0.46717396,0.47380155,0.50187796,0.4676152,0.42489344,0.49810332,0.44870847,0.47527814,0.49099407,0.5170585,0.48239145,0.47978634,0.52488554,0.4694001,0.4954025,0.4489844,0.5207178,0.50804305,0.48446926,0.46219373,0.47925103,0.46037868,0.4639995,0.4740589,0.5208998,0.49753278,0.4941942,0.48049212,0.46669832,0.4597396,0.46185887,0.43289918,0.50950396,0.43958533,0.48069373,0.47765365,0.45090047,0.5309174,0.45225242,0.48776644,0.4420043,0.46796763,0.526225,0.49032474,0.47378388,0.46650422,0.462276,0.4634046,0.5038095,0.4458294,0.47467104,0.4229306,0.48043853,0.48854938,0.4820447,0.4858547,0.4686315,0.4901087,0.46063557,0.46227297,0.48331952,0.475067,0.4701,0.44649357,0.4734428,0.5112498,0.4619109,0.465044,0.4593704,0.46727014,0.46839008,0.4674866,0.4946889,0.49567991,0.46280137,0.5067927,0.44897708,0.4751051,0.4776005,0.49956417,0.5188051,0.43422627,0.51915085,0.46286148,0.49252295,0.49452487,0.4850521,0.48978317,0.42987043,0.4541136,0.49068835,0.49642128,0.46392956,0.45069137,0.49889636,0.47979683,0.45754462,0.516125,0.48383105,0.4685998,0.46719038,0.4930336,0.5075154,0.45405063,0.51243955,0.48635024,0.4940558,0.4551004,0.4526051,0.45789307,0.46791887,0.47724548,0.47089437,0.4690716,0.47820416,0.43608254,0.4651156,0.47055674,0.46285373,0.510979,0.47662586,0.5003527,0.53516036,0.46245798,0.46481603,0.49700904,0.48608363,0.46074602,0.4734014,0.4732172,0.47070017,0.484894,0.46296203,0.4612974,0.45446202,0.48312494,0.48902574,0.4853425,0.5333602,0.4743057,0.47302932,0.49440327,0.47422007,0.4594402,0.43828008,0.46847534,0.47355273,0.46131518,0.50331724,0.5045453,0.4779488,0.48251566,0.48539972,0.4607352,0.50655127,0.47714338,0.46912733,0.46618593,0.4587076,0.45575356,0.47613126,0.5124918,0.4870154,0.50358975,0.46192685,0.4849598,0.4689296,0.47620547,0.46143985,0.48676598,0.47642922,0.45373267,0.5151398,0.4791447,0.46642008,0.4934138,0.45524117,0.46484357,0.49492413,0.45214063,0.46278867,0.4929456,0.445521,0.47379178,0.4389822,0.46383953,0.4714309,0.49836904,0.46723711,0.5020742,0.46643957,0.48581088,0.49883232,0.43239704,0.48392898,0.4683685,0.5213193,0.4860645,0.47564957,0.4870764,0.48087555,0.44193238,0.485908,0.48140603,0.45669246,0.50404525,0.46376824,0.44777134,0.4684494,0.4436169,0.4953187,0.47628063,0.47919965,0.48191094,0.47202986,0.4534139,0.45284453,0.45976886,0.4776188,0.4637342,0.4695509,0.4742557,0.47541425,0.49793443,0.5026897,0.48134702,0.46755254,0.47239816,0.4663853,0.4478593,0.41225052,0.50151396,0.4691103,0.48305446,0.4966491,0.42234474,0.4826728,0.51038104,0.45155144,0.4739756,0.4728572,0.44951215,0.45950985,0.48582575,0.4366352,0.46116248,0.47559586,0.5062491,0.45092928,0.50898504,0.4426252,0.46813667,0.48099345,0.48245296,0.47028702,0.5039201,0.42892432,0.48273915,0.4646771,0.47492456,0.46663657,0.4816984,0.5034343,0.45943865,0.42818576,0.48973334,0.45852488,0.49404466,0.49240488,0.4995678,0.4607643,0.4704693,0.4453963,0.49773175,0.44377926,0.47419447,0.4572698,0.48445362,0.4606099,0.44598374,0.467224,0.489011,0.48143739,0.47673702,0.43470752,0.46426207,0.46248078,0.50101596,0.45693755,0.46460596,0.4874122,0.48767394,0.47735277,0.47393075,0.47124413,0.46704245,0.44357663,0.48574656,0.41482753,0.46721438,0.44626403,0.47223657,0.4583428,0.4394038,0.48907784,0.47741672,0.46424767,0.46562195,0.47410697,0.48599526,0.472095,0.45544297,0.48266196,0.47925106,0.48113564,0.49555272,0.4515887,0.47718644,0.4535684,0.46504575,0.52034163,0.47754285,0.50354147,0.4280815,0.47594422,0.48449245,0.43588763,0.4921179,0.51946664,0.44346178,0.45539138,0.46167275,0.5074785,0.5244784,0.4758134,0.44859728,0.49085277,0.44035703,0.48604757,0.4839011,0.4887001,0.50768006,0.4708165,0.4863491,0.46611926,0.48792478,0.49519336,0.44892082,0.48289028,0.46655077,0.44425762,0.51342,0.4621808,0.46047673,0.44623154,0.5277912,0.44597715,0.43097195,0.45224622,0.48676032,0.47424495,0.4724241,0.4710805,0.480058,0.55164003,0.42563212,0.44805434,0.47542217,0.5172684,0.50692767,0.47988653,0.487728,0.42605335,0.5051832,0.43572482,0.48221624,0.48168343,0.46224815,0.4868747,0.4684156,0.4455981,0.4750088,0.41908485,0.45698547,0.5061335,0.49727538,0.4341504,0.47287714,0.48794204,0.49641505,0.4640333,0.44450206,0.49937034,0.47821307,0.45289585,0.49679306,0.4500966,0.51304483,0.45008087,0.46241358,0.45525217,0.49200323,0.47553954,0.4521424,0.44650847,0.45689338,0.46258134,0.47394553,0.49640813,0.45981506,0.4831442,0.507299,0.46949846,0.50500494,0.4760821,0.47920394,0.43265647,0.48636547,0.4818075,0.46895674,0.4797299,0.49040148,0.49080402,0.4776815,0.5012498,0.4686536,0.43538487,0.49290192,0.4755928,0.45541894,0.48322615,0.4846418,0.48971498,0.47769699,0.49977565,0.43924353,0.4791473,0.4801519,0.4697379,0.48606437,0.47914267,0.5035754,0.47308984,0.5039096,0.4715931,0.47674,0.49001384,0.45921507,0.48471028,0.4893303,0.48772353,0.47358957,0.4682308,0.46559408,0.50932854,0.44904312,0.44467938,0.4468158,0.50777465,0.4825171,0.45811537,0.47516757,0.46932772,0.450527,0.4997991,0.49845666,0.5243877,0.4734503,0.4500625,0.49125347,0.5075718,0.49245209,0.4571914,0.49087936,0.47632894,0.43268487,0.46179453,0.4776997,0.49232972,0.456929,0.48884588,0.45329082,0.45374563,0.4439346,0.44050592,0.49927902,0.4922376,0.46244976,0.47750747,0.42505485,0.47628105,0.48474175,0.47647333,0.43717334,0.46942365,0.45618033,0.4448381,0.4460522,0.4608348,0.41962582,0.5017963,0.45042598,0.45884487,0.47908226,0.478633,0.4787376,0.42686683,0.46331584,0.46920896,0.4931202,0.487003,0.4257775,0.484625,0.43821084,0.45675486,0.5127519,0.4909553,0.47526348,0.48960978,0.46389052,0.45897558,0.48031864,0.46414334,0.5036159,0.4308199,0.44109,0.4753069,0.47848105,0.468454,0.48050433,0.45471075,0.48192722,0.4732133,0.49400762,0.48379868,0.46910027,0.47264478,0.4639613,0.44489986,0.47927353,0.47619224,0.47370797,0.44243234,0.47157705,0.40679306,0.47612095,0.5219697,0.49217594,0.4401314,0.53627545,0.43210128,0.4829739,0.49965543,0.5177883,0.44253305,0.44621193,0.47599056,0.44147322,0.47026652,0.48315883,0.4430204,0.5133415,0.47006363,0.4691299,0.4780224,0.4721493,0.4355998,0.49820337,0.46277666,0.43669814,0.5205694,0.46889168,0.44253877,0.4792289,0.42482725,0.48222715,0.47696176,0.47559997,0.43683362,0.45660272,0.5191499,0.48651633,0.46744087,0.45253915,0.44140235,0.47813523,0.46166646,0.53385645,0.42566097,0.47168106,0.4571255,0.463848,0.4957291,0.4425673,0.4569497,0.48601618,0.45758942,0.44410887,0.5023621,0.519011,0.48940188,0.4902548,0.4504914,0.49462396,0.49736422,0.47128332,0.5061263,0.50747836,0.4823291,0.50260025,0.48915514,0.4608821,0.46339774,0.4765743,0.4669725,0.49372703,0.48603517,0.4799475,0.479001,0.47257745,0.46513554,0.4704031,0.47835958,0.49420744,0.4507005,0.48948407,0.4794513,0.49139476,0.4757917,0.48464745,0.47711673,0.49030226,0.4406478,0.5059569,0.47499794,0.46838227,0.4470991,0.44404063,0.46963686,0.52209026,0.46201286,0.4638347,0.47356927,0.54121363,0.45817077,0.47869515,0.4347925,0.44183314,0.49443036,0.5245795,0.46031588,0.4771068,0.49923968,0.479696,0.4536642,0.48289713,0.47891548,0.47612336,0.49063012,0.46637964,0.49633962,0.48506907,0.46759987,0.45408055,0.49929023,0.49733514,0.49081057,0.5272868,0.4746797,0.49382916,0.4648527,0.5220396,0.5113974,0.46208122,0.46883217,0.50740445,0.47244775,0.5017614,0.46881187,0.49192476,0.46420893,0.49180135,0.46875134,0.51259214,0.4418242,0.48886558,0.5214259,0.42007548,0.48889327,0.44225603,0.47153148,0.5269029,0.46315962,0.4163102,0.47473323,0.46715364,0.4807857,0.47721225,0.44378147,0.52779245,0.45988572,0.47317347,0.4966287,0.49539912,0.46963984,0.466552,0.50279874,0.43935424,0.49338472,0.50911105,0.47683945,0.4813192,0.4508571,0.443315,0.44878757,0.4802205,0.4780683,0.51950485,0.4652836,0.4523774,0.4674308,0.5119696,0.4987998,0.48980665,0.4726454,0.49017453,0.4853895,0.4611119,0.4679352,0.47610193,0.47812724,0.45874888,0.46416146,0.47160077,0.47887856,0.50163573,0.4557981,0.50585616,0.45916742,0.46260098,0.44461742,0.41343462,0.4871323,0.4394341,0.4655115,0.4830151,0.5009531,0.46202207,0.4703253,0.42817065,0.47922978,0.4877974,0.5005508,0.5095625,0.45573187,0.4975251,0.4448595,0.49903417,0.48354724,0.4903228,0.4453977,0.46414185,0.48501462,0.4452712,0.48225698,0.4541584,0.4220355,0.49448693,0.44917232,0.45989883,0.5284237,0.46927148,0.46757394,0.49684453,0.47982106,0.4216821,0.47609344,0.45786744,0.47105846,0.48301053,0.49285412,0.50974643,0.44891566,0.49522704,0.46245286,0.4778091,0.47697714,0.4319003,0.44192153,0.4693059,0.48348507,0.4981034,0.48028377,0.45936882,0.5020019,0.50527024,0.50933,0.52627915,0.43790388,0.47756574,0.4520364,0.47854054,0.47349498,0.46463257,0.47949547,0.5033379,0.48154986,0.49400017,0.45775616,0.5011794,0.44548935,0.4192431,0.4737472,0.46119192,0.48901272,0.49766573,0.45544624,0.49256566,0.4526642,0.5080595,0.5113073,0.43195325,0.49177468,0.49135733,0.49137488,0.5355996,0.4380219,0.44728655,0.4887252,0.4727797,0.46422535,0.4852724,0.48678482,0.48082316,0.4872613,0.4726492,0.46523258,0.42900097,0.4655463,0.50557196,0.469031,0.45591703,0.50112194,0.4415902,0.48183823,0.4260388,0.44669503,0.455689,0.49054348,0.44767934,0.5145289,0.44206786,0.4729429,0.44769707,0.49107414,0.52553123,0.4831941
0.49508876,0.48226008,0.49762583,0.5070627,0.5064526,0.4460007,0.43890986,0.49590304,0.45235094,0.54916644,0.4308108,0.523975,0.50821126,0.5120397,0.44873947,0.46816412,0.4827634,0.42696846,0.47339737,0.46310508,0.5084294,0.5271146,0.40936983,0.4767195,0.4921624,0.48039505,0.44588774,0.47076905,0.47338408,0.48069912,0.5112057,0.45170364,0.42944598,0.45633602,0.4730997,0.44600514,0.48128995,0.4863242,0.5532592,0.45472136,0.5050459,0.48509452,0.470707,0.46388593,0.51931417,0.5249795,0.51990175,0.4836921,0.46216825,0.5198907,0.47031075,0.5181474,0.49225903,0.4898497,0.4215458,0.5028299,0.5003944,0.45391208,0.47756067,0.5198476,0.43998247,0.46810442,0.47797382,0.5045678,0.4070338,0.4593396,0.48206636,0.4942789,0.4912366,0.48548228,0.45631242,0.45879418,0.45799422,0.49260223,0.49118042,0.51163083,0.47570914,0.4982361,0.5160775,0.45706248,0.45599315,0.45646173,0.44194514,0.4495952,0.46198055,0.45203197,0.46526963,0.49403298,0.5209021,0.46838903,0.4960873,0.50501436,0.47681844,0.45804808,0.4550525,0.4909433,0.48285463,0.44576344,0.43298,0.4207485,0.4779675,0.47711167,0.5116158,0.47522008,0.45938492,0.4569386,0.46905375,0.53980315,0.48408,0.461375,0.48944744,0.3880119,0.46416095,0.5193994,0.471755,0.50813013,0.4573428,0.4903235,0.46809217,0.4687097,0.47934696,0.47766292,0.46585903,0.5036344,0.49560887,0.45032108,0.52507555,0.48301432,0.45685422,0.5120353,0.54016674,0.5267209,0.49104857,0.5298097,0.5066433,0.46895453,0.43178576,0.4713101,0.47805613,0.47503898,0.46110365,0.45763493,0.4575691,0.49824807,0.4728474,0.46239376,0.48216164,0.43848962,0.48599523,0.47320145,0.5112762,0.47961745,0.5081918,0.5240545,0.5139237,0.5103541,0.4685988,0.48800218,0.44737592,0.46714914,0.5081388,0.50549275,0.44869614,0.5024358,0.52264893,0.48839232,0.4346128,0.52265906,0.4765926,0.4426739,0.46524364,0.45818672,0.4803818,0.50109553,0.50457585,0.4696312,0.46115264,0.44706637,0.5029978,0.48355478,0.54606587,0.5117816,0.4860135,0.45783216,0.43940118,0.4861321,0.46500987,0.46021375,0.46429756,0.46430105,0.51476234,0.47386372,0.42789572,0.47460526,0.42074442,0.5046306,0.5087431,0.4674624,0.51170874,0.48445094,0.51061136,0.50140995,0.4385485,0.4390475,0.46951342,0.4791911,0.4563881,0.53899074,0.52485704,0.49266922,0.47971916,0.4738564,0.5139306,0.5128025,0.46496785,0.49037707,0.49071515,0.47510767,0.5007778,0.46476486,0.5219022,0.50129426,0.4818668,0.4724273,0.44613475,0.4793429,0.5228715,0.5013984,0.43428382,0.44702557,0.50204283,0.4579455,0.430652,0.47206655,0.4468066,0.4578491,0.45717663,0.48421827,0.46690202,0.48244897,0.45609266,0.49096787,0.4393442,0.43736488,0.5093569,0.576915,0.43986887,0.49743274,0.50840646,0.49061382,0.45028362,0.5016362,0.47899994,0.5045322,0.5208857,0.4198014,0.5107126,0.4710704,0.44361183,0.5069668,0.5125816,0.48591107,0.48249435,0.44619384,0.4639405,0.55066574,0.45528954,0.48112673,0.43993425,0.4992397,0.47048807,0.50314945,0.45196825,0.41489834,0.46371543,0.47866026,0.4737238,0.49332923,0.48568675,0.4590094,0.46901107,0.4923479,0.4785662,0.43300277,0.48841465,0.4934226,0.46242452,0.53733534,0.457454,0.48129308,0.4884674,0.51488787,0.51821125,0.48454946,0.5118686,0.4735934,0.45733747,0.48672712,0.47583404,0.49385577,0.4833829,0.44344667,0.49523222,0.49162352,0.44600746,0.5309898,0.46951354,0.4310829,0.54685557,0.45577967,0.45516166,0.5020881,0.4943911,0.48918387,0.42620623,0.4806823,0.4798441,0.5092953,0.49579227,0.46196586,0.44480842,0.49001288,0.49686107,0.498778,0.45686924,0.4565596,0.46065286,0.46796829,0.48699537,0.5377563,0.5276709,0.48476607,0.5255148,0.48760968,0.48077476,0.44534224,0.42059526,0.47843423,0.48612657,0.4960699,0.4480472,0.4664659,0.46333617,0.46711382,0.455152,0.49595365,0.47471616,0.48793977,0.4765965,0.51347005,0.48099494,0.4447445,0.49592847,0.47576883,0.44081292,0.51208377,0.47398293,0.48254827,0.49788544,0.509037,0.4953608,0.4684133,0.46659872,0.47050112,0.5366942,0.4990666,0.46760178,0.44987056,0.4884227,0.47335166,0.482321,0.46879482,0.43881685,0.45703578,0.4690022,0.4955065,0.44186714,0.46024138,0.48306262,0.5090416,0.50072193,0.45860466,0.4431734,0.47108546,0.459344,0.46634203,0.48036537,0.46458435,0.4300354,0.504309,0.44441453,0.45804226,0.5462389,0.47576416,0.49180007,0.47925597,0.50412285,0.47687304,0.47929522,0.4313107,0.50634336,0.5069418,0.45955932,0.485326,0.4834686,0.47734272,0.47240108,0.53094584,0.5205047,0.43950972,0.50931185,0.46909812,0.46492556,0.4963844,0.4553816,0.47800764,0.4413234,0.46698406,0.50126433,0.5346867,0.47784257,0.46786493,0.48753908,0.45074293,0.41743618,0.46136302,0.4563747,0.49967587,0.47219908,0.4531879,0.48390263,0.5075004,0.4364472,0.47937286,0.46919414,0.45511946,0.48203415,0.45643103,0.4936225,0.4482956,0.5025618,0.47880828,0.48224634,0.48118886,0.5000041,0.4586825,0.49076658,0.45611694,0.44639245,0.43947518,0.4731583,0.51694053,0.47994715,0.5143766,0.513563,0.48634115,0.46763438,0.44807893,0.47132936,0.4638142,0.4734747,0.5017159,0.45106632,0.49742395,0.4872867,0.4850178,0.49164292,0.46125352,0.47524947,0.45964575,0.48486495,0.46231356,0.4853935,0.4383321,0.48017108,0.4772809,0.48590425,0.48901933,0.45087886,0.51891994,0.4576794,0.50767577,0.47646177,0.5128125,0.49258375,0.48371458,0.4733928,0.47723162,0.47621304,0.48487112,0.47360224,0.5146764,0.48277172,0.44658762,0.521009,0.4676561,0.5117457,0.4754959,0.50013274,0.48487338,0.4555947,0.4937976,0.5127587,0.4861106,0.5070431,0.48318762,0.48483548,0.47346136,0.46633768,0.4588169,0.49648803,0.46983385,0.5017665,0.45744944,0.5187681,0.44963408,0.473035,0.47721106,0.50031847,0.47336382,0.48645824,0.49052957,0.5036542,0.48579365,0.48248625,0.4257632,0.4630487,0.48965287,0.51526654,0.45732,0.50711757,0.50523746,0.49818128,0.5108857,0.46992368,0.47049385,0.48947757,0.47985095,0.47109216,0.47388366,0.48505735,0.52468646,0.50159585,0.519856,0.50489116,0.47176427,0.47039923,0.4823997,0.44435877,0.46511188,0.44825128,0.51549804,0.46832308,0.49709058,0.540367,0.47621542,0.4765132,0.48428017,0.5000811,0.44443178,0.48081362,0.47555187,0.47047877,0.4624959,0.46278012,0.485073,0.45733708,0.48693353,0.4923427,0.516167,0.49154925,0.51350504,0.44414887,0.492413,0.46393424,0.5005748,0.4740578,0.46329975,0.47635552,0.43992102,0.5107648,0.45725003,0.47614416,0.43933678,0.4653933,0.49211544,0.48097646,0.46360695,0.53851277,0.47367164,0.49609184,0.4887979,0.49854648,0.46632627,0.48635906,0.43522945,0.5096092,0.5092937,0.43490756,0.48760557,0.3957247,0.5071293,0.50755334,0.45164967,0.5074858,0.45322278,0.45413747,0.49453872,0.4748636,0.53139335,0.47457463,0.48748878,0.47427624,0.5029939,0.508017,0.46448258,0.46321243,0.42476836,0.46422124,0.45609558,0.46552116,0.45014346,0.47256118,0.50226194,0.5115261,0.46646744,0.47691083,0.43690002,0.44600624,0.46147907,0.38416117,0.4510774,0.44729573,0.45916384,0.47058812,0.506924,0.44043383,0.45604986,0.47875085,0.43868095,0.45826802,0.48242688,0.4793999,0.4661219,0.4687225,0.45239764,0.49613118,0.47539076,0.4783656,0.50950205,0.4696938,0.49648213,0.47763914,0.50402796,0.46964386,0.5313683,0.48120385,0.4855732,0.46397865,0.46747002,0.5139758,0.49209628,0.4543094,0.49064255,0.46789247,0.45794368,0.46274206,0.4849336,0.46380574,0.49240845,0.4635195,0.4861991,0.47324276,0.4468773,0.43426937,0.44496906,0.463989,0.49990276,0.43251136,0.46911594,0.47429717,0.515167,0.47404265,0.47970116,0.44290787,0.47932765,0.53520423,0.473714,0.52164185,0.48886862,0.5194846,0.46858418,0.5334612,0.45954818,0.473763,0.47349405,0.5348944,0.5035735,0.45624757,0.4481645,0.45899776,0.4537967,0.4979932,0.4883108,0.45500636,0.487081,0.4708444,0.51068,0.5138348,0.4637951,0.4817836,0.521703,0.48953885,0.49227607,0.44535217,0.4616243,0.4535701,0.46590492,0.50159687,0.50170386,0.46698466,0.45118392,0.4267339,0.51808035,0.5121413,0.44623688,0.4703319,0.4871088,0.46013367,0.46524617,0.44083643,0.4548366,0.45624006,0.43877628,0.4726597,0.5033968,0.4952843,0.4400689,0.4908166,0.507338,0.46351016,0.48412246,0.49928972,0.46278822,0.4487976,0.48139334,0.46994224,0.47598532,0.4727811,0.46388942,0.43450826,0.47440293,0.52740425,0.51236814,0.507173,0.48102987,0.5032713,0.4590965,0.43994322,0.4576942,0.4629347,0.47292155,0.5160052,0.445891,0.47705123,0.46972454,0.50165635,0.43499509,0.45370838,0.4739703,0.52836657,0.47859922,0.49523404,0.46008494,0.48921436,0.48806465,0.5020428,0.44621325,0.50306433,0.48549283,0.48384595,0.4893658,0.49391505,0.46927264,0.45466042,0.48220432,0.4836719,0.45085353,0.47360966,0.47430265,0.4900332,0.41871208,0.46978787,0.4569503,0.464434,0.47640115,0.4576742,0.44337738,0.51939803,0.4874025,0.49400613,0.50939775,0.46526936,0.46675247,0.48488772,0.49697986,0.5144297,0.48052728,0.47811395,0.41871867,0.5202967,0.47513503,0.5078657,0.4432326,0.49328035,0.4687214,0.4282371,0.51184875,0.5090311,0.48692018,0.5296812,0.48957458,0.49612197,0.54148847,0.48939314,0.50419056,0.47762412,0.5125017,0.48437905,0.47186914,0.42432415,0.51646006,0.42117333,0.49749982,0.51107407,0.472422,0.4800121,0.43582758,0.47233912,0.46369508,0.49015948,0.41769662,0.5311496,0.4742639,0.471126,0.48403051,0.48530126,0.49960035,0.4658126,0.47538856,0.46906987,0.49116826,0.4508627,0.46262288,0.48372987,0.4360692,0.4433025,0.50891304,0.48098597,0.46653572,0.5137541,0.47593474,0.50951403,0.51230067,0.49611378,0.47891873,0.46601102,0.5043434,0.4875918,0.4908822,0.4146589,0.4951889,0.48871842,0.50828266,0.44735408,0.49477834,0.42897454,0.44359875,0.46109995,0.41814154,0.4953016,0.48672456,0.46346295,0.46657807,0.5069066,0.45174018,0.45425218,0.45742777,0.5071442,0.48665348,0.512444,0.47533152,0.46148098,0.50191164,0.51252353,0.5167816,0.5072858,0.43405157,0.4901178,0.4673248,0.5023202,0.497559,0.48458362,0.4626201,0.45321807,0.4791608,0.50324667,0.44805947,0.44793823,0.4662014,0.44107756,0.44810113,0.5079559,0.517934,0.49886668,0.49277902,0.4850618,0.47779012,0.44545358,0.48331022,0.49100834,0.5003178,0.527815,0.49639603,0.5022927,0.49505723,0.50879604,0.4888472,0.49205688,0.46339464,0.45628017,0.512524,0.49366564,0.47755027,0.45500833,0.48277512,0.5024229,0.47062612,0.4830557,0.47543827,0.52479494,0.47201073,0.4756862,0.48055306,0.4542793,0.43511045,0.4435615,0.45938814,0.4379862,0.489284,0.5069505,0.45745677,0.490992,0.45064232,0.45225886,0.4513091,0.49332136,0.50247604,0.47698635,0.4547321,0.49067813,0.42970562,0.4988693,0.48466736,0.45577362,0.46752572,0.48418063,0.46398813,0.5304794,0.488499,0.4975515,0.5259811,0.49979106,0.46841747,0.46477842,0.48756605,0.48605105,0.48690373,0.47804773,0.48897126,0.49643058,0.5128645,0.44550627,0.51302207,0.46231735,0.5113884,0.42771554,0.46385768,0.43668717,0.50234383,0.5127551,0.4832763,0.506891,0.49766874,0.47225425,0.49160987,0.4805354,0.5362766,0.44554907,0.50873333
0.27622277,0.31876838,0.281322,0.29770645,0.32642812,0.27387094,0.28135413,0.31420064,0.25330794,0.33725798,0.31879488,0.32098758,0.31433764,0.30959693,0.27505568,0.26882464,0.3127911,0.2933373,0.29565522,0.27281356,0.32367072,0.3592119,0.26828772,0.31883124,0.2642882,0.28949165,0.27612486,0.29103065,0.28048325,0.27821898,0.29031116,0.2920708,0.25970566,0.31888315,0.2897433,0.26401985,0.30408758,0.27977154,0.28390875,0.2725453,0.27703977,0.2846542,0.2658525,0.2779797,0.30994985,0.31314826,0.2956829,0.26304308,0.28657243,0.28979427,0.30700886,0.30712032,0.30220798,0.30066687,0.2570192,0.28281254,0.28677514,0.25857612,0.28281763,0.3177696,0.26022723,0.28972924,0.29659107,0.27889383,0.23009539,0.27301005,0.2754787,0.31120223,0.29911357,0.2761702,0.28116038,0.28169656,0.25263944,0.2635849,0.31300637,0.26736212,0.2896696,0.28473857,0.30290666,0.26434022,0.29997385,0.29419586,0.32347924,0.26739302,0.29542038,0.26105243,0.29756057,0.2956541,0.27369946,0.30171645,0.2918135,0.28977326,0.27405363,0.31197032,0.27058566,0.28804168,0.29207367,0.27623606,0.27277076,0.23575926,0.28134906,0.29724443,0.33491817,0.28345695,0.2983519,0.2630431,0.2640312,0.28729087,0.26997474,0.2795444,0.29374528,0.28073323,0.30991155,0.32094163,0.28993475,0.28389466,0.26794928,0.3049267,0.2845653,0.28466487,0.31835514,0.28163195,0.2560984,0.2975725,0.32920423,0.28245527,0.30496585,0.30749816,0.28973556,0.33142832,0.31969398,0.3060254,0.29476577,0.32018632,0.30538705,0.23440082,0.25088194,0.2754987,0.30253118,0.32247433,0.28378898,0.29018843,0.27540058,0.31258118,0.312561,0.28637698,0.2697661,0.2687686,0.29545233,0.2967767,0.3276177,0.29523528,0.29667756,0.3259164,0.27816474,0.31412408,0.27156758,0.31147993,0.28112355,0.30358428,0.308323,0.29360774,0.26751614,0.2867965,0.3419538,0.30003354,0.2857611,0.31306347,0.2907809,0.26159322,0.2487022,0.25904617,0.3242818,0.30276805,0.29982677,0.3085277,0.2902203,0.26742718,0.31273118,0.2831282,0.3017574,0.29680783,0.2985162,0.2773313,0.263737,0.27897173,0.2966023,0.29333457,0.25709832,0.28080806,0.29967165,0.30768645,0.2905194,0.3123903,0.2629885,0.29814628,0.2781334,0.28897664,0.3135418,0.29916686,0.2971874,0.31294888,0.26176333,0.27186185,0.28474534,0.29819015,0.29671967,0.30327854,0.29295388,0.3089576,0.311449,0.28015608,0.29009324,0.27905747,0.26659134,0.27151686,0.27941066,0.31757802,0.3190957,0.3106426,0.2995078,0.3014571,0.3233427,0.27350143,0.2696927,0.27495366,0.31786832,0.2846632,0.30954725,0.30072528,0.28489965,0.31014988,0.26581857,0.28479505,0.2912865,0.25489822,0.28395095,0.2999702,0.28930816,0.28727108,0.2784856,0.3380109,0.29599655,0.21934539,0.30775616,0.33024243,0.23039265,0.30141556,0.30367556,0.25483537,0.2696016,0.32444623,0.31058013,0.31783342,0.3024734,0.22524187,0.27210462,0.283084,0.24744256,0.28320223,0.27736527,0.29033542,0.2672935,0.25502187,0.27452326,0.31852573,0.2745594,0.29621005,0.2590013,0.32900253,0.2607293,0.31155774,0.30334318,0.27155912,0.28958395,0.28641745,0.28875375,0.2766933,0.30990925,0.27156642,0.3073701,0.2791443,0.29918766,0.25882953,0.27790952,0.26752293,0.28812912,0.32709885,0.31281352,0.2833271,0.28254637,0.3126554,0.26377147,0.30227768,0.29361555,0.28693748,0.28048265,0.28486204,0.2605249,0.31885073,0.28697956,0.28742892,0.28695512,0.3053414,0.29905292,0.3108041,0.2757078,0.28474554,0.31745937,0.26305902,0.27453652,0.326761,0.3054126,0.2856748,0.22838768,0.28587037,0.2612214,0.3206124,0.3171046,0.26903152,0.24194607,0.26267055,0.29089794,0.32197693,0.25520366,0.24064456,0.28819984,0.26501858,0.2638302,0.30283737,0.31273407,0.31117794,0.2897462,0.31212494,0.29272592,0.25405627,0.2502339,0.25758085,0.31026086,0.31546342,0.25789756,0.26440042,0.31452054,0.27945685,0.27573553,0.31017205,0.2334655,0.2800722,0.26478106,0.31766886,0.30228055,0.26514187,0.26326227,0.28035513,0.28899872,0.31077114,0.30749327,0.28176588,0.28397202,0.31549966,0.2608095,0.2924184,0.32457295,0.24286489,0.31361958,0.29641068,0.25961843,0.28839898,0.26995087,0.26594293,0.30391282,0.2899909,0.2628364,0.31318456,0.28992832,0.29931548,0.27006596,0.26279837,0.3179305,0.310703,0.31510377,0.26502723,0.27574313,0.29501495,0.27031645,0.29101217,0.26957273,0.32082215,0.26653835,0.25634,0.26551956,0.2842651,0.3137129,0.30118838,0.28289732,0.28535402,0.29685795,0.28056672,0.3024595,0.29813987,0.33421645,0.28307417,0.26634318,0.2880568,0.28931564,0.30514222,0.25926936,0.30980185,0.2742507,0.2787093,0.2880655,0.29329592,0.27208894,0.27576074,0.28630328,0.31320098,0.29928493,0.26780114,0.30967784,0.31419292,0.27358684,0.28581193,0.2910384,0.27962837,0.25006104,0.28604114,0.28775617,0.26329976,0.30161038,0.2707127,0.2903065,0.2765394,0.24629897,0.27575764,0.27843758,0.2811353,0.3084519,0.2893254,0.291653,0.26400387,0.2751782,0.26674157,0.2968923,0.30781478,0.29853126,0.27022782,0.27673495,0.28833067,0.28429627,0.30671877,0.27581257,0.30268767,0.30120885,0.28695634,0.30002633,0.28668898,0.27481404,0.2683475,0.29796252,0.2831263,0.2908855,0.28985292,0.22557697,0.28543642,0.271252,0.2743833,0.298847,0.24960637,0.24618727,0.26321375,0.29177862,0.2798226,0.28954896,0.25379518,0.3212635,0.28180295,0.30404592,0.29950964,0.25249606,0.28710508,0.28657904,0.28952348,0.2812912,0.3036421,0.3118563,0.3088522,0.2684852,0.2660786,0.2620483,0.28236198,0.29273996,0.30232927,0.28147104,0.23895767,0.32320952,0.30937415,0.2823748,0.2719053,0.30789873,0.2874747,0.27907518,0.28030777,0.32146585,0.28159472,0.27019918,0.29281604,0.301546,0.27887487,0.29465282,0.28566706,0.27821228,0.27550146,0.28243554,0.2591632,0.28860882,0.26926312,0.27272087,0.2775253,0.30188683,0.27518237,0.2900494,0.26686975,0.31177515,0.30489874,0.28521442,0.29754952,0.26856187,0.3172928,0.32675213,0.25648677,0.29660803,0.303821,0.29903862,0.29828525,0.23419613,0.31425536,0.28574702,0.29949933,0.30060005,0.27622023,0.28467476,0.31161553,0.29289263,0.2568646,0.27642798,0.2794585,0.29541305,0.26437896,0.30168822,0.2990585,0.3178171,0.28707653,0.30308267,0.2991393,0.32080632,0.27694067,0.29102284,0.29338354,0.2729498,0.27921677,0.28710628,0.30188343,0.29891863,0.2779487,0.27175492,0.3056527,0.29419136,0.29624543,0.28984955,0.32865268,0.24804209,0.3047564,0.2643844,0.2751699,0.23462123,0.29550546,0.2802049,0.262342,0.28728962,0.2710533,0.3123687,0.28457594,0.29212052,0.26782736,0.29049549,0.28489807,0.29150406,0.2651903,0.31246263,0.27156967,0.2709439,0.2883135,0.3221788,0.30584452,0.3073765,0.29129562,0.32751068,0.29999262,0.2845449,0.28652444,0.27936932,0.27228266,0.28957868,0.25133383,0.3013931,0.2464489,0.2769335,0.27971745,0.30600837,0.31872284,0.25637412,0.30250147,0.2751869,0.30312556,0.33869573,0.28743422,0.26692927,0.27544412,0.26935402,0.2809486,0.2584473,0.2557602,0.26395467,0.30527484,0.31124264,0.28493866,0.29380518,0.2962071,0.25442564,0.27881652,0.20914274,0.28831184,0.2742715,0.27426887,0.25422305,0.33019462,0.25569046,0.29338643,0.30729437,0.27490398,0.30234474,0.29100195,0.30727392,0.26156282,0.2809165,0.26680967,0.28314835,0.2826544,0.29230022,0.31697747,0.3089385,0.3165251,0.29060245,0.3139104,0.2653454,0.32545906,0.2787149,0.30405354,0.27836338,0.2747342,0.3355708,0.2901339,0.27219674,0.27102372,0.2802652,0.29801244,0.27374843,0.29842,0.26650843,0.2843997,0.28200305,0.30049938,0.32332605,0.26693302,0.26875907,0.270926,0.28211164,0.30578712,0.23410895,0.26689282,0.31151563,0.3082946,0.2659554,0.26107988,0.25459915,0.258596,0.30382517,0.26934457,0.3146264,0.2589273,0.29938734,0.2522161,0.30804995,0.25379735,0.29296014,0.242836,0.3302631,0.29610363,0.28906798,0.25495225,0.29881567,0.27659056,0.30188924,0.31664526,0.2862401,0.30346972,0.31856894,0.2985678,0.2926091,0.2333583,0.28209946,0.31833842,0.28413367,0.29981598,0.26532096,0.29139012,0.2520985,0.26987842,0.2855155,0.2960571,0.2876537,0.26496986,0.25879973,0.29223245,0.32268515,0.26518536,0.29658672,0.2889641,0.25650388,0.25593606,0.2742768,0.28981042,0.2656853,0.2555592,0.2720284,0.29799855,0.2858781,0.2659036,0.29028544,0.295207,0.2960093,0.2933112,0.32718337,0.3159146,0.2681361,0.31224123,0.28834206,0.27743378,0.24560955,0.27586046,0.2657496,0.31142917,0.30630994,0.2791179,0.30170074,0.31614777,0.3040965,0.30494487,0.30092588,0.30037752,0.2900313,0.2970575,0.33088604,0.30731952,0.26654592,0.30707842,0.30040026,0.24820375,0.28881994,0.2799595,0.3113917,0.27533054,0.2915997,0.294112,0.2593695,0.29892722,0.31481352,0.28077042,0.2648622,0.30484715,0.29802686,0.2812926,0.3199533,0.32157752,0.30316478,0.268521,0.31057078,0.2795711,0.26831162,0.28406855,0.28303853,0.28313303,0.27981234,0.26948842,0.28836524,0.24154074,0.28304127,0.2808277,0.32019898,0.31424427,0.26042107,0.32578018,0.28772077,0.28152156,0.27941054,0.30221212,0.30206677,0.29684237,0.2641782,0.26142517,0.32008034,0.3214772,0.3215527,0.27304757,0.3075782,0.28321677,0.26200816,0.2913832,0.31897414,0.30053943,0.30308512,0.27741557,0.28659752,0.32035097,0.27507287,0.2823133,0.2966965,0.30947796,0.32728618,0.2590866,0.28806216,0.30480123,0.30393243,0.32274634,0.30290142,0.2869254,0.3084209,0.25903803,0.2783818,0.28985023,0.30757853,0.26574016,0.31759802,0.30560386,0.25399637,0.2817657,0.31092885,0.31073904,0.2607389,0.31555408,0.26504228,0.3086933,0.27597272,0.28595734,0.3088113,0.25767225,0.27377486,0.28461766,0.27561837,0.27079546,0.27392292,0.2973605,0.27770704,0.26883003,0.29094476,0.31087932,0.27911413,0.31492174,0.29606408,0.29382634,0.25279668,0.28081617,0.27490604,0.29613602,0.27009693,0.2627497,0.2808834,0.28395712,0.25577113,0.2508584,0.26805478,0.2838554,0.24092722,0.24179865,0.30003938,0.26269576,0.24966747,0.2959054,0.31192228,0.28517565,0.27111173,0.30011,0.27535638,0.28343624,0.29964286,0.30381483,0.29691008,0.24715845,0.30521473,0.27022892,0.291175,0.3358709,0.30160576,0.25965625,0.27933577,0.3075108,0.31411052,0.26156875,0.26012015,0.28994307,0.28783366,0.256425,0.30156475,0.30026764,0.32028288,0.293122,0.2738385,0.31341395,0.29210275,0.26493317,0.30119103,0.30601263,0.2849261,0.28264946,0.3008479,0.2796178,0.2872325,0.33223704,0.298635,0.262609,0.26806283,0.2929214,0.26038924,0.26112625,0.29445612,0.27623335,0.29239395,0.27154914,0.28770703,0.2979553,0.3207807,0.29918757,0.26894683,0.31050763,0.29547447,0.2699303,0.27709326,0.27912515,0.27257925,0.27895042,0.27821356,0.27508983,0.29341012,0.27313346,0.28135914,0.29758435,0.27925986,0.32691082,0.29483867,0.29508206,0.3292106,0.3067688,0.2970776,0.2944959,0.28103223,0.29006025,0.31354812,0.30093136,0.31233984,0.29057097,0.29402912,0.3039642,0.29232064,0.2525983,0.23356673,0.28321847,0.27533495,0.2861413,0.2824443,0.30107152,0.2879055,0.3077335,0.25446045,0.31194195,0.29331762,0.2879254,0.24473941,0.27656403,0.2897266,0.32315564,0.30234715,0.30865127,0.30388376,0.25999647,0.27405086,0.32718182,0.30462772,0.30824977,0.25414574,0.26416665
0.0,0.0,0.0,0.0,0.0,0.0,0.0,0.0,0.0,0.0,0.0,0.0,0.0,0.0,0.0,0.0,0.0,0.0,0.0,0.0,0.0,0.0,0.0,0.0,0.0,0.0,0.0,0.0,0.0,0.0,0.0,0.0,0.0,0.0,0.0,0.0,0.0,0.0,0.0,0.0,0.0,0.0,0.0,0.0,0.0,0.0,0.0,0.0,0.0,0.0,0.0,0.0,0.0,0.0,0.0,0.0,0.0,0.0,0.0,0.0,0.0,0.0,0.0,0.0,0.0,0.0,0.0,0.0,0.0,0.0,0.0,0.0,0.0,0.0,0.0,0.0,0.0,0.0,0.0,0.0,0.0,0.0,0.0,0.0,0.0,0.0,0.0,0.0,0.0,0.0,0.0,0.0,0.0,0.0,0.0,0.0,0.0,0.0,0.0,0.0,0.0,0.0,0.0,0.0,0.0,0.0,0.0,0.0,0.0,0.0,0.0,0.0,0.0,0.0,0.0,0.0,0.0,0.0,0.0,0.0,0.0,0.0,0.0,0.0,0.0,0.0,0.0,0.0,0.0,0.0,0.0,0.0,0.0,0.0,0.0,0.0,0.0,0.0,0.0,0.0,0.0,0.0,0.0,0.0,0.0,0.0,0.0,0.0,0.0,0.0,0.0,0.0,0.0,0.0,0.0,0.0,0.0,0.0,0.0,0.0,0.0,0.0,0.0,0.0,0.0,0.0,0.0,0.0,0.0,0.0,0.0,0.0,0.0,0.0,0.0,0.0,0.0,0.0,0.0,0.0,0.0,0.0,0.0,0.0,0.0,0.0,0.0,0.0,0.0,0.0,0.0,0.0,0.0,0.0,0.0,0.0,0.0,0.0,0.0,0.0,0.0,0.0,0.0,0.0,0.0,0.0,0.0,0.0,0.0,0.0,0.0,0.0,0.0,0.0,0.0,0.0,0.0,0.0,0.0,0.0,0.0,0.0,0.0,0.0,0.0,0.0,0.0,0.0,0.0,0.0,0.0,0.0,0.0,0.0,0.0,0.0,0.0,0.0,0.0,0.0,0.0,0.0,0.0,0.0,0.0,0.0,0.0,0.0,0.0,0.0,0.0,0.0,0.0,0.0,0.0,0.0,0.0,0.0,0.0,0.0,0.0,0.0,0.0,0.0,0.0,0.0,0.0,0.0,0.0,0.0,0.0,0.0,0.0,0.0,0.0,0.0,0.0,0.0,0.0,0.0,0.0,0.0,0.0,0.0,0.0,0.0,0.0,0.0,0.0,0.0,0.0,0.0,0.0,0.0,0.0,0.0,0.0,0.0,0.0,0.0,0.0,0.0,0.0,0.0,0.0,0.0,0.0,0.0,0.0,0.0,0.0,0.0,0.0,0.0,0.0,0.0,0.0,0.0,0.0,0.0,0.0,0.0,0.0,0.0,0.0,0.0,0.0,0.0,0.0,0.0,0.0,0.0,0.0,0.0,0.0,0.0,0.0,0.0,0.0,0.0,0.0,0.0,0.0,0.0,0.0,0.0,0.0,0.0,0.0,0.0,0.0,0.0,0.0,0.0,0.0,0.0,0.0,0.0,0.0,0.0,0.0,0.0,0.0,0.0,0.0,0.0,0.0,0.0,0.0,0.0,0.0,0.0,0.0,0.0,0.0,0.0,0.0,0.0,0.0,0.0,0.0,0.0,0.0,0.0,0.0,0.0,0.0,0.0,0.0,0.0,0.0,0.0,0.0,0.0,0.0,0.0,0.0,0.0,0.0,0.0,0.0,0.0,0.0,0.0,0.0,0.0,0.0,0.0,0.0,0.0,0.0,0.0,0.0,0.0,0.0,0.0,0.0,0.0,0.0,0.0,0.0,0.0,0.0,0.0,0.0,0.0,0.0,0.0,0.0,0.0,0.0,0.0,0.0,0.0,0.0,0.0,0.0,0.0,0.0,0.0,0.0,0.0,0.0,0.0,0.0,0.0,0.0,0.0,0.0,0.0,0.0,0.0,0.0,0.0,0.0,0.0,0.0,0.0,0.0,0.0,0.0,0.0,0.0,0.0,0.0,0.0,0.0,0.0,0.0,0.0,0.0,0.0,0.0,0.0,0.0,0.0,0.0,0.0,0.0,0.0,0.0,0.0,0.0,0.0,0.0,0.0,0.0,0.0,0.0,0.0,0.0,0.0,0.0,0.0,0.0,0.0,0.0,0.0,0.0,0.0,0.0,0.0,0.0,0.0,0.0,0.0,0.0,0.0,0.0,0.0,0.0,0.0,0.0,0.0,0.0,0.0,0.0,0.0,0.0,0.0,0.0,0.0,0.0,0.0,0.0,0.0,0.0,0.0,0.0,0.0,0.0,0.0,0.0,0.0,0.0,0.0,0.0,0.0,0.0,0.0,0.0,0.0,0.0,0.0,0.0,0.0,0.0,0.0,0.0,0.0,0.0,0.0,0.0,0.0,0.0,0.0,0.0,0.0,0.0,0.0,0.0,0.0,0.0,0.0,0.0,0.0,0.0,0.0,0.0,0.0,0.0,0.0,0.0,0.0,0.0,0.0,0.0,0.0,0.0,0.0,0.0,0.0,0.0,0.0,0.0,0.0,0.0,0.0,0.0,0.0,0.0,0.0,0.0,0.0,0.0,0.0,0.0,0.0,0.0,0.0,0.0,0.0,0.0,0.0,0.0,0.0,0.0,0.0,0.0,0.0,0.0,0.0,0.0,0.0,0.0,0.0,0.0,0.0,0.0,0.0,0.0,0.0,0.0,0.0,0.0,0.0,0.0,0.0,0.0,0.0,0.0,0.0,0.0,0.0,0.0,0.0,0.0,0.0,0.0,0.0,0.0,0.0,0.0,0.0,0.0,0.0,0.0,0.0,0.0,0.0,0.0,0.0,0.0,0.0,0.0,0.0,0.0,0.0,0.0,0.0,0.0,0.0,0.0,0.0,0.0,0.0,0.0,0.0,0.0,0.0,0.0,0.0,0.0,0.0,0.0,0.0,0.0,0.0,0.0,0.0,0.0,0.0,0.0,0.0,0.0,0.0,0.0,0.0,0.0,0.0,0.0,0.0,0.0,0.0,0.0,0.0,0.0,0.0,0.0,0.0,0.0,0.0,0.0,0.0,0.0,0.0,0.0,0.0,0.0,0.0,0.0,0.0,0.0,0.0,0.0,0.0,0.0,0.0,0.0,0.0,0.0,0.0,0.0,0.0,0.0,0.0,0.0,0.0,0.0,0.0,0.0,0.0,0.0,0.0,0.0,0.0,0.0,0.0,0.0,0.0,0.0,0.0,0.0,0.0,0.0,0.0,0.0,0.0,0.0,0.0,0.0,0.0,0.0,0.0,0.0,0.0,0.0,0.0,0.0,0.0,0.0,0.0,0.0,0.0,0.0,0.0,0.0,0.0,0.0,0.0,0.0,0.0,0.0,0.0,0.0,0.0,0.0,0.0,0.0,0.0,0.0,0.0,0.0,0.0,0.0,0.0,0.0,0.0,0.0,0.0,0.0,0.0,0.0,0.0,0.0,0.0,0.0,0.0,0.0,0.0,0.0,0.0,0.0,0.0,0.0,0.0,0.0,0.0,0.0,0.0,0.0,0.0,0.0,0.0,0.0,0.0,0.0,0.0,0.0,0.0,0.0,0.0,0.0,0.0,0.0,0.0,0.0,0.0,0.0,0.0,0.0,0.0,0.0,0.0,0.0,0.0,0.0,0.0,0.0,0.0,0.0,0.0,0.0,0.0,0.0,0.0,0.0,0.0,0.0,0.0,0.0,0.0,0.0,0.0,0.0,0.0,0.0,0.0,0.0,0.0,0.0,0.0,0.0,0.0,0.0,0.0,0.0,0.0,0.0,0.0,0.0,0.0,0.0,0.0,0.0,0.0,0.0,0.0,0.0,0.0,0.0,0.0,0.0,0.0,0.0,0.0,0.0,0.0,0.0,0.0,0.0,0.0,0.0,0.0,0.0,0.0,0.0,0.0,0.0,0.0,0.0,0.0,0.0,0.0,0.0,0.0,0.0,0.0,0.0,0.0,0.0,0.0,0.0,0.0,0.0,0.0,0.0,0.0,0.0,0.0,0.0,0.0,0.0,0.0,0.0,0.0,0.0,0.0,0.0,0.0,0.0,0.0,0.0,0.0,0.0,0.0,0.0,0.0,0.0,0.0,0.0,0.0,0.0,0.0,0.0,0.0,0.0,0.0,0.0,0.0,0.0,0.0,0.0,0.0,0.0,0.0,0.0,0.0,0.0,0.0,0.0,0.0,0.0,0.0,0.0,0.0,0.0,0.0,0.0,0.0,0.0,0.0,0.0,0.0,0.0,0.0,0.0,0.0,0.0,0.0,0.0,0.0,0.0,0.0,0.0,0.0,0.0,0.0,0.0,0.0,0.0,0.0,0.0,0.0,0.0,0.0,0.0,0.0,0.0,0.0
0.4054099,0.41036516,0.41476116,0.44256863,0.4285542,0.41107553,0.43029758,0.42878857,0.4060562,0.44426078,0.4267581,0.4137591,0.41719237,0.41968232,0.39351287,0.42482784,0.45907232,0.39724612,0.3975659,0.4218858,0.46957672,0.429482,0.3865965,0.39906102,0.4282597,0.41787747,0.409456,0.43129998,0.4296814,0.40162906,0.41351163,0.36224878,0.40911156,0.4115621,0.4031483,0.3776473,0.41294175,0.38309312,0.41600686,0.38253865,0.4180025,0.40581816,0.44500375,0.41657573,0.4304703,0.44270656,0.4144214,0.41467825,0.3820409,0.42609638,0.42130798,0.40223983,0.42441827,0.42342302,0.42048588,0.41480634,0.41005144,0.38742313,0.3945513,0.43814564,0.37913013,0.42895576,0.43203124,0.44781208,0.3829776,0.39765945,0.39068016,0.45234847,0.43525657,0.41147977,0.4119879,0.4122054,0.4240631,0.43583772,0.41473502,0.43976688,0.4207444,0.3998371,0.40852308,0.41565973,0.42907718,0.38946807,0.44037807,0.3657022,0.4138298,0.4191337,0.42385963,0.41999078,0.4348115,0.38882947,0.40767872,0.41206616,0.44318545,0.39420408,0.39431298,0.43176857,0.41326928,0.42270938,0.41258514,0.37740612,0.4209913,0.40446338,0.4140499,0.41534767,0.41425365,0.41047752,0.40324017,0.40056285,0.42770094,0.4056661,0.39388925,0.4041461,0.4375692,0.42816103,0.39987427,0.42253473,0.38864127,0.4271521,0.38876116,0.41475517,0.40437394,0.4043478,0.40782118,0.43204963,0.4283957,0.40800142,0.45414627,0.42288232,0.43786716,0.4384603,0.43605727,0.42159224,0.41412443,0.4276523,0.43014988,0.3929811,0.40039158,0.4249664,0.4149319,0.41695833,0.40213904,0.43674403,0.40554374,0.42844927,0.41418722,0.40621856,0.4166948,0.39242625,0.41290206,0.40164655,0.43761802,0.39076984,0.42074254,0.45222852,0.42971614,0.41708627,0.41258702,0.4427634,0.3917354,0.41576138,0.39696094,0.40786633,0.40784314,0.39468825,0.43387276,0.39605364,0.4034287,0.4334031,0.41466743,0.40952945,0.39634272,0.40386736,0.42108473,0.44769567,0.4105083,0.44028267,0.41615713,0.4107474,0.3985926,0.39849094,0.45197862,0.43619016,0.4059223,0.3948337,0.40628722,0.40585682,0.3990662,0.42249316,0.41186047,0.39110348,0.4031621,0.43417683,0.398609,0.4168451,0.38403264,0.4703483,0.44422588,0.42105535,0.42224187,0.4199335,0.42952648,0.4263212,0.40614077,0.39076775,0.41788283,0.4153089,0.4141439,0.40919414,0.45141256,0.4215812,0.41650718,0.3894961,0.43481436,0.43068695,0.39992,0.40380764,0.41453648,0.43836007,0.4403516,0.43387163,0.42294738,0.41881767,0.40401077,0.42865723,0.39358145,0.42092445,0.43620577,0.4303133,0.41933203,0.41578564,0.4170193,0.39733496,0.4325123,0.4188837,0.43043715,0.39725587,0.4354304,0.40467027,0.44777328,0.44041687,0.42328244,0.42477405,0.42530498,0.3714089,0.46587783,0.45160943,0.37979844,0.4401772,0.4301591,0.4182902,0.3855283,0.42418808,0.40088576,0.43579048,0.42269546,0.38007528,0.40586853,0.41301498,0.38055295,0.39824998,0.4155648,0.43315002,0.4270896,0.41105676,0.40757445,0.4368826,0.41424668,0.4232482,0.38201404,0.41980296,0.4198536,0.41331214,0.41855496,0.38377696,0.40404484,0.39847356,0.4153318,0.43352896,0.38779092,0.41399032,0.42157814,0.39870244,0.42389697,0.39007965,0.42188317,0.40264374,0.4203012,0.43094432,0.40952885,0.40055594,0.42218423,0.4457749,0.3904926,0.44303054,0.42475522,0.4187692,0.42845556,0.4307056,0.42995045,0.43843925,0.41580227,0.43233865,0.41133916,0.40834686,0.37609822,0.44935256,0.40860125,0.38404375,0.42960444,0.4156656,0.4323194,0.43082574,0.4352383,0.42325452,0.39331043,0.42933384,0.42178485,0.4205392,0.40869462,0.42427891,0.40223536,0.38600332,0.44322455,0.44318986,0.4173392,0.36753538,0.4124563,0.44278827,0.41517937,0.42324066,0.4602486,0.40505844,0.4070871,0.39750832,0.44542062,0.3765944,0.41433537,0.4142986,0.45169127,0.4513134,0.4015495,0.4203701,0.42028266,0.40451297,0.41875127,0.4375236,0.41768792,0.4006167,0.39068806,0.43931115,0.40060234,0.42578638,0.3991117,0.41173315,0.40617394,0.41083905,0.41112185,0.38969895,0.40253884,0.43291557,0.40424842,0.4259629,0.4166352,0.40622413,0.44352064,0.43206853,0.42261538,0.42153957,0.40554133,0.3901962,0.4366103,0.43606836,0.3984001,0.44051415,0.40110523,0.42416996,0.4233463,0.40270656,0.39820388,0.42804626,0.4443146,0.4113131,0.4068845,0.42457682,0.42145154,0.42751977,0.4235611,0.420448,0.37017128,0.40259948,0.39337352,0.42000848,0.4594681,0.43291003,0.42090297,0.42692125,0.4214406,0.41342044,0.41722995,0.42215782,0.45702636,0.43087518,0.39166,0.3955909,0.43674317,0.4574958,0.37253353,0.43952274,0.42573303,0.4034839,0.4535526,0.42205617,0.41292822,0.3911366,0.36406252,0.43916738,0.42912138,0.40562242,0.4496743,0.43078637,0.42280206,0.40197805,0.39546588,0.40827447,0.40361446,0.40653074,0.3974451,0.4308448,0.412363,0.36853975,0.42965296,0.3891505,0.40871984,0.41295928,0.43455976,0.44502065,0.42747274,0.38658923,0.42770317,0.40203905,0.41495773,0.4167088,0.42413568,0.42305773,0.4000274,0.43283617,0.40734395,0.4116225,0.4384371,0.44184682,0.41918167,0.42783782,0.42734462,0.4214691,0.43449596,0.4125689,0.40118757,0.4067889,0.41596296,0.42496827,0.39775676,0.43589312,0.36150146,0.41938466,0.41456842,0.41292962,0.43269476,0.41826117,0.38689658,0.40520632,0.4196049,0.42100278,0.42409152,0.41563696,0.4205982,0.4129762,0.41634005,0.39655018,0.40852764,0.41734654,0.4158626,0.41120717,0.41486323,0.42036626,0.39745542,0.42363125,0.42046,0.40356162,0.40388176,0.43569213,0.42186248,0.42664042,0.4269933,0.37515855,0.4601646,0.43513626,0.43764102,0.43678862,0.41330034,0.43931597,0.41410437,0.41660276,0.4205645,0.4280191,0.43221003,0.42614174,0.44425398,0.40822756,0.39890048,0.42566392,0.4125892,0.38980928,0.3895435,0.37519878,0.45543328,0.42048118,0.43213236,0.42539847,0.43077913,0.3914026,0.4345676,0.41339552,0.43035626,0.4130864,0.43258223,0.40379182,0.4168132,0.4406314,0.48045167,0.42362592,0.4075812,0.4630404,0.40357718,0.41342548,0.39456236,0.43834582,0.41628838,0.4065256,0.42174026,0.38667008,0.3896272,0.43053102,0.44505686,0.4226396,0.39073232,0.42194897,0.4166588,0.4174084,0.41192275,0.4190151,0.4345134,0.4179889,0.41747114,0.41989133,0.4545082,0.4285878,0.45499277,0.4240602,0.4241287,0.3913915,0.41477704,0.4163101,0.42598468,0.4273583,0.419226,0.4288698,0.38595697,0.40388674,0.4280755,0.4347669,0.4430724,0.40450254,0.38298982,0.40773854,0.39971176,0.45087406,0.40771246,0.3829958,0.44266555,0.37364972,0.44687644,0.40244448,0.40554097,0.4052791,0.42123622,0.4051338,0.42339075,0.41174147,0.4345126,0.43003297,0.4027065,0.40398505,0.42087847,0.447733,0.4169364,0.40697774,0.4287935,0.43369043,0.41638264,0.4115634,0.38052577,0.42912114,0.42324987,0.40271792,0.42452568,0.39685747,0.3984032,0.39161527,0.39229003,0.43272686,0.40666234,0.4195186,0.4246828,0.4543842,0.4374288,0.39007226,0.42094943,0.39026454,0.38683742,0.4294304,0.3976442,0.39908627,0.39063603,0.4222253,0.42522785,0.3857419,0.4614687,0.4151956,0.394917,0.40209562,0.36016524,0.4070961,0.41433552,0.39665163,0.39058733,0.46233764,0.41892022,0.42291722,0.4301782,0.40705192,0.41543612,0.4211853,0.4257311,0.40883768,0.4121661,0.39971396,0.421038,0.43584484,0.40770668,0.42226356,0.41890535,0.44645315,0.41331738,0.43229303,0.3844798,0.4483722,0.43041393,0.4036181,0.41961998,0.41925356,0.44116244,0.4029807,0.41291422,0.41814455,0.41939592,0.4352927,0.3835111,0.4546816,0.39901707,0.3850279,0.42551816,0.42361444,0.4213206,0.43291038,0.38948077,0.4047853,0.41969863,0.43504116,0.38997346,0.41429517,0.42552096,0.42192882,0.44307822,0.38035515,0.39710912,0.40666705,0.43587238,0.38083106,0.4424201,0.41649947,0.42957836,0.4145999,0.42640525,0.44307083,0.42208245,0.40932304,0.4280037,0.41252908,0.42032796,0.4221769,0.39574292,0.41990048,0.422174,0.43407914,0.38564992,0.4048326,0.40843725,0.37442797,0.42152983,0.39427623,0.41742718,0.4491136,0.42643726,0.39889047,0.42296153,0.39899346,0.4219627,0.41128922,0.41571495,0.42249686,0.39407736,0.3974926,0.40503117,0.4419409,0.42575818,0.4061677,0.3688851,0.4196207,0.37708935,0.39372674,0.42827684,0.40654886,0.40541103,0.39518708,0.41627288,0.4262342,0.39799628,0.38360643,0.43773976,0.427194,0.42008647,0.45048136,0.44556043,0.41652995,0.42096013,0.4161127,0.39621994,0.40551606,0.37289202,0.40252745,0.39852053,0.42439198,0.4666813,0.41311902,0.45425868,0.42671263,0.42455295,0.43591213,0.38824087,0.442667,0.41023898,0.42420438,0.44080704,0.42822972,0.3986152,0.43356997,0.41827542,0.40421817,0.41376445,0.40512818,0.40402097,0.3853032,0.44470465,0.39726675,0.43462685,0.41980654,0.435493,0.39427766,0.4397142,0.42702818,0.42431718,0.39376888,0.42747587,0.43419948,0.41169554,0.41544476,0.41713178,0.38057616,0.4214356,0.42217967,0.40480083,0.41101667,0.4052779,0.3822725,0.42324156,0.40836155,0.3945285,0.40219632,0.45138255,0.4168614,0.41029638,0.42859575,0.40380922,0.4276502,0.41049546,0.42689478,0.4543261,0.4116481,0.40380484,0.41201854,0.4466076,0.41476288,0.41099322,0.42384112,0.44701308,0.3973703,0.38885954,0.43029842,0.42917106,0.42832702,0.42595768,0.4006828,0.4361658,0.43142015,0.39822936,0.39901388,0.39237714,0.43885198,0.4238581,0.3995525,0.37715065,0.445552,0.41010433,0.41507885,0.41049835,0.40269297,0.4329157,0.38272884,0.3913608,0.38173547,0.42398256,0.36913607,0.45297194,0.4255174,0.43962216,0.3897462,0.43543375,0.4236418,0.40251955,0.43111536,0.42613065,0.43120024,0.41684684,0.42941386,0.43813422,0.40190336,0.39417836,0.42138538,0.42869547,0.40519005,0.42229268,0.4260736,0.4072695,0.4029358,0.40484363,0.4262141,0.4084862,0.4153316,0.44101036,0.42154053,0.3904158,0.39814588,0.41842806,0.43315405,0.40651065,0.4079373,0.3798087,0.4204775,0.41135782,0.3687154,0.4195234,0.41471124,0.3998397,0.41021305,0.42780107,0.37422684,0.39955953,0.40410653,0.43426746,0.4130628,0.4201278,0.4163276,0.43201908,0.42449236,0.44345373,0.44239995,0.4439912,0.37691647,0.41478944,0.41221303,0.4386466,0.4605872,0.44080895,0.43960965,0.39030218,0.41802877,0.454733,0.41969052,0.41744488,0.38554975,0.3891976,0.3660607,0.4157774,0.44811997,0.42780292,0.41694933,0.41448593,0.41562167,0.40253782,0.41923743,0.45342433,0.45124432,0.43219098,0.4478921,0.39596066,0.42597672,0.42513797,0.43785837,0.43013212,0.4076019,0.41863754,0.42126846,0.41008362,0.37548047,0.43650794,0.42628643,0.42891923,0.4063423,0.42395198,0.46220946,0.41601503,0.41577125,0.38179645,0.41258678,0.40717262,0.37366378,0.39229387,0.4129036,0.41820973,0.44188222,0.43992543,0.40328437,0.43455112,0.42542917,0.37253946,0.3890206,0.3979639,0.40876117,0.41111034,0.4054097,0.44769302,0.41910255,0.44543654,0.3935426,0.37816706,0.39453325,0.40702176,0.41494063,0.43406558,0.41502213,0.43819398,0.41822863,0.42408097,0.40115255,0.40135,0.41380084,0.40179023,0.4292959,0.42168468,0.4324365,0.44547725,0.41561514,0.4191345,0.42449278,0.3870081,0.40504113,0.39223582,0.39104092,0.41283458,0.41444215,0.42945015,0.4720136,0.44383505,0.40655753,0.39807862,0.42996687,0.4219337,0.44637287,0.42058945,0.4082631
0.56934726,0.6145696,0.60497016,0.59638107,0.60060525,0.55729824,0.56330615,0.616513,0.5649368,0.6478179,0.56730837,0.5831276,0.5951579,0.58495605,0.5679209,0.570075,0.61972195,0.5870999,0.56271607,0.59362686,0.6196338,0.610923,0.549721,0.5747972,0.61826974,0.5876315,0.6024964,0.65876865,0.58287936,0.56846917,0.57026213,0.5725821,0.5371854,0.56020695,0.58641434,0.56600314,0.57984537,0.5663246,0.57058895,0.54411,0.59132963,0.5666328,0.59427047,0.57156825,0.60670036,0.60379726,0.5854525,0.5736059,0.5797491,0.6041035,0.562714,0.58235943,0.6110462,0.62618387,0.5528994,0.58665323,0.5624837,0.54094666,0.5959882,0.5943185,0.56200933,0.6017445,0.58108747,0.6023592,0.56981796,0.57893956,0.5599019,0.60372883,0.6026532,0.5806123,0.58058375,0.60518014,0.5869431,0.604524,0.6323916,0.62297606,0.58279175,0.60529286,0.5878148,0.57974815,0.56485206,0.52425617,0.59299946,0.5863985,0.59995925,0.5429266,0.60078996,0.58281505,0.6041928,0.55376214,0.5870414,0.5954796,0.58155024,0.5767713,0.5729096,0.56544125,0.5762337,0.58789635,0.58862555,0.5762734,0.5986891,0.5783665,0.5804008,0.55546725,0.5887989,0.56681204,0.59599286,0.6262675,0.569746,0.5723752,0.5964736,0.5695026,0.6033957,0.615327,0.57999367,0.6212424,0.58541274,0.5909483,0.5644157,0.5869107,0.58902335,0.5871742,0.5850009,0.6174908,0.62639505,0.5835362,0.618237,0.56593764,0.59618765,0.62008935,0.63115066,0.58895063,0.5978562,0.65162414,0.58904403,0.5565376,0.5884888,0.62718606,0.56941384,0.6003818,0.5680285,0.59801567,0.5523074,0.57965523,0.60656846,0.5971427,0.5815745,0.57285166,0.58945477,0.5911788,0.6378019,0.5441609,0.61564386,0.628521,0.6082112,0.61643785,0.5879898,0.5955355,0.576769,0.5650512,0.59674907,0.56717753,0.59389377,0.5535949,0.597072,0.6076494,0.5600889,0.62407625,0.5966016,0.57303816,0.58465314,0.5741762,0.5638023,0.6027738,0.5844965,0.597578,0.58608806,0.56254554,0.5837168,0.5877867,0.5964154,0.57842326,0.57715464,0.570955,0.55338,0.5889008,0.5888876,0.59228545,0.5597409,0.5550567,0.6015142,0.5910116,0.5632407,0.59490865,0.5462223,0.6077741,0.6093246,0.6200161,0.6145411,0.6005309,0.6072091,0.58814895,0.55913764,0.54024476,0.57745695,0.5951599,0.57706034,0.6068804,0.5936196,0.5560552,0.6083537,0.59698176,0.6075497,0.6039691,0.56619644,0.5667051,0.5823604,0.6014103,0.6127601,0.57453847,0.61148375,0.60601485,0.5852009,0.5774059,0.5448091,0.5459079,0.60488987,0.60787344,0.604159,0.57796276,0.6299578,0.5801133,0.57559335,0.5630115,0.59761524,0.565784,0.60556024,0.6275325,0.61421853,0.57586384,0.5984856,0.60747486,0.5718636,0.5338798,0.6003331,0.63700986,0.5480981,0.6077921,0.6079441,0.59666276,0.55849856,0.62460214,0.59379745,0.5886892,0.557004,0.5604811,0.5832626,0.58169067,0.53778195,0.60036033,0.58305424,0.6063549,0.5881568,0.5856478,0.5529166,0.63722885,0.5713079,0.58512884,0.58913076,0.6044869,0.5715556,0.5838692,0.5705483,0.5324801,0.5973194,0.58210695,0.58168143,0.609094,0.60570335,0.56462026,0.5980108,0.55910015,0.59899485,0.56368154,0.59888995,0.5906348,0.5746671,0.6069223,0.5382697,0.5981918,0.601485,0.5885934,0.6053866,0.62407964,0.5647597,0.6038504,0.5847219,0.594805,0.58262,0.6423168,0.5960355,0.5777086,0.6003691,0.5991581,0.582056,0.6319678,0.5565959,0.56400853,0.58807796,0.57353634,0.56983674,0.60943615,0.57139397,0.6108114,0.55168307,0.59636027,0.5800099,0.59323514,0.5619794,0.6093878,0.5884434,0.5695311,0.62353945,0.62925875,0.6048894,0.5563669,0.56926787,0.6104996,0.60948163,0.5912116,0.6289047,0.596815,0.5559411,0.5851082,0.6109438,0.5342521,0.57306015,0.58759564,0.60078347,0.59695566,0.57570153,0.5840653,0.5978189,0.59616333,0.5950502,0.6170844,0.61581546,0.59360695,0.56575286,0.6627353,0.5599979,0.5466989,0.6153533,0.5735972,0.57546103,0.60341394,0.58774817,0.5798376,0.6130473,0.62467796,0.6208073,0.6079344,0.5867939,0.58519673,0.61898065,0.5481025,0.58550113,0.5874754,0.58419144,0.6001599,0.6291083,0.59162474,0.5671843,0.57108647,0.5849524,0.61035776,0.54458535,0.59777284,0.56309515,0.5676973,0.62552947,0.5666589,0.56701773,0.5640017,0.5847531,0.5887919,0.6034068,0.5876618,0.5562095,0.5760925,0.5612093,0.60308915,0.62599725,0.5964273,0.6071072,0.57252294,0.6367022,0.56074363,0.58170855,0.5910346,0.61098546,0.6314458,0.5888776,0.57469213,0.6003748,0.6238196,0.5556149,0.5907588,0.5980001,0.54770726,0.60149527,0.5910893,0.58969164,0.5787453,0.5380748,0.6033639,0.61335593,0.611496,0.59140396,0.6377996,0.5821529,0.5696127,0.54928714,0.5557125,0.54946023,0.5534466,0.5568925,0.59281635,0.5818335,0.5213808,0.60838217,0.60402834,0.56622833,0.5868576,0.6049279,0.5817879,0.5942965,0.5897135,0.5963573,0.570732,0.5936126,0.56458306,0.58631897,0.6096458,0.6031776,0.5853109,0.5922948,0.58884925,0.5815521,0.6015632,0.59177727,0.57991093,0.57054055,0.5785286,0.6321019,0.60877967,0.57554346,0.56596786,0.59632134,0.5905843,0.5967854,0.5942835,0.535853,0.59300464,0.6059227,0.6027881,0.5948925,0.59818375,0.57817173,0.5643392,0.5769043,0.5629694,0.59937656,0.5993939,0.5839949,0.5801808,0.5684566,0.5628101,0.5705484,0.5794763,0.5971378,0.606383,0.581264,0.5849992,0.581603,0.5734748,0.55769044,0.5829582,0.5680973,0.581732,0.6035021,0.61900914,0.5759021,0.5781685,0.63287437,0.62599677,0.5845681,0.5796993,0.61099523,0.64131004,0.58831203,0.56753933,0.5925142,0.63795596,0.59953296,0.606003,0.5862706,0.60032654,0.57687604,0.58998436,0.61800236,0.5916225,0.6154716,0.55048746,0.6200387,0.58282936,0.57322526,0.60189927,0.593037,0.5753606,0.6095399,0.63465345,0.59621453,0.5982307,0.5985791,0.56425095,0.5800333,0.62160623,0.6666331,0.5590309,0.58547163,0.6190745,0.6038775,0.5688082,0.5578016,0.6056366,0.63738894,0.5370398,0.58135074,0.5744823,0.5879755,0.60188746,0.6114533,0.61990994,0.56860584,0.5834964,0.57877755,0.5797365,0.5681472,0.5845496,0.5953135,0.5831532,0.6006553,0.60973275,0.6247369,0.5989625,0.5865239,0.59011227,0.6023099,0.5566166,0.58700687,0.6098876,0.5615943,0.59442085,0.6039113,0.60843456,0.57611257,0.56876445,0.56128556,0.5994888,0.63138396,0.58723944,0.5318107,0.58876586,0.57246894,0.6119992,0.5911277,0.5504048,0.6095803,0.5341788,0.5816733,0.5556022,0.57699305,0.5872929,0.60582423,0.6124894,0.6333121,0.61121583,0.6393206,0.58045805,0.60215324,0.5818401,0.5954266,0.61184394,0.62967086,0.5764019,0.6127696,0.62474823,0.5435381,0.5861084,0.5453658,0.61434525,0.61278313,0.5473679,0.585709,0.57462245,0.54915583,0.6037014,0.57297623,0.608822,0.58149856,0.5624795,0.5970092,0.59546685,0.6178529,0.566137,0.5951606,0.53892833,0.55656654,0.6014587,0.5899194,0.57738894,0.5840623,0.66599643,0.60589194,0.5872342,0.6022456,0.5776235,0.59660214,0.5787682,0.5066209,0.57941216,0.5591335,0.5681877,0.5641256,0.6356949,0.58006126,0.57729816,0.58756673,0.58498746,0.5573619,0.5795417,0.59559584,0.5593018,0.5958376,0.6000617,0.57918453,0.60946846,0.61182415,0.6015788,0.57837725,0.64607894,0.5654242,0.6122636,0.5536584,0.62841165,0.58415705,0.620353,0.5919952,0.5837368,0.58831346,0.58938473,0.59801126,0.6266685,0.6136981,0.59416467,0.5966705,0.6037562,0.59341246,0.601466,0.57551986,0.58385116,0.5742034,0.57921875,0.581121,0.5949766,0.5890988,0.58952314,0.54309535,0.5719278,0.5827117,0.58877444,0.59685445,0.5488125,0.5578577,0.57558054,0.63113457,0.55497926,0.6254722,0.5806175,0.5917181,0.60576165,0.5935329,0.57534814,0.5781687,0.5935115,0.6022865,0.6091293,0.56033593,0.5909715,0.59451586,0.5405539,0.5732631,0.60088336,0.5631724,0.58283454,0.54507035,0.58801967,0.60413665,0.5972573,0.56976396,0.60601324,0.5828785,0.5638661,0.5906572,0.5521246,0.5499471,0.5888722,0.5852311,0.5990696,0.5784227,0.5844687,0.5576313,0.59014094,0.6158661,0.54970783,0.58750826,0.57306373,0.5556024,0.5559789,0.5980608,0.5673827,0.56725276,0.5607408,0.5899906,0.5915626,0.5536136,0.54974073,0.56457406,0.56463766,0.59090686,0.6196198,0.5828212,0.5767918,0.5738405,0.57633615,0.5811242,0.57127666,0.5586011,0.58238786,0.5818755,0.59301394,0.6273773,0.57697636,0.60645825,0.5917997,0.56847286,0.5709976,0.5765122,0.5792016,0.6045118,0.60031176,0.57287824,0.5938353,0.5810108,0.5815206,0.60774726,0.56388044,0.5700846,0.5597315,0.5586909,0.5697956,0.57820463,0.6020184,0.58748764,0.6216266,0.62948954,0.5709881,0.60594255,0.60315746,0.57361865,0.58726066,0.6209499,0.590806,0.57393056,0.58244854,0.5941038,0.5723019,0.6238667,0.5861448,0.6027956,0.56036025,0.59327555,0.5734426,0.5696826,0.5972979,0.6014068,0.5713923,0.6126009,0.5819562,0.6077895,0.6365845,0.57638973,0.563664,0.5956602,0.6025435,0.59035575,0.60488605,0.5764451,0.57297796,0.6223978,0.5996144,0.5662139,0.5757327,0.60396814,0.54786175,0.5610967,0.6252961,0.60778993,0.6426276,0.595423,0.6075348,0.5843834,0.58546275,0.5903771,0.587385,0.5755166,0.63450706,0.59896153,0.5595497,0.55425256,0.60226715,0.5697225,0.5936145,0.61217946,0.58340204,0.5785741,0.5658294,0.57122886,0.57740074,0.60573417,0.5265594,0.6773839,0.5707697,0.5604456,0.5770694,0.57885283,0.5673479,0.55555177,0.5760179,0.5898768,0.61658806,0.56880474,0.61315143,0.60620713,0.56471014,0.55513376,0.59587526,0.5925153,0.57025236,0.623541,0.6026373,0.61136264,0.5772697,0.5795295,0.60088426,0.59399956,0.6043868,0.5979606,0.62121695,0.56871676,0.61410946,0.5789244,0.64192533,0.5567071,0.5838733,0.55772555,0.5501279,0.57193506,0.5687139,0.6310273,0.58491004,0.56325334,0.5669747,0.5948351,0.5466407,0.57126933,0.56964797,0.59069496,0.5680011,0.6287232,0.5724247,0.61956316,0.5919421,0.60660315,0.627663,0.58153653,0.55094,0.57047296,0.57469916,0.6181262,0.58397293,0.5922622,0.55884576,0.57807946,0.5956908,0.6088805,0.58390516,0.59467983,0.53768086,0.5254807,0.53206295,0.60160035,0.61607474,0.61729854,0.58690715,0.62600255,0.5872799,0.54112905,0.5892467,0.53951645,0.6243155,0.5854242,0.61065555,0.5774266,0.5985768,0.5906843,0.5918707,0.5921152,0.58915836,0.58871245,0.61268896,0.6013685,0.56541663,0.56489456,0.5941905,0.5838764,0.57746816,0.6070708,0.5787085,0.5980906,0.6076534,0.56053936,0.59108645,0.57930815,0.5381702,0.52479064,0.5784774,0.5648156,0.60115635,0.6513986,0.5769912,0.607939,0.5845418,0.56086946,0.54936177,0.58321273,0.61016613,0.5971655,0.60222834,0.61090994,0.5595406,0.585688,0.5674375,0.574949,0.5909575,0.5812441,0.6070798,0.61902666,0.59312606,0.58173007,0.61428696,0.610696,0.5506416,0.5716916,0.55973655,0.566602,0.61241484,0.57545495,0.5961556,0.6026122,0.59726954,0.55943614,0.59830344,0.59053624,0.5901105,0.5640675,0.58745825,0.5785501,0.64711016,0.60375595,0.6243248,0.63830006,0.5775536,0.58328354,0.5862495,0.58195996,0.65162927,0.6052374,0.58619535
0.65356857,0.6687826,0.66135716,0.6641131,0.6383908,0.6434104,0.6336215,0.66604745,0.63081837,0.692916,0.68624747,0.6680926,0.69310105,0.68186414,0.67144,0.6615564,0.6930258,0.6390286,0.64675295,0.6444103,0.6900737,0.708702,0.61024,0.6657188,0.62655,0.63971305,0.6584795,0.64190394,0.66377974,0.6309422,0.6311444,0.6786066,0.6144877,0.6492609,0.64005965,0.63368505,0.6291786,0.6237287,0.6494702,0.6192695,0.63642734,0.6576879,0.611623,0.6011858,0.6881735,0.63507134,0.651775,0.6534157,0.619014,0.6429574,0.6374918,0.6614517,0.65247476,0.6719092,0.6290658,0.65810645,0.63472956,0.6430651,0.6618885,0.65866464,0.62275803,0.64359725,0.68159974,0.6399357,0.5823407,0.63030154,0.5923401,0.6276872,0.6570044,0.6458444,0.63316023,0.6340027,0.6370605,0.6276635,0.61825085,0.6785735,0.6526295,0.63743836,0.64841074,0.6369213,0.68748575,0.65916806,0.6500197,0.6102875,0.640501,0.6584119,0.6634826,0.63571185,0.6498982,0.6430005,0.62092227,0.6537194,0.64571303,0.6489701,0.6356867,0.63257515,0.6720381,0.6498586,0.66318005,0.619088,0.6549358,0.65703875,0.64011395,0.6601809,0.64603984,0.6212996,0.63442683,0.6079737,0.6763443,0.6227437,0.6438148,0.6682832,0.6666194,0.65902656,0.64937526,0.6543955,0.6180599,0.6478014,0.6321956,0.6328167,0.656969,0.60218763,0.6652572,0.63273895,0.65183747,0.62291735,0.65372515,0.65313303,0.6564473,0.66507715,0.6818068,0.6538645,0.607131,0.6442803,0.68465257,0.59534144,0.63233906,0.6290709,0.6737806,0.6793066,0.66919005,0.64621973,0.6380843,0.66988415,0.68619895,0.63182956,0.63173485,0.6436335,0.67626137,0.5999091,0.6502822,0.677248,0.64834523,0.6584405,0.6612296,0.6495944,0.6388087,0.6567919,0.6442017,0.6617562,0.6548103,0.64999086,0.65190065,0.6488055,0.64322567,0.64521474,0.66306263,0.63105977,0.6768062,0.63902867,0.6498331,0.6271544,0.6820029,0.6649521,0.6658747,0.66003,0.67831844,0.6612145,0.6496978,0.6195539,0.6787053,0.65746194,0.68584424,0.63445514,0.6262073,0.6173713,0.6555233,0.6507262,0.6043339,0.6619245,0.64639974,0.6209041,0.64629257,0.66805923,0.61279976,0.6983691,0.6726104,0.6468904,0.662678,0.65587205,0.6407001,0.6478897,0.64793193,0.6225633,0.6449464,0.63957834,0.665298,0.63824946,0.69406736,0.66399634,0.65495443,0.6617046,0.6551645,0.63498986,0.6198101,0.6312041,0.68354744,0.6341194,0.70012975,0.63649815,0.67048675,0.64421743,0.6518652,0.67603457,0.6111423,0.6580528,0.6853844,0.6592268,0.64181405,0.67594224,0.6515877,0.6531151,0.6345537,0.65100324,0.66403574,0.6248509,0.62401396,0.65459716,0.6674485,0.65230995,0.6436337,0.6742218,0.6472442,0.62706107,0.6828412,0.6722344,0.62562186,0.67595375,0.66831845,0.63848937,0.63124365,0.6504807,0.6481892,0.6832832,0.6244506,0.6417676,0.63303775,0.65253824,0.6530868,0.6278591,0.6338071,0.6507472,0.6542244,0.6383325,0.6774538,0.6485183,0.62328476,0.6462293,0.63932997,0.64970744,0.65373665,0.660541,0.6626479,0.6417719,0.64695203,0.6238205,0.664757,0.6568768,0.6816224,0.66387504,0.64574844,0.6403495,0.6550842,0.65257484,0.6350789,0.6549475,0.6876804,0.6546486,0.64380765,0.6559936,0.6148177,0.66066754,0.63293743,0.64858294,0.66167724,0.63659865,0.6328107,0.6715203,0.65864307,0.66109,0.63508755,0.6526153,0.65683347,0.6426963,0.62695473,0.67508525,0.63831455,0.62058294,0.6382503,0.651353,0.6234184,0.633752,0.6789038,0.6426765,0.6207711,0.7001962,0.64712024,0.65830976,0.66245294,0.6183428,0.6280756,0.6101944,0.67229486,0.6918361,0.6653401,0.6256375,0.6538612,0.6416369,0.6497801,0.6238893,0.6579269,0.6400132,0.6331264,0.63303345,0.6405114,0.61179054,0.6370481,0.60644186,0.6565274,0.66590786,0.62695426,0.6489513,0.6546915,0.6043093,0.63945377,0.6320753,0.6412227,0.6412412,0.6446112,0.6359837,0.64955306,0.69658303,0.63996726,0.65063924,0.62032175,0.65354633,0.65317416,0.6359444,0.6418246,0.6795811,0.6101874,0.67638123,0.64010996,0.62359107,0.65540063,0.6470747,0.6340486,0.6364681,0.6203274,0.62614715,0.67029667,0.67749417,0.6133051,0.706701,0.6342506,0.6423804,0.6698362,0.63394326,0.6489452,0.69778997,0.65731347,0.6277711,0.64099336,0.6168322,0.63962805,0.62286544,0.6357694,0.6780305,0.618856,0.63420933,0.66624093,0.63377273,0.6606203,0.6431105,0.66509384,0.6670622,0.6546847,0.64265954,0.65632653,0.67030394,0.66211975,0.6345483,0.6436985,0.6394044,0.6433586,0.6445688,0.63334703,0.65191627,0.69492096,0.6789136,0.6252278,0.66087914,0.6397282,0.66594076,0.6187086,0.65525126,0.66906214,0.6448604,0.6563829,0.6179255,0.6634994,0.6262359,0.61228514,0.6682187,0.61110616,0.6330715,0.68322295,0.6440609,0.6542653,0.61579555,0.64606464,0.60473347,0.63283664,0.66154623,0.6681314,0.6522022,0.6587214,0.6425721,0.6528337,0.6349566,0.6209676,0.6394611,0.65245026,0.61819935,0.67220205,0.6170329,0.697204,0.6612775,0.63116467,0.6473921,0.6271475,0.6693095,0.6802561,0.6456599,0.6454699,0.6404301,0.63905734,0.62229836,0.64524806,0.64650196,0.63222086,0.6386977,0.597004,0.65681624,0.60883546,0.6234469,0.66507006,0.6452844,0.5882789,0.6667484,0.63965654,0.63976234,0.6742257,0.63493705,0.6636274,0.65916735,0.6506282,0.67243284,0.6579187,0.60793436,0.6401135,0.6377785,0.6421,0.6730413,0.6540625,0.67590123,0.6402909,0.6618421,0.6353297,0.6626644,0.6416461,0.70079386,0.63765615,0.60807794,0.7085895,0.64820707,0.64590114,0.61189,0.6620062,0.6464118,0.6040947,0.6777084,0.65408725,0.65479636,0.6563309,0.67835087,0.66588414,0.6157068,0.6521746,0.6295968,0.64522797,0.6239444,0.6277329,0.64583445,0.6387504,0.633954,0.63635767,0.66232014,0.6933615,0.6338886,0.6473165,0.6388702,0.6341026,0.65182513,0.62858665,0.6307716,0.6841903,0.6837988,0.6799118,0.6499637,0.6396793,0.6680886,0.67063946,0.6500295,0.65489596,0.6543694,0.6278685,0.6207922,0.65296996,0.6707809,0.63796043,0.6618178,0.6944207,0.6526175,0.66220886,0.6145686,0.64972687,0.6071823,0.6566647,0.6424881,0.66576326,0.6583408,0.6453582,0.67674345,0.668415,0.6685468,0.6976584,0.67260844,0.65318537,0.61916214,0.62818575,0.6497528,0.6732404,0.6806735,0.6287091,0.6369724,0.6500078,0.64251184,0.644711,0.67594314,0.6436484,0.6413924,0.6681283,0.63863504,0.6263513,0.6585053,0.64583004,0.6136129,0.6493288,0.6559671,0.640429,0.6382073,0.64977807,0.63229215,0.6627304,0.6159625,0.6656677,0.6375077,0.63038063,0.66638637,0.645051,0.6486326,0.7082834,0.6463315,0.6370728,0.6372385,0.6498225,0.6708364,0.6454633,0.6831714,0.6166934,0.6506647,0.63260597,0.6766062,0.6625725,0.6276069,0.61654484,0.65155375,0.6629017,0.62678456,0.64691645,0.6811674,0.64151406,0.6824382,0.69074035,0.6414074,0.60693616,0.65838814,0.60468876,0.63687396,0.6058125,0.6424914,0.63664293,0.63854325,0.6708662,0.6331589,0.66934824,0.6335919,0.64163965,0.65239286,0.58541894,0.631922,0.6481621,0.6526877,0.6366145,0.6740046,0.63139963,0.60809034,0.63583165,0.65314806,0.6710755,0.6356197,0.65916395,0.64688915,0.6253125,0.65932566,0.665505,0.64503527,0.6351961,0.65694165,0.6392862,0.6534531,0.65518415,0.6806627,0.6042466,0.6385606,0.64488506,0.63359314,0.62265235,0.65994626,0.67418265,0.6516218,0.6312276,0.6300396,0.6229351,0.70624983,0.63875234,0.65192413,0.63069177,0.64081585,0.6674949,0.66510165,0.65312105,0.6616387,0.637768,0.6261451,0.65363646,0.6902909,0.6360535,0.662688,0.6732561,0.6732086,0.6341255,0.63956743,0.61758024,0.63760656,0.6378144,0.65143937,0.6878929,0.6435823,0.6637516,0.65005726,0.6732305,0.65985066,0.64272493,0.65416527,0.6606058,0.6342206,0.63985175,0.6337661,0.6369602,0.6783367,0.6711514,0.6532558,0.6784544,0.6374885,0.6612449,0.64395666,0.63795626,0.6111135,0.6321986,0.6678856,0.6337727,0.6689147,0.6444727,0.644371,0.61654365,0.6131955,0.6785715,0.66285866,0.6349497,0.61358696,0.6448255,0.66336614,0.6522109,0.6192839,0.64206076,0.6578146,0.6222476,0.6517415,0.6540674,0.63707393,0.632067,0.6513911,0.66401285,0.6695317,0.6621135,0.6350005,0.6559809,0.6754598,0.6668475,0.66545165,0.67145294,0.66149765,0.63429797,0.618184,0.65708655,0.6633102,0.61944824,0.6650875,0.6169176,0.6476009,0.69153416,0.6299675,0.63076085,0.6681551,0.68199944,0.63313085,0.672688,0.6591892,0.6682081,0.671262,0.67905706,0.65900004,0.6299911,0.63190943,0.6182115,0.6515025,0.68332934,0.59654,0.65059525,0.6191106,0.64534175,0.6224125,0.65385085,0.6309337,0.65308344,0.654847,0.62655663,0.6404011,0.6795743,0.6517142,0.6276095,0.67847586,0.6407677,0.64129686,0.66580856,0.62052375,0.6545411,0.6589531,0.6714999,0.6056682,0.6514008,0.6232843,0.639891,0.61343026,0.6798576,0.6563175,0.6610102,0.653449,0.610546,0.69811434,0.65673935,0.62641686,0.6608605,0.62234026,0.68198127,0.66409403,0.6426426,0.66013473,0.6990306,0.65871954,0.6627219,0.6476039,0.646105,0.642727,0.64205605,0.63193256,0.63252556,0.6603821,0.67130315,0.6204578,0.656869,0.6553809,0.6762814,0.63171107,0.6161417,0.6425068,0.68042475,0.65144473,0.6570312,0.6575864,0.65996027,0.66827893,0.65006286,0.6560023,0.64474225,0.642036,0.6442835,0.64639366,0.6431783,0.6024654,0.6820905,0.66238844,0.65213287,0.62216043,0.6848323,0.6242703,0.65051925,0.6596843,0.6646667,0.662954,0.66934776,0.6452337,0.6409285,0.60755795,0.6274993,0.6446079,0.6510818,0.6635832,0.6387268,0.65675277,0.6294508,0.6240336,0.6582172,0.654366,0.66364765,0.65995586,0.66824776,0.68448555,0.6218798,0.6250416,0.6480063,0.6438256,0.65002614,0.6168253,0.6184379,0.6398208,0.67570734,0.61454195,0.6392067,0.6207296,0.62333184,0.62679803,0.65071046,0.61814034,0.63428223,0.6782961,0.6451083,0.67169785,0.6548318,0.6445784,0.6537248,0.6645211,0.61581635,0.66117716,0.65986377,0.6210123,0.66571873,0.6402128,0.6474036,0.67322344,0.64295334,0.62645435,0.6362463,0.6698247,0.6280296,0.6247678,0.6253239,0.6200208,0.64051396,0.6714039,0.63986915,0.6895988,0.6714333,0.6355514,0.6640541,0.69557434,0.61289865,0.6331399,0.6362233,0.6461959,0.63695735,0.6687881,0.66823196,0.6344594,0.6496072,0.65254694,0.6424994,0.6373336,0.6070689,0.6418807,0.6565922,0.6521512,0.64834625,0.6580693,0.6329333,0.64847696,0.65841055,0.67823225,0.70878917,0.6450677,0.639293,0.62901694,0.633041,0.63040406,0.6310129,0.65920067,0.6333606,0.64472055,0.66580945,0.63573974,0.661908,0.65391153,0.64601284,0.65838915,0.62403876,0.6474565,0.6502151,0.62892425,0.6918657,0.62770367,0.6383817,0.627932,0.6135429,0.6632453,0.6470921,0.6838607,0.6798464,0.6708592,0.65925455,0.62960714,0.64362234,0.62101555,0.6312537,0.6718829,0.63340956,0.6330122,0.66830647,0.6670254,0.6343267,0.648965,0.6271824,0.69088525,0.65103495,0.6581849,0.60215837,0.645825,0.6154889,0.6432011,0.6422445,0.68881494,0.6679548,0.66443855,0.6178883,0.641282,0.6616852,0.692025,0.6519554,0.6773452
0.14952114,0.1474159,0.19315155,0.14734167,0.15055516,0.12026529,0.14342856,0.17158645,0.12237593,0.18619502,0.11722528,0.1372535,0.14165089,0.14586592,0.121750034,0.07377622,0.1467279,0.13593851,0.15379466,0.15656863,0.15433228,0.14185114,0.09826495,0.1999504,0.17507648,0.15576568,0.14488657,0.18273845,0.1198884,0.17061839,0.13822152,0.1701318,0.13014261,0.13616489,0.15106472,0.11669339,0.14385968,0.13597381,0.15333389,0.13472366,0.13911024,0.124878675,0.16689841,0.11577127,0.17757098,0.19331852,0.16570237,0.15466413,0.19491133,0.16154999,0.14806667,0.17772523,0.1490592,0.16123737,0.09201799,0.13698572,0.12610346,0.112176344,0.16950503,0.15236616,0.164547,0.13107142,0.14870292,0.15463501,0.11878011,0.10073991,0.11893922,0.18104206,0.15292582,0.15178141,0.115124725,0.17896923,0.12193639,0.19009191,0.21116583,0.14065352,0.14159763,0.15010929,0.1812616,0.10461654,0.10184651,0.12948322,0.1137795,0.19051796,0.14086497,0.12316061,0.13816145,0.10800645,0.171242,0.18273118,0.15793145,0.19491088,0.12710835,0.1685616,0.13527235,0.12485543,0.15400088,0.14977749,0.13081264,0.08516997,0.14314291,0.12905604,0.17873752,0.110776134,0.11208467,0.17206903,0.1812274,0.20229745,0.14217988,0.12309643,0.21126446,0.11667517,0.12255364,0.1619248,0.1018344,0.17322947,0.13880262,0.14765853,0.14464734,0.15664537,0.13764125,0.123043805,0.0931253,0.1704359,0.16221449,0.14116347,0.15751302,0.12331167,0.13854755,0.1786511,0.18166974,0.1274307,0.179173,0.23473652,0.13781789,0.14573428,0.1149819,0.1749364,0.1360002,0.17470682,0.10002756,0.12505522,0.12412647,0.16103202,0.12566805,0.16226551,0.12829994,0.107152484,0.14808768,0.17658767,0.17656672,0.15584806,0.18774843,0.18275158,0.18151642,0.15188053,0.15162213,0.14696322,0.11677523,0.13913965,0.15989166,0.10168749,0.14873597,0.16594948,0.17120543,0.1807198,0.11735109,0.21785325,0.13616295,0.12718277,0.10706127,0.12518603,0.073341995,0.10121494,0.12915629,0.14769273,0.08948857,0.086222045,0.17468734,0.16344868,0.16275033,0.14070374,0.110386275,0.1528233,0.08293668,0.17085369,0.16889666,0.14260447,0.1706651,0.14191157,0.17955674,0.16348462,0.1452714,0.13439757,0.13835771,0.11116594,0.1797207,0.19020519,0.12617368,0.17012827,0.1619657,0.14348376,0.096184134,0.14516416,0.14562653,0.14274105,0.124652244,0.19011971,0.09918079,0.12304614,0.1521759,0.11578865,0.19183025,0.19694452,0.1654891,0.13060321,0.14290787,0.16628626,0.14916348,0.16205049,0.15826747,0.1355735,0.16027051,0.11535241,0.1421549,0.08873716,0.15377691,0.1569016,0.16324395,0.15441263,0.2148855,0.1612491,0.13172288,0.14554161,0.116953574,0.13482115,0.16030565,0.17246497,0.124211855,0.1218814,0.12925848,0.14156005,0.1387079,0.14444233,0.12189464,0.18821502,0.14890838,0.11952345,0.17421961,0.1413337,0.13432652,0.18192895,0.18238655,0.13485491,0.15265378,0.112119846,0.15466672,0.1323618,0.1424433,0.16128296,0.1875422,0.15389757,0.1472021,0.12329972,0.10430907,0.20312501,0.16442902,0.14767838,0.17222075,0.18714228,0.11148323,0.13375242,0.11339362,0.115030654,0.17086697,0.18904364,0.14082816,0.12695141,0.16083881,0.12656935,0.1396766,0.16467494,0.19793224,0.13921663,0.17366533,0.14920178,0.05427242,0.13526438,0.12473549,0.14971048,0.17775568,0.16767614,0.19524068,0.15429366,0.1614084,0.15181278,0.13309105,0.115232356,0.11262804,0.15706393,0.1415719,0.13238156,0.18537211,0.13402146,0.19327123,0.11177768,0.13198453,0.13116884,0.21778844,0.15708743,0.13560174,0.16054176,0.18759663,0.16835904,0.14272845,0.17977355,0.08177121,0.15807104,0.15673038,0.18293825,0.15842775,0.122796714,0.14198825,0.13990645,0.13401318,0.13358834,0.1494742,0.1262806,0.15546352,0.17499381,0.17224959,0.19805562,0.17400846,0.19094747,0.16391617,0.12040054,0.07287375,0.12660785,0.11151043,0.15728833,0.11923919,0.11246817,0.14505313,0.14706537,0.112895146,0.1841301,0.14511815,0.14524852,0.16321884,0.21261293,0.18029656,0.084487915,0.14896363,0.16511017,0.13124037,0.16814473,0.13441193,0.1407827,0.16210611,0.14029136,0.15490943,0.14053497,0.107789,0.10527551,0.16074055,0.17343189,0.12861356,0.14289157,0.16112867,0.12334895,0.1628058,0.11817516,0.11765964,0.103706494,0.17001377,0.14087942,0.1364577,0.17981917,0.10316167,0.13240384,0.17296603,0.17110929,0.15569437,0.14117467,0.13824847,0.16608295,0.13304296,0.106530815,0.1365645,0.13245851,0.13394281,0.11761973,0.19859037,0.12355846,0.13597587,0.11784683,0.16068324,0.13930345,0.1119563,0.08907434,0.1563671,0.17265485,0.124097496,0.1820703,0.15671492,0.15676677,0.18533576,0.11634368,0.15365851,0.11228368,0.17531824,0.13393474,0.17086306,0.17490199,0.14951202,0.16177218,0.13669312,0.10676798,0.14077586,0.19122854,0.16477028,0.15379395,0.15185031,0.14767063,0.104348056,0.16799164,0.13691492,0.12744269,0.1815778,0.13988802,0.15217793,0.17060465,0.13804856,0.17072448,0.17609781,0.15030584,0.16975477,0.17706835,0.14395255,0.15325397,0.15069905,0.11951441,0.14368297,0.1813377,0.15902543,0.17741433,0.1089719,0.13055599,0.1205435,0.12455815,0.16379136,0.13388762,0.12965445,0.16745237,0.14116743,0.19114277,0.18979654,0.20969272,0.124045596,0.13359925,0.18632497,0.13230602,0.19216287,0.17909393,0.13616383,0.17928007,0.110377744,0.16950122,0.15600127,0.11631328,0.17394717,0.12566043,0.15330002,0.1322873,0.14143479,0.10303246,0.18396786,0.15566921,0.102084085,0.16035679,0.141982,0.18018901,0.117213316,0.16797918,0.14821276,0.14433677,0.13892063,0.113344766,0.15555671,0.13292973,0.16843183,0.16234067,0.14395946,0.14220247,0.14440644,0.13185403,0.17572787,0.14280586,0.19990218,0.11572227,0.12704098,0.14325823,0.17900772,0.13669972,0.1481993,0.13887063,0.11992453,0.15395594,0.11992744,0.16029322,0.16054289,0.15142211,0.23670234,0.13969462,0.19208142,0.097495265,0.131974,0.10653454,0.15294921,0.14991117,0.14132735,0.19331598,0.16607794,0.16831277,0.15366861,0.09059624,0.101663135,0.16500708,0.1857648,0.11257627,0.19668779,0.15468705,0.16027577,0.18087226,0.085779555,0.15670438,0.15715142,0.120223254,0.13742734,0.15310892,0.21525814,0.1703957,0.10473568,0.20972183,0.11332591,0.13650212,0.09705485,0.16493174,0.11548931,0.14486401,0.11725793,0.16019867,0.12538473,0.1457363,0.16666421,0.118676126,0.080134615,0.09191751,0.16660243,0.10910925,0.21109985,0.15602547,0.1474412,0.120306395,0.16033766,0.1455917,0.163694,0.15971377,0.12731189,0.1499911,0.1522049,0.17618826,0.115249805,0.15362428,0.13921794,0.10586709,0.13107903,0.1708928,0.15759298,0.12981203,0.12965338,0.13560408,0.12346913,0.15557502,0.16876331,0.1846909,0.14257872,0.14358795,0.18200217,0.16836077,0.12556422,0.144766,0.086509,0.15736526,0.18912756,0.13222617,0.1533401,0.14822003,0.10543925,0.11803051,0.13301738,0.1418217,0.16840512,0.11451272,0.15531039,0.15286651,0.12128207,0.15463716,0.13372381,0.17537856,0.17428404,0.09487207,0.15098284,0.16027598,0.17750897,0.16175596,0.14578652,0.107179135,0.14235535,0.13931262,0.18310773,0.16991243,0.17695063,0.18543367,0.14352497,0.15227976,0.1732623,0.15457284,0.15172026,0.1449124,0.10038131,0.17426232,0.053065613,0.13881065,0.13691944,0.17407972,0.12347689,0.14381659,0.14709419,0.09342452,0.070720166,0.15016699,0.12247598,0.14015509,0.14366782,0.16935533,0.16579926,0.12617537,0.13911945,0.1267837,0.14011976,0.13748121,0.1247066,0.16319528,0.113271855,0.20452088,0.14841071,0.21084866,0.17031026,0.14487341,0.15583354,0.14843264,0.12703621,0.19767655,0.16531694,0.13365005,0.1521492,0.11175036,0.14251144,0.17670225,0.11308167,0.13875301,0.13551643,0.08132843,0.1460518,0.14187872,0.14897642,0.11164698,0.11107778,0.12472895,0.15195225,0.12789524,0.1565544,0.13093226,0.11727843,0.14727902,0.17713344,0.120828204,0.1361678,0.15394379,0.18132094,0.15665989,0.20516714,0.12035761,0.13420497,0.122109905,0.22097516,0.17219391,0.14731213,0.15575564,0.15226738,0.1088434,0.13487037,0.1659359,0.15145114,0.15712588,0.13478608,0.17565727,0.1787804,0.1386945,0.13778976,0.1649152,0.13815607,0.12063104,0.16166317,0.14901352,0.12755519,0.14510918,0.13193169,0.14190719,0.16890278,0.13982674,0.12529261,0.18280058,0.13555966,0.13883555,0.133906,0.16695178,0.112455055,0.12518737,0.13560233,0.140548,0.14354777,0.10548215,0.13672239,0.13647518,0.11053171,0.15432839,0.14811891,0.14731349,0.12380731,0.16066289,0.14913651,0.11637538,0.110842824,0.18300676,0.191738,0.11913639,0.15857911,0.15212831,0.15017244,0.15895511,0.1540159,0.13065206,0.16646992,0.12927221,0.13071644,0.13792962,0.14241698,0.13692018,0.13692364,0.13226144,0.1474962,0.11654231,0.13388759,0.14493972,0.21575546,0.11359032,0.12603223,0.15445894,0.15389043,0.17179626,0.15301876,0.19723737,0.13470352,0.18255684,0.18832228,0.107168324,0.13444583,0.16926387,0.09427244,0.13513643,0.1696572,0.15457052,0.10463655,0.15614277,0.2063063,0.1366598,0.16302529,0.12685278,0.13406238,0.15247512,0.13320425,0.115643196,0.10944653,0.19766408,0.1561512,0.12625247,0.1407639,0.14155751,0.18606865,0.14267176,0.16906114,0.14148407,0.14397055,0.14945404,0.14166231,0.15146446,0.15332876,0.13389817,0.19029029,0.1580838,0.12076006,0.12542588,0.12726969,0.16856053,0.15133946,0.14388847,0.14909768,0.21065879,0.15188831,0.15341002,0.1478745,0.157558,0.17957078,0.1481359,0.14774285,0.1713706,0.12873852,0.18245453,0.1410758,0.1159042,0.13359801,0.19895902,0.19883963,0.15485635,0.1285884,0.09508739,0.10773034,0.14744884,0.17051132,0.12859407,0.19502714,0.11704491,0.13274872,0.16602239,0.09752466,0.17101312,0.13422982,0.13931939,0.13512444,0.12311421,0.12176928,0.1540847,0.18342048,0.108431965,0.14576423,0.14424056,0.16195488,0.11940911,0.18625721,0.16842952,0.14943048,0.15342481,0.16636385,0.14318472,0.137945,0.14151841,0.14708057,0.15766382,0.16685084,0.1568262,0.14808406,0.19583836,0.1362778,0.18422882,0.15525562,0.1324043,0.109989315,0.16715978,0.1791471,0.17259824,0.15241957,0.1380136,0.14539078,0.11601331,0.12448578,0.15017185,0.16137627,0.14409177,0.16439527,0.14386594,0.12179596,0.1665088,0.1758889,0.16604193,0.12481646,0.15903991,0.1407595,0.14468327,0.15544255,0.12143542,0.1662004,0.09760193,0.14440733,0.14728534,0.13916871,0.15462747,0.11982593,0.11688977,0.11265888,0.09644961,0.17645273,0.1584031,0.16209483,0.1687285,0.12051398,0.14913166,0.123309046,0.13460684,0.102092244,0.108673654,0.15494224,0.13444811,0.15461354,0.16556838,0.15370812,0.13951229,0.13292763,0.11503788,0.09928934,0.17935708,0.16028154,0.11595038,0.12308609,0.16696697,0.15245019,0.13857406,0.16392766,0.12969016,0.13557939,0.13759212,0.13037792,0.18288758,0.10907952,0.1662234,0.09251724,0.12961408,0.13208726,0.13107829,0.16663894,0.15411657,0.17077097,0.09998234,0.119203776,0.1369504,0.16037396,0.16838619,0.17531963,0.155281,0.1541251,0.13993774,0.1404905,0.18996148,0.12884235,0.20525952,0.14837745,0.12355965,0.20369804,0.09703149,0.12622361,0.16502719,0.15797567,0.13733786,0.13704672,0.10741718,0.14982782,0.1970756,0.11779415,0.15093099,0.12446338,0.1452866,0.17335486,0.13161334,0.1667467,0.21184817,0.1356079,0.1366175,0.09281259,0.14554629,0.19350426,0.1295932,0.15585144,0.15902132,0.17089348,0.16105685,0.11809102,0.15528424,0.11142469,0.13542852
