0.5413457,0.538419,0.5413447,0.5520946,0.5577168,0.5495449,0.557375,0.56182903,0.53697187,0.5405316,0.5314126,0.56403565,0.53735304,0.55034995,0.5360909,0.55549926,0.56416047,0.5431808,0.5512295,0.5612278,0.5427355,0.5544617,0.54580677,0.5402761,0.5385003,0.5557373,0.5484805,0.54969394,0.54748064,0.56279445,0.5542734,0.5501562,0.5558943,0.55633795,0.5510034,0.53084457,0.5492067,0.55616033,0.5471157,0.5477989,0.5563598,0.55306995,0.53902304,0.53834784,0.5560228,0.5456522,0.55323845,0.5387025,0.5536929,0.556544,0.54402876,0.5513835,0.53575623,0.5364338,0.5364414,0.5490004,0.56048,0.53732675,0.54714006,0.5203382,0.54571146,0.5343072,0.54826957,0.54492563,0.5500744,0.554291,0.5502024,0.5479655,0.5602834,0.55263907,0.5529544,0.5439909,0.54688555,0.5334534,0.5488548,0.5277216,0.5505846,0.54579854,0.5597737,0.5715649,0.54653054,0.5442989,0.54113007,0.559239,0.53372186,0.5408681,0.55115086,0.54645145,0.5597476,0.5511354,0.5449837,0.5400041,0.5277498,0.5373992,0.53656036,0.54769653,0.5495338,0.54222697,0.5279858,0.5398411,0.54091346,0.5493801,0.5318118,0.5407755,0.54523414,0.5520338,0.53994566,0.5474761,0.5568207,0.5508839,0.5437989,0.5472085,0.54286265,0.55358016,0.53519374,0.55350417,0.54391044,0.5527739,0.55529267,0.548885,0.55742514,0.54944044,0.5531599,0.5545821,0.5490433,0.53323907,0.55202967,0.5545099,0.5417261,0.5565506,0.52690154,0.5485444,0.5436872,0.5556697,0.55329925,0.53786504,0.55571204,0.52737916,0.53740484,0.551064,0.54432327,0.55986506,0.5364552,0.5508398,0.54100364,0.5530621,0.5705261,0.54174936,0.5398864,0.5499669,0.54217607,0.54000384,0.54048777,0.5567352,0.54403204,0.545986,0.5564436,0.559768,0.53186536,0.554301,0.53479445,0.5396939,0.54255235,0.5546138,0.5492731,0.55298865,0.5384137,0.5363885,0.5460246,0.526215,0.55229634,0.5381995,0.5606733,0.5374367,0.5533195,0.5387199,0.5442757,0.5524423,0.56545115,0.54545313,0.5499196,0.53438586,0.54172266,0.54256904,0.54605794,0.5372663,0.55635893,0.54560655,0.5534061,0.5431065,0.54600924,0.53858316,0.52149147,0.52317214,0.5574043,0.56263256,0.5556713,0.5631526,0.5274146,0.53930575,0.5536421,0.539964,0.5556666,0.5370413,0.5567918,0.54617506,0.56140834,0.5489673,0.5395752,0.53462625,0.5455749,0.56231797,0.5606131,0.5506667,0.5303796,0.5550652,0.5433078,0.54926926,0.5450163,0.5624814,0.5525622,0.55535257,0.5420842,0.56086963,0.5321941,0.55927235,0.5277887,0.5527954,0.5544131,0.5423054,0.5590264,0.5503489,0.5543896,0.5444,0.5301997,0.5507676,0.5445812,0.5513105,0.5411652,0.5257367,0.5498204,0.5384271,0.5453857,0.5569714,0.54410607,0.55029887,0.57126635,0.54879576,0.54773694,0.5462007,0.56382096,0.5451505,0.53329474,0.55163276,0.5376319,0.5504554,0.53661114,0.53022724,0.548672,0.54205173,0.55096817,0.5528272,0.55221593,0.5485177,0.55467135,0.5454865,0.541016,0.54139996,0.5485344,0.5592662,0.536405,0.5500603,0.5440733,0.5406292,0.5421497,0.5457005,0.5566255,0.5406228,0.54605305,0.55349106,0.5367026,0.54580045,0.54711735,0.5427866,0.56251746,0.5497337,0.5534032,0.5515255,0.5440784,0.5397681,0.5469187,0.5447752,0.53259116,0.55020744,0.54859674,0.55258197,0.5500186,0.538631,0.5509999,0.54994154,0.56118774,0.5477967,0.54113156,0.53882414,0.55715257,0.5501079,0.5473082,0.53273934,0.53103924,0.55559033,0.5473924,0.53620523,0.53559947,0.56422186,0.5566887,0.54028636,0.55454206,0.5671478,0.53884906,0.54174477,0.53425175,0.5589042,0.54928005,0.5497406,0.54996365,0.54913163,0.54370344,0.54538673,0.5390944,0.5458768,0.545846,0.5476478,0.55537665,0.54754406,0.5487291,0.5586571,0.5570333,0.5555512,0.541126,0.53802794,0.54443806,0.5312834,0.5370607,0.55503434,0.55103046,0.53297657,0.5376121,0.5579047,0.55480087,0.5411726,0.54247636,0.5516766,0.5371224,0.54667926,0.5464552,0.5534702,0.55211455,0.54018927,0.5490991,0.5387858,0.55183095,0.54256475,0.53278023,0.53610784,0.55791634,0.54134583,0.54882693,0.55141926,0.5473085,0.5458973,0.5481708,0.5567874,0.54285836,0.5716124,0.52786803,0.545178,0.5730218,0.555863,0.54110426,0.5557882,0.55714184,0.5465031,0.5485969,0.5473423,0.55895185,0.5273386,0.5603291,0.54290146,0.5521841,0.5335528,0.5542149,0.5396307,0.5533107,0.5521584,0.560784,0.5668635,0.539923,0.54694355,0.541547,0.5421757,0.54210985,0.5297673,0.5564124,0.54202425,0.5511657,0.5398441,0.53404987,0.5517114,0.54271215,0.5456599,0.54394627,0.5511785,0.54492116,0.5350717,0.5499904,0.5545874,0.53907084,0.5520748,0.5521846,0.54193854,0.5334402,0.55607766,0.557999,0.5632581,0.542885,0.56338954,0.54716504,0.5605818,0.5484562,0.5341633,0.555106,0.5511427,0.5462583,0.5490751,0.5446308,0.5431701,0.56087893,0.5406763,0.54715,0.5534403,0.54651135,0.55408365,0.5467703,0.5475965,0.5338734,0.5409855,0.54103476,0.56975853,0.5632174,0.5382211,0.5629176,0.5489409,0.55196375,0.54330754,0.54663837,0.5470592,0.5375457,0.5373951,0.5506058,0.5525546,0.56165594,0.56027997,0.5414491,0.5576062,0.5414503,0.5589175,0.542236,0.5546773,0.55121726,0.55237985,0.54118246,0.5425885,0.5529842,0.5480831,0.5396953,0.55383813,0.5488272,0.5380734,0.5407779,0.53490925,0.56823355,0.5488291,0.56567574,0.5217645,0.53122705,0.53954905,0.5500478,0.55751306,0.547539,0.56391305,0.561684,0.53953046,0.54716873,0.5369723,0.5521347,0.5519614,0.54552895,0.5399275,0.5649605,0.5446196,0.55250883,0.5398631,0.55529094,0.53505784,0.5473795,0.5572797,0.5544299,0.5583317,0.5581947,0.54151374,0.5351668,0.553334,0.5416648,0.539533,0.54872286,0.5597105,0.5517626,0.5615302,0.5480222,0.5503126,0.55600005,0.5528568,0.54453194,0.55356073,0.5328147,0.54762626,0.5539575,0.538367,0.54664767,0.55664766,0.54884666,0.5519575,0.55387205,0.5567028,0.5490179,0.54421,0.56473845,0.53673524,0.53418833,0.53486747,0.55506057,0.55696815,0.5396086,0.54953694,0.5493692,0.5264653,0.5646758,0.55381083,0.5370356,0.5381622,0.54566604,0.53074014,0.5473973,0.5527978,0.56055856,0.5431977,0.5618975,0.55532026,0.5589346,0.5438342,0.54183835,0.55412483,0.54070944,0.5514115,0.54969466,0.54838085,0.5545185,0.5430553,0.56405133,0.5506083,0.5450257,0.548103,0.5364617,0.5386256,0.54073566,0.5596944,0.5520149,0.5484211,0.5421535,0.56202424,0.53537863,0.5465467,0.5406411,0.5480665,0.54265934,0.5554911,0.54285127,0.55494416,0.55718946,0.5329329,0.5474351,0.5379877,0.5517821,0.5442366,0.54801214,0.54967093,0.53596675,0.54077446,0.5475708,0.54513466,0.5541148,0.5457668,0.5409109,0.54188985,0.54075944,0.5574873,0.53988713,0.5477679,0.5540167,0.5474911,0.5350523,0.5605547,0.53449386,0.52524793,0.5412349,0.5405539,0.55589294,0.5415858,0.54140854,0.55845594,0.5560596,0.5442114,0.54710966,0.5552446,0.5593017,0.54700613,0.5524692,0.5387054,0.5280267,0.5624003,0.55999666,0.5319785,0.5471886,0.55998725,0.5403106,0.561175,0.55606997,0.5493069,0.5575037,0.5558073,0.53661287,0.54462653,0.5538232,0.5535442,0.5404733,0.55591995,0.5571379,0.55913687,0.53568035,0.54947907,0.5512585,0.54062706,0.5484972,0.56078315,0.5396839,0.5376416,0.5488259,0.5540902,0.5481715,0.5560684,0.5556415,0.5436929,0.5484994,0.5488736,0.5402404,0.5619369,0.54656637,0.54685795,0.5415967,0.5414752,0.5442486,0.5707072,0.5417293,0.538647,0.56166786,0.5475174,0.55718356,0.5352272,0.55111516,0.56399125,0.5470761,0.5568018,0.52976495,0.53499377,0.5352311,0.55189914,0.54384047,0.5418878,0.539961,0.5389601,0.5415786,0.54836035,0.5488641,0.53815943,0.5626853,0.5374826,0.55905586,0.54889673,0.55794364,0.5506332,0.5409937,0.53995234,0.5316463,0.55465794,0.5283366,0.53550875,0.5309161,0.5404962,0.5588857,0.557798,0.54759175,0.5554342,0.5500318,0.5488559,0.54475874,0.54396987,0.54980826,0.53891647,0.5498003,0.54815125,0.5384648,0.5408737,0.54677945,0.54946804,0.54974556,0.5530549,0.5344137,0.5481411,0.54236656,0.54982007,0.53489,0.5355648,0.5527278,0.5463201,0.56206316,0.54177874,0.5423122,0.5531025,0.53110445,0.5601385,0.54813004,0.55366355,0.55205715,0.53818,0.5533689,0.54557604,0.54829115,0.5403024,0.5338538,0.5450435,0.55660754,0.54138994,0.536627,0.5600625,0.5454174,0.5596448,0.5569334,0.53686595,0.5446197,0.5335418,0.5492601,0.53625923,0.5516809,0.5543413,0.54974437,0.54612637,0.5523803,0.5379385,0.5428065,0.5524952,0.5692999,0.5554966,0.5710528,0.537799,0.5377364,0.5527,0.53270423,0.5393777,0.54880697,0.55658525,0.54268456,0.53848624,0.54158485,0.54906565,0.5440283,0.533125,0.5582535,0.54745114,0.56073564,0.55601895,0.5537763,0.5713084,0.5424898,0.5561849,0.5432564,0.5574926,0.54603285,0.54311615,0.55195856,0.5199439,0.53452426,0.54825336,0.54214025,0.54715616,0.55248517,0.53082365,0.5410711,0.5417445,0.54263777,0.5601383,0.54168475,0.55086845,0.5674987,0.54577875,0.5567529,0.55667615,0.51848507,0.53786856,0.5406797,0.5556391,0.55491173,0.5562577,0.53259647,0.5367373,0.5433842,0.54605377,0.5440349,0.5351305,0.53831095,0.55974144,0.53573114,0.5427014,0.55945987,0.5355205,0.5370219,0.5484443,0.54951835,0.55489707,0.5506729,0.53394663,0.5461838,0.5280548,0.5328984,0.53503805,0.5430984,0.5491921,0.56045413,0.53626853,0.54341555,0.5502765,0.5454352,0.54146177,0.5427227,0.54032296,0.5503185,0.5399882,0.5404327,0.53889537,0.54301375,0.53110874,0.5394556,0.553595,0.54825336,0.54344106,0.54406023,0.5570556,0.5332999,0.5482682,0.5496646,0.5395725,0.55497843,0.542282,0.5468174,0.54900956,0.5597996,0.5553771,0.54013777,0.55738413,0.5526029,0.54833066,0.55608606,0.5430467,0.54968756,0.5432322,0.54815483,0.53564614,0.56353825,0.54922765,0.5524014,0.5506987,0.52720284,0.5492112,0.5303471,0.5415594,0.5375329,0.53998685,0.559311,0.5510777,0.5552289,0.5385774,0.5340076,0.5567439,0.545137,0.55833906,0.5565932,0.5464341,0.540245,0.553905,0.5449739,0.5410227,0.55479795,0.5327453,0.5461114,0.5483323,0.5392263,0.5466506,0.54709864,0.5517976,0.5457454,0.5314566,0.553067,0.5392003,0.5496279,0.5560106,0.545325,0.5441974,0.51699364,0.5390821,0.54474276,0.55554867,0.54931885,0.5513562,0.57885337,0.5456996,0.5459639,0.5620531,0.56686306,0.54085714,0.5396007,0.54414743,0.54474443,0.54688543,0.54808766,0.5434331,0.5335858,0.5469698,0.5328444,0.5316713,0.5510986,0.5481807,0.55778,0.5406631,0.54792285,0.5496423,0.5437277,0.54298234,0.5341402,0.538442,0.54057515,0.5606243,0.54377556,0.54605246,0.52091503,0.52755374,0.53834784,0.5381174,0.53433204,0.55152506,0.54623985,0.5464576,0.53917235,0.5516782,0.5411743,0.5381579,0.5522917,0.5396345,0.5409292,0.54987806,0.5436741,0.5366694,0.5524544,0.5548394,0.5333024,0.53044873,0.5458139,0.5478179,0.54597247,0.5482367,0.5351923,0.54217327,0.55676574,0.5473543,0.54520065,0.5547735,0.5375943,0.5427783,0.5380851,0.54075646,0.54952765,0.5616765
0.5411874,0.53855,0.5449554,0.5555426,0.5510355,0.5291669,0.5556943,0.5526081,0.5505214,0.53549296,0.5552133,0.5406211,0.53948015,0.53689444,0.53477734,0.55906016,0.5415892,0.5559673,0.54696435,0.54238063,0.53843987,0.55128187,0.5527702,0.5541017,0.5400679,0.55703783,0.54235816,0.55687106,0.55228645,0.540867,0.53443885,0.54692584,0.54129803,0.5538376,0.54256827,0.5229253,0.5366961,0.52407146,0.54629433,0.55448717,0.543944,0.55184793,0.5313962,0.5280122,0.5516769,0.5374838,0.5473162,0.5447297,0.54297113,0.5478256,0.5415702,0.54279685,0.5370182,0.5288331,0.5623971,0.53982264,0.5332474,0.53929454,0.54634136,0.54046816,0.5549759,0.5353549,0.55244327,0.5564963,0.53280413,0.54840916,0.55802166,0.5212197,0.5357628,0.5461238,0.5476515,0.5440618,0.53884923,0.5364247,0.53265625,0.54944545,0.52883565,0.53582,0.5377459,0.5515652,0.5331061,0.5362622,0.5517375,0.54634637,0.5414805,0.5330976,0.5390647,0.5530147,0.54083234,0.54726064,0.53112566,0.55790967,0.5444736,0.556262,0.5412476,0.5577171,0.5365559,0.54183406,0.53976375,0.55574155,0.54429394,0.53531176,0.53885573,0.5432733,0.5588358,0.54400593,0.5467116,0.5592551,0.5364947,0.55276513,0.5379385,0.52756333,0.53421634,0.556421,0.5559622,0.57095194,0.5427892,0.55015785,0.5379941,0.52351093,0.54738885,0.5429954,0.53860646,0.54487675,0.5360494,0.5471678,0.5405756,0.5340271,0.5256716,0.5600469,0.5336853,0.53541756,0.54219925,0.5380481,0.55811954,0.53712726,0.5456934,0.5453567,0.5289271,0.5391917,0.5491771,0.55215657,0.55029666,0.5580409,0.54197675,0.53931963,0.5528209,0.52761465,0.53447014,0.5425817,0.526411,0.5310898,0.54536265,0.5313995,0.5396334,0.5406002,0.54625875,0.52802527,0.5365354,0.5393062,0.5373162,0.54443365,0.55220574,0.5477028,0.54783416,0.55379075,0.5395377,0.5349246,0.5427836,0.5347607,0.5363022,0.54135686,0.5486463,0.55095947,0.54252684,0.54923743,0.5338609,0.5273489,0.5414667,0.5363729,0.5510009,0.54216,0.5388186,0.55349183,0.5418356,0.53440654,0.5390659,0.551033,0.54743636,0.52806604,0.548278,0.5458679,0.532741,0.5331277,0.5410439,0.5505458,0.5543611,0.5498744,0.54699767,0.5338962,0.53523034,0.5528682,0.52805233,0.54575205,0.5486133,0.55507785,0.53902763,0.5328146,0.53489673,0.55025727,0.5427459,0.53462136,0.5357695,0.53611463,0.52932143,0.5300701,0.5282414,0.5166743,0.5436553,0.55422467,0.55147874,0.54166114,0.5427817,0.5569362,0.54767853,0.53842634,0.53576857,0.54492855,0.54854584,0.5623192,0.54735667,0.5399826,0.5359039,0.539473,0.54623234,0.5346026,0.53654814,0.5444804,0.5377047,0.52866274,0.5416776,0.52532625,0.53368,0.55071086,0.5524268,0.5504951,0.5640848,0.5474468,0.5456279,0.5443275,0.54507214,0.5292279,0.5431622,0.5590568,0.54713774,0.5509226,0.55285174,0.5375557,0.5279373,0.539071,0.5423981,0.5372862,0.54560393,0.5351254,0.5578685,0.5285774,0.542161,0.55212,0.5511882,0.5643746,0.54831505,0.5424856,0.53330153,0.54211307,0.54225206,0.5444468,0.5481682,0.53980005,0.54766995,0.5384798,0.5298741,0.53690046,0.54669845,0.53019166,0.55808043,0.5537839,0.54628223,0.53753483,0.532983,0.5629247,0.5397029,0.54645956,0.5531192,0.5443173,0.5536931,0.5407698,0.54001564,0.5286066,0.5237116,0.5607752,0.5367877,0.5290438,0.5307256,0.5442227,0.5469075,0.53628445,0.5403042,0.54427856,0.53158903,0.5377079,0.55602056,0.52789307,0.5475104,0.5339705,0.5510308,0.54329365,0.5399676,0.5441883,0.53019696,0.55105865,0.54962766,0.54956865,0.5458813,0.5477992,0.54955184,0.53736943,0.5410811,0.52567834,0.54254466,0.54919094,0.54447937,0.5343183,0.538117,0.5592853,0.54922706,0.54273367,0.5377045,0.5313676,0.5306516,0.53702873,0.53719854,0.5517714,0.53111875,0.55896735,0.55113345,0.5469518,0.55440825,0.54663897,0.5356927,0.54253316,0.5592312,0.5432404,0.54304546,0.5326258,0.5488174,0.5293901,0.5301236,0.54374903,0.5504591,0.54291207,0.54278475,0.5551499,0.535234,0.5415247,0.5471174,0.5503416,0.5522306,0.5595853,0.54993033,0.5314842,0.5382448,0.54872334,0.5481766,0.5486016,0.5496622,0.549015,0.5535969,0.53231627,0.5471251,0.52766097,0.540838,0.5380099,0.5547114,0.534496,0.5519847,0.5387207,0.5450479,0.55212677,0.5440493,0.53223574,0.5421811,0.5452337,0.5377833,0.52886677,0.5388617,0.5405283,0.5490502,0.5437415,0.5343353,0.53823197,0.5465895,0.5392989,0.5443268,0.529813,0.54279345,0.5492161,0.5428283,0.5331396,0.54126346,0.53899634,0.5457712,0.5449947,0.5393669,0.5511117,0.54668045,0.5400502,0.5374925,0.55725384,0.54515666,0.551222,0.5411115,0.52737683,0.5439369,0.55215514,0.55978346,0.540737,0.5444527,0.55530024,0.5457468,0.5429913,0.53687936,0.54796594,0.54426533,0.5425703,0.545708,0.5238456,0.5429062,0.5444589,0.53078336,0.5419173,0.51250124,0.5425019,0.5217593,0.5434895,0.5364672,0.5559661,0.5662347,0.5633907,0.52533257,0.55141264,0.5647541,0.5467222,0.547887,0.543513,0.5378954,0.5475175,0.54936796,0.52947086,0.53627473,0.548602,0.55098814,0.5510725,0.527073,0.5411534,0.5275175,0.5488728,0.53994226,0.5585111,0.5527212,0.53812695,0.5337507,0.5640311,0.53799164,0.5285811,0.5443776,0.54380137,0.54651177,0.5301991,0.53660864,0.54109025,0.5266372,0.54870516,0.5275402,0.54448277,0.5376754,0.54709584,0.5413425,0.55287534,0.5530746,0.5397567,0.54124665,0.54727316,0.5310827,0.54186183,0.5462258,0.5278332,0.5477201,0.54622316,0.5408659,0.54601264,0.5473304,0.5430906,0.55101603,0.5506202,0.55291253,0.5410914,0.5480753,0.54895186,0.5431223,0.5472611,0.53752977,0.55778635,0.5463153,0.54045254,0.5349326,0.53948605,0.54163784,0.54566085,0.5471792,0.5599005,0.5434578,0.54504615,0.5578372,0.54568195,0.5503515,0.5362427,0.55279934,0.5538925,0.54919434,0.5254839,0.54067016,0.52295053,0.5432538,0.54938394,0.55394995,0.54498386,0.52739984,0.5423803,0.5461708,0.54725796,0.5540863,0.5460434,0.54241455,0.5379977,0.5239301,0.5354034,0.52376485,0.544623,0.54375285,0.54249054,0.5369267,0.5375685,0.52886355,0.5563599,0.5329613,0.5318338,0.56197846,0.5446036,0.54442585,0.5365226,0.5320447,0.5289744,0.55045354,0.5514661,0.55838746,0.53745985,0.5511564,0.5456617,0.54110944,0.53700703,0.53379375,0.5615885,0.5234536,0.5451974,0.54339033,0.55080205,0.55862683,0.5372619,0.5332542,0.54760945,0.55158854,0.5361389,0.540776,0.53382957,0.5480756,0.5427058,0.5344685,0.5337825,0.5384314,0.53693026,0.54149157,0.54744744,0.553368,0.5525725,0.54039747,0.53592825,0.5592628,0.5389636,0.53768206,0.54334086,0.5482526,0.5396159,0.541646,0.5373206,0.5448927,0.5509112,0.51300406,0.54318106,0.53796476,0.54470587,0.533867,0.5399233,0.5436731,0.5390817,0.5613789,0.52754647,0.554501,0.54440266,0.5373588,0.5527007,0.5439039,0.5301155,0.55879974,0.55692315,0.5509627,0.5367755,0.53728247,0.55327183,0.54365826,0.5523664,0.54889446,0.5364495,0.5283178,0.54204285,0.52364874,0.55564636,0.55109763,0.5278026,0.5520447,0.54372555,0.5285014,0.5433572,0.53361905,0.55793786,0.53284585,0.5495391,0.5520035,0.55322486,0.5272608,0.5362863,0.54619396,0.543567,0.5544267,0.5516122,0.5482758,0.53083754,0.5368953,0.5396696,0.5483523,0.5521366,0.5326198,0.54651755,0.52750504,0.54892397,0.5495982,0.5386496,0.5352142,0.54824,0.54647005,0.54505646,0.5385875,0.5520208,0.54790676,0.5465302,0.54964346,0.5443997,0.53969586,0.5333962,0.5394287,0.5374299,0.5381977,0.5488009,0.52464634,0.5579806,0.54330087,0.54288995,0.5345433,0.5414835,0.54977626,0.54126585,0.52298284,0.5501857,0.5471863,0.5453603,0.56487864,0.5344444,0.54251975,0.5351344,0.54471016,0.5458109,0.5379151,0.5332609,0.5585464,0.5544743,0.5426766,0.5384124,0.5366508,0.54127634,0.53788614,0.55097526,0.54945844,0.5451114,0.5351988,0.5555859,0.5406368,0.54562134,0.53049403,0.5348653,0.5442349,0.5522491,0.5323662,0.5369526,0.53393847,0.5467314,0.55269,0.54671216,0.54901874,0.5393083,0.5404058,0.5330029,0.5358353,0.5338637,0.5485977,0.5455836,0.55595803,0.5372681,0.54615235,0.5457411,0.5318682,0.54360133,0.5251707,0.55437243,0.5330335,0.54148936,0.5350851,0.54844165,0.5321643,0.53892183,0.5305778,0.5425655,0.54206216,0.54392314,0.5396209,0.5241803,0.5242594,0.54618144,0.55552024,0.5514009,0.5525356,0.53181183,0.545389,0.5467635,0.5568324,0.54583853,0.54580206,0.5566817,0.5494363,0.5314878,0.54853106,0.5445038,0.5503319,0.54372543,0.53762454,0.54264826,0.5429084,0.56210923,0.5382883,0.5474707,0.5580868,0.54981107,0.53217804,0.5479218,0.54284066,0.5522253,0.5346516,0.5282592,0.55433625,0.55896866,0.54671013,0.53727996,0.547749,0.54142797,0.5530587,0.55956864,0.55109966,0.55757487,0.5414598,0.5444727,0.5470743,0.5353449,0.55010617,0.53912,0.51688856,0.5446733,0.53291905,0.5365334,0.5462366,0.5463695,0.5272728,0.5391373,0.5399654,0.52366894,0.55241233,0.5587429,0.54556155,0.5660441,0.5485476,0.55414027,0.5383117,0.5606301,0.54224974,0.55447626,0.54903084,0.5417366,0.5500015,0.5403696,0.54237604,0.5378882,0.5436935,0.5448274,0.5539388,0.53054476,0.53723866,0.5361031,0.5487056,0.5354578,0.5391652,0.5354954,0.55273855,0.5364233,0.5538113,0.55193615,0.54614735,0.5414594,0.5422079,0.53713864,0.53933847,0.550519,0.5385931,0.55172724,0.53985435,0.53691614,0.54189014,0.52387124,0.533435,0.53249294,0.54555285,0.5371153,0.543069,0.5651962,0.54072064,0.54295397,0.550638,0.5530787,0.5339633,0.5475358,0.5342678,0.54531014,0.5530278,0.5518176,0.5415616,0.54998827,0.53501135,0.5531194,0.5391856,0.5448478,0.5489621,0.5500233,0.550369,0.5441034,0.54649085,0.5245376,0.542126,0.5405571,0.5501319,0.5545464,0.54767954,0.5402462,0.55252194,0.54018927,0.5376514,0.5557171,0.5442109,0.57004654,0.5363171,0.5435738,0.5454707,0.55531156,0.53299004,0.5408209,0.53784275,0.54629594,0.5358769,0.5426634,0.55062467,0.550917,0.5563583,0.54558647,0.54470253,0.5491671,0.5450425,0.54449123,0.55316263,0.5359135,0.53827614,0.54175675,0.55150986,0.53711605,0.5361182,0.54609114,0.5396397,0.5540183,0.5280165,0.54705864,0.5553671,0.55311644,0.52167946,0.53736,0.54361296,0.5456531,0.54358023,0.5320885,0.54935825,0.5473429,0.5419097,0.53738207,0.5483004,0.5282264,0.5294876,0.5449105,0.54258484,0.54735434,0.5449108,0.5415803,0.5281063,0.5444913,0.5234682,0.53176665,0.5472589,0.5478419,0.5534914,0.54229504,0.5443031,0.5325041,0.54193753,0.5379285,0.5460309,0.5334999,0.5375015,0.5367049,0.5389341,0.5376485,0.53186876,0.5420485,0.5410972,0.5434504,0.53553265,0.5492979,0.54732865,0.54564285,0.5432795,0.54970723,0.5482922,0.5284258,0.556168,0.55429685,0.53295475,0.5314898,0.53837454,0.54732835,0.5383759,0.53322035,0.53895116,0.5407606,0.53634024,0.5478473,0.5415785,0.5489468,0.5255841,0.5385359,0.5392039,0.5433602,0.55422735,0.55437225,0.5324013,0.5367151,0.55012417,0.5369287,0.5567528,0.54900694
0.66255176,0.6397961,0.6500378,0.6618033,0.6584855,0.64225864,0.6604204,0.6567693,0.6448693,0.6569522,0.6454474,0.6498386,0.6442582,0.661414,0.65253013,0.66199124,0.65235543,0.6550732,0.6584065,0.65014356,0.63494927,0.6577955,0.65047896,0.64855576,0.6745556,0.65640366,0.648229,0.6595232,0.64750683,0.65417933,0.6660416,0.64681387,0.6533833,0.66228205,0.6687427,0.65005887,0.64415354,0.64637953,0.65599257,0.6587632,0.6765051,0.6481727,0.6563153,0.6525132,0.6544673,0.64676577,0.6525593,0.64603186,0.6554093,0.65707666,0.65181375,0.6540058,0.6509649,0.6543042,0.65367776,0.6578687,0.66260767,0.65804124,0.64021,0.64465624,0.65412885,0.65261394,0.6517696,0.6584468,0.6549163,0.66337526,0.6599859,0.6489117,0.65618616,0.6502162,0.6673376,0.6585436,0.6515236,0.6400375,0.6556793,0.6503834,0.65932006,0.66186416,0.66795444,0.65800565,0.6552798,0.6475315,0.6520983,0.658075,0.6452819,0.63926667,0.65928876,0.65093625,0.64887345,0.6523585,0.65450394,0.66384965,0.6495776,0.6522657,0.66200656,0.6622959,0.6639359,0.6540408,0.6493511,0.6414416,0.64680094,0.6503207,0.6376486,0.6382889,0.64449185,0.65071505,0.645722,0.6642416,0.66605306,0.6526038,0.6410076,0.64428896,0.65872544,0.65347636,0.6640448,0.6540169,0.64540094,0.6536507,0.6541626,0.6518953,0.65233934,0.63651466,0.65453225,0.64706427,0.661397,0.6496006,0.6611783,0.6367874,0.6524744,0.665587,0.6524819,0.6470291,0.6550159,0.657587,0.65585196,0.6420624,0.6595863,0.6498319,0.6491627,0.6366274,0.6554496,0.6529761,0.6592092,0.6560296,0.64674133,0.6622132,0.6581508,0.65979546,0.66396654,0.65994793,0.65498996,0.65508217,0.63821673,0.66423273,0.6505329,0.6538415,0.6645917,0.6496324,0.65078366,0.6488588,0.6561347,0.6488032,0.6527719,0.6578092,0.6524336,0.6512545,0.6471112,0.6449041,0.6616852,0.6358623,0.6334298,0.6485832,0.6561436,0.65673417,0.645704,0.65031236,0.6566849,0.6448813,0.65991724,0.6464639,0.6496672,0.64823747,0.6547546,0.66517454,0.6448145,0.64209074,0.6490952,0.6542973,0.6539801,0.6552012,0.6417454,0.6352559,0.63342434,0.64893264,0.66553587,0.6754543,0.6618638,0.6497379,0.6710031,0.6508273,0.65482867,0.6506694,0.64838487,0.6382098,0.6478711,0.6618106,0.6627604,0.64570314,0.65854377,0.64259356,0.64933926,0.6600343,0.6369675,0.6556938,0.6458466,0.6553641,0.6381024,0.64914334,0.65411067,0.661393,0.6544946,0.658128,0.6615885,0.65471685,0.6440445,0.6566684,0.6447747,0.65309495,0.6538141,0.6593821,0.66016465,0.66031265,0.6500581,0.6419142,0.6513846,0.6630386,0.6501377,0.6515379,0.6446984,0.63308996,0.65208125,0.64978087,0.6530781,0.6685891,0.6577846,0.64857084,0.6619368,0.6522827,0.64673007,0.6561317,0.6541439,0.64879394,0.63638467,0.6509399,0.6495607,0.66469395,0.6376815,0.6654283,0.66008294,0.64113265,0.6551003,0.650321,0.6563599,0.66162777,0.66520274,0.63689196,0.6449115,0.64868665,0.6608701,0.6713221,0.6594161,0.64545465,0.65275985,0.6341612,0.64860743,0.6474028,0.662258,0.64933115,0.6467014,0.66231555,0.65733206,0.6532683,0.6593531,0.6506272,0.67253333,0.64842975,0.65547335,0.64209497,0.64460963,0.6540275,0.6314307,0.6595859,0.65250254,0.65662986,0.64547634,0.6525402,0.66154206,0.64681304,0.65342087,0.65623176,0.6529921,0.64854187,0.6531467,0.65741247,0.6571296,0.6551148,0.6406757,0.6608133,0.6368252,0.6551258,0.6463327,0.6455302,0.6537062,0.64593303,0.65992117,0.65125716,0.65689707,0.6619513,0.65453076,0.64717424,0.63900566,0.6539423,0.6482364,0.66389215,0.6558078,0.6484256,0.6397038,0.65989983,0.644949,0.6589038,0.6603062,0.65267646,0.6661625,0.6643001,0.6550431,0.679691,0.64376384,0.6577623,0.66368353,0.64747876,0.6481816,0.6604596,0.6608481,0.664123,0.64640427,0.6405242,0.6500287,0.6537941,0.65995526,0.64805984,0.65232426,0.64828837,0.6433198,0.6580453,0.6536314,0.6504655,0.66167486,0.6536695,0.65936375,0.6482173,0.6636587,0.64800775,0.64650077,0.63641894,0.6615059,0.64750224,0.6627757,0.656334,0.6538281,0.6443436,0.6443081,0.6707401,0.6586732,0.651302,0.6418209,0.6415769,0.6601755,0.65427226,0.65068644,0.66615033,0.6628144,0.64296347,0.6498691,0.6491212,0.66146934,0.6579958,0.67996925,0.6469846,0.6586194,0.6328469,0.6560841,0.64959276,0.6613738,0.65476424,0.6539982,0.65265626,0.647672,0.65671134,0.65177524,0.65948254,0.6516984,0.6402737,0.66305923,0.6471442,0.6557484,0.652788,0.66160136,0.64675874,0.6480185,0.6528128,0.6527151,0.64598864,0.6565562,0.66124743,0.6597793,0.6645912,0.6479345,0.66770124,0.65689003,0.6589231,0.65378386,0.6589668,0.6701348,0.6716428,0.65079165,0.66674435,0.65533566,0.65704775,0.6377506,0.65359896,0.6601217,0.6561188,0.6569996,0.6622713,0.65862614,0.6443548,0.65838486,0.654203,0.6581172,0.65209454,0.6454676,0.6518201,0.6445552,0.65892047,0.6438854,0.6515825,0.6480079,0.6633547,0.66283196,0.6543903,0.66779125,0.65146387,0.6629922,0.67329746,0.66137433,0.66855246,0.65016073,0.63660663,0.6481072,0.66423863,0.6593015,0.650538,0.64196974,0.6617802,0.6483041,0.65027237,0.6432005,0.66805893,0.6527152,0.6443064,0.64202046,0.6396988,0.64940006,0.6468246,0.6492394,0.6538937,0.65642333,0.6533792,0.6493252,0.6331649,0.64807385,0.65893734,0.66098255,0.649867,0.6359596,0.6378603,0.6519945,0.6620698,0.6678645,0.66791356,0.6746772,0.6503837,0.6474963,0.6508561,0.6673641,0.643591,0.65339816,0.6450855,0.6473312,0.66444933,0.66400456,0.65605533,0.6439557,0.6475765,0.65798455,0.6584094,0.66069937,0.6477602,0.6508719,0.6523022,0.6463072,0.6478344,0.6570043,0.6561361,0.6520095,0.6385663,0.6603583,0.65143925,0.66271675,0.65197533,0.6410643,0.6550014,0.65070945,0.6605547,0.66242677,0.65546757,0.6725697,0.65194994,0.64918363,0.64883447,0.6582859,0.63944095,0.6600006,0.67229867,0.6477272,0.65381086,0.6660914,0.63154656,0.6451795,0.6531897,0.64950347,0.6636514,0.65008175,0.65353566,0.64159405,0.64989865,0.66088444,0.654693,0.6523401,0.6453888,0.6617186,0.65164566,0.6538346,0.64200604,0.65795094,0.6559324,0.66845065,0.66356504,0.66631013,0.66712415,0.6483051,0.64563453,0.6529296,0.663609,0.6501298,0.63787895,0.6493091,0.6587191,0.64685977,0.6465057,0.65628195,0.64651334,0.6509472,0.660475,0.652985,0.6501883,0.663511,0.645587,0.64628536,0.6532728,0.64368516,0.64962095,0.66360533,0.64527863,0.6544534,0.6669041,0.65085185,0.65378827,0.6404105,0.6349013,0.6554084,0.656942,0.65246356,0.65087104,0.64458895,0.66228515,0.66348004,0.6362638,0.6501197,0.6510796,0.6491988,0.65301853,0.65361154,0.6553753,0.66356397,0.6482246,0.65119535,0.6592127,0.65568435,0.65448946,0.643052,0.65851295,0.6341024,0.64090157,0.6581109,0.64621514,0.6631414,0.65693915,0.64800006,0.6621767,0.6573471,0.65162975,0.6408373,0.6617101,0.65958506,0.66832805,0.6545282,0.6635712,0.6217787,0.66234034,0.6474054,0.65055496,0.6456221,0.6400318,0.6448055,0.65928316,0.64330876,0.6523487,0.6558361,0.65349126,0.6478009,0.6584373,0.653984,0.67099595,0.6574383,0.6489656,0.662611,0.65686435,0.6479694,0.65729606,0.65063703,0.6553806,0.66301465,0.66200066,0.65399075,0.6436453,0.66121376,0.67378384,0.64380085,0.6641743,0.664283,0.65868044,0.6501132,0.6621394,0.6589703,0.6525271,0.6523807,0.6569737,0.6406932,0.66575253,0.6531338,0.6701578,0.6460725,0.65000385,0.65734345,0.65913886,0.65428376,0.65681493,0.6443652,0.66477144,0.64779305,0.6645676,0.6429344,0.66033584,0.65002704,0.65832055,0.66449285,0.660028,0.6540055,0.643671,0.64834577,0.6585299,0.6545115,0.66413116,0.6662813,0.6597754,0.65543276,0.65737635,0.66944087,0.6511632,0.63318956,0.6424673,0.6622324,0.65395665,0.64190733,0.6511667,0.64011836,0.65256107,0.65189576,0.6517782,0.65595657,0.6500701,0.65150934,0.65573657,0.6459756,0.654844,0.6596701,0.65975,0.6470333,0.6444572,0.65163016,0.65051484,0.653393,0.64290863,0.6581256,0.6584437,0.6571309,0.6463307,0.6508889,0.65832424,0.6503309,0.6402919,0.6549829,0.6488965,0.6545498,0.6478865,0.65637785,0.65136015,0.64458776,0.6493217,0.6470918,0.6562828,0.64083785,0.65633327,0.6650497,0.6449333,0.65637213,0.64258945,0.6423436,0.6588116,0.667581,0.666114,0.6511399,0.6421104,0.6494837,0.6558107,0.65050495,0.6609386,0.64964646,0.65396434,0.6621934,0.6515756,0.6580501,0.6454676,0.6627469,0.64096475,0.647628,0.6423484,0.6479299,0.6486455,0.66275716,0.66977733,0.6669806,0.65227216,0.6475729,0.65531605,0.66019,0.6548437,0.6419689,0.65468174,0.64736557,0.6572285,0.66143423,0.65624017,0.6415893,0.64076185,0.65468776,0.6549095,0.6494954,0.6506023,0.6482055,0.6561644,0.6462189,0.6777602,0.65733296,0.66977936,0.6576276,0.6473818,0.65793264,0.6421097,0.64525515,0.6576006,0.6539353,0.6536054,0.64289564,0.64058244,0.64691305,0.641425,0.6469668,0.6532494,0.6426107,0.65343434,0.6741808,0.6459066,0.6569136,0.65928406,0.63749593,0.64949256,0.65702814,0.6662605,0.66861075,0.6471765,0.650109,0.63883567,0.6513288,0.64690524,0.6487013,0.6596517,0.6361851,0.6540078,0.6473969,0.6546269,0.64386326,0.6441171,0.6524468,0.6582977,0.65368193,0.6584407,0.6606763,0.652599,0.66338295,0.6695861,0.65153646,0.64206445,0.6408911,0.65405697,0.66113037,0.657985,0.6475039,0.64908934,0.63570046,0.6574711,0.6590904,0.6451945,0.6519613,0.65539455,0.6551781,0.6460788,0.6717303,0.66086274,0.6416751,0.6611739,0.66323096,0.6525264,0.6570035,0.65652335,0.64615536,0.65638036,0.6624377,0.6499154,0.6688224,0.6484754,0.659278,0.6592529,0.6497307,0.6560309,0.6474962,0.66249865,0.6649531,0.6533709,0.6502251,0.6522839,0.64720756,0.6563613,0.6504955,0.65564185,0.65253127,0.6520064,0.65392405,0.64778,0.6388877,0.6631751,0.62507474,0.6667947,0.65443575,0.6613365,0.6655132,0.6640434,0.648698,0.64386034,0.6535924,0.6637963,0.64721596,0.6572639,0.6618965,0.66350466,0.64544433,0.65275747,0.65775025,0.6414625,0.6417919,0.6639667,0.65659845,0.6504835,0.6406357,0.63784814,0.65168464,0.6569128,0.6608193,0.65398175,0.64865416,0.661506,0.6578573,0.6494915,0.66937363,0.6527502,0.649654,0.64314586,0.6379628,0.6604446,0.65061766,0.6435274,0.67383015,0.64890575,0.66241616,0.6722992,0.66076267,0.6326953,0.6385677,0.6696609,0.6595677,0.6579263,0.6553242,0.63887,0.6469805,0.6470107,0.6417917,0.64677745,0.6538691,0.64577246,0.6501852,0.65373313,0.6392406,0.64463997,0.65954304,0.6427598,0.6431853,0.6545301,0.6512535,0.65925556,0.64991444,0.6517534,0.63893545,0.654717,0.6437306,0.6499121,0.66126907,0.67237675,0.649881,0.6460913,0.64692813,0.6560575,0.6521766,0.6513946,0.6630323,0.65747976,0.6650843,0.6524863,0.64359975,0.6475354,0.65574944,0.6589459,0.6555019,0.66289556,0.6479068,0.6442833,0.6633083,0.6599803,0.64747214,0.64410233,0.6498306,0.6497556,0.6578185,0.65924746,0.64514035,0.63653624,0.64445925,0.6534873,0.6560349,0.6597008
0.8161329,0.8061829,0.8223739,0.8079561,0.8039785,0.8205921,0.82095784,0.7987431,0.8060923,0.8132103,0.80198693,0.8146247,0.81110126,0.822664,0.81711245,0.81400204,0.80022836,0.80495465,0.80500484,0.8186746,0.80761683,0.81275165,0.80467474,0.8086336,0.8039743,0.8254156,0.8052386,0.8092383,0.8120344,0.8255129,0.8160129,0.8165612,0.80858076,0.81999516,0.8115749,0.80577296,0.80709165,0.8043989,0.8124502,0.8140355,0.8279908,0.82611954,0.8252862,0.80637497,0.8160727,0.80950445,0.80965453,0.80648863,0.81347764,0.8162894,0.8113953,0.8008919,0.7950749,0.8182725,0.81226444,0.8081763,0.81635034,0.8117892,0.81157136,0.82068425,0.81750333,0.8140712,0.80651915,0.819885,0.8036836,0.81712866,0.8064509,0.81508714,0.82336426,0.8164837,0.81142735,0.82188874,0.8053211,0.80372393,0.82923067,0.79334813,0.8138025,0.81965756,0.8067276,0.8200332,0.8108711,0.82114226,0.8028058,0.812476,0.79278827,0.80977225,0.80302024,0.8024996,0.80885345,0.81354505,0.8027956,0.8069544,0.8054718,0.8069617,0.81171703,0.8190456,0.80524224,0.80662453,0.8077052,0.8154909,0.79970616,0.8365375,0.79414934,0.78150547,0.8006097,0.82144177,0.8162847,0.806171,0.7962667,0.82435346,0.79070896,0.80975115,0.81099993,0.81774706,0.81530863,0.82147235,0.79039353,0.8075178,0.80794674,0.82319754,0.8074822,0.80578554,0.822627,0.81491476,0.8119984,0.8093581,0.80832237,0.82020104,0.809103,0.81034243,0.79812896,0.8188353,0.7931782,0.8035883,0.81566054,0.80303705,0.817932,0.8123145,0.8112838,0.80918837,0.80780953,0.8255963,0.8130377,0.8083216,0.8162211,0.82133836,0.8131976,0.8244962,0.80418915,0.80696017,0.8137215,0.8089301,0.80577016,0.8177098,0.8139494,0.81480044,0.82366854,0.81293994,0.80832547,0.80735165,0.8094245,0.8139551,0.81202585,0.82034785,0.81875217,0.8219783,0.80132896,0.82099485,0.8214291,0.80749506,0.7979791,0.81670004,0.80246556,0.8074082,0.8109107,0.802883,0.80870473,0.8069031,0.81893605,0.8200456,0.816132,0.8252431,0.82348984,0.82141465,0.8069385,0.8156116,0.8221639,0.81551063,0.8028665,0.80530035,0.80542266,0.8055621,0.80516815,0.7985399,0.82823294,0.82362217,0.80725074,0.8134713,0.8189568,0.82031304,0.8077683,0.8132678,0.80932236,0.82081217,0.8052601,0.82104725,0.81262976,0.80823463,0.82411623,0.79930335,0.8069323,0.8043284,0.79937196,0.8328629,0.80475616,0.8125315,0.80127025,0.8133995,0.81733465,0.8053598,0.80451566,0.8313208,0.82023364,0.8070744,0.8030323,0.80999845,0.8031522,0.80817795,0.81227,0.8119129,0.8285474,0.8181606,0.81565994,0.8068907,0.80203915,0.80900514,0.8220695,0.8203431,0.79219365,0.80548346,0.8069532,0.8075788,0.81244093,0.8121672,0.8198208,0.81070983,0.8131002,0.81156445,0.81579053,0.8140436,0.81978184,0.80706125,0.80635345,0.8099522,0.80376744,0.81339586,0.792725,0.8078046,0.8104445,0.8036629,0.82216465,0.81807834,0.8128645,0.8085288,0.82067406,0.8164332,0.8018639,0.8095542,0.8145103,0.8256848,0.8157309,0.80983144,0.8026976,0.8222971,0.8167553,0.81784296,0.8125203,0.79901654,0.8110243,0.8252491,0.81287915,0.81160504,0.8084921,0.80791676,0.82848126,0.80552673,0.813108,0.81250083,0.81557167,0.79877156,0.8043399,0.806614,0.80850667,0.80939955,0.812811,0.8229929,0.8033413,0.820133,0.80006003,0.82044923,0.8215008,0.8078471,0.8257399,0.8086433,0.8271648,0.814642,0.8135013,0.80930644,0.80534065,0.8146585,0.79451,0.81642133,0.80340403,0.82674253,0.805464,0.79382426,0.8140638,0.820882,0.80681103,0.80669785,0.81210285,0.81982636,0.8067806,0.80621845,0.8127914,0.8101395,0.81303173,0.80840224,0.81099236,0.8154314,0.8155717,0.8057078,0.82794833,0.80870116,0.8057097,0.8164939,0.82191247,0.80465573,0.8164426,0.8135918,0.81431484,0.8080736,0.8105424,0.8303878,0.81561816,0.7922207,0.81681365,0.83120805,0.8274825,0.7987665,0.808034,0.8181679,0.8155778,0.8080113,0.8153221,0.8048415,0.8028155,0.81246436,0.8199083,0.80870706,0.81151634,0.8147092,0.80439115,0.8077272,0.8092958,0.80358,0.808813,0.8123189,0.81831425,0.80984586,0.80508417,0.8199605,0.80678993,0.8101079,0.8104545,0.78869075,0.8199353,0.80096793,0.8108111,0.8129332,0.80565375,0.8077069,0.8052647,0.8081973,0.81883985,0.81303215,0.8176122,0.79511803,0.8068752,0.81251514,0.8104873,0.8047852,0.82153904,0.8115473,0.8171865,0.8156369,0.81775343,0.82880753,0.81397766,0.805059,0.80880773,0.79759365,0.81590664,0.8078227,0.7971364,0.8088643,0.8133385,0.8219949,0.8168555,0.8257262,0.7989426,0.809056,0.8159883,0.8081507,0.8052909,0.80062,0.8223367,0.80959034,0.811677,0.81361413,0.82991624,0.8202435,0.80747104,0.8188847,0.8246591,0.8265785,0.8100175,0.81596845,0.8134556,0.8074948,0.8137465,0.8122535,0.8031698,0.8001798,0.8047687,0.80933136,0.8063035,0.80780363,0.8088008,0.8137513,0.8173703,0.8082956,0.81434286,0.801691,0.8150787,0.8202004,0.81002825,0.81148887,0.82606643,0.8025533,0.81054384,0.8137107,0.79259056,0.8185042,0.817919,0.8057598,0.8034288,0.8017648,0.8120211,0.82213986,0.8069906,0.81991184,0.814787,0.81325454,0.82503545,0.8080496,0.79287475,0.8147269,0.80100524,0.81375235,0.8037842,0.81007934,0.8220102,0.8140036,0.7986822,0.80318856,0.817841,0.8003493,0.816901,0.80815995,0.81840193,0.82070607,0.8190141,0.8032087,0.7997646,0.8007736,0.8188403,0.8203095,0.8135966,0.82170975,0.8257108,0.81999046,0.7989933,0.79645616,0.82507676,0.80217797,0.80593973,0.8186218,0.808845,0.82472306,0.823046,0.8153228,0.8135466,0.7970493,0.8261819,0.8194214,0.8222401,0.80123264,0.8096431,0.8162538,0.8193254,0.80915755,0.82001215,0.801538,0.8163177,0.8175523,0.8268468,0.81856763,0.7982726,0.82012016,0.82498705,0.8206529,0.8002682,0.80949146,0.81430995,0.8084915,0.82591844,0.81640446,0.80870724,0.82453775,0.802639,0.8181947,0.8027383,0.8135013,0.8090661,0.8115326,0.8237048,0.79697526,0.80442995,0.7982995,0.82447004,0.8062552,0.82366884,0.80968875,0.8056811,0.79751843,0.8012728,0.7986482,0.80118245,0.82191545,0.8202608,0.8191075,0.8084847,0.80955243,0.79639757,0.8104086,0.81894475,0.8079176,0.8297455,0.8019944,0.8089129,0.8061451,0.8143371,0.8219852,0.8075512,0.8128613,0.80238616,0.8040972,0.8045127,0.8146784,0.8201629,0.8059443,0.7946772,0.80173063,0.8153484,0.8004202,0.80964595,0.8109782,0.8097666,0.8015693,0.8076661,0.80565304,0.8085135,0.8099125,0.8085122,0.82047814,0.81133056,0.816728,0.8235534,0.80302405,0.81632525,0.8132548,0.80527174,0.812922,0.8134937,0.821487,0.823776,0.80942756,0.80255467,0.8179977,0.8175247,0.8062286,0.79837114,0.81025755,0.81631905,0.8281047,0.8123688,0.81902647,0.8075066,0.81555575,0.8005141,0.81322527,0.80497867,0.8067992,0.8047009,0.8156301,0.8261958,0.8192072,0.80277455,0.8145058,0.81870097,0.81375355,0.8134848,0.80750936,0.8165821,0.821175,0.81784505,0.80555713,0.81178015,0.8159828,0.81549656,0.804615,0.82824945,0.80905247,0.8133874,0.81014735,0.8134962,0.81264263,0.82383394,0.8104236,0.81684536,0.80127907,0.81074893,0.7999042,0.814767,0.80338377,0.8160055,0.82152504,0.8138089,0.80691105,0.8192814,0.8136603,0.8128385,0.8073168,0.8078906,0.8019085,0.8094127,0.8201824,0.8073382,0.80738103,0.8136554,0.81531465,0.80987895,0.8104666,0.8100017,0.82161283,0.8160702,0.8161049,0.8120378,0.815576,0.8199546,0.8207625,0.80684775,0.816227,0.8161761,0.825632,0.8291931,0.80642354,0.8102886,0.8156721,0.81280226,0.81333846,0.8160168,0.81268936,0.8154385,0.8169318,0.80018985,0.81083393,0.8236573,0.7989337,0.79513633,0.8120727,0.8163157,0.8135482,0.80744547,0.80955696,0.80397546,0.81474274,0.79400045,0.82108843,0.8154149,0.8090797,0.8107356,0.8022166,0.81832254,0.8047865,0.8056618,0.8081846,0.818739,0.80759174,0.8178442,0.80747604,0.82016814,0.79747945,0.79913807,0.8176731,0.80817854,0.8080459,0.81079996,0.8127708,0.8079226,0.8090694,0.80721146,0.8035943,0.79798424,0.8057028,0.81264013,0.80594254,0.8088012,0.81118935,0.8035746,0.80622894,0.8050203,0.81232,0.8152406,0.82963645,0.80768526,0.8213513,0.8291844,0.8138254,0.82045114,0.8164652,0.8259517,0.82041466,0.81852525,0.8041136,0.8252747,0.79963124,0.8163308,0.8165445,0.809137,0.7912799,0.80880636,0.82049674,0.8125943,0.8346661,0.8201584,0.8025348,0.81840456,0.80758667,0.8048695,0.79457283,0.8118927,0.81346816,0.81575966,0.803512,0.8097599,0.8091134,0.7937283,0.8267109,0.8226675,0.8175995,0.8204048,0.8135247,0.80172575,0.80908716,0.80361485,0.8067202,0.81814027,0.8024896,0.80523795,0.8068207,0.7935165,0.8150799,0.8173631,0.80762714,0.7884228,0.8048226,0.81668323,0.8202612,0.8144074,0.8139034,0.8127507,0.8115054,0.8174347,0.810573,0.812755,0.8029773,0.8030363,0.8128097,0.7913291,0.8108397,0.79776716,0.8268678,0.8173818,0.8093418,0.80898464,0.8145917,0.80022836,0.82199186,0.806263,0.8248269,0.82213557,0.8094128,0.8168626,0.80930525,0.7988636,0.79310775,0.8123152,0.80616874,0.813668,0.8058381,0.8127523,0.79858065,0.8119319,0.8175908,0.81650764,0.8112176,0.8051193,0.8182423,0.8054396,0.820373,0.79743683,0.7965481,0.81000894,0.81855106,0.8138612,0.8170818,0.8011092,0.811382,0.81605095,0.816544,0.8134542,0.8102479,0.8237742,0.80926436,0.80492485,0.7982874,0.8144693,0.7989104,0.8004985,0.81446904,0.8157736,0.8270458,0.8119125,0.8100071,0.81030303,0.81130105,0.80970716,0.80756545,0.80586094,0.81026524,0.8214753,0.8076779,0.81764996,0.8156345,0.8174209,0.7995507,0.8111331,0.8054419,0.8113778,0.82162446,0.8252827,0.8106783,0.79683614,0.82472783,0.7993458,0.8147594,0.80118734,0.81343305,0.82382125,0.8205538,0.80455315,0.80378884,0.7998469,0.81347734,0.8154701,0.8098267,0.81024724,0.80475,0.8142456,0.81261533,0.8001589,0.8183234,0.8262901,0.8131438,0.8200106,0.81683755,0.8052623,0.8181474,0.8102361,0.8175145,0.80988854,0.8234206,0.8180027,0.8254477,0.79889125,0.80763084,0.80774266,0.8030875,0.7939062,0.7989999,0.8082577,0.8109858,0.8120993,0.80078125,0.81242174,0.80946344,0.8153749,0.8140263,0.82451427,0.80021745,0.80542326,0.81072754,0.8081998,0.8069639,0.81253505,0.8157078,0.79679286,0.8068124,0.8183755,0.80541766,0.8065351,0.82109964,0.81271595,0.8210086,0.8307968,0.8020946,0.7975082,0.80115443,0.8111175,0.8054885,0.80793756,0.8042538,0.801579,0.8078918,0.8157123,0.81091535,0.81780374,0.8128376,0.80750257,0.79639477,0.81011295,0.81529576,0.808834,0.80044997,0.7979697,0.80909705,0.81468976,0.8182199,0.8152847,0.8167374,0.80224663,0.8188662,0.81047386,0.81751895,0.8071627,0.8114342,0.82285756,0.82376367,0.79677427,0.82134694,0.8207851,0.8106557,0.81636256,0.8165225,0.82114655,0.814464,0.8039583,0.7997499,0.81028223,0.8264767,0.8053229,0.7962769,0.8102586,0.8138731,0.8154816,0.81157297,0.79850316,0.8042997,0.80585456,0.8152094,0.80919904,0.79760003,0.81562626,0.8073656,0.80526346,0.81275994,0.8120061,0.82008415
0.76547086,0.7807973,0.7728669,0.78424346,0.7712162,0.77039057,0.78300196,0.76570857,0.7733818,0.77890956,0.7771651,0.7828781,0.7776664,0.778377,0.77104414,0.77950954,0.7810768,0.7843763,0.7962304,0.76964784,0.79092467,0.77613264,0.7615922,0.7688919,0.7817281,0.78294116,0.77331704,0.7844801,0.78208613,0.7774466,0.7730222,0.77925754,0.7841788,0.7772628,0.78649,0.7802592,0.7718629,0.77038115,0.7682679,0.770242,0.77993333,0.77400976,0.79641736,0.76971835,0.7875425,0.7657644,0.7768553,0.7719293,0.7752073,0.78140765,0.76920444,0.7731717,0.78502953,0.7869829,0.78591967,0.77018523,0.7796168,0.7780215,0.77262443,0.7803841,0.78267676,0.78265315,0.7619369,0.7804705,0.7661697,0.77352226,0.7813556,0.7909661,0.7836099,0.7841664,0.7789149,0.7724276,0.7759024,0.7767254,0.7825658,0.7683059,0.7891581,0.77815586,0.77207005,0.7813712,0.765828,0.7577481,0.774406,0.78493273,0.77747256,0.78170484,0.7801073,0.7733345,0.7751419,0.7797205,0.7814353,0.77175474,0.7778092,0.7751707,0.7862342,0.776912,0.7694458,0.7737271,0.7774528,0.7760789,0.7767737,0.77623856,0.76196444,0.76239073,0.76489675,0.787003,0.787755,0.7716182,0.7692075,0.77771825,0.76539785,0.7838882,0.767548,0.7825094,0.76817936,0.76716834,0.7565933,0.77525276,0.776894,0.784767,0.7808203,0.77268165,0.7821925,0.7693026,0.7725195,0.7810336,0.777413,0.7909604,0.7764537,0.770916,0.778977,0.77537775,0.77927196,0.7781251,0.7869447,0.7564204,0.77048,0.7696664,0.7677876,0.77392423,0.78297555,0.7913473,0.77585745,0.7789214,0.7766089,0.7792387,0.7806786,0.78235084,0.7795561,0.7728432,0.77616155,0.7721435,0.7680334,0.7793543,0.7741279,0.7886869,0.7831354,0.7795458,0.7683162,0.77791333,0.7654944,0.7651999,0.77381057,0.78379494,0.7763747,0.7911662,0.7697968,0.78234935,0.77841496,0.77670354,0.7735131,0.77981913,0.7823264,0.78123,0.78610986,0.779181,0.78219855,0.77514297,0.77434504,0.7781211,0.7807722,0.7700283,0.79414153,0.79039496,0.76935196,0.78079635,0.7738033,0.77928257,0.7739218,0.7755946,0.78450835,0.7779246,0.7730472,0.7720353,0.7796982,0.7842227,0.7899947,0.7733092,0.79155636,0.7852901,0.78417075,0.7852187,0.77669275,0.7873812,0.776723,0.7691267,0.7704833,0.7780033,0.78009206,0.7572934,0.78478026,0.78070223,0.75760686,0.7750702,0.77027947,0.7736195,0.76985854,0.77224517,0.77829283,0.77899057,0.7763576,0.79411435,0.7810101,0.7799823,0.77368045,0.7723609,0.7792684,0.7723109,0.7731442,0.7654685,0.78388214,0.763572,0.77499527,0.7719617,0.77205604,0.78537726,0.7678661,0.7614326,0.7800098,0.77709705,0.7651349,0.77986443,0.77810675,0.7833526,0.77211267,0.7830635,0.76835984,0.77929354,0.7719379,0.7788794,0.7869732,0.7954278,0.7741226,0.7793403,0.76778847,0.7766796,0.76123196,0.7738567,0.78417325,0.7809734,0.77276474,0.7729511,0.7756889,0.77378315,0.78306806,0.78080094,0.77941775,0.7738777,0.7766048,0.7821089,0.7676023,0.7835953,0.76836157,0.7802661,0.7700455,0.7781908,0.7719595,0.75846493,0.7806491,0.78916967,0.7875972,0.7786328,0.78253824,0.7703389,0.7949232,0.7728557,0.77742606,0.769913,0.7838147,0.7677171,0.78057927,0.77558225,0.78041774,0.7838827,0.77764916,0.7803605,0.76548254,0.7925305,0.7751563,0.76629096,0.7681343,0.7661345,0.78208554,0.782845,0.7853185,0.7778873,0.7808676,0.7799864,0.77503496,0.78438145,0.7656325,0.79027086,0.78679925,0.7836464,0.7715935,0.76974845,0.7865433,0.7773154,0.7795916,0.76407826,0.76790524,0.7758054,0.7756162,0.7774595,0.77482855,0.78216034,0.7655457,0.7785378,0.7790434,0.7885959,0.7828429,0.77531165,0.7949123,0.78086215,0.7704143,0.77361715,0.76515245,0.7782231,0.7676471,0.7705563,0.77593637,0.7743156,0.7584198,0.7772144,0.7773799,0.7640278,0.7781853,0.7782618,0.77549815,0.7765786,0.7774646,0.77126706,0.7698214,0.76916665,0.77645606,0.77765024,0.782879,0.7741306,0.7828891,0.772736,0.7796738,0.7778946,0.7686868,0.7670701,0.7705159,0.75922525,0.76839656,0.7688079,0.78240186,0.7696949,0.76901555,0.77674747,0.77358305,0.791144,0.7594494,0.76192194,0.77399224,0.77492523,0.7742308,0.7707088,0.7671735,0.7789196,0.7736797,0.7793825,0.78129804,0.76666653,0.7876336,0.76060206,0.771687,0.772873,0.78261894,0.78068316,0.78750646,0.77628076,0.76551795,0.7596596,0.78663385,0.7838514,0.7710226,0.7877122,0.77355444,0.7690669,0.7844709,0.7622721,0.77711236,0.7860091,0.7671096,0.7743205,0.7748656,0.78328425,0.7520967,0.77478224,0.7758234,0.7835954,0.7783568,0.7806904,0.7750708,0.7740765,0.78352433,0.77234143,0.78703845,0.78429174,0.7894124,0.76661164,0.78595257,0.788907,0.7653031,0.76853925,0.77109814,0.77510273,0.782655,0.77000153,0.7769117,0.7736506,0.77792656,0.75311124,0.7751632,0.76397514,0.76692766,0.7675959,0.78868824,0.7630933,0.78148586,0.7779893,0.779855,0.7816092,0.76658344,0.77971846,0.77750796,0.7744788,0.7875967,0.76832,0.7684176,0.79070896,0.7737957,0.7762591,0.78458256,0.76948494,0.772928,0.7704562,0.76851207,0.7869866,0.7900626,0.7911218,0.7783268,0.78665966,0.7612344,0.77908605,0.7766401,0.77505934,0.758308,0.7770036,0.7755446,0.78216887,0.7683096,0.77633274,0.7726088,0.77234226,0.7756124,0.77182364,0.78396016,0.78204,0.78446126,0.7558757,0.7672812,0.7595663,0.77920276,0.7836009,0.78054416,0.7734911,0.8032162,0.77009445,0.77711993,0.7799802,0.78588444,0.77199036,0.78245085,0.7842021,0.7580485,0.7760719,0.7741288,0.7714309,0.7760948,0.76592815,0.77580655,0.7808053,0.7813816,0.7711386,0.7859037,0.7633016,0.79247904,0.76514226,0.77465385,0.77299905,0.77858317,0.77201754,0.7722529,0.7808393,0.78041446,0.7787554,0.7766784,0.7818633,0.765856,0.77056485,0.7872824,0.77038413,0.78155017,0.7791126,0.7862482,0.7902358,0.77214694,0.7802595,0.78179777,0.78147507,0.77502775,0.77745587,0.7852843,0.7751028,0.76460993,0.77573204,0.7974266,0.776678,0.7867763,0.7709663,0.7625672,0.7667744,0.7690562,0.7815183,0.7707336,0.77670383,0.7812288,0.76896703,0.7820066,0.7619195,0.75273305,0.7878027,0.78099585,0.7760033,0.78514916,0.7704972,0.7823654,0.77078015,0.77573997,0.795713,0.7743055,0.7685454,0.7801901,0.7716177,0.76407796,0.78048646,0.78142196,0.7734212,0.7724244,0.7703145,0.7733775,0.7701569,0.77664953,0.76585245,0.7707437,0.7596618,0.7683272,0.7560805,0.7726168,0.7813285,0.77590156,0.79285175,0.7817637,0.77968705,0.78792226,0.7671707,0.7748486,0.77842855,0.7879271,0.7889814,0.771364,0.78630346,0.7753428,0.765643,0.776598,0.78435403,0.77878547,0.7764354,0.7702587,0.7861122,0.7860381,0.78185,0.7806294,0.78025115,0.77538073,0.7932912,0.7799097,0.7875942,0.7667573,0.7737674,0.76994514,0.7692934,0.79031265,0.77703625,0.77930856,0.7754596,0.7723868,0.7813202,0.7660174,0.78085697,0.7869073,0.7901455,0.7764052,0.77771366,0.75819975,0.776329,0.77507293,0.78195447,0.78195834,0.7881838,0.7689056,0.7767005,0.774616,0.76970303,0.7815622,0.7758849,0.7914632,0.7717123,0.77333474,0.7712474,0.77534103,0.7765123,0.77560973,0.78516656,0.7812269,0.78372407,0.7690787,0.7750074,0.76995176,0.7729897,0.7892045,0.7563745,0.7797868,0.79314536,0.77792555,0.77058214,0.78115416,0.7763876,0.78041196,0.76107067,0.7677735,0.78045756,0.7661018,0.76909035,0.7775302,0.77482647,0.7710543,0.7728278,0.7702971,0.76954615,0.775566,0.7908935,0.7842148,0.7795677,0.77832425,0.7800502,0.77788675,0.7838182,0.7743237,0.7731089,0.7733251,0.782621,0.77341884,0.7971081,0.7893669,0.7686514,0.78069687,0.78014743,0.78373796,0.77722025,0.7803766,0.7725418,0.7631441,0.7778001,0.7700179,0.7778818,0.7813345,0.7782187,0.77889246,0.7584984,0.7637296,0.7713748,0.7638645,0.7731987,0.7821092,0.77577734,0.7690661,0.7747023,0.76852,0.7785125,0.7818178,0.77899253,0.7941719,0.7858415,0.7789738,0.7732747,0.7792751,0.77175856,0.7830962,0.77117217,0.7698918,0.78621554,0.7786693,0.77484995,0.7745848,0.77003074,0.7785043,0.7733791,0.7715376,0.7687705,0.77574664,0.7737735,0.78062415,0.769994,0.78733176,0.77529764,0.77977645,0.77538,0.7784988,0.78955007,0.77979255,0.7669847,0.77868277,0.76960856,0.7707123,0.77603877,0.7854293,0.7585404,0.7775684,0.7718549,0.768063,0.78110904,0.7833012,0.7796997,0.7816246,0.7776858,0.77827406,0.7688601,0.7882384,0.78056854,0.7877856,0.775898,0.7739121,0.7786195,0.7732854,0.77892905,0.77337843,0.78064644,0.7879854,0.7733451,0.78480506,0.7802758,0.77579963,0.7746313,0.77937627,0.78489053,0.76416105,0.7746665,0.7652425,0.77259165,0.7843866,0.777437,0.7704262,0.75724536,0.78398275,0.78622967,0.7686761,0.77300894,0.78585404,0.7817644,0.7813827,0.78376627,0.7766798,0.7829543,0.79274887,0.77601004,0.76677364,0.76595205,0.7704398,0.79290223,0.7773182,0.7791919,0.7803417,0.771338,0.7626802,0.7861064,0.77260184,0.7841539,0.7976845,0.77171844,0.770128,0.7702925,0.78217584,0.76913196,0.7715628,0.767823,0.796114,0.7663586,0.7746967,0.7564836,0.77726656,0.78162163,0.7766577,0.77692914,0.77133673,0.77753127,0.7721261,0.7729544,0.77288175,0.77098566,0.77449274,0.78158313,0.78218246,0.77861345,0.7810052,0.77354884,0.7756077,0.7691991,0.76909757,0.7757694,0.7825882,0.78305864,0.77437925,0.76739204,0.77420187,0.77500075,0.77991074,0.78004146,0.7752077,0.77375615,0.7659808,0.77758574,0.77260214,0.7671168,0.77616614,0.7639473,0.7638484,0.7828926,0.7834715,0.77415955,0.77527755,0.7800727,0.7879675,0.7857097,0.7805225,0.775766,0.7828167,0.7802551,0.7636026,0.78449064,0.7610556,0.78436166,0.77144057,0.79200506,0.7685769,0.7738668,0.78090143,0.78586954,0.76893884,0.77910477,0.78760964,0.7692012,0.78038,0.7610338,0.7959587,0.7711588,0.7621098,0.78057265,0.76244587,0.786655,0.77800804,0.7843889,0.7879767,0.77832186,0.76725733,0.7769426,0.7708491,0.76609415,0.7792994,0.7762072,0.7805111,0.77278566,0.7874183,0.77690583,0.7806136,0.77083963,0.7672703,0.76688707,0.7768181,0.77770585,0.77753484,0.7669304,0.7769578,0.79007125,0.7712171,0.77707106,0.7749774,0.7726718,0.7737263,0.7613507,0.7823501,0.7742238,0.773251,0.78869116,0.76868135,0.78087187,0.76896346,0.7732399,0.7801329,0.7857075,0.79380286,0.7915267,0.78863955,0.7720333,0.7874225,0.77391124,0.7715496,0.77554446,0.77412146,0.7799629,0.7623962,0.7650361,0.77568614,0.7765897,0.778326,0.7732089,0.7648604,0.76480436,0.78133595,0.7924797,0.77702343,0.7478581,0.77697027,0.778832,0.77669644,0.7829693,0.78420544,0.7717974,0.76449895,0.788453,0.7674781,0.7728084,0.77371997,0.77264804,0.7696033,0.77884805,0.7640449,0.7784176,0.7882353,0.7779629,0.78039634,0.78581613,0.7891704,0.7806326,0.76206994,0.7573865,0.78617185,0.78365797,0.7642224,0.7696927,0.7819343,0.76959085,0.7738138,0.7866802,0.7681597,0.7728809,0.7855065,0.7708722,0.7691309,0.7811906,0.78048646,0.77422625,0.7706222,0.77196753,0.7661985,0.8038703
0.095544785,0.08755986,0.09958433,0.0995751,0.09362609,0.07984136,0.07754063,0.10032262,0.08635113,0.083850056,0.10024461,0.0899325,0.09537549,0.10361054,0.09458582,0.085862406,0.08976132,0.083645836,0.08392861,0.088366166,0.095353045,0.09143065,0.07691324,0.07515686,0.09201209,0.08531129,0.085636005,0.08902502,0.08083143,0.07819933,0.08328988,0.09031073,0.08436257,0.08438888,0.0938838,0.09164677,0.08597194,0.08423483,0.08545585,0.08511661,0.09508039,0.08264859,0.09796681,0.09848596,0.08335903,0.09103827,0.095798105,0.083005875,0.08634257,0.08462468,0.09096952,0.088133484,0.10077957,0.08669509,0.08709786,0.09426747,0.094446875,0.09495799,0.07832329,0.081372604,0.081433035,0.09014631,0.0661712,0.08911708,0.09143665,0.10400473,0.08468239,0.08911675,0.08248426,0.081671804,0.091840856,0.08891417,0.07489973,0.09502046,0.08252515,0.08065957,0.08042855,0.08138834,0.1012743,0.088618875,0.08702825,0.07783222,0.08319522,0.094932586,0.08266847,0.0765879,0.08091063,0.10242287,0.08535297,0.08101181,0.08953088,0.09840933,0.08618525,0.082311876,0.09012443,0.10123722,0.089677155,0.0856534,0.09129116,0.08345531,0.08126994,0.0747382,0.08643612,0.08521501,0.083470136,0.085835434,0.08920816,0.09024876,0.0990901,0.08901829,0.081465825,0.08498489,0.09738074,0.087032676,0.10008275,0.08431569,0.06962834,0.089791164,0.08569961,0.09631965,0.09906647,0.07695522,0.08214629,0.08177498,0.08570549,0.083366156,0.09595636,0.08764741,0.08906405,0.09602771,0.08326174,0.08198272,0.10403016,0.08420424,0.07853684,0.083955586,0.082074195,0.08327047,0.084603034,0.07841103,0.08088495,0.080117136,0.093591824,0.080384836,0.08204444,0.0892285,0.08935861,0.09597125,0.09846467,0.08853996,0.084593,0.09972629,0.07767001,0.09568617,0.07998318,0.09256563,0.08404051,0.087741256,0.0904248,0.08500902,0.07631397,0.08183745,0.08432256,0.09583924,0.08590838,0.08808372,0.08827382,0.08397669,0.097835064,0.07717662,0.08723384,0.090324715,0.092552826,0.08594589,0.09151867,0.086117536,0.10122426,0.095822915,0.08866589,0.06939069,0.09496562,0.099530764,0.08181694,0.09794024,0.08032722,0.07669714,0.07659265,0.08578512,0.07950073,0.093477964,0.087377526,0.0829147,0.08217649,0.101756684,0.094380215,0.098122746,0.103204854,0.08637583,0.10516059,0.091683194,0.08907153,0.098674856,0.07811883,0.08326734,0.1050844,0.07962551,0.1072814,0.082747415,0.081927806,0.08636077,0.090405084,0.09031248,0.09157929,0.09118168,0.07989399,0.073764004,0.07677445,0.08125742,0.08832091,0.08708559,0.09260035,0.09393984,0.0906029,0.08805582,0.091348805,0.088821046,0.09163768,0.1032213,0.086522415,0.08841022,0.09117087,0.087291576,0.09145381,0.08088559,0.09400377,0.07923226,0.08230444,0.07813654,0.08979082,0.08206525,0.08619993,0.0752758,0.09507485,0.08775005,0.09779921,0.088193074,0.08729319,0.0791454,0.089905165,0.08759728,0.08874181,0.07961291,0.077297844,0.080384225,0.08361907,0.095382765,0.078417644,0.08989736,0.09550814,0.08449605,0.085975364,0.08146463,0.08301816,0.08146167,0.08903719,0.08991057,0.09029883,0.090328366,0.09263989,0.102803566,0.095661245,0.07244832,0.09288382,0.07168913,0.08067259,0.08355598,0.08580273,0.0858693,0.08572823,0.098098114,0.08813985,0.09395535,0.090635866,0.08299515,0.09789062,0.08825773,0.09652806,0.08659131,0.08460634,0.084317416,0.08665107,0.08520113,0.09211497,0.092189394,0.09011491,0.08370447,0.08791417,0.09847275,0.09631409,0.097456664,0.088885486,0.10085456,0.08908508,0.091164246,0.093666345,0.08953544,0.08212103,0.094174795,0.089550376,0.099516615,0.092088416,0.0829998,0.08507674,0.07967116,0.0848475,0.09594646,0.079126425,0.09927157,0.091714196,0.09346664,0.0780593,0.08703189,0.09436962,0.08522794,0.079913445,0.087580666,0.07212085,0.0833621,0.08567856,0.09344563,0.08989708,0.09279968,0.094109215,0.09289029,0.08878005,0.09776744,0.08380524,0.08728993,0.08680569,0.077945925,0.08499443,0.087626606,0.0807223,0.0933736,0.082376264,0.08406302,0.09143523,0.08583242,0.07716999,0.0849172,0.084533766,0.08249387,0.080027536,0.09299185,0.09009533,0.09483175,0.09975625,0.09064575,0.09951781,0.09128732,0.09301287,0.086864576,0.08531841,0.086932704,0.086298704,0.0838394,0.0905792,0.07934552,0.092801794,0.08893037,0.079317845,0.09299388,0.09188099,0.08740929,0.08411067,0.0822815,0.08297501,0.08297824,0.07578857,0.089711,0.08429119,0.08339973,0.0765374,0.09032517,0.08967865,0.093878776,0.096844375,0.08550774,0.07932383,0.08194342,0.09487956,0.087121755,0.10590528,0.10654421,0.09212379,0.0807421,0.085273035,0.08912155,0.08457121,0.08942982,0.08592269,0.08305796,0.08946801,0.10709732,0.082848035,0.092106596,0.08341217,0.0814973,0.08213385,0.0849654,0.09262083,0.08368902,0.082208484,0.096549585,0.091137566,0.103902735,0.089437045,0.09154469,0.090313986,0.09383207,0.08693145,0.08810881,0.08752482,0.089142546,0.08694723,0.08299491,0.09164934,0.08290418,0.07835234,0.08944326,0.08560096,0.0877906,0.081755415,0.102966204,0.08722493,0.088792175,0.09192301,0.08818807,0.08820857,0.084153615,0.07645522,0.08723524,0.09698753,0.0973198,0.08908765,0.07331245,0.08934253,0.082831725,0.095393024,0.08318103,0.093391374,0.08109875,0.09163957,0.09882338,0.08550957,0.10373092,0.09250623,0.084447324,0.08596437,0.09328329,0.10429979,0.08764288,0.09540524,0.08546942,0.07896322,0.08685112,0.08544672,0.093809254,0.098559454,0.078823805,0.09342227,0.07949522,0.0742634,0.09025332,0.08439586,0.0828349,0.077942885,0.105138674,0.08701816,0.08049627,0.0748816,0.08385814,0.07961003,0.09160955,0.08169933,0.07341326,0.09029609,0.07725005,0.08963561,0.09263979,0.09857653,0.08601089,0.082704455,0.09982618,0.08027103,0.091563866,0.090739615,0.08556781,0.072188765,0.08196181,0.08332927,0.08974367,0.08675439,0.082693666,0.08401143,0.08724136,0.086178124,0.08830064,0.079567015,0.08942197,0.08945671,0.07505497,0.0898678,0.09224458,0.0834016,0.0909185,0.08402632,0.088625446,0.0963859,0.08696817,0.08262466,0.09337814,0.08165563,0.08924747,0.09421034,0.078819044,0.09976026,0.083064154,0.08296957,0.083172545,0.099622995,0.07807213,0.09482588,0.094115935,0.08784812,0.084315486,0.087935746,0.0714589,0.089397535,0.10017631,0.08684859,0.09829478,0.07741301,0.08693634,0.080651306,0.09246682,0.1007465,0.08747657,0.08061637,0.08341274,0.09137631,0.09281056,0.09516397,0.08212726,0.08666231,0.086117975,0.09781853,0.08263647,0.08836721,0.106534086,0.09678231,0.08571836,0.09286227,0.08425184,0.09211121,0.07238095,0.087760046,0.089555174,0.08203672,0.08499659,0.10152573,0.0860518,0.10793722,0.098769516,0.09310597,0.092209004,0.095295645,0.08341053,0.07741214,0.08565005,0.078946725,0.07086474,0.08498431,0.10084267,0.09766582,0.09220505,0.079223275,0.09338064,0.08784206,0.08215402,0.08790465,0.08905318,0.090082526,0.08436936,0.07514064,0.09587667,0.08915673,0.092029944,0.10205978,0.08232421,0.077150956,0.09116777,0.087845705,0.08942702,0.09011507,0.08140209,0.09837592,0.080672175,0.083170295,0.09205422,0.08730729,0.103049286,0.0792771,0.07522172,0.09204739,0.085161835,0.08052207,0.090901904,0.088295,0.093534224,0.08998798,0.08600794,0.08087521,0.079301715,0.07803289,0.09538253,0.08895432,0.084339194,0.065665424,0.08619195,0.09281461,0.094968826,0.094692305,0.09749232,0.088525236,0.10063935,0.087370634,0.08106087,0.076638415,0.083479986,0.09154588,0.09460067,0.0902313,0.08792459,0.08643353,0.08949691,0.08967977,0.077924415,0.07436644,0.08213822,0.082198665,0.0951016,0.08309228,0.086070985,0.09386759,0.091005355,0.08523168,0.095489115,0.08833806,0.0875701,0.09210142,0.09363751,0.09436463,0.08463614,0.08169803,0.08399875,0.086869314,0.084278174,0.07826432,0.0923233,0.10071234,0.084282205,0.08286707,0.07620953,0.09539476,0.08717604,0.08929191,0.090006635,0.08704826,0.08477765,0.09955035,0.09635492,0.08457866,0.10027992,0.0858593,0.08623908,0.10161413,0.09921269,0.0872718,0.08372933,0.07720949,0.08661428,0.089047186,0.092312224,0.09852129,0.10683416,0.08222112,0.09025131,0.09421876,0.0674715,0.0764539,0.08882251,0.09277608,0.08777453,0.09028426,0.087979704,0.08862144,0.09190386,0.08803444,0.09962974,0.087011546,0.08312218,0.06705342,0.09093126,0.07022919,0.09051718,0.092161104,0.086075425,0.08630392,0.08788686,0.09421254,0.082678236,0.094721794,0.08541582,0.08608768,0.08871268,0.08166251,0.08551715,0.087860815,0.104936376,0.08532765,0.082866155,0.09277495,0.08112428,0.07355464,0.083493315,0.0913762,0.084667966,0.07986635,0.07562119,0.079199344,0.086762354,0.08194049,0.10458574,0.07668276,0.082329884,0.08244091,0.078035876,0.0928182,0.09694378,0.100326024,0.09877845,0.08871746,0.06764333,0.08311358,0.083973326,0.076710284,0.10043052,0.09929985,0.089604355,0.09417939,0.08657998,0.07314533,0.08093294,0.09415047,0.07819938,0.09077531,0.07236695,0.090635,0.09403486,0.084093675,0.09296185,0.11278872,0.08855335,0.091970816,0.07219959,0.09563753,0.094409585,0.08678579,0.08010128,0.08310816,0.091307156,0.100673735,0.0864167,0.08501337,0.09785111,0.089040294,0.08180023,0.0845993,0.06612329,0.08229357,0.082545504,0.08088908,0.08866454,0.091918945,0.10235323,0.08732006,0.08802127,0.08582012,0.08671922,0.07919487,0.098435424,0.098736346,0.075822785,0.084461674,0.08774398,0.095887624,0.075316,0.082314104,0.087661475,0.085146055,0.077875845,0.10033969,0.08610146,0.08155353,0.08036445,0.08317265,0.07849873,0.10318034,0.0897158,0.09328722,0.078756936,0.09451493,0.08401357,0.08183381,0.08783927,0.0796769,0.0895022,0.07200025,0.086585164,0.096719414,0.10010267,0.100169726,0.08424878,0.08195963,0.083627224,0.0803522,0.10065545,0.0992785,0.07758733,0.08982961,0.1051877,0.08623978,0.08844361,0.07619563,0.08423555,0.094156735,0.071901314,0.09292591,0.08621802,0.07345984,0.08880829,0.091466084,0.081001714,0.085460395,0.09798157,0.09834951,0.08399286,0.10999009,0.09264913,0.08001307,0.084509976,0.08285866,0.08024695,0.08888541,0.097624615,0.10020545,0.10135484,0.09758613,0.08263901,0.10099063,0.07309897,0.083708666,0.08304278,0.07393165,0.07903999,0.08247393,0.084843785,0.08437038,0.08821905,0.09723054,0.094814695,0.0940706,0.08700946,0.0913956,0.093893975,0.082190976,0.08971361,0.08754541,0.093590125,0.07664668,0.08839482,0.075014345,0.09376007,0.092487566,0.089142896,0.0830608,0.08541429,0.08779687,0.0811725,0.09088881,0.09298405,0.0843338,0.07739052,0.08268575,0.08275465,0.08857069,0.09671617,0.093203604,0.08735019,0.08794525,0.08785817,0.08692364,0.080933265,0.08730207,0.08294961,0.08722772,0.08504087,0.088565215,0.09268426,0.07683158,0.08700056,0.091488816,0.0906675,0.09004395,0.087717034,0.10049136,0.08194754,0.07789564,0.096369304,0.08100232,0.08282778,0.094397135,0.096913375,0.09371339,0.09992503,0.09172399,0.095925234,0.0857708,0.09835923,0.09604129,0.09367328,0.097617835,0.08060929,0.08868968,0.0853343,0.08312473,0.09246578,0.090407774,0.08169619,0.0895677,0.085050195,0.080906436,0.08182028,0.08517934,0.082877584,0.08911802,0.08134493,0.0756074,0.090235524,0.085326605,0.09542211,0.08646919,0.082950264,0.08776702,0.076872,0.0793113,0.08933295,0.08475121,0.077325985,0.10158834,0.092565835,0.0818921,0.08633651,0.08750728,0.078631535,0.089724794,0.08927827,0.075436234,0.09476176,0.088747874,0.08447559,0.07780419,0.10437945,0.08912514,0.082394585,0.09639498,0.10021826,0.09235749,0.095891,0.08349327,0.085638076,0.08753497,0.095749944,0.089343175,0.08110665,0.07576012,0.093983136,0.085855186,0.08618313
0.84677345,0.8441737,0.8541499,0.858644,0.8340373,0.8455119,0.8532861,0.85548073,0.8483552,0.8481534,0.8605243,0.8419761,0.8543254,0.8599123,0.85472184,0.8666491,0.84930503,0.8541282,0.85339683,0.84121823,0.8516705,0.8498925,0.86016625,0.8473952,0.8587659,0.86108935,0.8514654,0.85570747,0.86270416,0.85340124,0.8502655,0.85243833,0.84733695,0.87258935,0.8524729,0.8521584,0.8556429,0.8407025,0.83614916,0.8577617,0.85995,0.859854,0.86227316,0.84284765,0.85566515,0.8498642,0.85927963,0.8478561,0.84466106,0.8564352,0.84797156,0.8622755,0.8403738,0.8632374,0.861975,0.8451037,0.84397304,0.8629017,0.8631948,0.85691154,0.84925205,0.855101,0.84597677,0.85003495,0.85648054,0.8721758,0.85787493,0.85573345,0.85474896,0.8548972,0.8461276,0.8497255,0.8551129,0.86271304,0.86168987,0.8389723,0.84730476,0.84948444,0.86478376,0.85686165,0.85751563,0.83250356,0.8538736,0.8556406,0.8425945,0.86467326,0.85565543,0.8572803,0.8465163,0.85655314,0.84308255,0.85603595,0.8577011,0.85687524,0.8458572,0.86969197,0.84190685,0.8547015,0.8470872,0.84002954,0.84249645,0.86526024,0.8470136,0.851626,0.8560508,0.8581889,0.8638629,0.8665049,0.8547379,0.8603793,0.84624314,0.8556025,0.857171,0.85387456,0.85778534,0.8455921,0.8373613,0.8525034,0.85786283,0.8495018,0.85495734,0.8546914,0.8590973,0.85135996,0.8691134,0.85924053,0.8489627,0.8607491,0.84603965,0.85398245,0.85988724,0.842886,0.85362697,0.8594212,0.8579822,0.8488552,0.85316235,0.86283,0.8565669,0.84569824,0.84954405,0.8468263,0.8555697,0.8376746,0.85973907,0.85457206,0.86468375,0.84849286,0.8523844,0.86257327,0.8635012,0.8429807,0.8454746,0.8465925,0.84918094,0.86501604,0.85770315,0.8569732,0.8503047,0.8494556,0.8482039,0.84857357,0.85085154,0.86200494,0.86699873,0.8593169,0.8485198,0.8553554,0.85173935,0.8400072,0.84494877,0.8510701,0.84831387,0.8421932,0.8559403,0.8386176,0.84500456,0.8456098,0.85379237,0.85741615,0.86084855,0.85185784,0.86124074,0.85576606,0.85903406,0.8565669,0.85585654,0.85274994,0.8377668,0.8553622,0.8491626,0.8459078,0.84299594,0.8667733,0.85513705,0.8580415,0.8479029,0.8568204,0.8626527,0.84842795,0.8428385,0.8576184,0.86217964,0.8523683,0.8487649,0.86443216,0.8476025,0.8590692,0.8512653,0.8399323,0.8627241,0.8532833,0.8470003,0.855418,0.86644155,0.8565731,0.85348654,0.8478896,0.8546305,0.84616655,0.86655694,0.84628016,0.8541174,0.8482568,0.85314274,0.8558629,0.8509103,0.8571438,0.8539368,0.8514707,0.8531823,0.8587327,0.8643097,0.86123383,0.8476895,0.8597495,0.851475,0.8534199,0.85474706,0.8551574,0.8405757,0.8541344,0.85028875,0.8584152,0.86214775,0.86283505,0.85281926,0.8532886,0.8521645,0.8505221,0.8601185,0.8520105,0.85527074,0.85367066,0.8593677,0.8560072,0.8484377,0.8471062,0.8432044,0.85157716,0.851977,0.86091316,0.8561644,0.8373822,0.8693066,0.8513943,0.87524515,0.86022496,0.85484236,0.84953153,0.8465325,0.8512858,0.857603,0.86578184,0.8414339,0.8536068,0.85593563,0.8504151,0.84904116,0.8534482,0.8630074,0.8522219,0.865531,0.84513235,0.86081356,0.84808385,0.8463408,0.8451775,0.8641808,0.8308907,0.8514273,0.8446259,0.8577471,0.8599966,0.8519573,0.85414475,0.8630438,0.86494863,0.85207754,0.84621024,0.854859,0.8412122,0.8590704,0.85869485,0.85822135,0.84753656,0.8479914,0.8550331,0.84960043,0.85410553,0.8590765,0.8534814,0.8515826,0.8652369,0.84520483,0.84863836,0.8621498,0.8694202,0.8597903,0.8501111,0.8372575,0.85841984,0.8556723,0.8533289,0.8633589,0.8473221,0.8495901,0.8440815,0.84799683,0.86447424,0.85729635,0.8595671,0.85418695,0.85612273,0.84983814,0.8623723,0.853477,0.84387916,0.8515934,0.8545606,0.84274125,0.8495085,0.85484445,0.8487827,0.86142576,0.857624,0.8632504,0.84381396,0.87839043,0.8513114,0.8564464,0.85934216,0.8532112,0.8509617,0.85846484,0.85115784,0.8484778,0.8490711,0.8618012,0.84576356,0.85200137,0.8440684,0.855485,0.84710395,0.85915357,0.8514073,0.84787804,0.83517504,0.84835243,0.84970504,0.85345286,0.8451172,0.8582832,0.8543834,0.8539413,0.83570504,0.8567134,0.8499166,0.84435165,0.8361114,0.8425457,0.8477451,0.8683828,0.8460442,0.8561464,0.855121,0.85075843,0.85441244,0.8486128,0.84238124,0.8611006,0.85517204,0.8672563,0.8546522,0.8549929,0.84821403,0.8600325,0.8582871,0.8476305,0.8542947,0.8572526,0.85804343,0.8518892,0.8493774,0.8486035,0.8495215,0.8434829,0.8521935,0.8583085,0.85881716,0.83273685,0.84405655,0.849233,0.8446753,0.8604511,0.85372,0.84964895,0.8431897,0.86279595,0.8619196,0.8581913,0.85830766,0.8523562,0.8560408,0.85959333,0.86059946,0.8584526,0.849721,0.85201555,0.8690523,0.8523411,0.84529275,0.8499973,0.84654343,0.84971535,0.85923254,0.85536706,0.8435505,0.84801334,0.8471223,0.8601693,0.8519106,0.85292923,0.8516235,0.8408462,0.85206753,0.8475902,0.8566977,0.867521,0.858188,0.8471967,0.8502282,0.8455626,0.8587253,0.85078067,0.8366753,0.8545924,0.8484606,0.855945,0.8518058,0.8564607,0.8597078,0.857813,0.85536665,0.8443561,0.8575238,0.84899896,0.86159855,0.8487574,0.84841454,0.8573794,0.8579286,0.85887957,0.869868,0.8466442,0.8491558,0.84499776,0.86369365,0.86003125,0.8522766,0.8646297,0.8555097,0.848034,0.8501494,0.84442365,0.8511941,0.85301113,0.8496058,0.8394211,0.8513178,0.8646359,0.8622936,0.8599804,0.85696155,0.85614455,0.85953265,0.8553769,0.8486609,0.8491009,0.8427448,0.85513103,0.8523319,0.8574292,0.84819704,0.8510463,0.8532224,0.86108965,0.85069543,0.8576871,0.8493174,0.85945404,0.8558774,0.8648619,0.859711,0.8436887,0.86043,0.85806644,0.85748655,0.8417327,0.8478498,0.85768175,0.8604627,0.8505224,0.8538231,0.85385114,0.8493716,0.8629415,0.8577123,0.85603034,0.86433274,0.84786123,0.8412581,0.8531527,0.8502256,0.84963554,0.84784365,0.84666693,0.84843934,0.8489726,0.8477197,0.87721395,0.84821004,0.85229355,0.84578997,0.843618,0.8413904,0.8506324,0.8565013,0.8563913,0.8554978,0.8523601,0.8465361,0.8562569,0.86353797,0.84668994,0.86117524,0.8469223,0.86053705,0.86272866,0.8498393,0.85761166,0.84192944,0.85429883,0.85425603,0.854923,0.8552081,0.83977544,0.8557825,0.853007,0.871595,0.86745316,0.8447528,0.84879416,0.8407735,0.85646504,0.8405185,0.8638016,0.8559616,0.84659576,0.8484454,0.8490656,0.8512047,0.8548204,0.8503818,0.8611036,0.8651035,0.84633976,0.8566233,0.85520744,0.8425131,0.8604022,0.8634033,0.8476493,0.85977155,0.86626315,0.85872406,0.8497784,0.84449893,0.86463606,0.85842085,0.8536194,0.8489965,0.85292745,0.855669,0.8439708,0.85107255,0.86391383,0.85657054,0.84493744,0.8455101,0.8440567,0.84545004,0.840147,0.8341997,0.8527113,0.8543237,0.8402605,0.843947,0.85101265,0.8497045,0.8451325,0.8648372,0.86095816,0.85678506,0.86551136,0.87239915,0.85470265,0.8439784,0.84437466,0.84649175,0.84631824,0.8422324,0.8458803,0.8610456,0.85467416,0.849767,0.84944946,0.8523215,0.8425841,0.8507153,0.86622614,0.83626825,0.8464222,0.8396587,0.85789824,0.8536096,0.84025043,0.8582224,0.8484629,0.8488966,0.8660787,0.8491098,0.8576556,0.8507051,0.8575369,0.8583496,0.8641933,0.8490817,0.8367067,0.8580698,0.85059327,0.8409851,0.85732794,0.8547161,0.8545318,0.8471953,0.8481268,0.8580004,0.84976983,0.847837,0.85215604,0.8469137,0.8609166,0.860017,0.8619486,0.8627499,0.85850185,0.8499416,0.8518219,0.86398625,0.851462,0.8451555,0.85661936,0.85438615,0.8487457,0.8486783,0.85681176,0.86040634,0.85962605,0.85343134,0.85434145,0.8512269,0.848602,0.86105263,0.8462096,0.85377336,0.8404776,0.8671568,0.854618,0.861969,0.84779966,0.8497339,0.8494794,0.84039885,0.84798044,0.8553517,0.842151,0.8519945,0.85273516,0.8456379,0.8570133,0.8541164,0.85471386,0.8431107,0.8444544,0.85305476,0.8449616,0.85485876,0.8608831,0.8404003,0.85040885,0.8533522,0.861776,0.840317,0.8445538,0.84616125,0.8562309,0.87082696,0.84782517,0.8516607,0.85562414,0.8499033,0.8476413,0.8370401,0.855145,0.8456854,0.8555223,0.8564931,0.8650676,0.85318714,0.8622075,0.8399146,0.86308295,0.84680855,0.84468466,0.8587665,0.8467086,0.8386677,0.84788775,0.8671174,0.85670364,0.8416562,0.8596454,0.85356975,0.85081005,0.84924966,0.8518657,0.84735906,0.86406094,0.85345554,0.8562244,0.8532493,0.8623213,0.85984176,0.8551558,0.8456707,0.8680051,0.8518116,0.85554963,0.85741514,0.8494407,0.84504455,0.85111094,0.8420132,0.8470154,0.8435648,0.8505897,0.8530227,0.8414234,0.85725754,0.8545596,0.8406768,0.8399464,0.85482794,0.8534596,0.8542411,0.84073347,0.8503581,0.8358922,0.84338164,0.8462468,0.8593527,0.85024786,0.8673514,0.8561578,0.85336494,0.85707164,0.8543925,0.8633168,0.85632545,0.8501812,0.8555018,0.8576923,0.85203177,0.8548464,0.8384739,0.8396305,0.85579526,0.8371932,0.8608855,0.860355,0.85479695,0.8514886,0.8690107,0.86098045,0.84380853,0.85027665,0.86306727,0.8560852,0.8488377,0.8542564,0.8491936,0.8606458,0.85807323,0.8701295,0.8569836,0.8507476,0.85643125,0.8472386,0.857443,0.83044994,0.84901536,0.8566867,0.8461269,0.8654845,0.86337155,0.8574664,0.8550396,0.8598742,0.85579103,0.8631636,0.8511844,0.84457,0.8610872,0.85136366,0.84950626,0.85578316,0.8391443,0.8485563,0.83888793,0.855618,0.84950894,0.85203177,0.85801893,0.8544995,0.85981643,0.85427445,0.8531772,0.85161626,0.8484064,0.83987373,0.8530016,0.85017884,0.8519169,0.8500433,0.8477974,0.8584108,0.8610979,0.85751003,0.8586473,0.85886526,0.8509389,0.8384149,0.85430866,0.85286176,0.8646713,0.84923434,0.86634916,0.8403106,0.859401,0.858416,0.85467196,0.8425515,0.85396695,0.8455936,0.85823315,0.8365426,0.8389027,0.856745,0.8526195,0.8560742,0.856092,0.85526055,0.8390799,0.85637254,0.8436166,0.8675012,0.8496568,0.8672489,0.8561749,0.8518905,0.83941567,0.8435122,0.8534304,0.8361829,0.8576784,0.8469573,0.8486588,0.84806603,0.8485233,0.84861594,0.84110725,0.85590833,0.852153,0.8495392,0.83630824,0.8589342,0.85031575,0.85390526,0.8538021,0.8455481,0.8633574,0.8566924,0.8542043,0.8428769,0.85139865,0.85734797,0.8581895,0.8650268,0.85220784,0.8439474,0.84624755,0.84411794,0.8597547,0.86501336,0.8624344,0.85822576,0.84460753,0.8584083,0.8521982,0.8542682,0.8533189,0.8422187,0.84344065,0.85048425,0.8517934,0.85519445,0.8700997,0.84079176,0.850935,0.8392039,0.8502538,0.848693,0.8610709,0.849542,0.84310055,0.83682996,0.86115396,0.8497732,0.8599652,0.86177,0.8472639,0.8343905,0.85343975,0.8590833,0.85075974,0.8487212,0.8569261,0.8501105,0.85330033,0.8520675,0.84621996,0.86058605,0.8558677,0.8485554,0.8496383,0.85328424,0.8553955,0.85939145,0.84708905,0.84977764,0.8580721,0.8539731,0.8464885,0.8469942,0.85317785,0.8490071,0.86172545,0.8444279,0.856072,0.8535015,0.86529833,0.85156757,0.8492484,0.8506689,0.84932333,0.85971755,0.86051774,0.85899556,0.86520284
0.70637876,0.70571756,0.71584076,0.719555,0.6956476,0.7157814,0.71787804,0.70755553,0.7073807,0.7102974,0.707881,0.70835644,0.719217,0.71815705,0.72241753,0.7152045,0.70682526,0.694006,0.7067767,0.71825683,0.71008795,0.71436447,0.70344204,0.7197935,0.71327794,0.7214981,0.71432465,0.7215271,0.71280664,0.720344,0.7056842,0.70853406,0.7220017,0.7201421,0.71097606,0.7064471,0.7187263,0.6971954,0.7134946,0.7131339,0.71653855,0.72057444,0.7182009,0.69425964,0.70641345,0.7322755,0.7135418,0.71446115,0.706318,0.7102592,0.7138141,0.7114525,0.69668305,0.7173001,0.7223041,0.70057225,0.69848776,0.7032099,0.71525097,0.7107303,0.716569,0.7037465,0.719563,0.7136809,0.7151719,0.72283036,0.7058083,0.7105892,0.7196188,0.71364266,0.71235734,0.7118118,0.7213352,0.70879644,0.7230818,0.70000917,0.6899808,0.70289665,0.70341647,0.7162301,0.69804144,0.7061894,0.71897626,0.71409243,0.7075015,0.7106704,0.7095776,0.72273415,0.7035082,0.71099484,0.70394754,0.7207282,0.71091914,0.7075275,0.7127198,0.71707064,0.70330167,0.7153342,0.7019347,0.7161671,0.71278685,0.722285,0.70963705,0.71202695,0.70317614,0.7041232,0.7189609,0.7244846,0.7106891,0.7354751,0.7047733,0.7080512,0.7160312,0.71678144,0.706732,0.7129664,0.70733136,0.7057617,0.7131835,0.71312237,0.7073074,0.7109359,0.721921,0.7034395,0.711337,0.7157532,0.721778,0.7090327,0.6914875,0.7114712,0.716938,0.71169144,0.7062778,0.7145184,0.7185245,0.7228037,0.72000957,0.72685915,0.71923083,0.70914847,0.707248,0.72002107,0.7055561,0.70470446,0.707324,0.7063589,0.7128689,0.7174421,0.7076909,0.7247384,0.7167276,0.7096215,0.7147264,0.714061,0.7224582,0.7233806,0.7193791,0.70599496,0.7152365,0.71237504,0.7176124,0.7173744,0.7186119,0.705179,0.7073938,0.7208029,0.70251006,0.7168009,0.7175924,0.700078,0.7043332,0.7224248,0.6934499,0.7102551,0.7048601,0.7077775,0.69868755,0.7093427,0.7077343,0.7286469,0.7114282,0.71644807,0.7175195,0.7115688,0.7197506,0.71714526,0.7083315,0.70287734,0.69741875,0.7065841,0.7053554,0.71811754,0.7042486,0.723985,0.71022636,0.71370345,0.7103394,0.7121385,0.7129959,0.69503313,0.7094923,0.7121903,0.7252583,0.70437837,0.71096766,0.7157886,0.7032502,0.7266815,0.7036325,0.71146774,0.70315635,0.70317847,0.7137944,0.7254057,0.72202003,0.7132772,0.7112523,0.70822865,0.7090835,0.69504786,0.7096414,0.6907663,0.7090288,0.716416,0.71333563,0.7055456,0.7112148,0.70796424,0.7164885,0.69863665,0.7014496,0.7141288,0.71404094,0.72560567,0.7022593,0.7211124,0.70278215,0.7217425,0.7096191,0.7226499,0.7104234,0.71436113,0.70571446,0.70414203,0.7276971,0.7114984,0.7201723,0.71039754,0.7049989,0.7056545,0.72609764,0.71651983,0.70878965,0.7052715,0.7212779,0.6980245,0.7107683,0.7183921,0.7110951,0.7151886,0.7178041,0.7160283,0.71529007,0.7056596,0.7307176,0.71746206,0.72500134,0.71381354,0.709122,0.70898825,0.71289355,0.6978604,0.69745225,0.7196764,0.72080475,0.7161185,0.71314627,0.70243496,0.7134513,0.6975044,0.72274864,0.7114672,0.71422446,0.6997964,0.7208048,0.70638794,0.723911,0.71387345,0.72159034,0.7017023,0.71277994,0.701031,0.7066805,0.707732,0.7013468,0.700281,0.72076,0.71447384,0.6978194,0.71949506,0.705567,0.7150984,0.72220135,0.7139279,0.71983945,0.69556534,0.70826745,0.70802915,0.70244074,0.7078717,0.71133876,0.7179583,0.7028555,0.705179,0.7149171,0.71085674,0.7161328,0.7176377,0.72112393,0.7137923,0.70721596,0.7254811,0.6989607,0.7117139,0.7080282,0.70284843,0.7129828,0.71198475,0.7075805,0.7145609,0.706745,0.7005476,0.7083635,0.7160165,0.71270657,0.7008851,0.70746917,0.6932501,0.7053821,0.71276766,0.7109317,0.71401864,0.72063905,0.7092784,0.70337796,0.7025097,0.7087214,0.71639585,0.7376991,0.710015,0.7182694,0.7230735,0.7238704,0.7176264,0.7095455,0.6964686,0.69930434,0.7143146,0.7221855,0.7056416,0.6932627,0.7227059,0.7020937,0.7208715,0.71773326,0.698618,0.70865506,0.716461,0.7127853,0.69803584,0.7188752,0.7058959,0.71626663,0.71235394,0.70645154,0.69850135,0.71908545,0.6962741,0.71052074,0.7052472,0.7164911,0.7087903,0.7199907,0.70454645,0.712796,0.72909826,0.70047545,0.7013162,0.71081114,0.7153892,0.69777375,0.71739167,0.7162879,0.7122744,0.72844005,0.71917194,0.7230792,0.7222248,0.7196091,0.71093774,0.70363146,0.71870315,0.7171884,0.7075273,0.7002451,0.70452935,0.7024096,0.70398784,0.7107928,0.7211897,0.70191395,0.7165108,0.7149045,0.7122837,0.7092841,0.710272,0.7123147,0.70199656,0.7085171,0.716463,0.7159266,0.7152588,0.7035106,0.6979992,0.711128,0.71632314,0.7217204,0.72087455,0.70040554,0.7181097,0.7166852,0.7058003,0.7202302,0.70542693,0.7062229,0.71813303,0.7094886,0.706038,0.71134716,0.70592576,0.7314317,0.7133715,0.71000516,0.7082284,0.7058159,0.70595014,0.7103589,0.7125931,0.72644687,0.70882565,0.7010071,0.7134863,0.6995697,0.72205997,0.7076336,0.6979052,0.7152696,0.70657194,0.706066,0.70889014,0.7143874,0.71784043,0.7121003,0.70277673,0.7215746,0.712073,0.7193879,0.71820736,0.7067394,0.7137136,0.7167427,0.7135712,0.7096273,0.71843493,0.7093981,0.7149246,0.70960474,0.71775305,0.71921325,0.719126,0.71986115,0.7075148,0.6980805,0.7054969,0.70036066,0.70803094,0.71506244,0.70014113,0.69514024,0.70205677,0.7044298,0.7101996,0.7044278,0.69680834,0.7045172,0.7142711,0.712221,0.70153,0.71630514,0.7081883,0.71540225,0.7192146,0.72232264,0.70559657,0.71241695,0.7035661,0.714982,0.69958246,0.7107336,0.70990324,0.7004945,0.719336,0.72197944,0.70548695,0.715284,0.69312704,0.70408946,0.7085548,0.6946519,0.7027108,0.72657484,0.71231806,0.7260799,0.7149786,0.71284217,0.70944405,0.70304435,0.72115123,0.71736604,0.7221998,0.7118047,0.7004883,0.69440913,0.7155161,0.72019076,0.7014039,0.70966303,0.71701014,0.7139067,0.7096618,0.71892166,0.71203554,0.71428186,0.7107099,0.7116634,0.7131266,0.70294106,0.7081115,0.7220115,0.70523816,0.70757216,0.7154887,0.7008268,0.72360057,0.7204242,0.7068525,0.69259936,0.70935255,0.7211972,0.7076331,0.70194155,0.7067839,0.70008653,0.72262543,0.7181195,0.72129154,0.69673777,0.7148448,0.7143912,0.7197902,0.71043813,0.71165043,0.7141879,0.7039703,0.71416396,0.70087516,0.7133363,0.71386534,0.70938843,0.6977062,0.71841025,0.71814567,0.70488423,0.6966254,0.7074361,0.7192456,0.69871867,0.7153862,0.71315396,0.7151245,0.7168431,0.71664685,0.70006716,0.71151793,0.7087443,0.7164659,0.72289145,0.72108656,0.7238316,0.715052,0.71923125,0.7112332,0.6933044,0.70519936,0.7065576,0.71608967,0.7201577,0.71616554,0.70320433,0.6974132,0.7007779,0.70524573,0.7200179,0.7108477,0.714112,0.70981675,0.70208395,0.6977939,0.71342766,0.7034041,0.7110856,0.71666735,0.7177954,0.7031795,0.71521795,0.70730996,0.7078578,0.6930085,0.7285771,0.7245715,0.7057217,0.7086454,0.7069992,0.70926046,0.71444875,0.7075082,0.70248866,0.72004163,0.71739215,0.71734756,0.71869123,0.7008345,0.70342,0.7155931,0.7105055,0.70133775,0.71437323,0.7100858,0.7128362,0.7086237,0.71669537,0.7209115,0.7125943,0.6976069,0.7114504,0.7166147,0.714104,0.71836466,0.71181834,0.7142957,0.69187355,0.7016078,0.6970228,0.7220973,0.7197081,0.69535685,0.6991912,0.7141688,0.71060896,0.69326085,0.7127558,0.72245187,0.7253476,0.7180871,0.7217448,0.7181949,0.7141242,0.7046377,0.7234836,0.7160464,0.7067443,0.7089431,0.7108344,0.71649504,0.7214577,0.7021587,0.69198006,0.70331746,0.7190769,0.70049775,0.7049872,0.7135064,0.713414,0.71236783,0.70846134,0.71255606,0.7130331,0.71515894,0.7147873,0.7248818,0.7069398,0.7049918,0.71632665,0.71202564,0.7230883,0.71525717,0.71061116,0.703302,0.71735215,0.7010498,0.7187294,0.7079383,0.7216399,0.7063904,0.6950283,0.7238388,0.71047926,0.707597,0.7190837,0.7073268,0.70445186,0.72011536,0.69806284,0.7072756,0.7038475,0.698122,0.7201529,0.7175633,0.7184241,0.70471615,0.71293104,0.71972746,0.70313305,0.71068704,0.7137166,0.7193209,0.69801104,0.7201088,0.73124605,0.7140309,0.7237611,0.7148248,0.7194824,0.7053356,0.69675195,0.7039619,0.71524674,0.69540095,0.7109117,0.7169069,0.70097035,0.70617634,0.72208756,0.70404005,0.71443325,0.7116878,0.7104882,0.69776666,0.71467704,0.71777284,0.6977645,0.70788264,0.69587463,0.7148558,0.723379,0.7076606,0.72275144,0.7181082,0.7033628,0.71211857,0.7170751,0.7115203,0.6967712,0.70658267,0.7068384,0.711107,0.6894314,0.7142165,0.7173193,0.71673924,0.71602565,0.70851105,0.71662515,0.703924,0.71844804,0.69651514,0.6913822,0.7119273,0.69765687,0.7114218,0.70084184,0.71758604,0.7264569,0.70640576,0.69805264,0.71426415,0.70886,0.71087354,0.7136209,0.71001863,0.6995313,0.7086818,0.71677923,0.70824856,0.71978635,0.7145862,0.6983116,0.71476096,0.7037906,0.6987375,0.72375506,0.70716983,0.7117051,0.72065073,0.7117062,0.71353257,0.7107582,0.7205341,0.7226148,0.71425825,0.6970139,0.7140091,0.72443265,0.71686774,0.7153215,0.70280373,0.71598876,0.7246219,0.70459366,0.70992047,0.69451886,0.7162218,0.71343714,0.7070455,0.72546196,0.7098382,0.7084084,0.712155,0.7029154,0.70664996,0.7284996,0.7252295,0.71335655,0.710354,0.7093463,0.7077854,0.70064354,0.709972,0.7170776,0.7090352,0.7082372,0.72159725,0.70707786,0.71127284,0.71155864,0.71082205,0.7219102,0.7128228,0.704263,0.7112028,0.72148407,0.70683175,0.7150565,0.7063323,0.70170015,0.71152514,0.71521544,0.71972287,0.705046,0.70916396,0.7048227,0.71137786,0.7116181,0.70664185,0.7046706,0.7352382,0.7099476,0.7283982,0.69819367,0.7167703,0.72063255,0.70402,0.71309066,0.7221619,0.7129177,0.7112803,0.6995669,0.7073206,0.68661344,0.71159595,0.71707505,0.7192267,0.7269723,0.7027834,0.71210545,0.70278126,0.713929,0.7179647,0.7099504,0.7107978,0.7286118,0.71413815,0.7144379,0.72611004,0.7121808,0.70684695,0.7048713,0.711765,0.69966686,0.7159,0.6980865,0.71286994,0.71591884,0.71222764,0.7053399,0.7034294,0.7140864,0.7096422,0.7165008,0.71604574,0.7095358,0.7202378,0.71360576,0.6955979,0.7025433,0.7143015,0.71837837,0.70427835,0.7095786,0.69738233,0.7112402,0.71751714,0.6880263,0.7064792,0.7003162,0.7133337,0.71414196,0.7044988,0.7130594,0.7116162,0.7218469,0.7018726,0.7050413,0.7118641,0.7028744,0.7111755,0.7111239,0.72008395,0.7162572,0.7087109,0.71990603,0.7186197,0.7194218,0.71297115,0.721456,0.7258896,0.7006391,0.7072303,0.7181074,0.69954336,0.70923114,0.7171379,0.7109782,0.7130843,0.71039164,0.7160264,0.7078199,0.7080599,0.7164513,0.71294403,0.7079055,0.7063736,0.7165635,0.7033638,0.7148627,0.7128597,0.7097731,0.7032358,0.7055098,0.7066426,0.7046235,0.7212838,0.70569015,0.7052385,0.70079774,0.7096791,0.7020992,0.7127882,0.6948095,0.6987339,0.7143634,0.72028726,0.70795524,0.7101208,0.7264416,0.7144241,0.72035307,0.7115681,0.70758134,0.71564066
0.9949587,1.0062664,1.0132375,1.0028237,0.9936191,0.99552643,1.0163239,0.9876758,1.0023226,1.0178909,1.0099008,1.013602,1.0086421,1.0001229,1.0121584,1.0061643,1.0169905,1.0033679,1.0146232,0.99882275,1.0048298,1.006118,0.9956595,0.9977112,1.01885,1.0070251,0.99439824,1.0136617,1.0095005,1.0222313,1.0035545,1.0023484,0.99953264,1.0126032,1.0156567,1.0003912,0.9967758,0.9974229,1.009414,1.0123559,0.99258715,1.0044225,0.9997385,1.0047182,1.0128869,0.9926662,1.0040088,0.9965127,1.0107102,1.0059408,1.0103769,1.0110536,0.9947266,1.0072877,1.0100297,0.9985469,0.99904203,1.0026662,1.0205606,1.0092427,1.0156864,0.9974962,1.0094663,1.0085957,0.9993049,1.0013045,0.9859,1.0104241,1.0218996,0.99868846,1.0029182,0.9976353,1.000336,1.0002073,1.0164332,1.0061191,0.99934864,1.0076995,0.99848866,1.0209484,1.0125415,0.99466604,0.99792004,1.0153766,1.0011705,1.0087343,1.0175118,1.0129788,1.0040251,1.0086563,1.0070833,1.0170732,1.0099944,0.994417,1.0042288,1.0179985,1.0040498,1.0037,1.0023378,1.0069599,1.0023324,1.0071597,1.0117513,1.004653,0.9930985,1.0060722,1.015695,1.0132865,0.99431413,0.99849033,1.0067251,0.9883886,1.0105017,1.0136642,0.99711275,1.0127276,0.9913523,1.0198685,1.0113882,1.0079634,1.0040913,1.0069844,1.0012101,0.99294066,1.0162884,1.0007647,1.0175236,1.0044351,1.0048074,1.0123761,1.0107136,1.0141988,1.006101,0.99734175,1.0168712,1.0033662,1.0102359,1.011579,1.0015396,0.99978065,0.9914493,1.0081809,1.0003045,1.0184939,1.0058275,1.0085222,1.0061615,1.0020233,1.0117786,1.0047803,1.0034028,1.0011702,1.0164365,0.99755305,1.009717,1.0003232,1.0159113,1.0076876,1.0066428,1.0036968,1.0061262,0.98372686,1.0045894,1.0011226,1.0053371,1.0026661,0.99812776,0.9998379,0.99958843,0.99956614,1.0062728,1.0051082,1.0139087,1.0106341,1.0084592,1.0109,0.9955522,1.0045819,1.0106261,1.0074805,1.0157945,0.99733067,1.0185002,1.0037194,1.0072093,1.0032241,1.0071288,1.0017385,0.99204063,1.0137743,1.0005735,1.0068641,0.98787975,0.99247307,1.0066731,1.0062827,1.0045457,0.9965037,1.0120018,1.0081084,1.0203018,1.0071905,1.0028044,1.0059553,1.0054375,1.02609,0.99413794,1.0071714,1.0115944,1.0091037,0.99747676,1.0023913,0.99751556,1.0112656,1.0030506,1.0157292,0.99828565,1.007334,1.016338,0.9986862,0.99198395,1.0229752,1.004444,1.0016832,1.0085692,0.9984744,1.0029601,0.99608475,0.9967848,0.9977164,1.0106604,1.0174447,1.0057133,1.0088094,1.0044634,1.0088036,0.99349195,1.0047016,1.0037752,0.99704576,0.98997545,1.0027435,0.9992222,1.0017052,1.0038989,0.997082,1.009129,1.0136311,0.99627465,1.0144206,1.012873,1.0035002,0.9898215,0.99454033,0.99616855,1.0168974,0.99720436,0.9903482,1.0123497,0.99733627,0.998125,1.0161071,1.0068153,1.0069244,1.0277219,1.0066241,1.0123705,0.99776995,0.99598825,0.9996386,1.002791,0.9987199,1.0153372,1.0077807,1.0159992,1.0094414,1.012356,1.0065786,1.0081769,1.0012949,1.0019442,0.9927751,1.018714,1.004535,1.0136068,1.0055354,1.0099068,1.0149922,1.0087663,0.9929688,1.0017306,1.010472,1.007729,1.0164951,0.999441,0.99754125,0.9969243,0.9928336,1.013001,1.0130594,1.0003257,0.9948212,1.0040259,1.0086269,1.0182569,1.0049033,0.99646205,0.99972785,1.0042464,1.0117381,1.0006726,1.0036982,1.0024168,1.0065751,1.0015594,1.0103455,1.0109626,1.0009878,1.0123638,1.0044553,0.987364,0.99899,0.98497885,1.0041691,1.0114204,1.0056512,1.0207905,1.0045638,0.99392223,1.000622,1.0084772,1.006399,1.0016025,1.00964,1.0062776,0.98510593,0.9999924,1.0040275,1.0034654,1.0087991,1.0015936,1.0082668,1.0155512,1.000218,1.0180631,1.0041322,0.98635715,1.0127628,1.0064832,1.0034593,1.0048023,0.9912833,1.0095023,1.0017563,1.0133816,0.9861778,1.0067271,1.0238554,1.0103563,1.0046068,1.0114181,1.002376,1.0140014,1.0042036,1.0028449,0.9977177,0.9998589,1.0072153,1.0025591,0.99537647,1.009223,0.99460304,1.0067222,1.0132059,1.0163926,0.9962196,1.0103277,1.0044621,1.0103787,1.0006062,0.9984327,1.007544,1.0209283,0.9942969,1.0034782,1.0083772,1.0066075,0.9994441,1.0083035,0.9972346,1.0112195,1.019655,0.99704283,1.0085901,1.0050987,0.9935277,1.005313,1.006847,1.0009457,1.0161775,1.0129695,1.005748,1.0132054,0.99895996,1.0034698,1.0069776,1.016951,1.0094378,1.0019662,1.0109624,0.9998423,1.0030125,1.0099614,1.0152255,1.0096961,0.9980441,1.0029684,1.0083791,1.0107826,1.0049689,1.025866,1.0059904,0.9978052,1.0054551,0.9943922,1.0037496,0.9912521,1.0205121,0.9921722,1.0063672,1.0167792,1.0069464,0.99895406,1.006225,1.0046806,0.99671185,1.0046234,0.99510115,1.0011033,1.0047176,0.9908821,1.00293,0.9927829,0.98983467,0.99232674,1.0161295,0.98859584,1.0135853,1.0153594,0.9997027,0.99882245,1.0082463,0.9991825,0.9965161,1.0113086,0.9971217,1.0082911,1.0042043,0.99631107,0.99510354,1.0064799,0.9845883,1.0053151,1.0054227,1.0151109,1.0094374,1.0042206,1.0051671,1.0000763,1.0093259,1.0089477,1.0022255,1.0074044,1.00507,1.0105245,1.0100412,1.0046265,1.018004,0.9976875,0.98792005,1.0152911,1.009549,1.0024378,1.0098695,0.9913035,1.0105133,1.0075457,1.0208408,1.0106499,1.0115705,0.99406594,1.0144902,1.0083296,1.0186449,1.0104923,1.0019951,1.0029203,0.9969478,1.0015718,1.0029926,0.99883586,1.0061541,1.0095867,0.9913221,1.0123442,1.0097052,1.0106568,1.0140791,0.99545807,1.0017723,1.0058885,1.0173788,1.0079447,0.99610406,1.0152248,1.0081474,0.99860907,1.0216539,1.0106009,1.0215302,1.0006212,1.0125587,1.0195717,1.010201,1.0080478,0.98691064,1.0067374,1.0153849,0.9988872,1.0216726,1.0079954,1.0107636,1.0060706,1.0013168,1.0036199,0.9952114,1.002462,1.0156727,1.0081847,0.99426836,1.0158861,1.0048689,1.0122223,0.9999103,0.99793255,1.0149274,1.0035067,1.0040772,1.0098473,0.9963993,1.0145053,0.99070543,0.9949157,1.0050716,1.0004517,0.99425334,1.0020032,1.0049707,1.0020463,1.0064448,1.0028955,0.9957269,0.99734825,1.0107827,1.012585,1.0188824,1.0125309,1.0144297,0.9928275,0.99914974,0.99525803,1.0121919,0.98003185,0.98764986,0.98934466,0.9976091,0.9964449,1.012122,1.0078778,0.9963341,1.0043619,1.0019644,1.0065832,1.0102944,1.0016627,1.0153948,1.0094341,1.0135466,1.0052874,1.0048733,1.0036267,1.0001196,1.0005302,1.0116365,1.0088125,1.009491,1.0201577,1.0084772,1.0046071,1.0042744,0.9996129,1.0066212,1.0079947,0.9960691,1.0146458,1.0084562,1.0134748,1.0087558,0.9957986,1.0009115,0.9978825,1.0061921,1.0039425,1.0062277,0.9929139,1.0000727,1.0055932,0.99457216,1.0062066,1.0048283,1.008771,1.0186453,1.0088067,1.0080693,1.0166935,1.0204585,1.0047262,0.99412376,1.0022864,0.9955441,1.0088884,1.0020572,1.0023057,1.0045995,1.0113205,1.0116702,0.9847295,1.0095593,1.0014083,1.00737,1.0158429,1.005722,1.0026047,1.0164342,1.0034114,1.0079286,1.0038707,1.0070728,1.0002439,1.0011783,1.0162703,1.0035174,1.002603,1.012645,1.0075903,0.98214096,1.0004244,1.0083637,1.011327,1.0098454,0.99409676,0.97694254,1.0044396,1.0045255,1.0125458,1.0044961,0.9950848,0.99902576,1.0095987,0.9976565,0.99263096,1.0069267,1.0093431,1.0107459,1.0092481,1.0105608,1.0097843,1.0046344,1.0022852,1.0153925,1.0104662,1.0140231,0.99728286,0.9954708,1.0118543,1.008736,1.0086999,1.0074366,1.0080687,1.0038681,1.0078067,0.9973381,1.0168021,1.0076213,1.0148305,0.9929361,1.006512,1.0058457,0.999818,1.008454,0.995779,0.9958532,1.0118505,1.0030457,1.0004442,0.99631715,0.972693,1.0010427,1.0075517,1.0176934,0.9915055,0.9914542,1.007125,0.9971675,1.0077966,1.0112786,1.0029602,1.010606,1.0089378,0.99600816,0.9873126,0.9913582,0.99864125,1.0051494,1.0084913,1.0063003,1.0104622,1.0084734,0.9896843,0.9937246,1.009834,1.0024264,1.0092083,1.0073118,1.0152439,0.9993714,0.9947319,1.012641,1.0054605,1.0081935,1.00386,1.0013512,1.0146295,1.0090411,1.0104702,1.0011592,1.0112623,0.99438834,0.9918538,1.000627,1.019422,1.0059562,1.0017926,1.0035921,0.99410284,1.0069754,0.990208,1.017025,1.0019221,1.0067998,1.0099045,0.99892,1.027567,1.0083458,1.0052302,1.0097777,1.0052255,1.004037,1.0068923,0.999681,1.0031348,1.0289228,0.9939149,1.0074874,0.995891,1.0031415,0.99724746,0.99939233,0.99732095,1.0097693,1.0125805,1.0023298,0.9972056,1.0021296,0.9955611,1.0005331,1.0179979,1.0058889,1.0077475,1.0184853,1.0116298,1.0048765,1.0120573,1.0112857,0.9913334,1.0031161,1.0001622,0.9989558,1.0073004,1.0096332,0.9969897,1.0013694,1.0071843,1.0273503,1.0010922,0.9951351,0.99180293,1.0149027,1.0095431,1.0078967,1.0059186,0.9881152,1.0115597,1.0007865,1.0041202,1.0089929,1.0099301,1.0057787,1.007617,0.98870087,1.0078609,1.01145,0.999278,0.9784446,1.0085872,1.0033371,0.9988603,1.0119376,1.0085407,1.0056423,1.0043759,1.0003668,0.9966407,0.9931684,1.0118086,1.0130593,1.0111675,1.0016772,0.9969762,0.9948633,1.0182973,1.0146086,0.9972971,1.0011126,1.0011277,0.99750173,1.0107745,0.9980923,1.0031908,0.9920772,1.0240608,1.0000819,1.0224607,1.007278,1.0093226,1.0077462,1.0124319,1.0081222,0.9995886,1.0035671,0.9966653,1.0066235,1.0132151,1.015248,0.9833037,1.0224559,1.0135074,0.99493855,0.9931952,0.9971318,1.018795,1.0028895,1.0087138,1.0105349,1.0044283,1.0236758,1.012567,1.025505,1.0118017,1.0065277,0.994538,0.9913283,1.0010948,1.0071504,1.0104853,1.0003155,1.0142154,1.011713,1.0130385,1.0033346,0.9964426,0.9995402,1.0042526,1.0157388,1.0066273,1.0011336,1.0050251,1.0090771,1.0158579,1.0084095,0.99934626,1.0021664,1.0016377,1.0080075,1.0018678,1.0194128,1.0099492,1.0017754,0.9904157,1.0107964,1.0101589,0.99435145,1.0035638,1.0087938,1.0081915,1.0011529,1.0019605,1.0083674,0.99137276,0.9979111,1.0085326,0.9938524,1.0010471,0.99031276,1.0028826,1.003716,0.9941574,1.0145072,1.0127659,1.0045044,1.0076103,0.9939122,1.009356,0.9870447,1.0113287,1.0150262,1.0152456,1.0114367,1.0064889,1.0055916,1.0004445,1.0026382,1.0030003,0.9993375,0.9937228,1.0012394,1.0101107,0.99513566,1.0085689,1.0027096,1.0162997,0.99814814,1.0001801,0.995852,1.0044478,0.9975533,1.0073882,0.9995306,1.0037137,1.0041046,0.99800986,0.9943136,0.9868701,1.0080214,1.004429,1.0068003,1.0249316,1.0063705,1.0028161,1.0145336,0.98553896,1.0004246,1.0072327,1.0025772,1.0041218,0.99697906,1.009774,0.98914284,0.9875717,1.0026999,1.0046818,1.0155208,1.014002,1.0021927,0.98589987,0.9994051,0.9957692,1.0087194,0.99925405,1.0085304,1.0113794,0.9996223,1.0075556,1.0028317,1.0009669,1.0013961,0.9918898,1.0064785,1.010233,1.0186267
0.3448576,0.32936075,0.3492524,0.3479444,0.33850175,0.32832792,0.32216343,0.34128273,0.3366816,0.32364327,0.32815933,0.33948004,0.31654176,0.3406398,0.33962673,0.33468163,0.33780348,0.32420138,0.31533545,0.33631366,0.33254173,0.33826017,0.32070935,0.32329142,0.3346194,0.3416143,0.3366173,0.34942207,0.32396296,0.33915323,0.31468725,0.3370565,0.33235097,0.3261013,0.34433597,0.35021386,0.3416086,0.33330658,0.32876256,0.32597038,0.34301674,0.33242425,0.3476057,0.32655272,0.3265546,0.34810808,0.35346475,0.3392254,0.32131234,0.32865286,0.32856542,0.3284999,0.3380043,0.33906108,0.3343524,0.3293581,0.33899355,0.34101573,0.32112682,0.338665,0.33520302,0.3268171,0.3312263,0.3343591,0.33789083,0.34384513,0.33920032,0.3454963,0.33466294,0.33143923,0.34321,0.34237015,0.3272675,0.3338959,0.3367238,0.32116523,0.31503457,0.3447313,0.34494048,0.34454182,0.33584678,0.33879998,0.33401564,0.33757713,0.32509023,0.32933554,0.33784804,0.3371945,0.33300734,0.33452952,0.33042285,0.3371173,0.3281785,0.3236518,0.32148096,0.3411087,0.32014272,0.33278906,0.31001955,0.34120068,0.3347586,0.3451125,0.32836327,0.3194168,0.3317949,0.3467611,0.33616868,0.32020676,0.33544877,0.35307667,0.316258,0.34211862,0.34300813,0.34355164,0.3322644,0.35178432,0.31922346,0.32484156,0.33595088,0.33565974,0.33101082,0.32948717,0.34403223,0.33555812,0.32894817,0.34158537,0.34123078,0.32907414,0.33533883,0.3233303,0.32217717,0.32853523,0.332351,0.3325561,0.32618698,0.32373485,0.34263882,0.33053556,0.33723316,0.32971537,0.33860037,0.32761788,0.33799934,0.32572213,0.3261168,0.32735947,0.33042577,0.34495184,0.3188122,0.34107137,0.3336692,0.3486588,0.3249779,0.33775046,0.3265697,0.34914964,0.32940117,0.33334643,0.3276757,0.32823417,0.32050627,0.33720514,0.34013364,0.34574506,0.33786938,0.347891,0.31996164,0.33540216,0.33520624,0.32157266,0.32516876,0.32947966,0.3323333,0.33033347,0.3249474,0.32737517,0.34249753,0.3298597,0.33526656,0.32886147,0.34234798,0.34711137,0.33790517,0.3305916,0.3119108,0.33737883,0.32522994,0.32876158,0.3199106,0.3289872,0.3301001,0.32489353,0.3322959,0.33185428,0.33908218,0.33454037,0.33468875,0.34617758,0.33540612,0.3347346,0.31438017,0.3365409,0.3211222,0.32812694,0.33422673,0.3351484,0.3458651,0.32372385,0.31343433,0.32242066,0.33433825,0.33661112,0.33260167,0.33213368,0.31686753,0.31428722,0.3237357,0.3311187,0.32893863,0.33875713,0.34106648,0.3276261,0.3314315,0.3405605,0.33604622,0.34948334,0.33164912,0.3395719,0.32957995,0.35014367,0.3510833,0.3317195,0.33244705,0.33555603,0.3394139,0.3455173,0.32046926,0.323808,0.33253577,0.3192202,0.33592743,0.3289784,0.3418545,0.3331593,0.34785968,0.34361336,0.34595042,0.33003595,0.32902482,0.32520863,0.33389482,0.3362364,0.31783107,0.31950098,0.335134,0.33840653,0.32373977,0.33644608,0.34431243,0.3364708,0.33004865,0.3207058,0.33075702,0.32539567,0.3362639,0.32644805,0.33017388,0.3365526,0.35387215,0.33774734,0.34025714,0.3372496,0.32511204,0.33476403,0.3284983,0.35191223,0.33563676,0.3265588,0.33483142,0.33252943,0.33729464,0.35169032,0.33666813,0.3274343,0.3483409,0.3286467,0.33916745,0.327609,0.33328676,0.31966004,0.3211348,0.31574926,0.3287146,0.33429995,0.33731768,0.3221981,0.31689215,0.33166865,0.33419088,0.34295875,0.32646435,0.34734076,0.3292607,0.32848266,0.33808422,0.3273118,0.33190417,0.33617124,0.3123641,0.32988322,0.32166702,0.34718525,0.32976368,0.32241356,0.34576592,0.32486576,0.33845344,0.35274848,0.32997075,0.32640254,0.3481468,0.3397567,0.32918558,0.3290972,0.32053885,0.33248627,0.31936714,0.34465352,0.32974324,0.34499118,0.3393183,0.3398114,0.33181643,0.33228964,0.32136622,0.33392012,0.32821423,0.32419118,0.33154973,0.32930326,0.32451165,0.33495715,0.32012445,0.35362747,0.31467268,0.32586166,0.34803015,0.342309,0.34344962,0.32567012,0.34089163,0.34808695,0.32925612,0.3273751,0.33254576,0.3362682,0.3303848,0.32795435,0.34212694,0.33592698,0.33697647,0.33728772,0.32441497,0.3322552,0.33037484,0.3396953,0.33759937,0.33356318,0.328588,0.3274846,0.32401574,0.33023438,0.33213565,0.32733086,0.32136077,0.31287527,0.33839658,0.331635,0.3194172,0.3363769,0.32539758,0.31470013,0.30360976,0.33987662,0.34455258,0.33447886,0.33732554,0.3288531,0.3164362,0.33069018,0.33931348,0.33061486,0.34230483,0.3422192,0.33844146,0.32636833,0.33844274,0.35114375,0.32611513,0.33376998,0.3237927,0.32555,0.32708326,0.33678222,0.3233751,0.33482456,0.3334731,0.33081096,0.32767573,0.3447783,0.3271769,0.34257603,0.33957592,0.3324603,0.34408602,0.33365375,0.34811386,0.335312,0.33687222,0.3364377,0.3544549,0.3343848,0.32825795,0.32930854,0.33959278,0.33308938,0.33936536,0.34798142,0.32812655,0.33455825,0.33109635,0.33383906,0.33407953,0.3372084,0.3314807,0.3238567,0.32540107,0.338332,0.32930306,0.34284332,0.33401367,0.33769402,0.3318204,0.34332663,0.32745126,0.31810048,0.3331716,0.32798138,0.33561108,0.33532715,0.33270055,0.32890746,0.33995977,0.35136163,0.32695293,0.34741658,0.3463594,0.32968482,0.33955216,0.3373105,0.33950102,0.34024006,0.32864287,0.32854798,0.33828467,0.33286458,0.32203364,0.33968318,0.34546414,0.32975093,0.33469018,0.3141408,0.33055466,0.3378442,0.33176154,0.33050823,0.34046194,0.3162169,0.32590818,0.33712685,0.3393603,0.3237654,0.33165634,0.3386604,0.3250157,0.3118998,0.3355279,0.32918432,0.31860572,0.34827644,0.34783983,0.32052988,0.33130658,0.31817216,0.33702913,0.34566814,0.32602382,0.32321283,0.34032568,0.33422053,0.336282,0.33100936,0.34257907,0.32012185,0.32474267,0.33737773,0.33740917,0.3366869,0.32610857,0.33191139,0.34657794,0.31669503,0.3287587,0.34818563,0.33443874,0.32901636,0.34098774,0.33176622,0.3292388,0.31437162,0.3433686,0.32706046,0.33695656,0.33229294,0.33743626,0.34054637,0.34288934,0.32827705,0.33274224,0.331246,0.34187666,0.32205996,0.34027517,0.34044805,0.3206105,0.33769837,0.34013146,0.32458916,0.32301623,0.33242163,0.32118812,0.33766395,0.339748,0.33341834,0.3260798,0.33664918,0.3415227,0.3395076,0.32576346,0.34390587,0.34128246,0.32935616,0.33784086,0.331772,0.32307035,0.3281647,0.32518962,0.3397465,0.34807163,0.3486388,0.33209267,0.3399177,0.330238,0.3217015,0.33590835,0.327881,0.32916236,0.3327608,0.32823682,0.34141207,0.33965945,0.32810363,0.3400233,0.33576512,0.32256272,0.33594877,0.34322077,0.33589625,0.32985362,0.33034724,0.33422986,0.3242115,0.33033335,0.31908736,0.33727837,0.34128517,0.33783606,0.3341926,0.33337754,0.3113155,0.33379856,0.3345759,0.34554562,0.3306336,0.33098987,0.32723066,0.3369555,0.3298879,0.33176884,0.32395118,0.33007622,0.3343285,0.33032846,0.33625072,0.32344422,0.33936685,0.33199623,0.3345402,0.32293993,0.34019804,0.33380753,0.33686617,0.3358431,0.32790458,0.33774975,0.32705915,0.33012497,0.33725575,0.32365146,0.34231213,0.32977545,0.32550117,0.32814693,0.3308764,0.332087,0.33119226,0.33252454,0.33418557,0.3135345,0.33498394,0.32856688,0.3278254,0.33138928,0.32948682,0.33479297,0.34542602,0.3548352,0.33275494,0.34311652,0.33427942,0.33575642,0.33887804,0.34082356,0.33309895,0.33742994,0.33145112,0.33807808,0.33985227,0.3295355,0.33246997,0.33121914,0.34181157,0.33057383,0.31955785,0.33966202,0.3237457,0.32162938,0.3510034,0.31733876,0.32961184,0.3258682,0.34125093,0.32979345,0.32509205,0.3142209,0.33581248,0.33029342,0.33418924,0.32322338,0.33395937,0.34245276,0.34295398,0.33018458,0.3292318,0.33453482,0.34400535,0.3370779,0.3223193,0.32539803,0.3305225,0.33985516,0.33641616,0.3364644,0.3458887,0.32094312,0.32205918,0.32675955,0.33305728,0.3459893,0.33490708,0.3437503,0.33625248,0.3343719,0.3395945,0.33551416,0.3336666,0.3268765,0.33233473,0.34605002,0.33098766,0.32998088,0.33833864,0.32753363,0.3276508,0.3412751,0.33707875,0.33649743,0.33445632,0.32283548,0.3397521,0.33449927,0.3385698,0.32122275,0.3248847,0.3303852,0.32740575,0.3381586,0.32264277,0.33690742,0.33539754,0.3380248,0.33859336,0.33705142,0.3334325,0.33544758,0.33684105,0.33710662,0.33672136,0.34092423,0.33534825,0.32335064,0.33089787,0.3255044,0.32398742,0.33501938,0.34057754,0.34142846,0.33701307,0.32599077,0.32843488,0.33372375,0.3390491,0.33169895,0.34202948,0.34581682,0.32257473,0.32967067,0.3332326,0.3387321,0.34585115,0.3393293,0.33745375,0.33531716,0.32388327,0.3292207,0.33506903,0.34398913,0.33565706,0.35079306,0.33393908,0.33412108,0.32697293,0.3012985,0.34471262,0.32675326,0.31828052,0.33753577,0.3374197,0.31154794,0.3366069,0.35585782,0.3291129,0.35291186,0.32657224,0.33516878,0.3349668,0.33454934,0.33287477,0.3417568,0.32959777,0.33639273,0.32526332,0.3423147,0.34253234,0.32237327,0.34167236,0.32706112,0.31719923,0.3379861,0.3258768,0.34539378,0.33562326,0.33438534,0.33887026,0.3402468,0.3428997,0.34507602,0.3360244,0.3213193,0.32661152,0.3228972,0.33409157,0.33568537,0.34158888,0.33058098,0.35617796,0.32157904,0.33146298,0.33415627,0.3377333,0.3233644,0.3413484,0.3371924,0.33191335,0.34450793,0.32889193,0.31399888,0.32142052,0.33189029,0.33627978,0.33420935,0.31543505,0.3414902,0.32531065,0.32425,0.33568922,0.33261418,0.3287161,0.3273492,0.33058295,0.31454253,0.34218585,0.3316444,0.32336408,0.3370694,0.33616823,0.31919193,0.3348427,0.3437509,0.3406584,0.34046867,0.33502254,0.3412641,0.33725926,0.3374989,0.3272755,0.33443502,0.33332238,0.33294874,0.32002586,0.31603616,0.32452005,0.31804603,0.34391403,0.3244538,0.33505216,0.3399956,0.33233073,0.33971497,0.328851,0.3265496,0.32507813,0.3245362,0.31868377,0.35683393,0.33663642,0.34121415,0.32455254,0.34391886,0.32896352,0.32895294,0.33651584,0.32933423,0.33460099,0.33181584,0.3378837,0.31825292,0.3370765,0.32369158,0.34022436,0.35563555,0.3409414,0.3281381,0.33746368,0.32098678,0.33721083,0.34010535,0.33680975,0.32622927,0.3437185,0.3171078,0.33027917,0.3360852,0.31972086,0.336704,0.32992932,0.3335034,0.33822623,0.3280579,0.333546,0.34809366,0.33648223,0.3330087,0.33982036,0.3224026,0.3279996,0.33914587,0.33657774,0.34162304,0.3328006,0.33295876,0.34322184,0.33921683,0.3360489,0.32914224,0.32970914,0.34071657,0.34344897,0.34301835,0.32717484,0.32869104,0.32709545,0.33626744,0.31988767,0.32414,0.33074784,0.3329322,0.32875583,0.3140199,0.3377523,0.3436966,0.33419782,0.33867556,0.3309152,0.3214565,0.34621453,0.3302739,0.32906237,0.32241562,0.33596528,0.3323262,0.33269796,0.33754358,0.3183965,0.3263583,0.3302348,0.33119473,0.33095026,0.3440613,0.32296294,0.34022737,0.336922,0.3468889,0.34211072,0.3444958,0.3342601,0.32323435,0.31946018,0.33132347,0.34103176,0.33018264,0.3315874,0.33770478,0.32990402,0.32245344,0.33022612,0.32096076,0.33035904,0.335638,0.31824106,0.3294222,0.33316988,0.3389427,0.32009655,0.33932394,0.33576724,0.3374168,0.3304686,0.33138093,0.32335556,0.32742575,0.3357293,0.32680386,0.33171943,0.33657527,0.3165323,0.33398172,0.3470257,0.3365558,0.33416086,0.33617294,0.32885545,0.33192673,0.34265736,0.35073996,0.33176357,0.3316082,0.32321614,0.33134422,0.3334118
