0.30524454,0.30093637,0.29167002,0.3057541,0.3009682,0.29646924,0.30024925,0.29968682,0.30136532,0.29743236,0.29785863,0.293667,0.29573998,0.30389035,0.30727863,0.29902595,0.29841772,0.30394495,0.30168837,0.29984653,0.29331478,0.29084244,0.30591893,0.30430707,0.30020365,0.29705492,0.29344285,0.30141312,0.29205695,0.30192262,0.2980144,0.29602048,0.2995521,0.29550532,0.29274228,0.30174544,0.30086303,0.2990561,0.30315533,0.2916105,0.29343975,0.29699552,0.28578037,0.29749113,0.3079255,0.30039144,0.29710448,0.29308414,0.3000532,0.30475274,0.30324185,0.30523378,0.30041584,0.29176503,0.304045,0.3070783,0.2966206,0.29990593,0.29905593,0.29373455,0.29713973,0.30214658,0.29573017,0.3013602,0.29349717,0.29441464,0.29513118,0.2980157,0.30440816,0.2953781,0.2965625,0.2967057,0.31017226,0.29382756,0.29961148,0.29552957,0.30261078,0.2957442,0.2970402,0.29726273,0.29913872,0.2911034,0.29440427,0.29645327,0.30213457,0.30340013,0.30374727,0.29358077,0.3074334,0.2980983,0.2934324,0.30133978,0.30157998,0.30217317,0.30884635,0.29730397,0.2981793,0.29626969,0.29706535,0.29505393,0.29689676,0.2989465,0.28947112,0.29795864,0.30048484,0.2929773,0.30118716,0.29905337,0.30783433,0.30015317,0.2943557,0.3078375,0.2950625,0.30194062,0.3069734,0.30024892,0.29914397,0.29636833,0.3007411,0.29881346,0.30187672,0.29373658,0.2927913,0.30013815,0.29047802,0.2996386,0.29759246,0.2977332,0.29595935,0.3004763,0.29500338,0.29563427,0.2930895,0.30909187,0.29845944,0.3025177,0.29440135,0.30210143,0.30086833,0.3077103,0.3021192,0.30260423,0.2921852,0.3024947,0.3047102,0.29255205,0.30700758,0.2969216,0.3012259,0.3008415,0.30810723,0.29867843,0.30037424,0.3108545,0.29815492,0.293549,0.30611026,0.30563214,0.29712245,0.3005756,0.2953243,0.2993081,0.29790628,0.29958987,0.2973358,0.30439952,0.30264258,0.30758816,0.2951766,0.29548916,0.29850134,0.30733085,0.2907607,0.30506483,0.3002538,0.2970428,0.3066649,0.29446724,0.29231843,0.29755828,0.29003,0.29533893,0.29825243,0.29627466,0.3022014,0.29348412,0.2854984,0.30242652,0.3046915,0.30358616,0.30289796,0.29432815,0.29902518,0.3010397,0.29842967,0.29713893,0.2918322,0.30131996,0.29822743,0.30363116,0.3002714,0.2926693,0.30072844,0.3003877,0.2966746,0.29844412,0.29573065,0.29185387,0.30556658,0.30122784,0.29689935,0.2927218,0.30098838,0.29333732,0.29940227,0.2977227,0.30924955,0.29820535,0.28827375,0.29889697,0.2946099,0.30374113,0.28692082,0.29989034,0.3041652,0.3058178,0.3022336,0.2959748,0.29590476,0.30954054,0.29736832,0.29848173,0.29319644,0.2907654,0.29675934,0.29737785,0.31190267,0.29352894,0.30333972,0.3006692,0.30090326,0.3043713,0.2973686,0.3004568,0.2992134,0.29575804,0.30269033,0.29440174,0.2985566,0.2983298,0.3047686,0.30480456,0.29940236,0.30940703,0.29869074,0.29890424,0.29430148,0.29675713,0.29819223,0.3005605,0.29473856,0.29437152,0.29532427,0.29978505,0.29570395,0.29457256,0.2983663,0.29369506,0.30052432,0.2940989,0.29825658,0.29349852,0.29650402,0.3001249,0.3029996,0.30177146,0.29897913,0.29259083,0.29346815,0.30473757,0.2940808,0.30143744,0.2968311,0.29898125,0.29952043,0.30061433,0.30111918,0.29538566,0.29653853,0.29881278,0.29861835,0.29464573,0.2982704,0.2956203,0.29806104,0.2893907,0.30457726,0.30155325,0.29696357,0.30382964,0.29700223,0.30012643,0.29904518,0.30072173,0.2971088,0.2899789,0.29995096,0.30625597,0.29983807,0.30146325,0.30307722,0.29882288,0.30063,0.30146146,0.30355278,0.30044603,0.30120456,0.2891509,0.30488366,0.29605648,0.29694805,0.30015016,0.29942083,0.29647318,0.2929385,0.3016187,0.29752967,0.29795948,0.29197815,0.29891673,0.30486763,0.2963131,0.3029742,0.29723668,0.29433274,0.30063564,0.30003443,0.30088598,0.2933965,0.29776567,0.30095446,0.2908864,0.29738703,0.3025657,0.30596957,0.30142975,0.29918617,0.29366806,0.29333016,0.3042884,0.29540765,0.30593216,0.2968716,0.3023346,0.30297777,0.30087033,0.30515075,0.30209345,0.29490736,0.29663038,0.3029948,0.2997149,0.30649132,0.30232555,0.30276167,0.29828483,0.29906783,0.29579836,0.29999405,0.3010722,0.29970726,0.29003257,0.2904861,0.30130357,0.30013442,0.29925382,0.29969618,0.29565117,0.30162084,0.2983849,0.2985727,0.30346024,0.30224398,0.29439422,0.2962352,0.30482975,0.28982687,0.3056626,0.30176687,0.29777348,0.30115318,0.29965633,0.28892434,0.2944758,0.3029409,0.30361366,0.2915746,0.29888687,0.29422164,0.30131528,0.30258477,0.30088437,0.30643797,0.29290923,0.2924884,0.29873136,0.29426217,0.29615587,0.29767492,0.29411006,0.30047122,0.290406,0.30097714,0.30506083,0.30514187,0.29571313,0.3031042,0.2944266,0.29683787,0.2925147,0.29330269,0.30562428,0.30123356,0.28929126,0.30355448,0.30300236,0.30055875,0.2930083,0.29084325,0.30243134,0.30370542,0.3048206,0.29954416,0.29686126,0.3001017,0.3013514,0.2887799,0.30190206,0.30434576,0.30603924,0.3031778,0.30779776,0.290352,0.2983198,0.3054629,0.29511198,0.30587325,0.29707357,0.30071867,0.2946978,0.29547417,0.30096883,0.2937808,0.2980954,0.3013742,0.30022812,0.29586974,0.29638764,0.2995453,0.2961844,0.30012977,0.30466115,0.30164123,0.29301715,0.29815844,0.30229142,0.30353868,0.29256812,0.29994807,0.29617757,0.29024848,0.30287182,0.30044708,0.30332813,0.2956647,0.29549834,0.2978584,0.29959002,0.29807273,0.30185613,0.29955927,0.28857574,0.29858902,0.29905438,0.29700243,0.3089868,0.29722705,0.30080092,0.2955726,0.29864132,0.30295914,0.29999873,0.29590717,0.2968505,0.2910973,0.30388102,0.29931232,0.29294297,0.30078006,0.29456574,0.29938126,0.29894075,0.30651924,0.29399854,0.30576462,0.30290255,0.2963714,0.29583117,0.30164066,0.3018267,0.30185744,0.3022236,0.29740378,0.29182535,0.28814387,0.29726538,0.307395,0.2968376,0.30285335,0.30117843,0.30353183,0.3039638,0.292529,0.30045143,0.29626465,0.30213073,0.28553566,0.3036019,0.29474428,0.30059955,0.28816274,0.29857495,0.2918994,0.29408094,0.29751,0.30056894,0.3023504,0.30509531,0.29784796,0.29464072,0.2969987,0.29807526,0.3018194,0.30162886,0.30003145,0.2986282,0.28269765,0.3026673,0.28749478,0.29792926,0.29297155,0.29223743,0.29883954,0.30317298,0.29271534,0.29472873,0.30177444,0.29890373,0.3023934,0.30202356,0.28808382,0.29496786,0.2983674,0.29226008,0.29457057,0.29420283,0.30299342,0.29281613,0.2976628,0.29077125,0.30596516,0.2971438,0.2960298,0.30011237,0.29948363,0.29940343,0.30841213,0.3043156,0.29789743,0.29892957,0.29866752,0.29974532,0.29638356,0.28994417,0.29926842,0.29831046,0.2981735,0.29816744,0.2942922,0.30031198,0.29119137,0.29271027,0.2967106,0.29912108,0.29130912,0.30340713,0.30349433,0.31309396,0.291756,0.29988605,0.30569217,0.2963428,0.29897377,0.29636195,0.3007365,0.30178282,0.2978513,0.2958368,0.30244064,0.30121556,0.30262452,0.30519688,0.29196063,0.30724406,0.28863826,0.3014099,0.30631614,0.2977565,0.29375145,0.29459172,0.3018529,0.30185553,0.31428695,0.29925513,0.29760748,0.30072814,0.29202238,0.29847103,0.29236516,0.3016911,0.30252102,0.30123812,0.2954403,0.2977525,0.29577228,0.29671165,0.3089433,0.30050194,0.29755536,0.30254933,0.28944978,0.30005494,0.2963919,0.2964326,0.29623336,0.29478726,0.30104002,0.29946515,0.30224663,0.29198912,0.29679132,0.2941841,0.30444407,0.29749158,0.30255097,0.2992423,0.29535872,0.2948638,0.29725578,0.29601693,0.30064774,0.30028242,0.29754773,0.2952034,0.30829197,0.29065907,0.2945739,0.30509567,0.3016745,0.30385166,0.2995753,0.29442176,0.30346912,0.29813915,0.300425,0.29346952,0.29473817,0.2975962,0.3020502,0.28787223,0.28814158,0.29054296,0.29710555,0.29819322,0.2885761,0.29761544,0.29935017,0.29720008,0.29830673,0.30119088,0.3035403,0.29503176,0.2956219,0.29253545,0.29506126,0.2995608,0.2976455,0.30556193,0.30064884,0.30231467,0.29268798,0.2930385,0.29770982,0.29697427,0.29716393,0.29867452,0.2980562,0.29678166,0.30464873,0.29393375,0.29992092,0.29755247,0.29184103,0.29861048,0.3048214,0.3071017,0.2993139,0.293824,0.29636794,0.29543594,0.2945521,0.29802147,0.29787388,0.30115846,0.29650018,0.30163762,0.30231878,0.29283878,0.2905788,0.30244362,0.3054159,0.30429098,0.30088034,0.2968105,0.29977092,0.2956217,0.29716375,0.29513514,0.30028844,0.29069343,0.29035854,0.29637414,0.30038723,0.2969743,0.29878834,0.3018464,0.3032267,0.29845726,0.3011615,0.29661864,0.29412338,0.29930454,0.29346722,0.29940313,0.295078,0.29169786,0.30180925,0.29584476,0.30369523,0.2944768,0.29248515,0.2939102,0.30235285,0.29390144,0.29609504,0.30225772,0.3057707,0.29510602,0.29828846,0.29757324,0.30122036,0.29728955,0.30467752,0.29976436,0.29145613,0.29327327,0.30278054,0.29809654,0.29168645,0.2932303,0.30466405,0.28957912,0.3039876,0.29997483,0.29969835,0.29545683,0.29911092,0.29581153,0.29921845,0.30032018,0.30120245,0.30262536,0.30682436,0.30278358,0.3057584,0.28889573,0.3104946,0.29475737,0.29235175,0.29526585,0.3038997,0.29372784,0.2990499,0.29733834,0.30376363,0.2964278,0.29664505,0.29908082,0.30125985,0.2977876,0.30836043,0.28948784,0.29988825,0.29612398,0.29343984,0.2921072,0.2978315,0.30003175,0.2987113,0.2991361,0.29102066,0.296824,0.2938247,0.29230297,0.2965259,0.30352706,0.2917733,0.30313483,0.2929767,0.29886758,0.30117753,0.29212686,0.2968212,0.29756626,0.29365757,0.29591155,0.29680428,0.29517183,0.29163814,0.28704622,0.29837683,0.29478243,0.2947203,0.30141127,0.29218042,0.29863006,0.28982025,0.297231,0.29256016,0.29438928,0.29488364,0.29589626,0.29758474,0.2997128,0.3051978,0.29933518,0.30430263,0.30246726,0.2949231,0.30236408,0.29526383,0.29748005,0.29040644,0.30188823,0.29701152,0.29865023,0.30638283,0.30707315,0.30017993,0.29963765,0.29506642,0.3000953,0.29889745,0.29702997,0.29304478,0.31430724,0.29927418,0.29500645,0.2917513,0.29133093,0.29176956,0.30395737,0.30494046,0.29939294,0.2876886,0.30290926,0.2926053,0.29611483,0.2963306,0.30072606,0.30352792,0.29738194,0.29609084,0.30488706,0.30204877,0.30006665,0.30565777,0.29838312,0.30245396,0.29680842,0.3060317,0.2903828,0.29843378,0.2978798,0.29779613,0.30023104,0.30181473,0.29620725,0.3063211,0.29180938,0.30266505,0.3027915,0.29978898,0.29726103,0.29496232,0.295011,0.3071838,0.3009283,0.30642682,0.29549596,0.30210796,0.29590264,0.2988801,0.2946024,0.30383873,0.29948875,0.30005795,0.29405984,0.29884127,0.31193757,0.29237154,0.30253327,0.29346305,0.30475235,0.3031366,0.299747,0.30277482,0.28606787,0.30005738,0.29302132,0.29930186,0.29932672,0.3073,0.30159584,0.2968913,0.29882187,0.30240038,0.29560682,0.29353222,0.2969914,0.29171175,0.29705614,0.29222968,0.30042103,0.2984426,0.30015105,0.2996559,0.30012456,0.30250728,0.29745796,0.30432343,0.29809207,0.30240527,0.29329026,0.29115036,0.2990927,0.2928828,0.2952221,0.3033093,0.30018944,0.30124208,0.30242568,0.2968411,0.3066363,0.2949888,0.30062678,0.29763344,0.29412428,0.2908605,0.29540965,0.30266207,0.29516158,0.30019072,0.30464223,0.3032992,0.2993074,0.30331996,0.30032417,0.30029082,0.30033728,0.2974312,0.30403307,0.2980298,0.2998435,0.2962167,0.29951987,0.3000118,0.30491436,0.2881547,0.29767856
0.3648643,0.361477,0.36753032,0.36762044,0.36139134,0.36475447,0.36840796,0.3641599,0.3623392,0.36648694,0.36494344,0.3666026,0.36484438,0.3592879,0.37307158,0.36760232,0.35769868,0.37143528,0.3565712,0.36762816,0.36471647,0.36039376,0.36839575,0.36543357,0.35640442,0.36166367,0.35556167,0.36601084,0.35887358,0.36876744,0.3632992,0.3655597,0.36177298,0.35909098,0.37122527,0.36189392,0.3732734,0.35981467,0.36494192,0.36509457,0.36444646,0.36780992,0.3648649,0.3670948,0.3661909,0.37033236,0.36280406,0.3570586,0.3624299,0.36231428,0.362615,0.36511996,0.36969346,0.36317995,0.3613622,0.37261766,0.3587449,0.3720364,0.37273416,0.36025685,0.36642036,0.36631283,0.35456663,0.3612627,0.36386898,0.37194452,0.36366794,0.35508153,0.3683922,0.36395773,0.35926726,0.36565727,0.36324012,0.35894847,0.35810152,0.36075485,0.35531238,0.36576784,0.36116573,0.36087057,0.3708894,0.36296383,0.36055756,0.3596197,0.37508103,0.36927217,0.3611924,0.3682873,0.35877693,0.36068976,0.3668266,0.36598238,0.37188414,0.36214054,0.3723401,0.36258802,0.36868438,0.36812338,0.36542383,0.36086243,0.35575703,0.359556,0.36346534,0.36671713,0.3707971,0.36108676,0.36632118,0.3639924,0.36449248,0.36484715,0.36673078,0.3612851,0.37135285,0.37216502,0.3674479,0.36709213,0.36511338,0.36134547,0.35992277,0.36818576,0.36579293,0.36672065,0.35633802,0.3638759,0.36891255,0.3602607,0.3723689,0.36700392,0.35363677,0.36537516,0.36190856,0.368804,0.3617873,0.36631483,0.36825052,0.362035,0.36285695,0.36377186,0.36139846,0.37329376,0.36757165,0.36250144,0.36748803,0.37499937,0.3674388,0.36075675,0.37021428,0.36148176,0.35643893,0.35810852,0.37451637,0.36899993,0.36894515,0.3633107,0.35932383,0.35902447,0.36118597,0.36181048,0.3720116,0.3691473,0.36181375,0.3692191,0.36246493,0.36976796,0.36485294,0.36733097,0.36465397,0.36403474,0.36016414,0.36655855,0.36575633,0.3695377,0.37002912,0.35875326,0.36678895,0.36481363,0.37074265,0.35793513,0.36365286,0.35703003,0.37102082,0.36583787,0.36728936,0.362832,0.36773828,0.36506316,0.36384124,0.37157378,0.37277606,0.37334067,0.36336502,0.3706991,0.36374092,0.3662551,0.36931145,0.3647809,0.35678488,0.36113843,0.3591445,0.37076077,0.3687532,0.36636716,0.36203647,0.3637039,0.36518216,0.36720994,0.36547866,0.36517715,0.36501962,0.35961094,0.3675175,0.36425352,0.36554402,0.3555979,0.3629148,0.36284655,0.37199146,0.3603091,0.3639492,0.37000567,0.3588432,0.36316347,0.35912007,0.36573005,0.36326772,0.37198314,0.36905554,0.36587253,0.35694173,0.3631931,0.3611008,0.3609343,0.3657036,0.36069375,0.36192334,0.3671136,0.362527,0.36475536,0.36432555,0.3599123,0.36616254,0.36222595,0.3701187,0.36463228,0.36292836,0.36377743,0.3700542,0.3584235,0.36390743,0.36628225,0.36176237,0.3721878,0.3630519,0.36804745,0.36390954,0.3693173,0.36088198,0.36516064,0.36221528,0.3624254,0.3614376,0.3592155,0.36674368,0.36985776,0.3742143,0.36208525,0.36806446,0.36793658,0.36602858,0.36559004,0.36972022,0.36753866,0.36159235,0.37599418,0.36960527,0.36504734,0.3638242,0.36075068,0.35943252,0.36411554,0.3722499,0.3682482,0.3655135,0.36552277,0.36275214,0.37250218,0.36560467,0.36196423,0.35571754,0.36735305,0.3640545,0.3636415,0.3685476,0.36662483,0.36142668,0.3605391,0.3614579,0.37312534,0.3627409,0.37358126,0.36155847,0.36506453,0.37055182,0.36382842,0.36519387,0.35971734,0.3621734,0.362441,0.37390178,0.3708508,0.35832042,0.36189684,0.37018824,0.37280053,0.36051363,0.36581674,0.3702426,0.35978663,0.3682423,0.36990103,0.3636326,0.36047754,0.3629166,0.3665149,0.3554661,0.3660722,0.36114118,0.37100732,0.3674161,0.3579435,0.3645908,0.36410308,0.371549,0.37021858,0.36747354,0.37471625,0.37052783,0.37536526,0.3620462,0.36965746,0.36750102,0.3585615,0.36604315,0.3607321,0.37354395,0.36153755,0.36505666,0.3725995,0.36821443,0.3672403,0.35745415,0.3626931,0.3609256,0.37272826,0.3663329,0.36262596,0.3573558,0.36661777,0.3594697,0.3618753,0.37235072,0.36926037,0.36552352,0.36390975,0.36537737,0.36084113,0.36635578,0.3689103,0.36724627,0.3626774,0.36682066,0.36094344,0.36929724,0.3702733,0.36361623,0.36296245,0.3625133,0.36199453,0.36218244,0.3614509,0.36077145,0.36548072,0.3687377,0.36287794,0.36277604,0.36496148,0.35829556,0.36438075,0.35794157,0.36317235,0.36500672,0.36532727,0.36470416,0.36230838,0.36296025,0.36819398,0.36565033,0.3639473,0.36361012,0.36823285,0.36238286,0.3610806,0.37154803,0.36294279,0.36523977,0.36689636,0.3626146,0.36956254,0.35935983,0.35914394,0.3644249,0.35695824,0.3663194,0.3607588,0.36863768,0.36452273,0.35685837,0.37030298,0.3728013,0.3674531,0.36333734,0.36439046,0.36486885,0.36530173,0.36355636,0.36428297,0.37394592,0.3674706,0.35710874,0.36262643,0.3665552,0.37201428,0.3706169,0.36793473,0.36824104,0.36829004,0.36687815,0.36491784,0.36705068,0.3639503,0.36338955,0.36682245,0.36975294,0.3707379,0.3632867,0.36288014,0.36672744,0.35967493,0.35906333,0.3673135,0.35815924,0.36440876,0.35647175,0.3662088,0.36036858,0.36324322,0.36321422,0.366757,0.36457822,0.36290678,0.36109787,0.3723707,0.36594453,0.3648933,0.3672125,0.36689377,0.36951464,0.358888,0.35961044,0.362451,0.35746664,0.36529633,0.36696225,0.36615178,0.36731982,0.36226025,0.36559805,0.3687977,0.36815977,0.3692454,0.36164492,0.36073488,0.36391875,0.364642,0.3681012,0.363461,0.36628303,0.35623384,0.35879076,0.35386512,0.36519873,0.36216983,0.36719957,0.37033638,0.36250395,0.3709892,0.36281916,0.363062,0.36768898,0.36063737,0.36098188,0.3663245,0.36880124,0.3647393,0.36179295,0.36239466,0.3633019,0.35884896,0.36424866,0.37481308,0.36369836,0.36377567,0.36530492,0.36408627,0.3782039,0.3614641,0.37098846,0.36742094,0.36510044,0.36183834,0.36650982,0.3655787,0.36465383,0.3575698,0.36998248,0.3715684,0.3690816,0.35871956,0.36509392,0.36755145,0.36379546,0.36057037,0.36677468,0.36196008,0.36928612,0.36339146,0.35673505,0.36560127,0.35778525,0.3663766,0.36795914,0.37111214,0.35885906,0.36231852,0.35690135,0.36615545,0.35774362,0.3630499,0.3679053,0.3611686,0.3612478,0.35977525,0.35825685,0.37017468,0.36204195,0.35455838,0.3670564,0.3653605,0.35601625,0.36523643,0.36832568,0.36376685,0.36712387,0.36872312,0.37158945,0.35694385,0.3609438,0.35906488,0.36978778,0.3675065,0.36637595,0.3642475,0.36335108,0.3630495,0.36512873,0.3643078,0.37002856,0.36532998,0.36731592,0.35693496,0.36552006,0.37060353,0.3619387,0.36324245,0.36796957,0.3649333,0.36604074,0.36452314,0.36204225,0.36929902,0.36366728,0.36105198,0.36997816,0.37013462,0.3613502,0.3663361,0.3631693,0.37843016,0.36180916,0.36092076,0.3729865,0.36973834,0.3604354,0.36128327,0.3558332,0.3636138,0.3666252,0.36337575,0.36123705,0.36386773,0.36382085,0.36214158,0.36138856,0.37166858,0.36221513,0.37072995,0.36205968,0.3675456,0.3787321,0.36520135,0.36436027,0.36933145,0.3695837,0.36375722,0.36965525,0.36842412,0.372129,0.36704138,0.36063287,0.3688812,0.3645824,0.37007198,0.36002624,0.3649735,0.36269125,0.3688132,0.37391305,0.37097222,0.36475503,0.36607125,0.35755274,0.365421,0.37130052,0.36121285,0.361112,0.36862946,0.3605968,0.36227697,0.36919817,0.3714527,0.35500744,0.3560849,0.36775854,0.368021,0.3696891,0.36533856,0.3664731,0.36142036,0.3547282,0.36666828,0.36756,0.36565378,0.3596376,0.37156737,0.36671728,0.3672872,0.36476433,0.36538064,0.3612593,0.35995555,0.36339444,0.36646864,0.3740544,0.3608319,0.3681297,0.36021268,0.36534274,0.36088553,0.3627954,0.3636675,0.35735992,0.36391377,0.35594556,0.35968515,0.36309552,0.35817882,0.3648637,0.36677444,0.36158502,0.36488867,0.36910433,0.35870516,0.35789722,0.36236858,0.36158732,0.36251053,0.36972237,0.3705632,0.37200633,0.3628214,0.36931008,0.36435896,0.36171502,0.37147048,0.3646147,0.36242086,0.3586461,0.36224526,0.36672348,0.36505607,0.36888367,0.36445034,0.37126037,0.37785643,0.35592502,0.36329377,0.36535087,0.36259854,0.36278373,0.36627433,0.3638697,0.35246873,0.36697957,0.36260992,0.3595448,0.3618409,0.36956304,0.3630518,0.35585502,0.36507154,0.36710504,0.3631287,0.3629811,0.3673818,0.36627552,0.36570728,0.35977653,0.3687338,0.36659613,0.3635012,0.3597762,0.36003426,0.37002155,0.36881018,0.36256152,0.3630839,0.36094764,0.36910176,0.3617456,0.36470914,0.36174446,0.3665946,0.35733348,0.36456773,0.36127588,0.36396372,0.36555392,0.36735258,0.36368555,0.3614931,0.37125042,0.36682877,0.36443713,0.35909003,0.3666225,0.3613832,0.37020507,0.36610642,0.37035936,0.3641649,0.36755675,0.3693084,0.36709723,0.36913043,0.365589,0.3636479,0.3657762,0.36522144,0.3661311,0.36609337,0.3632611,0.35957184,0.37638694,0.36659533,0.37020373,0.36092293,0.36320278,0.3603186,0.37194937,0.3654637,0.36339748,0.36019263,0.362992,0.3705303,0.36885092,0.3634291,0.37015098,0.36831436,0.35513502,0.36525923,0.37302682,0.35849786,0.3728449,0.36601567,0.3711223,0.36657545,0.36703336,0.3620454,0.3640194,0.36057636,0.36420813,0.36125714,0.36352217,0.38256687,0.37036777,0.36441064,0.36104187,0.37157923,0.36516893,0.35957456,0.36665028,0.35827845,0.3687444,0.3615413,0.36795262,0.36009842,0.35867253,0.35882184,0.3626032,0.36789587,0.3667136,0.3554729,0.3643759,0.36327276,0.36157843,0.36359584,0.3620311,0.3652181,0.3614927,0.3640531,0.359483,0.3560249,0.36097395,0.3562369,0.35823864,0.3685456,0.36685267,0.36829394,0.3690066,0.36629808,0.3698374,0.36586145,0.37038207,0.36468992,0.3694977,0.36328852,0.36776918,0.36714378,0.36985666,0.3675336,0.36442593,0.36004478,0.3730498,0.36921874,0.35714975,0.35801336,0.36235806,0.36711833,0.36921772,0.35587883,0.36180872,0.36563876,0.36270964,0.35862106,0.37375313,0.3771348,0.37234756,0.36096781,0.35744554,0.36231956,0.36438748,0.3630976,0.36265963,0.37457454,0.36539647,0.36951,0.36513665,0.3615782,0.36527753,0.37068754,0.37183183,0.3635436,0.3698554,0.36573502,0.35519844,0.3695142,0.36223304,0.3634087,0.36182413,0.35984904,0.3729095,0.3561813,0.3693437,0.3643316,0.36240354,0.36655986,0.3654951,0.3676705,0.37090027,0.3609981,0.36481708,0.35630918,0.35689983,0.36022404,0.36138856,0.3587792,0.36413828,0.36333424,0.36803484,0.36727202,0.3703869,0.35855567,0.36329585,0.35970852,0.36397436,0.36142763,0.37364998,0.37482002,0.3643232,0.36774018,0.36232713,0.36740556,0.3648299,0.36385286,0.36699367,0.366066,0.35672012,0.36519608,0.36483222,0.36641917,0.3609109,0.3596367,0.36812404,0.3627214,0.35880226,0.3625456,0.369975,0.36113358,0.36129165,0.36232147,0.36873147,0.3658604,0.36668462,0.3570358,0.36515167,0.3605766,0.37022313,0.36176613,0.37091294,0.3639286,0.36378142,0.37043613,0.36562586,0.35189503,0.35982016,0.36461592,0.3619259,0.3668732,0.36855653,0.36653286,0.36276954,0.36337414,0.36897364,0.3705004,0.3643498,0.3625114,0.35773125,0.36870623,0.3600869,0.3649098,0.3713761,0.3590024,0.36348003,0.36851028,0.37346533,0.36956403,0.36347324,0.3644847,0.369149,0.36341044,0.3658357,0.36034095,0.36847073,0.3671946,0.36644843,0.36243275,0.37255806,0.36390626,0.36348632,0.36468104
0.638308,0.6333094,0.6301504,0.6300962,0.6264873,0.6298486,0.64060813,0.62570447,0.63199955,0.6347128,0.63097084,0.6342015,0.6337969,0.63150126,0.64276874,0.6309224,0.63320917,0.63716584,0.62903535,0.63051456,0.62542075,0.6297821,0.6425844,0.64076334,0.6291017,0.6272951,0.6332962,0.63283604,0.6302333,0.63301563,0.6307768,0.6355712,0.6290346,0.6329023,0.63614696,0.6216352,0.6371032,0.6311484,0.6277491,0.6332358,0.62871885,0.63604295,0.6336717,0.63437474,0.63863915,0.6370538,0.63516575,0.62476945,0.62873924,0.6397906,0.63613135,0.6393643,0.6373644,0.62646216,0.6352152,0.64008796,0.63146126,0.6345417,0.6387978,0.6259424,0.63275784,0.6389384,0.62988347,0.6315346,0.6278099,0.634164,0.6274365,0.6283941,0.6422577,0.6339924,0.6312825,0.62738043,0.63662434,0.62522376,0.6369465,0.6300685,0.63354915,0.63521,0.63569057,0.63464355,0.6378822,0.6211484,0.6271647,0.63055444,0.64047325,0.6404028,0.6376312,0.63688827,0.6393858,0.6276817,0.6315654,0.62980324,0.635143,0.63515913,0.6353251,0.63323766,0.63764954,0.6248209,0.6325141,0.6281303,0.62603754,0.6293887,0.62950546,0.62944794,0.63659877,0.63216114,0.6393016,0.63602513,0.6405508,0.6290957,0.63199615,0.63524544,0.6257554,0.6356816,0.6364261,0.63108593,0.6231839,0.6342097,0.63034767,0.630926,0.63843197,0.6308667,0.6203301,0.6316838,0.63507426,0.62528,0.63875544,0.63453174,0.6283956,0.6324545,0.6350341,0.62572443,0.6282418,0.6392769,0.64075804,0.63520104,0.6329359,0.63123405,0.6299992,0.645212,0.6292942,0.6362734,0.6305208,0.6391583,0.63503253,0.6296728,0.63990027,0.62578386,0.6263146,0.63077646,0.6345631,0.63162196,0.63117105,0.636883,0.6394897,0.6302966,0.6341519,0.63605297,0.6397598,0.6329576,0.6329608,0.6332563,0.6266727,0.6384487,0.6342011,0.6466592,0.64132226,0.6366699,0.6350665,0.6309201,0.6351454,0.62871444,0.6309393,0.63473356,0.63905704,0.6359057,0.63638365,0.6264946,0.6267338,0.6292713,0.6340291,0.6319988,0.6415477,0.6270177,0.6284875,0.62704515,0.62408316,0.6388199,0.6399741,0.6409878,0.6334683,0.63434887,0.63302344,0.6324855,0.6397038,0.6371985,0.6316243,0.6299653,0.63307756,0.6325816,0.63572514,0.62954736,0.6325894,0.63493747,0.6321624,0.63004977,0.62645686,0.63166815,0.6372514,0.63305277,0.6336222,0.6307715,0.6210212,0.6290079,0.6280591,0.63328636,0.6410814,0.62755615,0.6288687,0.6322995,0.62873334,0.64416313,0.6284382,0.63479567,0.6360342,0.63707846,0.6337731,0.6279348,0.6280969,0.6372334,0.6292411,0.6371587,0.6284559,0.62195176,0.6370268,0.6349455,0.64311916,0.62985176,0.62715614,0.6298837,0.63650656,0.6461818,0.6365233,0.6305747,0.63376653,0.6230023,0.64073735,0.62567693,0.6279121,0.6326261,0.63598824,0.6325108,0.63358337,0.6503187,0.626212,0.6292117,0.6226899,0.6293108,0.6258164,0.6389183,0.6304323,0.62840545,0.6313588,0.6373858,0.64255863,0.6228082,0.6316975,0.6395402,0.6326186,0.63077354,0.6406113,0.630782,0.6300268,0.638365,0.6375601,0.63570845,0.639203,0.63416356,0.6328978,0.63878185,0.6363858,0.6391189,0.6310359,0.63720256,0.63490665,0.63574946,0.6317794,0.6298921,0.62651056,0.6302258,0.6355695,0.6323745,0.6314049,0.641453,0.6317487,0.6235326,0.6396566,0.63778,0.6342768,0.635893,0.628743,0.6319593,0.64047813,0.6319427,0.62896335,0.6235891,0.6396143,0.6315545,0.6373909,0.64030033,0.6286609,0.6335457,0.6406401,0.6311628,0.63410914,0.63082695,0.63512224,0.6276754,0.6290773,0.63263816,0.6359424,0.6395414,0.6259654,0.62346464,0.627317,0.6259941,0.6303524,0.6296277,0.62765914,0.63077646,0.63599503,0.6273657,0.6381902,0.6282851,0.6338037,0.63866127,0.63091415,0.64260286,0.6366101,0.6335215,0.63164496,0.6216469,0.63219655,0.6350652,0.6430549,0.630921,0.62442213,0.6385671,0.63290924,0.6320783,0.6260105,0.6412648,0.635721,0.63116425,0.6358807,0.6253602,0.6318864,0.6396034,0.6293857,0.63233405,0.63493025,0.62555116,0.6264553,0.6265029,0.62997603,0.6326432,0.6280796,0.63117534,0.6358875,0.6341502,0.634748,0.6226442,0.63057154,0.6376025,0.6307959,0.6261971,0.63268054,0.6276587,0.6360072,0.63437307,0.62429637,0.6379462,0.6388447,0.627485,0.638104,0.6326939,0.62024665,0.6324088,0.631441,0.6354505,0.640438,0.6388235,0.62191,0.6323727,0.63750994,0.6374904,0.6219954,0.62281096,0.6424717,0.6273893,0.62683415,0.6210979,0.6419151,0.6236193,0.6332941,0.63193023,0.63210666,0.6317891,0.626873,0.62750906,0.6366531,0.6267164,0.6344909,0.6389378,0.6271799,0.63411134,0.6362728,0.62117165,0.6417719,0.6272894,0.63514346,0.63312775,0.62968045,0.63474894,0.63986164,0.6344841,0.6368388,0.62803274,0.63324004,0.62628156,0.6323734,0.63316333,0.6426984,0.6421179,0.6344874,0.630054,0.62814885,0.6324891,0.62350225,0.64180094,0.63537085,0.6446878,0.62334025,0.6358635,0.6346181,0.6295459,0.6324243,0.6299658,0.6268559,0.63530445,0.62563246,0.6291375,0.6313103,0.63314193,0.6341669,0.63637596,0.6320135,0.6457072,0.6254638,0.63473743,0.62938976,0.63962436,0.6332868,0.6276187,0.6296179,0.633818,0.63610727,0.6306361,0.62870485,0.6272285,0.6247581,0.6311327,0.63975704,0.6298855,0.6265369,0.6251503,0.6303886,0.6235477,0.63658637,0.6364603,0.6387346,0.62996143,0.62877405,0.62173265,0.6274756,0.6385502,0.6365395,0.6301532,0.6297873,0.6350618,0.63335776,0.6302375,0.6352959,0.6327539,0.6397997,0.63656527,0.6276688,0.62305844,0.64089936,0.63046974,0.6288662,0.6288408,0.63633496,0.6246083,0.6460706,0.6313511,0.6226136,0.62942636,0.6389934,0.63511014,0.6302617,0.63758475,0.63053495,0.6248516,0.6332531,0.62863743,0.6505885,0.6372628,0.6301597,0.63637775,0.6298476,0.6301046,0.6334824,0.62932,0.6279231,0.63816315,0.6334624,0.63574487,0.6338081,0.6365037,0.6280058,0.63065743,0.6325235,0.6264833,0.6380349,0.6315724,0.63507867,0.6351708,0.63253367,0.6361099,0.6290069,0.6311193,0.6319674,0.63131905,0.63482225,0.628613,0.62734455,0.63160056,0.6308235,0.6377012,0.63012886,0.629122,0.6297186,0.6341851,0.6345401,0.6255503,0.6336361,0.6316894,0.6349629,0.63751507,0.62758553,0.6239533,0.6331839,0.6259056,0.63308173,0.62849385,0.6218119,0.6303177,0.63190174,0.6297444,0.63620275,0.63586706,0.6279853,0.6357881,0.63519585,0.6313772,0.646344,0.6298518,0.631003,0.6312247,0.6255097,0.63154,0.6285637,0.6264801,0.63204557,0.63558495,0.6257287,0.63487726,0.6411307,0.6362453,0.6309236,0.6314631,0.63431615,0.63369995,0.6354989,0.6362189,0.64042443,0.64339894,0.63889533,0.6359585,0.6336519,0.63380945,0.6290166,0.6341694,0.63265955,0.63614607,0.6326416,0.6281057,0.63629925,0.6329938,0.632879,0.63935083,0.6403974,0.63782847,0.6270318,0.63233817,0.6384475,0.6385032,0.63768005,0.63440233,0.6346751,0.63633746,0.6443357,0.6402546,0.6386049,0.6378322,0.63666785,0.6338286,0.63096017,0.6322547,0.6357379,0.63196105,0.6353126,0.6322681,0.62543154,0.6293756,0.64024174,0.6333154,0.63520116,0.6373965,0.62394977,0.6346573,0.637714,0.62966967,0.62832475,0.6288758,0.62949544,0.63207155,0.6370492,0.6310927,0.6293106,0.62984043,0.63283646,0.627223,0.6319435,0.63169533,0.63332987,0.64061236,0.62676364,0.6294674,0.63769394,0.6306941,0.6308364,0.632363,0.6325088,0.6333726,0.6297194,0.6284114,0.6415342,0.6378438,0.63150835,0.6313162,0.6382889,0.63996226,0.64405614,0.6337782,0.62971777,0.6335426,0.6325123,0.6272118,0.6259127,0.62798715,0.621636,0.6390734,0.6268828,0.63041246,0.6298967,0.63166165,0.63314843,0.6334518,0.6330198,0.625694,0.6318003,0.6334025,0.63223076,0.6369185,0.6279311,0.64006567,0.6335252,0.63897765,0.6332315,0.6308176,0.6328852,0.64305645,0.63922113,0.6377492,0.62924564,0.62656385,0.63091135,0.6348299,0.64420563,0.6301391,0.6280495,0.62934065,0.62750703,0.64091665,0.6377865,0.63308746,0.6280585,0.6340353,0.62790823,0.6295855,0.62803996,0.6389948,0.6295308,0.62884384,0.63503397,0.63308567,0.62939143,0.6378708,0.63374376,0.63719964,0.6387328,0.63224393,0.627748,0.6294561,0.6260059,0.63315314,0.63332117,0.6283484,0.62702006,0.62274307,0.626134,0.6351831,0.6324811,0.62841105,0.6287258,0.62651664,0.63047045,0.63132524,0.6187473,0.6297809,0.6317491,0.64076906,0.6378409,0.62597406,0.6405142,0.6328064,0.62919843,0.63154113,0.6266959,0.6371685,0.62861484,0.63076353,0.6339527,0.6338951,0.6340487,0.63533884,0.636722,0.6339079,0.6381168,0.62179756,0.6326021,0.63116837,0.6358843,0.63940096,0.6338123,0.62637573,0.63400155,0.62300426,0.64120054,0.6286185,0.6355221,0.6357962,0.6366857,0.62976897,0.6342618,0.6319922,0.6371101,0.6531255,0.6306551,0.6372903,0.6233233,0.63081735,0.6316972,0.61915964,0.6341406,0.63153785,0.6295854,0.6301747,0.63031495,0.627363,0.63750076,0.6298726,0.6367537,0.6390365,0.6332632,0.6340261,0.62884235,0.63057303,0.6361569,0.63303065,0.6266295,0.63619447,0.6337081,0.6277874,0.64103514,0.6356691,0.63281494,0.62690055,0.6335635,0.6338472,0.6324135,0.630986,0.63129723,0.63806087,0.62776613,0.6383757,0.63079876,0.6340366,0.63503766,0.63095975,0.6364111,0.63709575,0.623214,0.6332432,0.62673324,0.6404947,0.63965905,0.6290857,0.6295004,0.627868,0.62674475,0.6348764,0.6212387,0.6286364,0.630611,0.63046026,0.62568396,0.6290929,0.6356515,0.6292634,0.63583595,0.63890666,0.63472456,0.6358877,0.6365326,0.636829,0.63374734,0.6328751,0.6317236,0.63400465,0.63716406,0.63637024,0.6267103,0.62900496,0.6341697,0.6361153,0.64749926,0.6273701,0.64037997,0.6298559,0.6382339,0.632598,0.63340867,0.6387065,0.6376647,0.632545,0.62719697,0.6310294,0.6299774,0.64243525,0.63611573,0.6381976,0.6285229,0.6364057,0.6290259,0.6363365,0.63278025,0.635692,0.6378582,0.63104826,0.63288784,0.6323547,0.6329549,0.62301815,0.64450985,0.6312565,0.6357636,0.6354771,0.6393503,0.6280419,0.6321579,0.6395525,0.6255331,0.6336784,0.6313993,0.63881594,0.6362396,0.63833773,0.62878484,0.6321355,0.6409192,0.62733096,0.6262383,0.6190622,0.63661766,0.6401971,0.63605213,0.6338498,0.6350689,0.6210754,0.63387495,0.6344223,0.6322476,0.6357739,0.6356076,0.6318731,0.6362027,0.6426884,0.6353812,0.6329793,0.6273831,0.628911,0.63266313,0.63424367,0.6322287,0.6295541,0.62985474,0.63462704,0.6293788,0.63182646,0.6402886,0.63392866,0.6341506,0.63282895,0.63724107,0.6382981,0.6287014,0.6354062,0.6299334,0.6306548,0.6307515,0.63309014,0.62733316,0.63186383,0.63820034,0.6241586,0.6363501,0.6377544,0.6352981,0.636153,0.6463428,0.62994504,0.6221582,0.6327243,0.6275522,0.6365118,0.6427486,0.6361178,0.6338462,0.6349715,0.63269526,0.6342152,0.63181466,0.6364019,0.6325482,0.6263873,0.63530177,0.6307427,0.6260641,0.63104236,0.6300911,0.6311736,0.63088703,0.6359267,0.6368956,0.6496896,0.6380349,0.63655394,0.64034176,0.6359542,0.6295389,0.6322036,0.6353694,0.63534844,0.63080025,0.63482356,0.62582535,0.6267049
0.68081623,0.6742636,0.67158055,0.677191,0.67932343,0.68194664,0.679057,0.67485386,0.6777475,0.67869157,0.67094576,0.67435515,0.66948414,0.6734488,0.67230356,0.67663026,0.679604,0.6769022,0.67477256,0.67984354,0.6740431,0.6762787,0.6796379,0.6792443,0.6761734,0.67831373,0.6738821,0.67119515,0.6706466,0.68275803,0.67865855,0.6834261,0.6784492,0.6771962,0.6712033,0.6759673,0.6802713,0.66775703,0.6811144,0.67561823,0.672384,0.67482597,0.66901946,0.67300683,0.6869941,0.6738027,0.67032266,0.6699788,0.6790104,0.66724324,0.676527,0.6762937,0.6765618,0.670261,0.6790787,0.6768563,0.6752195,0.671429,0.675617,0.67504,0.6802867,0.677809,0.6737358,0.67760456,0.67759085,0.6822314,0.6789204,0.67563117,0.6743418,0.6758876,0.6765036,0.676106,0.6767233,0.6693441,0.6854145,0.6810518,0.67496437,0.665824,0.67200893,0.6800471,0.6771794,0.6702635,0.6690704,0.6650778,0.67393863,0.678973,0.67866963,0.6756667,0.672936,0.67354435,0.68028164,0.67823225,0.6763258,0.6775965,0.6769432,0.67115015,0.6696584,0.6766144,0.6845887,0.67717314,0.67169946,0.66739696,0.6729101,0.67240655,0.67144376,0.67635566,0.67207223,0.67784435,0.675424,0.67802846,0.6722729,0.6728854,0.6763321,0.6812358,0.6776532,0.67444724,0.6723384,0.67839384,0.6741701,0.6761434,0.68395185,0.6722837,0.6734798,0.67370105,0.67691684,0.67445296,0.67743915,0.68064004,0.6711297,0.6791698,0.6805888,0.6805952,0.6770965,0.67906725,0.6723054,0.6763451,0.6787816,0.67406654,0.6789271,0.68407726,0.6790425,0.67122847,0.6699551,0.6858626,0.68074507,0.6708446,0.6799891,0.6776105,0.6712731,0.6768983,0.67455554,0.68046844,0.6778089,0.69002914,0.6725104,0.67404956,0.67585754,0.681008,0.6782737,0.6799792,0.6698662,0.6745001,0.67280614,0.6765241,0.67716604,0.68015,0.6753345,0.6704599,0.6758972,0.67602533,0.67273813,0.6759916,0.68022203,0.6768263,0.67924905,0.6771725,0.6779472,0.67561877,0.67057,0.6784363,0.6765546,0.6715943,0.679778,0.6752706,0.6718318,0.67653626,0.6622236,0.6788105,0.6799033,0.6803806,0.67807823,0.6787962,0.672889,0.67935944,0.6695804,0.6718138,0.673892,0.6758995,0.681876,0.68609804,0.6777594,0.67586964,0.6780909,0.6771769,0.6762078,0.6791032,0.6756848,0.6731542,0.6839971,0.67669153,0.67954147,0.6719844,0.67055607,0.6691158,0.6743009,0.6805469,0.6759108,0.67574674,0.66517854,0.6817716,0.6704107,0.68155897,0.67877704,0.67152584,0.67528516,0.677352,0.68263066,0.675156,0.67092246,0.6901154,0.67241347,0.67232156,0.67091215,0.6720396,0.6729271,0.6731265,0.6823323,0.67573303,0.674022,0.6748854,0.67525506,0.6729398,0.6695937,0.6722944,0.67999655,0.67474484,0.67963153,0.6798667,0.6737211,0.6812073,0.6778747,0.6760135,0.67655784,0.68401015,0.6687287,0.6749516,0.66679925,0.67110014,0.6742793,0.67950547,0.67374057,0.6772083,0.6732211,0.6799451,0.6832802,0.6723059,0.6743909,0.6729925,0.68328357,0.67226034,0.6705931,0.6736395,0.6788094,0.68025655,0.6747726,0.676279,0.67359656,0.67791384,0.6764562,0.6744138,0.6739423,0.6819298,0.67502105,0.67656785,0.67006534,0.6786178,0.6698983,0.6709782,0.6729267,0.67775583,0.67156655,0.67710686,0.67417616,0.6751817,0.6754336,0.6805547,0.6795778,0.6779605,0.6736357,0.6815521,0.6773544,0.6730417,0.6762046,0.67646587,0.6765933,0.6815426,0.6788395,0.67161703,0.6750603,0.680619,0.6750864,0.6733637,0.68086207,0.6806676,0.669616,0.67791003,0.6755985,0.6677863,0.677211,0.67979616,0.67286545,0.68625355,0.6779242,0.67169964,0.66918343,0.6758635,0.6727541,0.6820672,0.6736977,0.6728657,0.68184066,0.668447,0.6771327,0.677754,0.6732109,0.67768973,0.67383635,0.673688,0.674141,0.6776279,0.6855792,0.6684418,0.67407656,0.68496627,0.6745843,0.6761981,0.6751792,0.6759147,0.67361397,0.6785265,0.6693286,0.67588776,0.6774454,0.6780845,0.6817873,0.67992383,0.66773736,0.6764574,0.6716974,0.68280953,0.6788275,0.6753307,0.66776764,0.6704327,0.68256223,0.67374456,0.6751115,0.676214,0.6753841,0.6724705,0.6805048,0.6716064,0.67122823,0.6797009,0.6745754,0.6752036,0.6754756,0.68000305,0.68207645,0.6806618,0.6752884,0.67549825,0.67700124,0.6755649,0.6754859,0.6748426,0.6714696,0.6844814,0.6775726,0.6762637,0.6819848,0.66689706,0.669009,0.67610174,0.66857207,0.6811161,0.6685272,0.673786,0.671355,0.6772144,0.68319476,0.67682505,0.6828923,0.6776085,0.6710243,0.6698011,0.67136747,0.6817307,0.6745324,0.6830691,0.6739392,0.67293656,0.6808033,0.674949,0.67523444,0.679461,0.6800101,0.6730991,0.6715796,0.6770126,0.6738801,0.6763845,0.68172914,0.67237747,0.6779579,0.6794805,0.67712444,0.6744813,0.6735426,0.6812168,0.67538327,0.6783566,0.6767796,0.6755358,0.6759436,0.684214,0.67284393,0.6740684,0.67454803,0.67756283,0.6734716,0.677286,0.67600983,0.67945933,0.67451084,0.6717149,0.67905897,0.67277646,0.6785541,0.6740668,0.6743941,0.67781013,0.67873853,0.67936605,0.6764537,0.6768703,0.6720489,0.6723927,0.67615235,0.67123276,0.6778806,0.67661834,0.6768601,0.67966706,0.6717069,0.67255294,0.67741454,0.6668903,0.6674166,0.6793184,0.67515814,0.67545027,0.6781766,0.68151945,0.6811484,0.6682528,0.67414206,0.670978,0.68218577,0.68691504,0.6838589,0.66820896,0.66947913,0.6748931,0.67294896,0.67250806,0.6802775,0.682523,0.67932856,0.6763476,0.6794991,0.6739549,0.6722232,0.67768866,0.6741884,0.67403907,0.68089056,0.6713452,0.67607474,0.678181,0.6766868,0.67138743,0.67334914,0.67799366,0.68582004,0.68403184,0.67163396,0.6643757,0.670655,0.68096995,0.6760549,0.67857635,0.67424136,0.6751091,0.6712346,0.672105,0.68009377,0.6722963,0.67770404,0.67087173,0.6787074,0.68059504,0.6761001,0.6776647,0.6778533,0.66873795,0.6674305,0.67978925,0.6791183,0.6777607,0.66800624,0.68204826,0.66769415,0.66905355,0.677933,0.67201245,0.67945176,0.6758593,0.68501663,0.6792708,0.67897296,0.6813345,0.68006223,0.6772101,0.6728947,0.67396945,0.66462165,0.675736,0.6790349,0.67438805,0.67716837,0.6731118,0.6708424,0.6781753,0.67483735,0.6749512,0.6759305,0.68216217,0.66811186,0.67488414,0.67238754,0.67185664,0.68074167,0.6733914,0.67318,0.6753959,0.6784674,0.6753928,0.6708787,0.6812462,0.68176574,0.67467314,0.66829187,0.6761391,0.6786065,0.67243326,0.68254215,0.67845964,0.6843935,0.6801311,0.67330277,0.6803238,0.68013555,0.67337584,0.6851594,0.68222106,0.67638516,0.67627335,0.67295706,0.6831964,0.66750795,0.66973454,0.68346554,0.6821033,0.6656281,0.6779956,0.6778585,0.6784564,0.67118305,0.6767645,0.6780535,0.6760862,0.6772271,0.6739177,0.67823774,0.68554705,0.67755216,0.67513037,0.68068904,0.68558645,0.6729554,0.6776562,0.6748622,0.68540376,0.6746197,0.6741123,0.6749342,0.6773894,0.6704041,0.67647034,0.67583865,0.67660743,0.6837118,0.6788889,0.673684,0.6789608,0.6754621,0.6814525,0.6756896,0.6790767,0.67825437,0.67546624,0.6731086,0.6795122,0.6711057,0.68054986,0.67334473,0.67929846,0.6758199,0.68089885,0.67677695,0.6732851,0.6760016,0.67402804,0.6774749,0.67849624,0.67404956,0.66955274,0.6714303,0.6757624,0.6813762,0.67298746,0.67792237,0.67386043,0.68057907,0.66957384,0.6721002,0.67311704,0.6655876,0.6696562,0.6786097,0.6714806,0.67722625,0.6666214,0.67385584,0.6747397,0.6755808,0.68107915,0.6743546,0.68048,0.6804245,0.67536205,0.68062335,0.6783254,0.6768098,0.6695392,0.6768624,0.67149276,0.680746,0.67634994,0.6651558,0.6732766,0.67229277,0.67837113,0.673598,0.6622403,0.67480814,0.67779607,0.6720311,0.6773941,0.67257226,0.67291486,0.67458916,0.6729618,0.6693591,0.6740521,0.67949796,0.6776272,0.67412376,0.6711709,0.67775935,0.67323184,0.68105066,0.6767214,0.6721167,0.6789043,0.67672104,0.67808485,0.6695637,0.674096,0.67933387,0.67393273,0.67515755,0.67967147,0.67448777,0.67753494,0.67388076,0.6749999,0.68276477,0.67864317,0.68093723,0.68016124,0.6766914,0.67681783,0.6756714,0.6694433,0.6774046,0.6701749,0.66742957,0.6758072,0.6733998,0.68123955,0.6804446,0.6739795,0.67594844,0.6769938,0.67031753,0.6747009,0.6814051,0.6774028,0.67485225,0.6734959,0.6762653,0.6839142,0.67269886,0.68010855,0.67879707,0.6760439,0.6810262,0.67511296,0.6793042,0.68381584,0.67445034,0.67477727,0.6732893,0.6739709,0.6751299,0.67529356,0.6780796,0.6753744,0.675583,0.67510307,0.67340976,0.67330927,0.6748314,0.6809344,0.6810218,0.6811296,0.6785754,0.67894495,0.67297345,0.67664194,0.6793451,0.6782013,0.6691171,0.67632884,0.67377824,0.6706332,0.67282265,0.67740446,0.67655396,0.6618099,0.66950166,0.6832321,0.68072385,0.68099576,0.6676921,0.66789603,0.6800997,0.6755263,0.6728111,0.6823197,0.68264437,0.675123,0.6780774,0.67531544,0.6780619,0.6726625,0.6778374,0.67865694,0.67781496,0.67202055,0.68047804,0.6797989,0.6750167,0.6711016,0.67323047,0.6723046,0.6731782,0.67327726,0.68064076,0.6775491,0.67788386,0.6821873,0.67625105,0.67221916,0.67298996,0.67319036,0.6735228,0.6741887,0.67674494,0.68175614,0.67338616,0.6735933,0.6706883,0.68058956,0.677306,0.6774277,0.67540103,0.67637825,0.6766727,0.6724711,0.67002344,0.671892,0.6736455,0.67780715,0.6739012,0.6730938,0.6787226,0.66787046,0.6753634,0.6722187,0.6798474,0.6768784,0.66900164,0.66816676,0.67817515,0.67167664,0.67949706,0.67283624,0.6735813,0.6737599,0.6754894,0.68099517,0.6775461,0.6769705,0.6878324,0.6774226,0.67497885,0.6779268,0.6715727,0.67867553,0.6768492,0.671745,0.67721415,0.6637842,0.68026984,0.6801169,0.6802518,0.6766819,0.6753837,0.67305547,0.67750454,0.6786613,0.6829133,0.6819267,0.6783537,0.67002445,0.6782008,0.66883904,0.67465544,0.68488526,0.6784954,0.67953634,0.67014486,0.6789823,0.6698065,0.6741669,0.67320096,0.674045,0.67206484,0.6765982,0.67485905,0.6700788,0.6688514,0.6833323,0.6778092,0.6788242,0.6744659,0.6728352,0.6777647,0.66662914,0.67675275,0.67291385,0.67520064,0.67203254,0.67215836,0.67351544,0.67917204,0.67523706,0.675363,0.6755258,0.67436975,0.67466915,0.67833596,0.67193013,0.67639863,0.6751416,0.6738682,0.6755673,0.6755493,0.67192185,0.6754744,0.67739815,0.67491716,0.68165606,0.67508936,0.677126,0.67633176,0.6767962,0.67608744,0.67863333,0.6729942,0.678038,0.68032944,0.6816038,0.6757513,0.6712779,0.67537534,0.6748045,0.6767083,0.67141753,0.67877126,0.68182224,0.6789996,0.67492396,0.68111956,0.67221606,0.669059,0.6710807,0.6685097,0.6684395,0.68160844,0.6717917,0.6806302,0.67002445,0.67783,0.67853594,0.6720812,0.6672614,0.6825189,0.6702227,0.6790384,0.66975915,0.67464,0.672434,0.6797774,0.67519855,0.67681295,0.67216194,0.6741616,0.67876256,0.6805789,0.6829871,0.6771794,0.6780685,0.66489226,0.67076087,0.6709698,0.67859787,0.68850154,0.6712165,0.67681956,0.67751956,0.67615503,0.67560184,0.68254465,0.67503333,0.6795954,0.68046427,0.67583126,0.67814416,0.6701575,0.6787746,0.68102854,0.67171293,0.6705333,0.6829687,0.67282176,0.67313194
0.63398737,0.6323275,0.6363004,0.635716,0.63574845,0.6338207,0.64011186,0.63846964,0.63438475,0.64213705,0.6349117,0.633178,0.63849604,0.63194525,0.6304078,0.633386,0.63205,0.6386111,0.63270557,0.6396264,0.6340575,0.63782847,0.63752985,0.6358476,0.6350558,0.64115614,0.63781756,0.6338605,0.6354622,0.63953227,0.63202494,0.6433109,0.6343622,0.62988913,0.626825,0.6391865,0.64712274,0.6394268,0.6375244,0.64362824,0.633678,0.63150287,0.63730884,0.63799024,0.6427176,0.6429511,0.636303,0.627808,0.6321679,0.63712585,0.63660115,0.6386244,0.6315129,0.63610333,0.6392003,0.63338095,0.6277187,0.6292431,0.6430064,0.6296335,0.63821787,0.63743263,0.6300192,0.6362712,0.63626504,0.63479906,0.6295142,0.6336248,0.6363565,0.63366413,0.6350275,0.6369485,0.63515383,0.6296362,0.64255416,0.6373663,0.63658947,0.637678,0.6348582,0.6385603,0.63733107,0.63371515,0.6342893,0.62809056,0.63799584,0.6360969,0.6329028,0.6348955,0.63455254,0.6333911,0.63622755,0.63514173,0.64137805,0.6342551,0.64259493,0.63298106,0.63858426,0.635376,0.6405387,0.6365162,0.6331525,0.6375725,0.63381034,0.6328024,0.63718307,0.63849604,0.63455373,0.64151424,0.6311792,0.63745075,0.62860626,0.6357481,0.6377538,0.6439922,0.63673437,0.635855,0.6366352,0.64018506,0.6287349,0.63877016,0.638635,0.6291711,0.6385336,0.6391324,0.63603824,0.63613725,0.6378253,0.63575673,0.6323522,0.63877827,0.6349007,0.6356537,0.64180434,0.64179707,0.6353223,0.63953805,0.63273805,0.63421494,0.62986225,0.63730705,0.6339615,0.63331074,0.6304285,0.6418762,0.6379745,0.63141197,0.6445456,0.63574237,0.63524175,0.63449365,0.64187366,0.6400486,0.64045477,0.6404658,0.6391142,0.6323867,0.6327732,0.6403414,0.6285523,0.6260983,0.6342979,0.63796306,0.63404304,0.6393034,0.63844246,0.6356617,0.63659793,0.6305359,0.63278437,0.63334745,0.6367285,0.6319369,0.6358615,0.63619465,0.63945335,0.635761,0.6329865,0.64193726,0.63454115,0.6353917,0.6336931,0.62752247,0.63189864,0.63109004,0.62936795,0.6360896,0.6311031,0.63747126,0.63956195,0.6379482,0.63519406,0.63962346,0.6357449,0.6305994,0.63377327,0.6341823,0.6340655,0.6412125,0.6400056,0.64005953,0.6346048,0.6386031,0.63756764,0.6378789,0.634465,0.6363035,0.63197505,0.634292,0.640648,0.6346126,0.63315666,0.62850773,0.637274,0.6317711,0.6409929,0.64182234,0.63737243,0.636646,0.63141805,0.63808805,0.63080347,0.64260876,0.63700116,0.6467353,0.6305207,0.6390586,0.64165074,0.6327043,0.63542396,0.6450554,0.63536847,0.6340692,0.63770694,0.6302739,0.640601,0.63123393,0.6380652,0.63586915,0.64149,0.63948816,0.63415647,0.64335537,0.6339762,0.6327967,0.6405013,0.6318416,0.63728917,0.643077,0.62958413,0.6363177,0.63851434,0.64028186,0.63797367,0.6445921,0.6299947,0.632495,0.634136,0.6283945,0.63622487,0.63099664,0.638259,0.63183445,0.63955283,0.6337886,0.6397435,0.63342017,0.6332155,0.6388404,0.6343783,0.63239324,0.6325096,0.63434577,0.6365597,0.6370386,0.63240486,0.6315494,0.636808,0.63669574,0.6340565,0.62584174,0.6271571,0.63930595,0.6391427,0.6379286,0.6345209,0.63549095,0.6345318,0.6453236,0.6354063,0.6346319,0.6299452,0.636735,0.6351553,0.63293606,0.6341248,0.6367414,0.63871896,0.638588,0.63416904,0.6323322,0.6371286,0.63949585,0.6391571,0.63252425,0.6303744,0.63263315,0.63208866,0.6351814,0.6291781,0.64199525,0.63077986,0.63970965,0.63653034,0.6447682,0.63350934,0.63792473,0.6373932,0.63206065,0.63850456,0.63815576,0.62897754,0.63707745,0.63352543,0.6334681,0.6396882,0.6327184,0.6363484,0.633684,0.6272049,0.6362421,0.6390176,0.6327077,0.6359689,0.633515,0.6333655,0.6393154,0.63973963,0.6368993,0.63444537,0.6323793,0.6402467,0.6258373,0.6392102,0.64597714,0.63574326,0.6406861,0.6361579,0.6417363,0.6334897,0.6369437,0.6278907,0.6346927,0.6305475,0.6257491,0.6345898,0.6354693,0.63809305,0.63738906,0.6325489,0.6395239,0.6334618,0.6338988,0.63978577,0.6298289,0.6415028,0.6393792,0.6289006,0.63349885,0.63725495,0.63303465,0.641638,0.63107306,0.6344631,0.6356113,0.6321503,0.62684095,0.63925666,0.6385143,0.64099306,0.6362125,0.6362961,0.6392388,0.6328992,0.6344042,0.63631725,0.63441855,0.6349914,0.6357434,0.63723034,0.63882244,0.64009297,0.6321749,0.62848043,0.63333714,0.63153005,0.6333301,0.6346981,0.63276255,0.63528854,0.63568187,0.63457334,0.6310433,0.6413513,0.63614196,0.63222283,0.6280856,0.6367702,0.6388185,0.6387714,0.635558,0.639916,0.6379097,0.64403427,0.64265394,0.6309285,0.6357468,0.63611823,0.62569374,0.63506496,0.6414569,0.6348652,0.6393282,0.636198,0.6306768,0.63271725,0.64010394,0.6430231,0.63716084,0.6314193,0.6360063,0.6290068,0.63872445,0.6373651,0.64430004,0.63619083,0.6364425,0.6330293,0.63334674,0.62703925,0.6371669,0.6318484,0.63833827,0.6283046,0.6369687,0.6383554,0.632344,0.63886935,0.6258308,0.6313737,0.63277125,0.6329073,0.63916695,0.6310462,0.64523846,0.6371425,0.63567406,0.62921417,0.6345738,0.6326792,0.63817996,0.6309346,0.6378441,0.6366584,0.63431346,0.6293313,0.6296554,0.636726,0.6357151,0.63540083,0.6400971,0.63429713,0.63521826,0.63630503,0.6300289,0.6372095,0.62760776,0.63449866,0.6302576,0.6394603,0.644473,0.63810086,0.6334492,0.62897944,0.63069916,0.6376788,0.6309796,0.63699305,0.63842726,0.63498706,0.6341706,0.63400793,0.64084053,0.63035256,0.6392636,0.63651425,0.6327331,0.6388785,0.6277617,0.6413216,0.6394101,0.62999,0.6337304,0.6338411,0.6375342,0.644059,0.63817215,0.63635427,0.6340644,0.6231667,0.6354436,0.63865185,0.63779694,0.636066,0.6310253,0.63447773,0.63194376,0.64237505,0.6346071,0.6385966,0.6318579,0.6378268,0.6385959,0.63945884,0.6294803,0.63587093,0.6283179,0.63067776,0.64217407,0.63598263,0.6327621,0.6337159,0.6382069,0.6284009,0.62983114,0.6395646,0.63448983,0.64237374,0.6346468,0.6366987,0.64202905,0.6302724,0.6342257,0.64096534,0.64050233,0.62592006,0.63519543,0.62027246,0.6362153,0.6337255,0.6335593,0.63201845,0.63072926,0.6338539,0.64182824,0.6414201,0.6314052,0.6348055,0.64733255,0.6336707,0.6300845,0.6365059,0.6335732,0.6352951,0.6271305,0.6381441,0.6394712,0.6386228,0.6320876,0.62629735,0.63579935,0.6383682,0.63647336,0.6313541,0.63570935,0.6367069,0.63431644,0.6379553,0.64456433,0.6361399,0.63438034,0.6314527,0.63565797,0.63580865,0.63580847,0.6383039,0.63766694,0.63526386,0.6329687,0.6371002,0.63643146,0.62769866,0.628618,0.639401,0.6328792,0.62975985,0.6373878,0.6425357,0.63978785,0.63181794,0.6288426,0.6378862,0.63290626,0.637843,0.63785195,0.6329592,0.64140034,0.63734037,0.6347782,0.6340049,0.63257205,0.64122653,0.6398111,0.6325489,0.6429604,0.6302985,0.63641715,0.6357145,0.63435835,0.63153774,0.635217,0.6393178,0.6325199,0.6444839,0.6371669,0.63958097,0.6365361,0.6364584,0.6325931,0.63373816,0.6364643,0.63387346,0.6319562,0.6318778,0.6373665,0.63440245,0.63890177,0.62885153,0.63942105,0.6304659,0.6385473,0.6380211,0.6325142,0.64196265,0.646967,0.6354384,0.63314736,0.63512605,0.63548636,0.6376803,0.6371552,0.6356244,0.63619256,0.63046914,0.6385984,0.63713205,0.6288661,0.6304886,0.63569176,0.6327377,0.62961113,0.63622105,0.6341454,0.63932306,0.64607865,0.6336448,0.63450146,0.64141935,0.6360837,0.6363929,0.63326716,0.631627,0.63420236,0.6370184,0.64125323,0.64356595,0.6368662,0.6289645,0.6376284,0.6305704,0.6363633,0.6311166,0.6343329,0.62746537,0.6352996,0.632891,0.63175976,0.6297413,0.6390478,0.63089615,0.63766456,0.63324887,0.6396058,0.64089334,0.6302195,0.63528275,0.6279034,0.6343877,0.638242,0.63636947,0.6289225,0.637412,0.63135064,0.6384545,0.6355479,0.6365296,0.6438656,0.634103,0.6344665,0.63576007,0.6304445,0.63591176,0.6328504,0.6351725,0.63226455,0.6397199,0.63909507,0.63500535,0.6372632,0.64063233,0.635302,0.63873017,0.6442428,0.63088787,0.6418294,0.6316706,0.6321202,0.6361657,0.63981706,0.6360455,0.6309147,0.63573974,0.6423172,0.6389011,0.63414687,0.6316873,0.63636124,0.6342481,0.6266543,0.64233375,0.6363799,0.63448465,0.62685853,0.6374012,0.6401148,0.6302116,0.63728374,0.626521,0.6308781,0.63581854,0.6378205,0.6364597,0.6308155,0.63557875,0.64184844,0.64059407,0.6351609,0.636548,0.63465786,0.6349558,0.628187,0.63135654,0.6421452,0.63502425,0.63579094,0.6367732,0.6407879,0.6335497,0.6450036,0.6387116,0.6430737,0.6374058,0.63725775,0.6358934,0.6311561,0.637224,0.637843,0.6332806,0.62474453,0.6385827,0.62434477,0.6349801,0.62788576,0.63849485,0.64138436,0.63448745,0.63374233,0.63196254,0.6259344,0.64112204,0.6422006,0.6356228,0.6406616,0.6384491,0.630358,0.6333063,0.6396096,0.6357555,0.6351367,0.637469,0.63763225,0.63339174,0.6306441,0.6351635,0.63397336,0.6264586,0.635099,0.62924963,0.6355194,0.6325509,0.6351837,0.64002377,0.6389069,0.63485664,0.63971436,0.63892895,0.6326056,0.6307476,0.63125366,0.64082146,0.6343693,0.6379762,0.640298,0.63315636,0.63676876,0.6390295,0.63558966,0.63294804,0.63728106,0.6336778,0.6395851,0.6304543,0.62971294,0.6408415,0.63687545,0.6320885,0.63897765,0.6310823,0.63199306,0.63728637,0.6250418,0.63509965,0.63323885,0.64595455,0.6362702,0.62773895,0.63565046,0.64188784,0.6319038,0.63874894,0.6310868,0.6295307,0.6338516,0.638069,0.63865644,0.6420746,0.6390979,0.6525818,0.6416891,0.63295144,0.6400681,0.6269004,0.633973,0.63900477,0.632595,0.63728094,0.6295202,0.63556784,0.63751614,0.6363941,0.63830733,0.63769794,0.63493997,0.6334916,0.6350266,0.64012015,0.63884103,0.6388285,0.62766516,0.6365037,0.6344658,0.6323886,0.640775,0.63838035,0.6354259,0.63809264,0.6389882,0.6294174,0.6389166,0.6354975,0.63749325,0.64172304,0.6292936,0.6338725,0.63094985,0.62492704,0.63352495,0.63138556,0.6318386,0.6348409,0.6312637,0.6366209,0.63099486,0.63152266,0.63839275,0.63817894,0.63454854,0.6324877,0.6311017,0.6391748,0.64683133,0.64447474,0.6376336,0.6347821,0.63822454,0.6367107,0.62979436,0.633578,0.6407623,0.63542396,0.6313421,0.63329434,0.6346677,0.6302017,0.63268554,0.631689,0.6375068,0.6393859,0.6351417,0.6411061,0.64173263,0.63346833,0.6429885,0.6363069,0.6362947,0.6287743,0.63408285,0.6454184,0.6303465,0.6369603,0.63728637,0.6327249,0.630473,0.6442519,0.63682294,0.6246424,0.6370548,0.6389233,0.6331579,0.6304025,0.6361416,0.6268255,0.6359982,0.6416974,0.62815017,0.6366925,0.6391705,0.633886,0.6411416,0.62845653,0.6329592,0.6431688,0.6382178,0.6375883,0.63656,0.6337222,0.6305551,0.63726753,0.633888,0.6325594,0.6258538,0.63652945,0.6361238,0.6382488,0.6407866,0.63617766,0.636275,0.63258386,0.63273054,0.6343373,0.6392319,0.6392495,0.62870294,0.63402647,0.63648725,0.63261366,0.6401576,0.6373536,0.6334986,0.6321723,0.6418179,0.6292227,0.64011896,0.6357082,0.6367569,0.64217335,0.6386448,0.6260084,0.6412491,0.6323288,0.63219655
0.0,0.0,0.0,0.0,0.0,0.0,0.0,0.0,0.0,0.0,0.0,0.0,0.0,0.0,0.0,0.0,0.0,0.0,0.0,0.0,0.0,0.0,0.0,0.0,0.0,0.0,0.0,0.0,0.0,0.0,0.0,0.0,0.0,0.0,0.0,0.0,0.0,0.0,0.0,0.0,0.0,0.0,0.0,0.0,0.0,0.0,0.0,0.0,0.0,0.0,0.0,0.0,0.0,0.0,0.0,0.0,0.0,0.0,0.0,0.0,0.0,0.0,0.0,0.0,0.0,0.0,0.0,0.0,0.0,0.0,0.0,0.0,0.0,0.0,0.0,0.0,0.0,0.0,0.0,0.0,0.0,0.0,0.0,0.0,0.0,0.0,0.0,0.0,0.0,0.0,0.0,0.0,0.0,0.0,0.0,0.0,0.0,0.0,0.0,0.0,0.0,0.0,0.0,0.0,0.0,0.0,0.0,0.0,0.0,0.0,0.0,0.0,0.0,0.0,0.0,0.0,0.0,0.0,0.0,0.0,0.0,0.0,0.0,0.0,0.0,0.0,0.0,0.0,0.0,0.0,0.0,0.0,0.0,0.0,0.0,0.0,0.0,0.0,0.0,0.0,0.0,0.0,0.0,0.0,0.0,0.0,0.0,0.0,0.0,0.0,0.0,0.0,0.0,0.0,0.0,0.0,0.0,0.0,0.0,0.0,0.0,0.0,0.0,0.0,0.0,0.0,0.0,0.0,0.0,0.0,0.0,0.0,0.0,0.0,0.0,0.0,0.0,0.0,0.0,0.0,0.0,0.0,0.0,0.0,0.0,0.0,0.0,0.0,0.0,0.0,0.0,0.0,0.0,0.0,0.0,0.0,0.0,0.0,0.0,0.0,0.0,0.0,0.0,0.0,0.0,0.0,0.0,0.0,0.0,0.0,0.0,0.0,0.0,0.0,0.0,0.0,0.0,0.0,0.0,0.0,0.0,0.0,0.0,0.0,0.0,0.0,0.0,0.0,0.0,0.0,0.0,0.0,0.0,0.0,0.0,0.0,0.0,0.0,0.0,0.0,0.0,0.0,0.0,0.0,0.0,0.0,0.0,0.0,0.0,0.0,0.0,0.0,0.0,0.0,0.0,0.0,0.0,0.0,0.0,0.0,0.0,0.0,0.0,0.0,0.0,0.0,0.0,0.0,0.0,0.0,0.0,0.0,0.0,0.0,0.0,0.0,0.0,0.0,0.0,0.0,0.0,0.0,0.0,0.0,0.0,0.0,0.0,0.0,0.0,0.0,0.0,0.0,0.0,0.0,0.0,0.0,0.0,0.0,0.0,0.0,0.0,0.0,0.0,0.0,0.0,0.0,0.0,0.0,0.0,0.0,0.0,0.0,0.0,0.0,0.0,0.0,0.0,0.0,0.0,0.0,0.0,0.0,0.0,0.0,0.0,0.0,0.0,0.0,0.0,0.0,0.0,0.0,0.0,0.0,0.0,0.0,0.0,0.0,0.0,0.0,0.0,0.0,0.0,0.0,0.0,0.0,0.0,0.0,0.0,0.0,0.0,0.0,0.0,0.0,0.0,0.0,0.0,0.0,0.0,0.0,0.0,0.0,0.0,0.0,0.0,0.0,0.0,0.0,0.0,0.0,0.0,0.0,0.0,0.0,0.0,0.0,0.0,0.0,0.0,0.0,0.0,0.0,0.0,0.0,0.0,0.0,0.0,0.0,0.0,0.0,0.0,0.0,0.0,0.0,0.0,0.0,0.0,0.0,0.0,0.0,0.0,0.0,0.0,0.0,0.0,0.0,0.0,0.0,0.0,0.0,0.0,0.0,0.0,0.0,0.0,0.0,0.0,0.0,0.0,0.0,0.0,0.0,0.0,0.0,0.0,0.0,0.0,0.0,0.0,0.0,0.0,0.0,0.0,0.0,0.0,0.0,0.0,0.0,0.0,0.0,0.0,0.0,0.0,0.0,0.0,0.0,0.0,0.0,0.0,0.0,0.0,0.0,0.0,0.0,0.0,0.0,0.0,0.0,0.0,0.0,0.0,0.0,0.0,0.0,0.0,0.0,0.0,0.0,0.0,0.0,0.0,0.0,0.0,0.0,0.0,0.0,0.0,0.0,0.0,0.0,0.0,0.0,0.0,0.0,0.0,0.0,0.0,0.0,0.0,0.0,0.0,0.0,0.0,0.0,0.0,0.0,0.0,0.0,0.0,0.0,0.0,0.0,0.0,0.0,0.0,0.0,0.0,0.0,0.0,0.0,0.0,0.0,0.0,0.0,0.0,0.0,0.0,0.0,0.0,0.0,0.0,0.0,0.0,0.0,0.0,0.0,0.0,0.0,0.0,0.0,0.0,0.0,0.0,0.0,0.0,0.0,0.0,0.0,0.0,0.0,0.0,0.0,0.0,0.0,0.0,0.0,0.0,0.0,0.0,0.0,0.0,0.0,0.0,0.0,0.0,0.0,0.0,0.0,0.0,0.0,0.0,0.0,0.0,0.0,0.0,0.0,0.0,0.0,0.0,0.0,0.0,0.0,0.0,0.0,0.0,0.0,0.0,0.0,0.0,0.0,0.0,0.0,0.0,0.0,0.0,0.0,0.0,0.0,0.0,0.0,0.0,0.0,0.0,0.0,0.0,0.0,0.0,0.0,0.0,0.0,0.0,0.0,0.0,0.0,0.0,0.0,0.0,0.0,0.0,0.0,0.0,0.0,0.0,0.0,0.0,0.0,0.0,0.0,0.0,0.0,0.0,0.0,0.0,0.0,0.0,0.0,0.0,0.0,0.0,0.0,0.0,0.0,0.0,0.0,0.0,0.0,0.0,0.0,0.0,0.0,0.0,0.0,0.0,0.0,0.0,0.0,0.0,0.0,0.0,0.0,0.0,0.0,0.0,0.0,0.0,0.0,0.0,0.0,0.0,0.0,0.0,0.0,0.0,0.0,0.0,0.0,0.0,0.0,0.0,0.0,0.0,0.0,0.0,0.0,0.0,0.0,0.0,0.0,0.0,0.0,0.0,0.0,0.0,0.0,0.0,0.0,0.0,0.0,0.0,0.0,0.0,0.0,0.0,0.0,0.0,0.0,0.0,0.0,0.0,0.0,0.0,0.0,0.0,0.0,0.0,0.0,0.0,0.0,0.0,0.0,0.0,0.0,0.0,0.0,0.0,0.0,0.0,0.0,0.0,0.0,0.0,0.0,0.0,0.0,0.0,0.0,0.0,0.0,0.0,0.0,0.0,0.0,0.0,0.0,0.0,0.0,0.0,0.0,0.0,0.0,0.0,0.0,0.0,0.0,0.0,0.0,0.0,0.0,0.0,0.0,0.0,0.0,0.0,0.0,0.0,0.0,0.0,0.0,0.0,0.0,0.0,0.0,0.0,0.0,0.0,0.0,0.0,0.0,0.0,0.0,0.0,0.0,0.0,0.0,0.0,0.0,0.0,0.0,0.0,0.0,0.0,0.0,0.0,0.0,0.0,0.0,0.0,0.0,0.0,0.0,0.0,0.0,0.0,0.0,0.0,0.0,0.0,0.0,0.0,0.0,0.0,0.0,0.0,0.0,0.0,0.0,0.0,0.0,0.0,0.0,0.0,0.0,0.0,0.0,0.0,0.0,0.0,0.0,0.0,0.0,0.0,0.0,0.0,0.0,0.0,0.0,0.0,0.0,0.0,0.0,0.0,0.0,0.0,0.0,0.0,0.0,0.0,0.0,0.0,0.0,0.0,0.0,0.0,0.0,0.0,0.0,0.0,0.0,0.0,0.0,0.0,0.0,0.0,0.0,0.0,0.0,0.0,0.0,0.0,0.0,0.0,0.0,0.0,0.0,0.0,0.0,0.0,0.0,0.0,0.0,0.0,0.0,0.0,0.0,0.0,0.0,0.0,0.0,0.0,0.0,0.0,0.0,0.0,0.0,0.0,0.0,0.0,0.0,0.0,0.0,0.0,0.0,0.0,0.0,0.0,0.0,0.0,0.0,0.0,0.0,0.0,0.0,0.0,0.0,0.0,0.0,0.0,0.0,0.0,0.0,0.0,0.0,0.0,0.0,0.0,0.0,0.0,0.0,0.0,0.0,0.0,0.0,0.0,0.0,0.0,0.0,0.0,0.0,0.0,0.0,0.0,0.0,0.0,0.0,0.0,0.0,0.0,0.0,0.0,0.0,0.0,0.0,0.0,0.0,0.0,0.0,0.0,0.0,0.0,0.0,0.0,0.0,0.0,0.0,0.0,0.0,0.0,0.0,0.0,0.0,0.0,0.0,0.0,0.0,0.0,0.0,0.0,0.0,0.0,0.0,0.0,0.0,0.0,0.0,0.0,0.0,0.0,0.0,0.0,0.0,0.0,0.0,0.0,0.0,0.0,0.0,0.0,0.0,0.0,0.0,0.0,0.0,0.0,0.0,0.0,0.0,0.0,0.0,0.0,0.0
1.0218143,1.0111895,1.0187566,1.0202444,1.0138254,1.0179454,1.0236046,1.0205903,1.0177214,1.0171144,1.0241348,1.0184987,1.0184919,1.0207003,1.0214669,1.0203403,1.020488,1.0204535,1.0164518,1.0257584,1.0179304,1.0218928,1.0213794,1.0203578,1.0238763,1.0254465,1.0172938,1.0180451,1.0179662,1.0277703,1.0195887,1.0255555,1.0199986,1.0160683,1.0125287,1.0259364,1.0298876,1.0238034,1.0225095,1.0243788,1.0162288,1.0160468,1.0220383,1.0220429,1.0279042,1.0228976,1.0162371,1.0207033,1.0213428,1.0189523,1.0192045,1.020575,1.0249356,1.0169617,1.018487,1.0233356,1.0169683,1.0206184,1.0216148,1.0132792,1.0219567,1.0212986,1.0181055,1.0266469,1.0194948,1.0215048,1.0191033,1.0200648,1.0216897,1.0188512,1.0198231,1.0233635,1.0163254,1.0206897,1.0230373,1.0204469,1.0245217,1.0189812,1.0211802,1.0262315,1.0278466,1.0193492,1.0141305,1.009367,1.0179209,1.019822,1.0231292,1.0176072,1.0214558,1.0217112,1.0286033,1.020586,1.0180528,1.0187852,1.0218568,1.0152882,1.0247273,1.0163329,1.0198233,1.0209681,1.0284874,1.0186669,1.0188975,1.0147856,1.0161407,1.025022,1.0260832,1.0224303,1.0234452,1.021942,1.0153356,1.0216136,1.016202,1.0191594,1.0246726,1.0201273,1.0224167,1.0282536,1.0163587,1.0231615,1.025774,1.0195991,1.0201389,1.0259268,1.0185523,1.0223373,1.0243418,1.019971,1.0137137,1.0212418,1.0219748,1.0206763,1.0253266,1.0262855,1.0198346,1.0218455,1.0176402,1.0196116,1.0177649,1.0263346,1.0195607,1.024712,1.0211092,1.0191116,1.0215399,1.0198547,1.0268785,1.0212525,1.0172179,1.0219885,1.0231941,1.022163,1.0221126,1.0242642,1.0280597,1.022197,1.0198039,1.0232699,1.0195649,1.0172757,1.0194916,1.0248549,1.0250481,1.0293841,1.0180366,1.0215155,1.0252768,1.0207814,1.0229288,1.0244066,1.0170105,1.019444,1.0205017,1.0204196,1.0223385,1.0208002,1.0191723,1.0213236,1.0175191,1.0227113,1.0212249,1.0236691,1.0239513,1.021584,1.0230182,1.0195856,1.0175331,1.0260211,1.0283993,1.0316256,1.022956,1.024099,1.0204272,1.0224769,1.0241348,1.0195677,1.0224038,1.0214418,1.0223042,1.0236149,1.0211763,1.0167274,1.0268131,1.0281469,1.0195364,1.0171921,1.0198073,1.0148008,1.0257066,1.0196915,1.021965,1.0188897,1.0158272,1.0157905,1.022949,1.0263407,1.0220114,1.0183991,1.0186973,1.0226616,1.0187427,1.0280445,1.0271387,1.0196359,1.0245328,1.0227902,1.0276316,1.0104558,1.018892,1.0224153,1.0249376,1.021454,1.0158639,1.0193734,1.0262661,1.0243498,1.0275635,1.0149702,1.0246924,1.018729,1.0205023,1.0211561,1.0154675,1.0191553,1.0259376,1.0184659,1.0233293,1.0229868,1.0247389,1.0254647,1.0259848,1.0215162,1.0259103,1.0293521,1.0162121,1.0163119,1.0168833,1.0162574,1.0192827,1.0189135,1.0215029,1.0165184,1.018812,1.0212141,1.0184603,1.0221022,1.0228922,1.0243291,1.0251068,1.0168138,1.0241652,1.0253536,1.0199379,1.0218494,1.0222437,1.0205123,1.0204337,1.0187361,1.0239326,1.0231481,1.0137329,1.0241296,1.0187759,1.0259258,1.0209429,1.0221251,1.0240555,1.0228319,1.0139636,1.0239257,1.0173345,1.0256075,1.0207461,1.0198944,1.0172986,1.0234824,1.0240512,1.0193325,1.0216653,1.0207975,1.0180936,1.023525,1.0288966,1.0222768,1.0203096,1.0221082,1.0226992,1.0185169,1.0156026,1.0301363,1.0148506,1.0160267,1.024227,1.026752,1.0165858,1.0207347,1.0180426,1.0181458,1.0211378,1.0209597,1.0200179,1.0251169,1.019753,1.011675,1.0216004,1.0145459,1.0184232,1.0199821,1.0180444,1.0199672,1.0307395,1.0200373,1.0255204,1.0203979,1.0192461,1.0211,1.023117,1.0274732,1.0255063,1.0205765,1.0247201,1.013699,1.0255768,1.0281371,1.0249145,1.0234417,1.0198923,1.0259932,1.017214,1.0212202,1.0123078,1.020877,1.0199742,1.0206825,1.0235317,1.0153745,1.0219507,1.0234537,1.0182531,1.0259649,1.023324,1.0208192,1.0196205,1.0172069,1.0207413,1.0195185,1.0232215,1.0154243,1.0219184,1.0222448,1.0198478,1.0150914,1.0245702,1.030813,1.0243789,1.014111,1.0251807,1.0175322,1.0274796,1.0202292,1.0193332,1.0212637,1.019348,1.0231161,1.0147493,1.0251642,1.0150126,1.0217311,1.0295373,1.0226436,1.0244069,1.0172877,1.0133127,1.0206991,1.0202135,1.0213951,1.0202218,1.0182071,1.0157863,1.0256355,1.0220959,1.0155858,1.0301834,1.0190532,1.0193396,1.0107836,1.0201869,1.0170435,1.0182072,1.0227529,1.0211182,1.0199679,1.0240319,1.022493,1.0144641,1.0212655,1.0249499,1.0047138,1.0238279,1.0218656,1.0254457,1.0215226,1.0195601,1.0171657,1.0218097,1.0231006,1.0250229,1.0163915,1.0186092,1.018211,1.0222992,1.0261201,1.0175953,1.021599,1.033175,1.0239997,1.019526,1.0185478,1.0152931,1.0205535,1.021299,1.0258315,1.0193123,1.0245899,1.0198728,1.0159016,1.0229343,1.0166314,1.0203707,1.0203638,1.0200095,1.0222019,1.0178958,1.025937,1.0201964,1.0305744,1.0183696,1.0180532,1.0190834,1.022774,1.0185128,1.0229967,1.0227178,1.0233312,1.0148854,1.0142481,1.0251822,1.020833,1.0198762,1.0178881,1.0209794,1.0213844,1.0242044,1.0132439,1.0213331,1.0152386,1.0173765,1.0137311,1.0235958,1.0230528,1.0243729,1.0203,1.0179532,1.017154,1.0253441,1.0237958,1.0200814,1.0188792,1.0244843,1.0182103,1.026031,1.0238537,1.0168506,1.0176566,1.0214792,1.0219128,1.0280327,1.0149977,1.0227838,1.0205437,1.0186093,1.0125779,1.0203309,1.0249609,1.027156,1.0227182,1.0184871,1.0192214,1.0209352,1.0207417,1.0229135,1.0151962,1.0185865,1.0197428,1.0216851,1.0187889,1.031491,1.0249158,1.0205858,1.0135875,1.0174091,1.0250804,1.0211434,1.0220097,1.0214964,1.0121927,1.0226022,1.0242349,1.0260508,1.0208287,1.0172502,1.020906,1.0173923,1.018292,1.0253204,1.0246302,1.021092,1.024414,1.0219,1.0278163,1.021027,1.0263789,1.0202862,1.024612,1.0221455,1.0172582,1.0113728,1.0176075,1.0220743,1.0192363,1.0174502,1.0193318,1.0161854,1.0200559,1.0211755,1.0183414,1.0143111,1.0261908,1.0207818,1.0192679,1.0197527,1.0102539,1.0265115,1.0170906,1.021081,1.0244869,1.0209897,1.0226547,1.0160944,1.0184611,1.0265335,1.0220989,1.0186431,1.0178534,1.0182545,1.0204234,1.0259769,1.0272949,1.0258807,1.0157517,1.0155373,1.0185483,1.0254525,1.0170976,1.0246215,1.0248531,1.0206532,1.0239496,1.0257763,1.0179402,1.0104259,1.0173572,1.0282233,1.0172685,1.019938,1.0186969,1.0210866,1.0263281,1.0204717,1.0165348,1.0208826,1.0197687,1.026386,1.0204303,1.0233452,1.0250834,1.0226626,1.0190898,1.0217614,1.0199167,1.0243101,1.0230277,1.0215615,1.0231537,1.0215571,1.0186741,1.0263497,1.0203198,1.0173228,1.0283478,1.0247641,1.0254946,1.0335884,1.0245332,1.0217239,1.0213261,1.019061,1.0193293,1.0208665,1.0271876,1.0200105,1.0201291,1.0194148,1.0191822,1.0227402,1.0167944,1.0212178,1.0218099,1.02272,1.0172201,1.0203888,1.0225312,1.0238482,1.0280223,1.0225564,1.0211722,1.020324,1.0182905,1.0240728,1.0230387,1.0209169,1.0218148,1.0248898,1.02301,1.0265268,1.0182068,1.0197031,1.0215406,1.0112548,1.0161692,1.0251863,1.0253675,1.0201777,1.0291212,1.0151465,1.0179144,1.0208308,1.0216235,1.020261,1.0232564,1.0181832,1.017349,1.0213286,1.0216242,1.0270953,1.023911,1.0227557,1.0187732,1.0214915,1.0122912,1.0173476,1.0174658,1.0121669,1.0225432,1.0166523,1.0111582,1.0183425,1.0229719,1.0170777,1.0234858,1.0209366,1.0199746,1.0184188,1.0199956,1.0172604,1.0227813,1.0232847,1.0237943,1.0167971,1.020343,1.0283597,1.0143086,1.024346,1.0246606,1.0160825,1.0227679,1.0215944,1.0186335,1.0122889,1.0150416,1.0220652,1.0196868,1.020189,1.0146304,1.0201341,1.0272303,1.0192746,1.0201862,1.0208664,1.0207164,1.0200238,1.0321499,1.0208546,1.0250943,1.0151731,1.0161442,1.0203552,1.0194287,1.0123241,1.022247,1.0171802,1.0240467,1.0255198,1.024323,1.0201814,1.0138288,1.0172322,1.0172237,1.0260227,1.0209345,1.0218456,1.0224054,1.0229049,1.0211896,1.0185589,1.0208397,1.0232882,1.0239741,1.0255963,1.0245707,1.01883,1.0165,1.0217249,1.020155,1.0205616,1.0164394,1.0214026,1.0235448,1.0242112,1.0187057,1.0183388,1.0182037,1.0171615,1.0155157,1.0178695,1.0254859,1.0239494,1.0180755,1.0244362,1.0270361,1.0241776,1.0172541,1.0225469,1.0257841,1.0209982,1.0182563,1.0185249,1.0140862,1.022145,1.0177615,1.0251743,1.0081251,1.018445,1.0286041,1.0202663,1.0255744,1.0113335,1.0152231,1.0219575,1.0231224,1.0207074,1.0239531,1.0204641,1.0181754,1.0239191,1.0203481,1.0190977,1.0181773,1.0249407,1.0217098,1.017659,1.0142956,1.0200156,1.0221391,1.019249,1.024293,1.0168052,1.0172197,1.0175403,1.0233979,1.0192775,1.0257013,1.0226732,1.0177847,1.017248,1.0216154,1.0223701,1.0228494,1.0255349,1.0122553,1.0212274,1.0287,1.0277654,1.0243431,1.0245545,1.0239019,1.0252646,1.0247867,1.0201178,1.0247629,1.024926,1.021387,1.0208942,1.0206006,1.0151359,1.0236012,1.0175488,1.0180236,1.0180792,1.0134484,1.0169132,1.0205957,1.0260906,1.0170246,1.0182235,1.0194407,1.0222658,1.0147101,1.0192447,1.0192682,1.0154282,1.0211303,1.0205231,1.0216433,1.0231434,1.027834,1.032102,1.0235366,1.0182998,1.0224234,1.0192301,1.0277903,1.023351,1.0177027,1.0203493,1.0212458,1.0151595,1.0219346,1.0203912,1.0222026,1.0261248,1.0228726,1.0198835,1.0216327,1.0181335,1.0227435,1.0201865,1.0183531,1.0204246,1.0124242,1.016032,1.0292674,1.0231023,1.0262325,1.0241029,1.0271552,1.0188861,1.0245147,1.0203205,1.030111,1.025193,1.0209363,1.0210212,1.0234783,1.0142523,1.0174904,1.0178744,1.0160178,1.0207239,1.0192182,1.022629,1.014151,1.020817,1.0256433,1.020628,1.0209907,1.0190761,1.0187283,1.0268136,1.023367,1.0197473,1.0226039,1.0194359,1.0175935,1.0140016,1.011634,1.0193629,1.0222334,1.0205601,1.0246531,1.0279539,1.0209332,1.0228612,1.0200002,1.017609,1.0243268,1.026733,1.0205418,1.0207587,1.0285295,1.0161642,1.022223,1.0201308,1.018148,1.0158334,1.0277125,1.0266808,1.0186205,1.0208192,1.0154556,1.0176944,1.0111434,1.0253958,1.0205193,1.0119894,1.0234014,1.0227585,1.0161386,1.0152929,1.0183564,1.0125893,1.0197086,1.0157062,1.0138632,1.0226711,1.0218817,1.0201309,1.0207734,1.0188587,1.0251942,1.0270064,1.0207887,1.0206534,1.0159804,1.0180018,1.0177861,1.0158228,1.0213737,1.0156868,1.016515,1.0206311,1.0275029,1.0252097,1.0272917,1.0177081,1.0154434,1.0196439,1.019712,1.0219967,1.0199093,1.0263594,1.0194999,1.0194395,1.018485,1.0203193,1.0213908,1.020461,1.0231459,1.0232992,1.0199682,1.0158181,1.0203035,1.0196229,1.0270317,1.0279062,1.0250977,1.0208151,1.0231357,1.0160218,1.0152817
0.99866575,0.9990985,0.99639803,0.99160016,0.9993579,0.9974011,0.9921373,0.99353725,0.9866472,0.996679,0.995524,0.99248755,0.99828124,0.99763304,0.99722725,0.9951967,0.99687016,0.9966009,0.99169016,1.0027579,0.9946306,0.9951629,0.994865,0.999767,0.9990317,0.9996927,0.98984694,0.99631405,0.9892437,0.9960756,0.9968284,0.9943726,1.002542,0.99698216,0.99852014,1.0051343,0.99785316,0.99685377,0.9909861,1.0026506,0.9992953,0.9983328,0.99596447,0.9939181,0.99852157,1.0022274,0.9894186,0.994795,0.9967304,0.9951499,0.99717194,0.9961158,0.99898756,0.994412,0.99782205,1.0015028,0.9931705,0.9882896,0.99266374,1.0014575,0.9926378,0.9967232,1.001058,0.9988055,0.994312,0.99770254,0.995089,0.9944982,1.0035652,0.99925995,0.9945437,0.9987798,0.9877617,0.9900829,1.0011024,0.9985449,0.9914712,0.9954585,0.99040514,0.9959136,0.99910235,0.9950718,0.99196804,0.9948048,0.99834555,0.99593645,1.0008812,0.98702645,0.9982307,0.99938864,0.99382037,0.9968244,0.99329066,0.9994066,0.992891,0.9942776,1.0016329,0.99188447,0.9902711,0.9968599,0.9967136,0.9931517,0.98943245,0.9993217,0.9966074,1.0012716,0.9965795,0.9944793,0.99926037,0.99899185,1.0017276,1.000292,0.9979452,1.0041771,0.9937456,0.99169916,0.9971459,0.9972256,0.9966016,0.99143785,0.9994872,0.99936527,0.9935795,0.9969563,0.9933286,1.0006732,0.9977667,0.99407905,0.9941157,1.0010483,0.99457145,0.9962537,0.99934185,0.99489737,0.992527,1.0007122,0.9964014,0.9989783,0.9955755,0.99199396,0.99941415,0.99610996,0.9974918,0.99928635,0.9977226,0.99477047,0.99780476,0.99682814,0.99817455,0.9970088,0.9929727,0.99878967,0.9952106,1.0063218,0.9968035,0.9946881,1.0011169,0.9961528,0.99418616,0.9963501,0.99877554,0.9921875,0.9997223,1.0019966,0.9958583,0.9960603,1.0018163,0.99449617,0.9908945,0.99868846,1.0009416,0.9931691,0.99009293,0.9943726,0.9892293,0.998496,0.99600244,0.9979329,0.9879088,1.000977,0.99758756,0.99867874,0.9954436,1.0006124,0.9977126,1.0063176,0.9881138,1.000502,0.99334276,0.9998164,0.9953424,0.99955034,0.9932283,0.9981798,0.9930702,0.9928116,0.99914485,0.99643385,0.9906481,1.0003103,0.9956804,0.99309117,0.9960558,0.9960194,0.98575413,0.9958293,1.0026752,0.99319386,0.9962749,0.9990821,1.0035377,1.0047008,0.98933935,0.987344,1.003978,0.99469507,0.99743736,0.99497724,0.9937709,1.0026631,0.9955527,0.99941176,0.9968489,0.9951345,0.99927545,0.99113464,1.0037562,1.0002308,0.9938331,1.0051104,0.99008536,0.9998935,0.9960879,0.9926646,0.9944411,0.9990274,0.9937694,0.99767405,0.9992985,0.996496,0.99878323,0.99253553,0.98444283,0.9901431,1.0001221,0.9981044,0.99677193,0.9970754,1.0021296,0.9964079,1.0046414,0.993367,1.002222,0.98930967,0.9954183,1.0016781,0.9975009,0.9959599,0.9951427,1.0012105,0.9999353,0.9977005,0.98795336,0.99508566,1.0000261,0.9914978,0.9907749,0.991193,1.0081936,0.990957,0.9945045,0.99366635,0.99520725,0.99088204,0.9947732,0.99478483,0.9943958,0.9947289,0.9902114,0.9979144,0.9928419,0.9993904,0.99234205,0.99519956,0.98831755,0.9958851,0.99934554,0.9968719,0.9943646,1.0022517,0.99999833,1.0036631,1.0045242,0.9966123,0.9990622,0.99739254,0.99411774,1.0035717,0.9870633,1.0035397,0.99143237,0.9954388,0.9921223,0.99808294,0.99788857,0.99357086,1.0020671,0.9961684,0.9889159,0.997867,0.9985752,0.99636894,1.0009288,1.0003419,0.99622834,1.0015442,0.999665,0.9936872,0.9954459,1.0014251,0.99036956,0.9982642,0.9964709,0.9907009,0.9960593,1.00289,1.0006758,0.99681026,0.997642,0.990301,1.0004663,0.99471915,1.0009468,0.9922966,0.99475735,0.999769,0.99502164,0.9915502,0.99268353,0.997336,1.0012282,0.995876,1.0000864,0.9978968,0.99308264,0.99805224,0.9998272,0.99781585,0.98766077,0.9958453,1.0065634,0.9947277,0.9934491,1.0001463,1.00411,0.996648,0.99520683,0.9921182,0.9974887,0.99745315,0.99511427,0.9939271,0.9889456,0.99621683,1.0015764,0.99771225,0.99962974,0.9957864,0.99750584,0.9971285,0.9939979,0.9945334,0.9914055,0.9974669,0.9944571,1.0001011,1.0059376,1.0008711,1.0035808,0.99639595,0.9935999,0.9950102,0.99681616,0.99418867,0.99018663,1.0019517,0.9971987,1.0015016,0.9972692,1.0028888,0.9967577,0.9955368,0.9994839,0.99705577,0.992703,0.98755974,0.99799305,1.0060426,0.99352276,0.99640566,1.0067348,0.9875697,0.9970639,0.9979497,1.0017211,1.0015376,0.9862664,0.99589056,1.0049386,0.998804,0.9932037,0.99303836,0.99543226,0.9935739,1.0031352,0.99667054,0.99653304,0.9988459,0.99127096,1.0030931,0.9937599,0.99303126,1.0014969,0.99330455,1.0087453,1.005513,1.0014122,0.99539036,0.9982389,1.0007936,0.9938726,1.001717,0.9931367,0.9949599,0.99901307,1.0103278,0.98961294,0.99738836,0.99686617,1.0005714,0.9908121,0.99819344,0.9959947,0.99637836,1.0005789,0.9903365,1.0009192,1.0004896,0.99820983,0.9925933,0.9978636,1.001145,1.0030967,1.0009567,1.001509,0.9963246,0.99662036,0.9946687,0.9984049,0.99392384,0.9925681,0.9932211,0.997777,1.0009578,0.99794877,1.0005782,1.0019786,0.9942724,0.98986167,1.0004556,0.9959665,1.0016992,0.98712707,0.9967819,0.99862474,0.996025,1.0016649,0.99626267,0.9961344,1.0093824,0.9951238,0.9856311,0.9985145,0.99414957,1.0023111,0.9997482,0.9968518,0.99288386,0.995316,0.9979818,1.0050771,0.9978578,0.99323165,1.0010147,0.99827075,0.99176973,0.9968335,0.9959973,0.9924741,0.9968795,0.99641097,0.9941352,0.99486697,0.9944333,0.998918,1.0000852,0.9909335,0.9923893,0.9927132,0.9997863,0.99156004,0.98993534,1.0017947,0.9965202,0.9935251,0.99230677,0.9977562,0.99406147,0.9993124,0.9974579,0.9908327,0.9995449,0.9966317,0.99895024,0.9994334,0.9889202,0.9959066,0.9977969,0.9967402,0.9968685,0.99143296,1.0040405,0.99446017,0.99537617,0.9961439,0.99163836,1.0016205,0.9898689,1.0022149,1.0008466,1.000625,0.99824417,0.99928355,1.0051183,0.99099284,0.99287546,0.9913022,0.9940132,0.9975832,0.9925529,1.0009208,0.990119,1.0013338,0.99364895,0.99011284,0.99641067,0.9852891,1.001549,0.99200696,0.9954072,0.9914159,0.9877062,1.0026752,0.99218565,1.0003148,1.0015234,0.9952638,1.001898,1.0013758,0.9977548,0.9914718,1.0024893,0.9943283,0.9958348,0.9993552,0.9963238,1.000445,1.0047905,1.0011933,0.9945862,0.9942641,0.9995249,1.0008554,0.98450696,0.99609524,1.0047824,0.99232507,0.99868816,0.9926525,1.0007737,0.9917239,0.9879361,1.0061655,0.99903196,0.989984,0.98978376,0.98994845,1.0022143,0.98282766,0.99697745,1.001979,0.9908904,0.9941842,0.9927757,1.0001297,1.0021193,1.0030115,0.9945946,0.9964221,1.002773,0.99930435,0.9975161,0.9971764,1.0028023,0.9988616,0.99923277,0.99981403,0.99417204,0.99592197,0.99088705,0.9998964,0.99518615,1.0038984,0.99976224,0.9973106,0.9987418,0.99231756,0.9931736,0.99029684,0.99442434,0.99532527,0.9960686,0.9934435,1.0022392,0.99818295,0.9952863,0.99350065,0.9992952,0.99719244,0.99524915,0.99906504,1.0010188,0.9942684,1.0004022,0.9958446,0.9956018,0.9921342,0.98994577,0.9904473,0.99721944,0.9977573,0.9969699,0.9942497,0.99889994,0.9888917,0.99025303,0.99166185,0.99749583,0.98835963,0.9948027,0.99646497,0.99046105,0.9945832,1.0012046,0.99365664,0.99401253,0.9952098,0.99681,0.9999643,0.9953436,1.0042305,0.9991027,1.0031158,0.9924675,1.0066421,0.99127406,0.9967321,0.9922162,0.9879658,1.0004998,0.9899585,0.9971269,0.9986062,1.005332,0.9920328,0.99138874,0.9969324,0.99506164,0.9951437,1.0025893,0.990194,0.9957708,0.9957605,1.0010988,0.98615277,0.9927877,1.0037583,0.9961709,0.99848,0.9911564,1.0082221,0.9942784,1.0032033,1.0035245,0.99506027,1.0003874,1.0068251,1.0000392,0.99401546,0.9855202,1.0048429,0.9959305,0.9948204,0.99454635,1.0006516,0.9987337,0.99664414,1.0001152,1.0036992,0.9951894,1.0026162,1.0051551,0.9958145,0.98906446,0.9958012,0.9969651,0.99992204,1.0012943,0.98963535,0.98959196,0.9939055,0.99141514,0.9950869,0.9922308,1.0066731,0.99395365,0.9979277,0.9963181,0.9930657,0.9996344,0.99766845,1.0062429,0.99894273,1.0016804,0.99981546,0.99682266,1.0039071,0.9996123,1.005803,0.9998416,0.99736345,0.9950007,0.99948657,0.99221176,0.9994452,1.0041566,0.9867993,0.99333113,1.004935,0.99421155,1.0022556,0.9922167,0.9983451,0.9937257,0.9989755,1.0001053,1.0042955,1.0045855,0.99673504,1.0028126,1.0012864,0.9940825,1.0002384,1.0051508,0.99478334,0.99449426,0.99731,0.9974147,0.991124,1.0031204,0.9964615,0.9866042,0.99793166,1.0027198,1.0028439,0.999881,0.9929179,0.99490684,0.99508524,0.9945548,0.9964824,0.995802,0.99874026,1.0029479,0.99320537,1.0005115,0.997672,0.9971594,1.0004323,0.9996075,0.99248075,0.9904004,0.9927953,1.0006019,0.99026066,0.99587077,0.9967971,1.0040324,0.9951078,0.9952258,1.0019933,0.98820484,0.99562114,0.9937643,0.9890654,0.9885025,0.98992133,0.9904642,0.9923374,0.997167,1.001995,1.0017309,0.9985137,0.9983774,1.00291,0.98931605,1.0025269,0.9926966,0.9918808,0.9977659,0.9940547,1.0015659,0.99686027,0.9943528,0.99717444,0.9957995,0.99535334,0.9989693,0.9968271,0.9939063,0.9948022,0.9908145,1.0029004,1.0013816,0.99379915,0.9945403,0.99963385,0.9939356,1.000017,0.98972595,0.99778336,0.99526495,0.9946091,0.9956801,0.99842274,0.9990253,1.0016847,0.9953043,0.99397093,0.9952277,0.9906168,0.9988846,1.002486,0.9886107,0.99809635,0.99336934,0.9909712,0.9874211,0.9944856,1.0091901,1.0000597,0.9957608,0.9924419,1.0020255,0.9928312,0.9949093,0.99832934,0.9972863,0.9913069,0.98981297,1.0008378,1.0024322,0.99515164,0.994072,0.99665105,1.0031403,1.0021945,0.9965085,0.99135864,0.99899507,0.99980223,0.99661326,0.9960764,0.99830425,0.99246985,1.0024992,0.99072516,1.0037189,0.99779886,0.9916289,1.0004371,1.0014174,0.9990434,0.9938322,0.9940298,0.9948946,0.9933505,0.9939018,1.00228,0.99279433,0.99905646,0.9884614,0.99425596,0.99416566,0.9956286,0.9959763,0.9961355,0.9881009,0.99499536,1.0001745,0.9950931,0.9976286,0.9901685,0.997332,1.0004915,0.9974589,1.001893,0.9914822,0.9936023,1.0001932,0.9907093,0.9921653,0.99226576,0.9943149,1.0011736,0.9954318,0.9958152,0.99900097,0.9924669,0.99033713,0.9953913,0.9973777,0.9944616,0.98980254,1.001716,0.99766344,0.9995047,0.9969941,0.99289393,0.9921296,0.9900364,0.98927695,0.99358785,0.9913783,1.0023894,0.99122006,0.99272066,0.9987298,0.99351776,0.9979514,1.005026,0.9975918,0.9982516,0.99444985,0.99613315,0.9987033,0.9957429,0.9997618,0.9977056,0.99629706,0.9906271,1.0035259,0.9967419,0.99554855,0.99555635,0.99550676,0.9994781,0.9965245,1.003585,0.99330646,1.0022699,0.9925522,0.9982127,0.99337125,0.99753076,0.9944949,1.0026348,0.9935745,0.999617,0.99847436,0.9989592,0.9952152,1.0014647,1.0018421,0.99838185,0.9880352,0.9959267,0.9965495,0.99668485,0.9938027
1.0997424,1.0955257,1.0909185,1.0883449,1.097079,1.0980343,1.0851866,1.0918626,1.0893248,1.0960659,1.0894259,1.0902957,1.0919397,1.0980755,1.0945528,1.0870805,1.0959035,1.0912225,1.0955198,1.0876474,1.081735,1.0909545,1.0921167,1.0969033,1.0965635,1.0930474,1.0891105,1.0846142,1.0953463,1.0841697,1.0946903,1.0867877,1.0918593,1.0878767,1.0912942,1.0932869,1.0912348,1.086772,1.0921348,1.0858516,1.0934933,1.0900961,1.0900425,1.0953342,1.0864993,1.0974824,1.0969244,1.0879153,1.0947206,1.100728,1.0942239,1.0941713,1.0912012,1.0871086,1.0881572,1.0992656,1.0930256,1.084778,1.091917,1.0920588,1.092971,1.0911304,1.0980315,1.0906683,1.0856938,1.092844,1.0880892,1.0928471,1.0937474,1.0880805,1.0933174,1.0881456,1.0898311,1.0893959,1.0946839,1.0935144,1.0966458,1.0881364,1.0912062,1.0912038,1.092538,1.0852182,1.0876096,1.1009563,1.0925026,1.0924938,1.0902225,1.0914012,1.0976496,1.0866051,1.091102,1.0820091,1.0994551,1.0915054,1.0906478,1.0959865,1.0899585,1.093291,1.0814041,1.0877055,1.0853744,1.0988239,1.0906373,1.0929277,1.092663,1.0875657,1.0959412,1.0939616,1.0919201,1.0948229,1.0938816,1.0962038,1.0901474,1.0937319,1.0961875,1.092685,1.0951458,1.094733,1.0844901,1.0877527,1.0888994,1.0880123,1.0937047,1.0859699,1.08893,1.0964922,1.0896904,1.0893444,1.0901744,1.0814301,1.0889443,1.0945717,1.0905223,1.0961496,1.096494,1.0920074,1.0927483,1.0899913,1.0950651,1.0914415,1.0914934,1.0952528,1.0857496,1.0903546,1.0910132,1.0868464,1.091139,1.0865153,1.100486,1.0928319,1.086893,1.0903424,1.0965255,1.0963609,1.087305,1.0861398,1.0935098,1.0860668,1.085508,1.0982665,1.0899717,1.0907305,1.0964231,1.0929654,1.0943817,1.0866561,1.0920928,1.0922924,1.0895042,1.0925318,1.093841,1.0922517,1.0877833,1.0881475,1.0955663,1.0939987,1.0877743,1.0955075,1.0864714,1.0934173,1.0906149,1.0832179,1.0935073,1.0912594,1.0913157,1.092912,1.0897825,1.090048,1.0915023,1.0897356,1.0945944,1.0853821,1.0877802,1.0968972,1.0828316,1.0888693,1.0884799,1.0881165,1.0856332,1.0875013,1.0886972,1.0880077,1.0862125,1.0919433,1.0881966,1.0878797,1.0896944,1.0944655,1.0896124,1.0908144,1.0808266,1.0897577,1.0889221,1.0867971,1.095527,1.0885003,1.0944636,1.0959395,1.0849253,1.0906358,1.0889083,1.0941596,1.0952474,1.1010196,1.0899246,1.0940696,1.0859805,1.0859976,1.0887468,1.0988921,1.0916367,1.0893972,1.095013,1.0873878,1.0898522,1.0914752,1.0876487,1.0884589,1.0967101,1.0983253,1.0895859,1.0959193,1.0907961,1.0902793,1.0894972,1.0885621,1.0860101,1.0908167,1.0898744,1.0919515,1.0896286,1.085853,1.093761,1.0909646,1.0906687,1.0920607,1.0869204,1.0877689,1.0929265,1.0985479,1.0892441,1.0868014,1.0896581,1.0925552,1.0906786,1.086523,1.0921124,1.0893828,1.0856746,1.0951068,1.0954571,1.0905806,1.0880244,1.0927919,1.0909588,1.0909086,1.0856305,1.0903114,1.0853794,1.0937876,1.0887256,1.0903131,1.096726,1.0898539,1.0922232,1.0915098,1.0862477,1.0914826,1.0968679,1.0881463,1.0931594,1.0871372,1.0926664,1.1034515,1.0911267,1.0848584,1.0935926,1.0920696,1.0916164,1.0857989,1.0919718,1.0857474,1.094226,1.0861546,1.0964086,1.0879077,1.0938454,1.0924002,1.0935583,1.0949866,1.0963835,1.090281,1.0998652,1.0956676,1.0935723,1.0940559,1.0893092,1.0962181,1.0943261,1.0960124,1.0958858,1.0949571,1.0910101,1.088064,1.0851394,1.0923071,1.0904231,1.0878865,1.0894121,1.0918512,1.0818204,1.089504,1.0977117,1.0903348,1.0943329,1.0866796,1.0932975,1.0885994,1.0906448,1.0918385,1.0936998,1.0911219,1.0970218,1.0947003,1.0920871,1.1029376,1.0911149,1.0903665,1.0930536,1.093845,1.0963683,1.0930749,1.083525,1.0928535,1.0943934,1.0920525,1.0884292,1.0896405,1.0897982,1.080519,1.0855688,1.0920143,1.08889,1.0944453,1.0879425,1.0893114,1.0933098,1.097492,1.0912967,1.090469,1.1020283,1.0870986,1.0886033,1.0745937,1.089403,1.0922911,1.0974305,1.0904664,1.1001378,1.0911356,1.0910707,1.094436,1.0972238,1.0889869,1.0943,1.0885471,1.0824839,1.0873744,1.0905904,1.0872597,1.0881999,1.0874265,1.0879682,1.0868564,1.0905936,1.092237,1.0931938,1.096537,1.0929072,1.0900965,1.089118,1.0936661,1.083278,1.0922552,1.0853248,1.0864255,1.0928463,1.0914134,1.0842365,1.0896478,1.0861142,1.086228,1.0944865,1.0953274,1.0936316,1.0892411,1.0895427,1.0938104,1.0882394,1.0856664,1.0911015,1.1004082,1.0878203,1.0985014,1.0866123,1.0951132,1.0992535,1.0838009,1.0848293,1.0891774,1.0881457,1.0926162,1.0929737,1.0894698,1.0959537,1.0916213,1.0927049,1.090498,1.0902281,1.0967231,1.0884442,1.0844479,1.0954361,1.0897814,1.0991743,1.0864565,1.0898306,1.0844694,1.0882508,1.0937357,1.0883603,1.0919621,1.0928665,1.0948899,1.0910996,1.092627,1.0884346,1.0872902,1.0853949,1.0934166,1.0962309,1.090715,1.0966084,1.0911921,1.0891467,1.0991887,1.0836394,1.0864133,1.091441,1.08962,1.0877454,1.093489,1.0796207,1.0926552,1.0984437,1.0923982,1.0930146,1.091707,1.0850983,1.090093,1.0949035,1.0914004,1.0906779,1.0889051,1.083893,1.0869066,1.0889597,1.090005,1.0928366,1.0878974,1.0962205,1.0999727,1.0854894,1.0919175,1.0965605,1.0866957,1.086583,1.0868754,1.0930157,1.0820217,1.08574,1.0914193,1.1007966,1.0887332,1.0893694,1.0796063,1.1025388,1.0944864,1.092791,1.090143,1.0880002,1.0902238,1.0919073,1.0899056,1.0942568,1.0900924,1.0952092,1.0926145,1.0978854,1.095117,1.0807095,1.0970671,1.0890987,1.0870181,1.0913236,1.0996404,1.0886556,1.0895208,1.0859656,1.0891793,1.0920348,1.0895333,1.0981692,1.0895524,1.0918016,1.0909066,1.0975593,1.089056,1.0854185,1.0873466,1.083828,1.0923585,1.0934721,1.0954746,1.0967774,1.0928593,1.078161,1.0965799,1.0832894,1.0829476,1.0910774,1.0931932,1.0943129,1.0922127,1.0966394,1.0866685,1.0938345,1.0929694,1.0951742,1.0900625,1.0869168,1.0919907,1.090364,1.0911794,1.0810295,1.0830579,1.0871301,1.0891292,1.0934657,1.0879648,1.0827988,1.0926566,1.0887501,1.0917906,1.0910772,1.0872724,1.0963634,1.0915682,1.0861242,1.0928817,1.0944641,1.0885466,1.0927315,1.0892917,1.1009123,1.0851831,1.0946283,1.087707,1.0918859,1.0919607,1.0892613,1.0799128,1.0995772,1.095036,1.0893672,1.0952362,1.0953767,1.0947973,1.0852671,1.0903093,1.0989594,1.0887624,1.0906723,1.0894145,1.0930436,1.0935744,1.0901781,1.0964301,1.0934922,1.0877824,1.0894128,1.0922508,1.0862738,1.08798,1.0897735,1.0880513,1.0902984,1.0882316,1.0909221,1.0857368,1.0956647,1.0942338,1.0940602,1.0908728,1.081805,1.0923902,1.0874164,1.0879203,1.090098,1.0920233,1.09166,1.0852494,1.077721,1.094766,1.0915729,1.0926771,1.0934625,1.0931375,1.0927852,1.095072,1.0893781,1.0940934,1.0898561,1.0873494,1.0873667,1.0891347,1.0872567,1.0881878,1.084686,1.0960982,1.0896652,1.0971407,1.0866667,1.0952399,1.1019137,1.086084,1.085809,1.0956957,1.0943645,1.0969328,1.0954888,1.090635,1.0872152,1.0963013,1.0997487,1.089796,1.0925411,1.0899981,1.0963222,1.0961803,1.0924227,1.0849881,1.0848526,1.0918529,1.094885,1.0914526,1.0882654,1.101565,1.0874736,1.0872366,1.0903243,1.0920932,1.0867283,1.0856034,1.0991637,1.0940288,1.0880406,1.0952853,1.0902069,1.0837085,1.0855385,1.0886635,1.0898278,1.0888729,1.0938383,1.0933449,1.0888023,1.0983702,1.089056,1.0868491,1.0860642,1.0973556,1.0850887,1.0952402,1.1007208,1.0926651,1.0773259,1.0989407,1.0990194,1.0945477,1.0904982,1.0826112,1.086441,1.0905879,1.0977652,1.0998069,1.0962595,1.0894624,1.0956784,1.0900623,1.0929685,1.095081,1.0977511,1.0882491,1.087266,1.0879328,1.0939349,1.0900259,1.088803,1.0908742,1.0963206,1.0860556,1.0950869,1.0921664,1.0965593,1.0984664,1.0868347,1.0953839,1.0913621,1.0905671,1.0854228,1.0893203,1.0927856,1.0886031,1.0987308,1.0915322,1.0922371,1.0805799,1.1023328,1.0942394,1.0933462,1.0869396,1.08382,1.089431,1.0849217,1.0871272,1.0870398,1.0876453,1.0884528,1.0806599,1.0939713,1.092236,1.0903239,1.0935065,1.0910043,1.0847198,1.0945318,1.0915388,1.0943217,1.0915781,1.0906091,1.0839694,1.0911938,1.0884339,1.0869756,1.089929,1.0882443,1.0951163,1.0868421,1.0869054,1.0883999,1.0887153,1.101779,1.0821953,1.0883198,1.0857201,1.0945565,1.0912683,1.0931375,1.090481,1.0854334,1.091344,1.0899447,1.0977657,1.0936772,1.090001,1.0957149,1.0900654,1.0911953,1.092064,1.0823946,1.0838939,1.0906063,1.094624,1.0910416,1.0855227,1.085724,1.0906883,1.0858531,1.0875995,1.1001031,1.0848674,1.092011,1.0851648,1.0906335,1.0877386,1.0909679,1.0881871,1.0896909,1.0889581,1.0958148,1.0948064,1.0878638,1.0922935,1.0951855,1.0929674,1.0906562,1.0887612,1.0919149,1.0872678,1.0833982,1.094407,1.0851895,1.0954221,1.0941896,1.0934428,1.0877244,1.0928216,1.0905975,1.0908582,1.0887549,1.0865585,1.0931643,1.0909585,1.0904045,1.089955,1.1006886,1.0938646,1.0916641,1.0863746,1.0942037,1.0897665,1.0921799,1.0893825,1.0895722,1.0900236,1.0929562,1.091842,1.0891157,1.0937761,1.0838207,1.0922655,1.0823317,1.0900173,1.0934801,1.086025,1.0905926,1.0888582,1.0889858,1.0930442,1.0861982,1.0905334,1.0868866,1.0965639,1.087398,1.0947509,1.0888492,1.0955657,1.0868855,1.0902258,1.0839916,1.0918846,1.0880935,1.0879446,1.0895033,1.0883511,1.0848957,1.0903355,1.0910484,1.094745,1.0979465,1.0863317,1.0968213,1.0874336,1.0943426,1.0924128,1.098382,1.0896809,1.0927353,1.0892062,1.0848469,1.0983503,1.0906966,1.0940746,1.0939724,1.08514,1.093727,1.0836749,1.0905027,1.0960339,1.0941459,1.0939702,1.087269,1.0916595,1.0904175,1.0979451,1.0910486,1.0895174,1.0877448,1.0944465,1.0848047,1.0933633,1.089808,1.0841982,1.0920739,1.0871092,1.0850668,1.0913577,1.0899436,1.0999224,1.0924919,1.0955379,1.0920582,1.089027,1.0953429,1.0855488,1.0903604,1.0897809,1.0904696,1.0944564,1.0927318,1.09656,1.0905229,1.0909113,1.0980005,1.0870041,1.0874987,1.0996699,1.0876975,1.0973039,1.092492,1.0853702,1.0907303,1.092286,1.0906358,1.0990865,1.0891176,1.1037425,1.091402,1.085274,1.0887347,1.0882821,1.0951542,1.0929236,1.0891303,1.0944048,1.0922176,1.0900182,1.0882447,1.092529,1.09103,1.0958681,1.0911069,1.095642,1.0915755,1.0857146,1.0931318,1.0920502,1.0855864,1.0928546,1.0895598,1.08065,1.0895022,1.0916193,1.0955322,1.0993913,1.0943317,1.0932324,1.0909418,1.0937393,1.0972402,1.0857784,1.0977911,1.089345,1.0922581,1.0931418,1.0837865,1.0899562,1.0887513,1.0836128
0.14284658,0.14666454,0.14549546,0.14225818,0.14384986,0.15433809,0.15007204,0.140254,0.14517763,0.14306994,0.1393676,0.1426701,0.14605215,0.14783727,0.14406893,0.14532664,0.15041406,0.1465363,0.14497061,0.1464044,0.14556006,0.1451599,0.15236528,0.14944549,0.14330508,0.14794311,0.15258966,0.14621866,0.14292894,0.15145184,0.148073,0.14462571,0.14863165,0.14821784,0.14643373,0.1474204,0.14603965,0.14607562,0.1481432,0.14671092,0.14759487,0.15007688,0.14573877,0.14412941,0.15010192,0.14476891,0.14925395,0.14600839,0.14640991,0.15357189,0.14849517,0.14232835,0.14575553,0.14830473,0.14534968,0.14473745,0.1438914,0.14588395,0.14748001,0.14791977,0.14330667,0.14922434,0.14350913,0.14243005,0.15215917,0.14839084,0.15287666,0.1500005,0.15221822,0.15341927,0.14594726,0.14658713,0.14882895,0.14904746,0.14791954,0.15230423,0.1484853,0.13984376,0.1435377,0.14789855,0.14550805,0.1407601,0.14630055,0.14358434,0.14833178,0.14445364,0.15445916,0.14446196,0.1473218,0.14431699,0.1393618,0.14600249,0.14731315,0.14337587,0.14254029,0.15091006,0.14512147,0.14642307,0.15094705,0.15157074,0.14403088,0.1404091,0.14333981,0.1425413,0.14947557,0.13687621,0.14132255,0.1504193,0.1492745,0.15047286,0.14137422,0.14717917,0.13825254,0.14426617,0.13955699,0.1466993,0.14843957,0.14405145,0.14896344,0.14640673,0.14646678,0.14438276,0.14603812,0.14240614,0.14602523,0.14583308,0.14769532,0.14766479,0.14240249,0.14338207,0.14941925,0.14490384,0.14853466,0.14304164,0.1449703,0.14734207,0.14849477,0.14886695,0.15127467,0.15025933,0.14161046,0.15011553,0.14881733,0.14749986,0.14766304,0.1366165,0.15070327,0.14974818,0.14676584,0.15354973,0.14096631,0.14464587,0.14658661,0.15068181,0.15365851,0.14958586,0.1462723,0.15195401,0.14661036,0.1445069,0.15098746,0.14684515,0.14547512,0.14491908,0.14677258,0.1539461,0.1555221,0.14435355,0.14840598,0.14357905,0.14634086,0.14485876,0.14479916,0.15030408,0.15329805,0.15410931,0.14701986,0.15070286,0.139632,0.15248144,0.15472588,0.14519331,0.14398177,0.14195262,0.14141956,0.14155152,0.13640876,0.14970462,0.14572659,0.14488602,0.14866576,0.15164793,0.14180127,0.14109606,0.1569463,0.15346605,0.14881873,0.15079837,0.1439711,0.15598062,0.1467967,0.14083306,0.14431791,0.1468965,0.13893104,0.14535142,0.14680609,0.14160039,0.14493626,0.1444254,0.15266846,0.14653465,0.15046106,0.1432321,0.1408684,0.14802593,0.14465538,0.14266142,0.13784206,0.14788431,0.14131914,0.15207887,0.15192176,0.14309166,0.14643043,0.14546801,0.14777353,0.1420694,0.1580648,0.14905003,0.13880546,0.14613082,0.14727837,0.14551774,0.14523596,0.1457843,0.15205768,0.14216267,0.14449012,0.14626527,0.15011035,0.15346485,0.14555243,0.14263721,0.15291423,0.1382975,0.14410277,0.14722845,0.14617535,0.14554153,0.14747494,0.14582099,0.14164685,0.15706992,0.14535224,0.14838012,0.14635846,0.14491895,0.14679845,0.14792602,0.14620662,0.14404146,0.14843789,0.1512894,0.14507407,0.14141852,0.14518066,0.14818482,0.1491862,0.14449346,0.14648354,0.14907174,0.14465156,0.14668,0.15221676,0.15136617,0.14587238,0.14598967,0.14954229,0.15205035,0.14973092,0.14757897,0.14640537,0.150472,0.1469567,0.1471583,0.14379069,0.14033943,0.14934997,0.14683953,0.14835553,0.1454463,0.14552194,0.14426592,0.1537404,0.13754502,0.15211008,0.14795151,0.1481773,0.1477968,0.14481364,0.1499653,0.15068862,0.14732246,0.14947172,0.14207602,0.1561903,0.14757136,0.14301151,0.15065973,0.14740695,0.15039256,0.14860457,0.13450797,0.14084637,0.14602987,0.15086943,0.14144687,0.14356187,0.15115665,0.14520313,0.14667848,0.14583649,0.14297625,0.14123718,0.1457207,0.1362192,0.14493427,0.14624342,0.15297343,0.14705493,0.14862096,0.14209585,0.14228372,0.14468575,0.15325844,0.13920265,0.14628407,0.15456913,0.14966887,0.14433396,0.14145443,0.14721757,0.15200233,0.14586985,0.15054314,0.15186186,0.14830042,0.14371945,0.14425111,0.14244355,0.14729524,0.15435055,0.14463173,0.14693984,0.14710954,0.14481658,0.14431238,0.14656517,0.14576665,0.14055513,0.1439578,0.1437546,0.14573954,0.14728148,0.14405468,0.14507382,0.146556,0.1405282,0.14771783,0.14546426,0.14399616,0.14750321,0.14561798,0.14295852,0.1491432,0.14248893,0.14108741,0.15357262,0.15252371,0.14435793,0.14447041,0.15080029,0.14392921,0.14737698,0.14756718,0.1474876,0.14934899,0.1490043,0.14428331,0.148803,0.1386399,0.14677708,0.14294325,0.14769958,0.14932664,0.13413817,0.14353384,0.15219913,0.13985643,0.13831499,0.13919868,0.15402184,0.13915245,0.14745072,0.15110937,0.15480655,0.13998528,0.1466402,0.15291296,0.15274617,0.14501166,0.1521246,0.15158647,0.14487593,0.14869052,0.1517757,0.14138056,0.14902553,0.14381926,0.16060832,0.14272888,0.14570114,0.14755543,0.14490534,0.14593779,0.14882651,0.14754921,0.14095932,0.14432184,0.14603864,0.14294288,0.15496649,0.14805377,0.15437765,0.14781103,0.14378954,0.13771242,0.14165552,0.15345505,0.15319099,0.14776857,0.14356221,0.1443442,0.15101844,0.14648668,0.14690755,0.1471368,0.15235026,0.1491847,0.14425772,0.13928904,0.15514332,0.15106745,0.15068696,0.14436607,0.1502228,0.14793634,0.14448503,0.1466945,0.14321539,0.15077102,0.14184612,0.14363039,0.14401707,0.13866897,0.149287,0.14177375,0.14338823,0.15693788,0.14821568,0.14644206,0.14315507,0.15029368,0.14366116,0.14237861,0.13926557,0.13984285,0.152014,0.14348254,0.15100229,0.14461648,0.15207572,0.143712,0.14577827,0.14828834,0.15485054,0.15500514,0.14773409,0.15281072,0.14872496,0.14812149,0.1517247,0.15068722,0.15164627,0.14390837,0.13899115,0.14932102,0.15342984,0.15309697,0.15089867,0.1520604,0.14952138,0.14452523,0.14998949,0.14899091,0.14204952,0.13720256,0.14583741,0.15348789,0.1400838,0.1468287,0.14761423,0.15458353,0.14793347,0.15040867,0.14883715,0.13852529,0.14094211,0.14703149,0.14025505,0.14418657,0.14519247,0.14703462,0.14481196,0.14716199,0.14799213,0.1522601,0.14774919,0.14429624,0.14373288,0.15152174,0.14136763,0.14641026,0.1450499,0.14326254,0.14820246,0.15114576,0.14994287,0.14806114,0.14418249,0.14306486,0.15322542,0.14808609,0.15023524,0.14536771,0.15276363,0.14692357,0.14913446,0.14608397,0.14178002,0.1431844,0.14762478,0.14438032,0.14589219,0.15406688,0.1508698,0.15126768,0.14292903,0.14525893,0.14540833,0.14558113,0.14021914,0.1512269,0.14653713,0.14534408,0.15217732,0.14629596,0.14702407,0.14754781,0.157755,0.1455504,0.15558124,0.14128113,0.14880992,0.1426665,0.15584266,0.14579855,0.144837,0.14507931,0.1452629,0.14425434,0.1437163,0.14282387,0.14546108,0.14463803,0.14034887,0.14497876,0.14643301,0.14972304,0.14107463,0.15161453,0.13787802,0.14714128,0.1433542,0.148922,0.14643013,0.14783153,0.14561196,0.14917146,0.14668687,0.14961022,0.15456632,0.13754173,0.13788965,0.14021654,0.14999406,0.14801253,0.15270056,0.14413366,0.14806594,0.15089753,0.15337968,0.14122508,0.15644109,0.14503969,0.14397475,0.1566288,0.14706337,0.1467929,0.14520025,0.14991182,0.14942345,0.14992848,0.14736557,0.14711615,0.14952269,0.15246156,0.14520858,0.13771924,0.15744601,0.15233466,0.15412548,0.14919941,0.14267221,0.14250986,0.14607333,0.15257606,0.14811197,0.15319712,0.14700745,0.15024126,0.14165534,0.1503132,0.15053192,0.14603448,0.15520714,0.14579278,0.1459535,0.1426602,0.14735807,0.13810039,0.14176172,0.14084972,0.14069486,0.14031558,0.13826282,0.15027328,0.14250596,0.1342671,0.139124,0.15021826,0.15427351,0.14480105,0.13651922,0.1505469,0.14743654,0.14397328,0.15561476,0.14515646,0.15052459,0.14812176,0.1549087,0.14659464,0.14825797,0.14667043,0.1507895,0.14759906,0.14873669,0.14222896,0.1445456,0.14477703,0.14474693,0.15460742,0.14666836,0.14191747,0.14607276,0.15117174,0.14885788,0.1414654,0.14706302,0.14955264,0.14762272,0.14996932,0.15102232,0.1497215,0.14592713,0.1524741,0.14504087,0.14837907,0.147138,0.14611986,0.14607432,0.14978988,0.14458612,0.14161186,0.14762922,0.1415659,0.14720808,0.14607692,0.15375903,0.14586577,0.1484028,0.13883786,0.14606315,0.1470855,0.1467121,0.15480171,0.15320574,0.14494385,0.14652494,0.15191382,0.1408567,0.14623772,0.15419708,0.15309289,0.14938039,0.14931963,0.15685746,0.14575465,0.14679454,0.15235882,0.14484908,0.13804686,0.13768104,0.14216343,0.14395808,0.14081332,0.1495541,0.13918449,0.14364664,0.14021014,0.1491702,0.14469744,0.15118775,0.14371336,0.14659664,0.14670476,0.13912655,0.1494005,0.1502576,0.14916617,0.14624536,0.1480552,0.15649268,0.14438927,0.1585251,0.14513499,0.14741416,0.15182494,0.1483717,0.14477658,0.14730611,0.14984964,0.15075958,0.15270512,0.14110026,0.1494448,0.14890693,0.15322585,0.14711195,0.14148274,0.14761424,0.14851236,0.14735788,0.14499804,0.14745776,0.14563736,0.14546175,0.14637505,0.15196656,0.13999829,0.14748673,0.14433779,0.14534363,0.14718203,0.14691114,0.15123485,0.14710751,0.15155502,0.15125452,0.14054608,0.14311747,0.14857112,0.13894181,0.14918919,0.14262758,0.14769185,0.14696184,0.14559412,0.1430305,0.14513847,0.15454155,0.14465657,0.1444322,0.14495187,0.14641151,0.14328998,0.14797693,0.14152065,0.14721686,0.15291971,0.14448123,0.14631985,0.14486212,0.15132114,0.14598724,0.14819956,0.15536532,0.14997274,0.14099483,0.14885369,0.14062616,0.14401703,0.14326356,0.14918213,0.1554905,0.15553072,0.14649443,0.14144222,0.14071219,0.14921929,0.146862,0.15061487,0.14901479,0.14884825,0.14352635,0.14094204,0.14827833,0.14705835,0.14947274,0.1465913,0.14480726,0.15333712,0.13850065,0.13248271,0.14759666,0.1539067,0.14935593,0.14062105,0.14954261,0.14623658,0.14752506,0.13902563,0.13681269,0.15438378,0.14701283,0.15321805,0.14414822,0.14325231,0.1468012,0.14101651,0.14806171,0.14277756,0.14296784,0.14726263,0.15112123,0.14548859,0.15554957,0.14542313,0.14897372,0.14677672,0.13925508,0.14423412,0.14732976,0.14638352,0.14993724,0.15689075,0.14517641,0.14567517,0.14674987,0.14699662,0.14659397,0.14772102,0.1427198,0.14783192,0.14878406,0.14618014,0.1467802,0.14493166,0.1468673,0.14984874,0.1468563,0.14843762,0.14411022,0.14868018,0.15325457,0.1509146,0.15226768,0.1490816,0.15131374,0.14784294,0.14075652,0.14598629,0.14341308,0.14199002,0.14424334,0.15033898,0.14489861,0.1489694,0.14337632,0.14979233,0.14953393,0.1462214,0.16062988,0.13963667,0.15007357,0.14795312,0.15320265,0.14876097,0.14545815,0.14231202,0.14730659,0.15462211,0.14377333,0.15167798,0.14515449,0.15020448,0.14803293,0.14266449,0.1457243,0.14391863,0.1461776,0.13995051,0.1535713,0.14257967,0.14764197,0.1438672,0.14055657,0.14533302,0.1509607,0.14530194,0.14867373,0.14912555,0.14150675,0.13659543,0.14734429,0.14205518,0.14367379,0.1451357,0.14314948,0.1456562,0.14926024,0.15533368,0.14651479,0.14820093,0.15523855,0.14283164,0.14430006,0.14245857,0.1471897,0.14737603,0.15312389,0.1475722,0.13854787,0.1454006,0.14843166,0.14696272,0.15410174,0.14488575,0.14974876,0.14738715,0.15135406,0.14485352,0.15039568,0.1484519,0.14222686,0.14591795,0.15291363,0.14825016,0.14155719,0.15039966,0.13968353,0.14635514,0.14592342,0.14565752,0.1516749,0.1483471,0.15088424,0.14685288,0.15291315,0.15212911,0.14212039,0.14413416,0.14987688,0.14445414,0.14943089,0.1536292,0.14306003,0.14574687
