0.9350367,0.9382506,0.93450433,0.93061656,0.9038712,0.9539211,0.951562,0.92212105,0.9495092,0.96447253,0.9401685,0.90886045,0.94605446,0.9541695,0.94396365,0.9172702,0.9368206,0.9226803,0.9386531,0.93957764,0.9174482,0.91766477,0.930587,0.94336367,0.941052,0.9262865,0.920559,0.93776554,0.9368788,0.9196225,0.9213428,0.94405144,0.9364635,0.9479027,0.92316943,0.9508895,0.9324618,0.9351437,0.94014114,0.9414265,0.93504167,0.92176825,0.92621213,0.9415857,0.92961085,0.9050021,0.93430907,0.9351409,0.9426164,0.90025973,0.91962785,0.89971596,0.92249805,0.94631153,0.91286033,0.9255527,0.93514293,0.9323538,0.9302108,0.90919673,0.9336752,0.907504,0.9312048,0.9199884,0.9033441,0.95029795,0.9484658,0.9512743,0.9089122,0.92046773,0.952115,0.9514341,0.9310378,0.9527612,0.9332281,0.90781564,0.9145593,0.9330987,0.93629825,0.9440401,0.9342296,0.9491056,0.9227739,0.9248664,0.91718346,0.9204504,0.92643213,0.95040834,0.91030055,0.90882146,0.91977894,0.903491,0.93297184,0.948969,0.9137277,0.95326227,0.9281246,0.9150219,0.94110334,0.9320023,0.930421,0.9216459,0.9336395,0.95788145,0.86273664,0.93797195,0.9409738,0.9220667,0.8971357,0.9385166,0.9111734,0.92232937,0.9258857,0.9630831,0.92962307,0.93904364,0.9348836,0.9214668,0.9317462,0.8957787,0.91828597,0.92936784,0.91540545,0.92869335,0.9186694,0.9412923,0.94297814,0.9328276,0.9173847,0.93901855,0.9148727,0.923764,0.93511385,0.9279046,0.9287933,0.91937035,0.9278483,0.93282086,0.93981785,0.94395196,0.91307884,0.93427277,0.91973376,0.9333386,0.9310879,0.90257716,0.92010164,0.9419427,0.9165184,0.9474394,0.9490952,0.93676376,0.9262764,0.9565094,0.95650643,0.8828555,0.93965334,0.9421515,0.93243647,0.93619823,0.91015154,0.95158046,0.9429962,0.9322193,0.9172675,0.8994342,0.9238264,0.9314427,0.9358531,0.9030961,0.9003979,0.9380933,0.92446405,0.9294394,0.93979883,0.94248414,0.9338244,0.927167,0.9416804,0.9243828,0.9303313,0.92244244,0.90457785,0.9478105,0.933305,0.9413865,0.947597,0.9244595,0.91982645,0.95054215,0.91790223,0.9464376,0.9010384,0.9625325,0.9125812,0.9494087,0.9151912,0.9484386,0.9302732,0.9253623,0.9380039,0.93538725,0.91728956,0.9310906,0.91095567,0.92371017,0.9442575,0.91809684,0.94485366,0.947227,0.9354947,0.92574257,0.91720194,0.9133034,0.93305886,0.938755,0.930001,0.945901,0.93299335,0.9259994,0.9237551,0.9333638,0.92173374,0.92645174,0.9388307,0.90108675,0.9388139,0.9176124,0.9003964,0.9143002,0.9256869,0.9323055,0.90719235,0.9279899,0.9512896,0.92113656,0.9146665,0.9204018,0.922499,0.93100435,0.90811247,0.92839646,0.9063774,0.91332376,0.9417272,0.94269085,0.89945644,0.9238351,0.913295,0.9258908,0.9324113,0.9124394,0.9153197,0.9087121,0.9257711,0.92386794,0.9301654,0.9475897,0.9033894,0.9122631,0.9259245,0.9107791,0.9282632,0.92066437,0.93202126,0.94524294,0.9519013,0.9197798,0.9260238,0.9482794,0.9083554,0.9091722,0.8935676,0.93471426,0.9284769,0.9339302,0.923197,0.9450078,0.935207,0.9169237,0.93392634,0.9257659,0.916854,0.946973,0.90784025,0.9202879,0.9353773,0.92931294,0.92133135,0.8995245,0.9386327,0.9280358,0.9272031,0.9212808,0.89942247,0.92935944,0.9226067,0.9095953,0.9374126,0.9228075,0.92203885,0.91671306,0.8886826,0.9383128,0.95624083,0.9254241,0.93285006,0.89310765,0.90981215,0.93128586,0.9318639,0.9140734,0.91091096,0.9168916,0.92928576,0.9202727,0.9121607,0.9115077,0.9123424,0.93345433,0.93513376,0.90969193,0.9364006,0.89293045,0.92024535,0.8989693,0.9487556,0.94763446,0.9209609,0.915608,0.9127993,0.9308695,0.9074278,0.92981225,0.9419938,0.9143923,0.9427387,0.90074646,0.91068196,0.9158001,0.9267753,0.91311157,0.9385724,0.93166834,0.918239,0.897411,0.9347819,0.9237539,0.9071534,0.9439588,0.9402213,0.9133759,0.9267843,0.9547021,0.9281252,0.9199812,0.9469773,0.9146976,0.95144594,0.90744245,0.9111582,0.9086491,0.92701393,0.92021513,0.9183381,0.9415959,0.9289677,0.9045125,0.93364596,0.9236153,0.90452987,0.9279936,0.9261255,0.9274538,0.93562776,0.9340622,0.9257998,0.9264631,0.93815005,0.9158075,0.93621963,0.92384917,0.9233473,0.915764,0.93931633,0.9036917,0.9205684,0.91686195,0.935056,0.92370385,0.90405965,0.9255109,0.94688714,0.91625005,0.92185503,0.9350889,0.9280573,0.90823686,0.9170617,0.93086064,0.923025,0.9307511,0.92900574,0.92499995,0.92581266,0.9434733,0.9226526,0.9340858,0.9263924,0.92368585,0.92664486,0.8931377,0.9311117,0.9353014,0.91915184,0.9318799,0.9376844,0.93639845,0.9301437,0.9168543,0.90105414,0.93222284,0.93090683,0.9273849,0.9492012,0.9349596,0.9200407,0.92367506,0.91931295,0.9307411,0.9032301,0.9464243,0.92155707,0.9377692,0.92497325,0.9337841,0.91969246,0.9229379,0.93297446,0.9483588,0.92103,0.90882045,0.93196225,0.9194072,0.9183708,0.9066657,0.911885,0.9260161,0.92535806,0.92779356,0.9224155,0.9139064,0.9178854,0.9234739,0.9432101,0.9158881,0.93160886,0.9364231,0.94343793,0.91924226,0.94172376,0.93552893,0.8890708,0.9393053,0.908053,0.93233967,0.91621095,0.8975608,0.95732117,0.9233503,0.94618547,0.9232945,0.93687975,0.9326804,0.9266828,0.9222895,0.9407334,0.92115015,0.90271705,0.93555045,0.9444836,0.9316475,0.9254606,0.9223703,0.9312238,0.92004937,0.94408065,0.9036442,0.9348094,0.920122,0.9191025,0.9303145,0.902905,0.92952394,0.9187834,0.91093683,0.9575879,0.92304647,0.93453735,0.9133286,0.92870325,0.9870952,0.920905,0.93672085,0.941134,0.9152333,0.9183018,0.9394222,0.91968966,0.9314137,0.92060006,0.93215334,0.91332847,0.9400878,0.91343427,0.9324968,0.930816,0.9518966,0.952591,0.9445818,0.9252299,0.92326957,0.9138292,0.9141149,0.91503763,0.93853927,0.92665875,0.9297849,0.9111105,0.9416332,0.91993225,0.92124844,0.90675837,0.9168183,0.92364717,0.91305405,0.9357931,0.9286322,0.9334054,0.915031,0.9436197,0.9015036,0.92860043,0.9280293,0.93111515,0.9440087,0.9203783,0.940463,0.93043226,0.89503056,0.92649513,0.89610505,0.9389377,0.93099856,0.9100258,0.92152584,0.927106,0.94227177,0.9007777,0.9430299,0.9378789,0.92197686,0.92084634,0.89829695,0.8919079,0.91309184,0.94367975,0.90211177,0.9092682,0.90931314,0.9221536,0.91047543,0.9266906,0.9649862,0.9303504,0.9332029,0.9223489,0.9250054,0.934929,0.9057454,0.9175519,0.92201304,0.9292151,0.90343255,0.91916394,0.9251742,0.9271998,0.9069412,0.93018204,0.9086374,0.9136148,0.92069227,0.94902945,0.9528868,0.9188924,0.90483737,0.9438125,0.93387365,0.93548214,0.92731875,0.9175695,0.9112572,0.9122941,0.8880016,0.92324317,0.92022115,0.9313502,0.9384527,0.91939354,0.9396448,0.9605321,0.9167087,0.9199865,0.91390795,0.9316646,0.9322044,0.9044375,0.9293005,0.9169539,0.9187891,0.92514867,0.92092794,0.91424626,0.9699212,0.9227637,0.93857217,0.9495933,0.9338284,0.9488674,0.9302033,0.9142066,0.903164,0.9188952,0.9444349,0.8931494,0.91396064,0.9472837,0.9214217,0.92070323,0.89608973,0.9086832,0.92507297,0.9223653,0.9547705,0.9238091,0.92599016,0.9050473,0.94609004,0.921808,0.8972769,0.8932767,0.9225174,0.9230706,0.9488253,0.9195019,0.9218307,0.9543508,0.9113318,0.9165201,0.91430277,0.90961254,0.91548204,0.91960084,0.9171885,0.9470871,0.9094275,0.9386682,0.91024935,0.92215884,0.93821067,0.94597805,0.9338523,0.91846883,0.9146561,0.93841904,0.924635,0.9386895,0.9129294,0.92743605,0.92361677,0.9146427,0.9237142,0.93897355,0.93128943,0.91830754,0.93637955,0.9285928,0.8968955,0.95186365,0.9199918,0.92676246,0.88580185,0.9151075,0.9711105,0.9306431,0.94131196,0.9054982,0.9225548,0.92059284,0.8940075,0.90878856,0.9206536,0.9008981,0.9505536,0.9288874,0.9005214,0.9437262,0.9278545,0.9223384,0.9306496,0.95159954,0.9310872,0.93872094,0.92144865,0.9321232,0.91976637,0.95511305,0.93698287,0.9365648,0.9387761,0.9542827,0.9186208,0.9490457,0.91343206,0.9430001,0.9357427,0.92272377,0.92132896,0.9323558,0.913587,0.9373464,0.90859586,0.9409402,0.93801063,0.9164432,0.95499015,0.9446082,0.9204816,0.9296679,0.8782336,0.91736376,0.9198578,0.9381937,0.8922092,0.9261312,0.9233702,0.9230793,0.93375516,0.9041487,0.9089338,0.9025183,0.90791804,0.91004115,0.9190683,0.94253546,0.9197464,0.91615856,0.94020015,0.94040304,0.92187446,0.926041,0.9323708,0.9616362,0.91573524,0.9226735,0.93393147,0.91015065,0.93842274,0.919573,0.9314912,0.9369742,0.93553686,0.92337424,0.93906283,0.91002,0.9291166,0.93286556,0.9447401,0.93317276,0.921974,0.9015558,0.917167,0.9112333,0.94173574,0.9373107,0.9237435,0.9365096,0.93966234,0.89139,0.9320973,0.9276299,0.9339092,0.9221174,0.940575,0.90275556,0.92192125,0.93111414,0.9031065,0.8969292,0.9300847,0.94293153,0.9487237,0.9407273,0.9180877,0.92819995,0.8829692,0.90066445,0.92559564,0.9192506,0.93589425,0.9264109,0.92538595,0.9396195,0.9530345,0.9241754,0.9265448,0.9469277,0.9180806,0.9215015,0.8963068,0.9261058,0.9469011,0.9354153,0.935718,0.9276782,0.93884456,0.9112977,0.9512957,0.90886104,0.9506557,0.94210744,0.92208314,0.93166196,0.93156457,0.9207466,0.91908354,0.9379251,0.9471058,0.9426244,0.9510134,0.9113008,0.936316,0.9362235,0.9175661,0.95508593,0.9102609,0.92883474,0.9210907,0.9104608,0.9278972,0.92438096,0.92619056,0.9385891,0.9176343,0.9082514,0.8968985,0.92146283,0.923003,0.92142314,0.9438488,0.91677135,0.9275295,0.88978696,0.9425212,0.93021333,0.9195728,0.9221139,0.91322815,0.9256232,0.91720694,0.9241955,0.91134644,0.9434481,0.9228209,0.9141667,0.9337306,0.9296246,0.8994094,0.91871464,0.94715333,0.9332809,0.92691904,0.9357417,0.9475581,0.94304764,0.9470275,0.90485406,0.92185676,0.90613836,0.93173903,0.9526709,0.9339134,0.9224693,0.95961493,0.94494563,0.9022145,0.92656165,0.9232137,0.95295686,0.9268568,0.898942,0.9187316,0.9384923,0.9510672,0.9230983,0.8974496,0.90906453,0.93625516,0.9602234,0.90860116,0.91255695,0.9080211,0.93208456,0.94261706,0.9188463,0.9347245,0.94550776,0.94845587,0.9045924,0.9440199,0.9173096,0.9509109,0.9197724,0.9410472,0.94800884,0.94397753,0.9175878,0.9432901,0.91415286,0.9264717,0.9449001,0.93984795,0.9510788,0.9164844,0.9320652,0.9068845,0.9312389,0.9371033,0.9254546,0.93266857,0.94862884,0.961994,0.9535599,0.92183006,0.90536845,0.96329486,0.8712861,0.9119868,0.97165287,0.9232899,0.93154347,0.938555,0.9262253,0.93296033,0.94444364,0.9104246,0.95484483,0.91140926,0.919067,0.93728,0.93013763,0.94105923,0.909646,0.94880545,0.9238917,0.94051135,0.9234553,0.9095414,0.8915982,0.9098697,0.93547016,0.93370664,0.93085754,0.9453453,0.91758406,0.90692616,0.9473523,0.91587204,0.9154863,0.9320322,0.9402082,0.9238102,0.9101989,0.936778,0.9570049,0.919576,0.9532935,0.9608126,0.9444802,0.9198473,0.9156774,0.95142794,0.9076553,0.95568466,0.9300495,0.9121419,0.89117396,0.941473,0.93509233,0.94183207
0.718547,0.7187849,0.7221858,0.711678,0.6847002,0.71813726,0.7124868,0.71048826,0.7141976,0.7090945,0.713846,0.70144767,0.71909994,0.7185503,0.72616357,0.7034665,0.7064611,0.69877493,0.7066365,0.7254887,0.71461606,0.7073057,0.7020079,0.7147287,0.7010821,0.68704677,0.7216688,0.710343,0.7241558,0.69599956,0.7014339,0.71508574,0.70317715,0.71109897,0.7131699,0.70996934,0.6964249,0.7047966,0.7120879,0.7138048,0.7125552,0.71418077,0.69722164,0.7323885,0.7005681,0.6954579,0.7015046,0.701722,0.71230596,0.6845576,0.71055615,0.7087392,0.69191104,0.7010535,0.72231567,0.6879626,0.70192444,0.71034753,0.6992135,0.71128243,0.6942846,0.7116533,0.7285596,0.6985771,0.69326234,0.72787607,0.7060168,0.6989451,0.7049935,0.6875642,0.7438014,0.7167204,0.708666,0.7176941,0.7136341,0.6922834,0.7155281,0.72159237,0.70270324,0.7064514,0.7172199,0.74795616,0.6957855,0.7128248,0.7074579,0.7091305,0.7113985,0.7168039,0.70159423,0.68213165,0.72149676,0.7287757,0.73016804,0.7113944,0.69669694,0.7230273,0.70636994,0.69567955,0.7108706,0.7276764,0.703545,0.70529103,0.7190666,0.7217942,0.700775,0.71329004,0.71893334,0.69475675,0.7153536,0.73227525,0.6784756,0.7099132,0.7060321,0.7261427,0.70127094,0.711468,0.70525354,0.7078975,0.70850277,0.69129896,0.702679,0.69338536,0.7033416,0.703031,0.6756892,0.7273026,0.70560384,0.7261175,0.6655975,0.70789784,0.71676385,0.70787877,0.705844,0.72370523,0.706424,0.68920827,0.7062906,0.7142079,0.71065885,0.71488756,0.7199541,0.71698093,0.6836697,0.70823133,0.7142714,0.6982999,0.7031208,0.70791304,0.71138936,0.72481275,0.72688735,0.7277075,0.72071505,0.7306846,0.7069035,0.69287175,0.7078086,0.74946606,0.70164245,0.72514117,0.706275,0.7052368,0.7244213,0.7081392,0.71944505,0.70192116,0.689836,0.7145157,0.7027251,0.7121696,0.69104904,0.70044917,0.70799977,0.69443476,0.7042846,0.7341121,0.7213704,0.7068882,0.711823,0.7079159,0.73086864,0.69674224,0.6741993,0.7080943,0.72225994,0.7022092,0.7081233,0.70492536,0.7150657,0.7023128,0.6972576,0.72712517,0.69196063,0.7179504,0.7143841,0.70802057,0.70679873,0.7208281,0.72200406,0.711513,0.7342106,0.7224887,0.70034647,0.7168897,0.71981156,0.7192338,0.7401616,0.68263435,0.69454,0.71867615,0.69533247,0.71277636,0.7063504,0.71047235,0.719365,0.7139042,0.6923359,0.7033395,0.724569,0.71536815,0.71616584,0.73412776,0.69079125,0.71782786,0.7383308,0.701321,0.7077242,0.6970066,0.6839583,0.7254773,0.73643285,0.70332336,0.68419814,0.70126414,0.72442114,0.7083131,0.71429557,0.69614697,0.683656,0.6956707,0.6916527,0.7173136,0.6894942,0.70946056,0.7108109,0.74816644,0.7022434,0.70837545,0.70733935,0.7031297,0.7003131,0.6964031,0.69185203,0.70596397,0.70381653,0.7092652,0.7043623,0.73829305,0.70833343,0.71446276,0.69722164,0.7054258,0.6976335,0.7001478,0.71578425,0.7182648,0.7099946,0.69754624,0.71249217,0.7070643,0.70275295,0.7028672,0.69116014,0.70394653,0.7195316,0.71090555,0.72137344,0.72522527,0.70706874,0.68588746,0.7083567,0.6970986,0.7059746,0.72991306,0.6984806,0.7166102,0.7310655,0.6911052,0.68951046,0.69984174,0.7016283,0.72244143,0.70150465,0.6874273,0.7036586,0.704123,0.70900685,0.6939453,0.7149816,0.69078195,0.71046525,0.70288056,0.6762634,0.7225089,0.71965766,0.7199115,0.72065204,0.7021482,0.71130973,0.69019365,0.71238387,0.7225974,0.7197431,0.7034818,0.7236092,0.7112959,0.7155502,0.7010475,0.69962466,0.69708306,0.7137127,0.6889623,0.69802463,0.69362473,0.72135437,0.6964924,0.7355691,0.71310526,0.7150169,0.71782357,0.7003515,0.6979798,0.6983629,0.6961791,0.7198278,0.70429707,0.7179249,0.7026529,0.71317023,0.7172599,0.69544405,0.70265037,0.6966726,0.71573097,0.7003535,0.6899001,0.7115565,0.726387,0.6835823,0.72456247,0.7163514,0.7094242,0.69775,0.7284741,0.6992656,0.6885561,0.7106858,0.70348686,0.7286256,0.69143605,0.7134311,0.6941582,0.7194637,0.7106111,0.7004852,0.71873236,0.68412656,0.6914778,0.703491,0.68793416,0.69198126,0.6939086,0.72855383,0.73051035,0.7092723,0.70794153,0.7316889,0.6999534,0.7138272,0.70496154,0.71827376,0.7185575,0.7114985,0.709787,0.70932454,0.6979726,0.69735837,0.7089375,0.7251357,0.7263225,0.7086663,0.6973179,0.7218715,0.68362796,0.7021947,0.6880259,0.69996905,0.68451065,0.7066099,0.7099965,0.7109389,0.7114657,0.7037043,0.70179355,0.6945599,0.7140213,0.71261775,0.7107178,0.70689285,0.7032374,0.71680665,0.6793427,0.71824545,0.71320766,0.70049024,0.6999327,0.7002573,0.73504543,0.6979836,0.7000238,0.7043085,0.7158134,0.71353436,0.6913739,0.7125057,0.7121284,0.7190274,0.7137292,0.7037797,0.6978924,0.68401384,0.69165325,0.6982025,0.70933557,0.7030537,0.70099837,0.6980785,0.7139491,0.7219351,0.7063023,0.7051018,0.6960857,0.7168694,0.69347596,0.70362765,0.7090544,0.7026033,0.69249994,0.6842637,0.70746285,0.714355,0.687598,0.687568,0.7199998,0.724977,0.7098151,0.7173051,0.72732174,0.73913413,0.69616485,0.70370483,0.70740753,0.71076983,0.7092719,0.6781698,0.7031232,0.7195814,0.6997134,0.71048784,0.7006611,0.7138124,0.72330964,0.7077087,0.68782216,0.7249577,0.7027935,0.7059385,0.6994037,0.6983935,0.7192988,0.71985465,0.71335715,0.7273719,0.69789165,0.7017641,0.713849,0.717226,0.69806004,0.7118568,0.707531,0.6966402,0.72210735,0.7008543,0.7017365,0.6848819,0.70502645,0.70429,0.71784234,0.6973571,0.7107851,0.7241455,0.7317262,0.7086154,0.72573906,0.724334,0.7194699,0.7027166,0.6890247,0.71341604,0.71042013,0.69845,0.70582926,0.70247954,0.7051776,0.7104386,0.70715106,0.71259576,0.7165787,0.72393805,0.71801543,0.7100544,0.7030725,0.6923043,0.6995798,0.69476885,0.70844966,0.71149874,0.70072746,0.69782674,0.7065559,0.7053533,0.7132682,0.6946832,0.72750866,0.70029324,0.7275661,0.7072792,0.73999107,0.71969855,0.7191813,0.67968446,0.68976617,0.7060095,0.7057265,0.7070773,0.7310932,0.7304247,0.72014517,0.7274191,0.70378566,0.7082548,0.6920673,0.7159871,0.688907,0.70797056,0.72563857,0.7083256,0.72137666,0.68624204,0.70697874,0.7159063,0.7106881,0.70596904,0.6943079,0.7026689,0.69999045,0.7008078,0.69438684,0.7068462,0.70326287,0.7323669,0.7124902,0.7158201,0.7148979,0.7078382,0.7279305,0.70150435,0.7072318,0.69912183,0.6983246,0.71575904,0.7164789,0.7429876,0.6963499,0.6912041,0.6998798,0.7040876,0.7194973,0.7177258,0.6963951,0.6908729,0.6963824,0.714156,0.7159929,0.6827065,0.719432,0.72395533,0.7143756,0.6991344,0.70979494,0.7178023,0.70487195,0.69241184,0.70150167,0.70620793,0.6982677,0.7127899,0.69673616,0.70380425,0.7027818,0.729381,0.66947734,0.7070467,0.719823,0.6984934,0.6990746,0.69119,0.7240526,0.7331148,0.7321204,0.70410144,0.7019315,0.71541816,0.7281741,0.71794385,0.7277088,0.7094382,0.69814575,0.73314387,0.6977563,0.6996978,0.70469856,0.6844921,0.7227875,0.6845209,0.7069901,0.70956314,0.6836206,0.7123703,0.71162415,0.71717364,0.7059536,0.70385844,0.72775495,0.7134532,0.71967936,0.7025863,0.7113968,0.7117739,0.7109223,0.69324815,0.71136403,0.73144674,0.7275735,0.7238424,0.7138664,0.7158916,0.68380016,0.71104044,0.6919427,0.7173889,0.7182655,0.7109998,0.71113294,0.70622665,0.6987775,0.7064821,0.72162795,0.7074064,0.7161547,0.69311136,0.7021897,0.69216603,0.71534216,0.7226097,0.7065719,0.7013471,0.70868534,0.7089451,0.6975935,0.71682227,0.7001282,0.6939124,0.7279173,0.7034687,0.70641994,0.7169985,0.7016311,0.7272792,0.7145912,0.69983274,0.69696355,0.697013,0.7306143,0.71578956,0.7175176,0.71919274,0.7084824,0.70870507,0.68648934,0.7193184,0.7043472,0.69096875,0.72092307,0.7084852,0.6992388,0.7060937,0.7071052,0.7362006,0.71039283,0.7050059,0.698906,0.72172654,0.6971902,0.68850553,0.71227074,0.70569915,0.7155071,0.7089323,0.7032745,0.71107584,0.7100949,0.73861885,0.714564,0.726344,0.72670627,0.70010865,0.7048537,0.7203224,0.67967314,0.7305622,0.68750495,0.70337766,0.72064215,0.7044069,0.7119534,0.70865375,0.69990665,0.68678844,0.6981748,0.7222506,0.7126813,0.7057104,0.70466477,0.6997665,0.68893296,0.69679266,0.70803094,0.69468033,0.70202905,0.7076368,0.69250596,0.71470684,0.7007862,0.7076202,0.69940287,0.69708365,0.71886367,0.70530915,0.70443803,0.716202,0.70981205,0.7346255,0.72726667,0.6972148,0.72007537,0.7010256,0.7059965,0.69376695,0.7065889,0.7040969,0.7239061,0.69950604,0.71575475,0.74185544,0.7114326,0.7180401,0.72570753,0.7127018,0.7004514,0.70905656,0.6982002,0.69683,0.691707,0.7281774,0.72198504,0.7055701,0.7196855,0.71622896,0.70872873,0.6856296,0.71250075,0.7398582,0.69472915,0.6937499,0.70353776,0.72469485,0.6732984,0.6825086,0.6940822,0.69541794,0.7307016,0.72044605,0.6964877,0.7373766,0.6908112,0.7147779,0.6963084,0.6887592,0.69629335,0.7078482,0.6929779,0.7049521,0.7363203,0.7237601,0.70197386,0.72412694,0.71877027,0.70853895,0.69403344,0.70058775,0.71689284,0.73221326,0.6906682,0.7051982,0.70012146,0.72929776,0.7165426,0.71072865,0.7211848,0.7236227,0.7021776,0.6910583,0.70137995,0.7135546,0.7052863,0.7202698,0.7161684,0.69429874,0.6946055,0.6872511,0.6946238,0.7137805,0.7061034,0.7298819,0.69865966,0.72222036,0.70452,0.7065295,0.7106217,0.6883575,0.7097736,0.7129189,0.69749135,0.6973625,0.69465566,0.7068849,0.70800585,0.70418954,0.7114426,0.6975739,0.7017946,0.69408625,0.7137446,0.6930771,0.7169879,0.7258266,0.6914109,0.7000867,0.7217716,0.70044816,0.6816477,0.71025604,0.7058409,0.69049877,0.71418095,0.6969466,0.71309245,0.74024636,0.68868554,0.7154177,0.7062228,0.72669804,0.72181594,0.7252284,0.71929204,0.6897065,0.7013561,0.7050186,0.7048815,0.7128537,0.69095826,0.698118,0.7180905,0.71754193,0.70449704,0.7153851,0.7242206,0.7189287,0.7159652,0.6891893,0.70010585,0.7244178,0.71974534,0.7005958,0.68894255,0.69631296,0.7020509,0.71111125,0.6925946,0.68870056,0.6929859,0.69584763,0.7027088,0.70206714,0.7058589,0.6921433,0.68652123,0.708405,0.6983635,0.72582066,0.7272281,0.704903,0.7027175,0.72306573,0.71900487,0.6988547,0.709688,0.7010825,0.707978,0.7346951,0.723629,0.7190777,0.6949368,0.69782937,0.69234145,0.7048004,0.70765114,0.7106958,0.7207667,0.7186783,0.7254817,0.7202079,0.70137244,0.6891379,0.7391485,0.6836872,0.6954824,0.72584057,0.69810545,0.7315821,0.6859364,0.717796,0.706426,0.7379971,0.71438885,0.7206262,0.68985116,0.70845646,0.7248912,0.7102462,0.69686884,0.70564437,0.72223127,0.70678717,0.7225759,0.7206224,0.7078799,0.70926505,0.69780004,0.71872264,0.70960605,0.72184503,0.6908622,0.69359213,0.70026684,0.7085207,0.70857114,0.70396644,0.7105313,0.72056264,0.72352284,0.70011127,0.7219305,0.7157585,0.7079988,0.6985661,0.72354007,0.7055049,0.69080955,0.68894964,0.71417403,0.7068207,0.7226927,0.69722754,0.7324977,0.6889553,0.72249854,0.70524704,0.716903
0.95310414,0.9740729,0.9753608,0.9720424,0.94445306,0.9962315,0.9615101,0.96809804,0.96456087,0.97821385,0.98920125,0.9376805,0.9692161,0.98109734,0.9722353,0.98580396,0.96824133,0.9476685,0.9616269,0.9906813,0.97743744,0.9670845,0.9702194,0.97818506,0.99134004,0.9537895,0.981441,0.9574998,0.96807104,0.9510121,0.94983184,0.9975293,0.9679542,0.9926312,0.98115087,0.99682474,0.9552289,0.9546466,0.977843,0.9836602,0.9679899,0.97004193,0.95768046,0.9848583,0.9782763,0.92807966,0.9464845,0.986947,0.96914166,0.93456465,0.95571417,0.9691136,0.9453374,0.9734529,0.95766276,0.94535226,0.9836552,0.97270554,0.9588008,0.96994716,0.9507592,0.9617475,0.9729233,0.94678503,0.934307,0.97006613,0.96972185,0.9649742,0.9572917,0.93064606,0.9806305,0.95792526,0.95793396,0.972329,0.9799219,0.9542363,0.96335363,0.998461,0.9689877,0.9725871,0.98237157,1.0155704,0.9374829,0.97548574,0.96528035,0.9735172,0.9642114,1.0025809,0.9607619,0.9446597,0.96109706,0.9502951,0.9867337,0.97736007,0.9636068,0.9898652,0.9774079,0.95037067,0.9912787,0.9598968,0.97524595,0.95474446,0.97014767,0.9870928,0.9257013,0.9715576,0.97235256,0.944866,0.9516131,0.9787801,0.9544855,0.94358426,0.9468559,0.9917099,0.96329635,0.9926547,0.9668822,0.96164876,0.9604585,0.94549346,0.96483517,0.9574904,0.95985144,0.9695815,0.9501946,0.98692924,0.9695639,0.9720961,0.9453208,0.95071375,0.98607713,0.97039956,0.9593288,0.96802855,0.9498709,0.94822025,0.9831262,0.96688974,0.96206313,0.965732,0.96484596,0.9476892,0.9651587,0.94669676,0.9742067,0.9519153,0.9733742,0.9566349,0.947173,0.96780527,0.97582424,0.9760117,0.9676193,0.977204,0.9716445,0.92504877,0.9642373,0.996983,0.9614821,0.97754234,0.9500672,0.9887406,0.98501223,0.9672005,0.9578618,0.93927944,0.9557731,0.97734463,0.9780658,0.9446398,0.9439882,0.95211446,0.9708175,0.96056086,0.97500706,0.95977247,0.96293724,0.95982975,0.97617173,0.9575924,0.9824598,0.9809572,0.951389,0.98692954,0.9716555,0.9522155,0.95984024,0.95194423,0.95139396,0.9532084,0.96152514,0.9782815,0.9419047,0.9785159,0.9619804,0.9718441,0.9529417,0.96419406,0.94774735,0.9709435,0.98211855,0.97040194,0.96236813,0.9709785,0.9723467,0.9609217,0.97566825,0.9677023,0.95460325,0.9753474,0.97523,0.9802309,0.9845923,0.95346797,0.97843564,0.9827944,0.96440697,0.9745711,0.99248004,0.9624718,0.95895076,0.9824582,0.9826942,0.9672946,0.954914,0.95307755,0.9845507,0.94674313,0.9539815,0.97455734,0.99816453,0.9547241,0.9436009,0.965013,0.96349066,0.96550214,0.9662856,0.94416845,0.9736027,0.96505505,0.9544838,0.9743134,0.9455832,0.97608715,0.98158723,0.9707718,0.95402265,0.96808606,0.9528254,0.9772376,0.9592616,0.9476391,0.957957,0.9734949,0.95471686,0.9804865,0.9654001,0.9885741,0.9472459,0.97452426,0.95980966,0.97360384,0.97875834,0.95838636,0.95460945,0.9913781,0.9675323,0.9780049,0.97777253,0.97623086,0.9653691,0.95895875,0.95812076,0.9624203,0.9718766,0.97359294,0.9468041,0.9870298,0.9687273,0.9582694,0.971236,0.95680004,0.96769035,0.98635316,0.945662,0.96177787,0.97537225,0.95922613,0.96469414,0.9425428,0.96392894,0.9630079,0.96833616,0.95753175,0.96766806,0.9532923,0.9529611,0.96431166,0.9707199,0.9501074,0.9773862,0.9803968,0.95290184,0.9722997,0.98588556,0.9905256,0.9746583,0.96422184,0.97130877,0.955823,0.9690865,0.9514076,0.96442294,0.9511672,0.96687055,0.9763458,0.9487106,0.94901115,0.97824025,0.9444566,0.97537667,0.96969837,0.96371615,0.9400761,0.9504711,0.96163535,0.9750043,0.9811926,0.96097857,0.96092075,0.95970774,0.95905155,0.9410866,0.9647494,0.9811678,0.94392097,0.98766124,0.9578353,0.96203136,0.9553474,0.94810724,0.9536257,0.96016586,0.94337535,0.9531252,0.9526991,0.960731,0.98037827,0.95577174,0.97129434,0.972059,0.95523167,0.9788104,0.97859156,0.955855,0.9556512,0.95861024,0.9612726,0.9904736,0.9626779,0.96513605,0.94860494,0.97316664,0.9669897,0.9365194,0.9595218,0.9501575,0.9604958,0.9794207,0.9445326,0.9454275,0.9657939,0.9956186,0.9753381,0.96021783,0.97381705,0.97743195,0.954557,0.9598899,0.9631604,0.9830425,0.96074533,0.96617454,0.95414925,0.9891658,0.9610291,0.95584524,0.96196085,0.9694713,0.96813184,0.9401265,0.9500761,0.9799002,0.955957,0.9774419,0.9715884,0.9532732,0.96417975,0.9613933,0.95472836,0.9901743,0.95457834,0.95785666,0.965141,0.95614254,0.9790785,0.97210157,0.9845952,0.9526917,0.96439385,0.99056685,0.932105,0.96872723,0.9718502,0.9532869,0.9532847,0.96493196,0.9985796,0.9707231,0.9620348,0.96455395,0.94300723,0.9612373,0.972619,0.96159905,0.9579008,0.969835,0.9531965,0.9849911,0.9671373,0.952096,0.9752469,0.960678,0.9614339,0.9600968,0.95295835,0.9573436,0.9698156,0.970563,0.973386,0.9621783,0.93659556,0.9745523,0.95087284,0.9552364,0.9683817,0.9574644,0.9501414,0.96508145,0.97711873,0.9691203,0.9532843,0.98727626,0.97223157,0.99343425,0.95941955,0.98130184,0.97231084,0.9758557,0.9485499,0.9702826,0.9637609,0.94546455,0.9787754,0.96007097,0.9551277,0.95783436,0.9397201,0.96894586,0.9722491,0.9925504,0.95286983,0.98139155,0.9433235,0.9867611,0.93242925,0.9695296,0.9529366,0.95516205,0.97052795,0.981993,0.96444887,0.9790882,0.9586462,0.98163486,0.95943254,0.962466,0.95145404,0.9926589,0.9446112,0.9803926,0.9624256,0.9790673,0.96928334,0.9599498,0.96911603,0.99621046,0.9643754,0.96575296,0.95492417,0.96115786,1.0004616,0.96736383,0.97300166,0.95813966,0.9596266,0.9596745,0.96888334,0.9682596,0.9456679,0.96935076,0.94561774,0.9772612,0.9927488,0.9543184,0.9807656,0.9609749,0.9770816,0.9778853,0.9813459,0.9592944,0.9633353,0.9514718,0.9726092,0.95949805,0.96016514,0.9916755,0.973965,0.96764237,0.99157083,0.95053715,0.94242764,0.9601348,0.9675446,0.95905906,0.9880288,0.9658518,0.9819408,0.9766109,0.9506947,0.98396283,0.9598758,0.97628385,0.97644377,0.94753826,0.97870606,0.96988356,0.9600902,0.95996016,0.9697065,0.9682543,0.9433102,0.9614011,0.95677626,0.9646253,0.9713027,0.9603119,0.9716368,0.9459565,0.9814774,0.97902507,0.9674363,0.969482,0.94970137,0.9478706,0.959764,0.97876936,0.9316452,0.9574595,0.9631197,0.9728887,0.9490757,0.97143924,0.98549247,0.95594037,0.96449476,0.97183365,0.9662918,0.9768561,0.94939476,0.9638168,0.9648359,0.98118633,0.9645102,0.9580903,0.96423817,0.97097856,0.9667533,0.9620024,0.9526516,0.9452659,0.98293245,0.9576432,0.98000085,0.95247453,0.9483507,0.96534014,0.95424926,0.9842309,0.9917879,0.97400826,0.9585126,0.95184803,0.9582675,0.9544544,0.9329539,0.98680353,0.9625235,0.957597,0.94814014,0.9836145,0.9499263,0.9592007,0.9563076,0.9805904,0.95857537,0.9556693,0.96631527,0.98482937,0.97201616,0.9685848,0.98715806,0.97499555,0.9972058,0.9680842,0.9608305,0.9692693,0.9511061,0.9938411,0.9370563,0.966991,0.95370525,0.93912196,0.97530824,0.9421855,0.94530106,0.95586026,0.9569588,0.9683325,0.9512481,0.96832585,0.97420305,0.9500205,0.9867742,0.9644663,0.9846304,0.93944097,0.9861336,0.9759117,0.9519844,0.9615749,0.9429684,0.9728096,0.98497534,0.9617865,0.9479764,0.98670727,0.95623827,0.96590537,0.94404614,0.95120335,0.9622531,0.9435101,0.96837926,0.97857326,0.93020034,0.9614862,0.96839213,0.9586358,0.9897506,0.9837885,0.9625685,0.947773,0.98156095,0.9649723,0.9556993,0.9504574,0.96284723,0.9567469,0.9582149,0.9654137,0.9677451,0.94806415,0.9465326,0.94694495,0.9725642,0.9640987,0.9652191,0.97875917,0.93705094,0.9690889,0.94678605,0.93838245,0.99570566,0.96406615,0.9881562,0.9629417,0.9492135,0.9811713,0.94393677,0.95572066,0.9609806,0.9352442,0.9756649,0.98546195,0.9520403,0.9630224,0.9569418,0.9799952,0.98733234,0.98478,0.9696958,0.97544664,0.9780423,0.9638357,0.9568356,0.9654298,0.9571937,0.9869408,0.9828187,0.9730946,0.9578588,0.9822225,0.9536862,0.97840077,0.96119165,0.96154976,0.94515663,0.96162605,0.94490576,0.9594239,0.9302765,0.9744658,0.9904984,0.96744585,0.9761755,0.96871454,0.97572607,0.94185203,0.93624127,0.9714066,0.9685641,0.9651025,0.94261944,0.9623961,0.96406174,0.9599299,0.97958434,0.97233886,0.94642484,0.9396899,0.9664903,0.98003614,0.9683411,0.962162,0.9371366,0.94515777,0.98716956,0.9475159,0.97128594,0.9407613,0.9648984,0.984448,0.97669584,0.9771827,0.9729345,0.9661229,0.9816378,0.9513172,0.977807,0.97096527,0.9948307,0.97194105,0.96798354,0.96658206,0.9560851,0.9621025,0.95789003,0.96032625,0.96108395,0.96604943,0.9694742,0.9459334,0.95360434,0.9591627,0.9593067,0.97971094,0.9611197,0.9634467,0.9693781,0.9435893,0.9745706,0.97754,0.95980376,0.932232,0.95927817,0.9711591,0.95129603,0.95527756,0.946495,0.9582052,0.9892435,0.97271466,0.9635845,0.98849654,0.94988996,0.94479376,0.94659245,0.98653305,0.9576817,0.9680551,0.9566075,0.9679161,0.9789251,0.9702101,0.9701498,0.97271144,0.9617064,0.96265346,0.94729924,0.98791635,0.9705249,0.969916,0.9695176,0.96018344,0.9787204,0.9775786,0.959064,0.9347375,0.9735621,0.9812744,0.9450813,0.9549565,0.9714299,0.94723785,0.96007705,0.9783771,0.9656996,0.965812,0.973238,0.9261598,0.95195955,0.98308843,0.95478475,0.98728746,0.9574812,0.986824,0.97300684,0.9643143,0.9780949,0.9699484,0.96417767,0.9760585,0.9381875,0.96876305,0.95329183,0.9757543,0.96685916,0.9647365,0.977958,0.9631634,0.98127675,0.93017143,0.9810795,0.9646438,0.9557543,0.97851497,0.9683251,0.96670043,0.9627036,0.96131724,0.94110525,0.96818906,0.95014906,0.94657284,0.96011174,0.9981994,0.9599439,0.974221,0.96211815,0.97585136,0.94918746,0.96979237,0.9674224,0.9676768,0.9706634,0.94025826,0.96900904,0.9637709,0.9788845,0.98319834,0.9576668,0.957777,0.9764968,0.9907276,0.9587962,0.97385836,0.9500208,0.970154,0.9685345,0.9473897,0.9524635,0.9763196,0.9773838,0.96520394,0.9391483,0.95264655,0.97027546,0.9982093,0.9587726,0.9381768,0.94174343,0.94720334,0.9689854,0.9534536,0.9886737,0.96815413,0.96001345,0.94346863,0.9644595,0.95723236,0.9778702,0.9841356,0.959061,0.96780914,0.97972655,0.9687403,0.9801744,0.95212775,0.9811383,0.97686017,0.9794729,0.966948,0.95855933,0.95902324,0.9601774,0.9808077,0.9626845,0.97469133,0.95645016,0.97345144,0.9801309,0.9611,0.9633902,0.94968116,0.9634711,0.9273931,0.9394006,0.97126484,0.9647097,0.97657007,0.983807,0.95904285,0.94847286,0.96773016,0.95313257,0.97010064,0.9455349,0.9678714,0.98104405,0.97133917,0.96112615,0.94141436,0.9733018,0.9624692,0.9723641,0.96209824,0.9682857,0.93914247,0.94830227,0.96921563,0.972578,0.9622828,0.9511843,0.97630477,0.95143336,0.9745497,0.9455301,0.96506,0.96983767,0.96607935,0.95583403,0.9508917,0.98092073,0.98415303,0.96327955,0.9889683,0.98395586,0.99073327,0.9552091,0.92942065,0.98371255,0.95497066,0.9605863,0.9785571,0.98343265,0.9525507,0.9562469,0.9757365,0.9790534
1.0935562,1.1058671,1.095,1.1004881,1.0870509,1.109083,1.099193,1.100526,1.1083385,1.1106018,1.1000559,1.0747911,1.114606,1.0999739,1.1170394,1.0931191,1.1098994,1.0899026,1.0980009,1.1067864,1.1023103,1.0824225,1.1004802,1.0941118,1.105209,1.0893683,1.0837041,1.0987705,1.0843732,1.081043,1.0785164,1.099546,1.0890017,1.1036823,1.086203,1.124564,1.0763044,1.091694,1.0856293,1.1000336,1.0876642,1.1000439,1.1175045,1.1007,1.0989674,1.0765702,1.0863853,1.110364,1.0979518,1.0870306,1.0866271,1.097334,1.0805674,1.0832615,1.0984448,1.0934439,1.0896157,1.1127539,1.0915716,1.081599,1.0839841,1.0756464,1.1027355,1.0928603,1.0665838,1.0939666,1.1023997,1.1234703,1.0695567,1.0794349,1.1124327,1.0935831,1.0933741,1.1095638,1.0922767,1.0776281,1.0862395,1.0921509,1.102263,1.0923193,1.1104057,1.1064409,1.0955806,1.0833571,1.1007937,1.0994046,1.1020917,1.1124222,1.0745835,1.0967166,1.0921264,1.0659666,1.1010096,1.1153003,1.0882466,1.0957031,1.0974158,1.0806434,1.1174327,1.0994112,1.0794462,1.0728234,1.1044728,1.1036903,1.0493104,1.0947406,1.0929633,1.0779961,1.0860898,1.0960256,1.0947375,1.0969076,1.0978562,1.1175541,1.0884886,1.0895579,1.1222113,1.0742822,1.112111,1.0662789,1.0758275,1.0999464,1.08477,1.0929161,1.0999508,1.0972797,1.1140509,1.0894829,1.0784899,1.092355,1.0995922,1.085008,1.088859,1.0744913,1.1232147,1.1071558,1.0911031,1.0810775,1.0972769,1.1075501,1.0770689,1.101182,1.0867648,1.0818031,1.0886561,1.0867504,1.0885884,1.1085298,1.0867548,1.1052059,1.085455,1.1037298,1.1103188,1.1000955,1.1225595,1.0654898,1.0929513,1.0975581,1.0523548,1.1020677,1.0785375,1.1162862,1.1136063,1.0834956,1.0714439,1.0795795,1.1018745,1.0935088,1.1043438,1.0953304,1.0786493,1.1024661,1.089385,1.1045964,1.0863868,1.0991461,1.0887005,1.0757576,1.0860314,1.0916953,1.0977819,1.0744514,1.0887685,1.1273307,1.1147937,1.0759795,1.098922,1.0851169,1.0889437,1.0936588,1.0972306,1.1270638,1.0646577,1.096657,1.0776594,1.1007943,1.0721602,1.0909262,1.0981715,1.0904977,1.1172763,1.080445,1.0963644,1.0863888,1.0879573,1.1163723,1.1165136,1.0880927,1.0917374,1.0930989,1.0972046,1.0744764,1.0879405,1.0887016,1.10245,1.089574,1.0795672,1.0868762,1.1029134,1.0859791,1.0973277,1.0947728,1.1058269,1.0951766,1.1034825,1.09321,1.1092241,1.0776933,1.0958643,1.091493,1.0987641,1.1020561,1.0780143,1.0815738,1.1212003,1.1007019,1.0798337,1.0950493,1.1012121,1.0927129,1.0879462,1.1004697,1.0937896,1.1045054,1.1144004,1.087889,1.0882221,1.1028254,1.101366,1.1076568,1.0806576,1.0893592,1.0787679,1.089891,1.1032581,1.0869681,1.0965663,1.1187357,1.0732254,1.0976297,1.0941372,1.0708688,1.0987897,1.095638,1.0949444,1.1201787,1.1088166,1.1006072,1.115064,1.1269845,1.0957103,1.060598,1.0780333,1.1158174,1.0879571,1.0916165,1.0795028,1.084259,1.0843668,1.0820593,1.0861484,1.1020203,1.0811574,1.1002861,1.0846673,1.0914807,1.1050687,1.0884029,1.1113348,1.0608207,1.1062752,1.0799063,1.1063156,1.090962,1.0838236,1.1092188,1.1055745,1.102661,1.0940479,1.090802,1.0891886,1.1042119,1.073312,1.0898689,1.1263692,1.0996253,1.0993903,1.0884385,1.0876279,1.1237301,1.0918158,1.1043677,1.0753015,1.0858221,1.0996715,1.0926136,1.0739331,1.0795119,1.1020395,1.1089001,1.0909861,1.0841775,1.1085218,1.0666833,1.1089127,1.084899,1.1161691,1.0957212,1.0966842,1.0859507,1.0961906,1.0984321,1.0812585,1.0923898,1.0992024,1.0998564,1.1096877,1.079414,1.0712819,1.0834727,1.0905137,1.0862939,1.0897249,1.1016498,1.0999306,1.0854996,1.0863221,1.081379,1.0878094,1.1107769,1.0902193,1.0949179,1.1010771,1.1174723,1.1047429,1.0961918,1.1085824,1.0882349,1.1051302,1.0714331,1.0713735,1.0739366,1.0900995,1.0946388,1.1055913,1.0971038,1.0848099,1.0892783,1.1054492,1.0896367,1.0824212,1.0981843,1.0996152,1.0915616,1.1159842,1.107081,1.1017807,1.0926846,1.1059821,1.0756797,1.0871888,1.0795932,1.0794554,1.0652565,1.1024792,1.0680006,1.0958492,1.084677,1.1143713,1.0897081,1.0985185,1.0763192,1.1201458,1.0840713,1.085847,1.0978619,1.0869898,1.0990759,1.0793571,1.0892254,1.0985997,1.1011016,1.1083496,1.0941228,1.0965531,1.1085306,1.1085695,1.111538,1.0914285,1.0901666,1.0939436,1.0718261,1.1066247,1.1034151,1.09569,1.0738416,1.0948234,1.0936695,1.0718869,1.0885189,1.0634811,1.0938802,1.0921549,1.0920002,1.0982047,1.0938644,1.097011,1.0834011,1.1086928,1.097008,1.0923501,1.1007053,1.1065087,1.0941514,1.0967878,1.1027671,1.1007296,1.1027915,1.1110129,1.1022193,1.0929363,1.0851643,1.1125207,1.1050421,1.0781579,1.0868627,1.0799129,1.098846,1.1065001,1.1059351,1.0880722,1.0736432,1.0855747,1.0948144,1.0911431,1.1171982,1.124743,1.0888364,1.1018871,1.0953084,1.1047199,1.0918769,1.0767539,1.1031533,1.0743213,1.0888005,1.0755078,1.0616567,1.1059916,1.0797349,1.1284692,1.0974984,1.1095381,1.0986903,1.0959194,1.0637305,1.0986689,1.1058927,1.0866696,1.105962,1.102607,1.0887276,1.1006696,1.0798792,1.1069955,1.0635726,1.1040862,1.0806015,1.1132782,1.096169,1.1034747,1.0924704,1.1019468,1.08818,1.0735056,1.0720586,1.1047003,1.0915847,1.0780733,1.0939574,1.0995452,1.1393486,1.0751756,1.0950856,1.0881536,1.0859075,1.0902196,1.092115,1.0946405,1.1047672,1.0988446,1.0971106,1.1044152,1.114252,1.0973626,1.0932809,1.1194074,1.1155604,1.0984021,1.1208112,1.0820296,1.0881125,1.0684601,1.098797,1.0907167,1.097536,1.0973556,1.0989187,1.1010977,1.0915585,1.0872192,1.0947276,1.0725584,1.1040521,1.0968697,1.1007564,1.104417,1.1028111,1.1134255,1.0828977,1.1144868,1.1011702,1.0795331,1.0939642,1.0791456,1.0947515,1.0814793,1.0893286,1.0908486,1.088391,1.0942678,1.0709447,1.0930698,1.099993,1.095605,1.0895193,1.0918269,1.097091,1.0716236,1.0904434,1.1051219,1.0990956,1.0993955,1.0830907,1.0774413,1.0765095,1.0933135,1.0807692,1.0776309,1.0712993,1.08283,1.0773402,1.1049502,1.1211469,1.0729166,1.107388,1.0986363,1.1067859,1.100572,1.0931268,1.0951397,1.0925981,1.1011376,1.0854733,1.0946985,1.0934436,1.0864341,1.1024228,1.0800083,1.0939225,1.0868539,1.0900933,1.1189106,1.106959,1.0780896,1.0908082,1.1077356,1.1048344,1.1195105,1.1159711,1.0998967,1.0919148,1.0993943,1.0651886,1.0691254,1.0832044,1.0901061,1.1025652,1.1002442,1.1008974,1.110603,1.0774004,1.0970747,1.1053468,1.1219872,1.0886183,1.0892345,1.09908,1.0983938,1.0835162,1.0827775,1.0861605,1.0840135,1.1028581,1.0827817,1.0983297,1.0986805,1.0989165,1.1016705,1.0939673,1.0864604,1.0836079,1.0808524,1.0937444,1.0714495,1.0938458,1.1017303,1.0897658,1.0823194,1.072147,1.0846585,1.1044189,1.1017182,1.1128843,1.0983822,1.1072199,1.0842667,1.1119549,1.1069466,1.0685467,1.0876313,1.1076479,1.0846189,1.1044711,1.0861721,1.0876815,1.1231318,1.0841781,1.087372,1.0906272,1.059791,1.0751805,1.077243,1.0881532,1.1077236,1.0741043,1.1015033,1.0875622,1.0925684,1.1130933,1.1021237,1.0830237,1.0974375,1.0850875,1.0958794,1.0874765,1.1096193,1.0785487,1.0905623,1.084848,1.089196,1.0988528,1.090344,1.1071125,1.0770316,1.090591,1.0960649,1.1031514,1.0998834,1.0881131,1.1094099,1.0696703,1.0871032,1.1274726,1.1020331,1.1036457,1.082665,1.0450665,1.0889767,1.056185,1.0946779,1.0809692,1.074779,1.106809,1.1033875,1.1011037,1.1010025,1.0674374,1.082006,1.0953023,1.0915971,1.1021634,1.098749,1.0853755,1.093987,1.0941907,1.1047134,1.0898826,1.1144866,1.1130332,1.106889,1.0865574,1.116696,1.0967577,1.0991442,1.100064,1.1151768,1.0945904,1.1008792,1.094999,1.1104167,1.0845647,1.100241,1.1028166,1.0754663,1.0900489,1.0843927,1.0703706,1.0978717,1.0577621,1.0925468,1.0991719,1.0916102,1.0752786,1.0777392,1.0916302,1.0822977,1.099086,1.0760883,1.0736699,1.0755208,1.087803,1.081567,1.1073538,1.1103855,1.0916203,1.0680003,1.1064745,1.1081425,1.0939676,1.0997025,1.0969456,1.120381,1.0970391,1.1003048,1.1049639,1.0904201,1.1078786,1.0812823,1.0878499,1.0935742,1.0910048,1.0775957,1.0995955,1.0775071,1.111976,1.1122386,1.1014209,1.0972801,1.0794362,1.0610979,1.088933,1.0694145,1.1099598,1.1147788,1.091447,1.0899593,1.0943698,1.0718485,1.097942,1.1036452,1.0945212,1.0921282,1.112287,1.0800837,1.0991948,1.0955812,1.072272,1.0791676,1.0704781,1.0826648,1.1154608,1.0940273,1.1042093,1.104407,1.0552585,1.0690206,1.0825847,1.0841167,1.0906826,1.0909281,1.0966865,1.1088811,1.1056441,1.1124412,1.088747,1.1031505,1.067036,1.0951345,1.093564,1.1030746,1.1290911,1.1187178,1.0906082,1.0898299,1.0946788,1.0876126,1.0983223,1.0889163,1.1133676,1.0832654,1.0667353,1.0768007,1.0843275,1.0758138,1.103942,1.1091175,1.0889363,1.0905226,1.0967543,1.0897615,1.1074046,1.0988269,1.0787894,1.0969989,1.0878938,1.1034526,1.0764123,1.0736101,1.0880795,1.1050357,1.0967258,1.0919232,1.0892636,1.0788572,1.0829395,1.0926023,1.0974983,1.0763755,1.1134218,1.1025076,1.1207807,1.0853499,1.1117253,1.0994064,1.1057634,1.096194,1.0879151,1.0953107,1.0913916,1.0902642,1.0752575,1.0902148,1.0838921,1.1006849,1.11189,1.1213057,1.0766487,1.0900022,1.0961517,1.0764754,1.0924964,1.1043061,1.0988742,1.1005442,1.0947933,1.0801058,1.0894424,1.0950503,1.1038415,1.1089184,1.0787306,1.0925672,1.1115423,1.1096298,1.0796347,1.111115,1.0854509,1.1116539,1.0851362,1.0897251,1.0881742,1.1046418,1.1267942,1.0984801,1.0747744,1.094538,1.0915338,1.1069778,1.0665624,1.0881445,1.0670677,1.0767062,1.1283225,1.0811731,1.0936713,1.0823069,1.0992916,1.0718408,1.0883167,1.0789589,1.121499,1.0998739,1.0903167,1.1033349,1.1124082,1.1137387,1.0980582,1.0660844,1.0975432,1.0879159,1.1248705,1.088567,1.0876033,1.103055,1.0847249,1.0953611,1.0900878,1.0887111,1.1054503,1.115087,1.0882106,1.1007828,1.1074421,1.0801148,1.1151673,1.0762223,1.0904498,1.1090744,1.0815967,1.0739346,1.1019908,1.0919211,1.0929754,1.1089898,1.0702147,1.1105747,1.0816933,1.0806872,1.1180613,1.0912315,1.1027681,1.0751468,1.0966735,1.0988325,1.0932918,1.081775,1.0807542,1.0628921,1.0908003,1.0991209,1.0915077,1.1013978,1.0807049,1.1018581,1.0770193,1.1070498,1.0758315,1.0957423,1.0810145,1.1101645,1.0941358,1.0801346,1.0821148,1.108428,1.0765177,1.1028678,1.1021897,1.1082326,1.0861526,1.085551,1.103762,1.098568,1.093962,1.0960655,1.0984367,1.0717157,1.0932084,1.088144,1.0935013
0.7915885,0.7968866,0.7809583,0.783768,0.79153466,0.80652755,0.79788053,0.7808479,0.8043761,0.8178715,0.7947194,0.7540835,0.8052012,0.7808141,0.82225466,0.7959179,0.8014221,0.7941082,0.8036803,0.81149274,0.7903063,0.79203635,0.79824066,0.7953871,0.81229866,0.79201,0.79458874,0.79764414,0.7791797,0.7959146,0.7782684,0.7990213,0.8105865,0.8071438,0.80951816,0.7950924,0.79067266,0.798802,0.801846,0.80043525,0.78636503,0.7827759,0.8045883,0.8245446,0.80998605,0.7865134,0.7959156,0.8056334,0.8101924,0.7955981,0.79025316,0.78437835,0.8003466,0.8088961,0.79755276,0.80276173,0.80317646,0.81157786,0.7863608,0.77293897,0.7936018,0.77390903,0.7839315,0.78657424,0.77910864,0.80638826,0.80954754,0.8109922,0.79511917,0.7792749,0.8197876,0.7912828,0.80256045,0.82130516,0.78923863,0.7951571,0.7883255,0.80152714,0.800542,0.7947572,0.7986329,0.7994638,0.794428,0.7940641,0.79040724,0.80151016,0.80072004,0.82068264,0.78251135,0.77282137,0.78540945,0.7764297,0.8116701,0.82124096,0.8016815,0.8093182,0.8111318,0.7725742,0.8100604,0.7995655,0.7820496,0.7681711,0.8060084,0.8027499,0.7795306,0.7786447,0.8079146,0.80150914,0.80387133,0.8012553,0.7916825,0.79513705,0.80146796,0.8181686,0.80434626,0.7930291,0.7977427,0.7913971,0.80687785,0.7706756,0.78134674,0.7956,0.7961311,0.79562604,0.77992773,0.81154335,0.7982381,0.79400504,0.7793214,0.82060695,0.8157422,0.79220563,0.7978402,0.7924186,0.8193475,0.7776831,0.79240316,0.78871995,0.80125093,0.7997973,0.7740968,0.80265665,0.7908666,0.7837166,0.788582,0.77052563,0.801702,0.80275637,0.78088003,0.7989791,0.79660195,0.7913594,0.8013386,0.80920756,0.80134934,0.7653747,0.7945706,0.7966525,0.7768531,0.79824,0.7893471,0.7944671,0.8244514,0.8149722,0.78755665,0.78313255,0.7967831,0.7869281,0.78823286,0.794524,0.7942312,0.80508065,0.8137951,0.80262715,0.7918602,0.802686,0.78787917,0.7869227,0.8065035,0.7985897,0.792749,0.76759005,0.7914586,0.81791085,0.7942493,0.7851692,0.8030518,0.79301137,0.781104,0.796665,0.8086526,0.81380755,0.7645286,0.7911661,0.79059345,0.8063374,0.7749107,0.8047557,0.7997826,0.80048764,0.79300106,0.80570865,0.78716165,0.81363297,0.7869652,0.8132826,0.8190458,0.7922869,0.7980099,0.79743665,0.8071507,0.7951068,0.78456444,0.7760658,0.8127019,0.7743597,0.7841215,0.78398097,0.80817103,0.78490627,0.8000615,0.79794854,0.8171541,0.79880697,0.820766,0.7790507,0.80359566,0.7822736,0.778947,0.8111626,0.78681886,0.8035767,0.7925229,0.77680063,0.81664234,0.7996361,0.8090567,0.76860684,0.77301216,0.80169976,0.7848435,0.81165326,0.78170466,0.7951924,0.8130687,0.8049821,0.79464734,0.79844564,0.79847634,0.8020643,0.78264904,0.7997185,0.7831904,0.7879871,0.80023485,0.78424716,0.7967913,0.80794066,0.7997637,0.8011662,0.8120829,0.7765032,0.8239019,0.80416113,0.81394535,0.8263288,0.8094096,0.8027478,0.8176878,0.81526095,0.8101166,0.78408325,0.7782417,0.80511516,0.7942032,0.80904347,0.78061545,0.8020263,0.7981591,0.7784635,0.7971772,0.8094747,0.78355384,0.8068517,0.78268707,0.79612267,0.8261805,0.80379796,0.7923675,0.78049,0.80390346,0.77988905,0.8088586,0.804784,0.79973817,0.8151032,0.79059935,0.795171,0.81450486,0.78876996,0.7997996,0.8138809,0.7857182,0.8032773,0.8214627,0.7962986,0.80400026,0.7950694,0.79115504,0.8051374,0.8032313,0.80262536,0.7931957,0.788323,0.80289084,0.81504065,0.80087596,0.77668315,0.8106841,0.8032497,0.798964,0.78421825,0.8047915,0.7793732,0.7913879,0.80105764,0.80955434,0.80544704,0.78650856,0.79309326,0.79245514,0.80046755,0.7941363,0.7938405,0.82141376,0.78842473,0.80970716,0.7704443,0.768963,0.7825671,0.79380774,0.773823,0.8055759,0.8036213,0.7887251,0.7977745,0.78841746,0.78313774,0.8010591,0.81824565,0.7811246,0.79203993,0.8025398,0.8144234,0.80816203,0.7890154,0.79710865,0.79225856,0.8082937,0.76408106,0.79602844,0.7793433,0.7878226,0.7917238,0.786583,0.7957049,0.79640186,0.77382094,0.80912864,0.80705374,0.7882146,0.7985267,0.8068335,0.7989693,0.79873806,0.7950848,0.81868726,0.791304,0.78902656,0.7845401,0.7937413,0.7761918,0.8050458,0.769446,0.8173382,0.7809932,0.8017837,0.7959467,0.8177581,0.7908782,0.80857617,0.7840562,0.8124068,0.77582455,0.79740644,0.7933706,0.7889818,0.7743245,0.7814468,0.80079514,0.79712075,0.7740598,0.8120964,0.7820521,0.79915786,0.8071236,0.7890248,0.8067268,0.79922867,0.7987192,0.8044116,0.79110676,0.80316335,0.8039559,0.8040409,0.81877804,0.7957769,0.7979788,0.78903246,0.78136545,0.7825227,0.8006225,0.7913512,0.8015513,0.8007504,0.7857159,0.79703134,0.7724974,0.795018,0.7850718,0.79686826,0.7976366,0.7974501,0.7928657,0.80149084,0.7940018,0.7969184,0.80373186,0.8031509,0.7886662,0.81071305,0.7770728,0.8081217,0.8123854,0.8008165,0.79516286,0.7713414,0.7909841,0.79803437,0.812153,0.8204993,0.7714693,0.8061301,0.80294865,0.803584,0.8125307,0.8218666,0.8047032,0.8023552,0.79273564,0.7964294,0.80068594,0.772107,0.7924952,0.78437334,0.7853153,0.78370017,0.7706757,0.80349654,0.7816793,0.8251185,0.7892363,0.79686546,0.7914037,0.7858597,0.7835054,0.7828274,0.80030316,0.801047,0.7953334,0.8111628,0.7888983,0.8018692,0.77331835,0.80130047,0.774712,0.8083475,0.77226657,0.79993767,0.80077064,0.7856609,0.7920746,0.7939131,0.7973088,0.7728441,0.77809775,0.80119634,0.797696,0.8011728,0.80734384,0.79215974,0.8365395,0.7913546,0.8072537,0.79582155,0.7719456,0.7807605,0.8018918,0.80532104,0.8103594,0.78240466,0.7960871,0.79873246,0.8070062,0.79749024,0.79396504,0.7946304,0.8097651,0.8105129,0.8158047,0.7945138,0.79642034,0.78573406,0.7988934,0.80558723,0.8231193,0.81596124,0.7814462,0.7877983,0.7867052,0.77688223,0.8079788,0.76558936,0.80877274,0.79497623,0.80911833,0.8121564,0.7986797,0.8257185,0.787633,0.8100182,0.7765847,0.8048142,0.80869997,0.77358973,0.79343235,0.79687023,0.79124033,0.7824342,0.7782396,0.78161126,0.79390836,0.7950259,0.80522543,0.78732944,0.78255546,0.7902477,0.78180015,0.76992863,0.7875608,0.8032108,0.80430835,0.79597104,0.7746451,0.78731143,0.7593868,0.80542177,0.79790866,0.807735,0.7941831,0.786095,0.7938819,0.77948785,0.8331437,0.79540867,0.81002843,0.79004014,0.802627,0.80773646,0.7961803,0.77316415,0.800206,0.8234542,0.79290444,0.7856847,0.8006467,0.784044,0.8006343,0.780572,0.7782611,0.7786402,0.7859106,0.81514317,0.8088568,0.79543096,0.78816223,0.79556465,0.7790761,0.8262588,0.8160534,0.8129665,0.8024708,0.7995949,0.8001573,0.78331226,0.8107239,0.8211126,0.81274235,0.8145486,0.8186,0.8145488,0.7783614,0.7965045,0.8055988,0.82984054,0.7942223,0.7649632,0.7894486,0.809722,0.78968906,0.7884914,0.79205495,0.8002291,0.80982256,0.77870214,0.80490386,0.8197969,0.77823585,0.8309817,0.7891247,0.79017234,0.8136199,0.77779585,0.7901786,0.7815889,0.7882161,0.80274916,0.79207474,0.7868347,0.79000926,0.78270257,0.8171021,0.7934844,0.80237645,0.8129196,0.81510204,0.770451,0.81043184,0.8057504,0.77215743,0.7912505,0.8043377,0.77459073,0.820163,0.7944874,0.79408383,0.806955,0.79159755,0.79431134,0.79780835,0.75378686,0.779069,0.7898781,0.8123351,0.8138994,0.77595603,0.80063814,0.78875446,0.7877816,0.80767536,0.8172262,0.8034052,0.7946085,0.7972928,0.8004329,0.78691643,0.8117396,0.80275345,0.7755626,0.7962886,0.80259085,0.7956827,0.7911191,0.7811876,0.77157277,0.80789423,0.8076299,0.79271543,0.812653,0.80294263,0.79777795,0.7730504,0.79929113,0.83279204,0.8000265,0.7971685,0.7779496,0.77182645,0.7682361,0.76154745,0.7827847,0.78445756,0.7726327,0.8176364,0.7910789,0.79819155,0.8074725,0.77515674,0.7948183,0.7926633,0.8236985,0.80937606,0.7949461,0.7888233,0.79175955,0.79257315,0.80199695,0.7972305,0.79113466,0.81361604,0.8135012,0.81263983,0.8018518,0.77427596,0.8071511,0.8037831,0.79658914,0.77327937,0.7961626,0.8005366,0.8140763,0.7946087,0.7896507,0.82602775,0.79892045,0.795289,0.79228574,0.7852808,0.7840394,0.76096386,0.80009454,0.7981091,0.8104475,0.78422594,0.79742765,0.7927838,0.8148737,0.8032877,0.788697,0.784662,0.79157233,0.8071777,0.79080063,0.7870209,0.8056245,0.7793717,0.78309435,0.8096203,0.80825865,0.7826613,0.78333193,0.81787246,0.8152677,0.78393704,0.8181254,0.7958958,0.7799956,0.80517966,0.77989435,0.78562397,0.78995246,0.8019511,0.7965745,0.8124545,0.7987225,0.8265905,0.78430855,0.7869102,0.79922694,0.777456,0.7761025,0.803077,0.7891416,0.8136572,0.80525094,0.78976315,0.7837031,0.78798854,0.77844644,0.8053349,0.7998923,0.81588787,0.78619355,0.79775006,0.7771104,0.7931416,0.79572785,0.77522534,0.7952129,0.7833577,0.7860302,0.80187273,0.81059295,0.80357635,0.80507076,0.774838,0.78321654,0.78592414,0.79204494,0.8055869,0.7995762,0.7907472,0.79681516,0.81745934,0.8018806,0.78503865,0.8162354,0.7763614,0.7992287,0.7784381,0.7892487,0.8029824,0.7944465,0.7785969,0.7959403,0.83213323,0.80132085,0.80481523,0.78668135,0.7917268,0.7977692,0.78346527,0.769225,0.7978619,0.78247535,0.8065513,0.8110652,0.79991907,0.80452174,0.79365957,0.78079116,0.7929214,0.7978237,0.774747,0.802428,0.77127147,0.79996073,0.7854238,0.778947,0.7976639,0.80287457,0.79160124,0.8073084,0.78414893,0.7911695,0.7779969,0.8037889,0.8043447,0.804106,0.8088304,0.7925012,0.80760646,0.79056877,0.8013986,0.8138272,0.79452276,0.8107672,0.79909575,0.8005926,0.792115,0.80643415,0.7735647,0.8018474,0.7910376,0.7963531,0.8227286,0.8201254,0.80072373,0.7998148,0.8101863,0.7810741,0.79361045,0.8099327,0.8160549,0.7970019,0.7978263,0.7815048,0.7984136,0.7913597,0.79091966,0.8077675,0.77748364,0.79543704,0.81199694,0.8191726,0.785589,0.7903228,0.8030313,0.79723185,0.790511,0.8017404,0.7907531,0.8023707,0.8195366,0.803315,0.7728714,0.8058582,0.78746176,0.80564994,0.7824833,0.7750602,0.78816265,0.7859845,0.80386186,0.780572,0.8011968,0.7994837,0.7968207,0.78501725,0.7909369,0.7832655,0.80795646,0.8047668,0.77659136,0.81335324,0.81384087,0.80201536,0.8009911,0.78494805,0.79839003,0.800335,0.81504226,0.78635544,0.7993652,0.8102774,0.80326027,0.790701,0.7928633,0.8044669,0.7981704,0.81034786,0.8043687,0.78606147,0.80620533,0.7796603,0.8233097,0.777043,0.78827167,0.7981278,0.77531296,0.77838415,0.819649,0.8040905,0.80508894,0.80210114,0.7876703,0.80315673,0.79166573,0.7882142,0.8152776,0.79666084,0.7894276,0.7783116,0.80867225,0.8126413,0.79879034,0.7954514,0.78562343,0.78826386,0.7796189,0.7984374,0.7857779,0.7880963,0.77800477,0.7859767,0.7913924,0.79543924,0.77375567,0.77549183,0.7869608,0.80585605,0.76809025,0.78783005,0.78533727,0.81526935,0.7930909,0.7988011,0.8057229,0.8050294,0.80187374,0.7791513,0.8000523,0.7864311,0.8167656,0.7975039,0.80796593,0.7688745,0.8051361,0.8104416,0.8021377
0.0,0.0,0.0,0.0,0.0,0.0,0.0,0.0,0.0,0.0,0.0,0.0,0.0,0.0,0.0,0.0,0.0,0.0,0.0,0.0,0.0,0.0,0.0,0.0,0.0,0.0,0.0,0.0,0.0,0.0,0.0,0.0,0.0,0.0,0.0,0.0,0.0,0.0,0.0,0.0,0.0,0.0,0.0,0.0,0.0,0.0,0.0,0.0,0.0,0.0,0.0,0.0,0.0,0.0,0.0,0.0,0.0,0.0,0.0,0.0,0.0,0.0,0.0,0.0,0.0,0.0,0.0,0.0,0.0,0.0,0.0,0.0,0.0,0.0,0.0,0.0,0.0,0.0,0.0,0.0,0.0,0.0,0.0,0.0,0.0,0.0,0.0,0.0,0.0,0.0,0.0,0.0,0.0,0.0,0.0,0.0,0.0,0.0,0.0,0.0,0.0,0.0,0.0,0.0,0.0,0.0,0.0,0.0,0.0,0.0,0.0,0.0,0.0,0.0,0.0,0.0,0.0,0.0,0.0,0.0,0.0,0.0,0.0,0.0,0.0,0.0,0.0,0.0,0.0,0.0,0.0,0.0,0.0,0.0,0.0,0.0,0.0,0.0,0.0,0.0,0.0,0.0,0.0,0.0,0.0,0.0,0.0,0.0,0.0,0.0,0.0,0.0,0.0,0.0,0.0,0.0,0.0,0.0,0.0,0.0,0.0,0.0,0.0,0.0,0.0,0.0,0.0,0.0,0.0,0.0,0.0,0.0,0.0,0.0,0.0,0.0,0.0,0.0,0.0,0.0,0.0,0.0,0.0,0.0,0.0,0.0,0.0,0.0,0.0,0.0,0.0,0.0,0.0,0.0,0.0,0.0,0.0,0.0,0.0,0.0,0.0,0.0,0.0,0.0,0.0,0.0,0.0,0.0,0.0,0.0,0.0,0.0,0.0,0.0,0.0,0.0,0.0,0.0,0.0,0.0,0.0,0.0,0.0,0.0,0.0,0.0,0.0,0.0,0.0,0.0,0.0,0.0,0.0,0.0,0.0,0.0,0.0,0.0,0.0,0.0,0.0,0.0,0.0,0.0,0.0,0.0,0.0,0.0,0.0,0.0,0.0,0.0,0.0,0.0,0.0,0.0,0.0,0.0,0.0,0.0,0.0,0.0,0.0,0.0,0.0,0.0,0.0,0.0,0.0,0.0,0.0,0.0,0.0,0.0,0.0,0.0,0.0,0.0,0.0,0.0,0.0,0.0,0.0,0.0,0.0,0.0,0.0,0.0,0.0,0.0,0.0,0.0,0.0,0.0,0.0,0.0,0.0,0.0,0.0,0.0,0.0,0.0,0.0,0.0,0.0,0.0,0.0,0.0,0.0,0.0,0.0,0.0,0.0,0.0,0.0,0.0,0.0,0.0,0.0,0.0,0.0,0.0,0.0,0.0,0.0,0.0,0.0,0.0,0.0,0.0,0.0,0.0,0.0,0.0,0.0,0.0,0.0,0.0,0.0,0.0,0.0,0.0,0.0,0.0,0.0,0.0,0.0,0.0,0.0,0.0,0.0,0.0,0.0,0.0,0.0,0.0,0.0,0.0,0.0,0.0,0.0,0.0,0.0,0.0,0.0,0.0,0.0,0.0,0.0,0.0,0.0,0.0,0.0,0.0,0.0,0.0,0.0,0.0,0.0,0.0,0.0,0.0,0.0,0.0,0.0,0.0,0.0,0.0,0.0,0.0,0.0,0.0,0.0,0.0,0.0,0.0,0.0,0.0,0.0,0.0,0.0,0.0,0.0,0.0,0.0,0.0,0.0,0.0,0.0,0.0,0.0,0.0,0.0,0.0,0.0,0.0,0.0,0.0,0.0,0.0,0.0,0.0,0.0,0.0,0.0,0.0,0.0,0.0,0.0,0.0,0.0,0.0,0.0,0.0,0.0,0.0,0.0,0.0,0.0,0.0,0.0,0.0,0.0,0.0,0.0,0.0,0.0,0.0,0.0,0.0,0.0,0.0,0.0,0.0,0.0,0.0,0.0,0.0,0.0,0.0,0.0,0.0,0.0,0.0,0.0,0.0,0.0,0.0,0.0,0.0,0.0,0.0,0.0,0.0,0.0,0.0,0.0,0.0,0.0,0.0,0.0,0.0,0.0,0.0,0.0,0.0,0.0,0.0,0.0,0.0,0.0,0.0,0.0,0.0,0.0,0.0,0.0,0.0,0.0,0.0,0.0,0.0,0.0,0.0,0.0,0.0,0.0,0.0,0.0,0.0,0.0,0.0,0.0,0.0,0.0,0.0,0.0,0.0,0.0,0.0,0.0,0.0,0.0,0.0,0.0,0.0,0.0,0.0,0.0,0.0,0.0,0.0,0.0,0.0,0.0,0.0,0.0,0.0,0.0,0.0,0.0,0.0,0.0,0.0,0.0,0.0,0.0,0.0,0.0,0.0,0.0,0.0,0.0,0.0,0.0,0.0,0.0,0.0,0.0,0.0,0.0,0.0,0.0,0.0,0.0,0.0,0.0,0.0,0.0,0.0,0.0,0.0,0.0,0.0,0.0,0.0,0.0,0.0,0.0,0.0,0.0,0.0,0.0,0.0,0.0,0.0,0.0,0.0,0.0,0.0,0.0,0.0,0.0,0.0,0.0,0.0,0.0,0.0,0.0,0.0,0.0,0.0,0.0,0.0,0.0,0.0,0.0,0.0,0.0,0.0,0.0,0.0,0.0,0.0,0.0,0.0,0.0,0.0,0.0,0.0,0.0,0.0,0.0,0.0,0.0,0.0,0.0,0.0,0.0,0.0,0.0,0.0,0.0,0.0,0.0,0.0,0.0,0.0,0.0,0.0,0.0,0.0,0.0,0.0,0.0,0.0,0.0,0.0,0.0,0.0,0.0,0.0,0.0,0.0,0.0,0.0,0.0,0.0,0.0,0.0,0.0,0.0,0.0,0.0,0.0,0.0,0.0,0.0,0.0,0.0,0.0,0.0,0.0,0.0,0.0,0.0,0.0,0.0,0.0,0.0,0.0,0.0,0.0,0.0,0.0,0.0,0.0,0.0,0.0,0.0,0.0,0.0,0.0,0.0,0.0,0.0,0.0,0.0,0.0,0.0,0.0,0.0,0.0,0.0,0.0,0.0,0.0,0.0,0.0,0.0,0.0,0.0,0.0,0.0,0.0,0.0,0.0,0.0,0.0,0.0,0.0,0.0,0.0,0.0,0.0,0.0,0.0,0.0,0.0,0.0,0.0,0.0,0.0,0.0,0.0,0.0,0.0,0.0,0.0,0.0,0.0,0.0,0.0,0.0,0.0,0.0,0.0,0.0,0.0,0.0,0.0,0.0,0.0,0.0,0.0,0.0,0.0,0.0,0.0,0.0,0.0,0.0,0.0,0.0,0.0,0.0,0.0,0.0,0.0,0.0,0.0,0.0,0.0,0.0,0.0,0.0,0.0,0.0,0.0,0.0,0.0,0.0,0.0,0.0,0.0,0.0,0.0,0.0,0.0,0.0,0.0,0.0,0.0,0.0,0.0,0.0,0.0,0.0,0.0,0.0,0.0,0.0,0.0,0.0,0.0,0.0,0.0,0.0,0.0,0.0,0.0,0.0,0.0,0.0,0.0,0.0,0.0,0.0,0.0,0.0,0.0,0.0,0.0,0.0,0.0,0.0,0.0,0.0,0.0,0.0,0.0,0.0,0.0,0.0,0.0,0.0,0.0,0.0,0.0,0.0,0.0,0.0,0.0,0.0,0.0,0.0,0.0,0.0,0.0,0.0,0.0,0.0,0.0,0.0,0.0,0.0,0.0,0.0,0.0,0.0,0.0,0.0,0.0,0.0,0.0,0.0,0.0,0.0,0.0,0.0,0.0,0.0,0.0,0.0,0.0,0.0,0.0,0.0,0.0,0.0,0.0,0.0,0.0,0.0,0.0,0.0,0.0,0.0,0.0,0.0,0.0,0.0,0.0,0.0,0.0,0.0,0.0,0.0,0.0,0.0,0.0,0.0,0.0,0.0,0.0,0.0,0.0,0.0,0.0,0.0,0.0,0.0,0.0,0.0,0.0,0.0,0.0,0.0,0.0,0.0,0.0,0.0,0.0,0.0,0.0,0.0,0.0,0.0,0.0,0.0,0.0,0.0,0.0,0.0,0.0,0.0,0.0,0.0,0.0,0.0,0.0,0.0,0.0,0.0,0.0,0.0,0.0,0.0,0.0,0.0,0.0,0.0,0.0,0.0,0.0,0.0,0.0,0.0,0.0,0.0,0.0,0.0,0.0,0.0,0.0,0.0,0.0,0.0,0.0,0.0,0.0,0.0,0.0,0.0,0.0,0.0,0.0,0.0,0.0,0.0,0.0,0.0,0.0,0.0,0.0,0.0,0.0,0.0,0.0,0.0,0.0,0.0,0.0,0.0,0.0,0.0,0.0,0.0,0.0,0.0
1.1991186,1.1872658,1.1895148,1.2034839,1.1835909,1.2254776,1.1883012,1.1935229,1.1936562,1.2041807,1.2072282,1.1912615,1.193902,1.1797884,1.1918954,1.1937966,1.2275052,1.1983954,1.2071576,1.1967832,1.1998322,1.1855494,1.1966442,1.2023042,1.2221488,1.1835526,1.1914747,1.2010419,1.1825019,1.2024612,1.1844068,1.2027601,1.2131046,1.2021978,1.1975856,1.2079464,1.1888593,1.1938213,1.1983024,1.1929113,1.2037796,1.1944902,1.217821,1.2170681,1.2007515,1.1885597,1.1934513,1.214832,1.1985936,1.1858492,1.2180331,1.20087,1.194731,1.1858135,1.2005463,1.2058553,1.1784357,1.194998,1.1968669,1.1937073,1.1879288,1.1953044,1.195358,1.195101,1.177759,1.2087967,1.2273318,1.2121356,1.2000967,1.1972303,1.1999446,1.2103261,1.1985431,1.2003841,1.2056013,1.2075506,1.2011956,1.1910292,1.2099496,1.2051107,1.2078964,1.2132425,1.2008873,1.206005,1.2153007,1.1933389,1.2022681,1.2073066,1.20123,1.1933287,1.1900369,1.1763495,1.2011402,1.2003047,1.1843759,1.2063617,1.2110147,1.1973382,1.2044876,1.2016348,1.1906781,1.1933405,1.1987258,1.1971004,1.1832105,1.1881893,1.1965108,1.2039762,1.194447,1.2090331,1.2111144,1.2011371,1.190421,1.1977046,1.1848768,1.1927698,1.2005962,1.1929877,1.2033448,1.1871479,1.1817496,1.2085495,1.1964144,1.1801189,1.2122084,1.197774,1.2043676,1.2056011,1.1986434,1.1971503,1.2050804,1.1944923,1.213618,1.1907558,1.2030877,1.1992239,1.2074143,1.2258,1.2021186,1.2171655,1.1899232,1.1934905,1.1940062,1.206596,1.198313,1.1872741,1.2015033,1.211094,1.1810349,1.2083427,1.1974058,1.178888,1.2080573,1.1975558,1.2029992,1.2022761,1.2012306,1.169745,1.1840562,1.1972742,1.1981368,1.1893046,1.2012546,1.1977694,1.204871,1.1893946,1.2088733,1.2091919,1.2006862,1.1956517,1.1748053,1.2014037,1.1988771,1.2002311,1.1963973,1.18421,1.2107037,1.204282,1.199416,1.195637,1.1875952,1.1791826,1.1959537,1.1880295,1.1859088,1.1942896,1.2020622,1.207687,1.1845094,1.2044603,1.2021486,1.1932334,1.1926016,1.2052844,1.1848184,1.1952122,1.1617801,1.2288593,1.1933529,1.1938187,1.1877499,1.184329,1.1967584,1.1846879,1.2096815,1.2073114,1.1968173,1.1964334,1.2207115,1.1984816,1.217435,1.1786205,1.205965,1.1925613,1.1949914,1.1843901,1.2056007,1.2044762,1.1923574,1.1914027,1.1983713,1.1857121,1.1911373,1.199093,1.1944044,1.1834894,1.192795,1.1889377,1.1875894,1.2027445,1.192243,1.1883572,1.1951869,1.1945258,1.1895667,1.192118,1.2024181,1.1838938,1.1900144,1.199809,1.1870598,1.1870322,1.1819304,1.191597,1.2321274,1.188435,1.2121091,1.2060804,1.2020671,1.206114,1.1978002,1.1978949,1.184433,1.1874604,1.1911912,1.1961083,1.1847414,1.2145735,1.1918719,1.1999333,1.2036915,1.1844101,1.2019483,1.1940249,1.1993312,1.2081836,1.2068481,1.1990232,1.2120107,1.2442513,1.20022,1.1850275,1.209823,1.2181913,1.2186433,1.2090255,1.196819,1.1863239,1.1839634,1.1924053,1.2069147,1.1988798,1.201651,1.2039442,1.1949533,1.2043054,1.1950817,1.2009208,1.1981375,1.1978005,1.198341,1.1845211,1.210539,1.2129804,1.2098542,1.2050662,1.1954644,1.198698,1.2150885,1.1953876,1.2021868,1.1985557,1.1939453,1.193259,1.2188292,1.2017134,1.1990037,1.211058,1.2096987,1.203182,1.210538,1.1919918,1.1779325,1.1982136,1.1991293,1.2041837,1.1993315,1.1795382,1.1736503,1.1974043,1.2099496,1.1943303,1.191301,1.1827909,1.1983948,1.1766348,1.2133456,1.1898346,1.1946275,1.2015342,1.2184429,1.1999391,1.1910739,1.1954474,1.2013236,1.1851122,1.2152764,1.1901873,1.1992458,1.2144134,1.201386,1.1996688,1.2092698,1.2109418,1.1982137,1.196836,1.1985556,1.1907865,1.1886271,1.1968142,1.1885678,1.2006016,1.1978083,1.1989062,1.2129086,1.2076637,1.1935974,1.2169374,1.2054298,1.2010562,1.1804614,1.1838436,1.2048216,1.1874704,1.1961322,1.2166809,1.1983957,1.2009282,1.1897502,1.1952319,1.1660322,1.2025688,1.1970296,1.185192,1.183666,1.2144988,1.1927993,1.1983827,1.1939036,1.1829756,1.1951535,1.1917461,1.1831691,1.1834048,1.1972684,1.1873355,1.1998547,1.1941648,1.2125584,1.2059938,1.2008137,1.2114836,1.1976222,1.1930062,1.1889837,1.2106528,1.1988473,1.2073227,1.1825926,1.2056429,1.2008073,1.1965299,1.2061762,1.1873926,1.195023,1.213005,1.1985525,1.1953669,1.1863382,1.196683,1.1913642,1.1964232,1.1940581,1.1968951,1.2159016,1.2026051,1.2038168,1.2009537,1.1966766,1.1804061,1.1932279,1.2093947,1.2161448,1.1984192,1.1952113,1.1762623,1.1860477,1.189904,1.2073479,1.2030271,1.1864268,1.2074796,1.1929759,1.2207103,1.2058797,1.1973591,1.1991931,1.2114766,1.2156037,1.1924248,1.1954917,1.1838276,1.2058792,1.2025427,1.2058784,1.2078103,1.1938214,1.1955107,1.1966648,1.19436,1.2037688,1.189338,1.2204843,1.1942581,1.2228878,1.214922,1.2052003,1.2135727,1.2139001,1.1828047,1.2261342,1.19202,1.1911188,1.1976501,1.200034,1.1806935,1.1862897,1.2137661,1.1865077,1.1947275,1.2071344,1.1985186,1.2028422,1.200221,1.2111756,1.1664214,1.1942079,1.2097338,1.1999184,1.1924969,1.1985204,1.204438,1.210193,1.197716,1.2068566,1.1973617,1.1833556,1.1771634,1.1962812,1.1999369,1.1992254,1.1965015,1.2114875,1.2086849,1.1872658,1.1990157,1.1955135,1.1847872,1.1964631,1.2035439,1.1926079,1.1973006,1.2052286,1.2008832,1.1922228,1.1797651,1.2182047,1.2038686,1.1921155,1.2049772,1.1977805,1.1999328,1.2160157,1.2078303,1.1926469,1.2050729,1.1935413,1.1993659,1.2144645,1.1954706,1.1924002,1.2119215,1.2056309,1.1947567,1.2081101,1.2031758,1.2048615,1.1847426,1.2133616,1.2018174,1.1939033,1.205033,1.1892155,1.1952262,1.1973933,1.2012564,1.2021265,1.1811826,1.1957864,1.1953938,1.2092296,1.19844,1.1873109,1.1897514,1.1974944,1.2002451,1.1941346,1.1909875,1.1906176,1.1881015,1.1835436,1.2053081,1.1987814,1.207627,1.2055494,1.1911906,1.1858596,1.1862482,1.1901187,1.1965561,1.1883802,1.1991509,1.2045997,1.2041724,1.19188,1.1820475,1.1981639,1.1800054,1.1964983,1.1934963,1.1906474,1.1940536,1.1922097,1.2078898,1.1950486,1.1808537,1.1977557,1.202704,1.2301506,1.183548,1.1930655,1.1962507,1.195318,1.1955124,1.1925459,1.2115026,1.175446,1.2008784,1.1997515,1.1808475,1.195022,1.2068194,1.1977473,1.205617,1.2072562,1.1918913,1.1928263,1.1996499,1.2076933,1.209277,1.1948164,1.1885471,1.2016165,1.1855863,1.2069386,1.2020634,1.2127562,1.1963654,1.2033608,1.1997315,1.1980482,1.1970882,1.2122692,1.2194028,1.2075113,1.1862043,1.1831607,1.1954769,1.1839969,1.1977358,1.1758543,1.2047262,1.2199409,1.2162601,1.196858,1.204664,1.2048283,1.1984552,1.2026336,1.1720119,1.179568,1.2039766,1.1938359,1.1815633,1.1893055,1.194146,1.197973,1.1905624,1.1964824,1.2100185,1.1871274,1.205253,1.2040766,1.2022996,1.2040954,1.1930186,1.2029843,1.1933391,1.2071173,1.1712167,1.2112439,1.2063847,1.198444,1.186358,1.1946113,1.1946689,1.2066824,1.1879967,1.1894584,1.2074606,1.1821092,1.2008246,1.2189056,1.194069,1.2097062,1.1951144,1.2150066,1.1970906,1.1934713,1.203508,1.1981091,1.1933402,1.1997932,1.2122906,1.1974186,1.2001672,1.2169535,1.1927912,1.2039291,1.2114671,1.1977419,1.1816784,1.2012044,1.2014499,1.1971354,1.2220027,1.2212386,1.1819121,1.1840447,1.2162912,1.2029576,1.1807454,1.1696982,1.2147357,1.1917973,1.2120531,1.1953897,1.1843085,1.1904138,1.1812958,1.1963856,1.1776149,1.1843866,1.2062405,1.2060459,1.1984293,1.2004948,1.1883682,1.159558,1.205612,1.210935,1.211111,1.1932683,1.2005765,1.199551,1.201842,1.194145,1.1998117,1.1970358,1.1986954,1.1894517,1.2029623,1.198098,1.1909068,1.2041944,1.2120816,1.2074108,1.1927228,1.1875682,1.197103,1.1973633,1.1985939,1.2043058,1.210296,1.1889402,1.2035776,1.1942279,1.1998619,1.1998321,1.1913139,1.1920224,1.2131132,1.1819049,1.2013595,1.2002484,1.1977752,1.1900531,1.2344275,1.1909397,1.184512,1.1735575,1.2045456,1.196495,1.1857234,1.2030237,1.1871694,1.204101,1.2093899,1.1992563,1.1881226,1.1910068,1.1940316,1.197375,1.2034167,1.2157403,1.2163888,1.2092394,1.2003446,1.1876789,1.1851319,1.2081693,1.2034738,1.2020271,1.1981266,1.184836,1.203575,1.1951332,1.1975104,1.2170491,1.1862514,1.1995375,1.2069187,1.2060838,1.194811,1.1928666,1.1873881,1.1981333,1.1748368,1.200323,1.1933565,1.2088705,1.1936532,1.2019773,1.1919627,1.1993273,1.1863825,1.2079862,1.2062955,1.1925747,1.1948988,1.1899358,1.1956879,1.2003982,1.2042319,1.2068732,1.1866863,1.1841028,1.20137,1.2053732,1.1819984,1.2109721,1.2015638,1.2043288,1.1950392,1.1955094,1.2082924,1.1985729,1.1805855,1.202086,1.1997395,1.1852055,1.1755238,1.2000743,1.1953751,1.2048837,1.2026217,1.2047241,1.1902195,1.1938457,1.2065079,1.2051998,1.1819371,1.1841658,1.2229224,1.2029345,1.2041535,1.2049756,1.2002298,1.2000498,1.1928853,1.2060184,1.2286271,1.2062672,1.2081702,1.191235,1.2043946,1.1958435,1.199939,1.1689869,1.1784673,1.2098557,1.2163743,1.2082193,1.1985745,1.2063744,1.2064978,1.1861999,1.1982151,1.1989168,1.2189873,1.1946557,1.2032342,1.2019234,1.2012013,1.2033825,1.1976974,1.1843023,1.2207274,1.2028884,1.1853073,1.197506,1.1880938,1.1872978,1.1945531,1.2067128,1.1990333,1.2192023,1.2003345,1.187472,1.212178,1.1882236,1.2053214,1.2143393,1.2070802,1.2035775,1.2025752,1.1892269,1.2002144,1.1976389,1.2026511,1.2166566,1.1840352,1.199135,1.2170422,1.2025715,1.1843015,1.1892059,1.1840222,1.2002908,1.1755356,1.2020553,1.197892,1.1977515,1.2149051,1.2026011,1.1798207,1.1897275,1.1923593,1.2081754,1.192442,1.1967624,1.1978289,1.204764,1.1962688,1.1838081,1.2043116,1.1856716,1.1916373,1.1706519,1.2067418,1.20558,1.2126505,1.2087507,1.1969081,1.1944237,1.2050996,1.2191203,1.1940731,1.201767,1.188601,1.1889591,1.2120744,1.2209471,1.1893924,1.2028061,1.2065814,1.1890833,1.1896136,1.1954012,1.2041992,1.2219269,1.2044468,1.1956433,1.204136,1.1772382,1.2011038,1.1970929,1.1874553,1.1960454,1.1865975,1.1800364,1.2123345,1.1760923,1.2246412,1.2020305,1.1772429,1.2009107,1.2009438,1.2088851,1.1937791,1.1897818,1.1985638,1.2040806,1.1992532,1.1909355,1.1830107,1.2024636,1.1921118,1.1967733,1.1785973,1.2086241,1.1869605,1.2198948,1.1928903,1.218078,1.1977992,1.2099761,1.1908678,1.1972641,1.197561,1.2070898,1.1939428,1.1959585,1.1852278,1.1988573,1.1785266,1.2275186,1.2004849,1.2000225,1.2147015,1.2009819,1.1992881,1.2138163,1.1881833,1.1995602,1.2042775,1.198348,1.2040013,1.2208954,1.183292
1.0877371,1.0662616,1.0853432,1.0988292,1.0730495,1.092903,1.0887073,1.0762739,1.0716183,1.0824585,1.0910306,1.0775458,1.1010978,1.0733396,1.0755428,1.0973268,1.1113118,1.099444,1.1058708,1.069158,1.0848719,1.0761949,1.1014712,1.1054115,1.0937476,1.071673,1.085433,1.1025715,1.0665176,1.0922903,1.0722114,1.0839795,1.0633905,1.0698764,1.0931876,1.0875326,1.0715562,1.0859497,1.0656116,1.0759242,1.0771806,1.1021959,1.0732703,1.0771726,1.0741192,1.0642463,1.0628885,1.1054035,1.0904673,1.0709852,1.0947077,1.0839648,1.0854383,1.0751495,1.0836575,1.0756929,1.0850475,1.0560741,1.0835353,1.061283,1.0738983,1.0741673,1.0886258,1.0677668,1.0699944,1.0979742,1.1053985,1.0968984,1.0715141,1.0798211,1.0751476,1.0735456,1.0797434,1.0976175,1.0783131,1.0695286,1.0806996,1.067482,1.0883851,1.0964311,1.082144,1.0789883,1.0929799,1.0874139,1.0814087,1.0705041,1.0901963,1.0819453,1.0683712,1.0768846,1.077816,1.0573086,1.0953655,1.0759468,1.0978639,1.0650674,1.0798054,1.0914648,1.1032999,1.0890613,1.073023,1.0772942,1.0885667,1.0927625,1.0536941,1.0616617,1.0719315,1.0736187,1.0925176,1.0578803,1.0891917,1.0942618,1.0886887,1.0801789,1.0844306,1.0676507,1.0888047,1.0685672,1.0787972,1.0670387,1.0758712,1.0946019,1.0641364,1.0529057,1.1044682,1.0871364,1.0940583,1.0902895,1.0733937,1.0790232,1.1027318,1.065897,1.0839998,1.0737427,1.0906105,1.0882919,1.0800729,1.0651851,1.1036288,1.0906658,1.0903157,1.0847266,1.0806644,1.079307,1.0672696,1.073319,1.0867969,1.1047926,1.0700458,1.0764924,1.0712357,1.088043,1.0995857,1.0870197,1.0817933,1.0870239,1.0563686,1.0635147,1.0590974,1.0893508,1.0831928,1.0874484,1.072426,1.0909622,1.0734872,1.0963551,1.10181,1.0849868,1.0922924,1.090036,1.081468,1.0656089,1.0791647,1.0834686,1.0921417,1.0769744,1.0945597,1.0801051,1.084018,1.0644832,1.077771,1.0773737,1.0980102,1.0859603,1.0869693,1.0872018,1.075169,1.0939316,1.06709,1.0675077,1.1020284,1.0874368,1.0792434,1.0827659,1.0819631,1.0910274,1.0589408,1.0701799,1.0601977,1.0751561,1.0840331,1.0499562,1.0893847,1.0645145,1.072465,1.0852207,1.0694419,1.0719047,1.1072266,1.098166,1.0848907,1.0642831,1.0869366,1.0855446,1.0581973,1.0732447,1.0811758,1.1005462,1.0777494,1.0752238,1.105081,1.0833572,1.0946004,1.0891182,1.1031356,1.0689058,1.0939716,1.0767734,1.0984577,1.0691686,1.0904402,1.0731995,1.0736902,1.0769314,1.0888059,1.0708793,1.0766983,1.0827545,1.0700623,1.0813941,1.0760357,1.0787174,1.0714046,1.0804467,1.1031098,1.0685667,1.0903876,1.0926683,1.0758506,1.0871493,1.0914636,1.0798662,1.0654474,1.0939329,1.088901,1.0750886,1.0964468,1.0825509,1.0698255,1.0717607,1.0809538,1.0669227,1.0842339,1.0805776,1.0783248,1.0766749,1.0850391,1.0919693,1.0833342,1.082035,1.0793253,1.066134,1.0604725,1.0972748,1.0865328,1.0846673,1.0684105,1.0667888,1.0676546,1.0549684,1.0841004,1.0979768,1.085883,1.0870922,1.0863947,1.0950434,1.090155,1.0498205,1.0932384,1.0937574,1.0825983,1.0883434,1.0772876,1.0883759,1.0872658,1.0933257,1.0868561,1.0777876,1.0875177,1.0835547,1.0850068,1.0770528,1.0767097,1.0873288,1.0937471,1.0951704,1.0928535,1.0903963,1.0747626,1.0834881,1.1106764,1.0775002,1.0723474,1.097417,1.088129,1.0751128,1.0687999,1.069085,1.0648494,1.0947763,1.0831676,1.073049,1.0769614,1.0664951,1.1039245,1.0768024,1.0815146,1.0746435,1.0789207,1.0697668,1.0660499,1.0837024,1.0779843,1.0875993,1.0780654,1.0877597,1.0926687,1.0759083,1.077506,1.0782346,1.0804703,1.0822066,1.0932235,1.1098311,1.0844191,1.0707531,1.080203,1.0713298,1.0766827,1.0816231,1.0856721,1.0956383,1.0968444,1.0758579,1.1088469,1.100076,1.0859623,1.0865847,1.0927063,1.07752,1.0793519,1.0691228,1.101123,1.0582855,1.0974021,1.0856397,1.0855709,1.0952897,1.0834038,1.0670792,1.0699706,1.0911009,1.0865307,1.0742248,1.0737052,1.0731616,1.0634931,1.0833453,1.0731741,1.0902567,1.0697767,1.0661533,1.0626832,1.0857139,1.0865314,1.0752655,1.0895041,1.0759677,1.0905203,1.0959688,1.0778672,1.1072963,1.0844654,1.0824182,1.0614634,1.0944568,1.0707881,1.0798634,1.076195,1.095464,1.0973172,1.0838276,1.0893223,1.0768946,1.1016097,1.0948777,1.0854893,1.0897989,1.1094879,1.0570037,1.08285,1.0710229,1.0877573,1.0800961,1.0916028,1.0687051,1.0879439,1.0717448,1.0890859,1.0690103,1.0747865,1.0923904,1.0920082,1.0809028,1.0794735,1.0662307,1.0810429,1.0936275,1.0953224,1.0805295,1.0827323,1.0962791,1.0937815,1.0869267,1.0761437,1.0889897,1.0902151,1.0772519,1.0816649,1.0764227,1.0756724,1.069458,1.085668,1.1013442,1.0895106,1.0806794,1.0903666,1.0936581,1.097579,1.0768312,1.0854446,1.0860558,1.1011645,1.0765429,1.0863689,1.0988581,1.076728,1.0908611,1.0959115,1.0780886,1.1119872,1.0838468,1.0763602,1.0879365,1.0642923,1.0662733,1.08393,1.0822898,1.0768695,1.0734421,1.0952557,1.0865504,1.0850675,1.0797812,1.0869783,1.0615342,1.100958,1.0785068,1.0782942,1.0749995,1.0729607,1.068455,1.0822172,1.0884078,1.0998726,1.070261,1.0692341,1.064731,1.0849272,1.0858276,1.0997332,1.0958263,1.0833879,1.0782893,1.0666764,1.0768573,1.0932269,1.0690233,1.077946,1.0746828,1.0801871,1.0936621,1.0778766,1.0789754,1.0687921,1.0703954,1.0957894,1.0881214,1.0694381,1.0837399,1.0951524,1.0845472,1.0876757,1.10268,1.0867186,1.0670364,1.0682597,1.0809993,1.0974367,1.0740519,1.0799441,1.1009567,1.0853735,1.0710533,1.0962481,1.0776597,1.090689,1.0779098,1.1143336,1.0845329,1.0806137,1.0752159,1.0874023,1.0842458,1.0881864,1.0856096,1.0958574,1.0760194,1.0790207,1.08856,1.0909735,1.1113532,1.0763911,1.0859735,1.0764579,1.087763,1.081656,1.0830837,1.0908495,1.0702767,1.087589,1.0739324,1.0992352,1.0871059,1.0942764,1.0665721,1.0730243,1.0866454,1.0900059,1.0740187,1.0754995,1.0897021,1.0836291,1.0920396,1.0871814,1.0804183,1.0592166,1.0660684,1.0736487,1.0830543,1.0770725,1.0926698,1.0929762,1.0944949,1.0748115,1.0660205,1.0868652,1.065747,1.0922055,1.0673882,1.0701573,1.0654111,1.0704937,1.080766,1.1014079,1.1003163,1.0705392,1.078656,1.0941179,1.0722345,1.0649244,1.0799623,1.0798262,1.0728493,1.0826783,1.0935335,1.0747269,1.0777893,1.1210785,1.0971277,1.0641276,1.0734823,1.0793386,1.0763314,1.0809429,1.0864475,1.0901154,1.0875875,1.0953552,1.0930701,1.0898426,1.075437,1.0880418,1.0997891,1.0960807,1.0803366,1.0825698,1.1071084,1.0843668,1.0811337,1.0553322,1.070338,1.093395,1.0848253,1.0795807,1.0925401,1.0912699,1.086236,1.0834079,1.073573,1.0869972,1.0751075,1.0689654,1.0538715,1.0667516,1.0782219,1.0833652,1.0590765,1.0772487,1.0821797,1.0712383,1.1077249,1.0877628,1.099416,1.079375,1.0729173,1.0725204,1.0752987,1.0982411,1.0798899,1.0803313,1.0777087,1.0732163,1.0797065,1.0884907,1.0752081,1.1099747,1.059444,1.0770828,1.0671483,1.0619304,1.0798384,1.0759175,1.0825896,1.0791477,1.0786551,1.092247,1.07503,1.0842848,1.0924271,1.0799721,1.0736628,1.0996622,1.0935384,1.0904276,1.0903828,1.082246,1.0582101,1.0889652,1.0913211,1.0966985,1.095701,1.084796,1.0997565,1.0810518,1.0832367,1.0878664,1.0833534,1.0630065,1.1021568,1.0754062,1.0781763,1.0643958,1.0922047,1.0867083,1.088562,1.071745,1.0639575,1.0554069,1.0768032,1.0823534,1.0750804,1.0714937,1.0982302,1.0871285,1.100881,1.0807894,1.065698,1.0530782,1.0770229,1.0711588,1.0836184,1.0642859,1.1021158,1.097625,1.0867238,1.0767461,1.0863446,1.0898534,1.0709087,1.0682853,1.0795612,1.0726297,1.0837513,1.0873704,1.0854696,1.0887322,1.081008,1.0822014,1.0788254,1.08607,1.0855423,1.0951118,1.0934426,1.0879577,1.0920446,1.072038,1.0668464,1.0963907,1.0799155,1.0669101,1.0814493,1.0565197,1.070619,1.0931621,1.0857267,1.092274,1.1012981,1.0744681,1.0690035,1.0549737,1.0982778,1.0794532,1.0960152,1.0919555,1.0756323,1.0712664,1.092208,1.0819553,1.0479057,1.0632395,1.064476,1.0882533,1.0839273,1.0819389,1.0855293,1.0845174,1.0872126,1.0755585,1.0738147,1.1130917,1.083981,1.0685655,1.0869068,1.059003,1.0995629,1.0945439,1.0760666,1.0932317,1.0773551,1.078333,1.094791,1.0639815,1.0709103,1.068545,1.0662928,1.0920398,1.0756654,1.05985,1.0938574,1.104328,1.0786974,1.0586827,1.0843558,1.1018255,1.06597,1.0828668,1.0902181,1.0639565,1.0792406,1.0888493,1.0948766,1.0563291,1.0912191,1.0784588,1.0553237,1.077934,1.1038584,1.0957968,1.0717791,1.0795327,1.0875546,1.0877174,1.0819215,1.0713047,1.0816355,1.0685964,1.0764568,1.0855814,1.0626355,1.0797483,1.0800449,1.1054845,1.0750308,1.0819436,1.0765107,1.0835853,1.0768186,1.0799353,1.0852642,1.0661467,1.0435655,1.0664302,1.0770581,1.0737953,1.090965,1.0845981,1.0855814,1.0629874,1.0773276,1.0973511,1.1127452,1.1018022,1.0916137,1.0743375,1.0863657,1.0835047,1.0920748,1.0726069,1.0800174,1.1024295,1.0990654,1.0962726,1.092609,1.0885913,1.110124,1.0734742,1.0683963,1.0633384,1.1007413,1.0933161,1.0818692,1.1053237,1.0799192,1.0810091,1.0720121,1.0761217,1.1050295,1.0841377,1.0830317,1.0706551,1.0666088,1.072916,1.0891331,1.0891336,1.0679866,1.1052516,1.0806509,1.0653892,1.0873629,1.0748124,1.0777552,1.0836016,1.0750953,1.0805644,1.0877709,1.076622,1.077931,1.0818738,1.0825984,1.0789573,1.0890183,1.0875049,1.0860198,1.0843683,1.0799134,1.0800314,1.0780042,1.093147,1.0628202,1.084254,1.0790999,1.0844532,1.1060064,1.0787623,1.0634161,1.0785601,1.0884008,1.0954769,1.0559863,1.0963415,1.0778099,1.0815057,1.1012776,1.0778575,1.0940793,1.0605394,1.105678,1.0650663,1.0830792,1.0774235,1.0780127,1.0936452,1.0693835,1.09241,1.0824013,1.0729805,1.0735658,1.0981458,1.0783364,1.0639274,1.0839567,1.1056335,1.0805355,1.0834361,1.0658977,1.0743747,1.0906886,1.0692941,1.0855409,1.1062771,1.0741267,1.0892748,1.0925404,1.0701945,1.0833654,1.0959615,1.0753113,1.0752003,1.079256,1.0617898,1.1016833,1.0800757,1.0954247,1.082337,1.0697594,1.081698,1.0916171,1.091494,1.0864395,1.0719703,1.074567,1.0828027,1.1024023,1.0790637,1.0582942,1.0718995,1.0620424,1.0581615,1.0682639,1.0992548,1.0928303,1.0882947,1.0963734,1.103311,1.0738777,1.0890813,1.0633779,1.0870957,1.077141,1.0713525,1.1016412,1.083962,1.0782024,1.0794417,1.0660574,1.1032534,1.0909789,1.0849332,1.0881404,1.0921254,1.0837075,1.0878682,1.0737306,1.0651643,1.0939087,1.0736685,1.0752807,1.0810854,1.0727192
1.4023767,1.4085268,1.4002724,1.4242612,1.406095,1.4256369,1.429745,1.4173994,1.412069,1.418825,1.3926541,1.404721,1.3988047,1.4068955,1.4195243,1.3975537,1.4130574,1.4026389,1.4224645,1.403882,1.3910848,1.4064014,1.4085993,1.4166392,1.4086457,1.4240159,1.4236923,1.4091405,1.3823131,1.4056416,1.3936261,1.4219042,1.4152464,1.4065495,1.4076513,1.394976,1.4096516,1.4101112,1.415715,1.4116718,1.3997957,1.3946879,1.4129686,1.4137673,1.3969885,1.4134238,1.4093436,1.3941977,1.4133061,1.4098135,1.4138838,1.4003117,1.4095049,1.4104719,1.3992983,1.3807052,1.4261254,1.4120511,1.4028453,1.4208943,1.3998921,1.3797971,1.3946632,1.4198588,1.4110117,1.4156259,1.4226387,1.4018015,1.4019079,1.4172248,1.421707,1.4087465,1.3959377,1.4197766,1.3787578,1.4072496,1.4097402,1.4004953,1.4059485,1.4332229,1.4048743,1.4258468,1.3994832,1.4223504,1.4075135,1.401885,1.4131757,1.4262762,1.4087483,1.3925335,1.408383,1.4026217,1.4107379,1.4111147,1.4185963,1.3865541,1.4110602,1.4099306,1.4141793,1.4053935,1.4025329,1.3993355,1.4281619,1.4221464,1.3972105,1.4031003,1.4214872,1.4223607,1.4024252,1.4167277,1.394369,1.407508,1.409743,1.4087096,1.4277143,1.3914021,1.416062,1.4169099,1.4121825,1.4078155,1.3985325,1.4045515,1.3950013,1.4080192,1.421745,1.424089,1.4104297,1.4220533,1.4012545,1.4236143,1.4005677,1.4032912,1.3862116,1.419258,1.4152957,1.3906735,1.4016912,1.3965945,1.4110258,1.4016888,1.4038746,1.415206,1.398572,1.4239984,1.4119413,1.4127716,1.4181182,1.4284192,1.3970457,1.4179378,1.4178048,1.4215435,1.3893008,1.4189575,1.4093984,1.3961928,1.4021982,1.4242759,1.3998318,1.4146215,1.3939323,1.4150792,1.4224515,1.4073048,1.4271142,1.4037652,1.4111409,1.4140608,1.4038777,1.3862467,1.3833556,1.4059252,1.4059554,1.4286101,1.4141947,1.4125905,1.4194129,1.41137,1.4040678,1.4106313,1.4172562,1.3957108,1.3859898,1.4120988,1.422805,1.4062357,1.4072561,1.4148906,1.4049816,1.4088217,1.4136779,1.4087816,1.3825424,1.4297837,1.4127548,1.4002213,1.4157326,1.4160904,1.4207151,1.4022114,1.4214185,1.4159818,1.4216063,1.4190736,1.3929038,1.4203655,1.4301013,1.3958397,1.4146881,1.4326111,1.414116,1.4177126,1.4278173,1.4057301,1.4246365,1.4072279,1.4037629,1.4179695,1.426068,1.4134461,1.4086486,1.4035894,1.4192712,1.4200212,1.456552,1.3833226,1.414797,1.3946723,1.3824152,1.4277341,1.4078883,1.4089961,1.4014674,1.3814397,1.3956472,1.4105109,1.4299676,1.4088905,1.3997395,1.4004155,1.3935939,1.4207686,1.3944194,1.4097277,1.4265836,1.417531,1.3845099,1.4001846,1.4050306,1.4052308,1.4108299,1.4183338,1.4004207,1.3979695,1.4002906,1.4081923,1.4146861,1.403688,1.3989736,1.4291736,1.4157715,1.4011179,1.4224457,1.4088094,1.392268,1.4366956,1.4125776,1.4054208,1.4278735,1.4214733,1.3778385,1.3967777,1.4093612,1.4213264,1.4057423,1.4113084,1.3897578,1.3976973,1.4080329,1.3992726,1.4138391,1.397565,1.3946176,1.4262748,1.3937638,1.406315,1.4223174,1.4129683,1.3987848,1.3949211,1.394233,1.4248501,1.4119158,1.4203993,1.4275094,1.3980913,1.3933414,1.4162023,1.4142613,1.3878903,1.4057109,1.4406145,1.3911899,1.4126009,1.4366033,1.4293942,1.4048182,1.3979863,1.4106396,1.3995557,1.4169432,1.4057822,1.4013731,1.4145334,1.4077024,1.4252555,1.4099969,1.3975168,1.411383,1.418332,1.4022073,1.4266087,1.410122,1.3859699,1.4155765,1.4075319,1.4086518,1.4156709,1.3882387,1.4251115,1.4228885,1.4150101,1.3780258,1.4187058,1.4090087,1.3974512,1.4280334,1.4219446,1.3879619,1.3767312,1.3907677,1.3949567,1.4264953,1.4111787,1.3796251,1.4201783,1.4045247,1.4298556,1.4158472,1.401327,1.4006318,1.4183197,1.3978956,1.4225607,1.4077117,1.4117945,1.3989407,1.3932241,1.4002362,1.4182826,1.4157687,1.4043515,1.4032636,1.4110054,1.4101068,1.427785,1.4101971,1.3911164,1.3929182,1.4071755,1.4155179,1.4056807,1.4249761,1.4349241,1.4023464,1.4405491,1.3975949,1.4214337,1.4269321,1.4022895,1.4042583,1.4050529,1.4098759,1.3933508,1.420938,1.3915212,1.4209514,1.3942575,1.4134461,1.4002943,1.4018643,1.4070315,1.4091578,1.4063853,1.3985832,1.4013337,1.3940827,1.4012774,1.3990493,1.398777,1.4302316,1.4107174,1.4228032,1.4079969,1.4100326,1.4408941,1.4142231,1.4067447,1.4155077,1.4045837,1.4130586,1.3896773,1.4065908,1.4106942,1.3980249,1.4240515,1.3999752,1.4148651,1.4060864,1.4332235,1.4081867,1.4119542,1.3981283,1.4075115,1.4152359,1.4224011,1.4184262,1.4038547,1.4000542,1.3794779,1.4177636,1.3974962,1.4092456,1.4145464,1.3914903,1.4229223,1.403933,1.4313314,1.4192579,1.4160144,1.4058541,1.378272,1.4009242,1.3952426,1.4195627,1.4090236,1.4057066,1.415754,1.4203119,1.3995804,1.4087684,1.4176571,1.4000776,1.406598,1.4115106,1.416174,1.4273554,1.4244378,1.4183874,1.4201485,1.4197434,1.3904651,1.4167795,1.412767,1.3963737,1.3806356,1.402686,1.4058872,1.4029181,1.403758,1.4116818,1.4224795,1.4090846,1.4070272,1.406236,1.3943704,1.4352348,1.39741,1.410338,1.402845,1.418874,1.4467254,1.4179705,1.4311764,1.4174461,1.4106846,1.4047728,1.4052091,1.428069,1.3921922,1.3893855,1.4148121,1.3911157,1.4167562,1.3969923,1.3877232,1.418818,1.407198,1.4132369,1.4024963,1.4144901,1.4068143,1.409757,1.4065459,1.428532,1.4152393,1.3976504,1.4058894,1.4056655,1.4167559,1.3935838,1.4241738,1.4147942,1.430092,1.4254677,1.4110619,1.419665,1.422208,1.3972495,1.4223385,1.399133,1.4168897,1.4046854,1.416038,1.4092115,1.4037609,1.4313076,1.409012,1.3990741,1.3833648,1.3891732,1.3856728,1.4123243,1.4299573,1.3939939,1.4078022,1.4051052,1.4111049,1.4130393,1.4056739,1.4161813,1.39616,1.4100553,1.4200454,1.3955832,1.3991079,1.4166065,1.4301219,1.4066176,1.4185203,1.3857018,1.4049999,1.4317465,1.3931766,1.4086736,1.4065514,1.410337,1.3885301,1.3991733,1.4157896,1.3852186,1.4236199,1.4188675,1.380291,1.4136803,1.4120392,1.3973863,1.3975085,1.4227995,1.4124163,1.3877257,1.4082098,1.3976059,1.4130151,1.4040401,1.3994713,1.393343,1.4077404,1.4075779,1.4211564,1.430252,1.4265647,1.4369216,1.40108,1.405665,1.404346,1.4142879,1.3925875,1.4060562,1.3900751,1.3928535,1.3993989,1.4209049,1.4157499,1.3964365,1.4191003,1.4149551,1.3891772,1.4106559,1.402492,1.4095118,1.4199646,1.3888565,1.3836391,1.4235958,1.3997303,1.4295076,1.4137156,1.4137018,1.4076761,1.4189003,1.3849273,1.4027776,1.3986048,1.4371384,1.4178379,1.3891509,1.3985941,1.4103638,1.4188434,1.3969556,1.4033549,1.4204248,1.4107736,1.4116343,1.4235293,1.3985803,1.4079052,1.4184433,1.3849607,1.4099646,1.425981,1.4091264,1.4074104,1.3869708,1.4120829,1.3950156,1.40096,1.4116553,1.401136,1.4132214,1.3967053,1.4071115,1.4132729,1.4119616,1.416707,1.400545,1.4179429,1.4039464,1.4003512,1.4195106,1.4063648,1.4247144,1.444753,1.4035603,1.4352249,1.4183935,1.4141614,1.395259,1.4058703,1.4067248,1.4054319,1.416094,1.4327674,1.4288592,1.3922815,1.4111544,1.4051085,1.371616,1.4117662,1.4137238,1.4108609,1.4214151,1.4092195,1.4099249,1.4220265,1.3970165,1.3996056,1.4005985,1.4209039,1.4138694,1.4113101,1.4223616,1.410138,1.4020385,1.4020776,1.407191,1.4032413,1.4208484,1.3999896,1.4191095,1.3933055,1.4052117,1.4153383,1.4018852,1.4042782,1.4018275,1.4059511,1.3833113,1.3758265,1.4109832,1.4116197,1.3944719,1.4342668,1.3772676,1.4114709,1.40161,1.3924842,1.4336243,1.4010322,1.4208584,1.4126264,1.4170758,1.4048659,1.4299794,1.3917317,1.4003003,1.416933,1.4146671,1.4119807,1.3911233,1.4206644,1.4233054,1.4041628,1.420106,1.4039437,1.3947313,1.3958528,1.4102175,1.4056925,1.4282093,1.3865643,1.4164574,1.4174619,1.3998474,1.4212941,1.3938706,1.3944726,1.4100116,1.3803856,1.3998275,1.413413,1.4085819,1.4194356,1.3942728,1.41979,1.409767,1.4012799,1.3944292,1.4078166,1.3937918,1.4053173,1.4038002,1.410893,1.4328092,1.4062383,1.4090503,1.4208058,1.4336708,1.4182498,1.3985385,1.4204526,1.4070346,1.4072143,1.4276924,1.429876,1.3991276,1.4050752,1.3877531,1.4169018,1.4176264,1.4226627,1.4158381,1.4066541,1.3954748,1.4261364,1.4144511,1.3993247,1.4044853,1.4066963,1.4024565,1.4087191,1.4251518,1.4056538,1.4105599,1.396519,1.3963823,1.416279,1.392622,1.3981807,1.4073409,1.403656,1.4029487,1.4101299,1.4008074,1.4106241,1.4025768,1.3940176,1.4123574,1.4218262,1.4254075,1.4066433,1.4155715,1.3900952,1.4272493,1.3852683,1.3865061,1.4014492,1.4058578,1.4189258,1.403456,1.4256043,1.4147029,1.4298463,1.3940287,1.3941919,1.4055341,1.3953508,1.4057909,1.4190832,1.4199826,1.3896241,1.4059685,1.4008673,1.4045011,1.4204769,1.409008,1.3980333,1.38019,1.4292656,1.3994267,1.4134742,1.3879788,1.443024,1.3997791,1.4172381,1.3963178,1.4034449,1.4194789,1.4062326,1.4185629,1.3950368,1.3987592,1.3999277,1.4101075,1.4081928,1.4306672,1.4103411,1.4008565,1.4083683,1.3976791,1.4079113,1.4130279,1.402401,1.3999454,1.406808,1.4151798,1.4173514,1.4177054,1.4192652,1.4024034,1.4123129,1.3875895,1.4120481,1.4029018,1.396479,1.4236504,1.4213564,1.4147565,1.4132426,1.41166,1.4019014,1.405077,1.4155458,1.4072078,1.4126002,1.409415,1.4073788,1.4182643,1.3898219,1.391329,1.4161943,1.4199271,1.4260643,1.4026483,1.4244721,1.3876901,1.3901972,1.3955106,1.3953081,1.4188448,1.4087824,1.4058492,1.416599,1.3992306,1.4067674,1.4095502,1.4133852,1.4304924,1.419197,1.4109099,1.4003304,1.43968,1.4249619,1.4107047,1.37055,1.4208294,1.4092927,1.4180629,1.4059697,1.404323,1.413453,1.4103178,1.3890655,1.3970245,1.4127672,1.3942106,1.4103591,1.382896,1.410877,1.3936597,1.4193085,1.4177597,1.394617,1.4192414,1.4195869,1.4261589,1.4108758,1.4054803,1.4305139,1.4030706,1.430919,1.4008518,1.4145133,1.3965847,1.3949369,1.3992468,1.4294401,1.4068679,1.4098777,1.4271332,1.4275268,1.4112916,1.401303,1.3801862,1.444123,1.3879929,1.4031568,1.4187746,1.4058778,1.4184986,1.4220185,1.4074401,1.4320874,1.4324585,1.4088304,1.3854805,1.4104673,1.3992577,1.4160023,1.404343,1.4047965,1.3762207,1.4129429,1.4142301,1.3889058,1.4104276,1.4088694,1.4211051,1.3858926,1.4186829,1.4033278,1.4108325,1.4037393,1.4126178,1.4101112,1.4226257,1.4210478,1.4220846,1.4133794,1.3994148,1.4205145,1.413695,1.3991113,1.4127154,1.3895615,1.4328582,1.4236085,1.4083651,1.4207594,1.4035476,1.4247416,1.403034,1.4084063,1.414615,1.4096258,1.3936355,1.420074,1.394132,1.4193493
0.0,0.0,0.0,0.0,0.0,0.0,0.0,0.0,0.0,0.0,0.0,0.0,0.0,0.0,0.0,0.0,0.0,0.0,0.0,0.0,0.0,0.0,0.0,0.0,0.0,0.0,0.0,0.0,0.0,0.0,0.0,0.0,0.0,0.0,0.0,0.0,0.0,0.0,0.0,0.0,0.0,0.0,0.0,0.0,0.0,0.0,0.0,0.0,0.0,0.0,0.0,0.0,0.0,0.0,0.0,0.0,0.0,0.0,0.0,0.0,0.0,0.0,0.0,0.0,0.0,0.0,0.0,0.0,0.0,0.0,0.0,0.0,0.0,0.0,0.0,0.0,0.0,0.0,0.0,0.0,0.0,0.0,0.0,0.0,0.0,0.0,0.0,0.0,0.0,0.0,0.0,0.0,0.0,0.0,0.0,0.0,0.0,0.0,0.0,0.0,0.0,0.0,0.0,0.0,0.0,0.0,0.0,0.0,0.0,0.0,0.0,0.0,0.0,0.0,0.0,0.0,0.0,0.0,0.0,0.0,0.0,0.0,0.0,0.0,0.0,0.0,0.0,0.0,0.0,0.0,0.0,0.0,0.0,0.0,0.0,0.0,0.0,0.0,0.009288104,0.0,0.0,0.0,0.0,0.0,0.0,0.0,0.0,0.0,0.0,0.0,0.0,0.0,0.0,0.0,0.0,0.0,0.0,0.0,0.0,0.0,0.0,0.0,0.0,0.0,0.0,0.0,0.0,0.0,0.0,0.0,0.0,0.0,0.0,0.0,0.0,0.0,0.0,0.0,0.0,0.0,0.0,0.0,0.0,0.0,0.0,0.0,0.0,0.0,0.0,0.0,0.0,0.0,0.0,0.0,0.0,0.0,0.0,0.0,0.0,0.0,0.0,0.0,0.0,0.0,0.0,0.0,0.0,0.0,0.0,0.0,0.0,0.0,0.0,0.0,0.0,0.0,0.0,0.0,0.0,0.0,0.0,0.0,0.0,0.0,0.0,0.0,0.0,0.0,0.0,0.0,0.0,0.0,0.0,0.0,0.0,0.0,0.0,0.0,0.0,0.0,0.0,0.0,0.0,0.0,0.0,0.0,0.0,0.0,0.0,0.0,0.0,0.0,0.0,0.0,0.0,0.0,0.0,0.0,0.0,0.0,0.0,0.0,0.0,0.0,0.0,0.0,0.0,0.0,0.0,0.0,0.0,0.0,0.0,0.0,0.0,0.0,0.0,0.0,0.0,0.0,0.0,0.0,0.0,0.0,0.0,0.0,0.0,0.0,0.0,0.0,0.0,0.0,0.0,0.0,0.0,0.0,0.0,0.0,0.0,0.0,0.0,0.0,0.0,0.0,0.0,0.0,0.0,0.0,0.0,0.0,0.0,0.0,0.0,0.0,0.0,0.0,0.0,0.0,0.0,0.0,0.0,0.0,0.0,0.0,0.0,0.0,0.0,0.0,0.0,0.0,0.0,0.0,0.0,0.0,0.0,0.0,0.0,0.0,0.0,0.0,0.0,0.0,0.0,0.0,0.0,0.0,0.0,0.0,0.0,0.0,0.0,0.0,0.0,0.0,0.0,0.0,0.0,0.0,0.0,0.0,0.0,0.0,0.0,0.0,0.0,0.0,0.0,0.0,0.0,0.0,0.0,0.0,0.0,0.0,0.0,0.0,0.0,0.0,0.0,0.0,0.0,0.0,0.0,0.0,0.0,0.0,0.0,0.0,0.0,0.0,0.0,0.0,0.0,0.0,0.0,0.0044964887,0.0,0.0,0.0,0.0,0.0,0.0,0.0,0.0,0.0,0.0,0.0,0.0,0.0,0.0,0.0,0.0,0.0,0.0,0.0,0.0,0.0,0.0,0.0,0.0,0.0,0.0,0.0,0.0,0.0,0.0,0.0,0.0,0.0,0.0,0.0,0.0,0.0,0.0,0.0,0.0,0.0,0.0,0.0,0.0,0.0,0.0,0.0,0.0,0.0,0.0,0.0,0.0,0.0,0.0,0.0,0.0,0.0,0.0,0.0,0.0,0.0,0.0,0.0,0.0,0.0,0.0,0.0,0.0,0.0,0.0,0.0,0.0,0.0,0.0,0.0,0.0,0.0,0.0,0.0,0.0,0.0,0.0,0.0,0.0,0.0,0.0,0.0,0.0,0.0,0.0,0.0,0.0,0.0,0.0,0.0,0.0,0.0,0.0,0.0,0.0,0.0,0.0,0.0,0.0,0.0,0.0,0.0,0.0,0.0,0.0,0.0,0.0,0.0,0.0,0.0,0.0,0.0,0.0,0.0,0.0,0.0,0.0,0.0,0.0,0.0,0.0,0.0,0.0,0.0,0.0,0.0,0.0,0.0,0.0026511922,0.0,0.0,0.0,0.0,0.0,0.0,0.0,0.0,0.0,0.0,0.0018726178,0.0,0.0,0.0,0.0,0.0,0.0,0.0,0.0,0.0,0.0,0.0,0.0,0.0,0.0,0.0,0.0,0.0,0.0,0.0,0.0,0.0,0.0,0.0,0.0,0.0,0.0,0.0,0.0,0.0,0.0,0.0,0.0,0.0,0.0,0.0,0.0,0.0,0.0,0.0,0.0,0.0,0.0,0.0,0.0,0.0,0.0,0.0,0.0,0.0,0.0,0.0038098805,0.0,0.0,0.0,0.0,0.0,0.0,0.0,0.0,0.0,0.0,0.0,0.0,0.0,0.0,0.0,0.0,0.0,0.0,0.0,0.0069147646,0.0,0.0,0.0,0.0,0.0,0.0,0.0,0.0,0.0,0.0,0.0,0.0,0.0,0.0,0.0,0.0,0.0,0.0,0.0,0.0,0.0,0.0,0.0,0.0,0.0,0.0,0.0,0.0,0.0,0.0,0.0,0.0,0.0,0.0,0.0,0.0,0.0,0.0,0.0,0.0,0.0,0.0,0.0,0.0,0.0,0.0,0.0,0.0,0.0,0.0,0.0,0.0,0.0,0.0,0.0,0.0,0.0,0.0,0.0,0.0,0.0,0.0,0.0,0.0,0.0,0.0,0.0,0.0,0.0,0.0,0.0,0.0,0.0,0.0,0.0,0.0,0.0,0.0,0.0,0.0,0.0,0.0,0.0,0.0,0.0,0.0,0.0,0.0,0.0,0.0,0.0,0.0,0.0,0.0,0.0,0.0,0.0,0.0,0.0,0.0,0.0,0.0,0.0,0.0,0.0,0.0,0.0,0.0,0.0,0.0,0.0,0.0,0.0,0.0,0.0,0.0,0.0,0.0,0.0,0.0,0.0,0.0,0.0,0.007900696,0.0,0.0,0.0,0.0,0.0,0.0,0.0,0.0,0.0,0.0,0.0,0.0,0.0,0.0,0.0,0.0,0.0,0.0,0.0,0.0,0.0,0.0,0.0,0.0,0.0,0.0,0.0,0.0,0.0,0.0,0.0,0.0,0.0,0.0,0.0,0.0,0.0,0.0,0.0,0.0,0.0,0.0,0.0,0.0,0.0,0.0,0.0,0.0,0.0,0.0,0.0,0.0,0.0,0.0,0.0,0.0,0.0,0.0,0.0,0.0,0.0,0.0,0.0,0.0,0.0,0.0,0.0,0.0,0.0,0.0,0.0,0.0,0.0,0.0,0.0,0.0,0.0,0.0,0.0,0.0,0.0,0.0,0.0,0.0,0.0,0.0,0.0,0.0,0.0,0.0,0.0,0.0,0.0,0.0,0.0,0.0,0.0,0.0,0.0,0.0,0.0,0.0,0.0,0.0,0.0,0.0,0.0,0.0,0.0,0.0,0.0,0.0,0.0,0.0,0.0,0.0,0.0,0.0,0.0,0.0,0.0,0.0,0.0,0.0,0.0,0.0,0.0,0.0,0.0,0.0,0.0,0.0,0.0,0.0,0.0,0.0,0.0,0.0,0.0,0.0,0.0,0.0,0.0,0.0,0.0,0.0,0.0,0.0,0.0,0.0,0.0,0.0,0.0,0.0,0.0,0.0,0.0,0.0,0.0,0.0,0.0,0.0,0.0,0.0,0.0,0.0,0.0,0.0,0.0,0.0,0.0,0.0,0.0,0.0,0.0,0.0,0.0,0.0,0.0,0.0,0.0,0.0,0.0,0.0,0.0,0.0,0.0,0.0,0.0,0.0,0.0,0.0,0.0,0.0,0.0,0.0,0.0,0.0,0.0,0.0,0.0,0.0,0.0,0.0,0.0,0.0,0.0,0.0,0.0,0.0,0.0,0.0,0.0,0.0,0.0,0.0,0.0,0.0,0.0,0.0,0.0,0.0,0.0,0.0,0.0,0.0,0.0,0.0,0.0,0.0,0.0,0.0,0.0,0.0,0.0,0.0,0.0,6.0133636e-05,0.0,0.0,0.0,0.0,0.0,0.0,0.0,0.0,0.0,0.0,0.0,0.0,0.0,0.0,0.0,0.0,0.0,0.0,0.0,0.0,0.0,0.0,0.0,0.0,0.0,0.0
