0.7515994,0.73097503,0.76398385,0.7444179,0.7332514,0.7476926,0.743009,0.75519174,0.75295436,0.76164114,0.73792934,0.77032286,0.756589,0.766676,0.7418889,0.749467,0.7136687,0.7584402,0.7452902,0.73809105,0.72886384,0.7426164,0.76546144,0.7427371,0.7328821,0.7576189,0.71807975,0.7256897,0.7320993,0.7232644,0.73058546,0.72533447,0.73781276,0.75789887,0.7489642,0.73284703,0.74975395,0.7378642,0.7440427,0.72533095,0.7574007,0.7333542,0.73876673,0.7506499,0.722867,0.7268784,0.7467135,0.74557483,0.752203,0.7431635,0.7250576,0.72858024,0.7581076,0.7645291,0.7404134,0.74264205,0.7623719,0.7426241,0.73867804,0.7159952,0.7407189,0.7370734,0.7365309,0.74832165,0.7457701,0.7388137,0.7417584,0.74796903,0.7336076,0.7454313,0.76211655,0.7335704,0.7493534,0.73300564,0.73152477,0.7362232,0.74376565,0.71682715,0.7709926,0.7551479,0.72141623,0.7110934,0.7515255,0.7373695,0.7425961,0.7468563,0.73496777,0.73131025,0.75048184,0.746758,0.740606,0.7315063,0.7158621,0.7425931,0.7432692,0.7654367,0.71656317,0.7452417,0.7418236,0.75707114,0.76201093,0.73423076,0.7339046,0.73238134,0.7146318,0.72266227,0.732634,0.7486063,0.7211139,0.7253442,0.76399887,0.7518037,0.73068833,0.7502963,0.74306154,0.7284918,0.7394948,0.7501688,0.753674,0.7499241,0.75657237,0.74827015,0.7550203,0.7291907,0.7329808,0.7606975,0.74224836,0.7701078,0.73625207,0.7451174,0.7387556,0.742681,0.7302178,0.73099434,0.75033855,0.75352955,0.71400005,0.71992046,0.7264266,0.7244418,0.73388493,0.7369609,0.74851733,0.73851484,0.7430766,0.71911156,0.7549979,0.77300584,0.7445495,0.734088,0.7459507,0.75553125,0.75473684,0.72666025,0.76928556,0.7419914,0.7658312,0.74113566,0.741129,0.74900067,0.7400569,0.74201024,0.73390746,0.7557746,0.7317586,0.75172603,0.7365096,0.74747753,0.72137386,0.7550881,0.71837485,0.74908894,0.74409103,0.76889247,0.7551805,0.7388812,0.75945854,0.73614496,0.7483047,0.7456448,0.7436482,0.7107544,0.7654717,0.73581785,0.7518799,0.7646581,0.7535428,0.7304274,0.7618713,0.7480731,0.7478855,0.75707287,0.726234,0.75180626,0.74347776,0.7395566,0.7593797,0.7158297,0.7395955,0.7522871,0.7308886,0.7469526,0.7522927,0.7720776,0.77438885,0.77411085,0.7317085,0.7298784,0.73481184,0.72767645,0.7433729,0.7394214,0.746466,0.73918664,0.7264187,0.74276984,0.74247587,0.7697751,0.7505375,0.7355954,0.7586512,0.7388484,0.75248075,0.7308376,0.7437155,0.73596334,0.7232561,0.74130255,0.7508537,0.7415286,0.75480723,0.78201973,0.7285369,0.7676155,0.72439706,0.7436074,0.7416468,0.75874436,0.7256502,0.7457845,0.7320303,0.74920696,0.73382246,0.72681826,0.7455171,0.74861026,0.7411624,0.75866896,0.7667587,0.73518866,0.75686026,0.74820894,0.733998,0.7517323,0.73466885,0.7335103,0.7466797,0.74057496,0.7421528,0.7355493,0.73775244,0.7352937,0.7592868,0.70394814,0.7393872,0.721781,0.733488,0.75566673,0.7580614,0.75331795,0.74627703,0.74605197,0.72098756,0.7592353,0.74106556,0.7402339,0.7502688,0.74323434,0.7495615,0.73048466,0.7411454,0.72820973,0.74016047,0.72976524,0.7552464,0.7301933,0.7598305,0.7428013,0.7305855,0.75931394,0.75608635,0.7294492,0.7453831,0.74767435,0.7188002,0.7554623,0.73227674,0.72787696,0.732016,0.75008404,0.74490786,0.7299846,0.7248486,0.7149983,0.7345173,0.75513893,0.76045907,0.7468255,0.74974203,0.7357552,0.75781786,0.72923154,0.7496121,0.75866896,0.7448303,0.74378896,0.7349133,0.75212896,0.7558328,0.7405486,0.76075935,0.7306987,0.7422583,0.75281847,0.7371721,0.73387784,0.7529391,0.74338204,0.7422823,0.7392491,0.7517536,0.7361427,0.7380535,0.7371253,0.73867404,0.72934437,0.73792446,0.7306771,0.7210279,0.72139937,0.7353752,0.77092594,0.757222,0.70713073,0.714987,0.72647387,0.771387,0.75777096,0.7527678,0.70503765,0.73263764,0.72147506,0.7545558,0.72522,0.740763,0.73744404,0.7448888,0.75880677,0.7638929,0.73918885,0.7450422,0.74087435,0.73963493,0.7195935,0.736193,0.72252357,0.73625916,0.7482201,0.75109226,0.73340386,0.754302,0.7364251,0.72890407,0.72928315,0.7522172,0.7434156,0.74372566,0.7425965,0.7432387,0.74034804,0.7465803,0.72630095,0.719687,0.7124213,0.7514863,0.74189174,0.73984003,0.729925,0.7636005,0.742249,0.7399061,0.76223636,0.73105276,0.7439537,0.7566587,0.74073994,0.7420833,0.76099795,0.7305374,0.7596428,0.76763093,0.7339668,0.73875445,0.7487942,0.76570606,0.74461675,0.72883683,0.7513959,0.7382053,0.77205396,0.751179,0.7470052,0.7466489,0.731906,0.7332836,0.7721108,0.7374372,0.7467202,0.76318616,0.7356208,0.7612903,0.7154536,0.7291468,0.7273333,0.7189786,0.70342314,0.7359939,0.7628838,0.73089755,0.7562025,0.73121756,0.7376352,0.75521183,0.7275461,0.7333792,0.7335234,0.737051,0.7628929,0.72852296,0.74240595,0.73919135,0.75960773,0.7326426,0.71661985,0.7351263,0.72438496,0.7305742,0.7451238,0.7304677,0.7380131,0.7520185,0.75205374,0.73017526,0.72106194,0.7269402,0.74352163,0.73453337,0.74757713,0.7321469,0.7337835,0.7189384,0.74932647,0.756794,0.73694277,0.7493607,0.7302662,0.71954376,0.7349143,0.752406,0.7392217,0.7520936,0.72893375,0.7512098,0.7672546,0.74881643,0.7504621,0.7346704,0.7662097,0.7234619,0.75853926,0.7445129,0.7355419,0.744758,0.7377013,0.7267622,0.7522292,0.75338954,0.73046017,0.75835615,0.732786,0.748326,0.76880074,0.7435831,0.7346935,0.7740216,0.749484,0.754931,0.7587939,0.74854034,0.74247026,0.74888813,0.72736454,0.74779487,0.75794184,0.7450012,0.7385359,0.74649805,0.75928384,0.73533803,0.765491,0.74916106,0.74793476,0.73608005,0.72555965,0.7466487,0.744726,0.7476163,0.7492336,0.74815917,0.75925756,0.71768385,0.76193917,0.7198514,0.7448669,0.7428651,0.74667305,0.73149455,0.7292801,0.73897785,0.70346564,0.733108,0.7532814,0.72841716,0.73223144,0.76139885,0.7366219,0.73483425,0.75282735,0.72709316,0.7459101,0.71517295,0.746573,0.7516436,0.7318978,0.73452634,0.7626735,0.73826283,0.7457405,0.723799,0.750485,0.7247195,0.7597199,0.7437744,0.761041,0.7429963,0.71303695,0.7538363,0.7674134,0.7414681,0.7278716,0.7721754,0.74711156,0.75728756,0.73252034,0.7379022,0.7216716,0.74011004,0.73292273,0.745447,0.73215395,0.7297384,0.7637523,0.7520159,0.7483168,0.7313504,0.7438179,0.7370505,0.7413814,0.7190345,0.73857665,0.7479417,0.7200822,0.7455557,0.74874777,0.7302121,0.75149477,0.7400571,0.7261729,0.7503991,0.7120055,0.738982,0.7382429,0.7722934,0.7642992,0.72597545,0.7390778,0.7345093,0.7510499,0.75585866,0.7336037,0.7278551,0.751621,0.75046974,0.7331958,0.7457053,0.74290276,0.7269418,0.7363137,0.74777514,0.7349391,0.73844165,0.7485087,0.7507912,0.73308873,0.7201164,0.7247064,0.7189815,0.7386466,0.751081,0.7321845,0.7414181,0.75755626,0.73579854,0.74406886,0.7600666,0.75590736,0.7393715,0.73428935,0.7468003,0.75332105,0.7735406,0.7424861,0.7475688,0.7623167,0.78091115,0.74005777,0.7563094,0.7402151,0.7485399,0.7297906,0.75447965,0.7652894,0.72047305,0.7734896,0.73632437,0.7526507,0.7309542,0.73860806,0.7373045,0.7241418,0.7198555,0.7527434,0.7526198,0.74990416,0.7615063,0.731467,0.7365608,0.7158551,0.73567706,0.7768883,0.7570698,0.7476226,0.7360877,0.7361348,0.7370567,0.7568345,0.7566437,0.74016964,0.7229341,0.7427244,0.76076186,0.7518419,0.74679166,0.7540715,0.77413887,0.73178726,0.7315614,0.74884313,0.73815626,0.73620516,0.7657922,0.741969,0.7461053,0.7419865,0.7208932,0.76090896,0.74768704,0.7404809,0.72602534,0.75100183,0.7626463,0.7634587,0.7406731,0.75235426,0.7422535,0.73391676,0.74377227,0.7455814,0.7325438,0.74654585,0.72927696,0.7513757,0.7186493,0.7467783,0.77824104,0.7386928,0.74375457,0.74548113,0.7332925,0.7293715,0.7381382,0.7535754,0.7517934,0.74432254,0.7485757,0.7394718,0.7604746,0.7478702,0.76184285,0.7154794,0.7497225,0.74199456,0.73667496,0.7467884,0.7310626,0.73094565,0.7452739,0.7380316,0.77363586,0.76454663,0.73308134,0.72408974,0.7421531,0.7406998,0.76745,0.7414211,0.7277669,0.7276159,0.7293662,0.7455113,0.7427991,0.7511544,0.75556505,0.71095705,0.7519529,0.7434969,0.76161337,0.7498386,0.7844372,0.7263737,0.75901777,0.7370191,0.7293937,0.734983,0.7263747,0.7321646,0.73135406,0.7413814,0.7548524,0.7516126,0.7398147,0.7480972,0.72957057,0.72829986,0.7450037,0.7393794,0.7284298,0.73746485,0.729994,0.7472402,0.72094214,0.74002516,0.74804693,0.76489496,0.74987024,0.7526897,0.7407339,0.7456592,0.7563912,0.7243203,0.748036,0.7422484,0.7406289,0.7621941,0.7241798,0.7322415,0.7367105,0.7304167,0.75311035,0.7215233,0.74115574,0.73068935,0.7244293,0.7285806,0.73654896,0.7314823,0.74267125,0.7566279,0.7416247,0.71996516,0.7467706,0.735288,0.74393785,0.75574183,0.741679,0.76062286,0.730376,0.7367854,0.74829376,0.7647064,0.73247784,0.7510087,0.7325614,0.7420005,0.764068,0.7355642,0.7623992,0.73031497,0.7117596,0.73187095,0.72282845,0.76645213,0.7541385,0.75781435,0.7531676,0.76359725,0.7381121,0.7533593,0.760944,0.7160111,0.7486281,0.7433574,0.75450134,0.7617844,0.7495923,0.73895854,0.7344594,0.72869736,0.7405081,0.75614005,0.740723,0.7549113,0.74574053,0.7355273,0.7369967,0.7333463,0.77069813,0.71095616,0.7430537,0.75990003,0.7316254,0.7353224,0.75087863,0.7315751,0.75145,0.73631597,0.7331221,0.75066495,0.74820614,0.73775387,0.739872,0.74924374,0.7103749,0.76326406,0.73707974,0.7137587,0.73656416,0.7601526,0.7401346,0.74613655,0.7249804,0.7515859,0.75866973,0.74147046,0.74150133,0.7269816,0.7555375,0.72098535,0.74751437,0.7632159,0.76019436,0.7431059,0.76429546,0.74067664,0.7244456,0.7067657,0.7379798,0.7586889,0.7365916,0.7569523,0.77226317,0.7342097,0.75986266,0.7353466,0.7604865,0.73623407,0.74659777,0.74417543,0.7559537,0.7240662,0.7367697,0.74774593,0.7410324,0.73734164,0.73432237,0.74445397,0.7325777,0.74632496,0.7443322,0.75587887,0.7367194,0.74160516,0.73856777,0.74552566,0.7379524,0.7481885,0.73905665,0.73713464,0.7344844,0.76002955,0.75023353,0.7525637,0.71080613,0.7498868,0.7491344,0.73401463,0.75252336,0.7147009,0.72926056,0.7427679,0.7558308,0.7488466,0.7364379,0.7379232,0.742525,0.7215169,0.73826087,0.74804604,0.7195452,0.75309145,0.7516657,0.7838033,0.7285946,0.7270914,0.7509398,0.73396635,0.7539049,0.7590579,0.7491185,0.73783976,0.72556305,0.73341966,0.72928137,0.7579608,0.70202696,0.7211293,0.7383207,0.74130917,0.73708117,0.74210334,0.7345331,0.73520225,0.76255804,0.7418269,0.726741,0.74200207,0.7510502,0.74564433,0.7571544,0.72521687,0.7251846,0.7296782,0.7492943,0.7315507,0.7164101,0.7558871,0.7245501,0.7300981,0.74157864,0.75824374,0.7415523,0.73093206,0.7453531,0.7076667,0.72463536,0.7153985,0.73697704,0.73666763,0.7290248,0.7250855,0.73170805,0.7293376,0.733499,0.7249675,0.7499118,0.7325735,0.74317855,0.74357796,0.7236674,0.74721503
0.62998784,0.6340234,0.6307032,0.6232908,0.63074577,0.6286469,0.63337004,0.6452723,0.6301516,0.64893603,0.6365251,0.6431725,0.6462888,0.658478,0.6114899,0.6555641,0.603678,0.6410819,0.63828725,0.6519532,0.6309123,0.63688123,0.6367073,0.64461946,0.6334152,0.61904794,0.6326067,0.6316,0.61630553,0.61429566,0.6176955,0.60638696,0.61562735,0.6273588,0.6396305,0.62660116,0.6457834,0.6218267,0.6285724,0.6151097,0.62464494,0.643924,0.63616323,0.63236165,0.61695343,0.6260514,0.6438127,0.61781955,0.6226982,0.64407015,0.6149025,0.6286491,0.6270381,0.66590387,0.6254602,0.66030025,0.64248955,0.61972123,0.6367189,0.62495977,0.6273285,0.6306019,0.6233064,0.63035697,0.6284225,0.6231202,0.631742,0.65365964,0.6281963,0.6300699,0.628024,0.6334083,0.61176205,0.64710134,0.6437418,0.6286287,0.63269055,0.61726516,0.64355975,0.6408631,0.62336236,0.62974894,0.63041073,0.6194708,0.6472946,0.628378,0.6188165,0.6259241,0.6362434,0.65000236,0.6420601,0.64677924,0.61064374,0.62805176,0.6418925,0.6409156,0.6139047,0.6433342,0.64071065,0.6320843,0.6474336,0.6373963,0.6176967,0.6258379,0.6174631,0.6313106,0.6411898,0.62450683,0.628837,0.62049687,0.6287732,0.63180345,0.63267916,0.62145174,0.6184462,0.6250241,0.61745375,0.6454268,0.6325639,0.59936774,0.6391892,0.62162614,0.6196401,0.6217053,0.6252361,0.6456751,0.6224177,0.6410599,0.63101923,0.6345584,0.62723494,0.62054133,0.65404385,0.6230047,0.6387106,0.6301802,0.6296906,0.620189,0.6406297,0.6325785,0.6348861,0.62005633,0.65826076,0.6333923,0.63127124,0.5867582,0.6321435,0.6278624,0.64707434,0.5999147,0.62798697,0.62869614,0.6421995,0.62207997,0.641194,0.6238792,0.62746155,0.626277,0.65345716,0.6133503,0.62616044,0.66338956,0.62008774,0.6535649,0.63025415,0.6560017,0.64745194,0.64783275,0.62260956,0.63856196,0.6439814,0.640731,0.62096226,0.6489112,0.63452935,0.62999016,0.63723934,0.63519025,0.63135636,0.6306128,0.63032836,0.61669517,0.6206535,0.5944796,0.6225893,0.65569645,0.6312665,0.6180577,0.6266278,0.63964,0.6413976,0.63749665,0.62376183,0.6375479,0.6208665,0.6403548,0.63983834,0.6372184,0.6270251,0.6162435,0.6124365,0.63176346,0.63026047,0.61904585,0.6485081,0.6495568,0.6286574,0.6245798,0.6164678,0.6291784,0.6350139,0.61608154,0.6265365,0.62151074,0.5930136,0.6533261,0.6427168,0.647311,0.6100417,0.6221724,0.64669377,0.6172474,0.6444634,0.6269769,0.6311718,0.6112945,0.6111093,0.62931025,0.6346934,0.61026233,0.6209246,0.6396294,0.62237746,0.6470767,0.6294407,0.62017214,0.6388803,0.62256813,0.618714,0.63659036,0.6318653,0.6404555,0.62195086,0.63048106,0.6143382,0.6361815,0.6018452,0.6135001,0.62826306,0.62258583,0.6145772,0.63077396,0.62471175,0.62545127,0.62608665,0.6331591,0.6243788,0.6162521,0.6174986,0.6131861,0.64170915,0.62163955,0.6573168,0.6195058,0.6382479,0.6190666,0.6188439,0.6225354,0.6102761,0.6338762,0.6500289,0.629831,0.6321442,0.63453484,0.61144876,0.63710934,0.6228219,0.64034605,0.625426,0.6303882,0.62035006,0.6286348,0.64531523,0.6059103,0.63675326,0.6202038,0.6383168,0.6292691,0.61932373,0.63901675,0.6430633,0.6420335,0.65335006,0.63343483,0.625414,0.6504159,0.6603338,0.6360635,0.6213014,0.63767457,0.6233672,0.6133235,0.600279,0.61658716,0.63511515,0.6296564,0.63679206,0.6273151,0.6268777,0.62636125,0.63970447,0.62549543,0.6275442,0.6397562,0.64624935,0.62112975,0.6519848,0.6364483,0.6481091,0.6279856,0.64499146,0.60333693,0.6235474,0.6290857,0.6122381,0.63299096,0.6589019,0.60994077,0.62877274,0.61568135,0.64357424,0.62379247,0.6198994,0.6463114,0.6065988,0.6240444,0.5977137,0.6136725,0.6267433,0.61848164,0.61938727,0.64917636,0.63428587,0.6092385,0.62540656,0.6145016,0.6273134,0.6425278,0.6184876,0.64971924,0.6107668,0.6018461,0.6292767,0.61027354,0.62421286,0.60479915,0.60582244,0.6370621,0.64992815,0.62324417,0.62540996,0.6237434,0.61050856,0.62387705,0.62582535,0.6384798,0.64340734,0.6528157,0.6407329,0.6327653,0.6530705,0.6178675,0.61681825,0.5983445,0.6346896,0.6306012,0.61882645,0.63599026,0.61719435,0.6303888,0.6322564,0.629452,0.6004499,0.6063064,0.6367352,0.6199039,0.6298191,0.63787675,0.66347873,0.626745,0.6352983,0.6340802,0.6235392,0.6383923,0.6471804,0.6302993,0.63025457,0.63251364,0.63052374,0.6633924,0.6463016,0.6214816,0.6210003,0.6360359,0.6326173,0.6359237,0.6158995,0.64756703,0.6409086,0.6333811,0.63062245,0.63261306,0.618427,0.6408266,0.6406122,0.660058,0.61758965,0.62377816,0.6346539,0.6361964,0.6518821,0.6307178,0.6345257,0.6323026,0.6159779,0.60484564,0.6282146,0.6107575,0.6307254,0.63768524,0.6311463,0.61977303,0.6282526,0.6370436,0.6398846,0.6265557,0.6335419,0.63158953,0.6202989,0.63297373,0.623536,0.6200332,0.6007546,0.60988116,0.60579884,0.62157863,0.6153674,0.6318269,0.62567943,0.6297474,0.6391474,0.6508576,0.64209986,0.6125666,0.63720214,0.6346185,0.6438731,0.63803095,0.62723655,0.62097794,0.611903,0.63000214,0.6419174,0.62254673,0.60673785,0.6167113,0.61614776,0.60860175,0.6321851,0.63414013,0.6413592,0.6225459,0.6261988,0.6255885,0.6271535,0.60749424,0.63451946,0.6263593,0.63513,0.6405169,0.6358087,0.6191815,0.62290704,0.62247527,0.6263266,0.6072799,0.63828987,0.6245509,0.6457995,0.6144861,0.6239605,0.635492,0.62427926,0.6255284,0.6467083,0.633344,0.6224752,0.64330935,0.62354976,0.6445816,0.6282461,0.6154165,0.6297787,0.615227,0.63710225,0.6406115,0.61796194,0.6334411,0.624193,0.6171206,0.6444104,0.61788726,0.6411037,0.62896174,0.640249,0.6379459,0.62708515,0.63241106,0.64295197,0.6325298,0.6237256,0.64060074,0.60870004,0.62863874,0.6404148,0.6401774,0.6136271,0.6456028,0.6398809,0.60707,0.61759084,0.62864166,0.60262066,0.64543355,0.6193276,0.62492657,0.6119645,0.6249435,0.6327743,0.6455081,0.612326,0.6163494,0.6501694,0.6311233,0.63228434,0.6434833,0.6302345,0.62992483,0.6245588,0.6141997,0.6266929,0.6500826,0.63248336,0.6238111,0.62852657,0.6293061,0.6146978,0.64082986,0.63611835,0.6285791,0.6437967,0.61953014,0.6255599,0.6384658,0.6286005,0.61015576,0.62472695,0.63480586,0.63581127,0.633691,0.61710113,0.6613233,0.6477098,0.6281861,0.6149944,0.6137195,0.6336355,0.6316298,0.6212685,0.6380477,0.6379129,0.61145145,0.62549037,0.6317767,0.612738,0.6532362,0.63734627,0.6372756,0.62715673,0.6098271,0.62497747,0.6181047,0.6603779,0.6399462,0.5993099,0.6315721,0.6473826,0.6440552,0.6182199,0.63043404,0.6335647,0.6262146,0.63522506,0.63498586,0.6502353,0.64363825,0.60232747,0.64071196,0.63201046,0.6330356,0.60587764,0.62859803,0.6348228,0.6292249,0.61255914,0.6079063,0.6273893,0.6272972,0.6337689,0.6293687,0.63429207,0.6266154,0.6077209,0.64187855,0.6281032,0.6287201,0.63317347,0.61780214,0.6416792,0.62755525,0.63810635,0.6059399,0.63500655,0.6449791,0.6493229,0.6509564,0.6436973,0.6404822,0.6440941,0.6227562,0.6407498,0.61297464,0.63033426,0.6477786,0.624786,0.6496693,0.6327106,0.63436806,0.63405716,0.61746615,0.627249,0.61966884,0.6363374,0.66606355,0.6380859,0.6161616,0.6330959,0.63234895,0.6188662,0.64885986,0.64001197,0.6244604,0.6117194,0.6395871,0.61168444,0.6498895,0.6550422,0.61806494,0.6400166,0.6360304,0.6244877,0.6358727,0.630102,0.6383366,0.64536023,0.6466241,0.626546,0.6394247,0.6086176,0.6232434,0.6382264,0.61221313,0.6360615,0.6163846,0.61282545,0.63990784,0.65090233,0.63066167,0.59817064,0.63558185,0.62630683,0.6380195,0.6226623,0.62224185,0.6365392,0.6447715,0.6360666,0.6330555,0.6300913,0.63916785,0.608877,0.627719,0.61631733,0.6473695,0.6357767,0.64213276,0.6170175,0.6173903,0.6336142,0.6441288,0.62930036,0.6307558,0.6315438,0.6456386,0.6552882,0.6301241,0.61753905,0.6262198,0.66112936,0.6161608,0.63890946,0.6144931,0.6185326,0.61299634,0.6393692,0.6351145,0.62296826,0.6182975,0.65419585,0.6257321,0.6267283,0.62689877,0.6356749,0.6380575,0.62906826,0.6220746,0.6267517,0.60377115,0.65034544,0.6072423,0.6357462,0.63299435,0.61508524,0.6094459,0.65160215,0.63470423,0.6185899,0.6533863,0.6378902,0.6142875,0.6309882,0.60317725,0.63201356,0.6170856,0.6256841,0.6107525,0.62722456,0.643603,0.63196886,0.63829136,0.6423919,0.62881917,0.61737895,0.6098284,0.6227552,0.6184105,0.61657995,0.6241999,0.63222504,0.625054,0.6135995,0.6388724,0.6400433,0.6375526,0.62370247,0.6380188,0.60800487,0.6456507,0.61617684,0.6153065,0.6216017,0.6202873,0.63557255,0.645036,0.625726,0.61215067,0.61468965,0.61022574,0.62801236,0.6195965,0.62177813,0.6013324,0.62351847,0.6336861,0.62908465,0.61728233,0.62156266,0.61913294,0.6402403,0.60839367,0.64991224,0.6373647,0.63691777,0.6580217,0.6248374,0.63142496,0.6174302,0.6452941,0.61908305,0.661219,0.60386544,0.62637573,0.62612295,0.61940604,0.64571327,0.6176392,0.626471,0.6139714,0.6176083,0.6123732,0.64837116,0.6457657,0.6262737,0.6533365,0.63478625,0.6161601,0.636767,0.6377265,0.64067906,0.62596023,0.6271996,0.5956773,0.64731294,0.64211595,0.63002145,0.63804823,0.61810297,0.631005,0.63211983,0.6451244,0.6255326,0.6078843,0.61478966,0.6297451,0.6326892,0.6220852,0.6381411,0.6033237,0.63788766,0.622129,0.60124314,0.62454283,0.62040544,0.60470563,0.6142437,0.62057304,0.6321689,0.6286298,0.6223181,0.62751025,0.62757444,0.63139564,0.6318706,0.6335149,0.63086236,0.5978094,0.6281107,0.6254169,0.6289785,0.638344,0.6053076,0.62236434,0.6339452,0.623172,0.6278074,0.62904984,0.6310705,0.58796096,0.6243862,0.6488931,0.6183301,0.6422064,0.63273406,0.6255106,0.6250906,0.6323875,0.6280548,0.6503713,0.61984444,0.63328725,0.6479126,0.6197322,0.65984243,0.64668244,0.639364,0.63232887,0.64269704,0.6344008,0.6082819,0.6134371,0.619115,0.61383724,0.62631124,0.64694065,0.626749,0.6197361,0.638435,0.6317662,0.6302486,0.6311859,0.631181,0.6456828,0.6235318,0.63468635,0.6231213,0.6373762,0.6236202,0.6244611,0.6314261,0.64119315,0.6287038,0.60596395,0.5995035,0.64263594,0.65397114,0.6396595,0.64253664,0.600485,0.6058639,0.63026786,0.6523632,0.6345013,0.61864585,0.622482,0.64960784,0.607978,0.6313074,0.63783586,0.6213304,0.6100376,0.627538,0.6083862,0.63253665,0.63418114,0.6358504,0.61032844,0.6349184,0.63334394,0.63169414,0.6298149,0.620942,0.6280365,0.6151431,0.6403958,0.5987314,0.6489166,0.63656247,0.60603684,0.6372254,0.6355739,0.59960353,0.6175933,0.6285703,0.6548113,0.6010241,0.62664306,0.61071223,0.62107736,0.6365977,0.6138619,0.6384416,0.60109675,0.6233335,0.6151134,0.63219917,0.62016577,0.6484142,0.6218628,0.6357646,0.6363934,0.62348515,0.6230483,0.63106775,0.6265085,0.6337955,0.62598586,0.61235595,0.63961965,0.63536894,0.6198035,0.61578274,0.6273038,0.6115981,0.6339454,0.6369364,0.6131573,0.6031541,0.64338297,0.6167358,0.61496365
0.6854105,0.68225914,0.6906475,0.70767003,0.6921941,0.7032709,0.68249,0.7147767,0.69645876,0.70674247,0.69250757,0.7080107,0.7087874,0.7230111,0.6970141,0.6911497,0.67401814,0.7066348,0.70666695,0.6956061,0.67533493,0.69635195,0.70684195,0.7125542,0.69011176,0.6979524,0.6720277,0.69424546,0.68154705,0.6576706,0.6834716,0.69200504,0.682689,0.7018728,0.7104245,0.68357825,0.70024675,0.6859179,0.6946164,0.69564056,0.68634367,0.6979413,0.71584713,0.6963201,0.6972329,0.6729654,0.7122674,0.69457394,0.70426697,0.69839066,0.69661826,0.70030296,0.7202976,0.7044309,0.6888699,0.702369,0.7029711,0.67381805,0.71047175,0.67637396,0.69612354,0.68589246,0.68332124,0.7078167,0.69643134,0.6927711,0.7073961,0.6903842,0.693258,0.69628006,0.6810668,0.69414884,0.6888939,0.6832621,0.7027837,0.68992704,0.7016963,0.6935694,0.69812447,0.69930524,0.682629,0.67118347,0.6871332,0.69240713,0.7054447,0.6983539,0.70317,0.68941385,0.71398944,0.69818306,0.7036297,0.68915737,0.66904557,0.6916379,0.7158238,0.7179153,0.6936498,0.69270325,0.69227445,0.7117005,0.7086355,0.7097746,0.6808464,0.70120263,0.67451006,0.68263674,0.67295945,0.68878293,0.69281197,0.6864566,0.6856756,0.67263955,0.68662673,0.6934861,0.6899799,0.6828272,0.67065364,0.7087832,0.69318545,0.6829899,0.7053035,0.67448705,0.6951412,0.6764419,0.6977465,0.7076433,0.7000774,0.70717824,0.7036166,0.7066193,0.69823,0.69629407,0.6922225,0.6860559,0.70192444,0.69705325,0.68090916,0.65887684,0.6757339,0.6999889,0.7000687,0.6658676,0.70774853,0.6722396,0.6922244,0.65464544,0.7115797,0.69869834,0.6955921,0.67639947,0.70855904,0.69320935,0.6970146,0.68726176,0.6992959,0.6856724,0.6779505,0.68573153,0.715369,0.67772925,0.68265504,0.709553,0.67347324,0.7262415,0.7045097,0.7017853,0.69682735,0.70382357,0.67783535,0.6957382,0.68343806,0.6876858,0.6742804,0.6943298,0.71149445,0.68517554,0.6915417,0.68407565,0.724473,0.69316566,0.6672261,0.6720982,0.695503,0.68680227,0.7117131,0.7225772,0.69792336,0.6777769,0.6955675,0.715474,0.70588106,0.69795406,0.67485225,0.6954263,0.6931656,0.68788695,0.70773154,0.6877521,0.6930707,0.6974726,0.69395125,0.6894129,0.70373344,0.7093058,0.70841515,0.6943873,0.67880684,0.6959211,0.69118017,0.69708496,0.688959,0.6837693,0.68800586,0.69616205,0.66414475,0.7077178,0.6866702,0.7120727,0.6895483,0.686653,0.7075644,0.7118975,0.7030574,0.68909544,0.6794732,0.6931872,0.67377937,0.6930486,0.68995416,0.69259703,0.7054705,0.714233,0.6839098,0.7142745,0.70674944,0.6889679,0.6944936,0.6936358,0.69388443,0.7021464,0.69919026,0.687627,0.6724406,0.6994753,0.6836086,0.6873421,0.6860223,0.69990396,0.7092849,0.69281876,0.67303896,0.7008782,0.6898645,0.70888364,0.70094556,0.69299555,0.6982693,0.69229645,0.6741599,0.6853385,0.68277407,0.68382245,0.7098133,0.6553985,0.68510044,0.6840379,0.67504,0.68452597,0.6999076,0.70208323,0.69598365,0.6884504,0.67303807,0.696721,0.69831985,0.6994766,0.6969543,0.71644884,0.7089971,0.6902023,0.70364994,0.6876857,0.70499384,0.67922884,0.7088028,0.67945874,0.7115557,0.6846401,0.6951753,0.7150706,0.68823254,0.69454837,0.71995014,0.6979678,0.6984645,0.7053099,0.70841235,0.66127586,0.67537594,0.708385,0.70742244,0.67411804,0.67778724,0.6714991,0.71533567,0.6944583,0.6900606,0.7083892,0.6979105,0.6912566,0.687085,0.692917,0.69522196,0.7084865,0.71194047,0.7006478,0.70398664,0.69489616,0.7113083,0.7071823,0.72222257,0.67711866,0.69520247,0.70478314,0.67636985,0.6992333,0.69456714,0.67920524,0.70184535,0.6787227,0.69520044,0.6853271,0.69321513,0.70205045,0.69189256,0.6640283,0.6955819,0.6929519,0.6867041,0.697965,0.6976271,0.71092653,0.70704055,0.68033457,0.66864437,0.67958534,0.70989275,0.7089253,0.6916624,0.69901824,0.67860883,0.6767943,0.7013943,0.68102264,0.70404726,0.6908196,0.69806117,0.7028292,0.7019318,0.70990276,0.71118766,0.67885405,0.7026639,0.6810454,0.6963443,0.67327756,0.68696654,0.70586056,0.7065312,0.7009167,0.7163625,0.665633,0.6769126,0.67702466,0.7096637,0.68328536,0.682347,0.6790651,0.70073247,0.686871,0.708012,0.68640476,0.6822765,0.6659118,0.69070977,0.6748082,0.7017496,0.6948659,0.6963601,0.6910183,0.68846637,0.7235832,0.68177307,0.67679995,0.69389653,0.68099284,0.6975136,0.70258236,0.6828493,0.72753924,0.72343653,0.6834723,0.6989414,0.71000385,0.7119986,0.69851166,0.69312954,0.6993396,0.6878793,0.72826594,0.6958102,0.67915344,0.6979509,0.68498594,0.6995668,0.71086174,0.68602353,0.6810735,0.7043134,0.6977397,0.70711184,0.67504704,0.6796999,0.6890633,0.6860353,0.67974645,0.6942276,0.7035848,0.68189245,0.68567353,0.6806795,0.68334144,0.69193995,0.70017874,0.7035495,0.67690766,0.6892645,0.717997,0.679158,0.7157961,0.68794274,0.6943105,0.69903517,0.67324156,0.6812169,0.6740902,0.68629044,0.69428205,0.66902333,0.6811812,0.7014963,0.70125556,0.7012978,0.6757825,0.6856116,0.68161094,0.7086723,0.69756854,0.688457,0.69471645,0.6685468,0.7195933,0.7017414,0.6944603,0.6909808,0.6728141,0.65827477,0.6823277,0.69039285,0.702042,0.7143575,0.6876231,0.7170447,0.7054811,0.67781204,0.69324815,0.6986157,0.69897926,0.66298413,0.7114297,0.6877656,0.6934346,0.69961244,0.6759272,0.67327935,0.6873579,0.68938136,0.6812823,0.7167918,0.6790776,0.69280636,0.7211776,0.6962253,0.65949655,0.73641366,0.6891154,0.66938925,0.69856566,0.70373935,0.70744765,0.70023394,0.6669224,0.6953633,0.68203235,0.7039722,0.69986135,0.6702801,0.7089516,0.69951195,0.69846684,0.7042906,0.6919426,0.69375694,0.66832757,0.68288344,0.7050903,0.68207544,0.7162243,0.6818341,0.7049865,0.6830371,0.7093346,0.6632846,0.68974555,0.7032591,0.6913627,0.6860024,0.69716996,0.6824191,0.66347474,0.69837195,0.69374126,0.69446564,0.68826765,0.70040554,0.69942546,0.6862495,0.695892,0.6998069,0.7041592,0.68538296,0.6973652,0.71435606,0.6965407,0.70568144,0.71732825,0.68637043,0.68946743,0.69725424,0.69395304,0.68619025,0.7048771,0.70996517,0.73026997,0.70723486,0.6942328,0.69014555,0.7179649,0.6947935,0.704478,0.7313824,0.6860489,0.67864203,0.6861958,0.6859647,0.6602449,0.69458455,0.71170574,0.6964005,0.6693038,0.6903269,0.7206659,0.69242305,0.68351305,0.6932043,0.6708702,0.7060348,0.69795644,0.70034623,0.6971386,0.68944466,0.66427904,0.7072586,0.681094,0.676387,0.7082461,0.7058017,0.67606825,0.67500263,0.66159123,0.6837628,0.70250756,0.7272547,0.70460033,0.65923595,0.69724053,0.68188626,0.70742,0.7036515,0.6792392,0.6914259,0.6844185,0.69632685,0.69259393,0.6915467,0.69265777,0.7003353,0.7056533,0.7006929,0.6996182,0.6897233,0.6912179,0.70116884,0.69957626,0.6698632,0.6893249,0.6802133,0.6855231,0.696393,0.6913715,0.6849378,0.6853319,0.6850101,0.67223823,0.69499695,0.7022505,0.68788195,0.6744862,0.6949694,0.6782917,0.71772194,0.6767197,0.6904884,0.71892315,0.71130157,0.7171589,0.7056612,0.7054054,0.6868506,0.70796245,0.6971988,0.6989187,0.68784785,0.71804094,0.6775596,0.7013012,0.6949787,0.6929675,0.6839039,0.67604035,0.6870191,0.7053486,0.7111518,0.69926846,0.7105659,0.6828503,0.6896897,0.6861141,0.67856884,0.7035347,0.69789267,0.6875291,0.67814845,0.67087823,0.6866854,0.7137562,0.7031408,0.71452576,0.68928796,0.70093775,0.7189925,0.6876055,0.7003882,0.70725805,0.71050656,0.7058616,0.68524206,0.70198303,0.66793567,0.7056936,0.6985854,0.675873,0.7092804,0.6862939,0.65819216,0.7045074,0.6943383,0.69904643,0.66695786,0.6883531,0.7199464,0.7136319,0.687318,0.6868557,0.69976425,0.70675874,0.715722,0.6931486,0.6826201,0.6968389,0.6797789,0.6943272,0.67540604,0.6993638,0.70654285,0.6874495,0.6938639,0.67864114,0.6740525,0.68093467,0.68196,0.6984631,0.6965808,0.6789503,0.7143261,0.70054144,0.71556896,0.7005728,0.7110267,0.65629363,0.6971989,0.6980411,0.70197856,0.6862371,0.70286685,0.68932706,0.70873165,0.67711586,0.72630304,0.7066839,0.68776894,0.68640524,0.68809545,0.6932046,0.7160939,0.68164074,0.66322505,0.7030608,0.68943053,0.6972684,0.6942805,0.67934114,0.7032055,0.6686358,0.690854,0.70212495,0.7139734,0.68097526,0.70538807,0.66610456,0.7095056,0.6848557,0.68773395,0.671788,0.6983106,0.67423147,0.6911781,0.68985146,0.69898444,0.690186,0.6886515,0.68279076,0.68463236,0.6848918,0.7088284,0.6936541,0.67691326,0.67355525,0.6777972,0.68259144,0.6573672,0.6949663,0.69477415,0.70228124,0.7194916,0.70472056,0.68169945,0.7159389,0.6803546,0.69203675,0.6881431,0.6872118,0.6887814,0.7157251,0.6823724,0.68542653,0.6938871,0.68063396,0.69392407,0.693623,0.70009184,0.6723182,0.67186445,0.6868263,0.6902842,0.68977034,0.69998354,0.68676615,0.69962656,0.6814701,0.6982797,0.70336556,0.7066857,0.7099123,0.6923732,0.70685124,0.7041848,0.72773325,0.707405,0.70363545,0.6895079,0.7041056,0.68685186,0.68219095,0.71591866,0.67469996,0.69022954,0.6841079,0.67312413,0.66708475,0.679308,0.69393224,0.67668474,0.73325104,0.71382546,0.69022477,0.69776857,0.701036,0.7085725,0.68170464,0.68105537,0.6898973,0.70391995,0.7074913,0.68088484,0.7075891,0.6776427,0.6746032,0.69765395,0.70781314,0.68992054,0.6844521,0.7138096,0.69742066,0.6814629,0.7003254,0.712886,0.65908974,0.7116283,0.707713,0.6718907,0.6838179,0.69635314,0.6819408,0.7041863,0.684343,0.6949226,0.6925446,0.68140423,0.66452813,0.6852043,0.6851874,0.67999816,0.70995164,0.6897612,0.6716705,0.6970196,0.69641995,0.6857994,0.6967486,0.67339075,0.6969591,0.7108464,0.683025,0.6903942,0.7042323,0.7077506,0.6691145,0.6922037,0.724551,0.71127605,0.703145,0.7052655,0.6791216,0.6866422,0.6646252,0.68959254,0.71322453,0.6857962,0.68629986,0.72420496,0.6851073,0.7000042,0.6968182,0.7050184,0.6701886,0.69503105,0.6915429,0.6986074,0.6582927,0.6754298,0.69482297,0.7115432,0.6848224,0.700606,0.7011641,0.68726826,0.7035574,0.7003058,0.6918711,0.70609784,0.7062046,0.68265676,0.68982184,0.67914987,0.69370866,0.68602717,0.69127744,0.6908958,0.69575495,0.71072346,0.7026953,0.6516805,0.6902604,0.69514436,0.69889176,0.69790673,0.68602437,0.6857592,0.70515966,0.6833683,0.68798006,0.68752646,0.7015538,0.7091893,0.67206717,0.7124536,0.68476814,0.660959,0.7104286,0.70458704,0.7230634,0.7150196,0.69881624,0.70313925,0.6874121,0.7242196,0.706175,0.68783766,0.6666306,0.68234575,0.6869926,0.68188614,0.701863,0.66802704,0.67665565,0.68641466,0.67800707,0.6923655,0.7047556,0.6899279,0.6671975,0.6924417,0.7069988,0.66668695,0.6882852,0.7153987,0.6911952,0.71068406,0.6744135,0.68862903,0.6887999,0.6994558,0.6828219,0.70362204,0.70363367,0.6791528,0.700832,0.7174172,0.70437634,0.6864744,0.6982881,0.67939985,0.66154003,0.6920954,0.664768,0.68644667,0.68645406,0.68299025,0.67133206,0.69095623,0.6797329,0.6583321,0.67378426,0.68216336,0.67734975,0.6950314,0.7143924,0.6706407,0.6814517
0.7562965,0.74131566,0.72268224,0.7310905,0.73861194,0.7282422,0.7231999,0.7301837,0.7260622,0.7288457,0.7266845,0.72982115,0.73865366,0.7429469,0.7351622,0.74096787,0.7118946,0.7317875,0.7515011,0.72235364,0.7229128,0.73249227,0.74156404,0.7378637,0.7326331,0.7410024,0.7236148,0.7180713,0.72064996,0.7065751,0.7135558,0.74927235,0.722502,0.7263181,0.7366464,0.73895985,0.71957624,0.7150416,0.7218907,0.71160793,0.7327577,0.7277951,0.7121455,0.72621965,0.7483114,0.7161453,0.73720187,0.7261839,0.7270468,0.7311022,0.7241416,0.72410774,0.7391127,0.7405846,0.73967344,0.7379444,0.7318226,0.72586703,0.73264796,0.72102314,0.7141233,0.717096,0.7296225,0.73801845,0.71918666,0.7164662,0.7256765,0.73252493,0.71003044,0.7171026,0.7398159,0.70584685,0.7202468,0.7257605,0.7293323,0.7401271,0.7354708,0.7072923,0.7442685,0.7294448,0.7311868,0.7128156,0.7290713,0.7356082,0.71345556,0.72319585,0.7398868,0.720827,0.73251647,0.73801893,0.72275513,0.70201874,0.71524465,0.71536505,0.7289196,0.73845017,0.7202218,0.7294467,0.7204624,0.7436341,0.75080276,0.74036026,0.71806955,0.73899704,0.7170559,0.7209873,0.7050423,0.7350177,0.72536445,0.7259,0.7298045,0.7251526,0.73908883,0.74117154,0.7379775,0.72985804,0.71634215,0.72598255,0.7115957,0.7165547,0.7178423,0.7334547,0.7462512,0.7167152,0.7247621,0.74232626,0.7291412,0.7233651,0.73461187,0.74437153,0.73538774,0.72841674,0.7244195,0.7354185,0.73656535,0.72433084,0.73286664,0.7221669,0.72149974,0.73569006,0.7302841,0.7252566,0.72398335,0.7239738,0.7389139,0.71577924,0.74068075,0.7248328,0.72745997,0.711748,0.73005277,0.73569155,0.73276925,0.7260674,0.7361641,0.7355707,0.7395529,0.7129121,0.72606635,0.7252322,0.7275336,0.73466724,0.7148025,0.75062233,0.7188793,0.7354858,0.7246925,0.7328092,0.7082986,0.7443214,0.721452,0.7247095,0.7253456,0.7394905,0.74190104,0.7182311,0.7284006,0.719264,0.74070543,0.7386307,0.71859086,0.70703995,0.7517382,0.7297263,0.730855,0.7268338,0.72870564,0.73457426,0.7340525,0.72951686,0.7212402,0.7405786,0.7062442,0.73033094,0.73366076,0.73441076,0.7365457,0.72387445,0.72783905,0.7281426,0.72691566,0.73440087,0.7499521,0.7370933,0.7503373,0.74574476,0.72819406,0.7171205,0.7295956,0.7211736,0.73005444,0.73598397,0.73774004,0.7215979,0.7190927,0.70420676,0.7277273,0.76342505,0.7190275,0.71787965,0.73845994,0.73450845,0.7303348,0.7161152,0.7254291,0.73142195,0.7318385,0.7325203,0.73038584,0.73225814,0.7498474,0.74667037,0.7234572,0.7378436,0.73773897,0.7323672,0.71076006,0.7471158,0.7201724,0.73242074,0.7274229,0.74177873,0.72083247,0.72974,0.75074804,0.7246192,0.7158049,0.7521607,0.73655903,0.7153458,0.73590934,0.73579234,0.7210604,0.7331141,0.726902,0.72768366,0.7259159,0.70441794,0.73349905,0.71114206,0.7101497,0.73649085,0.74373204,0.69633484,0.71906877,0.69949913,0.74655074,0.71937895,0.7315609,0.73139304,0.7047767,0.71808606,0.72082156,0.73202115,0.72359943,0.74203324,0.71011376,0.7354923,0.7278188,0.7293294,0.7223776,0.6987741,0.7201967,0.74325526,0.7252978,0.72417974,0.740738,0.7234007,0.72788894,0.7273542,0.7373592,0.71030235,0.7492533,0.70986795,0.72081786,0.7392666,0.71266735,0.71928555,0.7403612,0.7286812,0.73779714,0.7320426,0.73673344,0.732609,0.7331979,0.739394,0.72294295,0.73009,0.73441637,0.72052556,0.74061024,0.720313,0.7199923,0.7491603,0.740257,0.7323601,0.72347677,0.7406483,0.73372555,0.73315,0.731546,0.7132682,0.7334553,0.74624527,0.71493787,0.72466946,0.72715706,0.74893564,0.74375236,0.72080594,0.72652274,0.74083674,0.7254545,0.71790916,0.7302728,0.71934915,0.7449828,0.72374374,0.72234124,0.73453796,0.7247691,0.75617856,0.70509374,0.727436,0.7119413,0.7331492,0.7478811,0.7287321,0.74527574,0.7273049,0.72794247,0.7314152,0.7340256,0.7176563,0.7169689,0.7275408,0.7364281,0.73535943,0.7126251,0.7203534,0.7412015,0.71546155,0.742373,0.71697426,0.7149459,0.69683385,0.72048706,0.7315383,0.72751707,0.73340744,0.73380363,0.7241609,0.70983094,0.7328068,0.7467353,0.7130483,0.7117888,0.73113036,0.72770005,0.71242297,0.72891605,0.6989491,0.72605246,0.7201661,0.72781885,0.73278636,0.7214495,0.73106873,0.73114604,0.7275106,0.7330724,0.75015754,0.7304933,0.73248196,0.7456755,0.7360543,0.74916786,0.7337537,0.72335494,0.74170977,0.75423,0.7147132,0.71753085,0.73878884,0.7431851,0.7181875,0.72303504,0.7337971,0.7322253,0.73655856,0.73035544,0.72275394,0.7360193,0.7314861,0.72561055,0.7441356,0.7222016,0.7330838,0.7393003,0.7164292,0.7339068,0.7358532,0.71870106,0.72494423,0.70726514,0.7025941,0.73011774,0.74743927,0.7120716,0.73636484,0.71099687,0.71382177,0.73485565,0.735418,0.7437495,0.73812395,0.712129,0.76281893,0.71961063,0.7286024,0.7339723,0.7343714,0.73194504,0.72281057,0.7123573,0.7174375,0.71265405,0.7176118,0.71978855,0.71946436,0.7306011,0.73500425,0.73646736,0.7248874,0.72098994,0.73847103,0.7315186,0.72986215,0.72875524,0.7247619,0.7227279,0.74484,0.73019093,0.7153453,0.74765205,0.7314818,0.70306706,0.7168065,0.7149254,0.72336394,0.7414608,0.7217248,0.75110656,0.76084673,0.72813314,0.746333,0.7408189,0.74390537,0.7051414,0.73475814,0.7339618,0.7074774,0.7336112,0.71921796,0.72866344,0.74367493,0.7321029,0.7188097,0.741933,0.70458764,0.72643274,0.75138617,0.73103815,0.7178056,0.7524998,0.7400479,0.73072255,0.7157672,0.7334512,0.7370069,0.73521256,0.7184814,0.73424697,0.76082975,0.73458666,0.7254908,0.72492284,0.73190296,0.71109873,0.7343953,0.73667175,0.7388984,0.7323752,0.72470963,0.72367185,0.7212224,0.73754925,0.7561336,0.7348671,0.7311793,0.70242244,0.7394969,0.71493167,0.71979207,0.73301107,0.7210725,0.7096731,0.71973294,0.7350654,0.71451896,0.7418462,0.74393606,0.73279953,0.72295296,0.72316587,0.7465967,0.7183016,0.71915686,0.7252489,0.7477207,0.717674,0.7374209,0.7333466,0.71871835,0.74008757,0.7387189,0.73329186,0.73935103,0.7332292,0.7396695,0.7070886,0.7391497,0.7215884,0.75354326,0.74690336,0.708519,0.72932154,0.73179185,0.720307,0.7469602,0.74679136,0.72511697,0.7239994,0.7107282,0.728108,0.71121806,0.72249246,0.7204542,0.7235603,0.7282311,0.72972304,0.73886645,0.72476107,0.71785057,0.73605955,0.7238191,0.7331654,0.7305535,0.722472,0.7263022,0.7174517,0.72568935,0.74495995,0.7140149,0.733435,0.7339084,0.73219585,0.7122936,0.7214788,0.71606684,0.7288965,0.7484466,0.74618167,0.7264643,0.717847,0.74936384,0.72385246,0.7241596,0.74473786,0.73530793,0.7407758,0.72348493,0.7362643,0.7188777,0.726178,0.7387443,0.73845357,0.7316795,0.7417246,0.72982746,0.72539395,0.72840387,0.73761153,0.7377743,0.7157842,0.72928303,0.7241411,0.72836685,0.7134558,0.73311114,0.73321575,0.74283993,0.7309956,0.7161482,0.72515494,0.72850585,0.7206854,0.7272558,0.7327533,0.7224877,0.7520189,0.73011553,0.7304832,0.73912156,0.7276458,0.7405016,0.7360446,0.7322636,0.75055724,0.7215738,0.7159282,0.735241,0.7346227,0.7374194,0.7327264,0.72931594,0.7209799,0.7515117,0.7311003,0.71776587,0.70732224,0.7448065,0.7296279,0.74012494,0.7220387,0.71695155,0.7255366,0.71802104,0.72518456,0.74065626,0.7292542,0.7385581,0.7217886,0.7080805,0.71593595,0.7508132,0.7386409,0.7392777,0.7145628,0.74161077,0.7518257,0.7360148,0.72592354,0.72388035,0.7356296,0.70467466,0.7309375,0.7333202,0.7108938,0.7325476,0.72887325,0.7270025,0.716208,0.7210472,0.7179911,0.7415372,0.7065807,0.7465082,0.7081574,0.74065036,0.7557709,0.74167675,0.7257792,0.72883666,0.7326802,0.7157739,0.7139814,0.72576743,0.72922397,0.73752,0.72066486,0.73903954,0.71447176,0.71544325,0.74842095,0.7190649,0.7379227,0.72999644,0.7108235,0.7161864,0.70422906,0.72160923,0.7276524,0.7207821,0.7372318,0.71018064,0.74466807,0.75021076,0.7401789,0.7176037,0.729462,0.7374801,0.7328981,0.71878,0.7398449,0.7142199,0.7192941,0.7281654,0.7385724,0.7320577,0.72045153,0.732616,0.7170131,0.7201558,0.7264331,0.7108611,0.7124185,0.72930527,0.7383473,0.731298,0.73734224,0.73378694,0.7298782,0.7138612,0.72627807,0.7344413,0.7367084,0.73232067,0.73614097,0.71016073,0.7411787,0.7264374,0.7087918,0.727251,0.7386776,0.72461075,0.73602897,0.7086565,0.7493672,0.71397346,0.7195513,0.73154026,0.7386018,0.72615254,0.7440255,0.72168314,0.710781,0.7328847,0.70230716,0.7182612,0.7062121,0.7278477,0.7473668,0.7529608,0.72017914,0.72882026,0.7408749,0.7352921,0.73564214,0.7275769,0.74494153,0.7165101,0.73150325,0.7381553,0.7266867,0.73653257,0.7093354,0.702016,0.73187816,0.7312872,0.7374289,0.73177904,0.7268541,0.7129545,0.7287092,0.7305559,0.71686745,0.7167254,0.73360586,0.71500385,0.72760844,0.7234714,0.7304787,0.7361581,0.73396516,0.74711865,0.7314991,0.7343234,0.7366246,0.74354225,0.72837496,0.73578656,0.7140142,0.7344568,0.7540987,0.7170519,0.72929776,0.7284496,0.7028704,0.7472578,0.71111894,0.7282278,0.7139655,0.71741843,0.71839625,0.7360162,0.73633784,0.7359883,0.74461675,0.727478,0.7190291,0.7170894,0.7443712,0.7281817,0.72966427,0.72226375,0.7028833,0.7090211,0.71867657,0.73816144,0.7132188,0.71668625,0.7629988,0.7341945,0.73311675,0.7333381,0.7586791,0.71661156,0.7384588,0.7298955,0.7107779,0.73318034,0.71824765,0.7274545,0.73437417,0.71357954,0.7177451,0.71059877,0.71353275,0.7242472,0.7166129,0.7228686,0.71261626,0.7429041,0.72352755,0.7266062,0.7349049,0.7418977,0.73113203,0.7350036,0.7221166,0.7341163,0.72183037,0.7248019,0.7191513,0.73783696,0.7476303,0.72924256,0.72226536,0.73048156,0.7354058,0.7368974,0.7324149,0.7287654,0.71306306,0.69967896,0.73117006,0.7605463,0.70373315,0.7392738,0.7434763,0.73283076,0.7283038,0.71586347,0.7204034,0.7374153,0.73490894,0.71571505,0.73533565,0.7143699,0.71566665,0.7325316,0.7409531,0.72393423,0.7104875,0.73685735,0.7217718,0.7410794,0.7353996,0.7158331,0.7320024,0.7364296,0.716857,0.7134652,0.72491634,0.73122245,0.7248563,0.7109248,0.72001654,0.74121577,0.72237897,0.730027,0.71186435,0.7225126,0.7512131,0.73100656,0.73365813,0.7384761,0.72381556,0.7245597,0.7173683,0.7218106,0.7188289,0.731024,0.73302966,0.72519934,0.72025096,0.7188098,0.7240761,0.730827,0.71714103,0.7478063,0.72705907,0.7007452,0.72466505,0.7214447,0.74859893,0.7398996,0.7378598,0.71887946,0.73897636,0.72120553,0.72303003,0.7577407,0.6880869,0.73030055,0.7030548,0.7227708,0.7408382,0.7225027,0.7402772,0.7303108,0.7333057,0.727703,0.72807753,0.7376557,0.74018085,0.7195322,0.7349885,0.71948946,0.7175738,0.7334459,0.7384687,0.71951526,0.73330736,0.7341891,0.7086508,0.72481376,0.7218874,0.7382832,0.7137506,0.73146397,0.7133661,0.6953304,0.71839154,0.71193457,0.7242994,0.7079351,0.734834,0.720425,0.72059214,0.73024255,0.72246146,0.71280193,0.73303556,0.7277926,0.72992665,0.74086106,0.7067058,0.7364166
0.5476177,0.5411664,0.5629853,0.5351684,0.52941275,0.54353523,0.5216949,0.5466007,0.55661225,0.52540827,0.5348012,0.5505181,0.5517942,0.53825533,0.5090521,0.54497534,0.5260706,0.5293854,0.5527169,0.5252284,0.5293516,0.5372875,0.556143,0.5386662,0.5396246,0.53314036,0.54278886,0.5323061,0.52032,0.51520175,0.53581214,0.5267238,0.51187766,0.5302759,0.53855765,0.5336822,0.53870326,0.5257573,0.5318569,0.5415307,0.5394462,0.5379328,0.5272952,0.54716194,0.53940386,0.5303312,0.5466631,0.5380407,0.54103583,0.53929245,0.533276,0.54612875,0.5404004,0.5418004,0.5453523,0.5515575,0.53368235,0.54622054,0.5439275,0.5360669,0.50799596,0.5264639,0.5449742,0.5362241,0.5147191,0.5286524,0.53854847,0.54900116,0.52313364,0.5205429,0.5354673,0.5420956,0.5166414,0.5474346,0.52736413,0.5338985,0.5359561,0.5363099,0.53302234,0.529148,0.51273996,0.5340181,0.5350412,0.52181774,0.5317878,0.5396917,0.521618,0.52998275,0.55075306,0.5561865,0.5368631,0.53379875,0.52958953,0.5154723,0.5282857,0.531401,0.5322311,0.5435761,0.527904,0.53275377,0.5584382,0.5485808,0.5444684,0.5318207,0.5149706,0.54721755,0.5289433,0.54339457,0.51763684,0.534898,0.5418269,0.5346129,0.5368706,0.544546,0.53519297,0.5226249,0.52656657,0.53526753,0.54366964,0.53378063,0.53693414,0.53854764,0.5442269,0.5166966,0.54022384,0.54850733,0.54359615,0.53931516,0.53457725,0.54489744,0.54890335,0.5290754,0.56118613,0.5330679,0.5398045,0.5335729,0.53161365,0.5232141,0.52023757,0.53347194,0.55630887,0.5260691,0.5430649,0.5291653,0.5200257,0.5146714,0.55473435,0.54692036,0.5375511,0.5323466,0.51352865,0.5300586,0.5443022,0.5409292,0.5442731,0.5355809,0.54736954,0.52117604,0.54450345,0.52954787,0.5332832,0.53954685,0.53633696,0.54378694,0.5312831,0.5426564,0.54200846,0.5417343,0.5200303,0.5491748,0.51985794,0.52553844,0.5284537,0.55710703,0.5576807,0.5280915,0.5413699,0.53823406,0.5477324,0.5331924,0.5400727,0.5119617,0.54187566,0.52757907,0.5264616,0.5478716,0.53057903,0.53028977,0.5273693,0.54797775,0.54132813,0.56038207,0.5164728,0.52441573,0.54300255,0.55200225,0.53782535,0.51851,0.5382321,0.5268975,0.5205611,0.53752565,0.5155057,0.5583762,0.5645544,0.5526845,0.5337633,0.5517344,0.535732,0.5096442,0.5341642,0.5315459,0.5407767,0.5288588,0.5172444,0.5451394,0.53167045,0.55938643,0.5340834,0.5425696,0.54528785,0.53623974,0.54239976,0.54249036,0.53144264,0.52975506,0.5258021,0.5379201,0.54639554,0.53320825,0.5513073,0.5490897,0.5371392,0.53552246,0.5296656,0.56242764,0.53745025,0.5454615,0.52354467,0.53786165,0.53301144,0.5417685,0.5324874,0.5209354,0.5427768,0.5357386,0.53537124,0.54539406,0.5346563,0.5368305,0.5430145,0.54563236,0.53810227,0.5443635,0.5203242,0.5263525,0.51686394,0.528071,0.5294928,0.52800643,0.5330694,0.5410083,0.5561898,0.51862526,0.527862,0.5299873,0.54958016,0.5265728,0.52912664,0.5416304,0.52982605,0.53201795,0.5303094,0.5477553,0.5388088,0.5521634,0.5425745,0.5433186,0.5391332,0.5321737,0.52243155,0.5224568,0.54742867,0.544407,0.54243326,0.5358536,0.56008124,0.53098285,0.54952955,0.543671,0.54870975,0.5225247,0.5404986,0.5276534,0.54161805,0.5285039,0.5350558,0.5231781,0.532368,0.53774494,0.5456018,0.5450075,0.52356726,0.54487866,0.5246726,0.53867394,0.5429515,0.5456875,0.53459215,0.5252101,0.5507569,0.53553027,0.5241285,0.5515178,0.56854534,0.5389195,0.5322121,0.54930174,0.54958516,0.5295684,0.5590438,0.5059533,0.54547834,0.53486997,0.51302564,0.5249273,0.5507021,0.537586,0.53134215,0.5227959,0.5281483,0.53828174,0.53579867,0.53916776,0.5228046,0.53681326,0.5250778,0.5312299,0.5501381,0.5526724,0.5171819,0.5505032,0.5336453,0.52646893,0.5093061,0.5273322,0.5442816,0.53804374,0.54303473,0.5604192,0.52626944,0.5433823,0.5421928,0.5252694,0.5427934,0.54178,0.5424569,0.54118574,0.53888184,0.5446968,0.53712976,0.53330237,0.53012323,0.5441094,0.5201511,0.5202575,0.5320087,0.5549301,0.55698913,0.5503766,0.5453544,0.5298729,0.52521515,0.511695,0.54131854,0.5463947,0.53305936,0.52790165,0.52978444,0.5162425,0.52282387,0.5217,0.51426375,0.5242247,0.556482,0.5185468,0.5372978,0.5386136,0.54579544,0.53628147,0.53973776,0.5433921,0.5373979,0.5363742,0.56345326,0.5392255,0.5408178,0.5339389,0.5037058,0.5525388,0.5556034,0.516713,0.5383719,0.54004717,0.54967755,0.5320073,0.5241492,0.53428215,0.53458524,0.5583983,0.55397373,0.5299698,0.54214287,0.53266317,0.53811324,0.5742496,0.54022,0.5410341,0.53301877,0.5316245,0.5500395,0.5125554,0.51199037,0.5170819,0.51441276,0.501708,0.53983843,0.56301326,0.53544873,0.5351361,0.5337229,0.5333984,0.5479526,0.5493644,0.5469148,0.53488994,0.5135922,0.5395151,0.53071517,0.5280342,0.544746,0.5358118,0.5354314,0.52806145,0.53735197,0.51369977,0.5233688,0.5181076,0.53156257,0.51640373,0.5332185,0.5502512,0.51899844,0.5154443,0.53502846,0.5297612,0.53615385,0.55487293,0.5372617,0.52164775,0.52804047,0.5425361,0.5501449,0.5293604,0.53254896,0.53335845,0.5367256,0.52934617,0.5328442,0.53735566,0.5452745,0.5349552,0.5561524,0.5559543,0.548156,0.53031695,0.5312263,0.5391222,0.5154724,0.5513397,0.5356025,0.5167994,0.5537867,0.53487504,0.5269504,0.5391264,0.54090476,0.5250477,0.547787,0.5185543,0.5325569,0.55322474,0.5505799,0.52518606,0.57789385,0.5491471,0.55799276,0.5382692,0.53567034,0.5558338,0.5307645,0.5168097,0.5521372,0.5390633,0.54763925,0.5157256,0.5322694,0.5474711,0.5404553,0.53240854,0.5389732,0.5278299,0.5353383,0.5257104,0.5234033,0.5387322,0.5181353,0.5463708,0.5509288,0.55723906,0.5049399,0.55574,0.5218635,0.5436437,0.54455316,0.5450908,0.52812815,0.5286327,0.5425205,0.522552,0.5348438,0.5482285,0.535618,0.5245456,0.5211897,0.5229436,0.52424216,0.5254042,0.5265342,0.5529289,0.52922124,0.55434895,0.5497514,0.5319706,0.5311637,0.54340446,0.5292294,0.5405047,0.53067017,0.5249849,0.5220826,0.5580517,0.53073263,0.5617401,0.53651315,0.5328561,0.5388746,0.5472756,0.5143214,0.53051376,0.56117404,0.55230176,0.52599436,0.5342677,0.5246675,0.52232224,0.5519594,0.5360327,0.529565,0.5213116,0.5237326,0.55823714,0.5286418,0.5267452,0.551954,0.5216872,0.53641033,0.53710866,0.51995814,0.5319687,0.5419899,0.5234633,0.55129254,0.53803045,0.538089,0.53955543,0.5484641,0.5140351,0.54017115,0.5166541,0.5243167,0.5415478,0.573336,0.5514089,0.51979893,0.5311937,0.54589355,0.52868634,0.54275185,0.54693735,0.55339956,0.54281247,0.54271704,0.54120404,0.5438102,0.551229,0.5319564,0.546282,0.5567409,0.5395379,0.52700925,0.5269684,0.5415244,0.5317287,0.50289285,0.5257058,0.5248686,0.52572286,0.52953434,0.521243,0.54709697,0.54909605,0.5254523,0.52598405,0.5367946,0.5318235,0.5434327,0.5379429,0.54583246,0.5237887,0.56567186,0.54207027,0.52906394,0.5508078,0.56901366,0.5481518,0.523196,0.5384108,0.5376712,0.53463846,0.5550893,0.5356951,0.53441525,0.56304806,0.54494697,0.5367674,0.53070223,0.5541129,0.5349863,0.5222724,0.5232276,0.5380806,0.5452947,0.553034,0.5486937,0.5438947,0.53616786,0.52435935,0.5320169,0.535483,0.5612863,0.5454078,0.53591365,0.5351424,0.52987504,0.5481436,0.5350848,0.5275305,0.53525484,0.5384329,0.5655549,0.54680824,0.51661265,0.55843884,0.55994815,0.52905476,0.53793323,0.52701336,0.50206155,0.5525022,0.55348265,0.53777075,0.54099804,0.5301407,0.5359681,0.5483434,0.527501,0.534506,0.50187707,0.54903495,0.54302543,0.5468681,0.547245,0.5267747,0.5456868,0.5361781,0.52774054,0.5298253,0.5312219,0.54327786,0.5145219,0.5333716,0.52143306,0.53952944,0.551641,0.53529286,0.5494564,0.53333783,0.5182609,0.54390925,0.5122902,0.53545535,0.5270755,0.53981787,0.5415067,0.535038,0.54230446,0.5383808,0.5550084,0.51204914,0.5417027,0.5492486,0.5428969,0.52712685,0.5481667,0.5037408,0.52172387,0.5524242,0.5506178,0.54142296,0.5332343,0.52084005,0.51870966,0.5298966,0.54084843,0.5281005,0.50725675,0.5340146,0.5310859,0.5339022,0.5433743,0.5345697,0.5536842,0.5360894,0.5471523,0.53937733,0.5331776,0.5333617,0.57170695,0.5243189,0.53419816,0.52497756,0.53334564,0.5393201,0.54138947,0.51984173,0.53055,0.53001195,0.5519745,0.55334646,0.5125816,0.5427404,0.55102825,0.5401424,0.52589625,0.5363777,0.52495366,0.5214684,0.5195537,0.51226056,0.51697904,0.5314712,0.54009575,0.54984134,0.536961,0.52826524,0.5298781,0.56471854,0.5371747,0.5268946,0.5372432,0.52689046,0.5451927,0.55142474,0.5112167,0.5375624,0.5223264,0.50405115,0.54799294,0.5337663,0.54075104,0.54092306,0.5293425,0.52444476,0.5383772,0.5257985,0.5394336,0.5318567,0.5192502,0.527884,0.53600764,0.54105896,0.5571301,0.5455475,0.5445622,0.5399184,0.5122119,0.54215443,0.5456541,0.55947304,0.54886013,0.5377561,0.5230794,0.55337036,0.54888546,0.53295827,0.54400796,0.51664263,0.5228976,0.5242537,0.5066757,0.55745476,0.5267339,0.53577167,0.5525831,0.52619207,0.5402453,0.549077,0.55610377,0.526849,0.5383459,0.5330318,0.5486405,0.54809165,0.53344125,0.54064804,0.52551806,0.5413616,0.5233402,0.5554685,0.5192398,0.52840954,0.5457491,0.54262686,0.5381495,0.5309923,0.55483687,0.51492834,0.5249859,0.5361765,0.49856928,0.530326,0.5449982,0.52004135,0.5449544,0.515346,0.5282185,0.5126086,0.5419664,0.53287816,0.5255281,0.53834546,0.53355896,0.54276466,0.52173084,0.535601,0.55330545,0.53885245,0.53551877,0.55225766,0.5132599,0.53130186,0.5460951,0.53227276,0.532133,0.5333368,0.54861283,0.5170943,0.5312593,0.5426491,0.53922045,0.54037607,0.54648924,0.5338941,0.52946573,0.5111034,0.5288924,0.54300714,0.5211899,0.5357907,0.5431478,0.533401,0.5433734,0.5362292,0.5507282,0.5407372,0.5343027,0.51466775,0.54098547,0.51876247,0.534055,0.53590405,0.5486413,0.53828835,0.528522,0.5461053,0.5464241,0.541662,0.5430154,0.53701144,0.5334445,0.5497543,0.5234134,0.53690255,0.53409445,0.5316172,0.5387472,0.5376628,0.52220935,0.5510933,0.534286,0.5400211,0.5117612,0.5439649,0.56791115,0.5264757,0.5282386,0.5404246,0.5300693,0.5465251,0.52572584,0.53740734,0.527464,0.52467674,0.5580546,0.52935606,0.53602165,0.53078586,0.5185188,0.5466349,0.5391143,0.5423546,0.54487574,0.54356056,0.5300768,0.5136442,0.5405752,0.5422628,0.5570712,0.5428637,0.5375954,0.51573193,0.52487814,0.54603726,0.5085035,0.52870023,0.5267053,0.5257149,0.538389,0.5144791,0.5364292,0.5299242,0.54943025,0.5335836,0.52268845,0.54166174,0.5211862,0.53883386,0.5435608,0.52296853,0.52092016,0.53984094,0.5431078,0.5243501,0.5387247,0.55024934,0.55089396,0.5356502,0.55328137,0.5255774,0.54535174,0.5306309,0.5081871,0.50480634,0.5222171,0.52728564,0.5215706,0.5324855,0.538339,0.5060769,0.5367724,0.52196926,0.5361093,0.50783074,0.5488398,0.54114735,0.51615983,0.5410624,0.5278852,0.5218092
0.0,0.0,0.0,0.0,0.0,0.0,0.0,0.0,0.0,0.0,0.0,0.0,0.0,0.0,0.0,0.0,0.0,0.0,0.0,0.0,0.0,0.0,0.0,0.0,0.0,0.0,0.0,0.0,0.0,0.0,0.0,0.0,0.0,0.0,0.0,0.0,0.0,0.0,0.0,0.0,0.0,0.0,0.0,0.0,0.0,0.0,0.0,0.0,0.0,0.0,0.0,0.0,0.0,0.0,0.0,0.0,0.0,0.0,0.0,0.0,0.0,0.0,0.0,0.0,0.0,0.0,0.0,0.0,0.0,0.0,0.0,0.0,0.0,0.0,0.0,0.0,0.0,0.0,0.0,0.0,0.0,0.0,0.0,0.0,0.0,0.0,0.0,0.0,0.0,0.0,0.0,0.0,0.0,0.0,0.0,0.0,0.0,0.0,0.0,0.0,0.0,0.0,0.0,0.0,0.0,0.0,0.0,0.0,0.0,0.0,0.0,0.0,0.0,0.0,0.0,0.0,0.0,0.0,0.0,0.0,0.0,0.0,0.0,0.0,0.0,0.0,0.0,0.0,0.0,0.0,0.0,0.0,0.0,0.0,0.0,0.0,0.0,0.0,0.0,0.0,0.0,0.0,0.0,0.0,0.0,0.0,0.0,0.0,0.0,0.0,0.0,0.0,0.0,0.0,0.0,0.0,0.0,0.0,0.0,0.0,0.0,0.0,0.0,0.0,0.0,0.0,0.0,0.0,0.0,0.0,0.0,0.0,0.0,0.0,0.0,0.0,0.0,0.0,0.0,0.0,0.0,0.0,0.0,0.0,0.0,0.0,0.0,0.0,0.0,0.0,0.0,0.0,0.0,0.0,0.0,0.0,0.0,0.0,0.0,0.0,0.0,0.0,0.0,0.0,0.0,0.0,0.0,0.0,0.0,0.0,0.0,0.0,0.0,0.0,0.0,0.0,0.0,0.0,0.0,0.0,0.0,0.0,0.0,0.0,0.0,0.0,0.0,0.0,0.0,0.0,0.0,0.0,0.0,0.0,0.0,0.0,0.0,0.0,0.0,0.0,0.0,0.0,0.0,0.0,0.0,0.0,0.0,0.0,0.0,0.0,0.0,0.0,0.0,0.0,0.0,0.0,0.0,0.0,0.0,0.0,0.0,0.0,0.0,0.0,0.0,0.0,0.0,0.0,0.0,0.0,0.0,0.0,0.0,0.0,0.0,0.0,0.0,0.0,0.0,0.0,0.0,0.0,0.0,0.0,0.0,0.0,0.0,0.0,0.0,0.0,0.0,0.0,0.0,0.0,0.0,0.0,0.0,0.0,0.0,0.0,0.0,0.0,0.0,0.0,0.0,0.0,0.0,0.0,0.0,0.0,0.0,0.0,0.0,0.0,0.0,0.0,0.0,0.0,0.0,0.0,0.0,0.0,0.0,0.0,0.0,0.0,0.0,0.0,0.0,0.0,0.0,0.0,0.0,0.0,0.0,0.0,0.0,0.0,0.0,0.0,0.0,0.0,0.0,0.0,0.0,0.0,0.0,0.0,0.0,0.0,0.0,0.0,0.0,0.0,0.0,0.0,0.0,0.0,0.0,0.0,0.0,0.0,0.0,0.0,0.0,0.0,0.0,0.0,0.0,0.0,0.0,0.0,0.0,0.0,0.0,0.0,0.0,0.0,0.0,0.0,0.0,0.0,0.0,0.0,0.0,0.0,0.0,0.0,0.0,0.0,0.0,0.0,0.0,0.0,0.0,0.0,0.0,0.0,0.0,0.0,0.0,0.0,0.0,0.0,0.0,0.0,0.0,0.0,0.0,0.0,0.0,0.0,0.0,0.0,0.0,0.0,0.0,0.0,0.0,0.0,0.0,0.0,0.0,0.0,0.0,0.0,0.0,0.0,0.0,0.0,0.0,0.0,0.0,0.0,0.0,0.0,0.0,0.0,0.0,0.0,0.0,0.0,0.0,0.0,0.0,0.0,0.0,0.0,0.0,0.0,0.0,0.0,0.0,0.0,0.0,0.0,0.0,0.0,0.0,0.0,0.0,0.0,0.0,0.0,0.0,0.0,0.0,0.0,0.0,0.0,0.0,0.0,0.0,0.0,0.0,0.0,0.0,0.0,0.0,0.0,0.0,0.0,0.0,0.0,0.0,0.0,0.0,0.0,0.0,0.0,0.0,0.0,0.0,0.0,0.0,0.0,0.0,0.0,0.0,0.0,0.0,0.0,0.0,0.0,0.0,0.0,0.0,0.0,0.0,0.0,0.0,0.0,0.0,0.0,0.0,0.0,0.0,0.0,0.0,0.0,0.0,0.0,0.0,0.0,0.0,0.0,0.0,0.0,0.0,0.0,0.0,0.0,0.0,0.0,0.0,0.0,0.0,0.0,0.0,0.0,0.0,0.0,0.0,0.0,0.0,0.0,0.0,0.0,0.0,0.0,0.0,0.0,0.0,0.0,0.0,0.0,0.0,0.0,0.0,0.0,0.0,0.0,0.0,0.0,0.0,0.0,0.0,0.0,0.0,0.0,0.0,0.0,0.0,0.0,0.0,0.0,0.0,0.0,0.0,0.0,0.0,0.0,0.0,0.0,0.0,0.0,0.0,0.0,0.0,0.0,0.0,0.0,0.0,0.0,0.0,0.0,0.0,0.0,0.0,0.0,0.0,0.0,0.0,0.0,0.0,0.0,0.0,0.0,0.0,0.0,0.0,0.0,0.0,0.0,0.0,0.0,0.0,0.0,0.0,0.0,0.0,0.0,0.0,0.0,0.0,0.0,0.0,0.0,0.0,0.0,0.0,0.0,0.0,0.0,0.0,0.0,0.0,0.0,0.0,0.0,0.0,0.0,0.0,0.0,0.0,0.0,0.0,0.0,0.0,0.0,0.0,0.0,0.0,0.0,0.0,0.0,0.0,0.0,0.0,0.0,0.0,0.0,0.0,0.0,0.0,0.0,0.0,0.0,0.0,0.0,0.0,0.0,0.0,0.0,0.0,0.0,0.0,0.0,0.0,0.0,0.0,0.0,0.0,0.0,0.0,0.0,0.0,0.0,0.0,0.0,0.0,0.0,0.0,0.0,0.0,0.0,0.0,0.0,0.0,0.0,0.0,0.0,0.0,0.0,0.0,0.0,0.0,0.0,0.0,0.0,0.0,0.0,0.0,0.0,0.0,0.0,0.0,0.0,0.0,0.0,0.0,0.0,0.0,0.0,0.0,0.0,0.0,0.0,0.0,0.0,0.0,0.0,0.0,0.0,0.0,0.0,0.0,0.0,0.0,0.0,0.0,0.0,0.0,0.0,0.0,0.0,0.0,0.0,0.0,0.0,0.0,0.0,0.0,0.0,0.0,0.0,0.0,0.0,0.0,0.0,0.0,0.0,0.0,0.0,0.0,0.0,0.0,0.0,0.0,0.0,0.0,0.0,0.0,0.0,0.0,0.0,0.0,0.0,0.0,0.0,0.0,0.0,0.0,0.0,0.0,0.0,0.0,0.0,0.0,0.0,0.0,0.0,0.0,0.0,0.0,0.0,0.0,0.0,0.0,0.0,0.0,0.0,0.0,0.0,0.0,0.0,0.0,0.0,0.0,0.0,0.0,0.0,0.0,0.0,0.0,0.0,0.0,0.0,0.0,0.0,0.0,0.0,0.0,0.0,0.0,0.0,0.0,0.0,0.0,0.0,0.0,0.0,0.0,0.0,0.0,0.0,0.0,0.0,0.0,0.0,0.0,0.0,0.0,0.0,0.0,0.0,0.0,0.0,0.0,0.0,0.0,0.0,0.0,0.0,0.0,0.0,0.0,0.0,0.0,0.0,0.0,0.0,0.0,0.0,0.0,0.0,0.0,0.0,0.0,0.0,0.0,0.0,0.0,0.0,0.0,0.0,0.0,0.0,0.0,0.0,0.0,0.0,0.0,0.0,0.0,0.0,0.0,0.0,0.0,0.0,0.0,0.0,0.0,0.0,0.0,0.0,0.0,0.0,0.0,0.0,0.0,0.0,0.0,0.0,0.0,0.0,0.0,0.0,0.0,0.0,0.0,0.0,0.0,0.0,0.0,0.0,0.0,0.0,0.0,0.0,0.0,0.0,0.0,0.0,0.0,0.0,0.0,0.0,0.0,0.0,0.0,0.0,0.0,0.0,0.0,0.0,0.0,0.0,0.0,0.0,0.0,0.0,0.0,0.0,0.0,0.0,0.0,0.0,0.0,0.0,0.0,0.0,0.0,0.0,0.0,0.0,0.0,0.0,0.0,0.0,0.0,0.0,0.0,0.0,0.0,0.0,0.0,0.0,0.0,0.0,0.0,0.0,0.0,0.0,0.0,0.0,0.0,0.0,0.0,0.0,0.0,0.0,0.0,0.0,0.0,0.0,0.0,0.0,0.0,0.0,0.0,0.0,0.0,0.0,0.0,0.0,0.0,0.0,0.0,0.0
0.8930106,0.8944544,0.8757595,0.86720884,0.8658512,0.889971,0.8520965,0.8764342,0.86472476,0.88775593,0.86406255,0.88872534,0.87796426,0.8765023,0.8515403,0.8884575,0.85248,0.87116504,0.87755924,0.8685385,0.87024933,0.8718464,0.8824836,0.8830667,0.8653217,0.8633272,0.8715332,0.8674402,0.8623891,0.85240775,0.85753524,0.87016064,0.85854703,0.8755836,0.8775035,0.8791579,0.8696806,0.8587669,0.86883503,0.86649746,0.8749261,0.8595859,0.86463606,0.87401974,0.8784509,0.8640153,0.86180305,0.87228423,0.8748935,0.8639953,0.86814386,0.8677941,0.8854323,0.8817275,0.8773864,0.8898873,0.88193786,0.8714515,0.8557044,0.86914355,0.8762518,0.88795555,0.8676477,0.8769378,0.86543185,0.8594843,0.872537,0.8613953,0.86391705,0.8549631,0.8726463,0.8569943,0.8612343,0.8775938,0.86554193,0.8865616,0.858975,0.8627266,0.86762816,0.8793279,0.8665415,0.859757,0.8698304,0.8842579,0.87142825,0.87906826,0.8537316,0.8678954,0.8758304,0.8825331,0.8757862,0.8597124,0.866062,0.8730754,0.8732272,0.8767935,0.8720645,0.87532675,0.8588256,0.85645866,0.8736162,0.8824005,0.8783206,0.8631285,0.8737853,0.8622914,0.8643816,0.8844443,0.86526865,0.88327867,0.88051,0.86104274,0.87676316,0.8786351,0.8785832,0.86468107,0.8729135,0.8672714,0.8477392,0.8628207,0.8664166,0.8824601,0.8761094,0.8544089,0.86846334,0.88221353,0.854598,0.8820576,0.88579065,0.8824255,0.8825275,0.8776289,0.869729,0.86715746,0.87408996,0.87414986,0.8703514,0.86173207,0.84426165,0.86477476,0.8720921,0.86179036,0.8746697,0.8636427,0.8489537,0.86379474,0.8763989,0.8702955,0.87835187,0.8647703,0.8654696,0.87861854,0.8678437,0.8689737,0.87398696,0.85965073,0.8867664,0.86520386,0.8575062,0.8662588,0.878454,0.8657145,0.8648423,0.88418883,0.8761913,0.86688936,0.8968517,0.8544955,0.87845194,0.8761051,0.8616134,0.86621124,0.8630951,0.886326,0.8764355,0.8574915,0.8642412,0.85674626,0.8939753,0.8790828,0.8709297,0.8560618,0.8834221,0.8667125,0.86466026,0.87193453,0.8770626,0.87230664,0.8795802,0.8661034,0.89440286,0.89707184,0.8691288,0.86160135,0.85580593,0.88215655,0.87152284,0.87650055,0.8661341,0.86240196,0.86044925,0.8557895,0.8742292,0.86815083,0.8821359,0.888479,0.8622721,0.8758979,0.8673956,0.85683614,0.8653915,0.8568053,0.89336455,0.8652644,0.8699856,0.8715648,0.88182205,0.9005238,0.85862005,0.87408906,0.8726827,0.8585737,0.88146627,0.87543684,0.8620603,0.86764324,0.8677805,0.8541343,0.8661227,0.8781826,0.88656247,0.8820728,0.8694888,0.88476354,0.872498,0.8703925,0.8795003,0.870989,0.8602196,0.8855733,0.8671023,0.8809933,0.8579923,0.8744573,0.87414944,0.865682,0.873679,0.87626517,0.8653946,0.86612624,0.87575203,0.88181835,0.8664726,0.89132744,0.8536056,0.867087,0.86317414,0.8778944,0.87026554,0.8597528,0.8678899,0.8676156,0.88730973,0.84719604,0.85134155,0.85598207,0.8818161,0.8776791,0.8643578,0.8950434,0.87640256,0.8651819,0.8591857,0.8814807,0.8742962,0.87674093,0.8654512,0.8771941,0.86143804,0.8723422,0.8704151,0.852376,0.87480927,0.8622716,0.8953531,0.8705627,0.8930591,0.8786787,0.87534255,0.8814282,0.86402774,0.87034184,0.88514674,0.865398,0.8648039,0.8505937,0.87069,0.87011933,0.8806548,0.86379105,0.866037,0.8548215,0.8748301,0.85871524,0.8686022,0.8650743,0.8695857,0.87303746,0.868064,0.85674626,0.882695,0.85772336,0.87598455,0.8833709,0.8888552,0.86289656,0.8753478,0.8855666,0.8759946,0.88505334,0.88493764,0.8674302,0.87512666,0.8773264,0.8672613,0.8730166,0.8813471,0.88330805,0.8775959,0.85289365,0.8776903,0.87223333,0.86898303,0.86257946,0.860645,0.8703922,0.85941553,0.87676114,0.8800633,0.8790835,0.873066,0.8906853,0.8821439,0.874715,0.85459346,0.8668052,0.8864755,0.8717584,0.88211775,0.878035,0.87410367,0.8679259,0.8772832,0.8673564,0.85468954,0.86859137,0.8774154,0.8822569,0.865095,0.87250215,0.8830949,0.86047626,0.8651415,0.8596063,0.8658223,0.84869945,0.86129504,0.86501247,0.87561923,0.8711612,0.8683614,0.8658769,0.87103,0.8568011,0.8724021,0.88251734,0.8582469,0.8738987,0.86239034,0.85366046,0.8712314,0.8595951,0.8602391,0.8551066,0.8917371,0.85260123,0.8640305,0.8630651,0.8913274,0.88181674,0.89033127,0.8840079,0.85647255,0.88253057,0.89364845,0.8644638,0.88420945,0.87273335,0.8570289,0.87465024,0.88247985,0.85971236,0.87882864,0.86421275,0.896003,0.8685179,0.8681991,0.87768984,0.86592716,0.8944105,0.88610584,0.8720542,0.8669117,0.87155753,0.8761197,0.89082086,0.8681456,0.86100805,0.8653728,0.8711686,0.8760788,0.8721283,0.8721,0.87901455,0.8623615,0.85436773,0.86927545,0.8827577,0.8666178,0.8674335,0.8657021,0.869444,0.88223785,0.8648376,0.8962906,0.8812678,0.86015564,0.884754,0.8671933,0.85905904,0.86666834,0.8842733,0.87797874,0.85208845,0.849987,0.8698697,0.8525809,0.87710845,0.86494607,0.8743737,0.8710329,0.8822316,0.86811,0.8678207,0.8633894,0.8688902,0.8560556,0.8738989,0.86640555,0.86356723,0.85613376,0.88283503,0.8816334,0.8735906,0.85741943,0.87420726,0.84474146,0.86202216,0.87129647,0.8821642,0.8776133,0.8818178,0.89061356,0.8597503,0.8897325,0.8751886,0.8758846,0.88258237,0.8416577,0.8858027,0.8727333,0.854634,0.87793535,0.86216295,0.84685117,0.8966895,0.8880993,0.8814978,0.8775253,0.87844986,0.8684,0.8864856,0.9016123,0.87218267,0.89287233,0.8772557,0.8779269,0.8698293,0.87420195,0.8824384,0.86358184,0.8616642,0.86541766,0.89023656,0.8651183,0.862785,0.87209094,0.889955,0.8558211,0.86443007,0.88105893,0.8711798,0.8687962,0.869723,0.8730333,0.88494456,0.8649941,0.89147437,0.88707733,0.88098156,0.8575179,0.8741568,0.85955274,0.87226254,0.87646425,0.87729186,0.8731704,0.87555933,0.86482924,0.8660852,0.845785,0.8792554,0.87084794,0.85786176,0.8621481,0.878326,0.86364496,0.86286044,0.8743485,0.8732103,0.8682441,0.871253,0.87639266,0.8773922,0.86383456,0.8738425,0.8857804,0.8693479,0.86520195,0.8582289,0.86885566,0.8733974,0.86866623,0.88761455,0.87428933,0.86072934,0.87275743,0.87631005,0.85500443,0.8838216,0.8774069,0.8838223,0.8516192,0.85759354,0.8715938,0.8401635,0.8763826,0.86342716,0.8760459,0.8609508,0.8590363,0.8855177,0.86418444,0.8627879,0.869531,0.8593182,0.8729646,0.8669644,0.8772744,0.85917556,0.8778756,0.8784355,0.88084716,0.8696825,0.8624044,0.87081164,0.86982226,0.874057,0.86914545,0.86823815,0.86095935,0.8766594,0.89655346,0.86692965,0.86889035,0.8663278,0.8684539,0.872627,0.8763436,0.8737176,0.88791573,0.880083,0.88749,0.86803097,0.86887604,0.86853796,0.86758584,0.8785894,0.8839678,0.871479,0.85896176,0.8850881,0.8900753,0.8676873,0.86219954,0.8615241,0.87765324,0.85588616,0.8511025,0.8576566,0.87017727,0.88212997,0.86755306,0.8687096,0.87802875,0.86628586,0.88692963,0.875715,0.87369686,0.88420063,0.8859865,0.87090784,0.86721694,0.8629025,0.8911692,0.8922697,0.8583828,0.87047565,0.88491136,0.88151044,0.88484794,0.865644,0.8646869,0.89157134,0.8695557,0.8789248,0.8804882,0.88370407,0.88411963,0.8658074,0.8732156,0.8795238,0.8750322,0.87031627,0.8894644,0.85370773,0.8769728,0.8654584,0.86096925,0.8975549,0.8734166,0.87158424,0.87886536,0.85562885,0.8760008,0.88477165,0.86286485,0.8677649,0.8661745,0.8859308,0.8736508,0.8685426,0.8683708,0.85760146,0.8799951,0.85153824,0.86595327,0.8704637,0.85463125,0.87203985,0.8702388,0.86464983,0.86318266,0.8782387,0.87347066,0.8755585,0.8624341,0.87123024,0.8588971,0.8791089,0.87968785,0.88294625,0.8828337,0.85931927,0.883608,0.8715667,0.8494828,0.8640299,0.8869461,0.8869134,0.8640152,0.867373,0.8707644,0.87479806,0.8743942,0.85005105,0.86981833,0.86526835,0.87494814,0.85829526,0.85187435,0.88395846,0.85792416,0.88480467,0.87888634,0.8380545,0.88439345,0.8869004,0.8800487,0.8520781,0.87440664,0.87732416,0.87584335,0.88148344,0.8694857,0.86109644,0.8613831,0.8790725,0.88115525,0.87563145,0.86539423,0.85819644,0.8680793,0.860388,0.8862151,0.87288153,0.86001706,0.86906475,0.86662704,0.8854326,0.8883928,0.8874252,0.8770196,0.87367743,0.88233835,0.867371,0.8779952,0.88110137,0.90531576,0.8668501,0.86463547,0.8815353,0.8610003,0.87185943,0.86421084,0.8716242,0.87188923,0.86915284,0.88489735,0.8734123,0.8629619,0.8767686,0.87630796,0.86964655,0.87829614,0.86374414,0.86252135,0.8620801,0.8630877,0.86341,0.85841525,0.8545532,0.8657098,0.88871574,0.8581423,0.8624501,0.8784963,0.88263106,0.8699293,0.8592618,0.8789797,0.8734764,0.86694074,0.8653171,0.8670812,0.8762507,0.86896795,0.84334004,0.86946416,0.86324096,0.8634643,0.8538265,0.86963975,0.8637468,0.8759859,0.87369186,0.8680862,0.88103414,0.8767253,0.8631288,0.87878215,0.8673884,0.89813286,0.8769608,0.8686045,0.883083,0.8455236,0.8779121,0.8617062,0.8877346,0.8740302,0.87867534,0.8799353,0.85928386,0.87518483,0.88010234,0.880251,0.8579641,0.8502122,0.8799721,0.8584287,0.87961656,0.86109823,0.865958,0.8643678,0.86962944,0.863212,0.86687523,0.8756683,0.8615759,0.8776115,0.8523456,0.8787505,0.8652482,0.871251,0.86884606,0.8667515,0.8562092,0.85078853,0.8807793,0.86717707,0.8671743,0.87959796,0.8902266,0.8783345,0.8670916,0.89810693,0.86739135,0.87330997,0.8797073,0.8555953,0.8577142,0.8623593,0.86107045,0.87491983,0.84557664,0.8663787,0.845232,0.86168313,0.856196,0.857531,0.8609023,0.8700128,0.87376624,0.8671544,0.886098,0.87654614,0.8571957,0.87166375,0.8616594,0.88159955,0.8681551,0.8711136,0.8795211,0.8665289,0.87695843,0.8725301,0.8649656,0.8508764,0.8702129,0.8701035,0.8549485,0.85556674,0.870046,0.8558179,0.8679806,0.8661199,0.8919527,0.8528957,0.88816136,0.88264376,0.87791896,0.8788539,0.8578226,0.8750504,0.85987765,0.8762702,0.85583574,0.86400944,0.85976875,0.86198294,0.8602007,0.86807555,0.8755191,0.87442327,0.88884187,0.8724635,0.8653055,0.87593323,0.86447406,0.87415075,0.8766698,0.85826355,0.8818626,0.85919034,0.88465846,0.8563605,0.8733681,0.86040425,0.8916723,0.8682149,0.8679764,0.8474107,0.8607292,0.88085985,0.85808897,0.8663056,0.8535583,0.8626281,0.8639917,0.8673257,0.8751552,0.8774246,0.84951705,0.87801594,0.8640306,0.88197756,0.8508108,0.86178684,0.8646774,0.8625571,0.8781034,0.8675945,0.84575856,0.86284,0.8582004,0.8874622,0.8667816,0.8831579,0.8778335,0.87934613,0.8568718,0.8644943,0.88507664,0.85731375,0.8694221,0.8677219,0.86152846,0.8742302,0.8586306,0.8688029,0.8663905,0.8689222,0.86327255,0.8844687,0.88359123,0.8684539,0.87307173,0.87712866,0.8615328,0.8553858,0.8846208,0.88466215,0.8685075,0.8530898,0.8665838,0.8833403,0.86063063,0.8787079,0.8754385,0.8675281,0.86526406,0.86102045,0.86716443,0.8573715,0.8602262,0.8634857,0.85219705,0.8935057,0.87580633,0.86126983,0.89041907,0.87472546,0.8624368,0.88815594,0.8767709,0.8685396,0.8724718,0.86222434,0.86427647
0.86266464,0.8723619,0.8530936,0.8535157,0.8579665,0.84455043,0.84382075,0.84436595,0.8460882,0.86719906,0.8648218,0.85513514,0.85913527,0.8610574,0.8772572,0.85967016,0.8436025,0.86369157,0.8728508,0.8588153,0.8624094,0.8441278,0.87665176,0.84605384,0.8516762,0.8557012,0.8729526,0.8549768,0.84433305,0.8420453,0.8487437,0.866907,0.8760782,0.8737236,0.85781014,0.86757785,0.84428686,0.84541804,0.85846895,0.8559252,0.87457496,0.844537,0.8566952,0.84660673,0.8638021,0.86267257,0.84544307,0.8388198,0.84968674,0.8532272,0.852417,0.8711827,0.866463,0.8701079,0.8583185,0.8702361,0.8602294,0.85779697,0.8791696,0.8397672,0.85574794,0.8632561,0.8462661,0.8562475,0.84446126,0.83932227,0.86574876,0.8528275,0.8410566,0.8438401,0.8535091,0.85031193,0.8452963,0.85917073,0.8356304,0.875479,0.8644029,0.84590185,0.8334772,0.8724666,0.84721595,0.84758896,0.8650658,0.8677153,0.8370535,0.8479394,0.8424516,0.86710113,0.8455648,0.8703455,0.86985403,0.8323596,0.87154526,0.8474776,0.8683571,0.8619588,0.8474893,0.85310596,0.85337603,0.85680205,0.871991,0.8621043,0.85752046,0.8623963,0.86717296,0.8538182,0.8524805,0.8746723,0.8556582,0.8709159,0.86139596,0.8562299,0.85855585,0.8631773,0.8688691,0.85854703,0.8739821,0.86995244,0.8634525,0.8673363,0.85482967,0.8773858,0.862102,0.83217,0.8501557,0.8665126,0.86094874,0.8718171,0.8601789,0.86107475,0.87656283,0.87046504,0.8516901,0.8582449,0.863065,0.84678465,0.8518322,0.8496118,0.8620211,0.87181956,0.83767825,0.85914063,0.84303623,0.8576858,0.8579924,0.8644485,0.8785662,0.83905274,0.8679613,0.8509174,0.8550629,0.85970145,0.8611623,0.8681592,0.867892,0.85169625,0.8709582,0.8489311,0.85706425,0.85644966,0.8554382,0.86535496,0.85442686,0.8598129,0.8677159,0.85677063,0.87580913,0.8467503,0.87103534,0.85715485,0.84901047,0.85258067,0.85824776,0.86145073,0.8507224,0.8469321,0.85491514,0.85812426,0.8519416,0.8610073,0.8659901,0.8385218,0.86555034,0.86424,0.8537393,0.85320944,0.84395,0.8726806,0.8628237,0.8590418,0.869247,0.85626006,0.8398448,0.85307217,0.84025687,0.8751746,0.8710421,0.8588284,0.8605539,0.87013125,0.8605023,0.84599006,0.8608199,0.8621655,0.85877466,0.8587839,0.8648716,0.852723,0.8480374,0.82885087,0.8819709,0.8606308,0.8681663,0.8594047,0.8435949,0.8250984,0.8630753,0.88371325,0.85670614,0.870461,0.8492601,0.82901603,0.8547679,0.8670412,0.8433572,0.8481773,0.84597236,0.8550764,0.86089396,0.85205126,0.85330534,0.8676979,0.8569631,0.8567545,0.843217,0.86193,0.8689309,0.8559717,0.8547296,0.8709224,0.8588841,0.8561122,0.84688115,0.84049636,0.8763487,0.866013,0.8625178,0.8690428,0.8493495,0.862028,0.86994237,0.8527021,0.8669572,0.85692996,0.85086113,0.85600525,0.8509189,0.85868406,0.8601077,0.84485745,0.8590945,0.86922234,0.8665981,0.8274333,0.86101604,0.85922736,0.86725825,0.85995734,0.85578585,0.84295064,0.8320264,0.85793394,0.8619984,0.8761787,0.85591745,0.8794542,0.8369005,0.84763324,0.8357194,0.8497071,0.8459885,0.8535737,0.8695421,0.8483283,0.8675689,0.87395614,0.8731947,0.8783126,0.8713471,0.8580724,0.8613609,0.85668147,0.8938949,0.84045386,0.85242486,0.85444486,0.8667905,0.8582545,0.8712802,0.84556127,0.8375011,0.86040986,0.8512872,0.8499114,0.8699446,0.8350351,0.85858506,0.8476246,0.85281575,0.84272885,0.86562383,0.8572295,0.8478028,0.86424375,0.85523665,0.8575704,0.8550586,0.8531799,0.8570571,0.8588421,0.83006823,0.83853024,0.86042166,0.85854733,0.8580464,0.8562144,0.8730446,0.8650809,0.86448133,0.8436332,0.8552534,0.8754507,0.853758,0.8577613,0.85355705,0.8482078,0.871744,0.8470021,0.8501131,0.8557192,0.8361616,0.85926247,0.8470514,0.85257494,0.83752126,0.85469383,0.8446449,0.8610569,0.85894793,0.85948974,0.8648743,0.86171895,0.85314065,0.84341025,0.8558339,0.8558093,0.84513795,0.8471719,0.8554628,0.83925486,0.8623157,0.83992255,0.85661674,0.8633959,0.8487823,0.854566,0.8316678,0.85223866,0.84840906,0.84863144,0.853189,0.8493337,0.846021,0.847571,0.87687355,0.86230546,0.83485186,0.8692534,0.8534339,0.8398822,0.8717285,0.842237,0.843012,0.8542021,0.8697374,0.84543353,0.8622859,0.85093933,0.85886663,0.8324737,0.8611707,0.84998316,0.84578264,0.86636996,0.8862258,0.84253263,0.8664626,0.8498413,0.8693978,0.8705499,0.8647178,0.84996766,0.87014467,0.8783001,0.85165286,0.84536016,0.8651433,0.8589561,0.8518181,0.8743998,0.8657843,0.85428464,0.8659589,0.8625266,0.84550893,0.8775057,0.85370755,0.83656514,0.86081016,0.85989696,0.8412159,0.8602981,0.8527737,0.8700242,0.8378345,0.83323133,0.85639447,0.8596407,0.8571483,0.8538325,0.850616,0.8392496,0.85469645,0.84838825,0.868559,0.8652922,0.851786,0.87302536,0.8569588,0.84158367,0.86234593,0.8550463,0.853753,0.8496858,0.84624434,0.8504164,0.8309699,0.85957944,0.82712597,0.84919107,0.8385883,0.865174,0.8361574,0.8563184,0.8514989,0.84631383,0.84595335,0.8536548,0.8656895,0.83827347,0.8579266,0.8400784,0.84375155,0.8400852,0.85978615,0.8550353,0.8423488,0.8638877,0.84492475,0.8524357,0.8613605,0.86003757,0.8736683,0.8672683,0.8451282,0.8638433,0.87372494,0.86480415,0.8473161,0.8503547,0.8652679,0.85690254,0.8651111,0.85746056,0.83822125,0.8620724,0.8581791,0.85652274,0.84907705,0.84980804,0.85470796,0.86677754,0.8762034,0.8615784,0.87015074,0.8581981,0.8698309,0.86008376,0.86257035,0.84704787,0.86538905,0.85094476,0.8547429,0.8592281,0.86942065,0.8542789,0.8592873,0.8426942,0.8465027,0.8551827,0.8755464,0.85209185,0.8820058,0.88046473,0.8576132,0.8537101,0.84066623,0.8702719,0.8669476,0.8695455,0.84702206,0.8448198,0.8472914,0.85109526,0.8645942,0.8610409,0.85339785,0.846323,0.876425,0.8331667,0.8540558,0.842448,0.8459088,0.8576789,0.85092473,0.8717236,0.8585357,0.85054755,0.85173404,0.84324,0.8441754,0.8523526,0.85842365,0.86126876,0.8629532,0.85173136,0.8641905,0.85992527,0.84310853,0.86198235,0.8543177,0.8458008,0.8533972,0.8592304,0.87233436,0.8485267,0.86968344,0.84609145,0.8452896,0.8716,0.8596069,0.8589903,0.8443238,0.8520888,0.8662197,0.8212826,0.86223805,0.8674619,0.85603714,0.8498168,0.8575605,0.8544754,0.8507736,0.85516995,0.85064405,0.83539987,0.86576945,0.84629905,0.85606796,0.87071884,0.86881137,0.84674037,0.8646627,0.84847146,0.85689414,0.8529555,0.86149555,0.85969585,0.8553402,0.8381548,0.85598433,0.85131896,0.86740303,0.85908717,0.8630129,0.87032425,0.84876287,0.8502834,0.88222224,0.86770785,0.8745086,0.8808922,0.8558608,0.85184884,0.8687439,0.8423847,0.86386937,0.86555916,0.86797,0.85290825,0.84718513,0.86462384,0.8438462,0.82656825,0.8456376,0.84045625,0.86586547,0.8402534,0.85927653,0.8407769,0.8752339,0.8499864,0.8419392,0.85924464,0.85885036,0.8583315,0.87016124,0.87189347,0.8677169,0.86969876,0.86151135,0.8597349,0.8591134,0.842932,0.8570999,0.85376114,0.86264604,0.85045683,0.85308117,0.8502104,0.85860604,0.8471157,0.8627125,0.8686452,0.8787919,0.84997225,0.8493539,0.85399634,0.8620682,0.8598678,0.87299293,0.854209,0.86467946,0.8611771,0.86397105,0.85429966,0.85356903,0.8507472,0.8467866,0.8721971,0.851076,0.866803,0.86071014,0.85425353,0.84342974,0.8605869,0.8545119,0.8433405,0.85922474,0.8831217,0.872923,0.85645473,0.8418277,0.8478787,0.85805196,0.8456103,0.8723074,0.84386843,0.8425217,0.85448664,0.838817,0.8827663,0.8497271,0.849796,0.87086165,0.87269944,0.8203507,0.8662436,0.8381865,0.8672438,0.87906766,0.8693243,0.86289674,0.88310796,0.8731647,0.8412834,0.82847726,0.8553659,0.85680556,0.8594223,0.8472878,0.8659941,0.86084265,0.84552324,0.84019,0.8506301,0.86539906,0.8411041,0.85056955,0.8655398,0.84869343,0.87182844,0.8821465,0.8672535,0.8562692,0.8441257,0.8647129,0.87019306,0.85163134,0.8702204,0.8534102,0.8572841,0.85384315,0.8489051,0.8452822,0.85262316,0.85102814,0.8746612,0.857233,0.8454572,0.8472742,0.8682768,0.87536585,0.8528005,0.8498573,0.85361326,0.84317577,0.8530366,0.86285275,0.8812991,0.85226744,0.8452224,0.8475166,0.8676992,0.8641524,0.85581595,0.85663027,0.86049,0.88337106,0.85797954,0.8678019,0.85173225,0.8450025,0.87649184,0.8554842,0.85022557,0.87411183,0.8466526,0.8649191,0.86291623,0.83703595,0.85883963,0.8715423,0.85728115,0.85596156,0.83346534,0.842278,0.8506793,0.8379934,0.865744,0.8439999,0.8478821,0.8622914,0.861751,0.8492058,0.8575752,0.8550668,0.8640842,0.8367017,0.8593027,0.8630203,0.8505316,0.87722445,0.86342895,0.86168545,0.84446144,0.86245126,0.84230673,0.8474409,0.8820691,0.8601444,0.85061616,0.8526939,0.8457672,0.8835657,0.8654404,0.82588714,0.8498644,0.8597101,0.832919,0.84929144,0.85212046,0.8740542,0.8579105,0.84883696,0.85923505,0.84368145,0.8694895,0.8551699,0.8670913,0.8495887,0.8528416,0.83552814,0.8276859,0.87193286,0.8640708,0.8460862,0.8500225,0.8357915,0.8666789,0.84202576,0.8411914,0.823477,0.84581906,0.83649236,0.849978,0.8523031,0.8589471,0.85388464,0.86026365,0.85825944,0.8456405,0.87376714,0.8611399,0.8601846,0.85843575,0.83930266,0.84672916,0.8405414,0.84324104,0.8448003,0.8491103,0.86820406,0.87632155,0.8735634,0.856465,0.87148315,0.85148466,0.85777295,0.85671,0.8466904,0.85680616,0.8506624,0.8627309,0.8643451,0.8615879,0.85175747,0.8328407,0.86021405,0.8634696,0.8479153,0.84595966,0.8562424,0.8626207,0.8667979,0.84551495,0.85890746,0.844556,0.85416144,0.8371674,0.87849534,0.85748315,0.84711725,0.862262,0.8479936,0.8490948,0.8336272,0.85720646,0.84407103,0.84287995,0.8514643,0.8538767,0.8486384,0.8657961,0.8415266,0.845444,0.8430397,0.8575288,0.84448326,0.86852884,0.85209334,0.8706736,0.8621111,0.8422693,0.8555542,0.8426133,0.8778684,0.8514451,0.86484337,0.84436446,0.84603953,0.8472164,0.8533609,0.86222005,0.8509034,0.8864806,0.84988046,0.84853697,0.8409157,0.8513018,0.8612926,0.8307578,0.84422535,0.84221464,0.8560444,0.8545228,0.8605972,0.84693724,0.8616641,0.8551166,0.8575261,0.849014,0.843877,0.8619032,0.872575,0.8457096,0.8500966,0.86370903,0.857621,0.86038643,0.854933,0.84067106,0.8564756,0.8428369,0.84707737,0.85201097,0.85690856,0.8492117,0.8574595,0.84158504,0.8434582,0.87506735,0.8556188,0.8286395,0.8636166,0.8351763,0.86103314,0.85857886,0.85388905,0.85732174,0.849227,0.8445013,0.8641463,0.86985177,0.8426722,0.8511668,0.8565539,0.8564569,0.8513591,0.84608734,0.8555674,0.8436058,0.8465299,0.8628985,0.86543554,0.86047435,0.8652248,0.87182593,0.84200966,0.8568659,0.8375299,0.84731746,0.86746615,0.8462633,0.8530112,0.8422849,0.865278,0.8451872,0.8423585,0.8566867,0.8532504,0.84407645,0.8450328,0.8624851,0.85186857,0.83241975,0.84694254,0.83775955,0.87273216,0.85072714,0.85292274,0.8775684,0.8615451,0.8420336,0.87679756,0.8553235,0.84789747,0.86293817,0.8308707,0.8730823
1.2020737,1.2106603,1.1898477,1.1949065,1.1863804,1.1970054,1.179497,1.1843477,1.1882346,1.1945784,1.195225,1.1895773,1.2041498,1.190933,1.192182,1.2072726,1.2021054,1.2016009,1.1979727,1.1882604,1.1738728,1.1960387,1.2139623,1.1990823,1.1904159,1.1732388,1.1710076,1.1785551,1.1854409,1.1971551,1.1814309,1.1809403,1.1852127,1.2010391,1.1885575,1.2093495,1.1967561,1.1861107,1.1824133,1.1722889,1.1774311,1.1815138,1.1990869,1.2133218,1.1925839,1.2041024,1.2039527,1.1866996,1.1918062,1.1993946,1.1761096,1.1871809,1.160708,1.2048591,1.1903262,1.1884742,1.1716034,1.1991405,1.2192363,1.1837945,1.1923776,1.1925073,1.180267,1.192275,1.2019774,1.1873736,1.1949253,1.2079453,1.1959925,1.1842191,1.1989719,1.2097874,1.188045,1.180777,1.200729,1.2024701,1.1869891,1.1780211,1.220606,1.2122116,1.1844963,1.1794468,1.2187614,1.2034146,1.1862507,1.1977255,1.2004235,1.1956034,1.1918365,1.1951926,1.1919087,1.1953832,1.1961986,1.2011194,1.1813797,1.1978681,1.1813841,1.193434,1.1914668,1.1930367,1.216102,1.173428,1.2100967,1.1971892,1.1877899,1.1914427,1.2170597,1.1961292,1.1739261,1.1952612,1.1865554,1.1986138,1.1963187,1.20079,1.192845,1.188673,1.1916127,1.218366,1.2246046,1.1688395,1.1866648,1.1998457,1.1871128,1.1980501,1.1916732,1.1806489,1.2049035,1.2163404,1.192067,1.1907828,1.1879718,1.1934568,1.1878555,1.1877713,1.2028435,1.1960832,1.1946434,1.1960664,1.1919426,1.19531,1.1776971,1.1860843,1.1762704,1.2056502,1.1785806,1.1761117,1.1855584,1.1845804,1.1732826,1.1916376,1.1955205,1.2094122,1.1609083,1.1958683,1.2035348,1.1952286,1.1976352,1.1686887,1.1951662,1.1759282,1.2213217,1.1907922,1.2012465,1.2075227,1.202993,1.2054791,1.1984508,1.1991417,1.2054234,1.1866755,1.186005,1.1816272,1.1975555,1.1831348,1.2016675,1.2001803,1.1985004,1.1945156,1.1847614,1.1812422,1.1815712,1.1900355,1.1994376,1.1861017,1.2117776,1.2123222,1.2142036,1.1941803,1.1955655,1.1931199,1.1788876,1.2003485,1.2031296,1.1952223,1.2034969,1.1929561,1.1965524,1.2085775,1.2048023,1.2333137,1.1922425,1.1877633,1.186833,1.2005221,1.2174394,1.1820283,1.1733805,1.1808342,1.1976025,1.1970322,1.2132859,1.2031078,1.1942258,1.2142286,1.1844532,1.206577,1.2212969,1.1788743,1.1908196,1.2084045,1.2015052,1.1974449,1.1863589,1.198585,1.1659162,1.1958668,1.1935134,1.2081174,1.2047786,1.1755953,1.1870168,1.1941081,1.196796,1.208905,1.1794125,1.1886604,1.2055987,1.2114553,1.1843171,1.2099314,1.1951725,1.2075872,1.1860864,1.1773198,1.1825647,1.2013878,1.2025626,1.1772553,1.2044089,1.1795542,1.2229404,1.1949198,1.176415,1.1918969,1.193445,1.2095425,1.1885061,1.1966909,1.2004123,1.1866269,1.1881435,1.2010088,1.1907505,1.2168674,1.2076226,1.1880896,1.1966964,1.2048334,1.1958848,1.1974459,1.2022768,1.1914927,1.1803138,1.1924913,1.2002895,1.1979464,1.1931514,1.1965276,1.1883565,1.1803769,1.1841842,1.2052327,1.1889184,1.1842337,1.1996702,1.1951109,1.1969103,1.1836897,1.19081,1.212532,1.1878806,1.193413,1.2169881,1.1824741,1.165699,1.2126619,1.2007687,1.1879996,1.1968532,1.1654476,1.1919159,1.1755018,1.1870229,1.1938398,1.1924156,1.2059064,1.2165837,1.1930913,1.1854608,1.1963425,1.1863031,1.2021192,1.1902125,1.2129251,1.1842204,1.1993808,1.1789092,1.2028868,1.2039876,1.2067223,1.2018096,1.1967553,1.186904,1.2052727,1.2216442,1.1733966,1.180792,1.1782266,1.1867607,1.2197233,1.1827984,1.1923387,1.1961149,1.1832278,1.184338,1.2027112,1.1931345,1.1836885,1.2061121,1.1823708,1.2003636,1.1870362,1.2061985,1.1806763,1.1840738,1.177778,1.2087133,1.2032195,1.1934627,1.1783245,1.1578162,1.1855962,1.1841837,1.1890484,1.1967067,1.1889726,1.1954478,1.2123849,1.1961956,1.1941952,1.194417,1.1875349,1.175723,1.2126796,1.184686,1.1785353,1.1929817,1.2078556,1.19283,1.1958791,1.1952859,1.1964853,1.1885359,1.1929173,1.1916606,1.1955848,1.1615921,1.1796845,1.1734048,1.1699411,1.2199842,1.1973305,1.1986527,1.1869161,1.1852636,1.1906227,1.164794,1.2036816,1.2016808,1.1938076,1.2080371,1.2070063,1.1969649,1.203568,1.2055256,1.1988431,1.1972654,1.2130164,1.1877714,1.1900296,1.1975274,1.1971247,1.2112168,1.1970521,1.1932827,1.1931401,1.2067528,1.1944882,1.1855386,1.2032018,1.1863065,1.1855121,1.209327,1.1715168,1.1876613,1.2097225,1.1712931,1.192219,1.1846064,1.2033613,1.1847031,1.197789,1.1888658,1.1925298,1.1711937,1.1976433,1.1942359,1.1733776,1.2015569,1.1923203,1.1796256,1.1897807,1.2080234,1.1867585,1.1743212,1.2120321,1.2052087,1.1943209,1.2053256,1.1903851,1.201151,1.1937612,1.1915342,1.1718801,1.1827865,1.1889354,1.1749322,1.2099944,1.2070743,1.1721787,1.2066952,1.1902379,1.2089574,1.1776466,1.2007813,1.1959903,1.181412,1.1971828,1.211978,1.2259207,1.1759032,1.1920664,1.18798,1.1887167,1.1968267,1.2161589,1.1829146,1.2074654,1.1985753,1.2056856,1.1948342,1.1740699,1.1941469,1.1882163,1.177816,1.1924866,1.1819043,1.2069789,1.2190603,1.2109071,1.2005805,1.1984642,1.1967736,1.2133545,1.2056333,1.2075156,1.1929516,1.201412,1.2049972,1.1930555,1.1983298,1.2077739,1.1857884,1.208107,1.207919,1.176965,1.1899678,1.1964632,1.1949775,1.1873956,1.1908505,1.1812739,1.2059916,1.157469,1.2037618,1.1822821,1.1969334,1.1943192,1.2042108,1.1805288,1.2148962,1.2076436,1.1778542,1.1712488,1.2001576,1.1990871,1.2078817,1.1942658,1.2067875,1.20358,1.168136,1.1943511,1.174436,1.1842868,1.1982386,1.2036082,1.1939143,1.198164,1.2003772,1.1825621,1.2003529,1.2016337,1.1742836,1.1748713,1.1979525,1.1819602,1.1859448,1.1901188,1.1963931,1.1995549,1.1943479,1.1898648,1.1781169,1.1809456,1.1835228,1.2084862,1.2008421,1.2113003,1.1843181,1.2130219,1.2118508,1.1790501,1.1927373,1.1786906,1.210248,1.181442,1.182826,1.1824341,1.183963,1.1897182,1.1933309,1.185576,1.1869503,1.1995155,1.2056243,1.1868821,1.1938423,1.2134447,1.2009501,1.1748474,1.1903538,1.1702415,1.1920508,1.1905417,1.175956,1.1962795,1.2028732,1.1838181,1.192883,1.2015429,1.2167249,1.2068986,1.2250386,1.2137091,1.197733,1.1908348,1.2071338,1.1945229,1.1774596,1.2096784,1.179691,1.2026875,1.1914452,1.198429,1.1936814,1.1829076,1.198395,1.1825814,1.1842772,1.1849192,1.1822358,1.1986808,1.194039,1.1845784,1.2072002,1.2057048,1.1986214,1.1920958,1.1910926,1.1905121,1.2025775,1.200911,1.1875542,1.2059444,1.1841745,1.1956432,1.1971593,1.2014881,1.1734731,1.1896119,1.1984292,1.2014955,1.1635776,1.20319,1.2112964,1.1975843,1.1959019,1.1986777,1.1992537,1.1952015,1.2047677,1.192021,1.188288,1.1724527,1.2035329,1.199785,1.1964836,1.1912985,1.2116114,1.1807551,1.1915011,1.2152761,1.2130785,1.1963757,1.203592,1.1752872,1.1810496,1.2025337,1.1907859,1.2066922,1.1871006,1.2025853,1.2011898,1.1967944,1.1960785,1.215129,1.1921568,1.191254,1.1962973,1.2075284,1.2156086,1.2216437,1.1810068,1.1834644,1.193271,1.1905661,1.1931592,1.1871612,1.1770082,1.2023435,1.1785532,1.2104709,1.201276,1.1920983,1.1908561,1.1874795,1.1980678,1.1819915,1.1949203,1.1834662,1.1912602,1.187714,1.200512,1.1870906,1.1820235,1.204776,1.1837648,1.19438,1.1942658,1.1915176,1.2055008,1.2181457,1.1952525,1.1844056,1.1890823,1.2065737,1.2041726,1.1909049,1.1868175,1.2120494,1.1804472,1.2096319,1.2041626,1.1930982,1.2104683,1.2103357,1.1928105,1.2042682,1.1785846,1.1927345,1.1904926,1.1972954,1.1798663,1.1975765,1.1916833,1.1975694,1.1557707,1.2110262,1.186996,1.194138,1.2048972,1.1944455,1.2076812,1.1923016,1.187881,1.220501,1.1962287,1.1871234,1.2076854,1.1992892,1.1741524,1.2050896,1.2113614,1.1989204,1.1900668,1.2021786,1.2094878,1.1850384,1.1953975,1.1939626,1.1796083,1.1729255,1.1775463,1.1958766,1.1999671,1.1795895,1.2007494,1.1920601,1.2275949,1.2057943,1.2023134,1.200022,1.1841233,1.218051,1.1919812,1.203054,1.177851,1.1823835,1.206877,1.1633506,1.185095,1.199091,1.2075077,1.1935349,1.184268,1.1940354,1.1670125,1.1683813,1.1787031,1.1980387,1.173054,1.2134731,1.1925163,1.2209271,1.2063253,1.185374,1.16867,1.2109122,1.1893269,1.1858846,1.1948534,1.1914198,1.1991109,1.1945368,1.1928141,1.2031585,1.2058538,1.1923645,1.1972088,1.1808256,1.2011335,1.207203,1.2109824,1.2050436,1.2070471,1.1838893,1.1701583,1.1995753,1.1912129,1.187156,1.196159,1.2018983,1.1851718,1.1841376,1.1818997,1.2064486,1.1848896,1.1916229,1.1849409,1.1948692,1.174851,1.1756542,1.1789013,1.1974937,1.1981708,1.1890577,1.1922853,1.1908333,1.1927266,1.1832744,1.1937147,1.2102643,1.2048178,1.1864572,1.1838349,1.1987569,1.193504,1.1927202,1.2200145,1.2093879,1.196418,1.1813241,1.2034669,1.1956954,1.204241,1.2098619,1.188464,1.1970755,1.184704,1.2108824,1.197626,1.19973,1.2002892,1.1719288,1.1896353,1.1895521,1.2160758,1.1982001,1.2014272,1.1917579,1.1869044,1.1876329,1.184282,1.2029334,1.2038282,1.1799339,1.2134027,1.1930093,1.1946994,1.1893666,1.197516,1.1963322,1.1880363,1.1965874,1.1901144,1.1994547,1.2088035,1.1957669,1.190637,1.2158375,1.183576,1.1808563,1.1881793,1.2085558,1.2105732,1.1726841,1.2030805,1.1888435,1.1901253,1.2049497,1.1767563,1.1876538,1.1862319,1.2017708,1.1648047,1.1980337,1.2020458,1.1831983,1.1895351,1.2103444,1.1847348,1.1861627,1.1843159,1.1755236,1.2049997,1.2026858,1.2198254,1.1882031,1.1843723,1.1872146,1.2037938,1.1829823,1.191807,1.1877704,1.185376,1.1976124,1.1894404,1.1895411,1.1641548,1.1978027,1.1648347,1.1852562,1.1818982,1.2037717,1.1996136,1.2008319,1.1933926,1.1706122,1.1887561,1.2127936,1.1853493,1.1844889,1.195993,1.209703,1.2023854,1.1772728,1.1931006,1.1833482,1.2050452,1.191336,1.2030419,1.1862864,1.1929429,1.1717463,1.216048,1.1905655,1.1859081,1.1916541,1.1919501,1.1983093,1.1781867,1.1846598,1.1885929,1.1900692,1.2001594,1.1828,1.1987795,1.194706,1.174422,1.2170392,1.1899265,1.2030005,1.1949612,1.2058026,1.1774586,1.2033913,1.1922239,1.1932024,1.1814127,1.1925216,1.1746811,1.1843028,1.1999263,1.1958941,1.1871253,1.1962007,1.1943896,1.1865087,1.1806388,1.2058134,1.2059034,1.2083877,1.2038195,1.200087,1.1857817,1.193339,1.2017246,1.1887672,1.1959493,1.1906675,1.1936051,1.1836343,1.2081074,1.2014843,1.1731322,1.1658373,1.2012782,1.1916451,1.1618475,1.1828047,1.2082309,1.1904329,1.192933,1.2027682,1.2183487,1.1867057,1.1693332,1.1748807,1.2031909,1.196367
0.02380412,0.0,0.030883133,0.031595983,0.028772682,0.0073879063,0.02785508,0.017954264,0.030496623,0.024363924,0.0,0.028436806,0.013628334,0.027337596,0.0154738575,0.019434988,0.01943373,0.031156324,0.031039478,0.03483562,0.002832409,0.0181375,0.02314004,0.020945638,0.0186055,0.03054997,0.01369312,0.01444523,0.009201296,0.028570104,0.032054257,0.014269292,0.030576542,0.03279129,0.011591036,0.030201077,0.016803585,0.01970658,0.02568778,0.021051977,0.02040058,0.018974911,0.0191313,0.034620173,0.015633062,0.014786564,0.03417973,0.031915884,0.014456514,0.015593741,0.019222733,0.009493798,0.033413682,0.00080676377,0.013027567,0.0,0.03762196,0.024157587,0.027469084,0.0,0.017605018,0.029685423,0.020212594,0.038778745,0.019444484,0.039400663,0.05077938,0.0,0.02956308,0.024811253,0.028613124,0.04015179,0.0015311949,0.026197132,0.009735037,0.026026078,0.022792257,0.022231523,0.02797962,0.033910524,0.020765025,0.01868892,0.036370203,0.029659927,0.03010486,0.018781327,0.026837297,0.03315532,0.018274449,0.023590066,0.023458626,0.013673708,0.021863665,0.020001486,0.044022597,0.043159433,0.020362128,0.0,0.033233877,0.03330517,0.017964482,0.039527513,0.016009405,0.0352657,0.0281968,0.019555736,0.0118750855,0.020685807,0.023146,0.03435687,0.039644036,0.02502438,0.019825414,0.036734276,0.034195065,0.02436459,0.017647486,0.027038433,0.008644529,0.019321278,0.036543198,0.030486148,0.034396894,0.027406,0.027794775,0.022926643,0.019403912,0.03415858,0.033630386,0.011365369,0.012167394,0.02998617,0.029507492,0.03509612,0.0057281516,0.026837226,0.012490448,0.0211301,0.018990472,0.023220133,0.0,0.012819305,0.02962644,0.014762014,0.036638904,0.032100737,0.05144216,0.042955212,0.0391654,0.011327878,0.029395007,0.01163983,0.012205578,0.01044086,0.03635288,0.019270692,0.01745468,0.031122975,0.021091934,0.033089384,0.022023138,0.017849624,0.036468673,0.033291288,0.026742633,0.012479033,0.009935796,0.03219104,0.0,0.019366663,0.008119378,0.02905636,0.02453848,0.014913388,0.024761368,0.033733137,0.035095047,0.034990516,0.026619092,0.02723004,0.01611986,0.0197132,0.026840694,0.030936271,0.043785818,0.018672086,0.021691706,0.030166373,0.02790239,0.034297444,0.01704337,0.0,0.0,0.0062557794,0.0149479695,0.015760534,0.03456848,0.028024435,0.02671329,0.037458826,0.019147493,0.037744075,0.05034612,0.042594496,0.020455338,0.029567182,0.02708197,0.024362925,0.024190728,0.029113512,0.023676869,0.04514689,0.01041678,0.022934597,0.024393234,0.001987651,0.02309094,0.02009736,0.028789822,0.0349201,0.023526732,0.0062262043,0.022105351,0.013515789,0.019824866,0.02396746,0.023896854,0.045028504,0.007909894,0.024079774,0.010138318,0.036243796,0.047724124,0.031744342,0.015830573,0.024745218,0.0179061,0.03809023,0.026342336,0.0383599,0.037987467,0.021119561,0.0241701,0.031166088,0.04813775,0.02484107,0.030513706,0.03163342,0.03883734,0.04122998,0.022640262,0.0,0.048408903,0.018001646,0.011568785,0.019628238,0.043795142,0.03992525,0.03620038,0.0086341575,0.017162085,0.017731864,0.02393357,0.007341165,0.05037486,0.012681145,0.009367581,0.018321596,0.035343014,0.038849555,0.019775014,0.03150592,0.023945708,0.018346395,0.026612688,0.023125883,0.024608396,0.030932743,0.024574548,0.0072853975,0.027826272,0.036649738,0.017262723,0.020772345,0.03217095,0.03569887,0.0414688,0.037540574,0.018053472,0.022668742,0.022654217,0.021025348,0.015083987,0.013875987,0.03215722,0.03723002,0.027755339,0.030690037,0.029152777,0.02190749,0.0118879825,0.026976276,0.00922557,0.0032149516,0.015928555,0.0431434,0.02480707,0.02247886,0.034831766,0.023034144,0.029627822,0.031671364,0.020620454,0.0012509525,0.025212843,0.027208008,0.031483278,0.0059404857,0.01974482,0.030370716,0.020065472,0.018779568,0.03406605,0.02694863,0.013763901,0.040858965,0.026186593,0.015769541,0.025990393,0.03789416,0.03579004,0.034147546,0.015416563,0.016818553,0.03879097,0.009522717,0.028591242,0.010198716,0.01638113,0.038776133,0.025875267,0.02669742,0.015043613,0.008539882,0.029782835,0.034239754,0.027055625,0.020328268,0.018371105,0.016881054,0.034852766,0.021112606,0.020755053,0.023833565,0.032243896,0.028414883,0.025467586,0.034653682,0.018853873,0.03317847,0.030060593,0.014296003,0.027830902,0.021772653,0.036931273,0.025813073,0.0120701045,0.027444523,0.021911927,0.022477645,0.033705637,0.0073073357,0.022728838,0.013026446,0.039438527,0.01557279,0.0320002,0.025787294,0.040957406,0.013375174,0.046755932,0.007051509,0.04445891,0.031684406,0.03039078,0.026664227,0.045599807,0.01983114,0.03387685,0.011479136,0.016375404,0.0135904625,0.02079441,0.016550757,0.0101073645,0.0026494004,0.031845704,0.02828148,0.011679187,0.030469816,0.014598377,0.018640075,0.042343423,0.02393547,0.012924682,0.030100036,0.025867354,0.028067257,0.012568407,0.02814152,0.02277004,0.028282668,0.040072244,0.027233936,0.025942702,0.02524075,0.033045612,0.00730465,0.03058169,0.019121394,0.0128267445,0.01559617,0.033598736,0.051451955,0.034254,0.02988961,0.028916717,0.030482814,0.028980434,0.032709997,0.020090364,0.031519767,0.021563258,0.03010182,0.020205721,0.012682766,0.020739593,0.047795277,0.030226547,0.023561735,0.031205893,0.022110023,0.011903919,0.01568316,0.042922653,0.01537694,0.023159832,0.034247383,0.007516697,0.027131066,0.017469775,0.020164449,0.028617162,0.01396551,0.023917507,0.018667612,0.021170817,0.01573971,0.019241408,0.021753218,0.033435587,0.026105862,0.02946435,0.023142077,0.03976212,0.015510708,0.009451497,0.011071932,0.014866274,0.01609262,0.022526894,0.024508212,0.012836594,0.044479735,0.021104828,0.023179304,0.028027598,0.029748645,0.020805087,0.018693246,0.044272613,0.022981685,0.03964985,0.013831809,0.010209344,0.028407529,0.038734633,0.014151052,0.016323138,0.028085835,0.012329783,0.0335517,0.018475048,0.016862899,0.04312462,0.029150657,0.010076474,0.009455062,0.039934706,0.0230866,0.032264456,0.019053347,0.014800824,0.03742042,0.028829962,0.032607198,0.020881966,0.0355737,0.027283344,0.021945484,0.020988006,0.023801636,0.030759107,0.026308354,0.0315723,0.032939702,0.028912317,0.0130040385,0.011590611,0.018040985,0.012684364,0.02146925,0.015272003,0.027900357,0.021786623,0.024374127,0.041967843,0.024058763,0.019792445,0.029186103,0.04015329,0.0016172491,0.03074677,0.03382787,0.020987403,0.019751105,0.020876963,0.029865656,0.016842723,0.0066634417,0.011352066,0.028310604,0.023449894,0.028866958,0.037471216,0.037453428,0.018899322,0.023303796,0.0238039,0.028589237,0.01668875,0.029579189,0.045207836,0.021043167,0.02808889,0.03361273,0.051041663,0.039776098,0.028913245,0.019988328,0.025674406,0.016280593,0.019461762,0.019445475,0.028394762,0.0015895404,0.0139202215,0.002411954,0.033672802,0.018139865,0.018351026,0.028042331,0.019806016,0.034466,0.030604456,0.04069682,0.023427293,0.017667029,0.032122754,0.034643162,0.018338148,0.00684331,0.02473991,0.008690599,0.016498636,0.033759285,0.01773347,0.0,0.017669413,0.006699823,0.023339741,0.027016927,0.020515643,0.021524053,0.031653784,0.024797648,0.007890295,0.03603896,0.03170301,0.025953043,0.010745931,0.027767152,0.0236299,0.009567436,0.015029602,0.010921285,0.037147835,0.030004647,0.03136568,0.038110152,0.041473564,0.03396643,0.01734588,0.011409316,0.018202148,0.01958412,0.011776671,0.025504667,0.03314173,0.006528195,0.029874023,0.039752085,0.028603047,0.0,0.022043087,0.044245105,0.043402668,0.016709145,0.026858997,0.029753963,0.031049207,0.022521142,0.03672305,0.021045547,0.016344793,0.017024249,0.034232184,0.009302989,0.0076215416,0.043839097,0.024717309,0.033113282,0.026244584,0.047406264,0.00409073,0.0102702975,0.0,0.03345476,0.013505239,0.0011565387,0.0046648085,0.018116906,0.025516212,0.012205847,0.03023937,0.03713298,0.026428226,0.023140125,0.008952796,0.023599599,0.025872659,0.021944914,0.016799316,0.015678458,0.01963241,0.021666225,0.02713108,0.037972007,0.015434664,0.042591754,0.009887524,0.031034455,0.0034081005,0.019656692,0.03250921,0.028082114,0.032529537,0.023760572,0.01630091,0.037949167,0.016465023,0.041332603,0.021581348,0.026146676,0.0,0.028147958,0.006230671,0.040355347,0.017489765,0.0,0.038881086,0.019925296,0.02893677,0.0412393,0.0049401224,0.026477158,0.030479398,0.015532959,0.032464314,0.015779436,0.038587905,0.02483219,0.0,0.0034195147,0.029806592,0.010366544,0.017495725,0.02456696,0.033756014,0.03660031,0.014898639,0.022942413,0.037860066,0.014948145,0.00906783,0.033429924,0.019379217,0.0021834783,0.017473906,0.017753184,0.009112481,0.016371898,0.022695009,0.018027596,0.02500761,0.015874326,0.027610391,0.027372163,0.028485205,0.034386802,0.036888238,0.028405506,0.015940342,0.022240348,0.021084096,0.028350472,0.010571931,0.03610434,0.020005856,0.030323103,0.018464444,0.019558977,0.0304178,0.02463932,0.02679094,0.028243449,0.03238234,0.010011457,0.01850238,0.01643151,0.044545572,0.015519772,0.012688115,0.027957465,0.02116505,0.012756705,0.038541302,0.02073069,0.02797031,0.042768788,0.0228476,0.029970583,0.020269223,0.040021613,0.03195405,0.019514289,0.029187933,0.023249425,0.026702147,0.026884176,0.012188543,0.01448679,0.015331298,0.0096974,0.043423288,0.03369976,0.0119719915,0.026129477,0.015874643,0.024687815,0.0340122,0.027621225,0.018532187,0.039811153,0.035773512,0.015051875,0.04905503,0.026373938,0.022373952,0.02418739,0.024962965,0.023092955,0.0021254867,0.028477635,0.019255646,0.028702814,0.041131515,0.0017095692,0.037796155,0.027063925,0.003766328,0.026306726,0.022088893,0.019338388,0.022164065,0.022452641,0.021443881,0.046633046,0.05356695,0.020790253,0.014780249,0.037812114,0.037874307,0.025483597,0.047927454,0.008925624,0.030250125,0.027462628,0.019653298,0.023244858,0.010224555,0.0101728365,0.018796455,0.026074134,0.03651988,0.01573271,0.028391104,0.020357944,0.010674987,0.026042238,0.021833189,0.042782933,0.025700983,0.016410194,0.033610664,0.02404819,0.01973591,0.002217181,0.0111849345,0.018674303,0.03726864,0.02977712,0.024262335,0.034450904,0.019768361,0.020760547,0.02876268,0.017677147,0.024527047,0.03497169,0.027779441,0.03068433,0.03602737,0.016575366,0.02741627,0.026633132,0.030024827,0.042462658,0.020411287,0.009856984,0.02055867,0.029211912,0.016377717,0.028854992,0.0364702,0.01082921,0.020953178,0.021427896,0.016606845,0.014809106,0.03208666,0.04169498,0.041846134,0.024446718,0.03634953,0.027173936,0.016769655,0.02558085,0.050506175,0.022129826,0.026905186,0.027288374,0.048079606,0.027187359,0.02214358,0.0131729245,0.018147394,0.014211487,0.036090914,0.011724483,0.0074695237,0.016727898,0.040772215,0.040404383,0.010471243,0.023175757,0.01901685,0.025958437,0.0235058,0.006390609,0.026709713,0.036907006,0.019504342,0.012437593,0.03506125,0.009742096,0.009509895,0.0035284571,0.016954564,0.030543007,0.016894538,0.009626649,0.030546177,0.0069937147,0.029553909,0.03993823,0.025073819,0.016828883,0.026540458,0.0142179355,0.037408687,0.040704016,0.021770619,0.024957076,0.02628864,0.01672097,0.024015974,0.024856914,0.033014923,0.028078608,0.014228918,0.033584815,0.026158955,0.03393336,0.033804152,0.019789409,0.02638051,0.043594662,0.01930273,0.024889823,0.025564466,0.041983787,0.043325234,0.026929438,0.033386767,0.02976967,0.032552037,0.027059078,0.023433067,0.024513606,0.0119205825,0.025459908,0.026162982,0.019564465,0.03492117,0.0016014352,0.04030032,0.046526738,0.017218988,0.030564554,0.03241727,0.014082704,0.021966211,0.030577563,0.009109594,0.011734296,0.04630899,0.02180582,0.016403899,0.015192725,0.011758879,0.012038801,0.030063014,0.042540703,0.022262927,0.016979143,0.0029020011,0.016601123,0.038208146,0.03011623,0.027711745,0.037649702,0.0131344795,0.01043766,0.019541118,0.010145858,0.023559893,0.026487906,0.0015403852,0.032717887,0.020283092,0.027771946,0.031808257,0.023631662,0.025952272,0.027541108,0.024050552,0.049109053,0.0014673546,0.029869143
