0.38359138,0.38147116,0.38143262,0.37463528,0.37532222,0.3852468,0.37105462,0.3756249,0.36759108,0.38531393,0.38466707,0.38741088,0.3776396,0.36870465,0.37710825,0.40388346,0.38359076,0.3644039,0.3774283,0.38755766,0.37501663,0.35939717,0.3567672,0.37291282,0.37875876,0.38203868,0.380458,0.37438184,0.36933726,0.3842476,0.3740967,0.4051345,0.38251287,0.36637703,0.36177668,0.37031698,0.38395151,0.37723675,0.35786968,0.38112867,0.36797488,0.36435997,0.37717444,0.35756677,0.38850883,0.37884653,0.36675465,0.39693436,0.37016705,0.3886978,0.3686921,0.3830526,0.3640321,0.391694,0.3896971,0.38241124,0.3742337,0.37206084,0.37008777,0.38286805,0.3877633,0.37630582,0.37901324,0.3712496,0.38456568,0.39077047,0.35969216,0.37256956,0.38806134,0.38006788,0.36362687,0.4011442,0.3606934,0.38077232,0.3819778,0.38934445,0.3944855,0.3831533,0.37469536,0.3759866,0.37300524,0.3732783,0.37705415,0.36698338,0.38437867,0.37655866,0.36268848,0.37952322,0.37656704,0.3890784,0.3733768,0.3927485,0.36335,0.37930778,0.37412804,0.3669614,0.37801445,0.37685627,0.37549624,0.37603447,0.37467346,0.38562095,0.37603778,0.3759151,0.38462663,0.37076074,0.38014308,0.36332473,0.37085718,0.3743429,0.36654818,0.38289168,0.39938894,0.38963914,0.35811168,0.37018573,0.38336372,0.3756815,0.37219498,0.361364,0.3835592,0.37914458,0.38332355,0.35837448,0.37596446,0.37381613,0.3875345,0.371279,0.38583067,0.3703863,0.364996,0.36323178,0.37973478,0.38495797,0.37431937,0.39473084,0.36786324,0.38164157,0.37129465,0.37175736,0.38027504,0.3864748,0.37385914,0.37684122,0.369576,0.37890607,0.36767069,0.36615753,0.38715795,0.36489332,0.37421587,0.36732918,0.36583346,0.35940456,0.3752345,0.39611527,0.3671543,0.38967896,0.38993773,0.37728888,0.37337488,0.37295103,0.36288816,0.3675729,0.3731362,0.37988716,0.3943303,0.37870038,0.3911885,0.38339514,0.35667676,0.37971047,0.37497067,0.35733628,0.37417513,0.3794832,0.35895804,0.37323543,0.38275468,0.37053952,0.35717425,0.38478926,0.35560867,0.3855277,0.3640206,0.3826595,0.37621891,0.37387872,0.37852392,0.36646923,0.34162092,0.37837693,0.3737384,0.40022737,0.37187186,0.37380153,0.39362082,0.37116373,0.3630162,0.3705622,0.35981593,0.38272616,0.37544107,0.3700855,0.37909472,0.3902099,0.3467862,0.37459093,0.3645613,0.38502052,0.37915763,0.38421524,0.36155397,0.37348852,0.37457004,0.3578949,0.3500385,0.38771406,0.34770998,0.3638922,0.3653648,0.38425955,0.39177784,0.3835546,0.3741276,0.37352368,0.36858374,0.38736886,0.37706608,0.3729489,0.36539137,0.36870155,0.37389147,0.36641452,0.37741452,0.37511134,0.36294794,0.38995364,0.3766654,0.36379024,0.3730077,0.37329972,0.36529344,0.37560004,0.36938134,0.38034362,0.36423436,0.3760803,0.3682267,0.3644202,0.3925098,0.37313846,0.38079467,0.3658063,0.36235845,0.36227575,0.35695088,0.3671485,0.37082085,0.36367905,0.37650365,0.3811464,0.38594562,0.3719055,0.35716116,0.37284124,0.37592503,0.37639725,0.39334202,0.37679145,0.38013163,0.3733368,0.3798632,0.36271626,0.38087034,0.37079245,0.3546258,0.3843659,0.3749366,0.3768295,0.37733316,0.37482932,0.37263674,0.3786865,0.38984782,0.3708981,0.3746285,0.3852375,0.35251164,0.37747052,0.36882535,0.3725255,0.38154414,0.37322932,0.3815134,0.3727477,0.38434568,0.36885172,0.38191172,0.38065523,0.37459278,0.38586587,0.36371973,0.37298676,0.37998152,0.3882194,0.37957108,0.38451028,0.3620017,0.3812337,0.3765069,0.37960774,0.36916655,0.3817124,0.38564357,0.3677732,0.38090265,0.37013623,0.37916496,0.36922634,0.36126038,0.34912124,0.38592,0.38915655,0.3583689,0.37357196,0.3606786,0.3858085,0.37707257,0.36550048,0.37581432,0.3787828,0.3680221,0.3840249,0.3764432,0.38628128,0.37463766,0.37522075,0.379653,0.3825845,0.3733477,0.39109734,0.37898263,0.37198737,0.35676736,0.37899145,0.3820703,0.38080418,0.35938665,0.37048778,0.39464727,0.38874418,0.37975395,0.37694907,0.37360182,0.38168776,0.3622781,0.3730192,0.38328278,0.39564753,0.36807942,0.37988353,0.3848274,0.3817803,0.37919986,0.3646731,0.36802134,0.36702576,0.36527,0.372882,0.37339628,0.37712553,0.36329374,0.3757495,0.36461908,0.37872294,0.36054388,0.3764062,0.36925974,0.36419657,0.37833938,0.36790854,0.35917184,0.386808,0.37900823,0.3523537,0.37559766,0.38425475,0.3846933,0.38395634,0.3642885,0.37358573,0.37082714,0.38541088,0.35670996,0.35905653,0.38806897,0.3828702,0.36968002,0.38448468,0.37460732,0.37966242,0.39134693,0.36617762,0.37294868,0.3533475,0.3677501,0.38642102,0.36808535,0.38371065,0.39512968,0.38000157,0.35921478,0.35737658,0.3678147,0.39146203,0.3821424,0.37777328,0.36112362,0.36083966,0.38668013,0.37900567,0.37062222,0.36849836,0.36449668,0.38488507,0.3809226,0.37938872,0.37257478,0.36217007,0.3783617,0.3736294,0.37673366,0.3769045,0.39512667,0.38067555,0.37558734,0.36185563,0.38057104,0.35642835,0.36886072,0.38216028,0.38454345,0.36638382,0.36076912,0.37002274,0.38471106,0.38077575,0.37998492,0.3518188,0.38082597,0.37328747,0.37626967,0.38672012,0.36805022,0.3841698,0.36553764,0.37433723,0.3917578,0.3804965,0.385176,0.38339695,0.37006205,0.38297758,0.38012433,0.40112287,0.38537398,0.37010425,0.36508468,0.37416568,0.3652875,0.36996466,0.36672536,0.3616187,0.36837855,0.37775496,0.3876459,0.36488914,0.39268064,0.3730824,0.36047918,0.36048958,0.37037498,0.38039476,0.37157527,0.37635973,0.37610418,0.40128905,0.3766746,0.37181318,0.3820097,0.36272895,0.37512282,0.38221815,0.39295313,0.37125725,0.36553285,0.38087338,0.38934797,0.3632851,0.36981785,0.3820768,0.36535496,0.37852898,0.3746462,0.3904769,0.3906799,0.3632143,0.36610374,0.35878086,0.3859914,0.35433972,0.38197306,0.37351647,0.38433522,0.38171703,0.36329618,0.375481,0.36228427,0.38451886,0.367987,0.38987714,0.37478742,0.36731875,0.3970472,0.37417102,0.37085536,0.3710643,0.37765974,0.40764466,0.37025604,0.37379476,0.36636138,0.35742193,0.37642038,0.37931833,0.3886578,0.36456648,0.37116802,0.3617962,0.37797508,0.37697396,0.3703615,0.37248468,0.39167562,0.3646964,0.3806015,0.36877045,0.36638227,0.38049206,0.36993486,0.38936397,0.39539573,0.38665372,0.36400327,0.37325463,0.3760356,0.36812195,0.38553298,0.38241026,0.37202433,0.37497056,0.3704126,0.37699214,0.36232594,0.39300835,0.39636984,0.37252662,0.39134425,0.3891032,0.3752311,0.38175142,0.3556441,0.37262473,0.39596912,0.37340364,0.37544757,0.37533015,0.36260256,0.37768945,0.3815762,0.37135774,0.3807529,0.36820915,0.35824183,0.3650987,0.39092088,0.37680405,0.3697626,0.3568391,0.37763932,0.3760138,0.37840292,0.36977553,0.3823333,0.35341388,0.3781125,0.36279157,0.36480775,0.34931603,0.37874725,0.37000507,0.37615284,0.36689562,0.36141527,0.37850043,0.37609154,0.38824457,0.3760484,0.38596186,0.3723964,0.37075287,0.38613498,0.39444554,0.36177617,0.36269864,0.36311916,0.38041863,0.3699323,0.38078964,0.38859767,0.3863202,0.3574757,0.37016296,0.39149594,0.36266875,0.3610221,0.3827546,0.3764249,0.37294823,0.37530175,0.36901098,0.3872904,0.37573996,0.36846763,0.36397567,0.37779257,0.37079677,0.3785947,0.38469532,0.3751512,0.37811136,0.3788072,0.37515363,0.38408747,0.37763557,0.36738133,0.37924525,0.37828797,0.3730459,0.3749033,0.37586716,0.3837192,0.3782589,0.38795245,0.372609,0.37654468,0.37555552,0.38095677,0.3864917,0.39298987,0.36484155,0.3635884,0.38405344,0.37605694,0.37377927,0.36979875,0.3683369,0.37301588,0.36126816,0.3782834,0.36105534,0.37778407,0.38313022,0.38495407,0.3828157,0.3711394,0.3767287,0.3700037,0.39724338,0.36258224,0.37997374,0.39781198,0.36824486,0.3775965,0.37611347,0.38193762,0.38247037,0.3826059,0.36802265,0.38422483,0.3977307,0.38079247,0.3730043,0.36620858,0.36147204,0.3827232,0.3708254,0.3778255,0.377548,0.37006447,0.38096452,0.37287045,0.37834537,0.38928413,0.3724164,0.36380917,0.37322542,0.36752412,0.3657875,0.36040762,0.3768999,0.38774684,0.36908793,0.390774,0.36436453,0.36850658,0.36799565,0.37409,0.37113076,0.381157,0.36890948,0.36259896,0.37410495,0.3788038,0.37683812,0.38905707,0.37303063,0.37098914,0.35881257,0.38008755,0.39759883,0.37519872,0.358196,0.37749743,0.38746664,0.3965115,0.3763501,0.36813563,0.36354786,0.37564328,0.38144925,0.3847289,0.38931268,0.361584,0.3807551,0.39064837,0.34420252,0.37454346,0.3756393,0.37520033,0.35586333,0.36862585,0.3827635,0.35378873,0.38969108,0.37946472,0.38871667,0.37559435,0.37818235,0.37471053,0.38957253,0.3984527,0.38018462,0.37400976,0.38391337,0.37363088,0.36635396,0.38092813,0.36570528,0.36468077,0.3819869,0.39076078,0.39136434,0.37349737,0.37466508,0.38318485,0.36480296,0.37099573,0.36471748,0.37609175,0.3687257,0.37225062,0.36045057,0.3785004,0.36257747,0.37423205,0.37317154,0.3614574,0.36511493,0.38754553,0.38625324,0.3762167,0.37300363,0.38271412,0.36930877,0.38373783,0.37752217,0.3839701,0.37941256,0.3764361,0.38895297,0.37217373,0.37828532,0.36695147,0.3720013,0.3647951,0.38876587,0.3742178,0.3642208,0.37037683,0.37898567,0.37845272,0.37794307,0.3664877,0.37279084,0.37144974,0.3792286,0.41091722,0.37613815,0.38564998,0.39175582,0.39052653,0.36675397,0.37764144,0.38215712,0.38343906,0.38309973,0.3637702,0.39498153,0.37835485,0.3681167,0.38994434,0.38145915,0.38799578,0.36580524,0.36612895,0.37409273,0.37951344,0.36182413,0.36906108,0.36696345,0.40141886,0.37660486,0.37051338,0.3664742,0.35866114,0.3728546,0.37262443,0.3695532,0.36315364,0.36169857,0.37122738,0.37843803,0.38053635,0.39676166,0.37549242,0.38555562,0.37603346,0.3908131,0.39114848,0.382233,0.3476109,0.36957824,0.3730777,0.373101,0.36860168,0.37535164,0.37420446,0.3809883,0.37339267,0.38529873,0.38022286,0.3589371,0.37013054,0.38145348,0.363163,0.38566002,0.37112972,0.36288217,0.37506577,0.3591778,0.37817943,0.3818659,0.36755332,0.40216506,0.37948233,0.37541753,0.36837834,0.36916465,0.36935592,0.3769642,0.36523688,0.35906553,0.3589056,0.36584017,0.36257467,0.378986,0.3691753,0.3743748,0.3719216,0.37605873,0.37205783,0.3740258,0.35648862,0.36401334,0.3809715,0.3652815,0.36712545,0.36987555,0.3811237,0.39433408,0.38549265,0.37467718,0.37135878,0.37233117,0.37290895,0.38434595,0.383686,0.38034827,0.36276793,0.3722655,0.38446757,0.38455507,0.37467253,0.37593,0.37809357,0.38263625,0.3844673,0.37257954,0.38663307,0.37033108,0.3662054,0.37215915,0.36664104,0.36065352,0.38573986,0.37094188,0.38506943,0.36112142,0.3790217,0.37077057,0.36167222,0.37076896,0.37026203,0.36060417,0.36326793,0.3826114,0.3750176,0.3758176,0.37451917,0.37899247,0.36041778,0.37986332,0.36623546,0.36476734,0.37464032,0.35346478,0.3784576,0.3721425,0.36201793,0.3881902,0.39488804,0.3718509,0.3776787,0.37775627,0.37621716,0.37487775,0.37587428,0.38396135,0.37102073,0.36373627,0.37918523,0.38145918,0.36772093,0.37347984,0.36018497,0.37311208,0.3894871,0.37361106,0.3801699,0.3849328,0.3609829,0.36414927,0.3748384,0.36249056,0.37396514,0.36794734,0.34821674,0.37801206,0.35937166,0.3732676,0.37256292,0.37967294,0.37737274,0.36734647,0.37334886,0.3714912,0.37797585,0.36469054
0.5923326,0.59331715,0.60752624,0.60795516,0.5879932,0.60695773,0.5797015,0.6049654,0.5978628,0.5926045,0.5990694,0.5854998,0.5979272,0.5887057,0.603552,0.6058462,0.6059424,0.5943423,0.5954211,0.5778832,0.60086423,0.59289706,0.60336024,0.59718883,0.6061973,0.5855177,0.5981622,0.5922455,0.59578764,0.599668,0.59289104,0.59653735,0.6110264,0.6031405,0.6071487,0.5983579,0.60509825,0.61407703,0.5980256,0.6108737,0.59261835,0.58855987,0.5978347,0.5963478,0.5861953,0.61611384,0.5983497,0.60363847,0.59456533,0.60886496,0.5907279,0.58959824,0.57924706,0.6034373,0.6165133,0.6071021,0.60752267,0.58586013,0.5974606,0.61357063,0.6023122,0.5980629,0.6110411,0.58457625,0.5968227,0.60413355,0.5949259,0.597545,0.61619395,0.6117398,0.5851269,0.6007792,0.5906425,0.5929931,0.5931001,0.61251,0.6156175,0.60933644,0.59970427,0.5953025,0.59320474,0.60513085,0.6044489,0.60196304,0.5884791,0.5974097,0.5997633,0.6003327,0.604966,0.58823144,0.60053176,0.5983021,0.58773065,0.59882236,0.5917884,0.6145879,0.58323175,0.6003314,0.6019374,0.59718925,0.61508936,0.5914232,0.5837929,0.5962967,0.5934236,0.5748621,0.6082399,0.58675313,0.5971704,0.59249395,0.59802824,0.5904585,0.6011458,0.59394383,0.6002334,0.5996216,0.60834306,0.6054792,0.6046069,0.5900501,0.6016866,0.6043927,0.59765345,0.5776325,0.59605336,0.6052649,0.59757584,0.59102535,0.61396474,0.5983988,0.5980731,0.60721636,0.60060614,0.58976334,0.60380495,0.62691814,0.59239155,0.5954633,0.5740074,0.5990447,0.59731597,0.6156347,0.5856464,0.59870255,0.582456,0.6025911,0.58949065,0.59600705,0.6067863,0.5922974,0.5965185,0.61514616,0.5929502,0.59051955,0.5996644,0.6096765,0.5781612,0.59933263,0.60447127,0.58397484,0.6043568,0.5932967,0.59679234,0.594601,0.59875864,0.58697706,0.5990896,0.59741765,0.6036469,0.58976126,0.59163845,0.592599,0.6004129,0.5886201,0.59404886,0.61773944,0.5806817,0.6014695,0.5916267,0.6021211,0.6045697,0.6106215,0.5897416,0.5995085,0.59619653,0.59677076,0.5978668,0.60123545,0.58995324,0.6007525,0.57491416,0.6109966,0.5888886,0.61016476,0.60042155,0.5861701,0.6003863,0.58314615,0.5900085,0.6062796,0.59330034,0.60995775,0.5936014,0.59508926,0.6032296,0.5915201,0.5966347,0.6091679,0.58569217,0.620259,0.58612806,0.6106806,0.6009645,0.604537,0.59323007,0.5940665,0.5995946,0.598643,0.58029604,0.5966734,0.5863973,0.5862032,0.6019283,0.6094957,0.6173149,0.5804075,0.57378674,0.60269266,0.59955096,0.601386,0.6072684,0.5907159,0.5975021,0.5962284,0.5937663,0.5969583,0.5720253,0.6111837,0.5925819,0.58197504,0.60852206,0.6104846,0.5804493,0.60089034,0.59618485,0.59787786,0.59584284,0.60579675,0.5884904,0.5953029,0.5992262,0.5928644,0.6149767,0.5919328,0.58331186,0.59800005,0.5881512,0.5930033,0.6006944,0.5965245,0.60848856,0.6114609,0.6005329,0.59448385,0.6014412,0.59756,0.602026,0.5937454,0.6005463,0.60259426,0.59019536,0.5957667,0.5914528,0.5836995,0.60215825,0.5902224,0.5965612,0.58218575,0.59716904,0.59412867,0.6046919,0.6075645,0.6009934,0.59061015,0.60281897,0.5953532,0.59122485,0.6040718,0.5895731,0.6055366,0.6031864,0.5939162,0.59673566,0.6042751,0.6026924,0.5897749,0.60963833,0.6109927,0.5996877,0.604732,0.6177095,0.6106644,0.5919137,0.6018033,0.6079071,0.6052659,0.5973945,0.6006101,0.5858395,0.6092426,0.5975083,0.5918307,0.60165024,0.58465004,0.5993373,0.5985577,0.60631984,0.5870207,0.6139003,0.6011187,0.58149755,0.5864686,0.6132293,0.6054487,0.58138597,0.5930934,0.5914931,0.60541356,0.60048616,0.60099334,0.5901346,0.5876407,0.583715,0.60201776,0.61366564,0.59911036,0.5964034,0.58515525,0.5872241,0.5932662,0.5782356,0.6103841,0.61371106,0.58068466,0.59685165,0.59226346,0.6027993,0.59521663,0.5727387,0.5898702,0.59157,0.6007828,0.5994259,0.6132274,0.6080212,0.6146956,0.60063577,0.59331536,0.5921946,0.62011814,0.58857155,0.59991944,0.5978224,0.6083449,0.60534406,0.6147902,0.5931007,0.59247607,0.6025117,0.59186304,0.5937338,0.58510566,0.58953863,0.603407,0.60800844,0.5851541,0.5809817,0.5905068,0.600181,0.5961647,0.5928136,0.6079276,0.59171116,0.5899363,0.6022604,0.6062332,0.58273697,0.6133043,0.58710635,0.5775949,0.61325705,0.60275304,0.6138552,0.58946,0.59432125,0.58002615,0.6125332,0.5836809,0.59939206,0.6052773,0.59823847,0.60072297,0.59992266,0.59485835,0.6040198,0.5919287,0.5982938,0.6132233,0.5835966,0.6108445,0.6003902,0.58772105,0.57252413,0.58479154,0.59061587,0.59393644,0.5880364,0.5900284,0.608341,0.5970965,0.5939983,0.5900504,0.5911364,0.60345006,0.5881681,0.58589363,0.5884178,0.5889746,0.6026182,0.581355,0.60029155,0.6043723,0.598463,0.60434854,0.6091701,0.5903023,0.6142024,0.59505975,0.6005178,0.60414976,0.60473907,0.591164,0.6019333,0.59131664,0.5824833,0.6025076,0.5858707,0.59566617,0.5930131,0.5874678,0.5724534,0.59500533,0.6070466,0.5863342,0.59098375,0.5999319,0.59143114,0.61216116,0.60759735,0.6017791,0.60419196,0.5967653,0.59046096,0.5976078,0.6018612,0.60367495,0.605685,0.59522355,0.6122396,0.5964779,0.6046516,0.6087787,0.59265035,0.5849224,0.5948567,0.5969275,0.6059049,0.5773954,0.59959704,0.5932918,0.5945376,0.59492517,0.5946664,0.59304816,0.59726524,0.58655214,0.6059242,0.5957527,0.6080571,0.5936594,0.6156204,0.5955893,0.5958175,0.6009867,0.61304593,0.58690274,0.5879329,0.6138512,0.60293317,0.5802964,0.6016282,0.6018064,0.5984108,0.59927213,0.59572613,0.59841526,0.60054713,0.5935848,0.60299665,0.590093,0.5988664,0.60344845,0.611109,0.5857854,0.5957116,0.59852254,0.6020128,0.5859651,0.59883225,0.5959812,0.59125257,0.5982577,0.6029701,0.6110193,0.6138277,0.59341323,0.6140148,0.59880584,0.5982521,0.6134883,0.5981299,0.5912796,0.6067424,0.60539544,0.6099232,0.58651346,0.6006812,0.6050103,0.60129297,0.5919777,0.60316175,0.60553646,0.5894105,0.5898573,0.5954664,0.5938826,0.5993362,0.6090433,0.58851635,0.5978203,0.60672307,0.59202147,0.59994805,0.5972525,0.603568,0.5807308,0.58134186,0.60590905,0.6006906,0.5865511,0.60582924,0.59032214,0.59113586,0.6039616,0.608655,0.59496796,0.5893628,0.591276,0.58849144,0.62047637,0.5915993,0.59048325,0.6090322,0.592445,0.5909357,0.60785425,0.5898253,0.59827465,0.6108209,0.601454,0.59164244,0.6053302,0.59610885,0.5996344,0.59539866,0.5872118,0.6165482,0.5956803,0.584069,0.59337574,0.591023,0.6005603,0.59570855,0.5912785,0.6051288,0.5998694,0.6100582,0.5882039,0.598682,0.5954949,0.59236395,0.6089126,0.6067568,0.6147569,0.5908559,0.60185957,0.580279,0.5872418,0.6190512,0.5845229,0.6038249,0.6138517,0.60356706,0.59690684,0.595256,0.6104791,0.59297967,0.60236794,0.60612285,0.6055157,0.6012611,0.59769803,0.58672297,0.60399175,0.60777456,0.58554137,0.6097549,0.616222,0.6021504,0.5962741,0.58624846,0.588316,0.5813956,0.59443235,0.60219777,0.5993008,0.5988894,0.5818921,0.6020958,0.5863482,0.59114903,0.5947237,0.59964794,0.5986452,0.6117795,0.60183465,0.6024262,0.603088,0.58114135,0.6012625,0.5871762,0.60384357,0.589412,0.6093226,0.5982341,0.5942739,0.58785105,0.6125835,0.5843178,0.6115166,0.60670334,0.60096574,0.5827509,0.6138002,0.6026494,0.61337084,0.58104146,0.5945765,0.6035669,0.6036913,0.5845022,0.60257864,0.6062194,0.6169839,0.6014299,0.6058677,0.590723,0.5923082,0.5915483,0.6139594,0.58997375,0.58865136,0.5939097,0.60819554,0.60207814,0.61246145,0.60150045,0.6073889,0.6103511,0.5852881,0.60077345,0.6008394,0.59328645,0.5984209,0.60244274,0.5805869,0.6057657,0.57693213,0.5981295,0.5896855,0.60759157,0.5967294,0.6022558,0.6026386,0.60094947,0.60257125,0.6064115,0.5962486,0.5907751,0.6089465,0.5831489,0.5885785,0.6090954,0.5872488,0.605263,0.61134505,0.6048285,0.60393125,0.596968,0.5894589,0.59737706,0.59660494,0.5954367,0.59316945,0.6117483,0.5882893,0.6102124,0.59223634,0.5970189,0.59623516,0.59993285,0.5912631,0.6012662,0.5950091,0.61232144,0.60403514,0.62234867,0.60342944,0.59617,0.60062116,0.58752924,0.6058876,0.5974197,0.5990321,0.5824321,0.5972608,0.5921411,0.5966804,0.61315143,0.591479,0.5870596,0.578322,0.597102,0.59452486,0.60242856,0.59873885,0.5864853,0.6136864,0.592041,0.58417994,0.6071251,0.6114811,0.58930135,0.61573064,0.60364074,0.60280836,0.5835815,0.6002827,0.60218847,0.59406805,0.59530413,0.6188912,0.5964356,0.6018382,0.59262073,0.6127578,0.6135727,0.5970239,0.59636605,0.5988212,0.592905,0.5906199,0.6032945,0.5888791,0.5985504,0.6087194,0.6011525,0.60150886,0.5884496,0.58144367,0.6083787,0.5924731,0.6082939,0.5912891,0.59860915,0.6083504,0.59078884,0.59445107,0.57821697,0.5941613,0.5968107,0.5993715,0.5890195,0.6083301,0.60050625,0.5993554,0.592552,0.6177014,0.6015482,0.60607505,0.5965461,0.6323343,0.5919155,0.6111831,0.60316503,0.5981514,0.5906354,0.5995868,0.6127977,0.59297675,0.5892416,0.5964469,0.5964179,0.5972871,0.6026249,0.61608124,0.5947585,0.60883963,0.60029155,0.60089296,0.597183,0.58345926,0.612485,0.6050362,0.6108421,0.574954,0.60126805,0.59899795,0.5826051,0.5910261,0.60627574,0.6054108,0.62015116,0.6106536,0.59068006,0.5925014,0.5983318,0.6098467,0.590347,0.5945174,0.59149975,0.5898062,0.5914679,0.5968527,0.59856904,0.60183096,0.60357887,0.58665013,0.60641557,0.6016294,0.5926222,0.60396045,0.5997738,0.61666775,0.59052545,0.6008717,0.61099064,0.6060831,0.594732,0.6029788,0.5997416,0.61265063,0.5895082,0.61413777,0.6065913,0.59764886,0.595911,0.60447913,0.57794434,0.59685004,0.6076693,0.5816708,0.59526587,0.5962222,0.5905939,0.59955466,0.6096966,0.61489034,0.5878061,0.60701585,0.5933639,0.5981009,0.6089995,0.59346473,0.5951188,0.59962565,0.6001214,0.6024275,0.59474117,0.5966302,0.59547395,0.6150239,0.5935014,0.6010192,0.59715426,0.5995159,0.60988337,0.60071033,0.603007,0.59538096,0.6194244,0.6001795,0.6107755,0.5979075,0.5998472,0.6000217,0.59883344,0.6140588,0.6095066,0.6039,0.59818393,0.5941436,0.5960893,0.614827,0.59333384,0.614319,0.5897718,0.5773694,0.5987885,0.5836906,0.6048129,0.5912298,0.5995261,0.60010177,0.5830062,0.5832876,0.6049869,0.60685986,0.5802314,0.6183834,0.6066442,0.6023325,0.591366,0.6119087,0.59948695,0.59425825,0.5835757,0.5831973,0.597122,0.60787916,0.58782154,0.59894913,0.59960943,0.5935573,0.6052698,0.59462416,0.61051047,0.5825893,0.5986297,0.59483564,0.600638,0.6045585,0.59343475,0.5912056,0.6008967,0.60652924,0.58443105,0.61512953,0.60929143,0.59466106,0.60185266,0.5877369,0.60745907,0.6083017,0.592252,0.59602314,0.6154643,0.59031653,0.59967315,0.60306066,0.6044634,0.60918933,0.58919865,0.59735215,0.60285074,0.59309685,0.59101856,0.5999006,0.6029504,0.60565436,0.5857941,0.6159938,0.61052114,0.6000579,0.5969434,0.5971751,0.60235363,0.6062903,0.59105986,0.593087
0.6203553,0.6189729,0.62945485,0.6204161,0.6152813,0.6273607,0.6036097,0.6238175,0.61575913,0.62543446,0.6258188,0.61574507,0.6188156,0.6246597,0.614704,0.6392802,0.62224674,0.61570126,0.6265398,0.61409146,0.62622625,0.6240399,0.6184613,0.60421133,0.61117935,0.6142534,0.6116313,0.6153699,0.62018853,0.6231079,0.61043614,0.6262121,0.6296964,0.6127095,0.6119474,0.60784656,0.6262453,0.62034166,0.614481,0.6124571,0.60700685,0.5892744,0.6188638,0.62196815,0.61527985,0.61842453,0.61830777,0.6229904,0.61343914,0.622003,0.6050876,0.6157946,0.60902214,0.61057407,0.6245212,0.61936104,0.6251044,0.62035984,0.61415124,0.62150234,0.6090421,0.6190656,0.6320933,0.62595904,0.6116444,0.63125706,0.60725814,0.6091328,0.6230668,0.6208684,0.60711104,0.6082744,0.61027485,0.6138403,0.61968106,0.6224984,0.6281697,0.6180638,0.63254815,0.62389815,0.60825497,0.61664516,0.60980105,0.6307205,0.6146624,0.6024232,0.61989367,0.62162626,0.63000816,0.6140878,0.6243999,0.6076093,0.6122857,0.60204166,0.6141682,0.61132216,0.6234837,0.6156273,0.6128309,0.6304504,0.63463926,0.61646986,0.6032666,0.62617886,0.61748147,0.6168788,0.6198682,0.6111082,0.6191651,0.62361234,0.6190382,0.6133895,0.62086684,0.6224086,0.63205314,0.6134288,0.62039,0.6105989,0.6181439,0.62392443,0.62047577,0.62589204,0.6291276,0.6006453,0.6239787,0.62520367,0.6165272,0.6152366,0.6209136,0.61923313,0.61791366,0.6155176,0.62247133,0.60776204,0.62287915,0.63390595,0.61066705,0.61941355,0.6087037,0.62857556,0.6089086,0.6183129,0.6080478,0.6078167,0.61157584,0.6106633,0.60328007,0.6179671,0.6321784,0.61435556,0.6163562,0.6201852,0.612592,0.61327505,0.6119163,0.6281356,0.6092274,0.6201374,0.61284995,0.60523313,0.6141261,0.6215054,0.6026951,0.6232566,0.6293243,0.6036319,0.6229723,0.6164928,0.6091157,0.6367242,0.6006505,0.6268308,0.62917256,0.602137,0.6055848,0.61320984,0.61395967,0.6184927,0.62286603,0.6199684,0.6104438,0.62984014,0.6023068,0.60952526,0.6140036,0.6152443,0.59450984,0.6288332,0.6047937,0.6159552,0.5990993,0.61556107,0.6111715,0.62791044,0.6120148,0.61069894,0.6226839,0.6116273,0.61180955,0.62808585,0.59860325,0.6138931,0.610989,0.62145257,0.613942,0.6297839,0.6161943,0.6274904,0.60687214,0.61201954,0.6099801,0.62319684,0.6109485,0.608378,0.6096737,0.6092935,0.6103061,0.60970664,0.61179674,0.61070615,0.6091306,0.61982954,0.6194823,0.6216209,0.61358726,0.6185032,0.6149212,0.62764966,0.62431645,0.61841387,0.6150537,0.6218631,0.61173654,0.6278229,0.59538496,0.620312,0.61286944,0.6185164,0.62077165,0.5922616,0.6239495,0.6125626,0.6120739,0.61225176,0.6230067,0.61413723,0.60091054,0.62311757,0.6145022,0.6071638,0.6189685,0.60461354,0.6146188,0.5990381,0.6124134,0.610123,0.59239,0.6079964,0.61995345,0.6068403,0.62259185,0.6225741,0.61388046,0.62014425,0.61365414,0.6113091,0.6177271,0.5882136,0.6162959,0.6148199,0.608731,0.6107014,0.600481,0.60914016,0.6108801,0.62067103,0.6122282,0.6244081,0.6096851,0.5998626,0.61892307,0.6210463,0.6133321,0.61341894,0.61981654,0.61021787,0.62187254,0.61956495,0.60017896,0.61887,0.6164533,0.61204517,0.6154708,0.615604,0.6170372,0.6045941,0.6314397,0.62431705,0.60701454,0.62228507,0.6265415,0.61761075,0.61095977,0.61480856,0.6388887,0.6280746,0.5987088,0.6288731,0.59909886,0.618828,0.6245364,0.61217064,0.61075723,0.61914414,0.6183664,0.6192488,0.6106358,0.62118834,0.6240466,0.61592174,0.61448073,0.5980046,0.6160153,0.61265576,0.6123205,0.62389785,0.6032279,0.62536395,0.6214478,0.6204782,0.6089079,0.60590225,0.6198153,0.6274258,0.61801213,0.62457633,0.62476075,0.606054,0.6188146,0.6302392,0.6120936,0.64788944,0.6186829,0.60418814,0.6184187,0.6164299,0.6228822,0.6111116,0.6181085,0.622538,0.62911034,0.61354953,0.6259844,0.61850536,0.6161288,0.6159737,0.61432964,0.61755383,0.6157126,0.6226919,0.6265733,0.62255955,0.6299356,0.61344457,0.61611235,0.61681026,0.6084232,0.61069036,0.61614794,0.6109592,0.6130819,0.61779815,0.61110985,0.61529046,0.6135551,0.61093026,0.60213685,0.61634785,0.6217291,0.619923,0.61786497,0.606914,0.60905963,0.6177642,0.6239203,0.61357147,0.6186016,0.6107788,0.6072837,0.6086574,0.6214602,0.612496,0.6149964,0.6119417,0.6091407,0.6119871,0.6163125,0.62133116,0.6017881,0.6215671,0.61563194,0.6250089,0.62317646,0.6203857,0.6066484,0.6042769,0.6117463,0.614704,0.6051324,0.6251446,0.6134679,0.6130495,0.6012411,0.6123484,0.61538714,0.6259201,0.60217977,0.60816985,0.6227416,0.604833,0.6021989,0.6074995,0.63396364,0.59930253,0.6122605,0.6048581,0.6052894,0.6190728,0.62222224,0.5913119,0.6243388,0.615442,0.61090946,0.6171067,0.61059105,0.61625683,0.6259104,0.6121021,0.61846125,0.6106646,0.62540483,0.6065948,0.6171152,0.6127297,0.59861106,0.61751956,0.61016655,0.6253245,0.6094897,0.612373,0.6232912,0.62820804,0.61428756,0.6223648,0.61883265,0.6241434,0.60858405,0.6307859,0.6200949,0.6054449,0.61167926,0.61697584,0.60263926,0.62423086,0.6221403,0.61967486,0.6294118,0.6136163,0.6047439,0.61515397,0.6231913,0.62237865,0.60313976,0.6036498,0.6175083,0.61947775,0.622967,0.6045422,0.6311256,0.60467595,0.6189053,0.6064854,0.60818243,0.60746956,0.6242866,0.6297197,0.62399226,0.633496,0.6183881,0.5989618,0.6124724,0.6023963,0.6145086,0.61696064,0.6181169,0.6161114,0.6232814,0.61873794,0.6282808,0.5980214,0.6150249,0.6229854,0.61736786,0.6194318,0.61796236,0.60885084,0.6324165,0.6217884,0.62766165,0.6084545,0.6279152,0.5979048,0.61722904,0.5996806,0.6132205,0.6156579,0.6097518,0.61487967,0.6280359,0.63303274,0.60311294,0.62898564,0.5986216,0.61927253,0.63639265,0.6325875,0.6276766,0.62251943,0.606292,0.6253381,0.61026263,0.6146535,0.60891294,0.60509247,0.6206218,0.6109261,0.62636745,0.6011176,0.6267991,0.60324645,0.62058467,0.6128543,0.61029154,0.61196667,0.60635555,0.61470515,0.6193707,0.6093071,0.6074194,0.6140744,0.63170487,0.6207187,0.61684626,0.61261517,0.6134788,0.61690915,0.60580677,0.60128945,0.61713165,0.6085165,0.62319446,0.60250807,0.6069484,0.6151483,0.61784995,0.607086,0.6233239,0.60945576,0.6243493,0.63625443,0.60903233,0.60773677,0.6129417,0.6094593,0.6150305,0.61825716,0.61111253,0.6058687,0.61883837,0.6105135,0.618944,0.62035304,0.62348783,0.60006076,0.61067045,0.60491747,0.61978346,0.61117065,0.62056786,0.6244902,0.61403,0.6030873,0.6141822,0.61179787,0.62043643,0.6022119,0.6261605,0.61407465,0.6136573,0.6066629,0.61065215,0.62626344,0.64384437,0.6306812,0.60469735,0.6059539,0.6033715,0.6062064,0.62792236,0.61607325,0.61350507,0.60610706,0.62981737,0.6081911,0.5973719,0.60990024,0.61528957,0.6147897,0.62711734,0.62695634,0.6158913,0.62927145,0.60685873,0.6092326,0.61971045,0.6005605,0.6108097,0.6140102,0.6020378,0.5981483,0.62222815,0.6191793,0.62017953,0.6188831,0.6080541,0.61065465,0.61648893,0.5931332,0.6118912,0.6142134,0.61721563,0.6056684,0.60884213,0.62720716,0.6164583,0.6183782,0.6096088,0.6058869,0.59843487,0.623191,0.6226017,0.61691785,0.630081,0.62438923,0.6202766,0.61149126,0.615701,0.62218136,0.6156335,0.62879914,0.61506116,0.60417527,0.6183517,0.6208575,0.6162154,0.61419207,0.6088074,0.5945839,0.6033247,0.6133237,0.6145547,0.6178856,0.6248051,0.61398375,0.61579967,0.61225176,0.6034622,0.61150956,0.5947073,0.61536366,0.6160131,0.6096476,0.60447127,0.606278,0.61333835,0.6356833,0.63293684,0.6116736,0.6269326,0.6111454,0.62291646,0.6439454,0.61572963,0.6055482,0.61472696,0.6004582,0.6230872,0.6058821,0.619109,0.60781556,0.62664366,0.62097967,0.60677654,0.60462964,0.63407624,0.61289185,0.6060401,0.61775655,0.6096763,0.61264884,0.60395426,0.6253853,0.62978244,0.6191566,0.6156856,0.62256634,0.6116911,0.6203897,0.62448716,0.61215186,0.63130254,0.6117627,0.59941363,0.6056324,0.6251153,0.6203192,0.62590164,0.61990714,0.6091979,0.6164469,0.61324185,0.633035,0.60699147,0.61624074,0.6109452,0.6337822,0.6318518,0.61276734,0.61126673,0.6057825,0.6086741,0.62068224,0.6249032,0.61735284,0.60008055,0.62925494,0.613167,0.62782586,0.6380654,0.61734575,0.62171865,0.6063538,0.62388474,0.6120057,0.61083055,0.62397254,0.6116115,0.6188538,0.6133298,0.6161546,0.6180407,0.6293235,0.6126367,0.62511003,0.6115553,0.6252423,0.6092997,0.61991996,0.6048418,0.62790865,0.6077434,0.6346181,0.62168664,0.62777734,0.61505723,0.62320524,0.61968654,0.6195079,0.60143393,0.6122623,0.61476356,0.6248702,0.6216645,0.61902046,0.6188804,0.61358416,0.6134153,0.61552835,0.60494506,0.61017144,0.6207245,0.6238306,0.6113374,0.62162274,0.62752074,0.6152793,0.6226462,0.63749254,0.60348904,0.6064198,0.60755765,0.6262837,0.6213482,0.6259932,0.61795086,0.623483,0.620407,0.63145167,0.62316126,0.6068393,0.6041274,0.6496264,0.6216347,0.6163913,0.6142013,0.6165296,0.60813606,0.6254628,0.62902397,0.6111133,0.61883867,0.6080815,0.6137684,0.6211863,0.6192771,0.61746246,0.61925906,0.62660575,0.6145821,0.61944187,0.6101064,0.6128556,0.62432295,0.6068246,0.623419,0.61366767,0.6181782,0.61752146,0.6106767,0.5992825,0.6218673,0.6147623,0.6299613,0.6231292,0.6122466,0.6193799,0.605437,0.62360156,0.611878,0.6174684,0.62267894,0.6135237,0.6111503,0.6175416,0.6130595,0.6236113,0.6206571,0.60884494,0.62574196,0.6188732,0.61761886,0.6196738,0.6093232,0.6136083,0.61281043,0.6142767,0.62412214,0.611737,0.6178038,0.6192197,0.61532444,0.651065,0.62724656,0.6112943,0.6107569,0.6183157,0.60015744,0.6260618,0.6140728,0.60627174,0.6155771,0.59798723,0.6154294,0.6167332,0.6034195,0.6199666,0.618182,0.6222522,0.6109636,0.6141399,0.60929817,0.6087915,0.6081906,0.610318,0.60169065,0.6112712,0.6263017,0.6227894,0.6076098,0.6160929,0.6242934,0.6103231,0.6256721,0.62388796,0.59684986,0.6166511,0.62930006,0.61916804,0.6178749,0.61075664,0.6226914,0.61323637,0.60658956,0.613495,0.6274591,0.60655564,0.6217683,0.62105936,0.63101083,0.60820204,0.61148405,0.6108189,0.6127736,0.6281644,0.617435,0.6188763,0.5933569,0.60754436,0.6157482,0.61623424,0.62249124,0.6114953,0.6248112,0.615451,0.5993716,0.60076123,0.613038,0.6147011,0.6084429,0.60840666,0.6199756,0.6079223,0.6054077,0.6125965,0.6138106,0.6109991,0.6039053,0.619343,0.6087542,0.6100851,0.6120967,0.6119034,0.6192585,0.61043537,0.6134157,0.60771984,0.613064,0.609005,0.62993705,0.6065378,0.62083435,0.6135642,0.6173497,0.6065044,0.63249207,0.6114392,0.617027,0.62470573,0.61448896,0.61579686,0.60752,0.60585195,0.6136801,0.6207291,0.60073084,0.61106986,0.61071694,0.60530585,0.6260988,0.6116952,0.62051255,0.6170101,0.6017097,0.6054735,0.6278068,0.6149868,0.6068602,0.6168092,0.60976535,0.61399436,0.6076897,0.6165024,0.6136127,0.6182293,0.6258487,0.6194707,0.62627053,0.6221039,0.6140361,0.6168106
0.7393962,0.7309741,0.7523527,0.7199481,0.7509607,0.73882914,0.7284616,0.7394289,0.73107666,0.7417023,0.7450534,0.7276328,0.7416152,0.7166578,0.7416493,0.73999846,0.73568314,0.74561113,0.73045284,0.73956734,0.732664,0.74089086,0.73694104,0.7446297,0.7412197,0.7457384,0.7341639,0.7480085,0.73307014,0.7279657,0.7288144,0.7440168,0.74677753,0.732436,0.73686594,0.7253822,0.736863,0.74827516,0.72646165,0.73892725,0.7412464,0.72681284,0.72299725,0.732857,0.73263705,0.7364932,0.73000515,0.7287529,0.7276662,0.7374227,0.7365451,0.743841,0.73526424,0.73264885,0.7325346,0.7363005,0.73752165,0.7236468,0.7403878,0.73675895,0.73854345,0.7397524,0.7327481,0.7327503,0.73645747,0.7355041,0.7181472,0.74729466,0.7479353,0.73364913,0.7304578,0.7554327,0.7454396,0.7227166,0.72720414,0.73951364,0.7226264,0.73277366,0.7399059,0.73758084,0.7415051,0.7319453,0.7434169,0.71619666,0.73718613,0.73767793,0.73471785,0.73963374,0.73183024,0.7421573,0.7170866,0.7328847,0.72474927,0.74831104,0.71574825,0.73786116,0.733032,0.7325181,0.72728133,0.75227535,0.7500072,0.74003386,0.731191,0.7386861,0.7241923,0.7300529,0.72040755,0.7316694,0.7481573,0.7418462,0.7400953,0.75047654,0.7342542,0.73687965,0.7372193,0.74251825,0.74926037,0.72932756,0.74083817,0.73533356,0.74268675,0.7271384,0.7331903,0.73977727,0.72490317,0.7475536,0.74290717,0.7357736,0.72355247,0.735587,0.73968846,0.7335578,0.7285455,0.73543984,0.732782,0.7310902,0.75376403,0.71323663,0.72872007,0.7310392,0.7359712,0.7441522,0.74082845,0.74081457,0.7553693,0.73267686,0.72753674,0.7346972,0.7369935,0.7296151,0.7286311,0.7377189,0.72219306,0.7473881,0.727877,0.73599154,0.7336837,0.7448172,0.75238585,0.74009323,0.73900384,0.72217447,0.7328113,0.72878355,0.7265604,0.728554,0.72103333,0.7359949,0.7497873,0.7534063,0.7351554,0.7317294,0.7317659,0.74172366,0.7429365,0.735693,0.73832685,0.73653287,0.7442351,0.72027105,0.7366452,0.7348176,0.7283537,0.7407951,0.7205326,0.732766,0.7339767,0.7410889,0.7436042,0.7295473,0.7233382,0.74064857,0.7265275,0.7505488,0.7229269,0.7305686,0.7258042,0.73716146,0.75380594,0.74290615,0.7226697,0.72751796,0.73488235,0.7355631,0.72688663,0.7428403,0.72378886,0.7385668,0.7468748,0.7315089,0.736853,0.73777753,0.72734183,0.7226508,0.73971385,0.7204079,0.721773,0.7441726,0.7362226,0.7514998,0.7323957,0.7258029,0.72592235,0.7385222,0.73126554,0.73540527,0.73189455,0.73711634,0.72736496,0.7197579,0.7308834,0.7421188,0.7376101,0.72871625,0.7297567,0.726978,0.73225033,0.7467513,0.7323069,0.7350763,0.7387818,0.7297544,0.7397294,0.7367006,0.74130094,0.73621655,0.7344866,0.7404171,0.7351993,0.7338433,0.742712,0.7299512,0.73102564,0.74859744,0.74657077,0.72532797,0.72525954,0.7290788,0.74939406,0.7249822,0.7414249,0.7424536,0.73799133,0.7567501,0.73763454,0.7383883,0.73930734,0.7290225,0.7485404,0.7353299,0.7337375,0.73688096,0.72208434,0.7257112,0.74667114,0.7380126,0.726684,0.7381822,0.7431424,0.733021,0.73933977,0.7255826,0.73216724,0.72361845,0.750072,0.74086607,0.7383318,0.731336,0.7356809,0.73393816,0.72760224,0.73109823,0.7169361,0.7293158,0.7356404,0.72867024,0.7410289,0.73195285,0.7383759,0.73349273,0.7385848,0.7467805,0.7385446,0.7187778,0.7435079,0.73524594,0.74018836,0.7430638,0.7274755,0.7378613,0.73455435,0.7259616,0.73390794,0.74740523,0.73856956,0.7241941,0.721103,0.7291063,0.7387047,0.7160726,0.7263545,0.7351374,0.74348146,0.7431209,0.72324157,0.717001,0.7449582,0.73997986,0.7487901,0.72675294,0.7479369,0.7290812,0.7246816,0.7346118,0.7338579,0.74606675,0.73542553,0.7405082,0.73167306,0.7311046,0.7396816,0.74745154,0.7341451,0.7308002,0.7218521,0.7443554,0.7305484,0.72865415,0.72859216,0.74223465,0.7577154,0.74255913,0.74847454,0.72535473,0.7308446,0.73548186,0.72880113,0.7306219,0.7464849,0.73296624,0.7341825,0.74324715,0.7263654,0.7411019,0.7249334,0.71533704,0.7134851,0.7505425,0.7354105,0.74283636,0.75405574,0.7318871,0.73205453,0.7210863,0.7279314,0.73868567,0.74356085,0.72109884,0.73287225,0.7331851,0.73375195,0.7256517,0.7401979,0.7292761,0.7338273,0.70584273,0.7432014,0.73661286,0.7446374,0.7337574,0.73527867,0.73595876,0.72657084,0.73952,0.7200548,0.73681045,0.74386096,0.7452345,0.7287985,0.7257179,0.7402207,0.72890246,0.7444746,0.73789495,0.7283276,0.742296,0.7283502,0.74126256,0.73589057,0.73337054,0.74647975,0.7322178,0.7400079,0.73822504,0.7379695,0.7485074,0.71986353,0.719231,0.7305981,0.7318274,0.72907674,0.74607426,0.7494578,0.739932,0.73149145,0.7384981,0.74704534,0.73554987,0.74057966,0.72409844,0.72543555,0.7157059,0.73310673,0.73005956,0.7237999,0.74092525,0.73797643,0.7211291,0.7428314,0.74693036,0.72592556,0.7397208,0.72421867,0.74795073,0.7409684,0.7425735,0.7250403,0.7268325,0.73801464,0.72564214,0.7473321,0.7361626,0.7402871,0.73599356,0.7257653,0.7511414,0.7333224,0.72680837,0.72733134,0.7177168,0.71281016,0.7495413,0.7317039,0.72756577,0.7235471,0.7363927,0.7465705,0.75130093,0.72388583,0.73329127,0.7489446,0.73173046,0.71983093,0.73005277,0.7268965,0.7348649,0.74208117,0.7232834,0.73608977,0.74234843,0.73499644,0.7386232,0.7440981,0.73249006,0.7342626,0.73303473,0.7410941,0.74353933,0.7377014,0.72842693,0.729241,0.7276095,0.745985,0.72966546,0.730731,0.7352032,0.74756855,0.742914,0.72480494,0.73841363,0.72961915,0.73543346,0.7426872,0.72012395,0.72376674,0.73735,0.75772303,0.7425301,0.72887486,0.7169386,0.73306257,0.73792946,0.74914724,0.741245,0.73666656,0.74760383,0.72211635,0.7276724,0.7355896,0.7477538,0.74117863,0.7267258,0.7218891,0.7417101,0.7218423,0.7322103,0.72188836,0.7181737,0.7399699,0.74976623,0.74162585,0.7380863,0.7438227,0.7307294,0.7355768,0.73811674,0.75266224,0.72879857,0.72153527,0.7448951,0.73548156,0.7396539,0.7406968,0.7303542,0.74581826,0.73033774,0.75424075,0.72494453,0.7299631,0.74152136,0.740502,0.74216807,0.7419409,0.7328948,0.740904,0.73970485,0.742275,0.7336704,0.74499106,0.7498788,0.7248568,0.73379326,0.74701387,0.73157656,0.73939866,0.73651075,0.75002986,0.7396137,0.7461299,0.72625923,0.72637635,0.7225876,0.736604,0.73151946,0.74587816,0.7178459,0.73236215,0.7202379,0.72806454,0.72849715,0.732721,0.72236866,0.7387248,0.74432886,0.7341292,0.7386627,0.7414556,0.72791183,0.73688686,0.7452676,0.74429727,0.7242249,0.74574685,0.7330007,0.7510355,0.7356952,0.7280898,0.7184686,0.724923,0.7234637,0.7328432,0.7277112,0.736025,0.7173665,0.7347356,0.7257775,0.7455262,0.7267356,0.7154351,0.72190815,0.73208135,0.7202423,0.73169845,0.7322683,0.71113515,0.73975515,0.73536843,0.73264784,0.73260313,0.7311121,0.7358988,0.759185,0.73896074,0.7458348,0.73405856,0.72652394,0.7204433,0.7448368,0.75044394,0.7316882,0.73017025,0.736032,0.74451363,0.7345593,0.7407713,0.739666,0.7237939,0.74353015,0.73105556,0.73722225,0.7377989,0.7238676,0.7376881,0.72803146,0.7361611,0.7471594,0.73207116,0.73194253,0.7359778,0.7469771,0.73209846,0.7468587,0.73217624,0.73907983,0.74156725,0.7443761,0.7208136,0.7420894,0.7328498,0.7307741,0.74226266,0.7341443,0.7368086,0.7276164,0.7379,0.747926,0.74283665,0.73497486,0.7374835,0.7190611,0.73603165,0.7419644,0.7364252,0.7235756,0.741967,0.7365221,0.7341109,0.7349236,0.73858756,0.7204865,0.72558063,0.73830265,0.74788487,0.7340528,0.7318022,0.73989844,0.73518807,0.72264147,0.7342091,0.7569743,0.75352246,0.744745,0.7283398,0.7275705,0.7433068,0.72698677,0.7334699,0.7331719,0.7300211,0.72193414,0.73459035,0.7454018,0.7262763,0.7345118,0.71832705,0.73286426,0.72139674,0.7279525,0.7367463,0.73524386,0.7540365,0.73057735,0.74598116,0.74157083,0.7231664,0.7444524,0.7348022,0.7467616,0.73000383,0.73461723,0.7461405,0.7265214,0.7356351,0.7319769,0.7522752,0.75013757,0.73879325,0.7380148,0.72348434,0.7302804,0.74021864,0.76474535,0.73261285,0.721726,0.7290143,0.7391261,0.7371811,0.7320849,0.7302628,0.7361129,0.7456575,0.73581326,0.7467847,0.74530333,0.73334146,0.7354479,0.74901456,0.74232256,0.74466634,0.74276114,0.740492,0.7135568,0.72654426,0.7334766,0.7494112,0.7335302,0.74165463,0.73666924,0.73346096,0.74593645,0.7246849,0.73130697,0.73553634,0.72868663,0.7408205,0.7380314,0.72392374,0.73230505,0.73656607,0.7326289,0.7436883,0.74953514,0.7415002,0.7489625,0.7353223,0.7273846,0.73660886,0.73180073,0.7406315,0.71243435,0.7296984,0.73363924,0.73416567,0.7326825,0.7256091,0.73687625,0.74883306,0.7336905,0.72631556,0.7343629,0.7398526,0.74043125,0.7190174,0.71773213,0.74006075,0.7261197,0.74160767,0.733785,0.74067605,0.7304127,0.7264762,0.7399976,0.71988934,0.72519153,0.72672015,0.72413933,0.73334163,0.7285882,0.7248388,0.7419374,0.73065156,0.7345541,0.74984825,0.7435158,0.7377381,0.74344975,0.7213609,0.7238277,0.7409084,0.7375864,0.73590124,0.72201866,0.7305819,0.7400459,0.741357,0.7395554,0.7395657,0.7291298,0.729383,0.74846804,0.73870784,0.74440724,0.7324529,0.73933023,0.7257249,0.7359496,0.7343441,0.74126005,0.73817813,0.7246852,0.7392301,0.73002034,0.7333777,0.74641716,0.7319185,0.7411998,0.73486406,0.73292476,0.736324,0.7346447,0.72570914,0.73145306,0.71914464,0.72296035,0.73331183,0.7461479,0.7279681,0.7308109,0.73712325,0.7380053,0.73849726,0.7271873,0.73489493,0.73440385,0.7368743,0.7370117,0.7242294,0.7392118,0.73084414,0.7306575,0.7429958,0.7459847,0.736738,0.7271264,0.7443993,0.7250272,0.7245545,0.74908686,0.7303106,0.7286669,0.7345276,0.7361238,0.7474401,0.739657,0.72550315,0.7192645,0.73263294,0.73011065,0.7415046,0.73631483,0.7456733,0.7356629,0.726639,0.7263288,0.7382352,0.72759086,0.7323436,0.7386208,0.7390055,0.74142575,0.741791,0.73386395,0.7414138,0.7578776,0.730863,0.72939044,0.7308506,0.7445501,0.7326674,0.73997355,0.7396169,0.74427134,0.7378448,0.7264582,0.73271173,0.7319719,0.73334527,0.74157387,0.7564222,0.7507266,0.7561892,0.7436465,0.739629,0.7342225,0.7456417,0.7385493,0.7361062,0.73245424,0.7427504,0.7486252,0.7391489,0.71869534,0.7343163,0.7232933,0.7283342,0.7337139,0.74688774,0.74507076,0.73998225,0.734397,0.7193389,0.7344255,0.73228484,0.7308086,0.73983103,0.73740804,0.72186726,0.7299462,0.7304988,0.7243688,0.73107135,0.73234886,0.73545796,0.73407483,0.7292175,0.7331449,0.72677416,0.7391777,0.7443668,0.7275463,0.7272407,0.74529123,0.7394404,0.73753184,0.7150303,0.74357736,0.73862875,0.7364142,0.7252666,0.74824053,0.721059,0.7283197,0.7407407,0.73478,0.7510988,0.74535114,0.72451323,0.74821174,0.73719513,0.73420066,0.73275447,0.73471266,0.73113316,0.7335035,0.7454409,0.7285082,0.7566778,0.7338682,0.73128355,0.71898544,0.726745,0.7272977,0.737022,0.74708825,0.75477517,0.72612834,0.73606074,0.7267025,0.72744477,0.73947436
0.76175785,0.74478555,0.7613228,0.75073195,0.7542451,0.76133984,0.7436838,0.7610873,0.74536705,0.7442118,0.76745737,0.74515975,0.7589066,0.75202215,0.7571822,0.7427012,0.7407608,0.7524623,0.7388828,0.75614136,0.75661397,0.7511964,0.7414174,0.74904203,0.7398212,0.74153066,0.75756633,0.753369,0.72992754,0.7481476,0.7374657,0.7591795,0.75278926,0.7463858,0.754539,0.7402515,0.7530017,0.7568801,0.7584888,0.7421102,0.75812185,0.7334374,0.7406045,0.75698644,0.7292375,0.7533417,0.73286116,0.74354386,0.7532734,0.7567997,0.74945086,0.74400485,0.7447593,0.75177205,0.74351704,0.755375,0.76469576,0.75664353,0.7554704,0.74873483,0.7383933,0.7424592,0.7435983,0.73175895,0.7552388,0.7594521,0.7277849,0.7401633,0.7496659,0.7446574,0.7425857,0.7406053,0.75781745,0.74461913,0.74100626,0.7533267,0.74636614,0.7396818,0.75695944,0.76262033,0.7473712,0.75204813,0.75271857,0.7369097,0.7649036,0.7489696,0.7536519,0.7519595,0.7476702,0.74107105,0.7490897,0.74922514,0.74485886,0.7609238,0.7429196,0.7456312,0.7520104,0.75431645,0.7328785,0.768849,0.76349473,0.73667777,0.7401373,0.75819856,0.75005794,0.74001896,0.7519167,0.74398005,0.765933,0.7651975,0.74958634,0.76306164,0.7581036,0.7421183,0.7448571,0.73941964,0.7460267,0.741976,0.7597928,0.7499203,0.7363383,0.7418314,0.7561054,0.7498401,0.7413167,0.7494194,0.7517293,0.74766546,0.7433675,0.7514328,0.7527796,0.75247574,0.7319801,0.7468541,0.74232084,0.7423769,0.756066,0.74209964,0.7414862,0.7408976,0.73928434,0.7464859,0.73496264,0.75004864,0.76913875,0.73700917,0.7482724,0.74492717,0.74943906,0.74744207,0.7471782,0.7546852,0.73534995,0.750312,0.733535,0.75338995,0.7485886,0.7445729,0.75668746,0.7499105,0.7575103,0.747471,0.7419391,0.74613345,0.7561772,0.74784106,0.73209286,0.7309147,0.7397634,0.7582147,0.73042756,0.74259406,0.741991,0.7466713,0.748073,0.7551545,0.759278,0.7585524,0.747922,0.75198674,0.7374931,0.74079984,0.7464603,0.75087476,0.752785,0.75607103,0.7506369,0.75657266,0.74730784,0.74006164,0.7406383,0.7435061,0.73897517,0.7576889,0.7433158,0.7464608,0.7428323,0.74022335,0.7623541,0.76662093,0.7485569,0.75095284,0.74462795,0.74031293,0.74197054,0.73556995,0.74438447,0.7484499,0.7595523,0.7432969,0.7492442,0.7474732,0.74309283,0.736113,0.75120765,0.7450262,0.73413825,0.7577665,0.74184173,0.7493543,0.73789006,0.74832976,0.7480329,0.7518025,0.7526687,0.739668,0.7443172,0.7496637,0.7436134,0.7362671,0.74479455,0.75133955,0.74118733,0.7463093,0.75526917,0.74906015,0.74394447,0.7616739,0.7499546,0.7418789,0.73696417,0.74079293,0.75245786,0.74053097,0.7345965,0.7611102,0.743975,0.7434404,0.7458853,0.74768627,0.75742346,0.7574085,0.7600637,0.7565373,0.7377763,0.7320917,0.74557143,0.74061614,0.7454468,0.7576156,0.75752544,0.75185865,0.75101477,0.7590161,0.7550882,0.76038617,0.7510209,0.7423226,0.7527683,0.7252015,0.74284023,0.7563875,0.7418865,0.75133437,0.7381107,0.7486823,0.7482711,0.7451871,0.7570043,0.72721505,0.76198065,0.7425236,0.76003486,0.7445397,0.7559015,0.7544918,0.7520337,0.75801796,0.7485194,0.7406705,0.74534124,0.7456761,0.7441071,0.7443224,0.74913436,0.7427347,0.73857033,0.7563846,0.750009,0.74044305,0.7494418,0.73755425,0.7384424,0.7387973,0.7515454,0.7481382,0.7440498,0.75082403,0.73517954,0.75327957,0.7331673,0.74745405,0.7562176,0.75463575,0.75240743,0.7380755,0.7248583,0.755084,0.74666214,0.7353574,0.75107896,0.73928726,0.7465407,0.75428116,0.74019456,0.7506872,0.73232824,0.7442045,0.7558434,0.7434503,0.7495143,0.74443483,0.7370468,0.75042105,0.74289227,0.75616443,0.7493209,0.75238585,0.74537235,0.7498631,0.75364876,0.7640891,0.7504556,0.7446855,0.74807316,0.75267994,0.7472226,0.7455325,0.7459893,0.7485317,0.75809306,0.75481576,0.7588341,0.75124335,0.74843055,0.7665986,0.733395,0.7390794,0.7624599,0.75028443,0.73650396,0.7574501,0.73737454,0.7683369,0.73913103,0.73152757,0.7321524,0.75541747,0.7458649,0.7557343,0.75476664,0.74552995,0.76349866,0.7242539,0.74936086,0.7492228,0.74697345,0.74254984,0.73903906,0.76574624,0.7379824,0.74721545,0.7407131,0.7565733,0.73483497,0.7423408,0.75642663,0.7545551,0.76142853,0.7476407,0.74868655,0.7452048,0.74808884,0.7565911,0.7414433,0.74056923,0.7506545,0.75392514,0.7504415,0.7391561,0.76146746,0.75451636,0.75458497,0.7558442,0.7375921,0.7533585,0.73420185,0.7645162,0.7442999,0.74009883,0.7413868,0.74189997,0.75183934,0.75223297,0.7584809,0.74300325,0.73423564,0.7338404,0.741579,0.758554,0.7449086,0.74079645,0.7595895,0.7532937,0.74454993,0.75070834,0.754258,0.74262875,0.748998,0.74102306,0.7345195,0.7396479,0.7513717,0.7497943,0.74233943,0.7575541,0.75012016,0.7522489,0.74631673,0.75843567,0.7549636,0.7467839,0.74038845,0.7448055,0.7463776,0.75517815,0.7413755,0.75263,0.7472839,0.7372223,0.7509346,0.74153686,0.75520056,0.7550955,0.7378226,0.75250345,0.75157046,0.74610096,0.7442347,0.7304743,0.7433121,0.7700612,0.747474,0.7429838,0.74271566,0.7395213,0.7578541,0.76688266,0.74581265,0.7447544,0.75621,0.7530686,0.7322923,0.7447586,0.73358905,0.7529714,0.75208145,0.73394567,0.7504679,0.7523289,0.75251454,0.7427735,0.75062025,0.7333873,0.73979604,0.74043596,0.7474781,0.753857,0.74089277,0.7379699,0.7414914,0.7397222,0.7482415,0.7558541,0.7498455,0.75189966,0.75418603,0.7417898,0.7262928,0.7463291,0.74082893,0.75053376,0.76158595,0.75009954,0.73782897,0.75611436,0.7575193,0.7614869,0.74714416,0.74060106,0.75797474,0.7388359,0.73974264,0.74790883,0.7478416,0.750101,0.73496103,0.7499403,0.7509961,0.75453866,0.75039095,0.75821036,0.7214048,0.7509715,0.74568295,0.7489872,0.7422272,0.7584994,0.7448239,0.76207834,0.7437075,0.7430323,0.7756124,0.752842,0.7437966,0.7536308,0.76263446,0.74760246,0.7438834,0.753873,0.7416991,0.75132006,0.7404214,0.7457276,0.7379353,0.7435098,0.7427347,0.7400567,0.758399,0.7484596,0.7583363,0.7655099,0.7507046,0.7485349,0.7449558,0.74638915,0.7408115,0.7504923,0.7461495,0.7627734,0.74307984,0.7394733,0.74236435,0.74200505,0.7453295,0.75813377,0.7434166,0.7539645,0.7744395,0.74672455,0.75393575,0.74114853,0.7534225,0.7552186,0.7526523,0.73752964,0.76450735,0.7463595,0.73428214,0.7492816,0.7406024,0.75251347,0.74208856,0.7434876,0.73684824,0.7398065,0.7486342,0.7456349,0.7625153,0.77124316,0.7467242,0.7437377,0.75611657,0.7494439,0.75783795,0.7435289,0.74032134,0.7283901,0.7489596,0.7478397,0.7590838,0.74714726,0.75294465,0.7286712,0.75266993,0.7437558,0.7600713,0.7452566,0.73628855,0.7462043,0.7446523,0.7398504,0.7400813,0.7531647,0.7292057,0.7375669,0.7564155,0.7490469,0.74774015,0.74598426,0.7521427,0.75589776,0.75970876,0.744262,0.75226617,0.7307923,0.72980434,0.7483664,0.73990154,0.74816877,0.7453973,0.75378215,0.74593276,0.73690796,0.75640094,0.7392692,0.745629,0.75359064,0.7529134,0.75506836,0.7470254,0.73582554,0.74745613,0.7475782,0.7545834,0.76320964,0.7617583,0.7450972,0.7500911,0.762266,0.742751,0.7547073,0.76250356,0.7553042,0.74774116,0.75241405,0.73931634,0.7667148,0.74900275,0.7461901,0.7476796,0.74717504,0.7484138,0.74271226,0.750598,0.74625796,0.7509235,0.73947144,0.74651283,0.73232913,0.74926466,0.7643338,0.7433926,0.7511633,0.74706423,0.73699784,0.7540738,0.7468762,0.7477357,0.74470425,0.7401202,0.75006455,0.758994,0.75109947,0.7392119,0.75230634,0.75417584,0.7462629,0.7400789,0.7582125,0.76752,0.75824445,0.74361277,0.7416576,0.76607287,0.74809986,0.7432871,0.7445392,0.73556376,0.73747444,0.7538335,0.7520283,0.7513875,0.75829285,0.74390894,0.7626262,0.74982876,0.7387782,0.74579394,0.74817216,0.7625332,0.7467782,0.76455843,0.740479,0.7584404,0.7563081,0.74845517,0.75068164,0.758489,0.7582247,0.7627294,0.7531188,0.7547456,0.7331285,0.75387573,0.7481909,0.7565733,0.74468255,0.74717945,0.74962324,0.7538823,0.76530313,0.7443659,0.7312367,0.7535982,0.7640577,0.74246395,0.7454383,0.7444451,0.75519377,0.7537858,0.7383449,0.7538479,0.7528286,0.74012923,0.75992256,0.7486923,0.7465983,0.75959474,0.7645209,0.7482406,0.7368243,0.73822725,0.7526846,0.7549257,0.74537724,0.73570794,0.73892486,0.7432213,0.7442659,0.7516812,0.7536054,0.7400121,0.75157887,0.7380963,0.75729597,0.735333,0.7573442,0.7505852,0.7338283,0.75912064,0.7668503,0.7463068,0.746499,0.7392382,0.7490491,0.74395525,0.74157435,0.7500344,0.7229431,0.7542429,0.7447121,0.7572217,0.7276504,0.7454782,0.7379364,0.75484586,0.7549518,0.73117214,0.75018555,0.7590599,0.7468373,0.75271195,0.7364316,0.75602686,0.74501556,0.75194913,0.73724353,0.75281817,0.74113077,0.7365561,0.7663621,0.7349395,0.7400393,0.7466442,0.7348374,0.76025474,0.73697543,0.7435037,0.7567146,0.7544873,0.75470144,0.7607512,0.7558509,0.74417156,0.7506951,0.7383879,0.7415614,0.7552774,0.75773317,0.7623281,0.7438981,0.7491579,0.75415444,0.75051904,0.7456201,0.74855757,0.7447342,0.7437134,0.75883263,0.75083,0.7492174,0.74725527,0.7435127,0.7382851,0.7323138,0.74980015,0.7548854,0.740319,0.74038565,0.74775517,0.7419434,0.7497443,0.7480222,0.74965197,0.7471864,0.7536383,0.7447378,0.7358794,0.7466415,0.76610965,0.7388373,0.7397047,0.7315104,0.7495697,0.76209676,0.750902,0.72910506,0.7636762,0.75197613,0.74043655,0.73084635,0.754136,0.7547147,0.7416758,0.7512288,0.746767,0.7498408,0.74724996,0.7390711,0.7528162,0.7516868,0.76449794,0.7323049,0.7575579,0.7439,0.73813283,0.7564798,0.76026595,0.75089663,0.7471716,0.7449671,0.7519641,0.76592386,0.7349609,0.7390832,0.7519387,0.74331367,0.7377424,0.7511705,0.7545156,0.73267215,0.7375808,0.75876844,0.739456,0.75208664,0.75740457,0.75238955,0.7514253,0.7585941,0.75053984,0.7458418,0.74124455,0.75012034,0.74289894,0.74725187,0.74537385,0.7458839,0.7526012,0.74647796,0.7633621,0.7569124,0.7455284,0.7374929,0.74677086,0.74342304,0.7488076,0.7602197,0.76794326,0.7620859,0.7686375,0.75590134,0.76016927,0.7485324,0.7427811,0.74503505,0.750862,0.74378496,0.75163054,0.75842345,0.7447878,0.74642307,0.7515718,0.7371695,0.75186086,0.7406476,0.7652372,0.7623203,0.7566067,0.74469525,0.7521201,0.7338232,0.74379873,0.7390447,0.7316391,0.7474713,0.72895616,0.75524265,0.7377131,0.7342775,0.7391833,0.7383344,0.74988526,0.7500235,0.74456686,0.7434793,0.7471039,0.7371096,0.75165427,0.74550724,0.7579655,0.7345722,0.74254143,0.7514369,0.743772,0.7468209,0.759786,0.7457422,0.74838334,0.75366735,0.74751216,0.763027,0.74751633,0.7558786,0.7472198,0.75594246,0.7393174,0.7626197,0.752365,0.740809,0.744928,0.73719263,0.7393447,0.74554086,0.7490522,0.74387926,0.75585634,0.7547266,0.75179183,0.73967963,0.7463977,0.74672896,0.7354758,0.759372,0.7673077,0.74672663,0.73974913,0.74657375,0.75047976,0.7480325
0.1472961,0.14611548,0.13857874,0.15318319,0.15155962,0.15432703,0.13462105,0.15404779,0.15813747,0.14918877,0.14274514,0.1577809,0.15252167,0.1436197,0.1498865,0.1602414,0.14408123,0.14463684,0.14700858,0.13584782,0.15964952,0.15053998,0.15411176,0.14061859,0.14375067,0.14245252,0.13016781,0.15325789,0.13780542,0.16960005,0.1335888,0.14046974,0.15375325,0.14538406,0.14090824,0.15352814,0.15957505,0.14728832,0.16366664,0.14933874,0.13874927,0.1400933,0.15103647,0.16514787,0.1474202,0.14758769,0.1534767,0.14963423,0.14058483,0.15007526,0.1496719,0.14571258,0.1384006,0.14112175,0.13297904,0.13825406,0.1558923,0.15339166,0.16245553,0.15616661,0.14998248,0.15296198,0.1607452,0.15280719,0.14612448,0.15255317,0.16223717,0.13887993,0.14800064,0.14498824,0.16528572,0.14584824,0.14918636,0.14465663,0.14765778,0.15496631,0.1513659,0.14308809,0.16061568,0.15954585,0.15264642,0.16255745,0.14909673,0.15798305,0.15025195,0.15169866,0.1547377,0.15441555,0.1565098,0.13990739,0.16409448,0.15126126,0.14177904,0.14519142,0.15153275,0.14625505,0.1598661,0.14237903,0.14595197,0.15732378,0.16380851,0.14073223,0.14077209,0.16015369,0.13695143,0.14817004,0.15244614,0.16211537,0.15879357,0.16454837,0.14691074,0.1495861,0.13906,0.1517083,0.14834708,0.14631172,0.14571205,0.14393194,0.14044335,0.15052265,0.1429375,0.14927208,0.14827575,0.13267423,0.15931669,0.14256215,0.15212056,0.15180095,0.1367388,0.15270379,0.15105578,0.14565068,0.1481877,0.142164,0.16282853,0.15293291,0.14533481,0.15049858,0.15111218,0.1701996,0.14752388,0.15051281,0.14518806,0.14178371,0.16083327,0.14399844,0.13762376,0.15588862,0.16031756,0.14873213,0.15828288,0.1585263,0.15068659,0.14779073,0.14943795,0.15849562,0.13774915,0.14446892,0.14485514,0.14068577,0.1473896,0.16758017,0.13842896,0.15569727,0.15656185,0.15241295,0.15278398,0.1449115,0.13176078,0.14598636,0.14339393,0.1543589,0.16132274,0.13801563,0.14030184,0.14499888,0.16949414,0.15195738,0.15414402,0.1531685,0.13655074,0.14769481,0.14650068,0.15112405,0.1456109,0.15274072,0.14062901,0.16010045,0.14266156,0.15985441,0.14616627,0.15431648,0.15477818,0.14798963,0.16362593,0.13039091,0.13610066,0.14175266,0.15364803,0.14822827,0.14873663,0.15514618,0.15412459,0.1552839,0.14470765,0.16676262,0.13952559,0.15551247,0.14525753,0.14724311,0.13731281,0.16335915,0.15858872,0.14351884,0.1446631,0.16129896,0.14030862,0.13048881,0.14498244,0.14200625,0.1434829,0.15325871,0.1577255,0.14199138,0.15694027,0.14415286,0.14017077,0.15774822,0.14340296,0.15762292,0.15297902,0.16397226,0.14652823,0.16101275,0.1437079,0.15593666,0.13839433,0.15241756,0.15309966,0.13201757,0.14228946,0.13882728,0.14547643,0.14570491,0.16264111,0.14750066,0.1367622,0.14874627,0.13739878,0.14656962,0.14627922,0.14173518,0.1659094,0.14954334,0.15167454,0.14965644,0.13974558,0.15610999,0.142647,0.15027067,0.1576176,0.14247659,0.14575906,0.14254192,0.15259743,0.14418526,0.15095057,0.122778274,0.14488211,0.13241655,0.14571251,0.14336473,0.14007445,0.15124209,0.1340082,0.15782826,0.15629505,0.15236104,0.15125,0.14369635,0.14757667,0.14851637,0.15491337,0.15994969,0.15544963,0.14851278,0.15371431,0.15723942,0.148872,0.15698652,0.16278039,0.14918233,0.13666704,0.13846704,0.14647526,0.14788802,0.1494371,0.15568925,0.15634495,0.14595437,0.14946347,0.15446587,0.15364674,0.15840316,0.16036618,0.16006951,0.14296576,0.14864019,0.14211981,0.15367523,0.14421795,0.15360911,0.13970903,0.1502428,0.14660338,0.15259703,0.14342952,0.14744891,0.1541051,0.15801021,0.16398321,0.1342876,0.14577708,0.13883595,0.15686187,0.15160626,0.13587517,0.15194832,0.15258238,0.13402276,0.15039976,0.14278759,0.15218338,0.15481427,0.15767646,0.15692395,0.14418559,0.15800695,0.14074895,0.15462074,0.14332248,0.163996,0.16596657,0.1390229,0.17120883,0.15607864,0.1416797,0.15372509,0.16099301,0.1505587,0.15048541,0.14643185,0.15401298,0.14838293,0.14595354,0.14122452,0.14397848,0.14887887,0.15423161,0.1493853,0.15728272,0.15191807,0.13723241,0.15026025,0.15480766,0.15365508,0.14411888,0.13928638,0.15682438,0.14055768,0.1546616,0.14065437,0.14530174,0.14959183,0.1493057,0.13931848,0.14405315,0.1550424,0.1435169,0.15975483,0.15139383,0.15865962,0.14729226,0.14874372,0.14947098,0.14250702,0.13980414,0.14490995,0.14129132,0.14830647,0.14210182,0.1661556,0.14131653,0.14769664,0.15169129,0.148094,0.15882105,0.13961364,0.15078977,0.14726609,0.14387959,0.1479104,0.15092027,0.16389583,0.15115988,0.14486438,0.13251972,0.14298414,0.15599936,0.15935792,0.14749813,0.14279453,0.14656767,0.15613079,0.15834565,0.15154907,0.1440276,0.13817759,0.14260061,0.1562843,0.1386568,0.14286244,0.17040035,0.14880744,0.15105575,0.1482114,0.15793934,0.15498115,0.15702401,0.13052817,0.15481238,0.15128222,0.13996762,0.15498266,0.14662182,0.1503692,0.15168032,0.14750674,0.14558111,0.15021014,0.16121057,0.14967147,0.13086091,0.14649038,0.14336811,0.1475843,0.12998892,0.154724,0.14393607,0.15134242,0.14777787,0.16015644,0.14670223,0.16029565,0.15388723,0.15723622,0.14067414,0.15541646,0.1538628,0.14382407,0.14414361,0.14004305,0.14755824,0.15085325,0.16066666,0.15250298,0.15554005,0.14784089,0.14369567,0.14720587,0.14038521,0.16698107,0.15445477,0.14847034,0.16934562,0.15607896,0.13875128,0.13958581,0.15225242,0.13991727,0.14285016,0.14527573,0.15235037,0.15809913,0.15444918,0.15019733,0.15470554,0.1520128,0.14328906,0.15217032,0.14629787,0.14975628,0.13999124,0.14899072,0.1384963,0.15601014,0.15281235,0.14389041,0.14799044,0.13747771,0.1510747,0.13818099,0.16410151,0.15699267,0.15231419,0.14952128,0.15068582,0.15753467,0.15581912,0.14638576,0.14745152,0.15086122,0.14209414,0.121268235,0.14191286,0.12664825,0.15830944,0.13932626,0.1497947,0.14622086,0.15124607,0.16972086,0.1403202,0.14974932,0.15090077,0.16367298,0.15980855,0.16527028,0.14715843,0.15009387,0.135171,0.15875228,0.15922809,0.1467861,0.14502032,0.15821023,0.15750864,0.13667873,0.16282132,0.14537391,0.16097264,0.14232336,0.13697994,0.15284696,0.13471276,0.1437087,0.14357859,0.1428894,0.1502353,0.15835938,0.15813054,0.16068701,0.14744377,0.14790177,0.15184055,0.14184028,0.13070644,0.14113386,0.14327893,0.14229017,0.16265306,0.15496601,0.14814433,0.1502875,0.1641635,0.14459878,0.13557181,0.1498012,0.14812796,0.15387031,0.14300942,0.14483017,0.15628746,0.15350902,0.13898645,0.15206493,0.14539434,0.14507262,0.15061711,0.16071543,0.15561421,0.1541778,0.14873455,0.13371995,0.14791632,0.148302,0.14158219,0.16145694,0.15724798,0.15658867,0.13635214,0.13383397,0.14675866,0.1428533,0.14882314,0.14961192,0.16721933,0.14789279,0.14088126,0.14923549,0.14241023,0.15784022,0.17667831,0.16813405,0.15195738,0.146582,0.14284287,0.13463323,0.16461165,0.14534335,0.15374032,0.15390214,0.14597434,0.14124316,0.13945958,0.14950171,0.14834264,0.14452057,0.16965201,0.15192026,0.14174896,0.15351444,0.13349944,0.1589781,0.14523894,0.14042202,0.14714704,0.15394995,0.14190868,0.1390887,0.14202964,0.13689964,0.14977473,0.14218669,0.13937318,0.1481866,0.13460484,0.1446098,0.14750922,0.15608476,0.1493903,0.15126045,0.1435008,0.15854162,0.15787704,0.14666277,0.14314175,0.1366772,0.14194,0.14840862,0.15539306,0.14848736,0.16854636,0.15526196,0.14030969,0.1519534,0.14370586,0.154568,0.15710932,0.15844636,0.13384052,0.1428653,0.15323135,0.14965625,0.14470753,0.14516008,0.150354,0.14339499,0.12805007,0.14569081,0.14767617,0.16652712,0.15142785,0.14793101,0.16074722,0.15103485,0.13640468,0.15060973,0.14211242,0.14456815,0.16718164,0.13650045,0.14820546,0.14723396,0.15236732,0.15694763,0.16963159,0.14164686,0.13323034,0.13819116,0.1587713,0.1607314,0.15593459,0.13714299,0.15550141,0.14058316,0.15391193,0.14849758,0.15216425,0.14269134,0.16429071,0.15334406,0.15470862,0.1452537,0.1566453,0.1589119,0.13987118,0.15488733,0.15097716,0.13732812,0.14477676,0.15924816,0.1490639,0.15557069,0.15027389,0.14877853,0.15300333,0.14752759,0.15689392,0.13893838,0.16296822,0.1667271,0.14152986,0.1375658,0.16113251,0.14313476,0.15682743,0.14963195,0.15641996,0.15722094,0.15982069,0.14407589,0.14840248,0.14581227,0.15326187,0.16508433,0.14438194,0.157172,0.13730556,0.15045136,0.1451501,0.15394647,0.15216596,0.14501952,0.14986792,0.1532675,0.15267883,0.16382444,0.15582496,0.16833912,0.15558593,0.14280805,0.1621653,0.1530503,0.15699966,0.15927278,0.15318301,0.1545794,0.1411838,0.14855382,0.14698079,0.15067053,0.14751925,0.1622206,0.15791278,0.16015391,0.15061808,0.15392816,0.14643745,0.168149,0.14727458,0.16025169,0.15449446,0.1565315,0.14710447,0.1372373,0.14715621,0.15253007,0.13985851,0.15426692,0.15404575,0.16520798,0.15511377,0.16263133,0.15240699,0.14403278,0.14450982,0.14885911,0.14873227,0.15521498,0.1761961,0.14879404,0.14235565,0.15948455,0.14930311,0.14469889,0.14669786,0.16054249,0.14162037,0.13847041,0.14038366,0.13681915,0.14483082,0.16667163,0.1532674,0.15785576,0.1489005,0.15568198,0.16208322,0.14419277,0.14374186,0.17264971,0.15624888,0.14730702,0.14182474,0.1438009,0.15115216,0.15445451,0.14868492,0.1419946,0.14614263,0.13383691,0.15070832,0.14949076,0.15379426,0.15933631,0.15092537,0.15706183,0.14766744,0.14529245,0.14074239,0.15002166,0.15000723,0.13438998,0.1558159,0.14859447,0.16094086,0.15316382,0.14263763,0.1484493,0.15305844,0.15177798,0.159951,0.1483108,0.14351982,0.15863562,0.15290889,0.14926922,0.14076816,0.15087467,0.15584488,0.15765812,0.14348237,0.15506817,0.14815415,0.14525172,0.16550128,0.1421059,0.15505716,0.14498067,0.1402602,0.145045,0.14445697,0.15255244,0.14670585,0.14927872,0.17081247,0.14064462,0.16433463,0.1499423,0.14755607,0.15550163,0.15517533,0.14556353,0.15111285,0.14316891,0.14562884,0.15665898,0.15914768,0.13984936,0.16094783,0.14883229,0.15674053,0.14872001,0.13745117,0.14543663,0.14672238,0.15495233,0.13697259,0.14741005,0.13276467,0.1455869,0.14763981,0.15584229,0.13630691,0.15052852,0.17011112,0.14369114,0.14513418,0.14252238,0.1495435,0.15652016,0.15886399,0.15496716,0.13577232,0.14919773,0.14941204,0.1436384,0.15237293,0.14956976,0.16469711,0.150404,0.15279117,0.13556601,0.1485669,0.1448855,0.1421555,0.15674254,0.14538562,0.14555708,0.15255426,0.15142137,0.14647608,0.15290618,0.13841555,0.1507442,0.14008163,0.14020479,0.1407781,0.15907386,0.16204688,0.14158088,0.15753266,0.13986865,0.12653823,0.14140698,0.14271839,0.16118212,0.14388745,0.14972632,0.15511185,0.15229714,0.13598469,0.14559032,0.14036962,0.15673558,0.1429059,0.15120448,0.15011336,0.14969888,0.1284568,0.15570071,0.15971313,0.15164928,0.15367323,0.1523592,0.14171626,0.14469723,0.14855476,0.15063685,0.17370346,0.13388237,0.13646917,0.14516956,0.1585501,0.14655653,0.13801165,0.14854898,0.14996812,0.14383867,0.13672447,0.1520376,0.14419857,0.15071158,0.13537046,0.15601903,0.15494691,0.13643536,0.17077495,0.13974917,0.15612122,0.145768,0.13790908,0.14242129,0.16471191,0.14657861,0.1403406,0.1562215,0.14782116,0.1460085,0.14451168,0.15027568,0.14849116,0.15137571,0.16000788,0.14358087,0.15057023,0.16207784,0.14958946,0.15028022
0.9346453,0.9257854,0.9216681,0.914945,0.92675513,0.9309496,0.92177236,0.93152267,0.92478216,0.92216796,0.9192582,0.89927864,0.9097663,0.9202698,0.91752756,0.9152178,0.92322403,0.9233105,0.91747046,0.93262404,0.91299653,0.915166,0.9197476,0.938027,0.9162435,0.93240833,0.92524856,0.92198646,0.91278076,0.9223449,0.9209809,0.9273263,0.91952205,0.9149257,0.9198636,0.9090769,0.93118227,0.92048514,0.9264304,0.920787,0.92667073,0.91621137,0.9152876,0.9205481,0.909495,0.9183191,0.9234399,0.9168906,0.92424387,0.93564886,0.9286586,0.9255895,0.91841704,0.921427,0.911498,0.92637765,0.9297439,0.92347544,0.92016137,0.9103581,0.9120258,0.93265265,0.91977584,0.908453,0.92603475,0.9200195,0.91408706,0.9340643,0.9277633,0.9282328,0.92602885,0.924092,0.92447823,0.9173057,0.9316086,0.9203586,0.9088504,0.9255057,0.9355581,0.9202244,0.9266409,0.901108,0.91665214,0.9132789,0.9288176,0.9251717,0.9231659,0.9283105,0.91818315,0.9096008,0.91839176,0.91097003,0.92710245,0.928122,0.9202861,0.9242895,0.92199105,0.9176356,0.9168587,0.9235605,0.9174594,0.92901725,0.90814036,0.92667985,0.92154783,0.91448885,0.91972005,0.9211081,0.915913,0.9296912,0.9143005,0.9266816,0.9251851,0.92292774,0.9119493,0.9211488,0.91169536,0.91777086,0.9245242,0.91266686,0.915296,0.91854054,0.9201194,0.923097,0.9179145,0.93078214,0.9313439,0.92156017,0.9117818,0.9159816,0.9312192,0.92703104,0.91658455,0.9081236,0.92598957,0.9178612,0.9319557,0.9187714,0.9222875,0.9078521,0.9108044,0.91363096,0.9287957,0.913901,0.9278273,0.91242397,0.93263316,0.92285216,0.9130961,0.9149915,0.9080904,0.91833866,0.904759,0.94153506,0.90891427,0.92120117,0.910848,0.9199519,0.92006624,0.9270298,0.9130011,0.91356564,0.9284899,0.92351663,0.9126746,0.90945476,0.90999264,0.9327786,0.9263865,0.9136264,0.9164137,0.92150736,0.91373014,0.93638736,0.9241067,0.9180545,0.9120082,0.9339197,0.922957,0.93429536,0.92137724,0.9105905,0.9252162,0.92800033,0.92752373,0.920772,0.9260247,0.92688155,0.92293936,0.9195772,0.9285736,0.9237089,0.92411655,0.9324911,0.91006756,0.9235462,0.92107534,0.9302784,0.9219945,0.92195684,0.9163213,0.9180528,0.9240919,0.9059003,0.9147445,0.91064334,0.91823447,0.9124857,0.9290376,0.9251817,0.9233984,0.91864985,0.9332034,0.91959447,0.9303227,0.9136073,0.9233893,0.9202929,0.9246925,0.9185752,0.92783,0.9287535,0.91882735,0.9175803,0.9164698,0.9242382,0.9111375,0.92537373,0.9233734,0.9037827,0.9165461,0.91718364,0.92304987,0.91280335,0.9167422,0.9175621,0.91216576,0.9243794,0.9260038,0.9277799,0.9109452,0.93339777,0.923886,0.9172949,0.90945923,0.91758585,0.91976213,0.9357358,0.93206495,0.93166304,0.9193458,0.93017644,0.92689663,0.9250452,0.9329012,0.92188466,0.9159328,0.91006565,0.9183086,0.9255607,0.92671806,0.91466516,0.9145855,0.9194846,0.9135127,0.92818433,0.9210008,0.9237657,0.9320696,0.9261052,0.9289008,0.9224935,0.9114522,0.9117712,0.90787107,0.91775894,0.92878056,0.92011595,0.92584574,0.91640645,0.92309463,0.9160953,0.91468936,0.921088,0.9255636,0.9184194,0.9223309,0.90799546,0.92500967,0.92232764,0.92786574,0.9337201,0.91049325,0.9113509,0.92614436,0.91409796,0.9206464,0.923012,0.9220477,0.92239183,0.92128426,0.9119838,0.9242425,0.90791035,0.9129565,0.91557586,0.9347499,0.93027616,0.92061514,0.9362574,0.92108816,0.92564046,0.92453814,0.9235958,0.9256398,0.91947436,0.9196486,0.91758865,0.92494696,0.9120086,0.9200342,0.9335781,0.9232359,0.9224441,0.9362636,0.92099375,0.9267842,0.9240728,0.9168448,0.913569,0.92379975,0.91688144,0.9077946,0.9325221,0.9263192,0.93320185,0.9202541,0.9286799,0.91714895,0.91810524,0.92908365,0.9398039,0.9075416,0.9145439,0.92685467,0.911969,0.9283366,0.9110744,0.9066874,0.91403395,0.9202916,0.9212545,0.91082096,0.9072915,0.9280845,0.9383236,0.92896104,0.9260535,0.9406775,0.9212463,0.92440164,0.9254815,0.9056038,0.91605514,0.9071257,0.91817427,0.9261849,0.92411083,0.92322695,0.92097634,0.93797135,0.91564864,0.9214644,0.9113184,0.9035578,0.9362073,0.9117445,0.9070832,0.9111466,0.9238812,0.9114145,0.89918214,0.9157915,0.91397333,0.919996,0.90892345,0.9256313,0.92531127,0.92661613,0.9314195,0.92471135,0.9167923,0.91739595,0.92694485,0.92115927,0.9226205,0.92718714,0.90972257,0.9168426,0.9177329,0.92793983,0.91582143,0.917847,0.92793345,0.92545205,0.9269682,0.9205477,0.9210607,0.9241783,0.9365084,0.918666,0.91672146,0.9168664,0.91510147,0.9081702,0.91950524,0.9201396,0.91599756,0.93757075,0.9261551,0.9133448,0.93252623,0.93093324,0.92762935,0.9141549,0.91599536,0.91760796,0.9207228,0.9118489,0.9113342,0.9180384,0.9283999,0.9150356,0.913791,0.9196169,0.9187279,0.92157006,0.926311,0.92507476,0.91686046,0.9093859,0.91719,0.92393124,0.9192624,0.9361574,0.907387,0.91321784,0.92276484,0.91861,0.9318995,0.92648184,0.928404,0.9245268,0.9243146,0.91148376,0.9244892,0.91258323,0.9109824,0.8970792,0.9211259,0.9156643,0.92108816,0.91319233,0.9014064,0.9084126,0.9068902,0.91939616,0.9182161,0.92641413,0.92443264,0.92153263,0.9090919,0.91049665,0.9197847,0.91262585,0.92933893,0.9296401,0.9153875,0.9206859,0.91463757,0.91298485,0.92810166,0.9203325,0.92401075,0.9254492,0.92070216,0.9229691,0.9070714,0.9317551,0.9220683,0.9136554,0.9281806,0.9254742,0.92623,0.9156735,0.9202921,0.9247617,0.9296745,0.90785867,0.9188455,0.91794103,0.9148908,0.9192574,0.9306584,0.9191665,0.931454,0.92583776,0.9250965,0.9229544,0.9115719,0.9344162,0.92443633,0.9212109,0.9229745,0.92168397,0.9233902,0.91469896,0.9199762,0.924719,0.92714274,0.9423728,0.90469116,0.9185033,0.94042957,0.91638875,0.924944,0.9212917,0.92681557,0.9262301,0.93285495,0.91901684,0.91992486,0.92868984,0.9209314,0.9147793,0.914401,0.9301497,0.91584915,0.9060034,0.9358194,0.9235142,0.92980635,0.9259813,0.92093813,0.9149652,0.9097741,0.91362774,0.91014427,0.9246911,0.9189277,0.9234226,0.9206362,0.9230856,0.9224015,0.9240057,0.9354007,0.936582,0.91845673,0.9182563,0.9317668,0.9215216,0.9241706,0.9314654,0.9089239,0.91533977,0.9023339,0.9230642,0.9252489,0.9283332,0.916228,0.9213569,0.9015044,0.92436177,0.91541344,0.91755366,0.9019557,0.91808736,0.9308776,0.90158665,0.9257694,0.9182696,0.9170381,0.92038506,0.9215646,0.92478275,0.9081494,0.91782194,0.9113437,0.91977584,0.9260761,0.9208391,0.9014565,0.9251695,0.9374075,0.92164373,0.9168863,0.92944527,0.90687495,0.91279864,0.90605277,0.93059444,0.90877384,0.9109047,0.90649927,0.92584497,0.90789247,0.92238915,0.9158351,0.9185966,0.9003063,0.9234518,0.9179035,0.9087569,0.912835,0.9172283,0.92378056,0.91764104,0.9283803,0.9374219,0.9235642,0.9292928,0.94065934,0.9187248,0.912841,0.9103832,0.9255913,0.92389154,0.9127071,0.9173484,0.9151303,0.92242587,0.9202883,0.9212906,0.9203733,0.9237359,0.9145636,0.9122787,0.933656,0.90966415,0.9307495,0.9265156,0.9216623,0.9243106,0.9063234,0.9311162,0.93614686,0.9304533,0.9261594,0.9152285,0.9263106,0.9145591,0.9219088,0.92156976,0.9264581,0.9356816,0.9155041,0.9134425,0.9189182,0.9313871,0.92640907,0.9371798,0.9152966,0.93187344,0.9200567,0.9189658,0.9257218,0.9224523,0.9239379,0.9248064,0.9117697,0.92029625,0.9329112,0.91396064,0.9211154,0.919868,0.9131619,0.90911263,0.92041886,0.9300626,0.90557075,0.91153103,0.9238658,0.9314518,0.9181407,0.918845,0.92262566,0.9293386,0.91318345,0.91438836,0.926244,0.9188176,0.90785855,0.9240128,0.9147821,0.9267879,0.9453226,0.91603094,0.9280254,0.91518044,0.9197627,0.92855567,0.91410977,0.919018,0.93735033,0.91727346,0.9220088,0.91923636,0.9211536,0.9231082,0.91327864,0.9226059,0.9087484,0.9288633,0.9360487,0.9295896,0.91894704,0.9225332,0.9293881,0.90551966,0.93509257,0.9288989,0.91749895,0.92908657,0.91973567,0.9209373,0.9290662,0.925647,0.9158278,0.9190825,0.93216085,0.91170585,0.9337299,0.91027015,0.9189485,0.9200647,0.93697834,0.9121941,0.9378105,0.92047125,0.9264571,0.93075806,0.908183,0.91222876,0.9275546,0.9224859,0.92499775,0.91940224,0.9303624,0.92359996,0.91524076,0.9125718,0.912701,0.90413284,0.920355,0.917772,0.93729764,0.92333746,0.9083171,0.92225623,0.92428315,0.90766674,0.9198141,0.90443957,0.9182349,0.9236486,0.9199811,0.91205055,0.9297985,0.91799664,0.9229467,0.92748535,0.93161935,0.91224515,0.92944217,0.9179076,0.927476,0.9018386,0.9219168,0.9315395,0.9332182,0.91991496,0.92905986,0.92281336,0.9221332,0.93331474,0.91997266,0.9192373,0.9259346,0.91578573,0.9226389,0.9292964,0.91870517,0.91986847,0.92700887,0.9150275,0.9216741,0.9190473,0.9360046,0.9296217,0.9254689,0.9068003,0.9141845,0.91456157,0.91643304,0.9230603,0.90227014,0.9138546,0.93013394,0.9139893,0.92911,0.9225376,0.9247945,0.93087167,0.90728265,0.9236417,0.916123,0.9280122,0.92429954,0.91964746,0.91060275,0.91376734,0.9159209,0.9121877,0.9118655,0.9218738,0.9061989,0.9202513,0.9208332,0.91971177,0.9283628,0.92363334,0.9143169,0.9185105,0.9172669,0.9260898,0.9197246,0.9175158,0.9140761,0.9164464,0.915148,0.92178744,0.9255863,0.90188384,0.93425965,0.9143902,0.9118515,0.926112,0.9181018,0.9297586,0.9067488,0.9071637,0.91688925,0.9208474,0.9100742,0.9242279,0.9305449,0.91739887,0.9138094,0.9279364,0.9200681,0.9079053,0.9170209,0.92105997,0.92425525,0.92677164,0.9347324,0.9200159,0.92698264,0.90245754,0.91596186,0.91430205,0.930826,0.9279161,0.92256993,0.92690456,0.93054116,0.9250008,0.91531885,0.9201111,0.9153877,0.9298724,0.9337729,0.93072695,0.94829446,0.9098212,0.9072805,0.9201015,0.9047817,0.9235362,0.915457,0.9200726,0.92275006,0.9160235,0.914188,0.9260119,0.93162006,0.90964067,0.92305577,0.91795075,0.93137676,0.932118,0.91432273,0.9193336,0.9138087,0.9116356,0.9166349,0.9002049,0.9202953,0.91507196,0.91926736,0.92774266,0.92825896,0.9186666,0.91757125,0.9273933,0.9230764,0.9165627,0.92415094,0.91978395,0.9329923,0.9229963,0.9172243,0.92385215,0.9179894,0.9288271,0.9149834,0.9314207,0.9098927,0.93088794,0.9398907,0.9183223,0.9038284,0.93026453,0.9221519,0.90897363,0.9117578,0.9236196,0.91518843,0.92249775,0.92361,0.9132119,0.91622454,0.9203711,0.91408503,0.9091958,0.9230432,0.9092716,0.93185997,0.915821,0.9165484,0.9370763,0.9203313,0.92175686,0.91559094,0.9209178,0.92384547,0.9272523,0.9233967,0.9209038,0.9133671,0.9160191,0.9212795,0.91697913,0.92536217,0.90514374,0.9292331,0.9260943,0.9088163,0.91784745,0.916832,0.9061231,0.93710196,0.9251036,0.92688346,0.9208228,0.9292952,0.9203035,0.9298291,0.9210324,0.9198113,0.92822176,0.93151814,0.9223646,0.92085654,0.9269567,0.9366051,0.93531764,0.92540514,0.9286851,0.90486383,0.92777544,0.9123305,0.91642284,0.9211591,0.9254863,0.9241833,0.9151292,0.9389425,0.93063796,0.92979616
0.8980834,0.88978213,0.89832574,0.878605,0.8964239,0.8850454,0.8979252,0.8955781,0.8871914,0.8912208,0.8800936,0.8964506,0.88709974,0.8901253,0.88733363,0.8784755,0.8880231,0.89445865,0.9015202,0.9044791,0.8699842,0.8946999,0.8833139,0.89877725,0.8866844,0.8971723,0.89161056,0.8876825,0.8983857,0.8874426,0.89788055,0.89168304,0.8860509,0.8867716,0.89674026,0.8843425,0.8842698,0.87992483,0.8899922,0.8974934,0.8903468,0.88794756,0.8965467,0.8698226,0.8980638,0.8938796,0.9013632,0.89015996,0.8986356,0.8866366,0.89443034,0.89247704,0.8883321,0.90513474,0.8890231,0.89563817,0.8940589,0.9033422,0.87815475,0.8953145,0.89300936,0.89276546,0.8955575,0.88703424,0.8784839,0.8933181,0.9031548,0.9099735,0.8806103,0.8904409,0.8985135,0.8973807,0.89134836,0.8905762,0.893837,0.8864821,0.89175785,0.8984378,0.89257383,0.8871927,0.89941394,0.88206536,0.89610535,0.876188,0.9053991,0.88629323,0.8943452,0.8941229,0.883414,0.8970862,0.887136,0.8782056,0.8891248,0.88643456,0.8900782,0.8895122,0.87959653,0.8896528,0.9009317,0.8838134,0.86857206,0.89920104,0.89393663,0.88256073,0.889138,0.8978474,0.88180345,0.8833351,0.8931964,0.889972,0.8962349,0.88736874,0.9029814,0.89318115,0.89104426,0.8905884,0.879719,0.8775983,0.8924149,0.88768303,0.8925081,0.8891005,0.8857604,0.8909751,0.8898147,0.9033102,0.89859927,0.8964075,0.8770343,0.8825463,0.89496803,0.90179896,0.8874457,0.8690973,0.88932025,0.8753704,0.88799876,0.8932698,0.89740735,0.88714856,0.88002366,0.888326,0.9024748,0.89556944,0.88885367,0.89730173,0.8917677,0.89318824,0.8879005,0.8776593,0.89852905,0.89057815,0.88701683,0.89735323,0.88291276,0.88193464,0.9156113,0.88310426,0.89599943,0.8825818,0.8842322,0.8867005,0.8987552,0.88938755,0.87187386,0.8884188,0.88449985,0.90487134,0.904495,0.8885724,0.8891173,0.87911874,0.8900218,0.89235747,0.89387625,0.90019876,0.8779692,0.901737,0.9008671,0.88771933,0.9098622,0.88196784,0.89857715,0.88724196,0.88683575,0.8682476,0.9029793,0.8783675,0.89456785,0.90196455,0.8931579,0.89973354,0.8885642,0.88646156,0.8849036,0.8920343,0.88781035,0.8903179,0.88301885,0.8936042,0.88460696,0.8839816,0.89854985,0.87497836,0.8844161,0.8920769,0.8984624,0.891133,0.8896293,0.8959049,0.90372443,0.8886512,0.90108776,0.89068735,0.9078522,0.89220226,0.8993287,0.8838573,0.8913676,0.9006993,0.90882915,0.8942989,0.8854276,0.89207125,0.876224,0.8953804,0.900553,0.88062584,0.87915653,0.88091207,0.8932788,0.8719206,0.8990978,0.89259857,0.8981332,0.8908184,0.89179903,0.8887106,0.89110184,0.8903176,0.89931035,0.88331056,0.88056487,0.90357834,0.8728221,0.8822006,0.88459295,0.89751065,0.8861171,0.90268743,0.8842911,0.8885381,0.88429034,0.9069475,0.8905074,0.9016094,0.89831793,0.8804465,0.8895429,0.89774,0.8724749,0.88666356,0.8656579,0.89395463,0.8791663,0.8848397,0.88994926,0.8988252,0.9131009,0.891413,0.8882191,0.8961458,0.8813052,0.8756389,0.9010677,0.8902928,0.9006747,0.8842141,0.8885095,0.9068581,0.89067346,0.89109415,0.887945,0.8794974,0.8959833,0.9014731,0.88390744,0.89040846,0.9051362,0.883087,0.88979083,0.90953755,0.8938723,0.8954312,0.87695086,0.8955721,0.8894048,0.87582326,0.8921538,0.8928019,0.89104396,0.90221953,0.8937583,0.88054883,0.87626374,0.8908404,0.899993,0.8956271,0.9026917,0.8949048,0.9014091,0.8878481,0.8917026,0.8920707,0.8886748,0.8820763,0.8900463,0.8902561,0.9019161,0.86172444,0.8851813,0.902689,0.8939132,0.89352465,0.8949672,0.8872573,0.898199,0.88084644,0.8886662,0.89124703,0.8916145,0.88304615,0.8957273,0.9095954,0.9021294,0.8867681,0.8949265,0.90144795,0.90960115,0.89191896,0.9008574,0.8855429,0.8887544,0.8966682,0.88459235,0.8917706,0.8946441,0.88198924,0.86808884,0.8841649,0.9036055,0.8993342,0.88926077,0.8882088,0.88326335,0.9082974,0.8926011,0.88963604,0.89617485,0.9084941,0.8960812,0.8940649,0.8778642,0.8940139,0.8804388,0.88679355,0.8779873,0.8925875,0.8892235,0.8995681,0.8957883,0.8881134,0.8930118,0.8933484,0.8810385,0.90711975,0.9054176,0.88396674,0.87955475,0.8902249,0.88135785,0.8650901,0.90169615,0.8751653,0.8872081,0.89333355,0.89602256,0.89035773,0.89230967,0.89338654,0.8826234,0.8873284,0.8793525,0.8890561,0.8744362,0.9083173,0.8854588,0.89037764,0.89313436,0.8937639,0.89258665,0.8992288,0.8759106,0.8922555,0.8819299,0.9019865,0.89622706,0.9085655,0.89177775,0.88271976,0.8938879,0.8736908,0.88846576,0.8840377,0.8845625,0.8920526,0.87293094,0.8904733,0.8889942,0.87692726,0.8765124,0.8844001,0.88844806,0.90029025,0.8832531,0.90071297,0.8838265,0.8865396,0.88960457,0.895158,0.8958018,0.8927785,0.8909933,0.8909396,0.88340676,0.89586616,0.8896135,0.8959483,0.89423704,0.90208757,0.8892725,0.8930808,0.8960818,0.90159756,0.8881006,0.8890063,0.9030639,0.8779092,0.89252096,0.8937612,0.8950765,0.90109175,0.8875412,0.8876133,0.8835628,0.89190096,0.88185376,0.87777644,0.8805044,0.8833442,0.87888545,0.9019162,0.90007937,0.87463427,0.8869182,0.88586766,0.88201386,0.90199196,0.88183695,0.90761524,0.89299285,0.8902829,0.89938897,0.8915899,0.8861834,0.8798491,0.9010862,0.8983732,0.885384,0.8989789,0.9055512,0.8946132,0.8731609,0.9126424,0.8879835,0.88640255,0.87991536,0.8810108,0.9064352,0.8858821,0.8812757,0.9041422,0.9007198,0.8962781,0.8919811,0.8906385,0.8999704,0.8893354,0.8967647,0.89838314,0.8871117,0.88126135,0.89924294,0.8786621,0.8943818,0.8910893,0.9021174,0.8862091,0.8996437,0.896928,0.8951079,0.90515745,0.89843935,0.90185153,0.8928422,0.9120572,0.8871093,0.88490695,0.8995802,0.8944207,0.90464383,0.869356,0.8878709,0.90778595,0.87754345,0.89714956,0.8755875,0.8834434,0.8858976,0.8925739,0.8874095,0.8848467,0.8822563,0.8963757,0.8755575,0.88295007,0.89999074,0.88249403,0.88957876,0.9009267,0.8961293,0.88731885,0.8870897,0.89744806,0.89719135,0.8865236,0.89397097,0.8817788,0.87767774,0.89210635,0.8892007,0.8925983,0.889041,0.88295734,0.9045293,0.92091155,0.8900945,0.8952031,0.88617194,0.89928913,0.8863776,0.88563824,0.8907111,0.88212216,0.8969027,0.88255525,0.90372765,0.8913991,0.8973189,0.8874782,0.88702434,0.8960601,0.88367,0.8995484,0.8889022,0.8878708,0.882275,0.8790693,0.8821976,0.9032279,0.90840524,0.8754449,0.9051381,0.88998675,0.89842606,0.8851411,0.89203805,0.8826826,0.8925924,0.8929449,0.90610355,0.8835442,0.8990316,0.8885735,0.8886954,0.894987,0.8854381,0.8895501,0.89106464,0.8798102,0.8947101,0.8764203,0.87841105,0.8943308,0.9031787,0.8945881,0.8995117,0.8907863,0.8845441,0.87359387,0.89143574,0.8918689,0.8876449,0.8866071,0.89661914,0.8888,0.8735142,0.8846093,0.8868824,0.88095564,0.8814911,0.8957451,0.8929761,0.9019471,0.89254576,0.8955632,0.8907004,0.8864252,0.89526695,0.8741856,0.89596516,0.89288193,0.89076096,0.90056044,0.89679563,0.8985446,0.8953458,0.89444476,0.8816923,0.88820523,0.90593696,0.88615674,0.8947885,0.8842896,0.8984751,0.8863222,0.8929563,0.8924334,0.8981223,0.8926327,0.88538074,0.8914999,0.8801634,0.8851945,0.89575094,0.87832946,0.8989593,0.8733097,0.89261997,0.8791946,0.8991945,0.89893687,0.9073689,0.8927251,0.8879981,0.89908344,0.8933321,0.8928456,0.8952618,0.8779981,0.88083225,0.9057253,0.90173185,0.8869261,0.8890347,0.8988015,0.8998964,0.89773893,0.9018995,0.88299084,0.8845565,0.8905114,0.89685696,0.8849784,0.89077353,0.88222015,0.8875886,0.89641213,0.88546866,0.914667,0.8993339,0.8855614,0.89057505,0.89180475,0.89196527,0.9092033,0.8925532,0.89993817,0.8909616,0.88398814,0.900526,0.87814415,0.88218766,0.8897737,0.87260616,0.8909859,0.89974576,0.88520104,0.8816248,0.88759977,0.8872201,0.8745622,0.9011645,0.88343656,0.8883619,0.8951825,0.8998607,0.89642006,0.86742926,0.8865323,0.88406813,0.87681776,0.8870626,0.8916152,0.89109397,0.89367354,0.8943954,0.8947853,0.89143384,0.879027,0.87765306,0.89415175,0.89120066,0.8986022,0.8975971,0.8919599,0.89305025,0.8973109,0.89820194,0.89350486,0.8965456,0.889351,0.88277465,0.8977581,0.89418435,0.89429444,0.8740892,0.89907867,0.8926042,0.8708167,0.87983847,0.8815203,0.8706087,0.87703824,0.88244385,0.89418846,0.8952046,0.8769571,0.8865249,0.8934211,0.8745178,0.8812909,0.88583916,0.88835543,0.8835427,0.8892246,0.8884884,0.88779604,0.8864328,0.8902329,0.8979539,0.89204794,0.8868964,0.90128636,0.9076332,0.9008656,0.88951355,0.9065598,0.89154685,0.8870958,0.8861584,0.8867964,0.8964207,0.88862395,0.880969,0.89541215,0.8738072,0.8836024,0.89408267,0.8828912,0.89162093,0.90389407,0.8853641,0.8797131,0.8799461,0.87323034,0.888738,0.89660746,0.87889457,0.88457745,0.8858568,0.88498306,0.8849916,0.8899061,0.882938,0.89060104,0.8769179,0.89357924,0.8765229,0.89314896,0.88692605,0.8724461,0.8910586,0.8985519,0.8870883,0.8996937,0.88623697,0.90159637,0.87033707,0.88756853,0.8913164,0.88233894,0.87410957,0.88141185,0.88879865,0.8679673,0.8959519,0.8797046,0.9095305,0.89330137,0.9064595,0.884289,0.8885884,0.89833593,0.8795037,0.8933944,0.87449384,0.89399445,0.89900887,0.8895897,0.8946689,0.8889775,0.8755274,0.9108291,0.8937329,0.890019,0.882066,0.88821757,0.9042438,0.885479,0.87737757,0.88047504,0.8969983,0.89874977,0.8888608,0.9040967,0.90037125,0.88260984,0.89327073,0.88445634,0.876674,0.89127296,0.8816725,0.87957627,0.9047233,0.9024151,0.88595146,0.89671636,0.8735848,0.87708783,0.902881,0.8937999,0.8826729,0.8969543,0.8887027,0.8991705,0.89058036,0.88285005,0.88606787,0.88458997,0.8852874,0.900219,0.8979382,0.8736966,0.88233346,0.873117,0.89051557,0.8843092,0.9041566,0.89531004,0.889666,0.8816776,0.9049301,0.8922327,0.9010789,0.88789237,0.86850435,0.8780917,0.8847612,0.8856668,0.9028598,0.8916837,0.886965,0.9007762,0.89736515,0.902825,0.89697254,0.89412576,0.8839178,0.8875076,0.880422,0.9049599,0.8842208,0.8869431,0.8957018,0.9020564,0.8770291,0.8910134,0.8974214,0.8944053,0.89930385,0.90282655,0.9047863,0.8941775,0.88866025,0.8973594,0.8997731,0.8942821,0.8977203,0.89549184,0.89271945,0.8730423,0.89740634,0.8951838,0.8957782,0.8824027,0.8852786,0.8846638,0.8865417,0.89160347,0.8946321,0.898575,0.89720637,0.8824671,0.8942409,0.89491826,0.90210956,0.89771277,0.8917516,0.88720727,0.8954669,0.89380395,0.88169014,0.88145965,0.8889106,0.89872867,0.8884641,0.8991966,0.8873192,0.88810414,0.8872972,0.899287,0.88543856,0.91640896,0.87121063,0.8859223,0.8871198,0.8746724,0.8995863,0.88887423,0.8674594,0.8926845,0.8828084,0.88811105,0.88419837,0.88242567,0.9056835,0.90606076,0.8951609,0.8924716,0.8915864,0.89659435,0.89826524,0.89852446,0.8910209,0.89500695,0.9177506,0.87224364,0.9055501,0.886951,0.8953884,0.9049985,0.89161074,0.885382,0.8992114,0.8994176,0.8764164,0.8981364,0.8770164,0.9012953
0.9244273,0.9102172,0.92982316,0.9047888,0.9227355,0.91569227,0.91334736,0.9179875,0.9097742,0.9175225,0.9198711,0.92315,0.91248125,0.90185887,0.91683793,0.9090027,0.9226436,0.91899097,0.92276764,0.9169919,0.9245875,0.9113147,0.9001565,0.9150373,0.91270405,0.9064511,0.92911845,0.91805637,0.89576834,0.92092276,0.9322782,0.9311315,0.92809767,0.9258879,0.9121049,0.90615016,0.9255108,0.90465075,0.9030218,0.90816265,0.92747945,0.88919294,0.9219709,0.92270714,0.9166467,0.92714953,0.92358553,0.91750044,0.92634165,0.9176687,0.9074364,0.91094613,0.9273467,0.9238981,0.91587406,0.9220585,0.92837286,0.91326535,0.9079273,0.90741086,0.90120685,0.9134105,0.9035282,0.912797,0.91098636,0.9157375,0.90019876,0.92861104,0.9219095,0.9242313,0.90340173,0.9144328,0.90731096,0.9134753,0.91465235,0.91179764,0.920738,0.91412157,0.9221292,0.9085485,0.91928226,0.9032881,0.9108214,0.9143905,0.92300165,0.91699123,0.9149283,0.9252284,0.90906614,0.93074065,0.9159603,0.9159446,0.9280156,0.91500676,0.90253675,0.9205745,0.9176053,0.92956275,0.91456306,0.906116,0.9149094,0.9224645,0.90257424,0.9093516,0.913216,0.902751,0.93131304,0.8960918,0.9177334,0.9086375,0.91526705,0.9051289,0.92345476,0.9121539,0.9245987,0.9067382,0.90457845,0.9194778,0.9127083,0.90808725,0.92022604,0.91790813,0.9123203,0.90406877,0.9213477,0.9121653,0.9031261,0.9191263,0.91147625,0.89888084,0.91050977,0.9141859,0.9099681,0.9246573,0.91886896,0.9299576,0.9115682,0.9135817,0.9068771,0.9042167,0.9103497,0.91003793,0.92045754,0.9237253,0.91896856,0.91803795,0.9062213,0.91810566,0.91544217,0.9111769,0.90226007,0.92479986,0.91855836,0.897465,0.9275305,0.9065006,0.9114271,0.92229384,0.92054623,0.9036253,0.9083962,0.90241,0.90440214,0.9151397,0.9170833,0.9167679,0.9157272,0.908948,0.9150758,0.9292719,0.9297569,0.9084595,0.9165155,0.9125935,0.92704993,0.91732347,0.9156268,0.9146513,0.91492105,0.9151809,0.91252196,0.9140324,0.9026191,0.90928274,0.9020636,0.92037755,0.9223078,0.91497964,0.9180527,0.91616815,0.9207675,0.9223064,0.9214719,0.9204221,0.9141567,0.93744516,0.926374,0.91933095,0.92237586,0.9222378,0.9079503,0.9129757,0.91444886,0.9103982,0.9202741,0.9097505,0.9235504,0.9134786,0.91915584,0.919188,0.9045304,0.92003286,0.915869,0.9067194,0.91538393,0.9063031,0.9151712,0.9156293,0.9147548,0.9202162,0.9190496,0.91976196,0.9128082,0.9184704,0.9074345,0.92130846,0.92252624,0.90668195,0.91746813,0.917522,0.9177545,0.91178215,0.9129167,0.91271514,0.9240746,0.90293235,0.9139514,0.9196865,0.9203528,0.9261258,0.90900165,0.9197411,0.9189627,0.9190139,0.90110195,0.8993313,0.90729594,0.9243941,0.9119625,0.9161211,0.91615105,0.9145042,0.8999687,0.9079769,0.9183114,0.91744184,0.9135108,0.90245456,0.90479547,0.9204017,0.92096144,0.9160674,0.9098921,0.9176356,0.91454077,0.92878884,0.91138774,0.9220741,0.9239815,0.9224396,0.9254187,0.9190683,0.90434396,0.9112015,0.92532384,0.9114536,0.92996764,0.9110372,0.92656696,0.9072304,0.92397696,0.9121964,0.91895926,0.912624,0.92616415,0.9086252,0.91668934,0.91196513,0.9126948,0.90505165,0.9062457,0.9124527,0.9243001,0.9163161,0.899961,0.9059001,0.9273415,0.9157817,0.9121031,0.9163053,0.9167875,0.91349596,0.9079532,0.91571325,0.9200905,0.9346158,0.9221885,0.9259837,0.9191847,0.9228471,0.91970223,0.9148061,0.91604245,0.9064548,0.91819775,0.9120031,0.90608793,0.90947133,0.93054646,0.9048489,0.90934616,0.9087395,0.92428046,0.9128386,0.9273123,0.9080849,0.9062276,0.9036131,0.9307947,0.916387,0.9137143,0.91915894,0.930969,0.92013675,0.9091789,0.91210127,0.91694105,0.9077863,0.92021376,0.9163099,0.915971,0.920181,0.90178686,0.9300998,0.9015126,0.93563175,0.91257674,0.90557516,0.9099612,0.92676127,0.9209124,0.91835976,0.9301027,0.9230196,0.919684,0.91697156,0.93712527,0.91119796,0.9201917,0.9173262,0.91966885,0.9030246,0.91604525,0.92222345,0.9043742,0.89597404,0.9138562,0.9118056,0.9150341,0.92454875,0.91701376,0.9179971,0.9214167,0.92459977,0.920323,0.9201348,0.920415,0.90431535,0.92279243,0.9157711,0.90710276,0.91622597,0.9088243,0.9096658,0.9255104,0.92382675,0.9177758,0.9114761,0.9160353,0.9045097,0.92568576,0.9092444,0.9267821,0.9203937,0.906794,0.91208637,0.9226535,0.9177972,0.9106295,0.9148435,0.9134039,0.9245381,0.915552,0.91550195,0.9044516,0.92448807,0.9180344,0.92014855,0.9095066,0.9137357,0.91062737,0.9143841,0.90706855,0.9110794,0.91061556,0.91753465,0.92205,0.91587764,0.9113707,0.90904766,0.9193751,0.8969741,0.91949487,0.91729665,0.89382637,0.9144406,0.9184025,0.909203,0.9236229,0.90190256,0.91537976,0.9300934,0.9137309,0.90306175,0.9273484,0.9129538,0.9138627,0.91868037,0.9036214,0.91617703,0.9254013,0.9133726,0.91617703,0.9136962,0.92190427,0.9238758,0.91248417,0.90363586,0.9152032,0.9092967,0.926898,0.9281562,0.9102089,0.9167046,0.9225352,0.91641444,0.9304801,0.9033436,0.9158389,0.9252088,0.92692757,0.9104048,0.9196762,0.9227649,0.9151748,0.91105187,0.91677356,0.9187206,0.91286117,0.9011722,0.9135156,0.91310036,0.906569,0.9065826,0.90170914,0.91517776,0.9295764,0.91238296,0.93093765,0.92371076,0.91907096,0.92021006,0.9231476,0.917589,0.91541016,0.90828675,0.91587067,0.9194668,0.9342438,0.9102735,0.9250209,0.91389036,0.91886383,0.9276877,0.9221677,0.9208664,0.9147345,0.9098891,0.9093864,0.9135741,0.91172343,0.9107248,0.91808724,0.91836864,0.9064083,0.92111933,0.9241832,0.9187306,0.9186086,0.9039153,0.91741574,0.9124727,0.90683836,0.9308839,0.92193806,0.9271665,0.91056675,0.9128425,0.925175,0.9090632,0.9165161,0.9072579,0.9074924,0.907709,0.91806954,0.9205745,0.9196194,0.92712545,0.9126906,0.90423524,0.91951454,0.9041769,0.908853,0.9272689,0.91732526,0.9089501,0.92647153,0.921024,0.9060529,0.91456836,0.91403204,0.92088675,0.91839755,0.9147967,0.91030455,0.90686375,0.9066241,0.91465884,0.91575176,0.92867285,0.9049945,0.90883684,0.9171887,0.9234144,0.9211987,0.9251358,0.91774464,0.90383554,0.91103286,0.9196508,0.910844,0.90731543,0.90662086,0.91187525,0.9199752,0.9076136,0.92114055,0.9041432,0.92901117,0.9116341,0.9156275,0.91523844,0.9146606,0.90339726,0.91934836,0.91833574,0.91706246,0.9232445,0.90631276,0.93193316,0.9169845,0.9191694,0.9071159,0.9047927,0.91106987,0.90832454,0.9113912,0.9045511,0.90520763,0.91421235,0.9160727,0.90988845,0.9127956,0.92958516,0.9194777,0.9070305,0.922109,0.90907836,0.91523206,0.9195359,0.9255628,0.9013953,0.90796334,0.9077037,0.91073537,0.9176527,0.9189365,0.91641736,0.913706,0.92185783,0.92339665,0.92032456,0.91529256,0.9155356,0.90795976,0.9098413,0.9109253,0.9142574,0.92454076,0.91915524,0.91164345,0.9181011,0.9232447,0.914957,0.91227835,0.9081618,0.9205425,0.9241426,0.9253579,0.90931505,0.9172498,0.91593456,0.90836406,0.90885484,0.9214072,0.9120487,0.91781366,0.91878825,0.90660185,0.9148604,0.9172648,0.9180666,0.9101227,0.91268766,0.9235556,0.9192014,0.9157611,0.9103245,0.9257096,0.92530787,0.92252296,0.90609056,0.9173633,0.93147343,0.9305037,0.91120243,0.91622144,0.91105217,0.9074388,0.92380667,0.91543293,0.9273097,0.9142805,0.9144661,0.9153764,0.92507774,0.92270404,0.9224303,0.93274266,0.91454285,0.9128224,0.91079503,0.9117473,0.89777064,0.91362876,0.91133606,0.9163021,0.90522575,0.9057861,0.9198708,0.8984578,0.9173292,0.90877724,0.91202897,0.9083519,0.9255533,0.9193997,0.93343055,0.9186571,0.92619133,0.9085057,0.91593605,0.90821016,0.91292465,0.9201134,0.927718,0.91382766,0.917951,0.90841866,0.90129006,0.9208466,0.910415,0.9130144,0.9288224,0.92301106,0.9166712,0.91059744,0.9155694,0.91269994,0.9064099,0.935808,0.9024168,0.91691554,0.9085654,0.9294383,0.912576,0.9280464,0.91825706,0.9083839,0.91971636,0.91421235,0.9016139,0.9080023,0.92231905,0.9161809,0.9306052,0.9143338,0.93011445,0.9141666,0.91667384,0.91015816,0.9226835,0.90868115,0.92661357,0.9127166,0.9294566,0.914554,0.9127411,0.9223751,0.91205156,0.9168727,0.90170836,0.91484815,0.9030421,0.92231447,0.9177315,0.915648,0.9092466,0.9180676,0.91821,0.91036063,0.904162,0.91127306,0.9244187,0.9028256,0.90652436,0.9042525,0.90156996,0.90222704,0.8999887,0.91379917,0.93923116,0.8998437,0.921215,0.9147295,0.91329926,0.92753106,0.91319627,0.9014778,0.90689754,0.9280078,0.92841667,0.92267627,0.91628045,0.91364676,0.918,0.9224212,0.9155134,0.9145536,0.899793,0.9219688,0.9197402,0.9189023,0.9021904,0.9151188,0.9194683,0.913859,0.909575,0.90458256,0.9129496,0.9218647,0.9192942,0.91144276,0.9118235,0.9221739,0.91027224,0.9219769,0.9077624,0.92401683,0.9292741,0.92509115,0.9245537,0.9046572,0.9171555,0.91206414,0.9119271,0.910216,0.91135305,0.9072442,0.9034926,0.9012708,0.9152628,0.91012037,0.91068804,0.9190294,0.9363859,0.90029013,0.9113111,0.9192335,0.9188035,0.92364943,0.9214138,0.91491246,0.9254791,0.92283905,0.899847,0.9090566,0.92473644,0.9064981,0.9266825,0.9219732,0.9019162,0.9089727,0.9150361,0.9086229,0.9149534,0.9070716,0.911225,0.9213167,0.91304356,0.9039175,0.9066692,0.92946434,0.920154,0.90690064,0.91112214,0.9012029,0.90217626,0.9217903,0.91587824,0.9401787,0.89643973,0.9104316,0.90506005,0.91711134,0.91400886,0.9170282,0.9103744,0.9110188,0.92369986,0.9075679,0.9121665,0.9288389,0.9129831,0.91494584,0.9174268,0.9043285,0.9236357,0.90222305,0.90363336,0.9085964,0.91697,0.9173575,0.92101735,0.9097858,0.9238742,0.91963464,0.9168356,0.9121185,0.9138127,0.91382396,0.9132897,0.9158832,0.9157633,0.9037304,0.9058962,0.92713076,0.90954405,0.9167489,0.9162892,0.9171355,0.9124418,0.90762115,0.9109126,0.90961677,0.92348295,0.9024942,0.92589945,0.9089373,0.91536456,0.91109663,0.90922695,0.9152103,0.91288644,0.90704757,0.9199234,0.9147313,0.9132739,0.9139352,0.91399604,0.9177183,0.90977,0.9224226,0.90554917,0.9257321,0.91726035,0.9098254,0.9147435,0.9322289,0.92259526,0.91478,0.9158169,0.9235246,0.915897,0.9179849,0.9065699,0.9116689,0.9040441,0.9273159,0.9121924,0.9214942,0.92256004,0.9158881,0.90399027,0.92035913,0.9069985,0.9206933,0.9122461,0.90861577,0.92347354,0.91705847,0.90686613,0.9159443,0.91175723,0.91545486,0.9196651,0.8947507,0.91691077,0.9110492,0.91245455,0.92228645,0.9089695,0.90215653,0.91022754,0.9228181,0.9168282,0.929384,0.90715814,0.91904837,0.90758026,0.89704233,0.9203836,0.9174675,0.9183713,0.9095505,0.9142962,0.9139314,0.92283434,0.9202264,0.9192949,0.9082629,0.90417844,0.9164869,0.91336316,0.92370546,0.90630007,0.91267097,0.91539764,0.9162972,0.9132087,0.91895,0.91826993,0.9068499,0.91961,0.91291463,0.9343571,0.9266638,0.9053886,0.9157788,0.91965055,0.924843,0.9091441,0.9165627,0.90835893,0.91766834,0.92896986,0.92052895,0.9029111,0.908773,0.9151218
0.33743444,0.33231854,0.32379997,0.32905263,0.33082724,0.3455412,0.32705614,0.33203536,0.33755746,0.33533788,0.33086383,0.3437096,0.33484274,0.33120212,0.32114077,0.32859388,0.32460514,0.3258864,0.33445293,0.32910067,0.3339224,0.34169397,0.331466,0.3209174,0.31825575,0.32675672,0.30905864,0.33311006,0.33626866,0.32691726,0.3379152,0.3379653,0.33203804,0.3316443,0.336172,0.33915925,0.3393676,0.33036777,0.3390935,0.33329442,0.32682604,0.33519867,0.34920272,0.33218068,0.32683706,0.33703974,0.33291146,0.32995227,0.3301233,0.3246169,0.33649087,0.3218288,0.32673806,0.34015724,0.32388413,0.3239325,0.33694112,0.3492867,0.33546665,0.35430396,0.32257986,0.32272175,0.3486344,0.3394801,0.3346381,0.32951957,0.33545217,0.3313176,0.3279237,0.339148,0.33240595,0.34010035,0.33460283,0.3342803,0.33351424,0.3608042,0.3300722,0.33268833,0.34385657,0.34257862,0.33246848,0.34446293,0.3335746,0.33121943,0.33182135,0.32554686,0.33900553,0.33894622,0.33232698,0.33176622,0.33425036,0.3219757,0.32557482,0.3387814,0.33067736,0.3303551,0.3290139,0.33723947,0.33043057,0.35659152,0.33206937,0.33702138,0.33211666,0.32483974,0.31875926,0.3396725,0.32305765,0.34395945,0.34316728,0.33373407,0.32824698,0.33542737,0.32578897,0.34469804,0.33413404,0.3281283,0.3384444,0.31573167,0.32937464,0.34346366,0.31705454,0.34002888,0.34033233,0.3281113,0.32990155,0.33804834,0.34159172,0.3320946,0.329662,0.3309054,0.343152,0.33420956,0.35244313,0.31867507,0.34000167,0.32055378,0.34116763,0.3340309,0.33045372,0.34318054,0.33678493,0.3285259,0.33085465,0.32204103,0.34852457,0.326595,0.31762892,0.33928192,0.33811307,0.32692075,0.33551896,0.33968902,0.32040444,0.34979376,0.31861088,0.3345551,0.33408254,0.33738226,0.3448724,0.34108067,0.33197626,0.3410581,0.32621536,0.33324412,0.33081013,0.3265434,0.33113718,0.33435807,0.32776162,0.3279618,0.3251028,0.33199066,0.33771893,0.33510715,0.3202559,0.33065885,0.3427843,0.333397,0.34081367,0.33567446,0.33162785,0.33048865,0.33813086,0.34363276,0.32382917,0.32460156,0.3248557,0.3186555,0.32533872,0.32195324,0.31130576,0.33302003,0.3258569,0.33372274,0.33408782,0.31949252,0.30776066,0.3320133,0.3317189,0.337584,0.32210281,0.33811826,0.33725715,0.3328518,0.32823914,0.33613855,0.32792935,0.32911897,0.32916605,0.3378716,0.33557096,0.33747253,0.33762053,0.32517937,0.34037134,0.3301632,0.32699072,0.33058888,0.33350334,0.33841687,0.31829453,0.32767284,0.35266823,0.32693833,0.3342762,0.3202354,0.3289812,0.33472112,0.32895464,0.3224104,0.34368867,0.33674818,0.33334827,0.3253148,0.32930237,0.34873068,0.335397,0.33125573,0.32701463,0.30345932,0.3306215,0.34068674,0.3378227,0.334436,0.3449408,0.33885184,0.33020133,0.32408887,0.33591568,0.33304477,0.33364058,0.32692283,0.33971667,0.3403092,0.3336539,0.32350874,0.33002305,0.34063053,0.3333026,0.33120114,0.339119,0.32566863,0.32594532,0.33673015,0.3323417,0.32838124,0.3291576,0.31516513,0.3496917,0.32558626,0.32953593,0.3342654,0.33886766,0.33981878,0.33328968,0.3332253,0.33666992,0.3388041,0.3360554,0.33641544,0.32080317,0.32860014,0.33925518,0.33364108,0.32629156,0.33967698,0.34309343,0.33807096,0.3331644,0.33685672,0.34607503,0.34706467,0.31376606,0.32760856,0.35399607,0.31952935,0.3347022,0.3278792,0.32749328,0.34206524,0.32473016,0.34831843,0.3438642,0.3246864,0.34757507,0.32897466,0.32420206,0.33276013,0.32984433,0.3238997,0.3276388,0.33144525,0.33163628,0.34340784,0.33223194,0.32754856,0.32878584,0.339201,0.3314625,0.32544708,0.3301531,0.3283278,0.32214382,0.33802834,0.33135283,0.32300678,0.3307652,0.3477136,0.31497234,0.3231439,0.32449025,0.3240508,0.32579324,0.32611158,0.32970044,0.34290287,0.33420926,0.33781618,0.34004197,0.34043336,0.351581,0.35321906,0.34791481,0.3319031,0.34005898,0.3229558,0.32306978,0.33575335,0.3155862,0.33493358,0.3580979,0.3337342,0.3377607,0.33599928,0.3312432,0.32313123,0.31011572,0.32812762,0.33961245,0.3468364,0.32600397,0.33482975,0.3162262,0.33640575,0.3340377,0.33516428,0.30223683,0.3209141,0.33178803,0.32354528,0.33378667,0.3352563,0.33047575,0.325783,0.32187158,0.3338377,0.3549704,0.33574995,0.33102235,0.3330199,0.3358017,0.31995952,0.33807957,0.3342887,0.3243181,0.33834374,0.33440292,0.34456283,0.32654956,0.316784,0.32118952,0.34269994,0.31420672,0.3332575,0.32007122,0.3332334,0.34019136,0.32619652,0.3287389,0.32882524,0.3371112,0.33076337,0.3427843,0.33529037,0.3207273,0.3350265,0.32858574,0.34053734,0.33844346,0.33903784,0.34392995,0.3246541,0.341963,0.3269329,0.3389864,0.32656664,0.32857332,0.3307678,0.3308483,0.3248359,0.3266927,0.3454881,0.34540507,0.32748663,0.3350203,0.33440486,0.33410746,0.32311773,0.33690003,0.31780007,0.33527285,0.32960021,0.31859216,0.34068415,0.33414313,0.33400127,0.33975372,0.32845256,0.339073,0.34099388,0.33838877,0.34070334,0.31943977,0.33750403,0.32927564,0.32272172,0.32040435,0.33496517,0.32919267,0.32783204,0.32765797,0.3447537,0.3302089,0.32551092,0.32095188,0.34466186,0.3254609,0.33413643,0.33192098,0.31819162,0.3167775,0.34022224,0.33839226,0.31413054,0.34175506,0.34026888,0.34226424,0.33506158,0.31920722,0.34265193,0.33076447,0.33889112,0.3421298,0.34196106,0.33615568,0.31136042,0.3233838,0.33605513,0.3211747,0.3260726,0.33855337,0.3317263,0.3296111,0.3482981,0.3227449,0.32890126,0.3216461,0.3301509,0.32402098,0.3466738,0.32736653,0.32226697,0.3260941,0.34190834,0.33562568,0.3344225,0.34246284,0.33420712,0.3339007,0.33548647,0.33434212,0.33384573,0.33146554,0.33675486,0.33637637,0.31897196,0.35113084,0.33318833,0.3379326,0.3197113,0.34156513,0.33062565,0.33812067,0.31934923,0.32114154,0.3299068,0.33527637,0.3305862,0.3315745,0.33550456,0.333098,0.3342864,0.33225232,0.337901,0.3276723,0.33848903,0.33724514,0.3317785,0.3369909,0.33007944,0.32011744,0.33760038,0.34506345,0.32276258,0.34511766,0.34678406,0.34053984,0.3392484,0.3301292,0.3202331,0.3482337,0.33046296,0.32556102,0.33324307,0.33459538,0.33710158,0.34129918,0.33202595,0.33082384,0.33186647,0.3468887,0.3438226,0.33170068,0.33687606,0.32248095,0.33798307,0.31577942,0.32387426,0.33002907,0.3445559,0.3307857,0.31801555,0.33501214,0.3358178,0.33921486,0.33058235,0.3258128,0.34503412,0.32770696,0.33628187,0.3353469,0.3398845,0.3232184,0.34698656,0.3238058,0.33309162,0.33388093,0.31216124,0.32135972,0.3358512,0.3234968,0.3189416,0.33379775,0.3432683,0.33444828,0.32505208,0.32780638,0.31834707,0.3386365,0.32211885,0.33997896,0.3331403,0.3408946,0.32281843,0.35055003,0.33057085,0.34452116,0.33556744,0.33746567,0.32391086,0.3357023,0.3425717,0.34059632,0.33045477,0.33464116,0.3305669,0.31931952,0.33247766,0.3275799,0.33600104,0.33365402,0.33079067,0.3407232,0.33307847,0.3177036,0.32899275,0.33275175,0.33416295,0.33864346,0.32176477,0.34735265,0.34709984,0.31825256,0.33592448,0.3314348,0.31705377,0.3372564,0.33992955,0.32811922,0.32532343,0.33003178,0.3222177,0.33012894,0.3268371,0.3245363,0.33685637,0.33035225,0.3395335,0.33370203,0.33542964,0.34346893,0.33609146,0.3275503,0.33541512,0.32622945,0.32823053,0.3114288,0.33031562,0.31713706,0.32878336,0.32780656,0.34479105,0.33841306,0.3338238,0.32003754,0.33153436,0.34345368,0.33465245,0.3273337,0.3237087,0.33192995,0.3329452,0.34544206,0.33179674,0.33824155,0.33208328,0.32338023,0.33621848,0.31689197,0.31735542,0.3307034,0.3379275,0.32933566,0.33605,0.33706158,0.33890077,0.33578944,0.33423465,0.35251018,0.32994977,0.31466225,0.34393683,0.32813597,0.33023354,0.3282838,0.3386136,0.34325615,0.31285617,0.32040748,0.33282197,0.3445223,0.33475688,0.33824307,0.33324528,0.34036756,0.31813255,0.3457645,0.3308394,0.3331101,0.3310746,0.33766645,0.3296301,0.3247177,0.31868437,0.32757947,0.3325042,0.32670054,0.33773226,0.33117092,0.33070707,0.31132916,0.3294865,0.3343135,0.3314145,0.32948247,0.3232962,0.33839452,0.33444148,0.33605695,0.32453507,0.33783245,0.3297207,0.32921624,0.32269353,0.3462087,0.32776174,0.32430995,0.32555142,0.3343793,0.32644352,0.33169696,0.32863635,0.33339438,0.32574236,0.33650938,0.33503795,0.32762986,0.33587304,0.32684124,0.33937734,0.33028308,0.3348502,0.33455074,0.34399605,0.32319456,0.32932326,0.34461245,0.34279424,0.34252968,0.34119442,0.33854467,0.31603095,0.329953,0.32868522,0.3439951,0.32920137,0.3332284,0.32985672,0.33169582,0.35151938,0.31972757,0.31520405,0.33808312,0.33045152,0.32876542,0.32793576,0.31158483,0.3289979,0.34747854,0.34193328,0.32136482,0.34498018,0.33172277,0.33925688,0.33868897,0.32223883,0.3341653,0.33158973,0.32190758,0.32090968,0.33251536,0.33584958,0.3354581,0.33425194,0.33436,0.32544965,0.33804482,0.34028888,0.32857105,0.33576235,0.33794704,0.33915326,0.3380436,0.35346285,0.34616372,0.32533392,0.3293577,0.3357288,0.33930728,0.32305405,0.31650445,0.3233165,0.33566168,0.33980823,0.33295178,0.33793625,0.3299651,0.3408126,0.33067748,0.3325142,0.32421604,0.34472913,0.3407316,0.34644723,0.32545033,0.33302143,0.33013156,0.33795008,0.334984,0.3348617,0.3360264,0.32840025,0.32280087,0.3298425,0.33104673,0.3425576,0.34405997,0.3378939,0.33104622,0.3293738,0.32315552,0.3341155,0.33952177,0.31588042,0.3281463,0.3372608,0.33264098,0.32862744,0.3377306,0.3174834,0.33872774,0.3467301,0.33242217,0.3378013,0.32206067,0.3450035,0.34456107,0.33283472,0.325608,0.32769534,0.30631837,0.33016622,0.33513305,0.33384794,0.34473068,0.34610814,0.3438894,0.33232373,0.33088732,0.32667434,0.33363456,0.33437434,0.31305298,0.3283143,0.32623032,0.33446482,0.32924497,0.3360794,0.3316859,0.32560802,0.3329469,0.34966484,0.33225325,0.3272233,0.34970972,0.32802156,0.31594977,0.34898806,0.31751359,0.3225815,0.3273063,0.3160117,0.34251314,0.33379567,0.33562574,0.33127964,0.32587883,0.34472555,0.32852376,0.33363158,0.3326319,0.3243463,0.33910224,0.33446386,0.32143107,0.31679294,0.3296332,0.3209346,0.3338885,0.34297165,0.339347,0.33344746,0.33274,0.3229279,0.32142743,0.33654347,0.33597693,0.33071196,0.32575437,0.33556435,0.3166495,0.34653658,0.33017156,0.32861027,0.3245165,0.32867676,0.32521984,0.34891972,0.32486257,0.33428377,0.34150195,0.3240686,0.33295548,0.34272704,0.32957536,0.34405127,0.32779104,0.3349134,0.32265577,0.33678505,0.33251882,0.3162607,0.34326884,0.32513487,0.32731882,0.31907177,0.3293092,0.3404124,0.3263517,0.33811697,0.32476825,0.3360896,0.33938038,0.3207004,0.32494164,0.3353864,0.33907232,0.33958727,0.33054173,0.32654074,0.33461237,0.31761178,0.33755946,0.33931047,0.34041017,0.324245,0.32395172,0.32829022,0.32942683,0.33560094,0.33909428,0.3395457,0.3327921,0.32695267,0.32840604,0.33529887,0.31718957,0.31151244,0.3244176,0.330259,0.33104432,0.33891115,0.33307156,0.33197045,0.3358785,0.33466172,0.33978277,0.3212277,0.33911178,0.33256686,0.32677197,0.33192948,0.34563655,0.31790906,0.34627378,0.32136586,0.3357288,0.32616127,0.3481648,0.32307497,0.32700202,0.33155105,0.32682008,0.34423047,0.34878707,0.33038422,0.33795035,0.35290152,0.3389749,0.3337879
