0.5163035,0.5358951,0.5157222,0.5304471,0.5327936,0.53065205,0.52016574,0.5083418,0.5311279,0.525347,0.53955597,0.53521025,0.5423432,0.5339596,0.5264043,0.5295902,0.5187157,0.5378689,0.5218173,0.51276386,0.5219275,0.5377003,0.5367433,0.53367263,0.52754366,0.5340153,0.5076819,0.51766133,0.5297825,0.52693033,0.5061391,0.52180684,0.526202,0.5270665,0.51777923,0.51833063,0.5096214,0.5093643,0.5331735,0.5213789,0.5151811,0.5591579,0.53349847,0.5153072,0.51239,0.51783,0.5250094,0.5046154,0.51297665,0.5263589,0.51095116,0.5316268,0.51683426,0.52992254,0.53287756,0.51525694,0.5178771,0.5364303,0.52015567,0.5290226,0.5300579,0.52707464,0.5188282,0.544573,0.5206368,0.5073765,0.5075713,0.53148425,0.50637263,0.51848567,0.5175366,0.544812,0.5371531,0.5347297,0.51677287,0.5292992,0.5266478,0.5267657,0.52782637,0.53947914,0.5251693,0.5387068,0.523696,0.5317517,0.54230946,0.52686465,0.5233251,0.5312103,0.5157681,0.5072522,0.5432295,0.5211824,0.53317934,0.5300568,0.53446937,0.5118657,0.51516634,0.51835084,0.5261952,0.5235791,0.50704676,0.50030243,0.53594786,0.51786786,0.53696704,0.5383353,0.51251626,0.52472186,0.5327905,0.5229038,0.5277751,0.5308195,0.51451313,0.534036,0.5111349,0.51976496,0.53533137,0.5346932,0.5347591,0.51337546,0.52262604,0.5346819,0.52971905,0.5120301,0.5270016,0.5172978,0.5353647,0.5168937,0.53386676,0.5189063,0.5249819,0.53768957,0.52333707,0.5307174,0.54335636,0.53225607,0.5299174,0.53217906,0.5388938,0.537829,0.5234566,0.5370795,0.5367662,0.5313984,0.52009916,0.5234863,0.5386679,0.5364,0.5187438,0.5222908,0.5322627,0.51832473,0.5420533,0.5236891,0.5253349,0.5239674,0.52474314,0.5292768,0.5215669,0.51565856,0.50917363,0.5280908,0.5050622,0.5355616,0.5146272,0.5434413,0.52878433,0.5122354,0.5389777,0.5148247,0.52959144,0.5362859,0.51751745,0.51338303,0.5321037,0.53195435,0.53580916,0.52141184,0.51642907,0.5190104,0.53356975,0.5285451,0.51686597,0.52141184,0.52178925,0.5053576,0.5060116,0.5190339,0.5169814,0.5272491,0.53236264,0.5081971,0.5287026,0.524995,0.5160476,0.52716607,0.53186023,0.5124579,0.5151561,0.52558225,0.5313796,0.52830935,0.52052337,0.510597,0.52918494,0.52272063,0.54273254,0.5197854,0.53495884,0.51025236,0.5284005,0.5276577,0.5376842,0.51297206,0.5160482,0.5320752,0.5073933,0.5011369,0.5125335,0.53578883,0.5249002,0.5111787,0.51755595,0.5245825,0.5179718,0.51413894,0.51379746,0.51587576,0.4933975,0.52988094,0.530062,0.5396666,0.54067,0.52194643,0.52818626,0.5088843,0.5337622,0.535464,0.5138597,0.5110584,0.52713037,0.52611166,0.5186067,0.5191105,0.5213647,0.51719606,0.52080566,0.517389,0.5171205,0.50319374,0.50838053,0.52043474,0.5332273,0.51704323,0.5070013,0.515751,0.5404436,0.502173,0.51561946,0.5095261,0.51600885,0.527669,0.53262556,0.5151759,0.52229863,0.5159294,0.52998596,0.52559817,0.51736706,0.5360306,0.51534796,0.50890654,0.5258702,0.55290526,0.5436379,0.52346176,0.5224134,0.55284834,0.52777356,0.5179209,0.5271868,0.52775824,0.53181285,0.52947944,0.5364518,0.5155373,0.5086325,0.5273806,0.52111703,0.53462267,0.51153016,0.5169017,0.5342505,0.5252138,0.52690035,0.5436195,0.5289445,0.5098204,0.5144977,0.5220483,0.5270675,0.51361555,0.5403767,0.5323935,0.5205403,0.5242157,0.5292679,0.50500154,0.533792,0.51092863,0.53452545,0.50564474,0.5231498,0.5285428,0.5298186,0.52535236,0.52891904,0.53402364,0.53229743,0.5261627,0.5219453,0.52032495,0.5182541,0.52365696,0.50511426,0.53070545,0.53721976,0.54611754,0.52761304,0.5263512,0.52207863,0.50695086,0.5056739,0.51762265,0.51425785,0.5162275,0.5281087,0.517982,0.5333452,0.5281504,0.5300478,0.5165773,0.52266467,0.5343654,0.52828556,0.5224654,0.54543996,0.5142377,0.520932,0.53679204,0.5198813,0.5270198,0.50684536,0.5189762,0.51824737,0.51550376,0.51520884,0.50734305,0.5392975,0.53239614,0.51870453,0.5179754,0.51250297,0.5074588,0.5289289,0.5200182,0.5368281,0.5173676,0.53132135,0.5094271,0.5146637,0.5324631,0.5265957,0.53412735,0.5295894,0.520843,0.5297568,0.5022414,0.53858066,0.5062777,0.52154183,0.533047,0.51059264,0.53009313,0.5209567,0.53230983,0.53809136,0.528834,0.5200058,0.52344215,0.52176523,0.5250997,0.51144797,0.5250115,0.50408965,0.5254076,0.5347554,0.5300525,0.5236049,0.51513755,0.51563036,0.52986217,0.53510857,0.5255378,0.54478216,0.5018917,0.5371786,0.5276084,0.5027899,0.5211003,0.5288531,0.5187504,0.5066042,0.52668464,0.5295779,0.53525007,0.54409784,0.50756353,0.5351605,0.5040561,0.5418684,0.5129623,0.52638996,0.50837874,0.5297296,0.5252705,0.5260744,0.5382627,0.5301249,0.54071623,0.5204132,0.51709396,0.5084695,0.5249462,0.5411471,0.5221104,0.5230575,0.51502436,0.5157455,0.51907563,0.5162046,0.5370865,0.5167355,0.53186655,0.51566505,0.54311067,0.5147797,0.53324527,0.5355388,0.52080095,0.50686485,0.52944857,0.532328,0.5420888,0.52271706,0.519612,0.5192901,0.5291711,0.5141048,0.5271251,0.5364915,0.50811803,0.519046,0.5157229,0.5196191,0.5290288,0.5399448,0.5400184,0.5345581,0.5118472,0.52472013,0.5292814,0.5285428,0.51973695,0.5076351,0.5476325,0.53287685,0.5275815,0.52941203,0.5174106,0.5217021,0.5191433,0.5171517,0.5161067,0.5200744,0.51054,0.5112884,0.52798736,0.53373176,0.53161,0.5170288,0.5277982,0.52254456,0.5286044,0.5525706,0.50747544,0.5135489,0.50721914,0.5288457,0.51697135,0.529423,0.51600695,0.5326818,0.525778,0.52748173,0.50889206,0.5254935,0.5279224,0.53287244,0.5410885,0.52687323,0.529552,0.5258253,0.5127462,0.53835607,0.5223746,0.5204521,0.5275452,0.52458054,0.5171425,0.5219519,0.50390136,0.52693254,0.5170712,0.5326239,0.51484305,0.52913415,0.53384256,0.5250734,0.53683335,0.529371,0.5322331,0.5320899,0.5231766,0.53161454,0.5288124,0.5165992,0.5125643,0.5312915,0.4990397,0.5313177,0.5588161,0.5222278,0.5144314,0.5164755,0.54866064,0.5195851,0.53987604,0.5189543,0.5084411,0.5196037,0.5225775,0.53773624,0.5457885,0.5343083,0.51685405,0.5290118,0.52766025,0.5096251,0.5334867,0.5456941,0.5306374,0.5227494,0.5270119,0.51769286,0.51109797,0.5128842,0.50675434,0.5337035,0.51558626,0.5227518,0.51552314,0.53118294,0.5324415,0.5337953,0.5276151,0.5161654,0.5158894,0.5106985,0.51113594,0.5171678,0.5147953,0.50983053,0.49065953,0.5241977,0.5338735,0.5198849,0.52823377,0.5323729,0.52347976,0.5164069,0.50564575,0.54683626,0.51814383,0.507471,0.5319284,0.5162197,0.50174594,0.51898766,0.5244592,0.52010226,0.5160513,0.52405816,0.5359781,0.5299846,0.51227874,0.5217644,0.52606946,0.5116472,0.55408937,0.5240294,0.5307453,0.5234532,0.5245898,0.5192249,0.52077144,0.53130084,0.52112484,0.5354265,0.5248222,0.5174109,0.5183315,0.53251815,0.5176491,0.5215329,0.5174728,0.53235495,0.51831,0.5218164,0.51857954,0.54570687,0.531742,0.50949067,0.5196907,0.5400586,0.5364385,0.5364082,0.5401791,0.5382317,0.5254539,0.54051936,0.54324174,0.5193478,0.53111744,0.528159,0.5303018,0.52804005,0.55510217,0.50525343,0.5318913,0.51390934,0.54259413,0.51982254,0.5274633,0.52085686,0.5216155,0.5197327,0.5168465,0.52928704,0.5262139,0.51588446,0.50879,0.5208369,0.51338583,0.5277437,0.5195429,0.51904213,0.5251226,0.53215945,0.5334446,0.5346052,0.52059656,0.51784503,0.53187495,0.5334331,0.541561,0.52487457,0.5324832,0.537309,0.51672554,0.50621617,0.53051186,0.5328462,0.5264603,0.5266528,0.5227762,0.5276631,0.5390413,0.5315641,0.53281724,0.51481533,0.50535125,0.5288046,0.5422054,0.5366017,0.5182767,0.5329529,0.5384435,0.5196692,0.49675506,0.5142575,0.5212277,0.5148216,0.5285147,0.52089554,0.5288916,0.51897615,0.526975,0.53732425,0.51350355,0.5142899,0.5339595,0.5181152,0.52120984,0.52912223,0.52148867,0.5282832,0.51088303,0.5415769,0.53075475,0.5279539,0.5176111,0.5224119,0.5156925,0.5193822,0.52575016,0.5225893,0.5430701,0.5283801,0.5343892,0.5447611,0.5185935,0.53518784,0.51834065,0.5507194,0.53205776,0.53616214,0.53280854,0.5153001,0.5307808,0.52547777,0.5148999,0.50355786,0.5365291,0.5237763,0.5173854,0.5142084,0.51223224,0.5143498,0.5304031,0.5190279,0.51591533,0.5220658,0.5325099,0.51522136,0.5308904,0.5228074,0.5152482,0.5410023,0.52335054,0.5270725,0.51914454,0.53044456,0.5376193,0.52038175,0.5162232,0.5110228,0.51725876,0.5173155,0.5284258,0.5266176,0.5430035,0.5119027,0.53253,0.5326705,0.54342735,0.53313315,0.52210474,0.5239001,0.5288718,0.5315263,0.5140359,0.53218955,0.52828693,0.5089977,0.5354062,0.514746,0.52473557,0.51187897,0.5125341,0.51916075,0.5268593,0.51242954,0.528571,0.5335237,0.50627315,0.5123974,0.5220984,0.5062355,0.52761006,0.528753,0.5498577,0.5281975,0.5258906,0.535262,0.51498765,0.52912474,0.5325557,0.5304976,0.5155127,0.5202884,0.50183666,0.52942705,0.52684873,0.5282502,0.5189994,0.5093495,0.5329824,0.5234562,0.52719957,0.53740215,0.5080245,0.5197622,0.5271817,0.53484637,0.5275641,0.5205088,0.5280853,0.5249654,0.53486365,0.5206267,0.51361585,0.5467142,0.52131706,0.5220719,0.5303375,0.5222647,0.52687496,0.5274746,0.522285,0.5220119,0.510971,0.5370889,0.5281581,0.51553684,0.5241314,0.51254886,0.5180614,0.5333246,0.51477396,0.53773606,0.52458495,0.5307751,0.5270033,0.5327406,0.5241087,0.528677,0.5230076,0.5082518,0.5309055,0.52415836,0.5322312,0.53028136,0.5359255,0.5275556,0.5277872,0.55639243,0.5367419,0.53053886,0.53220224,0.5274109,0.52696717,0.52719015,0.5191062,0.5273355,0.51387405,0.5283311,0.53199804,0.5330996,0.5141024,0.52359253,0.5332476,0.5276625,0.5209992,0.50719714,0.53000796,0.5352422,0.5215841,0.5239582,0.5250392,0.52885157,0.52215195,0.5026931,0.5155797,0.5277918,0.53686994,0.54012144,0.52718836,0.54110473,0.5130605,0.5290315,0.50887865,0.53126323,0.52335715,0.5343162,0.5231477,0.51053596,0.5257844,0.5203134,0.5405878,0.51225585,0.52790546,0.530974,0.5393743,0.5272865,0.5161953,0.5115959,0.5377428,0.5121195,0.548626,0.5074997,0.50195867,0.5156361,0.5350158,0.5169465,0.51070917,0.51412123,0.5227733,0.5398973,0.5317203,0.5286006,0.5219624,0.5012418,0.52665305,0.52309316,0.53578866,0.50919,0.52232695,0.486206,0.5342776,0.53194904,0.5194234,0.50845075,0.5310153,0.5399534,0.5107589,0.5067132,0.52604026,0.5119127,0.54264176,0.53152853,0.536011,0.54204524,0.51909024,0.52866197,0.5280563,0.53350514,0.53057957,0.5327381,0.50888115,0.52855057,0.51645756,0.522433,0.52265394,0.50942916,0.50975776,0.5179643,0.53646475,0.5317948,0.51667774,0.52794904,0.52907956,0.5307423,0.5155818,0.5326069,0.531817,0.51555204,0.5124716,0.53017104,0.5374456,0.53198874,0.52712804,0.5186679,0.5073687,0.50651646,0.528922,0.5213614,0.5138614,0.49444985,0.5286304,0.5130909,0.5275854,0.5123176,0.49510717,0.51459044,0.5177741,0.5011939,0.52452034,0.5358425,0.5283687
0.53517866,0.5508261,0.5540568,0.5532312,0.56194425,0.5477828,0.5594018,0.5468473,0.5413585,0.54345715,0.5499725,0.55491066,0.5756023,0.54511654,0.54766655,0.559769,0.5613376,0.5643476,0.5575969,0.5478686,0.544159,0.56570435,0.5511591,0.5527496,0.567485,0.5502426,0.5445211,0.5381484,0.55557054,0.55472624,0.54537016,0.5580187,0.5649503,0.5611408,0.54072714,0.5461888,0.5509129,0.54950356,0.5551467,0.5630046,0.53975224,0.5617315,0.5536798,0.54632187,0.5570183,0.55982596,0.56043255,0.53696156,0.55598176,0.5629241,0.5562372,0.57887346,0.5527854,0.5591084,0.5354941,0.5458147,0.5432112,0.5507486,0.5457719,0.55843747,0.55816746,0.5553206,0.56899905,0.5589569,0.55115676,0.56926686,0.5399218,0.5525139,0.545734,0.55010504,0.55397946,0.5573126,0.5396192,0.5583424,0.55083346,0.5723233,0.56058925,0.5387538,0.53486973,0.5646774,0.5569888,0.5618673,0.57051843,0.5522302,0.55812055,0.5576391,0.5504708,0.5545857,0.56166995,0.55231845,0.55190897,0.54167926,0.55128795,0.55361134,0.5605329,0.54527926,0.5441512,0.554272,0.5609786,0.549422,0.5502279,0.5416253,0.5522879,0.54945683,0.5702474,0.56076753,0.55297077,0.55021745,0.55239016,0.56002486,0.548533,0.5478399,0.55824924,0.56126726,0.5575218,0.53609437,0.5439673,0.5550145,0.55807716,0.54447293,0.56449467,0.55405796,0.5389438,0.5398208,0.5462697,0.55442303,0.54634595,0.5540524,0.55241925,0.5476626,0.5460626,0.5495222,0.55531186,0.5469252,0.558275,0.54944974,0.54533017,0.5530606,0.5579879,0.5583707,0.5483546,0.5490215,0.5540515,0.55601346,0.55295473,0.5494485,0.5391212,0.56235105,0.53761554,0.5536541,0.552924,0.56001,0.5640768,0.54923457,0.5317466,0.56509066,0.55262285,0.5691385,0.5490008,0.5465462,0.53357494,0.54877853,0.54157555,0.5603702,0.54569584,0.5568307,0.5479306,0.5445882,0.5398266,0.56364655,0.56387526,0.55796605,0.5494425,0.56283987,0.5621362,0.5718626,0.5555238,0.5322427,0.53978837,0.53840256,0.54865617,0.5535711,0.5464867,0.5652716,0.55286735,0.55066663,0.54789305,0.5334009,0.56027615,0.5469895,0.5563293,0.5501279,0.5634654,0.5546097,0.55173886,0.5443259,0.5571788,0.5404954,0.5467558,0.5508831,0.5510759,0.5565237,0.5378025,0.5471921,0.5586537,0.5710524,0.5474988,0.555347,0.54520184,0.55113655,0.56421965,0.54393923,0.5412618,0.5570059,0.55181193,0.5577193,0.5537464,0.5440596,0.5463425,0.5383072,0.55610096,0.55186695,0.55165756,0.5542696,0.54371846,0.55947614,0.5503263,0.5506879,0.53976893,0.5614222,0.543873,0.5559922,0.5645712,0.5643509,0.5641009,0.5533738,0.56516826,0.5531109,0.5526685,0.5469901,0.5629916,0.5650911,0.55876946,0.55749327,0.53852934,0.57203996,0.5447669,0.56516296,0.5544784,0.5437213,0.56680244,0.5455896,0.5508832,0.5630215,0.54193866,0.55276287,0.5665924,0.55014676,0.53656775,0.5557887,0.5526033,0.557253,0.5546014,0.5586892,0.54424566,0.5537376,0.5607199,0.5601773,0.54232347,0.5539834,0.54943603,0.54942113,0.5531606,0.56937337,0.5659702,0.55660635,0.53708047,0.55039155,0.56478435,0.5433328,0.5700972,0.5509616,0.54154444,0.55798864,0.5487072,0.5486919,0.556225,0.56539595,0.55616415,0.550386,0.53820777,0.5519596,0.55060893,0.5489003,0.55732507,0.560665,0.55084896,0.55873007,0.5459422,0.5424586,0.555168,0.5424682,0.56385815,0.5720859,0.5601498,0.55383986,0.54541135,0.5458741,0.5578742,0.5438857,0.5512747,0.53696346,0.5645469,0.55035925,0.55866855,0.553639,0.5493975,0.549057,0.5480801,0.5713694,0.53213584,0.53813183,0.55556846,0.5485906,0.5598055,0.55437666,0.5481923,0.5434873,0.5526673,0.5648278,0.5577278,0.551889,0.55427384,0.5229329,0.5448954,0.5444056,0.5504672,0.54466397,0.55652106,0.5477707,0.5449893,0.54689795,0.56293136,0.5575371,0.54064286,0.5386483,0.56010616,0.5640085,0.56658524,0.5443321,0.54987824,0.5436384,0.5639227,0.5525012,0.56096315,0.5516838,0.5433478,0.54156286,0.55379057,0.5627558,0.5570929,0.5630797,0.54599184,0.5368932,0.56422967,0.5469534,0.5582902,0.54626733,0.5467279,0.5463363,0.5361532,0.5431929,0.55938005,0.54809666,0.55585796,0.54982173,0.5654027,0.542029,0.5597085,0.5479744,0.5367487,0.5489943,0.5591058,0.55923945,0.56104547,0.5394198,0.55667293,0.55457896,0.55860376,0.5482548,0.54633397,0.5556075,0.5406588,0.5555571,0.5544614,0.5733913,0.5671963,0.53620523,0.55757666,0.5309275,0.5543582,0.56140745,0.5543541,0.55516803,0.54974216,0.54365253,0.53337353,0.5478443,0.54800016,0.5636655,0.55766267,0.5510372,0.55984634,0.5544977,0.5372141,0.55600137,0.5511713,0.54503554,0.55180985,0.552945,0.5622227,0.544964,0.5487387,0.55779815,0.55505437,0.5487068,0.555434,0.5543349,0.5477826,0.5479218,0.54874,0.5522565,0.5481118,0.5569468,0.54600704,0.54362416,0.54203796,0.5358536,0.540026,0.55135006,0.5476352,0.56084126,0.54462475,0.5507979,0.5745866,0.5397799,0.56865656,0.5485741,0.5634457,0.53920716,0.54815453,0.5460657,0.5655996,0.5659886,0.56425995,0.55956846,0.56569827,0.5495523,0.53449225,0.5570712,0.5629542,0.56557345,0.54622334,0.5589023,0.55324066,0.5556762,0.57997644,0.5615639,0.54675305,0.5354446,0.547915,0.55093116,0.56653774,0.5616149,0.55136514,0.55372673,0.57054156,0.5624412,0.5490398,0.5562699,0.5511175,0.5586865,0.5504982,0.5492731,0.53082836,0.55381364,0.55995053,0.5364387,0.5442629,0.5436226,0.55230445,0.55497694,0.538934,0.55664444,0.56541544,0.5390621,0.5348447,0.54796505,0.5541821,0.5554611,0.5562927,0.54935145,0.56818515,0.5662138,0.5712452,0.5468099,0.5444399,0.5448657,0.5474432,0.5428208,0.544054,0.5521296,0.5627739,0.54833144,0.55382407,0.5527219,0.5437016,0.5526818,0.5434883,0.5547828,0.5296728,0.55233014,0.5582262,0.5401736,0.5568269,0.53724664,0.55808574,0.568607,0.5586869,0.539737,0.5563757,0.55729866,0.5547,0.56134367,0.5535748,0.56098366,0.55342203,0.5351214,0.5578541,0.5630373,0.5457083,0.5593407,0.5549857,0.54810774,0.55595696,0.567345,0.5438799,0.5616251,0.55710495,0.55478776,0.54530334,0.55161905,0.54473084,0.5512091,0.5420369,0.5584997,0.55901206,0.56003094,0.55387694,0.5611613,0.5530318,0.54715914,0.55745894,0.53873277,0.54398346,0.54958946,0.5492764,0.55196756,0.5555727,0.5475866,0.5488008,0.5721535,0.55209905,0.55590326,0.5643132,0.5597654,0.5572123,0.5436069,0.5360623,0.5454283,0.5444163,0.5568659,0.5395264,0.5508983,0.5509721,0.5691021,0.55340594,0.5495,0.5591308,0.56016314,0.54642653,0.5489674,0.5751025,0.5525399,0.5500173,0.552704,0.5490607,0.5410377,0.55917853,0.5500023,0.5485547,0.5461541,0.5593117,0.54350084,0.55509406,0.56140524,0.54837924,0.55667263,0.5438724,0.55379087,0.55750006,0.548303,0.5443634,0.55521125,0.5514537,0.55226195,0.56428707,0.54693735,0.5439642,0.5680061,0.5477923,0.5433215,0.5692051,0.5602172,0.54161054,0.55151784,0.5551447,0.55045664,0.56944984,0.5451332,0.5505479,0.53257626,0.55414724,0.56365377,0.5583495,0.56094915,0.56569284,0.5446635,0.55261713,0.5458625,0.5575316,0.55778813,0.5542863,0.5537163,0.55537647,0.5408504,0.5551123,0.5606065,0.55079514,0.55960417,0.542413,0.5613306,0.5433259,0.56111693,0.5580239,0.5497239,0.55469626,0.5508924,0.55948526,0.5651564,0.54569435,0.5533802,0.5592127,0.56956315,0.5388245,0.55546576,0.56341267,0.54421765,0.5658382,0.55923194,0.5538149,0.55171275,0.5409343,0.5618849,0.5609153,0.560474,0.5603461,0.56257343,0.5488226,0.55229807,0.5563701,0.54803544,0.55100334,0.5521833,0.56692463,0.5513241,0.54846483,0.5497472,0.56630903,0.55106944,0.54844594,0.549165,0.5375986,0.55662143,0.5642138,0.55621135,0.56752145,0.55725735,0.549604,0.5542081,0.5539253,0.5555865,0.55738175,0.5605181,0.5523176,0.5659378,0.55182904,0.55418956,0.5465605,0.53984797,0.5501448,0.5517474,0.54960114,0.53792906,0.55871147,0.5511976,0.54805046,0.53775346,0.5590818,0.551921,0.5563321,0.5449816,0.5555531,0.55302465,0.5433368,0.5650922,0.54945576,0.5595041,0.5636225,0.5568352,0.56500167,0.55186063,0.5536439,0.54385674,0.55719626,0.5551924,0.5524086,0.5690111,0.55462915,0.5545371,0.53380144,0.56563497,0.5447714,0.54255074,0.5429921,0.5674226,0.55217844,0.55044067,0.5514445,0.55935174,0.55972254,0.5474545,0.5351269,0.55145824,0.5412859,0.56712806,0.56896156,0.5484242,0.5604183,0.5624488,0.5546709,0.5605088,0.55389154,0.56035155,0.54809105,0.5468382,0.54900056,0.55020815,0.55062443,0.5609852,0.55631506,0.5611362,0.5422886,0.5576815,0.56037986,0.5526827,0.5525466,0.55259675,0.5476554,0.55629265,0.5568586,0.5417308,0.5612417,0.55935574,0.553513,0.53807414,0.54576963,0.54783,0.5382087,0.56414616,0.5464549,0.5517127,0.5274623,0.55955976,0.56177175,0.54745513,0.55988,0.5482081,0.5326444,0.5479678,0.5507591,0.5635889,0.5495747,0.56014925,0.5557056,0.5511674,0.54726595,0.55358005,0.5481494,0.55279833,0.5353534,0.5511609,0.554659,0.55728555,0.55780226,0.54346764,0.5370363,0.54890233,0.5464065,0.55562323,0.5538967,0.5494336,0.55797327,0.5573031,0.5682836,0.5628463,0.5474503,0.5469356,0.54135704,0.5637822,0.5510518,0.55639845,0.57411075,0.5516499,0.56335044,0.5461954,0.55883896,0.5493142,0.55731577,0.55035466,0.56146026,0.5557394,0.5702349,0.56128573,0.5668219,0.53691113,0.56138897,0.55136085,0.54685277,0.5591258,0.5557559,0.5311974,0.5482506,0.5637891,0.54969865,0.55469346,0.55343765,0.53914547,0.5568282,0.55078554,0.5556788,0.5822113,0.5601369,0.5508006,0.56150144,0.55457133,0.570256,0.5651573,0.53177077,0.55759513,0.53877276,0.5508393,0.5630815,0.5459041,0.5409848,0.55036867,0.55236053,0.5660978,0.5612024,0.55991805,0.5515847,0.56773126,0.54379594,0.55019623,0.5465954,0.5450087,0.55608606,0.54747814,0.5468927,0.5656587,0.5519037,0.5526964,0.53648627,0.55021685,0.56944925,0.55668586,0.5488446,0.5527102,0.54852474,0.5470656,0.5383439,0.5431323,0.55276686,0.5543919,0.55174726,0.553812,0.5375159,0.54856586,0.54499185,0.54074097,0.55315346,0.5421316,0.54846525,0.5407442,0.55837244,0.5446265,0.543895,0.564813,0.5457302,0.5769994,0.56330335,0.56567377,0.54227704,0.55305445,0.5441392,0.5274173,0.5545797,0.5551688,0.5539754,0.5495241,0.5664514,0.5518403,0.5533744,0.5535756,0.55399305,0.56143534,0.53995997,0.54833525,0.5369754,0.55993915,0.5621298,0.5609692,0.5470235,0.55287546,0.5514581,0.5496961,0.56044465,0.5544525,0.56092775,0.5549803,0.563113,0.5560268,0.5457588,0.5570941,0.56013477,0.55079556,0.555681,0.5630371,0.5554099,0.54677665,0.5588859,0.5587984,0.5506686,0.5446818,0.5546006,0.5377437,0.54668325,0.5455754,0.55667615,0.55029297,0.554075,0.553317,0.5594648,0.5495078,0.52478164,0.54889154,0.54699427,0.5509279,0.5603661,0.5525802,0.5528557,0.54875904,0.5653459,0.54635996,0.54459095,0.5481559,0.53856385,0.5650733,0.5436294,0.56215835,0.5505787,0.55324084,0.549943,0.5441481,0.55257976,0.5515655,0.55118513,0.5637715,0.5432775,0.56207347
0.66081387,0.67520016,0.6753441,0.67628485,0.6833921,0.6782483,0.66913086,0.6696369,0.6837355,0.6667758,0.6726095,0.67747784,0.69809544,0.6772062,0.67108905,0.68144894,0.68874353,0.68499607,0.67811155,0.6596357,0.6641303,0.69374675,0.6854411,0.6826688,0.6769799,0.6819564,0.6570393,0.68228513,0.6602441,0.6730042,0.6892377,0.6751794,0.68256384,0.68298537,0.6773852,0.6780797,0.6724125,0.68063843,0.68323076,0.6809659,0.6705386,0.6938597,0.68538296,0.6656882,0.684874,0.677459,0.67687374,0.6720818,0.67262834,0.6751902,0.6812576,0.6969504,0.66260654,0.6918948,0.6807567,0.66726875,0.66724235,0.68030757,0.6804926,0.67819977,0.6835097,0.677078,0.66744655,0.68770784,0.6709896,0.6819096,0.6672752,0.6758491,0.6730166,0.66337407,0.67442024,0.69435436,0.6745545,0.6805919,0.6733923,0.6822739,0.68149054,0.6776052,0.67148584,0.682597,0.68346834,0.6817555,0.6779343,0.6915302,0.6772454,0.6764718,0.686627,0.6925963,0.68476194,0.67015845,0.67872685,0.6718246,0.68553513,0.6786239,0.6786775,0.68182504,0.68863684,0.6689637,0.6790804,0.67360306,0.667865,0.6642362,0.68998396,0.6770056,0.6980185,0.69015664,0.68637073,0.6895864,0.6912926,0.6789594,0.67689157,0.67601705,0.6799455,0.67602056,0.6655351,0.6809297,0.6741353,0.6861459,0.67816764,0.6767632,0.69474566,0.6811446,0.6869098,0.6710129,0.6679438,0.6654453,0.67374754,0.663711,0.67453337,0.67536485,0.6769106,0.6982225,0.677138,0.6664562,0.66659904,0.6818607,0.6783498,0.6777737,0.69258106,0.6846204,0.6743582,0.6829452,0.67996705,0.68808186,0.6690797,0.6795441,0.6827295,0.68183714,0.6776059,0.67592585,0.6726301,0.67138743,0.6810662,0.67724156,0.67334473,0.68725395,0.68017113,0.69170153,0.6839507,0.659035,0.6667061,0.67834413,0.670503,0.68943363,0.66985583,0.67986786,0.6705825,0.68412995,0.6796374,0.67168003,0.6957075,0.67746437,0.6773955,0.67586637,0.68868786,0.6925451,0.68502384,0.667693,0.6830526,0.6734554,0.67995244,0.6717827,0.67178136,0.6704481,0.69045806,0.6677937,0.68369484,0.6707491,0.67567307,0.6795697,0.67737937,0.6750112,0.6914684,0.6802299,0.677091,0.67088956,0.69122267,0.67745376,0.66632867,0.6827585,0.6879025,0.68759894,0.6719766,0.671968,0.6878421,0.68104446,0.6791965,0.67658496,0.6855904,0.68111783,0.67373675,0.68351305,0.67430097,0.6747989,0.6751223,0.6725382,0.6729334,0.674808,0.6756272,0.67943996,0.677659,0.69094276,0.6814915,0.68984574,0.66555876,0.6682174,0.6567607,0.6668866,0.64919686,0.692156,0.677999,0.6923873,0.67873824,0.6850706,0.6822529,0.6702331,0.6857374,0.68280345,0.69062674,0.68121433,0.6825007,0.6803621,0.68218726,0.66573083,0.673563,0.6838013,0.6552629,0.6813008,0.68001497,0.6690547,0.6970471,0.668733,0.6771661,0.6763943,0.6901199,0.67998916,0.7027459,0.6648488,0.6653023,0.6636511,0.6786414,0.66022086,0.6840322,0.6845781,0.676238,0.6768164,0.6752781,0.670493,0.66913843,0.6913111,0.67550325,0.67106074,0.6823585,0.6788249,0.69394755,0.6792685,0.67180693,0.6802894,0.6871265,0.6749651,0.6815724,0.67716104,0.67716455,0.6670794,0.68231094,0.6800548,0.6794914,0.68691456,0.67254335,0.680382,0.6714309,0.6770194,0.6738453,0.6770454,0.6833219,0.6919411,0.68255293,0.680185,0.6852325,0.6788713,0.67896265,0.67632794,0.6928549,0.69655985,0.66226715,0.66936505,0.6820448,0.67607796,0.68982226,0.66880894,0.68811196,0.6693718,0.6803464,0.6672637,0.6717477,0.68141913,0.6690554,0.67920244,0.6723881,0.6829429,0.666719,0.66170317,0.68311703,0.68252575,0.662753,0.6868285,0.67838985,0.6826296,0.6810719,0.6875559,0.67862386,0.66754353,0.6735549,0.67792344,0.68027985,0.6593292,0.6740724,0.65772265,0.67783,0.67116475,0.6807728,0.66097856,0.68463624,0.67683774,0.66658247,0.659901,0.68140966,0.68453914,0.69399464,0.684724,0.6911674,0.66524696,0.68253505,0.6743805,0.6832906,0.6698274,0.67076296,0.6677519,0.6864483,0.68359333,0.6807291,0.6920699,0.6605028,0.6654172,0.6773955,0.67774683,0.67116636,0.68711954,0.68114674,0.66552526,0.667671,0.66668534,0.67805105,0.66317177,0.6826445,0.6698701,0.67799634,0.66845423,0.6848052,0.669478,0.6700884,0.6822522,0.6645109,0.6763238,0.69854146,0.68035775,0.6863925,0.6899412,0.67199785,0.6877418,0.6791287,0.6845498,0.6774743,0.68650526,0.6644405,0.68254465,0.67135304,0.6841777,0.68974257,0.65200275,0.6872346,0.680216,0.67532444,0.68421435,0.67758936,0.6704908,0.67742646,0.68471074,0.663637,0.6818194,0.6749033,0.6905785,0.67527777,0.6834414,0.67115164,0.6847829,0.6810983,0.6603341,0.68304,0.658981,0.6831243,0.67160416,0.6815845,0.6685842,0.682158,0.6844202,0.68122953,0.6692736,0.674958,0.67199624,0.6732924,0.67255926,0.6757914,0.68417037,0.6916156,0.6793234,0.675508,0.6688087,0.6596146,0.68263054,0.66317785,0.69213134,0.666814,0.6886853,0.6721893,0.6766396,0.6829706,0.6939763,0.68833107,0.66963637,0.65535474,0.69309384,0.6841351,0.67908174,0.6769517,0.67493194,0.6798106,0.6838267,0.65741587,0.6926576,0.6898957,0.6687717,0.6766574,0.68101555,0.67706126,0.6874856,0.6906763,0.683723,0.6706268,0.6707729,0.672547,0.67780304,0.67380285,0.6756472,0.68804836,0.6808328,0.6877638,0.68202335,0.6804937,0.67514247,0.6869638,0.6884212,0.6735967,0.68400514,0.6692339,0.67025924,0.68079376,0.6736618,0.68614113,0.66944516,0.67035586,0.67602724,0.6679775,0.66672665,0.680365,0.66681665,0.6678853,0.6645421,0.6798009,0.68153775,0.6797752,0.67345303,0.68700886,0.6904766,0.6850552,0.66216207,0.6739821,0.6746861,0.6865206,0.6762101,0.6711261,0.6841303,0.67904776,0.6755375,0.6880953,0.6652177,0.6668744,0.67243,0.67373043,0.65378255,0.66937447,0.6640372,0.6747278,0.6703684,0.68627626,0.6686253,0.6954497,0.67991537,0.6758079,0.6734458,0.6663052,0.68163633,0.6793308,0.6725991,0.6811042,0.6778733,0.6667063,0.65755093,0.67257375,0.6695931,0.67172474,0.6749921,0.6844172,0.67561644,0.67146695,0.68139994,0.67374617,0.68091965,0.6770511,0.6697076,0.6714243,0.6865474,0.6725621,0.67782307,0.68258035,0.67030233,0.6758121,0.6893591,0.6693154,0.68255985,0.6802228,0.68271726,0.68194175,0.6727981,0.6807757,0.6689127,0.6819202,0.6739577,0.67453927,0.6702581,0.68785363,0.6744466,0.67586434,0.68025476,0.6953143,0.67808926,0.68224263,0.6677131,0.6706056,0.6781455,0.67397904,0.67505026,0.66544926,0.6710955,0.67170125,0.6865359,0.682232,0.6703134,0.6906657,0.68283355,0.6770528,0.6586137,0.6906717,0.67471904,0.6804412,0.6780268,0.6671897,0.67583466,0.6781468,0.67651254,0.67232776,0.6855572,0.6832252,0.6720028,0.67885005,0.6803925,0.6890571,0.68016475,0.66196305,0.69353044,0.6832784,0.67900646,0.6775945,0.68808746,0.6553651,0.6798063,0.66746753,0.6777384,0.6669245,0.6721278,0.67927897,0.67748725,0.6921485,0.6741279,0.66788346,0.6756139,0.6803361,0.66658455,0.69042236,0.6695812,0.6833504,0.6694896,0.67166966,0.6955163,0.6786541,0.67496383,0.70314467,0.6811295,0.67333496,0.6731216,0.6827461,0.6936336,0.6863024,0.6914476,0.68695086,0.6814424,0.6735138,0.6949447,0.66876805,0.6857979,0.67985684,0.6755569,0.65846306,0.6743657,0.68662745,0.6706769,0.6712161,0.6726841,0.6854577,0.6818641,0.6602793,0.66477144,0.68867975,0.67017007,0.6630124,0.6798972,0.6793754,0.678832,0.6859168,0.6757056,0.68386364,0.66714245,0.66043496,0.6734909,0.6919622,0.6852806,0.685271,0.6865463,0.6813877,0.66725475,0.6854545,0.66473967,0.6934503,0.6710904,0.674217,0.658387,0.6803724,0.68184227,0.687767,0.6735084,0.6879641,0.66959435,0.680728,0.6831289,0.6896563,0.6816726,0.6854591,0.679169,0.6793172,0.6685297,0.6617145,0.68499875,0.6669903,0.6791007,0.6950866,0.68472254,0.6685588,0.6693674,0.6842794,0.6882903,0.6772549,0.6737958,0.66762346,0.6525158,0.68058,0.6743452,0.6793953,0.6680427,0.6872834,0.69349194,0.67983544,0.6683567,0.6617235,0.6746311,0.6783366,0.6787584,0.6831031,0.67905045,0.67195874,0.6853505,0.6740686,0.6689426,0.67674494,0.6626755,0.6799521,0.68322736,0.6757468,0.68172383,0.67298555,0.672542,0.6778577,0.6800917,0.6556509,0.6698675,0.6787418,0.6741678,0.67597073,0.6590538,0.6636232,0.7004309,0.6683687,0.68921566,0.66904736,0.6760271,0.67026603,0.69085264,0.6869029,0.6730631,0.6939866,0.67925596,0.6813104,0.6810036,0.683605,0.6917168,0.676618,0.68422294,0.66196346,0.6815557,0.6820334,0.6773231,0.6873533,0.68538845,0.66754127,0.67576927,0.6869763,0.692668,0.68067324,0.6802369,0.6694392,0.68810534,0.7005266,0.6758993,0.67132866,0.6690555,0.6600346,0.68019587,0.67861736,0.673892,0.6744233,0.6816209,0.67637587,0.67892283,0.67032766,0.6801391,0.67543477,0.6509067,0.68217486,0.67100143,0.66622496,0.6791571,0.67288536,0.68186116,0.68246865,0.67483914,0.6812326,0.67953825,0.6779942,0.68380964,0.6852603,0.67497706,0.6769194,0.6813902,0.6866169,0.6843789,0.68229496,0.6908846,0.6702148,0.6729109,0.66599184,0.6849929,0.6867308,0.67683667,0.6913549,0.6720131,0.68507445,0.69146407,0.6766987,0.6755316,0.6726581,0.683909,0.6887503,0.67752343,0.6865357,0.6685248,0.67147434,0.6677441,0.69228595,0.685375,0.67958796,0.66978645,0.682253,0.6941496,0.6931282,0.69728315,0.6768618,0.67262644,0.68026435,0.6818313,0.6696517,0.66668916,0.67332906,0.66977584,0.6693332,0.6842231,0.6741104,0.6778157,0.6964261,0.67875254,0.6743427,0.6822987,0.68006223,0.6830918,0.68994856,0.66816,0.67678267,0.6791122,0.68763536,0.6824229,0.6736064,0.6900499,0.66419303,0.6718916,0.67331547,0.6661202,0.67779684,0.6726249,0.6703064,0.684781,0.6705754,0.6643989,0.67371666,0.6895312,0.68058485,0.6859806,0.6675175,0.6801286,0.67293596,0.68132263,0.6717535,0.6866344,0.6756889,0.6907361,0.6703231,0.66896594,0.68798184,0.6826074,0.69037807,0.681822,0.68974584,0.6773091,0.66850597,0.67429256,0.6701438,0.67213696,0.6792943,0.6807658,0.6551484,0.6812482,0.6838043,0.6743455,0.67882204,0.669784,0.67216915,0.6962638,0.66720676,0.6714378,0.6734122,0.6853395,0.68260574,0.6928671,0.6756294,0.677987,0.6685999,0.66738486,0.6839131,0.6668677,0.6778773,0.6782427,0.67646766,0.6817521,0.6776955,0.6781662,0.6712048,0.6704627,0.67903453,0.68049115,0.6743441,0.6757724,0.65449005,0.68642586,0.6837723,0.67604214,0.66448605,0.6753,0.6792105,0.6843649,0.6789884,0.6920777,0.67877346,0.6845656,0.6901875,0.67703813,0.68035465,0.6721392,0.6830176,0.68524915,0.6705553,0.67600226,0.6665212,0.6665687,0.69075054,0.67409134,0.6687774,0.6687914,0.6756011,0.6699123,0.67385703,0.68002784,0.68447345,0.6830695,0.66589963,0.66984576,0.6827491,0.675556,0.67436576,0.6874283,0.6597901,0.6820261,0.6755752,0.6825774,0.68229604,0.67011374,0.66494346,0.6672829,0.66445225,0.68583524,0.6786148,0.66913503,0.6620075,0.67946965,0.6856525,0.695925,0.67347664,0.6728046,0.6838675,0.6746872,0.66580707,0.673918,0.6735792,0.6911023
0.8178964,0.8247063,0.8196755,0.8174206,0.81776154,0.82863396,0.8169927,0.8244693,0.8270037,0.82077193,0.83175564,0.81820786,0.82552123,0.8166355,0.8239337,0.8179594,0.82694805,0.81404155,0.8187476,0.8301697,0.83304167,0.84423095,0.8153281,0.8234088,0.82836473,0.8238067,0.815271,0.8143809,0.80432224,0.82687145,0.81892145,0.833651,0.8192988,0.83281475,0.82459146,0.8150979,0.82070297,0.8275493,0.8318357,0.8229081,0.8109913,0.82434195,0.8106332,0.8133961,0.8206518,0.82938457,0.83311534,0.8092424,0.8191464,0.80868477,0.81619275,0.8091102,0.8154,0.8149992,0.81650335,0.81584847,0.8184069,0.8138675,0.83038574,0.8334786,0.8193363,0.8303114,0.8098709,0.8257267,0.82537764,0.82310236,0.8080661,0.8278288,0.8177577,0.81075764,0.821393,0.8249721,0.8311691,0.8086586,0.81506604,0.8269429,0.8260611,0.8204759,0.83136964,0.8202836,0.8145287,0.81544137,0.824739,0.81723404,0.826835,0.8177829,0.8309128,0.82630366,0.826856,0.829306,0.8222914,0.81174886,0.83306134,0.823988,0.8224222,0.8137516,0.8229518,0.8196706,0.8179229,0.8246335,0.81453955,0.8043414,0.8293167,0.8185942,0.82458353,0.82306117,0.8079266,0.8192714,0.82761383,0.82330114,0.836956,0.83380014,0.8109074,0.8206313,0.82545906,0.81236583,0.80346197,0.83095515,0.8243843,0.8097253,0.82459843,0.82974863,0.828581,0.8189301,0.8313067,0.8226018,0.8131009,0.80584854,0.8232089,0.81876415,0.82116574,0.8219022,0.81802195,0.83023876,0.82146186,0.819929,0.82189846,0.8225218,0.834866,0.8275461,0.8159796,0.82364017,0.8341712,0.82158273,0.82113093,0.80558586,0.8171687,0.81085443,0.806819,0.8131164,0.8244436,0.8286013,0.8230638,0.8344948,0.80419403,0.82752925,0.81724507,0.8291755,0.826611,0.8209706,0.8188994,0.8314528,0.81979513,0.82630557,0.8312913,0.8154533,0.82364875,0.8192809,0.84625,0.8164108,0.8367175,0.8214372,0.80321103,0.8098564,0.82692224,0.81014735,0.803959,0.8147737,0.82041216,0.8164908,0.8228054,0.80904686,0.8289851,0.8122613,0.8347271,0.83044124,0.81917214,0.81535864,0.81527084,0.82687426,0.80528104,0.81366974,0.82383496,0.81126326,0.82090914,0.81746596,0.8175366,0.8026236,0.8238696,0.81297576,0.82266754,0.8187298,0.81900173,0.81149894,0.8210174,0.8177319,0.8437694,0.8186329,0.82988983,0.82627,0.80973077,0.844503,0.83103335,0.83062434,0.8370847,0.8206287,0.81778175,0.82103133,0.8197981,0.82676435,0.834602,0.82498544,0.8124081,0.81789416,0.8174655,0.8162347,0.82259244,0.8095054,0.81915766,0.81998503,0.82760113,0.82584417,0.8380716,0.80414844,0.8121055,0.8005498,0.81339073,0.8253031,0.8237271,0.81036097,0.8243729,0.8311777,0.8277141,0.8224068,0.8090512,0.8253305,0.82859415,0.82691824,0.819919,0.81224436,0.82302505,0.8176392,0.8191494,0.79527545,0.8207126,0.82776415,0.8257071,0.8128763,0.816501,0.8131954,0.8169178,0.8294295,0.80770206,0.83288884,0.82018906,0.81703293,0.8070831,0.8116897,0.8271407,0.8142523,0.83200455,0.8251325,0.8224118,0.82188666,0.81400496,0.82728,0.82505566,0.8214324,0.8149488,0.80962723,0.81026596,0.8305603,0.8272336,0.8201088,0.8311715,0.8152785,0.80824065,0.8231856,0.81130993,0.8244119,0.82381004,0.8195726,0.8430437,0.83550143,0.82998973,0.8339708,0.8210609,0.81606805,0.821929,0.8242828,0.811399,0.8186506,0.80613375,0.8285868,0.81470764,0.8134594,0.8198333,0.82060504,0.84085566,0.8239003,0.82933706,0.8220728,0.8178196,0.8217756,0.8182086,0.81350887,0.8236687,0.8317334,0.804568,0.8165686,0.8225685,0.83353865,0.8242654,0.8136231,0.82042706,0.8160806,0.82031,0.82666034,0.8111412,0.8237661,0.81639415,0.8124441,0.80230576,0.8130196,0.81614655,0.81535935,0.83097035,0.8213566,0.81465745,0.8177363,0.8204775,0.8287563,0.81680536,0.8058317,0.8081875,0.83759004,0.8299575,0.81299084,0.8052344,0.8153616,0.8190339,0.811017,0.816971,0.823547,0.81292033,0.8151134,0.81527925,0.8176358,0.8385083,0.8235055,0.8199231,0.81863886,0.81359965,0.8282311,0.8153048,0.8288985,0.820203,0.81293714,0.8220769,0.82656044,0.80535173,0.82607096,0.84218425,0.82293797,0.8303478,0.819687,0.8262623,0.80816245,0.8143652,0.8118658,0.8234218,0.81457156,0.80413634,0.8079534,0.8304111,0.82280904,0.8141837,0.81340116,0.82291895,0.83269405,0.83651704,0.8264675,0.8093688,0.81497496,0.81889415,0.8088443,0.81841373,0.8087175,0.82504016,0.82565683,0.8272615,0.82592845,0.83129776,0.8191262,0.8220192,0.81289405,0.83329046,0.8323645,0.82312274,0.8170038,0.8139399,0.83192986,0.82103956,0.8264036,0.8188692,0.815966,0.8229774,0.81338674,0.8119179,0.82127005,0.82772,0.8311804,0.8345031,0.8109669,0.8039809,0.8321118,0.823469,0.83623713,0.82654095,0.8159992,0.8216703,0.80847454,0.8177362,0.8333137,0.8242588,0.82138205,0.8067203,0.8038345,0.81341976,0.82228726,0.81208146,0.83129925,0.82554185,0.8331703,0.8121263,0.82139724,0.81113446,0.8121651,0.8376479,0.82380563,0.8099474,0.8180405,0.8141454,0.8251049,0.8133954,0.8171601,0.81986547,0.8195282,0.8311419,0.806885,0.8326433,0.8258752,0.81347096,0.818572,0.82240236,0.81834614,0.83418465,0.83413994,0.81036836,0.822275,0.8277603,0.82772195,0.8250567,0.8206033,0.81085885,0.809069,0.82214177,0.8393707,0.8160874,0.81594133,0.8243765,0.81978625,0.82306784,0.8161617,0.81981087,0.8063804,0.8033305,0.82745385,0.83671415,0.8332413,0.8205431,0.8163346,0.8325076,0.8189228,0.8205593,0.831739,0.8241766,0.8135709,0.8314616,0.81607074,0.82576776,0.82546157,0.82406527,0.8177948,0.8260296,0.81505257,0.82308495,0.8267783,0.81986547,0.83462626,0.81895924,0.8219112,0.82509255,0.81617767,0.8210981,0.8085373,0.8297503,0.8095252,0.82341194,0.8139821,0.8212833,0.8156851,0.81591797,0.8237284,0.8213672,0.8188268,0.8233262,0.82151026,0.8263471,0.8210602,0.83420575,0.82239467,0.83353525,0.8131366,0.82228506,0.8331673,0.82562524,0.80609274,0.8062052,0.81732374,0.81671154,0.82506394,0.8155066,0.82490426,0.81749743,0.83011127,0.8161599,0.82905054,0.8352502,0.8077432,0.80887985,0.83169675,0.84008473,0.8323865,0.82658106,0.81449187,0.82409,0.8179582,0.8155537,0.81060475,0.8291102,0.8281536,0.8076522,0.8461571,0.8332445,0.8065642,0.81598383,0.81718075,0.8211539,0.8002118,0.8240081,0.823037,0.826464,0.82589483,0.82294077,0.82227033,0.8128628,0.8316642,0.82806003,0.8183847,0.8156828,0.81723803,0.8381272,0.82643723,0.8171334,0.8388975,0.8340141,0.8340944,0.8474479,0.825389,0.81553525,0.8177908,0.8141343,0.83096683,0.8146875,0.80826,0.82265645,0.8158545,0.8117273,0.8200458,0.82966554,0.8168997,0.82304657,0.81704617,0.8208801,0.81967413,0.8108146,0.81944764,0.8137818,0.83866155,0.82382596,0.8102641,0.8328651,0.82486147,0.8199872,0.82763493,0.824931,0.821464,0.8100674,0.83245033,0.8235118,0.8253149,0.81842434,0.8089347,0.8177171,0.82418454,0.82490885,0.81067514,0.8212177,0.81045616,0.8200277,0.82320845,0.8048173,0.83695257,0.83365476,0.8253484,0.8178106,0.8311104,0.8219065,0.8206909,0.8181107,0.83149105,0.8098937,0.8414196,0.82533926,0.8168856,0.82926744,0.8432446,0.8154841,0.81671077,0.8194242,0.8181262,0.8086345,0.8380635,0.80890465,0.8029973,0.81714153,0.82039815,0.8085364,0.8099757,0.8271873,0.8211166,0.8265136,0.81920403,0.813336,0.81519794,0.8251431,0.8135569,0.8124433,0.83313054,0.8308588,0.8254974,0.82769054,0.8173546,0.81599987,0.82505614,0.7989836,0.8187887,0.83228076,0.82181245,0.8113979,0.82507116,0.8190417,0.827351,0.81464005,0.8152111,0.82536566,0.821253,0.8107703,0.8154648,0.8202676,0.8220942,0.82512736,0.8189421,0.8368181,0.8049007,0.8145642,0.8155246,0.82418513,0.8109929,0.8198123,0.8179116,0.82493407,0.81743956,0.8109805,0.8187042,0.820807,0.81280994,0.83247256,0.8132464,0.82477295,0.82750094,0.81314963,0.824823,0.8097438,0.81060505,0.82377726,0.8351613,0.8171979,0.8113794,0.8344272,0.815904,0.8118366,0.8087221,0.823421,0.81778896,0.8006836,0.8106571,0.82678485,0.8207945,0.8350503,0.82319814,0.8191625,0.8126053,0.8219913,0.82414067,0.83682936,0.83937055,0.82426137,0.83386385,0.83097816,0.81548667,0.808088,0.82313913,0.8214929,0.7910272,0.8279351,0.8159744,0.82350117,0.8223966,0.80547285,0.81826794,0.8215454,0.8226517,0.81450534,0.8345217,0.8167798,0.805141,0.82879627,0.84090525,0.8180326,0.8005801,0.8313404,0.8205335,0.81941223,0.8234871,0.8198729,0.823203,0.8102669,0.82769084,0.8102006,0.83750486,0.81941617,0.82370406,0.8390898,0.82064825,0.8249045,0.8286072,0.82302225,0.82059234,0.82768434,0.8172504,0.82396173,0.82035345,0.8148792,0.82365346,0.81468415,0.8211204,0.79710615,0.8062588,0.8210802,0.82364464,0.8042311,0.8331995,0.81630754,0.807513,0.80850595,0.81667966,0.80015594,0.8238359,0.82053286,0.8369818,0.8227388,0.8251233,0.8224664,0.81123376,0.8155897,0.8267083,0.82625294,0.8271791,0.8273221,0.8067616,0.822192,0.8216397,0.81955564,0.8150621,0.8172323,0.81262815,0.82038635,0.8408915,0.8211166,0.8166146,0.82731193,0.8194554,0.8324455,0.8316336,0.81904864,0.8279701,0.8280507,0.8252485,0.8159044,0.81540734,0.8220286,0.8131844,0.8056663,0.8200026,0.82111055,0.8154831,0.8227645,0.8034462,0.8186917,0.8200506,0.82638925,0.83130366,0.8186456,0.81825274,0.8150055,0.81231564,0.8192372,0.81153446,0.82574564,0.827964,0.8226509,0.8090528,0.8110378,0.8142946,0.81243825,0.8101484,0.8032932,0.81363916,0.8056914,0.81587374,0.80847013,0.80862087,0.817038,0.82005763,0.83594936,0.8243412,0.8362817,0.8225012,0.81926095,0.8232822,0.81710297,0.8174456,0.82176924,0.8162719,0.82703775,0.808684,0.79806733,0.80216503,0.8199171,0.83043003,0.8115209,0.8161267,0.82141393,0.8189067,0.8209972,0.8183796,0.8347754,0.82265943,0.8375145,0.81877714,0.82846093,0.82255226,0.81863445,0.8218302,0.819531,0.83604074,0.8242302,0.81258464,0.8177011,0.81415534,0.83828276,0.81840163,0.8332393,0.8160473,0.81314075,0.8288814,0.812264,0.8264411,0.79969496,0.8142059,0.8273714,0.8377106,0.8213516,0.8156641,0.82005274,0.8224066,0.8096224,0.8349079,0.80639124,0.8079844,0.825661,0.8167348,0.8122507,0.80987203,0.81699634,0.81592107,0.8177617,0.8188234,0.8130656,0.8029882,0.81168014,0.8206385,0.8157739,0.82516515,0.8216885,0.8193879,0.8043614,0.8235856,0.82323664,0.8160077,0.8303011,0.835473,0.83555955,0.8193752,0.8103663,0.83677053,0.82549775,0.8123365,0.8183667,0.8201278,0.82142633,0.82232696,0.82192415,0.8202131,0.8312917,0.8110739,0.81731313,0.80457366,0.82826096,0.8140682,0.827067,0.8287206,0.8090406,0.80291796,0.81992996,0.81843704,0.8339774,0.8252297,0.8195888,0.82280463,0.8112017,0.8274757,0.8358363,0.81173486,0.8201056,0.8273225,0.81999654,0.82403207,0.8258819,0.8224185,0.814842,0.80614305,0.82878417,0.82482535,0.8176202,0.81861305,0.82280725,0.8267243,0.815272,0.8260998,0.8253898,0.81735295,0.82388455,0.82221067,0.8020401,0.82073593,0.81672496,0.8245538
0.65824056,0.668486,0.647493,0.6604813,0.6549306,0.6652966,0.6501556,0.6525757,0.6623915,0.6589003,0.6555796,0.6543723,0.6637632,0.65165216,0.6564302,0.6542677,0.65796006,0.6471247,0.6536799,0.65641403,0.65717334,0.66729236,0.65345573,0.6562722,0.6603141,0.6563483,0.6548864,0.6593165,0.65308833,0.67926323,0.6573223,0.6732457,0.64443564,0.6552677,0.65674436,0.6426399,0.6571717,0.66625327,0.6533646,0.65064216,0.64157087,0.663955,0.6545336,0.6625967,0.66017246,0.6525358,0.673172,0.6570601,0.64731276,0.6529847,0.645355,0.65404373,0.653199,0.64720523,0.6449017,0.66727036,0.6550334,0.6407165,0.6609121,0.65470505,0.6505862,0.6583635,0.65481097,0.66089535,0.65761524,0.6605056,0.6489702,0.65843993,0.6404228,0.6551483,0.66707504,0.6563159,0.66462,0.64951974,0.65114653,0.649454,0.650074,0.65042394,0.6770072,0.65673566,0.6428685,0.6564714,0.6592129,0.65271664,0.6701453,0.6429627,0.6543,0.661728,0.6667663,0.65758723,0.65688896,0.63984936,0.65625906,0.6581808,0.6629733,0.65714765,0.6485363,0.67563146,0.6612208,0.6591527,0.65476334,0.6497048,0.6551811,0.6534408,0.6728578,0.6485557,0.6601708,0.65126616,0.6467174,0.6497991,0.65585613,0.65637296,0.6492276,0.6669528,0.65689045,0.67306197,0.64758635,0.66300726,0.66347873,0.64831924,0.6583639,0.66935086,0.6635779,0.6686205,0.667623,0.6480974,0.6559384,0.6496296,0.6627485,0.6624666,0.648873,0.6684085,0.6554172,0.6618462,0.65865684,0.655294,0.65549797,0.6592447,0.64823323,0.65279037,0.6499753,0.66754895,0.66774154,0.6709663,0.661018,0.64882046,0.6527986,0.6440295,0.65040976,0.66553944,0.6604083,0.6580864,0.6519615,0.66477597,0.6407245,0.6549251,0.65157235,0.6566556,0.6471312,0.65336645,0.6530457,0.65646166,0.6540233,0.6548234,0.6530038,0.6552048,0.6504133,0.6560556,0.66330326,0.6484007,0.6624946,0.6669017,0.6399202,0.6417729,0.66106313,0.6693507,0.64834124,0.64993834,0.66541374,0.65597343,0.6589642,0.64589125,0.66362387,0.6435707,0.6571831,0.6622943,0.6560443,0.6601062,0.660678,0.6775192,0.662012,0.65419716,0.64856726,0.6483685,0.6591015,0.6601313,0.65266114,0.6500994,0.6579032,0.6742341,0.66302377,0.6574439,0.6520544,0.66092503,0.6590111,0.6593828,0.65752333,0.6708306,0.668929,0.66000843,0.6544149,0.6668798,0.6564516,0.67003167,0.67237735,0.6653326,0.6536877,0.64090353,0.6557373,0.6537435,0.66793793,0.6555013,0.64322853,0.6607657,0.66010725,0.6536145,0.6671185,0.65477973,0.6511088,0.6494001,0.65734756,0.6622453,0.6696223,0.6454543,0.6524603,0.64004767,0.65215486,0.66479963,0.64247745,0.6495864,0.66413826,0.65456575,0.64673805,0.65407497,0.6575752,0.6563018,0.6474892,0.6666605,0.65075576,0.6482207,0.6557751,0.6430499,0.64963406,0.63241607,0.6437432,0.65137726,0.6636198,0.64855546,0.65408915,0.63673943,0.6587441,0.65996987,0.65022624,0.6478857,0.65627575,0.66743517,0.6572609,0.66565263,0.6467193,0.6745184,0.66999876,0.66457653,0.65631497,0.67008114,0.64714015,0.65318453,0.65771574,0.67230994,0.64852035,0.6548589,0.6545293,0.65618837,0.65633607,0.6659146,0.6676727,0.6656308,0.643086,0.6684796,0.6483984,0.65364176,0.6508816,0.6487844,0.67333704,0.64866585,0.66718096,0.6706878,0.6637943,0.65079284,0.6664484,0.65006244,0.6443048,0.6621649,0.65192425,0.6688864,0.6613199,0.6592415,0.6341742,0.6632398,0.67431116,0.6536917,0.6628978,0.6688559,0.66187656,0.6576785,0.6489144,0.65234715,0.65468407,0.6709713,0.64463913,0.6526584,0.64204127,0.65271217,0.6518618,0.65230477,0.65546495,0.66906506,0.651623,0.6584282,0.6402918,0.67807895,0.6577934,0.6575054,0.64247453,0.6449253,0.65521866,0.6474348,0.6552897,0.6635694,0.64920866,0.65875536,0.6579914,0.6538497,0.66570276,0.6452649,0.64291745,0.6687601,0.66148525,0.65362823,0.66208136,0.6652181,0.6571383,0.64572465,0.64706206,0.64738387,0.6438198,0.6503138,0.6520021,0.6548621,0.65156984,0.657982,0.6632043,0.66129655,0.65475297,0.65926665,0.63107735,0.67099786,0.6541517,0.64848554,0.6602296,0.6553531,0.6395194,0.6541442,0.67516494,0.66431355,0.6673822,0.65948594,0.6593674,0.644365,0.6434114,0.65545374,0.6555291,0.6495453,0.64297676,0.6404922,0.672496,0.66948295,0.653301,0.65480566,0.6608602,0.67232025,0.6640157,0.6592114,0.64162517,0.64833665,0.64695394,0.6516259,0.6542285,0.6508709,0.66371644,0.6606975,0.6488592,0.6721559,0.6517318,0.6529256,0.65248144,0.6523266,0.6557877,0.66606724,0.6567483,0.63732386,0.6492271,0.65934277,0.6613109,0.6696711,0.6659685,0.6591608,0.6556745,0.66047883,0.6541513,0.6404137,0.6666654,0.66402423,0.65671617,0.6514107,0.6583105,0.6569837,0.6658205,0.6605978,0.6657864,0.649268,0.66541624,0.6596297,0.6448541,0.6632681,0.66081125,0.6452049,0.63809645,0.6485266,0.64879096,0.6417814,0.6449444,0.65969944,0.653978,0.66458863,0.65856904,0.65242857,0.64921266,0.6595515,0.6640669,0.64914185,0.65587574,0.66628593,0.6506805,0.6636032,0.6580378,0.6519405,0.65139854,0.6540482,0.6760023,0.6536586,0.6728978,0.6592231,0.6511937,0.6502062,0.6374468,0.6677181,0.67045414,0.66783535,0.6480039,0.6596524,0.6610358,0.6485072,0.6569769,0.64489573,0.66089433,0.6487442,0.66832995,0.67052126,0.6506131,0.64669937,0.66323406,0.65405023,0.657123,0.64765495,0.65971494,0.64378124,0.6678824,0.6671956,0.65681666,0.65672964,0.64756525,0.65938705,0.65716606,0.65681773,0.65532535,0.6627615,0.65856516,0.65089464,0.6717946,0.66092914,0.6628967,0.6466253,0.6584618,0.6635498,0.65980893,0.66523,0.64644283,0.66779065,0.66661453,0.6598587,0.6569415,0.66188157,0.6560029,0.6624491,0.66329473,0.64124453,0.6628344,0.64030135,0.64266944,0.64908874,0.66173553,0.66511637,0.6540349,0.6595713,0.65527683,0.6546863,0.6612996,0.6602107,0.6588642,0.6544914,0.65019417,0.6592343,0.65891993,0.6694078,0.660249,0.648476,0.64583826,0.6530417,0.65078276,0.6441758,0.6570442,0.6517561,0.6522032,0.6488573,0.6602523,0.6684564,0.66388947,0.65596485,0.66356397,0.6476031,0.6519841,0.67193973,0.6614126,0.6678808,0.67067564,0.64598215,0.66238964,0.6659498,0.6613997,0.64607584,0.6541073,0.6589692,0.64798355,0.663268,0.67414373,0.6386841,0.65226775,0.65642035,0.6562417,0.6443602,0.665224,0.67125833,0.6727336,0.65622836,0.6673368,0.65978944,0.65555304,0.67701477,0.65828574,0.6544436,0.6407907,0.65312856,0.6632419,0.66826195,0.65901685,0.6779853,0.65492624,0.651979,0.6716377,0.65393436,0.64765143,0.6412367,0.6523356,0.6493992,0.65656406,0.6478168,0.6604008,0.6484279,0.6444939,0.66595745,0.6667185,0.65951395,0.6473246,0.65979666,0.6525113,0.6527286,0.66144973,0.6607829,0.6536636,0.6667672,0.6654412,0.6395525,0.6632642,0.6638722,0.6523073,0.66300714,0.6561679,0.6485503,0.6469727,0.6595143,0.66841906,0.65783733,0.6517272,0.6561138,0.64895064,0.6637075,0.65513396,0.64389366,0.65868413,0.6464622,0.651205,0.64982045,0.64640504,0.6788795,0.6566132,0.6655685,0.6545513,0.65014297,0.6406439,0.65832335,0.66261125,0.65896213,0.65676254,0.66528445,0.6592368,0.6617969,0.6606574,0.66371304,0.65450495,0.6439374,0.6626538,0.66823995,0.662523,0.65930253,0.6475022,0.6589767,0.66643906,0.6434685,0.6530374,0.6480884,0.6607472,0.660655,0.6500878,0.64199775,0.6499282,0.668951,0.6650347,0.65186733,0.654241,0.66699433,0.6605187,0.6493787,0.6496816,0.6574398,0.64685744,0.6567815,0.6392095,0.655219,0.6666588,0.65437055,0.65705174,0.66643316,0.6479598,0.669966,0.65581375,0.65018785,0.6400573,0.6647394,0.6637643,0.6549375,0.663888,0.64995605,0.65544343,0.6694459,0.66083616,0.6350195,0.6555178,0.65005034,0.66982126,0.6506193,0.6574883,0.6386661,0.64987874,0.6445903,0.6465253,0.6687923,0.65758103,0.64923155,0.66766393,0.65250164,0.6567085,0.667932,0.65485245,0.65871125,0.64770466,0.64187163,0.6605042,0.6571008,0.65417475,0.643071,0.6709311,0.6462565,0.6475185,0.64434236,0.658789,0.6463716,0.6556805,0.6601558,0.66810566,0.6474845,0.6663948,0.65125215,0.63439506,0.6437654,0.65878046,0.66097516,0.6675804,0.65599954,0.6700855,0.6661222,0.65967023,0.6410968,0.63114923,0.645513,0.64836395,0.6318578,0.6589088,0.6561857,0.65650123,0.6575136,0.648515,0.66875416,0.6603415,0.67002344,0.6585932,0.6585981,0.6629976,0.6503654,0.6649845,0.66502863,0.65718746,0.63884336,0.66453683,0.6676938,0.6551343,0.6565632,0.6404331,0.6524686,0.657747,0.6479007,0.6470992,0.68608016,0.65923864,0.64779806,0.66745234,0.66019666,0.66038144,0.6625525,0.67037964,0.6467296,0.6717502,0.6641283,0.6629621,0.63661563,0.6500746,0.6688241,0.6590487,0.6601485,0.6471907,0.64899284,0.6609145,0.64521164,0.6521049,0.66327167,0.65216756,0.6507393,0.6502963,0.65543133,0.6424398,0.6655431,0.649803,0.67228913,0.66703194,0.6676783,0.6530353,0.6562094,0.633059,0.65774226,0.6745862,0.66182536,0.6562766,0.65007985,0.6556185,0.6598139,0.65074635,0.6578072,0.6522,0.6463977,0.66127014,0.6614686,0.6633114,0.6610378,0.6672704,0.65900964,0.6605516,0.6619955,0.6487423,0.65595216,0.6677471,0.6590463,0.6639101,0.661666,0.6523326,0.6465304,0.66314185,0.6597908,0.6449971,0.6488091,0.65768355,0.64711636,0.6587221,0.65594685,0.6659668,0.67727685,0.66055447,0.66133446,0.6527792,0.6411675,0.6575907,0.65663695,0.65711004,0.6665466,0.6387927,0.6497211,0.64366144,0.6595816,0.658695,0.6489955,0.6516023,0.6570143,0.6524961,0.66517794,0.6547909,0.64499146,0.65492916,0.65767044,0.6687455,0.6576659,0.671097,0.65945053,0.65604746,0.65644383,0.6629702,0.6502496,0.6624279,0.65446335,0.6557437,0.65266156,0.6306427,0.65490234,0.65063787,0.6736504,0.65855587,0.6600464,0.6694225,0.6568524,0.6526558,0.6547326,0.644325,0.6609689,0.658597,0.6518383,0.65886223,0.6591052,0.65438807,0.66267484,0.64411515,0.667903,0.6696701,0.66222745,0.6489084,0.65640074,0.65406644,0.668383,0.6659311,0.6548165,0.6473925,0.65498364,0.64258164,0.6740096,0.6489659,0.6531791,0.66007453,0.6733325,0.6441756,0.66022354,0.64717376,0.65545857,0.65431476,0.66116536,0.6467304,0.63616353,0.65903974,0.66683155,0.64611095,0.6471389,0.65516055,0.6688153,0.6463522,0.6619187,0.65089,0.64562714,0.650855,0.6574355,0.6557854,0.66009814,0.6578177,0.65662855,0.63522553,0.65972966,0.6504195,0.6564865,0.66718805,0.6600967,0.6563941,0.6627504,0.6463145,0.6774732,0.6695109,0.65821356,0.662323,0.6610211,0.64911085,0.65254444,0.66470474,0.65360594,0.66946113,0.65059024,0.6457441,0.6423526,0.6482813,0.67576903,0.65137935,0.6709891,0.65883607,0.6563445,0.6557579,0.6568716,0.64803755,0.6541552,0.6598741,0.6598103,0.64913964,0.66865367,0.6688343,0.6549793,0.6571704,0.65916103,0.6611129,0.65152717,0.6540114,0.6596885,0.65280735,0.6381729,0.66428477,0.6695459,0.6549778,0.6558149,0.6709649,0.66307837,0.6569888,0.65486455,0.6543293,0.6443717,0.67172575,0.64713794,0.6466609,0.66352975,0.6496392,0.64554566
0.045384362,0.050717782,0.053375296,0.060108908,0.053072453,0.048979226,0.029388282,0.048287317,0.052879613,0.045689665,0.049227826,0.06116103,0.04933097,0.045773134,0.043079905,0.03616152,0.05499451,0.061093964,0.05382893,0.03731291,0.043043554,0.061715234,0.05184637,0.049245022,0.04497856,0.04309455,0.051587988,0.052375756,0.044748336,0.05775282,0.052272145,0.050509647,0.052697852,0.04401265,0.04976616,0.058127236,0.050682962,0.05711063,0.052243322,0.056671802,0.038932763,0.059775632,0.052006964,0.058205552,0.05553046,0.04625473,0.04966607,0.050959356,0.046528757,0.044457115,0.04113408,0.058880493,0.048750866,0.04452695,0.053469338,0.046665557,0.03917744,0.050936095,0.049532942,0.040545166,0.043680646,0.047936,0.044790056,0.048742,0.04212033,0.052365616,0.047298588,0.04165315,0.04463511,0.042374372,0.048578605,0.04398729,0.05192571,0.05734621,0.05151291,0.060005814,0.0506879,0.045451112,0.055554144,0.057441093,0.042304657,0.061899766,0.041163053,0.042281292,0.04048542,0.037223715,0.052146293,0.06392984,0.054919533,0.04653521,0.036580153,0.03530158,0.042688303,0.04813238,0.046176895,0.051885776,0.05209425,0.059480723,0.050223947,0.04796786,0.061125107,0.056804746,0.055454247,0.036417466,0.05531004,0.055570528,0.0663698,0.051065277,0.056472108,0.04912764,0.04362315,0.03048002,0.037904434,0.051275074,0.03773383,0.053715862,0.044296965,0.06111932,0.04569733,0.037752092,0.06565858,0.048385244,0.059380397,0.041533686,0.040242225,0.039094683,0.044857115,0.033902332,0.0493318,0.030925136,0.053104013,0.056082346,0.05519186,0.050439887,0.04997147,0.05910533,0.050236207,0.04470998,0.043307908,0.051395178,0.05942648,0.04806403,0.054543383,0.05660151,0.04379891,0.06296949,0.053234335,0.040895723,0.05780477,0.045684006,0.056040257,0.051647626,0.057901047,0.049837887,0.055559047,0.044837963,0.051573645,0.053786613,0.05604788,0.048662923,0.038121797,0.056678697,0.037877403,0.05286026,0.046712615,0.048388198,0.032560177,0.04503227,0.05020883,0.046920776,0.061909236,0.046219133,0.05687678,0.046434544,0.047495104,0.05691334,0.05445598,0.049833857,0.055159897,0.054095827,0.059336565,0.03884919,0.046985388,0.046168424,0.028661527,0.04590214,0.056249045,0.050132804,0.052568536,0.053552356,0.05595949,0.053900946,0.051976472,0.047883525,0.061673515,0.045802854,0.053523406,0.062148117,0.03569508,0.048689745,0.042682398,0.057478763,0.06315493,0.041857477,0.057184927,0.06267306,0.055523723,0.053384494,0.05347034,0.04572618,0.0458156,0.047697186,0.040465172,0.04181841,0.03928696,0.046219166,0.051767983,0.03340464,0.055023357,0.046428364,0.055579573,0.05663271,0.049191013,0.07049447,0.038508404,0.057682373,0.040729355,0.045985512,0.043552887,0.051154584,0.046557896,0.055221274,0.04576633,0.045212902,0.054347277,0.04356295,0.055840716,0.045190714,0.0553115,0.05381635,0.046922788,0.04498414,0.049891144,0.042781822,0.042961568,0.0417468,0.03908508,0.05077623,0.061551355,0.04239293,0.06584019,0.04241913,0.045300577,0.06032029,0.05035331,0.06311026,0.06262195,0.045621164,0.05459189,0.041444007,0.041599274,0.044214442,0.0516229,0.06288635,0.049366035,0.051091537,0.05405321,0.047591954,0.059624903,0.05465197,0.057121553,0.042018875,0.054562137,0.035163097,0.06061033,0.048805173,0.050944284,0.051098958,0.0546784,0.053643957,0.061473574,0.04369728,0.047611877,0.03834899,0.05792655,0.057704657,0.046727613,0.05351729,0.041567996,0.054416843,0.043177716,0.04735618,0.028074902,0.04340068,0.053966884,0.054779097,0.049452603,0.053736374,0.048749804,0.0492848,0.04935492,0.04317932,0.061791506,0.06252308,0.032953303,0.052136436,0.04414781,0.054503985,0.050202418,0.036423866,0.05610938,0.063832246,0.055353396,0.04078994,0.04454977,0.045285612,0.047291845,0.04162442,0.029193364,0.03952363,0.04525388,0.036286283,0.058125764,0.052250788,0.03567577,0.05453097,0.05086423,0.056191057,0.058960155,0.06422341,0.053666882,0.04226188,0.0438271,0.060378995,0.06550705,0.039586693,0.027887903,0.050411023,0.035800688,0.036692046,0.050526306,0.042780567,0.054212563,0.05237446,0.04615505,0.040277436,0.04170423,0.05000575,0.07566672,0.059155144,0.058825586,0.04757458,0.052955955,0.05308012,0.04801265,0.049291797,0.048376724,0.045670263,0.05946915,0.050383676,0.057939507,0.06506886,0.035097063,0.045996364,0.038509954,0.05293004,0.04111521,0.05262936,0.034190856,0.052159578,0.060167454,0.046137184,0.04533922,0.04275903,0.053515572,0.056508586,0.055265956,0.04607313,0.05892245,0.06169907,0.04756114,0.05392316,0.041958608,0.048456497,0.06067671,0.055602897,0.062167168,0.051478006,0.039319456,0.05994356,0.05862028,0.05205327,0.061292786,0.052260704,0.039255977,0.04089372,0.042280346,0.057750016,0.05746282,0.055649947,0.05768051,0.054901868,0.04056108,0.056202754,0.031198598,0.07041534,0.026293393,0.050343905,0.03808487,0.042121135,0.048236333,0.0604291,0.049198,0.048067037,0.045809776,0.059617333,0.04417653,0.045974072,0.051582467,0.033750243,0.045800008,0.03683998,0.052105375,0.047066115,0.052369826,0.06574581,0.04743079,0.023264606,0.042732216,0.05467497,0.040670935,0.04615736,0.044513933,0.06598254,0.0421127,0.054290213,0.0466832,0.038329616,0.041714177,0.04986091,0.034650825,0.058744546,0.041132204,0.042287394,0.04476076,0.0439938,0.05234167,0.065325126,0.054159123,0.03707452,0.04923933,0.06115163,0.050393507,0.04948902,0.05693768,0.04884045,0.043318644,0.04765788,0.038629368,0.058448054,0.038009148,0.044739164,0.044887125,0.048196588,0.045873307,0.06387535,0.054826047,0.03673294,0.044659704,0.04717529,0.032626074,0.046703625,0.042939898,0.044928513,0.056921154,0.049248993,0.050900243,0.051668555,0.051843002,0.048789974,0.056522578,0.063575946,0.047064014,0.047060728,0.04501389,0.059514724,0.068840705,0.045506287,0.04846505,0.045812942,0.04443475,0.036409292,0.052850112,0.04819122,0.05988915,0.040703125,0.04819317,0.054501973,0.04020548,0.043667644,0.05209604,0.048635826,0.04576246,0.06187147,0.045774434,0.028998464,0.04841564,0.04647869,0.038818914,0.046656035,0.04695656,0.053914834,0.05388586,0.06623745,0.05226363,0.04494846,0.04702337,0.06282315,0.053440344,0.04531406,0.043471575,0.05033748,0.04891406,0.057278633,0.045645416,0.043026086,0.058376364,0.04671462,0.045401715,0.031962644,0.032905053,0.047249805,0.047037173,0.041612748,0.057390884,0.040644076,0.048312377,0.037778974,0.04312288,0.04164327,0.04067094,0.048341237,0.063169144,0.047673997,0.043038197,0.04741787,0.048923265,0.044914607,0.05588324,0.05025395,0.03264469,0.04710083,0.020547347,0.043216005,0.043942396,0.046453383,0.041408926,0.056571037,0.053948924,0.05325254,0.036590345,0.042551357,0.04605794,0.043104306,0.032735,0.056526568,0.05503513,0.03814015,0.044546023,0.043079816,0.052885845,0.050488293,0.048785325,0.04376785,0.068705745,0.03569274,0.04819116,0.04428801,0.041832563,0.050370596,0.053208314,0.03845559,0.039003633,0.048701905,0.039418574,0.062448338,0.062914364,0.043801855,0.04132004,0.057673555,0.04806754,0.04790874,0.045236528,0.04918538,0.048023626,0.05538817,0.05314123,0.05957067,0.04873287,0.0343851,0.04696086,0.04542911,0.04869268,0.038507603,0.06609706,0.0532725,0.058637753,0.045820452,0.054678235,0.058946714,0.051156677,0.051381096,0.047369096,0.057030596,0.028552892,0.037234034,0.029448349,0.052151807,0.040228352,0.05375196,0.049098037,0.054594535,0.05173709,0.04727164,0.040336452,0.055686377,0.043669112,0.04753744,0.05418862,0.057042904,0.057750024,0.03696187,0.04932323,0.058742978,0.045332335,0.037967537,0.06538742,0.036485344,0.04116556,0.044456195,0.05808034,0.05486665,0.05364847,0.052908145,0.053749263,0.055126786,0.03933131,0.047377415,0.049847588,0.057650596,0.044747937,0.0469874,0.042556994,0.041478224,0.06174287,0.053089283,0.0441804,0.042479336,0.06308508,0.04704184,0.046430252,0.046000086,0.053306572,0.04631023,0.046888143,0.060312085,0.04152261,0.05257865,0.049852982,0.045950018,0.05559678,0.04981867,0.04478594,0.032759525,0.06236697,0.058249436,0.055952754,0.052566305,0.045118716,0.046900757,0.060443055,0.04922276,0.0538848,0.037934396,0.043603007,0.039656892,0.039892342,0.06031981,0.0610246,0.056111757,0.06163975,0.03720431,0.054485783,0.04064496,0.0444023,0.058987327,0.060441487,0.06266017,0.0570874,0.04976189,0.04992085,0.045567423,0.04413276,0.04114627,0.06354687,0.056316175,0.04804808,0.05038394,0.062755145,0.042955834,0.054710314,0.03817771,0.037161894,0.043902013,0.051891215,0.04636565,0.049025808,0.04201223,0.049108848,0.06254888,0.05758474,0.043128304,0.046815086,0.058746845,0.04332036,0.047452487,0.05992577,0.04385621,0.053522654,0.050855327,0.040587723,0.043731116,0.035945278,0.03019026,0.048073597,0.058554143,0.053357475,0.04784095,0.046807952,0.037401836,0.046262752,0.06969091,0.04750774,0.027025413,0.03928744,0.047326148,0.05107363,0.03334648,0.046194322,0.03761622,0.05192612,0.052146517,0.050387286,0.04418756,0.0499219,0.05432637,0.050891533,0.041268975,0.042373337,0.047295377,0.056099873,0.06576782,0.047100715,0.042062983,0.044505436,0.039252743,0.050743736,0.04366392,0.060283974,0.049075276,0.04905422,0.053802546,0.040431462,0.04354745,0.054455973,0.04390894,0.056871578,0.05281929,0.0382749,0.044957902,0.057262972,0.047986154,0.03997019,0.047828272,0.040346317,0.058386043,0.051494796,0.060293373,0.041265804,0.054421496,0.0529327,0.052512806,0.036682054,0.038893655,0.04448211,0.0374055,0.058134682,0.04261563,0.035288103,0.03735341,0.04547003,0.048671428,0.045470413,0.048963364,0.046701863,0.054236393,0.047767825,0.050122928,0.06998753,0.038229764,0.040343225,0.035018258,0.06150782,0.059736002,0.043933958,0.06459596,0.05169695,0.050176017,0.0412566,0.049579587,0.059491515,0.052077916,0.056742415,0.056664523,0.046365947,0.06358591,0.057898823,0.0695423,0.049744457,0.04218729,0.060124867,0.056188755,0.03807434,0.042600647,0.048006713,0.03362285,0.05471954,0.055406943,0.05056449,0.03756891,0.062172152,0.04648768,0.07062077,0.065684125,0.03399311,0.04713635,0.04308449,0.04814498,0.05899737,0.044542238,0.049253695,0.045322604,0.04237764,0.051740427,0.05674116,0.044849433,0.06603463,0.057662096,0.049501494,0.06577583,0.050770536,0.052500896,0.07126283,0.038949028,0.048471395,0.052802436,0.043160804,0.0462647,0.05002004,0.058256418,0.048139226,0.04998828,0.04749655,0.031969495,0.049783662,0.054320823,0.046346925,0.06423501,0.059919983,0.051715054,0.036149863,0.05808167,0.051681146,0.058920387,0.050983712,0.055889968,0.043988965,0.049145006,0.046171516,0.045080435,0.045253113,0.046407826,0.040827587,0.048536196,0.06392105,0.05196943,0.05090969,0.04215692,0.05544518,0.044421755,0.0448187,0.041244656,0.049941383,0.05305422,0.057418615,0.051638957,0.036741674,0.054181635,0.050245397,0.059259765,0.045535088,0.046366,0.047603525,0.057875548,0.054001525,0.037278943,0.05058316,0.054060854,0.05157043,0.04704096,0.049201205,0.05918349,0.05709251,0.037381694,0.05034142,0.047675095,0.058226556,0.05560634,0.05610854,0.053623565,0.043001622,0.036257908,0.047347493,0.039063726,0.05162085,0.047750592,0.044453103,0.04710174,0.03523235,0.04941465,0.043197364,0.04025593,0.047907352,0.04260358,0.041866966,0.06498201,0.03276289,0.0603218,0.056722045,0.056550644,0.05071927,0.044220258,0.040655684,0.035685718,0.050044253,0.050957646,0.037809722,0.05150294,0.037160836,0.047297947,0.057553075,0.043399632,0.035773836,0.039505135,0.057624236,0.06398217,0.05513288,0.050861068,0.03452964,0.057696134,0.047715962,0.058276165,0.056759357,0.042721577,0.052347645,0.050009005,0.03734933,0.060923077,0.055672057,0.045413535,0.042969793,0.048822034,0.040341653,0.04258851,0.051031955,0.07237217,0.052674122,0.047085755,0.05864609,0.04958412,0.051112264,0.07067588,0.041882213,0.043987475,0.05196169,0.057263516,0.048244484,0.037620995,0.036707986,0.059478253
0.85444725,0.8769311,0.8699957,0.8788957,0.86620075,0.8702939,0.8698838,0.8634179,0.8625712,0.86852956,0.8548991,0.8667352,0.8646527,0.85511607,0.8717014,0.87553674,0.8637852,0.8551728,0.848736,0.8586949,0.86346394,0.8847554,0.8585651,0.8575114,0.8534468,0.8687006,0.84218127,0.86364865,0.85737085,0.86394435,0.8751208,0.8662405,0.87183374,0.8590204,0.8614917,0.8554543,0.8481457,0.87092286,0.8667075,0.859561,0.8577444,0.8485163,0.86452734,0.85785836,0.8681539,0.86943394,0.87426037,0.8686099,0.87544805,0.84966415,0.8594587,0.86287904,0.85235393,0.8689114,0.8580972,0.8726497,0.85192096,0.86016333,0.86444086,0.857458,0.8535708,0.86372787,0.86592746,0.86397177,0.8566965,0.8751062,0.8687192,0.8722358,0.8528925,0.858247,0.8667476,0.8656861,0.8597707,0.85736257,0.8518087,0.8507987,0.8576767,0.85254496,0.88120234,0.8513966,0.87127084,0.8599979,0.85356224,0.83994395,0.8698282,0.8573365,0.87238497,0.8605427,0.87011087,0.8654531,0.86109,0.86351234,0.8666764,0.86950547,0.8733395,0.85315233,0.8656662,0.8779394,0.8519448,0.85177284,0.8536497,0.85073435,0.87349874,0.8562813,0.8669991,0.8759355,0.86144364,0.8556789,0.8514358,0.8483959,0.85796165,0.87240666,0.84672886,0.8553991,0.86706495,0.8656838,0.8440363,0.8653013,0.85768163,0.8692217,0.86128914,0.8635685,0.8696191,0.8696514,0.87293214,0.86071366,0.8459031,0.85506725,0.85257924,0.8627883,0.8471003,0.87374747,0.8473358,0.8684195,0.86483055,0.85952765,0.8645343,0.86365676,0.8525286,0.87633073,0.8556442,0.8643858,0.8733083,0.8575584,0.86536807,0.84395546,0.8539118,0.85948026,0.85604346,0.88187367,0.8585424,0.861592,0.87103057,0.8675993,0.8408942,0.8573616,0.8506596,0.8615643,0.8687703,0.8657172,0.8492871,0.86655533,0.863291,0.8565532,0.86310196,0.8681461,0.86205226,0.85699874,0.8568746,0.84987456,0.8694037,0.8741615,0.8405919,0.85291946,0.857531,0.86156994,0.8633849,0.8544418,0.8551053,0.8615145,0.8565939,0.8630562,0.8704121,0.85213935,0.85507923,0.86774355,0.863348,0.86612713,0.8658101,0.8644548,0.86691767,0.8618059,0.86639357,0.85658365,0.8582555,0.85977566,0.8569126,0.8593467,0.8711052,0.8634011,0.86351484,0.8662965,0.8644945,0.8625189,0.8571148,0.86704063,0.8683572,0.85510314,0.86421907,0.86966705,0.8586301,0.8646027,0.87145364,0.87458575,0.86076826,0.8526417,0.8694216,0.8617125,0.8551389,0.85500324,0.8538243,0.84604067,0.87334615,0.85748994,0.8629978,0.8671054,0.8857986,0.8555841,0.85367936,0.85986733,0.8694152,0.8713588,0.8624126,0.85472506,0.8593533,0.8714817,0.86623335,0.8588717,0.848726,0.85503477,0.8710761,0.8564839,0.8684848,0.8670475,0.8747447,0.8648455,0.8618697,0.8609964,0.8661243,0.8709999,0.858135,0.86547697,0.8538991,0.8474082,0.8658157,0.845086,0.87670124,0.8718805,0.8687427,0.8507099,0.84892577,0.8674142,0.8534126,0.86175215,0.8574007,0.8675989,0.8636584,0.8613845,0.85605043,0.8663868,0.87096727,0.8633333,0.85272,0.8637353,0.8624477,0.8604005,0.86139864,0.85997504,0.8488673,0.858817,0.854452,0.87431717,0.8637806,0.8670958,0.8756475,0.86136067,0.8498879,0.8623462,0.8658653,0.85165024,0.86728626,0.8645803,0.8711799,0.8592621,0.8743838,0.868379,0.85663384,0.8771427,0.8490511,0.86668414,0.861857,0.8634881,0.8476359,0.8700331,0.84348977,0.8677611,0.8536432,0.8651464,0.8726062,0.85958445,0.8587081,0.86913574,0.8818278,0.8666034,0.8492239,0.8666757,0.85619265,0.8794903,0.85940146,0.861267,0.8804105,0.86092883,0.8522778,0.85064036,0.8699738,0.8486878,0.85394096,0.86549044,0.84916735,0.855051,0.85759443,0.86214393,0.8617396,0.85795754,0.8581718,0.85494876,0.8677875,0.86482763,0.84771043,0.85617816,0.85877293,0.866542,0.8624327,0.8550485,0.860934,0.8721408,0.8629165,0.8607439,0.86642414,0.86322975,0.84984803,0.86580336,0.85806507,0.86467016,0.8582025,0.8425882,0.86054945,0.86532915,0.86234134,0.85135907,0.86655045,0.8585757,0.8589658,0.86773133,0.86516,0.86419845,0.8579234,0.8561565,0.86670977,0.8609045,0.8620739,0.8495233,0.8667389,0.86163545,0.8584911,0.86165065,0.8581037,0.8608661,0.8434001,0.8604384,0.8620428,0.84881425,0.86217207,0.86518526,0.84720683,0.88185453,0.85485345,0.8497037,0.86260486,0.87866163,0.883053,0.8566507,0.8551693,0.8627156,0.8711522,0.8493646,0.8627331,0.8553374,0.87196416,0.86581916,0.8736273,0.86761636,0.8506383,0.8463435,0.8659535,0.86675686,0.859756,0.8689618,0.8628471,0.8685108,0.8576684,0.8563453,0.85710746,0.8735719,0.86923796,0.8618283,0.8665755,0.8510298,0.8554916,0.8691406,0.87043357,0.85121685,0.86902934,0.86003774,0.8686436,0.8626254,0.8574557,0.87496126,0.85408753,0.85242426,0.8685296,0.8638702,0.8743451,0.8800758,0.8674476,0.8543297,0.85005766,0.86414427,0.8506465,0.84497404,0.85038424,0.8682843,0.86117667,0.8769268,0.85997367,0.8632422,0.86259705,0.8684887,0.84393394,0.87103957,0.8598512,0.8555679,0.86282766,0.8600902,0.8674591,0.8520488,0.86789304,0.87628853,0.8561906,0.8657886,0.87640107,0.8669053,0.8631061,0.86137474,0.8685605,0.86757845,0.86007494,0.87049776,0.8667996,0.8616835,0.87045103,0.8723208,0.8652859,0.85079473,0.86667275,0.85122764,0.86190605,0.8631336,0.8549391,0.85484606,0.8646907,0.8760481,0.8565698,0.85998714,0.8621166,0.8501499,0.8570136,0.8609697,0.85477674,0.8550112,0.8605082,0.8495973,0.85762936,0.8577726,0.8518614,0.869531,0.87738895,0.8687124,0.86249244,0.86910963,0.85964465,0.86871594,0.8693606,0.86016554,0.87467605,0.8702727,0.8542221,0.86364514,0.8654808,0.863174,0.86552143,0.86211956,0.8706153,0.86274546,0.87064147,0.8447892,0.87774,0.8441853,0.8599456,0.86278546,0.8598318,0.8766095,0.85653394,0.8622674,0.85370433,0.8663201,0.8537001,0.8621207,0.8706034,0.8551897,0.87282664,0.86143976,0.86099046,0.8634525,0.86758846,0.85550475,0.8638969,0.865622,0.8617532,0.8546083,0.8705903,0.8571343,0.86693305,0.85844505,0.86247057,0.8687716,0.86776024,0.8635855,0.87374413,0.8560559,0.8607084,0.87727714,0.8684589,0.88624614,0.84995556,0.8679031,0.8699124,0.8627377,0.8873957,0.872017,0.85531265,0.84882915,0.8581292,0.8735936,0.86992216,0.8520923,0.8667678,0.872414,0.8608343,0.85289055,0.8750415,0.88008857,0.85586673,0.8688716,0.8628457,0.8516837,0.8615398,0.87512106,0.8687834,0.85731655,0.8606097,0.8687808,0.8639674,0.8563232,0.8550379,0.8752275,0.86185104,0.8574747,0.87962216,0.85423553,0.8792545,0.862023,0.8646121,0.86192447,0.85807705,0.85342467,0.8838814,0.85941595,0.85515815,0.8680515,0.86566377,0.8622688,0.85852486,0.8534872,0.8452823,0.864098,0.8624175,0.86670774,0.8509827,0.8555566,0.8616508,0.8603216,0.8602021,0.85273504,0.86341494,0.8625998,0.8626366,0.8472718,0.8642817,0.87112856,0.86003566,0.86156183,0.87151134,0.8509534,0.85873723,0.8705415,0.86422914,0.86312234,0.8638692,0.86210114,0.8542152,0.8728181,0.86019564,0.8738233,0.8705351,0.8692984,0.86716944,0.8583806,0.8594887,0.8569571,0.86223096,0.864843,0.8600471,0.8683359,0.8694316,0.86535394,0.8619287,0.87495315,0.8618698,0.8527776,0.87422454,0.8703773,0.8604133,0.8598596,0.8565955,0.8663945,0.86784875,0.8429765,0.84928215,0.8512647,0.871835,0.8649325,0.8560505,0.84661245,0.8606915,0.8611652,0.8637895,0.86031085,0.85527587,0.85988504,0.85189074,0.8510058,0.8624,0.86346996,0.8679349,0.86683923,0.8620841,0.86342126,0.8700917,0.87050295,0.8580711,0.8630458,0.8662339,0.8632363,0.84951895,0.86341655,0.85855484,0.8731936,0.8667666,0.8635818,0.8727311,0.8691882,0.87265265,0.86997896,0.8545935,0.860113,0.85805386,0.86657554,0.8754199,0.8600685,0.8636863,0.8809035,0.87054515,0.86001265,0.860164,0.8607537,0.8661915,0.8667839,0.8741758,0.8581911,0.86194855,0.88020074,0.8630518,0.8728765,0.8607586,0.8541818,0.85907906,0.8784859,0.8647568,0.8429541,0.86379457,0.85767436,0.8560399,0.8466577,0.86776924,0.87282115,0.85845363,0.86450624,0.8625531,0.8527623,0.86977684,0.86341006,0.85224414,0.8488188,0.8454794,0.8681549,0.86513466,0.8702687,0.86205876,0.87232345,0.85566956,0.8569484,0.8592506,0.85713136,0.8732685,0.8651664,0.869836,0.8526991,0.8693055,0.8689517,0.8636423,0.86930233,0.8653172,0.8716159,0.8606562,0.86146855,0.85563815,0.87058157,0.8631181,0.8742087,0.85072964,0.8543985,0.86162245,0.8694513,0.8554441,0.8708228,0.8679832,0.85488325,0.86540014,0.8611478,0.86119545,0.86942536,0.87527597,0.8656655,0.8702432,0.86342293,0.857565,0.85783994,0.87583023,0.8567225,0.8778926,0.8551585,0.86394,0.865583,0.8674889,0.8558959,0.8629719,0.8759922,0.85311806,0.8585288,0.86464345,0.85219276,0.8680717,0.8595567,0.8565352,0.8386958,0.86012053,0.8507099,0.8452468,0.8733584,0.8563841,0.8621332,0.8646977,0.85288423,0.85219157,0.87067306,0.8722508,0.8617597,0.87631905,0.87225485,0.8770086,0.86555326,0.86863464,0.8668193,0.8696835,0.85231787,0.85550606,0.8581527,0.86070436,0.8676331,0.85513854,0.86396056,0.8605188,0.86532104,0.8640714,0.8645627,0.8545321,0.8668054,0.85673374,0.85353917,0.87323064,0.8654108,0.8564475,0.8712481,0.8651839,0.86656564,0.85781866,0.87013507,0.8764353,0.8529243,0.8612736,0.8736899,0.8589086,0.8710833,0.853184,0.8639471,0.8642192,0.85365915,0.8719911,0.84159017,0.85181534,0.85107464,0.86166495,0.85598963,0.8414942,0.85004663,0.8547574,0.86087584,0.8707725,0.86461085,0.8647344,0.86411446,0.85963714,0.8709372,0.8536089,0.8564581,0.86520433,0.8604468,0.8686699,0.86764795,0.8685378,0.87573725,0.87760514,0.8542296,0.856225,0.8643579,0.86257905,0.8666009,0.8380877,0.87161887,0.8670831,0.8712219,0.87370384,0.85901296,0.8686372,0.8752967,0.84660095,0.8588679,0.8563207,0.86868024,0.854701,0.86189055,0.8592381,0.8764407,0.8546714,0.8620855,0.8660012,0.86315495,0.8626679,0.8551446,0.87197036,0.8546135,0.84992826,0.87045157,0.87244004,0.8713836,0.85028774,0.8666245,0.86276394,0.86870474,0.85112005,0.85735744,0.87432516,0.8772497,0.8658979,0.86131567,0.86906785,0.86290634,0.8608344,0.8665805,0.8548207,0.86774653,0.8578813,0.8682473,0.85115635,0.86059564,0.8595848,0.8620728,0.8379684,0.8545455,0.8591796,0.8564744,0.85951805,0.873183,0.8545732,0.858844,0.85707545,0.8782137,0.8475189,0.85539365,0.8545147,0.86370784,0.87097067,0.8577564,0.8666432,0.85814226,0.8546543,0.87059015,0.86230123,0.8503388,0.8591562,0.8678395,0.8513786,0.8776177,0.85244256,0.86537814,0.8724698,0.849811,0.85656613,0.8617832,0.850222,0.8721322,0.85588175,0.8574589,0.86113834,0.8609275,0.84724426,0.858905,0.86160725,0.8661065,0.86569184,0.86848783,0.8590597,0.8644491,0.8684028,0.8596258,0.8682193,0.8712284,0.8666567,0.85626215,0.8596366,0.8646737,0.8514299,0.86107737,0.86772746,0.8571312,0.85636485,0.8646618,0.86332506,0.8521849,0.8462933,0.8681314,0.86709696,0.8628016,0.8635656,0.848804,0.85050553,0.8630823,0.8571646,0.8656186
0.93175197,0.9227521,0.92303073,0.92040944,0.9329034,0.9305518,0.9238897,0.9363909,0.9212766,0.908537,0.90910333,0.9247834,0.9199182,0.9334927,0.9211165,0.9335876,0.9186339,0.9078259,0.9172741,0.93039405,0.9149469,0.9251391,0.9280268,0.9198812,0.9156314,0.9196267,0.91297054,0.92331517,0.9200119,0.9260074,0.91040474,0.92548305,0.9220017,0.92402077,0.9222705,0.91753614,0.9146489,0.91707087,0.92649776,0.91407615,0.9358465,0.8991573,0.917362,0.91358113,0.92487943,0.9329274,0.92566717,0.9153706,0.93406165,0.90933704,0.9221235,0.913354,0.9151968,0.9244658,0.9216925,0.9312325,0.9327228,0.91614276,0.9306136,0.9246584,0.9298021,0.9191906,0.9222711,0.9012064,0.9206599,0.92595744,0.9375739,0.9293482,0.9138843,0.92420995,0.9088338,0.9209301,0.92728055,0.9124339,0.9259032,0.920164,0.9259996,0.92399365,0.92351913,0.93031657,0.93352824,0.9014628,0.9103652,0.92516655,0.91299796,0.9272902,0.91343176,0.9196159,0.92114073,0.9319168,0.9141488,0.92861617,0.93088347,0.9192376,0.93122965,0.9137068,0.9390735,0.9246976,0.91371655,0.92508924,0.91444373,0.90848935,0.9162772,0.9209879,0.9193361,0.93300116,0.9251354,0.9206098,0.9096253,0.9268038,0.92946434,0.93318415,0.91662645,0.9101649,0.93221706,0.9121563,0.9144029,0.9169187,0.91215456,0.9067604,0.90988207,0.9326606,0.9377234,0.93496484,0.939886,0.9237381,0.9142534,0.9314752,0.90184575,0.92471784,0.92322075,0.9255064,0.91936886,0.9305286,0.9329933,0.9141987,0.9184017,0.93571323,0.93017966,0.9244302,0.9201944,0.93254656,0.9210918,0.9200849,0.92954606,0.9049114,0.92240006,0.90115196,0.9063378,0.9266207,0.9211479,0.9375231,0.91166866,0.92356205,0.91583985,0.91987044,0.92601836,0.92701757,0.91763306,0.92685956,0.92274135,0.9216465,0.9356357,0.93589944,0.92905504,0.9296877,0.9189941,0.91216,0.91680676,0.9235708,0.92916703,0.91468483,0.89962775,0.9180618,0.92340654,0.91626334,0.9102839,0.9080919,0.91856325,0.9135027,0.9194113,0.9056425,0.935168,0.92477196,0.933964,0.9299148,0.93453157,0.90595347,0.9199081,0.9212296,0.90835893,0.9079833,0.9257206,0.9156029,0.90876144,0.93008006,0.9147251,0.92689073,0.9355615,0.9324205,0.9358942,0.9080143,0.9186133,0.9303432,0.90828496,0.91516465,0.9302663,0.9109585,0.91592914,0.9309304,0.92474294,0.9426164,0.93051845,0.9158586,0.94038606,0.914138,0.9215092,0.91448164,0.9332692,0.93694484,0.91955084,0.923522,0.92482597,0.9142927,0.92851985,0.9101896,0.93815506,0.9089348,0.93384933,0.91850835,0.94629353,0.9225274,0.9164596,0.9029934,0.9129613,0.9256569,0.9083819,0.91531724,0.91736346,0.92875296,0.9169626,0.9310132,0.9423177,0.9383153,0.9296086,0.9367525,0.92902285,0.9156196,0.91461533,0.9254378,0.89852065,0.9192269,0.9120157,0.91340524,0.9214133,0.91155934,0.91890204,0.94542235,0.91987073,0.91122955,0.9194396,0.92635053,0.92480636,0.9338339,0.9141255,0.9299396,0.9195064,0.9176693,0.9276119,0.9347425,0.92412096,0.9047177,0.931625,0.91829044,0.9128365,0.927651,0.91777235,0.91391927,0.9129899,0.9057191,0.90769666,0.9396223,0.923889,0.92271346,0.9265556,0.9083518,0.9207622,0.9234131,0.92570025,0.9202827,0.9311322,0.93717027,0.9269553,0.93290913,0.9311496,0.9149733,0.92270786,0.9365137,0.9225855,0.9258615,0.92109114,0.9302961,0.90968245,0.9207683,0.9030974,0.9329086,0.92469347,0.90980816,0.936367,0.9249238,0.9061286,0.9194901,0.9365632,0.920544,0.92917466,0.9200001,0.926785,0.92623097,0.9237,0.9205951,0.92472696,0.9332374,0.92611116,0.9102196,0.95016015,0.9232178,0.906672,0.9119628,0.91954154,0.9217707,0.92134506,0.9121565,0.9175038,0.91695994,0.91177124,0.9210389,0.9353763,0.90973926,0.91648686,0.91546714,0.9186738,0.91804826,0.93533134,0.9111709,0.91479135,0.9341532,0.93525624,0.9100798,0.9182894,0.9238221,0.9223328,0.9244655,0.9215408,0.9282183,0.93488675,0.93039393,0.91372895,0.9189196,0.9164275,0.92692244,0.9157413,0.9157927,0.9302153,0.92444134,0.920083,0.9157322,0.92976326,0.9263552,0.9211009,0.9261716,0.9155987,0.9177655,0.93506885,0.9260676,0.90561795,0.921193,0.9297794,0.9300338,0.9209263,0.9130195,0.930121,0.9201765,0.9176652,0.92098826,0.92158186,0.9161386,0.9100878,0.9230371,0.91254395,0.9180495,0.94345206,0.9258994,0.92117083,0.93965244,0.9309127,0.93302476,0.918214,0.90419316,0.92355114,0.91918147,0.9261351,0.9302163,0.92405844,0.91765505,0.93240863,0.90821767,0.9312024,0.9323042,0.92939943,0.91635156,0.90324885,0.9230126,0.9248898,0.9236558,0.93177694,0.9281543,0.92194015,0.913816,0.9169754,0.92262864,0.9288089,0.92689717,0.918593,0.9335329,0.91313076,0.91715467,0.92166954,0.94379056,0.9135097,0.9088647,0.9164194,0.9278425,0.92949414,0.9400311,0.91388637,0.90399945,0.9298878,0.9239101,0.9167885,0.9273946,0.9132623,0.9239233,0.92349964,0.9340984,0.9298059,0.9190398,0.9134023,0.91418326,0.9204242,0.9190633,0.9282858,0.92325836,0.9180966,0.9079086,0.90901875,0.90601593,0.92541426,0.91027695,0.93053055,0.9114932,0.9196617,0.91805345,0.9157413,0.91829365,0.93471843,0.91254956,0.92870575,0.92656404,0.92302364,0.91673255,0.934523,0.9318146,0.9218466,0.92846996,0.917424,0.90958905,0.90920913,0.931808,0.9237673,0.9274907,0.92084503,0.9110339,0.91833735,0.91173625,0.9275116,0.91865504,0.9165436,0.92051667,0.90910584,0.92462176,0.922951,0.9049529,0.9232792,0.9109407,0.91702807,0.9323894,0.9272898,0.9321625,0.9347332,0.9236578,0.925724,0.9188742,0.9294514,0.91872346,0.93525165,0.92916834,0.91255444,0.9134264,0.9115901,0.93820965,0.92378473,0.9297575,0.92751956,0.9166078,0.91618305,0.9072875,0.9248703,0.9219475,0.913203,0.92760944,0.9368444,0.91122335,0.92359453,0.9231038,0.9212582,0.9202525,0.9325221,0.92496085,0.9292579,0.92070454,0.9383146,0.93284976,0.9217908,0.9214896,0.9197818,0.9211747,0.9171622,0.91606236,0.9218221,0.92354006,0.94412315,0.93231374,0.9230352,0.9209957,0.91489226,0.92625564,0.9212735,0.9240102,0.92566913,0.9227274,0.93374693,0.9238814,0.92178476,0.92982435,0.930604,0.9277454,0.9263993,0.916699,0.93766695,0.90828186,0.9186868,0.91812503,0.91336083,0.9112702,0.9299274,0.91112804,0.91620874,0.9331317,0.9133684,0.93007696,0.9174383,0.93731874,0.90816456,0.9246145,0.9174362,0.92113316,0.9206642,0.94022405,0.9216829,0.90847796,0.91849077,0.9251587,0.93153864,0.93213135,0.9182898,0.91641885,0.9078301,0.93195283,0.93424046,0.9212503,0.92822015,0.9180604,0.9193083,0.9223685,0.9221131,0.9157807,0.92262715,0.9188635,0.9105834,0.92072684,0.92720944,0.9101778,0.9222893,0.9118617,0.9134472,0.9190607,0.9101023,0.92989653,0.9122432,0.9016501,0.91547215,0.9174533,0.9324643,0.91104305,0.9166722,0.9346561,0.92375416,0.91533065,0.93066686,0.91117346,0.9115091,0.92691135,0.9151408,0.9006535,0.9220665,0.9272173,0.92557895,0.91640246,0.91503465,0.91045755,0.8988731,0.9295385,0.9228212,0.9382908,0.9334037,0.9273122,0.9075828,0.9215399,0.9260147,0.9223158,0.9109959,0.91854095,0.90990007,0.941107,0.9171541,0.9192143,0.92998576,0.932759,0.9114613,0.9271995,0.93000126,0.93200433,0.9094541,0.9189158,0.9091368,0.9200788,0.93669075,0.91449404,0.9164993,0.91581506,0.9324497,0.9350205,0.9191614,0.91766757,0.91074795,0.9184926,0.91960764,0.9199399,0.92301375,0.914236,0.92218965,0.9326599,0.93432426,0.91916716,0.91833496,0.9120382,0.92507863,0.91046345,0.9172017,0.91675603,0.91476595,0.9339484,0.92871535,0.92326075,0.9151694,0.92943275,0.91995114,0.93428296,0.9163215,0.91026515,0.9223534,0.9377615,0.92427975,0.9086228,0.91405195,0.9217159,0.9198919,0.90412194,0.90496016,0.93121207,0.9297447,0.9480998,0.92620784,0.9141147,0.91973585,0.9134115,0.9184392,0.9137646,0.932908,0.9260781,0.92837846,0.923338,0.9169281,0.9252085,0.9209021,0.9269167,0.9155753,0.93174756,0.92391723,0.9032498,0.9225093,0.9189745,0.9144017,0.9098934,0.91306484,0.9256367,0.9174536,0.92971414,0.915555,0.92561823,0.9370729,0.9253679,0.92658097,0.92926604,0.9116431,0.9163845,0.9122891,0.9337718,0.9165915,0.9312234,0.91564417,0.9089037,0.92544967,0.92949194,0.9309605,0.9244626,0.91837406,0.9050831,0.9360718,0.93118215,0.92431307,0.91128457,0.9183479,0.9281006,0.91561306,0.9256903,0.9143424,0.93036854,0.9099299,0.9182809,0.9223199,0.92234635,0.9142488,0.94593954,0.912046,0.9267072,0.9152116,0.9255041,0.90635175,0.92016,0.9218302,0.91963494,0.9253288,0.9370947,0.9177989,0.92078286,0.909369,0.91711414,0.9184113,0.9145512,0.919739,0.91882694,0.923618,0.9190834,0.92825013,0.90675795,0.93007874,0.9240546,0.91808635,0.92417276,0.92705023,0.92536306,0.91190594,0.9156845,0.91895515,0.91625684,0.91117543,0.92411274,0.9080514,0.93139076,0.9191276,0.9247894,0.92369473,0.91198313,0.92040837,0.9236006,0.9217647,0.9277789,0.9215212,0.936694,0.9284073,0.9186372,0.917244,0.9238295,0.9168655,0.9240775,0.9289288,0.9089246,0.9201056,0.921173,0.9111444,0.9264548,0.9225694,0.9192074,0.9293631,0.9242506,0.9186611,0.91574126,0.9328219,0.91971964,0.921892,0.9149464,0.9115251,0.9377932,0.9230244,0.92900276,0.9217865,0.9121303,0.9168752,0.9076907,0.9129009,0.9246155,0.9054457,0.930488,0.91526294,0.9200444,0.9245507,0.9159275,0.91182584,0.9068401,0.9174243,0.9096903,0.9305619,0.91793233,0.91005176,0.9157126,0.92010134,0.90607005,0.92416203,0.9103703,0.92826307,0.9250385,0.9216192,0.93672544,0.9285909,0.93141013,0.9148733,0.92076886,0.9158437,0.9262237,0.9221549,0.93330145,0.92924577,0.9165982,0.9108212,0.91660696,0.9339005,0.91088235,0.9077504,0.9136036,0.93083084,0.9177375,0.9388783,0.90916044,0.9202122,0.9230663,0.90991825,0.9253987,0.92787343,0.9026472,0.9234643,0.92190725,0.9228959,0.9313518,0.91682196,0.924203,0.92616487,0.9333298,0.91325575,0.9224369,0.92853016,0.9313126,0.9195636,0.92943096,0.93355995,0.91286874,0.9125794,0.9147248,0.9297519,0.9263603,0.92053163,0.9300138,0.91929346,0.91843545,0.9276934,0.93074864,0.9256185,0.9178832,0.9111822,0.9220177,0.9245426,0.9317085,0.9226383,0.92366827,0.90956914,0.92051256,0.9148084,0.91300964,0.9186317,0.9220165,0.9200568,0.92568487,0.91500944,0.9294987,0.9186732,0.9095845,0.91271394,0.92774224,0.9163883,0.9322412,0.9262127,0.91837686,0.92722255,0.92292434,0.9271465,0.93375134,0.91121805,0.92829347,0.9288111,0.91666186,0.91605806,0.92071784,0.92780465,0.9480481,0.9155711,0.9272872,0.9302756,0.916991,0.93109447,0.93301344,0.9284006,0.9217763,0.9276494,0.92880046,0.9145017,0.91096574,0.9149659,0.9267809,0.94433385,0.9171405,0.92933214,0.9333469,0.91424304,0.9379333,0.93034786,0.91141886,0.92254347,0.9346119,0.917628,0.90915257,0.92799413,0.9230972,0.9102278,0.93285954,0.92421067,0.9258796,0.9271612,0.91711205,0.9349639,0.9267157,0.925185,0.9107689,0.9390058,0.92434984,0.92254746,0.90714705,0.9130722,0.9230618,0.9173307,0.91721016
0.8970096,0.8820936,0.8809095,0.8834943,0.89143157,0.87854743,0.90497375,0.8816065,0.8778165,0.88026166,0.8868087,0.8816128,0.8797825,0.881972,0.8948886,0.8935638,0.87921214,0.8946539,0.87035346,0.8639394,0.88868535,0.88425684,0.88010573,0.88327026,0.8836423,0.883376,0.8682174,0.88490075,0.8846367,0.8897225,0.8904008,0.8929718,0.8853537,0.88705444,0.88376814,0.87770766,0.8809041,0.89186275,0.87399423,0.87568283,0.8878203,0.87909657,0.8821549,0.87379044,0.8975946,0.8913547,0.8908317,0.8690184,0.8937536,0.89365643,0.89557993,0.8906758,0.8847817,0.885656,0.87836117,0.8892496,0.87352085,0.86992836,0.8749606,0.8882674,0.8830736,0.9002543,0.88703775,0.90042496,0.88310874,0.888895,0.8895541,0.87845373,0.88596994,0.88459355,0.86792773,0.8970253,0.8824451,0.8855152,0.8832699,0.8854639,0.88307124,0.8828219,0.8941453,0.879108,0.9001257,0.8845108,0.89414275,0.88879025,0.87448984,0.8801838,0.88110584,0.87464154,0.87328875,0.87958026,0.8828445,0.8853422,0.88939416,0.88874483,0.88899475,0.88484013,0.8730003,0.8919477,0.87938,0.88946146,0.87591755,0.8795593,0.883168,0.8928376,0.903242,0.87920964,0.88892823,0.88639635,0.88358057,0.89889336,0.8803366,0.8841522,0.8958567,0.8777742,0.88867486,0.8855818,0.88151383,0.89021295,0.8756153,0.8793648,0.876661,0.9025417,0.8806162,0.90132856,0.8935579,0.88853335,0.8787002,0.89925086,0.87895006,0.8889611,0.87949145,0.89014304,0.89192975,0.8867892,0.88653105,0.88379145,0.877887,0.89339584,0.8929271,0.8868862,0.87779427,0.89174366,0.8870701,0.88001084,0.89438134,0.87601876,0.8823132,0.8803497,0.87948126,0.8916765,0.8924128,0.88892406,0.90051925,0.8702732,0.8913499,0.872058,0.8769091,0.8874226,0.8724321,0.89201593,0.88344496,0.89178085,0.90189743,0.88781345,0.8842058,0.8892051,0.875568,0.9045797,0.883977,0.8681043,0.8895004,0.8901278,0.8709015,0.8829575,0.8982464,0.8875314,0.88555735,0.8765374,0.88851297,0.8925774,0.8782542,0.8869303,0.8878261,0.89266044,0.8931356,0.8953591,0.89116836,0.8777354,0.8808312,0.8805769,0.87530625,0.90190995,0.88468874,0.8737321,0.8839995,0.89547914,0.87267566,0.8747401,0.88595194,0.88288593,0.8988828,0.8969134,0.87725997,0.89437246,0.8811227,0.88259697,0.896145,0.88196474,0.88374984,0.880692,0.87801445,0.88510525,0.8849708,0.89787716,0.9038327,0.890568,0.8922395,0.88686675,0.8876652,0.8902399,0.8803374,0.887799,0.8909048,0.8930751,0.9000195,0.88831055,0.8888444,0.8862559,0.8971268,0.88633037,0.88534206,0.8798101,0.8884895,0.88647723,0.88881165,0.88006604,0.8868992,0.8833358,0.87357926,0.8744217,0.8848242,0.88555366,0.8746079,0.8796509,0.8836137,0.8830786,0.8899329,0.88766474,0.8820184,0.9032447,0.8845804,0.89367163,0.88784707,0.868122,0.8728455,0.87364423,0.890348,0.8787241,0.8893558,0.88401836,0.8776438,0.87470245,0.8847529,0.87885475,0.88407016,0.89545476,0.8921661,0.88323355,0.87780875,0.8829717,0.8823502,0.8908585,0.87408274,0.8935039,0.8810425,0.8855265,0.8783103,0.8835834,0.8683769,0.87997025,0.86810523,0.894759,0.89028764,0.8812445,0.88135946,0.8862718,0.8916189,0.88091725,0.8919372,0.8702644,0.887625,0.8897194,0.89516866,0.8862997,0.89042336,0.8965631,0.88774776,0.8813075,0.8746025,0.8715893,0.8911535,0.9005044,0.8945367,0.88189733,0.8765625,0.87787294,0.8878927,0.88582134,0.9024489,0.88710994,0.87723994,0.87421995,0.87715256,0.87874746,0.88298357,0.88385516,0.87620485,0.88260454,0.9041163,0.89531595,0.87461114,0.89212465,0.8780792,0.87189144,0.88898224,0.8882728,0.88227564,0.8848914,0.8857648,0.8946919,0.8795031,0.89334005,0.8874281,0.8743879,0.8813356,0.8786566,0.88820374,0.8921494,0.8833106,0.8974864,0.87723726,0.8976036,0.88547015,0.87529236,0.8758403,0.8968251,0.89506435,0.8896248,0.8782317,0.89365506,0.88323474,0.8863484,0.876121,0.8792911,0.89462006,0.8800899,0.88809884,0.8809729,0.87168324,0.89029956,0.8874757,0.8824214,0.88865155,0.87704486,0.88487417,0.88683355,0.8909273,0.8912379,0.8824462,0.88842154,0.878254,0.8943834,0.8912325,0.8962492,0.88914216,0.87220705,0.8866686,0.89562726,0.8918663,0.89193034,0.88304985,0.88030505,0.8986764,0.88364434,0.88470393,0.89329505,0.8907683,0.8853056,0.8909561,0.8921972,0.87459314,0.8888465,0.87621564,0.87847,0.894397,0.8821446,0.8770168,0.8814051,0.8878614,0.87475264,0.8843224,0.887408,0.89308566,0.8784314,0.88304317,0.8754892,0.894988,0.88804793,0.8766432,0.880781,0.8752751,0.88101697,0.8834671,0.8979327,0.88317454,0.89400893,0.88759947,0.8804734,0.89783406,0.88439494,0.8806663,0.8788969,0.8806066,0.89121956,0.88729393,0.8673465,0.88190466,0.8791594,0.88467884,0.87299794,0.88586766,0.88768566,0.89198124,0.8910383,0.8934156,0.88511646,0.88528746,0.88564485,0.89327586,0.8769862,0.8645503,0.8810371,0.90012383,0.8897738,0.8950911,0.8950226,0.893542,0.8833638,0.8875079,0.90083617,0.88162786,0.87510526,0.89264494,0.8940449,0.8756376,0.87369496,0.8958319,0.88801223,0.8848954,0.90557027,0.8960414,0.89941144,0.8775177,0.8864692,0.88661563,0.8891629,0.8778414,0.8950138,0.8824255,0.8812357,0.8916866,0.9022443,0.90260315,0.8807036,0.8926394,0.88195,0.88847965,0.8926993,0.8779057,0.87848276,0.8893952,0.8659969,0.8823345,0.87928057,0.8825952,0.8740476,0.8928914,0.88750136,0.87800074,0.8827894,0.89224833,0.87047744,0.89470845,0.8732639,0.8963071,0.89362466,0.87414205,0.885683,0.89201856,0.87608045,0.88999665,0.8985902,0.90239954,0.87411875,0.88776433,0.8844522,0.8958282,0.8822776,0.88796294,0.8837164,0.88143575,0.88578737,0.8763134,0.87036055,0.9001315,0.88792396,0.8885665,0.8655098,0.8785822,0.8848795,0.8805113,0.88120425,0.8747947,0.87593657,0.88183576,0.8773088,0.88497514,0.8918016,0.89589506,0.86711556,0.89898294,0.8844436,0.8884504,0.89493614,0.8889379,0.8848956,0.8791972,0.9068651,0.8754332,0.8844593,0.8984873,0.8887686,0.88385373,0.88153726,0.8944585,0.88233036,0.90169114,0.8803189,0.88812643,0.89572257,0.8965663,0.8973933,0.89818054,0.9001053,0.8689042,0.8793425,0.8941031,0.88250136,0.8909174,0.8796088,0.88914037,0.8823771,0.88491863,0.89872944,0.90494007,0.8800432,0.87849927,0.9018176,0.88151973,0.8874865,0.89814186,0.88896346,0.8811455,0.8841544,0.89291096,0.88556445,0.89557666,0.87807167,0.88632584,0.8804616,0.87666976,0.8923317,0.8783043,0.88733584,0.90400773,0.90081406,0.8852499,0.8921273,0.8809971,0.88726807,0.90103644,0.8672669,0.88532454,0.8861274,0.8833871,0.8901354,0.8841968,0.88401276,0.885793,0.8827388,0.8929376,0.8938477,0.8833863,0.89067835,0.88841635,0.88635594,0.89096224,0.8946785,0.87851304,0.8940112,0.9002127,0.8778248,0.8845725,0.89722157,0.8888325,0.8814636,0.9029337,0.8951449,0.87306273,0.88859624,0.8857534,0.8864329,0.8923054,0.8798657,0.88257116,0.90843946,0.8727192,0.8845971,0.8931226,0.88867205,0.88326555,0.8747645,0.88951993,0.9136254,0.8829553,0.8829607,0.8822427,0.8892909,0.88249105,0.8766779,0.8820573,0.87496734,0.8680103,0.8969306,0.896073,0.8869358,0.8947329,0.90105563,0.8705522,0.88143027,0.89059436,0.89694065,0.8755305,0.87663764,0.8915329,0.88026863,0.8922168,0.8800784,0.8839251,0.8831278,0.90212214,0.88704914,0.86394316,0.8929665,0.874871,0.87827927,0.8996333,0.8877829,0.8875478,0.87763226,0.88828063,0.8853768,0.88805205,0.8858874,0.8724048,0.8853785,0.889531,0.8864279,0.88358504,0.8965226,0.88279855,0.882358,0.88693064,0.8831651,0.8965149,0.8895809,0.8915421,0.88503844,0.90408856,0.87230355,0.89614016,0.8898598,0.86693156,0.886362,0.8903188,0.884499,0.88180244,0.88853055,0.9029312,0.8925101,0.88347924,0.8884978,0.88580054,0.8847054,0.87254524,0.8878507,0.88384,0.8840751,0.8791017,0.8975341,0.9006951,0.88746226,0.8985856,0.8789412,0.8881608,0.8906623,0.8923776,0.87690234,0.8922205,0.87107307,0.8827177,0.8901591,0.8868838,0.86617535,0.8859581,0.875882,0.8981478,0.8952723,0.8904732,0.87573206,0.88673514,0.8813113,0.8818264,0.88622683,0.8916263,0.8988946,0.8799986,0.9043904,0.8880539,0.8808134,0.8904195,0.88515925,0.8827343,0.8799677,0.8947511,0.8903019,0.8853439,0.88592863,0.87775064,0.8870475,0.87985355,0.8803939,0.8781161,0.8658611,0.8828216,0.87681866,0.88924295,0.9004581,0.89513177,0.8953833,0.8823085,0.8727425,0.8961943,0.88840425,0.8737325,0.89778095,0.87355137,0.88583684,0.8805807,0.8830003,0.87565184,0.88178396,0.8827899,0.8782036,0.88428754,0.8867847,0.8874792,0.882005,0.90002227,0.8929246,0.9016211,0.8817261,0.89567435,0.8740783,0.8816829,0.88799816,0.86783254,0.89495766,0.8857751,0.89079994,0.88195825,0.89094496,0.89346963,0.89100367,0.88592887,0.8773341,0.89203364,0.87591285,0.88082343,0.88121426,0.8750965,0.8961704,0.8869437,0.87900823,0.8984562,0.89127386,0.89119077,0.8872262,0.8844401,0.8943678,0.90140396,0.8901681,0.8798008,0.87015444,0.8849442,0.8784164,0.88519955,0.8809852,0.88082373,0.8842225,0.8828989,0.893247,0.8807756,0.87727195,0.8745676,0.8795874,0.8907854,0.882319,0.88367945,0.8966048,0.8724916,0.87891966,0.87047243,0.8901527,0.8758912,0.8958198,0.8809868,0.8708636,0.88697356,0.88261414,0.89154315,0.8964933,0.862958,0.88600296,0.8984863,0.88964176,0.8804772,0.8837909,0.8871827,0.87518996,0.8874058,0.8871038,0.8833851,0.87473106,0.8790712,0.8862818,0.89760387,0.8844775,0.88060087,0.88405585,0.8883363,0.9006302,0.8782905,0.8795543,0.87978625,0.89044195,0.8993768,0.8899073,0.8846024,0.88202614,0.8839327,0.8855985,0.88080555,0.8863922,0.88095385,0.8814449,0.8828035,0.8879879,0.8792881,0.88137496,0.8834169,0.8825324,0.8916154,0.8895241,0.9003162,0.8871682,0.89516026,0.890957,0.8910051,0.8882391,0.8861406,0.88295466,0.88522774,0.8780427,0.8867822,0.8921609,0.8690371,0.8953193,0.89451003,0.88762826,0.88842535,0.8881437,0.8824383,0.89349157,0.8865589,0.899037,0.87006986,0.8822856,0.8902447,0.88505286,0.89358455,0.88081723,0.8673243,0.8764059,0.881754,0.89327526,0.89082247,0.88957006,0.87030685,0.8923065,0.88850516,0.87690717,0.8846428,0.8933828,0.8771351,0.87988216,0.881826,0.8793891,0.87336594,0.8793076,0.89487064,0.87740266,0.87466747,0.87380093,0.8838032,0.8754581,0.8815319,0.8922822,0.8829493,0.89181376,0.89434856,0.8887442,0.882578,0.89358646,0.8850199,0.8864109,0.89867866,0.88508254,0.8914427,0.8788549,0.8909828,0.88316965,0.8837008,0.88642603,0.88274634,0.8997187,0.8923226,0.8870171,0.8880583,0.8780635,0.87674433,0.8896428,0.8783054,0.8898007,0.88110864,0.8748538,0.8710547,0.8853805,0.8920878,0.8727112,0.89420325,0.891507,0.8870925,0.8844393,0.8820543,0.89030325,0.89686954,0.87898475,0.8869698,0.89630824,0.89758784,0.88203686,0.890848,0.8902932,0.8918925,0.8790684,0.88912314,0.8966214,0.8910377,0.8818861,0.88750404,0.87401193,0.88306224,0.8906501,0.8765116,0.8598217,0.88557,0.8966864,0.8814557,0.88346326
0.42697918,0.43351373,0.4447365,0.45252952,0.44911966,0.4449366,0.4325733,0.43567383,0.453081,0.4474377,0.45154262,0.43967336,0.4420481,0.45266557,0.44521844,0.4451464,0.4413639,0.43160346,0.4568926,0.43636185,0.4474582,0.4472878,0.45434427,0.4388052,0.443638,0.43959293,0.44495744,0.42826712,0.43561152,0.45202085,0.42653346,0.44555572,0.43925136,0.43381318,0.44188726,0.43325004,0.44254988,0.4406302,0.44124135,0.453849,0.42095074,0.45850262,0.43038332,0.43761533,0.43140408,0.43061942,0.43506745,0.43286833,0.44314286,0.4313938,0.4462972,0.43246427,0.42972693,0.43801695,0.44644034,0.4327925,0.43681172,0.4427111,0.44131562,0.43834767,0.45127425,0.43547532,0.4298788,0.42985472,0.442975,0.44275463,0.4239949,0.4464638,0.44663167,0.4340972,0.4439951,0.43353122,0.4548827,0.4240893,0.44933885,0.43884826,0.42949963,0.42404804,0.4538656,0.44365478,0.42305252,0.44697475,0.43305475,0.4458396,0.44571108,0.43739557,0.44302115,0.45294628,0.45676374,0.43319196,0.4357067,0.43800718,0.43850675,0.44588453,0.4348351,0.42353737,0.4334732,0.43210173,0.42908847,0.44605035,0.4480549,0.42418092,0.440316,0.41968003,0.43977246,0.45251542,0.4446752,0.43426442,0.43631688,0.4331243,0.45287734,0.42797428,0.42413342,0.4481963,0.45143375,0.44907936,0.43427297,0.45088154,0.45248178,0.42746302,0.45098495,0.4615125,0.45212632,0.43419275,0.45189476,0.43051082,0.4395437,0.42622435,0.43375924,0.43761408,0.46047807,0.46715865,0.44602484,0.4468182,0.44035205,0.43907925,0.42258677,0.43850166,0.44908792,0.43049383,0.44237414,0.43136382,0.4498416,0.443494,0.4208868,0.43650803,0.43715557,0.42358273,0.43891922,0.43549362,0.44024047,0.45011747,0.4501968,0.45087683,0.44196266,0.45826197,0.44429842,0.4465421,0.45135513,0.4329584,0.43763098,0.44509524,0.43178073,0.44230035,0.43639365,0.43043545,0.44818187,0.41590706,0.45678443,0.44306964,0.45429465,0.43002135,0.43620464,0.4154959,0.44229364,0.43323275,0.4317578,0.44411495,0.43003044,0.4285763,0.44620013,0.44413462,0.43673438,0.42065787,0.4436852,0.43191764,0.43363112,0.43486214,0.44215086,0.44829637,0.44451195,0.43625802,0.44896486,0.43647748,0.4406417,0.45202395,0.44079423,0.4498958,0.43241322,0.45426124,0.4523542,0.42266226,0.4469592,0.4347773,0.43541613,0.4532524,0.45179096,0.4531666,0.44061252,0.4360681,0.42982298,0.44454738,0.42706665,0.42726722,0.4278728,0.4420482,0.44134519,0.43384206,0.44301105,0.43362772,0.44380295,0.4337194,0.4290782,0.45032737,0.42504868,0.44589567,0.43188316,0.43778792,0.43811274,0.43491384,0.44226176,0.4446179,0.44718647,0.43282434,0.43000355,0.42993385,0.43867257,0.43852708,0.4506785,0.45352465,0.4425458,0.44506007,0.45932096,0.43151248,0.45605126,0.45323703,0.43733558,0.44074723,0.4397049,0.41785488,0.4581228,0.4380795,0.4327157,0.44143772,0.44338542,0.4486025,0.4479493,0.44085968,0.43263438,0.41640326,0.43725744,0.46350044,0.4361121,0.4453277,0.43751454,0.42248595,0.43990794,0.44053072,0.44504774,0.44985646,0.44669992,0.42816398,0.45124054,0.43428478,0.43039703,0.44133306,0.43432206,0.44252133,0.44524932,0.43928087,0.45135602,0.43515667,0.43465418,0.45333752,0.447293,0.43474904,0.43102753,0.44055167,0.43221444,0.4542649,0.44645602,0.43115497,0.43875125,0.43564036,0.4312748,0.44625625,0.4356919,0.43965158,0.45426294,0.43554163,0.43253928,0.43631992,0.44092506,0.44941118,0.43410167,0.44138688,0.43443802,0.43891907,0.44727325,0.425504,0.43581194,0.45033896,0.44769654,0.4363555,0.45263636,0.44657972,0.44894394,0.4415398,0.4130296,0.42943382,0.4427566,0.4267633,0.44346073,0.44378394,0.43232045,0.4462525,0.43421775,0.44899723,0.43891144,0.44243935,0.45214579,0.43983662,0.42157465,0.46086276,0.4416771,0.43869108,0.4296905,0.4303662,0.45121768,0.41537493,0.446656,0.44412857,0.4558189,0.43053946,0.43061036,0.42515996,0.44796517,0.4297754,0.45425016,0.44407162,0.4454647,0.45013484,0.43637004,0.4470641,0.45462403,0.4409978,0.4363429,0.43756697,0.45757544,0.44279712,0.44482055,0.44765618,0.42017284,0.44602782,0.44194984,0.43599066,0.42549828,0.4379639,0.42769688,0.43433377,0.44627032,0.44045168,0.45661134,0.42706755,0.45409614,0.45614994,0.45074195,0.43392104,0.46042097,0.44610888,0.4484733,0.44711602,0.42316586,0.43121493,0.45510918,0.43804294,0.4390171,0.445249,0.4369373,0.4486613,0.4349895,0.45279565,0.4256305,0.4413431,0.43445042,0.4379337,0.44375065,0.43747774,0.4347037,0.44944337,0.4254064,0.44326514,0.4373632,0.43802392,0.4571435,0.45519888,0.44675973,0.4360475,0.43708062,0.42334035,0.4404465,0.44562846,0.44749117,0.4439142,0.44300538,0.44540995,0.44069093,0.43935487,0.43101597,0.42973918,0.44218966,0.44557524,0.44735855,0.42928717,0.43642074,0.45592454,0.43536365,0.44289088,0.43539846,0.43997204,0.428119,0.43087193,0.4356938,0.44189173,0.4316724,0.43203345,0.43300328,0.42715076,0.4287471,0.44546437,0.4378292,0.4389564,0.4174853,0.43567887,0.4347374,0.45029488,0.43188435,0.44418454,0.44759738,0.43406785,0.42942044,0.45804614,0.41303673,0.4415412,0.45008945,0.44486943,0.42346445,0.44170794,0.45034152,0.41512373,0.42953107,0.42474258,0.442601,0.44316605,0.44348443,0.4560426,0.46619684,0.43689856,0.43517894,0.44011024,0.44018793,0.42789677,0.4234112,0.4335641,0.4376985,0.45353073,0.4337498,0.4588382,0.44439608,0.44665837,0.43081322,0.43842787,0.43948215,0.4366034,0.4434635,0.44993114,0.43658018,0.44134519,0.4524582,0.44283772,0.4336075,0.44959432,0.4465485,0.4289267,0.447995,0.425456,0.4425228,0.43794024,0.4500811,0.43802255,0.44542667,0.43966162,0.43543908,0.44328088,0.44725144,0.42551884,0.44376257,0.43928784,0.4301967,0.4413071,0.43923306,0.45317608,0.43452895,0.4428621,0.43777713,0.42846,0.44004425,0.44242013,0.44856226,0.4463854,0.4460154,0.4423235,0.44313473,0.4447889,0.44187218,0.4377049,0.44408348,0.4421462,0.45006847,0.4669824,0.4256502,0.44437867,0.4473384,0.42580125,0.44261393,0.45019475,0.44201505,0.41526905,0.4471991,0.44010353,0.43373892,0.44993213,0.45062822,0.4471576,0.43547642,0.44700134,0.42530975,0.44367108,0.4317759,0.43166173,0.43287703,0.43486518,0.42317578,0.4420992,0.45137468,0.43784097,0.42084694,0.4302879,0.44001192,0.43602747,0.44404602,0.44242218,0.44020241,0.43796617,0.42858094,0.44304153,0.44723472,0.41058016,0.44050106,0.42579478,0.43321076,0.44637755,0.45484224,0.43894923,0.45402652,0.4497248,0.4244781,0.44228947,0.43662152,0.43269852,0.44807792,0.43990454,0.45017692,0.4434109,0.4098683,0.42712322,0.44223842,0.4524075,0.44553247,0.43316203,0.43408322,0.4424487,0.43755573,0.43159914,0.44620287,0.4397669,0.4356802,0.4221728,0.4493557,0.43447196,0.4346936,0.43852153,0.45576134,0.4255164,0.43655697,0.43819073,0.43413872,0.42784223,0.4419978,0.43785536,0.42527953,0.43633744,0.43544853,0.44345942,0.43064028,0.4427556,0.41868627,0.43399972,0.43498647,0.4556556,0.45205697,0.44046512,0.4364937,0.41673607,0.44403234,0.44010428,0.445441,0.43326193,0.4420421,0.4275436,0.44497177,0.42938998,0.42552796,0.4390481,0.4441112,0.43827623,0.4464374,0.43999755,0.44371864,0.43367624,0.43711007,0.46116745,0.44902933,0.45039153,0.44384897,0.4415825,0.43964934,0.4442945,0.45882097,0.43559876,0.43569043,0.4361151,0.42742994,0.44940743,0.43366912,0.4413361,0.43023005,0.42625332,0.4360836,0.44014204,0.43603417,0.44398457,0.4573849,0.41484812,0.43193442,0.45623407,0.4394637,0.43083072,0.43209836,0.44522703,0.4462905,0.43057954,0.43296826,0.43058556,0.44363874,0.4519883,0.44827342,0.43477386,0.43502584,0.43192345,0.4381125,0.455828,0.44551688,0.4504547,0.42171338,0.43139276,0.4312604,0.44707522,0.43158847,0.4517258,0.43134657,0.43368828,0.45990783,0.43735906,0.44961458,0.44467914,0.43837872,0.43600067,0.42751545,0.43422663,0.45120233,0.43297297,0.42795572,0.4351656,0.45056146,0.44050056,0.43646166,0.42933714,0.4590865,0.42894405,0.42868668,0.42491877,0.41768542,0.43471903,0.43690264,0.42558745,0.43535063,0.43921947,0.44087183,0.4317357,0.43506,0.42789775,0.4194207,0.4429905,0.4241025,0.4288207,0.44987485,0.42382073,0.44313902,0.44383848,0.4518264,0.45690957,0.43944553,0.43625638,0.45600933,0.4282598,0.44256586,0.4249208,0.42626107,0.4470383,0.44172192,0.45175603,0.4406221,0.4508683,0.43186688,0.421632,0.43352732,0.4272616,0.4500609,0.43477643,0.43994528,0.43242115,0.4450965,0.45095512,0.43339163,0.4426737,0.45361632,0.42940217,0.4302997,0.45237938,0.43596265,0.43367702,0.43364006,0.45665675,0.4492277,0.43589962,0.42058563,0.44766122,0.44003308,0.43631184,0.44732302,0.464236,0.43761423,0.4612108,0.44689614,0.40936863,0.43574876,0.4387657,0.431651,0.43090558,0.43973377,0.43456036,0.43860823,0.4315278,0.43419868,0.4426344,0.44856873,0.4380359,0.43653488,0.44062206,0.427764,0.43800938,0.42649215,0.44022948,0.43679824,0.44045624,0.43983626,0.43366313,0.4209823,0.44450593,0.43723923,0.4442864,0.44954586,0.45702836,0.44264397,0.4458588,0.43193296,0.44327164,0.46221048,0.43681273,0.43490154,0.42361963,0.45161805,0.44204387,0.44208255,0.4437791,0.44240922,0.43757766,0.4472847,0.4486991,0.4571403,0.42272013,0.44382504,0.43438786,0.4488904,0.45095938,0.42734,0.447928,0.45193523,0.43152922,0.4481369,0.4429723,0.44372937,0.44101098,0.44801447,0.44465593,0.43906337,0.44311422,0.43034112,0.42971906,0.43482265,0.42298004,0.46772453,0.46396995,0.41534027,0.42652363,0.43015745,0.44109428,0.4500771,0.43243694,0.44949403,0.4323897,0.45570797,0.4400716,0.43897095,0.43660802,0.4450829,0.43673694,0.41955072,0.44771254,0.44798908,0.44584224,0.46496317,0.45108995,0.43955615,0.4598831,0.44302335,0.4515726,0.44878358,0.43746063,0.44144762,0.43660498,0.4425517,0.4264753,0.44208232,0.43230847,0.44941986,0.4253269,0.44769415,0.42693755,0.4343908,0.46451405,0.42534018,0.4385701,0.4352484,0.4409028,0.43537283,0.43277484,0.42902818,0.42222074,0.45019898,0.44442955,0.4460025,0.45756963,0.4554678,0.43622214,0.4533509,0.42783535,0.43544385,0.45000544,0.4229099,0.436585,0.45095515,0.45455223,0.4401049,0.43944734,0.44145757,0.43767837,0.43912002,0.44147268,0.42681545,0.44168273,0.456831,0.46677148,0.43241894,0.43661726,0.44228983,0.4428572,0.43988976,0.4289964,0.42591935,0.43568194,0.4328332,0.42859772,0.42393374,0.43084168,0.42701602,0.43612167,0.4580031,0.4524763,0.43022743,0.43442625,0.44791552,0.438213,0.43431148,0.4466493,0.45307338,0.43983963,0.42422795,0.44567105,0.4505056,0.43853757,0.44769356,0.43036112,0.43420592,0.45136452,0.42603353,0.45534062,0.45770603,0.4510209,0.43337935,0.44234753,0.4311263,0.44707754,0.44544,0.43616155,0.45431662,0.43552816,0.43502486,0.43447903,0.45165733,0.43256477,0.44261426,0.44850314,0.43878266,0.44007668,0.4390964,0.45146748,0.45691288,0.4390462,0.44233355,0.43623084,0.4361831,0.45599914,0.44966885,0.43069413,0.43714005,0.44925505,0.43878615,0.44979548,0.4273026,0.4404235,0.4336241,0.42674142,0.44137287,0.4664615,0.44900122,0.43831703,0.4384066,0.46015668,0.44254202,0.45849165,0.44660118,0.43490142,0.44118303,0.44802517,0.43406078,0.42837536,0.43664736,0.4526501
