0.98882097,0.96899736,0.9477497,0.93352807,0.98335224,0.968466,0.95156235,0.9722774,0.95019346,0.92301434,0.9594465,0.97742134,0.968731,0.9361915,0.9546224,0.9367765,0.96027577,0.9442197,0.9508655,0.93211704,0.9605575,0.958213,0.9456506,0.91789144,0.9509187,0.9396623,0.9445793,0.97356784,0.95452166,0.95476264,0.97594404,0.9495771,0.95276946,0.9678111,0.94677734,0.94804597,0.9763344,0.9541774,0.9460674,0.958052,0.94887394,0.9495893,0.9443974,0.9673716,0.97369075,0.95133686,0.9443679,0.94272274,0.9470514,0.94461936,0.95894223,0.94070756,0.96156126,0.93877435,0.9472865,0.93206084,0.965621,0.95563495,0.9582005,0.9764626,0.94358456,0.9399241,0.9351458,0.93620116,0.9577709,0.94324994,0.97305983,0.9468227,0.9262053,0.96913815,0.94272643,0.95990735,0.9158218,0.9461323,0.9655576,0.9515794,0.9482451,0.9312195,0.9464394,0.95452374,0.95727134,0.9203362,0.9678948,0.92787683,0.9785053,0.97070575,0.93293387,0.9552083,0.92046493,0.94011885,0.90708625,0.9732406,0.95747644,0.9518213,0.9581311,0.91142327,0.9242905,0.93301284,0.98221135,0.9756565,0.93165135,0.942712,0.9380156,0.93931437,0.9471679,0.9452549,0.933703,0.9390691,0.9962855,0.97949094,0.95041126,0.9345443,0.93478566,0.9596033,0.9745911,0.9722123,0.9309549,0.9354902,0.9646431,0.956562,0.93847287,0.9396674,0.94775474,0.9423022,0.94704425,0.9263831,0.9676922,0.93387365,0.95746046,0.9578996,0.94401395,0.9569938,0.97276735,0.946946,0.9856866,0.9622362,0.9445899,0.95834863,0.95868295,0.9460676,0.96106356,0.95580584,0.96101356,0.9669007,0.91686743,0.9572134,0.96867657,0.9565204,0.9673809,0.9798751,0.99337846,0.9423456,0.9582872,0.9263776,0.9883913,0.96324813,0.9547614,0.9591318,0.98123884,0.92771304,0.93546396,0.9415136,0.9862588,0.9418972,0.94021136,0.9380817,0.9383257,0.9694945,0.95149374,0.94409657,0.9529687,0.9656148,0.94754934,0.9437766,0.9758405,0.93285155,0.96060085,0.91797125,0.94390523,0.94869876,0.9529359,0.96438074,0.9499784,0.9462412,0.9609343,0.97098494,0.9760477,0.9756116,0.97200936,0.94262505,0.977247,0.9492541,0.9690772,0.9322681,0.9432317,0.9199648,0.9734504,0.94734144,0.96221673,0.9431787,0.956688,0.95151687,0.9816176,0.93993664,0.9512342,0.96225005,0.9510227,0.9594194,0.9552577,0.9508032,0.93721604,0.93234134,0.9336507,0.96079284,0.95990986,0.9414451,0.9678563,0.9623967,0.94540787,0.93524575,0.941848,0.9510018,0.956694,0.96312577,0.9567761,0.9624513,0.9704073,0.94550204,0.96721864,0.9474623,0.9472203,0.93772787,0.93323773,0.9661573,0.9710466,0.951102,0.9677466,0.9279728,0.9647442,0.94497156,0.94760215,0.9308064,0.9472656,0.94663775,0.89938307,0.9530238,0.93071496,0.9519482,0.9333211,0.9618126,0.94957364,0.9629991,0.94302887,0.93721646,0.9824484,0.96205837,0.93970746,0.97251534,0.9548231,0.9570677,0.93388516,0.9478764,0.94724494,0.9548984,0.95821494,0.9796709,0.9533702,0.9229321,0.9486326,0.9228088,0.9765927,0.9747502,0.97221977,0.96085095,0.9636808,0.97603035,0.98338085,0.96007955,0.97182614,0.94622403,0.9281384,0.9508937,0.95325655,0.96845114,0.9526798,0.94908667,0.9415897,0.9598752,0.9606996,0.9498108,0.9452169,0.932777,0.9496903,0.9500568,0.9406255,0.93654704,0.94391054,0.9520563,0.9739017,0.9376026,0.9448364,0.9548694,0.93037134,0.9347184,0.9546534,0.9629361,0.93703055,0.9987174,0.93502825,0.9557105,0.94547254,0.93597716,0.9716116,0.9292639,0.94751817,0.9430726,0.9479271,0.9600716,0.94642246,0.96309894,0.9705188,0.95574677,0.96895796,0.9628414,0.9386413,0.94270253,0.9427246,0.9579289,0.94530416,0.94435644,0.94359815,0.9649416,0.942372,0.9615518,0.96283865,0.9380722,0.9604823,0.9510842,0.9398245,0.96727014,0.9571974,0.99703705,0.93540627,0.9519395,0.9303255,0.93284,0.9688357,0.93278223,0.9675893,0.9667905,0.9687056,0.9423939,0.9371421,0.9594196,0.96090835,0.9449979,0.95548487,0.9513417,0.95808595,0.9427007,0.97947454,0.9464589,0.96243495,0.958121,0.9623194,0.9621506,0.96327126,0.9455461,0.9391816,0.9520652,0.96783024,0.9373189,0.94811994,0.96839607,0.96517265,0.9408849,0.94244474,0.9693509,0.92023665,0.9424209,0.9294694,0.94681513,0.92919743,0.9463254,0.95785606,0.9470334,0.97268844,0.9660413,0.9757293,0.96726996,0.98038226,0.94162923,0.9504102,0.9639131,0.9332275,0.9693145,0.94087285,0.94825256,0.9601948,0.9514551,0.96352655,0.96829814,0.9706214,0.94603205,0.9348805,0.9714915,0.97294974,0.94674927,0.9235569,0.9399639,0.95831156,0.94991875,0.9382518,0.928096,0.95959973,0.9344443,0.97780776,0.96963716,0.9469882,0.9515197,0.9598918,0.94890004,0.92425454,0.9341281,0.959649,0.9597986,0.96372056,0.94055915,0.9487046,0.9548489,0.9549633,0.9403493,0.9399108,0.9697783,0.96003395,0.95724124,0.954358,0.9756089,0.91512084,0.9594423,0.94801646,0.9513447,0.93786025,0.96514857,0.94955254,0.963289,0.94436795,0.98347574,0.9396093,0.961306,0.9522122,0.96636194,0.94770616,0.9491994,0.94968724,0.96703166,0.9474219,0.9374345,0.97288483,0.9397736,0.9390798,0.9375482,0.9490113,0.95130366,0.9233993,0.9530953,0.9613388,0.94991463,0.95640683,0.96635795,0.93400633,0.9578248,0.9482922,0.9403762,0.9433455,0.9627917,0.9766574,0.97299176,0.9502567,0.94616634,0.94303185,0.94915617,0.93298876,0.97362673,0.94422126,0.9668921,0.947474,0.9461956,0.94311774,0.9253781,0.9472229,0.96509963,0.95512,0.95290965,0.92278045,0.94573396,0.9091255,0.9709504,0.9391103,0.95631176,0.9400538,0.9563879,0.9603396,0.965959,0.9526487,0.92795503,0.97027874,0.951599,0.94846094,0.95473707,0.9388292,0.9604054,0.9696698,0.9521975,0.9440096,0.9424925,0.92626745,0.9565527,0.940525,0.98325443,0.95757794,0.9547741,0.9746157,0.92157996,0.9393313,0.93376195,0.9376865,0.94716847,0.9486499,0.94802636,0.9440845,0.9746225,0.9892416,0.9387394,0.947082,0.961966,0.9435968,0.9577837,0.9612408,0.9640057,0.93837774,0.9355571,0.9182685,0.9366132,0.9489618,0.9494506,0.9188,0.9541183,0.9504685,0.9553867,0.9324353,0.95143676,0.9492262,0.9396889,0.920823,0.9687417,0.9616151,0.967619,0.9279576,0.9317404,0.9373968,0.93463916,0.93947846,0.9488322,0.94871044,0.9405934,0.9695466,0.97828573,0.9618455,0.97067183,0.97999084,0.9380203,0.98308575,0.9599679,0.9295872,0.94605327,0.9538395,0.9470776,0.96560246,0.9318316,0.95686525,0.9710617,0.94096076,0.929674,0.95011985,0.93141943,0.9598725,0.9565729,0.95202506,0.96188456,0.9626239,0.96359414,0.96240675,0.9840796,0.96063864,0.9564492,0.94907624,0.95285773,0.93819934,0.9356698,0.9196497,0.96802956,0.9477304,0.94426775,0.926351,0.9446911,0.9654265,0.99127185,0.92518836,0.9595594,0.9392219,0.95755893,0.9606809,0.95639056,0.9526697,0.9735141,0.95355767,0.93933386,0.9411976,0.977653,0.9385943,0.94136834,0.96683913,0.9690409,0.95167744,0.9369231,0.9516431,0.95984197,0.94795555,0.96862,0.9446043,0.9654387,0.9696519,0.9876065,0.9551005,0.9611643,0.9660176,0.92531335,0.95892817,0.9592736,0.95121795,0.96537995,0.95116234,0.9408456,0.9634108,0.92767346,0.9516363,0.97426,0.96297634,0.94754535,0.9716307,0.9515926,0.93003213,0.9570842,0.9662264,0.9316949,0.929455,0.9456893,0.9606017,0.94925225,0.9559302,0.9467209,0.96193033,0.94843674,0.92777735,0.9798509,0.9531574,0.9563543,0.94355655,0.9831171,0.9427689,0.9582099,0.96560264,0.9495679,0.9618384,0.951478,0.947585,0.9495877,0.97875243,0.96376836,0.9346711,0.97747046,0.97705233,0.93984866,0.9518115,0.95476705,0.91923636,0.93911225,0.9482269,0.9323327,0.96579385,0.93151915,0.963345,0.9374376,0.9678562,0.95370966,0.96069264,0.95453954,0.9355392,0.94687146,0.91568756,0.94202495,0.9428497,0.9628953,0.92281693,0.9243126,0.95863646,0.94597226,0.9730882,0.93099266,0.95433205,0.9586547,0.9501531,0.9705678,0.9759989,0.93108594,0.9686719,0.95582396,0.9365545,0.9614529,0.9314063,0.93774873,0.9502675,0.95737785,0.9496343,0.9439071,0.91052455,0.94520116,0.9382128,0.9735686,0.94658923,0.93981755,0.9534256,0.94645494,0.94270694,0.9392145,0.98119617,0.9558992,0.98507446,0.9865839,0.9144982,0.9749404,0.9560971,0.94837886,0.9430514,0.9578959,0.9327061,0.94955134,0.94679177,0.9401572,0.9517314,0.97936034,0.949664,0.95345277,0.95588994,0.9197882,0.92455626,0.941006,0.961965,0.9390195,0.94968975,0.9636443,0.9513563,0.9356248,0.9640204,0.927201,0.96594375,0.9562976,0.9584739,0.95341855,0.97007895,0.9552843,0.9855683,0.95379025,0.9474159,0.96884936,0.9502016,0.9645872,0.9391654,0.9376082,0.9487276,0.96073097,0.9560008,0.9712369,0.9382991,0.9606277,0.9221976,0.9590958,0.93436277,0.9446882,0.9505771,0.9395948,0.96205735,0.93452716,0.9519577,0.93694276,0.9421212,0.95349073,0.9537146,0.9420571,0.95933187,0.95675814,0.96296465,0.9592576,0.96487504,0.96421325,0.9417104,0.96586055,0.94579613,0.9490274,0.94190913,0.9398896,0.97727895,0.94710314,0.94933987,0.9681402,0.9305213,0.95804894,0.97646254,0.9576391,0.9495166,0.9554826,0.9312777,0.9385173,0.9737257,0.9204074,0.9113648,0.94207937,0.9487086,0.957354,0.92439896,0.9498561,0.9456105,0.9650678,0.9367376,0.95755357,0.9517469,0.948176,0.9492866,0.93782544,0.9599427,0.9624393,0.9515196,0.96340626,0.95077604,0.9562642,0.97059274,0.98122275,0.9435324,0.9820577,0.9478374,0.9728262,0.95001835,0.9530394,0.9521767,0.92112595,0.9597256,0.9557515,0.9477699,0.9464744,0.9518241,0.95762455,0.9891962,0.9293214,0.9340808,0.97167516,0.9415069,0.9568673,0.9351918,0.9734262,0.96071553,0.9312818,0.96284574,0.9762442,0.94055176,0.96242094,0.9643674,0.92964625,0.9464939,0.9754015,0.9597281,0.9828954,0.9440077,0.95804274,0.95133066,0.9654383,0.9582123,0.9493714,0.9600021,0.95246875,0.95324224,0.9688765,0.95205176,0.9617547,0.9499697,0.9755099,0.93756306,0.9461141,0.9631817,0.9410237,0.96830916,0.9433257,0.9361253,0.94066465,0.94475037,0.9762366,0.94547206,0.9640228,0.9508649,0.96222234,0.9503808,0.9430449,0.9417761,0.9378024,0.9202399,0.92752194,0.9527589,0.94527453,0.91129005,0.9422813,0.94510406,0.93792003,0.94548696,0.9550932,0.95127386,0.94605774,0.9588436,0.9368963,0.9272518,0.93153673,0.949959,0.9791826,0.94708735,0.9661995,0.92383003,0.9479914,0.96693283,0.94924706,0.91077495,0.9285741,0.92275935,0.95050734,0.9482059,0.93727356,0.91591686,0.9591465,0.9572282,0.9765298,0.9480984,0.9723652,0.9612485,0.9400155,0.96111614,0.96968484,0.94036627,0.97495294,0.9526179,0.9511902,0.9598344,0.921319,0.9691445,0.95541114,0.95990795,0.9349462,0.94123256,0.94740695,0.96074086,0.9635339,0.952031,0.95226103,0.944652,0.9611948,0.9537628,0.97282296,0.97637016,0.95561266,0.9543917,0.9715552,0.93354034,0.9468959,0.94645464,0.96844405,0.93847233,0.9303708,0.9609079,0.9694567,0.96472174,0.9421166,0.9326207,0.9531381,0.9668052,0.94466347,0.9419054,0.9611976,0.9079819,0.9291679,0.94424504,0.95593566,0.9445682,0.94424146
0.82507133,0.824629,0.8199118,0.81108505,0.82845277,0.82415146,0.8072602,0.8364693,0.83540076,0.81556046,0.83624053,0.82819784,0.80171776,0.8112889,0.84392947,0.8176975,0.83431953,0.82822603,0.80613357,0.7877215,0.82101256,0.8141277,0.7973323,0.83992904,0.8280065,0.7894525,0.81372046,0.85716647,0.82928073,0.82609296,0.8398868,0.82099074,0.80849284,0.8221808,0.80749273,0.80984795,0.82577056,0.8196268,0.78067416,0.81164384,0.81620896,0.8002259,0.8105974,0.8203429,0.82762504,0.80078703,0.8036089,0.79674655,0.8153319,0.8219389,0.84227926,0.79555845,0.80879796,0.81271046,0.8162713,0.80785316,0.82080257,0.823999,0.8066409,0.85004556,0.8332016,0.81137913,0.8182946,0.813993,0.842398,0.8118019,0.82819855,0.819582,0.7869736,0.8278568,0.8160552,0.82729965,0.7992261,0.83240145,0.8171815,0.79982144,0.858274,0.80457157,0.8132772,0.83168966,0.81668764,0.81074536,0.8073364,0.8214237,0.8390905,0.8156336,0.80756843,0.8075026,0.82874644,0.8309399,0.7927353,0.833067,0.8219386,0.80484706,0.8038714,0.8073227,0.8051467,0.80844474,0.82085764,0.8334975,0.79993016,0.8019102,0.8016294,0.8105351,0.80064774,0.8169184,0.8262084,0.8237047,0.8257443,0.82160705,0.8300316,0.82421386,0.8133126,0.80717576,0.84648913,0.80961394,0.8154903,0.81215394,0.8008987,0.80283123,0.79380226,0.80663496,0.81399995,0.829379,0.8151839,0.8016194,0.8272847,0.80777544,0.81067145,0.8013909,0.80573463,0.82616556,0.8193103,0.804496,0.81126785,0.8088578,0.8108217,0.8270849,0.83965373,0.8110428,0.8170957,0.81960636,0.80672,0.8057732,0.8045238,0.8166248,0.81079644,0.83952904,0.8139525,0.81092644,0.84293383,0.819298,0.8392737,0.81395805,0.82369035,0.82775706,0.8173538,0.80654114,0.8357748,0.81040096,0.8258823,0.834767,0.83242995,0.8339597,0.82237005,0.7995483,0.8216841,0.8334389,0.7904534,0.820133,0.8229527,0.8377533,0.8284306,0.82507837,0.8484814,0.8029822,0.83938575,0.81135744,0.8120161,0.8055702,0.8335536,0.8104853,0.81126213,0.8122824,0.8296612,0.8106162,0.8289857,0.8381982,0.825272,0.81558716,0.85286385,0.8393906,0.8271001,0.8120861,0.8362248,0.81802505,0.8151696,0.8155017,0.8152679,0.80633193,0.80776966,0.83467937,0.81658757,0.8126934,0.8249061,0.8205228,0.82464314,0.8135752,0.8148757,0.8113234,0.83019674,0.8193414,0.81791943,0.808785,0.8197151,0.82142305,0.8172407,0.81704277,0.8140299,0.81442696,0.7970864,0.82825625,0.83698124,0.82444817,0.82853717,0.8297827,0.82651246,0.817716,0.8373719,0.81675506,0.8052509,0.8121704,0.82017875,0.811773,0.82131153,0.823295,0.8254412,0.80481076,0.79986864,0.81518966,0.8434439,0.8277874,0.8226929,0.81532127,0.8014396,0.8376678,0.8179788,0.8163392,0.80870265,0.8119885,0.8251997,0.80950177,0.83499986,0.8075608,0.8457659,0.8309437,0.8179159,0.8463478,0.82547283,0.80488306,0.7944445,0.82834053,0.8118755,0.81932247,0.81309086,0.82230115,0.8377796,0.7972018,0.8114463,0.80907226,0.84573555,0.8360449,0.8125826,0.7981989,0.80422854,0.8141481,0.81742704,0.8396589,0.8444295,0.7899752,0.78696257,0.8349805,0.81326044,0.8213801,0.8102751,0.81240743,0.8043386,0.82426196,0.8373382,0.80593663,0.83090985,0.8189276,0.8130585,0.8322346,0.8077237,0.80734503,0.8388709,0.83643204,0.8312033,0.79765004,0.81766355,0.8276672,0.8187663,0.81042683,0.82557905,0.81956863,0.7958673,0.84392065,0.824665,0.81458896,0.8255604,0.8192779,0.82303756,0.7999064,0.8109018,0.8007028,0.80922705,0.8366555,0.81578165,0.8324142,0.82972616,0.83690375,0.81859094,0.8082554,0.8091377,0.8208041,0.80311584,0.81057924,0.79981357,0.8155376,0.8000181,0.7883194,0.8113112,0.821932,0.8291233,0.8202011,0.8369343,0.82370263,0.8152942,0.8156738,0.8045087,0.824474,0.82421094,0.8117578,0.83312416,0.82204264,0.81007105,0.819989,0.80830514,0.8274487,0.83651793,0.80016273,0.8142213,0.8166757,0.8033664,0.78950924,0.8075295,0.8302204,0.798823,0.8048808,0.83219373,0.80404764,0.8330787,0.8057754,0.82630265,0.8165771,0.84341556,0.8026877,0.8257946,0.8181929,0.8159069,0.8112665,0.8249413,0.81624347,0.8187479,0.81879246,0.81538755,0.8093312,0.8100468,0.8403046,0.81371063,0.81751865,0.8155852,0.81485325,0.80962515,0.8017965,0.8226391,0.81256926,0.83012724,0.8139321,0.84626824,0.8298446,0.8272344,0.8282807,0.81703526,0.86102736,0.83324695,0.80290455,0.8285299,0.8172865,0.81959975,0.81894493,0.8322834,0.81076294,0.818853,0.8388462,0.84028494,0.8233919,0.7977066,0.8123719,0.82541794,0.81401205,0.8116652,0.787344,0.81100947,0.8173755,0.8050405,0.8100089,0.81509954,0.81947637,0.81552684,0.8390681,0.7999498,0.8161441,0.80627555,0.8353607,0.82823086,0.82831764,0.8085313,0.798572,0.8116206,0.81488585,0.8148295,0.81420135,0.82689494,0.8139761,0.8179629,0.80544513,0.80112904,0.79830164,0.8173809,0.8081103,0.79818517,0.8098654,0.81329286,0.8088628,0.807878,0.8178276,0.82315075,0.7946307,0.82954395,0.7995506,0.83194256,0.8047428,0.82191056,0.8128785,0.81547654,0.8148851,0.8244083,0.8259784,0.8190223,0.8050085,0.7967501,0.8242194,0.79391754,0.825574,0.827672,0.8016487,0.7972815,0.81479275,0.79951084,0.83372116,0.8002508,0.7747437,0.7955946,0.8153309,0.8139748,0.82164985,0.8144831,0.8422322,0.8290479,0.8199991,0.811675,0.82558227,0.82201606,0.8180907,0.8027528,0.82768273,0.7800175,0.78146166,0.7862788,0.83211356,0.78869605,0.8249021,0.7719049,0.8389397,0.82297873,0.8453215,0.82518303,0.83937174,0.80473864,0.8188258,0.82,0.80418044,0.8287533,0.8347203,0.8156039,0.8400581,0.8168316,0.8220086,0.82377785,0.84891945,0.84222645,0.825486,0.8204274,0.8123284,0.8132344,0.8010698,0.8068129,0.85421735,0.82179964,0.8026983,0.84765816,0.8042819,0.78722334,0.80746907,0.8078958,0.82287425,0.8014695,0.7901474,0.8166065,0.8356189,0.8321432,0.8065377,0.8079675,0.7974951,0.827175,0.8182057,0.8193636,0.8127873,0.7999242,0.8227345,0.8047679,0.7993897,0.82173437,0.817185,0.80414367,0.82132167,0.8386944,0.81162596,0.83468026,0.80854076,0.8010911,0.8064228,0.787377,0.8159381,0.8160564,0.8210307,0.80700105,0.8246063,0.81961966,0.81645125,0.8318988,0.80687064,0.805607,0.8318635,0.7881741,0.79916024,0.8100135,0.82631886,0.82997227,0.79740244,0.8156556,0.802284,0.8036138,0.77481854,0.7960755,0.7946123,0.8019546,0.7979176,0.80888474,0.81716037,0.81747687,0.8367532,0.81639224,0.8290093,0.8357777,0.8202712,0.7953001,0.81892884,0.8328109,0.81701475,0.7955953,0.8434414,0.8399337,0.8189066,0.79003537,0.8172949,0.8186801,0.82381463,0.80574876,0.82543933,0.8128339,0.812016,0.79497343,0.81674886,0.81823444,0.8122319,0.8247846,0.81236464,0.8027425,0.8204523,0.8162307,0.83805007,0.82629263,0.7873137,0.8153444,0.8104897,0.8222425,0.82046837,0.8127594,0.8043317,0.8123223,0.83755344,0.82374436,0.80718315,0.8264567,0.8170096,0.81452525,0.83088875,0.8355501,0.8255505,0.8251388,0.8218465,0.8272949,0.8265297,0.8184973,0.8176809,0.82877606,0.7999141,0.80419815,0.8195221,0.8118454,0.8233024,0.8284467,0.82228154,0.81618327,0.82124585,0.8166001,0.80520874,0.81643486,0.7942043,0.8028201,0.8076834,0.8377031,0.7974193,0.82412726,0.81779104,0.8272234,0.7947349,0.82541156,0.79392755,0.8279483,0.8189979,0.8034943,0.8089751,0.8166481,0.80763716,0.80125535,0.8250009,0.8081156,0.82729685,0.8302926,0.84537244,0.8325768,0.7985435,0.8246982,0.8102985,0.84212404,0.83452344,0.8184237,0.818627,0.84251314,0.8297686,0.8372312,0.8171908,0.8152608,0.8100575,0.811768,0.8295808,0.81380033,0.81233525,0.82576907,0.8242724,0.80837303,0.8503645,0.8143925,0.8474485,0.80487174,0.8236632,0.81716067,0.8199364,0.8137337,0.80808365,0.8009786,0.8141668,0.8136783,0.8164557,0.8286401,0.8056932,0.80395037,0.8211085,0.81455714,0.84213513,0.8266741,0.80982304,0.8210138,0.8183995,0.81484765,0.8262919,0.8055457,0.8225758,0.8158761,0.82645863,0.8107834,0.80926585,0.8190983,0.8135807,0.8177337,0.83131987,0.81251675,0.80369073,0.80537677,0.8109642,0.8183947,0.8085549,0.8311181,0.8102885,0.8197575,0.82912236,0.80519205,0.8240829,0.82313067,0.8312552,0.8067232,0.8230339,0.8117868,0.7919289,0.8031547,0.8089537,0.8259053,0.82408327,0.81493956,0.84133476,0.8184092,0.80347633,0.8195101,0.80865365,0.8414867,0.810431,0.82498556,0.81639236,0.82272494,0.823936,0.83373994,0.79261106,0.82203275,0.8040465,0.81528413,0.80084926,0.822719,0.80853415,0.8255588,0.8258328,0.81581426,0.8123864,0.8091762,0.8243471,0.8171441,0.8072085,0.8580182,0.82169545,0.80008984,0.82011044,0.80854774,0.8036048,0.81160754,0.83421737,0.8278715,0.81208247,0.8125327,0.80354995,0.814064,0.8028279,0.8139543,0.8055588,0.8334032,0.8123492,0.8125651,0.83682996,0.8315296,0.83002675,0.79064834,0.8277488,0.8191031,0.8278947,0.8211734,0.8332577,0.8179456,0.82292825,0.82052064,0.8212583,0.820445,0.8056296,0.80956566,0.83483016,0.78581,0.809849,0.83463943,0.8147001,0.82776827,0.7937267,0.8057125,0.8109442,0.8134082,0.81567824,0.8027993,0.7853127,0.8072791,0.8038814,0.8219174,0.8308166,0.81307614,0.8248472,0.8245469,0.7962834,0.8178287,0.81092274,0.807528,0.80771184,0.80658764,0.8291322,0.81646484,0.82670856,0.82078636,0.83984524,0.8210417,0.8440246,0.8006354,0.82072604,0.8250251,0.81010896,0.81869704,0.8170897,0.8216901,0.80540633,0.83542424,0.82268703,0.82637185,0.8004952,0.814949,0.8128746,0.81127656,0.7981403,0.81476176,0.80677366,0.80899423,0.8368043,0.81060475,0.7804275,0.81352544,0.8102741,0.7963196,0.8213286,0.8000251,0.8380928,0.8103166,0.79688984,0.79175264,0.79554504,0.8392162,0.82541335,0.8224064,0.81657785,0.8198785,0.81710815,0.814803,0.80488765,0.8306529,0.7961807,0.80546,0.8209588,0.8125289,0.8211991,0.8203087,0.8358446,0.81480783,0.8254368,0.812715,0.8300946,0.80754864,0.8127167,0.8259281,0.7968157,0.7963223,0.8372164,0.80855185,0.82580346,0.8188085,0.8106098,0.815901,0.80961716,0.81718594,0.790419,0.8219502,0.8209576,0.8109227,0.81814384,0.8013059,0.81866455,0.82143664,0.80975264,0.82441056,0.81064624,0.82785815,0.8030743,0.83187354,0.81927764,0.8053554,0.806043,0.8175064,0.8296897,0.8102705,0.82706124,0.8020623,0.8140464,0.83823943,0.82480884,0.79657793,0.82216156,0.8128155,0.82110053,0.8388508,0.7999005,0.8189484,0.8239334,0.834946,0.8252689,0.84477603,0.82916605,0.8119982,0.8094261,0.81297284,0.8298442,0.81851053,0.80484754,0.8276509,0.7957784,0.8027995,0.81862545,0.8133764,0.81251955,0.8078432,0.82249546,0.77723235,0.8070741,0.8206771,0.8095836,0.8243039,0.8145396,0.8004345,0.80851233,0.81931114,0.832949,0.82878,0.8357236,0.8188967,0.84008884,0.81020224,0.8102379,0.8234025,0.79724705,0.8045663,0.79516715,0.8276719,0.83497876,0.8040027,0.81290704,0.805153,0.8003913,0.8340199,0.79812646,0.8139653,0.82021505,0.81945044,0.81805974,0.7993065,0.8184936,0.82687247,0.8144654
0.910018,0.90711397,0.89842707,0.88555557,0.9036183,0.90174574,0.8879792,0.8942256,0.89396685,0.87013245,0.90052736,0.90352154,0.90807164,0.89166635,0.9012007,0.8785925,0.90736103,0.8914862,0.888042,0.8728259,0.90326285,0.889248,0.89101857,0.86785877,0.8892851,0.86970973,0.87920594,0.91250753,0.89323664,0.88927925,0.92236656,0.89646745,0.8882977,0.90656275,0.88130236,0.8974632,0.9065179,0.87555116,0.8827432,0.8964427,0.9101061,0.88595057,0.88598454,0.89812493,0.9042306,0.8870656,0.89769095,0.8747026,0.902767,0.8990346,0.8957906,0.88325953,0.88132775,0.8780482,0.8980036,0.8957842,0.8978561,0.8928535,0.89450973,0.91273785,0.8796247,0.8795091,0.8854871,0.89331275,0.8816768,0.9033637,0.90261716,0.91479826,0.87688106,0.8956003,0.8917174,0.9057561,0.88168883,0.8977374,0.89642423,0.9034145,0.91570514,0.88759923,0.9011339,0.88466984,0.8948534,0.87245655,0.9046761,0.8721773,0.91902196,0.8973913,0.890301,0.8870472,0.8901849,0.89335036,0.88351,0.9129931,0.9012597,0.89625335,0.91026753,0.8759119,0.8910181,0.8735186,0.89074874,0.9023679,0.8770998,0.87976575,0.89363986,0.89417917,0.88590115,0.8917246,0.89945936,0.8999695,0.91680235,0.9134122,0.91093755,0.896333,0.8953972,0.898898,0.90489423,0.8955251,0.88590246,0.87736356,0.89933056,0.88384175,0.86758614,0.8772089,0.8988117,0.9103253,0.9004982,0.87601924,0.9086553,0.8779032,0.89999497,0.9008181,0.90319693,0.9001027,0.8935415,0.86143786,0.90786344,0.8873783,0.90425,0.90165204,0.88853306,0.88520265,0.8916098,0.8963491,0.8815879,0.8878447,0.87526673,0.87825036,0.9189848,0.8970763,0.90452117,0.88935226,0.89792764,0.9088208,0.8949804,0.89465475,0.90390366,0.8922226,0.88754934,0.88587403,0.9054376,0.8710213,0.88589215,0.90081203,0.90109676,0.8954065,0.88860035,0.8675277,0.8764219,0.8972156,0.8933181,0.86755097,0.8906911,0.8847661,0.87530583,0.90342015,0.91222787,0.8959379,0.8964788,0.87583894,0.8906056,0.8982282,0.8924734,0.8887641,0.88221145,0.88937765,0.90349,0.91958976,0.91081554,0.9054412,0.913533,0.89393795,0.9073207,0.90846014,0.8856629,0.8959614,0.89371055,0.8884908,0.9041431,0.8961272,0.90005946,0.8857724,0.8802202,0.8970796,0.8944946,0.88873905,0.8951695,0.8971104,0.9050873,0.9156673,0.8994761,0.89536124,0.9077773,0.87974066,0.88199794,0.8980211,0.8881794,0.8772813,0.9076874,0.9170737,0.8773593,0.8916075,0.88243127,0.8890081,0.91879886,0.89432204,0.9045818,0.91197526,0.8825046,0.8998074,0.8777317,0.89974344,0.89874226,0.8716883,0.89085436,0.8895903,0.89782256,0.8934841,0.9083322,0.88698155,0.8888117,0.9085704,0.910964,0.8762546,0.8925642,0.88397443,0.89136624,0.91753024,0.88902557,0.91019493,0.88797665,0.9129523,0.8987055,0.9023742,0.89804393,0.8797024,0.9185568,0.9101646,0.8801855,0.9211301,0.90082747,0.88479304,0.8746277,0.8913515,0.89782226,0.8882988,0.899979,0.9076662,0.9012995,0.8847606,0.8931237,0.8772229,0.8965265,0.9241972,0.895176,0.8983394,0.89731383,0.895914,0.8983565,0.9079572,0.91791415,0.8726828,0.8799218,0.90193087,0.8830241,0.9017144,0.88361055,0.89269406,0.88892746,0.9046371,0.8951693,0.8801223,0.90471506,0.8858913,0.895706,0.8889584,0.8912213,0.8899865,0.8956656,0.8935009,0.9174504,0.8719412,0.8844308,0.9116355,0.87523377,0.8879837,0.88547665,0.88591677,0.8777664,0.91703904,0.898076,0.9069776,0.8937609,0.8945536,0.8902984,0.861081,0.8735491,0.87481064,0.8893836,0.8918991,0.90054363,0.90087783,0.8949595,0.8841816,0.8807027,0.9064414,0.87288046,0.91345066,0.8785182,0.89391994,0.8672238,0.8908029,0.8972879,0.87764883,0.8865087,0.90097153,0.8911485,0.90204805,0.900546,0.89053893,0.87763155,0.8942423,0.89386857,0.90936625,0.869839,0.8874394,0.88355124,0.87677026,0.89680696,0.8656528,0.886104,0.90396726,0.90602446,0.88386375,0.8748508,0.87797964,0.89659333,0.8782342,0.89932895,0.9050477,0.90202296,0.9102164,0.9092399,0.8922782,0.8921926,0.89689463,0.87427396,0.8998092,0.91245914,0.87270975,0.9113327,0.8910108,0.90609133,0.87879235,0.8841303,0.89056087,0.8837412,0.8915432,0.8889131,0.9013656,0.89430535,0.89346063,0.8910611,0.89666134,0.881701,0.9030373,0.8747417,0.876204,0.9002358,0.89094913,0.91207564,0.8912346,0.9029071,0.8993791,0.89146894,0.8740948,0.88171977,0.9200569,0.8950344,0.8898159,0.89891714,0.9081843,0.8930747,0.90935147,0.8988722,0.87254125,0.8975972,0.8859299,0.9111538,0.8835001,0.88674253,0.90727234,0.90057355,0.87682474,0.89667946,0.89138794,0.9080196,0.870029,0.893797,0.88611037,0.8981881,0.87964743,0.8928671,0.87536913,0.87839746,0.9003893,0.87643135,0.9055541,0.91206574,0.9049729,0.8858744,0.87432706,0.8975151,0.89338577,0.89108974,0.88580805,0.89093375,0.8897809,0.89186186,0.8885771,0.86471516,0.8932348,0.8845171,0.8827596,0.891416,0.8994274,0.8861867,0.8870935,0.8818675,0.9023549,0.8878794,0.88154125,0.9020287,0.9015262,0.8753525,0.87407154,0.8841497,0.9267495,0.88638026,0.8727023,0.8942948,0.9071943,0.892944,0.87476635,0.8740883,0.8872004,0.8712961,0.89820856,0.8941017,0.8837776,0.8855499,0.9023029,0.8803254,0.8962509,0.89869064,0.87793,0.8928832,0.8875245,0.9113178,0.91306424,0.89955735,0.88645154,0.8811159,0.9036957,0.87209296,0.9020643,0.89553833,0.88848877,0.88645446,0.890929,0.89072686,0.8709115,0.8695666,0.88576585,0.8792837,0.8909792,0.8709588,0.88762593,0.8532975,0.91703093,0.8976788,0.9073212,0.86403877,0.87934405,0.92103344,0.8743041,0.88849324,0.8810041,0.88660824,0.8856689,0.88533694,0.8953445,0.8957115,0.89972997,0.87674284,0.88371074,0.87998325,0.88059425,0.8889458,0.8953916,0.88700426,0.91529,0.88980067,0.89307463,0.9192147,0.87667036,0.87339276,0.8832163,0.8932295,0.8993865,0.8671521,0.8761636,0.8895529,0.90560424,0.9111402,0.86018515,0.8861871,0.8816656,0.89050597,0.9012768,0.8863038,0.88349205,0.8706087,0.88401365,0.86854595,0.8699495,0.8770524,0.88787407,0.8749414,0.90605986,0.9096425,0.8941258,0.8802715,0.89801973,0.87901735,0.8999496,0.8679561,0.9046585,0.8841933,0.9003742,0.8773389,0.88666326,0.89648217,0.9066651,0.9008972,0.8589424,0.88775706,0.88211215,0.86464715,0.88446516,0.9032592,0.9120622,0.9101941,0.8850367,0.90979046,0.89372915,0.8855728,0.8646693,0.89135385,0.90057117,0.8882094,0.88463366,0.89743924,0.9020578,0.889424,0.89960486,0.8903358,0.9044335,0.8906627,0.9055724,0.8676316,0.89465004,0.88356197,0.88563615,0.9019404,0.9176146,0.90153116,0.8918847,0.8806171,0.885626,0.89922386,0.9052589,0.8746691,0.8958999,0.8912357,0.8988776,0.87747234,0.89357305,0.91893405,0.9129955,0.8889774,0.9121301,0.88714767,0.89365983,0.8939711,0.91734475,0.9006407,0.9091565,0.8849452,0.89970505,0.89035857,0.89508206,0.8881144,0.8788051,0.88782704,0.90101004,0.9052751,0.88168865,0.8921279,0.89803123,0.9045842,0.9168611,0.88505065,0.8993489,0.8914621,0.9159258,0.8950499,0.9142487,0.890578,0.8607663,0.9061272,0.87710524,0.9000171,0.8951245,0.8885815,0.8924221,0.88797414,0.8939382,0.89964825,0.89046735,0.8957053,0.8908212,0.8951129,0.8808367,0.8684684,0.9004561,0.9147513,0.8706296,0.8967459,0.8841434,0.8875329,0.8852871,0.8937018,0.8751178,0.90187377,0.88785404,0.8899724,0.8985463,0.89827466,0.9012306,0.8791688,0.9420611,0.8791912,0.89850366,0.89029443,0.9146883,0.8962303,0.873596,0.8805641,0.87288404,0.9083212,0.8815144,0.89982927,0.909055,0.9183871,0.90117663,0.8998054,0.88739836,0.8988372,0.8849581,0.87635356,0.88606197,0.89065087,0.8805783,0.8879992,0.8849708,0.89715,0.8962706,0.88497007,0.90019274,0.8775432,0.8857158,0.87422293,0.8892114,0.8892647,0.8762081,0.87828356,0.8827818,0.88649666,0.8891796,0.89072365,0.8977262,0.8817368,0.8882968,0.88745725,0.90873134,0.9079334,0.8890972,0.89532125,0.91156226,0.8803119,0.88810873,0.8703729,0.89434063,0.89887184,0.8934837,0.88959223,0.8887809,0.89752245,0.8968085,0.88822126,0.8892164,0.88631284,0.87126327,0.8921971,0.864754,0.8964519,0.8971962,0.8866455,0.89557207,0.89274806,0.92198133,0.8720333,0.8949503,0.8994292,0.911322,0.8898929,0.9144616,0.88639563,0.8824565,0.88135684,0.8993186,0.86931,0.9075762,0.8900625,0.8933423,0.88777757,0.8849853,0.8764767,0.88588196,0.90423554,0.8956523,0.88964635,0.9063201,0.8914509,0.89550114,0.89812374,0.8824908,0.90695834,0.9107977,0.89493835,0.898269,0.90343964,0.89663154,0.9077425,0.88104033,0.88001466,0.89802074,0.89164925,0.8957745,0.9062235,0.88187426,0.8910868,0.89828247,0.89189,0.9086324,0.8756125,0.9060855,0.8931603,0.9007928,0.8919973,0.87783676,0.88277495,0.88077253,0.9022547,0.88295865,0.8906445,0.88516283,0.90472555,0.90393907,0.8988054,0.8877583,0.90502954,0.905389,0.89065224,0.8992508,0.8780162,0.9098358,0.9009592,0.9004117,0.89235795,0.87624633,0.88202244,0.8827506,0.90264475,0.8841842,0.9014647,0.89675665,0.8757705,0.9150827,0.9016001,0.8841686,0.887887,0.8828031,0.8706584,0.8821085,0.8952523,0.8927422,0.8747522,0.8784945,0.9067345,0.89244485,0.89464366,0.88904566,0.8926661,0.91689414,0.89093447,0.87539786,0.8768392,0.9026675,0.89215785,0.8751703,0.8884527,0.90459085,0.9008127,0.8989291,0.90184945,0.9176051,0.8920361,0.91671526,0.8704794,0.9053462,0.88694876,0.89225465,0.89721406,0.87625664,0.8762803,0.8713985,0.901395,0.89714646,0.8944618,0.86381817,0.88402945,0.8936115,0.90970904,0.87491524,0.87890065,0.89605075,0.87992585,0.90408015,0.8959478,0.8913065,0.8794445,0.8902837,0.90281516,0.9206689,0.8897115,0.87690336,0.9106361,0.8681484,0.87512565,0.88031596,0.9098988,0.9204658,0.90424436,0.8929381,0.89173687,0.8901278,0.8850102,0.9176084,0.90293795,0.89737076,0.879248,0.9160638,0.8863698,0.89614815,0.89368004,0.89209145,0.8906742,0.90320337,0.88063437,0.89422864,0.93085146,0.893207,0.8829981,0.86805177,0.8738781,0.927989,0.8778033,0.88449055,0.90552646,0.90646034,0.8997295,0.86412805,0.8719965,0.8685376,0.8623717,0.91411006,0.87173647,0.9142445,0.8785532,0.89677465,0.9051051,0.8746192,0.8867551,0.89220905,0.88647556,0.8849472,0.8945974,0.8940395,0.86599946,0.8875787,0.8932045,0.90886676,0.8773006,0.88996655,0.9039309,0.8766725,0.9044853,0.8933915,0.8803723,0.89336187,0.8850311,0.90224,0.89959306,0.8973587,0.88358927,0.9002567,0.87817,0.8821411,0.88541377,0.8941954,0.90105647,0.8835322,0.9017901,0.91113824,0.8809831,0.89592195,0.90772396,0.8778455,0.8975434,0.890053,0.8798586,0.8839885,0.89529014,0.8813704,0.8873183,0.8844305,0.8969628,0.90509975,0.9032507,0.8925355,0.88825315,0.88477683,0.91624695,0.90515107,0.90692914,0.89295083,0.9093576,0.8968282,0.89589095,0.8691157,0.8913529,0.87975913,0.8824882,0.8827196,0.9221777,0.89637303,0.8859023,0.9021058,0.89956355,0.8790431,0.89288294,0.86878353,0.8838892,0.8959431,0.86384577,0.880935,0.8786989,0.91314036,0.9027318,0.90809923
1.1859477,1.1770204,1.1763501,1.1805788,1.2000287,1.1892745,1.190452,1.1928443,1.1803916,1.1533213,1.1797663,1.1914685,1.191235,1.1968815,1.1806184,1.1661342,1.1929638,1.1665986,1.1927766,1.1832268,1.1820883,1.1698967,1.1950703,1.1750215,1.2024595,1.1505882,1.1936643,1.187546,1.162536,1.1881299,1.1836804,1.1795079,1.18743,1.1855831,1.196458,1.193873,1.1889925,1.1719322,1.1622173,1.1771849,1.1777663,1.1761175,1.2030617,1.2011505,1.2010355,1.1969844,1.184192,1.1743027,1.1688694,1.1969539,1.1942292,1.1810693,1.1889645,1.2014585,1.1667352,1.1744847,1.2087698,1.1733158,1.176599,1.2072858,1.175498,1.1856759,1.1823155,1.1816434,1.1903929,1.1631143,1.1833007,1.1884879,1.163313,1.1838526,1.1944008,1.196882,1.1791339,1.1891729,1.1905451,1.1934817,1.1819276,1.166223,1.1766045,1.1660211,1.2073938,1.1721888,1.1811892,1.1877021,1.1900504,1.1854457,1.1785877,1.1637026,1.1678126,1.1621189,1.1646857,1.1981714,1.1959145,1.1774409,1.1975366,1.1583656,1.1712431,1.1810567,1.193129,1.20211,1.1732982,1.179376,1.1876106,1.1786287,1.1548351,1.2042788,1.1862377,1.182713,1.1922874,1.2049481,1.1722367,1.1918023,1.1871073,1.1718047,1.1998827,1.196902,1.1740639,1.1758623,1.191191,1.1832575,1.1652354,1.1702224,1.1751766,1.1899189,1.1931491,1.1713126,1.1894555,1.1760753,1.1935053,1.2185193,1.1668118,1.1778505,1.2202169,1.1943849,1.1911746,1.1885451,1.1873206,1.1715084,1.1616706,1.1770221,1.2052753,1.1901491,1.1932518,1.1964445,1.1914595,1.1918948,1.1937879,1.1815405,1.1664606,1.1901811,1.1950761,1.1804231,1.188817,1.1985028,1.2023602,1.195271,1.1842803,1.1954583,1.1822442,1.1799791,1.1690159,1.1738693,1.1891605,1.1712759,1.182116,1.1948217,1.1739373,1.1765426,1.1619987,1.1784449,1.1767807,1.1983304,1.1592473,1.1851382,1.1908045,1.1826969,1.1889699,1.1684564,1.1909449,1.1817336,1.1915398,1.1951541,1.1720353,1.1890333,1.1938589,1.1891208,1.1835079,1.1830398,1.186774,1.1714666,1.1663393,1.1955868,1.1747173,1.1874459,1.1628476,1.1655778,1.2177888,1.1925594,1.1661341,1.1772858,1.1672606,1.1701498,1.1916276,1.1820261,1.193925,1.1984452,1.1686783,1.1879376,1.1564378,1.1728598,1.1860855,1.1617271,1.1908609,1.1852872,1.1892262,1.1725991,1.179338,1.2022996,1.1889452,1.1707338,1.1928198,1.1776065,1.1949371,1.1756252,1.2030903,1.1699247,1.1733909,1.1828296,1.1777492,1.1742944,1.1547185,1.1708801,1.1665782,1.1716595,1.1766505,1.1756333,1.1944464,1.1754677,1.1985041,1.2080259,1.1616309,1.1874696,1.1758134,1.1631616,1.1813214,1.2134794,1.161035,1.1918244,1.1591047,1.2130822,1.1880513,1.2020636,1.1699806,1.1957101,1.2097548,1.2084692,1.1574234,1.1672472,1.1561153,1.1701964,1.1902994,1.2040331,1.1719633,1.1736832,1.2015017,1.1976295,1.1795912,1.1507697,1.1768218,1.1672103,1.1860355,1.1875119,1.1713221,1.1837633,1.1566353,1.1841959,1.1869664,1.1713655,1.1828884,1.1820171,1.1859881,1.1946647,1.2052237,1.1728469,1.1951286,1.175067,1.1712879,1.18424,1.1847701,1.1933631,1.1928514,1.1838189,1.1658858,1.1609682,1.203823,1.1803933,1.1660159,1.18505,1.184379,1.1768335,1.2140596,1.1859138,1.1866201,1.1864127,1.1759006,1.1986561,1.187364,1.1944337,1.1843517,1.201687,1.188044,1.1753434,1.1830143,1.1748258,1.1676075,1.197413,1.1789737,1.1686387,1.1725223,1.1919965,1.1847807,1.1806886,1.199633,1.2008188,1.1947459,1.1851965,1.1961932,1.1918017,1.1814225,1.1731646,1.1777176,1.1922671,1.1696705,1.1998469,1.2040771,1.1776481,1.1715702,1.2063456,1.1816211,1.197562,1.1849183,1.1878133,1.1684053,1.1817487,1.166135,1.1837918,1.1960362,1.1852692,1.1858774,1.1872945,1.1919148,1.1870137,1.1750177,1.1863036,1.1695796,1.1921048,1.1959882,1.1777309,1.1789005,1.1848004,1.1741422,1.180857,1.1789168,1.1844094,1.1722767,1.1755201,1.2172151,1.1880027,1.1816254,1.1837691,1.1939123,1.1707281,1.1900817,1.1674705,1.1870267,1.1605904,1.1735536,1.1988391,1.182155,1.184075,1.1755153,1.1793439,1.1564211,1.1935462,1.1692204,1.1736282,1.1632694,1.1830907,1.1814274,1.1864909,1.2065344,1.1787821,1.2136629,1.2020781,1.1729372,1.1987134,1.1864436,1.1944906,1.1792856,1.202438,1.1783699,1.2000198,1.1860678,1.1744183,1.1878684,1.1801512,1.1975887,1.1889285,1.188582,1.1881518,1.1977519,1.196252,1.1744862,1.1883576,1.1821138,1.1722544,1.1987,1.1696894,1.1756917,1.2002294,1.1849561,1.2018939,1.1769313,1.1925657,1.2085046,1.1910008,1.204919,1.2109468,1.1944155,1.1699698,1.2017792,1.1862199,1.1991899,1.1869295,1.1936179,1.1741174,1.1749057,1.1820773,1.173607,1.2110201,1.1882527,1.2019645,1.1834067,1.1946982,1.1666375,1.1764613,1.1899416,1.1903725,1.1637294,1.2017448,1.1784279,1.1836891,1.1909626,1.1848553,1.1840365,1.2065756,1.1962283,1.1581928,1.1612173,1.1861055,1.1859064,1.1862174,1.2044898,1.2038045,1.164938,1.1977664,1.2110605,1.2011592,1.1986543,1.1809341,1.1524869,1.1827111,1.1948507,1.179671,1.1948986,1.2175844,1.1836598,1.170747,1.1573834,1.1779675,1.1818008,1.1967942,1.1725775,1.1904597,1.1859394,1.1718438,1.1800253,1.1953565,1.1841046,1.1818292,1.179838,1.1738533,1.1741505,1.1662396,1.1690844,1.1500629,1.1675918,1.1803557,1.1931136,1.1755934,1.1625985,1.200009,1.1888902,1.1796446,1.1821705,1.1921245,1.1915113,1.1933484,1.1765136,1.2020463,1.1591765,1.1850096,1.183467,1.1933851,1.1749343,1.2036294,1.1851155,1.1850401,1.1883988,1.17704,1.1934282,1.2030402,1.1671206,1.18778,1.1844587,1.1539612,1.1747278,1.1721036,1.1635435,1.1783249,1.1781875,1.1899366,1.1816616,1.1696835,1.1722986,1.1877457,1.1981016,1.1780118,1.1975956,1.1949412,1.165739,1.1562264,1.1733681,1.1802258,1.1725627,1.1610924,1.1933529,1.1741407,1.1998124,1.1716888,1.1611799,1.1810236,1.1684717,1.1884294,1.1614957,1.1988276,1.1733764,1.189764,1.1937503,1.1793368,1.1796858,1.1754318,1.2049142,1.1804163,1.1924998,1.1804603,1.1862748,1.191772,1.2097406,1.1961702,1.1764354,1.193082,1.176029,1.1946436,1.1518172,1.193424,1.1976273,1.1987858,1.1847794,1.1875689,1.203427,1.1920869,1.1859088,1.1830729,1.2127547,1.1747391,1.1940987,1.1824244,1.1773217,1.198359,1.1980367,1.1714677,1.1792495,1.194339,1.1865784,1.1826596,1.1868628,1.1846254,1.1747313,1.1762708,1.180704,1.1808037,1.162812,1.1797912,1.2023569,1.1906226,1.1866362,1.1816372,1.1864754,1.182231,1.1549639,1.1928964,1.1949265,1.1828054,1.1988958,1.2057111,1.1715916,1.1787369,1.1990201,1.181011,1.184082,1.1759115,1.1781757,1.1911696,1.1957506,1.1784674,1.1688838,1.1860112,1.2096243,1.1892409,1.1878861,1.1960545,1.1997861,1.1989827,1.1623697,1.1807693,1.1791248,1.1739953,1.1689011,1.1731441,1.1742032,1.1821942,1.1788298,1.186325,1.1801883,1.1798221,1.186669,1.188888,1.1795443,1.1831168,1.1891243,1.1942462,1.1731464,1.1926254,1.2099124,1.1752182,1.1613907,1.199458,1.2101481,1.1960407,1.1879944,1.1789849,1.1627227,1.1952127,1.1609936,1.1892431,1.1972944,1.1853082,1.2025037,1.1976473,1.1854568,1.1982968,1.1727527,1.1898317,1.1809351,1.1910357,1.1830744,1.1561562,1.2111479,1.1886649,1.1621331,1.1940638,1.1969203,1.1764286,1.1844828,1.21141,1.2157974,1.1862075,1.1733625,1.1633022,1.1994321,1.1670492,1.1904482,1.1849314,1.1996968,1.1718495,1.2005111,1.1871288,1.189149,1.1952837,1.179766,1.1842883,1.1706878,1.1908952,1.1736745,1.1422222,1.1908106,1.1890445,1.1924878,1.1754972,1.1842213,1.1859789,1.1664405,1.1798303,1.1824158,1.1649247,1.1559604,1.215956,1.1924555,1.1854514,1.1729308,1.1844046,1.180545,1.193209,1.1850932,1.1752115,1.1659185,1.2006665,1.1802422,1.1853111,1.1537292,1.1795256,1.1872638,1.1755255,1.1807282,1.197732,1.2012632,1.1713269,1.1820534,1.1879787,1.1826584,1.1848269,1.2014035,1.1934112,1.1703962,1.1848428,1.1969509,1.1653594,1.2034361,1.1650386,1.1912745,1.1849508,1.1836376,1.1924076,1.182193,1.1669605,1.1759514,1.1675898,1.177221,1.2031727,1.1917667,1.1944872,1.1811382,1.163183,1.186798,1.1849216,1.1886938,1.2119284,1.2040801,1.1785077,1.1813239,1.2021699,1.1895355,1.1701403,1.1812055,1.2165515,1.1735318,1.1754243,1.1868016,1.1733673,1.2026416,1.199572,1.1922998,1.1936005,1.1960236,1.1741387,1.175946,1.1887711,1.1619796,1.1705718,1.1860248,1.1809845,1.1910434,1.1811943,1.1999286,1.1774042,1.1892583,1.203869,1.1660074,1.1600513,1.1845065,1.1906333,1.1705935,1.1875015,1.1750486,1.2005243,1.204051,1.1874872,1.1583322,1.1836373,1.182108,1.180849,1.1832216,1.1793563,1.181033,1.1881162,1.1741124,1.194814,1.1987547,1.1966959,1.1939335,1.1965485,1.197742,1.1897576,1.1862347,1.1762167,1.1627524,1.2017113,1.1813126,1.2015555,1.1794854,1.1794158,1.1882299,1.1753465,1.1707042,1.1667776,1.2013441,1.1682713,1.1917373,1.147526,1.1885372,1.1846906,1.1949805,1.19145,1.1962112,1.1867844,1.21228,1.1960484,1.1829938,1.1954622,1.194463,1.1978608,1.1802547,1.1799179,1.2003942,1.1450937,1.2123933,1.1993777,1.166341,1.1965382,1.1871161,1.1816956,1.1864969,1.1839073,1.1739796,1.1981236,1.1681166,1.1949967,1.1942979,1.1899097,1.1885592,1.176634,1.1795235,1.2151157,1.1702224,1.2122496,1.1836133,1.1784294,1.1625959,1.2075355,1.1887777,1.1874624,1.1798965,1.1762341,1.2043235,1.1835066,1.177502,1.2046642,1.1699134,1.157975,1.1806613,1.1870781,1.1711868,1.1720437,1.1951065,1.2037482,1.1639841,1.17781,1.1891922,1.1814073,1.2009465,1.1628076,1.1829756,1.1728632,1.1786505,1.2073624,1.1680757,1.2077172,1.1827389,1.1869054,1.1931452,1.178168,1.1774136,1.1914054,1.1757227,1.2012485,1.2004651,1.2014716,1.1767817,1.1622669,1.1844422,1.1614306,1.1758919,1.1748292,1.1809957,1.166592,1.1655027,1.1730213,1.1821676,1.1940315,1.1961489,1.2022408,1.1695008,1.1851964,1.1924666,1.204586,1.1932051,1.1751002,1.1861368,1.2000978,1.1574932,1.1724769,1.1715813,1.1873825,1.1658907,1.1892157,1.1999478,1.1953758,1.1864604,1.1927052,1.2121879,1.1848739,1.1966032,1.1845015,1.1524134,1.1870582,1.1899366,1.1857774,1.182608,1.1737924,1.1943713,1.1748768,1.1710175,1.1788568,1.19289,1.1926103,1.1958846,1.1776121,1.1947569,1.1614717,1.1794705,1.1793483,1.1899244,1.1968036,1.1852134,1.1951543,1.1889397,1.1874535,1.188115,1.194799,1.1878039,1.1599294,1.1990856,1.1664987,1.1964813,1.1591661,1.198801,1.2070861,1.1747226,1.2019703,1.1637728,1.1684793,1.1656755,1.2017939,1.1678765,1.1811154,1.1867933,1.2015499,1.2055346,1.1847292
1.0029458,0.97765195,0.9747079,0.98111606,0.97238255,0.9982272,0.9790306,0.9865651,0.97928375,0.97118723,0.9991105,0.98953515,0.9907259,0.9975444,0.98892975,0.9452664,0.98693776,0.9807978,0.9900804,0.97722244,0.9888259,1.002227,0.9955905,0.9637919,0.99587023,0.95625395,0.98193437,0.9903055,0.9790869,0.97627,0.9994851,0.9671826,0.99455416,0.98439425,0.97157615,0.9933664,0.9750678,0.9572624,0.9937615,0.96702504,0.97422177,0.9655688,1.0090533,0.99130243,0.9981363,0.9971719,1.0017183,0.99016523,0.9917221,0.9810923,0.9729154,0.9737949,0.9653804,0.97372764,0.9834829,0.97203946,1.0037919,0.9890383,0.98222214,0.9875624,0.9715291,0.97375757,0.97113717,0.97566956,0.9819161,0.95457685,0.9857752,0.9869699,0.96663046,0.9970502,0.9965617,1.0069495,0.9772378,0.98621804,0.99823046,0.9790741,0.97915745,0.9646846,0.99426347,0.9703687,1.0060481,0.9792096,1.0002586,0.97127175,0.98812324,0.970619,0.9717388,0.9889387,0.9632615,0.99428284,0.9545097,0.9902904,0.9869614,0.99075747,0.9938703,0.9797963,0.9834495,0.98648417,1.0046583,0.9961516,0.9808255,0.9661845,0.9836644,0.98564535,0.9700744,0.99861264,0.9823254,0.96117854,0.99944466,1.0153722,0.9721007,0.9964854,1.0022458,0.9654313,0.97663623,0.99343914,0.98253316,0.96950024,0.9993954,0.9748188,0.99240613,0.9706091,0.98339015,0.98962265,0.9765218,0.96211416,0.9794422,0.9825097,0.994653,1.0093192,0.9942309,0.95784104,1.0014343,0.9636493,0.99323016,0.9874291,0.98271495,0.9966952,0.9709871,0.98232836,0.9748956,0.9747961,0.9887282,0.9935251,0.9916532,0.9911118,1.0091592,0.9935184,0.9622328,0.988496,1.0007019,0.99581623,0.97491705,0.97460294,0.99640554,1.0009606,0.9900636,0.99171704,0.99764854,0.9830584,0.9882808,0.9668714,0.9877132,0.96436775,0.9723608,0.9928813,0.9731854,0.9768791,0.9647009,0.9813821,0.9892888,0.9910451,0.9588493,0.97872275,1.0027509,0.98634356,0.97906125,0.97401017,0.97625005,0.98775226,0.98309785,0.97312146,0.96963125,0.9643546,0.9901338,0.9797069,0.9833662,0.97928035,0.9769959,0.9937295,0.9711348,1.0025094,0.9744267,0.9838082,0.9645947,0.97510785,0.9929128,0.98917115,0.98477936,0.9942462,0.9660574,0.9743057,0.9818834,0.989479,0.9886968,0.9702197,0.9730428,1.0068814,0.9642858,0.9800926,0.99647623,0.9625521,0.98469204,0.9760463,0.9858222,0.97229385,0.9803909,0.99111086,0.97846675,0.98256934,0.97975343,0.986644,0.99322045,0.9782106,0.98209095,0.9604407,0.9936939,0.97655165,0.98847353,0.9718452,0.97770697,0.9747601,0.98602444,0.9553189,0.9850174,0.97820324,0.9901954,0.9660271,0.9818424,0.99140775,0.98092455,0.9784391,0.9763862,0.9693154,0.97238755,0.9871757,0.99313617,0.9956147,0.9538067,1.0009795,0.9963624,0.9997023,0.97524357,0.98695385,0.9961309,1.0112594,0.97183436,0.99470216,0.9667032,0.9653387,0.9663803,0.9813241,0.97953695,0.96753526,0.99407405,0.99257374,0.98339874,0.96950895,0.9844353,0.97782534,0.99104136,0.99966615,0.969019,0.9827486,0.9646717,1.0143667,0.9769836,0.99501395,0.9946424,0.9748471,0.9904313,0.9982771,0.9922003,0.99236363,0.9719123,0.9903045,0.96358377,0.97298014,0.98705196,0.98053485,0.9935457,0.9810124,0.9540736,0.9669914,0.9761517,0.9637698,0.9766538,0.99548733,0.98276925,0.9791006,0.9867245,0.98010224,0.97529554,0.99173546,0.97973233,0.98530394,0.97002816,0.9776854,1.0132194,0.9659567,0.9877424,0.9797025,0.9893704,0.96945715,0.96283364,0.9723839,0.987903,0.97338533,0.9781387,1.0080856,0.9960765,0.9719687,0.991184,0.9849748,0.98550767,0.9783628,0.98329127,0.98478794,0.9761654,0.9976653,0.9872787,0.97681236,0.96647567,0.99038833,1.0076987,0.9839564,0.98078394,1.0064273,0.9873563,0.99471587,0.96273094,0.98609173,0.99731505,0.9780911,0.97510415,0.9682839,0.9952727,0.9845538,0.9700125,0.98349166,0.988509,0.97476286,0.97238153,0.95728487,0.9638549,0.998795,0.9908333,0.9828267,0.99107206,0.98488396,0.98104316,0.9808828,0.984027,1.0091174,0.97249454,0.95714486,1.0171177,0.96155685,0.9767698,0.98172724,0.9703406,0.98228574,0.9827441,0.9671971,0.98226964,0.97646016,0.95885235,1.0003461,0.9709127,0.98729813,0.9664884,0.98248017,0.9774907,1.0005289,0.9688869,0.99471635,0.9782332,0.9844782,0.9848507,0.9951755,0.9988004,0.9730054,1.0035592,0.9952099,0.95650405,1.0025861,0.98599577,0.9789907,0.9801677,0.9828019,0.9598568,1.0060358,0.97452193,0.9825156,0.9906952,0.9919297,0.9789789,0.98708016,0.9603867,0.99021965,0.995931,0.98822284,0.98594016,0.97848845,0.9960753,0.95765334,0.97989637,0.9710804,0.97642756,1.0001413,0.991344,1.012346,0.971996,0.9980321,0.9865715,0.9932668,0.99366516,0.9736987,0.97819805,0.9762542,0.9873205,0.9759572,0.97393167,1.0003554,0.9811778,0.9472116,0.97090346,0.9816033,0.9744692,0.97884375,0.98691994,0.97517097,0.99285126,0.9915095,0.97800046,0.9733612,0.98327625,0.99743366,0.99851584,0.9801637,0.9833683,0.9790069,0.9824855,0.97142285,0.9854191,1.0038593,1.0005343,0.9661921,0.98241127,0.97511107,0.97686857,0.9625431,0.9717794,0.9829837,0.9613928,0.9787056,0.99344176,0.99638563,0.97112185,0.9878638,0.9638803,0.9749624,0.99035364,0.9756529,0.98621553,0.99851763,0.98933065,0.97964877,0.97691303,0.9721252,0.97653276,0.9898102,0.96283156,0.9789996,0.97071064,0.9618263,0.9916514,0.9872745,0.96523106,1.0010401,0.98839295,0.9552949,0.98049366,0.9783116,0.9745586,0.9514405,0.97056997,0.9713762,0.99325734,0.9803959,0.9529822,0.98933125,0.9902603,0.9715921,0.9851472,0.96306795,0.98769563,1.0098232,0.9861157,0.98118234,0.9740698,0.99458635,1.0014555,0.9876347,0.9919463,1.0005503,0.9653028,0.9907891,0.9809694,0.9862153,0.97294694,0.99569476,0.98596114,0.97170407,0.983533,0.97689515,0.9772844,0.9733722,0.9820322,0.9851992,0.98310924,0.9945086,0.9797012,0.97422755,0.97612983,1.0061003,0.97896874,0.9888366,0.998647,0.992166,0.97266734,0.9679353,0.95859927,0.9791575,0.9729691,0.95810586,0.9807333,0.9600866,0.9886984,0.9615559,0.95515996,0.9866207,0.9821445,1.0161299,0.9605207,0.9939105,0.98515475,0.9784406,0.9944538,0.9648246,0.9682637,0.9769773,0.99666774,0.9768315,0.9703686,0.9787496,0.98331124,0.9989911,0.9912436,0.99328166,0.98676765,0.99700356,0.99287736,0.9753476,0.94990337,0.9717553,0.97402966,0.98547703,0.9937607,0.98872715,0.985568,0.993943,0.9813249,0.9796044,0.97151685,0.9724425,0.9847445,0.9873168,0.96653783,1.005411,0.9706061,0.9685226,0.9770772,0.9865347,0.97400683,0.98579174,0.9776344,0.98181266,0.9698589,0.9808955,0.995034,0.97342265,0.9666952,0.98013365,1.0034548,0.99482334,0.9946357,0.9759344,0.97702163,1.0028048,0.9584062,0.97588027,0.9939935,0.9780955,0.97984535,1.0014944,0.97791594,0.9929314,0.9873525,0.9786352,0.9859185,0.97897476,0.9753667,0.9912272,0.9875196,0.9810767,0.98145545,0.97621477,0.9969872,0.989844,0.9720684,1.014586,0.9982543,0.99728996,0.96947247,0.98123837,0.9644986,0.9766835,0.9825706,0.97226024,0.9914998,0.98593116,0.9928563,0.9780925,0.98201275,0.96596247,0.98384887,0.9735737,0.9761438,0.9898888,0.9653605,0.9834534,0.956542,0.97409564,0.99756753,0.9906688,0.9815691,0.9941463,0.99091303,0.97908944,0.9802815,0.97811747,0.9741124,0.98987687,0.97230613,0.977228,0.9937216,0.9753371,0.98576736,0.9963685,0.9741799,1.0077311,0.9654964,0.9955919,1.0061735,0.9876638,0.98753315,0.96836984,0.99448454,0.96931326,0.9907337,0.9978988,1.0149541,0.97046053,0.9851366,0.988831,0.99964106,0.99237514,0.97874504,0.98564756,0.998161,0.9693357,0.98738027,0.98060536,0.9961786,0.9858267,0.9921582,0.97552526,0.9773679,0.97908014,0.98816586,0.98780376,0.9616333,0.9774552,0.98441714,0.9537262,1.0056798,0.99955016,1.003223,0.98311776,0.97032803,0.97861457,0.97202635,1.0015837,0.98672694,0.9578012,0.95445764,1.0040395,0.97359586,0.97091305,0.9634163,0.9777739,0.9822099,1.0024147,0.9930321,0.98588324,0.95616144,0.9880169,0.9761901,0.98441476,0.97542983,0.9727566,0.9909862,0.9685831,0.9900256,0.98367715,0.99135774,0.97787833,0.98148507,0.99807715,0.9641133,0.9837727,1.0093462,0.99726874,0.9844201,0.9865368,0.9757207,0.9599868,1.0010978,0.9800751,0.99518526,0.9841989,0.9753485,0.99084806,0.981396,0.9686308,0.9738627,0.94639736,0.9774058,0.98883396,1.0057869,0.973012,0.991512,0.9808092,0.98207366,0.9745504,0.9885294,0.9921507,0.9892779,0.97773796,0.987048,0.98596376,0.99280536,0.9816623,0.9758489,0.9865821,0.9866268,0.983401,0.99017644,0.98413056,0.97883046,0.978967,0.9915582,0.98731434,0.9975492,0.95455074,0.9701616,0.9983474,0.9717189,0.96895736,0.99242824,0.97430944,0.9916861,0.9914556,0.986066,0.9844484,0.9824763,0.9944065,0.9629418,0.9706122,0.98983896,1.0088124,0.96723527,0.9893684,0.9844597,0.99300027,0.98264414,0.9838624,0.97235036,0.9680433,0.9778494,0.9743755,0.9585687,0.9692826,0.98751,0.9874225,0.96527004,0.9847665,0.9907293,0.98433757,0.9952425,0.9841011,0.9945243,0.9680788,0.9866972,0.9653198,0.95369804,0.9711453,0.96047443,0.978696,0.9584363,0.9825078,0.97469646,0.9915028,0.98104894,0.9734011,0.9826895,0.97554165,0.9964603,0.9663441,0.99493104,0.9867831,1.0044969,0.97952926,0.9826474,0.9944691,1.0044575,0.97581106,0.97456336,0.99700296,0.9890692,0.98639715,0.98087674,0.97248554,0.99585956,0.9500936,0.9959857,1.0019804,0.96470183,0.98177207,0.97896945,0.9814029,0.99023527,0.9678245,0.99266785,1.0049112,0.96387297,0.9972068,0.9740502,0.9852587,0.9780494,0.97427356,0.97791904,1.0038848,0.9745641,1.0052892,1.0102998,0.97054577,0.9530833,0.99066806,0.9919879,0.9948036,0.98578453,0.9740271,0.9904209,0.9810224,0.9987196,0.9969511,0.9979014,0.98373085,0.97427815,0.97396016,0.9727969,0.9937468,1.0080687,0.98968744,0.9626175,0.977215,0.97894734,0.98317987,0.9964538,0.9719964,0.9769626,0.98941016,0.9646928,1.0149423,0.98293924,0.98256797,0.97501355,0.97201616,0.9761244,0.97791857,0.95925283,0.9762475,0.9662599,0.9830548,1.0138419,0.99128336,0.97916025,0.98642373,0.9753878,0.96918154,0.9690304,0.99317145,0.9699539,0.9550988,0.9629861,0.95972234,0.95194614,0.99046046,0.9938186,1.0082986,0.98158133,0.97955,0.9767767,0.9794165,0.9885484,0.98302734,0.9660561,1.0040551,0.9635859,0.98933345,0.98917794,0.99976104,0.96793944,0.97532755,0.9881728,0.98116726,0.96236277,0.9731085,0.9939761,1.0056996,0.9840278,0.9816293,0.9623006,0.9845401,0.9900792,0.993101,0.9666838,0.95577484,0.96632326,0.96461797,0.9799478,0.98843354,0.98909545,0.9905393,1.0020155,1.001814,0.99268353,0.97627264,0.9787164,0.9742618,0.9785227,0.99046326,0.9997514,0.9942486,0.9980387,0.9951061,0.9948946,0.9782239,0.9766808,0.9625355,0.98509175,0.9780225,1.0006806,0.9662339,0.98755956,0.98896503,0.99511045,0.9932489,0.9650375,0.97826076,0.96280086,0.9945256,0.97224784,0.9828383,0.9777662,1.0021796,0.997688,0.9819622
0.025382232,0.0,0.0,0.0,0.0,0.022978898,0.0,0.0,0.012125788,0.008697487,0.011535626,0.0,0.0054910146,0.007196836,0.017517699,0.0,0.012610089,0.012701862,0.0,0.01869013,0.0,0.0030696392,0.0062579326,0.0,0.0,0.0,0.0,0.002455091,0.014220785,0.0,0.0056675896,0.0,0.0,0.0,0.0,0.024829771,0.0,0.0,0.0070541725,0.0,0.0001610294,0.009814337,0.005277835,0.0,0.012506008,0.0,0.004499886,0.0,0.007982263,0.0,0.0075007994,0.0,0.0,0.0,0.019860737,0.013837153,0.0,0.012580425,0.0056825653,0.0,0.00086634234,0.0,0.002668798,0.0034283027,0.0,0.010744851,0.0124835,0.0073122084,0.0,0.0006259978,0.0,0.01752194,0.01264568,0.0022139922,0.0,0.014190614,0.01639394,9.028241e-05,0.011310764,0.0,0.0,0.0,0.011545919,0.0,0.020499943,0.0,0.01212186,0.008325949,0.0,0.005760994,0.006833613,0.0015650988,0.004594337,0.0,0.004878871,0.0,0.0,0.0,0.0,0.0,0.0,0.0,0.010374382,0.016072728,0.007757053,0.010037787,0.010151433,0.009204479,0.0066072345,0.018130723,0.020106798,0.0066123717,0.024522757,0.0,0.020273428,0.008234421,0.0,0.0,0.010348391,0.0,0.0,0.008346543,0.018386716,0.022323305,0.0046160445,0.0130375195,0.0,0.002395587,0.01892788,0.0029267222,0.0,0.0,0.0,0.0,0.0034113787,0.0,0.008104242,0.004702905,0.0,0.0,0.0001895614,0.0,0.0,0.013572585,0.0022754893,0.0024742447,0.012475278,0.005419433,0.019836536,0.0,0.0103545,0.0018560663,0.015873414,0.0,0.0,0.0,0.0,0.0,0.020934556,0.0,0.0,0.02114386,0.0,0.0,0.0,0.0,0.0,0.0,0.0015547611,0.0,0.01609332,0.0,0.0,0.006775167,0.006557133,0.018629428,0.02462725,0.0026897863,0.0059609935,0.0,0.0,0.0,0.003516648,0.0,0.014128612,0.006080631,0.004357118,0.0013439246,0.0032777525,0.0,0.014515437,0.0056765527,0.0,0.010438334,0.01785231,0.01627457,0.0072589032,0.0017025433,0.01544301,0.0,0.0079837255,0.006271284,0.0035177246,0.0,0.0,0.0,0.010942468,0.006310191,0.0,0.0,0.032161627,0.0,0.0,0.0,0.0,0.0,0.0,0.020984353,0.0,0.0,0.0,0.008855272,0.015655207,0.006107647,0.0,0.012891367,0.0,0.004876241,0.0,0.023268754,0.020619567,0.0,0.0,0.0,0.0,0.008684387,0.006519016,0.0,0.0,0.008613838,0.015968535,0.0,0.0,0.0,0.005362138,0.0,0.006460201,0.0006609559,0.0,0.0,0.003689684,0.005652558,0.0,0.0,0.0,0.016047645,0.0,0.024321033,0.022185098,0.0,0.0,0.0,0.013802629,0.0,0.0038939286,0.017747983,0.0,0.02335969,0.0077457875,0.0052907206,0.0,0.009300364,0.008535881,0.003554009,0.016739305,0.009557202,0.0,0.017604053,0.03358191,0.0,0.0,0.009894356,0.0,0.017840778,0.0,0.018134255,0.001035627,0.0,0.008674748,0.00095314346,0.0035692547,0.0,0.0,0.0077723917,0.0,0.0,0.014625475,0.0,0.00181216,0.0018235259,0.0,0.010921359,0.0020861737,0.0006796196,0.008213269,0.0,0.0,0.0,0.016141573,0.0027045812,0.015167547,0.0024952702,0.0,0.0,0.0,0.0,0.015222378,0.005967783,0.01365792,0.0,0.0,0.0,0.0,0.0130659435,0.0,0.024676112,0.0,0.009566333,0.0,0.018387709,0.0016050041,0.0,0.0033771098,0.00078906864,0.0,0.006288804,0.016494272,0.009405021,0.0073780194,0.0,0.0005480796,0.013587324,0.00079468824,0.0,0.0043988116,0.0,0.0,0.01016495,0.0036543682,0.009131882,0.0,0.0049757883,0.0,0.0,0.01486381,0.0020584408,0.0,0.009887407,0.0,0.018946605,0.0,0.0,0.023624199,0.013391973,0.0,0.0015441664,0.0,0.0,0.023761325,0.011450883,0.0,0.013856206,0.00048954785,0.0,0.0034965463,0.0,0.0,0.0049002506,0.0,0.0,0.016764287,0.015343294,0.029366395,0.0,0.0,0.014819805,0.0,0.0074558724,0.041441243,0.0,0.019073848,0.002853848,0.0,0.0,0.0,0.0014438592,0.0,0.0,0.021931311,0.0,0.007210262,0.028588573,0.0045356117,0.013740849,0.009362701,0.0,0.0053937603,0.0,0.0,0.0,0.0004913695,0.0,0.018111445,0.0026425198,0.015234027,0.0,0.0,0.0,0.0036281701,0.022811476,0.004981678,0.0,0.0,0.010013776,0.0005413834,0.0012122393,0.0,0.0,0.012751849,0.0,0.0,0.020987421,0.0,0.013800098,0.002692677,0.0,0.0,0.008181749,0.0,0.0,0.0,0.009112399,0.02398904,0.0,0.0,0.0,0.002851095,0.011789827,0.0,0.0,0.005237542,0.0,0.0,0.0,0.0,0.028675895,0.0,0.0,0.004532028,0.006705666,0.0,0.0,0.0,0.0,0.00076938793,0.0,0.0,0.0009855311,0.0,0.0035914294,0.009874169,0.008189917,0.005119361,0.0,0.0016212575,0.0,0.014051855,0.0065478273,0.012113895,0.0,0.0,0.0026223995,0.0,0.0,0.015156258,0.011488728,0.0,0.0084509775,0.009213109,0.0042471513,0.0,0.0,5.0047413e-05,0.002045039,0.0,0.0,0.0,0.012129709,0.0,0.014682287,0.0,0.0,0.0129730515,0.0,0.0,0.0,0.0,0.0,0.022890154,0.0,0.005710423,0.0,0.0,0.0048373844,0.015182208,0.0,0.0024826117,0.008339459,0.0,0.01770489,0.0,0.007015139,0.011115212,0.0055755973,0.006915476,0.010765135,0.0014901608,0.0,0.0,0.005599428,0.005105786,0.022194926,0.00374021,0.0,0.009755421,0.0,0.0,0.013734886,0.006366499,0.0,0.0,0.0,0.0,0.0,0.0,0.005768586,0.0,0.0077282116,0.0,0.0,0.0,0.0,0.0015124846,0.012590602,0.00050682016,0.002699528,0.0,0.0,0.0027877986,0.0,0.006819712,0.02344421,0.009218631,0.0,0.0,0.0,0.0,0.0,0.014034472,0.008428276,0.016105786,0.0,0.023418527,0.012515014,0.0044091158,0.0,0.021674458,0.01151729,0.0,0.0,0.0,0.0,0.0051242467,0.0023868755,0.0,0.019222543,0.0,0.00052180886,0.0,0.006071713,0.0,0.0,0.019660965,0.024530139,0.0036938116,0.0,0.0036415793,0.0,0.0,0.025096456,0.0049789287,0.0,0.0015562661,0.017765816,0.006038772,0.025962314,0.01764993,0.0058285445,0.0,0.011101559,0.0,0.00040943362,0.0009842962,0.018807756,0.0,0.012932304,0.0,0.0,0.0,0.0,0.0,0.0,0.0,0.0,0.0023201406,0.0,0.01024843,0.0,0.019503545,0.029567908,0.0,0.01810887,0.0013226047,0.0,0.0,0.0009005666,0.0,0.0,0.0097730495,0.0,0.014113978,0.011859477,0.029398108,0.0,0.02253035,0.0070272535,0.004112847,0.0,0.0,0.0,0.00035032444,0.0,0.0,0.0008045193,0.009398889,0.0,0.015099507,0.0,0.010997571,0.0,0.02327202,0.0,0.025114845,0.0,0.0,0.0,0.006164957,0.020973545,0.0,0.03780916,0.0,0.00035638735,0.0032127704,0.003926404,0.018166337,0.0,0.008982161,0.0,0.002679523,0.0,0.012528747,0.0,0.03529212,0.0,0.008466285,0.0,0.0069932938,0.0,0.007713197,0.0047375895,0.0,0.0,0.009412602,0.0,0.00892489,0.021789601,0.0,0.0049817637,0.0,0.020263668,0.0,0.009803178,0.0,0.0,0.012982227,0.01188124,0.0,0.004913781,0.0,0.018313512,0.0,0.01107336,0.0031873994,0.016621526,0.0130937435,0.0074877664,0.0032562502,0.014519233,0.0,0.0012456942,0.0,0.008287711,0.002810739,0.0,0.0026281178,0.009725187,0.0,0.005667845,0.0,0.0058605894,0.0045062453,0.0068819933,0.0,0.0,0.015034243,0.007644452,0.0,0.0,0.0,0.020347534,0.0,0.0,0.0,0.0,0.022660613,0.024002466,0.0,0.0111192465,0.0,0.018671576,0.0,0.0,0.0,0.008144364,0.0,0.013328608,0.0,0.0,0.0043402724,0.0,0.0038883202,0.0027617402,0.0,0.0,0.0,0.010415098,0.012340516,0.0120918155,0.0,0.015131639,0.028221726,0.0025918242,0.0,0.0012863725,0.0,0.0,0.011426672,0.0,0.004752133,0.0,0.0,0.0,0.010625495,0.0,0.0,0.007820912,0.0,0.017728837,0.016332356,0.0,0.0,0.0,0.006808903,0.012767229,0.005961474,0.0,0.011557445,0.0003784746,0.01639229,0.0,0.005402386,0.01518774,0.0,0.008559026,0.00590121,0.011391833,0.0,0.0,0.017966166,0.0,0.0,0.016321115,0.0,0.0,0.013265412,0.0085842665,0.0,0.015434504,0.018472325,0.0,0.013743103,0.0,0.0,0.0,0.0,0.0,0.0,0.0,0.017945718,0.002040878,0.006090462,0.0,0.004348064,0.014759924,0.020874675,0.0,0.0,0.00072366185,0.0070931725,0.0,0.0,0.014920473,0.0,0.0,0.01156381,0.009359781,0.0,0.0018630065,0.0,0.006468028,0.0,0.0,0.015357612,0.0,0.0,0.0,0.0,0.02142033,0.00063993596,0.0,0.0,0.003033802,0.015127659,0.0,0.0,0.017016161,0.0,0.0016670376,0.010342404,0.000602277,0.0,0.0,0.005950138,0.016918024,0.0,0.0,0.013292365,0.0,0.004440397,0.0,0.01414072,0.0,0.013859337,0.0,0.0,0.0,0.004200358,0.0,0.0,0.018286273,0.0,0.0054517128,0.0,0.017973855,0.017462416,0.0,0.0088416,0.013198767,0.0,0.0,0.01698256,0.0,0.0145379305,0.0,0.0003031846,0.013780963,0.0,0.0,0.015512146,0.007519439,0.0,0.0,0.0,0.0,0.0,0.017544743,0.0,0.0,0.0,0.0066803526,0.017211635,0.010332553,0.008643102,0.013893172,0.0,0.0,0.01762132,0.009330362,0.0,0.0033763535,0.0,0.017187305,0.0061985776,0.004044313,0.0,0.0,0.0,0.003672909,0.0,0.0,0.0,0.0,0.012298487,0.011202268,0.0,0.00031463802,0.0,0.0,0.0,0.0027123205,0.0070952754,0.0059423335,0.0,0.0,0.0,0.0,0.02267535,0.0007251948,0.0012572892,0.011094054,0.0,0.0,0.0,0.009595305,0.0,0.0,0.018385654,0.022291372,0.014336191,0.012156494,0.0044670515,0.0,0.009465199,0.0055400617,0.042649195,0.0,0.0062980615,0.01888275,0.026465788,0.0,0.0,0.0,0.0,0.0024463758,0.0,0.009203855,0.0,0.015375033,0.017547488,0.0,0.006181013,0.0,0.0,0.0,0.0,0.0046197623,0.010679873,0.0,0.002638219,0.012845833
1.073494,1.0691557,1.0618088,1.0620928,1.0772704,1.0666437,1.0769442,1.0545963,1.069683,1.0681137,1.072011,1.0689977,1.0701472,1.0666269,1.0677891,1.0642694,1.0549244,1.0677906,1.0822546,1.0755488,1.0938263,1.0730247,1.0875473,1.0556537,1.0899632,1.0651689,1.0598894,1.0818301,1.0524204,1.071777,1.0722004,1.0555984,1.0616941,1.0795171,1.0724809,1.0730454,1.0650561,1.0732772,1.0712559,1.0692111,1.077144,1.0778825,1.0746592,1.0615729,1.073371,1.0859394,1.07775,1.0574167,1.0754871,1.0814394,1.059148,1.070577,1.0502185,1.0635452,1.0672041,1.0778377,1.0907793,1.0811095,1.0718355,1.0883641,1.0858189,1.0666558,1.0700352,1.0508127,1.0476898,1.067436,1.059441,1.0677134,1.0777317,1.0653062,1.082166,1.0599865,1.0742525,1.057918,1.0800921,1.0871831,1.0761217,1.0613196,1.075597,1.0378995,1.0818045,1.0726808,1.0667777,1.0807903,1.0765005,1.0732114,1.0583117,1.0580509,1.0613022,1.0696594,1.08238,1.0737203,1.0862269,1.0784565,1.065673,1.0567598,1.0635616,1.0575418,1.0726274,1.077129,1.0745069,1.0705744,1.0824567,1.0824298,1.0689123,1.0905651,1.0713673,1.0674173,1.0735773,1.0942118,1.0732102,1.0593147,1.0932164,1.055286,1.0806625,1.07378,1.0463791,1.0653323,1.0738072,1.0877799,1.0730213,1.0631074,1.0679338,1.0912691,1.0620645,1.0609462,1.0690563,1.0659404,1.0700554,1.0888802,1.0660595,1.0539265,1.0661445,1.0663263,1.0782008,1.0723768,1.0731801,1.0741143,1.0708194,1.0821828,1.085836,1.072771,1.0922806,1.0748132,1.0727813,1.064911,1.0858471,1.0748634,1.0696231,1.0800406,1.0818374,1.0721511,1.0662607,1.0708561,1.0612526,1.0727051,1.0664761,1.075471,1.0739342,1.0680742,1.0622711,1.0659897,1.0658792,1.0686276,1.0812052,1.0756024,1.0607686,1.0634452,1.0662628,1.084397,1.075342,1.0932488,1.06824,1.0722444,1.0595933,1.067939,1.0836481,1.0851836,1.0661858,1.0623829,1.0796586,1.0791337,1.0466113,1.0597473,1.0676726,1.0566568,1.0695506,1.0707058,1.0667102,1.0709491,1.0644368,1.0885007,1.0695381,1.0699378,1.0600264,1.0538195,1.0707351,1.0639278,1.0531099,1.0677055,1.0527308,1.0463707,1.0808496,1.0823396,1.0687364,1.0839673,1.0655847,1.1016206,1.0751098,1.062494,1.0733355,1.0709412,1.082736,1.059137,1.0610137,1.0732819,1.0606077,1.0713912,1.0596983,1.0720464,1.0835735,1.0673109,1.0710529,1.0694501,1.058853,1.0765651,1.0742772,1.0630451,1.0725982,1.0816984,1.0613171,1.0704101,1.0825523,1.0696518,1.0809436,1.0773877,1.0782187,1.0572019,1.0848415,1.0730264,1.0597053,1.0705258,1.0685312,1.0586452,1.0696526,1.0712162,1.0659744,1.0705132,1.0738369,1.0735569,1.0776169,1.085192,1.0546687,1.0600225,1.0749567,1.0708671,1.061127,1.0498445,1.0542196,1.0676315,1.0819391,1.0764613,1.0630043,1.0629532,1.0822212,1.0956725,1.0665923,1.0608627,1.0710827,1.0658585,1.0500082,1.0783573,1.068414,1.0618125,1.0461862,1.0640775,1.0695194,1.084272,1.0664524,1.0667033,1.0779821,1.0745344,1.0706565,1.0743788,1.0708207,1.0642906,1.0611384,1.0723301,1.0615467,1.0922494,1.074315,1.0639709,1.0596433,1.0662531,1.0722064,1.0491291,1.0544566,1.0718079,1.0675347,1.0690749,1.0742826,1.0713133,1.082148,1.0710136,1.0724702,1.0731332,1.0963488,1.0656122,1.0846117,1.0654124,1.0826806,1.0689372,1.074811,1.0607407,1.0547562,1.0686445,1.0892805,1.0655226,1.0567398,1.0907526,1.0688779,1.0780157,1.1022798,1.0524526,1.0749847,1.0629543,1.0784322,1.0665901,1.071351,1.0746163,1.0892863,1.0718596,1.0564272,1.0783411,1.0736089,1.0866146,1.0673721,1.0763887,1.05841,1.0756264,1.0854135,1.0821341,1.050039,1.0720155,1.0735584,1.0809642,1.0878856,1.0721,1.0680487,1.0675107,1.064321,1.0716795,1.0624622,1.0794818,1.0557711,1.0830646,1.0922647,1.0594155,1.0799323,1.0759883,1.0728962,1.0675414,1.0556242,1.0488168,1.0813652,1.0532051,1.080038,1.0740258,1.0794513,1.0614809,1.0720451,1.0703869,1.073614,1.063421,1.0827655,1.0770702,1.0613731,1.0728832,1.064301,1.087195,1.0603763,1.0840847,1.0590471,1.0804669,1.075254,1.0620538,1.0711893,1.0709383,1.0738156,1.0724272,1.0586771,1.0591469,1.0890113,1.0940646,1.0586582,1.0712181,1.0781797,1.0772797,1.0463767,1.0606395,1.0633156,1.0709202,1.0639082,1.0839368,1.0686233,1.0636355,1.064583,1.064545,1.0664258,1.0847012,1.0690439,1.0773125,1.0860708,1.0611093,1.086414,1.0637801,1.0739406,1.0642184,1.072227,1.0604233,1.0801404,1.0808444,1.0637954,1.0782046,1.0759592,1.0791667,1.0859386,1.0746063,1.0776633,1.0700212,1.0812558,1.079098,1.0643964,1.0742712,1.0765737,1.072652,1.075712,1.062331,1.0734403,1.0770775,1.0760723,1.0712156,1.0715034,1.0762855,1.0516514,1.0689996,1.0814807,1.0749227,1.0643555,1.069776,1.0662928,1.0779663,1.0631952,1.0704155,1.0590547,1.0937357,1.0883633,1.0596611,1.0680766,1.0527588,1.0758158,1.0608295,1.0720834,1.0783453,1.0702009,1.0781038,1.085042,1.0774692,1.068293,1.0609176,1.0470212,1.0721844,1.0855608,1.076906,1.0901053,1.0733399,1.0763096,1.0800055,1.0695535,1.0573132,1.0771863,1.075279,1.0915512,1.0789163,1.0625827,1.0697608,1.0708989,1.0819304,1.069003,1.0806681,1.0832753,1.0678432,1.0602978,1.0625689,1.065757,1.07376,1.0677785,1.0680568,1.0740323,1.0519496,1.0681475,1.0827241,1.0722954,1.0610862,1.0811565,1.0600526,1.0769104,1.0905905,1.0662123,1.05403,1.0508593,1.0731511,1.0885344,1.0750779,1.0650357,1.0765238,1.0632106,1.0721216,1.0758032,1.063882,1.0739136,1.0722814,1.069027,1.0675164,1.0768441,1.0568848,1.0660176,1.0474321,1.072468,1.067966,1.080085,1.0818881,1.06129,1.0528098,1.0764124,1.084014,1.076093,1.0600911,1.0736599,1.072585,1.0667189,1.0500257,1.0775111,1.0815585,1.0641444,1.0693383,1.0742651,1.0822084,1.0762309,1.0653054,1.0731847,1.0857272,1.0699524,1.0695512,1.0561525,1.0806278,1.0681118,1.0859694,1.069211,1.0579423,1.0753645,1.0620924,1.076236,1.0753467,1.0713574,1.0549314,1.0843669,1.0625585,1.0714054,1.08985,1.0764258,1.0706767,1.062608,1.0732161,1.0535067,1.0677029,1.0784545,1.0889758,1.0797218,1.0800611,1.0731664,1.0803107,1.0763258,1.0814421,1.0751138,1.0596268,1.065779,1.0796084,1.0677074,1.0721879,1.0681809,1.0446429,1.0513413,1.0588038,1.0827484,1.065533,1.0677968,1.077685,1.0754055,1.0690374,1.0640963,1.0699149,1.0604385,1.0821581,1.078424,1.0923489,1.0828178,1.0659059,1.0732384,1.0737922,1.0684017,1.0846478,1.0785321,1.0657709,1.0600488,1.0519139,1.065139,1.081543,1.0705396,1.0808886,1.0919248,1.082856,1.0722437,1.0851175,1.0576822,1.0777334,1.0631356,1.0736217,1.0744476,1.0749512,1.0726323,1.0772461,1.0762035,1.0777664,1.0545412,1.0783603,1.0673507,1.070009,1.0580902,1.0745188,1.0716598,1.0795631,1.0831866,1.0756224,1.0786023,1.073115,1.0816661,1.0737165,1.0818467,1.0850081,1.084549,1.0688967,1.0347362,1.074588,1.0744525,1.0731113,1.0528766,1.0707864,1.0838273,1.0745304,1.060068,1.0696738,1.0569609,1.0777997,1.0586299,1.0612127,1.0716182,1.0783118,1.0682002,1.0850786,1.0634533,1.0915114,1.0629331,1.0947778,1.0908644,1.0553104,1.0571728,1.0587344,1.074111,1.0704814,1.0592254,1.0724239,1.0917491,1.0752208,1.0738692,1.0828358,1.0695636,1.0708661,1.0824574,1.064045,1.071421,1.0588305,1.0717689,1.0797913,1.044049,1.0620357,1.0909426,1.0753075,1.0664023,1.0628372,1.0746638,1.0567418,1.0629221,1.0703244,1.073301,1.0742326,1.0716065,1.0687964,1.0823978,1.0703268,1.0557704,1.073525,1.0624217,1.0709549,1.0706193,1.0555077,1.0728796,1.0820386,1.0609905,1.0570422,1.0562807,1.082719,1.0664276,1.0692275,1.0864983,1.0736398,1.0541688,1.0759183,1.0725507,1.0532486,1.0770208,1.0584754,1.0786693,1.0672652,1.0684042,1.0750589,1.0626571,1.0623705,1.0704653,1.0537696,1.0651162,1.0693787,1.0733423,1.0669103,1.0669125,1.0759648,1.0815954,1.0651146,1.0796274,1.0566435,1.0611459,1.0830226,1.0841098,1.0667704,1.0510325,1.0677004,1.0810537,1.0577707,1.0689391,1.0663446,1.0735564,1.0740716,1.0630642,1.0582643,1.0757132,1.0733632,1.076233,1.0948023,1.0876733,1.070141,1.0631421,1.0822742,1.0914668,1.061461,1.0666155,1.0614724,1.0791364,1.077346,1.0641414,1.0733114,1.0775466,1.0896208,1.0718981,1.0664921,1.0634215,1.0626191,1.0831028,1.0793183,1.0555056,1.0766883,1.0716298,1.0796583,1.0773087,1.0768186,1.0760813,1.0459588,1.0697658,1.0718862,1.0624752,1.0606545,1.0643259,1.0714554,1.0754013,1.0727506,1.0725721,1.0706929,1.0711504,1.0746834,1.0449548,1.0725511,1.0560623,1.0710759,1.0608475,1.0611235,1.0877237,1.0659665,1.0696099,1.0646899,1.0606301,1.0576788,1.0727156,1.0849094,1.0845252,1.0802616,1.0650617,1.050837,1.066213,1.0798376,1.0726906,1.0743484,1.0720853,1.071301,1.0770732,1.0808557,1.0670123,1.07329,1.0782942,1.0654867,1.0760318,1.0604775,1.0814157,1.0619658,1.0636281,1.0620168,1.0834131,1.0810707,1.0725546,1.0603168,1.0595142,1.0730896,1.0715063,1.067324,1.0613593,1.0658529,1.0487851,1.0616173,1.072343,1.067643,1.0791126,1.0771028,1.0566193,1.0880699,1.0748729,1.0581546,1.0728294,1.0894707,1.0572546,1.060635,1.0931016,1.0520643,1.0619864,1.0735786,1.0729041,1.0804206,1.0662758,1.0685102,1.0816205,1.0892571,1.0441471,1.0695428,1.0637609,1.057244,1.0739411,1.0524888,1.0683489,1.0681152,1.0722325,1.0725346,1.067388,1.0489782,1.0666738,1.0758113,1.0644516,1.0674604,1.0740663,1.0812514,1.0658914,1.0471435,1.0835524,1.0710797,1.0886016,1.0560868,1.0696692,1.0628939,1.0873704,1.0652786,1.0534302,1.0761427,1.0690109,1.0749991,1.0755633,1.066202,1.0489497,1.0712034,1.0741779,1.0724009,1.0833923,1.0623673,1.0698231,1.0687577,1.0752765,1.0539612,1.0811542,1.073057,1.077119,1.0620242,1.0558743,1.0705436,1.067799,1.0812151,1.0830289,1.0765972,1.0617331,1.0571686,1.0741932,1.0720335,1.0863963,1.0775535,1.0804431,1.0689232,1.060603,1.0730381,1.0527219,1.0575993,1.0779864,1.0696754,1.0818458,1.0787292,1.0808403,1.083954,1.0645391,1.0699217,1.075695,1.0701867,1.0406101,1.0635049,1.0797588,1.0718062,1.0646881,1.0582658,1.0670403,1.0755816,1.0785747,1.0635228,1.0728494,1.0734719,1.0748689,1.0694196,1.0777948,1.0710415,1.0664023,1.0743943,1.0664645,1.060296,1.0765078,1.0745132,1.0677662,1.0787959,1.0688121,1.0732471,1.0763531,1.0557153,1.068682,1.0645741,1.0774868,1.0663179,1.0714339,1.0740637,1.0751982,1.0865833,1.0769657,1.0601525,1.0656615,1.0836488,1.0724,1.0686349,1.0726103,1.0878893,1.0809321,1.0799359
1.1189873,1.1171361,1.1380783,1.1258097,1.1420946,1.1180617,1.142032,1.1326739,1.1295806,1.1306258,1.1105983,1.1450315,1.1374426,1.1165073,1.1309408,1.1510472,1.1230879,1.122379,1.1537505,1.1446488,1.1335452,1.1389685,1.125523,1.1307572,1.1455495,1.1286416,1.1601063,1.1206715,1.1341482,1.1485689,1.1065075,1.1293466,1.1130129,1.142528,1.1230258,1.1404216,1.1380526,1.1394106,1.1296175,1.1345001,1.1185119,1.1264696,1.148821,1.1497322,1.1338421,1.1571732,1.1367825,1.1334369,1.140079,1.1570451,1.1323177,1.1318209,1.1404982,1.1490792,1.1165035,1.1442716,1.1430542,1.1373179,1.1246768,1.1487536,1.1447768,1.1210033,1.1340657,1.1119747,1.1373854,1.1372414,1.1426711,1.151623,1.1371549,1.1173109,1.1395901,1.1247622,1.1394672,1.1386995,1.1324105,1.1568309,1.1278104,1.1261854,1.1469862,1.1225555,1.1494969,1.1279267,1.1227139,1.1435132,1.1390607,1.1299528,1.1191931,1.1073555,1.1368555,1.1122358,1.1572883,1.1273983,1.1582904,1.1385573,1.1306362,1.1503863,1.1316397,1.1376698,1.1299329,1.1295888,1.1381841,1.1456337,1.1483953,1.1471362,1.1201487,1.1601298,1.1169018,1.1319573,1.1112816,1.1445792,1.131691,1.133426,1.1329395,1.1246873,1.1414516,1.1224886,1.1305209,1.1266068,1.1391937,1.1408721,1.1415629,1.1128697,1.1140388,1.1619337,1.124747,1.1374342,1.1309105,1.1330758,1.1178141,1.1345745,1.1253008,1.1452441,1.1546335,1.1415474,1.134743,1.1317114,1.1248913,1.1334757,1.1504972,1.123513,1.1439127,1.1341588,1.1631817,1.1528181,1.1409047,1.1192157,1.1386322,1.1303875,1.1344389,1.13176,1.1441154,1.1256323,1.1271045,1.1409446,1.1357689,1.1270169,1.1375232,1.1384144,1.130662,1.1530341,1.12898,1.1211768,1.1200675,1.1506759,1.1396267,1.1486446,1.1363033,1.1308931,1.1388143,1.1189312,1.1253889,1.1327931,1.135,1.1317443,1.1218386,1.1330259,1.1455433,1.1340541,1.1419356,1.0994805,1.1521208,1.1422434,1.120456,1.1374772,1.1417124,1.1172504,1.1302109,1.1318791,1.1247534,1.131448,1.1137203,1.1251168,1.1330082,1.1296194,1.1327784,1.1196399,1.1358849,1.1312728,1.1106741,1.1375626,1.131009,1.1162524,1.1508704,1.1347663,1.1346588,1.1578091,1.1150007,1.1459233,1.1181579,1.115524,1.1259769,1.1201166,1.1581547,1.1440358,1.1298585,1.1457015,1.120822,1.1180667,1.1515943,1.1426016,1.1598705,1.1441675,1.1264691,1.127554,1.1413511,1.1201997,1.1301787,1.1484616,1.1481174,1.1455055,1.1134818,1.1488477,1.1375067,1.1401871,1.147137,1.1482054,1.1151702,1.1284456,1.1451756,1.1394578,1.1321228,1.145778,1.1198227,1.1406742,1.1560233,1.1364789,1.1392351,1.1365063,1.1397805,1.136796,1.1322945,1.1470611,1.1509033,1.1397042,1.1355027,1.127016,1.1179672,1.1203815,1.1134347,1.1353834,1.1392872,1.1322314,1.1358681,1.1209819,1.1519156,1.1470447,1.1393516,1.1054924,1.129795,1.1148537,1.1326663,1.1232527,1.1140634,1.1193181,1.111687,1.1199297,1.1331177,1.1370635,1.1498277,1.1286677,1.1538434,1.1254339,1.1397359,1.1345681,1.1429057,1.1152453,1.1404827,1.127961,1.1200445,1.1549038,1.1411316,1.1375229,1.1298672,1.1280563,1.1646873,1.1326281,1.137381,1.1382446,1.130035,1.130072,1.1409298,1.1274266,1.1324729,1.1360838,1.1524792,1.1391674,1.1537013,1.1313777,1.1341795,1.1325173,1.1313243,1.1340606,1.1242033,1.1396194,1.1261228,1.1493683,1.1194668,1.1322604,1.133215,1.1435659,1.1374985,1.1428585,1.1467335,1.1237533,1.1295016,1.1149775,1.1379963,1.1538607,1.1530299,1.1098067,1.1374646,1.1308507,1.1226902,1.1379502,1.1399745,1.1459339,1.1167591,1.1165891,1.1329515,1.1498315,1.1417688,1.1202519,1.1230528,1.1489042,1.1232145,1.1558397,1.1430697,1.1372707,1.1154642,1.1395421,1.1314149,1.1343908,1.1335928,1.1555592,1.128579,1.1296877,1.1503185,1.1534654,1.1485254,1.1278054,1.1204537,1.135377,1.1228529,1.1058369,1.1468297,1.1236802,1.1343244,1.1636513,1.10802,1.1226349,1.1550918,1.1281773,1.1253489,1.1116312,1.1359615,1.1257637,1.1359663,1.1233273,1.1406572,1.1378745,1.1255798,1.1384345,1.1278709,1.1535183,1.1481239,1.1230416,1.1255034,1.1156176,1.1204523,1.150281,1.1188283,1.1408459,1.1488276,1.147762,1.1421565,1.1290492,1.1217176,1.1565408,1.1334347,1.120496,1.1394128,1.1211743,1.1126006,1.152732,1.1356192,1.1467701,1.1270263,1.138546,1.1267201,1.1174601,1.1321006,1.154864,1.1577092,1.1507611,1.1541003,1.1620063,1.136546,1.1006538,1.1297822,1.1516229,1.1460499,1.1336561,1.1392069,1.1314055,1.1592215,1.1437563,1.1539352,1.1460308,1.1356024,1.1337312,1.1609265,1.1326364,1.1286927,1.1294152,1.138714,1.1417289,1.1499164,1.1429044,1.1397173,1.1443163,1.161578,1.130651,1.1361446,1.1446387,1.1349002,1.1506624,1.1232609,1.1121628,1.1233126,1.1446497,1.1280005,1.1376793,1.1244941,1.1445359,1.121767,1.1372011,1.1402301,1.1140808,1.1278955,1.131811,1.1437935,1.1465049,1.134193,1.1519107,1.1335509,1.1397123,1.136297,1.1404566,1.158131,1.1343892,1.1388708,1.1387916,1.1454777,1.1388924,1.148507,1.1472126,1.1429884,1.123954,1.1177275,1.1412661,1.1392007,1.1176223,1.1547581,1.149042,1.1324648,1.1331244,1.1128708,1.1464953,1.1272988,1.134655,1.1468428,1.1466852,1.1310375,1.107124,1.1417264,1.1244686,1.1520404,1.1443728,1.1428368,1.126678,1.1477667,1.1419187,1.153677,1.1192596,1.1403854,1.1226794,1.1256498,1.1200058,1.1367679,1.1258792,1.1120634,1.1458277,1.1462228,1.1337808,1.1313856,1.1481364,1.1325619,1.1295836,1.1427125,1.1178643,1.1419535,1.1319631,1.1352882,1.1344123,1.1385769,1.1371025,1.1399478,1.1211838,1.1300282,1.1357517,1.1322954,1.1441245,1.1393293,1.1262193,1.1449734,1.1203091,1.15013,1.1033468,1.1552379,1.143639,1.1254051,1.128018,1.162887,1.1349171,1.1410773,1.1528383,1.1491175,1.1519573,1.1322954,1.1263331,1.1338054,1.1284407,1.1019628,1.1191871,1.1194637,1.1345534,1.1288195,1.1479914,1.1397861,1.1464889,1.1392103,1.1198248,1.1372862,1.1542137,1.1433413,1.1512784,1.1349462,1.1298391,1.1456081,1.1387352,1.1106696,1.1371715,1.125876,1.1274773,1.1160151,1.1579621,1.1362315,1.1369003,1.128135,1.1369545,1.154409,1.1335282,1.136247,1.1337943,1.1501106,1.1270741,1.1364541,1.1211983,1.1378909,1.1382124,1.1441777,1.1174217,1.1123785,1.1316088,1.1383349,1.138644,1.1478944,1.1671191,1.1277019,1.1310929,1.1450365,1.1405493,1.1286659,1.1275009,1.1500698,1.1380987,1.1269403,1.1215584,1.1466149,1.1311285,1.1280679,1.1495463,1.1287766,1.1277552,1.1465977,1.1062611,1.1229346,1.1392834,1.1445196,1.1251311,1.1235455,1.1454171,1.1356958,1.1375598,1.1459038,1.1427721,1.1387274,1.134681,1.1404104,1.1218468,1.1245875,1.1418978,1.1353106,1.1445913,1.0891204,1.1227127,1.1347679,1.146045,1.1194133,1.147635,1.1236365,1.1313095,1.1310241,1.1429571,1.1174653,1.141146,1.1318985,1.1423961,1.1227368,1.1414403,1.1447738,1.1410043,1.1356589,1.1406935,1.1520337,1.1245824,1.0968819,1.1437358,1.1363449,1.148471,1.1303802,1.1279948,1.1268725,1.1335573,1.1266391,1.1413146,1.1277769,1.1349335,1.1464679,1.1218683,1.1395985,1.1408871,1.122678,1.144021,1.1450409,1.1324972,1.1263379,1.1247936,1.1418372,1.1421157,1.1167997,1.1148152,1.1392964,1.1374673,1.131763,1.1598363,1.1408175,1.1342087,1.1271614,1.1282972,1.1279776,1.1411241,1.1549346,1.1309083,1.1273003,1.1232147,1.1461266,1.1569371,1.1296926,1.1282066,1.1403412,1.128549,1.1295456,1.1486809,1.1256633,1.125813,1.1440977,1.1100941,1.1227858,1.1245322,1.1251702,1.1248785,1.1218917,1.1243784,1.1283364,1.1288202,1.1224294,1.1294392,1.1316557,1.1645994,1.1289108,1.1510088,1.1209651,1.1254253,1.1384023,1.1121565,1.1258085,1.134943,1.121139,1.126724,1.1463313,1.1234717,1.1358196,1.1129211,1.1479087,1.1507661,1.137844,1.130577,1.1077169,1.1157552,1.1375047,1.138442,1.1263688,1.1330227,1.1213574,1.1415433,1.1383523,1.128234,1.1318475,1.1343441,1.1272532,1.1349065,1.1330179,1.1495117,1.1357787,1.1114473,1.1251388,1.1357396,1.1422473,1.1409789,1.1078228,1.1309195,1.1326022,1.1464237,1.1344218,1.1435417,1.1126773,1.1451395,1.1384516,1.1205668,1.1165723,1.1603761,1.1494931,1.1401589,1.1587862,1.1394697,1.1250606,1.1361462,1.1351697,1.1314417,1.1674875,1.1565843,1.1279899,1.1402757,1.1216707,1.1570766,1.1543229,1.1317227,1.1362616,1.146279,1.1369094,1.157023,1.1207339,1.1336005,1.1543816,1.1274188,1.1294781,1.1386588,1.1471827,1.1428659,1.1293508,1.1281786,1.1210165,1.1409845,1.1262097,1.126384,1.1464391,1.1496016,1.103998,1.1488081,1.1257844,1.1330214,1.1150953,1.1341598,1.123892,1.1219022,1.1439615,1.1240349,1.114513,1.1343762,1.1399338,1.1384794,1.134963,1.1557211,1.120559,1.1302791,1.1371541,1.1548122,1.1252986,1.1285923,1.1138041,1.142007,1.1454688,1.1269647,1.1285589,1.1381966,1.1376339,1.1222465,1.1290399,1.123134,1.1260296,1.1391699,1.1271927,1.13494,1.1228254,1.1314074,1.1395357,1.1351331,1.1297103,1.1397927,1.1424962,1.1420141,1.1289102,1.1326462,1.1290008,1.1342572,1.1561115,1.1278985,1.1528606,1.1534159,1.1200051,1.1390368,1.1072658,1.1361178,1.1213882,1.1375794,1.1201888,1.1268079,1.1572891,1.1364578,1.129318,1.1531332,1.1518098,1.1292677,1.1361583,1.1341741,1.1207631,1.1460435,1.1251193,1.1383048,1.1172758,1.1205243,1.1317393,1.1119007,1.1307309,1.1171975,1.1346925,1.1454169,1.1268264,1.0992558,1.1270117,1.1381925,1.1187187,1.1086522,1.1536628,1.1334599,1.1232035,1.1311232,1.1446096,1.134164,1.1305559,1.1386769,1.1272457,1.129212,1.1554747,1.1258069,1.1333355,1.1368768,1.1182703,1.1341196,1.1412797,1.1294248,1.1282121,1.1426063,1.1375524,1.1232551,1.138066,1.1334192,1.1484189,1.1137058,1.1168402,1.1162106,1.148244,1.141479,1.1391106,1.128467,1.1257104,1.1176274,1.1643788,1.141969,1.1375138,1.1272943,1.1445305,1.1361445,1.1457647,1.1388105,1.1440507,1.1360831,1.1427183,1.1457667,1.1318618,1.1511827,1.1226366,1.127512,1.1551925,1.1082022,1.1457899,1.1268249,1.1476761,1.1411821,1.1458597,1.1128023,1.1482152,1.140681,1.1279902,1.1267196,1.1537833,1.1268281,1.136481,1.1380031,1.1485325,1.1478527,1.1119081,1.1300501,1.1495149,1.1513382,1.1423073,1.1182526,1.1412954,1.1240977,1.1320049,1.1166718,1.1384046,1.1220264,1.1237614,1.1370189,1.1111763,1.1222697,1.1448907,1.1492696,1.1268219,1.1178596,1.1417627,1.1250472,1.1355189,1.121365,1.1380826,1.1387243,1.1120286,1.1606988,1.1089935,1.1249053,1.1347717,1.1261022,1.1501712,1.1362439,1.1197369,1.120082,1.158214,1.1320535
1.2659647,1.2501321,1.2648227,1.2589313,1.277897,1.249646,1.2719611,1.267604,1.2568879,1.2599529,1.2612307,1.2785754,1.2709404,1.26216,1.2779126,1.2636422,1.2686312,1.2689801,1.2703238,1.2608435,1.2751532,1.2698357,1.2671343,1.2562,1.2818028,1.270726,1.2751899,1.2751051,1.2575969,1.2700436,1.2653373,1.255653,1.2741332,1.2580521,1.2756379,1.2723392,1.2871414,1.2666582,1.2527219,1.2468095,1.2662338,1.2599579,1.2749872,1.2899823,1.2706466,1.2718997,1.2580738,1.2702897,1.2803888,1.2745838,1.2667809,1.2797137,1.2691942,1.2805728,1.2520689,1.2743239,1.2797867,1.2795732,1.2662963,1.293598,1.2649739,1.266502,1.24701,1.2647419,1.2736288,1.2687346,1.2647709,1.2919918,1.2694939,1.2710198,1.2692461,1.2592375,1.287,1.2751602,1.2567991,1.2737294,1.2636428,1.2481644,1.2659521,1.2697957,1.2848554,1.2736335,1.2637248,1.2660358,1.2797332,1.2603003,1.2575289,1.2708747,1.2643863,1.2610837,1.2563087,1.2719315,1.2877272,1.266592,1.2746794,1.2596962,1.2937257,1.2611301,1.2692513,1.2836989,1.2695502,1.2364415,1.2685193,1.2509446,1.2526193,1.2586837,1.2638211,1.258816,1.2811303,1.2909344,1.267241,1.2768077,1.26828,1.2532282,1.2625892,1.2806407,1.274284,1.25302,1.2718335,1.2763627,1.2854913,1.2567766,1.2431474,1.2659818,1.2549237,1.274981,1.25581,1.2598002,1.27148,1.2717975,1.2626665,1.2517011,1.3001692,1.2656732,1.266343,1.2706048,1.2357138,1.2721574,1.2798191,1.2768908,1.2733909,1.2649984,1.2635373,1.2648808,1.2597693,1.2519935,1.2592899,1.2434537,1.2704244,1.2776995,1.267817,1.2657733,1.2700475,1.2616359,1.2888768,1.2843981,1.2639319,1.2779332,1.2517477,1.2702373,1.266573,1.2748652,1.2774587,1.2922915,1.2677368,1.2772734,1.2655035,1.2795035,1.2704273,1.2683405,1.2537462,1.2687696,1.2944784,1.2722371,1.2627324,1.2739803,1.2794297,1.2621753,1.2616545,1.2576616,1.2665863,1.2726378,1.2451265,1.2656624,1.2798045,1.2679751,1.2475084,1.2818846,1.2760277,1.2711838,1.2544059,1.2734282,1.2950293,1.2653149,1.2697142,1.2620257,1.2785543,1.2595617,1.2730587,1.2691097,1.2705774,1.255189,1.2584139,1.2786088,1.2666852,1.2844101,1.2637827,1.2711017,1.2564948,1.271884,1.2697966,1.2654381,1.2687763,1.2765571,1.2743589,1.2664489,1.2533631,1.268255,1.2568505,1.2483782,1.258069,1.2863094,1.2827053,1.2549932,1.2732785,1.2463262,1.2692021,1.2691505,1.2552539,1.2671571,1.265439,1.2717108,1.286533,1.2516052,1.276108,1.2661538,1.2672646,1.2679192,1.2754853,1.274941,1.268906,1.2650095,1.2622362,1.2606406,1.266893,1.2923135,1.268228,1.2587043,1.2698021,1.2968961,1.2821777,1.2853543,1.2746675,1.2669066,1.2726992,1.2807122,1.2546902,1.2428234,1.2444513,1.2578028,1.2562864,1.2710437,1.2599713,1.2550085,1.2635719,1.2761561,1.2616042,1.257616,1.2786657,1.2548008,1.2493789,1.2821381,1.2588623,1.2651951,1.2561069,1.2716639,1.2676742,1.271531,1.2811449,1.2815517,1.2607669,1.2609521,1.2756425,1.2746661,1.2637982,1.2649467,1.2648146,1.2859162,1.2561238,1.2616135,1.2704781,1.2471527,1.275603,1.2610698,1.2464014,1.2659221,1.244044,1.280946,1.2776635,1.257398,1.2636327,1.2815084,1.2607226,1.2470708,1.2718762,1.2748985,1.2882199,1.2664831,1.2638538,1.2676444,1.2670836,1.2729518,1.2810813,1.253132,1.2742187,1.2670531,1.2467763,1.258664,1.2868017,1.2789948,1.2835572,1.2634765,1.3022562,1.2705138,1.2686584,1.2435915,1.265152,1.2627912,1.2750396,1.2641085,1.2572367,1.2544558,1.2567915,1.2923627,1.2741507,1.2779773,1.2601972,1.2620978,1.2424501,1.278851,1.2684634,1.2682891,1.2689987,1.2585689,1.2560723,1.2666638,1.2658477,1.2734854,1.2563518,1.2622495,1.2645205,1.2620568,1.2625839,1.2597265,1.2682253,1.2686226,1.2829052,1.2760423,1.2702844,1.2805996,1.2579187,1.2786732,1.277065,1.2634047,1.300431,1.2586842,1.3059804,1.2617928,1.2493253,1.2637504,1.279278,1.2641722,1.2581747,1.2633481,1.2641673,1.2525079,1.2625725,1.2698925,1.2464602,1.2663187,1.259222,1.2713668,1.2654811,1.284313,1.2587919,1.2718041,1.2543269,1.2603595,1.2743798,1.2732074,1.2710311,1.2678075,1.2742435,1.2782112,1.28223,1.2605555,1.2705985,1.2686145,1.260247,1.2766513,1.2592298,1.2707961,1.2639062,1.2593282,1.2666215,1.2822348,1.2711889,1.2678196,1.2492819,1.2942572,1.2930465,1.2570337,1.2714826,1.2530749,1.2727172,1.2892897,1.2855468,1.2706432,1.2625388,1.2677248,1.2875872,1.2837149,1.2721726,1.2772194,1.2790991,1.2579716,1.2756429,1.2783012,1.2907311,1.2564465,1.2640146,1.2583797,1.2696819,1.2589551,1.2728134,1.2671752,1.2589794,1.2643111,1.27764,1.263033,1.275221,1.2579972,1.2720044,1.275859,1.2740475,1.2786093,1.263225,1.2584,1.2545724,1.2551478,1.2884014,1.275876,1.2721626,1.2691692,1.2559534,1.2729443,1.2576556,1.2483749,1.2718291,1.2744163,1.2691245,1.2573711,1.2631418,1.2615807,1.2658957,1.279963,1.2708275,1.2645189,1.2778316,1.2686359,1.2782823,1.2707899,1.2682475,1.281241,1.2627385,1.2892959,1.264202,1.2666011,1.2625842,1.2623136,1.2761346,1.266714,1.258548,1.2909201,1.2829661,1.2665029,1.2717083,1.2597688,1.23339,1.2689508,1.286241,1.254567,1.2682117,1.2720038,1.2668978,1.268365,1.2398139,1.2813395,1.2673378,1.2548116,1.2707891,1.2797577,1.2597283,1.2672712,1.2856272,1.2627087,1.2682211,1.2718276,1.2633752,1.2800881,1.267209,1.2750361,1.2635049,1.2713473,1.2702364,1.2645816,1.2652137,1.2459909,1.2764766,1.2572862,1.2726386,1.2727041,1.2683095,1.2635677,1.2669572,1.260485,1.2623633,1.2758425,1.2514759,1.2652943,1.2679276,1.2667072,1.2511649,1.2679459,1.2618951,1.2711198,1.2691948,1.2694334,1.2966292,1.2838465,1.2676488,1.2625123,1.2727319,1.2465298,1.2757137,1.2748035,1.2708,1.2735623,1.2739885,1.2583466,1.2833623,1.2819289,1.2703227,1.2678158,1.2464943,1.279654,1.2615436,1.2707028,1.2552669,1.266833,1.2732698,1.2623242,1.283103,1.2731273,1.2411351,1.2757471,1.2579451,1.2843322,1.2870874,1.2609962,1.2512702,1.2676487,1.271583,1.2458296,1.2557825,1.2771554,1.256734,1.272226,1.277492,1.271049,1.2580018,1.2919929,1.2603241,1.2646817,1.2845975,1.2690654,1.2588774,1.2773869,1.2534075,1.2760727,1.2865206,1.2734542,1.2449808,1.2727344,1.2686026,1.2827829,1.2652537,1.2719092,1.266538,1.2835768,1.271054,1.2696416,1.25101,1.24642,1.2663527,1.2784468,1.2812083,1.2514958,1.2869889,1.2599312,1.2440667,1.3023242,1.2686167,1.2579013,1.2593911,1.2769617,1.2727185,1.2744501,1.2830065,1.265568,1.2596443,1.2591442,1.2705921,1.2643244,1.273208,1.2870256,1.2717175,1.266172,1.2740718,1.2492846,1.2731357,1.2594738,1.272471,1.2683114,1.2677158,1.2757658,1.2589287,1.2637746,1.2603048,1.2461231,1.2596726,1.2725973,1.254784,1.2582417,1.2646391,1.2662764,1.2641618,1.28845,1.2655905,1.281326,1.2620382,1.2830405,1.2591318,1.2753184,1.2679299,1.26927,1.2506158,1.2712168,1.2702103,1.2613859,1.2640613,1.269593,1.2498447,1.2688569,1.2705423,1.2759423,1.2705411,1.2498635,1.2796428,1.264659,1.2516233,1.2749568,1.266556,1.270986,1.2623061,1.2653584,1.2579849,1.27102,1.2530414,1.2666829,1.2583568,1.2626727,1.2773921,1.2734593,1.2653611,1.2888486,1.2633351,1.2943316,1.2889624,1.2623521,1.2712342,1.2757996,1.2654616,1.2784538,1.2481719,1.2606283,1.2827883,1.2652382,1.2634869,1.2668021,1.2720205,1.2497641,1.2687176,1.263195,1.2635233,1.2625538,1.2757249,1.2682159,1.2937042,1.2654146,1.2665942,1.2598577,1.2543101,1.2777369,1.2731516,1.2542552,1.2845879,1.2919099,1.2651724,1.2721305,1.2404543,1.2833841,1.2656254,1.2835673,1.2634166,1.2581384,1.2470577,1.2790525,1.2433943,1.2866716,1.2837241,1.2523665,1.2697573,1.2614706,1.2517422,1.2638013,1.2673864,1.2681751,1.2892478,1.2772231,1.274246,1.2736255,1.291739,1.2761543,1.2596493,1.260609,1.2587473,1.2656069,1.2848338,1.2680597,1.2658939,1.2620151,1.2631345,1.2621623,1.249294,1.2667489,1.267359,1.2599413,1.2608805,1.282952,1.2634237,1.2627313,1.2711574,1.2827325,1.2838371,1.2703778,1.2798135,1.252045,1.2731586,1.2702048,1.2691579,1.2842947,1.2823728,1.2669262,1.2797155,1.2603387,1.268424,1.2594223,1.2716458,1.2724323,1.27585,1.2827643,1.2848722,1.2690032,1.2413452,1.2541109,1.248863,1.2652531,1.2655021,1.2687654,1.2574366,1.2471857,1.2551895,1.2669429,1.2780775,1.2696898,1.283592,1.274306,1.2588351,1.283169,1.264248,1.2670089,1.2706606,1.2518419,1.263595,1.2630035,1.2649817,1.268009,1.2763302,1.2663858,1.2817523,1.2611059,1.2748047,1.2559061,1.2627834,1.2554048,1.2864593,1.2602884,1.264944,1.2613302,1.2716358,1.2702056,1.2816495,1.2855896,1.2706391,1.2765193,1.2726467,1.2832062,1.2699866,1.2696314,1.2785684,1.2531441,1.2680848,1.2719125,1.2642926,1.2595192,1.2726997,1.2629122,1.2712011,1.2514342,1.2734756,1.2440939,1.2717252,1.2766371,1.2584004,1.2804564,1.2635547,1.2595081,1.2774218,1.2707015,1.2623986,1.2782605,1.2609452,1.271928,1.2695674,1.2488813,1.276903,1.2765161,1.2781347,1.2662297,1.2600229,1.2743394,1.262593,1.2527839,1.2833625,1.2633606,1.2636981,1.2656467,1.278946,1.2630684,1.2753428,1.2653116,1.2865407,1.2899425,1.2683878,1.2634865,1.2567762,1.2779247,1.2513353,1.2660744,1.2600417,1.2929695,1.2698213,1.2499555,1.2705766,1.2670447,1.2643702,1.2899678,1.2591071,1.2386968,1.2504513,1.2720811,1.2783959,1.2630763,1.2545049,1.2815212,1.246606,1.2722445,1.2709285,1.2686725,1.2695135,1.2609859,1.2666972,1.2614473,1.2691301,1.2604805,1.2646036,1.2876253,1.2844398,1.2751657,1.2695426,1.2754593,1.256742,1.2688816,1.2714679,1.2515757,1.2812647,1.2689723,1.2490358,1.2463726,1.2705349,1.2470154,1.2666517,1.2707132,1.2717155,1.262463,1.2677844,1.2574457,1.2443119,1.2596436,1.281974,1.2773823,1.2756749,1.2737342,1.2762047,1.2757262,1.292975,1.2684485,1.2459776,1.2744236,1.2548083,1.2999452,1.2720629,1.2608393,1.2844023,1.2521567,1.269019,1.2563022,1.2653973,1.2751197,1.2608428,1.273492,1.2595981,1.262534,1.2526507,1.2641542,1.2689594,1.2676708,1.278413,1.2726272,1.2654893,1.2642778,1.2560341,1.2780077,1.2778264,1.2555519,1.2639475,1.2744728,1.2636143,1.2680584,1.2637227,1.2829158,1.2720625,1.264164,1.2509626,1.2804354,1.2856107,1.2717437,1.2748722,1.274983,1.2695338,1.2724061,1.2678587,1.2431798,1.2675098,1.2647021,1.2573127,1.2562606,1.2637308,1.2829318,1.2587357,1.2546326,1.2564054,1.2579166,1.2612202,1.2807814,1.2502763,1.2618417,1.2816333,1.2820083
0.44228768,0.44221476,0.42961,0.42025417,0.45130748,0.43623158,0.44315094,0.44846246,0.4477661,0.42593074,0.4348068,0.44040316,0.44383743,0.43477792,0.4356434,0.44208285,0.4554466,0.45406097,0.442458,0.4393397,0.41912004,0.44187418,0.43469888,0.42519265,0.44403923,0.43738812,0.44858563,0.44980136,0.44196382,0.44062668,0.4415467,0.44919038,0.44002628,0.4478662,0.427159,0.4508358,0.44040325,0.42777246,0.43430084,0.46851838,0.42558244,0.4346891,0.45594174,0.41929758,0.44258043,0.4356688,0.44822407,0.44049072,0.4293555,0.4365317,0.47080612,0.41138974,0.44113475,0.4468464,0.44381833,0.44862533,0.43282723,0.44530168,0.4254799,0.42846185,0.4521474,0.44591933,0.44728813,0.43892545,0.44193015,0.4483235,0.44145772,0.4461139,0.42795563,0.41727504,0.4366604,0.44581303,0.4464335,0.4531713,0.45349222,0.44894654,0.45163107,0.44278014,0.43921724,0.43418127,0.45244962,0.42535782,0.43559718,0.4305856,0.47093332,0.45644838,0.46404284,0.4272948,0.44927314,0.4515003,0.424335,0.4379334,0.44992107,0.4525469,0.45083392,0.41847906,0.43589285,0.45047715,0.43466416,0.43459588,0.42984763,0.4505904,0.44672912,0.4520765,0.43548283,0.43231007,0.43981886,0.4510588,0.43098524,0.44380236,0.44717425,0.43019116,0.43890136,0.44411075,0.44471577,0.4529522,0.42643234,0.42582723,0.469112,0.42881542,0.4351915,0.4373085,0.45788372,0.46537822,0.46180242,0.4458647,0.44567966,0.43001688,0.44754675,0.44741368,0.44076866,0.4320978,0.44190216,0.4357086,0.4599773,0.44192392,0.45849502,0.4380753,0.4369288,0.44677708,0.4608228,0.45361015,0.45421427,0.44743952,0.44902164,0.45145643,0.47337732,0.445067,0.42460915,0.4430223,0.4378408,0.44853112,0.4669422,0.45329612,0.43944895,0.44505382,0.45514667,0.44727558,0.44825366,0.44150633,0.43630794,0.44367918,0.41376173,0.41874087,0.43727508,0.44366223,0.43906778,0.42909417,0.4318378,0.4375383,0.44344357,0.42005464,0.42173457,0.44042963,0.44929275,0.46322116,0.43576998,0.44705972,0.4450357,0.44591874,0.42514607,0.43396562,0.43559122,0.43611622,0.46426156,0.42478496,0.45745006,0.45045084,0.42887053,0.4324289,0.42441845,0.46415848,0.41467243,0.4480204,0.4296151,0.43120915,0.4354939,0.42797065,0.43303227,0.42609,0.43319884,0.43877578,0.43381944,0.44788277,0.44168478,0.44658685,0.43390197,0.4715619,0.45571238,0.4343128,0.44789872,0.40508607,0.43969515,0.42934984,0.44428468,0.44404507,0.43623465,0.43872535,0.4601165,0.43000957,0.4591626,0.43421832,0.45365483,0.42610282,0.45335093,0.45392266,0.43918246,0.44402128,0.4281444,0.44678998,0.44430548,0.42627576,0.43487453,0.43252894,0.42255434,0.43235248,0.4457157,0.44002157,0.4510398,0.46479315,0.45280215,0.43251532,0.4557321,0.43074843,0.4444636,0.43317896,0.4289609,0.4554826,0.41837925,0.43426287,0.4410197,0.47105882,0.4289582,0.44284564,0.4220464,0.43972433,0.43022266,0.45201734,0.445628,0.4334032,0.42527407,0.44320548,0.45968923,0.4459718,0.4520891,0.44863516,0.44513398,0.45400175,0.44030222,0.4366237,0.4316873,0.44395062,0.4156629,0.43494084,0.4415729,0.45250958,0.43742698,0.434782,0.44393674,0.4148011,0.44429708,0.44946605,0.43953204,0.4381654,0.45121664,0.44743168,0.4498803,0.45346835,0.4336062,0.46635592,0.4380571,0.45311385,0.4175054,0.41693515,0.4679339,0.42909384,0.43929848,0.45690057,0.43861985,0.444081,0.4484344,0.4317669,0.44979647,0.4557774,0.42277685,0.44236526,0.4250935,0.43430853,0.4364504,0.45131972,0.45265403,0.43439928,0.4521678,0.44193232,0.4157083,0.4348933,0.4381013,0.41694748,0.43871775,0.43589097,0.43385273,0.4461671,0.42835033,0.45268917,0.4403764,0.4523659,0.44073907,0.44473287,0.44173384,0.44347656,0.4226388,0.43729347,0.44680142,0.43375072,0.46236527,0.42254966,0.4468441,0.4481091,0.46127492,0.4558914,0.4453339,0.45691875,0.43541712,0.4401645,0.42328575,0.4483922,0.46187282,0.44569114,0.4444307,0.44789368,0.464894,0.43808857,0.4460534,0.44093025,0.4324067,0.44073308,0.44255027,0.45169407,0.44378862,0.464704,0.4456338,0.4318629,0.4307808,0.45518494,0.43095106,0.45528546,0.42665344,0.4288082,0.45089442,0.4312722,0.44012362,0.45388618,0.45436335,0.43892673,0.4471522,0.43921387,0.435079,0.47518808,0.46456432,0.42784196,0.42737105,0.43903226,0.45467594,0.4370207,0.42949355,0.44329894,0.4478524,0.4303521,0.45076612,0.43948805,0.4424054,0.4402102,0.43820113,0.42358243,0.42714226,0.4488979,0.44804135,0.45486152,0.45756406,0.41970423,0.43753365,0.45631355,0.43349868,0.4566414,0.45626473,0.43722814,0.4396538,0.44443652,0.4389511,0.43629286,0.44997925,0.45495492,0.43751952,0.44892323,0.4451808,0.4305807,0.4387948,0.4227444,0.43807054,0.46513143,0.43341225,0.45751658,0.4303888,0.44468078,0.44905996,0.43494555,0.44555384,0.4269716,0.4276586,0.42039177,0.4373163,0.451897,0.43868658,0.43820295,0.43754864,0.42732662,0.45296943,0.43002984,0.4247791,0.45590246,0.4375862,0.45984346,0.44979686,0.4413353,0.43134433,0.43457955,0.44758987,0.42272902,0.43568885,0.4501911,0.4523255,0.42148763,0.4274716,0.42731646,0.43466735,0.4527345,0.42005503,0.43494326,0.43457237,0.44300476,0.42874092,0.44039765,0.430449,0.45599738,0.43450814,0.43687093,0.43619642,0.43638033,0.4388496,0.44036162,0.43905723,0.45784342,0.45892227,0.4377692,0.4538217,0.44280845,0.43982115,0.45449758,0.4452607,0.44428402,0.4296946,0.4531988,0.4230774,0.42471632,0.4367353,0.42285818,0.4405731,0.44985983,0.4332175,0.4467506,0.43636757,0.4456901,0.41519043,0.41918194,0.4349413,0.45039406,0.43544945,0.46216336,0.44264746,0.4369858,0.4235205,0.4537359,0.43069872,0.4535524,0.4291005,0.43691853,0.43758142,0.44476905,0.44770527,0.43348813,0.4379109,0.45490247,0.45073408,0.4590032,0.43916154,0.45756194,0.44366938,0.44145462,0.44021508,0.42849815,0.44046485,0.4314047,0.4519991,0.45456368,0.46253556,0.44131243,0.44380245,0.43982714,0.44563746,0.43363416,0.4245773,0.45761424,0.4451362,0.43500894,0.42909947,0.42397058,0.43643305,0.43552816,0.4627448,0.45295307,0.42306948,0.41964746,0.43452203,0.41813126,0.4246816,0.43655792,0.4455688,0.4560963,0.43962675,0.44075602,0.41517043,0.4286606,0.4241678,0.45312628,0.4484325,0.42952222,0.46598914,0.46161616,0.45179665,0.4465216,0.44308227,0.45368198,0.43419367,0.4552003,0.462768,0.4627943,0.44595915,0.4491946,0.4618807,0.45002332,0.4209239,0.42762798,0.45532456,0.440982,0.44627774,0.42189705,0.45139956,0.4569056,0.44508123,0.4243201,0.451389,0.42644608,0.4458926,0.44644076,0.44791973,0.4418155,0.46322742,0.44142547,0.44721943,0.43658498,0.4322908,0.41810787,0.4408011,0.46467662,0.44156542,0.4217047,0.44622916,0.44707075,0.4392625,0.45283392,0.43969533,0.44413194,0.41829845,0.45363933,0.44517815,0.44883952,0.44097096,0.42970058,0.4358318,0.45230633,0.4472219,0.44275248,0.44869128,0.44735098,0.4484809,0.45432574,0.4299719,0.44971767,0.4549723,0.42850357,0.4431563,0.43160424,0.44114828,0.4383144,0.43101034,0.44271833,0.44949135,0.4397741,0.45504618,0.45894033,0.4165416,0.43783993,0.468538,0.43774834,0.4255179,0.4292775,0.45374942,0.4363082,0.43462476,0.44348305,0.44145653,0.44591525,0.45386142,0.45375896,0.46488687,0.436353,0.45053488,0.4289178,0.42002374,0.42933992,0.45176232,0.4383102,0.4333114,0.42347938,0.4465238,0.4066474,0.4507806,0.46024162,0.43581945,0.43547076,0.4259489,0.4314631,0.43139616,0.43830937,0.42457873,0.45002943,0.45090356,0.4579932,0.444684,0.44186682,0.4382479,0.44189432,0.43390805,0.4569555,0.4627826,0.43332353,0.43471992,0.42995518,0.44537574,0.42873794,0.42606133,0.43975964,0.4458789,0.42950237,0.44869608,0.42790118,0.46615136,0.44046175,0.43076456,0.42865798,0.4283468,0.4279899,0.4477713,0.42656815,0.44537276,0.44301808,0.43406236,0.46610725,0.4182554,0.4465653,0.44113538,0.44985393,0.43630266,0.44107974,0.44904885,0.4221892,0.44071782,0.43794173,0.42582366,0.4625934,0.44362223,0.44914606,0.43927434,0.42549384,0.4389004,0.42970142,0.45175156,0.43756646,0.44063658,0.45611975,0.4132548,0.45108616,0.43111867,0.44236022,0.43132725,0.43991092,0.4254012,0.4240856,0.4477839,0.44116914,0.42098406,0.45089227,0.4449162,0.44153225,0.45242232,0.4549445,0.4409598,0.43941987,0.44401878,0.45073828,0.43487468,0.44440296,0.42528844,0.431838,0.44779417,0.4392219,0.43428132,0.4352269,0.43446007,0.4442049,0.42700332,0.43967247,0.45187208,0.42712882,0.43717316,0.43542993,0.4305856,0.42464417,0.4499681,0.44511783,0.44569376,0.45366973,0.43419892,0.44191775,0.43468776,0.45900878,0.45279604,0.44075993,0.43965653,0.4507633,0.45198315,0.44044667,0.4438917,0.43919873,0.428331,0.4766296,0.43708557,0.44028583,0.44010785,0.41956466,0.44548106,0.43926796,0.43390813,0.43812236,0.45352763,0.43417972,0.45186847,0.44027233,0.45588636,0.43326265,0.4274268,0.43561757,0.45555547,0.45429972,0.4440881,0.43605548,0.44492495,0.44835907,0.4502813,0.43689644,0.45452726,0.43900108,0.4274907,0.44114795,0.4425307,0.4635856,0.4470554,0.43643013,0.44359773,0.45205185,0.41284126,0.4356947,0.42941287,0.4466024,0.43792036,0.4454753,0.4309674,0.44422823,0.461601,0.42608407,0.44173452,0.4166069,0.43917885,0.4256838,0.4311763,0.42622602,0.43469793,0.44479874,0.42351842,0.44860065,0.42430004,0.43866676,0.44348446,0.4429903,0.44950622,0.45119327,0.4406212,0.42526156,0.4337982,0.42557383,0.4518466,0.4565102,0.44877207,0.43129778,0.44349137,0.45135,0.46862948,0.4335877,0.43596426,0.44719082,0.42770508,0.433281,0.4504018,0.4255635,0.414652,0.44583443,0.44369328,0.44351235,0.42024955,0.44146654,0.43004894,0.4419635,0.44082373,0.4335466,0.41932806,0.450772,0.43717834,0.4455454,0.43642223,0.43564484,0.43458667,0.43496132,0.45191637,0.46133575,0.44280028,0.43759358,0.4434902,0.44401914,0.41114792,0.4407751,0.44747105,0.4452727,0.45214695,0.44222668,0.43971026,0.4251469,0.45612073,0.43271536,0.4422836,0.4471971,0.44390452,0.44002014,0.4069019,0.4383787,0.44197938,0.4470707,0.44943434,0.44986326,0.43488115,0.4267031,0.43922755,0.44401574,0.42345178,0.42504326,0.433851,0.45139208,0.44157872,0.4417509,0.4336845,0.44332394,0.4485267,0.4200109,0.44485828,0.44352344,0.41310814,0.43707228,0.45230812,0.45052025,0.44854444,0.4244394,0.44392696,0.44418913,0.45395747,0.45045513,0.44180632,0.43208796,0.43310565,0.44713485,0.42201382,0.4325345,0.43502575,0.4407792,0.44327945,0.43513978,0.44363955,0.4475645,0.42585474,0.42631748,0.44285357,0.428464,0.43530306,0.4418875,0.44262978,0.42881393,0.45134842,0.43049315,0.4329148,0.43823925,0.41754812,0.4509033,0.45238972,0.43649074,0.44884872,0.45533505,0.4483437,0.44049293,0.448675,0.4248117,0.42214125,0.45965397,0.45803648,0.43573532,0.42949516,0.43858254,0.4373037,0.44825068,0.4481358,0.43924218,0.4578727,0.4370267,0.44980213,0.43322957,0.45748353,0.43770987,0.4604003,0.42208207,0.44648725,0.4218252,0.43419352,0.43590632,0.44356132,0.43202576,0.44027466,0.43719453,0.4632927,0.43645522,0.432066,0.44606194,0.44855404,0.45345682,0.43699753,0.4424681,0.42954752,0.44567686,0.42619818,0.4382064,0.43697667,0.44555268,0.44693455,0.4645278
