0.122303136,0.16201757,0.1298415,0.12731509,0.1339939,0.12073822,0.15684247,0.113537945,0.17153923,0.13303547,0.112934895,0.1389486,0.10903094,0.13601136,0.1877939,0.20652856,0.12636255,0.1744026,0.11840562,0.15226555,0.11350513,0.1330066,0.14898266,0.12176722,0.099842854,0.10546186,0.1525228,0.15651563,0.13489921,0.22129834,0.15414967,0.17087625,0.124551944,0.16341433,0.13821498,0.13518497,0.14349593,0.1601028,0.11618497,0.13508117,0.18833339,0.18182495,0.116621286,0.13768989,0.1469601,0.12112278,0.15725265,0.11782969,0.0867225,0.15651701,0.1453501,0.1536065,0.120166875,0.15624419,0.16795716,0.19459209,0.12339551,0.12990719,0.12917529,0.12079501,0.106683806,0.1537745,0.13374579,0.14850852,0.14064747,0.117015466,0.17414543,0.11530646,0.15193948,0.11290932,0.15589531,0.13782948,0.177491,0.121967204,0.17640391,0.13983193,0.15607688,0.10263745,0.11702302,0.14150171,0.09198181,0.14997762,0.15931866,0.16521099,0.13387504,0.14113674,0.11907749,0.1351259,0.13612446,0.12501651,0.15628359,0.17575762,0.12062547,0.119443275,0.11909046,0.14899813,0.12562993,0.14590421,0.12177051,0.12516665,0.17782949,0.16697757,0.1619226,0.14726737,0.15713832,0.17573251,0.15836765,0.12542601,0.109211296,0.12005705,0.10325824,0.14795792,0.13109715,0.12404529,0.15785703,0.10890623,0.1475249,0.11423292,0.15243463,0.1319298,0.13965984,0.10191337,0.18345127,0.15326324,0.13790163,0.17198157,0.12929887,0.14042872,0.14155489,0.12526326,0.13425142,0.1364133,0.13457525,0.13594128,0.14266574,0.10796526,0.09120276,0.15644142,0.10711555,0.16110653,0.19265902,0.14704709,0.17047288,0.13298501,0.13417429,0.10939769,0.12804478,0.15679649,0.13894612,0.17181326,0.14955407,0.1280661,0.12355298,0.1360684,0.1404846,0.14552659,0.13049358,0.12095444,0.13211651,0.1458606,0.14053342,0.18929157,0.11823207,0.13556236,0.16272125,0.12425576,0.13462907,0.15785669,0.10715878,0.10927282,0.1226348,0.12848866,0.1437848,0.14841306,0.19893299,0.12528355,0.15780172,0.13260105,0.18087229,0.13834903,0.13305742,0.12696427,0.12914923,0.14810121,0.1179381,0.12680092,0.120163985,0.070832744,0.13692583,0.1328285,0.15813275,0.14055708,0.09217642,0.11878925,0.11775899,0.12672305,0.14221677,0.17374347,0.13621429,0.16926368,0.13301492,0.1740073,0.13243574,0.06597114,0.11849447,0.11631147,0.12735052,0.16636735,0.1342533,0.1405959,0.14080177,0.13966806,0.15759294,0.14087786,0.15668102,0.13890928,0.15007117,0.12730825,0.10812493,0.14229731,0.13781911,0.14644665,0.106590495,0.12860018,0.13012819,0.14439413,0.15991466,0.13297686,0.12597065,0.14052936,0.1289599,0.14466766,0.15860474,0.1673666,0.14722675,0.16413578,0.15595944,0.13049522,0.1621283,0.15310803,0.16830623,0.1278862,0.15139677,0.12685739,0.121941276,0.1539069,0.10464427,0.12872711,0.12700212,0.12396844,0.14785185,0.1560396,0.15017,0.059943616,0.1651925,0.17325267,0.1329273,0.12016846,0.15049177,0.16537198,0.13111018,0.15520725,0.16378716,0.120568104,0.13920346,0.14540869,0.12271012,0.12083634,0.16160737,0.13749078,0.12890644,0.13712004,0.13322654,0.12540644,0.16892028,0.13665238,0.07710282,0.11804931,0.1310808,0.121988095,0.12042586,0.19965175,0.16466722,0.10638883,0.16601948,0.1817541,0.14201868,0.1326335,0.13438208,0.14490624,0.1332506,0.14203557,0.13216253,0.1477898,0.122915715,0.15607333,0.15961471,0.13721062,0.11827794,0.1557807,0.16408443,0.1712994,0.11699601,0.104946114,0.107713066,0.14233541,0.12199207,0.16143101,0.12178673,0.1410799,0.15795553,0.1598717,0.12064848,0.12640803,0.18907386,0.11384061,0.15366948,0.12703303,0.17065069,0.10032464,0.16619658,0.18068707,0.14389516,0.14424537,0.09389134,0.12682922,0.1630335,0.13763863,0.17134483,0.11838038,0.105064996,0.16318686,0.13545547,0.15844126,0.12091517,0.12317564,0.17571333,0.15481068,0.079028994,0.109988436,0.14837882,0.12216489,0.13587457,0.15799266,0.16194493,0.12788017,0.18249999,0.19630423,0.15722397,0.12603547,0.13350871,0.12492667,0.15645367,0.090826556,0.17376316,0.1452912,0.14813301,0.16065836,0.14317435,0.096819,0.124818854,0.16384053,0.10733065,0.11380506,0.14987615,0.12600672,0.11526504,0.16863579,0.13646907,0.12453347,0.10786191,0.11722678,0.13883504,0.14550273,0.10943912,0.125727,0.14835384,0.12783572,0.15814331,0.084713586,0.15872397,0.13894556,0.12553099,0.12166763,0.14475948,0.14820385,0.122830965,0.112193905,0.13325438,0.11501439,0.16908649,0.13034567,0.15553254,0.124235064,0.14785089,0.12585354,0.16316065,0.11796314,0.13206345,0.15905786,0.17136839,0.1339437,0.15438142,0.14073415,0.12522931,0.1417968,0.14753744,0.14562309,0.1435402,0.15982936,0.124831475,0.11243843,0.11379119,0.11614636,0.12825225,0.12126531,0.11615104,0.1718525,0.17603071,0.13155237,0.15828303,0.1670071,0.14355998,0.14588761,0.142854,0.1111601,0.18063885,0.16493341,0.13711509,0.15422961,0.14369085,0.13195223,0.1474737,0.11492742,0.15648876,0.13790324,0.1475548,0.14346184,0.15527403,0.10168372,0.15889165,0.11005737,0.12268877,0.15729365,0.13233899,0.11395374,0.16837437,0.1140747,0.1337643,0.14369825,0.108361825,0.12797716,0.15529442,0.15078446,0.16223922,0.19640353,0.11171434,0.15454309,0.10777926,0.12582116,0.16946134,0.12094005,0.1159671,0.15731421,0.15877517,0.1571427,0.14350548,0.20754966,0.15955392,0.15207185,0.13061851,0.1382694,0.15053031,0.15340842,0.122697785,0.16159347,0.12090859,0.15950069,0.11766777,0.12159714,0.115655355,0.1168333,0.13460599,0.14829513,0.14980276,0.11971936,0.13774204,0.13949403,0.15605718,0.14931396,0.12872511,0.13349794,0.15680067,0.10158082,0.10249392,0.111919425,0.11868056,0.11833204,0.10039355,0.19653192,0.121199206,0.16690382,0.10564959,0.13723536,0.19595282,0.15504733,0.1321752,0.14954323,0.12851551,0.12633789,0.1075945,0.13095081,0.168805,0.15139772,0.15037563,0.14391625,0.11018535,0.12167123,0.12331949,0.1786378,0.1669663,0.16420367,0.11484875,0.11303568,0.16695586,0.12137779,0.10704326,0.15957205,0.15186472,0.13125224,0.11997479,0.16963646,0.12563956,0.12968042,0.17097223,0.12716292,0.13564694,0.17057008,0.12943074,0.14275326,0.14361861,0.11682401,0.113342665,0.15968256,0.14863129,0.14747925,0.1875556,0.14154138,0.14425556,0.15290786,0.12606919,0.14402497,0.13983957,0.13743375,0.17984858,0.13752596,0.12692404,0.09885631,0.120955564,0.16076215,0.15580943,0.13591914,0.13895324,0.16100764,0.16750547,0.13033408,0.09844285,0.13538486,0.12187741,0.16380008,0.14549252,0.15018454,0.13086599,0.13257948,0.16051361,0.06829528,0.16076063,0.1465366,0.1264017,0.1755634,0.13791743,0.13297726,0.11733044,0.15566769,0.192842,0.111476466,0.16664638,0.13153411,0.16648462,0.12628973,0.17204458,0.15735686,0.10855933,0.11083701,0.15661989,0.11755744,0.17752317,0.15748501,0.13367097,0.14117354,0.14248526,0.13027424,0.15179488,0.11768616,0.17998217,0.20544401,0.13806164,0.14154087,0.14990208,0.17537268,0.14095211,0.1672855,0.17091423,0.1610368,0.14467281,0.15059859,0.13601881,0.13128434,0.12463253,0.14492196,0.14486925,0.15431021,0.1438513,0.11216076,0.13950872,0.15352944,0.10522816,0.1219836,0.17907502,0.13977411,0.13380802,0.14703868,0.09133009,0.110222176,0.15265453,0.1810118,0.10316692,0.11211167,0.15556961,0.13049433,0.18446034,0.15926771,0.13595682,0.15008911,0.18078896,0.13398105,0.15537676,0.15312701,0.10253273,0.12484869,0.14316425,0.12486253,0.15551879,0.13533185,0.13879031,0.13574696,0.12348471,0.14017832,0.10813462,0.12267202,0.15080965,0.101574406,0.13792205,0.16349629,0.14287648,0.12403843,0.109661646,0.13341913,0.12528041,0.1575608,0.14140537,0.17126757,0.15428795,0.14181055,0.14268333,0.116255805,0.14340034,0.13271691,0.14708073,0.15124887,0.13307251,0.10414687,0.13242173,0.15424828,0.12525086,0.1153887,0.1537951,0.13945277,0.10067028,0.1483184,0.15757114,0.13368043,0.11478143,0.15683377,0.13232681,0.14331144,0.16513193,0.11967462,0.16481611,0.13937804,0.1710737,0.16509107,0.12626557,0.121141486,0.15351102,0.13114646,0.13964169,0.114993066,0.13252333,0.12888661,0.103165925,0.14089692,0.101519935,0.16482127,0.15765887,0.16990462,0.14496237,0.12987491,0.12475193,0.13694753,0.1282087,0.14329791,0.16362512,0.16372907,0.12743923,0.12494817,0.14801179,0.1262841,0.11745441,0.14523646,0.15099996,0.169536,0.15423289,0.14845788,0.111038946,0.13426894,0.14398465,0.16077054,0.13126664,0.13998088,0.17496943,0.14455646,0.10124105,0.12111342,0.104065575,0.15241866,0.14073366,0.14152598,0.1476137,0.15785737,0.16005477,0.13122654,0.168235,0.1334083,0.11100236,0.10687504,0.13481787,0.15838379,0.16773634,0.16810793,0.13391334,0.118629746,0.13731202,0.11503567,0.11235584,0.12208367,0.113083504,0.15404314,0.16025037,0.14025822,0.121617794,0.15687287,0.115532525,0.17821696,0.1098343,0.1653535,0.10645475,0.13490486,0.1276043,0.12435274,0.17931712,0.12629451,0.12425418,0.12320863,0.10919332,0.12696831,0.1157133,0.14219163,0.14914118,0.16105574,0.087697215,0.1395773,0.14749709,0.1879054,0.1564186,0.08741634,0.08731216,0.14918587,0.15377337,0.10789198,0.14254874,0.12268676,0.19790727,0.14107221,0.1586024,0.1311776,0.12794414,0.1308345,0.15430233,0.12472989,0.10724928,0.08521405,0.1677998,0.11141606,0.15103646,0.13429283,0.13176084,0.1298809,0.14620346,0.15101199,0.19427088,0.1610279,0.12572663,0.17060012,0.13825561,0.16530702,0.13659933,0.13575321,0.09579234,0.1517275,0.13835007,0.16988331,0.13047934,0.07582114,0.13594809,0.16742176,0.10247577,0.14472461,0.1473157,0.117899194,0.14998147,0.13738331,0.16900513,0.17276679,0.15208675,0.12418998,0.14067258,0.16732548,0.13547054,0.111653626,0.12087321,0.15468964,0.16362676,0.15590781,0.12833975,0.13091792,0.13300261,0.1619865,0.14615205,0.11925124,0.15438029,0.15548739,0.118520655,0.12525517,0.15307909,0.09964818,0.1543577,0.14188021,0.13007523,0.13350685,0.1627796,0.13349846,0.13673341,0.15976527,0.12122908,0.1261903,0.13357243,0.13060874,0.15873858,0.1968976,0.09621268,0.11946382,0.14433672,0.1427202,0.12647685,0.12817973,0.15061589,0.15382124,0.10243338,0.15093489,0.1491189,0.1619892,0.15157074,0.14751515,0.12973295,0.18703762,0.1291108,0.16750413,0.12623423,0.13205825,0.1189439,0.14968225,0.18014859,0.091467924,0.18272224,0.14572245,0.17200127,0.12801462,0.13232729,0.14259043,0.13763407,0.14696792,0.13884282,0.13809574,0.13505393,0.14548573,0.11031121,0.1099658,0.15165424,0.12222825,0.124658905,0.1538384,0.09858366,0.14233544,0.17498025,0.15509999,0.12745199,0.1108115,0.16407812,0.1562174,0.099423625,0.15518609,0.13000521,0.11913295,0.12310187,0.106134206,0.15303522,0.16023394,0.13612258,0.10683621,0.10928182,0.15323679,0.13,0.15364824,0.15619023,0.12368617,0.14433454,0.15315795,0.09554595,0.15207243,0.1330027,0.12583154,0.19091919,0.13806115,0.13630965,0.11625565,0.16232924,0.12442554,0.093167156,0.13121974,0.16740102,0.12923947,0.13793203,0.129317,0.13208173,0.12434089,0.13625914,0.10597473,0.16089582,0.11641813,0.17708127,0.18344083,0.1367842,0.14499184,0.15895195,0.16098283,0.16360307,0.123733096,0.08348621,0.1679709,0.13935013,0.12475146,0.15826562,0.13943991,0.15559885,0.1660793,0.13437203,0.16612962,0.13897935,0.13726163,0.19342074,0.12324042,0.16122024,0.16118586,0.12915057,0.11615532,0.12164882,0.10791215,0.1326686,0.13683581
0.19712391,0.19660768,0.20429257,0.19890827,0.17832601,0.22366112,0.20129266,0.1929687,0.20691863,0.2120621,0.16508913,0.19109976,0.17543703,0.1996673,0.15476431,0.19502905,0.15856622,0.18430698,0.1986975,0.18079695,0.19262233,0.1679358,0.15714443,0.18679164,0.22001743,0.20979962,0.19094077,0.18215664,0.20171499,0.18014611,0.17509286,0.20566055,0.2133923,0.23600203,0.18808918,0.18666032,0.15900676,0.20239952,0.20563659,0.15865302,0.17846106,0.17772278,0.20535721,0.18349169,0.17679574,0.1428304,0.18243249,0.19888899,0.15795237,0.20664054,0.1924957,0.20279613,0.17938864,0.21727651,0.18415314,0.16738929,0.21013421,0.14653522,0.20102888,0.21603683,0.18211618,0.19313124,0.16210519,0.19301501,0.22498447,0.19399625,0.18065545,0.20719105,0.17721468,0.1747134,0.20686057,0.18237941,0.18580952,0.2017317,0.17204383,0.18937974,0.17677489,0.1904656,0.20810428,0.18976913,0.1799702,0.15103625,0.2139343,0.19116917,0.19536218,0.19846544,0.20450035,0.1689236,0.20803177,0.16855365,0.20069273,0.14784822,0.16597016,0.20221952,0.19666672,0.20946917,0.1973202,0.1822692,0.20111394,0.20703658,0.16956714,0.1792626,0.18065786,0.178485,0.21058956,0.21010853,0.1854877,0.17478637,0.22917894,0.17699808,0.15780273,0.19248591,0.1990894,0.17679131,0.19339204,0.18042913,0.17951077,0.1695306,0.22064073,0.18990958,0.20614237,0.20664805,0.1952531,0.1867799,0.16716751,0.19031769,0.16995098,0.1462339,0.2302908,0.18585911,0.22184226,0.19853306,0.2016316,0.1984469,0.16052094,0.15328926,0.17493016,0.19911651,0.19471556,0.19274507,0.21094419,0.17314737,0.23498812,0.21080975,0.18668938,0.18561679,0.17266664,0.19119844,0.1865674,0.18379883,0.1523796,0.22061789,0.2054433,0.21366182,0.18142813,0.21115366,0.17336349,0.18084899,0.19489452,0.23560666,0.19180083,0.20337585,0.17264187,0.21305147,0.19751674,0.2298441,0.18287937,0.18723658,0.17717172,0.19384933,0.20314655,0.1789369,0.18312138,0.18801005,0.17585382,0.20017585,0.22575518,0.1799805,0.2004551,0.1722645,0.19146743,0.17726943,0.16817974,0.17134875,0.21857555,0.16908617,0.17232297,0.1541284,0.16979638,0.1730233,0.20670426,0.19356349,0.2136729,0.16118678,0.17370468,0.17115428,0.18219978,0.18883252,0.2028611,0.21980578,0.1688485,0.24448407,0.18810962,0.20418182,0.16408783,0.19164576,0.19903621,0.22462294,0.21935055,0.17186111,0.163566,0.1945642,0.17366908,0.20435756,0.1967685,0.20464206,0.19707642,0.20368695,0.1730257,0.20454255,0.19745304,0.1541554,0.12839563,0.20151386,0.1690622,0.18720633,0.18681654,0.17643785,0.18018892,0.17184752,0.15728846,0.17892799,0.19728756,0.19752362,0.21662912,0.19524519,0.18073487,0.19184391,0.20442021,0.19441745,0.1902931,0.2192689,0.17949864,0.19504671,0.21474499,0.19933999,0.19550878,0.1994796,0.1802673,0.20272902,0.22710258,0.16992505,0.19239873,0.18319643,0.20964603,0.18954188,0.18583709,0.1830115,0.18557747,0.21970406,0.21685866,0.19475293,0.15771933,0.18928398,0.1805233,0.18004136,0.20590624,0.18658532,0.20307055,0.18614462,0.19480714,0.20010975,0.19011977,0.21805638,0.20834309,0.16043441,0.19778603,0.16803125,0.19168383,0.17883646,0.15520379,0.17701942,0.18348789,0.20750952,0.17655551,0.20460007,0.16953178,0.17730716,0.22550303,0.18323833,0.20096827,0.21827284,0.16647229,0.1915755,0.17668217,0.21060789,0.168815,0.20240292,0.18919204,0.17378432,0.18321809,0.1668362,0.15734836,0.1429288,0.18800795,0.19136557,0.21579427,0.20657475,0.15783367,0.18095171,0.18678185,0.17083386,0.19210437,0.2032373,0.1909746,0.20280534,0.20656253,0.15996917,0.19084981,0.18624231,0.18597776,0.16020074,0.17694604,0.16988634,0.15532273,0.16740012,0.14938617,0.20262355,0.20545341,0.18230107,0.1451037,0.17973563,0.17347175,0.16290963,0.17401348,0.14272958,0.21447706,0.2170651,0.17955467,0.14510696,0.19805743,0.1608352,0.20880544,0.18341105,0.20786653,0.20957369,0.2115562,0.20570832,0.22410798,0.16017291,0.19769654,0.21676663,0.18801582,0.1698271,0.19149283,0.18232279,0.21224433,0.17861478,0.17236519,0.1985744,0.21551087,0.19591862,0.22849831,0.18860996,0.18216857,0.18993178,0.2048791,0.2062715,0.18331544,0.18689373,0.20739041,0.14219877,0.1926845,0.1755139,0.19538483,0.205342,0.20863904,0.16908099,0.20783249,0.17866375,0.18448581,0.22881988,0.21230374,0.16417775,0.18371761,0.18537706,0.17344788,0.1502439,0.17709929,0.20066668,0.20312098,0.19693421,0.18531412,0.20284143,0.21803623,0.18422979,0.19930844,0.16550887,0.18639573,0.20078343,0.15665981,0.17907235,0.20081908,0.21659511,0.22326693,0.19650179,0.18311569,0.18737201,0.17324695,0.1658874,0.16209987,0.18489361,0.21464984,0.2004066,0.20172079,0.1825129,0.18885523,0.18814075,0.16857778,0.19608805,0.19657949,0.18371475,0.18913344,0.18478832,0.18329641,0.19236574,0.16729856,0.21121106,0.2014722,0.22647506,0.20937361,0.15748635,0.16575845,0.15612829,0.18932629,0.19274838,0.16737038,0.20690484,0.19117716,0.15317112,0.20349073,0.21612145,0.1764029,0.20218329,0.15108004,0.18429735,0.21274814,0.19622889,0.23832612,0.17875366,0.19340618,0.17865384,0.16021694,0.18646857,0.19337177,0.19765022,0.22597113,0.20663019,0.20716256,0.17142332,0.14988662,0.2027685,0.21539569,0.18819967,0.22143894,0.22421134,0.21216786,0.23103958,0.18020439,0.2021264,0.19839218,0.20634213,0.15005551,0.17247552,0.19976789,0.23381406,0.1667025,0.19546014,0.18315302,0.14902881,0.18235734,0.16693515,0.18471974,0.20366639,0.19128361,0.15893258,0.18662234,0.18504906,0.20029403,0.19706312,0.1970008,0.1922431,0.19168046,0.18307216,0.19487897,0.17014608,0.1582627,0.21650869,0.18198708,0.1629385,0.19833791,0.2237482,0.1868884,0.18806045,0.17112921,0.17993358,0.16182914,0.1606191,0.19099538,0.22401717,0.15844907,0.19467385,0.22213644,0.19010468,0.21375215,0.19096398,0.23627457,0.1928035,0.19183406,0.16281906,0.18155952,0.19687933,0.18168452,0.18873674,0.18053456,0.17331386,0.20579767,0.19670552,0.19017002,0.21021262,0.19627357,0.18204403,0.19912247,0.18852946,0.17850745,0.1971106,0.15101397,0.16847287,0.22385938,0.18507269,0.23837334,0.16977924,0.19789293,0.16915452,0.21019807,0.20734376,0.19626504,0.16218273,0.18994421,0.20837784,0.2006833,0.19338956,0.20849624,0.22596136,0.2271297,0.20799324,0.21118228,0.18554084,0.17298591,0.20300892,0.18493176,0.21021315,0.1973103,0.22650144,0.16809642,0.16698109,0.217817,0.16705948,0.2007599,0.20475695,0.1683853,0.1929811,0.21700099,0.1767138,0.17501971,0.21643549,0.2128019,0.19946414,0.1806809,0.19920148,0.18473266,0.1907267,0.20966399,0.19346358,0.22106753,0.15743396,0.24226697,0.19906014,0.17924242,0.17203908,0.20344472,0.239831,0.18811502,0.18853742,0.18475011,0.19324544,0.18767685,0.17222148,0.1731892,0.20351988,0.20060065,0.17318362,0.21931762,0.18127272,0.19575804,0.1869691,0.18051538,0.21450809,0.17772225,0.17562875,0.16435336,0.15375912,0.20692092,0.16790426,0.17766914,0.19816115,0.19439656,0.16014403,0.18322584,0.17461358,0.21388306,0.18738136,0.20667294,0.20696047,0.16471499,0.20156917,0.19526976,0.16781309,0.19216684,0.19809598,0.2191296,0.20010577,0.18155852,0.14504537,0.17971474,0.20723677,0.20984322,0.18228327,0.18139258,0.18943372,0.19554764,0.19148944,0.17576614,0.16411248,0.15992355,0.21898136,0.20865792,0.19858292,0.20092162,0.20937763,0.22412059,0.18376106,0.16155049,0.19593266,0.16740668,0.15932384,0.20651436,0.18300292,0.19793263,0.18842304,0.19316292,0.17625032,0.17929813,0.17734307,0.19230711,0.18192384,0.17375106,0.18015519,0.1622257,0.18625619,0.1615335,0.16521846,0.19209687,0.19444954,0.19632258,0.15592536,0.19136429,0.22810917,0.19047968,0.18996394,0.20228301,0.1832183,0.175022,0.22124562,0.20565736,0.2096224,0.19052581,0.21834035,0.18107599,0.20346159,0.19674504,0.16208676,0.19950739,0.19203354,0.17944139,0.1960597,0.18721135,0.19817185,0.17453533,0.19355287,0.2183741,0.19164184,0.21621954,0.21392976,0.19048154,0.19474182,0.18140867,0.16553482,0.17699768,0.21876267,0.16776785,0.20168829,0.14790404,0.21469116,0.22317858,0.18603416,0.1947071,0.1911201,0.22265911,0.19304514,0.18640587,0.19907314,0.16915727,0.21199259,0.16667166,0.17071012,0.19738463,0.19527046,0.1751792,0.1880163,0.1894767,0.1891663,0.19869797,0.15882728,0.1616587,0.18922487,0.17153104,0.19352451,0.18136641,0.1765191,0.19344419,0.14352396,0.17807281,0.24557129,0.187738,0.15293454,0.2092176,0.16755411,0.16883644,0.22189327,0.22252236,0.19568248,0.1936723,0.18197697,0.18942392,0.1499815,0.14915627,0.21091828,0.1920758,0.1795957,0.19263494,0.19172071,0.20833376,0.18137103,0.21992478,0.18040784,0.16800004,0.19039835,0.19575548,0.20552254,0.2072953,0.18854535,0.16155699,0.21149153,0.16857624,0.18651548,0.16308615,0.18713671,0.19013986,0.22477937,0.19857731,0.18722084,0.17316365,0.2037639,0.19845846,0.2007097,0.21046862,0.1832739,0.1939218,0.18337741,0.17016679,0.16585547,0.2058687,0.21053854,0.15180899,0.17421854,0.1749523,0.19452827,0.19670811,0.18345705,0.20632672,0.16122559,0.2208141,0.16068366,0.16703811,0.21869916,0.18042499,0.17012179,0.19687128,0.18750687,0.20537919,0.18554406,0.1648995,0.19291314,0.19416234,0.1691638,0.19163889,0.18316332,0.18589991,0.17644712,0.21609151,0.15170337,0.19448939,0.18051845,0.14921568,0.22777423,0.20434693,0.17189735,0.22822931,0.17705789,0.17752919,0.19513613,0.1947065,0.20895432,0.1783049,0.16053957,0.16190496,0.20252511,0.1517311,0.19862327,0.20865571,0.20526761,0.18328252,0.18751149,0.19930595,0.19092464,0.19567388,0.15290353,0.2155362,0.17621692,0.18774351,0.18689993,0.22583288,0.20569474,0.21113391,0.1889911,0.19156197,0.2128183,0.1795047,0.17565405,0.17372072,0.1791843,0.179014,0.19869258,0.19774564,0.1623267,0.18056707,0.15786596,0.18762136,0.18647282,0.2278235,0.21441025,0.18823063,0.20078059,0.18890971,0.18864334,0.18664503,0.19767234,0.18772858,0.20074931,0.19916537,0.16770807,0.18871096,0.19856068,0.24239503,0.18141036,0.17909566,0.2312487,0.20473719,0.21710712,0.18397863,0.19925119,0.25462866,0.18363862,0.23760356,0.1774847,0.17598644,0.19421187,0.20090231,0.2160615,0.19884086,0.18555889,0.2016289,0.21456036,0.19231679,0.19282517,0.1939869,0.21040827,0.15502055,0.17076844,0.19464123,0.1832692,0.2380372,0.18103075,0.18402919,0.18690152,0.1678938,0.17692608,0.19969189,0.1873281,0.19545975,0.19074361,0.16646582,0.17269474,0.19703725,0.18172424,0.18907022,0.20363021,0.1727036,0.18649887,0.17238946,0.20044151,0.21330816,0.20214851,0.22352661,0.21588247,0.19262573,0.17557654,0.1995078,0.1940394,0.14368238,0.19332401,0.17796585,0.18829359,0.1919989,0.15775502,0.18385938,0.17724177,0.18829839,0.20217983,0.15504998,0.21525209,0.15286487,0.20888674,0.18697725,0.20221819,0.17138869,0.19072883,0.1898378,0.17235023,0.17793542,0.1745936,0.19860104,0.15131484,0.1890468,0.19416946,0.21529883,0.1931802,0.15954077,0.16106355,0.18819156,0.21372965,0.16742492,0.19644481,0.19398957,0.19797745,0.19251235,0.16628505,0.1741958,0.19942571,0.18351945,0.17035258,0.18450254,0.17694147,0.22860721,0.17536837,0.19622171,0.19650917,0.18538469,0.18834992,0.19037256,0.17419761,0.1972878,0.24650034,0.19431603,0.1895235,0.17555276,0.14883187,0.19764954,0.23473684
0.26225132,0.2515947,0.24619003,0.25252786,0.25753286,0.24073976,0.2964242,0.2459807,0.2672168,0.28673428,0.23027821,0.24580501,0.22289035,0.25626928,0.2457059,0.279995,0.22547518,0.25139308,0.21209517,0.24377742,0.25037825,0.25312757,0.28004184,0.21989068,0.2150326,0.25456634,0.2578636,0.23332497,0.23589107,0.28829202,0.21234807,0.25865638,0.26983503,0.29006124,0.26817542,0.24056728,0.21872588,0.2637185,0.27258223,0.21718311,0.27829498,0.25245604,0.2639901,0.2530662,0.22670709,0.22620466,0.25607452,0.25033373,0.20567723,0.27761227,0.26048267,0.23185363,0.22745875,0.25543028,0.258026,0.24796277,0.27181363,0.24278834,0.25059816,0.25641894,0.24210058,0.24909875,0.21927989,0.2657493,0.23923971,0.23309654,0.26001155,0.24378784,0.24852668,0.24397665,0.24007317,0.21975642,0.25000152,0.23615494,0.24389693,0.21634755,0.22426237,0.2691369,0.26541156,0.24119821,0.22089846,0.21355082,0.2712544,0.2575813,0.24700145,0.2534716,0.24700826,0.21489409,0.28241667,0.23296526,0.28068626,0.23644498,0.23865674,0.22114667,0.23757216,0.25952202,0.23768249,0.24435417,0.25260052,0.24037638,0.25014248,0.24373126,0.2652521,0.27258486,0.25621945,0.28156427,0.23033798,0.24360475,0.27578267,0.2510009,0.21773072,0.25281993,0.26218426,0.23041219,0.27961206,0.2358436,0.22357318,0.23838843,0.26396847,0.25524294,0.26001883,0.25051257,0.25976986,0.25584298,0.23097117,0.2488516,0.20491567,0.20663923,0.24866356,0.24050248,0.26799822,0.22851315,0.25594744,0.26494616,0.2658663,0.21630749,0.21564624,0.25438368,0.21568811,0.21844856,0.27493498,0.26986837,0.27303764,0.24663192,0.2437648,0.21694401,0.24099238,0.2936992,0.27528048,0.25256738,0.23029651,0.2287642,0.23895514,0.26757225,0.22445105,0.263352,0.2424337,0.22907276,0.2340692,0.273006,0.25699323,0.27587673,0.21555124,0.24982509,0.26701623,0.25360256,0.2739796,0.28486088,0.20361993,0.2571012,0.22458157,0.2503599,0.2720012,0.26514703,0.28872737,0.27237606,0.26144248,0.23927197,0.25811464,0.22793287,0.2566481,0.19375457,0.23745096,0.26509234,0.2639197,0.25804347,0.20921335,0.2182873,0.25331882,0.22336833,0.27355418,0.25616163,0.23531602,0.24879828,0.2466808,0.21906722,0.22460786,0.2635552,0.28833658,0.27947617,0.23811352,0.27289867,0.25711814,0.22992975,0.16384234,0.26243144,0.26725477,0.28010863,0.24980816,0.24233657,0.24433309,0.23413315,0.22323665,0.22209617,0.27222377,0.27085465,0.22279233,0.27004704,0.22707093,0.26469973,0.25965002,0.2089124,0.20711374,0.2672084,0.22809342,0.2508512,0.25351733,0.24534407,0.24299532,0.24350777,0.21948016,0.26050878,0.25518334,0.2703424,0.29082438,0.27828687,0.22744477,0.25381032,0.23661444,0.24974555,0.2591592,0.25791433,0.24726057,0.2537039,0.24775258,0.24006447,0.24255484,0.2690859,0.23268232,0.2521558,0.23796234,0.25813794,0.29601562,0.23235238,0.25162655,0.23977554,0.2318291,0.22424167,0.24645038,0.2567436,0.24634942,0.24932966,0.2439684,0.26592594,0.21484727,0.20884725,0.24805607,0.2668517,0.27020574,0.22610824,0.2399024,0.24456236,0.24999747,0.21874854,0.27113113,0.24958238,0.24547966,0.24057199,0.22791964,0.26532084,0.26566434,0.2828517,0.2851141,0.2496206,0.20718598,0.26515234,0.25802004,0.23383853,0.2584355,0.20273644,0.22352684,0.27849513,0.20483561,0.2510888,0.21494089,0.25791618,0.22815666,0.24562144,0.2701873,0.24133027,0.24703594,0.24977852,0.2068368,0.21835211,0.24713653,0.25757512,0.23744524,0.25469762,0.2413837,0.23909369,0.23822665,0.26926357,0.2587852,0.25437146,0.26235878,0.23499987,0.2629552,0.21300896,0.2601828,0.2227604,0.24353296,0.23716801,0.23843947,0.2820286,0.21929535,0.23059264,0.25207004,0.23784804,0.20929377,0.21564545,0.22836474,0.24487941,0.23425859,0.23370588,0.24128155,0.24635676,0.27195704,0.25235966,0.2252869,0.2042718,0.27729195,0.22150308,0.24602726,0.26076198,0.27334696,0.25207424,0.2783487,0.27098805,0.27830344,0.23070788,0.2343225,0.25391737,0.28328878,0.20368567,0.22629115,0.24813938,0.24883029,0.24707201,0.23921654,0.2546314,0.25504658,0.2978717,0.22108613,0.22704822,0.26957437,0.2717498,0.2281175,0.23142178,0.24735186,0.21226707,0.27006325,0.21070084,0.25195265,0.25446254,0.2030786,0.22917378,0.25044867,0.25261247,0.29330134,0.21672255,0.23623614,0.24415745,0.2626868,0.23814496,0.22461554,0.24711427,0.21622628,0.22166538,0.24346691,0.2543348,0.23634577,0.23371628,0.27410483,0.22492099,0.26431084,0.24311972,0.25395536,0.24697973,0.2503397,0.26228616,0.25620702,0.27999267,0.24741063,0.23103096,0.25991306,0.2415243,0.2338435,0.24080804,0.26371258,0.2387444,0.24403548,0.25148326,0.21614005,0.25059995,0.23116444,0.2491428,0.22382239,0.2581178,0.21163915,0.27327704,0.25167033,0.2550312,0.24131626,0.23845807,0.23788425,0.24356797,0.23452227,0.26223335,0.30099857,0.26833773,0.2595464,0.2329829,0.24040473,0.22951676,0.22670028,0.25817755,0.26655117,0.2506966,0.25536865,0.23571256,0.26196185,0.28774178,0.21573964,0.258719,0.19801423,0.23731756,0.2578661,0.24652037,0.26412642,0.237082,0.2389547,0.22074217,0.23673537,0.27479827,0.24600697,0.29801422,0.23901421,0.25092995,0.25721645,0.20006636,0.22929284,0.2428962,0.261897,0.23847112,0.29347453,0.26835987,0.25601992,0.2731733,0.23593748,0.2316267,0.21721306,0.23264498,0.1838513,0.2893191,0.2482943,0.26956677,0.24765491,0.2719092,0.27530062,0.21797791,0.24341309,0.24691015,0.27123892,0.2375299,0.24012634,0.25507098,0.25294733,0.23643918,0.2663362,0.26047364,0.2665327,0.24216297,0.2668372,0.21001744,0.21011059,0.27571097,0.24901278,0.24613973,0.22018251,0.23801576,0.23833564,0.29120725,0.21740052,0.25195116,0.27106833,0.26136947,0.221068,0.23040621,0.23973884,0.24534896,0.2244328,0.26327366,0.25904632,0.26401895,0.25238115,0.25439286,0.25141847,0.2290982,0.24867974,0.2223829,0.25674298,0.2774226,0.22731215,0.21651186,0.25251096,0.23831485,0.24285549,0.24330953,0.25577682,0.24413082,0.23800007,0.25425726,0.25590307,0.24473877,0.23431109,0.22436124,0.22858778,0.23826374,0.23889899,0.25347498,0.2575534,0.24181655,0.26536736,0.24919358,0.2606061,0.24401091,0.30627382,0.21872625,0.23715878,0.28563932,0.2208919,0.26294652,0.2514576,0.26066878,0.2624036,0.25049523,0.27825472,0.23796815,0.25149965,0.24495173,0.27083474,0.27835888,0.2552171,0.24290797,0.24171224,0.22502662,0.2610209,0.2115958,0.27201742,0.27345926,0.24686518,0.25419804,0.2669839,0.23751996,0.2559979,0.2522758,0.2764416,0.25614363,0.23660061,0.2869631,0.23159322,0.24543118,0.24985084,0.26833445,0.30543703,0.23547874,0.2783036,0.24343483,0.24671745,0.21792923,0.23088485,0.27919146,0.19398645,0.25368714,0.24232689,0.22814795,0.25318223,0.23059252,0.24544325,0.2353066,0.259916,0.25215566,0.24492992,0.20950821,0.28659087,0.28752887,0.25369358,0.23762886,0.27014235,0.23818184,0.18992078,0.23588026,0.2709691,0.2670299,0.26969162,0.27899608,0.26825535,0.21951956,0.25440592,0.23946321,0.2751218,0.24804302,0.27046955,0.2502585,0.22730324,0.22205412,0.2517106,0.22147745,0.2699224,0.277117,0.270995,0.27895343,0.23636597,0.22164533,0.24917859,0.2675643,0.25431937,0.25853443,0.23857331,0.22832136,0.2830579,0.26715112,0.20183474,0.23388873,0.25732952,0.24069771,0.2694433,0.24527997,0.25000867,0.23563504,0.26730838,0.26690215,0.21416867,0.25044382,0.22055137,0.22001739,0.27076983,0.25171882,0.25784484,0.22260812,0.25645208,0.23151281,0.22715738,0.2657497,0.2585636,0.23023123,0.24773365,0.26494196,0.25543663,0.24088648,0.24245718,0.26258105,0.21746291,0.25743937,0.23482615,0.21901858,0.2476522,0.28533188,0.2533686,0.25657126,0.22317015,0.26204413,0.22712153,0.25017616,0.25352377,0.265033,0.27505246,0.25618255,0.22623292,0.27394173,0.26353812,0.24834454,0.24495739,0.24579948,0.22670346,0.26317853,0.23835598,0.24673307,0.22612712,0.23985979,0.25694293,0.25055784,0.24632251,0.26104033,0.2402144,0.240473,0.19349147,0.20921056,0.2124632,0.27437043,0.21782205,0.23874876,0.22238874,0.27294308,0.24382685,0.246717,0.24721535,0.23016214,0.28422317,0.2485998,0.24143726,0.25618675,0.25215715,0.26068932,0.2326731,0.24043185,0.26467782,0.23749956,0.23706749,0.23477595,0.24779928,0.24805696,0.2503844,0.2401298,0.2617224,0.2506562,0.24530736,0.27412575,0.24941483,0.23260379,0.24245471,0.23117086,0.23124316,0.27593917,0.23719442,0.250623,0.26138562,0.20742571,0.2581903,0.26140177,0.28338382,0.25934026,0.25812873,0.21868235,0.2306146,0.25716552,0.2416659,0.28494567,0.24190131,0.26070416,0.23296092,0.2539892,0.27615324,0.19530565,0.25171587,0.24016458,0.24740086,0.27210099,0.23834088,0.27276063,0.22078413,0.25806382,0.21499532,0.27515882,0.22976798,0.25254458,0.19849181,0.2442849,0.24849328,0.263688,0.2728022,0.24217436,0.23258719,0.23332849,0.23433143,0.28980705,0.24749872,0.21877384,0.24517441,0.2574611,0.22448778,0.23437586,0.25433636,0.27783108,0.20762657,0.21006252,0.23257053,0.2277742,0.27498192,0.23706737,0.23561904,0.23020172,0.2716363,0.2300834,0.25151294,0.27313548,0.22717316,0.25984073,0.22396317,0.2721053,0.23702762,0.23394614,0.24235258,0.23799455,0.2653388,0.2254782,0.253423,0.24595308,0.24051303,0.2417072,0.26399332,0.23334843,0.25701243,0.24032137,0.25093707,0.26292452,0.24442104,0.25214976,0.24486579,0.26070663,0.26480183,0.2739938,0.24333368,0.22445577,0.27598006,0.25179058,0.22202788,0.26234454,0.2562051,0.23172794,0.23922911,0.24675103,0.24497125,0.229074,0.25153673,0.2622488,0.23197389,0.2506441,0.24288042,0.21495853,0.20264506,0.25725657,0.24802351,0.24813633,0.2605039,0.25725994,0.2671592,0.304442,0.22286972,0.24339218,0.2479001,0.27096993,0.23117697,0.23167437,0.23396388,0.2455928,0.25499296,0.21750921,0.23203641,0.24835998,0.26649335,0.2562593,0.22944084,0.2615179,0.24951038,0.2633887,0.25382525,0.24028292,0.29583943,0.26626307,0.2341382,0.23329443,0.23731178,0.28542024,0.25816113,0.25993532,0.2233417,0.2802632,0.2400597,0.26797768,0.27039638,0.2827528,0.26370534,0.24867068,0.28703806,0.23587112,0.27915826,0.26786038,0.26283488,0.25651836,0.23763333,0.27391624,0.2799953,0.25501364,0.2679775,0.27479923,0.28934813,0.2604583,0.2546746,0.2584266,0.22451806,0.2446475,0.2949726,0.26291785,0.2493911,0.24138093,0.23359567,0.22570103,0.25099492,0.2508009,0.26043987,0.26564467,0.25009513,0.23735584,0.2618997,0.2648402,0.25349694,0.23058838,0.2530635,0.248946,0.21337044,0.26711953,0.268629,0.25424522,0.27733338,0.24173221,0.23021007,0.23141381,0.2590319,0.28482366,0.2490347,0.27860406,0.24322486,0.23713306,0.24708796,0.21388793,0.21993825,0.23115636,0.24599332,0.252118,0.24642314,0.24963328,0.23534472,0.23711456,0.2395559,0.23088302,0.24821648,0.26854163,0.240112,0.2283806,0.26769972,0.2096973,0.25831,0.21113095,0.2376597,0.2753209,0.22540838,0.26001894,0.26300383,0.20578626,0.23249203,0.28369114,0.24566826,0.2674322,0.25191522,0.25397995,0.26480898,0.23096511,0.25121668,0.288592,0.2438052,0.23428684,0.23632556,0.2736886,0.27849987,0.21251306,0.26190254,0.23805392,0.25149506,0.21868105,0.26234496,0.23612608,0.22586992,0.29024035,0.23062582,0.22810557,0.22744313,0.21170813,0.23816866,0.23084845
0.49711892,0.5508042,0.52936697,0.5382219,0.54802144,0.5239327,0.55542535,0.52859515,0.5577118,0.54555386,0.5367349,0.5215775,0.5252113,0.53929716,0.55457866,0.58991516,0.5146348,0.56126857,0.5329346,0.52839917,0.5490047,0.57273835,0.5463119,0.5155637,0.5102102,0.54160166,0.5491238,0.5220032,0.5197132,0.63384145,0.5751525,0.55137,0.5202115,0.5705245,0.55523396,0.5711576,0.54021525,0.52520776,0.53951126,0.553788,0.5905667,0.5941388,0.56890523,0.5721137,0.5440116,0.534195,0.5544076,0.52404034,0.486803,0.5547026,0.5597785,0.56642807,0.50601035,0.5422344,0.5618468,0.5627065,0.5555589,0.5456721,0.5892894,0.581009,0.5224565,0.55284417,0.5475354,0.53546226,0.5338523,0.568172,0.55110025,0.5233015,0.51651615,0.55032265,0.54788584,0.54267025,0.55583715,0.5269946,0.5337669,0.5568244,0.53897554,0.54626006,0.53755903,0.5560365,0.4843946,0.56110364,0.5566375,0.5309527,0.53352123,0.5686959,0.5446084,0.49909183,0.5388913,0.52861345,0.5588602,0.5824654,0.5368199,0.5531789,0.54826474,0.5685396,0.5022935,0.5240682,0.51574135,0.5703512,0.56920296,0.50786865,0.54910576,0.54808474,0.5500657,0.56040645,0.5513271,0.523656,0.53294355,0.54013467,0.51069695,0.55439043,0.5755696,0.53846544,0.55933964,0.54526025,0.54080015,0.5304159,0.56507707,0.54767096,0.5400763,0.55890024,0.54909015,0.5183119,0.49932966,0.57542336,0.5350691,0.519784,0.52065694,0.5284231,0.60643274,0.5745836,0.5637285,0.50608116,0.5418476,0.5057734,0.51021934,0.5413275,0.5082425,0.5614425,0.5506188,0.5627213,0.576836,0.5691127,0.5450095,0.5119172,0.48882058,0.5589738,0.52648693,0.57644665,0.54252946,0.53500646,0.49240404,0.5709304,0.5287974,0.565784,0.5532119,0.53196925,0.5111858,0.5648073,0.5497946,0.5421696,0.54626083,0.529842,0.5751169,0.559259,0.53876394,0.5505025,0.5246683,0.51152307,0.56889015,0.54609716,0.53446805,0.54603046,0.57252324,0.54966706,0.56027025,0.56169933,0.56417966,0.5664622,0.5341939,0.5321671,0.54694366,0.5397511,0.5048322,0.4804989,0.55247533,0.5173123,0.5671467,0.4803881,0.5787823,0.51629794,0.53412795,0.5338884,0.5209415,0.5346776,0.5517622,0.5637771,0.5845945,0.6012219,0.54317325,0.56709284,0.54895365,0.5084623,0.535751,0.53958535,0.519397,0.55337524,0.5633196,0.55830485,0.55479527,0.5152361,0.53070736,0.5261124,0.5793305,0.5358224,0.56283545,0.5220214,0.5322113,0.5659144,0.56663424,0.52597946,0.52206457,0.546078,0.50388443,0.5689053,0.51624006,0.53381723,0.5590829,0.5404061,0.5248773,0.58429205,0.5597126,0.58622277,0.51422226,0.5766393,0.5371976,0.54812336,0.5270363,0.5413501,0.5633308,0.549939,0.55516326,0.5267637,0.538139,0.553434,0.53308153,0.5623939,0.5805579,0.53012294,0.54979473,0.5537997,0.55513924,0.5262157,0.5444121,0.55733347,0.55705994,0.5275071,0.53480744,0.57922614,0.5135137,0.52974087,0.5572628,0.5158432,0.5208275,0.5099021,0.5427376,0.5226352,0.5714457,0.5343247,0.5801328,0.5391228,0.5066489,0.5401971,0.55353874,0.5450883,0.5225243,0.5327553,0.53944814,0.5382658,0.54684925,0.5755079,0.564239,0.5198896,0.5348475,0.5982879,0.55113244,0.52274525,0.51790434,0.52527535,0.53957015,0.5509082,0.5044456,0.5382569,0.5346228,0.54775405,0.5469762,0.5441991,0.5707212,0.5396734,0.559047,0.5524428,0.5362402,0.53553915,0.52892923,0.55439675,0.510472,0.52265245,0.53263175,0.5400618,0.55992866,0.56066036,0.5224518,0.5195983,0.58018863,0.50268483,0.5896708,0.5404979,0.55202997,0.54217255,0.5176998,0.5187315,0.5223458,0.5160289,0.5567837,0.5207,0.53854966,0.5766716,0.5152989,0.5308064,0.5186808,0.56092656,0.53372604,0.52723366,0.57800275,0.5435464,0.5694486,0.5522838,0.50933206,0.5646997,0.56080055,0.5358865,0.51427794,0.5601974,0.5779134,0.59236455,0.56021637,0.58901364,0.56296283,0.53615415,0.5134544,0.54293025,0.5573206,0.53811276,0.5469274,0.54524577,0.5695206,0.5417397,0.58494467,0.5383988,0.5640051,0.5900457,0.51491725,0.51576453,0.589178,0.5776821,0.520573,0.5233873,0.5287166,0.5257769,0.5258043,0.5350196,0.5416981,0.50543386,0.53265965,0.5354281,0.54254025,0.52205735,0.50991327,0.5295376,0.53859395,0.55545586,0.5365746,0.5280558,0.5699841,0.5429038,0.5588324,0.5429008,0.5568866,0.5604203,0.56580985,0.52722293,0.5488586,0.5635643,0.5670628,0.55059195,0.52830034,0.5165573,0.5050034,0.5581964,0.55360234,0.5884398,0.5160048,0.5736658,0.5189996,0.49851823,0.55358815,0.5441132,0.5691062,0.5333342,0.5115144,0.5223406,0.5317619,0.5437177,0.5417136,0.5358852,0.5115406,0.5544529,0.5310207,0.51319325,0.55527097,0.5578481,0.5486662,0.52687955,0.5072107,0.51699203,0.5522163,0.5518178,0.54063785,0.5474999,0.5755477,0.51190877,0.55107105,0.5432787,0.5383216,0.5510979,0.532253,0.5533419,0.5425129,0.5324539,0.5573585,0.5731062,0.51601124,0.5391188,0.52498674,0.5303786,0.5575061,0.51414907,0.5200252,0.53535,0.516186,0.55292726,0.53310186,0.57141316,0.5332716,0.56445897,0.52586496,0.54865706,0.5107544,0.5130159,0.5777331,0.51066995,0.56607723,0.57321,0.5668357,0.58198005,0.55961806,0.58633435,0.56169987,0.5414785,0.5488199,0.54522204,0.5479511,0.5686168,0.52073985,0.55175614,0.5492485,0.5233977,0.52856946,0.47604114,0.5331689,0.53688824,0.49671176,0.5736797,0.54860806,0.5005285,0.54802847,0.56591976,0.565343,0.5634512,0.5394296,0.52894413,0.5729017,0.5263707,0.50282776,0.5591872,0.52776396,0.5131611,0.52321446,0.59140486,0.54346055,0.5615246,0.54016805,0.57581085,0.5356347,0.5643926,0.5292524,0.5549702,0.5337183,0.58520657,0.5207695,0.52402747,0.575446,0.54387236,0.5611448,0.5513671,0.54476297,0.5417298,0.5581266,0.5160939,0.5530158,0.54687107,0.48280677,0.5066406,0.5354203,0.5404686,0.55419624,0.5631558,0.5743791,0.54881674,0.5272988,0.56789297,0.5408495,0.5528519,0.5415648,0.5317878,0.5055089,0.5553329,0.54868174,0.5450388,0.5728995,0.5454158,0.5213188,0.5387054,0.5524517,0.5699334,0.58688664,0.54839975,0.53035915,0.5758262,0.5622689,0.531116,0.54452026,0.5518827,0.56588537,0.547252,0.5397223,0.5497966,0.5262712,0.56022334,0.5496234,0.5610129,0.55338085,0.56845707,0.59844255,0.5409685,0.5441255,0.5661864,0.52854717,0.56408775,0.5863364,0.55459505,0.5719687,0.53565466,0.53663677,0.5147243,0.6000339,0.5160279,0.5670461,0.58978146,0.49933395,0.5366482,0.50220275,0.5440677,0.54558265,0.53517383,0.5696287,0.52883714,0.578162,0.5212482,0.52281046,0.55932623,0.5355435,0.49233365,0.5612152,0.5228839,0.54806477,0.5262674,0.5387806,0.52643013,0.54332566,0.53961957,0.5498899,0.48617673,0.5613358,0.54919654,0.52374446,0.54576665,0.5732346,0.58076346,0.5093108,0.5594993,0.56224066,0.5710925,0.5346508,0.5666178,0.505151,0.5492923,0.5491813,0.5429845,0.5233509,0.5232505,0.5581825,0.55803174,0.5319563,0.5176226,0.5506158,0.56388366,0.5304852,0.53413785,0.5544077,0.5669656,0.537706,0.506467,0.548853,0.5636893,0.53387105,0.4942752,0.56610507,0.5351669,0.5791262,0.5555017,0.5487575,0.57088745,0.56193894,0.57916534,0.567964,0.53913695,0.5565677,0.54216206,0.54866195,0.5126245,0.5190505,0.50984883,0.5454718,0.553408,0.6021426,0.50861025,0.5163302,0.515771,0.57427216,0.5093755,0.5384956,0.5482821,0.5522044,0.5301932,0.50211155,0.5439709,0.55307764,0.52353585,0.5190353,0.56042844,0.55492866,0.55647755,0.5824791,0.5405586,0.5207389,0.5339025,0.53667885,0.5478511,0.51416415,0.5274955,0.563967,0.5427351,0.5554078,0.5514035,0.5483841,0.53625643,0.51077104,0.52991885,0.5442618,0.5709264,0.5510676,0.5650157,0.5611026,0.50893056,0.5150449,0.5126675,0.5703682,0.5492289,0.5781161,0.5507308,0.5015312,0.54485387,0.5553669,0.5246144,0.50413173,0.49857426,0.5437512,0.54955703,0.5158204,0.549903,0.5258094,0.5192523,0.5534202,0.5692431,0.5424816,0.5908349,0.5467291,0.5503576,0.57188106,0.5722093,0.58210105,0.5422244,0.55073464,0.5558588,0.49735817,0.5609321,0.5281712,0.50832886,0.5568095,0.5592144,0.51535904,0.5247062,0.5072314,0.51737446,0.5352646,0.55716926,0.5234053,0.5248883,0.5660003,0.5132658,0.5384715,0.5260351,0.5142425,0.5313374,0.5686684,0.5546279,0.55183226,0.56683254,0.57152796,0.51711375,0.5602219,0.5516102,0.5367215,0.5315978,0.5072669,0.5582945,0.57914674,0.5680292,0.51450485,0.53764546,0.51938975,0.517982,0.51995856,0.55147797,0.52269703,0.5830376,0.5348039,0.5706279,0.5425775,0.58705044,0.5169994,0.5489718,0.54091024,0.56725013,0.48319128,0.52200645,0.5385936,0.57845694,0.5359719,0.52869177,0.560175,0.54942864,0.50633335,0.5875853,0.5249786,0.5558695,0.53476226,0.575301,0.5027211,0.54391426,0.57419664,0.5713598,0.5278905,0.52170527,0.5176968,0.5486193,0.5302504,0.5471867,0.5556653,0.5224266,0.5750389,0.54732555,0.58161396,0.57208675,0.52749795,0.5519452,0.5668337,0.52613723,0.51866394,0.51123875,0.5526809,0.5254709,0.5510676,0.5313795,0.55438584,0.55814886,0.5615923,0.5170984,0.5936933,0.51839966,0.55123276,0.53887385,0.5455835,0.5474134,0.5189822,0.55417603,0.5324222,0.5248969,0.53500336,0.55407304,0.5522425,0.5249971,0.5652022,0.5957253,0.5075733,0.5917527,0.5525933,0.566343,0.514311,0.5329543,0.5532312,0.5180334,0.57688224,0.5196191,0.49326932,0.55225533,0.50211924,0.5164604,0.53307086,0.5317031,0.5517444,0.56352806,0.5600375,0.5978029,0.5468296,0.5209227,0.5372144,0.51130766,0.539734,0.5473726,0.52428067,0.53879267,0.5688742,0.542418,0.5309668,0.5210105,0.53765047,0.54331553,0.54412407,0.55066437,0.53328586,0.56207407,0.5362405,0.55123776,0.54342484,0.5240048,0.5567565,0.5749881,0.50014037,0.5470556,0.5292896,0.55604976,0.5489875,0.5145688,0.5249084,0.59022963,0.5225386,0.5708455,0.5711772,0.5513351,0.5633007,0.54569894,0.5467183,0.5779485,0.56194574,0.6032786,0.5212245,0.5070716,0.5489833,0.51650727,0.58679175,0.49688253,0.553129,0.54565585,0.60477686,0.5479767,0.55501944,0.52197343,0.56461614,0.5493374,0.5395807,0.5512164,0.52202183,0.5346293,0.5345786,0.53783673,0.5862267,0.52905464,0.5341937,0.5655371,0.48448065,0.59909016,0.571813,0.5440884,0.486051,0.56855357,0.56826526,0.58960116,0.5076203,0.56133133,0.5167083,0.5943805,0.5445439,0.55432624,0.57051456,0.57523364,0.57779837,0.55634534,0.53407705,0.5496252,0.5151026,0.5574242,0.5499744,0.50951713,0.5203165,0.54018956,0.53710634,0.5706636,0.5699916,0.5627775,0.5493641,0.53993344,0.54404736,0.5280682,0.5407002,0.53200203,0.51276183,0.54142356,0.5461312,0.5930336,0.5303557,0.5258025,0.56194615,0.553351,0.52000266,0.5656377,0.5895965,0.56213564,0.55471194,0.56933135,0.55209863,0.55133563,0.5603922,0.5636374,0.5402362,0.5426292,0.48428673,0.59402764,0.53192705,0.5261829,0.5426069,0.510069,0.5548151,0.5422644,0.51991034,0.5394245,0.5204288,0.5322934,0.5751243,0.5501014,0.53164196,0.54153395,0.5354143,0.53981817,0.53224605,0.47231814,0.55614287,0.54136574
0.33207625,0.32846272,0.34468374,0.32161444,0.35832876,0.33558682,0.33751348,0.3215952,0.35809493,0.3449046,0.3337833,0.33592057,0.3418348,0.32069525,0.34923935,0.37897754,0.3504731,0.3070989,0.3088204,0.34708226,0.3778933,0.36081123,0.37733513,0.33433867,0.34201923,0.32971123,0.34836704,0.3604365,0.369965,0.40419164,0.37728244,0.3581157,0.30704153,0.36332464,0.35316136,0.4086846,0.34257436,0.31845462,0.35183862,0.3082024,0.3632805,0.35809317,0.38129956,0.35795712,0.36174244,0.35643712,0.35163584,0.32011315,0.31273425,0.3355394,0.36516494,0.36035627,0.32467985,0.3358515,0.3431406,0.365151,0.3350263,0.33899575,0.3780192,0.39536726,0.37148517,0.34624597,0.3495827,0.31928223,0.29484737,0.3476754,0.32400903,0.35202113,0.36096856,0.35014254,0.3746127,0.38827837,0.35449737,0.34620038,0.32672566,0.3794078,0.3391413,0.34040043,0.33039618,0.36311927,0.32454348,0.34435624,0.35718253,0.3387048,0.32311296,0.34220877,0.3599615,0.3288651,0.3397736,0.3484631,0.33010033,0.3909557,0.33277184,0.33144563,0.38192427,0.37131914,0.297851,0.33607295,0.3450495,0.35049117,0.36340323,0.35307282,0.35717073,0.30640277,0.34937078,0.35326114,0.36556298,0.37233943,0.32161075,0.3655061,0.34373483,0.35572273,0.356612,0.35789365,0.34245077,0.35667276,0.36110285,0.33581164,0.35717183,0.33555686,0.36764565,0.35832965,0.3495118,0.31530046,0.3138483,0.3504546,0.33097485,0.30858466,0.35861003,0.3474806,0.38161153,0.3894863,0.36365083,0.3312189,0.37127784,0.34771934,0.33979914,0.3368074,0.34815708,0.34784758,0.33871278,0.33728626,0.34843293,0.3688967,0.35086218,0.341555,0.3065152,0.36004013,0.33839372,0.3818728,0.31990236,0.34907228,0.32331842,0.38839245,0.3474446,0.3408907,0.36390105,0.37871325,0.35121167,0.31936595,0.37245068,0.3472286,0.361885,0.33667207,0.34796974,0.35250533,0.3673943,0.38477612,0.31331947,0.3634234,0.35246027,0.3455372,0.33632627,0.36231673,0.34795168,0.3345457,0.34451246,0.353961,0.3594447,0.3663164,0.35909525,0.37174347,0.33273152,0.35870424,0.34415403,0.32257035,0.35824895,0.3595414,0.38786423,0.34002,0.36077458,0.34074816,0.34100848,0.32980746,0.32219917,0.33213577,0.35863346,0.3543346,0.350775,0.36496753,0.35361916,0.32530066,0.36808652,0.34458777,0.3364039,0.35515186,0.35963285,0.34881067,0.34988156,0.31217062,0.32762414,0.35137647,0.3372122,0.33770865,0.35798424,0.36837953,0.35597423,0.33450544,0.3334501,0.40647975,0.3823633,0.32688868,0.33084035,0.3641696,0.3495059,0.3456003,0.33123037,0.32603586,0.33759445,0.3462453,0.348104,0.35928008,0.3380319,0.35789055,0.36678034,0.35617134,0.36982012,0.37022218,0.32543153,0.34183136,0.35194352,0.33283406,0.34474513,0.35505983,0.33060595,0.34356222,0.3258543,0.3670216,0.40257627,0.32585853,0.30889362,0.36764687,0.35281911,0.3043885,0.3948731,0.3683241,0.3645421,0.34024507,0.30991298,0.36055675,0.34427992,0.33229995,0.36036775,0.3322895,0.339954,0.32649595,0.38036197,0.34278163,0.3628689,0.3210044,0.34792158,0.35205978,0.3416544,0.34246105,0.37808415,0.33615673,0.33486384,0.32892767,0.33628577,0.36312604,0.3564091,0.3904807,0.35220534,0.3506541,0.3354469,0.35908103,0.34428084,0.31259125,0.35628304,0.3324026,0.34799835,0.3579901,0.34520513,0.3573973,0.34558016,0.33942083,0.3082297,0.2998076,0.3641069,0.34408298,0.34243286,0.38507736,0.32972947,0.3404923,0.33920655,0.35101733,0.35613036,0.3159895,0.3340166,0.35342494,0.38792405,0.34794775,0.36030945,0.3339691,0.3625702,0.35421625,0.39800143,0.31935364,0.3734781,0.3498956,0.32704175,0.3427263,0.34577432,0.35462365,0.40099344,0.33868936,0.360835,0.36678118,0.31887805,0.3569062,0.32063556,0.36400586,0.3512071,0.3465801,0.37410748,0.3549691,0.37496307,0.35206684,0.31618783,0.37721336,0.38159055,0.3050278,0.36662465,0.36674786,0.36166176,0.3716198,0.35464424,0.35319692,0.36218232,0.36202574,0.33452317,0.3607724,0.37752104,0.35552594,0.367123,0.33538228,0.34965128,0.37344566,0.39309478,0.3487199,0.35770047,0.37393066,0.33604395,0.33387145,0.39009777,0.37252635,0.37077293,0.3526196,0.35646158,0.33520508,0.37830195,0.35394993,0.36746883,0.32241622,0.31495282,0.33077058,0.3470084,0.33921605,0.32930213,0.3438676,0.3742206,0.34906814,0.35323364,0.33837086,0.35896888,0.36572266,0.3933899,0.35602206,0.34868765,0.35651702,0.3491118,0.31924284,0.34320688,0.32220367,0.37658864,0.36586213,0.3669595,0.33384928,0.326585,0.3603685,0.3786838,0.39556035,0.34778255,0.36955923,0.3359877,0.333227,0.33132705,0.33109036,0.37575918,0.3535129,0.34981242,0.3428946,0.3433386,0.37949973,0.35261708,0.356452,0.3447378,0.36179033,0.334844,0.31467986,0.37478715,0.36521313,0.34259275,0.32760757,0.34570327,0.32099757,0.37141836,0.38013726,0.34007335,0.3354843,0.36222258,0.32520503,0.3437253,0.35653174,0.3653752,0.34733835,0.36025906,0.3216052,0.3596273,0.37764582,0.36197093,0.36334032,0.346453,0.3300587,0.3355285,0.34434852,0.34482616,0.31576228,0.3352471,0.3593115,0.33799806,0.35700178,0.36897197,0.32797945,0.34473467,0.3613863,0.32233226,0.3340282,0.31124336,0.34605145,0.36744976,0.29108962,0.370856,0.35197067,0.36869797,0.3820621,0.37488925,0.35732117,0.37898687,0.39007154,0.33147794,0.34230864,0.365124,0.34534773,0.35698247,0.35514167,0.35884583,0.31810614,0.34753776,0.29990253,0.3425488,0.3428886,0.32630637,0.3781669,0.35831285,0.34463608,0.36456034,0.34240577,0.33393657,0.36928412,0.34299257,0.34077364,0.36034092,0.31495446,0.32838917,0.37696043,0.34373045,0.31320757,0.3207887,0.38554993,0.32905278,0.36385277,0.34715796,0.38761318,0.36195835,0.36988857,0.35737056,0.3501942,0.3260675,0.3774134,0.345722,0.32460335,0.37359393,0.36169273,0.3478898,0.35147482,0.33002037,0.29450715,0.3435571,0.31489703,0.3582551,0.32965863,0.31537932,0.3109354,0.32795858,0.37407428,0.35870224,0.35085574,0.35913756,0.34646717,0.3326317,0.35806066,0.3538547,0.37260813,0.3368801,0.34239197,0.3097445,0.3616572,0.37256065,0.34771404,0.33849648,0.33635733,0.34358627,0.33161822,0.34399754,0.34322292,0.36611187,0.3751313,0.32978928,0.35482594,0.36295414,0.3519528,0.35842222,0.34043595,0.3684964,0.33983192,0.3530488,0.35546374,0.3420221,0.3628781,0.3567462,0.3389474,0.33387485,0.32332438,0.376757,0.33625194,0.31166333,0.35481507,0.34121764,0.36371708,0.37063807,0.29631957,0.34229296,0.34764048,0.35670018,0.3318863,0.36495256,0.3453284,0.36539358,0.37510914,0.32824543,0.3557245,0.33382326,0.34959006,0.36890337,0.3471901,0.3581284,0.300668,0.32953894,0.35667434,0.35869297,0.3648893,0.3572461,0.30719396,0.39820376,0.36667877,0.3612453,0.36851302,0.35711986,0.36425912,0.34382892,0.34798312,0.35809126,0.36571488,0.36916625,0.3458599,0.36587474,0.3564834,0.3850933,0.3794971,0.3318219,0.36957854,0.34484518,0.3872126,0.34146595,0.36929414,0.34120488,0.3432501,0.39188123,0.36194578,0.3415059,0.31076124,0.35611495,0.35522807,0.36457622,0.32059455,0.36073232,0.33054844,0.35667762,0.34721133,0.34738272,0.38540372,0.3440014,0.3658685,0.3842151,0.34856305,0.37426943,0.33025518,0.35790044,0.30635828,0.36135548,0.3316832,0.3545335,0.36118534,0.33815747,0.35819787,0.3794531,0.38076425,0.3427323,0.35278,0.3438492,0.33784634,0.34750658,0.40708598,0.33591396,0.3555234,0.34758395,0.3628685,0.33304116,0.33324876,0.3568839,0.35135418,0.3480656,0.33904403,0.34056213,0.3560808,0.34679335,0.31173706,0.3370241,0.34585574,0.32663867,0.34381455,0.35551682,0.35607797,0.36119533,0.35105908,0.3358699,0.34645742,0.3531299,0.36661014,0.33951172,0.350998,0.3449489,0.34157437,0.3504719,0.3699958,0.3266281,0.34523737,0.32717577,0.36926815,0.33485556,0.37856212,0.37729812,0.35702297,0.36177453,0.3671107,0.32929736,0.36454663,0.37129927,0.33701512,0.3688489,0.3759343,0.33580166,0.3453011,0.33886454,0.3751706,0.33902976,0.37370652,0.38255706,0.3516785,0.3283062,0.33616656,0.32776907,0.36113116,0.35373285,0.37844723,0.35565522,0.33913472,0.36401516,0.39049822,0.35972297,0.34103703,0.3684785,0.3571263,0.375267,0.34990326,0.3123926,0.39720592,0.35802978,0.33408886,0.33629707,0.36858165,0.34392542,0.32684612,0.32973233,0.36901218,0.3328572,0.34487104,0.3461492,0.34062886,0.34076366,0.3322801,0.30786118,0.35495076,0.33654958,0.34842172,0.32476372,0.36279568,0.33879274,0.346175,0.36982834,0.34661323,0.34521085,0.35775298,0.31864136,0.33936942,0.36888987,0.3613145,0.35226226,0.34332672,0.29242414,0.3590489,0.33102873,0.32437348,0.35093516,0.37044057,0.3506373,0.38583827,0.3431657,0.36605787,0.30587554,0.3669006,0.33164012,0.32261127,0.363021,0.3448095,0.33756864,0.3169814,0.32404757,0.33905762,0.32847074,0.36218613,0.35897103,0.37557274,0.34223384,0.39941233,0.3233041,0.34627357,0.33949304,0.3621834,0.30438316,0.34503153,0.3776903,0.37038842,0.34534207,0.3216307,0.3288264,0.34431586,0.34811828,0.34143367,0.3426237,0.3512025,0.3660793,0.37691075,0.37028477,0.38667154,0.35324883,0.37597236,0.3335035,0.31416464,0.3587395,0.3164173,0.37058374,0.3456903,0.3655848,0.358262,0.34985942,0.38646758,0.34480044,0.33914667,0.35374197,0.334328,0.3571141,0.35523292,0.36879948,0.33381325,0.31114754,0.33911684,0.34100196,0.36317977,0.34259695,0.33246815,0.3943976,0.33729392,0.3551342,0.37666726,0.32222617,0.3338294,0.36180994,0.36209622,0.328242,0.3317681,0.36501276,0.3583125,0.3834834,0.33366883,0.318529,0.3784658,0.34728697,0.35152927,0.3375548,0.35902026,0.33057356,0.36278814,0.4282954,0.35888916,0.35442975,0.33824039,0.35155657,0.3451839,0.3312069,0.3448152,0.32595757,0.35692462,0.3591534,0.33868936,0.34247434,0.32936937,0.32563388,0.3442206,0.33479732,0.33048487,0.33429182,0.35320443,0.3444964,0.3620289,0.352841,0.35245484,0.34984913,0.3493852,0.3609591,0.3692841,0.34025478,0.3372211,0.3602656,0.33389395,0.3529447,0.3819804,0.3465265,0.36378804,0.3807789,0.36764148,0.37598166,0.36247358,0.29955274,0.36782354,0.37092587,0.415154,0.31385309,0.31164363,0.32876292,0.33697242,0.35434374,0.3287935,0.34471795,0.36145943,0.36699164,0.38472915,0.37515414,0.3326475,0.37544432,0.35236314,0.3420997,0.3733828,0.34448028,0.363606,0.38220096,0.3530863,0.34660217,0.383292,0.34148252,0.36663455,0.3117303,0.38549542,0.3499919,0.33345973,0.32695296,0.3523949,0.36105087,0.36754587,0.323617,0.36129022,0.33952004,0.3789031,0.3618438,0.35495538,0.364926,0.38548094,0.35959786,0.36090398,0.38056052,0.35366064,0.3478778,0.34414923,0.3579278,0.36238465,0.32394207,0.3590626,0.340972,0.3374369,0.3289474,0.3586749,0.34983915,0.36225507,0.34823397,0.37684518,0.37851325,0.36293605,0.36341503,0.37099323,0.36449572,0.36762857,0.36376813,0.3545592,0.35974315,0.36333114,0.34081364,0.36352515,0.36771134,0.3719725,0.36219713,0.37229198,0.3516302,0.34932658,0.38919887,0.38849923,0.35249436,0.36211184,0.3364261,0.34960604,0.37215424,0.36125797,0.35717174,0.37754837,0.3392923,0.33259153,0.36653087,0.3245448,0.34706992,0.33522132,0.3886208,0.3614984,0.35727578,0.33546573,0.3303069,0.32218814,0.3496412,0.3263951,0.3294683,0.37592548
0.0,0.0,0.0,0.0,0.0,0.0,0.0,0.0,0.0,0.0,0.0,0.0,0.0,0.0,0.0,0.0,0.0,0.0,0.0,0.0,0.0,0.0,0.0,0.0,0.0,0.0,0.0,0.0,0.0,0.0,0.0,0.0,0.0,0.0,0.0,0.0,0.0,0.0,0.0,0.0,0.0,0.0,0.0,0.0,0.0,0.0,0.0,0.0,0.0,0.0,0.0,0.0,0.0,0.0,0.0,0.0,0.0,0.0,0.0,0.0,0.0,0.0,0.0,0.0,0.0,0.0,0.0,0.0,0.0,0.0,0.0,0.0,0.0,0.0,0.0,0.0,0.0,0.0,0.0,0.0,0.0,0.0,0.0,0.0,0.0,0.0,0.0,0.0,0.0,0.0,0.0,0.0,0.0,0.0,0.0,0.0,0.0,0.0,0.0,0.0,0.0,0.0,0.0,0.0,0.0,0.0,0.0,0.0,0.0,0.0,0.0,0.0,0.0,0.0,0.0,0.0,0.0,0.0,0.0,0.0,0.0,0.0,0.0,0.0,0.0,0.0,0.0,0.0,0.0,0.0,0.0,0.0,0.0,0.0,0.0,0.0,0.0,0.0,0.0,0.0,0.0,0.0,0.0,0.0,0.0,0.0,0.0,0.0,0.0,0.0,0.0,0.0,0.0,0.0,0.0,0.0,0.0,0.0,0.0,0.0,0.0,0.0,0.0,0.0,0.0,0.0,0.0,0.0,0.0,0.0,0.0,0.0,0.0,0.0,0.0,0.0,0.0,0.0,0.0,0.0,0.0,0.0,0.0,0.0,0.0,0.0,0.0,0.0,0.0,0.0,0.0,0.0,0.0,0.0,0.0,0.0,0.0,0.0,0.0,0.0,0.0,0.0,0.0,0.0,0.0,0.0,0.0,0.0,0.0,0.0,0.0,0.0,0.0,0.0,0.0,0.0,0.0,0.0,0.0,0.0,0.0,0.0,0.0,0.0,0.0,0.0,0.0,0.0,0.0,0.0,0.0,0.0,0.0,0.0,0.0,0.0,0.0,0.0,0.0,0.0,0.0,0.0,0.0,0.0,0.0,0.0,0.0,0.0,0.0,0.0,0.0,0.0,0.0,0.0,0.0,0.0,0.0,0.0,0.0,0.0,0.0,0.0,0.0,0.0,0.0,0.0,0.0,0.0,0.0,0.0,0.0,0.0,0.0,0.0,0.0,0.0,0.0,0.0,0.0,0.0,0.0,0.0,0.0,0.0,0.0,0.0,0.0,0.0,0.0,0.0,0.0,0.0,0.0,0.0,0.0,0.0,0.0,0.0,0.0,0.0,0.0,0.0,0.0,0.0,0.0,0.0,0.0,0.0,0.0,0.0,0.0,0.0,0.0,0.0,0.0,0.0,0.0,0.0,0.0,0.0,0.0,0.0,0.0,0.0,0.0,0.0,0.0,0.0,0.0,0.0,0.0,0.0,0.0,0.0,0.0,0.0,0.0,0.0,0.0,0.0,0.0,0.0,0.0,0.0,0.0,0.0,0.0,0.0,0.0,0.0,0.0,0.0,0.0,0.0,0.0,0.0,0.0,0.0,0.0,0.0,0.0,0.0,0.0,0.0,0.0,0.0,0.0,0.0,0.0,0.0,0.0,0.0,0.0,0.0,0.0,0.0,0.0,0.0,0.0,0.0,0.0,0.0,0.0,0.0,0.0,0.0,0.0,0.0,0.0,0.0,0.0,0.0,0.0,0.0,0.0,0.0,0.0,0.0,0.0,0.0,0.0,0.0,0.0,0.0,0.0,0.0,0.0,0.0,0.0,0.0,0.0,0.0,0.0,0.0,0.0,0.0,0.0,0.0,0.0,0.0,0.0,0.0,0.0,0.0,0.0,0.0,0.0,0.0,0.0,0.0,0.0,0.0,0.0,0.0,0.0,0.0,0.0,0.0,0.0,0.0,0.0,0.0,0.0,0.0,0.0,0.0,0.0,0.0,0.0,0.0,0.0,0.0,0.0,0.0,0.0,0.0,0.0,0.0,0.0,0.0,0.0,0.0,0.0,0.0,0.0,0.0,0.0,0.0,0.0,0.0,0.0,0.0,0.0,0.0,0.0,0.0,0.0,0.0,0.0,0.0,0.0,0.0,0.0,0.0,0.0,0.0,0.0,0.0,0.0,0.0,0.0,0.0,0.0,0.0,0.0,0.0,0.0,0.0,0.0,0.0,0.0,0.0,0.0,0.0,0.0,0.0,0.0,0.0,0.0,0.0,0.0,0.0,0.0,0.0,0.0,0.0,0.0,0.0,0.0,0.0,0.0,0.0,0.0,0.0,0.0,0.0,0.0,0.0,0.0,0.0,0.0,0.0,0.0,0.0,0.0,0.0,0.0,0.0,0.0,0.0,0.0,0.0,0.0,0.0,0.0,0.0,0.0,0.0,0.0,0.0,0.0,0.0,0.0,0.0,0.0,0.0,0.0,0.0,0.0,0.0,0.0,0.0,0.0,0.0,0.0,0.0,0.0,0.0,0.0,0.0,0.0,0.0,0.0,0.0,0.0,0.0,0.0,0.0,0.0,0.0,0.0,0.0,0.0,0.0,0.0,0.0,0.0,0.0,0.0,0.0,0.0,0.0,0.0,0.0,0.0,0.0,0.0,0.0,0.0,0.0,0.0,0.0,0.0,0.0,0.0,0.0,0.0,0.0,0.0,0.0,0.0,0.0,0.0,0.0,0.0,0.0,0.0,0.0,0.0,0.0,0.0,0.0,0.0,0.0,0.0,0.0,0.0,0.0,0.0,0.0,0.0,0.0,0.0,0.0,0.0,0.0,0.0,0.0,0.0,0.0,0.0,0.0,0.0,0.0,0.0,0.0,0.0,0.0,0.0,0.0,0.0,0.0,0.0,0.0,0.0,0.0,0.0,0.0,0.0,0.0,0.0,0.0,0.0,0.0,0.0,0.0,0.0,0.0,0.0,0.0,0.0,0.0,0.0,0.0,0.0,0.0,0.0,0.0,0.0,0.0,0.0,0.0,0.0,0.0,0.0,0.0,0.0,0.0,0.0,0.0,0.0,0.0,0.0,0.0,0.0,0.0,0.0,0.0,0.0,0.0,0.0,0.0,0.0,0.0,0.0,0.0,0.0,0.0,0.0,0.0,0.0,0.0,0.0,0.0,0.0,0.0,0.0,0.0,0.0,0.0,0.0,0.0,0.0,0.0,0.0,0.0,0.0,0.0,0.0,0.0,0.0,0.0,0.0,0.0,0.0,0.0,0.0,0.0,0.0,0.0,0.0,0.0,0.0,0.0,0.0,0.0,0.0,0.0,0.0,0.0,0.0,0.0,0.0,0.0,0.0,0.0,0.0,0.0,0.0,0.0,0.0,0.0,0.0,0.0,0.0,0.0,0.0,0.0,0.0,0.0,0.0,0.0,0.0,0.0,0.0,0.0,0.0,0.0,0.0,0.0,0.0,0.0,0.0,0.0,0.0,0.0,0.0,0.0,0.0,0.0,0.0,0.0,0.0,0.0,0.0,0.0,0.0,0.0,0.0,0.0,0.0,0.0,0.0,0.0,0.0,0.0,0.0,0.0,0.0,0.0,0.0,0.0,0.0,0.0,0.0,0.0,0.0,0.0,0.0,0.0,0.0,0.0,0.0,0.0,0.0,0.0,0.0,0.0,0.0,0.0,0.0,0.0,0.0,0.0,0.0,0.0,0.0,0.0,0.0,0.0,0.0,0.0,0.0,0.0,0.0,0.0,0.0,0.0,0.0,0.0,0.0,0.0,0.0,0.0,0.0,0.0,0.0,0.0,0.0,0.0,0.0,0.0,0.0,0.0,0.0,0.0,0.0,0.0,0.0,0.0,0.0,0.0,0.0,0.0,0.0,0.0,0.0,0.0,0.0,0.0,0.0,0.0,0.0,0.0,0.0,0.0,0.0,0.0,0.0,0.0,0.0,0.0,0.0,0.0,0.0,0.0,0.0,0.0,0.0,0.0,0.0,0.0,0.0,0.0,0.0,0.0,0.0,0.0,0.0,0.0,0.0,0.0,0.0,0.0,0.0,0.0,0.0,0.0,0.0,0.0,0.0,0.0,0.0,0.0,0.0,0.0,0.0,0.0,0.0,0.0,0.0,0.0,0.0,0.0,0.0,0.0,0.0,0.0,0.0,0.0,0.0,0.0,0.0,0.0,0.0,0.0,0.0,0.0,0.0,0.0,0.0,0.0,0.0,0.0,0.0,0.0,0.0,0.0,0.0,0.0,0.0,0.0,0.0,0.0,0.0,0.0,0.0,0.0,0.0,0.0,0.0,0.0,0.0,0.0,0.0,0.0,0.0,0.0,0.0,0.0,0.0,0.0,0.0,0.0,0.0,0.0,0.0,0.0,0.0,0.0,0.0,0.0,0.0,0.0,0.0,0.0,0.0,0.0,0.0,0.0
0.43073234,0.46194357,0.45681053,0.45098954,0.4498722,0.42931846,0.46357378,0.45692658,0.47494015,0.45010173,0.48564854,0.4611615,0.44781947,0.43959755,0.46770498,0.47067615,0.46476907,0.43601435,0.42269456,0.46427053,0.48619425,0.49506497,0.4679131,0.4186242,0.4349536,0.49829778,0.4849433,0.47441414,0.46469453,0.49818012,0.47663173,0.4510753,0.45695662,0.4857298,0.49117607,0.49999735,0.45298547,0.4221285,0.4161728,0.46351308,0.49328724,0.49003407,0.45902118,0.4953791,0.49140033,0.48743606,0.42263284,0.46768886,0.44521096,0.44404557,0.4687431,0.4555327,0.45679957,0.44818324,0.49159986,0.4771654,0.44383386,0.45387653,0.50160456,0.4753243,0.4882198,0.4762178,0.4443971,0.43468237,0.45737758,0.49470073,0.4639037,0.45509356,0.45984763,0.4622175,0.4613382,0.4566877,0.46421385,0.4546882,0.44280887,0.46725962,0.45931,0.4611609,0.4516971,0.4873867,0.44601884,0.4730087,0.48046404,0.45525882,0.46008223,0.45121133,0.4446719,0.4204016,0.4702163,0.44542852,0.44048882,0.4997165,0.4450988,0.4531099,0.46456143,0.45342174,0.4189199,0.4726978,0.46089375,0.49508032,0.46297693,0.47220245,0.4745649,0.4614095,0.46507007,0.47373998,0.5031455,0.46561706,0.46210885,0.44781733,0.4604133,0.49079832,0.47781074,0.45832795,0.46124545,0.44469512,0.44784486,0.49177614,0.49256337,0.4559222,0.4494085,0.4837057,0.44928402,0.47386444,0.45436516,0.47844398,0.46622336,0.4741459,0.4683429,0.44079453,0.4973699,0.4654804,0.45586783,0.45358604,0.47933722,0.48484924,0.47124067,0.44845098,0.44589195,0.44139388,0.47812837,0.46870232,0.46509713,0.48103693,0.4655852,0.45831093,0.39925197,0.49049002,0.4891685,0.47413853,0.4674338,0.45677087,0.45888597,0.5303738,0.46995413,0.44385704,0.47586542,0.4999151,0.44117206,0.46863338,0.47030294,0.441333,0.46275446,0.45944577,0.468392,0.48633453,0.45823103,0.44531223,0.44619888,0.45204362,0.45386055,0.46670586,0.44921765,0.4448985,0.46912518,0.46019375,0.45981967,0.4358828,0.47454095,0.48438418,0.46380186,0.45023385,0.47934633,0.46816283,0.49008787,0.45908663,0.4510926,0.4419022,0.46119756,0.4229133,0.47379905,0.42152184,0.45370045,0.44011676,0.4306509,0.49383426,0.47471473,0.48170364,0.46735415,0.49126402,0.46980795,0.4690297,0.47013038,0.43720084,0.4435311,0.45313856,0.45302925,0.43640253,0.4804709,0.47339493,0.48120353,0.45431992,0.45101416,0.44629616,0.49287325,0.45881727,0.4846768,0.46515888,0.4788116,0.49011743,0.47337303,0.4329286,0.44581825,0.46290225,0.47912526,0.47176278,0.45695922,0.46341088,0.49698734,0.44908348,0.45752615,0.48425218,0.45705742,0.49368232,0.4895178,0.4805957,0.49305385,0.4756227,0.4745517,0.4669134,0.45738298,0.45644346,0.4872237,0.47677013,0.45418718,0.45377964,0.46138534,0.48310924,0.48052344,0.46558285,0.4538331,0.47720116,0.45188558,0.4287481,0.48176867,0.49346536,0.47441524,0.46180457,0.43822452,0.48540512,0.4506457,0.47084677,0.46764734,0.43427026,0.45290625,0.42722672,0.44267344,0.47177008,0.45570913,0.4517098,0.49309173,0.45459962,0.46889907,0.46702528,0.4962096,0.4625072,0.4405759,0.46946695,0.45285606,0.47071627,0.45148104,0.46827412,0.49833503,0.45553672,0.45246574,0.4803713,0.48494714,0.48105988,0.45642132,0.46818152,0.44742146,0.44166815,0.4450212,0.45042652,0.43135297,0.4439951,0.44581977,0.45656335,0.44176668,0.49377418,0.47246006,0.4789779,0.44597876,0.47920913,0.45548165,0.45859647,0.4473213,0.45222577,0.46743327,0.47455767,0.48315877,0.4666312,0.47927022,0.44604605,0.49837315,0.4448187,0.48782578,0.46322042,0.48679546,0.4488842,0.44103056,0.45240217,0.47368908,0.44988942,0.4809592,0.44429964,0.45848507,0.49391997,0.4313286,0.45057186,0.4691956,0.4629367,0.4462809,0.501386,0.47815695,0.48464552,0.48225972,0.4407823,0.44508013,0.50209767,0.4727882,0.4449782,0.47672918,0.49541694,0.46646082,0.46218607,0.48066777,0.48565033,0.45577717,0.46928614,0.43303278,0.44645318,0.49114197,0.44512314,0.48820227,0.46582016,0.49075752,0.483741,0.4742292,0.45957574,0.48467645,0.4773438,0.46508297,0.4422924,0.4649291,0.48824835,0.45904037,0.46228832,0.4670711,0.44671708,0.46230197,0.48520404,0.4581122,0.45500073,0.42541915,0.42832422,0.47311273,0.45558244,0.44466424,0.47163248,0.46424007,0.4947083,0.45704693,0.45815122,0.4650913,0.48134416,0.49188426,0.50326866,0.4746822,0.47754854,0.48621345,0.4578751,0.43755025,0.471667,0.5086084,0.4625073,0.47691363,0.4307415,0.44811216,0.4755635,0.46455777,0.49614382,0.4515122,0.4603521,0.4247868,0.4773958,0.46525148,0.43255684,0.4988303,0.44694716,0.4501189,0.4646267,0.46862754,0.48762804,0.457582,0.47996223,0.45344272,0.45528555,0.42806938,0.42600623,0.46493554,0.4739697,0.46024525,0.47051194,0.4325733,0.44933587,0.48694682,0.4468855,0.47837597,0.43355358,0.47234502,0.4462101,0.44518802,0.4725098,0.4537585,0.46607786,0.46656823,0.4734866,0.47062278,0.4820023,0.46224955,0.46444753,0.43529955,0.4706719,0.4567068,0.4339539,0.47543603,0.41960552,0.46439475,0.4436052,0.43941253,0.4523967,0.44737852,0.44759002,0.47868606,0.48208338,0.44148386,0.44642025,0.44856626,0.44994456,0.46250805,0.4493401,0.481363,0.4598633,0.48104838,0.4940366,0.4635415,0.46385452,0.4963996,0.49111012,0.47108263,0.45569813,0.49875996,0.47629887,0.46876422,0.48105916,0.4631154,0.44825146,0.47201872,0.45245343,0.4820922,0.47166684,0.45221925,0.4730362,0.4770423,0.4539188,0.49117434,0.46442655,0.46514294,0.46236044,0.44001657,0.4774413,0.50183773,0.45322314,0.4273085,0.49568522,0.47855207,0.46862593,0.46940768,0.488169,0.47354257,0.50064975,0.47258636,0.47149867,0.47048986,0.47134292,0.48455033,0.46068808,0.46174136,0.4743484,0.46312588,0.45713973,0.5013359,0.50335693,0.47684792,0.48194164,0.44264793,0.44144547,0.47108418,0.4248486,0.4654017,0.4593855,0.43431726,0.4598009,0.44750923,0.4743629,0.45675033,0.44566733,0.49524155,0.43990114,0.43068308,0.4660461,0.44761473,0.49078968,0.44806218,0.4695838,0.45943123,0.48679098,0.46362525,0.46126124,0.47791228,0.4673305,0.42436925,0.44222453,0.50148505,0.49005237,0.49620485,0.47687018,0.4566902,0.46849194,0.47319052,0.4377812,0.49080002,0.4751797,0.4707491,0.45212853,0.44669428,0.46783584,0.4539168,0.46496668,0.46478087,0.47372067,0.45370907,0.45999932,0.45377296,0.4772959,0.47310966,0.43597907,0.4629682,0.48253047,0.4879784,0.45559025,0.4558919,0.45186943,0.47893286,0.44989252,0.4536896,0.43182254,0.47508076,0.46674395,0.44106838,0.46043313,0.44333172,0.4824567,0.5011885,0.42409363,0.46522862,0.44111532,0.4614061,0.4709034,0.4702655,0.4637813,0.44526154,0.4477986,0.50137985,0.45853797,0.4649651,0.47394973,0.45528877,0.4757387,0.44861817,0.4478404,0.45095712,0.45488635,0.48709187,0.45886216,0.49300197,0.47110817,0.475625,0.47710896,0.4455732,0.4656813,0.48427573,0.50491124,0.47199452,0.4670997,0.43728098,0.44014245,0.4522895,0.4707103,0.45886752,0.4600501,0.45763737,0.46481383,0.4752596,0.45079872,0.480243,0.46330988,0.46068558,0.49023286,0.4171591,0.45115343,0.46412066,0.4780075,0.522615,0.458737,0.48239943,0.44806266,0.48902702,0.47024518,0.48178348,0.45356643,0.47347844,0.4745723,0.4567757,0.47310454,0.50866044,0.48706502,0.4309895,0.4341368,0.4340939,0.43887922,0.43795776,0.49777254,0.45394275,0.46029782,0.4879263,0.44827548,0.47838855,0.40951478,0.50353473,0.4710335,0.45798132,0.46595147,0.43857127,0.46276295,0.4668274,0.44053948,0.45430997,0.4271284,0.47458154,0.48079106,0.444893,0.4485026,0.48391703,0.48478547,0.4476766,0.4550856,0.47103912,0.46704227,0.4390369,0.4438771,0.502695,0.44609877,0.44596887,0.4546377,0.42822132,0.4503073,0.45101127,0.4748074,0.467512,0.472206,0.46689755,0.48125106,0.46586424,0.45597968,0.44315007,0.47136584,0.50896025,0.45749775,0.48334,0.5310448,0.45894867,0.47440535,0.46128094,0.44351542,0.48069918,0.47346133,0.49897158,0.47428375,0.44218546,0.43577722,0.44872826,0.4639995,0.48798603,0.4693273,0.49922833,0.45751357,0.45986432,0.46715528,0.501962,0.47194833,0.4795904,0.45984733,0.5292156,0.43734837,0.4313941,0.4876486,0.47649133,0.42681575,0.46611845,0.5022633,0.46665525,0.42989323,0.4576726,0.46175003,0.44740236,0.464967,0.4403241,0.45836627,0.4572212,0.4504626,0.45329794,0.47341308,0.43415996,0.45522878,0.44129226,0.48343968,0.4702699,0.480254,0.48764354,0.45135924,0.4475841,0.4506188,0.45325422,0.47193956,0.45799035,0.50046206,0.47018805,0.4503938,0.41885605,0.4697895,0.4470733,0.44008932,0.45599186,0.4834575,0.44887435,0.50252926,0.46497932,0.47427773,0.45686802,0.4789374,0.45027584,0.44816315,0.48624614,0.4759439,0.4554128,0.45899653,0.44197804,0.4616082,0.45154247,0.48055047,0.47351494,0.46103534,0.4509312,0.51328915,0.4493193,0.4545814,0.48175848,0.45719063,0.44188908,0.4789241,0.4728029,0.4815111,0.45997337,0.4381662,0.41967922,0.45164865,0.4585119,0.45566124,0.4507918,0.4515288,0.46050644,0.48629475,0.496914,0.48962504,0.46092066,0.48676383,0.4714241,0.42953283,0.4633054,0.4708021,0.50736207,0.468998,0.45938253,0.46877456,0.44939908,0.4660547,0.4870193,0.48018354,0.49196342,0.4517524,0.47631904,0.455213,0.48292378,0.4481831,0.43255875,0.47020108,0.4396134,0.4816261,0.4727685,0.47462395,0.4544524,0.46043333,0.43346408,0.4803494,0.43786004,0.4731177,0.47729084,0.46424496,0.45100123,0.46770763,0.47466302,0.47409624,0.48600134,0.44311213,0.44626483,0.47807136,0.4543785,0.4821918,0.44823694,0.47274292,0.4730017,0.45689481,0.50488913,0.4392696,0.44597068,0.47270054,0.45949763,0.45148373,0.46323368,0.4435773,0.45006156,0.45143425,0.47689775,0.47016847,0.4587408,0.46358028,0.4379783,0.4645273,0.48169297,0.4902025,0.45516497,0.485878,0.4461849,0.4463995,0.4548649,0.4401351,0.49283972,0.4828664,0.44289488,0.4997616,0.4794283,0.47783825,0.45239753,0.44465652,0.44362283,0.5267513,0.4756902,0.47012007,0.49620533,0.4847536,0.48814133,0.46480817,0.43961078,0.505901,0.48704886,0.49757212,0.46038014,0.43793052,0.46002504,0.46142784,0.48761466,0.44073737,0.47178268,0.4930309,0.4850206,0.50900257,0.48114383,0.4300979,0.4698862,0.4374401,0.4727155,0.47469664,0.44312352,0.48575395,0.47780985,0.45976403,0.49245617,0.4901886,0.48664218,0.47737476,0.42016023,0.5091328,0.48365268,0.43557438,0.44758257,0.47054902,0.47496882,0.4706232,0.44575346,0.45728302,0.43577972,0.46278244,0.47507358,0.4347901,0.4857625,0.48634452,0.46604833,0.49265945,0.48817393,0.47120807,0.4623008,0.4602732,0.48634848,0.4619779,0.46854043,0.47661948,0.45497182,0.47042036,0.503509,0.46613473,0.48464897,0.47025,0.49408013,0.45598698,0.46580085,0.46555382,0.43589902,0.4860116,0.46652257,0.4802392,0.4645288,0.4834479,0.46032822,0.48753226,0.4599557,0.46410048,0.49705914,0.45673043,0.48480272,0.4768989,0.4475835,0.45216975,0.49801308,0.47876155,0.47073698,0.45891157,0.41791844,0.4667999,0.4726116,0.46227676,0.46925855,0.46610063,0.4532535,0.4499646,0.44822848,0.45260733,0.44043797,0.44401574,0.4571305,0.47035348,0.46975198,0.46725616,0.4462402,0.45994896,0.45584175,0.44903338,0.44373897,0.47055188
0.630274,0.6436506,0.6458771,0.6395769,0.63619614,0.6644791,0.6320592,0.65062904,0.666248,0.6718057,0.62403,0.6233147,0.6347096,0.64484805,0.65122116,0.659523,0.6229068,0.608181,0.62879646,0.60597336,0.6905925,0.66738844,0.6613187,0.61025304,0.60771585,0.65788287,0.64375377,0.64524734,0.64448667,0.67104036,0.6470835,0.6548123,0.6705733,0.6853868,0.6680239,0.66640615,0.63228667,0.63728744,0.62464875,0.64969134,0.6594327,0.66247636,0.6468812,0.6531304,0.65148294,0.6440961,0.6056915,0.6212803,0.6193919,0.63904,0.65313685,0.6595673,0.62006664,0.6276858,0.6583266,0.6484238,0.6407569,0.6277853,0.6657666,0.68098956,0.65467876,0.65044487,0.6379334,0.64758134,0.63688123,0.66171044,0.64560163,0.6698999,0.63832724,0.6393426,0.67192644,0.6355418,0.66099876,0.6272893,0.6046423,0.6485802,0.66099423,0.6601439,0.65681434,0.67080647,0.62754035,0.6340385,0.67738163,0.6421299,0.6639606,0.63552463,0.6138857,0.6109414,0.6761284,0.618626,0.6330153,0.6627631,0.6241168,0.64979255,0.662796,0.6413869,0.60851645,0.6413947,0.6434478,0.6621344,0.6438571,0.6077378,0.6626072,0.63929087,0.6382238,0.65777266,0.69388896,0.64704037,0.6492224,0.63139385,0.6370802,0.66029066,0.6471423,0.6418116,0.6351979,0.6441379,0.6509662,0.6524816,0.7011396,0.6567167,0.6135437,0.65944415,0.6455672,0.6510363,0.63872385,0.70806795,0.6413143,0.64213574,0.66390383,0.6339224,0.6919871,0.6272108,0.6735646,0.6412064,0.66573143,0.6310715,0.6354703,0.63614535,0.61486167,0.65002126,0.66951483,0.65148365,0.6734843,0.6569622,0.6417663,0.6211518,0.60807925,0.6806459,0.63628525,0.65560216,0.64216566,0.6411806,0.6287775,0.66285366,0.6526915,0.66454816,0.6520622,0.66038054,0.6264029,0.66433233,0.66884047,0.6414648,0.6055321,0.6013377,0.6362455,0.6951608,0.66661483,0.64434695,0.637164,0.6526328,0.652055,0.6169582,0.6223096,0.6343275,0.64552885,0.62935925,0.63705295,0.6395298,0.66594493,0.6673,0.61828667,0.6840732,0.6497725,0.6249665,0.6512086,0.647029,0.6298364,0.6097349,0.6280915,0.61208445,0.6989071,0.64667565,0.6762322,0.62893295,0.60436463,0.6372607,0.644932,0.643033,0.66202927,0.666094,0.63444483,0.663975,0.6479296,0.64233524,0.6308021,0.63569665,0.6608746,0.6516174,0.68414444,0.6515968,0.6492555,0.6337853,0.62398964,0.628533,0.6735246,0.67022544,0.64905316,0.6546368,0.66103244,0.64607596,0.6711593,0.61491525,0.6433844,0.6298377,0.62381506,0.6737971,0.63123053,0.65992177,0.65875,0.63822156,0.62779194,0.6524225,0.6431193,0.6639898,0.6463902,0.6705868,0.6654128,0.615276,0.6722109,0.64798594,0.66320896,0.62869096,0.6536422,0.6752666,0.6337381,0.63369703,0.6425166,0.6301567,0.6409931,0.6376608,0.6601347,0.6521561,0.6630435,0.6281873,0.6776179,0.66548,0.65450794,0.6467444,0.61569804,0.6616595,0.6518572,0.6714515,0.65447813,0.5946435,0.64587796,0.6048807,0.6280563,0.64203954,0.6578743,0.6296304,0.6699286,0.62325627,0.6508857,0.68411785,0.687705,0.6287097,0.6182185,0.64067477,0.65837497,0.6483303,0.62602127,0.6667034,0.688753,0.651355,0.6475259,0.6771676,0.65197784,0.6580272,0.65958816,0.64371103,0.6650206,0.63008106,0.641797,0.65095973,0.6182987,0.6365657,0.63191986,0.653307,0.655691,0.6545243,0.6427487,0.65189123,0.62183565,0.64806706,0.62503624,0.6457854,0.6294108,0.65077007,0.64092815,0.6649621,0.6669726,0.6404655,0.67321634,0.6187056,0.6746458,0.6448474,0.6469246,0.6484684,0.6555913,0.64503837,0.63703257,0.6319988,0.63055,0.6114086,0.631019,0.6177175,0.6381329,0.6743988,0.60232186,0.6239102,0.59768474,0.6379764,0.6021812,0.6541393,0.66077435,0.6336522,0.6785133,0.64649916,0.63214433,0.6893497,0.65309614,0.61089945,0.6893194,0.65638036,0.6474349,0.6795229,0.67245066,0.66149116,0.6375034,0.63189,0.6104683,0.6277619,0.6438669,0.6160815,0.64707947,0.62737,0.67880976,0.68464386,0.63607,0.62833744,0.656455,0.6320813,0.6434781,0.6397157,0.6718082,0.65432525,0.67910117,0.6607256,0.628239,0.61675435,0.63842535,0.63685995,0.6567601,0.6515131,0.6186978,0.6591085,0.6432571,0.59356254,0.63851076,0.6635778,0.6424995,0.6621867,0.635162,0.646778,0.65562177,0.6654318,0.6617103,0.6445992,0.6627371,0.641525,0.6328334,0.6014844,0.6181977,0.66841507,0.6851012,0.65797484,0.65249455,0.6372982,0.6434882,0.7017849,0.6403018,0.6252458,0.63948274,0.64170504,0.6467279,0.64349425,0.6467129,0.632022,0.65634775,0.6442218,0.6207751,0.6491854,0.6234338,0.66495407,0.64174056,0.6455996,0.6285741,0.65850663,0.585547,0.6261123,0.62539744,0.6615877,0.6528593,0.65418327,0.63053715,0.6626641,0.63869137,0.6723655,0.62970346,0.6296467,0.6535726,0.62861156,0.595277,0.6604841,0.61523515,0.6459548,0.631973,0.6397123,0.65058327,0.63885254,0.6813388,0.66510713,0.6420432,0.63967633,0.61385036,0.63860124,0.6687389,0.63781977,0.63785726,0.63655156,0.65017515,0.6292619,0.62447196,0.656739,0.65417343,0.65448827,0.67469114,0.65291464,0.64476264,0.6279712,0.6386276,0.61975753,0.67499685,0.6707065,0.66492534,0.6941079,0.6628873,0.66608906,0.65752363,0.6700657,0.68852484,0.6733158,0.68802136,0.6676064,0.60398096,0.69335914,0.61626697,0.63290584,0.65982264,0.6161259,0.644215,0.6415795,0.6221259,0.66996014,0.65864664,0.638503,0.68388504,0.66568947,0.66312075,0.6516506,0.64032215,0.64165795,0.6837638,0.6261106,0.61496437,0.6359482,0.65492284,0.6614845,0.67139184,0.6862161,0.6342916,0.67588776,0.66199565,0.6575618,0.6484988,0.650543,0.63779336,0.64181423,0.663989,0.67939794,0.59983146,0.6157463,0.6932169,0.658776,0.64217347,0.649979,0.6512435,0.65101385,0.66133934,0.6045642,0.6541773,0.65465206,0.6046479,0.6487503,0.63748884,0.63872516,0.6376012,0.6382476,0.68320537,0.64008874,0.6462317,0.6655447,0.64033043,0.6816835,0.64864,0.64342415,0.61716056,0.67625266,0.66173923,0.6316284,0.6791783,0.6417598,0.6133421,0.62373686,0.688833,0.68114567,0.6816565,0.6644624,0.6604196,0.6486122,0.6674513,0.6492504,0.6369031,0.67505956,0.65969914,0.6225046,0.6282371,0.6143033,0.6163603,0.6666056,0.6403516,0.6779886,0.6511851,0.6612508,0.6717504,0.63579476,0.6453959,0.61727434,0.637971,0.69186467,0.6352685,0.6228388,0.6226388,0.63611805,0.6427897,0.65463716,0.65918183,0.61768603,0.66419494,0.68777937,0.60393876,0.6508193,0.6342293,0.68264216,0.6526798,0.61570865,0.6422615,0.62833655,0.6401214,0.6504251,0.6455853,0.6671443,0.6027494,0.6256192,0.66249067,0.6346002,0.63807786,0.6636319,0.6386812,0.67688197,0.64658296,0.627233,0.6526513,0.62212527,0.6450758,0.64839125,0.6457681,0.66140074,0.63418597,0.66127074,0.64689267,0.65998644,0.674699,0.66460353,0.646638,0.63855106,0.62110585,0.6026506,0.6466739,0.6394857,0.6745504,0.6633809,0.6396352,0.6528624,0.6270241,0.6362068,0.6447622,0.6753987,0.6585417,0.65985185,0.5958771,0.67679536,0.64059395,0.5971472,0.66959053,0.692582,0.66782135,0.62327254,0.64694273,0.6269851,0.67229635,0.6375982,0.66987467,0.65452397,0.6546924,0.662799,0.7152812,0.66412055,0.6271068,0.64028245,0.6417376,0.6145273,0.6370066,0.6676903,0.5943351,0.64701754,0.6676859,0.65182614,0.69328177,0.6323936,0.6455544,0.64352506,0.6385756,0.6635039,0.6168329,0.6280738,0.59957093,0.6875709,0.660876,0.597823,0.6300964,0.66017616,0.6575757,0.634336,0.6820326,0.6272639,0.6482794,0.6353735,0.6323124,0.6324829,0.6407701,0.6253127,0.6703303,0.65594906,0.63943124,0.6491622,0.66048765,0.6539351,0.60530704,0.6582475,0.63656646,0.6735657,0.6508892,0.6772265,0.6124946,0.6255574,0.64816874,0.64051044,0.6629906,0.66854537,0.6707741,0.6498189,0.65880275,0.6523721,0.6377761,0.6561975,0.6563866,0.6457497,0.6558191,0.641662,0.63697535,0.6207707,0.6076856,0.6449467,0.6543497,0.6592168,0.6287563,0.63601345,0.6361074,0.64791703,0.6395738,0.6811363,0.6187295,0.67291,0.70062536,0.63657266,0.62341356,0.6670532,0.62017906,0.61466414,0.6474601,0.6840362,0.6480361,0.59818393,0.6466386,0.66147053,0.6344658,0.6225811,0.64059484,0.6222775,0.6549401,0.6192593,0.6159956,0.63320553,0.60399795,0.60853124,0.6503294,0.6379135,0.6439103,0.67315555,0.63520706,0.64947236,0.6673621,0.64041674,0.64235705,0.62188995,0.64131135,0.68905663,0.6596443,0.64797276,0.6308488,0.65748006,0.6351828,0.6309202,0.6581588,0.6668418,0.6150073,0.6658647,0.6353966,0.6456557,0.6353988,0.6735764,0.6045433,0.6465544,0.6774629,0.650948,0.62220174,0.6601628,0.6200048,0.6614245,0.62283677,0.64007545,0.64647305,0.6298937,0.61737263,0.68914443,0.6563595,0.64811975,0.64797205,0.6261009,0.6078925,0.6268713,0.64436907,0.66740805,0.6253701,0.64000875,0.61372715,0.6775212,0.64110124,0.6476467,0.62096876,0.6151451,0.68123794,0.65565073,0.6831233,0.70590156,0.6300982,0.6397748,0.66340137,0.64982265,0.66485095,0.6392162,0.67039335,0.652689,0.6476795,0.65203494,0.6510384,0.6534048,0.64435035,0.6274713,0.68334883,0.6123188,0.64831716,0.66475195,0.65476865,0.641926,0.6359262,0.682582,0.65169144,0.6297205,0.6357817,0.63332003,0.6581409,0.64282525,0.6305927,0.62777036,0.60868055,0.684865,0.64724904,0.6531846,0.6079258,0.6453011,0.6603156,0.6450638,0.678607,0.64699584,0.6694758,0.66110575,0.6609886,0.65249455,0.62855345,0.6469212,0.67488426,0.6452382,0.6858531,0.66368854,0.66502964,0.661381,0.63881445,0.62708247,0.6463493,0.6408806,0.632087,0.6199274,0.63202035,0.65824825,0.6406212,0.61759835,0.60144097,0.65922356,0.67655945,0.6661002,0.62771076,0.65923434,0.66324604,0.6601268,0.65176535,0.65734327,0.6331005,0.67451215,0.64172065,0.65003175,0.62324184,0.6847599,0.64803135,0.6392046,0.6341896,0.6734169,0.6169952,0.6489638,0.669356,0.66551775,0.65926635,0.6691148,0.6469822,0.67501193,0.6263265,0.6711935,0.6414417,0.64203346,0.63208014,0.63572335,0.6710814,0.6564033,0.63834524,0.65878564,0.6821357,0.6705097,0.6622488,0.6367058,0.6559281,0.6377435,0.63348347,0.6770748,0.6695576,0.66498303,0.61132914,0.6331101,0.66285336,0.66008747,0.6900149,0.63609034,0.6100084,0.6706781,0.69570625,0.6435995,0.6224695,0.6886092,0.6646257,0.6661661,0.61035544,0.6568957,0.62850857,0.6635078,0.6677714,0.6484063,0.643252,0.64624697,0.67390573,0.6674599,0.6598768,0.6607428,0.63922095,0.67460775,0.6608006,0.62846285,0.62865394,0.6372947,0.62814313,0.6463337,0.65753406,0.65740037,0.6503664,0.6326937,0.6620215,0.6340904,0.6697743,0.6561454,0.62845147,0.64217263,0.6405262,0.6727031,0.63630784,0.6642885,0.6815939,0.6588615,0.64338785,0.6410013,0.6614256,0.5977723,0.6393104,0.6835002,0.618803,0.63408977,0.6594119,0.64968044,0.65650505,0.635992,0.5883125,0.67137516,0.62537074,0.63937956,0.64705396,0.6288953,0.6524721,0.66539115,0.63425744,0.6417719,0.6066719,0.6131295,0.664573,0.6647181,0.6490172,0.6423235,0.6276019,0.6479468,0.6589813,0.5938618,0.6666957,0.6382653
0.5646557,0.5653108,0.57656175,0.57758415,0.5873104,0.59807146,0.5871569,0.5878459,0.5679239,0.6111869,0.5937331,0.57930464,0.5707352,0.5918042,0.53903586,0.6236317,0.59115785,0.56540716,0.5546971,0.58978236,0.6018959,0.641358,0.577588,0.5850055,0.5920342,0.5910051,0.61033916,0.6172892,0.58632326,0.6218271,0.6151449,0.6134684,0.58600336,0.6188847,0.6002354,0.6340354,0.59345293,0.57595754,0.58932227,0.5748245,0.5767097,0.61605954,0.62242305,0.58829623,0.5945843,0.6082808,0.5752095,0.5985784,0.5687976,0.57462794,0.597849,0.61192465,0.59417814,0.5794536,0.57707924,0.567828,0.5811811,0.56917137,0.6398285,0.62932396,0.62491256,0.58070993,0.6024259,0.593324,0.5754079,0.59431255,0.5663004,0.5718007,0.5758142,0.58908725,0.6260756,0.60425586,0.60189515,0.5943228,0.5795884,0.585495,0.5518841,0.5858966,0.6172923,0.5838493,0.55459195,0.6012698,0.6161406,0.58879256,0.5691296,0.5690128,0.5907047,0.5676618,0.5978248,0.5803282,0.60258186,0.6224994,0.57362705,0.5808581,0.6219849,0.60041875,0.56662595,0.6028645,0.58552516,0.61146855,0.5997552,0.57515836,0.5972321,0.5481976,0.6018165,0.6217105,0.60973984,0.58152944,0.6078596,0.6121428,0.5732067,0.5889605,0.6083433,0.5827988,0.5813879,0.5904398,0.60951114,0.56970096,0.6038094,0.55401516,0.609642,0.61530876,0.593928,0.5661056,0.5614715,0.5724583,0.59176016,0.56544423,0.587084,0.58089423,0.6140646,0.62328213,0.5890546,0.5594599,0.590741,0.5847857,0.5775604,0.5990988,0.5721099,0.5957375,0.6070329,0.6150032,0.58000237,0.6018425,0.575443,0.59507465,0.55722547,0.60778636,0.5629358,0.58895093,0.5737728,0.57259476,0.58697766,0.634851,0.58472294,0.59112513,0.6228062,0.61012214,0.59074706,0.5868042,0.6033438,0.5673173,0.6078512,0.6130103,0.6071725,0.61837256,0.599903,0.5781571,0.579339,0.59105736,0.60152674,0.59657705,0.56839806,0.5977365,0.60057235,0.6041623,0.58605915,0.5636207,0.62148595,0.59860903,0.59769887,0.6089083,0.5835433,0.5841227,0.60204154,0.5721854,0.60162884,0.58637047,0.6075277,0.571155,0.59598124,0.5532811,0.61288685,0.57406795,0.6010193,0.5678046,0.6113225,0.62936664,0.613519,0.6159256,0.60831946,0.5760249,0.5971705,0.59776735,0.58579695,0.62206125,0.57680446,0.59873027,0.599697,0.6265527,0.5645761,0.6115688,0.5809285,0.5730869,0.5954747,0.59612674,0.5781304,0.59718865,0.60814196,0.5976282,0.6076169,0.56890833,0.5678239,0.5930367,0.56291074,0.58198035,0.58666056,0.60102516,0.5806098,0.5730921,0.5949958,0.6063831,0.5897705,0.62632143,0.583138,0.5835185,0.5799247,0.5620201,0.57548267,0.5767407,0.5926135,0.5941755,0.58354175,0.6101281,0.5961871,0.5706869,0.57137555,0.5999139,0.6469358,0.5885359,0.5884197,0.6071106,0.6100416,0.5967834,0.61956996,0.58162093,0.5976063,0.5943185,0.60223675,0.59147215,0.5997959,0.5851559,0.6091007,0.57732964,0.59168184,0.56811535,0.5809897,0.5968963,0.5639876,0.5914393,0.5841337,0.5739813,0.58680826,0.59313047,0.6007784,0.5596516,0.5880813,0.5900463,0.6004639,0.60097766,0.5980964,0.5984433,0.5904321,0.58242947,0.53947544,0.6022415,0.59756994,0.5966816,0.5881507,0.5705034,0.55756116,0.6183648,0.589697,0.60612804,0.592191,0.5917363,0.5629041,0.5869286,0.5908438,0.5998201,0.5849844,0.61451614,0.57983595,0.61185783,0.58274806,0.6072184,0.5678878,0.5748775,0.56760746,0.58332294,0.6223015,0.5885367,0.6082287,0.576362,0.5937556,0.5779169,0.6263848,0.58720064,0.600837,0.6036674,0.58646256,0.58226144,0.5846258,0.5467908,0.6279607,0.58310324,0.5605525,0.6091631,0.55950105,0.5694333,0.5809885,0.6017046,0.604773,0.59715956,0.57676667,0.59896255,0.59675235,0.57948816,0.5698232,0.5782583,0.62871027,0.5885956,0.5996108,0.5951171,0.58378667,0.6161057,0.6028595,0.600169,0.5998631,0.59353244,0.56400573,0.6152312,0.6328712,0.59321576,0.58596885,0.601292,0.59443974,0.5954402,0.61516845,0.58946854,0.6277229,0.5924815,0.6232606,0.5877077,0.6127405,0.611388,0.6017939,0.58494914,0.61595696,0.58395934,0.5987785,0.5885469,0.585906,0.58483756,0.5695845,0.6022592,0.5772899,0.58669734,0.5761682,0.60944915,0.5928107,0.61104894,0.5915375,0.5780057,0.60344994,0.61546963,0.610727,0.5837012,0.6084885,0.6030112,0.59687287,0.5953297,0.5675768,0.59890366,0.6249406,0.57829696,0.57931256,0.56961006,0.5823775,0.5596304,0.6025355,0.64102167,0.58428925,0.6120258,0.5789183,0.5938633,0.59137017,0.5812844,0.615221,0.5928942,0.5738283,0.5744799,0.61497283,0.5961541,0.6171828,0.5750108,0.56661296,0.61611664,0.55931795,0.57654506,0.607388,0.63659424,0.5794182,0.5680786,0.5682478,0.58403635,0.6170744,0.5995109,0.5789307,0.6108729,0.6230714,0.58050233,0.6029558,0.59592336,0.6020076,0.57701415,0.56754947,0.6069087,0.5923599,0.607065,0.5753317,0.60618806,0.57623553,0.59874547,0.559366,0.5952109,0.6060332,0.59932935,0.5846436,0.6026578,0.5782001,0.5825383,0.57153106,0.58283913,0.61096454,0.5960423,0.5854761,0.59584725,0.58925617,0.569342,0.5745094,0.5719302,0.62072754,0.5581772,0.62479687,0.63394874,0.6303161,0.61518365,0.6537127,0.6076263,0.56276286,0.57048875,0.61559993,0.60976654,0.5626458,0.62923217,0.6190066,0.5706612,0.6180017,0.5721172,0.6203483,0.57147527,0.5775149,0.6214447,0.58665574,0.561615,0.6146216,0.5845928,0.5866128,0.6158228,0.63201416,0.6021114,0.6160428,0.5751636,0.57688046,0.6266943,0.5929688,0.5914757,0.5698154,0.6001217,0.61798453,0.61324173,0.6230391,0.6249626,0.5745693,0.5895644,0.5777568,0.5869317,0.58952415,0.60636646,0.5682918,0.57976437,0.61217713,0.6013965,0.58683,0.6391114,0.5767564,0.5439099,0.60003334,0.5598852,0.6194278,0.58782786,0.5594192,0.55793035,0.57461625,0.6151298,0.6052412,0.59795356,0.5764707,0.6353989,0.58007455,0.571349,0.55195045,0.6241632,0.5882849,0.60876286,0.59149826,0.589801,0.60101426,0.5961642,0.61552066,0.592367,0.58641285,0.57623744,0.5584592,0.6205212,0.63188636,0.6023905,0.56889313,0.5933435,0.6016534,0.58876425,0.58539784,0.6070131,0.60049945,0.5972969,0.6122319,0.5895727,0.5662787,0.5983717,0.6161056,0.6047564,0.58583784,0.59021735,0.58688706,0.58549994,0.5840187,0.583992,0.5680038,0.61156297,0.59375125,0.55718875,0.5952162,0.57860315,0.5756218,0.6047827,0.64159966,0.5653862,0.5996469,0.5829055,0.55387133,0.5928319,0.5713708,0.6102396,0.5786973,0.5598424,0.59269774,0.55632544,0.56219506,0.5820352,0.57526636,0.60647243,0.5871077,0.5768394,0.62404054,0.6226075,0.5916193,0.6111414,0.5903114,0.621323,0.5750567,0.56129515,0.5657222,0.5788457,0.62545335,0.57558596,0.6051065,0.59206486,0.57263875,0.6189431,0.56997377,0.5960903,0.60974026,0.6072347,0.6041802,0.63228244,0.59613466,0.5628087,0.61938465,0.640599,0.5888796,0.5402806,0.6067561,0.6113439,0.5697026,0.566361,0.5924134,0.5837848,0.5843213,0.58500266,0.5716313,0.5729546,0.56871414,0.59745,0.6169941,0.57709926,0.583826,0.55017334,0.597945,0.57364446,0.6167564,0.5947636,0.5939957,0.5841309,0.5642428,0.62034184,0.6435536,0.5556529,0.5941417,0.5956249,0.6043031,0.5644087,0.5602188,0.5966791,0.5866883,0.59334034,0.5778301,0.60471386,0.6173846,0.5788976,0.6164938,0.5840875,0.58451444,0.6103914,0.5660147,0.6014066,0.628771,0.5935042,0.57800114,0.62006795,0.5602844,0.607135,0.60340834,0.5679719,0.62656534,0.5820651,0.58657134,0.61704445,0.6017171,0.60244143,0.5313509,0.58770216,0.59540313,0.60228205,0.60225284,0.6093162,0.5891619,0.5675161,0.59849846,0.5768167,0.5937488,0.6056047,0.6230355,0.59188646,0.62215465,0.5860255,0.57337725,0.60519385,0.6068745,0.58282495,0.59867513,0.5720085,0.57440686,0.5934258,0.5837884,0.5805178,0.588831,0.60287774,0.6126893,0.5903112,0.57974696,0.61409354,0.5946787,0.60490555,0.5906029,0.62957716,0.5957146,0.60552776,0.61125606,0.5919928,0.58211637,0.57273245,0.61642617,0.5771268,0.6057237,0.5773128,0.5441369,0.61264086,0.6216724,0.56705225,0.58864427,0.59876126,0.5901056,0.5815138,0.5760843,0.58601373,0.56637263,0.5829801,0.55999136,0.58054817,0.5994214,0.5891677,0.55098957,0.6152737,0.5847788,0.58093154,0.6313758,0.59380424,0.5600176,0.5731524,0.6084548,0.56799304,0.57336396,0.5553526,0.6114191,0.598105,0.56148034,0.6070993,0.58400583,0.58884203,0.5513972,0.57846266,0.5474261,0.57883036,0.6236436,0.6364306,0.59913826,0.6060821,0.58172923,0.62741405,0.5800925,0.58497703,0.57673883,0.5844543,0.6046754,0.5944179,0.58128446,0.59840685,0.5631661,0.5858663,0.6154038,0.6040706,0.58195764,0.5943722,0.59269786,0.62857795,0.6055249,0.5920863,0.58210206,0.6101571,0.56679326,0.6191904,0.6192417,0.59665877,0.5586736,0.5869784,0.58805054,0.6066908,0.6255324,0.5883289,0.61474264,0.55852413,0.61376834,0.6105478,0.6176621,0.62692326,0.5965993,0.5947229,0.5730257,0.58523595,0.6258215,0.57856417,0.5726789,0.5675684,0.5965606,0.5922669,0.5823996,0.629716,0.59570885,0.601379,0.6201261,0.568063,0.60268897,0.58912295,0.6280174,0.6013914,0.5831743,0.60956335,0.58602065,0.58771133,0.59258074,0.616013,0.61486655,0.5907514,0.5894669,0.6182263,0.5793617,0.5804625,0.5862052,0.59660655,0.56643784,0.5781774,0.60845417,0.56926906,0.6113787,0.5919701,0.5575383,0.59696084,0.5991283,0.6073672,0.5901917,0.5737393,0.5841807,0.6011905,0.61523026,0.5939861,0.58792114,0.6016778,0.5989702,0.6318055,0.5755768,0.5834993,0.57403666,0.6203528,0.5762815,0.5984134,0.5771214,0.58751833,0.577146,0.58798426,0.592008,0.6328652,0.59466344,0.5845073,0.54899913,0.59972,0.5899204,0.5978678,0.5811509,0.6182715,0.5862468,0.61813986,0.57676274,0.62440467,0.59828365,0.5666962,0.57471824,0.63387954,0.62391746,0.59564495,0.5950916,0.6229958,0.61755234,0.58456504,0.57025766,0.6203194,0.6054832,0.674997,0.5539746,0.59338474,0.6020797,0.5854914,0.6256266,0.5839447,0.5756052,0.60806763,0.58974874,0.63793415,0.5889462,0.5584686,0.5737746,0.5758927,0.61203647,0.6085354,0.5536037,0.57895446,0.5988991,0.6136606,0.60026526,0.6301016,0.6074991,0.5907794,0.56904805,0.62181884,0.61230713,0.57438534,0.57407624,0.5757244,0.5904529,0.5993127,0.5835574,0.58755785,0.5842359,0.6044422,0.6115479,0.6227119,0.58003974,0.62192357,0.606922,0.638271,0.5988356,0.5910047,0.55999756,0.58283854,0.60596085,0.5317101,0.6033474,0.577742,0.60201716,0.62534004,0.5919492,0.57765377,0.59374565,0.61569136,0.56710625,0.63872993,0.6027067,0.6102312,0.58350605,0.64118344,0.6003139,0.606394,0.59964955,0.57611674,0.6025067,0.63154,0.5796502,0.61482567,0.6139861,0.6140866,0.55881333,0.6252568,0.59286815,0.57617664,0.63532245,0.60890526,0.5795457,0.5881053,0.6011278,0.5925537,0.60658115,0.59440815,0.5424402,0.60203093,0.60098606,0.5511269,0.5816447,0.59339553,0.5623375,0.588901,0.624168,0.59785223,0.59676105,0.58490694,0.60633653,0.6121211,0.624022,0.5737242,0.59683496,0.6148023
0.111944966,0.11032854,0.11117016,0.047162563,0.12339191,0.11149854,0.08451199,0.11210973,0.12114176,0.118076585,0.08196425,0.08496642,0.107384965,0.07612477,0.13157645,0.14201778,0.11063179,0.09666226,0.14289667,0.12907949,0.110621035,0.0955614,0.08221397,0.094697304,0.08061505,0.09112188,0.12644586,0.09641058,0.11058772,0.13542041,0.09743115,0.1675967,0.085730575,0.14416751,0.10138178,0.07093147,0.1386712,0.13823014,0.16133559,0.12684667,0.14817414,0.12802953,0.10924352,0.08712253,0.11007776,0.07293557,0.11170607,0.107797965,0.09581309,0.11296573,0.108876765,0.15418763,0.06833813,0.118611254,0.08002071,0.09628941,0.09126162,0.07330686,0.13523716,0.14667508,0.10273545,0.12250443,0.13387945,0.14890558,0.11237408,0.1212621,0.12196888,0.09550362,0.10437151,0.09067653,0.11894588,0.09430434,0.15611131,0.06459931,0.119255535,0.12505943,0.12928002,0.085925795,0.09748462,0.06305969,0.099050716,0.12258083,0.1192781,0.15639195,0.0941559,0.11222253,0.12375282,0.13835165,0.14173317,0.13082409,0.14387162,0.14445396,0.0792119,0.09642765,0.11984341,0.10660608,0.115365,0.101433694,0.11965605,0.10712843,0.1317144,0.09065194,0.10684096,0.12375711,0.13981608,0.1426857,0.16625154,0.12465404,0.05765514,0.10342576,0.08634467,0.13100299,0.12391362,0.16089508,0.09696818,0.10971311,0.12759444,0.094765,0.07596775,0.14710869,0.115925625,0.12258975,0.12353428,0.08897689,0.11700168,0.15450782,0.13038841,0.12768875,0.11663146,0.13394356,0.14645118,0.098910876,0.167806,0.10961575,0.13311753,0.096161805,0.110257536,0.10749009,0.13991413,0.14754203,0.12533396,0.15152183,0.13426347,0.11957037,0.13395998,0.076267526,0.118914224,0.09453685,0.09858831,0.10767975,0.1594868,0.12753916,0.07813698,0.11836243,0.111293495,0.14890985,0.1517532,0.052814826,0.10837136,0.14111067,0.11696981,0.16615689,0.10805559,0.07608255,0.11812016,0.09579577,0.1580739,0.13654771,0.08482666,0.13028091,0.12170703,0.116062686,0.12663351,0.10659427,0.14850706,0.1358857,0.08917597,0.16781986,0.12286367,0.10512447,0.106656335,0.12078198,0.09031169,0.14252783,0.09237824,0.11238967,0.11088453,0.08559059,0.13651115,0.09685695,0.15941,0.16336875,0.09953912,0.12290363,0.07640954,0.10040387,0.10290286,0.12880439,0.15243822,0.15473922,0.07058218,0.119127765,0.13334258,0.08637958,0.085940406,0.09319018,0.0990034,0.15264562,0.12886184,0.11366624,0.11054758,0.11439045,0.099684745,0.10808204,0.10292606,0.118573405,0.115308,0.14581025,0.06917798,0.14979702,0.14484078,0.11892568,0.11527061,0.11175379,0.10172048,0.13766204,0.118115544,0.111075334,0.13847886,0.14211828,0.054392494,0.11098575,0.13188629,0.11613896,0.1270136,0.14225051,0.12591046,0.09120926,0.110048994,0.1493499,0.15434755,0.0755436,0.1341862,0.14553964,0.102798544,0.15234141,0.10168838,0.078975454,0.094772816,0.11343933,0.08803737,0.08745344,0.16292147,0.098868266,0.12740156,0.13918246,0.11363976,0.112889975,0.13061841,0.13508776,0.100149095,0.14367807,0.1260404,0.10162266,0.11659624,0.11070205,0.12548944,0.089625955,0.15817773,0.111381516,0.08876827,0.14530656,0.120793246,0.14545316,0.12901205,0.08592677,0.11190219,0.08951437,0.14844371,0.113575384,0.08313964,0.1416811,0.14603436,0.105352804,0.10676444,0.13547365,0.09856405,0.10268478,0.104174204,0.10111876,0.14465253,0.106736116,0.11455004,0.1486964,0.111076996,0.09925691,0.12148286,0.12529393,0.12686557,0.09577608,0.12490313,0.11594476,0.08392102,0.07560426,0.09875899,0.12778345,0.12192956,0.18084012,0.11555086,0.10756919,0.12491174,0.13211824,0.09006116,0.12899716,0.15812133,0.1121606,0.12112455,0.065824956,0.110973276,0.12963954,0.11871529,0.09139461,0.0956711,0.124515586,0.06502242,0.14588133,0.14698744,0.11224262,0.10236277,0.11457892,0.10457222,0.13411233,0.10622268,0.07536227,0.10460625,0.070069164,0.12681755,0.12249183,0.08001716,0.12735544,0.118709736,0.060636096,0.08694245,0.14813235,0.14525974,0.0851412,0.100567386,0.14747615,0.11291338,0.14220536,0.103679635,0.13720387,0.12596923,0.12643383,0.15791455,0.13038558,0.12529516,0.15980294,0.108110055,0.08334136,0.073969826,0.14328077,0.06539688,0.062330253,0.118323594,0.10546576,0.13545279,0.12067319,0.08111104,0.09862591,0.103229955,0.094160065,0.08332318,0.078913696,0.11659395,0.12648961,0.08861686,0.099393636,0.12962967,0.092272736,0.09554612,0.1355945,0.08892019,0.124536216,0.10044986,0.1261799,0.08883481,0.06556472,0.11726556,0.08552776,0.089144334,0.08579839,0.11231903,0.099057905,0.1111115,0.13374326,0.08070451,0.10895212,0.12555912,0.14704657,0.14457887,0.14036703,0.08586214,0.12882309,0.13508639,0.10065703,0.10154538,0.17162928,0.082770064,0.10928485,0.119329706,0.056328617,0.09885656,0.093745224,0.13667941,0.124602236,0.06340125,0.13250262,0.11841243,0.14546439,0.08797711,0.10909308,0.1292803,0.11784511,0.10042392,0.118293956,0.12651436,0.15820819,0.09701848,0.13141775,0.12766105,0.08917296,0.10279341,0.14876616,0.071152434,0.12939855,0.14173245,0.07194907,0.082341686,0.10701727,0.124974795,0.12713209,0.109055154,0.077510275,0.14231727,0.076770425,0.12571487,0.129429,0.078025736,0.11395422,0.108753614,0.12294266,0.101747446,0.13553312,0.09455592,0.15232171,0.13845733,0.14111854,0.1030697,0.06575186,0.101490624,0.093533,0.098189466,0.1300364,0.16831854,0.12504178,0.15017,0.17718211,0.07175883,0.13300559,0.14356694,0.0947668,0.12195651,0.13684979,0.09566889,0.1211263,0.056130372,0.15370966,0.12105181,0.06750125,0.09608698,0.1662651,0.112930566,0.13363132,0.12632331,0.09236951,0.14082676,0.09196854,0.12118023,0.15580481,0.10993271,0.127448,0.15171845,0.118071266,0.07643468,0.07608246,0.08879244,0.1256819,0.0923255,0.1536855,0.09753196,0.09300202,0.11382772,0.07142635,0.14690983,0.10085199,0.09398423,0.115208134,0.11635415,0.14510776,0.080121204,0.13778052,0.13315721,0.0850056,0.12556995,0.08468234,0.12907624,0.1284514,0.127336,0.101691835,0.089622006,0.15351619,0.08535121,0.048490487,0.12938741,0.084688075,0.10882267,0.15231183,0.121824436,0.1135825,0.103850044,0.15005761,0.13931091,0.11524978,0.13776195,0.10379222,0.1298821,0.13581087,0.12772991,0.104379594,0.10953674,0.11968514,0.115663305,0.11244076,0.112138756,0.08265618,0.12504044,0.16971433,0.1265198,0.15020932,0.14327815,0.14443618,0.078451626,0.116399,0.12180836,0.108921655,0.119940706,0.06742892,0.08997911,0.136121,0.122204274,0.1263498,0.12710616,0.114525706,0.1479401,0.13233882,0.08162791,0.1346736,0.098802745,0.12608233,0.08057129,0.0970913,0.069380924,0.1399388,0.12895091,0.09860667,0.11160886,0.11706403,0.08372511,0.14182664,0.077423036,0.12398008,0.13600148,0.11104824,0.12314808,0.16832867,0.14777608,0.09679736,0.14600329,0.106544755,0.10335587,0.12967318,0.113244385,0.13231963,0.10760084,0.07159074,0.12083742,0.15739107,0.10606082,0.13834558,0.11033319,0.119823396,0.17007291,0.08299278,0.10831451,0.12766048,0.11478651,0.11233323,0.12855989,0.15440753,0.14062291,0.14768314,0.1569688,0.1450125,0.09690132,0.12617828,0.13004327,0.105115026,0.121972196,0.06992553,0.12250723,0.13606611,0.09449271,0.107134685,0.11582952,0.10641064,0.11996964,0.09176101,0.09934576,0.112075284,0.14177564,0.16360302,0.09656885,0.06809415,0.104440674,0.12351369,0.13310978,0.11299262,0.12573582,0.06874621,0.14337513,0.09981831,0.08914419,0.1060392,0.15104963,0.12451207,0.14103091,0.11704428,0.1309428,0.115986094,0.12297894,0.10698655,0.09866586,0.09628486,0.07347231,0.07569722,0.11205952,0.10364588,0.10935121,0.0865258,0.0740619,0.09676982,0.09792266,0.16537192,0.118567325,0.09582798,0.10252539,0.13584568,0.15151839,0.11431671,0.110221654,0.11484424,0.13659312,0.124418184,0.08460526,0.10738537,0.10261133,0.092276365,0.12285809,0.11747214,0.10676409,0.11595758,0.12274117,0.13714814,0.10110202,0.08631682,0.1490883,0.1025124,0.08096068,0.14766388,0.112189114,0.10525586,0.124155976,0.078440174,0.11842758,0.07300062,0.10530179,0.074629046,0.09649401,0.09018934,0.12513585,0.08138376,0.14083445,0.11820085,0.1148582,0.13539381,0.11102545,0.095801316,0.11162739,0.11304116,0.08106657,0.116457604,0.07328789,0.10820403,0.12256904,0.111641295,0.06846381,0.08256225,0.08794891,0.14369789,0.10741414,0.1325799,0.08860789,0.16780463,0.08708091,0.13327384,0.10627192,0.13049191,0.091283746,0.12037184,0.09465592,0.105790354,0.1236219,0.14278711,0.103226446,0.14059111,0.14226267,0.13120683,0.13354287,0.091217324,0.11354879,0.10821292,0.045071095,0.08754692,0.104028486,0.07969421,0.098087706,0.13515858,0.13623857,0.094726294,0.12122691,0.13543949,0.11591587,0.1598168,0.11251292,0.111826956,0.10231852,0.12029156,0.15560645,0.103173494,0.071465716,0.1109264,0.13477595,0.059648663,0.08339562,0.12631097,0.09961791,0.13061115,0.09649468,0.12180517,0.10076826,0.14930278,0.07253927,0.13369916,0.09132985,0.13834642,0.07706579,0.12293894,0.13963184,0.14618272,0.12552622,0.10649792,0.082224056,0.07203979,0.041625164,0.14233139,0.07172496,0.09022832,0.110268615,0.16363062,0.09562449,0.10190219,0.13017896,0.1123249,0.09739875,0.09027777,0.07942653,0.116951965,0.078063555,0.118321806,0.122564636,0.114975005,0.114044465,0.11762795,0.09682029,0.14073807,0.08808268,0.09705586,0.117286615,0.13143496,0.097527936,0.11332001,0.1487037,0.09935126,0.118317984,0.13124529,0.11029376,0.08696075,0.076785766,0.087892406,0.11914006,0.16516551,0.12033666,0.12177899,0.10781712,0.12034173,0.09697079,0.12243549,0.110165946,0.11971783,0.10715835,0.08815253,0.105734795,0.10638741,0.12942618,0.10629094,0.080100976,0.16939223,0.12267514,0.082560994,0.09489749,0.15259531,0.13244589,0.10641066,0.13569957,0.06758983,0.13599086,0.1606952,0.084338,0.12728885,0.0912814,0.11175364,0.14707348,0.12478514,0.14603443,0.12538043,0.11411209,0.117745295,0.17582728,0.06206104,0.12708479,0.1157039,0.12448473,0.08006343,0.078111865,0.11858491,0.09514618,0.114090934,0.14012577,0.09647885,0.14170331,0.082536645,0.12468252,0.07841751,0.13190912,0.1188774,0.10176805,0.10266176,0.10161344,0.1420812,0.09254205,0.101201914,0.13397214,0.12481324,0.10129161,0.11988919,0.12536559,0.10721642,0.0696966,0.098853506,0.1392273,0.08629817,0.08837156,0.11745516,0.14421883,0.15962659,0.10506308,0.13857517,0.12603664,0.10150283,0.107765615,0.11653142,0.09909934,0.09154512,0.122576036,0.098998114,0.16142625,0.13023983,0.11883,0.17480075,0.11853653,0.12608325,0.086752385,0.14575309,0.1316362,0.1240536,0.090832636,0.105261154,0.13174275,0.07055416,0.1110245,0.105831906,0.104961075,0.118525825,0.1602706,0.11651576,0.101209216,0.12828627,0.1142638,0.116535395,0.08649988,0.112134844,0.10286015,0.12227618,0.09386442,0.1393373,0.10127112,0.09645662,0.13581449,0.13975629,0.11377161,0.14589337,0.13015684,0.1455436,0.11248062,0.11474676,0.07904579,0.11098113,0.114081986,0.116529115,0.09410286,0.08007931,0.12394404,0.09904469,0.13536604,0.078512415,0.06481744,0.117722586,0.11550744,0.06402294,0.11200033,0.10467019,0.10961583,0.092675954,0.12879078,0.10021776,0.15177026,0.125492,0.09573386,0.08387597,0.09786683,0.13641477,0.08913772,0.15598008,0.11798083,0.13439164,0.13018674,0.115092896,0.08401402,0.12366859,0.10740883,0.09442689,0.16758099,0.112607256,0.098199435,0.1524969,0.08511638,0.12188607,0.09403888,0.09876712,0.16383931,0.105036125,0.08147945,0.14382976,0.10240204,0.056656428,0.098228805,0.08991295,0.11275759,0.09468444
