0.7765813,0.7820936,0.79143316,0.79376817,0.7855861,0.7816657,0.7919318,0.79263127,0.7950084,0.81525636,0.7828302,0.80920994,0.79272234,0.8073078,0.80436623,0.7792257,0.795735,0.78648794,0.8039824,0.7959094,0.78088856,0.7720393,0.8063177,0.79885375,0.81605613,0.7913065,0.76148665,0.78510046,0.79135114,0.79651177,0.77476054,0.8179409,0.7836145,0.79200876,0.81047744,0.82955676,0.79109496,0.7769415,0.7841973,0.80321455,0.78817415,0.77945024,0.7782144,0.779216,0.799227,0.7893316,0.7854993,0.7955485,0.80832136,0.81358325,0.7777638,0.79182315,0.8113956,0.76747584,0.806989,0.7827128,0.7688335,0.79102296,0.787234,0.79574984,0.80684817,0.7932513,0.823928,0.805956,0.7894988,0.81192714,0.78456396,0.8197012,0.78898716,0.7838776,0.78897536,0.81823987,0.8160395,0.8115461,0.7591469,0.80911005,0.77260417,0.7832639,0.80107355,0.7847259,0.785513,0.80280304,0.7915791,0.7910481,0.77159727,0.7708414,0.7757133,0.7993022,0.8067795,0.7781367,0.80584955,0.8011987,0.7937987,0.8127453,0.78697985,0.7973192,0.80190474,0.8005013,0.807934,0.7676268,0.7723998,0.79344803,0.83468366,0.7919489,0.79310256,0.804899,0.7824501,0.8127335,0.79654914,0.79249156,0.7914935,0.7773614,0.8012262,0.7718121,0.81026685,0.7889134,0.80592316,0.78310645,0.764392,0.79576325,0.8066136,0.7916865,0.7918231,0.79641414,0.7771473,0.7900523,0.7827677,0.799113,0.79046154,0.80599004,0.780427,0.7891949,0.7800879,0.7927051,0.7816516,0.7848244,0.8169992,0.79940724,0.7994738,0.77777123,0.7950864,0.79441357,0.8073455,0.786896,0.8059891,0.8108747,0.80231845,0.8059617,0.80540043,0.8031805,0.7890275,0.77766865,0.79262114,0.80362695,0.79748374,0.7815475,0.7903068,0.7973923,0.7719202,0.8035248,0.8100871,0.7873711,0.75909555,0.7636946,0.7807314,0.7994892,0.78709406,0.78786623,0.7877842,0.79379696,0.7962544,0.8020319,0.79467386,0.7958085,0.7798601,0.8150052,0.79373926,0.7947681,0.7854168,0.801778,0.81238186,0.7900297,0.78223723,0.8119017,0.78719336,0.8159448,0.79130137,0.80071664,0.78543246,0.81341547,0.8115104,0.78696704,0.7733521,0.80037516,0.7815441,0.79966235,0.7753826,0.7925839,0.7800517,0.7877448,0.79973686,0.79540485,0.7769109,0.7886537,0.7751491,0.7827972,0.78850025,0.77160925,0.7558549,0.77418995,0.8121303,0.7817097,0.7571174,0.7803626,0.82786095,0.81338525,0.780633,0.7948063,0.8028862,0.80335253,0.77212894,0.7996837,0.784888,0.8099968,0.78861284,0.7780931,0.8072148,0.818077,0.800058,0.7679638,0.78585196,0.79555506,0.78997046,0.8079459,0.74841267,0.8136327,0.7796981,0.80602634,0.81184864,0.7890927,0.780241,0.79555684,0.7731197,0.7593994,0.80170196,0.78581864,0.8085502,0.7936257,0.7858039,0.7902491,0.828589,0.803015,0.82860357,0.8001716,0.79022634,0.7878581,0.80985665,0.78520745,0.8004137,0.79702854,0.79704034,0.77456254,0.8010922,0.7639555,0.80798507,0.773115,0.77596104,0.7958944,0.779682,0.79182416,0.7888117,0.7921426,0.78975606,0.8093253,0.80782235,0.8007081,0.79968596,0.8169199,0.7921385,0.77810496,0.8014693,0.7923594,0.76420623,0.77781194,0.7894737,0.76778245,0.7869272,0.7956407,0.8049181,0.79140204,0.8058665,0.79053277,0.79446197,0.77908885,0.78700197,0.797182,0.783828,0.79054,0.793053,0.8109835,0.7673796,0.8002755,0.7808372,0.7766511,0.8007332,0.80475223,0.7833364,0.7794693,0.7929132,0.8132659,0.801019,0.7897254,0.8003665,0.7679353,0.8070891,0.7961391,0.7946585,0.80873454,0.78851104,0.7981278,0.7804401,0.80776006,0.7945314,0.7826396,0.79380655,0.8201652,0.8014998,0.7819686,0.78467524,0.81903416,0.7891623,0.7862483,0.788318,0.8186914,0.76806355,0.7981093,0.7814588,0.7860887,0.7963222,0.8128109,0.7861193,0.79867756,0.80187196,0.80373865,0.81141156,0.7771371,0.77608883,0.7891293,0.80314577,0.8064628,0.7883164,0.7835169,0.7733873,0.7990752,0.7607112,0.7731705,0.760739,0.80452657,0.80062205,0.7869562,0.8105356,0.79040605,0.774474,0.77535516,0.7726042,0.8007954,0.77222115,0.7932406,0.81173426,0.7792415,0.7856713,0.7987111,0.7868675,0.8079592,0.80091465,0.773486,0.7748598,0.7802646,0.7830019,0.7881646,0.780028,0.79799134,0.77196044,0.81490433,0.79859513,0.80162364,0.7997502,0.75648034,0.7944008,0.7912413,0.8059784,0.77252716,0.8022269,0.7988587,0.78747094,0.7925883,0.7809759,0.7885132,0.7864002,0.8015996,0.78977126,0.78819895,0.79331726,0.8169218,0.7791709,0.8166962,0.7892441,0.8015501,0.8088896,0.7772398,0.80286014,0.7906014,0.79457664,0.796054,0.77211726,0.7957784,0.7671448,0.7892439,0.80653584,0.7830439,0.811715,0.7586925,0.7928473,0.7943405,0.77430373,0.7976995,0.77688676,0.8019003,0.79723346,0.79794395,0.818036,0.7859504,0.76875544,0.7924522,0.7878305,0.8110429,0.77226263,0.7689702,0.81186676,0.79831994,0.77965856,0.7709169,0.77801913,0.7801509,0.7730428,0.7811698,0.7791388,0.77447116,0.7911476,0.78191197,0.80928737,0.79548705,0.8034631,0.79323286,0.7620243,0.7744249,0.78620625,0.80227256,0.7952057,0.7881342,0.8083829,0.81310165,0.8124149,0.7968645,0.79945207,0.7963362,0.7909308,0.79175204,0.76463085,0.80635196,0.79396117,0.7577383,0.7998993,0.8024618,0.8085445,0.7924218,0.81451505,0.795431,0.792524,0.81342554,0.8020769,0.8051663,0.8097953,0.7970412,0.80836797,0.80518323,0.8043818,0.802625,0.77966017,0.7966493,0.79317635,0.7942654,0.77297074,0.79107505,0.8153709,0.77428687,0.79185414,0.80139667,0.7878007,0.8003309,0.8028898,0.79446805,0.7753153,0.79426706,0.79573804,0.79917717,0.8044093,0.7893159,0.8018773,0.81092155,0.80817705,0.78811175,0.7924927,0.78316295,0.78082454,0.79073465,0.78523827,0.7817313,0.7997269,0.79630154,0.7881618,0.79600877,0.78643674,0.81528676,0.8013557,0.77535,0.7626731,0.76711094,0.77490133,0.7671303,0.7924367,0.7808954,0.8096782,0.7933933,0.8057511,0.77659315,0.7845852,0.7801592,0.7825232,0.7751788,0.8135567,0.793377,0.7786867,0.8127761,0.81662333,0.79738367,0.7865768,0.80470866,0.79809815,0.77741385,0.76685023,0.7830632,0.7932859,0.78711486,0.7968295,0.8210476,0.76523024,0.7979277,0.80276656,0.7956841,0.8011047,0.7816501,0.7944576,0.7906534,0.7950704,0.7703482,0.7925257,0.77775735,0.78489846,0.7826944,0.7940943,0.7946787,0.79046357,0.80364054,0.77265924,0.7873103,0.7630379,0.7567359,0.78287566,0.7990182,0.7924439,0.81244886,0.7509243,0.8235749,0.80373305,0.78703904,0.79832125,0.7651356,0.7892867,0.7753072,0.80019444,0.7960649,0.7903242,0.79968154,0.7767588,0.8146734,0.79391754,0.78296685,0.7772707,0.7916013,0.79692733,0.8040515,0.7787749,0.79136616,0.7920887,0.79774076,0.79249,0.81343746,0.79713476,0.79619306,0.82488453,0.79472625,0.77814144,0.78858566,0.8146129,0.80384517,0.7767452,0.79069704,0.769446,0.80331945,0.78098977,0.7814111,0.76473457,0.7725875,0.76446223,0.766246,0.77513456,0.8023818,0.8138259,0.78721017,0.78918236,0.80064857,0.78500086,0.77606875,0.79373986,0.8030846,0.7921915,0.793255,0.80348265,0.7868807,0.8084793,0.77298063,0.7957741,0.7870546,0.7919585,0.7928066,0.80196375,0.776427,0.7575763,0.8013107,0.7931382,0.78815514,0.76462954,0.7995789,0.81277966,0.794018,0.8240954,0.7965726,0.80194795,0.78512686,0.7900928,0.8151377,0.80532795,0.7807684,0.77167207,0.78285265,0.77977294,0.8042321,0.8077495,0.77751935,0.8062446,0.7691951,0.8012599,0.7978128,0.7730504,0.80572116,0.7954164,0.8015066,0.7663146,0.7868167,0.7959317,0.8147151,0.78505135,0.7947051,0.76830125,0.78051585,0.7954262,0.77037543,0.8016934,0.7835776,0.77997017,0.81004435,0.80542445,0.79883873,0.7894195,0.79065883,0.80470085,0.7995972,0.79079515,0.79879546,0.77695745,0.7773089,0.8176016,0.8076286,0.79822075,0.7904249,0.7970305,0.7792847,0.8004151,0.7779629,0.78220534,0.79938704,0.7850394,0.8020876,0.8122004,0.7870031,0.7716557,0.760109,0.7947628,0.7800541,0.7962601,0.8047225,0.79526544,0.7771172,0.8061362,0.7696984,0.7820703,0.7949094,0.802277,0.7916077,0.794211,0.76746434,0.79853135,0.7872484,0.78335035,0.80205095,0.7881291,0.757693,0.8002967,0.786638,0.78269273,0.77255934,0.8101824,0.80006194,0.80705965,0.7953293,0.80454713,0.77817434,0.7926726,0.77729654,0.83147895,0.793753,0.7683937,0.8087809,0.7857972,0.7855108,0.8054732,0.7739957,0.7955827,0.7878522,0.7817867,0.798946,0.7817512,0.79727244,0.79656947,0.7750945,0.7805803,0.7713,0.7931589,0.7929424,0.8101221,0.78780407,0.77996045,0.80041283,0.8108105,0.7854729,0.79773456,0.7829433,0.78265995,0.79790777,0.7807063,0.7753765,0.78931445,0.7771477,0.7868991,0.7893679,0.78971064,0.8118587,0.75701904,0.7898539,0.786172,0.76418406,0.8051524,0.7982987,0.7975072,0.8055371,0.77482575,0.76297706,0.80555034,0.75627476,0.78807646,0.7913428,0.816776,0.77803564,0.7973334,0.7688721,0.79877055,0.80386186,0.79116786,0.79958904,0.7926534,0.80417144,0.80162525,0.806726,0.77408606,0.7717538,0.8073229,0.78205097,0.7913619,0.7861163,0.7849598,0.7876129,0.7826321,0.8024283,0.8282318,0.8053503,0.7766782,0.79025066,0.79774344,0.77811134,0.8204132,0.8074638,0.78875184,0.78338236,0.78217196,0.7899076,0.77177286,0.8087414,0.77731365,0.79641235,0.8263477,0.7979882,0.7989824,0.80943084,0.7987191,0.7812197,0.7785212,0.7579617,0.8188431,0.7668606,0.794435,0.79552835,0.7975862,0.78853875,0.80419093,0.787426,0.7955675,0.77284604,0.7856762,0.8000827,0.78975725,0.8033621,0.7866811,0.7923964,0.7671196,0.80340236,0.79066724,0.8025933,0.8171872,0.80080175,0.7896467,0.7884902,0.797309,0.7931344,0.78293115,0.79734606,0.7793026,0.761414,0.77659416,0.80618274,0.79259825,0.80436975,0.79412067,0.7574513,0.8228929,0.7856747,0.7977944,0.776443,0.7870194,0.7879412,0.80402684,0.8019754,0.8086903,0.79929364,0.79181075,0.78507525,0.80812085,0.81289715,0.8032735,0.78056353,0.7840113,0.80166173,0.78452003,0.80758244,0.7731128,0.7825483,0.7839435,0.8020341,0.8014598,0.81378126,0.7859887,0.8093565,0.7944474,0.7697862,0.8002702,0.8122328,0.77153236,0.7933781,0.7972452,0.78483844,0.78586334,0.78920704,0.8051729,0.79707587,0.7944361,0.7958609,0.77952236,0.76681244,0.80902916,0.79413784,0.7970022,0.79256326,0.778526,0.808893,0.79479903,0.80184627,0.7959451,0.80531263,0.76357466,0.7773794,0.8057708,0.7937949,0.7973151,0.7730762,0.79277635,0.7714787,0.7955122,0.7658438,0.8002414,0.7744927,0.7994898,0.79578006,0.8208549,0.79493856,0.77807,0.80374223,0.80498385,0.7753486,0.8130135,0.7928214,0.79807633,0.80130744,0.7945334,0.7917932,0.7981099,0.7934592,0.7965331,0.7897669,0.8064966,0.8030248,0.810001,0.7785892,0.7815751,0.8037871,0.7903735,0.8085254,0.7866178,0.8002932,0.7783684,0.79839504,0.80080575,0.7978849,0.7929873,0.816378,0.78902954,0.7899274,0.79400986,0.7977348,0.8026242,0.7985127,0.8009545,0.817805,0.78521514,0.7991485,0.78792703,0.7737553,0.7846576,0.80082846,0.8056489,0.7839322
0.87228465,0.8599714,0.8716288,0.8686477,0.8760442,0.87079686,0.88776875,0.8572401,0.8790073,0.89456815,0.86260366,0.8768283,0.86642843,0.8781283,0.8762071,0.87429464,0.8726281,0.8670002,0.8959241,0.87394226,0.8620281,0.8757493,0.8704418,0.88429135,0.88680077,0.87000734,0.87957585,0.88093686,0.8797276,0.8941792,0.85413605,0.88136643,0.8952851,0.8855184,0.87436163,0.8861509,0.8474094,0.8785893,0.88184845,0.86617947,0.8595062,0.89173484,0.85030824,0.86277574,0.864924,0.87068486,0.8739947,0.8783689,0.8796195,0.8979586,0.86325127,0.8868345,0.8587769,0.87795305,0.86668414,0.85769075,0.85086846,0.8840978,0.87297493,0.871866,0.88418895,0.88118845,0.8833945,0.88455063,0.885031,0.8811106,0.8724378,0.8937038,0.87947255,0.8670119,0.8646321,0.88830525,0.87590307,0.885351,0.8696904,0.85304606,0.8757733,0.84982145,0.89191854,0.87359124,0.87103456,0.8682663,0.8570963,0.8956079,0.86113286,0.89161193,0.8802621,0.87492204,0.85885006,0.86303335,0.8841138,0.8601981,0.8705401,0.8798805,0.8931166,0.87128824,0.88965696,0.8794997,0.87721515,0.83778536,0.87641174,0.867465,0.8870862,0.879987,0.8839847,0.8822553,0.8493091,0.8641397,0.88934267,0.8684259,0.8929177,0.86712617,0.8788388,0.8870386,0.8734787,0.85719913,0.8698774,0.87123996,0.8625735,0.867494,0.8810009,0.8627763,0.87651783,0.8962684,0.8685872,0.86989915,0.8684262,0.8936799,0.8819579,0.883979,0.86941063,0.85315305,0.8509063,0.8826012,0.878943,0.9036287,0.87157273,0.8934742,0.91183597,0.8809711,0.8506272,0.8718728,0.8933823,0.8863616,0.89021266,0.87815833,0.87451243,0.8577278,0.88992286,0.8672915,0.88577795,0.8630901,0.8793188,0.88399726,0.8757591,0.8945135,0.8826058,0.88570684,0.8636596,0.8740602,0.872566,0.86706805,0.8678962,0.8818567,0.8939822,0.8818566,0.8711242,0.8771901,0.87315416,0.87396145,0.8641858,0.8761786,0.89825296,0.8692865,0.87292427,0.90001196,0.8450538,0.8829145,0.8585722,0.8753949,0.8867271,0.8671266,0.8702154,0.8812209,0.8801733,0.89533377,0.89716935,0.87807626,0.87244654,0.89503604,0.8801467,0.8746768,0.8754558,0.88324624,0.8647723,0.8591005,0.87703365,0.89457345,0.87639576,0.8735667,0.87852895,0.85960615,0.8731966,0.88027024,0.8710196,0.86682594,0.8693267,0.88947,0.8639862,0.8629106,0.8761798,0.87524855,0.8721698,0.88418305,0.86561584,0.8710699,0.8734369,0.8889121,0.89134634,0.888623,0.8731016,0.9064087,0.87815374,0.8780567,0.8639695,0.8720926,0.893194,0.8908068,0.8848158,0.89019454,0.8903752,0.8769888,0.8851265,0.9119761,0.8578417,0.8853908,0.8769053,0.88206774,0.85838073,0.8594027,0.8759984,0.8761456,0.85436314,0.87781566,0.85003597,0.8739164,0.8662967,0.87633044,0.876486,0.8787851,0.8873136,0.8583994,0.88787323,0.88333154,0.85779023,0.88804287,0.8792038,0.8556339,0.87493795,0.8750171,0.8757526,0.88248944,0.8807406,0.85701275,0.86851573,0.8743559,0.8553081,0.89232165,0.85787725,0.87901443,0.8568883,0.8914357,0.87725794,0.9056482,0.8896842,0.88251317,0.8742549,0.88546574,0.86314833,0.85841584,0.89507896,0.86862475,0.8569374,0.8663148,0.87674713,0.86433005,0.87363404,0.86161184,0.8741526,0.8790785,0.87358534,0.8863036,0.87744117,0.8794256,0.89653486,0.86981535,0.8676756,0.884394,0.87198186,0.8798593,0.85087264,0.8718799,0.86673295,0.8611975,0.8454045,0.8769038,0.883482,0.85417897,0.8739833,0.8764221,0.87356424,0.88437426,0.87308913,0.8511794,0.88554144,0.8821468,0.8669556,0.8676092,0.87254345,0.8855076,0.8632607,0.8747083,0.873707,0.8716564,0.8816668,0.8738916,0.8641087,0.8748857,0.868916,0.8594781,0.88664514,0.89476913,0.88511145,0.89118147,0.83814365,0.889623,0.86436254,0.86197776,0.8646227,0.90051425,0.86256087,0.88171273,0.88432187,0.8914633,0.88100356,0.86758924,0.86626065,0.89880496,0.90668476,0.8897457,0.8618397,0.84583634,0.87210625,0.87900424,0.84558696,0.86118186,0.86047816,0.85385185,0.89779615,0.8725718,0.88478416,0.8609363,0.8661148,0.85615313,0.8717899,0.8736496,0.8746455,0.8952948,0.8932002,0.86016935,0.881235,0.8787656,0.8823894,0.87621814,0.8802322,0.8547201,0.8705236,0.88939977,0.8770535,0.86075175,0.87219393,0.8706867,0.8654828,0.87183017,0.8962735,0.87858194,0.88292456,0.87246925,0.8622959,0.87088335,0.8850352,0.86788243,0.8835252,0.8674236,0.8645164,0.88174844,0.86313546,0.87452435,0.88991314,0.8731463,0.868495,0.87051713,0.8737908,0.88550395,0.8750396,0.8973479,0.8640608,0.8750685,0.87569773,0.8813716,0.876648,0.8713135,0.89085793,0.8676384,0.8708388,0.87111783,0.8589775,0.8701672,0.88484734,0.8729461,0.88021517,0.8735043,0.8669973,0.88414055,0.8896234,0.8757405,0.8839529,0.8726248,0.86831117,0.8846754,0.8776333,0.8727265,0.8602103,0.86899865,0.88504946,0.88456964,0.86105573,0.87863886,0.8820271,0.90203,0.88222206,0.8539011,0.8485163,0.86538756,0.8826312,0.86610746,0.87555534,0.839955,0.89683133,0.8891335,0.87793934,0.88604236,0.8764943,0.8795612,0.86887485,0.8871993,0.88459575,0.87435496,0.8814902,0.87465656,0.89570534,0.8866761,0.88907564,0.867632,0.868468,0.8668638,0.8747314,0.8733862,0.8719377,0.8865371,0.86763775,0.8708562,0.8732608,0.8874079,0.8928511,0.87114924,0.86632043,0.8568044,0.8644191,0.8851173,0.8867978,0.8966893,0.87022346,0.8750678,0.88787377,0.8850112,0.89805865,0.8486578,0.8982631,0.8777639,0.86775106,0.8817427,0.8660273,0.89056367,0.89132243,0.87163794,0.8931623,0.87698317,0.87301856,0.8685514,0.867932,0.90071034,0.8558505,0.8573192,0.8751497,0.86110884,0.8712249,0.8726534,0.8915328,0.896863,0.8933076,0.8709497,0.8748029,0.8734538,0.84197986,0.8635239,0.8761931,0.85443884,0.8764723,0.89198345,0.85085297,0.8657565,0.8729513,0.9005685,0.86628276,0.8823345,0.8534753,0.84965265,0.88292575,0.86550033,0.9020864,0.89600855,0.90159506,0.8517218,0.88833,0.87578565,0.8684089,0.87706786,0.8678317,0.8568045,0.87056357,0.8766105,0.8752532,0.90399706,0.8858777,0.8751079,0.8678333,0.8580998,0.89553845,0.8650854,0.8647938,0.85396063,0.87276727,0.860585,0.89986867,0.86161035,0.8768609,0.89601964,0.88991976,0.89262325,0.8654815,0.8850397,0.9034444,0.87921417,0.8661922,0.8927012,0.8741885,0.8800268,0.878544,0.88481003,0.8881191,0.8920457,0.8900498,0.8806452,0.86961794,0.87309253,0.86291325,0.8498831,0.890094,0.8636847,0.87792027,0.8803489,0.8718775,0.8803202,0.874153,0.88900274,0.8783537,0.8710714,0.8895952,0.87010276,0.8763467,0.8723867,0.8699301,0.8891508,0.87374556,0.8863329,0.8767415,0.85995084,0.8699092,0.8827267,0.8885533,0.88252455,0.8688053,0.8931818,0.90803945,0.881554,0.86213696,0.8780902,0.89527947,0.8721108,0.8843633,0.8744242,0.85672325,0.86508316,0.86681736,0.89052254,0.85060465,0.8725395,0.84631526,0.87780327,0.88099,0.86559796,0.8679701,0.8648738,0.8850381,0.859601,0.8640882,0.8932857,0.88399345,0.8491443,0.8770509,0.8829996,0.9046489,0.8685125,0.8697748,0.8654539,0.8703928,0.8714484,0.875206,0.8801503,0.8752234,0.8657747,0.8838124,0.8449403,0.857711,0.9041142,0.8709431,0.8819739,0.84701616,0.8743029,0.8463112,0.8600324,0.8510833,0.8768363,0.85846794,0.8615323,0.8756775,0.86977655,0.8915673,0.87905025,0.8618949,0.89702266,0.878186,0.8813121,0.8791295,0.87174624,0.83761305,0.8824684,0.8845803,0.87888175,0.8703746,0.87070125,0.8630416,0.8910484,0.86075175,0.8929738,0.8735685,0.85542214,0.8759252,0.8821473,0.88867676,0.86041206,0.86587596,0.90186614,0.8715558,0.86423576,0.8679309,0.8772496,0.88684666,0.8713054,0.8971738,0.87869275,0.88089025,0.8782356,0.8670403,0.8739959,0.8774387,0.85498464,0.8548711,0.8778049,0.8703658,0.87224066,0.88396364,0.86856085,0.87504864,0.8668276,0.8915239,0.8854324,0.87013346,0.8499571,0.8577213,0.88119507,0.8726543,0.8873104,0.89236784,0.8766306,0.8428071,0.8789675,0.8817397,0.8434174,0.8797193,0.8881373,0.87643224,0.86329985,0.884867,0.8645377,0.8773584,0.87944216,0.8753101,0.8675672,0.88121164,0.8870104,0.8765268,0.8630165,0.8734151,0.8914199,0.8631918,0.88948447,0.8504981,0.877146,0.8677809,0.86496276,0.8875306,0.8715477,0.8926128,0.87238824,0.8915921,0.8714432,0.86823726,0.84422,0.8691303,0.88656753,0.8659338,0.88741267,0.88640374,0.87439394,0.873654,0.8713234,0.8859328,0.90090144,0.853742,0.8820326,0.868924,0.881793,0.89839834,0.88678724,0.87942624,0.8612112,0.8745647,0.8942099,0.8727546,0.8847572,0.8645761,0.87699157,0.88651323,0.86292875,0.850004,0.88727355,0.89338124,0.8731167,0.88786834,0.87063915,0.8769875,0.8604472,0.8625872,0.8874626,0.8947201,0.8831697,0.86421746,0.8691999,0.8550305,0.86788744,0.8788471,0.8649322,0.8958087,0.8940738,0.88184303,0.8567943,0.8699047,0.87538403,0.88048136,0.8553114,0.86347747,0.8707739,0.89481413,0.86424285,0.8884842,0.86539394,0.882146,0.87850386,0.8729328,0.8767017,0.89905137,0.8907579,0.87109953,0.84541047,0.8725724,0.8875919,0.8752543,0.884571,0.8539565,0.8711062,0.8508889,0.9036107,0.90076643,0.890213,0.8749105,0.86770046,0.90427685,0.86186624,0.8629175,0.8712563,0.8881693,0.88653445,0.8742986,0.88051265,0.8617346,0.8978421,0.88385975,0.87606835,0.87990314,0.85902727,0.90172577,0.88294584,0.866066,0.8643117,0.8799955,0.88487756,0.86322373,0.8536802,0.8931632,0.8767394,0.879724,0.85067254,0.89299697,0.87446743,0.86156285,0.84875923,0.8535602,0.887005,0.8927507,0.8794604,0.871855,0.85976547,0.85384715,0.89074683,0.8648825,0.8885578,0.9067842,0.87716687,0.8662788,0.8840453,0.8716044,0.8892087,0.8919597,0.85264724,0.8743189,0.867189,0.880488,0.8656287,0.88014,0.9006897,0.8621059,0.8764232,0.8787348,0.8748771,0.88695437,0.8873803,0.84085554,0.8691446,0.8449724,0.87798417,0.8731526,0.8781938,0.8566765,0.88314,0.89342064,0.8771366,0.8860247,0.8916177,0.86501724,0.86831486,0.8500093,0.8940838,0.88622576,0.88233215,0.86712253,0.8659676,0.8810449,0.9103913,0.87115395,0.8901623,0.8983095,0.8785199,0.8883383,0.9016706,0.87447625,0.88331676,0.8555711,0.8584933,0.8661953,0.8739795,0.8818252,0.8897877,0.8625748,0.85644007,0.88529515,0.8687466,0.8943527,0.87222075,0.8932465,0.8817545,0.8549008,0.8886874,0.8882129,0.88653,0.8711097,0.8810155,0.87350154,0.86385596,0.87493455,0.8961137,0.8688909,0.8825177,0.9027271,0.85236186,0.8695889,0.8651861,0.88622725,0.83787227,0.8539538,0.86935115,0.89653456,0.8628473,0.8525548,0.8990529,0.8778071,0.8839654,0.88011545,0.8803841,0.8935266,0.87147367,0.8703176,0.87819135,0.8907851,0.87753963,0.8835325,0.8732314,0.8815558,0.86019397,0.8784228,0.87288386,0.87387466,0.8819944,0.87760705,0.88487005,0.86905,0.86863077,0.8942815,0.87383115,0.86964273,0.8800167,0.87353593,0.8693935,0.8781953,0.86285365,0.8601418,0.87749356,0.878083,0.8808241,0.90171313,0.88005906,0.8675568,0.8895873,0.88175815,0.8590712,0.87052757,0.85269713,0.8786905,0.87865305
0.94817185,0.95159674,0.95022625,0.95564514,0.94322294,0.9493794,0.94566816,0.9263895,0.9826686,0.95033836,0.945283,0.97323036,0.92477316,0.9578609,0.9595444,0.9422611,0.94346035,0.95819116,0.9636654,0.9568778,0.9426208,0.9336479,0.94130033,0.92700315,0.969397,0.932264,0.9518466,0.9566406,0.948109,0.9563117,0.94176453,0.9625347,0.9485866,0.9345749,0.9667235,0.96603316,0.9349111,0.935436,0.9481991,0.94267744,0.9433218,0.95474356,0.93890756,0.94257843,0.940603,0.9518672,0.9356045,0.94091403,0.9499846,0.9861637,0.95798767,0.95479244,0.942077,0.9393593,0.96001333,0.94586605,0.92057407,0.9582018,0.95362127,0.95636815,0.9739658,0.95201266,0.9716446,0.9606494,0.9615878,0.9724912,0.94167644,0.9870689,0.94334507,0.950941,0.94496554,0.9566635,0.9661991,0.937452,0.9243909,0.94139516,0.94250274,0.93968433,0.96173376,0.94274986,0.9602227,0.9468943,0.9699553,0.96784925,0.9462194,0.9539444,0.9556727,0.93763703,0.95522475,0.94827384,0.9669342,0.9459318,0.96392924,0.96166736,0.9567757,0.97160745,0.94737005,0.9778968,0.97456425,0.9498229,0.95654255,0.96119946,0.9731977,0.96038306,0.9741955,0.97632456,0.9193594,0.9637493,0.96447194,0.9492767,0.9629525,0.9634558,0.95709413,0.95624447,0.96522,0.94513345,0.96366143,0.9541986,0.9370114,0.95426524,0.9523679,0.96387726,0.95777214,0.9583305,0.9558699,0.9368824,0.941853,0.957148,0.95262945,0.95632184,0.95786977,0.9492894,0.9314654,0.9470737,0.9566684,0.9671335,0.958615,0.96077687,0.96303946,0.9469994,0.9533528,0.95485055,0.97962165,0.95747054,0.9559652,0.9671212,0.95251054,0.96651053,0.94987035,0.95061886,0.9429087,0.932915,0.95652217,0.93684393,0.95665336,0.96434927,0.9576308,0.94869965,0.94193095,0.95074224,0.9542815,0.94748294,0.95390815,0.95864546,0.9429358,0.95118165,0.9634578,0.96915925,0.95020574,0.9562178,0.94094366,0.9752173,0.92730623,0.95643866,0.9471021,0.96268857,0.9376438,0.9664021,0.9362246,0.9664222,0.9802982,0.94751066,0.95707315,0.989233,0.96232605,0.98431635,0.9597317,0.98019016,0.94097555,0.95373416,0.9602819,0.95633996,0.91461724,0.94434005,0.9343968,0.96395075,0.96713775,0.9577941,0.9569743,0.9541816,0.9578857,0.95278764,0.9552514,0.9690594,0.95958436,0.9443402,0.96720725,0.95828235,0.94797295,0.94156134,0.9643389,0.9462148,0.9435816,0.9644494,0.9657927,0.98002195,0.93978995,0.9385816,0.97809124,0.95101035,0.9610969,0.96389395,0.9652031,0.96592265,0.935835,0.9389934,0.95771873,0.97308844,0.953758,0.9728844,0.95655805,0.93979484,0.948322,0.9614537,0.9385471,0.9539177,0.9371018,0.97824717,0.97247124,0.920267,0.9525569,0.9672264,0.95071036,0.94769526,0.95714474,0.9555783,0.94519144,0.96353525,0.9660623,0.9633603,0.9657785,0.971287,0.9614207,0.9626032,0.9538442,0.9449488,0.9724585,0.9320577,0.9454132,0.9620426,0.9456199,0.9407158,0.966354,0.9430737,0.94181854,0.9549806,0.9501318,0.9582169,0.9455435,0.9516657,0.931892,0.94714177,0.98942745,0.9666971,0.98169225,0.9758642,0.9684152,0.9899844,0.95464396,0.9664902,0.95903856,0.95464903,0.9459832,0.97451967,0.93616134,0.9270601,0.9675358,0.95071065,0.9600202,0.9526316,0.9471773,0.9493909,0.97150594,0.9476284,0.9394455,0.9664874,0.9532477,0.9814529,0.9415033,0.94546556,0.94425154,0.9695456,0.9669276,0.9451697,0.9373749,0.9518086,0.97848886,0.9415614,0.97218204,0.9661765,0.9482032,0.942802,0.9454849,0.92996615,0.96192026,0.97798795,0.9295673,0.9524361,0.9477456,0.9599645,0.9568412,0.95934176,0.95561653,0.9546739,0.96693814,0.9755812,0.938249,0.9340035,0.9327703,0.95949894,0.96143544,0.9600993,0.9527551,0.9504257,0.93896896,0.9572816,0.9466668,0.94742745,0.9146088,0.9744831,0.95970523,0.956121,0.9520053,0.95198494,0.9812815,0.9534553,0.9313818,0.9631112,0.96016675,0.97380275,0.9396533,0.95571303,0.9581445,0.96749777,0.94829357,0.9515596,0.9386847,0.96706516,0.94735354,0.95659673,0.96321946,0.95218825,0.93610173,0.9519051,0.9451843,0.9826384,0.94515085,0.9464953,0.9676214,0.93859625,0.9559495,0.94783694,0.95655745,0.9490845,0.9649557,0.9489282,0.9437636,0.9503884,0.9582104,0.94367254,0.9822148,0.9600812,0.9448128,0.96146095,0.9627672,0.9497175,0.973806,0.95010585,0.95318925,0.9473742,0.97517,0.95793194,0.96367663,0.94846016,0.947036,0.9590472,0.9447888,0.9521769,0.9454916,0.9628001,0.96187127,0.97839695,0.9422451,0.96874344,0.9486833,0.9658554,0.9383468,0.9508031,0.97654897,0.9629317,0.96258533,0.9406102,0.97005194,0.94538695,0.93058395,0.9637943,0.9508489,0.9488534,0.95000815,0.9518207,0.9875406,0.94556576,0.9456687,0.9558428,0.964145,0.93945706,0.9451438,0.96884334,0.94629437,0.96076673,0.9467515,0.9310194,0.9415945,0.9627919,0.94587713,0.9654931,0.9218298,0.93006784,0.9722206,0.9478259,0.9664015,0.92883044,0.95709425,0.9475082,0.9725016,0.9513976,0.9479834,0.9467628,0.9566502,0.9547594,0.95321435,0.9629907,0.96465987,0.9418174,0.9441492,0.944207,0.9380071,0.9374435,0.94917387,0.95184284,0.9626172,0.95718783,0.96953505,0.9462968,0.96348524,0.93065965,0.9337698,0.97401094,0.94627815,0.9708131,0.9269251,0.9467995,0.9481523,0.9724855,0.94811654,0.9351467,0.9614745,0.9400435,0.96548474,0.9496422,0.95207727,0.9664174,0.94401795,0.96777534,0.948077,0.9650025,0.94698894,0.9708001,0.944572,0.974625,0.9544277,0.9646993,0.9523042,0.96859765,0.9702407,0.9569025,0.9606271,0.95996875,0.9469672,0.9679709,0.9523781,0.94574827,0.9235759,0.9551478,0.96841955,0.9565293,0.9636007,0.95451,0.9569348,0.9722384,0.9516054,0.9496005,0.95123947,0.95697594,0.95246476,0.9410377,0.95269704,0.93828785,0.95634604,0.93127805,0.95867443,0.9505807,0.94238454,0.9838825,0.95630324,0.95515156,0.9341639,0.9481074,0.9483558,0.92592895,0.97719336,0.9702788,0.94790614,0.93553513,0.9628628,0.9468177,0.97353476,0.935333,0.94953656,0.94460726,0.9626072,0.97946775,0.9477932,0.9774487,0.9534868,0.9698746,0.95290595,0.9726243,0.97019017,0.9331756,0.9448714,0.94012016,0.94764936,0.9321099,0.9816155,0.9866726,0.9482276,0.9621691,0.9651698,0.9807835,0.95692927,0.9423495,0.9646802,0.9488464,0.9534559,0.9578074,0.96386516,0.95734954,0.9550051,0.945478,0.96768034,0.96011907,0.9554773,0.9538766,0.93136024,0.9658713,0.9445903,0.94004244,0.9578097,0.9433889,0.9526284,0.97317445,0.9353386,0.95600635,0.9740667,0.9612626,0.9536753,0.9328618,0.947156,0.96444356,0.9548148,0.9463356,0.94713855,0.9708515,0.9576307,0.9546508,0.9491011,0.9489269,0.9458182,0.9625271,0.9669582,0.9651401,0.93356556,0.9493098,0.94344,0.9599938,0.9569722,0.9592477,0.9347182,0.95297325,0.9539991,0.958095,0.9441071,0.9554728,0.9536692,0.9520947,0.95793986,0.93765974,0.93613297,0.954328,0.9585725,0.9288178,0.9335447,0.9514339,0.95214635,0.92666304,0.9538762,0.9628095,0.9508457,0.9643749,0.9515679,0.9518612,0.969178,0.945657,0.96067536,0.95063007,0.9536685,0.9407367,0.9564723,0.9423737,0.95883423,0.93746865,0.9497666,0.93621206,0.9537165,0.9462329,0.9435969,0.94405365,0.92554736,0.94216776,0.95288163,0.9406525,0.93669057,0.9785541,0.95338756,0.9406355,0.98692733,0.9589304,0.96660376,0.96544445,0.95378524,0.9598825,0.96801245,0.9501946,0.94969845,0.9481858,0.9400063,0.98032063,0.94876647,0.94897985,0.9729339,0.958926,0.95849085,0.9550987,0.94049877,0.9552543,0.948994,0.9569846,0.94031966,0.95020515,0.96679044,0.96963644,0.95477223,0.9481641,0.9638036,0.9542945,0.93563503,0.9374062,0.95434314,0.9305856,0.9462866,0.9697674,0.9640993,0.9434215,0.96473825,0.96781284,0.96681285,0.93302286,0.96709275,0.95693487,0.94848865,0.9475694,0.9862334,0.9673911,0.9452215,0.9185311,0.9523198,0.9430661,0.95563084,0.94460994,0.93393755,0.9610438,0.9682134,0.9684092,0.96201855,0.9615313,0.95729053,0.9524392,0.9515336,0.95107245,0.9681634,0.95275295,0.9563268,0.9480814,0.962358,0.9578822,0.9495192,0.9730698,0.96110296,0.95385015,0.96257514,0.93848675,0.93231505,0.95450634,0.9389413,0.9950232,0.94876206,0.92460394,0.93106925,0.9527609,0.95433176,0.93458116,0.978357,0.9559673,0.95669734,0.95343137,0.9579213,0.95121473,0.96275544,0.9280454,0.97838074,0.96445966,0.9503197,0.9570314,0.9449013,0.94431025,0.97641176,0.9596214,0.953437,0.96176493,0.93069184,0.95899194,0.9510975,0.9667932,0.9519109,0.9554491,0.9578145,0.9516424,0.96780807,0.9651648,0.94457877,0.9540485,0.96247345,0.9583781,0.9716546,0.94444525,0.92194855,0.9357333,0.972469,0.94961834,0.9412923,0.9385449,0.9525294,0.9442428,0.95490974,0.9734035,0.9592181,0.952249,0.93606114,0.93477887,0.9562152,0.9314967,0.95275515,0.9389893,0.97671604,0.96230847,0.94907403,0.9305289,0.952328,0.9266717,0.9572593,0.97628057,0.97114974,0.9530974,0.95682335,0.9513307,0.9688968,0.94188344,0.9803637,0.9549782,0.94464445,0.940232,0.94794023,0.9819946,0.93861866,0.94214576,0.9339031,0.95785916,0.932538,0.96336246,0.9534788,0.9372641,0.9367673,0.9859415,0.967456,0.97412604,0.95321745,0.9370053,0.9672336,0.95165807,0.9628957,0.9683906,0.9522184,0.91958946,0.9378865,0.94316405,0.941219,0.9665308,0.95511174,0.94221485,0.9533566,0.9617241,0.9776715,0.9672251,0.97363174,0.9548172,0.939309,0.9393387,0.9517892,0.9591409,0.9534837,0.96582144,0.9636402,0.9554684,0.9730575,0.93692636,0.94124645,0.9172421,0.9639506,0.93972754,0.965924,0.9663355,0.93307894,0.95404243,0.9452188,0.9560439,0.9538176,0.9515665,0.9654358,0.9720168,0.9528732,0.9570482,0.95146585,0.95808744,0.9508724,0.95483816,0.9374118,0.9398652,0.9471717,0.9546095,0.95426244,0.9844471,0.96711785,0.92234594,0.9530107,0.9683081,0.94775933,0.9401996,0.94417787,0.9388216,0.95361483,0.94688517,0.9290007,0.96585923,0.9537817,0.96356905,0.965082,0.9582197,0.9444894,0.9628683,0.95669883,0.9487332,0.93637556,0.9604877,0.95027065,0.9507902,0.9547983,0.9488427,0.9504378,0.97258973,0.9428887,0.94816387,0.969517,0.95106184,0.98262745,0.95342505,0.92967653,0.9514539,0.9404248,0.9438386,0.96190065,0.9383854,0.9609675,0.9721998,0.9461995,0.9478109,0.9517792,0.92778295,0.9700738,0.9546755,0.96388835,0.9451972,0.9507703,0.96446115,0.9618218,0.9663343,0.9387205,0.9666689,0.94995016,0.9478879,0.94749814,0.97262484,0.9499041,0.93828297,0.9724111,0.93631244,0.9606332,0.9527282,0.95772475,0.94713104,0.94934803,0.94323933,0.9642838,0.94640803,0.95226115,0.9682596,0.9662536,0.93632835,0.96486926,0.95299685,0.9684195,0.952506,0.9580668,0.9607134,0.97131866,0.9547658,0.94688785,0.9460163,0.9746048,0.9534496,0.9541077,0.95239604,0.94993174,0.95520884,0.9494943,0.959569,0.9429671,0.96062046,0.9398075,0.96691215,0.95442367,0.94379663,0.9428603,0.9649553,0.9345184,0.9305103,0.9401061,0.94649094,0.9746397,0.9711749,0.9681961,0.9768885,0.9389589,0.95018244,0.960859,0.9446668,0.9367019,0.93141156,0.95805347,0.92874026
1.1919613,1.1716716,1.1831034,1.195941,1.2024239,1.1889212,1.1778834,1.1835614,1.1911153,1.1638654,1.1798187,1.2065326,1.1753541,1.2173147,1.1852956,1.1889955,1.1928868,1.1861899,1.2048467,1.2105619,1.1957294,1.1804844,1.1842526,1.1801184,1.1829512,1.1829193,1.1910462,1.1903379,1.1830697,1.2078744,1.2136383,1.1917435,1.1918316,1.2037308,1.1995395,1.2039897,1.1758224,1.1661541,1.1997612,1.1863346,1.1872826,1.1948472,1.1973151,1.18746,1.1695462,1.1991193,1.1751573,1.1825271,1.2088597,1.2006887,1.1804786,1.1879827,1.1998194,1.1809657,1.2045113,1.2008628,1.1797212,1.1983309,1.1807328,1.1972522,1.1856296,1.1967169,1.2038686,1.179085,1.1944884,1.1928877,1.2089701,1.2016212,1.1813389,1.1822493,1.2069755,1.1965258,1.1821855,1.1610942,1.1882071,1.1873813,1.1853706,1.19425,1.1937295,1.1985605,1.1980307,1.1903626,1.1983799,1.2036167,1.1773931,1.1820265,1.1842027,1.2157655,1.1979302,1.1801468,1.1873547,1.1886413,1.1851828,1.1859639,1.1852003,1.2119162,1.1867877,1.1967657,1.2101141,1.2011237,1.1989582,1.2139575,1.2123225,1.1741185,1.1704273,1.2187675,1.1644105,1.2044948,1.2044029,1.1949571,1.1857401,1.2046221,1.1872616,1.17217,1.2024995,1.1898367,1.1839082,1.1881213,1.2016096,1.19423,1.1960788,1.2040485,1.1922036,1.1702362,1.1864202,1.1915479,1.1658208,1.1943268,1.1692932,1.2077563,1.202898,1.2020165,1.1845577,1.1862395,1.1877519,1.2116681,1.1936419,1.193464,1.1839377,1.1856996,1.1913294,1.2244756,1.1979982,1.181935,1.1986808,1.2124877,1.2031093,1.2102313,1.1822065,1.2014594,1.1812881,1.1885854,1.1724476,1.183973,1.2083169,1.1894504,1.1959922,1.1808293,1.1930522,1.1929961,1.196407,1.1812795,1.1941859,1.2015287,1.170693,1.202314,1.2061206,1.1760181,1.1991554,1.1824385,1.1901487,1.1923972,1.1775607,1.2029204,1.1947857,1.2005966,1.1928308,1.1944598,1.1717371,1.1932931,1.1942163,1.1896065,1.1820366,1.2014849,1.1956916,1.2042224,1.1823978,1.2212089,1.1788795,1.1588961,1.1958562,1.1876012,1.1987537,1.1999804,1.1938349,1.193566,1.1796263,1.1925243,1.1729149,1.182235,1.1717674,1.1964849,1.1996081,1.1934654,1.1740943,1.2022862,1.184515,1.1760223,1.1872098,1.1717597,1.2036074,1.1983672,1.1727616,1.1757008,1.1850189,1.1951176,1.1784707,1.2100513,1.1948622,1.2092764,1.1961803,1.2017002,1.2043486,1.181185,1.1846524,1.1922854,1.2080735,1.1851232,1.2000442,1.1649922,1.171749,1.1877148,1.2000811,1.2067049,1.1898128,1.2074305,1.1659702,1.1844084,1.202434,1.176222,1.1933701,1.2016913,1.1839426,1.1683981,1.1868902,1.1694478,1.1762593,1.1953844,1.1676244,1.1853158,1.2063869,1.1934742,1.2004164,1.2063392,1.2042801,1.1883482,1.1892864,1.2010618,1.1982989,1.178471,1.1757928,1.1605169,1.182816,1.2011542,1.1903607,1.2109542,1.195712,1.1933086,1.2097415,1.2064267,1.1809187,1.2056842,1.2106522,1.1960604,1.2160939,1.1897454,1.2050096,1.2037144,1.1980225,1.1783247,1.1730373,1.2097974,1.1842171,1.1895297,1.2206544,1.2042994,1.2174997,1.1740229,1.1967217,1.1966182,1.2208413,1.1822486,1.180818,1.1832762,1.1873882,1.2183999,1.185354,1.1907041,1.19595,1.1854392,1.1894087,1.1782955,1.2156975,1.176946,1.1821855,1.207226,1.1765734,1.192473,1.1859108,1.218484,1.190687,1.1900518,1.1680042,1.2060155,1.1808878,1.1971012,1.1745418,1.1779819,1.1851852,1.2088331,1.18642,1.1933198,1.1739552,1.1937716,1.1965301,1.1977316,1.1880996,1.1854689,1.1879549,1.2046688,1.1960169,1.196133,1.1785077,1.1911786,1.1565263,1.1801687,1.2103913,1.1963078,1.1962368,1.202779,1.178059,1.1888773,1.191713,1.1832976,1.2098287,1.186856,1.1906216,1.182265,1.1919862,1.2178923,1.1974851,1.1820877,1.1987557,1.1872962,1.2010372,1.2079012,1.1974077,1.197546,1.1937219,1.1953888,1.199491,1.2005554,1.1689559,1.1840363,1.1843822,1.2333364,1.1818161,1.1804922,1.2020419,1.191424,1.185914,1.191206,1.1774104,1.2013718,1.2031393,1.1938548,1.1880342,1.1768548,1.1979727,1.2091544,1.2075928,1.2003858,1.1957946,1.1961477,1.1729761,1.1824458,1.1960948,1.178133,1.1773391,1.2024562,1.1972133,1.1809052,1.2046288,1.2000982,1.1982734,1.2102042,1.1692872,1.1970017,1.194386,1.1825576,1.186694,1.1838794,1.2155296,1.2059909,1.1787199,1.189347,1.1962137,1.2089565,1.2073988,1.1754417,1.1766199,1.1963197,1.1929568,1.1682259,1.1765894,1.2030877,1.177577,1.178916,1.1957052,1.1830093,1.184864,1.1770462,1.178667,1.1988022,1.1780074,1.1829206,1.201668,1.1949743,1.2124914,1.1831148,1.191416,1.198254,1.1849315,1.1745583,1.1963409,1.1799623,1.1768773,1.1849278,1.1987154,1.1820953,1.1817491,1.170924,1.1678121,1.2022736,1.193762,1.181844,1.183458,1.1934034,1.1925871,1.2012063,1.1978966,1.1899353,1.1777033,1.2012019,1.2013195,1.1834339,1.1768311,1.1791645,1.1994181,1.1956319,1.2018381,1.2010554,1.2091291,1.2047204,1.1937685,1.1857424,1.1846972,1.1816978,1.1764774,1.1983867,1.1708385,1.1795975,1.1872388,1.2104056,1.1850731,1.2033755,1.1997845,1.2026956,1.2086457,1.1923736,1.20123,1.1663861,1.1878394,1.1806567,1.1786188,1.1975207,1.2017633,1.1996728,1.1850157,1.2001134,1.1964315,1.1880811,1.1896696,1.1940695,1.198421,1.1930099,1.1943067,1.1938944,1.1788137,1.1932814,1.2020165,1.1999073,1.1805787,1.1879253,1.1969385,1.1893607,1.1951396,1.1833156,1.1939782,1.188948,1.1813173,1.1859928,1.1903863,1.2059991,1.2027241,1.1980921,1.1873566,1.1860206,1.1972572,1.2128233,1.1852556,1.1999385,1.1941606,1.2080313,1.1891106,1.1847839,1.193596,1.1926192,1.1843958,1.1845096,1.2012407,1.1832186,1.1798592,1.2031155,1.2039555,1.1915781,1.1996715,1.1739547,1.2082818,1.1924073,1.1787618,1.1985148,1.1943694,1.2078356,1.2079864,1.1996567,1.2239708,1.1955512,1.2121797,1.1909738,1.1880813,1.1742517,1.1852162,1.1762089,1.1928923,1.2050215,1.1980478,1.1905699,1.187066,1.2065254,1.1843635,1.1787163,1.1874468,1.1774191,1.1900326,1.1883379,1.1917919,1.1709685,1.1709933,1.1957337,1.1956203,1.1931095,1.1964942,1.194836,1.196356,1.2059296,1.1719286,1.1825906,1.1899068,1.187342,1.1747216,1.1867667,1.177367,1.1939932,1.1846606,1.1882807,1.1814277,1.2022631,1.182848,1.1862192,1.182815,1.1826577,1.180733,1.1939936,1.1910213,1.2028043,1.1868943,1.1999279,1.1817654,1.1990504,1.1991884,1.2215402,1.1784554,1.1785067,1.1729251,1.1789788,1.1954507,1.1955085,1.1855423,1.2087108,1.197667,1.1666683,1.218378,1.184759,1.202347,1.2012175,1.1952598,1.1869094,1.1978188,1.1891166,1.2162404,1.1840734,1.1955227,1.1928619,1.1959783,1.1997882,1.1981282,1.1756343,1.196763,1.1771829,1.2090825,1.1885904,1.188312,1.1760119,1.2062026,1.1882311,1.1883249,1.1668864,1.179664,1.195198,1.1878332,1.1862427,1.1832714,1.1725963,1.1782997,1.1942836,1.1912787,1.1766146,1.2087004,1.1812274,1.1906871,1.1695011,1.1968737,1.2093751,1.1965723,1.1743712,1.1935011,1.1869987,1.1922426,1.1727422,1.1972729,1.1954966,1.1848785,1.1931195,1.1674151,1.1716484,1.2110065,1.2068617,1.1898199,1.1787326,1.2050034,1.1812702,1.1839986,1.1936357,1.1812497,1.1966244,1.1909987,1.1987021,1.1809511,1.1837754,1.2051554,1.2126164,1.2015231,1.1611606,1.1812359,1.2010959,1.2053494,1.206859,1.196089,1.1961948,1.1955166,1.2121874,1.185483,1.2041575,1.2074419,1.1800444,1.2062519,1.1981243,1.186399,1.1805655,1.1872814,1.2006704,1.2143023,1.2150283,1.1824642,1.1984512,1.1746213,1.1790105,1.2082925,1.1998802,1.1870792,1.1940475,1.1929429,1.2038305,1.2178555,1.206494,1.183299,1.1836025,1.1882756,1.185277,1.1640271,1.1725594,1.1794171,1.1801322,1.1719306,1.1967269,1.1918114,1.1909504,1.1849273,1.1758838,1.2085226,1.1972907,1.1951492,1.1922222,1.1873714,1.2048572,1.198272,1.2007235,1.192404,1.1856382,1.1932353,1.16379,1.2059466,1.1913068,1.2046669,1.1762452,1.1922417,1.1986877,1.191761,1.1682683,1.1941785,1.2012777,1.1949781,1.1826239,1.1763551,1.1974738,1.1922061,1.1861804,1.1784419,1.1866192,1.190532,1.2005856,1.1861374,1.212504,1.1882056,1.1788384,1.1892058,1.1892272,1.1697339,1.198097,1.1897651,1.1908411,1.2014438,1.1848265,1.1952407,1.1899894,1.1822476,1.1599172,1.1952078,1.1813369,1.1797715,1.2137853,1.1763675,1.1954113,1.1850309,1.2094667,1.1898613,1.2026612,1.1943791,1.1913278,1.2010864,1.1806103,1.1881244,1.1861618,1.2067341,1.1987469,1.1861262,1.177622,1.1969911,1.171693,1.1749967,1.1788611,1.19529,1.1823484,1.1875908,1.1879104,1.1827841,1.196906,1.2029943,1.1903096,1.2033321,1.1906251,1.188072,1.187145,1.1799604,1.178485,1.1829852,1.1676279,1.1925207,1.1863133,1.1941344,1.1692771,1.1860797,1.1942755,1.1918106,1.1773462,1.1906179,1.1853656,1.1882837,1.1937714,1.1922054,1.1924937,1.1823344,1.1818209,1.1855451,1.1958714,1.1862642,1.1778877,1.1730639,1.1850834,1.2053034,1.1905049,1.2167656,1.2062863,1.2022041,1.200968,1.1825993,1.1799335,1.2103803,1.1859941,1.2000657,1.191181,1.1925385,1.2112341,1.181451,1.1902313,1.1784036,1.1982005,1.2225069,1.1833361,1.1860694,1.1929327,1.1902413,1.1921625,1.1970383,1.2056156,1.1943771,1.1741767,1.198392,1.1908754,1.192939,1.1837214,1.1717286,1.1882368,1.1758097,1.1668543,1.1961682,1.1904006,1.1933732,1.2095873,1.2025702,1.2080336,1.1947062,1.1981521,1.190496,1.2003375,1.1878626,1.1787065,1.1764214,1.1920418,1.1954824,1.1938204,1.1727471,1.1775197,1.1925937,1.1977968,1.1943945,1.2195538,1.1873283,1.208023,1.1865381,1.1845782,1.1877315,1.1999665,1.1803061,1.1992947,1.1911983,1.2041056,1.2043216,1.1956824,1.2116343,1.1924398,1.1844721,1.1768649,1.2036557,1.1813697,1.1848803,1.1712521,1.2169085,1.1988829,1.1902162,1.1917443,1.2230791,1.1791548,1.2125213,1.2177016,1.1960057,1.1798369,1.1859616,1.1861638,1.2034051,1.1722333,1.2070593,1.1871514,1.1916575,1.1975485,1.1911623,1.2116507,1.1815896,1.1768532,1.1740836,1.1838511,1.1997625,1.197816,1.1823378,1.1800461,1.2104435,1.1696414,1.2013457,1.2060429,1.1693543,1.1614358,1.2057494,1.1766267,1.1767595,1.2091516,1.1839169,1.1849463,1.1978177,1.1872122,1.1833339,1.1849084,1.1984994,1.1626605,1.1923594,1.1825274,1.1821544,1.1928738,1.181619,1.2007505,1.1969568,1.1896397,1.2075113,1.1822782,1.1848423,1.1727955,1.1894441,1.1935669,1.2123907,1.1932019,1.1888076,1.2016062,1.1865808,1.2065141,1.1922753,1.228165,1.1809634,1.181277,1.2003628,1.1970999,1.1734306,1.191282,1.186494,1.1842492,1.1900939,1.184085,1.1941724,1.198651,1.2040137,1.2007071
1.050093,1.0455172,1.0641631,1.0417845,1.0690626,1.0520008,1.046636,1.0381918,1.0551378,1.0331844,1.05342,1.0507638,1.0447797,1.0821102,1.0566502,1.0616632,1.0520841,1.0600353,1.0657399,1.0645843,1.0464686,1.0465528,1.0745173,1.0521244,1.0528291,1.0505364,1.0520675,1.068249,1.0537474,1.0578543,1.0633287,1.063501,1.0272753,1.0597816,1.0671455,1.0711404,1.0488348,1.0384375,1.0716335,1.0495371,1.0448905,1.0611125,1.0603232,1.0480815,1.0361022,1.081169,1.0510685,1.0682133,1.0767618,1.0643176,1.0682944,1.0502315,1.0410486,1.0388111,1.0463908,1.0610468,1.0657744,1.0593734,1.0440751,1.0601414,1.0504129,1.0689491,1.0669814,1.048687,1.0542909,1.0607423,1.0402825,1.0596639,1.058631,1.0510299,1.0564737,1.0647696,1.0523379,1.02105,1.051795,1.0704325,1.0394367,1.0573906,1.0631324,1.066334,1.0646062,1.0522934,1.061938,1.0529588,1.0327672,1.0403429,1.0605735,1.0632577,1.0512438,1.0566009,1.0603507,1.0411546,1.0808345,1.0673375,1.0538518,1.0450962,1.0342953,1.0700058,1.073951,1.0486403,1.050394,1.0618258,1.0814129,1.0636034,1.065709,1.0829607,1.0350467,1.0761379,1.0494432,1.0636326,1.0469381,1.0536181,1.0578986,1.0510452,1.054551,1.0392878,1.0587655,1.0502142,1.0368859,1.056372,1.0670286,1.076255,1.0467004,1.0445055,1.0494142,1.0563967,1.0408292,1.0553905,1.0422018,1.0599893,1.0806441,1.0394586,1.04359,1.0343156,1.0567608,1.0678155,1.0580094,1.0521379,1.0575031,1.0609342,1.0500158,1.0660983,1.0653566,1.0382577,1.0859861,1.0721471,1.0543398,1.0773857,1.0395546,1.0613177,1.0442325,1.0437362,1.0521296,1.0475398,1.0640887,1.0532681,1.0603105,1.0563002,1.0539716,1.0674242,1.0691181,1.0495846,1.0430193,1.0667831,1.0423903,1.0609229,1.0400158,1.0533491,1.0444227,1.0692339,1.0568557,1.0529418,1.039568,1.0555546,1.0558109,1.0585057,1.0409623,1.0550485,1.0491335,1.0659109,1.0488689,1.0466102,1.0529938,1.0462868,1.0585257,1.0552319,1.0530953,1.0741905,1.0554969,1.0346975,1.0381588,1.0579708,1.0690582,1.0714658,1.0275227,1.0548302,1.0544566,1.0551198,1.0442973,1.0496943,1.0570495,1.0371585,1.089251,1.0576059,1.0454277,1.0851047,1.0556911,1.0415002,1.0485514,1.0372002,1.0499482,1.063116,1.0509336,1.0567181,1.0313507,1.0601332,1.0409945,1.0479482,1.0759192,1.0542512,1.0597743,1.078855,1.0696813,1.06138,1.0521046,1.0440563,1.0563619,1.053789,1.0605098,1.037584,1.0425467,1.0554196,1.0602536,1.0566142,1.0564289,1.0573716,1.0456814,1.0594327,1.0670434,1.0555341,1.065773,1.0551069,1.0446455,1.0544769,1.0447271,1.038708,1.0411375,1.054487,1.0564153,1.0621322,1.069439,1.0745748,1.0598043,1.0575616,1.0745093,1.046028,1.0462301,1.0590155,1.0640429,1.0626106,1.0225822,1.0343138,1.0612614,1.0587728,1.0507566,1.0582829,1.0630554,1.064472,1.0714499,1.0638472,1.0598502,1.0688453,1.0700077,1.0602628,1.0655146,1.0744323,1.0757535,1.0641391,1.0666802,1.0631554,1.0521208,1.064939,1.0520221,1.0511526,1.0797576,1.0679021,1.078168,1.0384551,1.0650032,1.05182,1.06741,1.0441747,1.0613811,1.0550302,1.0562936,1.0777378,1.0562277,1.0664202,1.0458373,1.0545399,1.0512598,1.0332766,1.0662204,1.045064,1.0540891,1.0704489,1.0585316,1.0441304,1.0486293,1.0633146,1.0575178,1.0613112,1.0498707,1.0599028,1.0367223,1.0600389,1.0462154,1.0544602,1.0607687,1.0722723,1.0587667,1.0700363,1.04383,1.0590383,1.080834,1.061578,1.057284,1.0510914,1.0486777,1.0495425,1.037188,1.0657939,1.0400432,1.0586833,1.0411005,1.0504475,1.0728908,1.0622921,1.0495961,1.0727142,1.0473628,1.0481851,1.060325,1.0545195,1.0763911,1.0576626,1.0470346,1.0470297,1.0460846,1.0642601,1.0470089,1.0529968,1.0464109,1.0453776,1.0677546,1.082886,1.0583684,1.0504615,1.0691983,1.0406431,1.0576714,1.0635794,1.0343113,1.068372,1.0546777,1.0803596,1.0660737,1.0379192,1.057233,1.0602164,1.0625899,1.0484256,1.0470986,1.0601143,1.060936,1.0402904,1.0494394,1.0507028,1.049584,1.0691866,1.0519748,1.0545243,1.0559958,1.0476179,1.0484253,1.0424982,1.062237,1.038586,1.0402048,1.0550746,1.061426,1.0435764,1.0619715,1.0674093,1.0709045,1.056081,1.0454838,1.0520465,1.0547323,1.0671749,1.0467385,1.0381763,1.0710772,1.0620426,1.0457064,1.0490017,1.0512176,1.0641474,1.0701602,1.0491465,1.0749314,1.0442113,1.0315657,1.0451081,1.0453987,1.0722445,1.056795,1.0632674,1.0685622,1.0498164,1.060931,1.033862,1.042297,1.0650631,1.0198102,1.0420175,1.0562005,1.0628326,1.0575601,1.061682,1.0569587,1.0584288,1.0689012,1.0414634,1.0485654,1.0375865,1.0391186,1.0446646,1.0557431,1.0560054,1.0622702,1.0498226,1.0404875,1.0621724,1.0652791,1.0550553,1.0235548,1.0523196,1.0677392,1.0713537,1.0624324,1.0509254,1.0408857,1.0569516,1.0608323,1.0615224,1.0479399,1.0505056,1.0556433,1.0698035,1.0672088,1.0410407,1.0338526,1.0439565,1.0612435,1.0415968,1.0405141,1.0581074,1.0644777,1.0564328,1.059485,1.0584227,1.0546885,1.0476497,1.0581479,1.0408659,1.059898,1.0573227,1.0724736,1.0688877,1.0545142,1.0377603,1.0548831,1.0458199,1.0474317,1.0529864,1.0601405,1.073872,1.0620136,1.0622958,1.0646023,1.0611778,1.0500103,1.0883502,1.0513163,1.0548165,1.0671608,1.0530428,1.0566306,1.0704651,1.0459148,1.062173,1.0513681,1.0330572,1.0607157,1.0502503,1.0635602,1.0322533,1.0524728,1.055546,1.0456994,1.0369786,1.0653043,1.058571,1.0725895,1.0574443,1.0558275,1.0580298,1.0548403,1.0493326,1.0409485,1.0685623,1.0545988,1.080436,1.0613617,1.0614951,1.0612278,1.053826,1.0545391,1.039226,1.0716597,1.0671245,1.0478116,1.0639875,1.0680743,1.0576646,1.0553857,1.0450995,1.0585054,1.0463994,1.0770942,1.0638674,1.0571213,1.062535,1.065008,1.0530435,1.084613,1.0668578,1.0567653,1.0366464,1.0481999,1.0478635,1.0676355,1.0499805,1.0667353,1.0485376,1.047501,1.0492648,1.0552053,1.0798446,1.0503516,1.0553933,1.0595417,1.0450257,1.0443847,1.0462797,1.0420532,1.0541196,1.0369163,1.0681682,1.0445335,1.0386659,1.0493116,1.0544499,1.0617708,1.072531,1.0135545,1.0448076,1.0493174,1.0632602,1.0483083,1.0581598,1.0407188,1.0672569,1.0590122,1.0594351,1.0685947,1.0647559,1.0486398,1.055543,1.0528543,1.0283425,1.062405,1.0633115,1.0658472,1.0675246,1.0336978,1.0607493,1.0356305,1.0728945,1.0753378,1.086909,1.0574058,1.0526319,1.0452402,1.0395156,1.0702235,1.0485982,1.0643537,1.0796903,1.0329458,1.0525796,1.0730736,1.0609695,1.0614702,1.0587233,1.0806448,1.0602057,1.051066,1.042166,1.077135,1.0383226,1.0552529,1.055307,1.0569255,1.054989,1.0672464,1.0370106,1.0555807,1.0465379,1.052195,1.0581198,1.0532659,1.0489596,1.0659515,1.0402366,1.0677434,1.0338413,1.049376,1.0348301,1.0573518,1.0542465,1.060766,1.0486712,1.0497366,1.0696341,1.0442768,1.0382847,1.0362976,1.0370758,1.0729202,1.0491569,1.0683707,1.0495877,1.0867529,1.0460794,1.0758636,1.0629084,1.06583,1.0595925,1.0569081,1.0555179,1.0557353,1.0743383,1.0402877,1.0487379,1.0749222,1.0800354,1.0397533,1.0511434,1.0572656,1.0623296,1.0502329,1.0449784,1.055003,1.0526481,1.0485914,1.0507569,1.0548805,1.0747606,1.0746094,1.087881,1.0487045,1.043154,1.0474173,1.069064,1.0626537,1.059136,1.0557063,1.0681481,1.0510474,1.0813153,1.0586835,1.074665,1.0720876,1.0612642,1.0770863,1.0493189,1.0724479,1.0519825,1.0521168,1.0514662,1.0733057,1.0756165,1.0538393,1.0422262,1.0435772,1.0332237,1.0670547,1.0705934,1.0541168,1.0562005,1.0620437,1.0748641,1.0700386,1.04043,1.0380566,1.0416127,1.0649043,1.0415787,1.0367314,1.0397732,1.0294663,1.0630627,1.0768219,1.0407863,1.0414324,1.0767088,1.0574256,1.0394596,1.0823231,1.0429547,1.0453229,1.0473354,1.0310483,1.0861312,1.0563716,1.0538154,1.0465978,1.0569228,1.0535367,1.0361208,1.0571692,1.0497922,1.0758094,1.05285,1.0650185,1.0608244,1.049984,1.0424404,1.0552192,1.0711849,1.0700303,1.0427967,1.0366647,1.052948,1.0478919,1.0502504,1.0540875,1.0551559,1.053327,1.059884,1.0298511,1.0683095,1.0409074,1.0622492,1.0439421,1.0627723,1.0403316,1.0684006,1.0769948,1.0553334,1.0546696,1.077095,1.0567108,1.0410537,1.0466855,1.0320938,1.0694181,1.054115,1.047968,1.0730104,1.0441142,1.0574965,1.0350187,1.0640936,1.0490718,1.0651052,1.0731581,1.0607519,1.0462335,1.0383883,1.0531229,1.0288019,1.052758,1.0694928,1.0442176,1.035435,1.0570801,1.0411258,1.0517598,1.0721477,1.0546701,1.056838,1.0398561,1.0530218,1.0596137,1.0673689,1.0604941,1.0513158,1.0613267,1.0458413,1.0247,1.0592122,1.0497556,1.05922,1.0423028,1.0388464,1.0645969,1.0543412,1.0630962,1.0434306,1.052826,1.0676306,1.0742726,1.0562398,1.0642195,1.0615839,1.0507184,1.0650513,1.0655608,1.0603427,1.0546646,1.0494864,1.052844,1.0457935,1.0479208,1.0704435,1.0296355,1.045195,1.0406234,1.059527,1.069371,1.0747657,1.0772437,1.0578829,1.0537642,1.0663013,1.0603517,1.0631385,1.0642079,1.0622721,1.0479634,1.0577165,1.0451957,1.0492631,1.047388,1.0732394,1.0856758,1.0650935,1.0512555,1.067726,1.0527148,1.0719234,1.0713673,1.0722992,1.0618503,1.0281502,1.032184,1.0608699,1.078495,1.0470471,1.0426351,1.0642112,1.0392783,1.0468137,1.0533903,1.0423341,1.0717134,1.0627147,1.0560925,1.0668343,1.0723628,1.0510119,1.0563635,1.0720446,1.0586647,1.0516062,1.0590849,1.0638937,1.0489774,1.0533454,1.0302105,1.0497346,1.0520325,1.0491469,1.0752982,1.070484,1.0474799,1.07351,1.057869,1.0553429,1.0767103,1.0551445,1.0623858,1.0573097,1.0514287,1.055845,1.0716437,1.0503165,1.0648867,1.0574385,1.0610532,1.0455089,1.0814449,1.0543698,1.0491407,1.0280567,1.0520458,1.0630529,1.0585182,1.048129,1.0799007,1.063218,1.0695068,1.0574957,1.0285913,1.0345353,1.0582002,1.0446545,1.0553806,1.0488886,1.0532568,1.0546961,1.0469095,1.0604577,1.0586574,1.0567127,1.0560697,1.0551761,1.0388758,1.066364,1.0584154,1.0535959,1.0448492,1.0334277,1.0542667,1.0438035,1.0711526,1.0602945,1.0443047,1.0300016,1.0661665,1.0575566,1.0490135,1.0669935,1.0706719,1.0390974,1.052336,1.0550437,1.0679909,1.0392797,1.045927,1.0449363,1.0619935,1.0474586,1.0470394,1.0571723,1.0395664,1.0786252,1.0681007,1.0545564,1.050137,1.0504425,1.0498687,1.0428362,1.0349752,1.0684286,1.0534983,1.062259,1.062542,1.0610777,1.0678228,1.0626252,1.0551298,1.0689759,1.0485488,1.0505269,1.058523,1.0785396,1.0499916,1.0658772,1.0371424,1.0570605,1.0520527,1.053829,1.037203,1.036755,1.066123,1.0591022
0.16334593,0.15755634,0.15123028,0.14444098,0.16291958,0.1615583,0.17284086,0.12698191,0.15985946,0.16344984,0.15331727,0.16565585,0.1626137,0.15536211,0.1405362,0.15442018,0.15509574,0.18101974,0.17333908,0.16437496,0.16303909,0.17954345,0.15712278,0.16452065,0.14340721,0.1577851,0.15074973,0.17399596,0.15682524,0.1633853,0.15325312,0.15362293,0.16276017,0.13988543,0.13935187,0.17142726,0.15472163,0.16572031,0.17115061,0.15625584,0.13231134,0.17370184,0.15584888,0.15666114,0.15659061,0.15848736,0.1692538,0.15816072,0.16418739,0.1565516,0.16557996,0.16728069,0.1573943,0.14627662,0.14151481,0.15444379,0.14749318,0.16242272,0.15884599,0.16349968,0.17362386,0.16597289,0.15124556,0.15877086,0.15853715,0.14621127,0.17221022,0.1727177,0.15425073,0.14489333,0.1283344,0.1700759,0.16580811,0.14761272,0.1537394,0.1636503,0.16744189,0.15485933,0.16916457,0.14577752,0.16797198,0.17383993,0.15538031,0.16263169,0.15274481,0.16852637,0.15329063,0.14303766,0.15058842,0.17173555,0.16422307,0.1422737,0.17723808,0.1667903,0.18724816,0.1644571,0.1555757,0.18003923,0.1540266,0.16275036,0.17055029,0.15894589,0.16185199,0.16582298,0.16993243,0.1478303,0.1361546,0.14356418,0.1559233,0.14387229,0.16569118,0.1688376,0.15021844,0.15887524,0.15557265,0.13974561,0.16974744,0.16329184,0.1595981,0.14732918,0.15184432,0.14664538,0.15471043,0.1641263,0.14452314,0.1528966,0.17301399,0.15381193,0.16088216,0.16237319,0.1640395,0.14811906,0.14899105,0.15342414,0.15103756,0.16302726,0.13757287,0.1638214,0.18246886,0.15799414,0.15804505,0.16191146,0.15270115,0.16785139,0.16117154,0.15446946,0.1407877,0.14821245,0.1477054,0.156785,0.15764415,0.16482991,0.16913943,0.14748867,0.16134574,0.1795814,0.18388116,0.13744166,0.14107797,0.1501727,0.15262254,0.16651036,0.14706251,0.15967698,0.16154775,0.14359638,0.14792584,0.16691716,0.15725872,0.1606551,0.1284208,0.16389048,0.14484733,0.16486095,0.16119187,0.17614123,0.14080536,0.16575404,0.17904344,0.15722452,0.15229055,0.13894133,0.1598295,0.14958839,0.1653117,0.17080541,0.15635167,0.1699015,0.1373981,0.15928623,0.14935769,0.15776707,0.13844809,0.1645856,0.17125764,0.14661387,0.17156392,0.16297859,0.17473961,0.16618955,0.17401926,0.13637969,0.16487324,0.15726808,0.15022844,0.16735782,0.15947029,0.16526948,0.15753591,0.16102213,0.16097668,0.17049548,0.17604761,0.1601265,0.15004745,0.1722666,0.15610269,0.13449377,0.16959134,0.1497858,0.1569078,0.15299083,0.15391618,0.15863429,0.1351332,0.15962401,0.14713435,0.15921456,0.15397048,0.15823749,0.14345482,0.14510135,0.15131588,0.16043071,0.14755388,0.14836626,0.15085486,0.18737647,0.17249468,0.14683554,0.14647548,0.16135538,0.17467473,0.15300643,0.15474777,0.17319028,0.14502312,0.17361525,0.17631446,0.16784948,0.162357,0.16335718,0.15036497,0.15367249,0.15445758,0.16641897,0.15410067,0.14532232,0.14712983,0.17939344,0.16313802,0.15337963,0.1599523,0.15424609,0.14139473,0.15368713,0.15666911,0.16011882,0.14124346,0.164824,0.14078595,0.14229158,0.1556826,0.15680668,0.15063703,0.17166051,0.1568504,0.16012639,0.15424155,0.17276162,0.16070025,0.17111632,0.147117,0.15560287,0.14209265,0.15508378,0.13988712,0.16034842,0.15017813,0.15012056,0.16094339,0.16325313,0.15393591,0.16537191,0.14864141,0.16197273,0.15291458,0.16082701,0.13949528,0.15168156,0.1550461,0.18783781,0.16826558,0.14853518,0.15582335,0.15977648,0.18555777,0.12672505,0.1628658,0.16842741,0.17101142,0.17166479,0.1600093,0.17072457,0.1370391,0.15903956,0.13934182,0.1596362,0.16444051,0.17128302,0.14725363,0.15685451,0.15754677,0.14624248,0.1633031,0.17021026,0.1631508,0.15942879,0.14188059,0.16808352,0.15160997,0.15185948,0.16166617,0.1483341,0.15548655,0.14799173,0.15325381,0.16560015,0.14597598,0.17821985,0.15489575,0.16855672,0.16140173,0.16290903,0.16323796,0.14791054,0.13970202,0.16050218,0.15629765,0.16460148,0.16352949,0.16172217,0.15064974,0.15196152,0.15541716,0.1637213,0.16273461,0.163709,0.17864107,0.15456858,0.16651511,0.14383447,0.1562573,0.15599263,0.15302512,0.14354238,0.18004374,0.14364746,0.17000173,0.16534795,0.13934961,0.14833286,0.16946252,0.14430735,0.1715919,0.15183794,0.15865514,0.15899152,0.16666123,0.14357325,0.16958569,0.15510009,0.16785155,0.15183543,0.16779211,0.16058555,0.18312491,0.15920399,0.1555616,0.16509655,0.17335063,0.16543198,0.16100645,0.15800819,0.15205939,0.148161,0.15116036,0.15005752,0.15723124,0.17156705,0.16572991,0.14620021,0.13814864,0.14946702,0.16168451,0.14937891,0.15035892,0.14338318,0.16167545,0.1664552,0.17946933,0.14310701,0.16091968,0.1586928,0.14370367,0.1597354,0.12826374,0.16762808,0.15444954,0.16218124,0.15203388,0.17432967,0.17074111,0.1351605,0.14481878,0.12729053,0.16518301,0.16850631,0.1561874,0.18144259,0.1496398,0.13733514,0.16133954,0.16501245,0.16537516,0.14404735,0.14623028,0.14129502,0.15131168,0.16326822,0.1742754,0.16282767,0.16522202,0.15411773,0.17068978,0.16765998,0.15657222,0.16842836,0.17893188,0.18224029,0.1539991,0.14364237,0.166162,0.14803472,0.13865225,0.17335136,0.15500244,0.14934999,0.15352958,0.15536338,0.18642953,0.15347101,0.1509788,0.14823806,0.17223734,0.13855237,0.1352825,0.18897736,0.17483738,0.17350276,0.1491053,0.1624721,0.16184556,0.17164224,0.16714996,0.1586307,0.15400438,0.1348621,0.15377957,0.1542283,0.14612865,0.1656248,0.16317958,0.16207318,0.15037985,0.15084617,0.14809513,0.15001065,0.17779131,0.15663335,0.14816016,0.17989832,0.16910768,0.15787849,0.15766929,0.15369496,0.162876,0.16074616,0.17201775,0.16351368,0.14727272,0.13929322,0.1336117,0.15607344,0.15097138,0.1545162,0.15699738,0.16560969,0.16051917,0.1402108,0.17097807,0.13669252,0.16470018,0.17006221,0.14325708,0.14313601,0.16004421,0.16739123,0.17026119,0.12782887,0.17003885,0.14695828,0.1387671,0.17333855,0.17145987,0.14431845,0.16687073,0.15702598,0.16883475,0.1442722,0.18432346,0.16502702,0.15111506,0.15400851,0.15801623,0.15598421,0.16687897,0.15646759,0.13810813,0.14866173,0.15508741,0.16466528,0.15363382,0.1878231,0.15199098,0.14659755,0.15882972,0.16276236,0.14981386,0.15570927,0.15694727,0.14988601,0.1496672,0.14615491,0.16618738,0.16004097,0.16225758,0.15011254,0.1661514,0.17749098,0.15077989,0.15577386,0.17883253,0.15233463,0.16050291,0.14682229,0.14414506,0.14993533,0.14843637,0.16615921,0.1754688,0.1733458,0.13504373,0.17709967,0.1582134,0.15179381,0.15445064,0.15671012,0.15109235,0.14318532,0.1465638,0.15640654,0.1584207,0.16844729,0.16698587,0.15128905,0.16448839,0.15243474,0.15688747,0.1670258,0.15694305,0.13926303,0.14389828,0.18176076,0.1615787,0.1605267,0.15247583,0.14373982,0.15319413,0.15355708,0.15488681,0.15386777,0.16453099,0.16909267,0.17190826,0.16641471,0.15139061,0.16395184,0.18163854,0.16582114,0.12633958,0.16437197,0.14578155,0.13681804,0.13219458,0.16472946,0.18794982,0.15328877,0.15353349,0.16852847,0.16012809,0.14078516,0.15044238,0.14658317,0.16977103,0.14786908,0.1365608,0.15952897,0.1573514,0.16273281,0.12771812,0.16673015,0.17524263,0.15966353,0.14860319,0.13179885,0.14661025,0.15420575,0.1617974,0.1381295,0.1582703,0.16925994,0.19021389,0.16253765,0.17462203,0.15474236,0.17280829,0.171793,0.12933508,0.14336863,0.15527667,0.16649857,0.15917462,0.15234414,0.15978196,0.13159494,0.17867503,0.15679666,0.18011296,0.16262409,0.14321804,0.1589037,0.16953954,0.16603038,0.1893258,0.15745923,0.1505968,0.16849492,0.15472068,0.14232706,0.16239169,0.18432342,0.14674279,0.16267176,0.1468392,0.16063784,0.15949067,0.166256,0.1483646,0.15461767,0.15870744,0.17344265,0.15550995,0.16570905,0.15924273,0.16798364,0.13416606,0.13651721,0.15957937,0.15079382,0.16483779,0.16562691,0.15909608,0.15040359,0.1645022,0.15153581,0.17017728,0.15341088,0.16769013,0.1555712,0.16975664,0.15406235,0.17352508,0.15917435,0.16430932,0.13492344,0.17708236,0.16359133,0.16312104,0.14482301,0.1493209,0.16089463,0.16773549,0.1615668,0.17582227,0.15147619,0.14780854,0.1601099,0.17302951,0.15119821,0.16850005,0.16606174,0.14443213,0.16952534,0.178799,0.16279815,0.15025671,0.17413548,0.1682849,0.1595086,0.16746077,0.14974213,0.15309465,0.16572556,0.16278905,0.19262108,0.158001,0.13347232,0.16901053,0.15090579,0.1569469,0.1537,0.1634601,0.1587112,0.15130457,0.17652668,0.15896982,0.13729548,0.1505214,0.14803883,0.16889861,0.1706105,0.15485953,0.1681504,0.15162346,0.16028173,0.15765576,0.15375309,0.17706868,0.16075763,0.16197039,0.16041619,0.15593266,0.15348072,0.15703154,0.16979781,0.1594747,0.1641599,0.15229282,0.15159903,0.1470385,0.15591206,0.16169125,0.15739876,0.1592128,0.14066875,0.12775454,0.15647045,0.19274218,0.13489674,0.16178653,0.14918883,0.17788985,0.15922464,0.18262531,0.15628229,0.16014668,0.15617095,0.15326622,0.1424152,0.14411785,0.16170186,0.16343331,0.13831507,0.14491728,0.16523992,0.16823716,0.1546702,0.14062467,0.16812465,0.14921874,0.17358384,0.15245365,0.15190998,0.17448427,0.1610727,0.16651285,0.16326728,0.17314255,0.17144632,0.15039478,0.14045341,0.15977961,0.16185752,0.13938852,0.1917664,0.16439584,0.15400843,0.15718493,0.17282304,0.1498827,0.13738152,0.16723694,0.19108617,0.15062717,0.1677881,0.15256172,0.1519829,0.14868656,0.15470888,0.1464577,0.1516163,0.16630611,0.17370225,0.16100633,0.15914132,0.16505648,0.15961729,0.14624646,0.18294807,0.14487194,0.16290104,0.1598968,0.17925763,0.15670457,0.15580986,0.1500478,0.16004282,0.16728872,0.1541054,0.15538107,0.15729564,0.18168898,0.14805616,0.17861079,0.16333467,0.15032026,0.14051895,0.15286219,0.14205155,0.16777298,0.16950068,0.15575504,0.15643236,0.14597453,0.1360116,0.16851223,0.15959422,0.16033386,0.15602589,0.15946506,0.1638476,0.15980351,0.16551547,0.17163031,0.14925458,0.14318599,0.16521254,0.1565851,0.15863839,0.14180356,0.14420965,0.15342091,0.14749184,0.14460325,0.15822797,0.15892379,0.16561559,0.13012186,0.16866213,0.15242143,0.16176262,0.13912918,0.15374365,0.1523054,0.18834643,0.16050567,0.1480914,0.1614308,0.14497091,0.16823551,0.15883364,0.13902575,0.16369262,0.18680999,0.16402045,0.15890096,0.14743337,0.14710389,0.1646393,0.15854731,0.16007523,0.1754525,0.16127801,0.16497111,0.17877355,0.16269027,0.15637264,0.14336857,0.14268431,0.15588808,0.1715108,0.14250597,0.17227826,0.16844843,0.1482719,0.15878573,0.15548488,0.15679586,0.14848728,0.13855359,0.15184146,0.14829445,0.18421608,0.16760048,0.16560373,0.16822422,0.15481944,0.15098941,0.15563798,0.16283682,0.1714222,0.13883631,0.13824047,0.15812649,0.14193946,0.1399208,0.16289729,0.15342142,0.14492455,0.15589617,0.16389927,0.15751989,0.15485808,0.1529967,0.16304073,0.17359307,0.14965113,0.16200852,0.1827718,0.16884065,0.17090896,0.156968,0.1529277,0.16883914,0.16101901,0.13998309,0.15587851,0.15239151,0.16059412,0.15459532,0.13982508,0.15330128,0.16793165,0.13918032,0.15466627,0.15153259,0.15509033,0.14995542,0.15814906,0.15415221,0.15877706,0.14784637,0.16581851,0.1603006,0.14381047,0.1554226,0.15270191,0.1703278,0.1631369,0.15309314,0.17693655,0.16373058,0.15638803,0.15661962,0.16993985,0.15780899,0.15522486,0.15644328,0.14394248
1.2002282,1.2064104,1.1908971,1.2103022,1.2329799,1.1936417,1.1946731,1.1853048,1.1869234,1.1782215,1.1952324,1.2012436,1.190515,1.1964291,1.1744653,1.2117894,1.1821959,1.1920288,1.1929082,1.1924232,1.2018526,1.1980144,1.2063979,1.2071213,1.2069486,1.2032139,1.2065243,1.2048795,1.2151085,1.1883527,1.1968504,1.1943986,1.1995538,1.1941271,1.1998811,1.215788,1.1752028,1.1896251,1.203412,1.1840855,1.2096791,1.2021931,1.200477,1.1983066,1.1990921,1.2067003,1.1951842,1.1999307,1.203108,1.1992122,1.1983157,1.1814927,1.2018911,1.2016026,1.215316,1.2033001,1.2072873,1.1992257,1.1949688,1.2061667,1.197511,1.2029896,1.192043,1.1832575,1.1927129,1.1961999,1.1901965,1.1925621,1.2012209,1.19497,1.2049677,1.2001442,1.1909252,1.1751393,1.1958652,1.1879665,1.1825277,1.2000349,1.1898577,1.2043725,1.2150536,1.2024578,1.2187703,1.2127129,1.1923245,1.1932492,1.191612,1.1881858,1.2044224,1.2046654,1.1918591,1.1904178,1.1981586,1.1950979,1.1942978,1.1798693,1.2039843,1.1927619,1.207899,1.205884,1.199021,1.1811601,1.2027302,1.1986117,1.2037008,1.2013582,1.1966652,1.2209234,1.2054182,1.1928208,1.1997299,1.1974208,1.2026051,1.1912951,1.1962146,1.2064426,1.1976312,1.1849812,1.1905534,1.1932217,1.1918715,1.1990476,1.197566,1.1895118,1.1952635,1.2010016,1.1664296,1.2064513,1.197887,1.2045683,1.2012789,1.2155575,1.1933362,1.1896293,1.2101009,1.2027557,1.2003746,1.2010212,1.2025989,1.2006524,1.1914955,1.2060486,1.1860174,1.1880904,1.2022109,1.193017,1.1882126,1.1885439,1.1900679,1.2070168,1.1991714,1.2022744,1.2003838,1.2023673,1.1954345,1.2048492,1.2001734,1.1937921,1.1882415,1.2008783,1.1821442,1.1830535,1.1913468,1.1952307,1.1919751,1.2069565,1.192003,1.1979278,1.1717799,1.1907763,1.1847652,1.1920669,1.1998943,1.2017064,1.2074316,1.1957577,1.2042643,1.2123132,1.1702489,1.1991764,1.1941147,1.2143928,1.2122322,1.1854644,1.1936734,1.199582,1.1939592,1.2223531,1.2031183,1.1892695,1.1934988,1.2045357,1.2001548,1.2050676,1.1913109,1.1954014,1.2020036,1.2083673,1.1824859,1.1940131,1.1952592,1.1778518,1.2104843,1.194334,1.1831918,1.2118583,1.1977177,1.1780249,1.2079153,1.1913441,1.1990387,1.2043914,1.1925864,1.1975086,1.182361,1.1970077,1.1918169,1.2038256,1.2040738,1.2051995,1.1958514,1.2021697,1.2023823,1.1896515,1.1955769,1.1758713,1.2180492,1.1913372,1.2043426,1.1862136,1.1808058,1.181197,1.2034477,1.1961118,1.2033957,1.2003945,1.1991507,1.1932296,1.20003,1.2042671,1.2105837,1.1823974,1.2038153,1.1884637,1.1992444,1.1865515,1.2032751,1.2153349,1.1944842,1.201366,1.2093046,1.1919583,1.1963499,1.1980394,1.2002665,1.1981617,1.1971332,1.2080299,1.203435,1.1761191,1.1897407,1.1887467,1.1977243,1.2167542,1.193402,1.1989479,1.2016037,1.214672,1.2011302,1.2185199,1.1844035,1.1900431,1.2140238,1.1980052,1.2037909,1.2102737,1.2169081,1.1941385,1.201964,1.1971959,1.1865445,1.2026402,1.1814406,1.2017264,1.2116417,1.2189832,1.1860207,1.1922792,1.2090322,1.1860367,1.2178415,1.1889441,1.1792934,1.1912515,1.1880307,1.2162727,1.2050142,1.2030491,1.1885798,1.1949155,1.1920269,1.1947107,1.1964403,1.1885779,1.205222,1.1993668,1.2053388,1.1908857,1.1928178,1.1939989,1.1881783,1.1975216,1.1848589,1.2087779,1.1935691,1.1929408,1.1962061,1.1894454,1.2013371,1.2124901,1.1926304,1.2011288,1.1975803,1.2023032,1.1935806,1.2073671,1.1889932,1.2131927,1.2013392,1.2173986,1.197897,1.2060115,1.1974376,1.1811537,1.1860242,1.1904607,1.1999775,1.2170004,1.2031454,1.1925026,1.1921597,1.1893591,1.2026798,1.1833799,1.2036121,1.202511,1.2023278,1.1938039,1.1938692,1.1988854,1.1922984,1.1980613,1.206856,1.1976368,1.2110394,1.2099657,1.1983078,1.2040449,1.1958486,1.1992171,1.2080586,1.1892875,1.1917604,1.2104222,1.2010694,1.2119794,1.1954001,1.1730187,1.2043141,1.2093439,1.2011834,1.1890922,1.1851934,1.191679,1.1980681,1.2044573,1.2110989,1.192769,1.1997098,1.2094429,1.1991816,1.2011293,1.1882653,1.1736021,1.2021267,1.1893603,1.187243,1.1846951,1.175462,1.1922575,1.1968274,1.1957659,1.2028158,1.1871749,1.2189435,1.2142208,1.202976,1.1944553,1.207454,1.1948293,1.194208,1.1853255,1.2109934,1.1941552,1.1806562,1.1852361,1.1823233,1.2099551,1.1930964,1.1951182,1.1968006,1.2046264,1.1953819,1.173736,1.1904441,1.2116741,1.184571,1.2026043,1.1990094,1.2071955,1.191396,1.1846869,1.202312,1.2013975,1.1819865,1.2009584,1.188182,1.2244077,1.1820549,1.1820259,1.2030573,1.1859471,1.200732,1.1920997,1.1920962,1.1913444,1.1962935,1.1820512,1.2012194,1.2095846,1.198923,1.2142162,1.2013962,1.2090001,1.212504,1.1920775,1.1846045,1.1886971,1.1795893,1.2079933,1.201641,1.171121,1.1931539,1.2023429,1.2051978,1.1885782,1.1935658,1.2005326,1.1997867,1.1962507,1.2144963,1.2055207,1.1932179,1.2046001,1.2209055,1.1695492,1.193746,1.1876113,1.1903806,1.2083516,1.2012143,1.1854688,1.207819,1.1836569,1.2014184,1.216189,1.2077146,1.2013658,1.2092193,1.2095389,1.1891617,1.180191,1.2113049,1.1967828,1.1893165,1.1992321,1.1902913,1.1972432,1.2118012,1.2137725,1.2107127,1.1907256,1.1905832,1.1991551,1.20742,1.1927316,1.2070751,1.1931723,1.1921152,1.2124724,1.1933132,1.223444,1.2102392,1.1840684,1.20215,1.1793977,1.1859851,1.1905202,1.2067573,1.1963933,1.1885126,1.1799827,1.2138727,1.2019917,1.1825057,1.1923034,1.1770992,1.1974782,1.2217965,1.2171946,1.1949673,1.2043505,1.2022243,1.1991414,1.2108454,1.2009803,1.195946,1.1729771,1.1848807,1.1881986,1.1929275,1.1953614,1.204669,1.2095084,1.1930968,1.2065983,1.1815702,1.2024806,1.209582,1.2106417,1.2142729,1.1895127,1.2125034,1.2013671,1.1941184,1.2051703,1.2195,1.2190132,1.1927388,1.1693252,1.2088552,1.2025099,1.1988757,1.1800594,1.2104218,1.2044283,1.188087,1.1963894,1.189466,1.2072872,1.1936861,1.2144157,1.1916184,1.1997066,1.2093272,1.1822194,1.1794294,1.195626,1.1729634,1.1892918,1.2015074,1.1745572,1.1970232,1.1841058,1.2176068,1.190869,1.1885835,1.2099315,1.198614,1.1957902,1.2171017,1.2092406,1.1899703,1.1995794,1.2038581,1.207109,1.1889834,1.2009552,1.1946199,1.2004471,1.190131,1.1923517,1.1851506,1.2109638,1.1971376,1.2223024,1.1809547,1.187101,1.2050381,1.2000163,1.2032198,1.2111176,1.1843717,1.2090027,1.1720388,1.1818515,1.2002339,1.1930847,1.199397,1.2042172,1.1915214,1.1956905,1.2293915,1.2109433,1.2128441,1.1974504,1.2007498,1.2025303,1.1995593,1.2033446,1.1976248,1.196784,1.1825862,1.2102455,1.2012528,1.2134874,1.1763675,1.1940643,1.1928916,1.1882776,1.1878814,1.1959443,1.1821942,1.1783967,1.2004219,1.1961141,1.2046326,1.1897335,1.1896712,1.2042954,1.1721545,1.196687,1.1887932,1.1964101,1.1826587,1.1884387,1.2049868,1.1800001,1.1989757,1.1845713,1.2074901,1.1729676,1.2055671,1.2020456,1.2041854,1.2056803,1.1848036,1.1979779,1.2196008,1.1687146,1.1999017,1.2124975,1.2115842,1.2082233,1.1732032,1.1914556,1.1936934,1.2024508,1.2012194,1.1972536,1.1971929,1.1940684,1.1978748,1.2015066,1.1914616,1.1886859,1.1809562,1.2104775,1.1926632,1.2105566,1.1890895,1.2210361,1.1955366,1.1790786,1.2106084,1.2091889,1.2006238,1.2166828,1.1899898,1.1940609,1.2031386,1.199487,1.204903,1.205664,1.2118096,1.1846823,1.2009373,1.213577,1.2149457,1.2029294,1.20328,1.2013865,1.1946285,1.205049,1.2069488,1.2042174,1.1896987,1.1851343,1.1907214,1.1776352,1.2028071,1.208918,1.1974784,1.1870703,1.2092944,1.2059073,1.19561,1.1990744,1.1920543,1.1959466,1.1840373,1.1804869,1.1786317,1.1971179,1.2021892,1.201784,1.1920508,1.1973485,1.1914262,1.188082,1.2189145,1.1928812,1.2041802,1.2203072,1.1687604,1.2066774,1.1946068,1.2054026,1.1970353,1.1953483,1.2046337,1.1818824,1.1922853,1.206249,1.203399,1.1815805,1.2100006,1.1932501,1.1893811,1.1930262,1.1965516,1.19745,1.1968639,1.1812341,1.1853245,1.2005172,1.2012783,1.1775843,1.184059,1.187809,1.1918501,1.1977041,1.1847522,1.2215532,1.19102,1.199872,1.1965951,1.1972301,1.2016023,1.2063397,1.1892072,1.1813333,1.2060956,1.2036282,1.1900083,1.1936074,1.1923852,1.1897018,1.1956455,1.1897873,1.1913124,1.2045177,1.2003044,1.2015871,1.1866131,1.1937606,1.2052827,1.1911063,1.2189755,1.1971503,1.201532,1.1875849,1.211482,1.1802104,1.2022218,1.2034911,1.178425,1.1784961,1.2079126,1.2088037,1.1877357,1.182631,1.1953844,1.1934762,1.1882985,1.2005959,1.1981246,1.19852,1.2066092,1.189047,1.2136501,1.1942632,1.1924787,1.1952661,1.1923418,1.1812458,1.1774839,1.1767087,1.1940458,1.1866227,1.2116382,1.1720138,1.1971066,1.180068,1.2008163,1.2111317,1.1923132,1.1908321,1.1895509,1.2026718,1.1925108,1.2126739,1.186065,1.193179,1.2080386,1.2067398,1.2026548,1.1963335,1.1792138,1.1890521,1.193551,1.199805,1.1922525,1.193917,1.196911,1.2076541,1.1948341,1.1942837,1.184141,1.1845523,1.2062026,1.1947699,1.1879393,1.2179698,1.1919167,1.1916175,1.2053868,1.2165239,1.2305708,1.1630555,1.1967043,1.1860422,1.1979139,1.1940999,1.1917332,1.2083944,1.2019011,1.1807905,1.22364,1.1814349,1.2135893,1.1841906,1.1863117,1.194118,1.1802574,1.192914,1.2148038,1.1895009,1.1860695,1.2194763,1.2035936,1.1935958,1.2065431,1.1962886,1.2036697,1.223085,1.2009923,1.1898614,1.2164214,1.2138236,1.198027,1.2001035,1.2042673,1.1840856,1.1939393,1.2110476,1.1988003,1.2005379,1.1987413,1.204069,1.2073272,1.1904435,1.1958938,1.1900601,1.2026676,1.1920264,1.1685351,1.2178252,1.204887,1.1945221,1.1929096,1.2080908,1.2203209,1.1909039,1.1929413,1.208709,1.19979,1.1775775,1.1881199,1.1985385,1.1977084,1.1850876,1.2014842,1.1835886,1.1990949,1.221866,1.200184,1.1729896,1.1958697,1.1958494,1.1974366,1.2133745,1.1946111,1.1739504,1.1965548,1.1952581,1.1894952,1.1980258,1.1979861,1.2052406,1.1870631,1.1834158,1.2144958,1.2132512,1.1836652,1.2011479,1.2094913,1.1947265,1.2000715,1.2138855,1.1866046,1.1945745,1.1975086,1.1920061,1.2016362,1.1850727,1.2064995,1.2122362,1.2097255,1.2006706,1.1912477,1.1987821,1.1883339,1.1722689,1.2027718,1.2065935,1.1913294,1.1900066,1.2013421,1.2167825,1.2105738,1.2137332,1.1976448,1.1790833,1.2093161,1.1940918,1.1864196,1.194518,1.1904371,1.2055348,1.1983944,1.2026465,1.1959879,1.2059393,1.1954697,1.2021561,1.1814803,1.1860889,1.1830707,1.2017683,1.1914041,1.1912012,1.1873568,1.1927015,1.1936774,1.2003187,1.1852959,1.1761022,1.197333,1.2035002
1.2019564,1.1858776,1.180453,1.2245975,1.2061274,1.1929239,1.1927029,1.1735618,1.1862872,1.2002228,1.1892576,1.2139288,1.1954298,1.1985437,1.1789843,1.2204134,1.1851441,1.1827983,1.1780962,1.1936615,1.2046199,1.2032014,1.2046853,1.1892824,1.2019687,1.2068418,1.1961678,1.2036176,1.1963444,1.1808245,1.1937642,1.1912767,1.2091128,1.205305,1.1874068,1.1867791,1.1881783,1.1988302,1.2015761,1.1757699,1.2075495,1.2011124,1.1869006,1.1993691,1.202147,1.1922984,1.1896734,1.205042,1.1789707,1.1934637,1.1880445,1.1759624,1.1947114,1.2177882,1.2050428,1.1820993,1.1942631,1.2181435,1.1991801,1.2061528,1.1878875,1.1953005,1.19915,1.1869628,1.1892962,1.2079607,1.2222304,1.1933123,1.195733,1.1824468,1.2018337,1.1944897,1.1860367,1.1734654,1.1977773,1.1826075,1.1778526,1.2012881,1.1896826,1.2032375,1.1975108,1.1900065,1.2003136,1.2041366,1.201892,1.1920791,1.199273,1.1966221,1.1824243,1.1788436,1.1749314,1.1983151,1.1765223,1.1891026,1.1821617,1.2038844,1.2109691,1.1697042,1.1807296,1.2097921,1.1878167,1.1872259,1.1859472,1.1863781,1.1927549,1.1961312,1.1969297,1.2197986,1.195038,1.1843047,1.1753343,1.1928463,1.1916608,1.1875641,1.19657,1.2051263,1.1940311,1.1946507,1.1923788,1.1967019,1.1935558,1.1771241,1.2007922,1.180407,1.2006185,1.1899855,1.170674,1.2104495,1.206836,1.1995354,1.2028797,1.2132664,1.1822532,1.18989,1.2007446,1.188181,1.2052914,1.2000196,1.1882386,1.1973345,1.1764416,1.2047398,1.190719,1.1845646,1.1996326,1.1814855,1.1782683,1.207228,1.1976964,1.1886867,1.2086099,1.2058051,1.1918142,1.1909156,1.1851592,1.1797721,1.1865455,1.1965806,1.1765735,1.1786441,1.1915499,1.1718764,1.1711597,1.2004141,1.1803894,1.2003591,1.2185229,1.2035478,1.1886594,1.1918759,1.1688789,1.1796997,1.1998287,1.1994528,1.1962665,1.1920567,1.1916144,1.202033,1.1826394,1.1947011,1.2008384,1.199278,1.1880851,1.2067838,1.1802812,1.1956098,1.1883445,1.1808138,1.2126276,1.185938,1.1945423,1.1986287,1.1884432,1.1943502,1.1625509,1.1923002,1.1862197,1.1996702,1.1846272,1.2027409,1.1637098,1.1958185,1.1952964,1.2032576,1.1889412,1.1877623,1.1911772,1.2038243,1.2043624,1.2012491,1.207176,1.2027307,1.1954898,1.19636,1.1912557,1.1817505,1.1789105,1.1914291,1.1802084,1.2187313,1.2089877,1.1923168,1.1960682,1.181822,1.20461,1.1961615,1.2133733,1.1941171,1.2048174,1.16977,1.190123,1.1948078,1.1940593,1.1990408,1.1982757,1.1936142,1.2032552,1.2021334,1.1961843,1.195824,1.2173345,1.1916163,1.1882241,1.1868991,1.1878881,1.18428,1.197916,1.2054797,1.1866392,1.2107921,1.1995877,1.1709518,1.1891159,1.1882584,1.1802146,1.1785245,1.2069257,1.2038776,1.1992341,1.2009385,1.1955227,1.1903653,1.194275,1.1947764,1.2087535,1.2216681,1.1983997,1.1782687,1.1963391,1.1977862,1.1898727,1.1768022,1.2085149,1.2151521,1.194726,1.1996181,1.1995404,1.1821865,1.1900892,1.181794,1.1867605,1.2033267,1.2025046,1.2066687,1.2025038,1.2104275,1.2065285,1.1718181,1.1997414,1.1970186,1.1999582,1.2075461,1.1915113,1.1690614,1.1956682,1.1979855,1.1878392,1.2009892,1.2121356,1.1756852,1.1764599,1.1831676,1.1854879,1.1911877,1.1934874,1.2017933,1.1953022,1.2124647,1.1849439,1.185277,1.1896054,1.1970018,1.1923754,1.196119,1.2019668,1.1748345,1.2219539,1.1866477,1.1784883,1.1773491,1.1965925,1.16896,1.1752579,1.2026379,1.1785516,1.1934522,1.1928136,1.1892065,1.2151977,1.187677,1.2062293,1.2087524,1.1856498,1.2039533,1.1789664,1.1787468,1.1824255,1.2094504,1.2153398,1.1890928,1.1862043,1.2048609,1.1899458,1.2034609,1.2061757,1.207793,1.2185694,1.1869291,1.2090847,1.1927948,1.2074019,1.1862745,1.217714,1.2021238,1.1982511,1.1885916,1.2162392,1.1972375,1.184147,1.2038717,1.1958898,1.1805954,1.1987252,1.1812156,1.1998353,1.2112887,1.1885548,1.184632,1.1911751,1.1776693,1.1938711,1.1916023,1.1953236,1.1900116,1.1931456,1.2033212,1.1840345,1.1860106,1.2049376,1.2202215,1.2135636,1.2023785,1.214841,1.1805161,1.178057,1.1840359,1.173553,1.2059181,1.1782291,1.1952922,1.183046,1.1910765,1.2053686,1.1992226,1.1991203,1.2222897,1.1919322,1.193589,1.1878941,1.1783062,1.1921779,1.1836144,1.2253289,1.1900982,1.1796072,1.195651,1.1741467,1.1943576,1.1948413,1.198207,1.1800067,1.1833792,1.1952883,1.1820561,1.2051158,1.1849865,1.1827862,1.1880021,1.1927178,1.2111368,1.1814005,1.191437,1.187808,1.1832644,1.1877334,1.1976128,1.2062405,1.1810558,1.1886361,1.193273,1.2120148,1.1972541,1.1807371,1.1741004,1.20924,1.1820062,1.1975864,1.2131314,1.1944356,1.1959068,1.1926453,1.2071915,1.1964952,1.2189453,1.1972532,1.1855464,1.1974597,1.2023754,1.1932952,1.1996166,1.1967695,1.1889412,1.1888018,1.1922309,1.1987422,1.1941624,1.1978778,1.1930794,1.2157336,1.2079512,1.1983739,1.2047276,1.2444749,1.2102782,1.2013283,1.1918964,1.2036263,1.1906868,1.1913289,1.2111803,1.1773764,1.1703376,1.2108774,1.2003324,1.1917299,1.2136445,1.2035869,1.1896583,1.2038542,1.1994708,1.2044065,1.1701852,1.1943642,1.1762288,1.1912888,1.1855909,1.1924057,1.1835904,1.1998804,1.1984633,1.196406,1.1968467,1.1876253,1.1727755,1.1963378,1.1906899,1.1682677,1.1853049,1.1772065,1.2010398,1.2119057,1.2191998,1.1813871,1.1698508,1.1970519,1.1880208,1.1860914,1.1930277,1.2041361,1.1978755,1.1700668,1.1954402,1.1797547,1.1989908,1.1709986,1.1983255,1.1909007,1.1955752,1.2103815,1.2334136,1.1810206,1.1968317,1.1831149,1.1844605,1.1749562,1.1966687,1.1998229,1.1732919,1.1834856,1.2083532,1.1871549,1.1815223,1.17789,1.194873,1.1846913,1.2076135,1.1850884,1.1898776,1.1990528,1.1913334,1.1765099,1.2027422,1.1979369,1.1900882,1.1918176,1.1896509,1.2130327,1.188005,1.1767037,1.1963643,1.1961527,1.1893611,1.1943035,1.1930873,1.1875566,1.1972532,1.2065912,1.1825202,1.1810902,1.186442,1.1999699,1.1945527,1.1971415,1.1828916,1.1941296,1.181878,1.1809217,1.200804,1.1783702,1.1957507,1.1830858,1.2037214,1.2017888,1.20812,1.215763,1.1772387,1.2026619,1.214742,1.2197443,1.1937709,1.2122658,1.1728107,1.1930141,1.1757894,1.2141726,1.1817161,1.1877435,1.2135116,1.19087,1.1935894,1.1703885,1.1939621,1.1952382,1.201058,1.1802369,1.2079786,1.1896647,1.2080076,1.2064446,1.1738544,1.2058104,1.1796027,1.2050307,1.2057894,1.1860932,1.1851281,1.182234,1.1829469,1.2027353,1.1846963,1.2125988,1.1872491,1.2180688,1.1902508,1.1943558,1.2081273,1.1631699,1.1912547,1.2112743,1.2067078,1.1778775,1.1754591,1.1972934,1.191474,1.1892573,1.2084539,1.1994097,1.1805094,1.1907711,1.184273,1.2004148,1.1995244,1.1518458,1.1788651,1.2159251,1.1979729,1.1850498,1.2009459,1.1766409,1.2073741,1.1736907,1.1800557,1.1961322,1.1895843,1.1686707,1.1945632,1.200677,1.197,1.2213335,1.1882179,1.1930509,1.1760141,1.1849926,1.2023311,1.1793066,1.1884135,1.1724554,1.1656961,1.2100997,1.1860484,1.2050736,1.1932448,1.1971505,1.1827257,1.198132,1.1954689,1.1875685,1.2003353,1.1990093,1.1844087,1.1876088,1.191273,1.1904974,1.1890074,1.2016697,1.1892242,1.1696858,1.1966457,1.186064,1.2060002,1.203356,1.1817783,1.1936065,1.1945487,1.2008516,1.1894696,1.2010686,1.2303566,1.1930555,1.1876978,1.205698,1.1809655,1.1897076,1.1967151,1.1983275,1.1850338,1.2023599,1.2334852,1.1852527,1.1923857,1.1976793,1.1943597,1.1851014,1.2151985,1.1821926,1.2196904,1.1856565,1.1912413,1.2040884,1.1920443,1.210168,1.1993576,1.2059815,1.1857626,1.1818743,1.2141659,1.1822785,1.1808836,1.186927,1.2112465,1.1765345,1.1956192,1.1830869,1.1862348,1.1914183,1.198928,1.185614,1.1731749,1.1693046,1.183492,1.2035205,1.1969658,1.2081904,1.1890658,1.1869074,1.1744509,1.1840261,1.1885512,1.1767719,1.1950438,1.2077869,1.1798288,1.1932757,1.20793,1.1926396,1.1910409,1.2071797,1.1787068,1.1882371,1.1941049,1.1819227,1.2044228,1.1878037,1.199612,1.1942466,1.2005429,1.1820128,1.1947942,1.1769447,1.1939248,1.199743,1.199018,1.1776856,1.204761,1.1949236,1.1906275,1.2017734,1.19856,1.1994861,1.1951953,1.1831161,1.1854287,1.202539,1.1779642,1.1634146,1.1995373,1.2033415,1.192931,1.1809802,1.1987728,1.1989075,1.193736,1.192998,1.1930075,1.2162168,1.2213174,1.2058207,1.1904492,1.2068657,1.1849924,1.2083881,1.1963866,1.1933128,1.2085032,1.1960013,1.1855265,1.1855552,1.1980112,1.1947706,1.2003818,1.2051551,1.1739285,1.1668143,1.2033223,1.2135581,1.2173687,1.1899481,1.210849,1.1912177,1.1930012,1.2113097,1.1881969,1.1974919,1.1778274,1.2204603,1.1850936,1.1901226,1.187789,1.1954857,1.1827524,1.1874899,1.1734712,1.19438,1.1820426,1.182219,1.199985,1.1929754,1.2000184,1.1946404,1.1906967,1.2016928,1.1783864,1.1845304,1.1921456,1.2203726,1.2014561,1.2075193,1.1828295,1.1832869,1.1810585,1.199643,1.1831362,1.1809058,1.1939703,1.1958705,1.1893448,1.1909182,1.2005391,1.1876979,1.182402,1.1944557,1.1763176,1.1961311,1.2178212,1.174678,1.185538,1.1968948,1.2175409,1.2121477,1.1902789,1.1857994,1.2095094,1.2030673,1.1762604,1.191735,1.2032037,1.201562,1.1911405,1.2008194,1.1827761,1.1752456,1.1985298,1.1864482,1.1748166,1.1848327,1.2033048,1.2045835,1.2067676,1.1871243,1.193344,1.1912602,1.1919115,1.2012757,1.2052206,1.1780279,1.1836829,1.2114339,1.196556,1.216027,1.1888036,1.1796242,1.1906114,1.2156785,1.1930802,1.2044727,1.2044331,1.1801842,1.2065628,1.205402,1.2127424,1.1881647,1.170536,1.1687263,1.2009878,1.1922145,1.1933846,1.1907316,1.1951826,1.1933026,1.2019002,1.1675138,1.205687,1.1859826,1.1994615,1.1784145,1.1933584,1.2010789,1.1885744,1.1888454,1.1938928,1.1794878,1.1969893,1.2013885,1.2099735,1.1864128,1.2193953,1.2032306,1.182997,1.196541,1.2016083,1.1770885,1.2132566,1.197359,1.1842859,1.2092595,1.1984718,1.1778777,1.1971737,1.1901548,1.1881076,1.1863602,1.1817777,1.2081171,1.2177795,1.1882176,1.201693,1.2164176,1.1994101,1.2015632,1.2022631,1.1965827,1.1845186,1.2034678,1.1944473,1.198106,1.2040662,1.1890538,1.2075338,1.1776165,1.1893748,1.1760278,1.1766852,1.188034,1.1733925,1.1856673,1.1994162,1.1903297,1.1809175,1.2097827,1.2038535,1.2004468,1.1785908,1.2105687,1.1678745,1.1938602,1.1932523,1.2038983,1.1733807,1.1910062,1.2027043,1.1845084,1.2009068,1.1784687,1.2028929,1.1835979,1.1968005,1.1884232,1.1990825,1.2009805,1.2037494,1.175383,1.1845104,1.1867661,1.2063239,1.215228,1.2093765,1.2025492,1.1946648,1.1959323,1.211316
1.357107,1.3575075,1.3369894,1.3680353,1.3341259,1.3364314,1.3380047,1.3381352,1.3318769,1.3324482,1.3470265,1.3534231,1.3402487,1.3454595,1.32302,1.3491268,1.3223975,1.3383851,1.3609569,1.3501202,1.3306932,1.3455651,1.3523858,1.3385451,1.3439128,1.3515923,1.3278717,1.3320156,1.3509823,1.3201848,1.3358067,1.3586017,1.3405203,1.3450072,1.3438598,1.3458643,1.3377925,1.3323443,1.3320212,1.3341134,1.3256236,1.3385834,1.3293941,1.3233825,1.3401709,1.347397,1.3385224,1.3288668,1.3440353,1.3453367,1.336397,1.3535398,1.3285406,1.3453984,1.3121713,1.3326448,1.3409277,1.3217978,1.3229189,1.3414879,1.3405788,1.3693415,1.3511866,1.3386695,1.3539433,1.3507228,1.3606181,1.348687,1.3606833,1.3221385,1.3227742,1.3532015,1.3328366,1.3172327,1.3464166,1.3445048,1.3213012,1.337305,1.3651497,1.3663255,1.3360621,1.3427466,1.3498837,1.3469911,1.3305775,1.3465135,1.3467202,1.3477694,1.351737,1.3515674,1.3481805,1.3511723,1.3487521,1.3420882,1.3393635,1.322244,1.3671215,1.3292758,1.3387203,1.3250614,1.3334662,1.3344926,1.3760148,1.3306905,1.3102423,1.3456024,1.3420342,1.3610193,1.3546712,1.3381867,1.3346893,1.3315237,1.3317379,1.3250068,1.3315372,1.3403665,1.3344309,1.342807,1.3390567,1.3366206,1.3527043,1.3379745,1.3225327,1.3393631,1.3512546,1.3293434,1.3133131,1.3429618,1.3329444,1.345631,1.3367869,1.3374612,1.3223183,1.3090258,1.3492842,1.3456349,1.3302584,1.3510691,1.3461891,1.3379704,1.3322686,1.3362767,1.3507363,1.3374391,1.3448106,1.3535367,1.34245,1.3270173,1.3454075,1.338945,1.329544,1.3458225,1.3347937,1.3384993,1.3307941,1.3379482,1.3420402,1.332095,1.3464977,1.3336208,1.3589664,1.3266591,1.3334433,1.3332624,1.3289642,1.3361069,1.3442438,1.3493757,1.3260746,1.3380117,1.3608732,1.3443677,1.347334,1.3304994,1.3426534,1.3439181,1.333313,1.3555524,1.3277406,1.3510603,1.3323373,1.3375489,1.3234863,1.3424866,1.3255137,1.3440976,1.3486902,1.3267974,1.3609052,1.328588,1.3550471,1.3371364,1.3411094,1.3438065,1.3183372,1.3459847,1.3292185,1.3320032,1.3332317,1.3434422,1.3192575,1.3262556,1.3577232,1.3447196,1.3357152,1.3435652,1.3603982,1.3363987,1.331168,1.3484759,1.3640053,1.3314437,1.3338227,1.3441559,1.33144,1.3385016,1.3439527,1.3379213,1.3338661,1.3509271,1.3294096,1.3296419,1.33794,1.3388411,1.3392394,1.3323412,1.3545108,1.3404762,1.3387641,1.3193583,1.3260905,1.3482788,1.3706964,1.3642533,1.3485105,1.3492419,1.3629426,1.3445511,1.3262346,1.3487098,1.3596684,1.34692,1.3387802,1.3261626,1.3316227,1.3568892,1.3409505,1.3293896,1.3415745,1.3470607,1.3399585,1.3290132,1.3452996,1.3436084,1.3430558,1.3437765,1.3367927,1.3281701,1.3511248,1.3573427,1.3468028,1.3243254,1.342559,1.3286256,1.3562201,1.3534833,1.331081,1.3468727,1.3413383,1.333426,1.3349266,1.3463005,1.3388177,1.3589753,1.3464402,1.3394821,1.3379992,1.3307536,1.351491,1.3428383,1.3299401,1.3418485,1.3248953,1.3424788,1.347645,1.3507655,1.3483944,1.3169736,1.3542279,1.3328669,1.3491544,1.3508958,1.3290119,1.3411269,1.371506,1.3584707,1.3211877,1.3563879,1.3703897,1.3292392,1.3305355,1.3202571,1.3361179,1.3470174,1.3572166,1.3455446,1.3529091,1.3409666,1.3284508,1.3466763,1.3108675,1.3457894,1.3410116,1.3255649,1.3466283,1.3352655,1.3399007,1.3298303,1.3301488,1.3335947,1.3519487,1.3452474,1.3316798,1.325967,1.3381325,1.3572735,1.3398646,1.3338965,1.3578523,1.3307486,1.3429352,1.3434463,1.3239026,1.3484306,1.3262485,1.3376997,1.3411269,1.333529,1.3551792,1.3292254,1.3448775,1.340837,1.3270855,1.3488308,1.3519646,1.3263273,1.3783658,1.3400552,1.3515862,1.3549463,1.3361579,1.3262985,1.3371123,1.3382119,1.3361657,1.3437061,1.3226268,1.3314248,1.357636,1.3517869,1.3457308,1.3261844,1.3227295,1.3402184,1.3395928,1.3492172,1.3519541,1.3215526,1.338959,1.3197685,1.3454108,1.3573276,1.3505911,1.35107,1.3256413,1.34181,1.328694,1.3398827,1.3613818,1.3603415,1.3280586,1.3374788,1.3325963,1.3413604,1.3476739,1.3289107,1.3465977,1.3368719,1.3433769,1.3598633,1.343194,1.3515806,1.3401883,1.3330504,1.3543155,1.3565547,1.3482546,1.3339103,1.3553491,1.3289601,1.3577437,1.331615,1.3318768,1.3233227,1.3345257,1.3486352,1.3281971,1.3446363,1.3404354,1.3333472,1.3490429,1.326606,1.351317,1.3304565,1.3438731,1.3332518,1.3538734,1.3587412,1.360323,1.3415438,1.3316873,1.3169209,1.327534,1.338567,1.3439342,1.3499193,1.3296584,1.3360609,1.3638637,1.3395151,1.3430055,1.3485092,1.3241687,1.3336089,1.3474631,1.3378987,1.354335,1.3316305,1.335211,1.3384686,1.3469393,1.3429651,1.3446318,1.3460784,1.337022,1.3190831,1.337538,1.331445,1.3444145,1.3651869,1.3403287,1.3486054,1.3353356,1.3456291,1.3298373,1.3403454,1.32297,1.360612,1.3562065,1.3406736,1.3572379,1.3338563,1.33991,1.3458437,1.3253132,1.3445613,1.3462105,1.3413117,1.3408871,1.3400402,1.3413912,1.3172721,1.3463615,1.3342001,1.3652825,1.3542014,1.3423754,1.3273168,1.33113,1.3617836,1.3621423,1.3213062,1.3496735,1.3476675,1.3427199,1.3311536,1.3661572,1.3457884,1.3462087,1.3198168,1.3528261,1.3355932,1.3410884,1.3637843,1.3511612,1.3233286,1.3361559,1.3409735,1.31001,1.3382516,1.3350406,1.3589734,1.3233902,1.345102,1.3491955,1.338096,1.3484032,1.3385651,1.3559675,1.3508638,1.339645,1.3298231,1.3340689,1.3484083,1.3381013,1.3294626,1.342308,1.3450948,1.351826,1.3730432,1.3281934,1.3300265,1.3298389,1.358403,1.3331845,1.3608367,1.3378338,1.3300848,1.3158311,1.3287822,1.3394337,1.3373178,1.3253756,1.3466433,1.3264492,1.3288239,1.3312677,1.3240744,1.3400117,1.3413193,1.3257867,1.3422884,1.3398843,1.3598568,1.363327,1.3423438,1.3233895,1.3562399,1.3398787,1.3407627,1.3355055,1.3374945,1.3670477,1.3371261,1.3220961,1.346469,1.3495381,1.3392347,1.337459,1.3566008,1.3276364,1.3211949,1.332384,1.3350258,1.3309325,1.3479016,1.3433528,1.3600048,1.3478421,1.3504374,1.344054,1.3386525,1.3561832,1.352991,1.3461941,1.3451018,1.3456992,1.3131694,1.3592416,1.3373156,1.3416317,1.3373343,1.3277752,1.3261739,1.3339711,1.3365163,1.3430393,1.336672,1.3303958,1.3364856,1.3500305,1.3357674,1.3500471,1.354801,1.3314934,1.3467358,1.3352728,1.3351074,1.3393037,1.3478878,1.3386596,1.3372673,1.3407004,1.3422716,1.3406926,1.3449546,1.3325979,1.3416862,1.3657047,1.3082238,1.352362,1.3362967,1.3420544,1.3387576,1.3259206,1.3429023,1.3234028,1.3571754,1.3318712,1.3442317,1.343384,1.326091,1.3561716,1.3317759,1.3480623,1.3399798,1.3408865,1.3382002,1.358365,1.3277223,1.3307954,1.3574351,1.3198954,1.324501,1.346888,1.3337749,1.3459057,1.328188,1.3443439,1.3509492,1.3498772,1.3356941,1.3430413,1.3270552,1.3472612,1.3214225,1.3357167,1.3151476,1.3163724,1.3290046,1.3513962,1.3217009,1.3414627,1.3247219,1.3218513,1.3323271,1.3583144,1.3454996,1.3501853,1.3376793,1.3482093,1.3642011,1.3567069,1.3262944,1.3451474,1.3522798,1.3326569,1.3368331,1.3520646,1.3439312,1.3356507,1.3493776,1.3277392,1.3361287,1.326814,1.3356998,1.3430033,1.3625239,1.3293774,1.3648875,1.3398207,1.3337402,1.3425891,1.3653712,1.3404144,1.3340914,1.3514049,1.3474474,1.3377306,1.3444699,1.3414115,1.3415631,1.3236655,1.3453585,1.3551935,1.3187748,1.362335,1.3472133,1.331705,1.3424953,1.3371527,1.3344328,1.3476821,1.3336505,1.3633163,1.3307828,1.3341972,1.3172283,1.3451284,1.3493713,1.3269712,1.3388923,1.3574017,1.3428917,1.3459153,1.3296959,1.3147469,1.3343325,1.3492129,1.3389387,1.3371327,1.3456949,1.3586966,1.3210413,1.3399991,1.3478194,1.3375314,1.3153358,1.307727,1.3420497,1.3602628,1.3356801,1.3348522,1.3297589,1.3340781,1.3414617,1.345306,1.3509296,1.3268243,1.3269308,1.3515178,1.3255631,1.3647317,1.3410931,1.349818,1.3334273,1.3543351,1.3393242,1.3359175,1.3322511,1.3151168,1.3277862,1.328309,1.3455657,1.3230566,1.3424,1.3452135,1.3501576,1.3270973,1.3481704,1.3244486,1.3398192,1.3243988,1.3570211,1.3538234,1.3463106,1.3472676,1.317729,1.3335675,1.3545532,1.3372797,1.3330277,1.3355248,1.3339027,1.3207697,1.3385736,1.3630655,1.3410139,1.3451742,1.3344464,1.3483187,1.3337868,1.3431152,1.3331611,1.357019,1.3416175,1.3255877,1.3458453,1.3366313,1.35353,1.3298763,1.325415,1.3509494,1.3320128,1.3484519,1.3540972,1.3243082,1.3139569,1.3271636,1.3406444,1.3389139,1.3246154,1.3302729,1.3415787,1.350335,1.3637253,1.3256366,1.3310491,1.3389934,1.3323188,1.3391796,1.3536031,1.3475721,1.3430318,1.3239028,1.3291876,1.3357166,1.3376309,1.3614767,1.3296,1.3505305,1.3255286,1.3235927,1.326413,1.3693938,1.3365154,1.3315448,1.3339596,1.3359015,1.3342355,1.3339373,1.331986,1.3257455,1.3514602,1.324604,1.3478202,1.3397602,1.3425547,1.3333963,1.3666048,1.345289,1.3411669,1.3425974,1.3432081,1.3513167,1.3190854,1.3346541,1.3330306,1.3449402,1.3233703,1.3399886,1.3315849,1.3372563,1.3419713,1.3230934,1.3365215,1.3459033,1.3474693,1.3496026,1.3510314,1.3698235,1.3353364,1.329713,1.3292253,1.3120716,1.3432101,1.3735049,1.3354479,1.3427571,1.3494569,1.3588463,1.3485894,1.347762,1.3369441,1.3435304,1.3315675,1.3405727,1.3435687,1.3515831,1.360533,1.334788,1.3434377,1.3370067,1.3380973,1.352699,1.3237922,1.3652115,1.3285105,1.3556701,1.342505,1.3322794,1.3284551,1.3339027,1.3237636,1.3179036,1.3547974,1.3378927,1.3388271,1.3395147,1.3302002,1.3377316,1.3383164,1.3308563,1.3639069,1.347417,1.315516,1.3192018,1.349383,1.3329376,1.3449355,1.3415765,1.3399397,1.3316276,1.34169,1.3382208,1.3385603,1.3413849,1.3400619,1.3375394,1.3499146,1.3315156,1.3448428,1.3454361,1.356109,1.3487208,1.3460126,1.3430412,1.3406396,1.3473653,1.3465855,1.3320031,1.3419673,1.3401579,1.3561077,1.3222039,1.3551909,1.3138713,1.3598559,1.3410549,1.3346893,1.3393475,1.3421654,1.3519328,1.3330982,1.3261915,1.3296833,1.3547313,1.3178015,1.3555868,1.3359036,1.3484067,1.3248924,1.3358808,1.349696,1.3181491,1.3571191,1.3320571,1.3314937,1.3472315,1.3424155,1.3437765,1.3569635,1.3188728,1.3354608,1.3476276,1.3347172,1.336736,1.3453525,1.3434548,1.3387748,1.3350108,1.3492314,1.3167994,1.3339695,1.3656024,1.3492783,1.3265277,1.3391683,1.3425195,1.3459958,1.3488781,1.3490596,1.3426259,1.337509,1.3287414,1.3504766,1.3300184,1.3505311,1.3413608,1.3423191,1.3559397,1.3281618,1.3252143,1.3685834,1.3222777,1.3421373,1.3271039,1.3436731,1.36145,1.319513
0.5376865,0.5076708,0.50426185,0.5188097,0.5187842,0.5192313,0.5388506,0.49855223,0.5330073,0.51513135,0.5254662,0.5207086,0.5268046,0.56191623,0.5145401,0.5313282,0.50812757,0.50466543,0.5203714,0.531422,0.52188075,0.52672184,0.506824,0.5166727,0.53921497,0.5121536,0.51053184,0.5347811,0.5172373,0.5373019,0.5172075,0.5032207,0.5235081,0.5125399,0.5168581,0.5316557,0.50916153,0.5202913,0.5245884,0.5037402,0.5331626,0.5313253,0.5317875,0.52550524,0.5284437,0.5156641,0.5225859,0.5247347,0.51154524,0.536361,0.5285936,0.5194575,0.538804,0.52728677,0.5348503,0.5235826,0.5287729,0.5310632,0.5206354,0.5206472,0.5373154,0.5127583,0.5357616,0.52977103,0.50933695,0.53172183,0.52380943,0.5400861,0.4967801,0.52768964,0.5091736,0.53320754,0.52031267,0.5127665,0.5130199,0.5077642,0.51567507,0.5245776,0.51689553,0.5053265,0.5181017,0.5153608,0.51329523,0.54645675,0.519745,0.52299625,0.5222212,0.51377773,0.5023861,0.52226907,0.5178191,0.5249306,0.53029907,0.50920564,0.5237085,0.5500254,0.5186042,0.52152514,0.51502156,0.5514823,0.5320338,0.5392233,0.5138583,0.52235365,0.5280607,0.53063947,0.5088546,0.53022814,0.54082674,0.5241121,0.52799654,0.52244276,0.530955,0.5180703,0.53167504,0.54612345,0.5477643,0.53254634,0.5203143,0.50811034,0.51494634,0.5246329,0.5206492,0.5189388,0.5116706,0.5199944,0.5153288,0.5191118,0.52559036,0.5238006,0.54771805,0.53267497,0.52911127,0.5219451,0.51714426,0.5462388,0.52293324,0.5125162,0.5404056,0.52686155,0.5167899,0.550569,0.516941,0.53533596,0.53522193,0.53114045,0.51524055,0.5441951,0.5171109,0.5378747,0.5466787,0.5119975,0.53236395,0.51667404,0.53116864,0.53847903,0.5268276,0.53209025,0.51132816,0.5184617,0.5195356,0.51945084,0.49510625,0.5269412,0.49317417,0.5391421,0.51519656,0.5266682,0.52196115,0.510319,0.50694716,0.52899176,0.5227661,0.52229357,0.5262052,0.5155669,0.5335147,0.52280843,0.51781416,0.5127798,0.52460724,0.5341096,0.525339,0.523731,0.5251996,0.54698324,0.52033854,0.54594016,0.51151055,0.54366267,0.50562143,0.52074313,0.51012224,0.5198201,0.52745825,0.52077764,0.51723784,0.51981443,0.5137699,0.5155541,0.52013224,0.53434044,0.5125478,0.54122937,0.5113132,0.5230656,0.520018,0.52158856,0.51746446,0.51694745,0.51216775,0.51623255,0.51803064,0.50121224,0.53793293,0.5298151,0.50152564,0.5261689,0.5361154,0.5476533,0.53025526,0.5363574,0.5338586,0.5294595,0.50946605,0.5412024,0.53298473,0.53151286,0.53913367,0.5259544,0.536245,0.5086755,0.50896585,0.5210956,0.50867766,0.5226423,0.4975781,0.5376033,0.540729,0.49637705,0.51593316,0.53018135,0.5120485,0.51910305,0.5250155,0.5160882,0.5037773,0.53758365,0.52371246,0.52613544,0.54146755,0.5168578,0.5287044,0.5156318,0.51261735,0.5117176,0.525357,0.5467811,0.5013671,0.51651716,0.5103494,0.52230924,0.52649814,0.52260053,0.5177537,0.54358256,0.5378785,0.54052764,0.5205222,0.5225903,0.5158338,0.53406316,0.5273045,0.52937144,0.5232902,0.52525145,0.5156713,0.53928244,0.51098925,0.5257686,0.55285954,0.5444262,0.52122873,0.5348433,0.53164375,0.5227087,0.5282444,0.5247539,0.50850606,0.51726437,0.5435696,0.51532847,0.51848495,0.53927124,0.5140923,0.54222125,0.51543117,0.49989945,0.5308635,0.5329532,0.5100973,0.5371607,0.5494878,0.51127326,0.50233227,0.54812145,0.54786456,0.51619303,0.5466479,0.52668476,0.53137875,0.529779,0.5261719,0.527834,0.4976099,0.54554856,0.5111978,0.524649,0.52052844,0.5280748,0.51300406,0.5170606,0.50257254,0.51082104,0.51436484,0.53179276,0.52144647,0.5120598,0.5145316,0.53768325,0.51006055,0.5385204,0.5224094,0.521357,0.4771653,0.5205642,0.51232517,0.5329946,0.52541804,0.54129875,0.5224606,0.51295793,0.5296731,0.5174128,0.5537545,0.5293501,0.49601758,0.5172659,0.543412,0.5259925,0.5160002,0.5179825,0.5409016,0.53169906,0.5167974,0.5243114,0.52919316,0.5234487,0.52709985,0.5030579,0.52787775,0.5193382,0.519379,0.5231145,0.5159801,0.554347,0.51147294,0.52232915,0.5475327,0.51493764,0.5218346,0.53257173,0.53045595,0.53750306,0.55207926,0.5232837,0.5279937,0.5192432,0.5240233,0.5282824,0.5361818,0.5148253,0.52159315,0.5178516,0.5122556,0.5272994,0.5365688,0.51709497,0.5178559,0.5099953,0.52261144,0.52242535,0.5413517,0.51222074,0.53638285,0.53451204,0.5349852,0.53849965,0.50089955,0.5290735,0.5117554,0.5250667,0.5371857,0.52903736,0.51591337,0.507558,0.54386425,0.5302275,0.5347061,0.50995153,0.5361383,0.51707274,0.5206956,0.53240407,0.5361103,0.5339831,0.50296754,0.5149981,0.51548016,0.5169487,0.51704574,0.52860206,0.5398201,0.50979507,0.5157131,0.5239548,0.5276797,0.52706826,0.51645344,0.5187678,0.5218944,0.51613325,0.51929724,0.53516203,0.53395295,0.52570355,0.4986065,0.52299345,0.5181207,0.5250856,0.530344,0.49959764,0.4947271,0.5212562,0.53411096,0.51995146,0.5175484,0.5362944,0.5332487,0.5262885,0.51075387,0.5514834,0.52511823,0.5064956,0.52388096,0.51692325,0.5143306,0.5036104,0.5082152,0.5352367,0.5576159,0.52097577,0.5376498,0.5236529,0.52067006,0.51839703,0.509654,0.52732426,0.5110765,0.52946424,0.51781124,0.5159358,0.5279882,0.5460096,0.5048682,0.5226006,0.5305976,0.53358376,0.5422808,0.54420584,0.51022327,0.5302002,0.51816374,0.54114074,0.51550967,0.51869786,0.5264281,0.5294722,0.5249492,0.52845824,0.51121604,0.5241403,0.51617765,0.5021318,0.5297587,0.54023725,0.5193114,0.5191184,0.5440865,0.5339774,0.5360114,0.52998793,0.5270858,0.5194432,0.5408664,0.5122932,0.5262326,0.513023,0.51861465,0.51772773,0.52474916,0.50560355,0.523913,0.5446108,0.5062769,0.5353372,0.5230433,0.5272705,0.52168876,0.52767694,0.52278644,0.5254569,0.53409165,0.53888583,0.5334161,0.51851636,0.5031516,0.51791507,0.5367853,0.54026365,0.54817945,0.52745974,0.5103755,0.52738637,0.5224581,0.52241176,0.50775266,0.5114758,0.53169113,0.50309175,0.5363627,0.53092825,0.53774583,0.5385755,0.5018985,0.53159034,0.5402534,0.5275292,0.53426397,0.5172495,0.5074449,0.5148228,0.50605845,0.5198348,0.549255,0.54762167,0.54002804,0.5224033,0.5252549,0.5405938,0.5175681,0.5282033,0.54128814,0.52093095,0.5177328,0.51025164,0.5346952,0.5040428,0.4943611,0.5279153,0.55183107,0.52934414,0.5137247,0.53439015,0.50138485,0.5221718,0.4999423,0.53580964,0.51663643,0.5102788,0.51848334,0.5166925,0.5291231,0.53371865,0.551745,0.51290476,0.5257869,0.5286043,0.5172082,0.5164313,0.5165034,0.5217458,0.51461244,0.5233472,0.53422445,0.5442229,0.52883065,0.52211463,0.5268232,0.5343257,0.53172976,0.52896565,0.5215441,0.51697946,0.5204069,0.5242811,0.5034396,0.52943826,0.53663194,0.5385258,0.52017295,0.50381213,0.5395834,0.53089064,0.5297768,0.531037,0.5394753,0.4998453,0.5117203,0.51910853,0.5318027,0.5154233,0.5161041,0.5155137,0.52433014,0.5012123,0.520648,0.5431127,0.50403726,0.5247148,0.5269715,0.51696515,0.5283989,0.52907866,0.53284514,0.5253019,0.5188134,0.5125428,0.51979136,0.526962,0.5166019,0.51434904,0.53413635,0.5192476,0.51514786,0.52853703,0.512606,0.5283432,0.53786266,0.5278616,0.52896124,0.5098561,0.5276901,0.54496336,0.5179437,0.5256843,0.52986884,0.51728725,0.54585046,0.5200624,0.52693444,0.5192492,0.52822214,0.5258217,0.51667684,0.5252036,0.5314189,0.5477331,0.51272196,0.5062394,0.5433346,0.5112595,0.51756084,0.5307418,0.5276702,0.53280556,0.5032056,0.52034634,0.49287742,0.5181234,0.53484446,0.5330004,0.51896197,0.5167882,0.51690084,0.5424497,0.52378106,0.51485896,0.51794946,0.5028343,0.5192132,0.51730055,0.52974147,0.5227345,0.54203147,0.52949476,0.51221836,0.5433013,0.54372835,0.5251783,0.52590954,0.52043927,0.5282835,0.5652531,0.51620746,0.52244174,0.5315292,0.5157966,0.53163105,0.5264891,0.51816016,0.53829145,0.52777314,0.5271092,0.5447159,0.52819645,0.5020707,0.5301488,0.5062689,0.54298687,0.52577186,0.5310781,0.518421,0.52621686,0.5224337,0.5271802,0.5176624,0.5281087,0.52614856,0.5098822,0.5182141,0.5209117,0.5174687,0.5371854,0.514157,0.533663,0.50886893,0.50871456,0.52468395,0.5363046,0.5396302,0.52438784,0.5224413,0.5264483,0.52924955,0.5289351,0.5245684,0.5121359,0.50786895,0.5102047,0.543652,0.55403286,0.52059245,0.52755237,0.53123045,0.5308293,0.5319353,0.52446806,0.5293901,0.52873296,0.5253965,0.5297044,0.5082468,0.52444386,0.5168373,0.52366865,0.5197338,0.5229324,0.5305906,0.5224177,0.5298581,0.520427,0.53200716,0.5371462,0.53202045,0.52990466,0.52219355,0.5188597,0.5189187,0.525686,0.5231264,0.53709275,0.53728247,0.53650427,0.5381906,0.5393546,0.5245415,0.51577765,0.53260773,0.5193179,0.5446663,0.5103785,0.50669134,0.5090788,0.51592386,0.53562284,0.52809966,0.5151073,0.5226267,0.5138442,0.51737505,0.5292201,0.5230298,0.5227991,0.54291993,0.5305807,0.543146,0.53349584,0.530491,0.5173269,0.52538294,0.48547187,0.5182386,0.524489,0.52026105,0.5168115,0.50248086,0.51670134,0.5354019,0.53827757,0.5041218,0.5191707,0.5287056,0.5470354,0.50700164,0.5360866,0.53538394,0.5347027,0.5303886,0.53114194,0.51081496,0.5233942,0.534696,0.5169898,0.54288733,0.51159906,0.5286035,0.514825,0.5307307,0.5209559,0.52125067,0.53665525,0.5286518,0.541724,0.52570873,0.53833926,0.51010984,0.5205032,0.5293799,0.51347464,0.52380586,0.50984055,0.5280842,0.5179167,0.5229519,0.50208724,0.5308054,0.5172022,0.54183966,0.5070239,0.5228014,0.5088062,0.52913123,0.5180808,0.5219897,0.52634406,0.50563675,0.49504215,0.53808236,0.51568586,0.50333244,0.5092068,0.50931543,0.5309968,0.5240829,0.52171785,0.5177874,0.5169901,0.53031117,0.5159874,0.5248676,0.5062129,0.5138268,0.51967305,0.5311028,0.5205261,0.50682884,0.5242926,0.4998488,0.5233511,0.52536905,0.51955146,0.5188571,0.51255,0.53982526,0.52728575,0.53286815,0.5545338,0.52834,0.5369597,0.5204253,0.5377622,0.4958065,0.5472913,0.5319149,0.5326962,0.5316917,0.51478094,0.5296599,0.5294964,0.50999373,0.5345011,0.5130739,0.48568985,0.53052044,0.5266425,0.5101737,0.5169729,0.53989846,0.51941,0.5112698,0.5318732,0.5467187,0.5242105,0.5292551,0.52092296,0.5023804,0.5250862,0.5285427,0.5240888,0.5299062,0.5312357,0.5339014,0.53806907,0.5328668,0.54361033,0.52383465,0.51806194,0.50873435,0.5304725,0.5180911,0.53397226,0.5137909,0.50703394,0.51638454,0.5293201,0.52569515,0.52701753,0.5265876,0.5114029,0.50193375,0.5251052,0.54455936,0.51290137,0.52882373,0.5191493,0.51841867,0.5209185,0.5044172,0.5324233,0.5265302,0.520115,0.52433217,0.5172023,0.5219493,0.52763927,0.52611077,0.53473455,0.50898916,0.5427783,0.5425426,0.5102098,0.53083855,0.5200525,0.5016422,0.51992494,0.5156606,0.5187168,0.5192598,0.52532125,0.5300276,0.53469825,0.523915,0.5120828,0.5352945,0.5172635,0.5082998,0.52029824,0.53668267,0.5217945,0.5063543,0.5475124,0.52434576,0.5100626,0.5186298,0.5133853,0.5447001,0.51710224,0.5398609,0.5209143
