0.8699807,0.88343334,0.8972057,0.91743517,0.91088325,0.8740428,0.90398335,0.83007944,0.9265976,0.8650474,0.8777199,0.8602895,0.90273154,0.8873675,0.87733346,0.88923746,0.8558111,0.92878455,0.89358217,0.892469,0.88674676,0.9043147,0.87029487,0.93331987,0.86456734,0.8733508,0.9027571,0.93110585,0.8467027,0.8791766,0.9015997,0.9003152,0.9441042,0.88967144,0.88820904,0.9159918,0.85324013,0.88587534,0.8853904,0.9082746,0.9070435,0.92266303,0.87635124,0.8743272,0.9429495,0.93958735,0.90373546,0.9113244,0.9053559,0.8735462,0.94480944,0.91110766,0.8743801,0.93401927,0.8981247,0.90912133,0.85729367,0.8433739,0.87097496,0.9025349,0.89503014,0.8884097,0.87486464,0.9258014,0.89218664,0.9077962,0.86409235,0.87772477,0.8842406,0.8607358,0.8817339,0.89640254,0.8974942,0.88864356,0.90628403,0.86993325,0.8940302,0.8525488,0.9268539,0.8427476,0.872289,0.8521499,0.88055676,0.90440905,0.91666734,0.89620066,0.9274239,0.8716566,0.8783463,0.8592706,0.9092532,0.8893921,0.97647274,0.8778068,0.9328388,0.83654964,0.8802859,0.90471256,0.91343623,0.9324954,0.88544726,0.859996,0.9371663,0.88779217,0.88832945,0.86866164,0.9105664,0.9035908,0.8870699,0.88923293,0.91991585,0.9338789,0.8935807,0.8860367,0.8822195,0.8962891,0.8645347,0.88998467,0.8877654,0.86658615,0.9117044,0.863573,0.90863216,0.88033617,0.9170358,0.89168817,0.9120201,0.87194186,0.91294366,0.9169323,0.90467775,0.90074193,0.899458,0.9133298,0.8989394,0.8779781,0.8586237,0.9355563,0.92499644,0.9113865,0.8562325,0.8621077,0.8720033,0.8504905,0.9168061,0.8843594,0.94066703,0.8764396,0.91896874,0.88937765,0.84182817,0.88080597,0.87825054,0.9097504,0.89825577,0.91396683,0.90905386,0.88378465,0.862334,0.8535497,0.8742092,0.8532194,0.8627244,0.9376666,0.8963082,0.9208187,0.90412146,0.91045,0.9737847,0.87813,0.8980664,0.88126284,0.94934005,0.8873818,0.90367675,0.9107576,0.8558081,0.8958103,0.8861489,0.9207394,0.92303354,0.8991084,0.8693869,0.91538227,0.88601834,0.96900463,0.8823447,0.85004956,0.87733245,0.852643,0.85092103,0.8906269,0.8867195,0.91990066,0.9133153,0.8994308,0.94097626,0.8647362,0.9005676,0.9121693,0.90812546,0.87104,0.894699,0.87930065,0.9127724,0.86729026,0.8759663,0.91354465,0.9089265,0.88669544,0.90171945,0.86748874,0.8247799,0.8919369,0.9280263,0.916927,0.90179497,0.90835917,0.88431704,0.94346803,0.8812248,0.9302514,0.87492687,0.91991067,0.90435576,0.88889474,0.8998275,0.86190253,0.8560567,0.89329743,0.8642322,0.8890976,0.87628734,0.8757326,0.89219576,0.9009221,0.8770918,0.87763816,0.9205827,0.92616534,0.9233812,0.8857337,0.89387405,0.9055011,0.88741875,0.8449593,0.91198325,0.87657505,0.9130376,0.958111,0.8758789,0.89841276,0.8864585,0.871266,0.85148555,0.89361805,0.8661295,0.89381206,0.8459899,0.8821044,0.93300366,0.8815613,0.88036686,0.85547704,0.90926576,0.89176655,0.8911801,0.8864914,0.89270765,0.9447584,0.91893923,0.87470186,0.86086863,0.9295719,0.8904116,0.92823106,0.89238715,0.91088915,0.8694687,0.8654117,0.87467325,0.87857133,0.8897396,0.90785027,0.9049886,0.91098905,0.86559397,0.8695357,0.88764745,0.8874237,0.85184413,0.9186553,0.8977929,0.8766289,0.9152677,0.96186805,0.8887288,0.8836014,0.8403003,0.9387254,0.8507039,0.81498754,0.905907,0.8819843,0.88392276,0.9026886,0.9208196,0.91653275,0.88807166,0.8330084,0.90357816,0.861924,0.9008198,0.8792765,0.8848825,0.876972,0.9084131,0.92012,0.8967456,0.8707365,0.86401176,0.9285069,0.89144146,0.86316806,0.90063286,0.9119269,0.87235665,0.92083496,0.88559276,0.87674105,0.8354529,0.91605073,0.8923485,0.8805663,0.8887471,0.89938104,0.9203095,0.887571,0.89942396,0.9284581,0.9102168,0.84524137,0.89310503,0.8446,0.8795059,0.88911813,0.8493641,0.88195074,0.890688,0.8360779,0.914206,0.90723556,0.89856046,0.931454,0.84835804,0.882673,0.9126074,0.91474336,0.8601298,0.89126045,0.91712004,0.91359174,0.94179535,0.9115596,0.88608295,0.8745496,0.85168874,0.9032282,0.9003759,0.8970504,0.95276487,0.9109989,0.87265146,0.8670099,0.8686392,0.9188843,0.8606792,0.8909161,0.8644289,0.9484268,0.87325007,0.888745,0.8770491,0.8852291,0.9342735,0.91474336,0.92455536,0.8696972,0.90449965,0.90040636,0.8546128,0.9318989,0.8342545,0.8005363,0.9093576,0.8661914,0.86003065,0.90381896,0.88830817,0.8697084,0.89780074,0.9078872,0.8883606,0.898538,0.89884377,0.9065084,0.87385017,0.90801996,0.963156,0.88224256,0.9186967,0.90123355,0.88572556,0.8615377,0.9078373,0.8712326,0.89950746,0.8898419,0.858367,0.80679345,0.8507133,0.8669215,0.89915395,0.9127321,0.8713843,0.93977064,0.8854754,0.93142444,0.857678,0.8926155,0.90972865,0.87497824,0.8868209,0.9046577,0.8614432,0.9075776,0.91479874,0.9515449,0.8659513,0.902014,0.91996366,0.89452296,0.83938164,0.8679382,0.8606397,0.87651217,0.90610814,0.86229837,0.8935308,0.9104917,0.86666363,0.8951926,0.92027557,0.8891236,0.9016063,0.9106087,0.90217793,0.86150503,0.8726638,0.8613242,0.88625336,0.8965348,0.90200454,0.9029012,0.87569904,0.88504887,0.88027424,0.90126264,0.8955038,0.9097176,0.8363031,0.85300523,0.9092372,0.9128275,0.90666634,0.92933017,0.932659,0.9056364,0.89454514,0.8733435,0.91413045,0.8625475,0.8870437,0.8985263,0.88065946,0.8601866,0.8957373,0.8895842,0.8856411,0.89396894,0.8704432,0.8887172,0.90925264,0.92581224,0.8946257,0.8480365,0.8741559,0.9475137,0.88161784,0.9026134,0.8951343,0.9197587,0.8773833,0.88724774,0.92054164,0.8865914,0.89208096,0.8912506,0.89691883,0.89004475,0.91308874,0.88866603,0.88531417,0.88319093,0.90849346,0.88723695,0.8975355,0.8910921,0.90349174,0.8903134,0.9130354,0.8607116,0.8771746,0.884234,0.8751986,0.91185486,0.8718526,0.8726873,0.92603064,0.8600436,0.9026396,0.8536847,0.9035485,0.8612911,0.8905731,0.8818321,0.9169256,0.91470766,0.8744011,0.8957922,0.9104279,0.8989748,0.9062683,0.90096515,0.931511,0.9116032,0.8690485,0.89947164,0.88032895,0.8874216,0.89773726,0.893054,0.8975501,0.92439985,0.8814879,0.93347704,0.9197408,0.8797821,0.9167109,0.8784163,0.8738801,0.9122133,0.86149675,0.940408,0.9087135,0.9220933,0.9097993,0.9158779,0.9487538,0.93866616,0.8951937,0.8975314,0.8543602,0.8990229,0.8761444,0.8678346,0.91053337,0.86426014,0.87830836,0.93670267,0.87330776,0.91196895,0.85250455,0.89373535,0.91582096,0.9501836,0.9238784,0.8487764,0.8435787,0.9418592,0.8305474,0.84297377,0.86106336,0.87979585,0.86919194,0.8557439,0.90306515,0.8653159,0.8488346,0.91571957,0.90594196,0.91469616,0.94242907,0.8993237,0.8958633,0.83479625,0.8881543,0.9258715,0.9306923,0.91228837,0.8970195,0.9096841,0.8859864,0.87227535,0.9047829,0.91187453,0.8599817,0.89046884,0.9194217,0.87093616,0.9561033,0.89861965,0.93592954,0.84274554,0.9064563,0.85606956,0.86949456,0.8943839,0.8928142,0.896723,0.89341,0.8558878,0.9158916,0.9266126,0.90295804,0.9208568,0.87609106,0.9177755,0.8679224,0.90162975,0.8878052,0.9005,0.8984784,0.85705125,0.89611566,0.89414376,0.89539456,0.88153374,0.88842785,0.88887876,0.8824725,0.8876807,0.87757194,0.87984216,0.8909651,0.87592787,0.89890057,0.86443347,0.8749931,0.892408,0.9012023,0.8902393,0.9232632,0.8815146,0.8816666,0.8844576,0.90539974,0.84053767,0.8554651,0.89973724,0.8800875,0.8453682,0.8781019,0.8665607,0.91150427,0.85999835,0.8817596,0.8942393,0.90134263,0.8845908,0.8448317,0.87043923,0.92762005,0.8138875,0.869723,0.9086202,0.80248773,0.86641926,0.87421894,0.8785811,0.8689121,0.89518076,0.9168637,0.9074791,0.89157724,0.9250957,0.89715505,0.9083612,0.85531867,0.90725696,0.8638653,0.9257467,0.92027164,0.8804269,0.8278433,0.9025028,0.89903975,0.90995485,0.90297925,0.8940514,0.9126094,0.86552113,0.9115478,0.87606984,0.9026644,0.88562137,0.9123161,0.8952171,0.8999829,0.87115645,0.8807411,0.8980374,0.91507906,0.8874967,0.90233177,0.92534965,0.8817644,0.91221195,0.9398792,0.9225257,0.9278296,0.8939667,0.87841994,0.8693087,0.8692794,0.940097,0.9064592,0.8894785,0.92457485,0.9181904,0.9148012,0.9076039,0.8796295,0.89725995,0.93117404,0.92245865,0.90140826,0.88801354,0.8875333,0.87628925,0.8969003,0.8545106,0.9200537,0.87321454,0.9003477,0.9169125,0.9302483,0.87806743,0.9033361,0.8348838,0.8400916,0.8706294,0.92451686,0.9194181,0.8775872,0.9019607,0.90111506,0.8983455,0.9255668,0.8525425,0.85509706,0.875647,0.87007993,0.8850343,0.8920032,0.92947346,0.923774,0.9087433,0.90814596,0.89098334,0.9203928,0.8871355,0.93054825,0.90179133,0.928552,0.9587643,0.908784,0.8529428,0.87372494,0.8948531,0.91938657,0.83684903,0.9096656,0.9161494,0.894226,0.9404324,0.94212985,0.9120198,0.89084595,0.9179145,0.9481338,0.9268309,0.8917148,0.93126845,0.8906723,0.8932365,0.8639509,0.9032495,0.89146084,0.90314525,0.92361367,0.8816521,0.85548586,0.88213325,0.9228524,0.914215,0.9003947,0.9515191,0.8707967,0.9124894,0.8949185,0.92402446,0.88942206,0.91915023,0.86150634,0.91571426,0.90709776,0.8660836,0.93248266,0.8960359,0.926913,0.8807527,0.9111132,0.85534257,0.8940204,0.8312285,0.87276566,0.9083805,0.85101545,0.88337594,0.8606341,0.944263,0.89062387,0.93475366,0.9287417,0.935343,0.8695461,0.8304918,0.8873949,0.8799906,0.9124839,0.9407287,0.8521939,0.9349274,0.9099869,0.87826484,0.9275251,0.8885246,0.90534854,0.8933448,0.8879571,0.9183913,0.9007016,0.9038257,0.88278496,0.8741171,0.87356955,0.8996637,0.8951891,0.8793725,0.8817946,0.9169415,0.875431,0.9016541,0.9152886,0.8504405,0.8779261,0.92313087,0.8769299,0.90856594,0.88993764,0.8685363,0.8948766,0.84539944,0.8618418,0.9161106,0.8799647,0.8751184,0.8836294,0.8408011,0.9397248,0.8594654,0.9089422,0.8847399,0.85910064,0.92789054,0.8604956,0.92397445,0.9120145,0.88423663,0.9056202,0.9589377,0.8914375,0.90209544,0.87486833,0.86105335,0.90359807,0.88867027,0.8511239,0.9455004,0.8626227,0.90939444,0.88855946,0.8889596,0.91398585,0.88085675,0.8741148,0.92355144,0.8676146,0.8651037,0.9199303,0.8592924,0.91921484,0.88438433,0.9121186,0.8484376,0.90985173,0.93863374,0.89434063,0.8834287,0.89425856,0.8709242,0.8935629,0.84676903,0.8640332,0.8629552,0.8797991,0.8886596,0.8735308,0.909318,0.9040854,0.9322879,0.8998221,0.9131811,0.89245945,0.871463,0.8931228,0.8939842,0.924492,0.8820734,0.84840935,0.8827093,0.8987902,0.8343108,0.9177092,0.86209524,0.8872897,0.91090053,0.91801167,0.93643826,0.87507,0.90196747,0.9053334,0.91636425,0.91609144,0.89837223,0.8925609,0.89052874,0.89315593,0.89005554,0.93571246,0.90768206,0.9278262,0.87212485,0.84091353,0.8618944,0.92142904,0.9425005,0.85346437,0.9030094,0.9038825,0.85953367,0.84211564,0.90883815,0.88780016,0.86790395,0.86189747,0.91920435,0.9081757,0.890114,0.9004991,0.8948507,0.93339723,0.83395916,0.9120659,0.8610198,0.921933,0.8779346,0.8607905,0.865018
1.0452704,1.007775,1.043186,1.0471486,1.0229908,1.0089772,1.0239813,1.0287352,1.0275202,1.014101,1.0600728,1.068703,1.0306625,1.0211378,1.0565393,1.037216,1.017701,1.0221871,1.0407346,1.0569702,1.0316012,1.0269493,1.0490315,1.0457004,1.0252861,1.0104982,1.0672334,1.0246075,1.0336459,1.0587113,1.0863674,1.0528582,1.0491645,1.0787753,1.0003693,1.0471537,0.99604094,1.0233854,1.0364089,1.0951285,1.0372434,1.0495359,1.0260876,1.0547302,1.029238,1.0253694,1.0276735,1.0300381,1.0802866,1.0200528,1.0569277,1.0218306,1.0118744,1.0471541,1.0397595,1.0347084,0.98974407,0.99960196,1.0475941,1.038363,1.0243653,1.0541002,1.0579216,1.0566363,0.9992072,1.0123013,1.0678272,1.000058,1.0455378,1.0548849,1.019791,1.0623096,1.0259635,1.0527945,1.0647175,1.0464333,1.0458705,1.0779876,1.060939,0.99833226,1.0199717,1.0638093,1.0313363,1.0542412,1.0724558,1.0620433,1.0802746,1.0175301,1.0201713,1.0302619,1.0268861,1.047919,1.0784339,1.0260167,1.056853,1.0697398,1.035039,1.0629702,1.051139,1.1041859,1.0253117,1.000277,1.0224235,1.0218577,1.0192996,1.0314738,1.0395844,1.0396503,1.0186687,1.0307531,1.0457861,1.027611,1.0767565,1.0239272,1.0397689,1.0362136,1.0294517,1.0725996,1.0448273,1.0725764,1.0580806,1.0368596,0.97530675,1.0243617,1.061047,1.0398575,1.0900753,1.0454426,1.0520338,1.0657792,1.0494472,1.0275083,1.1053948,1.0391495,1.046008,1.0566416,1.0600269,1.0193444,1.0495422,0.9684825,1.045529,1.0342982,0.98918307,1.0338657,1.0635996,1.0129592,1.0356748,1.0311713,1.0412804,1.0238489,1.0739479,1.0478303,1.0553129,1.0844349,1.0533518,1.0475997,1.0599899,1.0383661,1.0262265,1.0621188,1.0517979,1.0252885,1.039431,1.0540214,1.0362039,1.0505008,1.0719084,0.98500115,1.0735122,1.0176991,1.063558,1.0224478,1.0518556,1.0561497,1.0797917,1.0712764,1.0159453,1.0158757,1.052834,1.0253652,1.0518701,1.0333525,1.0353639,1.0388136,1.0482804,1.0657588,1.0295014,1.0090749,1.0383523,1.0172118,0.9945247,1.0469545,1.0319465,1.0689341,1.033898,1.0221634,1.0604887,1.0324607,1.01088,1.0620422,1.0330163,0.9849203,1.0052351,1.0437183,1.012304,1.0300031,1.0598912,1.028765,1.0483799,1.0390115,1.0208508,1.0591072,1.02548,1.0406488,1.0382277,1.01488,1.0993505,1.0771344,1.050087,1.050426,0.9826607,1.0053918,1.0055443,1.058736,1.037573,0.9975267,1.0560002,1.0031633,1.0184755,1.0294613,1.0184742,1.0321312,1.0756371,1.0443954,1.0470836,1.0729402,1.007385,1.0340844,1.0575519,1.0790901,1.0651501,1.0156838,1.0425411,1.0652103,1.0980605,1.0215832,1.0626601,1.0445478,1.0449989,1.0450822,1.035498,1.0353643,1.0597239,1.037507,1.019581,1.059216,1.0203128,1.0213623,0.994633,1.0601346,1.0610855,1.0567701,1.0433217,1.079654,1.0498981,1.0523183,1.063434,1.0282061,1.0490294,1.0361218,1.0717156,0.99901736,1.0083327,1.0074675,1.0462658,1.0779771,1.0854696,1.0495392,1.0113926,1.0164227,1.054943,1.0268981,1.0393212,1.0501746,1.0610383,1.0608985,1.0755419,1.0448718,1.0391135,1.0275825,1.0405945,1.0342104,1.0404364,1.050972,1.0692866,1.0462825,0.9965863,1.0357963,1.0340997,1.1025629,1.0244552,1.0251616,1.0375386,1.029019,0.9632939,1.0486398,1.0178108,1.0284722,1.0330119,1.0689911,0.9828135,1.0467476,1.0183434,1.0321412,1.0126722,1.036931,1.024951,0.986943,1.0448315,1.0943452,1.0246712,1.0683428,1.0759857,1.0800837,1.0545601,1.079096,1.0073528,1.0250475,1.0566208,1.0289605,1.045059,1.0543182,1.0369898,1.0408313,1.042707,1.0321746,1.0330759,1.024051,1.0190363,1.0405526,1.0774431,1.0465586,1.0579937,1.0354298,1.0563655,1.0306793,1.0103109,1.0150337,1.078344,1.0159764,1.0340921,1.0634301,1.0051687,1.0372022,1.0035614,1.0138177,1.0100657,1.0271494,1.0367554,1.01127,1.0274404,1.0536827,1.049125,1.0790441,1.0286564,1.0130577,1.0128107,1.0010946,1.0394546,1.0819485,1.0464591,1.0556672,1.0979658,1.0534909,1.010167,1.0266987,1.007362,1.0339533,0.9852806,1.051165,1.05824,1.0569005,1.0023016,1.0133709,1.05706,1.0581044,1.094052,1.0342193,1.0552114,0.9893316,1.0211061,1.0474137,0.97497684,0.96571124,1.0392959,1.0300171,1.0247409,1.0544368,1.0105399,1.0288744,1.0735613,1.0683315,1.0353162,1.02076,1.0444676,1.0551474,1.0575578,1.0582159,1.0251398,1.0487348,1.0467892,1.0192717,1.0109214,1.020348,0.9920503,1.0571768,1.0412674,0.9958223,1.013181,1.0167463,1.0471762,1.0113657,1.0299027,1.0221682,1.0394993,1.0552535,1.0825177,1.0492408,1.0304071,1.0453593,1.0589883,1.0368083,1.033846,0.97992337,0.99616927,1.0590459,1.038244,1.0678759,0.99769926,1.0546528,1.0203921,1.0608318,1.0065639,0.9949267,1.0418965,1.0487487,1.0157628,1.0726856,1.0689955,1.0024488,1.0226108,1.0243222,1.0755837,1.022921,1.0289749,1.0148224,1.0770756,1.0482501,1.0199038,1.0286465,1.005412,1.0605214,1.021859,1.0409865,1.0288674,1.0413963,1.0428544,1.0498772,1.0913892,1.0639096,1.0756488,1.0505489,0.9874622,1.0293497,1.0720388,1.0806427,1.0819759,1.0510164,1.0701324,1.0063252,1.088027,1.0218229,1.0591474,1.0441878,1.0260029,0.9944941,1.0497657,1.0592719,1.0262513,1.0122516,1.0533891,1.0202451,1.0410938,1.0401227,1.0299486,1.0280567,1.0219065,1.045721,1.02743,1.0618415,1.078599,1.0614998,1.0395236,1.0566322,1.0424823,1.0544721,1.0717704,1.0156019,1.0298623,1.1092714,1.0633234,1.015091,1.0413456,1.0457845,1.0385484,1.0405378,1.0097762,1.0696194,1.0872927,1.0434687,1.0479927,1.0588869,1.0137348,1.0335798,1.0495312,1.0482131,1.0243139,1.0473406,1.029226,1.0265428,1.0633963,1.045748,1.0799999,1.0157948,1.0178227,1.0665567,1.039573,1.0422031,1.0432022,1.0410502,1.0141482,1.0427269,1.0033935,1.0210824,1.0470129,1.0280011,1.0253832,1.0558906,1.0190657,1.0071942,1.0783254,1.0214971,1.074459,1.0142227,1.04158,1.0566361,1.0493712,1.0488123,1.0735168,1.0484669,1.0503681,1.079362,1.0024952,1.0719947,1.0545617,1.051717,1.0474415,1.0668645,1.0449027,1.0235718,1.0224692,1.0622166,1.0124049,1.0312221,1.0250095,1.0670342,1.0604419,1.0584228,1.0573158,1.0352105,1.0328548,1.027268,1.0467829,1.0035216,1.0492457,1.0186638,1.0925597,1.0238934,1.03796,1.0539141,1.0138298,1.009296,1.0250541,1.0624126,1.0389752,1.068738,1.0303084,1.030158,1.0358272,1.0509042,1.0075371,1.008799,1.0416286,1.0178872,1.0066563,1.0189073,1.0704916,1.0588337,1.0825168,1.0469966,1.0524594,1.0164586,1.0091839,1.0711049,1.0352807,1.0554298,1.0588819,1.0696423,1.0353932,1.0351249,1.0754992,0.99207026,1.0610669,0.9883513,1.0452653,1.0164624,1.0071974,1.0450779,1.0209119,1.0321658,1.0410101,1.0332636,1.0397644,1.03911,1.0238084,1.0269166,1.0852462,1.0450464,1.0280495,1.0390397,1.0548719,1.0341647,1.0447233,1.0368564,1.0707784,1.0445876,1.0920558,1.0477136,1.0280261,1.0479665,1.0704393,1.0669892,1.0287997,1.033938,1.0531054,1.0138209,1.0291665,1.0396143,1.0473421,1.0450013,1.0181227,1.0703927,1.0710838,1.0220352,1.0261154,1.0429326,1.0436713,0.98564374,1.0293834,1.0379381,0.9968269,1.0113436,1.0600383,1.0636541,1.0656042,1.0645003,1.0197232,1.0501859,1.0238498,1.0513959,1.0063146,1.0163909,1.0184457,0.9722648,1.0345373,1.0226642,1.0175301,1.0493299,1.0640754,1.0204192,1.0026369,1.0270977,1.0368124,1.0330616,1.0316111,1.0630629,1.0875546,1.0344616,0.9937961,1.0330714,1.0810306,1.0465404,1.0747329,1.053811,1.0426095,1.0777225,1.0615925,0.96700525,1.066459,1.0415999,1.0018803,1.0216322,1.0113416,1.0651929,1.0406569,1.0739722,1.0415516,0.9980919,1.0770891,1.0559313,1.0306796,1.0678868,1.0174797,1.0396118,1.0141069,1.0757124,1.0083486,1.0143074,1.0560664,1.0401226,1.0453717,1.044452,1.0329607,1.0157223,1.0805798,1.0759697,1.0898713,1.0111097,1.0522504,1.0690101,1.0544435,1.0137463,1.030148,1.0313535,1.0395195,1.0540637,1.0647495,1.060525,1.0278865,1.0338451,1.049289,1.041093,1.034195,1.0523689,1.0212657,1.0477492,1.0296355,1.0588343,1.0744147,1.0451515,1.0277578,1.0431304,1.0569179,1.0151309,1.0925549,1.0670211,1.0821228,1.0384167,1.0614885,1.0730207,1.0304086,1.0482074,1.0047596,1.0362469,1.0327889,1.0414515,1.0881764,1.0371115,1.0511029,1.0409359,1.0704492,1.0442909,1.0705333,1.0211788,1.0596014,1.0560774,1.0468593,1.0603943,1.0212941,1.0682579,1.0196548,1.0042858,1.0874408,1.0635923,0.98583484,1.0386366,1.087462,1.0678095,1.0626143,1.0628601,1.0484126,1.0573553,1.1055919,1.0130073,1.0521536,1.0473121,1.0367011,1.0309577,1.0214897,1.0268903,1.0555577,1.0353181,1.0118128,1.012761,1.0314442,1.0751792,1.0416083,0.9898284,1.0570331,1.0397835,1.0445459,1.0583036,1.0022635,1.0461196,1.0262095,1.0722837,1.0396979,1.0087037,1.0269178,1.0425814,1.0204372,1.0293665,1.0252804,1.0200027,1.0868503,1.0650775,1.0554655,1.0141659,1.0075221,1.031681,1.0341247,1.0160688,1.0713677,1.0338042,1.0189625,1.0286477,1.0208777,1.0288279,1.0564195,1.046579,1.0297517,1.0572822,1.0215713,1.0390874,1.0278256,1.0394253,1.0172665,1.0654929,1.0300574,1.0726088,1.0380712,1.0705218,1.0221574,1.0314816,1.0819566,1.0644561,1.0594226,1.0339438,1.0173624,1.030517,1.0410793,1.0704758,1.046664,1.0721208,1.0097066,1.064335,1.0254023,0.99816304,0.99046296,1.0415368,1.0037038,0.98227876,1.0501246,1.0676072,1.0324987,1.0290585,1.0417866,1.0354117,1.0516634,1.0636855,1.0487194,1.0053064,1.0622314,1.0281641,1.0507027,1.0630677,1.0206325,1.0365543,1.0822625,1.0766274,1.055806,1.0813905,1.0203269,1.0405535,1.0629689,1.055702,1.0509045,1.0404242,1.0645117,1.0815852,1.0379586,1.0408087,1.0624741,1.0150701,1.066832,1.0489571,1.0262257,1.042816,1.014235,0.9515521,1.0183723,1.0140887,1.0404533,1.0152106,1.0735358,1.0337887,1.0982561,1.0832236,1.0417023,1.0333027,1.0817772,1.0455242,1.044341,0.9963083,1.0052652,1.0460889,0.9884136,1.0674074,0.99961007,1.0645965,1.022605,1.0249908,1.0725346,1.027763,1.0103312,1.0351206,0.97977716,1.060434,1.042612,1.0102233,1.0144044,1.035903,0.9860009,1.0160073,1.035425,1.0451106,1.0177696,1.1201292,1.0403428,1.0810041,1.0488119,1.048409,1.0200454,1.0211011,1.0606573,1.0393621,1.0292935,1.0720282,1.0153227,1.0066242,1.0128472,1.0813481,1.0282586,1.022485,1.0380545,1.065807,1.0283291,1.053881,1.0213317,1.0289814,1.0459211,1.013821,1.0350281,1.0720043,1.0287691,1.007273,1.0335916,1.0404593,1.057673,1.017665,1.015482,1.0475323,1.0262281,1.0089425,1.0410216,0.9934655,1.0264297,1.0711083,1.0361427,1.0245209
1.1362481,1.1456976,1.1568165,1.123636,1.1218599,1.1104776,1.1646432,1.1384679,1.1178851,1.1377488,1.1640105,1.1038146,1.1034313,1.1173685,1.0950601,1.101279,1.1285118,1.1273918,1.1272767,1.1107492,1.1617521,1.1397744,1.1540822,1.1601416,1.1211811,1.1122663,1.1408045,1.1492524,1.1264462,1.1272868,1.1319765,1.1380879,1.1494282,1.1355004,1.1166002,1.1225774,1.0944558,1.1125759,1.1024233,1.1386746,1.1099745,1.1537634,1.1061094,1.1320107,1.1915653,1.1734211,1.1244984,1.1506929,1.1822107,1.1050776,1.1854616,1.1189919,1.1243908,1.1331229,1.1065036,1.1307946,1.082893,1.0882277,1.0809231,1.1191602,1.1421068,1.0820183,1.1078811,1.1523672,1.1351786,1.1517787,1.1140052,1.0733348,1.1519895,1.1104167,1.1206812,1.1460234,1.130118,1.1582319,1.1426631,1.1057891,1.1268991,1.0942856,1.1193959,1.0434852,1.1351944,1.094604,1.1192024,1.105819,1.1515853,1.0822061,1.135652,1.0935674,1.1062572,1.124835,1.1339998,1.1063278,1.1478971,1.1311109,1.1488379,1.1605978,1.157811,1.1344857,1.1266226,1.1721585,1.128185,1.1132884,1.1593206,1.0935245,1.1136771,1.1502963,1.1605818,1.1490967,1.1157101,1.1262304,1.1196936,1.1034966,1.134826,1.1199088,1.1490103,1.1181811,1.1111113,1.1142434,1.1848272,1.1220485,1.1572983,1.106066,1.0837755,1.1174144,1.1309242,1.1164753,1.1169435,1.1084691,1.1387712,1.1424794,1.1511782,1.1058456,1.1896031,1.1136326,1.1185786,1.1354907,1.1069638,1.1158142,1.1370363,1.1326514,1.100533,1.1009511,1.1088334,1.1110661,1.1505733,1.0952647,1.1265194,1.0945514,1.1457677,1.1400015,1.0994213,1.1263613,1.1535466,1.1467015,1.116903,1.1381046,1.2106663,1.1136258,1.1017537,1.1384429,1.1105804,1.1393356,1.153747,1.1626344,1.1439904,1.143146,1.1607801,1.1353776,1.1924933,1.1259091,1.0923977,1.144945,1.1343338,1.131271,1.128514,1.1094805,1.1104655,1.0712059,1.135253,1.1560034,1.1572847,1.1064612,1.131703,1.1421293,1.111393,1.1687706,1.1159728,1.0943767,1.11825,1.0950048,1.1417657,1.1432196,1.1378416,1.1634306,1.1495898,1.1133858,1.1371806,1.1056287,1.104639,1.11483,1.1475258,1.1131896,1.1622167,1.1340898,1.1496975,1.1239159,1.1334723,1.1244097,1.1308857,1.1488369,1.1282398,1.1101673,1.1027398,1.093344,1.095999,1.1448331,1.1463524,1.1185786,1.1309165,1.1353467,1.0933686,1.146608,1.1297382,1.1033897,1.1246129,1.1031882,1.1192497,1.0921365,1.1017842,1.1055585,1.0958449,1.1172159,1.0937624,1.0981781,1.1190081,1.10247,1.1160976,1.1208272,1.1213824,1.1383345,1.1429744,1.1280082,1.1478269,1.1152974,1.1369197,1.0774014,1.1588538,1.1311849,1.1657896,1.1549417,1.1145079,1.103538,1.1239939,1.1133254,1.0760535,1.1328773,1.116856,1.1191583,1.077704,1.112672,1.0918347,1.1191022,1.1353254,1.116344,1.1116973,1.1125642,1.1056991,1.1491348,1.1334008,1.1459051,1.1121856,1.0845559,1.0880879,1.1160876,1.1512249,1.133356,1.1420563,1.1076784,1.1189624,1.089292,1.134503,1.0945464,1.1149695,1.1208986,1.1211666,1.1129198,1.1274657,1.1468797,1.1443619,1.1329129,1.078321,1.1065173,1.150507,1.1115426,1.1432137,1.1047142,1.1195565,1.1278242,1.1245233,1.1421338,1.122484,1.1379797,1.1285045,1.1030693,1.0855165,1.1531525,1.1093273,1.1111668,1.1289815,1.1013261,1.1287653,1.0903484,1.1510533,1.11727,1.1068586,1.0746989,1.1330425,1.090095,1.1299982,1.1848565,1.1171622,1.1246325,1.1206278,1.0946082,1.1333215,1.1041634,1.0992275,1.0873435,1.1418582,1.1198738,1.1412336,1.1768371,1.1104683,1.097943,1.1028465,1.1400913,1.1339154,1.1237721,1.1232183,1.1309685,1.1291677,1.118736,1.0999688,1.138346,1.1672583,1.1237533,1.0815738,1.1068321,1.1483762,1.1290214,1.1015296,1.1156783,1.1192477,1.1603107,1.1332188,1.1562605,1.1227789,1.1076499,1.1466488,1.1512238,1.1070622,1.1223853,1.1167632,1.1069456,1.1036786,1.1091013,1.1138128,1.1133842,1.0954733,1.145535,1.1433513,1.1326289,1.1580774,1.1105897,1.0659412,1.1404612,1.0769503,1.1267867,1.099017,1.0965579,1.1009741,1.1161072,1.1133883,1.1174595,1.1354396,1.1606518,1.1478778,1.123058,1.1166314,1.1241765,1.1094967,1.1117418,1.087052,1.0817329,1.1552233,1.0850933,1.1621591,1.1061672,1.0966002,1.0990167,1.1259567,1.145526,1.1300054,1.1229558,1.1175406,1.1605844,1.1304493,1.1174668,1.1439807,1.0647695,1.109018,1.1311269,1.120573,1.1138453,1.1515481,1.1077052,1.1520741,1.1145897,1.1147747,1.1190975,1.1115886,1.1360031,1.1214746,1.1281701,1.13045,1.1466882,1.1239516,1.1451635,1.1083211,1.0834271,1.1658359,1.1554319,1.1208365,1.0605106,1.090343,1.1437894,1.119693,1.0991375,1.0924975,1.0930905,1.1458714,1.1220008,1.1037269,1.1041318,1.1552827,1.157271,1.111069,1.1708823,1.1540446,1.0796226,1.1538641,1.1335161,1.0856566,1.1228453,1.0849534,1.0988259,1.1049566,1.0946829,1.0841949,1.1278113,1.1132308,1.090691,1.1308095,1.1819026,1.1432745,1.1641647,1.1147099,1.1573473,1.1520565,1.1392525,1.1277415,1.1398481,1.1092498,1.1334823,1.168949,1.1389984,1.144494,1.1449192,1.1165297,1.1071016,1.146733,1.0962662,1.1135606,1.1132452,1.1120688,1.1171721,1.1156827,1.0766373,1.1138842,1.1203321,1.1402974,1.0824841,1.12502,1.1414952,1.0768096,1.0926014,1.1310607,1.1167719,1.0972087,1.1392478,1.1356571,1.1434283,1.1117676,1.1034511,1.1048487,1.1227614,1.136653,1.0975037,1.1030996,1.1616217,1.1348155,1.1528374,1.1655416,1.1099296,1.1081375,1.1060225,1.1090748,1.1493797,1.1444011,1.0994529,1.1241461,1.1066304,1.1063164,1.1509591,1.1022314,1.1109682,1.0952245,1.1291009,1.1858971,1.1096828,1.1244085,1.1080672,1.1192849,1.0914996,1.1399368,1.1426986,1.127517,1.1210223,1.1360872,1.1356096,1.1224962,1.1075015,1.1353679,1.1085155,1.102335,1.1041439,1.1142069,1.148113,1.1129127,1.0959703,1.0909826,1.1267629,1.1388758,1.1530166,1.0924103,1.1376138,1.1590768,1.1284353,1.1024189,1.1712344,1.1227907,1.1295841,1.1454021,1.1271772,1.141884,1.1190459,1.1494803,1.1846718,1.1915613,1.1524158,1.1213919,1.1065941,1.0969161,1.1294537,1.0931345,1.1178299,1.148216,1.1481061,1.1371945,1.138483,1.1363964,1.1257663,1.0946275,1.1515449,1.1194785,1.1616454,1.14663,1.1354992,1.1164523,1.1342876,1.1129849,1.0895022,1.1208057,1.1441715,1.1253006,1.1033171,1.1369456,1.1081192,1.110531,1.1362003,1.1402354,1.1253679,1.1398816,1.1373167,1.1407143,1.1163576,1.1367188,1.172513,1.1350561,1.1457072,1.1392971,1.1410488,1.1379322,1.1532347,1.0956155,1.1229982,1.0799156,1.1433833,1.1345782,1.1269467,1.1450428,1.0901179,1.155778,1.058012,1.1142617,1.0889145,1.1319574,1.0893184,1.0890255,1.1108608,1.1247948,1.1272736,1.1383398,1.1176214,1.0754449,1.1119952,1.1190772,1.1220528,1.130398,1.1534431,1.1369486,1.0977464,1.1420146,1.0967153,1.1510969,1.1353462,1.1078614,1.0874233,1.094072,1.1475307,1.1497291,1.0967555,1.1019256,1.134079,1.1443707,1.1306019,1.1150187,1.1215866,1.1471713,1.1152277,1.1129849,1.1057173,1.1430134,1.1234796,1.1087649,1.1240097,1.1288896,1.1062351,1.1097357,1.1358088,1.0984908,1.1304547,1.1406852,1.1210451,1.1032562,1.1384263,1.0972422,1.091147,1.0914553,1.1302578,1.1197824,1.1307311,1.1087233,1.0756285,1.1357822,1.1096439,1.1125555,1.1084986,1.089707,1.1417124,1.1081469,1.0985459,1.1142496,1.1223658,1.0811126,1.1235901,1.1425862,1.1018156,1.1334022,1.1225644,1.1175549,1.124415,1.1200186,1.1220859,1.1226507,1.138096,1.1207268,1.1162294,1.1584271,1.1214436,1.0992541,1.0928919,1.1326268,1.1427187,1.1409222,1.1348827,1.1209986,1.1098291,1.1599665,1.1242033,1.1013254,1.0888939,1.1336884,1.1074287,1.1205913,1.1575166,1.1481333,1.1755006,1.1588044,1.1233109,1.1440415,1.097563,1.1161349,1.0659589,1.1377423,1.1678362,1.1533998,1.1170211,1.1553218,1.1421169,1.1004717,1.1560428,1.12182,1.1299835,1.114617,1.127866,1.1353388,1.1287712,1.144245,1.1079326,1.1098574,1.1077181,1.1569048,1.105378,1.1454129,1.1563362,1.1143106,1.1057197,1.0943453,1.1057128,1.075623,1.1090628,1.136436,1.1467388,1.1183162,1.116518,1.1549077,1.1118946,1.1249522,1.1084292,1.115663,1.095026,1.0982497,1.1518928,1.1347516,1.1315016,1.143076,1.1376842,1.0871105,1.0906459,1.1545424,1.1136942,1.1109924,1.0976691,1.1611397,1.1362562,1.1350951,1.1256263,1.1031954,1.1424702,1.0846689,1.111128,1.1063963,1.0735819,1.110918,1.1511531,1.1132237,1.1314709,1.1358405,1.1162027,1.1346505,1.1117381,1.1212475,1.1055546,1.1502624,1.1738406,1.1312231,1.1244663,1.1335099,1.1012107,1.1514856,1.0771794,1.1008543,1.1089742,1.1300209,1.1320049,1.1769443,1.1541944,1.1114823,1.1260878,1.0938618,1.1015227,1.1344392,1.1227497,1.1368617,1.1098442,1.1401244,1.1085268,1.0997012,1.1284847,1.1414962,1.1028364,1.1055589,1.1562814,1.1320226,1.1184307,1.1334752,1.1168816,1.121794,1.0979124,1.1496378,1.1100407,1.1099159,1.1511205,1.1608989,1.1231037,1.0858035,1.095021,1.1360561,1.1111352,1.1067369,1.1811488,1.1258024,1.1127654,1.106537,1.130436,1.1025429,1.1273785,1.08924,1.1483563,1.0897461,1.1277748,1.1190733,1.1294957,1.1494393,1.0992488,1.1590091,1.1312634,1.1312156,1.1091871,1.1166502,1.1248457,1.142715,1.1479238,1.1368372,1.127779,1.1259733,1.138597,1.1281542,1.144027,1.1310446,1.1368635,1.1641632,1.1383436,1.1283451,1.1437683,1.1744301,1.1087084,1.1182104,1.1918136,1.1771697,1.1384683,1.1069876,1.137668,1.097517,1.1395183,1.0772359,1.1222231,1.1432226,1.1027278,1.1265858,1.2006483,1.128984,1.1046473,1.1212877,1.0942171,1.117272,1.1240005,1.1415739,1.1472889,1.1002396,1.1220928,1.1197938,1.0931984,1.1253908,1.1006001,1.1259232,1.1311122,1.0603597,1.0873613,1.1360772,1.1236827,1.1405964,1.0648115,1.1294001,1.1101543,1.098124,1.1583617,1.1339027,1.0786506,1.0962049,1.094229,1.1276889,1.1185845,1.1017333,1.1167353,1.0803233,1.1141837,1.1222612,1.1421214,1.1476039,1.1269696,1.1381526,1.1186867,1.1032215,1.1020387,1.0929294,1.1403488,1.1572981,1.0838023,1.1329781,1.1550698,1.0960685,1.1404476,1.1672307,1.116981,1.1248343,1.1956153,1.1793123,1.1587876,1.0908153,1.1485131,1.1136601,1.1407956,1.1020297,1.132184,1.1267209,1.1274452,1.1162642,1.0884216,1.1283236,1.130354,1.106657,1.1167707,1.1479295,1.1286706,1.1466812,1.1556941,1.0916669,1.1497748,1.1599449,1.0885751,1.1329688,1.1363163,1.1353611,1.1057729,1.1240814,1.1311506,1.1432405,1.0948983,1.1316059,1.1458623,1.0834175,1.1256438,1.1459938,1.0963877,1.1056592,1.1355215,1.1020203,1.1166153
1.389037,1.4298679,1.4199367,1.4250642,1.41774,1.3833208,1.4552344,1.4064049,1.4240185,1.4063549,1.3676662,1.3280805,1.3504876,1.4078201,1.4270172,1.3835627,1.3981524,1.3947543,1.3993461,1.3540311,1.4266523,1.39715,1.4001738,1.4029388,1.3641133,1.3797975,1.3966612,1.4068203,1.3948548,1.4110343,1.4164827,1.3703947,1.4270864,1.3803954,1.3930835,1.4108546,1.4125626,1.4174353,1.3892663,1.405011,1.3876369,1.4173071,1.3874804,1.4082134,1.4097035,1.4044547,1.4384112,1.41252,1.4368914,1.4402301,1.4151123,1.4236903,1.3921573,1.4234031,1.3736513,1.4100608,1.4490514,1.3961887,1.4329736,1.4550529,1.4050608,1.3856542,1.4023252,1.4381366,1.407563,1.354499,1.4136949,1.3719404,1.4202067,1.382088,1.4053788,1.4195901,1.4332246,1.4159213,1.3852416,1.3895469,1.4178972,1.382299,1.411502,1.3606355,1.407836,1.418507,1.4136702,1.3929318,1.4002374,1.3877611,1.4089334,1.3665763,1.3831168,1.3941463,1.4054916,1.4372729,1.4050117,1.4055946,1.3735133,1.3972135,1.4107676,1.4023199,1.3902919,1.422003,1.4264148,1.3974407,1.4150947,1.4063048,1.4111112,1.36945,1.4321983,1.423449,1.395322,1.3941741,1.4233902,1.4190412,1.459935,1.4341643,1.4282361,1.403005,1.3991492,1.3916839,1.4171572,1.3986237,1.4057959,1.3647515,1.3791226,1.4284542,1.418577,1.3580059,1.430277,1.3880215,1.4283828,1.4113886,1.4462409,1.394568,1.4246819,1.3573238,1.4159567,1.3644539,1.3758241,1.3900889,1.4467683,1.4141726,1.363783,1.3947337,1.3801987,1.4125495,1.400893,1.4140794,1.398368,1.4269022,1.4011229,1.4247717,1.4155997,1.4304316,1.4007057,1.3873013,1.4347305,1.4080563,1.4233238,1.3572199,1.4063715,1.3814055,1.3953408,1.3771255,1.4021592,1.4141744,1.3991311,1.4241025,1.4062011,1.4170264,1.4190117,1.3932443,1.4161359,1.410352,1.4480942,1.3753872,1.3925686,1.4023203,1.3953327,1.3773636,1.372976,1.4364634,1.4028283,1.3824763,1.3860698,1.3907485,1.4084364,1.420454,1.4222233,1.4150552,1.3745817,1.3908502,1.4023813,1.4003261,1.4238589,1.3866801,1.3926263,1.3803513,1.4277184,1.371206,1.4022725,1.4415762,1.4089035,1.3944659,1.40813,1.3886967,1.4457164,1.3925358,1.4009036,1.4025918,1.3976691,1.4312508,1.3697617,1.4106307,1.3884835,1.4039576,1.4153483,1.434728,1.4020551,1.4219083,1.3913683,1.4321938,1.3499601,1.3548898,1.4014021,1.4211619,1.4254664,1.4184283,1.4335705,1.3668991,1.3245524,1.4075632,1.3626568,1.4375116,1.3614131,1.3762863,1.419575,1.4277799,1.404808,1.3779128,1.3661718,1.4308228,1.4192054,1.3700802,1.4125345,1.4333167,1.4678148,1.3744783,1.4371886,1.3911753,1.3973502,1.4152586,1.3971776,1.3964318,1.4091867,1.4107939,1.3932514,1.3967873,1.3886789,1.4164374,1.4247041,1.3965304,1.3687371,1.3857108,1.3777786,1.407629,1.4082997,1.4182389,1.4026742,1.3716253,1.4188081,1.4251941,1.3906195,1.437053,1.344498,1.4424407,1.4022329,1.383383,1.4182445,1.4018261,1.426111,1.3893249,1.3926419,1.3515918,1.4033386,1.3908935,1.3736795,1.3829814,1.4079932,1.4084909,1.3675601,1.3679025,1.3842027,1.3740054,1.3897588,1.3874936,1.3993678,1.383395,1.3704753,1.3816526,1.4357039,1.4456241,1.3954335,1.3631566,1.4440659,1.3665862,1.393716,1.4254502,1.3923969,1.4264755,1.4208301,1.3792602,1.4143149,1.3890641,1.4066015,1.3737996,1.3815311,1.4118973,1.4372572,1.4398371,1.441739,1.4312134,1.400811,1.3865772,1.361865,1.4144207,1.3987031,1.4044402,1.3877648,1.3773139,1.4385246,1.4059764,1.4077665,1.447956,1.403642,1.3553698,1.4003333,1.3567537,1.3966243,1.3885573,1.3937731,1.3697896,1.4278314,1.367418,1.3918493,1.412851,1.4046835,1.4010377,1.4249367,1.3449447,1.3927052,1.3737068,1.4293623,1.3748649,1.423198,1.4344481,1.3478204,1.4301825,1.4145747,1.4402366,1.3800721,1.4010082,1.4087456,1.4042792,1.3974068,1.3863493,1.3986498,1.3668064,1.3732712,1.3988204,1.3853981,1.3973979,1.3856201,1.3940142,1.3747611,1.3843384,1.4293253,1.4450102,1.3848119,1.4363565,1.3911572,1.4335166,1.3966309,1.422826,1.3881117,1.3836362,1.4228235,1.4242376,1.355085,1.3748941,1.416847,1.4337167,1.3535903,1.4228153,1.4023521,1.3731619,1.4200406,1.3587922,1.4230099,1.3944209,1.4360301,1.3973851,1.3945045,1.375107,1.4099315,1.3973365,1.3803539,1.4148802,1.418757,1.4034121,1.4337106,1.3625093,1.3752899,1.3967252,1.4142296,1.4244357,1.39519,1.3981161,1.4055045,1.3788444,1.3908604,1.3759886,1.4073331,1.4556843,1.4144717,1.3811375,1.3955009,1.4159155,1.4415524,1.3876845,1.3915193,1.3943907,1.41095,1.3890584,1.441436,1.375764,1.3514609,1.4102976,1.4287661,1.3951707,1.3870562,1.3631346,1.4226557,1.397558,1.3970098,1.3768234,1.419135,1.420574,1.3730503,1.4101641,1.3960012,1.3677795,1.3962616,1.4268802,1.3602737,1.4625158,1.434567,1.390925,1.4151604,1.4161954,1.3874838,1.3830965,1.4268924,1.4364197,1.4010828,1.4306414,1.4259105,1.4111415,1.4234769,1.4482563,1.3846849,1.396967,1.3988098,1.3729284,1.4276016,1.3753064,1.3828679,1.4444735,1.4262357,1.411654,1.4139373,1.3618786,1.3937114,1.3464658,1.410192,1.3946435,1.4306364,1.3885581,1.4554026,1.3491908,1.3892362,1.404469,1.4121534,1.3930464,1.4181073,1.4441798,1.3653998,1.3420656,1.3697608,1.4187653,1.3868814,1.4204717,1.4113151,1.4064306,1.428064,1.389789,1.362504,1.374351,1.4238385,1.4199258,1.3814626,1.4149699,1.4286335,1.4152824,1.4011288,1.4280888,1.4145348,1.4007292,1.4285152,1.4431416,1.4156247,1.4184989,1.418205,1.3932061,1.4239153,1.4083233,1.4225464,1.374159,1.3558717,1.3750985,1.4547565,1.4132497,1.3982495,1.4122858,1.3889482,1.3670205,1.4276578,1.4107112,1.4065748,1.4060464,1.3629856,1.3483342,1.4254832,1.4279803,1.4329107,1.395431,1.4196315,1.3978473,1.4357579,1.382113,1.4276824,1.3959562,1.4102333,1.4129895,1.3914043,1.4160354,1.380424,1.3932204,1.411968,1.4160473,1.384233,1.407715,1.4174427,1.4219556,1.3934069,1.410049,1.4219267,1.4028279,1.4285973,1.4095573,1.439047,1.4077193,1.4054443,1.4248126,1.3790188,1.4110454,1.3960867,1.4115171,1.4031736,1.4250135,1.4060214,1.3728958,1.4078583,1.3840208,1.3632878,1.4350344,1.3888801,1.4552641,1.4020611,1.3935564,1.4206594,1.4199735,1.3823079,1.3960941,1.4186519,1.4335027,1.4482198,1.402834,1.4102023,1.3973074,1.3377542,1.4307373,1.3959157,1.404296,1.4073735,1.4039483,1.3650677,1.4061612,1.4292747,1.4240834,1.4279028,1.4070755,1.389205,1.4002043,1.4341309,1.3991288,1.3914044,1.4106588,1.3731881,1.416794,1.3651787,1.3868605,1.423985,1.377013,1.4349321,1.3798734,1.3863568,1.355108,1.3977325,1.4170102,1.4178464,1.4400976,1.3914047,1.4244363,1.4436713,1.41765,1.4072334,1.4106734,1.4147624,1.4085121,1.4435737,1.4754407,1.4393556,1.4406985,1.4119599,1.3735558,1.3866754,1.3858061,1.4081464,1.3922694,1.4118967,1.4480948,1.4277866,1.3863565,1.3874435,1.4081992,1.4164395,1.4190854,1.4170942,1.3723325,1.4027053,1.3616904,1.3889487,1.4124538,1.4300532,1.4087582,1.4381572,1.394025,1.3634592,1.4291978,1.380518,1.4092921,1.4146614,1.4137895,1.4283905,1.3928368,1.4192361,1.390038,1.4205434,1.3892068,1.3989431,1.4068884,1.435028,1.3892798,1.4375995,1.4146059,1.4077613,1.4006509,1.3951148,1.3660345,1.3906304,1.4094173,1.4096049,1.3660718,1.3856727,1.4268283,1.3837515,1.4009118,1.4395946,1.421858,1.4226934,1.402539,1.4084342,1.4011859,1.4319098,1.3805269,1.3517563,1.3923975,1.389459,1.414423,1.4513671,1.4054868,1.3922628,1.4126369,1.3996146,1.4031174,1.4026153,1.3695818,1.3962461,1.4110584,1.4323914,1.3592505,1.3922302,1.4003359,1.3902006,1.4010189,1.4275894,1.4087335,1.402775,1.4389368,1.3989733,1.4277586,1.4141617,1.4145306,1.3960983,1.386681,1.4228029,1.4117965,1.4152433,1.4219751,1.3999853,1.4158472,1.4472419,1.4195255,1.3938856,1.3924426,1.4278018,1.3570187,1.3816941,1.3665411,1.4316334,1.4026612,1.4055278,1.3803595,1.4134856,1.3893564,1.3772218,1.377872,1.4205406,1.3851613,1.3986781,1.3538322,1.3805531,1.426332,1.4118901,1.4453249,1.4071865,1.4246581,1.4295746,1.3958541,1.3839645,1.4072148,1.3688393,1.3819251,1.38975,1.3973533,1.3789562,1.4395123,1.4305513,1.4077471,1.3799345,1.370831,1.3796785,1.3946081,1.3916945,1.3926255,1.4011462,1.413209,1.414115,1.3712965,1.3718574,1.4203235,1.4019517,1.368214,1.4100057,1.4040468,1.4006557,1.4613578,1.4422123,1.3704011,1.3769065,1.3940688,1.4124357,1.390399,1.4070901,1.4089507,1.4248445,1.3969837,1.4250363,1.3793176,1.40682,1.4073563,1.408801,1.4194964,1.4349773,1.4247017,1.3984137,1.4192767,1.4559697,1.4199412,1.4230623,1.416763,1.3654078,1.4085995,1.427592,1.3967406,1.3916465,1.4148861,1.403567,1.3889518,1.3950126,1.3935057,1.3854975,1.4301901,1.4338505,1.3976189,1.4066556,1.3833476,1.3731015,1.4064294,1.394553,1.4054797,1.3916953,1.4194882,1.3639272,1.418215,1.4112206,1.4126998,1.4036027,1.388486,1.4409083,1.3631799,1.4171184,1.4585583,1.3399774,1.3917061,1.4244742,1.3737696,1.4078295,1.418636,1.3942684,1.3925666,1.3925664,1.4281893,1.404858,1.3804917,1.397908,1.3704056,1.442326,1.3754454,1.4117421,1.3985324,1.4299095,1.4160333,1.4253103,1.4441689,1.4272199,1.422526,1.4649233,1.4133271,1.4116548,1.4053024,1.4208574,1.4018528,1.3914922,1.3941611,1.3800857,1.4353614,1.3985271,1.3749942,1.375107,1.3843635,1.4126596,1.3735671,1.389997,1.4314806,1.3654017,1.403384,1.391121,1.4227583,1.4362025,1.3977209,1.4398177,1.4409016,1.4176964,1.4225184,1.3940132,1.4189821,1.4157345,1.3974403,1.3827581,1.384045,1.4211105,1.3731833,1.429832,1.3464887,1.4274092,1.4108514,1.3886437,1.4423628,1.3881797,1.3712097,1.4020689,1.400594,1.4239368,1.4007332,1.4099699,1.3695681,1.3663837,1.4078438,1.395087,1.3663337,1.3264593,1.3844209,1.4111134,1.3892946,1.4043308,1.3797586,1.3909173,1.3691779,1.3907309,1.4132383,1.4182767,1.4253039,1.3701241,1.3793306,1.3782794,1.4101954,1.3614345,1.4134569,1.4269913,1.3818874,1.373854,1.4244807,1.3962569,1.3994012,1.4163363,1.3904208,1.4536625,1.4178324,1.4008462,1.4114671,1.3745999,1.4311992,1.3700893,1.4197521,1.3688382,1.3710974,1.3716692,1.3909531,1.3877221,1.3535714,1.4092124,1.4209076,1.3783721,1.3877431,1.4022349,1.3680302,1.4217147,1.4041777,1.3715585,1.398922,1.3850993,1.3537173,1.4485605,1.4005872,1.4172857,1.4172093,1.356602,1.4212582,1.3880427,1.3694243,1.4048401,1.4098468,1.3989153,1.3392028,1.4363471,1.3788188,1.4014717,1.4440935,1.3663913,1.4140683
1.4999855,1.540854,1.455899,1.5295861,1.4818841,1.4906887,1.529032,1.4969947,1.4945391,1.4834851,1.4944128,1.4382838,1.4636879,1.494649,1.4893531,1.454161,1.5065925,1.4691002,1.4598907,1.4997234,1.4905833,1.4762733,1.5030781,1.4638951,1.4586886,1.4721876,1.5084558,1.5025324,1.4800037,1.5118449,1.480477,1.4774404,1.4760447,1.5085613,1.4852393,1.4739262,1.4764905,1.5184611,1.4581231,1.5019728,1.4637172,1.499167,1.4899257,1.5142671,1.4906087,1.4955442,1.5100803,1.4735711,1.5180823,1.5242326,1.5207385,1.5183184,1.4619359,1.4760298,1.4965026,1.5375817,1.508741,1.5082682,1.4711194,1.469728,1.5048277,1.470551,1.4973153,1.4871366,1.4418721,1.493667,1.4546201,1.4857785,1.5258847,1.486583,1.4486868,1.5038711,1.4649065,1.4806899,1.5283817,1.4920105,1.511285,1.48164,1.5131067,1.450143,1.5262849,1.5267255,1.5030483,1.496459,1.5106541,1.4746356,1.4901158,1.4675322,1.4612442,1.445343,1.4657366,1.5229998,1.498508,1.5012158,1.4780086,1.514334,1.5070412,1.4904866,1.5164584,1.5066276,1.4962797,1.4738439,1.5005401,1.470643,1.4721988,1.4941448,1.4963881,1.5462512,1.469561,1.5094466,1.5179484,1.4560336,1.5204645,1.4689237,1.54412,1.4785258,1.4834421,1.5291967,1.5187097,1.5167019,1.4993997,1.484976,1.4623998,1.489357,1.507658,1.4846696,1.4738252,1.4772757,1.5158972,1.5287093,1.4680896,1.4836512,1.4691427,1.4880843,1.5162544,1.4830229,1.477548,1.4721985,1.5356029,1.5255219,1.4569969,1.4580181,1.4636958,1.5311961,1.4898275,1.4674374,1.4922538,1.4962124,1.4943243,1.4972107,1.5266151,1.5153209,1.452672,1.5275433,1.5191991,1.4807326,1.5081416,1.4188285,1.4873958,1.4593215,1.4797593,1.4572147,1.4631742,1.4820021,1.4878007,1.5117031,1.4930222,1.5134656,1.5246966,1.4873977,1.5147191,1.5030457,1.5185459,1.5047276,1.4781835,1.4960123,1.501996,1.4801515,1.516387,1.5317411,1.4883474,1.4649134,1.4967515,1.4665715,1.4720694,1.5175209,1.4915854,1.4435333,1.4788418,1.4942029,1.5275478,1.4898455,1.5165726,1.4898002,1.4797708,1.4805988,1.5555476,1.465156,1.5020608,1.5158333,1.4998407,1.4970644,1.4967637,1.4973063,1.5622941,1.4727088,1.520182,1.5220314,1.5249922,1.495458,1.4633282,1.506843,1.5176018,1.4805499,1.5137775,1.477368,1.4878772,1.4928507,1.4744216,1.5208352,1.4240804,1.4838659,1.5190258,1.5260891,1.5042025,1.4901285,1.5018759,1.4815943,1.4624056,1.4962776,1.4877774,1.5279197,1.4414692,1.4490695,1.5366962,1.5070941,1.4696717,1.4579601,1.4886492,1.486795,1.5045791,1.5041955,1.5177425,1.4802562,1.5252175,1.4415345,1.5166147,1.4500515,1.5124222,1.5110183,1.5107619,1.461071,1.5034449,1.5014006,1.488884,1.4688153,1.4612932,1.4901352,1.5276387,1.4892733,1.4869756,1.456569,1.4742619,1.4898925,1.4868798,1.4743662,1.4871728,1.4574237,1.4840696,1.5304282,1.4536091,1.4851819,1.4423593,1.4934092,1.4696218,1.4660498,1.4745651,1.4441725,1.4745011,1.4941051,1.505251,1.4597116,1.505445,1.500853,1.4770995,1.4900576,1.5047995,1.5095848,1.4723272,1.4717746,1.4754708,1.4624327,1.475452,1.4428258,1.4929485,1.4526017,1.4852207,1.4742427,1.5126449,1.5331753,1.4905386,1.4935552,1.4686933,1.4903126,1.4831989,1.4645053,1.4853166,1.4835252,1.4993638,1.4734055,1.4928436,1.4555863,1.5097418,1.4794953,1.4483668,1.4771693,1.4706948,1.5083196,1.5156242,1.514061,1.4403301,1.5132587,1.4875221,1.4651259,1.4587102,1.4606273,1.4903331,1.4208536,1.5109702,1.5169977,1.4758642,1.5530024,1.472997,1.4436785,1.5139315,1.4440181,1.4705383,1.5122615,1.4594978,1.4729412,1.4656025,1.4684371,1.4805462,1.4820411,1.5105621,1.4882194,1.4916977,1.5022749,1.4914457,1.4825402,1.4627312,1.4665897,1.5284687,1.5092778,1.4599575,1.54493,1.4810131,1.5218701,1.4822112,1.5034921,1.4934708,1.4843414,1.4962233,1.4700624,1.4913219,1.4548987,1.4606149,1.4523958,1.5263909,1.4779322,1.4925386,1.4982462,1.4722973,1.5036488,1.5143487,1.5299752,1.4361686,1.5004283,1.4990226,1.5065616,1.4604388,1.4758866,1.4579947,1.4782221,1.4964204,1.518671,1.4979023,1.4740734,1.512154,1.4915155,1.4738418,1.4889407,1.4993637,1.4194962,1.4700831,1.4527639,1.4552094,1.4708124,1.4666989,1.5053523,1.4780519,1.4614469,1.5007135,1.5336033,1.4397081,1.4969102,1.5314392,1.4902338,1.5007175,1.4813681,1.4642892,1.487044,1.4864743,1.5150383,1.5359013,1.4486517,1.5222373,1.4759505,1.4460591,1.4805131,1.4894255,1.5228232,1.4851518,1.4454296,1.4789636,1.4948106,1.5090747,1.4804562,1.4794962,1.4456555,1.5121557,1.4805453,1.5296793,1.4536412,1.4951276,1.4966888,1.4972789,1.4979178,1.5007671,1.4961159,1.5263612,1.4821519,1.4738684,1.4910647,1.514519,1.5171728,1.4903722,1.4935977,1.4792861,1.5003257,1.4902061,1.5263674,1.450572,1.5200247,1.5001007,1.454788,1.4534699,1.5059099,1.4712863,1.4906224,1.4914478,1.5007633,1.4612355,1.5578015,1.5308187,1.5131266,1.5106331,1.5220491,1.4866657,1.495454,1.5049404,1.4797726,1.4936821,1.4967579,1.4708663,1.4801272,1.5064517,1.4897965,1.4738537,1.4678127,1.4997491,1.438307,1.5149142,1.4852533,1.4830533,1.492399,1.5004354,1.4474078,1.4913751,1.502946,1.4697235,1.4381658,1.50606,1.5066783,1.4994497,1.4527605,1.4803616,1.5147357,1.4881846,1.5470282,1.4942603,1.4736118,1.5207149,1.4938775,1.4659525,1.5303414,1.4825714,1.4938589,1.5039805,1.5125704,1.4933065,1.4924607,1.5139765,1.5018443,1.4334648,1.4513656,1.5475553,1.5338435,1.4867831,1.4698503,1.5243257,1.5239099,1.5094931,1.5063192,1.45737,1.467821,1.470419,1.4860073,1.4777828,1.5084153,1.4915414,1.5115272,1.4707389,1.4990737,1.5230503,1.4841701,1.5248804,1.4697884,1.5077115,1.4515071,1.485079,1.4632576,1.4718434,1.5123814,1.4993917,1.461729,1.5125191,1.4850131,1.5075219,1.4761896,1.441645,1.5116575,1.5213906,1.5243658,1.4840416,1.4708886,1.4709797,1.5055948,1.5081654,1.5061543,1.4998288,1.5272399,1.467644,1.4971057,1.5157254,1.5056461,1.5134227,1.5044584,1.5234866,1.5113606,1.4854307,1.5011749,1.4782825,1.51049,1.5049955,1.4879922,1.46328,1.5246041,1.4883865,1.4584287,1.4757059,1.4720048,1.4796923,1.5000566,1.457882,1.50034,1.5307469,1.4397068,1.466961,1.5048681,1.4588275,1.5071152,1.4904033,1.5159991,1.4903287,1.4735241,1.4824315,1.5027634,1.4517064,1.4822118,1.4581836,1.5039997,1.4737837,1.4876517,1.4663284,1.4904091,1.4797525,1.4910635,1.5184493,1.4748818,1.486408,1.5012507,1.5383662,1.4416536,1.4682105,1.4969459,1.4781489,1.4951851,1.4365824,1.4778018,1.4663259,1.4464052,1.518358,1.473161,1.4959862,1.4254509,1.4866477,1.4823744,1.499929,1.5088844,1.490324,1.5444201,1.5138553,1.5168055,1.420239,1.4964254,1.4861424,1.5431651,1.5132414,1.4964719,1.5211688,1.4843929,1.4882199,1.502408,1.5397875,1.4965324,1.4956075,1.4550531,1.5085598,1.5450366,1.512135,1.4850668,1.4576018,1.4954019,1.5194055,1.5176704,1.4904616,1.4718492,1.5108151,1.468149,1.4999238,1.4732388,1.4913701,1.4620109,1.5026547,1.4792532,1.4734912,1.498482,1.4833909,1.5032969,1.5217175,1.4650688,1.5445207,1.4570061,1.4858589,1.4847124,1.4491833,1.5011708,1.5034559,1.4744266,1.5189494,1.5122851,1.5316604,1.5219749,1.5048139,1.4835196,1.5054796,1.4691496,1.4445885,1.4783628,1.4879686,1.4636025,1.4943147,1.4698325,1.4712031,1.4688663,1.4961474,1.496656,1.5094874,1.4751041,1.4957134,1.4991132,1.5239245,1.4774303,1.481935,1.485341,1.4779799,1.4921367,1.5053574,1.4815048,1.4511954,1.5153697,1.5029274,1.5294452,1.4597512,1.4783113,1.4932164,1.4847995,1.4677236,1.4455894,1.4735808,1.4774488,1.4597025,1.473823,1.4737545,1.4987702,1.5212662,1.5295985,1.4613665,1.4910035,1.4674975,1.537105,1.4789622,1.4772063,1.4770749,1.4758317,1.5109514,1.4925247,1.4986558,1.4788092,1.4964122,1.5286759,1.5063639,1.4703827,1.4908298,1.490691,1.4887977,1.5025808,1.5015187,1.4771537,1.5295372,1.5040888,1.4851544,1.4419639,1.4902024,1.4763932,1.5180542,1.4904256,1.4286379,1.4596971,1.4425682,1.4817517,1.5172741,1.5307624,1.5120459,1.4956824,1.4884987,1.5056893,1.4608096,1.4474217,1.4406785,1.4941361,1.5143051,1.493574,1.4425576,1.5155416,1.4982802,1.4743857,1.4797062,1.4951391,1.4707292,1.4590296,1.4912643,1.4460158,1.5056062,1.477683,1.5137775,1.4411515,1.4444946,1.4604411,1.5065187,1.4719236,1.5064892,1.4740766,1.4737493,1.5376122,1.499395,1.4674205,1.5078685,1.4933866,1.5132525,1.5051686,1.4853646,1.506794,1.5062277,1.4849101,1.4681774,1.5199254,1.4788005,1.4902838,1.493814,1.4748881,1.4960828,1.5203614,1.4733577,1.4831795,1.5274893,1.5187777,1.5029364,1.4980553,1.481733,1.4867666,1.4844974,1.4673996,1.4947742,1.4759787,1.4890709,1.5052011,1.5049448,1.4658028,1.4550483,1.5087565,1.509297,1.5228877,1.4746184,1.462866,1.4592923,1.4475574,1.4710139,1.5311381,1.4709176,1.515156,1.4747497,1.4830948,1.5380852,1.5345068,1.5008453,1.48888,1.5135314,1.4808769,1.4642669,1.5533994,1.4824111,1.5105367,1.4980459,1.47069,1.460507,1.4953588,1.5153779,1.478952,1.4684577,1.5349121,1.4809552,1.4822247,1.5425459,1.4813432,1.5282981,1.4884896,1.4694107,1.4728626,1.5307533,1.4873723,1.4890679,1.4943247,1.5109173,1.504564,1.5155363,1.4800363,1.5084869,1.5145929,1.5175493,1.4923369,1.4799716,1.4743304,1.5053767,1.5138428,1.4938405,1.5077674,1.4770634,1.4759244,1.5289496,1.4455694,1.477597,1.4908303,1.5091001,1.4597834,1.4580032,1.492812,1.5017875,1.4965765,1.471966,1.5303214,1.4705375,1.461293,1.4967756,1.4811637,1.446704,1.517658,1.4887798,1.4575926,1.4994001,1.4632438,1.4978303,1.434377,1.4878694,1.4706414,1.449948,1.533731,1.5100863,1.437522,1.5428,1.4475992,1.4823023,1.4847051,1.5083451,1.4918693,1.4486547,1.5233967,1.513875,1.4211144,1.4317186,1.4777864,1.5048385,1.4327931,1.4757304,1.49457,1.4662267,1.4472294,1.4636989,1.5054463,1.4917063,1.49631,1.4819193,1.4503465,1.4933563,1.4952928,1.4720343,1.4764055,1.4906865,1.4650573,1.467813,1.4914703,1.4893806,1.4947225,1.523744,1.444303,1.524922,1.5153046,1.5244472,1.52482,1.4839246,1.4943686,1.4696891,1.4780686,1.4863837,1.498188,1.47969,1.436234,1.5158265,1.4677781,1.5141352,1.4975785,1.4684191,1.4875036,1.5198891,1.480987,1.4723347,1.5210798,1.476762,1.4693576,1.4998641,1.496639,1.514171,1.455495,1.4959689,1.5102203,1.4297571,1.5234817,1.4646894,1.5126736,1.5009252,1.4850354,1.4937062,1.4937209,1.515771,1.4709494,1.4690981,1.5024307,1.4643118,1.5118291
0.5319382,0.5082949,0.559279,0.53355277,0.536486,0.5296101,0.5316013,0.53863734,0.5216509,0.5487195,0.5834488,0.5831088,0.5280717,0.5267636,0.5394072,0.53173596,0.5357954,0.5298067,0.5481004,0.518715,0.5702931,0.51983124,0.568681,0.5659104,0.5411054,0.5481649,0.5396159,0.53342426,0.5404794,0.54583573,0.5589031,0.5520502,0.49176437,0.5205003,0.5463945,0.52072537,0.5411533,0.56947935,0.540802,0.57080686,0.5355495,0.51999104,0.5460824,0.5390053,0.5621602,0.571301,0.5214001,0.5269208,0.5737815,0.55259556,0.55649996,0.54246163,0.563279,0.53494513,0.5367519,0.54981685,0.511611,0.54331243,0.506484,0.49162087,0.56838,0.52038574,0.5536034,0.5422775,0.53337777,0.56192267,0.5432891,0.5125829,0.53906786,0.5881913,0.5067008,0.517667,0.5208009,0.56762147,0.54761577,0.56778044,0.5645346,0.552606,0.5592513,0.5259198,0.5829594,0.5196403,0.5443202,0.5506337,0.54178226,0.5384124,0.5428506,0.5520808,0.55264693,0.4970826,0.546531,0.55648977,0.5345178,0.5455,0.5317882,0.5814961,0.5594586,0.52209973,0.53842413,0.563857,0.5456374,0.52435887,0.5478393,0.53178316,0.55482286,0.5561625,0.53011984,0.5453862,0.49857634,0.5043206,0.53194547,0.51132405,0.5442436,0.5685767,0.5142059,0.52818197,0.5586691,0.5465539,0.56294036,0.54428566,0.55073285,0.52976424,0.5140956,0.53202575,0.51770186,0.52606213,0.5560365,0.54383135,0.5371347,0.5373382,0.5608362,0.5465543,0.5756458,0.5255803,0.56507385,0.57762206,0.53835535,0.50643915,0.5603832,0.5473577,0.506249,0.52793866,0.5561073,0.5402112,0.53308564,0.5500937,0.51327443,0.5005263,0.5482258,0.5699105,0.5308214,0.5256643,0.53143775,0.5782049,0.49548867,0.5194705,0.5230914,0.5582781,0.527052,0.56903094,0.54151803,0.5478023,0.52249235,0.5415839,0.5536863,0.55551106,0.5630045,0.5455957,0.5848214,0.52623224,0.51497877,0.5604952,0.5304597,0.53187174,0.54037654,0.5327463,0.5587407,0.5602406,0.54008216,0.5172903,0.5170546,0.53093797,0.52620304,0.51558876,0.5241773,0.560849,0.50814176,0.5654102,0.54897505,0.5337289,0.53196394,0.55452305,0.5791143,0.5511224,0.53395504,0.52688503,0.5446804,0.5527703,0.497545,0.525732,0.53803384,0.5823339,0.610235,0.5359909,0.57266605,0.5497179,0.53810537,0.5475046,0.5520117,0.5282412,0.5412369,0.5358093,0.53063464,0.53333306,0.5602307,0.50269794,0.5479584,0.5440189,0.5618643,0.5266651,0.5204615,0.5714034,0.5339372,0.5043892,0.56004953,0.45231768,0.5187755,0.55564165,0.5705369,0.52797556,0.5249562,0.53782606,0.54339445,0.5407789,0.5095339,0.5299766,0.54964554,0.54850507,0.57591206,0.5793154,0.5752882,0.57029194,0.53221846,0.5139514,0.54933494,0.5619081,0.5578073,0.5322502,0.57380855,0.51338273,0.55436134,0.52108145,0.52582026,0.51553583,0.51627344,0.559826,0.55882806,0.53215796,0.5238761,0.5083745,0.5195262,0.5288926,0.51137793,0.5180466,0.538129,0.52880085,0.53614277,0.533509,0.56199807,0.5124242,0.5551189,0.51625544,0.5506534,0.541243,0.5311011,0.55708456,0.54185003,0.52203053,0.49479416,0.5502226,0.5514168,0.50024563,0.5673339,0.54966277,0.5554965,0.5277046,0.5598294,0.5663042,0.53355795,0.5439773,0.54007846,0.5188851,0.5413236,0.53523153,0.5303336,0.5070862,0.5568808,0.55854875,0.5347625,0.52741575,0.5414469,0.55849326,0.5379537,0.5456923,0.47795665,0.5431711,0.5330923,0.53102195,0.5259004,0.51107895,0.54965353,0.5481649,0.57493585,0.5283898,0.5346246,0.52167606,0.576886,0.5217104,0.5453404,0.55083925,0.5376874,0.54466176,0.55802953,0.5345981,0.5460468,0.5637915,0.552455,0.5055832,0.53438133,0.54146343,0.5688468,0.55984277,0.5750572,0.5328829,0.5488455,0.53395027,0.514005,0.5496397,0.49508625,0.52057713,0.5371364,0.56804377,0.5395839,0.5468991,0.5355705,0.5367516,0.5097972,0.57922786,0.5135061,0.5300388,0.5099213,0.54531056,0.53326166,0.5532849,0.5694125,0.52488256,0.5328876,0.5093486,0.57357776,0.5595792,0.50172126,0.5672692,0.521859,0.53647536,0.5280826,0.52458715,0.5137007,0.5355697,0.5399413,0.55068207,0.5864251,0.53142595,0.5540357,0.53317416,0.52234495,0.50635064,0.5083354,0.58274955,0.513495,0.5227542,0.5128473,0.59885526,0.5195768,0.51205796,0.5149364,0.5527637,0.56241834,0.57251596,0.5687863,0.5105321,0.56227684,0.5130898,0.53947,0.5198295,0.5566195,0.51969033,0.5141253,0.5160573,0.5402866,0.55030733,0.5392894,0.57487553,0.5231234,0.5514845,0.55043656,0.56742936,0.58180815,0.51126224,0.5316094,0.53186816,0.5513172,0.513836,0.51943296,0.5307683,0.5866562,0.532325,0.5396582,0.5335092,0.53678465,0.5289082,0.54971653,0.554672,0.5660039,0.5229261,0.51702994,0.5621906,0.54057163,0.54123425,0.52398765,0.5367973,0.5708801,0.57992053,0.525232,0.50957155,0.5298382,0.5517127,0.4981029,0.53084034,0.5198784,0.530875,0.5200396,0.5370454,0.5067171,0.5695088,0.5635801,0.56825113,0.56765544,0.5437694,0.5882647,0.5253175,0.58265805,0.5596458,0.54796576,0.5364543,0.49134505,0.5295279,0.53849375,0.520576,0.5248897,0.56492776,0.5355971,0.53637564,0.5455892,0.56899345,0.56226873,0.5671111,0.51295954,0.5236387,0.54519504,0.56833553,0.5671852,0.5610695,0.5285806,0.55422306,0.5376961,0.5066759,0.56679416,0.54704356,0.5431854,0.5374835,0.5670457,0.529875,0.5537745,0.5402123,0.51624984,0.50674576,0.5202294,0.55194324,0.5434308,0.57003546,0.51925564,0.4809391,0.5029773,0.5130391,0.51936615,0.5118654,0.53792447,0.5517187,0.52108467,0.53590494,0.5436879,0.56632763,0.55702996,0.5418173,0.5515347,0.5636863,0.53561294,0.53583276,0.52985734,0.53928375,0.5710947,0.5421809,0.5728982,0.5396568,0.5370663,0.53647375,0.51593536,0.5739158,0.52159876,0.51030195,0.54080695,0.5166865,0.5185127,0.51127917,0.55521995,0.521741,0.55561435,0.5736908,0.5694594,0.5807935,0.52444196,0.5631238,0.5088544,0.54989827,0.5582782,0.53419644,0.5626639,0.5338081,0.5364721,0.5120803,0.50785756,0.5170526,0.5239159,0.513295,0.550141,0.51980144,0.5073326,0.5683145,0.5207342,0.5164873,0.5099769,0.5457343,0.5498798,0.51060104,0.50437725,0.54538226,0.5349106,0.58311194,0.53574413,0.55107594,0.52960503,0.56628263,0.55327576,0.54298604,0.5144248,0.521035,0.580282,0.5697419,0.5837685,0.50284207,0.52987397,0.5442838,0.566233,0.54684645,0.54860985,0.5754314,0.5868834,0.5391522,0.5568394,0.547551,0.5385344,0.5284761,0.53507054,0.5611853,0.53115344,0.5629683,0.6169611,0.52147794,0.5330139,0.5668339,0.51872456,0.49875847,0.511448,0.56388104,0.54443485,0.53358495,0.56157607,0.5205752,0.518707,0.57545555,0.5011617,0.53302526,0.5029932,0.5240979,0.5491853,0.54816484,0.5449334,0.51481503,0.5226941,0.5292384,0.5448065,0.5479452,0.53835845,0.5425653,0.5155839,0.5201536,0.560875,0.566816,0.511556,0.55314267,0.52323836,0.49340016,0.50037485,0.5786947,0.5478716,0.5296492,0.5515536,0.52874255,0.5413071,0.51999855,0.5085711,0.5798968,0.558798,0.5327477,0.5073714,0.5282859,0.5476822,0.54197884,0.54102683,0.52373004,0.5467643,0.5346343,0.5378073,0.5583176,0.55095315,0.50943035,0.55039245,0.5268304,0.5364358,0.5374931,0.55068314,0.5771268,0.49495697,0.5263603,0.53216416,0.5517367,0.53981096,0.51033115,0.5240686,0.5484268,0.52143526,0.52699983,0.51192755,0.5596051,0.5350323,0.5182248,0.5284685,0.53375876,0.57912004,0.53999233,0.5498735,0.52386385,0.5264439,0.54667264,0.5415799,0.5830768,0.5216508,0.531068,0.5422246,0.53058386,0.5402427,0.5461143,0.49711508,0.523527,0.58604056,0.56570256,0.50445133,0.5535506,0.56019676,0.5649186,0.52775383,0.5082022,0.51508737,0.5496936,0.509467,0.53733623,0.5231243,0.540545,0.5208486,0.5453073,0.57960063,0.51459354,0.55093986,0.5673907,0.5630491,0.5344442,0.5045253,0.53858185,0.5473044,0.5752136,0.49507964,0.58931875,0.5163217,0.50497365,0.5806802,0.5861443,0.54183614,0.5377615,0.540093,0.5313171,0.5103602,0.51533645,0.56522816,0.5581063,0.5383778,0.5310973,0.5246161,0.5263362,0.53440565,0.5364522,0.539471,0.5391093,0.52457106,0.5341997,0.5400411,0.586545,0.59088314,0.5311755,0.526224,0.55950785,0.5332533,0.55514127,0.55026466,0.5733238,0.5525567,0.53459585,0.54402363,0.54084814,0.54868126,0.54497355,0.5047214,0.5461472,0.5538903,0.5419811,0.5065216,0.5626075,0.5126389,0.5337902,0.5243964,0.5186498,0.53427154,0.53347635,0.516791,0.56864625,0.55147773,0.5539983,0.5722585,0.538906,0.51563096,0.5441971,0.51115763,0.5420385,0.53885955,0.5330446,0.53191984,0.5437946,0.54335845,0.5206574,0.49108368,0.5573882,0.5459245,0.53233534,0.53461283,0.5313131,0.52278733,0.5268001,0.5273834,0.5766876,0.48871297,0.506979,0.53333074,0.5540998,0.53614354,0.5149834,0.53175926,0.55578864,0.52454793,0.52886283,0.55342436,0.5730197,0.5462954,0.53936636,0.55730873,0.56932455,0.5288777,0.5488575,0.5485629,0.521013,0.50477463,0.55059177,0.54280317,0.5480266,0.5254674,0.55780095,0.5296334,0.5723604,0.5874605,0.52886677,0.5686443,0.5318944,0.53300285,0.5276744,0.50740445,0.5589631,0.5724591,0.5653647,0.5104144,0.51471305,0.53185064,0.5573242,0.5112696,0.5461429,0.51481044,0.5759046,0.5295473,0.5424198,0.57902676,0.53822464,0.53571403,0.5144973,0.545899,0.5389666,0.5548187,0.5493864,0.550663,0.5517325,0.54377633,0.5276155,0.5419131,0.5280858,0.539469,0.5649598,0.5531572,0.5323125,0.52063084,0.51427376,0.49861917,0.52854246,0.55918705,0.552273,0.52984166,0.55781054,0.5675734,0.49386674,0.5494733,0.5236773,0.5367791,0.536998,0.5749967,0.5590137,0.5000284,0.5430502,0.5458375,0.512123,0.56257457,0.5496286,0.5250212,0.5257217,0.4947124,0.5294882,0.5736146,0.5639425,0.56513894,0.5450733,0.538159,0.5594971,0.5379707,0.56181616,0.52738297,0.5748564,0.5383874,0.531903,0.5567754,0.5271612,0.53662056,0.53894424,0.54795355,0.55695987,0.54735786,0.5716806,0.5150517,0.5616456,0.4929964,0.5260762,0.54205483,0.54647315,0.5506344,0.54835963,0.55785,0.53529257,0.5517162,0.51875216,0.5453576,0.50889266,0.535733,0.5408575,0.4777777,0.5630446,0.555968,0.48132768,0.51114774,0.52289945,0.51355904,0.46840274,0.5238688,0.5464376,0.50018215,0.54386365,0.5439247,0.51958966,0.5244422,0.53804076,0.543122,0.5145609,0.548233,0.5327351,0.52394766,0.5329464,0.54490733,0.5695049,0.57520634,0.52834326,0.5496643,0.5486118,0.5355269,0.54616356,0.52545404,0.50828874,0.53983456,0.5352558,0.52232796,0.56002116,0.52909976,0.52759045,0.51841104,0.5843311,0.55555266,0.5550721,0.5479185,0.52503717,0.5233692,0.5352517,0.5412412,0.53197664,0.52535164,0.5416727,0.5239861,0.55191267,0.50889385,0.5640254,0.53399134,0.51328707,0.5240094,0.5497115,0.52347404,0.5639052,0.5471273,0.5292762,0.54940367,0.5277798,0.5588913,0.53060657,0.5562498,0.56120574,0.5338811,0.5039282,0.5105765,0.52338797,0.5268391,0.54393846,0.512805,0.5693981,0.5411509,0.54536843,0.5267315,0.5295221,0.54128206,0.5347222,0.50091654,0.544382
1.7931232,1.84826,1.8007214,1.836474,1.7891736,1.8118998,1.7996594,1.8007884,1.8046514,1.8060342,1.7986163,1.8106959,1.7964067,1.7931353,1.8234007,1.7776489,1.790578,1.8367407,1.7724966,1.8091493,1.81528,1.7532661,1.7920872,1.8147869,1.7869052,1.802363,1.8230541,1.8401002,1.8209941,1.7939355,1.8085145,1.7885826,1.8150827,1.8267255,1.7866701,1.822312,1.7870337,1.7923559,1.7956253,1.8226587,1.8163655,1.8255224,1.8048202,1.8132799,1.7913238,1.8169034,1.8296598,1.8101811,1.8340365,1.8427637,1.8097837,1.8331417,1.7878784,1.802661,1.8026725,1.8589727,1.8112378,1.7889864,1.8166785,1.808961,1.8232906,1.7763941,1.8189169,1.8343261,1.7906003,1.7721604,1.7959553,1.7894657,1.8067393,1.8008785,1.81398,1.8098851,1.8051625,1.8065966,1.817822,1.8054824,1.863,1.8044053,1.8457404,1.7495451,1.8001251,1.8458437,1.7975179,1.7872733,1.8170727,1.7646016,1.8279734,1.7975146,1.7663285,1.7682928,1.7730393,1.8472412,1.8147472,1.7888709,1.7984111,1.8301154,1.7981842,1.7884192,1.8081691,1.8194611,1.8017966,1.7978866,1.7913502,1.7827677,1.7863019,1.7846812,1.8157523,1.8188448,1.7700931,1.866748,1.8349652,1.7680494,1.8162345,1.80228,1.8537264,1.7834405,1.7720494,1.8220167,1.8141836,1.8314052,1.8096457,1.7716002,1.7973664,1.8012944,1.8448422,1.7981788,1.8085811,1.8177143,1.820335,1.8080957,1.8038797,1.8145692,1.7902215,1.7852939,1.8304832,1.7941805,1.7872915,1.7990264,1.8376131,1.8342825,1.7626632,1.784068,1.7714199,1.8290161,1.7919204,1.7903422,1.8106395,1.8262799,1.8155957,1.8047752,1.8182038,1.8010756,1.7850686,1.8594079,1.8265252,1.7988756,1.8197331,1.7968478,1.7950108,1.7997307,1.8170214,1.7911177,1.7820455,1.788797,1.8152,1.8387134,1.8017099,1.8313687,1.8151714,1.8039132,1.8038564,1.8395054,1.826153,1.7964078,1.8064729,1.8191622,1.8069811,1.8008314,1.8167529,1.8355992,1.7958164,1.7963089,1.8081001,1.8131937,1.7931899,1.8458828,1.8224843,1.7963103,1.7744675,1.7680442,1.8152983,1.8199686,1.8318068,1.8053161,1.8132449,1.7857314,1.8166448,1.7876594,1.7785783,1.8435332,1.8255478,1.7689382,1.8044573,1.8240793,1.7965906,1.8164521,1.8196801,1.8385589,1.8251348,1.8277346,1.7837065,1.8264612,1.7864131,1.7630153,1.822194,1.801253,1.8315433,1.8120837,1.7908101,1.8339213,1.7716963,1.7464157,1.819612,1.8260695,1.8295058,1.778605,1.8316951,1.8070201,1.7705284,1.7793332,1.8345554,1.8216435,1.7770505,1.8018168,1.8333951,1.8160138,1.8298453,1.7632868,1.8103424,1.8127389,1.8130331,1.7991217,1.8217062,1.8135247,1.8386377,1.8018984,1.813408,1.7917045,1.8016554,1.815568,1.8065234,1.7871777,1.8279891,1.79536,1.7988386,1.779904,1.8020736,1.808642,1.8036585,1.7882539,1.8264232,1.7842224,1.7904832,1.808258,1.816799,1.7932444,1.8122295,1.7921679,1.821245,1.8454462,1.7903222,1.8038999,1.7785879,1.8150625,1.8322968,1.7870268,1.8212112,1.7740275,1.8103501,1.80444,1.8124255,1.7990843,1.8046448,1.8046558,1.7601299,1.8082365,1.8220448,1.795408,1.7845256,1.7713861,1.794678,1.7764512,1.7806935,1.7732894,1.8273128,1.7970424,1.7807413,1.7886357,1.7926713,1.8142872,1.8339305,1.7808564,1.815152,1.801629,1.8147807,1.8059518,1.7962602,1.7990826,1.7850984,1.7492534,1.8130541,1.7845026,1.8043897,1.7567805,1.7772802,1.795012,1.8142694,1.8291955,1.8336375,1.8108867,1.7771211,1.8206226,1.7798007,1.7918115,1.8274,1.7953942,1.7917976,1.7612296,1.8072859,1.7845272,1.8193253,1.821296,1.8129715,1.7811557,1.8040473,1.779019,1.7574623,1.7790762,1.7918789,1.7888759,1.7883929,1.7545946,1.7940317,1.793518,1.8035239,1.7962621,1.8051413,1.8155128,1.7803234,1.7790588,1.790291,1.7615967,1.8259134,1.8192058,1.7619951,1.8338025,1.8121004,1.8261143,1.7937467,1.8047625,1.7700108,1.796943,1.8148096,1.8043658,1.7647703,1.7983834,1.7721169,1.7344171,1.8076459,1.8129853,1.7961284,1.7901285,1.8377486,1.8137617,1.8108412,1.8079298,1.8095273,1.7996197,1.7928312,1.8283798,1.7776494,1.814654,1.7756901,1.8055292,1.8111374,1.8104929,1.788713,1.8004067,1.8135307,1.8032538,1.7705104,1.8116688,1.7884182,1.7342409,1.8187382,1.7904209,1.7682234,1.7851764,1.804418,1.7899476,1.8210344,1.7894019,1.7963884,1.8517476,1.7590317,1.8459511,1.8004682,1.7980824,1.8198313,1.8024948,1.7992672,1.825454,1.7800202,1.7967377,1.8114543,1.7684736,1.8171924,1.7797698,1.7619534,1.7825042,1.8210866,1.8424647,1.8332262,1.789443,1.7793685,1.8144866,1.8056443,1.7895539,1.8038003,1.768735,1.8152983,1.7797513,1.8092405,1.7873938,1.7911131,1.7774595,1.8372728,1.8187988,1.822612,1.8127068,1.8151047,1.8120353,1.777406,1.8000476,1.8125303,1.8156177,1.7983361,1.823216,1.8137223,1.8358861,1.8119943,1.8324978,1.7810459,1.8078064,1.8032844,1.7466825,1.7855434,1.8084263,1.7796482,1.8105136,1.7872336,1.8115702,1.8043759,1.8256205,1.8195381,1.8108122,1.7768207,1.8013222,1.7829217,1.8147109,1.8299375,1.8017051,1.8083806,1.8271077,1.7668048,1.8127961,1.810927,1.802506,1.7966042,1.7717979,1.7978003,1.7622861,1.8131292,1.7874879,1.7845274,1.810686,1.8479786,1.7929127,1.7978902,1.7984914,1.8078599,1.7691414,1.8153955,1.8310412,1.7798612,1.7936425,1.7897063,1.8018844,1.7804093,1.787647,1.8227724,1.8122385,1.8063761,1.8014672,1.8199463,1.7973489,1.8131849,1.8050911,1.8007501,1.831394,1.8383455,1.8208933,1.8059838,1.8036342,1.784814,1.7802906,1.8315325,1.8402588,1.7914084,1.814739,1.8431681,1.8130666,1.802461,1.7931076,1.7841779,1.8277555,1.8013424,1.7559364,1.8292519,1.8239074,1.7907499,1.8263364,1.7786939,1.8242689,1.8267579,1.795663,1.8191003,1.8133644,1.794676,1.7427844,1.7959049,1.7935026,1.8188864,1.8093083,1.821485,1.8113722,1.7709578,1.8204242,1.8018376,1.8034959,1.8093485,1.8064182,1.794778,1.8098925,1.7970852,1.8035837,1.8152338,1.8207729,1.8153313,1.797211,1.7873858,1.8437002,1.7613318,1.7810769,1.7854474,1.7902284,1.8122423,1.8267612,1.8542455,1.795291,1.7931387,1.8168502,1.819626,1.8218131,1.8083311,1.8211465,1.7873822,1.8439196,1.7997506,1.7901901,1.7996498,1.7719235,1.8102103,1.8374027,1.7864491,1.8298869,1.8422958,1.7969842,1.8076077,1.8005472,1.7827705,1.8018564,1.8050485,1.8105636,1.8249182,1.7946517,1.8334905,1.8169801,1.7932855,1.8288032,1.8021579,1.8031818,1.7842515,1.8328245,1.7354504,1.7814423,1.8171983,1.813663,1.8382009,1.7839317,1.7604442,1.8220601,1.8200445,1.7819685,1.7988445,1.7871208,1.8067688,1.8250116,1.7888309,1.8057623,1.8352896,1.7631927,1.8203175,1.803494,1.795471,1.7648631,1.8105159,1.790275,1.8025657,1.835493,1.7608958,1.853013,1.8205614,1.8207669,1.7900343,1.8011134,1.8353964,1.8546399,1.8275281,1.8240641,1.8239895,1.8023057,1.8328137,1.7876686,1.7953414,1.7925063,1.8013067,1.7949998,1.8117292,1.8408504,1.8355669,1.7951891,1.8092206,1.8263466,1.8367441,1.8394153,1.80032,1.7894697,1.8212869,1.8038616,1.7927153,1.8039725,1.8346312,1.7756331,1.8222425,1.7958515,1.7849425,1.8255032,1.7996165,1.8008049,1.8258715,1.790326,1.828546,1.781879,1.7796257,1.8097001,1.7903764,1.7637546,1.8255302,1.7840674,1.7992086,1.8088095,1.8260616,1.8392104,1.7999151,1.7682375,1.8352156,1.7616752,1.7924379,1.7959205,1.7766806,1.7798384,1.819837,1.7937907,1.8005428,1.7811058,1.8211796,1.8144436,1.8092276,1.7677821,1.7867134,1.8338891,1.8140435,1.8303554,1.750223,1.8156108,1.800739,1.8028133,1.837603,1.8069658,1.7616355,1.840639,1.8202003,1.8249012,1.7798169,1.7750583,1.7839197,1.8158497,1.8116665,1.7593218,1.7789282,1.7914248,1.7643833,1.8087819,1.7914516,1.8341097,1.8165292,1.8266907,1.7850502,1.8229865,1.8046054,1.8073782,1.812472,1.7852166,1.8187785,1.8163738,1.8016214,1.8146144,1.7960706,1.8114239,1.8090739,1.8190421,1.8042182,1.7782114,1.7987986,1.8271261,1.8032509,1.8066101,1.8187041,1.8074627,1.8258638,1.8032545,1.8128898,1.7780608,1.7866735,1.8062977,1.8446962,1.8208781,1.8145412,1.7825089,1.7912574,1.820425,1.7632599,1.8223937,1.8353373,1.8103583,1.8076686,1.7901489,1.8031801,1.8000268,1.7769138,1.7937038,1.8118029,1.7879606,1.807399,1.8370345,1.8234224,1.7948903,1.7827895,1.7752576,1.7990558,1.792977,1.8026589,1.7537619,1.8276808,1.7863197,1.8195513,1.7967075,1.7775607,1.8106009,1.7967445,1.7915614,1.8244457,1.7786729,1.7829574,1.8607479,1.8251288,1.7872658,1.7953244,1.7929195,1.8055539,1.839174,1.8374238,1.811677,1.8247129,1.8196493,1.8120409,1.7781411,1.8171163,1.8138833,1.8332187,1.7628527,1.7966932,1.8489321,1.8314154,1.8164866,1.8014561,1.8232366,1.7972158,1.8315309,1.7974976,1.8121529,1.8069636,1.8015885,1.7854066,1.7965522,1.7870421,1.8184417,1.828546,1.7854844,1.7797384,1.8083014,1.8028743,1.8240904,1.8085079,1.7436458,1.7875035,1.7940894,1.7873517,1.8177949,1.7955872,1.8300546,1.7793169,1.828045,1.7893262,1.7978085,1.7976334,1.818819,1.8305906,1.8276315,1.8081946,1.8314123,1.7808522,1.8098916,1.8359939,1.8057019,1.7994318,1.8023732,1.8528414,1.8133643,1.7735449,1.8413796,1.788633,1.793758,1.8401527,1.7767648,1.8065279,1.7813879,1.8116932,1.7820585,1.8218102,1.8386368,1.8043997,1.8011794,1.8162376,1.7911795,1.8352957,1.8327135,1.8027245,1.826512,1.8499227,1.7787685,1.7818462,1.7798527,1.8196272,1.8016448,1.8075296,1.8298124,1.8128107,1.801842,1.8323905,1.7775384,1.806099,1.8137441,1.8019028,1.7836545,1.7703071,1.8068695,1.81031,1.8066075,1.8033478,1.832555,1.7928511,1.7735837,1.818344,1.7978516,1.7846979,1.805934,1.794821,1.8183123,1.820441,1.7851238,1.8441764,1.7205565,1.8338304,1.7980726,1.7835009,1.7921767,1.8039933,1.7593414,1.8343599,1.7520599,1.8315197,1.7788718,1.8074228,1.772856,1.8052391,1.8212992,1.817624,1.7676816,1.7851294,1.7983172,1.8292683,1.7752767,1.7995405,1.828785,1.7978432,1.7865016,1.7882279,1.8124502,1.8508028,1.8428282,1.7693815,1.7622362,1.8105233,1.7954668,1.8045743,1.7943329,1.8154664,1.8089812,1.7853746,1.8157796,1.782721,1.8053082,1.7858804,1.78283,1.84121,1.8626492,1.8160619,1.8026694,1.8000841,1.8124921,1.7635736,1.7616873,1.7784415,1.8148258,1.7887466,1.7876416,1.7870132,1.801482,1.7832552,1.815364,1.7752718,1.7851307,1.8140497,1.7872843,1.7982894,1.8197147,1.8453356,1.7796075,1.8089037,1.793942,1.8098993,1.790696,1.8276662,1.8045695,1.7452857,1.837137,1.814264,1.8359606,1.8252789,1.7945964,1.7991241,1.799331,1.8092933,1.7792488,1.79726,1.7981807,1.8048258,1.773184
1.2170292,1.2405465,1.3143847,1.275805,1.2538869,1.2384287,1.2314283,1.2209219,1.2866755,1.2225127,1.259398,1.273708,1.2340192,1.256585,1.2577617,1.2148846,1.2399422,1.2432374,1.2450192,1.2350109,1.2317368,1.26941,1.1894777,1.2609396,1.2381911,1.251606,1.3038763,1.2488602,1.229716,1.2538669,1.2480488,1.2486193,1.3059142,1.2486022,1.2614585,1.2499102,1.2592897,1.2308953,1.2459501,1.2465765,1.2341384,1.2508165,1.2433959,1.2521919,1.2326666,1.2306687,1.2976335,1.2747234,1.267099,1.2471867,1.2572415,1.236002,1.2449696,1.2559079,1.2338938,1.260003,1.2765923,1.2630577,1.2687399,1.2785069,1.2023879,1.2894258,1.2285659,1.2646607,1.2452397,1.2366571,1.2601959,1.2576311,1.2516423,1.2115518,1.2500223,1.247468,1.2637876,1.2484913,1.2458467,1.2740786,1.2780478,1.2298201,1.2756472,1.2346334,1.2243233,1.2683799,1.2558141,1.2461796,1.2472861,1.2657626,1.2482777,1.2539612,1.2273855,1.2472699,1.2339915,1.300145,1.2626355,1.2337171,1.2542009,1.2442479,1.2509474,1.242508,1.2489717,1.2560514,1.2306862,1.2620875,1.2454796,1.2299404,1.274419,1.2565145,1.2823315,1.2163414,1.2491963,1.2810391,1.2600754,1.2751096,1.2792424,1.2579366,1.2701353,1.1792302,1.2454215,1.2461303,1.2198776,1.2389596,1.262048,1.2490988,1.2288238,1.2649434,1.269254,1.2627715,1.2686917,1.2667437,1.2363969,1.2432048,1.2356511,1.2482836,1.2686039,1.233854,1.2425059,1.273794,1.2514474,1.2412548,1.2411377,1.2473671,1.2205597,1.226457,1.2276559,1.2521579,1.2397331,1.3149794,1.2555943,1.2709204,1.2591736,1.221633,1.2860154,1.2205824,1.2761154,1.2128271,1.2636222,1.2427354,1.2522691,1.2520976,1.2706294,1.2372062,1.230929,1.2509086,1.2457461,1.2549224,1.248542,1.260475,1.2390776,1.2665553,1.2251215,1.2576377,1.2327813,1.2101876,1.2799453,1.2551459,1.2355965,1.2246085,1.2929794,1.2294887,1.3212571,1.2431065,1.2584525,1.2710832,1.2450944,1.279323,1.2817285,1.2904686,1.2893627,1.2908837,1.2381792,1.2554905,1.2636205,1.2405891,1.2687411,1.2671113,1.2804035,1.2578819,1.2635822,1.2274125,1.2217646,1.2639571,1.2457875,1.21202,1.26907,1.2976398,1.2466248,1.2962166,1.2339461,1.225188,1.226226,1.247052,1.2470157,1.2496908,1.2110606,1.2246292,1.2553325,1.2054708,1.2541125,1.2628613,1.2353041,1.2663124,1.2398552,1.2095897,1.2269647,1.2974762,1.2216983,1.2315935,1.2833109,1.2579119,1.2168089,1.2177273,1.2400428,1.2713165,1.2447015,1.2158468,1.2767698,1.2595369,1.2472672,1.2450883,1.2441447,1.2833077,1.2881497,1.2389152,1.245402,1.2699252,1.3027706,1.2314519,1.2124283,1.2489586,1.2348511,1.2834891,1.2328216,1.2312003,1.2452489,1.2464405,1.2314167,1.258951,1.2775061,1.1981429,1.2392415,1.233072,1.24809,1.2610214,1.2692542,1.246664,1.2776595,1.2463768,1.2860655,1.2583756,1.2284938,1.269967,1.2668077,1.2357105,1.227302,1.2603132,1.2838445,1.232389,1.2672154,1.2765939,1.2804645,1.246235,1.2381395,1.2132009,1.2519437,1.2773261,1.2519716,1.2321084,1.2489996,1.2453312,1.275867,1.2321482,1.2673376,1.2423337,1.2614964,1.2601715,1.2477647,1.2791582,1.231499,1.2405311,1.2604595,1.2506291,1.2837684,1.2643453,1.2575113,1.2422462,1.290793,1.22813,1.2553989,1.2755651,1.2129973,1.2451767,1.2622716,1.2618179,1.2571403,1.225769,1.2510324,1.2664069,1.2631601,1.2593122,1.2478657,1.255,1.2848753,1.2698148,1.2378113,1.2720506,1.2394446,1.2394176,1.2242143,1.2557495,1.2469655,1.2304401,1.2708778,1.2753779,1.2403731,1.213481,1.2481745,1.2691034,1.2315712,1.2564284,1.2459548,1.2615508,1.2393893,1.2496314,1.1908202,1.2749908,1.2713504,1.2311151,1.2332876,1.2433875,1.2277697,1.2410764,1.2965513,1.2262516,1.2203032,1.258743,1.2379595,1.2186031,1.2461013,1.2652863,1.2380922,1.2628455,1.2665836,1.252483,1.2096741,1.2257737,1.2320008,1.2609465,1.234445,1.2141372,1.2339483,1.2341754,1.2249516,1.2321208,1.2786593,1.2298827,1.2569346,1.2607713,1.2690206,1.2018185,1.2241137,1.2611558,1.2538176,1.2349938,1.2527518,1.261841,1.1951827,1.269935,1.2210041,1.1845642,1.2306819,1.2350733,1.2373693,1.2649095,1.200386,1.2203084,1.246345,1.256225,1.213698,1.2358447,1.2830052,1.2393708,1.2604129,1.2743832,1.2818768,1.2409208,1.262553,1.2559896,1.2303872,1.2947881,1.2203343,1.2574127,1.2550405,1.258762,1.2356989,1.226977,1.2488258,1.2444935,1.2404404,1.2619568,1.2502971,1.253945,1.2573348,1.2957996,1.2519842,1.2238609,1.2229427,1.2829297,1.2573211,1.2763611,1.2568691,1.267468,1.2151843,1.2458972,1.2482955,1.2256801,1.2304045,1.2183316,1.2824496,1.2711316,1.2530746,1.2519659,1.245482,1.2317729,1.2511196,1.2386415,1.2486486,1.2517644,1.2667493,1.2960874,1.2293504,1.2306287,1.2335842,1.2598429,1.2493554,1.2661036,1.2462908,1.2554909,1.2655967,1.2558692,1.2403061,1.2324055,1.2316499,1.2679726,1.2404824,1.2452995,1.2282615,1.2145241,1.2635069,1.2652965,1.2102783,1.2522194,1.2479374,1.2211461,1.2034248,1.2497902,1.197646,1.2539685,1.2247761,1.2785568,1.2327234,1.2421905,1.2359414,1.2371308,1.2381709,1.248656,1.2432481,1.2284822,1.3075871,1.2478927,1.2363954,1.2223463,1.258365,1.2204088,1.2373573,1.2207596,1.2788814,1.2681679,1.2659521,1.259101,1.243302,1.2196909,1.2370121,1.2611958,1.287135,1.2219508,1.2343428,1.3008173,1.2661062,1.2386888,1.2674707,1.2942754,1.280921,1.2609372,1.2021718,1.2190741,1.245929,1.2526834,1.2446806,1.2559527,1.242894,1.2894481,1.2446245,1.2702725,1.2790984,1.2197319,1.2510569,1.2283889,1.2468345,1.219876,1.2692446,1.2582906,1.2190629,1.2533617,1.2056425,1.2198036,1.2409942,1.2671587,1.274045,1.2794162,1.2352338,1.2369465,1.2319238,1.2526838,1.264803,1.251511,1.272828,1.2799746,1.2330058,1.2287153,1.2698687,1.2349343,1.2624578,1.2703309,1.2510263,1.2538782,1.2414405,1.2571635,1.238674,1.2161367,1.2553916,1.2802314,1.2349211,1.2609856,1.2555426,1.2242694,1.2457949,1.2979248,1.2311718,1.2149198,1.251859,1.2230364,1.2340617,1.2424467,1.2186853,1.2279205,1.2340479,1.2764258,1.2218225,1.2825903,1.2632097,1.2638916,1.28173,1.204934,1.2441944,1.259641,1.2582672,1.2239133,1.2853395,1.270265,1.2809618,1.2091188,1.2724218,1.2382488,1.1859407,1.2569597,1.2789605,1.2478014,1.2385634,1.2515197,1.2493443,1.233871,1.2481976,1.2280349,1.2188922,1.2616231,1.2133032,1.2490168,1.2733048,1.2507789,1.2803688,1.2651695,1.245258,1.230207,1.2373809,1.2316444,1.230597,1.2294861,1.2563307,1.2617053,1.2775221,1.2432978,1.2741461,1.2820636,1.2845498,1.2757715,1.2583821,1.2350277,1.2822516,1.2256985,1.248673,1.2612706,1.2158008,1.2803845,1.2385478,1.2259195,1.2703116,1.2605193,1.2893891,1.2631419,1.2350667,1.246273,1.285856,1.2505991,1.2194363,1.2194118,1.2228767,1.2509379,1.2615863,1.2429299,1.2137511,1.2950728,1.2704227,1.2188588,1.2427646,1.292038,1.2159985,1.2697393,1.23687,1.2119237,1.2504314,1.2350324,1.2357714,1.2585691,1.2493391,1.2376491,1.2723769,1.240017,1.2562882,1.2970997,1.202646,1.2432055,1.2400725,1.2404464,1.2907996,1.2250576,1.2442087,1.260662,1.2550672,1.2469094,1.2233815,1.2875656,1.2070051,1.2541236,1.2254325,1.2445469,1.2484943,1.2353765,1.2636849,1.2645068,1.2486587,1.2667897,1.2603886,1.2430866,1.2344391,1.2702348,1.2523204,1.253212,1.2783245,1.2858102,1.227131,1.2133833,1.2641401,1.2360089,1.2765597,1.2267562,1.2255518,1.234069,1.2749791,1.2341135,1.2836239,1.2576938,1.2268251,1.2590058,1.274528,1.2371658,1.2278957,1.2531782,1.2279869,1.2857199,1.2424247,1.2417636,1.2600064,1.2617495,1.234666,1.2493294,1.2517475,1.3007619,1.2468224,1.2299052,1.263129,1.2422404,1.2221649,1.2601566,1.2635245,1.2700728,1.2654288,1.2721535,1.2277421,1.2465016,1.2561302,1.2869421,1.2619572,1.2158077,1.2517713,1.2489233,1.2822187,1.2543211,1.2466131,1.2609398,1.2512015,1.2268662,1.2559842,1.2410026,1.2679918,1.277937,1.2493181,1.2569578,1.2765477,1.2540244,1.3068491,1.2428713,1.2478268,1.2945466,1.2631228,1.2590436,1.2996447,1.2702883,1.2431719,1.2155567,1.2469473,1.2893919,1.214391,1.2375659,1.2256402,1.2305057,1.2256233,1.2491598,1.2679665,1.2273184,1.2257149,1.2566789,1.2157239,1.2674264,1.218967,1.2480189,1.2422072,1.2752665,1.2506828,1.282435,1.2347225,1.2836248,1.1951609,1.2295191,1.2414234,1.2632735,1.2623014,1.2667664,1.2568959,1.2416816,1.2182393,1.2400681,1.2724516,1.2253199,1.2808142,1.2541231,1.2718332,1.2510341,1.2839941,1.2007207,1.2433515,1.192877,1.2405063,1.2503755,1.3087127,1.2776113,1.2788823,1.2693899,1.2512031,1.2389592,1.2330544,1.2556313,1.2553213,1.2448562,1.2759955,1.2814581,1.219814,1.2822211,1.2742363,1.2160408,1.2257946,1.2596369,1.2454519,1.286451,1.2569361,1.2204969,1.2295725,1.2585365,1.253175,1.2341464,1.2262084,1.2415879,1.2594967,1.2732259,1.232894,1.2862607,1.2047852,1.2134932,1.2720293,1.2608236,1.2931175,1.2151151,1.2730544,1.2630568,1.2343912,1.2233148,1.2801023,1.1950495,1.2501518,1.2872975,1.2583909,1.2564611,1.2519478,1.2461903,1.2528517,1.2862993,1.2410704,1.2527255,1.2278706,1.259381,1.2379017,1.3010688,1.2722845,1.2739179,1.2497883,1.2187374,1.2211034,1.2675118,1.2504151,1.2899013,1.242374,1.2481995,1.213283,1.2716488,1.226391,1.2816857,1.2067218,1.2696121,1.2482083,1.2375476,1.2031391,1.2479562,1.2493792,1.2296629,1.2743171,1.2363352,1.2822448,1.228357,1.2660791,1.2185493,1.2498531,1.2570169,1.2749987,1.2384187,1.2382889,1.2496758,1.273255,1.2420264,1.2525805,1.2478509,1.252407,1.2351623,1.2793918,1.234391,1.2495295,1.2269018,1.2694769,1.2362332,1.2231902,1.2485231,1.2422216,1.2646477,1.2464783,1.2225851,1.2568592,1.2823613,1.2635262,1.2685014,1.276549,1.2554469,1.2501667,1.2327443,1.2604817,1.2714509,1.2500958,1.2364228,1.2500948,1.2352601,1.2483331,1.2141736,1.2625816,1.2262716,1.2329862,1.2664332,1.2392659,1.2257556,1.2189709,1.2561288,1.2532715,1.279393,1.2787232,1.288413,1.2278314,1.2105143,1.2304467,1.2564176,1.2193515,1.2253839,1.296167,1.2776241,1.2488158,1.2300451,1.2497275,1.2494968,1.1993922,1.2434324,1.2326965,1.2350316,1.24574,1.2097459,1.2006679,1.2394247,1.2259843,1.2858816,1.2507049,1.2021263,1.2407439,1.2504656,1.244878,1.224346,1.2610478,1.2155085,1.2487816,1.2246295,1.2562766,1.2370639,1.2373182,1.2132729,1.2328643,1.255016,1.2423414,1.2364494,1.243872,1.2551359,1.2638279,1.2350059,1.2290982,1.2519262,1.258001,1.229474,1.2429255,1.264666
1.91939,1.8614358,1.8866125,1.9033844,1.901125,1.9147894,1.9340475,1.8428727,1.9421077,1.8805745,1.888422,1.8789867,1.8978206,1.9558407,1.9000317,1.872863,1.8782517,1.9080863,1.8556736,1.8845316,1.9482785,1.9148118,1.8797723,1.8855346,1.8751596,1.8691489,1.9215238,1.9073044,1.885632,1.9209657,1.8930823,1.8893249,1.9420228,1.870881,1.8457415,1.8985513,1.872199,1.8607883,1.878125,1.9576519,1.8811442,1.9217792,1.9123875,1.9244891,1.914747,1.9020365,1.9036442,1.9203464,1.9014649,1.9382519,1.9076015,1.9253458,1.855505,1.9004639,1.9122834,1.9668415,1.8895863,1.9119147,1.9372627,1.9394096,1.9198928,1.8954171,1.8663493,1.9190927,1.8846099,1.9272952,1.9064612,1.8898809,1.8602887,1.85367,1.8717619,1.9001795,1.8840549,1.9008453,1.9323606,1.9128675,1.9437609,1.9092882,1.9800962,1.8655528,1.8861346,1.9240905,1.8721523,1.954647,1.9061956,1.9351187,1.9377286,1.9075601,1.880154,1.8889085,1.8883488,1.9151949,1.8886701,1.8874865,1.8827516,1.9099848,1.9451766,1.8774711,1.9265641,1.9441422,1.8946414,1.8991926,1.8875101,1.8753436,1.8814094,1.8977486,1.8647186,1.8790671,1.9135785,1.9263941,1.9474404,1.8985201,1.9153445,1.9028661,1.9365913,1.8251374,1.9283894,1.9035063,1.9007163,1.9167936,1.9342055,1.8853838,1.856736,1.8986664,1.9178219,1.8989829,1.9367473,1.8762376,1.8886372,1.9246356,1.9105493,1.9297829,1.9223809,1.9256697,1.9139832,1.9139777,1.9034936,1.8693261,1.8831173,1.9089957,1.8935919,1.9086273,1.8722701,1.8945817,1.9055214,1.8896656,1.9241041,1.9301888,1.9401543,1.90997,1.9609078,1.8974811,1.9158429,1.9122533,1.8921691,1.8929951,1.8770504,1.856439,1.9270437,1.9178512,1.8819029,1.8800985,1.9088507,1.8959801,1.8848481,1.9128965,1.9131044,1.9405032,1.9259574,1.8987218,1.9169971,1.8868228,1.8935907,1.9248626,1.9020371,1.897771,1.8887609,1.8911572,1.9386243,1.9288518,1.9779718,1.8612365,1.905373,1.866327,1.8704203,1.8989753,1.9060378,1.9239911,1.8761408,1.9141238,1.8730366,1.8851895,1.9040873,1.8835945,1.8998988,1.9055325,1.9371613,1.8951602,1.86233,1.945704,1.8935407,1.8843791,1.8365128,1.9203461,1.9335715,1.8873534,1.9130243,1.88439,1.933489,1.9516428,1.9081889,1.9347911,1.8953259,1.9147457,1.9535334,1.8835249,1.893084,1.9205366,1.9226748,1.975587,1.8432634,1.8744903,1.9092698,1.9763334,1.8975366,1.875822,1.9115353,1.9224112,1.8543346,1.8788966,1.9222921,1.9161593,1.8462788,1.9154577,1.9715717,1.8808979,1.881211,1.9489076,1.9037911,1.9578534,1.9189601,1.903503,1.9033648,1.9479465,1.9197009,1.9010929,1.8940628,1.9249352,1.8827143,1.9240834,1.8943609,1.9120568,1.8887502,1.8906811,1.8740591,1.9082232,1.8899442,1.8591195,1.9058951,1.8699253,1.9225959,1.9016343,1.9410646,1.8803122,1.9320806,1.9040343,1.9518088,1.9082493,1.8885604,1.9689479,1.9887792,1.8718579,1.8475134,1.8649989,1.8992234,1.8717961,1.8584667,1.9024857,1.9270529,1.8596151,1.8874927,1.8475047,1.9058503,1.9241626,1.891858,1.9180294,1.8754319,1.8853387,1.9544418,1.8677635,1.891281,1.9107444,1.8827585,1.8963927,1.9082927,1.9313769,1.9097435,1.9070015,1.9165982,1.9469148,1.8882587,1.890667,1.9179262,1.8574382,1.9006848,1.8844826,1.9191146,1.9399295,1.8892616,1.8544056,1.9122107,1.9097306,1.9158275,1.8790191,1.875005,1.9237677,1.8861398,1.9251741,1.9297537,1.9312334,1.9154768,1.9191908,1.9004507,1.9150425,1.8975875,1.8976877,1.9074457,1.9086666,1.9361645,1.9060162,1.9061182,1.9626888,1.9522734,1.8791729,1.8592391,1.8996204,1.9096062,1.9150808,1.8927013,1.8890758,1.8846036,1.8585036,1.8983799,1.9204912,1.903162,1.8948752,1.9267485,1.8834554,1.8989365,1.8511358,1.9133947,1.9096314,1.9329953,1.9284804,1.9098753,1.8810675,1.8910035,1.8880099,1.8422405,1.9127989,1.8885984,1.9403678,1.9231298,1.9161452,1.8289118,1.9234707,1.8824941,1.8705165,1.9171449,1.9196967,1.9126651,1.942559,1.9183234,1.8518128,1.9146535,1.9371268,1.8918208,1.9335234,1.8560898,1.9817243,1.9011785,1.9079361,1.8370175,1.8579085,1.8910965,1.9777361,1.9343716,1.9087094,1.8704313,1.890304,1.8702793,1.9091045,1.852083,1.8532423,1.9527967,1.9100605,1.9062506,1.9517515,1.8905487,1.9188659,1.9003958,1.9203835,1.91805,1.907742,1.915779,1.8852029,1.8910179,1.914977,1.9347813,1.9175637,1.894541,1.8788205,1.9021692,1.8789867,1.8824477,1.8590181,1.9293615,1.8725368,1.8941137,1.9104723,1.9305334,1.9361179,1.9054542,1.9052063,1.9029295,1.8982822,1.9008027,1.9134747,1.887256,1.892437,1.8857965,1.9009376,1.906264,1.8884134,1.85857,1.888625,1.9325333,1.9312519,1.891795,1.8759732,1.9499005,1.9284067,1.8937199,1.8527943,1.9605497,1.9401227,1.9126666,1.95313,1.8759315,1.9178797,1.8927041,1.9060549,1.8925675,1.9075444,1.9219398,1.9040201,1.9517725,1.8849443,1.8468806,1.8595334,1.8903898,1.9231288,1.8836412,1.917566,1.941914,1.9140995,1.9154537,1.8942044,1.8888822,1.9133607,1.918201,1.8755556,1.8361752,1.8884481,1.9038278,1.9268892,1.8956275,1.8790517,1.9439892,1.8796966,1.9253407,1.8966348,1.9264071,1.9243848,1.8925512,1.9036425,1.9342092,1.9072783,1.924631,1.8538692,1.8847564,1.8467487,1.8615242,1.9216058,1.8786829,1.8917592,1.8843257,1.8998506,1.8754282,1.9489347,1.9039608,1.9101555,1.8982354,1.8718152,1.8606836,1.931312,1.9052665,1.8843129,1.8526664,1.8983043,1.9188858,1.9163526,1.8939955,1.8759763,1.8880179,1.9184422,1.9309334,1.8993188,1.870195,1.9535009,1.891424,1.8656479,1.9382079,1.880624,1.8893445,1.8831131,1.8532413,1.8871042,1.8710892,1.9119651,1.8888588,1.9047592,1.8553677,1.8784603,1.9092686,1.9075024,1.8996094,1.9409492,1.9270808,1.8722992,1.9188032,1.9159195,1.8777293,1.9043553,1.9193816,1.9563006,1.9136151,1.9171531,1.9003227,1.8756233,1.9074577,1.9738809,1.8961554,1.884659,1.8976606,1.9024613,1.9014591,1.9098649,1.9024917,1.934478,1.8752347,1.9178994,1.9192867,1.9586201,1.9438447,1.9421126,1.9196696,1.9055625,1.9023314,1.8869858,1.918711,1.8868848,1.8834764,1.9163322,1.8790296,1.9043951,1.8896914,1.8784728,1.865877,1.9591451,1.9279442,1.8714349,1.8810705,1.9125663,1.8671212,1.9070337,1.9667265,1.8812283,1.9247184,1.894448,1.909059,1.8837024,1.8744334,1.9013557,1.8988878,1.8973247,1.9099376,1.9117761,1.9110439,1.9281985,1.865761,1.8862865,1.9263375,1.8835527,1.8684587,1.9034418,2.0012598,1.9121912,1.8936924,1.9357394,1.9035935,1.9278814,1.9205027,1.8840557,1.8713601,1.9662701,1.8883442,1.9084629,1.9148271,1.9115356,1.9449624,1.8823178,1.986916,1.878467,1.9291575,1.888193,1.8716285,1.9034526,1.9095241,1.8792713,1.9430748,1.8940285,1.9290684,1.9194269,1.8922718,1.9231355,1.953688,1.9233397,1.8994131,1.8892254,1.899431,1.9171611,1.8766001,1.8757564,1.9343703,1.9002587,1.8958259,1.8815639,1.92989,1.8988206,1.9584752,1.8863428,1.8828743,1.9127078,1.946765,1.9207965,1.9157203,1.9051276,1.9155154,1.8986285,1.8759907,1.9214212,1.9577233,1.8939289,1.8887479,1.867369,1.9133137,1.8741071,1.8466793,1.9114574,1.9296318,1.8910179,1.9523153,1.8930061,1.9181689,1.8899482,1.8792386,1.9092861,1.8816503,1.8952365,1.8839012,1.8662117,1.952312,1.9232075,1.8634478,1.9133826,1.868762,1.9172813,1.8946437,1.883631,1.879738,1.9148505,1.9360383,1.8776739,1.8926471,1.8855315,1.9111276,1.8411825,1.9068353,1.8680912,1.8826174,1.8944631,1.9058096,1.8852986,1.869333,1.8901362,1.895026,1.8959916,1.9450061,1.9388132,1.9055314,1.882655,1.9129738,1.9145951,1.9237547,1.877756,1.8866634,1.9040526,1.9012623,1.9076694,1.9105581,1.8789612,1.9038615,1.8768646,1.9222676,1.9363573,1.8859669,1.8964821,1.9292206,1.8838928,1.9208298,1.8865306,1.8687215,1.9293106,1.92787,1.9564582,1.9310048,1.9101207,1.9042194,1.8740702,1.9172041,1.8943943,1.9067687,1.895174,1.9232681,1.9023929,1.9094224,1.8844016,1.8448887,1.9017003,1.9143248,1.9425559,1.9000468,1.8671507,1.9010412,1.8895912,1.934261,1.9245934,1.898124,1.8932402,1.8629498,1.8886005,1.9266449,1.914613,1.9066013,1.9308938,1.937279,1.9123528,1.9489161,1.941892,1.8758417,1.9326112,1.8688962,1.892976,1.8498721,1.947341,1.9369016,1.9061024,1.927607,1.917201,1.8850456,1.880204,1.9146082,1.8596298,1.903724,1.9100468,1.8793728,1.9078382,1.8931252,1.9200164,1.8842413,1.8449583,1.9343901,1.9534783,1.8659221,1.9154007,1.9150445,1.8832703,1.8912445,1.8884431,1.9542376,1.884826,1.9603531,1.920581,1.8765254,1.942755,1.8966966,1.8777179,1.940784,1.9298056,1.8737752,1.9033884,1.9369607,1.9018584,1.8830795,1.9461476,1.9181343,1.8918263,1.9010017,1.9232287,1.9032218,1.9243457,1.8948425,1.9362718,1.8739678,1.9297997,1.8934144,1.8702013,1.8884443,1.9587818,1.9196484,1.9332185,1.9065168,1.8990002,1.909481,1.9442834,1.8990623,1.8832145,1.8407065,1.8800387,1.8895057,1.8973463,1.8798958,1.9167007,1.9037303,1.913497,1.9001876,1.8608736,1.9294822,1.8952225,1.8603233,1.9215823,1.885481,1.9094067,1.8997759,1.8692149,1.9309496,1.9553993,1.8851634,1.9136814,1.8376827,1.8963221,1.8937054,1.9176053,1.9450319,1.8755867,1.8944641,1.8782992,1.8790497,1.9654459,1.9571778,1.9078256,1.8936533,1.8723778,1.8836048,1.917938,1.8939215,1.895906,1.8395818,1.9035319,1.9029348,1.8822228,1.8898355,1.9396914,1.8911364,1.930909,1.8983306,1.9429646,1.8535388,1.8876257,1.9549307,1.886799,1.9297339,1.9175107,1.9259057,1.9458053,1.9090775,1.9310195,1.9079489,1.9443309,1.9198396,1.9279548,1.895035,1.8817152,1.9338387,1.875889,1.8898141,1.8794956,1.9019184,1.9059739,1.9349084,1.8818198,1.9324104,1.864547,1.899208,1.9533142,1.8601717,1.9147618,1.9072758,1.8856937,1.9488808,1.888062,1.9092997,1.8494601,1.9344207,1.9014162,1.8940389,1.9399807,1.8763626,1.8830483,1.8799709,1.9373592,1.9041576,1.8516506,1.8468647,1.8818552,1.8723984,1.8996041,1.9101483,1.8797477,1.9051144,1.9425015,1.9264877,1.9251645,1.8573129,1.8966261,1.9048681,1.9247152,1.8793025,1.899002,1.8651059,1.8313102,1.90379,1.9320534,1.8824799,1.9611471,1.9238052,1.9579401,1.9066564,1.9159762,1.9449384,1.9110986,1.8709106,1.9043926,1.8711139,1.8854479,1.9046934,1.882832,1.9242011,1.8526521,1.8639377,1.9212309,1.8609318,1.8959488,1.8982967,1.9110063,1.8714046,1.9091376,1.8870815,1.8819177,1.9121766,1.8789345,1.8489188,1.8692255,1.9117494,1.8759141,1.8917187,1.9213115,1.8730228,1.9396261,1.8857088,1.90119,1.9127798,1.8687934,1.9269378,1.9180107,1.9055004,1.9119445,1.8521585,1.9262363
0.6614307,0.6958284,0.70495284,0.68723375,0.7221396,0.6715178,0.68436784,0.68757707,0.65846246,0.66116226,0.698018,0.6564517,0.62814856,0.635072,0.6769466,0.6665555,0.6738181,0.6608694,0.7251981,0.6631135,0.68328756,0.6825327,0.66654205,0.7037826,0.67875415,0.6840616,0.6827267,0.6689094,0.6527513,0.6436147,0.69496197,0.6773028,0.6274547,0.66667753,0.6530481,0.6803957,0.69048727,0.70073193,0.69355285,0.6713842,0.6629003,0.6404315,0.68855333,0.68877804,0.67528546,0.6754361,0.7004808,0.6699067,0.7320557,0.6675763,0.6666778,0.65213895,0.6828737,0.6641757,0.6881672,0.6552083,0.69105744,0.6829773,0.63624364,0.68031526,0.6814344,0.6514484,0.7043543,0.6960248,0.6592547,0.64578825,0.68873334,0.653844,0.71525353,0.6751227,0.67967784,0.70698416,0.6662573,0.68358874,0.6588026,0.65230006,0.71323055,0.6937664,0.72872597,0.66103685,0.69015676,0.65205526,0.6685337,0.6723765,0.6555662,0.68384147,0.67926484,0.66427237,0.6696947,0.65499806,0.6756927,0.6664128,0.6594552,0.66107285,0.6352931,0.6831849,0.68861043,0.699369,0.66342235,0.6830511,0.6761229,0.6796781,0.6893033,0.65607685,0.6815176,0.67411447,0.70170623,0.66203016,0.65271485,0.63273084,0.6833102,0.6798823,0.69969726,0.6754918,0.67032,0.65608823,0.7010486,0.69065464,0.674181,0.67577314,0.6515794,0.62059736,0.6450334,0.6937303,0.7151259,0.6440057,0.66050273,0.65989226,0.7137713,0.64660245,0.70746475,0.66879046,0.72564775,0.6489564,0.69455236,0.63931674,0.6648668,0.67164594,0.72695845,0.64771503,0.6530032,0.6477653,0.6708372,0.6839755,0.66985685,0.6906129,0.67487967,0.6804799,0.6910981,0.71997416,0.69406444,0.70067334,0.6868887,0.64422184,0.66326827,0.68555295,0.6844194,0.62272304,0.6907249,0.6647277,0.6736764,0.6610798,0.6959086,0.72056705,0.6748348,0.7169022,0.69861853,0.6907893,0.7169677,0.6626841,0.6893938,0.67460597,0.6953157,0.661792,0.67476654,0.6738012,0.70393527,0.6867879,0.6745154,0.67798173,0.64182055,0.65974635,0.6671795,0.6819353,0.6960857,0.7137312,0.65655726,0.6718419,0.72810894,0.6817539,0.68405145,0.69193023,0.6945146,0.6786429,0.6680047,0.66002166,0.68532157,0.6565665,0.6716467,0.66997206,0.67682576,0.71015143,0.7266235,0.6748299,0.6861895,0.6441645,0.68588954,0.68455505,0.6464019,0.65264606,0.7012495,0.64293444,0.69076955,0.6733383,0.6290306,0.64213556,0.6854393,0.69114786,0.67596114,0.6843243,0.6624824,0.6727007,0.6407361,0.64126444,0.6977466,0.6777147,0.6713175,0.65120494,0.6793735,0.6737128,0.6396475,0.6833588,0.671634,0.61293125,0.654349,0.7088758,0.66816753,0.67433083,0.6906753,0.67009556,0.7114223,0.64695007,0.6774156,0.65269834,0.7441018,0.65042126,0.70311,0.656462,0.685763,0.7236512,0.6799209,0.6479269,0.6823968,0.7074478,0.6782554,0.7072884,0.7110179,0.6960484,0.6605218,0.6853371,0.6498889,0.6997471,0.64647335,0.67038333,0.64854276,0.6817652,0.6834016,0.64986295,0.68028647,0.6713997,0.65895736,0.67870456,0.660694,0.7080502,0.6842529,0.65781826,0.7061653,0.6527654,0.67633075,0.6811689,0.6424366,0.6208682,0.69753474,0.6849867,0.6350941,0.66019684,0.66872615,0.6768315,0.615613,0.6655025,0.6940746,0.6307582,0.68910253,0.65503097,0.66871816,0.63117445,0.64120024,0.6771494,0.6948261,0.6895861,0.66145086,0.6857452,0.6587469,0.68084353,0.6125706,0.6611559,0.65850097,0.6534934,0.68675005,0.69155526,0.6760479,0.69287264,0.7150681,0.65174377,0.6537727,0.6474868,0.7060338,0.6764287,0.67559934,0.66849416,0.69373727,0.6918199,0.642779,0.6767414,0.64008313,0.69258916,0.66348994,0.6552593,0.69261557,0.69125366,0.6715745,0.6800671,0.6837435,0.63852006,0.7033713,0.6562171,0.67517555,0.6482988,0.6671978,0.66730237,0.7057304,0.6817416,0.66617864,0.6877428,0.67637277,0.6815276,0.6367083,0.6763452,0.6581686,0.69514656,0.6768313,0.6935559,0.7034715,0.7004936,0.67394954,0.69299906,0.7113608,0.6938932,0.6863049,0.6866073,0.6970811,0.6510814,0.6571032,0.66523314,0.67177385,0.61068285,0.6544174,0.6885467,0.67148167,0.6236451,0.6450268,0.65462565,0.6793373,0.6828711,0.6658879,0.70096356,0.64139855,0.678176,0.67260206,0.6261504,0.67825943,0.6661115,0.67753977,0.6875938,0.6558194,0.6605165,0.64761204,0.6315375,0.72666836,0.70793587,0.6456732,0.68483466,0.6446442,0.65524507,0.67326343,0.63810503,0.68044895,0.6399974,0.7087591,0.6525261,0.6702007,0.6591857,0.6641263,0.6977786,0.63552976,0.69575953,0.69878405,0.66908103,0.64937055,0.64840066,0.6571197,0.68386537,0.65967846,0.66022605,0.6885441,0.65825564,0.6692648,0.6655627,0.62165904,0.6873785,0.67513543,0.6968321,0.6672689,0.66462314,0.67783433,0.6901397,0.6958226,0.6591834,0.6764317,0.6500616,0.66640395,0.6825626,0.67306834,0.635384,0.679673,0.68745923,0.6951661,0.64598644,0.6599798,0.6605072,0.6922885,0.6904715,0.67456996,0.66598237,0.6922852,0.69186914,0.66886103,0.67931765,0.6839318,0.6669505,0.6704372,0.7083556,0.6746646,0.7147152,0.66950345,0.6484422,0.6333696,0.6723941,0.69558257,0.6885902,0.6657693,0.70451427,0.64086914,0.6997211,0.7076156,0.6803276,0.65872824,0.71310985,0.67112875,0.6971491,0.6671031,0.6796685,0.67124504,0.66046697,0.6855663,0.68489563,0.7103668,0.67554134,0.6419204,0.69740486,0.6912672,0.6470339,0.68145955,0.6322767,0.69334,0.67350924,0.68107694,0.63169193,0.6744021,0.7094019,0.6913283,0.6585209,0.67696273,0.66718024,0.6484015,0.6584465,0.69769543,0.65471965,0.63629484,0.6612704,0.69266945,0.66963345,0.6620413,0.66008073,0.64937186,0.68183815,0.70222545,0.6911077,0.7223042,0.6917451,0.6795882,0.6810852,0.71923697,0.66503334,0.68052906,0.6422082,0.7156664,0.6975359,0.7078026,0.6769246,0.6664999,0.72707504,0.68580645,0.67350656,0.6804108,0.68738323,0.68594015,0.664404,0.7006713,0.6786036,0.6556481,0.65353435,0.65117306,0.6818578,0.6936012,0.6540475,0.68441015,0.6652507,0.66182387,0.646862,0.67677236,0.6699791,0.6861194,0.6852322,0.66517764,0.67023253,0.6826963,0.65781766,0.693625,0.67379594,0.6710175,0.63372916,0.664627,0.67957103,0.66440713,0.6363572,0.675275,0.6816598,0.69025683,0.6859374,0.6778787,0.6882681,0.64422035,0.68556076,0.6842644,0.6764027,0.7158934,0.66684484,0.69038355,0.6933933,0.66057754,0.6538989,0.68105114,0.68973315,0.6654222,0.6910243,0.7102576,0.7152629,0.71173805,0.6555439,0.6613419,0.67626613,0.67088616,0.6559248,0.67730427,0.7046861,0.7004128,0.6595011,0.67998683,0.6587276,0.66881734,0.6502039,0.7024306,0.6682915,0.6744922,0.6430913,0.6686628,0.6628545,0.6411387,0.68188924,0.6919836,0.70083636,0.6874565,0.6866059,0.6453948,0.66445196,0.66662544,0.6679392,0.6859553,0.6837632,0.6717343,0.67571676,0.67633104,0.6623981,0.6503197,0.6490663,0.6777595,0.6780541,0.67237157,0.6831165,0.6928745,0.6208058,0.69127214,0.65313256,0.66780156,0.6450862,0.7000707,0.6544497,0.6819862,0.6677361,0.6220254,0.6969074,0.68276775,0.67754996,0.6563666,0.68113047,0.6939001,0.7093577,0.66742456,0.69426644,0.69289905,0.6908724,0.69120586,0.6845569,0.7231912,0.668742,0.6898992,0.647896,0.6590106,0.66914755,0.651046,0.66153806,0.6659317,0.6994055,0.6576308,0.6845866,0.67277306,0.6295754,0.6753276,0.65107304,0.6496883,0.69815904,0.67642623,0.66023076,0.70513785,0.6965778,0.67404526,0.6571183,0.6415967,0.6703287,0.6664432,0.6351141,0.70097107,0.634374,0.66511023,0.65208095,0.6786831,0.68338937,0.6802078,0.6888577,0.6749817,0.69664025,0.6466642,0.67488116,0.71526873,0.6825919,0.7058368,0.68901503,0.68221205,0.6768152,0.6672271,0.62149847,0.65212834,0.67075163,0.6868368,0.67228055,0.656133,0.7094302,0.65575385,0.69623834,0.7033761,0.6580278,0.7220686,0.65265095,0.6571484,0.67560434,0.68367606,0.7013358,0.6904879,0.6910493,0.6622148,0.7020568,0.6743942,0.6938019,0.685808,0.7137117,0.6420235,0.6776019,0.6925165,0.652768,0.66322154,0.6694416,0.6581162,0.68514895,0.66242176,0.7052558,0.68518674,0.68935996,0.6518238,0.7118433,0.686374,0.694042,0.68078446,0.6351443,0.6717805,0.73963207,0.6939689,0.66785604,0.706588,0.716498,0.6804336,0.6632293,0.64897764,0.6535052,0.6574007,0.6490443,0.6906888,0.6958796,0.67964333,0.67999226,0.6423424,0.67419446,0.6800369,0.66592175,0.6940997,0.72779053,0.68547404,0.65281135,0.6545682,0.6450989,0.6724818,0.6771774,0.7340087,0.70586455,0.6946637,0.679383,0.6833472,0.6720461,0.656821,0.6555003,0.6545918,0.67528903,0.6922873,0.6801911,0.6740288,0.68137974,0.6970997,0.64186454,0.6421777,0.6860763,0.6402594,0.6879717,0.6725249,0.677866,0.68329924,0.6866545,0.71106505,0.6903373,0.6646496,0.6595622,0.71101445,0.66544443,0.677978,0.64164823,0.66574764,0.72632325,0.6969688,0.6754073,0.6997186,0.7011343,0.67642444,0.6645952,0.659839,0.66266793,0.6575326,0.6688808,0.68590575,0.69555247,0.66262364,0.61970896,0.7423388,0.6664795,0.687087,0.69836915,0.7076249,0.6886586,0.6535585,0.6771862,0.69743574,0.6926588,0.66824037,0.67716587,0.667824,0.6778436,0.66242826,0.6560009,0.6649933,0.6633659,0.6750069,0.6491558,0.6494652,0.7104702,0.7065255,0.6884123,0.69449294,0.67091346,0.677687,0.6986545,0.6810184,0.69458646,0.6442193,0.6259516,0.7010418,0.67821616,0.68546623,0.6833889,0.66843176,0.6862006,0.705198,0.6484846,0.6756315,0.705498,0.6423767,0.6588768,0.67757946,0.67107344,0.66522837,0.62026125,0.6742712,0.65638924,0.6785136,0.7206201,0.7048015,0.65736157,0.6653725,0.67291474,0.7074405,0.64034975,0.6651697,0.6414871,0.69131017,0.73868585,0.6718452,0.690752,0.64169925,0.6622325,0.7137802,0.6602895,0.6768552,0.6780364,0.68922126,0.70653874,0.70598435,0.69667375,0.6880847,0.67237973,0.67792,0.6956886,0.6519624,0.68475217,0.65005577,0.6312611,0.68616736,0.6799472,0.6594033,0.634025,0.6574161,0.67657924,0.6801497,0.6413888,0.6536323,0.71530926,0.6691527,0.6851877,0.66555023,0.6554408,0.6915159,0.68963677,0.681095,0.65856004,0.68134314,0.67336124,0.6638149,0.6555078,0.6903645,0.6735909,0.66612715,0.71108294,0.6868529,0.6591334,0.67993355,0.6842168,0.69985175,0.6650368,0.69845307,0.6721921,0.6778569,0.7047491,0.6900284,0.67728543,0.6692176,0.6560247,0.715948,0.6441499,0.667661,0.6856288,0.6211343,0.6415442,0.6711148,0.702655,0.6761117,0.69482195,0.6552033,0.6601634,0.67637205,0.70015955,0.65119314,0.69201463,0.7087013,0.64739335,0.6956393,0.69059926,0.66606176,0.67936665,0.67296857,0.6694689,0.6790274,0.6808198,0.6950371,0.7247139,0.6790925,0.68233943,0.6659668,0.6976477,0.67563426,0.701911,0.660955,0.67426175,0.67712665,0.669049,0.69221157,0.70466053,0.6844271,0.65290886,0.7069141,0.6768032,0.6744331,0.7026638,0.67017967,0.6344416,0.70285594,0.65995467,0.7078625,0.66944844,0.67123604,0.66014385,0.62878305,0.6602259,0.67399156,0.63364184,0.68361694,0.6977023,0.66984326,0.6683739,0.6831049,0.66745865,0.66129005,0.67825174,0.6331822,0.69489783
